0 0 0 0 0
1 0 0 0 0
2 0 0 0 0
3 0 0 0 0
4 0 0 0 0
5 0 1 1 0
6 0 0 0 0
7 0 0 0 0
8 0 0 0 0
9 0 0 3 0
10 0 0 0 0
11 0 0 0 0
12 0 0 0 2
13 0 0 0 1
14 0 0 0 0
15 0 0 0 0
16 1 0 0 2
17 0 0 0 0
18 0 0 0 0
19 0 0 0 0
20 0 0 0 0
21 0 0 1 0
22 0 0 0 0
23 0 0 0 0
24 0 0 0 0
25 0 0 0 0
26 1 0 0 0
27 0 0 0 0
28 0 0 0 1
29 1 0 0 0
30 0 0 0 0
31 0 0 0 0
32 0 0 0 0
33 0 0 0 0
34 0 0 0 0
35 0 0 1 0
36 0 0 0 0
37 0 0 0 0
38 1 1 0 0
39 1 0 0 0
40 0 0 0 0
41 1 0 0 0
42 0 0 0 2
43 0 0 0 0
44 1 1 0 0
45 0 0 0 0
46 1 0 0 0
47 0 1 0 0
48 1 0 0 1
49 0 1 0 0
50 0 1 0 0
51 0 0 0 0
52 1 0 0 0
53 0 0 0 1
54 0 0 0 2
55 0 1 0 0
56 0 0 0 0
57 0 1 0 0
58 0 0 0 0
59 0 0 0 0
60 0 0 0 0
61 0 1 0 0
62 0 0 0 1
63 0 0 0 0
64 0 0 0 1
65 0 0 0 1
66 1 0 0 0
67 0 0 0 0
68 1 0 0 0
69 0 0 0 0
70 2 0 0 0
71 0 0 0 0
72 1 0 0 0
73 0 0 1 0
74 0 0 0 0
75 0 1 2 0
76 2 0 0 0
77 0 1 0 0
78 0 0 0 0
79 0 0 0 2
80 2 0 0 1
81 0 1 1 0
82 1 0 0 1
83 0 0 0 0
84 1 0 0 1
85 2 1 1 2
86 0 0 0 0
87 1 1 0 0
88 0 0 0 0
89 2 0 0 2
90 0 0 1 0
91 0 0 0 1
92 0 0 0 0
93 0 1 0 0
94 0 0 1 0
95 0 0 0 0
96 0 1 0 0
97 1 0 0 2
98 1 1 1 1
99 0 0 0 0
100 1 0 0 1
101 1 0 0 0
102 3 0 1 2
103 2 0 0 0
104 4 0 0 0
105 0 1 0 0
106 0 0 0 0
107 0 2 0 0
108 3 1 0 0
109 1 2 2 1
110 2 1 0 0
111 1 1 1 1
112 3 1 0 1
113 2 0 1 2
114 2 0 0 2
115 0 1 0 3
116 4 0 1 2
117 1 1 3 1
118 2 1 1 0
119 2 2 1 1
120 3 0 0 0
121 3 4 1 2
122 1 1 1 1
123 3 1 0 4
124 1 1 0 2
125 2 2 0 6
126 2 2 1 1
127 1 2 0 0
128 7 3 1 1
129 5 0 0 3
130 1 1 2 3
131 2 1 0 1
132 2 0 0 2
133 4 3 0 1
134 2 3 2 3
135 2 2 0 3
136 1 0 2 0
137 2 3 1 3
138 2 2 2 4
139 2 0 1 3
140 5 1 1 1
141 2 1 0 3
142 4 2 2 2
143 7 1 0 3
144 5 2 0 4
145 5 3 0 3
146 6 3 0 1
147 3 4 0 1
148 6 3 3 1
149 2 0 4 3
150 5 3 0 3
151 4 1 1 2
152 6 2 2 6
153 5 3 4 2
154 5 1 4 6
155 3 1 6 2
156 4 2 0 5
157 6 3 3 4
158 3 3 2 4
159 4 4 2 7
160 7 2 0 4
161 7 0 3 6
162 4 4 2 4
163 6 3 1 6
164 7 5 0 4
165 3 3 2 5
166 6 5 3 7
167 11 2 1 3
168 6 5 2 2
169 8 3 5 3
170 7 5 0 6
171 8 2 1 5
172 6 3 1 10
173 8 8 1 9
174 10 2 2 3
175 5 4 2 2
176 8 7 3 5
177 7 3 3 7
178 2 7 3 5
179 11 7 1 3
180 6 1 6 11
181 11 3 2 1
182 9 2 3 10
183 9 5 3 7
184 10 3 5 6
185 5 7 3 7
186 11 6 5 8
187 14 3 1 7
188 9 6 6 7
189 11 4 4 8
190 11 4 2 12
191 8 4 5 8
192 10 6 3 11
193 15 9 1 9
194 9 2 8 3
195 9 10 4 10
196 8 4 4 9
197 10 2 4 8
198 14 9 6 9
199 10 6 3 11
200 9 6 6 10
201 10 8 3 8
202 9 4 5 14
203 13 10 4 11
204 10 2 6 10
205 10 8 0 11
206 17 7 8 7
207 10 7 3 12
208 17 5 5 12
209 8 5 5 10
210 12 4 2 15
211 10 7 6 7
212 7 6 7 9
213 10 9 3 13
214 9 7 4 7
215 7 7 6 10
216 8 7 4 9
217 8 10 5 10
218 9 9 0 13
219 7 6 3 12
220 7 5 3 12
221 8 5 0 17
222 4 5 3 9
223 3 8 1 10
224 4 7 1 10
225 8 8 2 11
226 10 5 3 8
227 4 4 2 9
228 4 3 1 6
229 5 3 2 9
230 7 3 3 9
231 6 5 1 7
232 1 2 3 7
233 6 1 6 6
234 2 5 3 6
235 6 2 5 7
236 3 3 1 3
237 5 0 1 6
238 6 3 3 5
239 6 5 2 8
240 5 5 2 5
241 5 1 0 4
242 5 2 3 9
243 4 2 0 2
244 1 4 2 5
245 2 0 5 1
246 3 3 2 10
247 2 2 5 5
248 2 3 1 4
249 1 1 1 3
250 2 3 2 3
251 2 1 1 6
252 1 2 0 7
253 2 1 1 3
254 0 1 0 7
255 1 3 0 3
256 1 1 1 2
257 0 2 0 3
258 0 2 1 0
259 0 1 0 1
260 0 1 0 2
261 0 0 0 1
262 0 1 0 4
263 1 0 0 1
264 1 0 0 2
265 1 0 1 2
266 0 0 0 1
267 0 0 0 1
268 0 0 0 0
269 1 0 1 1
270 3 0 0 0
271 0 0 0 0
272 0 0 1 0
273 2 0 0 0
274 0 1 1 0
275 1 0 0 0
276 0 0 0 2
277 2 0 0 0
278 0 1 0 2
279 1 1 2 0
280 0 1 0 0
281 0 0 0 0
282 0 2 0 1
283 0 0 0 0
284 1 1 0 2
285 0 0 0 0
286 0 1 0 4
287 1 0 0 0
288 0 0 0 0
289 0 0 1 0
290 2 0 0 1
291 0 0 0 1
292 0 1 0 0
293 0 0 0 1
294 1 0 0 0
295 0 1 0 0
296 0 0 0 1
297 1 0 0 0
298 2 0 0 0
299 0 1 0 0
300 0 0 0 1
301 1 0 0 0
302 0 0 0 0
303 0 2 0 1
304 0 0 0 0
305 0 0 0 0
306 0 1 1 0
307 0 0 1 0
308 0 0 0 0
309 1 0 0 0
310 0 0 0 3
311 1 0 0 0
312 0 0 0 0
313 1 0 0 1
314 0 0 0 1
315 2 0 0 0
316 2 0 1 0
317 0 0 0 0
318 0 1 0 0
319 1 0 0 0
320 1 1 0 0
321 0 1 1 0
322 1 1 0 2
323 1 0 0 0
324 0 2 0 0
325 0 1 0 0
326 0 0 0 0
327 0 1 0 1
328 0 0 0 3
329 0 0 0 2
330 0 0 0 0
331 0 0 0 2
332 1 0 1 0
333 0 0 0 0
334 0 0 0 0
335 0 0 0 0
336 0 0 0 0
337 2 0 0 0
338 1 0 0 0
339 0 0 0 1
340 0 0 0 0
341 0 0 1 0
342 0 0 0 0
343 0 1 0 0
344 0 0 0 0
345 0 0 0 0
346 0 1 0 0
347 0 0 1 1
348 0 0 0 1
349 0 0 0 0
350 0 0 0 0
351 0 0 0 1
352 0 0 0 0
353 0 0 0 1
354 0 0 0 0
355 0 0 0 0
356 1 0 0 0
357 0 0 0 0
358 0 0 0 0
359 0 0 0 0
360 0 0 0 0
361 0 0 1 0
362 0 0 0 0
363 0 0 0 0
364 0 0 0 0
365 1 0 0 0
366 0 0 0 0
367 1 0 0 0
368 0 0 0 1
369 0 0 0 0
370 1 1 0 0
371 0 0 0 0
372 0 0 0 0
373 1 0 0 0
374 1 0 0 1
375 0 0 0 0
376 0 1 0 0
377 1 0 0 0
378 0 1 0 0
379 0 1 0 0
380 0 0 0 0
381 0 0 0 0
382 0 0 0 0
383 0 1 1 2
384 0 0 0 0
385 0 0 0 1
386 0 0 0 0
387 0 0 0 0
388 0 0 0 0
389 0 0 0 0
390 0 0 0 2
391 0 0 0 0
392 0 0 0 0
393 0 0 0 0
394 1 0 0 0
395 1 0 0 0
396 1 0 0 0
397 0 0 0 0
398 1 0 0 0
399 2 1 0 0
400 1 0 0 0
401 1 1 0 0
402 3 0 0 0
403 0 0 1 1
404 0 1 1 0
405 0 1 0 0
406 0 0 0 0
407 0 1 0 1
408 0 0 1 2
409 0 0 0 0
410 0 0 1 0
411 1 0 2 1
412 0 0 0 2
413 0 0 0 0
414 1 0 0 1
415 1 0 0 1
416 0 1 0 0
417 2 0 0 1
418 0 0 0 1
419 0 1 0 0
420 1 0 0 1
421 1 0 0 0
422 0 1 1 0
423 2 0 0 1
424 2 0 0 0
425 1 0 0 0
426 0 0 2 0
427 2 0 0 0
428 1 0 0 0
429 0 1 2 2
430 1 0 1 1
431 0 0 0 0
432 4 1 3 0
433 1 0 0 1
434 1 0 0 0
435 0 1 0 0
436 2 0 0 5
437 1 2 0 1
438 2 1 0 0
439 2 0 0 2
440 0 0 0 0
441 2 4 0 2
442 3 0 1 1
443 1 0 1 0
444 1 0 1 0
445 1 0 1 4
446 0 1 0 1
447 4 1 3 1
448 3 0 1 1
449 5 0 0 0
450 2 1 0 0
451 1 1 0 1
452 4 2 1 3
453 0 1 1 1
454 0 0 3 4
455 2 2 0 0
456 3 1 1 2
457 1 1 1 1
458 2 1 2 4
459 3 0 0 2
460 1 3 0 2
461 1 1 4 0
462 1 0 1 2
463 1 0 0 1
464 4 1 0 3
465 1 3 0 5
466 3 1 1 1
467 3 1 0 1
468 1 2 1 3
469 0 1 1 2
470 1 1 0 1
471 5 1 1 2
472 2 1 0 2
473 2 2 0 2
474 4 0 0 0
475 5 1 2 3
476 1 4 1 2
477 2 3 0 2
478 1 1 1 1
479 5 2 1 2
480 8 4 2 4
481 6 0 0 1
482 6 0 0 2
483 6 2 0 2
484 5 4 1 5
485 7 4 0 2
486 3 2 3 2
487 7 2 2 4
488 7 0 4 2
489 5 6 1 1
490 5 5 1 2
491 4 3 1 6
492 5 5 1 6
493 6 3 3 8
494 4 4 3 4
495 4 4 0 6
496 4 4 3 5
497 3 6 3 7
498 6 2 1 5
499 5 2 3 7
500 0 3 2 4
501 5 0 1 3
502 6 4 2 2
503 8 4 1 9
504 7 2 0 7
505 5 2 0 2
506 6 4 3 6
507 2 3 2 5
508 9 4 3 2
509 3 4 2 5
510 13 0 4 7
511 11 2 3 3
512 7 2 2 6
513 8 4 1 7
514 8 1 4 5
515 7 8 1 4
516 6 4 3 3
517 7 4 4 5
518 10 5 1 5
519 7 7 4 8
520 8 7 2 6
521 8 5 3 8
522 11 3 4 8
523 8 7 1 6
524 9 6 2 9
525 6 1 5 5
526 8 6 2 11
527 2 7 6 6
528 5 6 5 9
529 8 7 2 6
530 10 4 1 10
531 9 5 2 11
532 8 3 0 13
533 7 4 4 7
534 7 4 4 9
535 4 4 3 3
536 13 4 1 5
537 7 4 2 7
538 9 8 0 9
539 8 6 4 3
540 8 4 3 6
541 9 8 3 7
542 5 8 1 11
543 9 2 3 7
544 8 4 3 9
545 5 6 2 6
546 10 4 2 10
547 7 10 3 3
548 14 4 4 12
549 6 6 3 11
550 10 3 3 7
551 10 2 3 8
552 6 2 7 7
553 6 4 6 9
554 7 5 1 7
555 9 5 5 8
556 8 5 2 11
557 11 10 3 8
558 9 4 2 4
559 10 8 3 4
560 6 6 0 11
561 7 2 2 13
562 7 4 4 11
563 5 3 3 10
564 10 5 9 7
565 9 2 5 4
566 4 6 3 9
567 7 4 3 7
568 10 4 4 12
569 6 9 2 5
570 5 8 1 7
571 5 3 2 8
572 6 3 4 9
573 8 4 0 10
574 8 6 2 11
575 6 4 1 6
576 6 1 2 7
577 1 8 4 3
578 3 7 2 6
579 5 2 6 7
580 5 4 2 4
581 4 2 1 9
582 0 3 1 6
583 2 2 2 6
584 6 4 1 10
585 3 5 1 8
586 7 2 0 4
587 5 0 0 4
588 3 4 0 4
589 0 4 2 7
590 6 2 1 3
591 6 1 2 2
592 5 1 3 5
593 7 3 0 4
594 3 1 2 2
595 7 5 2 5
596 7 5 2 5
597 2 2 2 3
598 1 1 1 2
599 0 3 1 6
600 5 4 3 4
601 2 3 4 2
602 2 3 3 5
603 2 2 1 6
604 2 1 1 8
605 2 3 3 5
606 1 3 0 5
607 1 0 0 1
608 2 0 1 4
609 2 2 0 5
610 0 1 0 6
611 0 1 2 1
612 1 0 1 3
613 2 1 2 1
614 1 0 3 1
615 1 1 0 2
616 1 0 0 3
617 2 2 0 1
618 0 0 0 5
619 3 1 0 0
620 2 1 0 2
621 0 0 1 1
622 0 3 0 1
623 2 0 0 0
624 0 0 1 1
625 1 1 0 1
626 1 1 0 3
627 0 0 0 1
628 2 2 1 1
629 2 1 0 2
630 2 0 0 0
631 0 0 0 0
632 1 0 1 2
633 0 0 0 1
634 0 2 0 0
635 4 2 0 1
636 3 0 0 1
637 2 2 1 0
638 2 0 1 1
639 1 1 0 2
640 2 0 1 0
641 1 1 0 1
642 0 1 1 2
643 0 1 1 1
644 0 2 2 3
645 1 3 1 1
646 0 0 0 1
647 0 0 0 2
648 0 0 0 1
649 0 0 0 4
650 0 1 0 1
651 0 0 0 3
652 0 0 0 1
653 0 0 0 0
654 0 1 0 1
655 1 0 0 0
656 2 0 0 0
657 0 0 0 0
658 2 0 0 1
659 2 0 0 0
660 1 0 1 0
661 2 1 0 0
662 1 0 0 0
663 2 0 1 0
664 1 0 1 0
665 0 1 1 0
666 0 1 0 1
667 1 1 1 1
668 0 1 3 0
669 1 0 1 2
670 0 0 0 2
671 0 0 0 2
672 0 1 0 1
673 0 0 0 0
674 0 1 0 1
675 0 0 0 3
676 0 0 0 2
677 1 0 0 0
678 0 0 0 1
679 1 0 0 0
680 0 0 0 0
681 0 0 0 0
682 1 0 0 0
683 0 0 0 0
684 0 1 0 0
685 0 0 0 0
686 1 0 1 0
687 0 1 0 0
688 1 0 0 1
689 1 0 0 0
690 1 0 0 0
691 0 1 0 1
692 0 0 0 0
693 1 0 0 1
694 0 0 1 0
695 0 1 0 0
696 0 0 0 0
697 0 1 0 0
698 0 0 0 2
699 0 0 0 1
700 0 0 0 0
701 0 0 0 0
702 0 1 0 0
703 0 0 0 0
704 0 0 0 1
705 0 0 0 0
706 0 0 0 0
707 0 0 0 0
708 0 0 0 0
709 0 0 0 1
710 0 0 0 0
711 0 0 0 0
712 0 0 0 0
713 0 0 0 0
714 0 0 0 0
715 0 0 0 0
716 0 0 0 0
717 0 0 0 0
718 0 0 0 0
719 0 0 0 0
720 0 0 0 0
721 0 0 0 0
722 0 0 0 0
723 0 0 0 0
724 0 0 0 0
725 0 0 0 0
726 0 0 0 0
727 0 0 0 0
