0 0 0 0 0
1 0 0 0 0
2 0 0 0 0
3 0 0 0 0
4 0 0 0 0
5 0 2 2 0
6 0 0 0 0
7 0 0 0 0
8 0 0 0 0
9 0 0 1 2
10 0 0 0 0
11 0 0 0 0
12 0 0 0 2
13 0 0 0 0
14 0 0 0 0
15 0 0 0 0
16 0 0 0 1
17 0 0 0 0
18 0 0 0 0
19 2 0 0 0
20 3 0 0 0
21 2 0 0 0
22 0 0 0 0
23 1 0 0 0
24 2 0 1 0
25 0 2 1 0
26 1 0 0 0
27 1 0 0 0
28 1 1 1 0
29 1 0 0 1
30 1 2 0 0
31 0 0 1 1
32 0 0 0 3
33 2 2 1 0
34 1 1 0 0
35 0 0 1 2
36 1 1 0 0
37 0 0 0 5
38 2 1 1 1
39 0 1 0 0
40 5 0 0 0
41 4 0 0 0
42 1 0 0 1
43 1 0 0 1
44 1 0 0 0
45 3 3 1 2
46 1 2 1 1
47 1 2 2 0
48 2 0 1 0
49 1 0 1 3
50 0 0 3 3
51 2 0 0 3
52 1 0 0 1
53 1 0 1 1
54 1 2 0 4
55 2 1 0 0
56 3 1 0 1
57 2 1 2 0
58 3 1 0 0
59 1 1 1 1
60 2 1 1 2
61 6 1 0 3
62 2 1 0 2
63 5 3 0 1
64 3 2 0 2
65 3 2 1 1
66 4 3 0 2
67 3 0 1 3
68 0 2 2 3
69 2 1 2 1
70 1 4 0 2
71 2 2 1 0
72 0 4 0 3
73 2 1 0 4
74 0 3 0 1
75 1 2 0 5
76 4 2 0 3
77 3 0 0 3
78 1 3 0 2
79 1 1 0 3
80 2 2 0 2
81 2 1 1 2
82 4 3 0 1
83 3 0 1 1
84 3 0 0 2
85 1 2 1 3
86 7 2 1 4
87 5 1 0 2
88 7 2 1 0
89 8 0 2 3
90 1 0 0 3
91 4 5 2 0
92 8 2 2 1
93 3 0 5 1
94 9 4 2 2
95 4 3 1 4
96 5 2 2 4
97 5 3 7 3
98 3 2 1 9
99 5 3 4 4
100 3 3 0 4
101 5 3 2 8
102 4 3 3 3
103 5 3 1 8
104 2 3 1 5
105 2 3 1 4
106 1 4 2 2
107 2 3 2 4
108 3 3 1 5
109 3 1 1 6
110 5 3 0 4
111 6 1 0 7
112 8 1 3 4
113 4 3 0 3
114 9 0 0 3
115 7 1 1 3
116 5 2 1 2
117 6 3 3 2
118 8 4 0 1
119 6 5 3 6
120 9 2 7 4
121 6 3 4 5
122 10 2 2 1
123 3 4 4 4
124 3 4 2 4
125 6 3 3 8
126 6 4 1 6
127 5 7 3 10
128 8 3 1 7
129 8 4 5 5
130 8 5 2 7
131 5 5 4 7
132 4 3 1 4
133 5 3 0 6
134 6 5 3 8
135 8 4 1 6
136 8 0 2 7
137 9 4 3 5
138 12 7 1 9
139 7 2 3 5
140 9 3 3 1
141 6 3 4 9
142 12 5 2 11
143 17 4 6 5
144 13 5 6 4
145 13 6 2 5
146 15 5 1 5
147 12 8 6 9
148 15 7 9 7
149 18 9 4 5
150 12 3 6 8
151 9 7 6 13
152 10 8 3 18
153 11 11 4 6
154 8 15 4 12
155 8 11 5 14
156 17 3 7 18
157 11 7 4 7
158 12 7 6 16
159 16 5 4 17
160 16 8 3 15
161 14 9 5 15
162 20 5 4 12
163 19 8 6 7
164 18 6 5 12
165 13 10 4 10
166 20 12 0 10
167 17 12 4 12
168 21 8 8 12
169 15 9 6 11
170 22 5 6 16
171 16 9 6 12
172 17 7 10 17
173 19 12 7 15
174 23 9 10 17
175 19 10 12 12
176 19 11 4 16
177 14 14 6 16
178 21 11 10 17
179 24 17 9 21
180 17 11 7 13
181 18 14 7 18
182 17 5 6 21
183 26 12 9 22
184 14 9 10 21
185 25 7 7 26
186 28 10 5 20
187 28 11 8 17
188 14 16 14 17
189 26 14 7 11
190 15 11 6 16
191 24 12 11 20
192 22 18 11 18
193 22 6 5 17
194 31 14 15 11
195 38 9 10 35
196 21 14 7 31
197 33 12 6 20
198 24 15 13 23
199 24 17 8 19
200 30 18 15 17
201 19 14 9 24
202 25 16 8 25
203 21 19 9 22
204 24 18 12 33
205 21 19 7 25
206 19 23 7 20
207 10 13 7 28
208 21 14 8 25
209 16 17 11 26
210 14 6 9 30
211 17 12 9 30
212 18 10 4 22
213 16 13 8 29
214 12 12 5 13
215 13 12 9 25
216 6 7 7 18
217 13 12 10 18
218 11 8 8 22
219 9 9 6 19
220 13 8 8 18
221 10 7 4 21
222 14 9 6 17
223 7 5 3 13
224 7 4 5 12
225 11 5 4 14
226 11 6 9 12
227 9 7 7 15
228 11 4 2 8
229 12 5 6 14
230 6 3 4 11
231 8 8 2 16
232 5 4 5 10
233 5 6 3 13
234 3 11 4 8
235 8 7 6 9
236 5 4 5 4
237 9 4 3 8
238 7 3 2 11
239 9 1 0 15
240 3 8 3 12
241 6 5 2 10
242 1 6 2 10
243 4 2 2 2
244 6 5 2 6
245 4 2 1 5
246 6 4 4 7
247 0 4 1 8
248 5 7 0 6
249 6 0 1 4
250 4 3 0 6
251 4 2 2 7
252 5 2 1 3
253 1 3 4 5
254 2 5 3 4
255 3 3 3 7
256 2 0 2 3
257 1 5 3 4
258 3 1 0 4
259 1 1 1 6
260 1 3 0 5
261 3 0 2 9
262 1 0 1 3
263 2 2 1 0
264 0 1 1 5
265 2 0 1 2
266 2 0 2 3
267 1 0 0 2
268 1 1 1 3
269 4 1 0 1
270 1 3 0 3
271 1 0 1 0
272 4 0 0 1
273 3 0 0 3
274 1 0 3 2
275 2 2 1 1
276 0 1 1 0
277 1 1 0 1
278 1 2 1 1
279 0 0 1 2
280 0 0 1 1
281 1 1 2 4
282 0 2 0 1
283 1 0 0 1
284 2 2 0 2
285 1 0 0 4
286 0 0 1 0
287 0 0 1 0
288 0 0 0 3
289 0 1 1 3
290 0 1 0 1
291 0 0 0 1
292 1 1 0 0
293 0 0 0 1
294 0 0 1 1
295 0 0 0 0
296 0 0 0 1
297 0 0 1 0
298 0 0 0 1
299 2 0 0 1
300 0 0 0 0
301 0 0 0 1
302 0 0 0 0
303 0 0 0 0
304 1 1 0 0
305 1 0 0 0
306 0 0 0 0
307 0 0 0 0
308 0 1 0 1
309 0 0 0 0
310 0 0 0 0
311 0 0 0 0
312 0 0 0 1
313 0 1 0 0
314 0 1 0 0
315 0 0 0 0
316 0 0 0 0
317 0 0 0 0
318 0 0 0 0
319 0 0 0 0
320 0 0 0 1
321 0 0 0 1
322 0 0 0 0
323 0 0 0 0
324 0 0 0 0
325 0 0 0 0
326 0 0 0 0
327 0 0 0 0
328 0 0 0 0
329 0 0 0 0
330 0 0 0 0
331 0 0 0 0
332 0 0 0 0
333 0 0 0 0
334 0 0 0 0
335 0 0 0 0
336 0 0 0 0
337 0 0 0 0
338 0 0 0 0
339 0 0 0 0
340 0 0 0 0
341 0 0 0 0
342 0 0 0 0
343 0 0 0 0
344 0 0 0 0
345 0 0 0 0
346 0 0 0 0
347 0 0 0 0
348 0 0 0 0
349 0 0 0 0
350 0 0 0 0
351 0 0 0 0
352 0 0 0 0
353 0 0 0 0
354 0 0 0 0
355 0 0 0 0
356 0 0 0 0
357 0 0 0 0
358 0 0 0 0
359 0 0 0 0
360 0 0 0 0
361 0 0 0 0
362 0 0 0 0
363 0 0 0 0
364 0 0 0 0
365 0 0 0 0
366 0 0 0 0
367 0 0 0 0
368 0 0 0 0
369 0 0 0 0
370 0 0 0 0
371 0 0 0 0
372 0 0 0 0
373 0 0 0 0
374 0 0 0 0
375 0 0 0 0
376 0 0 0 0
377 0 0 0 0
378 0 0 0 0
379 0 0 0 0
380 0 0 0 0
381 0 0 0 0
382 0 0 0 0
383 0 0 0 0
384 0 0 0 0
385 0 0 0 0
386 0 0 0 0
387 0 0 0 0
388 0 0 0 0
389 0 0 0 0
390 0 0 0 0
391 0 0 0 0
392 0 0 0 0
393 0 0 0 0
394 0 0 0 0
395 0 0 0 0
396 0 0 0 0
397 0 0 0 0
398 0 0 0 0
399 0 0 0 0
400 0 0 0 0
401 0 0 0 0
402 0 0 0 0
403 0 0 0 0
404 0 0 0 0
405 0 0 0 0
406 0 0 0 0
407 0 0 0 0
408 0 0 0 0
409 0 0 0 0
410 0 0 0 0
411 0 0 0 0
412 0 0 0 0
413 0 0 0 0
414 0 0 0 0
415 0 0 0 0
416 0 0 0 0
417 0 0 0 0
418 0 0 0 0
419 0 0 0 0
420 0 0 0 0
421 0 0 0 0
422 0 0 0 0
423 0 0 0 0
424 0 0 0 0
425 0 0 0 0
426 0 0 0 0
427 0 0 0 0
428 0 0 0 0
429 0 0 0 0
430 0 0 0 0
431 0 0 0 0
432 0 0 0 0
433 0 0 0 0
434 0 0 0 0
435 0 0 0 0
436 0 0 0 0
437 0 0 0 0
438 0 0 0 0
439 0 0 0 0
440 0 0 0 0
441 0 0 0 0
442 0 0 0 0
443 0 0 0 0
444 0 0 0 0
445 0 0 0 0
446 0 0 0 0
447 0 0 0 0
448 0 0 0 0
449 0 0 0 0
450 0 0 0 0
451 0 0 0 0
452 0 0 0 0
453 0 0 0 0
454 0 0 0 0
455 0 0 0 0
456 0 0 0 0
457 0 0 0 0
458 0 0 0 0
459 0 0 0 0
460 0 0 0 0
461 0 0 0 0
462 0 0 0 0
463 0 0 0 0
464 0 0 0 0
465 0 0 0 0
466 0 0 0 0
467 0 0 0 0
468 0 0 0 0
469 0 0 0 0
470 0 0 0 0
471 0 0 0 0
472 0 0 0 0
473 0 0 0 0
474 0 0 0 0
475 0 0 0 0
476 0 0 0 0
477 0 0 0 0
478 0 0 0 0
479 0 0 0 0
480 0 0 0 0
481 0 0 0 0
482 0 0 0 0
483 0 0 0 0
484 0 0 0 0
485 0 0 0 0
486 0 0 0 0
487 0 0 0 0
488 0 0 0 0
489 0 0 0 0
490 0 0 0 0
491 0 0 0 0
492 0 0 0 0
493 0 0 0 0
494 0 0 0 0
495 0 0 0 0
496 0 0 0 0
497 0 0 0 0
498 0 0 0 0
499 0 0 0 0
500 0 0 0 0
501 0 0 0 0
502 0 0 0 0
503 0 0 0 0
504 0 0 0 0
505 0 0 0 0
506 0 0 0 0
507 0 0 0 0
508 0 0 0 0
509 0 0 0 0
510 0 0 0 0
511 0 0 0 0
512 0 0 0 0
513 0 0 0 0
514 0 0 0 0
515 0 0 0 0
516 0 0 0 0
517 0 0 0 0
518 0 0 0 0
519 0 0 0 0
520 0 0 0 0
521 0 0 0 0
522 0 0 0 0
523 0 0 0 0
524 0 0 0 0
525 0 0 0 0
526 0 0 0 0
527 0 0 0 0
528 0 0 0 0
529 0 0 0 0
530 0 0 0 0
531 0 0 0 0
532 0 0 0 0
533 0 0 0 0
534 0 0 0 0
535 0 0 0 0
536 0 0 0 0
537 0 0 0 0
538 0 0 0 0
539 0 0 0 0
540 0 0 0 0
541 0 0 0 0
542 0 0 0 0
543 0 0 0 0
544 0 0 0 0
545 0 0 0 0
546 0 0 0 0
547 0 0 0 0
548 0 0 0 0
549 0 0 0 0
550 0 0 0 0
551 0 0 0 0
552 0 0 0 0
553 0 0 0 0
554 0 0 0 0
555 0 0 0 0
556 0 0 0 0
557 0 0 0 0
558 0 0 0 0
559 0 0 0 0
560 0 0 0 0
561 0 0 0 0
562 0 0 0 0
563 0 0 0 0
564 0 0 0 0
565 0 0 0 0
566 0 0 0 0
567 0 0 0 0
568 0 0 0 0
569 0 0 0 0
570 0 0 0 0
571 0 0 0 0
572 0 0 0 0
573 0 0 0 0
574 0 0 0 0
575 0 0 0 0
576 0 0 0 0
577 0 0 0 0
578 0 0 0 0
579 0 0 0 0
580 0 0 0 0
581 0 0 0 0
582 0 0 0 0
583 0 0 0 0
584 0 0 0 0
585 0 0 0 0
586 0 0 0 0
587 0 0 0 0
588 0 0 0 0
589 0 0 0 0
590 0 0 0 0
591 0 0 0 0
592 0 0 0 0
593 0 0 0 0
594 0 0 0 0
595 0 0 0 0
596 0 0 0 0
597 0 0 0 0
598 0 0 0 0
599 0 0 0 0
600 0 0 0 0
601 0 0 0 0
602 0 0 0 0
603 0 0 0 0
604 0 0 0 0
605 0 0 0 0
606 0 0 0 0
607 0 0 0 0
608 0 0 0 0
609 0 0 0 0
610 0 0 0 0
611 0 0 0 0
612 0 0 0 0
613 0 0 0 0
614 0 0 0 0
615 0 0 0 0
616 0 0 0 0
617 0 0 0 0
618 0 0 0 0
619 0 0 0 0
620 0 0 0 0
621 0 0 0 0
622 0 0 0 0
623 0 0 0 0
624 0 0 0 0
625 0 0 0 0
626 0 0 0 0
627 0 0 0 0
628 0 0 0 0
629 0 0 0 0
630 0 0 0 0
631 0 0 0 0
632 0 0 0 0
633 0 0 0 0
634 0 0 0 0
635 0 0 0 0
636 0 0 0 0
637 0 0 0 0
638 0 0 0 0
639 0 0 0 0
640 0 0 0 0
641 0 0 0 0
642 0 0 0 0
643 0 0 0 0
644 0 0 0 0
645 0 0 0 0
646 0 0 0 0
647 0 0 0 0
648 0 0 0 0
649 0 0 0 0
650 0 0 0 0
651 0 0 0 0
652 0 0 0 0
653 0 0 0 0
654 0 0 0 0
655 0 0 0 0
656 0 0 0 0
657 0 0 0 0
658 0 0 0 0
659 0 0 0 0
660 0 0 0 0
661 0 0 0 0
662 0 0 0 0
663 0 0 0 0
664 0 0 0 0
665 0 0 0 0
666 0 0 0 0
667 0 0 0 0
668 0 0 0 0
669 0 0 0 0
670 0 0 0 0
671 0 0 0 0
672 0 0 0 0
673 0 0 0 0
674 0 0 0 0
675 0 0 0 0
676 0 0 0 0
677 0 0 0 0
678 0 0 0 0
679 0 0 0 0
680 0 0 0 0
681 0 0 0 0
682 0 0 0 0
683 0 0 0 0
684 0 0 0 0
685 0 0 0 0
686 0 0 0 0
687 0 0 0 0
688 0 0 0 0
689 0 0 0 0
690 0 0 0 0
691 0 0 0 0
692 0 0 0 0
693 0 0 0 0
694 0 0 0 0
695 0 0 0 0
696 0 0 0 0
697 0 0 0 0
698 0 0 0 0
699 0 0 0 0
700 0 0 0 0
701 0 0 0 0
702 0 0 0 0
703 0 0 0 0
704 0 0 0 0
705 0 0 0 0
706 0 0 0 0
707 0 0 0 0
708 0 0 0 0
709 0 0 0 0
710 0 0 0 0
711 0 0 0 0
712 0 0 0 0
713 0 0 0 0
714 0 0 0 0
715 0 0 0 0
716 0 0 0 0
717 0 0 0 0
718 0 0 0 0
719 0 0 0 0
720 0 0 0 0
721 0 0 0 0
722 0 0 0 0
723 0 0 0 0
724 0 0 0 0
725 0 0 0 0
726 0 0 0 0
727 0 0 0 0
