0 0 0 0 0
1 0 0 0 0
2 0 0 0 0
3 0 0 0 0
4 0 0 0 0
5 0 1 0 0
6 0 0 0 0
7 0 0 0 0
8 0 0 0 0
9 0 3 1 1
10 0 0 0 0
11 0 0 0 0
12 0 0 0 0
13 0 0 0 4
14 0 0 0 0
15 0 0 0 0
16 0 0 0 0
17 0 0 0 0
18 0 0 0 0
19 0 0 0 0
20 0 0 0 0
21 0 0 0 0
22 0 0 0 0
23 0 0 0 0
24 0 0 0 0
25 0 0 0 0
26 0 0 0 0
27 0 0 0 0
28 2 0 0 0
29 2 0 0 0
30 2 0 0 0
31 2 0 0 0
32 1 0 0 0
33 0 1 0 0
34 1 0 1 0
35 1 1 0 0
36 0 0 0 0
37 0 1 1 1
38 0 1 0 1
39 0 1 1 0
40 0 3 0 0
41 0 0 0 2
42 0 0 0 1
43 0 0 0 1
44 0 0 0 2
45 0 0 0 1
46 0 0 0 1
47 1 0 0 1
48 1 0 0 0
49 4 0 0 0
50 4 0 0 0
51 0 0 0 0
52 3 1 0 0
53 2 1 0 0
54 1 1 2 0
55 1 1 0 0
56 2 0 0 0
57 2 2 0 1
58 2 1 2 0
59 2 3 1 2
60 1 1 0 0
61 2 3 0 4
62 0 0 1 2
63 0 0 1 1
64 0 1 1 1
65 0 0 0 3
66 0 0 2 4
67 5 1 0 1
68 0 0 0 2
69 3 1 0 1
70 4 1 0 2
71 3 0 0 1
72 0 3 1 0
73 2 0 0 1
74 5 1 1 1
75 1 0 1 0
76 2 2 1 2
77 5 0 0 0
78 3 1 1 0
79 4 3 2 3
80 2 1 1 2
81 2 0 0 2
82 2 1 1 2
83 3 3 2 3
84 3 1 1 1
85 4 0 1 1
86 2 3 2 4
87 1 1 1 3
88 5 3 1 1
89 5 2 2 1
90 4 1 0 7
91 3 1 1 2
92 3 2 1 4
93 5 2 3 2
94 4 4 4 1
95 5 0 3 2
96 9 1 1 6
97 8 2 1 2
98 6 2 2 7
99 7 2 2 3
100 6 4 1 4
101 5 0 5 4
102 3 5 0 2
103 7 4 3 5
104 2 4 2 4
105 7 6 2 3
106 5 5 3 4
107 11 1 1 7
108 6 4 3 4
109 9 0 2 7
110 9 4 1 8
111 8 5 0 6
112 7 8 3 6
113 6 4 3 3
114 7 5 4 6
115 15 2 5 8
116 8 2 3 8
117 9 3 1 6
118 10 5 1 7
119 9 6 2 8
120 11 7 5 7
121 9 8 3 3
122 17 6 4 9
123 4 5 4 7
124 6 10 5 7
125 8 5 2 7
126 7 3 2 8
127 8 8 4 12
128 8 4 2 11
129 8 8 0 9
130 9 7 3 4
131 15 7 6 18
132 8 3 4 3
133 7 7 1 9
134 17 5 3 11
135 13 6 1 12
136 8 8 4 7
137 13 3 5 7
138 14 4 2 10
139 14 6 6 7
140 9 11 5 11
141 11 1 7 9
142 17 10 2 6
143 11 8 7 13
144 12 6 5 8
145 14 5 3 6
146 10 6 6 14
147 14 4 8 21
148 10 10 6 9
149 14 11 2 6
150 14 4 11 13
151 9 12 4 11
152 16 8 1 14
153 13 7 4 11
154 14 6 2 22
155 17 9 6 19
156 17 7 5 10
157 10 7 4 7
158 15 8 11 7
159 19 5 6 10
160 17 8 6 11
161 18 9 8 11
162 20 5 6 21
163 15 13 5 13
164 17 14 4 13
165 14 12 6 20
166 20 14 3 11
167 22 6 7 14
168 15 17 3 13
169 17 12 8 15
170 14 5 7 17
171 24 15 9 16
172 22 11 7 21
173 17 11 3 17
174 19 10 3 15
175 19 8 3 24
176 26 19 5 17
177 26 6 10 12
178 18 14 3 20
179 22 10 7 16
180 20 11 10 15
181 26 15 8 16
182 23 12 10 12
183 22 13 9 24
184 22 9 9 18
185 23 17 9 26
186 28 20 9 14
187 18 12 9 21
188 18 12 9 22
189 17 13 10 27
190 12 14 9 24
191 23 17 10 18
192 25 10 7 29
193 27 10 6 17
194 39 11 10 18
195 29 12 9 23
196 24 12 9 27
197 36 7 13 20
198 27 13 6 27
199 30 15 12 16
200 22 19 14 18
201 22 18 9 19
202 16 26 8 19
203 22 19 15 25
204 22 12 14 22
205 16 13 12 26
206 9 15 7 25
207 17 11 9 37
208 17 15 10 28
209 15 17 7 32
210 12 7 9 31
211 12 4 7 25
212 24 11 8 23
213 10 13 5 25
214 17 8 13 22
215 19 9 3 12
216 13 9 6 14
217 11 13 7 13
218 19 7 6 18
219 9 9 3 18
220 15 12 4 24
221 14 11 10 16
222 10 6 7 11
223 7 10 7 7
224 11 7 2 23
225 13 10 6 14
226 5 11 3 16
227 7 8 6 19
228 8 2 3 18
229 9 6 4 12
230 6 9 2 9
231 7 6 4 13
232 5 6 4 10
233 4 6 3 11
234 3 8 3 14
235 5 3 3 7
236 9 5 2 12
237 6 4 4 11
238 4 2 2 14
239 7 1 1 9
240 5 2 1 5
241 3 5 2 7
242 6 5 2 4
243 5 3 3 6
244 6 5 4 6
245 5 7 1 8
246 5 2 2 5
247 2 5 2 4
248 6 5 0 5
249 3 3 2 6
250 3 1 3 7
251 6 2 1 9
252 1 2 2 7
253 6 1 5 2
254 3 4 1 6
255 0 1 1 5
256 0 4 0 6
257 2 3 0 6
258 0 2 1 3
259 3 3 2 2
260 1 2 0 5
261 1 1 0 3
262 4 3 2 2
263 1 1 0 4
264 3 2 1 4
265 2 0 1 2
266 2 1 0 6
267 1 0 1 1
268 1 0 0 2
269 0 0 2 2
270 1 2 0 1
271 4 4 0 1
272 1 0 2 1
273 1 2 0 2
274 1 0 0 2
275 0 1 1 4
276 2 1 0 1
277 3 0 0 3
278 1 0 0 0
279 0 2 0 1
280 0 3 0 1
281 1 2 0 0
282 0 1 1 2
283 0 0 1 1
284 1 0 0 2
285 0 0 0 1
286 0 0 2 3
287 0 0 0 1
288 0 0 0 1
289 0 0 0 0
290 0 0 1 2
291 1 0 0 0
292 1 0 0 0
293 1 0 1 1
294 0 0 0 1
295 0 0 0 0
296 0 1 0 0
297 1 1 0 0
298 1 1 0 0
299 0 0 0 0
300 0 0 0 1
301 0 0 0 1
302 0 0 0 0
303 0 1 0 1
304 0 0 0 0
305 0 0 0 1
306 0 1 0 0
307 0 0 0 1
308 0 0 0 0
309 0 0 0 0
310 0 0 0 1
311 0 0 0 0
312 0 0 0 0
313 0 0 0 0
314 0 0 0 0
315 1 0 0 0
316 1 0 0 0
317 0 0 0 0
318 1 0 0 0
319 0 0 0 0
320 0 1 0 0
321 0 0 0 0
322 0 1 0 0
323 0 0 1 0
324 0 0 0 0
325 0 0 0 0
326 0 0 0 2
327 0 0 0 1
328 0 0 0 0
329 0 0 0 0
330 0 0 0 0
331 0 0 0 0
332 0 0 0 0
333 0 0 0 0
334 0 0 0 0
335 0 0 0 0
336 0 0 0 0
337 0 0 0 0
338 0 0 0 0
339 0 0 0 0
340 0 0 0 0
341 1 0 0 0
342 0 0 0 0
343 1 0 0 0
344 0 0 0 0
345 0 0 0 0
346 0 1 0 0
347 0 0 0 0
348 0 0 0 0
349 0 0 0 0
350 0 0 0 0
351 0 0 0 0
352 0 1 0 0
353 0 0 0 1
354 0 0 0 0
355 0 0 0 0
356 0 0 0 1
357 0 0 0 0
358 0 0 0 0
359 0 0 0 0
360 0 0 0 0
361 0 0 0 0
362 0 0 0 0
363 0 0 0 0
364 0 0 0 0
365 0 0 0 0
366 1 0 0 0
367 0 0 0 0
368 0 0 0 0
369 0 0 0 0
370 0 0 0 0
371 0 1 0 0
372 0 0 0 0
373 0 0 0 0
374 0 0 0 0
375 0 0 0 0
376 0 0 0 0
377 0 0 0 0
378 0 0 0 1
379 0 0 0 0
380 0 0 0 0
381 0 0 0 0
382 0 0 0 0
383 0 0 0 0
384 0 0 0 0
385 0 0 0 0
386 0 0 0 0
387 0 0 0 0
388 0 0 0 0
389 0 0 0 0
390 0 0 0 0
391 0 0 0 0
392 0 0 0 0
393 0 0 0 0
394 0 0 0 0
395 0 0 0 0
396 0 0 0 0
397 0 0 0 0
398 0 0 0 0
399 0 0 0 0
400 0 0 0 0
401 0 0 0 0
402 0 0 0 0
403 0 0 0 0
404 0 0 0 0
405 0 0 0 0
406 0 0 0 0
407 0 0 0 0
408 0 0 0 0
409 0 0 0 0
410 0 0 0 0
411 0 0 0 0
412 0 0 0 0
413 0 0 0 0
414 0 0 0 0
415 0 0 0 0
416 0 0 0 0
417 0 0 0 0
418 0 0 0 0
419 0 0 0 0
420 0 0 0 0
421 0 0 0 0
422 0 0 0 0
423 0 0 0 0
424 0 0 0 0
425 0 0 0 0
426 0 0 0 0
427 0 0 0 0
428 0 0 0 0
429 0 0 0 0
430 0 0 0 0
431 0 0 0 0
432 0 0 0 0
433 0 0 0 0
434 0 0 0 0
435 0 0 0 0
436 0 0 0 0
437 0 0 0 0
438 0 0 0 0
439 0 0 0 0
440 0 0 0 0
441 0 0 0 0
442 0 0 0 0
443 0 0 0 0
444 0 0 0 0
445 0 0 0 0
446 0 0 0 0
447 0 0 0 0
448 0 0 0 0
449 0 0 0 0
450 0 0 0 0
451 0 0 0 0
452 0 0 0 0
453 0 0 0 0
454 0 0 0 0
455 0 0 0 0
456 0 0 0 0
457 0 0 0 0
458 0 0 0 0
459 0 0 0 0
460 0 0 0 0
461 0 0 0 0
462 0 0 0 0
463 0 0 0 0
464 0 0 0 0
465 0 0 0 0
466 0 0 0 0
467 0 0 0 0
468 0 0 0 0
469 0 0 0 0
470 0 0 0 0
471 0 0 0 0
472 0 0 0 0
473 0 0 0 0
474 0 0 0 0
475 0 0 0 0
476 0 0 0 0
477 0 0 0 0
478 0 0 0 0
479 0 0 0 0
480 0 0 0 0
481 0 0 0 0
482 0 0 0 0
483 0 0 0 0
484 0 0 0 0
485 0 0 0 0
486 0 0 0 0
487 0 0 0 0
488 0 0 0 0
489 0 0 0 0
490 0 0 0 0
491 0 0 0 0
492 0 0 0 0
493 0 0 0 0
494 0 0 0 0
495 0 0 0 0
496 0 0 0 0
497 0 0 0 0
498 0 0 0 0
499 0 0 0 0
500 0 0 0 0
501 0 0 0 0
502 0 0 0 0
503 0 0 0 0
504 0 0 0 0
505 0 0 0 0
506 0 0 0 0
507 0 0 0 0
508 0 0 0 0
509 0 0 0 0
510 0 0 0 0
511 0 0 0 0
512 0 0 0 0
513 0 0 0 0
514 0 0 0 0
515 0 0 0 0
516 0 0 0 0
517 0 0 0 0
518 0 0 0 0
519 0 0 0 0
520 0 0 0 0
521 0 0 0 0
522 0 0 0 0
523 0 0 0 0
524 0 0 0 0
525 0 0 0 0
526 0 0 0 0
527 0 0 0 0
528 0 0 0 0
529 0 0 0 0
530 0 0 0 0
531 0 0 0 0
532 0 0 0 0
533 0 0 0 0
534 0 0 0 0
535 0 0 0 0
536 0 0 0 0
537 0 0 0 0
538 0 0 0 0
539 0 0 0 0
540 0 0 0 0
541 0 0 0 0
542 0 0 0 0
543 0 0 0 0
544 0 0 0 0
545 0 0 0 0
546 0 0 0 0
547 0 0 0 0
548 0 0 0 0
549 0 0 0 0
550 0 0 0 0
551 0 0 0 0
552 0 0 0 0
553 0 0 0 0
554 0 0 0 0
555 0 0 0 0
556 0 0 0 0
557 0 0 0 0
558 0 0 0 0
559 0 0 0 0
560 0 0 0 0
561 0 0 0 0
562 0 0 0 0
563 0 0 0 0
564 0 0 0 0
565 0 0 0 0
566 0 0 0 0
567 0 0 0 0
568 0 0 0 0
569 0 0 0 0
570 0 0 0 0
571 0 0 0 0
572 0 0 0 0
573 0 0 0 0
574 0 0 0 0
575 0 0 0 0
576 0 0 0 0
577 0 0 0 0
578 0 0 0 0
579 0 0 0 0
580 0 0 0 0
581 0 0 0 0
582 0 0 0 0
583 0 0 0 0
584 0 0 0 0
585 0 0 0 0
586 0 0 0 0
587 0 0 0 0
588 0 0 0 0
589 0 0 0 0
590 0 0 0 0
591 0 0 0 0
592 0 0 0 0
593 0 0 0 0
594 0 0 0 0
595 0 0 0 0
596 0 0 0 0
597 0 0 0 0
598 0 0 0 0
599 0 0 0 0
600 0 0 0 0
601 0 0 0 0
602 0 0 0 0
603 0 0 0 0
604 0 0 0 0
605 0 0 0 0
606 0 0 0 0
607 0 0 0 0
608 0 0 0 0
609 0 0 0 0
610 0 0 0 0
611 0 0 0 0
612 0 0 0 0
613 0 0 0 0
614 0 0 0 0
615 0 0 0 0
616 0 0 0 0
617 0 0 0 0
618 0 0 0 0
619 0 0 0 0
620 0 0 0 0
621 0 0 0 0
622 0 0 0 0
623 0 0 0 0
624 0 0 0 0
625 0 0 0 0
626 0 0 0 0
627 0 0 0 0
628 0 0 0 0
629 0 0 0 0
630 0 0 0 0
631 0 0 0 0
632 0 0 0 0
633 0 0 0 0
634 0 0 0 0
635 0 0 0 0
636 0 0 0 0
637 0 0 0 0
638 0 0 0 0
639 0 0 0 0
640 0 0 0 0
641 0 0 0 0
642 0 0 0 0
643 0 0 0 0
644 0 0 0 0
645 0 0 0 0
646 0 0 0 0
647 0 0 0 0
648 0 0 0 0
649 0 0 0 0
650 0 0 0 0
651 0 0 0 0
652 0 0 0 0
653 0 0 0 0
654 0 0 0 0
655 0 0 0 0
656 0 0 0 0
657 0 0 0 0
658 0 0 0 0
659 0 0 0 0
660 0 0 0 0
661 0 0 0 0
662 0 0 0 0
663 0 0 0 0
664 0 0 0 0
665 0 0 0 0
666 0 0 0 0
667 0 0 0 0
668 0 0 0 0
669 0 0 0 0
670 0 0 0 0
671 0 0 0 0
672 0 0 0 0
673 0 0 0 0
674 0 0 0 0
675 0 0 0 0
676 0 0 0 0
677 0 0 0 0
678 0 0 0 0
679 0 0 0 0
680 0 0 0 0
681 0 0 0 0
682 0 0 0 0
683 0 0 0 0
684 0 0 0 0
685 0 0 0 0
686 0 0 0 0
687 0 0 0 0
688 0 0 0 0
689 0 0 0 0
690 0 0 0 0
691 0 0 0 0
692 0 0 0 0
693 0 0 0 0
694 0 0 0 0
695 0 0 0 0
696 0 0 0 0
697 0 0 0 0
698 0 0 0 0
699 0 0 0 0
700 0 0 0 0
701 0 0 0 0
702 0 0 0 0
703 0 0 0 0
704 0 0 0 0
705 0 0 0 0
706 0 0 0 0
707 0 0 0 0
708 0 0 0 0
709 0 0 0 0
710 0 0 0 0
711 0 0 0 0
712 0 0 0 0
713 0 0 0 0
714 0 0 0 0
715 0 0 0 0
716 0 0 0 0
717 0 0 0 0
718 0 0 0 0
719 0 0 0 0
720 0 0 0 0
721 0 0 0 0
722 0 0 0 0
723 0 0 0 0
724 0 0 0 0
725 0 0 0 0
726 0 0 0 0
727 0 0 0 0
