0 0 0 0 0
1 0 0 0 0
2 0 0 0 0
3 0 0 0 0
4 0 0 0 0
5 0 1 3 0
6 0 0 0 0
7 0 0 0 0
8 0 0 0 0
9 0 1 0 1
10 0 0 0 0
11 0 0 0 0
12 0 0 0 3
13 0 0 0 1
14 0 0 0 0
15 0 0 0 0
16 0 0 0 0
17 0 0 0 0
18 0 0 0 0
19 2 0 0 0
20 1 0 0 0
21 0 0 0 0
22 1 0 0 0
23 2 0 0 0
24 2 0 1 0
25 0 0 0 0
26 2 0 0 0
27 0 1 0 0
28 0 2 1 0
29 1 2 1 0
30 1 0 0 0
31 1 0 1 1
32 2 0 0 3
33 1 0 0 1
34 1 1 0 1
35 0 1 0 1
36 0 0 0 2
37 0 1 1 0
38 3 0 1 1
39 2 1 1 1
40 0 1 0 0
41 1 0 0 1
42 1 0 0 0
43 2 1 1 0
44 4 1 0 1
45 2 0 0 1
46 1 0 1 2
47 2 2 0 2
48 0 1 0 1
49 2 2 1 0
50 1 1 2 2
51 2 0 1 2
52 1 0 1 1
53 0 1 0 2
54 3 0 0 1
55 0 0 0 0
56 2 3 1 1
57 3 0 1 3
58 0 1 1 1
59 3 2 0 1
60 2 0 0 3
61 1 0 1 1
62 0 1 1 2
63 5 1 1 3
64 3 0 1 0
65 5 2 1 0
66 3 1 1 1
67 3 0 0 1
68 2 1 2 1
69 1 1 1 3
70 3 1 0 1
71 4 3 0 1
72 1 1 4 3
73 2 1 0 2
74 2 2 2 1
75 1 3 0 2
76 3 3 2 5
77 1 3 0 0
78 0 1 0 5
79 1 1 0 3
80 1 0 1 4
81 2 2 1 5
82 3 1 1 1
83 3 2 0 1
84 3 1 0 1
85 2 0 0 4
86 2 1 0 1
87 6 0 0 3
88 4 1 1 1
89 5 0 2 2
90 7 3 0 0
91 7 3 2 0
92 3 2 3 0
93 4 1 4 3
94 3 1 1 2
95 4 5 1 6
96 4 3 6 3
97 7 1 1 3
98 3 7 1 3
99 4 2 1 7
100 4 2 2 7
101 1 1 0 3
102 4 3 1 7
103 2 2 2 5
104 2 1 2 2
105 5 3 2 3
106 2 1 1 2
107 6 2 1 4
108 6 3 1 1
109 4 2 1 6
110 5 2 2 5
111 6 3 1 3
112 10 2 1 5
113 7 4 1 1
114 5 2 0 3
115 10 2 2 5
116 7 5 1 4
117 4 3 5 5
118 6 3 5 2
119 6 3 1 3
120 8 6 3 6
121 4 6 4 6
122 8 3 4 8
123 5 3 1 5
124 7 7 2 6
125 6 4 3 7
126 13 1 0 8
127 5 4 4 5
128 3 2 2 9
129 9 6 3 7
130 10 4 3 5
131 11 5 2 10
132 11 3 0 2
133 7 1 1 5
134 7 6 3 7
135 14 3 10 7
136 7 5 4 7
137 7 4 4 2
138 8 2 4 8
139 11 5 3 5
140 16 10 4 8
141 7 3 4 8
142 15 5 1 13
143 11 6 3 9
144 11 8 4 10
145 10 4 7 8
146 14 6 3 5
147 12 10 2 13
148 8 11 5 8
149 7 10 4 4
150 6 5 3 9
151 10 8 6 13
152 16 4 4 14
153 17 7 1 14
154 14 7 1 9
155 13 7 2 12
156 10 8 8 14
157 22 7 8 8
158 23 5 4 13
159 19 9 4 9
160 19 8 3 8
161 17 5 4 12
162 15 13 6 9
163 11 9 8 18
164 19 9 6 11
165 17 10 7 13
166 18 13 9 17
167 16 10 8 17
168 14 7 6 7
169 13 11 8 17
170 16 6 9 14
171 13 9 4 20
172 18 10 6 13
173 15 9 7 25
174 18 11 4 16
175 14 17 7 14
176 15 6 5 17
177 16 7 9 13
178 26 14 6 12
179 14 8 3 19
180 28 8 8 15
181 16 11 4 15
182 17 10 4 26
183 27 17 11 14
184 9 12 4 15
185 23 12 10 15
186 28 11 7 13
187 27 5 12 25
188 14 14 11 12
189 18 10 5 14
190 20 10 5 21
191 19 14 8 24
192 18 13 10 25
193 23 7 7 21
194 21 14 6 13
195 25 21 9 23
196 28 23 6 19
197 25 8 6 11
198 22 14 6 22
199 12 7 8 23
200 15 6 5 24
201 17 14 10 19
202 12 24 4 23
203 12 17 6 23
204 13 14 14 10
205 18 11 12 21
206 20 14 7 23
207 16 9 6 18
208 12 5 4 27
209 10 5 7 22
210 15 7 6 18
211 12 11 6 19
212 9 9 8 20
213 12 5 12 18
214 13 7 5 17
215 7 8 10 10
216 14 8 6 17
217 13 5 4 18
218 7 7 7 14
219 16 6 6 15
220 9 4 4 12
221 14 7 0 12
222 8 4 4 15
223 11 6 5 15
224 6 9 3 7
225 5 6 6 12
226 9 8 9 10
227 11 3 5 10
228 11 10 7 8
229 6 4 3 10
230 3 4 6 11
231 4 3 4 9
232 9 5 2 15
233 9 5 4 15
234 7 3 2 10
235 5 2 2 16
236 1 6 4 6
237 0 7 6 8
238 4 5 3 4
239 8 1 5 6
240 3 1 1 10
241 4 2 2 10
242 7 3 2 4
243 4 2 3 10
244 3 4 4 6
245 3 0 1 6
246 4 1 2 6
247 9 4 0 5
248 5 4 3 6
249 5 1 2 1
250 5 0 3 4
251 2 5 1 7
252 4 6 0 4
253 1 2 3 3
254 1 2 1 3
255 1 2 1 5
256 0 1 3 6
257 3 4 2 2
258 0 2 1 6
259 0 4 0 3
260 1 2 0 4
261 0 0 1 6
262 2 1 0 4
263 2 0 1 4
264 0 0 1 4
265 2 1 0 3
266 2 1 1 2
267 4 0 1 2
268 2 1 0 0
269 3 0 0 1
270 2 1 1 0
271 3 3 0 1
272 4 2 0 1
273 5 0 0 2
274 1 1 0 2
275 1 1 0 3
276 2 2 3 2
277 2 2 0 1
278 2 3 2 1
279 2 0 1 0
280 3 0 1 2
281 1 2 3 1
282 1 0 2 3
283 0 1 1 4
284 1 1 1 3
285 1 4 0 6
286 2 0 2 1
287 2 0 1 0
288 0 0 1 2
289 4 0 1 3
290 2 1 0 3
291 0 2 0 1
292 0 0 0 1
293 0 0 0 3
294 1 2 2 2
295 1 1 1 1
296 0 1 1 0
297 3 0 0 0
298 0 0 1 4
299 0 2 0 1
300 2 0 0 0
301 1 0 0 2
302 0 2 0 2
303 0 0 0 3
304 1 0 1 0
305 0 1 0 0
306 1 2 0 3
307 0 0 0 0
308 0 0 0 0
309 0 1 0 2
310 1 0 0 1
311 0 1 0 0
312 0 0 0 0
313 0 0 1 1
314 0 0 0 0
315 0 0 0 0
316 0 0 0 1
317 0 0 0 1
318 0 0 0 1
319 0 0 1 0
320 0 0 0 0
321 0 0 0 0
322 0 0 0 0
323 0 0 0 0
324 0 0 0 0
325 0 0 0 0
326 0 0 0 1
327 0 0 0 0
328 1 0 0 0
329 0 0 0 0
330 0 0 0 0
331 0 0 0 0
332 1 0 0 0
333 0 0 0 0
334 0 0 0 0
335 0 0 0 0
336 0 0 0 0
337 0 0 1 0
338 0 0 0 0
339 0 0 0 0
340 0 0 0 0
341 0 1 0 1
342 0 0 0 0
343 0 0 0 0
344 0 0 0 0
345 0 0 0 1
346 0 0 0 0
347 0 0 0 0
348 0 0 0 0
349 0 0 0 0
350 0 0 0 0
351 0 0 0 0
352 0 0 0 0
353 0 0 0 0
354 0 0 0 0
355 0 0 0 0
356 0 0 0 0
357 0 0 0 0
358 0 0 0 0
359 0 0 0 0
360 0 0 0 0
361 0 0 0 0
362 0 0 0 0
363 0 0 0 0
364 0 0 0 0
365 0 0 0 0
366 0 0 0 0
367 0 0 0 0
368 0 0 0 0
369 0 0 0 0
370 0 0 0 0
371 0 0 0 0
372 0 0 0 0
373 0 0 0 0
374 0 0 0 0
375 0 0 0 0
376 0 0 0 0
377 0 0 0 0
378 0 0 0 0
379 0 0 0 0
380 0 0 0 0
381 0 0 0 0
382 0 0 0 0
383 0 0 0 0
384 0 0 0 0
385 0 0 0 0
386 0 0 0 0
387 0 0 0 0
388 0 0 0 0
389 0 0 0 0
390 0 0 0 0
391 0 0 0 0
392 0 0 0 0
393 0 0 0 0
394 0 0 0 0
395 0 0 0 0
396 0 0 0 0
397 0 0 0 0
398 0 0 0 0
399 0 0 0 0
400 0 0 0 0
401 0 0 0 0
402 0 0 0 0
403 0 0 0 0
404 0 0 0 0
405 0 0 0 0
406 0 0 0 0
407 0 0 0 0
408 0 0 0 0
409 0 0 0 0
410 0 0 0 0
411 0 0 0 0
412 0 0 0 0
413 0 0 0 0
414 0 0 0 0
415 0 0 0 0
416 0 0 0 0
417 0 0 0 0
418 0 0 0 0
419 0 0 0 0
420 0 0 0 0
421 0 0 0 0
422 0 0 0 0
423 0 0 0 0
424 0 0 0 0
425 0 0 0 0
426 0 0 0 0
427 0 0 0 0
428 0 0 0 0
429 0 0 0 0
430 0 0 0 0
431 0 0 0 0
432 0 0 0 0
433 0 0 0 0
434 0 0 0 0
435 0 0 0 0
436 0 0 0 0
437 0 0 0 0
438 0 0 0 0
439 0 0 0 0
440 0 0 0 0
441 0 0 0 0
442 0 0 0 0
443 0 0 0 0
444 0 0 0 0
445 0 0 0 0
446 0 0 0 0
447 0 0 0 0
448 0 0 0 0
449 0 0 0 0
450 0 0 0 0
451 0 0 0 0
452 0 0 0 0
453 0 0 0 0
454 0 0 0 0
455 0 0 0 0
456 0 0 0 0
457 0 0 0 0
458 0 0 0 0
459 0 0 0 0
460 0 0 0 0
461 0 0 0 0
462 0 0 0 0
463 0 0 0 0
464 0 0 0 0
465 0 0 0 0
466 0 0 0 0
467 0 0 0 0
468 0 0 0 0
469 0 0 0 0
470 0 0 0 0
471 0 0 0 0
472 0 0 0 0
473 0 0 0 0
474 0 0 0 0
475 0 0 0 0
476 0 0 0 0
477 0 0 0 0
478 0 0 0 0
479 0 0 0 0
480 0 0 0 0
481 0 0 0 0
482 0 0 0 0
483 0 0 0 0
484 0 0 0 0
485 0 0 0 0
486 0 0 0 0
487 0 0 0 0
488 0 0 0 0
489 0 0 0 0
490 0 0 0 0
491 0 0 0 0
492 0 0 0 0
493 0 0 0 0
494 0 0 0 0
495 0 0 0 0
496 0 0 0 0
497 0 0 0 0
498 0 0 0 0
499 0 0 0 0
500 0 0 0 0
501 0 0 0 0
502 0 0 0 0
503 0 0 0 0
504 0 0 0 0
505 0 0 0 0
506 0 0 0 0
507 0 0 0 0
508 0 0 0 0
509 0 0 0 0
510 0 0 0 0
511 0 0 0 0
512 0 0 0 0
513 0 0 0 0
514 0 0 0 0
515 0 0 0 0
516 0 0 0 0
517 0 0 0 0
518 0 0 0 0
519 0 0 0 0
520 0 0 0 0
521 0 0 0 0
522 0 0 0 0
523 0 0 0 0
524 0 0 0 0
525 0 0 0 0
526 0 0 0 0
527 0 0 0 0
528 0 0 0 0
529 0 0 0 0
530 0 0 0 0
531 0 0 0 0
532 0 0 0 0
533 0 0 0 0
534 0 0 0 0
535 0 0 0 0
536 0 0 0 0
537 0 0 0 0
538 0 0 0 0
539 0 0 0 0
540 0 0 0 0
541 0 0 0 0
542 0 0 0 0
543 0 0 0 0
544 0 0 0 0
545 0 0 0 0
546 0 0 0 0
547 0 0 0 0
548 0 0 0 0
549 0 0 0 0
550 0 0 0 0
551 0 0 0 0
552 0 0 0 0
553 0 0 0 0
554 0 0 0 0
555 0 0 0 0
556 0 0 0 0
557 0 0 0 0
558 0 0 0 0
559 0 0 0 0
560 0 0 0 0
561 0 0 0 0
562 0 0 0 0
563 0 0 0 0
564 0 0 0 0
565 0 0 0 0
566 0 0 0 0
567 0 0 0 0
568 0 0 0 0
569 0 0 0 0
570 0 0 0 0
571 0 0 0 0
572 0 0 0 0
573 0 0 0 0
574 0 0 0 0
575 0 0 0 0
576 0 0 0 0
577 0 0 0 0
578 0 0 0 0
579 0 0 0 0
580 0 0 0 0
581 0 0 0 0
582 0 0 0 0
583 0 0 0 0
584 0 0 0 0
585 0 0 0 0
586 0 0 0 0
587 0 0 0 0
588 0 0 0 0
589 0 0 0 0
590 0 0 0 0
591 0 0 0 0
592 0 0 0 0
593 0 0 0 0
594 0 0 0 0
595 0 0 0 0
596 0 0 0 0
597 0 0 0 0
598 0 0 0 0
599 0 0 0 0
600 0 0 0 0
601 0 0 0 0
602 0 0 0 0
603 0 0 0 0
604 0 0 0 0
605 0 0 0 0
606 0 0 0 0
607 0 0 0 0
608 0 0 0 0
609 0 0 0 0
610 0 0 0 0
611 0 0 0 0
612 0 0 0 0
613 0 0 0 0
614 0 0 0 0
615 0 0 0 0
616 0 0 0 0
617 0 0 0 0
618 0 0 0 0
619 0 0 0 0
620 0 0 0 0
621 0 0 0 0
622 0 0 0 0
623 0 0 0 0
624 0 0 0 0
625 0 0 0 0
626 0 0 0 0
627 0 0 0 0
628 0 0 0 0
629 0 0 0 0
630 0 0 0 0
631 0 0 0 0
632 0 0 0 0
633 0 0 0 0
634 0 0 0 0
635 0 0 0 0
636 0 0 0 0
637 0 0 0 0
638 0 0 0 0
639 0 0 0 0
640 0 0 0 0
641 0 0 0 0
642 0 0 0 0
643 0 0 0 0
644 0 0 0 0
645 0 0 0 0
646 0 0 0 0
647 0 0 0 0
648 0 0 0 0
649 0 0 0 0
650 0 0 0 0
651 0 0 0 0
652 0 0 0 0
653 0 0 0 0
654 0 0 0 0
655 0 0 0 0
656 0 0 0 0
657 0 0 0 0
658 0 0 0 0
659 0 0 0 0
660 0 0 0 0
661 0 0 0 0
662 0 0 0 0
663 0 0 0 0
664 0 0 0 0
665 0 0 0 0
666 0 0 0 0
667 0 0 0 0
668 0 0 0 0
669 0 0 0 0
670 0 0 0 0
671 0 0 0 0
672 0 0 0 0
673 0 0 0 0
674 0 0 0 0
675 0 0 0 0
676 0 0 0 0
677 0 0 0 0
678 0 0 0 0
679 0 0 0 0
680 0 0 0 0
681 0 0 0 0
682 0 0 0 0
683 0 0 0 0
684 0 0 0 0
685 0 0 0 0
686 0 0 0 0
687 0 0 0 0
688 0 0 0 0
689 0 0 0 0
690 0 0 0 0
691 0 0 0 0
692 0 0 0 0
693 0 0 0 0
694 0 0 0 0
695 0 0 0 0
696 0 0 0 0
697 0 0 0 0
698 0 0 0 0
699 0 0 0 0
700 0 0 0 0
701 0 0 0 0
702 0 0 0 0
703 0 0 0 0
704 0 0 0 0
705 0 0 0 0
706 0 0 0 0
707 0 0 0 0
708 0 0 0 0
709 0 0 0 0
710 0 0 0 0
711 0 0 0 0
712 0 0 0 0
713 0 0 0 0
714 0 0 0 0
715 0 0 0 0
716 0 0 0 0
717 0 0 0 0
718 0 0 0 0
719 0 0 0 0
720 0 0 0 0
721 0 0 0 0
722 0 0 0 0
723 0 0 0 0
724 0 0 0 0
725 0 0 0 0
726 0 0 0 0
727 0 0 0 0
