0 0 0 0 0
1 0 0 0 0
2 0 0 0 0
3 0 0 0 0
4 0 0 0 0
5 0 2 3 0
6 0 0 0 0
7 0 0 0 0
8 0 0 0 0
9 0 0 0 1
10 0 0 0 0
11 0 0 0 0
12 0 0 0 4
13 0 0 0 0
14 0 0 0 0
15 0 0 0 0
16 0 0 0 0
17 0 0 0 0
18 0 0 0 0
19 0 0 0 0
20 1 0 0 0
21 1 0 0 0
22 2 0 0 0
23 1 0 0 0
24 1 0 0 0
25 0 0 0 0
26 1 1 0 0
27 0 1 0 0
28 1 1 0 0
29 0 0 1 0
30 1 0 0 0
31 0 1 0 1
32 1 1 0 0
33 0 0 1 1
34 0 0 0 0
35 0 1 0 2
36 0 0 0 1
37 0 0 0 0
38 1 0 0 0
39 0 1 0 2
40 0 0 0 1
41 1 0 1 0
42 0 0 0 0
43 1 0 0 0
44 0 0 0 0
45 1 0 0 2
46 2 1 0 0
47 2 1 0 0
48 0 1 0 0
49 1 0 0 0
50 0 0 0 0
51 2 1 0 1
52 0 0 1 0
53 2 0 0 1
54 4 0 1 0
55 1 1 0 2
56 3 3 0 0
57 2 0 0 0
58 1 1 2 1
59 3 2 1 2
60 1 1 0 2
61 2 2 0 0
62 1 0 1 3
63 2 0 1 2
64 0 2 0 1
65 2 0 1 3
66 1 2 0 2
67 0 0 1 0
68 2 2 1 0
69 1 1 0 1
70 0 2 1 2
71 0 1 1 2
72 2 0 0 1
73 0 1 0 2
74 3 1 0 4
75 0 0 0 3
76 2 0 0 0
77 3 2 1 1
78 1 0 0 1
79 2 1 1 0
80 1 0 0 0
81 1 0 1 3
82 2 1 1 1
83 1 0 1 1
84 3 1 1 0
85 3 1 0 1
86 1 0 1 3
87 2 1 2 1
88 5 0 0 0
89 5 0 2 1
90 4 3 0 1
91 1 0 0 2
92 3 0 1 0
93 0 3 1 1
94 2 1 3 4
95 2 2 1 0
96 0 1 2 2
97 4 1 3 4
98 5 2 0 3
99 1 2 1 1
100 2 1 0 5
101 2 0 2 3
102 1 0 1 3
103 0 0 1 1
104 4 0 1 3
105 3 1 1 2
106 2 2 2 2
107 2 3 2 1
108 3 1 0 2
109 4 3 0 1
110 2 2 0 2
111 4 1 1 3
112 5 0 0 2
113 3 2 1 3
114 4 1 4 3
115 2 1 1 1
116 3 2 2 2
117 4 4 0 4
118 5 3 0 4
119 7 0 1 2
120 2 3 0 2
121 2 4 2 5
122 5 2 0 2
123 6 5 0 3
124 3 2 1 4
125 5 1 0 3
126 3 1 3 2
127 2 5 2 3
128 5 4 4 5
129 9 4 0 2
130 8 2 2 6
131 9 1 1 3
132 5 2 1 5
133 6 3 2 2
134 4 6 2 6
135 5 3 2 4
136 4 1 2 5
137 6 3 2 5
138 6 5 0 7
139 5 6 2 5
140 11 7 3 2
141 4 1 1 5
142 6 7 2 5
143 6 5 0 6
144 7 3 2 7
145 5 6 2 3
146 9 4 1 10
147 5 3 1 10
148 6 1 3 5
149 10 6 2 7
150 9 2 3 5
151 7 7 3 3
152 9 5 3 5
153 11 4 5 5
154 8 2 2 7
155 10 2 4 7
156 12 1 3 9
157 9 5 3 3
158 13 6 4 6
159 9 6 5 7
160 22 5 4 11
161 13 7 4 4
162 12 4 6 6
163 14 6 5 10
164 15 11 3 9
165 14 7 5 14
166 13 7 2 9
167 10 7 6 8
168 15 6 5 14
169 11 14 7 12
170 11 11 4 13
171 11 5 8 14
172 10 9 4 14
173 12 11 7 12
174 18 3 5 7
175 15 4 6 11
176 12 4 4 22
177 19 3 3 13
178 15 9 7 9
179 20 10 7 8
180 18 13 3 17
181 17 8 6 6
182 17 13 2 16
183 21 7 5 17
184 13 8 6 10
185 28 6 6 12
186 31 10 5 13
187 15 11 4 15
188 23 17 10 17
189 21 11 8 16
190 18 14 12 10
191 16 13 14 13
192 15 9 2 20
193 23 13 5 21
194 21 15 11 20
195 23 16 7 20
196 23 7 13 18
197 19 8 6 27
198 20 16 8 24
199 17 12 9 19
200 14 10 9 18
201 15 16 10 28
202 15 14 6 20
203 9 6 10 18
204 14 12 12 11
205 12 7 6 24
206 17 11 6 20
207 17 9 12 17
208 8 5 6 28
209 19 9 5 17
210 8 10 5 16
211 7 8 5 20
212 13 7 5 15
213 11 5 6 14
214 9 13 5 15
215 8 13 5 15
216 9 6 3 15
217 10 7 5 12
218 10 7 5 12
219 8 7 1 12
220 6 5 1 13
221 8 5 3 18
222 3 5 5 18
223 7 3 8 12
224 7 5 3 9
225 2 4 7 7
226 4 5 4 7
227 10 2 0 6
228 10 6 3 8
229 5 3 0 8
230 6 4 1 13
231 5 1 3 6
232 6 4 4 8
233 7 5 6 7
234 7 3 1 5
235 5 3 3 7
236 1 7 1 3
237 2 4 1 10
238 6 5 3 4
239 2 4 2 11
240 4 4 1 9
241 4 2 1 3
242 4 3 2 5
243 3 6 0 7
244 3 4 0 4
245 2 2 0 7
246 1 0 3 5
247 4 2 4 5
248 2 3 1 3
249 1 0 4 3
250 1 2 1 4
251 2 1 0 8
252 2 2 1 6
253 2 2 1 4
254 2 1 1 1
255 2 1 0 1
256 5 1 0 4
257 1 0 0 4
258 1 0 2 1
259 2 0 0 1
260 0 3 1 3
261 2 2 3 0
262 0 1 0 2
263 6 1 1 0
264 2 0 1 2
265 1 1 1 3
266 2 0 1 1
267 2 1 0 4
268 1 1 0 1
269 3 1 1 1
270 0 3 0 2
271 0 0 1 2
272 1 5 1 1
273 2 1 0 2
274 2 0 1 1
275 3 1 0 2
276 0 0 2 3
277 2 0 0 2
278 2 1 1 1
279 1 1 1 3
280 2 2 0 1
281 0 0 1 0
282 1 3 0 3
283 0 0 1 2
284 0 1 1 2
285 1 0 0 1
286 1 1 0 4
287 1 1 1 1
288 1 0 0 2
289 1 1 1 0
290 0 0 1 2
291 0 0 1 1
292 0 0 0 0
293 0 1 0 2
294 1 0 0 1
295 0 0 0 1
296 0 0 1 0
297 0 0 0 2
298 1 0 1 0
299 1 1 0 0
300 2 0 0 0
301 1 0 0 0
302 1 0 0 1
303 0 0 0 1
304 0 0 0 0
305 1 0 1 0
306 1 1 0 1
307 0 1 0 0
308 1 1 0 0
309 0 1 0 0
310 0 1 0 1
311 0 1 1 1
312 0 0 0 1
313 1 0 0 0
314 0 0 0 0
315 0 0 0 3
316 1 0 0 1
317 0 1 0 1
318 3 0 1 0
319 1 0 0 0
320 0 0 0 0
321 0 0 1 1
322 0 0 0 0
323 1 1 0 0
324 0 0 1 0
325 1 0 0 1
326 0 0 0 0
327 0 2 0 1
328 0 1 0 1
329 0 0 0 0
330 0 0 0 0
331 1 0 0 1
332 0 0 0 1
333 0 0 0 0
334 1 0 1 2
335 0 0 0 0
336 0 0 0 0
337 1 0 0 0
338 0 0 0 0
339 0 0 1 1
340 0 1 0 0
341 1 0 0 0
342 1 0 1 0
343 1 0 0 0
344 1 0 0 1
345 1 0 0 0
346 0 0 0 1
347 1 0 0 0
348 1 0 0 0
349 0 0 0 1
350 0 1 0 0
351 0 1 0 0
352 1 1 1 0
353 1 2 0 0
354 0 1 0 0
355 0 0 0 0
356 1 0 0 2
357 0 0 1 2
358 2 1 0 2
359 0 0 0 0
360 0 0 0 1
361 0 0 0 0
362 1 0 0 0
363 0 1 0 0
364 0 0 0 1
365 1 0 1 1
366 1 0 0 0
367 0 2 0 0
368 0 0 0 0
369 0 0 0 0
370 0 1 0 1
371 0 0 0 2
372 0 0 0 1
373 0 0 0 0
374 0 0 0 1
375 0 1 0 0
376 0 0 0 0
377 0 0 0 0
378 0 0 0 0
379 0 0 0 1
380 0 0 0 0
381 1 0 0 0
382 0 0 0 0
383 1 0 0 0
384 0 0 0 0
385 0 0 0 0
386 0 0 0 0
387 0 0 0 0
388 0 0 0 0
389 0 0 0 0
390 1 0 1 0
391 1 0 0 0
392 1 1 0 0
393 1 0 0 0
394 0 0 0 0
395 0 0 0 0
396 0 1 0 0
397 0 1 0 1
398 0 0 0 0
399 0 1 0 1
400 0 0 0 1
401 0 0 0 1
402 0 1 0 0
403 0 0 0 1
404 0 0 0 0
405 0 0 0 0
406 0 0 0 1
407 0 0 0 0
408 0 0 0 0
409 1 0 0 0
410 2 0 0 0
411 0 0 0 0
412 2 0 0 0
413 2 0 0 0
414 1 1 0 0
415 0 0 1 0
416 2 0 0 0
417 1 0 1 0
418 1 1 1 1
419 1 1 0 0
420 3 0 0 0
421 0 2 0 1
422 0 0 1 1
423 1 1 0 0
424 1 0 0 0
425 0 2 0 3
426 0 0 0 2
427 0 0 1 0
428 1 2 0 1
429 1 1 2 1
430 1 0 0 1
431 0 0 0 0
432 0 0 0 2
433 3 0 0 1
434 2 0 0 1
435 2 1 0 1
436 1 0 0 2
437 0 1 0 0
438 1 1 2 0
439 3 0 2 0
440 2 1 0 0
441 3 1 0 0
442 3 1 0 3
443 1 1 0 2
444 2 1 0 2
445 3 0 1 1
446 2 1 1 0
447 4 0 2 0
448 2 3 1 2
449 1 2 0 1
450 1 3 1 2
451 1 1 0 1
452 3 2 0 3
453 2 0 1 1
454 2 2 1 5
455 1 2 0 3
456 0 3 0 2
457 3 2 1 0
458 3 0 0 2
459 1 0 1 4
460 2 0 0 2
461 4 1 0 2
462 3 2 2 0
463 5 0 1 2
464 3 1 1 2
465 0 0 1 1
466 6 3 1 5
467 2 0 3 0
468 5 2 1 1
469 3 2 1 1
470 3 0 1 3
471 2 5 3 3
472 4 3 1 3
473 3 4 0 3
474 2 1 1 1
475 4 2 1 8
476 4 0 0 4
477 3 2 1 2
478 4 1 1 1
479 5 1 2 4
480 2 5 0 2
481 3 2 4 3
482 3 2 3 4
483 4 3 1 0
484 5 2 2 3
485 5 1 0 3
486 2 1 1 4
487 0 1 1 7
488 1 1 1 5
489 3 2 3 4
490 2 3 1 3
491 2 2 1 2
492 2 2 2 1
493 1 2 0 2
494 3 3 1 2
495 3 0 2 3
496 3 1 0 7
497 5 2 0 3
498 4 0 1 2
499 6 0 3 2
500 4 0 1 3
501 4 0 0 4
502 5 2 3 2
503 5 2 0 2
504 4 3 4 1
505 4 4 2 0
506 3 1 1 5
507 4 4 1 2
508 3 4 0 6
509 5 3 1 4
510 3 5 2 3
511 6 2 2 3
512 2 2 2 5
513 5 1 2 3
514 6 1 1 6
515 2 0 2 2
516 0 4 0 4
517 4 1 1 4
518 4 7 2 5
519 3 2 1 3
520 11 5 0 3
521 6 1 0 2
522 4 2 0 7
523 4 5 3 5
524 5 1 2 4
525 5 5 2 3
526 8 3 2 2
527 3 4 2 8
528 10 4 1 1
529 4 4 2 6
530 8 2 0 4
531 6 3 3 7
532 11 1 0 6
533 5 5 4 5
534 9 5 2 4
535 5 5 2 5
536 10 3 2 2
537 10 7 2 4
538 5 2 2 6
539 15 8 3 2
540 8 2 4 7
541 6 10 3 10
542 6 6 3 8
543 7 3 2 10
544 6 3 4 6
545 8 6 4 11
546 9 5 4 7
547 8 1 2 4
548 7 8 3 9
549 13 1 4 12
550 7 1 3 8
551 5 9 3 3
552 10 7 2 9
553 6 5 3 8
554 6 7 5 4
555 4 6 1 12
556 17 5 2 6
557 7 0 4 8
558 7 7 3 10
559 12 5 2 11
560 8 2 2 8
561 10 10 8 10
562 6 4 1 7
563 9 3 3 3
564 14 4 4 5
565 10 8 2 12
566 6 7 3 7
567 6 4 4 3
568 9 6 3 15
569 5 11 5 6
570 11 6 5 8
571 17 3 2 9
572 9 4 5 11
573 6 3 3 14
574 8 2 2 10
575 9 4 3 7
576 5 8 4 15
577 7 9 3 7
578 1 2 3 5
579 5 7 4 6
580 4 6 5 10
581 6 3 4 4
582 7 5 4 9
583 5 5 0 9
584 3 4 2 13
585 3 1 4 7
586 9 2 3 9
587 2 2 1 7
588 3 4 1 6
589 5 1 3 9
590 4 2 4 6
591 4 7 1 3
592 2 1 1 3
593 3 2 2 7
594 1 2 1 6
595 1 4 3 9
596 2 2 2 1
597 0 0 0 3
598 2 2 2 4
599 5 3 0 7
600 3 2 1 7
601 3 4 0 1
602 0 1 0 3
603 1 1 0 2
604 2 1 1 2
605 4 0 1 4
606 2 2 1 2
607 3 0 1 1
608 0 3 0 3
609 2 1 1 2
610 1 1 0 3
611 3 0 1 2
612 2 1 3 2
613 0 1 1 1
614 1 2 2 1
615 1 0 2 2
616 0 0 1 3
617 0 0 0 2
618 0 0 0 3
619 0 0 1 5
620 1 2 2 1
621 0 0 2 1
622 2 0 0 0
623 0 0 0 1
624 1 0 0 3
625 1 1 0 2
626 0 0 0 0
627 0 1 0 1
628 0 0 0 0
629 0 1 0 1
630 0 1 0 0
631 0 1 0 0
632 0 0 0 0
633 0 0 0 1
634 0 0 0 1
635 0 0 0 1
636 0 0 0 0
637 0 0 0 1
638 0 0 0 0
639 0 0 0 0
640 0 0 0 0
641 0 0 0 0
642 0 0 0 0
643 0 0 0 0
644 1 0 0 0
645 0 0 0 0
646 0 0 0 0
647 0 0 0 0
648 0 0 0 0
649 0 1 0 0
650 0 0 0 0
651 0 0 0 0
652 0 0 0 0
653 0 0 0 1
654 0 0 0 0
655 0 0 0 0
656 0 0 0 0
657 0 0 0 0
658 0 0 0 0
659 0 0 0 0
660 0 0 0 0
661 0 0 0 0
662 0 0 0 0
663 0 0 0 0
664 0 0 0 0
665 0 0 0 0
666 0 0 0 0
667 0 0 0 0
668 0 0 0 0
669 0 0 0 0
670 0 0 0 0
671 0 0 0 0
672 0 0 0 0
673 0 0 0 0
674 0 0 0 0
675 0 0 0 0
676 0 0 0 0
677 0 0 0 0
678 0 0 0 0
679 0 0 0 0
680 0 0 0 0
681 0 0 0 0
682 0 0 0 0
683 0 0 0 0
684 0 0 0 0
685 0 0 0 0
686 0 0 0 0
687 0 0 0 0
688 0 0 0 0
689 0 0 0 0
690 0 0 0 0
691 0 0 0 0
692 0 0 0 0
693 0 0 0 0
694 0 0 0 0
695 0 0 0 0
696 0 0 0 0
697 0 0 0 0
698 0 0 0 0
699 0 0 0 0
700 0 0 0 0
701 0 0 0 0
702 0 0 0 0
703 0 0 0 0
704 0 0 0 0
705 0 0 0 0
706 0 0 0 0
707 0 0 0 0
708 0 0 0 0
709 0 0 0 0
710 0 0 0 0
711 0 0 0 0
712 0 0 0 0
713 0 0 0 0
714 0 0 0 0
715 0 0 0 0
716 0 0 0 0
717 0 0 0 0
718 0 0 0 0
719 0 0 0 0
720 0 0 0 0
721 0 0 0 0
722 0 0 0 0
723 0 0 0 0
724 0 0 0 0
725 0 0 0 0
726 0 0 0 0
727 0 0 0 0
