0 0 0 0 0
1 0 0 0 0
2 0 0 0 0
3 0 0 0 0
4 0 0 0 0
5 0 2 3 0
6 0 0 0 0
7 0 0 0 0
8 0 0 0 0
9 0 0 0 5
10 0 0 0 0
11 0 0 0 0
12 0 0 0 0
13 0 0 0 0
14 0 0 0 0
15 0 0 0 0
16 2 0 0 0
17 1 0 0 0
18 1 0 0 0
19 1 0 0 0
20 1 0 0 0
21 0 1 0 0
22 0 0 1 0
23 1 0 0 0
24 0 0 0 0
25 0 2 0 1
26 0 0 0 1
27 0 1 0 0
28 0 1 0 0
29 0 0 0 1
30 0 0 0 0
31 0 0 0 0
32 0 0 1 1
33 0 0 0 0
34 0 0 0 1
35 0 0 0 1
36 0 0 0 1
37 0 0 0 0
38 0 0 0 0
39 1 0 0 0
40 1 0 0 0
41 0 0 0 0
42 2 0 0 0
43 0 0 0 0
44 0 0 0 0
45 1 1 0 0
46 1 0 0 0
47 1 1 1 0
48 0 1 0 0
49 0 0 0 0
50 0 1 0 0
51 0 0 1 0
52 1 0 0 1
53 0 0 0 0
54 0 0 0 2
55 0 0 0 2
56 0 1 0 0
57 0 0 1 1
58 0 0 0 0
59 0 0 0 0
60 2 0 0 1
61 2 0 0 0
62 1 0 0 0
63 0 0 0 0
64 1 0 0 1
65 0 1 0 0
66 1 0 0 0
67 2 1 0 0
68 0 0 0 0
69 3 0 1 0
70 0 1 1 0
71 0 0 0 0
72 1 2 0 1
73 3 1 0 1
74 1 1 1 2
75 2 1 0 0
76 0 0 0 2
77 0 0 1 2
78 0 4 0 1
79 0 0 0 1
80 0 0 1 0
81 1 0 0 2
82 1 0 0 4
83 3 0 1 0
84 2 1 0 0
85 2 0 0 0
86 1 0 0 0
87 2 1 0 1
88 1 1 2 0
89 3 3 0 0
90 3 1 0 1
91 2 0 0 2
92 3 0 0 2
93 1 1 0 3
94 3 2 0 1
95 1 3 1 1
96 4 3 1 0
97 1 1 1 1
98 0 0 2 1
99 4 2 1 2
100 2 0 0 2
101 1 3 1 1
102 4 2 0 4
103 1 0 0 3
104 1 3 1 2
105 1 0 2 2
106 1 0 1 3
107 0 2 0 0
108 1 0 3 4
109 3 0 1 2
110 0 0 0 2
111 4 0 1 2
112 5 0 0 3
113 1 0 2 1
114 2 1 2 1
115 1 1 0 1
116 4 1 2 0
117 4 1 1 2
118 4 0 2 2
119 2 0 0 1
120 3 2 0 2
121 3 5 2 3
122 4 2 1 2
123 5 2 1 1
124 3 1 0 2
125 1 2 0 4
126 4 3 0 2
127 3 3 5 3
128 3 2 3 4
129 2 2 0 2
130 3 1 1 3
131 1 1 1 3
132 0 2 2 3
133 4 1 1 3
134 3 0 1 6
135 2 2 2 5
136 4 1 0 3
137 6 2 0 2
138 5 2 2 0
139 2 2 0 6
140 4 1 0 0
141 5 1 3 2
142 6 2 2 3
143 2 1 1 1
144 4 2 0 2
145 5 0 1 4
146 4 2 3 3
147 6 5 3 2
148 4 1 1 4
149 7 4 1 2
150 4 2 2 3
151 6 4 0 4
152 5 3 0 1
153 5 5 2 4
154 5 3 4 6
155 6 3 2 2
156 1 5 3 5
157 5 2 1 7
158 3 6 0 7
159 2 2 2 4
160 4 5 0 9
161 6 3 1 5
162 6 0 5 5
163 6 1 3 3
164 4 1 4 4
165 6 2 1 5
166 6 6 1 5
167 7 1 2 4
168 12 4 0 5
169 7 4 0 5
170 14 4 1 6
171 17 7 0 3
172 8 3 3 3
173 9 4 2 5
174 11 2 3 6
175 6 10 4 6
176 8 9 6 5
177 7 5 7 6
178 13 7 0 4
179 12 3 3 7
180 10 6 3 12
181 4 4 1 11
182 9 6 4 14
183 9 8 8 9
184 6 7 6 9
185 6 5 5 2
186 12 4 1 4
187 8 8 2 10
188 9 4 2 11
189 13 6 3 14
190 16 3 4 13
191 10 5 3 14
192 12 3 5 9
193 12 3 3 11
194 11 5 0 5
195 14 5 6 5
196 14 6 7 5
197 20 8 5 5
198 10 5 8 9
199 4 11 6 11
200 13 7 4 9
201 11 7 8 7
202 9 14 5 9
203 11 9 2 16
204 10 6 1 16
205 8 8 5 16
206 6 7 6 16
207 3 5 4 9
208 7 2 3 12
209 7 3 5 20
210 8 11 2 13
211 12 3 4 6
212 8 3 4 7
213 9 5 4 10
214 6 6 1 13
215 7 3 6 6
216 8 3 5 8
217 7 2 7 8
218 9 4 4 6
219 6 4 1 6
220 5 6 4 13
221 5 7 2 7
222 6 5 3 10
223 2 4 5 8
224 3 6 2 10
225 4 6 1 7
226 4 5 2 6
227 8 6 1 10
228 5 2 1 10
229 2 1 2 11
230 6 0 4 5
231 3 1 4 5
232 8 4 3 2
233 5 2 2 7
234 1 4 1 6
235 8 3 1 3
236 5 1 1 7
237 4 2 3 5
238 8 2 0 6
239 3 2 2 2
240 6 5 2 2
241 3 5 1 5
242 0 1 3 4
243 2 4 2 2
244 2 3 1 7
245 2 4 2 6
246 1 2 2 6
247 0 1 2 4
248 2 2 1 2
249 0 4 1 2
250 3 1 0 8
251 4 0 0 5
252 4 0 1 5
253 5 1 0 4
254 0 1 1 2
255 2 0 1 3
256 0 2 2 2
257 2 2 0 1
258 1 0 2 1
259 1 2 0 0
260 1 1 0 2
261 2 2 1 3
262 2 3 1 2
263 1 0 0 2
264 2 1 1 2
265 3 0 1 2
266 4 1 1 4
267 1 1 2 1
268 2 2 0 2
269 1 2 0 2
270 0 1 1 1
271 1 1 2 4
272 1 1 0 0
273 1 0 1 1
274 0 1 1 1
275 0 0 1 3
276 1 1 0 3
277 0 1 0 2
278 1 2 0 3
279 0 0 0 1
280 0 0 0 1
281 1 2 0 1
282 1 0 0 2
283 1 1 0 1
284 0 0 0 0
285 1 0 0 1
286 0 0 0 0
287 1 0 1 1
288 0 0 0 1
289 0 0 0 0
290 0 0 1 0
291 2 0 0 0
292 1 1 1 0
293 1 0 0 0
294 1 1 0 2
295 2 0 0 0
296 1 1 0 2
297 2 0 1 0
298 1 0 0 0
299 0 0 0 0
300 0 1 1 0
301 0 0 0 1
302 0 1 1 0
303 0 1 0 1
304 1 0 1 2
305 0 1 0 0
306 0 1 0 1
307 0 1 0 2
308 0 0 0 1
309 0 1 0 1
310 2 0 0 0
311 1 0 0 0
312 3 0 0 1
313 0 0 0 2
314 0 0 0 1
315 2 1 0 0
316 0 0 1 0
317 1 1 0 0
318 1 0 0 0
319 0 1 0 0
320 1 1 1 0
321 0 0 2 1
322 0 0 1 1
323 0 0 0 0
324 0 0 0 1
325 0 0 0 2
326 0 0 0 2
327 0 0 1 2
328 0 0 0 0
329 1 1 0 0
330 0 0 0 0
331 0 0 0 0
332 0 0 0 0
333 0 0 0 1
334 0 0 0 1
335 0 0 0 0
336 1 0 0 0
337 0 0 0 0
338 2 0 1 0
339 0 0 0 0
340 1 0 0 0
341 1 0 0 0
342 0 0 0 1
343 0 0 1 0
344 1 0 0 0
345 0 1 0 0
346 1 1 0 0
347 0 0 1 0
348 0 0 0 0
349 0 1 1 0
350 0 0 0 2
351 0 0 0 1
352 0 0 0 1
353 0 0 0 1
354 0 0 0 0
355 2 1 0 0
356 0 0 0 1
357 1 0 0 0
358 0 0 0 0
359 1 0 0 1
360 0 0 1 0
361 3 0 0 0
362 0 0 1 0
363 0 0 0 0
364 0 2 0 0
365 1 0 0 0
366 0 0 0 0
367 0 0 0 1
368 0 0 0 0
369 0 0 0 1
370 1 2 2 0
371 0 0 0 2
372 1 0 0 0
373 0 0 0 0
374 0 0 0 4
375 0 0 1 0
376 0 0 0 0
377 0 0 1 0
378 0 0 0 0
379 0 0 0 1
380 1 0 0 0
381 0 0 0 0
382 0 0 0 0
383 0 0 0 0
384 0 0 0 1
385 0 0 0 0
386 1 0 0 0
387 0 1 0 0
388 1 0 0 0
389 0 0 0 0
390 1 0 0 0
391 0 0 1 1
392 0 0 0 0
393 0 1 0 0
394 0 0 0 0
395 0 1 0 1
396 1 0 0 0
397 0 0 0 1
398 0 0 0 0
399 0 0 0 0
400 0 0 0 0
401 0 1 0 0
402 0 0 0 1
403 0 0 0 0
404 0 0 0 0
405 0 0 0 1
406 0 0 0 0
407 1 0 0 0
408 1 0 0 0
409 0 0 0 0
410 0 0 0 0
411 0 0 0 0
412 0 0 0 0
413 0 0 1 0
414 0 0 0 0
415 0 0 0 0
416 0 1 0 0
417 0 0 0 0
418 0 0 0 0
419 0 0 0 0
420 0 0 0 2
421 0 0 0 0
422 0 0 0 0
423 0 0 0 0
424 1 0 0 0
425 1 0 0 0
426 0 0 0 0
427 1 0 0 0
428 0 0 0 0
429 0 0 0 0
430 0 0 0 0
431 0 0 0 0
432 0 1 0 0
433 0 1 0 0
434 0 0 1 0
435 0 0 0 0
436 1 0 0 0
437 0 0 0 0
438 0 0 0 0
439 0 0 0 1
440 0 0 0 1
441 0 0 1 1
442 0 0 0 0
443 0 0 0 0
444 0 0 0 0
445 0 0 0 0
446 0 0 0 0
447 0 0 0 0
448 0 0 0 1
449 0 0 0 0
450 1 0 0 0
451 0 0 0 0
452 0 0 0 0
453 1 0 0 0
454 0 0 0 0
455 1 0 0 0
456 0 0 0 0
457 0 0 0 0
458 0 0 1 0
459 0 0 1 0
460 0 0 0 0
461 0 0 0 0
462 0 0 0 0
463 0 0 0 0
464 0 0 1 0
465 0 0 0 1
466 0 0 0 1
467 0 0 0 0
468 0 0 0 0
469 0 0 0 0
470 0 0 0 0
471 0 0 0 1
472 0 0 0 0
473 0 0 0 0
474 0 0 0 0
475 0 0 0 0
476 0 0 0 0
477 1 0 0 0
478 1 0 0 0
479 0 0 0 0
480 0 0 0 0
481 0 0 0 0
482 1 1 0 0
483 0 0 0 0
484 0 0 0 0
485 0 0 0 0
486 0 0 0 0
487 0 0 1 0
488 1 0 0 0
489 1 0 0 1
490 0 0 0 0
491 1 1 0 0
492 0 0 0 0
493 0 0 0 0
494 0 1 0 1
495 0 0 0 1
496 0 0 0 0
497 0 0 1 0
498 0 0 0 0
499 0 0 0 0
500 0 0 1 0
501 0 0 0 2
502 0 0 0 0
503 0 0 0 0
504 0 0 0 1
505 1 0 0 0
506 1 0 0 0
507 1 0 0 0
508 0 0 0 0
509 2 0 0 0
510 2 0 0 0
511 2 0 0 0
512 2 0 1 0
513 0 0 0 0
514 0 2 0 0
515 2 1 1 0
516 0 0 0 1
517 0 1 1 0
518 0 1 0 1
519 2 1 0 1
520 1 4 0 0
521 1 0 0 2
522 0 0 0 2
523 1 0 0 0
524 1 0 2 2
525 1 0 1 0
526 0 0 0 1
527 1 0 0 3
528 2 1 0 2
529 2 0 1 0
530 1 1 1 0
531 1 0 0 0
532 3 0 1 2
533 2 1 1 1
534 3 0 0 1
535 3 0 0 0
536 2 0 0 0
537 1 0 1 3
538 2 1 2 0
539 2 3 0 1
540 1 0 4 0
541 4 1 1 1
542 3 1 0 1
543 3 1 1 2
544 3 1 1 1
545 3 2 0 3
546 2 3 0 1
547 3 3 0 4
548 0 0 1 3
549 2 1 1 2
550 1 0 4 4
551 1 2 1 1
552 1 1 2 2
553 4 2 0 2
554 4 0 1 3
555 5 2 0 2
556 2 2 1 2
557 4 1 0 4
558 5 4 0 2
559 2 0 0 3
560 3 2 1 2
561 2 1 0 1
562 3 1 2 3
563 4 5 1 1
564 3 2 2 0
565 5 1 1 3
566 5 3 0 1
567 4 2 3 5
568 3 0 1 4
569 0 3 1 2
570 0 3 1 7
571 2 2 2 4
572 2 3 1 3
573 3 1 0 1
574 2 1 2 4
575 2 0 2 2
576 0 1 4 5
577 0 1 2 3
578 0 0 0 3
579 1 0 0 2
580 1 1 0 2
581 2 1 0 4
582 3 2 1 1
583 1 1 1 3
584 2 2 0 1
585 3 1 0 1
586 2 0 1 1
587 0 0 2 3
588 0 2 0 2
589 0 2 0 3
590 0 0 1 0
591 0 2 1 1
592 0 0 0 1
593 0 0 0 3
594 0 2 0 1
595 0 0 0 2
596 1 0 0 0
597 0 0 0 2
598 0 0 0 2
599 1 0 0 0
600 0 0 0 0
601 0 0 0 1
602 0 0 0 0
603 0 0 0 0
604 0 1 1 0
605 1 0 0 0
606 0 0 0 0
607 0 0 0 0
608 0 0 0 2
609 0 0 0 0
610 0 1 0 0
611 0 0 0 0
612 0 0 0 0
613 0 0 0 0
614 0 0 0 1
615 0 0 0 0
616 0 0 0 0
617 0 0 0 0
618 0 0 0 0
619 0 0 0 0
620 0 0 0 0
621 0 0 0 0
622 0 0 0 0
623 0 0 0 0
624 0 0 0 0
625 0 0 0 0
626 0 0 0 0
627 0 0 0 0
628 0 0 0 0
629 0 0 0 0
630 0 0 0 0
631 0 0 0 0
632 0 0 0 0
633 0 0 0 0
634 0 0 0 0
635 0 0 0 0
636 0 0 0 0
637 0 0 0 0
638 0 0 0 0
639 0 0 0 0
640 0 0 0 0
641 0 0 0 0
642 0 0 0 0
643 0 0 0 0
644 0 0 0 0
645 0 0 0 0
646 0 0 0 0
647 0 0 0 0
648 0 0 0 0
649 0 0 0 0
650 0 0 0 0
651 0 0 0 0
652 0 0 0 0
653 0 0 0 0
654 0 0 0 0
655 0 0 0 0
656 0 0 0 0
657 0 0 0 0
658 0 0 0 0
659 0 0 0 0
660 0 0 0 0
661 0 0 0 0
662 0 0 0 0
663 0 0 0 0
664 0 0 0 0
665 0 0 0 0
666 0 0 0 0
667 0 0 0 0
668 0 0 0 0
669 0 0 0 0
670 0 0 0 0
671 0 0 0 0
672 0 0 0 0
673 0 0 0 0
674 0 0 0 0
675 0 0 0 0
676 0 0 0 0
677 0 0 0 0
678 0 0 0 0
679 0 0 0 0
680 0 0 0 0
681 0 0 0 0
682 0 0 0 0
683 0 0 0 0
684 0 0 0 0
685 0 0 0 0
686 0 0 0 0
687 0 0 0 0
688 0 0 0 0
689 0 0 0 0
690 0 0 0 0
691 0 0 0 0
692 0 0 0 0
693 0 0 0 0
694 0 0 0 0
695 0 0 0 0
696 0 0 0 0
697 0 0 0 0
698 0 0 0 0
699 0 0 0 0
700 0 0 0 0
701 0 0 0 0
702 0 0 0 0
703 0 0 0 0
704 0 0 0 0
705 0 0 0 0
706 0 0 0 0
707 0 0 0 0
708 0 0 0 0
709 0 0 0 0
710 0 0 0 0
711 0 0 0 0
712 0 0 0 0
713 0 0 0 0
714 0 0 0 0
715 0 0 0 0
716 0 0 0 0
717 0 0 0 0
718 0 0 0 0
719 0 0 0 0
720 0 0 0 0
721 0 0 0 0
722 0 0 0 0
723 0 0 0 0
724 0 0 0 0
725 0 0 0 0
726 0 0 0 0
727 0 0 0 0
