0 0 0 0 0
1 0 0 0 0
2 0 0 0 0
3 0 0 0 0
4 0 0 0 0
5 0 1 1 0
6 0 0 0 0
7 0 0 0 0
8 0 0 0 0
9 0 1 2 2
10 0 0 0 0
11 0 0 0 0
12 0 0 0 0
13 0 0 0 1
14 0 0 0 0
15 0 0 0 0
16 0 0 0 2
17 0 0 0 0
18 0 0 0 0
19 0 0 0 0
20 0 0 0 0
21 1 0 0 0
22 4 0 0 0
23 1 0 0 0
24 2 0 0 0
25 4 0 0 0
26 2 0 1 0
27 1 2 1 0
28 0 0 0 0
29 2 1 0 0
30 2 2 2 0
31 1 2 0 1
32 1 2 0 1
33 1 0 1 2
34 0 1 0 3
35 0 1 2 0
36 0 1 0 1
37 1 0 0 3
38 1 1 0 2
39 0 0 0 3
40 0 0 0 0
41 2 0 1 1
42 1 1 1 1
43 2 1 0 2
44 0 0 0 0
45 5 0 0 1
46 3 0 0 1
47 3 0 0 1
48 1 0 1 0
49 3 0 0 1
50 4 3 2 0
51 2 1 0 0
52 1 1 2 0
53 0 1 0 0
54 3 3 0 4
55 0 5 1 1
56 2 2 1 2
57 1 0 0 2
58 1 2 0 3
59 2 2 0 2
60 2 0 0 2
61 2 0 3 1
62 0 0 0 6
63 0 3 0 2
64 1 2 0 0
65 4 0 0 2
66 0 2 1 1
67 1 0 0 2
68 2 0 0 3
69 3 2 1 0
70 2 1 0 2
71 5 0 0 1
72 4 0 0 0
73 4 1 0 2
74 4 2 2 1
75 5 1 0 0
76 2 3 2 3
77 1 3 1 1
78 4 5 0 3
79 3 3 2 1
80 1 4 1 2
81 2 1 2 3
82 2 0 1 4
83 1 2 1 7
84 2 0 3 3
85 1 0 0 5
86 1 1 0 1
87 4 3 1 5
88 3 1 0 0
89 1 2 0 1
90 1 1 1 2
91 3 0 0 5
92 1 1 0 0
93 2 3 0 0
94 4 1 1 4
95 4 0 2 1
96 4 5 1 2
97 3 1 0 1
98 6 0 0 0
99 6 2 1 2
100 4 1 2 3
101 4 2 0 3
102 4 3 0 1
103 3 3 1 6
104 3 3 2 0
105 5 4 2 2
106 4 2 3 4
107 5 4 1 6
108 4 0 3 2
109 5 2 0 3
110 5 5 2 3
111 4 1 4 6
112 8 3 0 5
113 9 2 1 4
114 9 4 2 5
115 8 3 3 3
116 3 2 3 4
117 5 5 3 6
118 5 1 2 5
119 7 3 2 3
120 6 1 5 1
121 8 2 3 7
122 4 7 2 8
123 5 4 4 7
124 10 3 3 9
125 10 2 1 4
126 4 4 2 5
127 7 1 1 4
128 12 4 2 6
129 13 4 6 7
130 6 4 4 10
131 12 4 0 5
132 12 2 5 2
133 4 7 6 8
134 9 6 5 5
135 10 4 3 6
136 6 2 5 4
137 16 7 3 7
138 16 7 3 5
139 16 6 2 10
140 15 5 5 15
141 12 4 5 12
142 14 2 6 13
143 11 4 6 6
144 19 8 8 11
145 10 1 5 5
146 16 5 12 7
147 13 11 8 11
148 11 7 2 16
149 20 12 8 7
150 13 9 5 11
151 13 7 6 17
152 9 10 7 7
153 16 13 4 22
154 10 8 6 17
155 7 8 2 10
156 17 2 8 14
157 22 3 5 9
158 18 11 8 17
159 20 10 3 16
160 27 9 1 16
161 20 7 3 11
162 26 14 6 17
163 19 5 10 10
164 17 7 6 12
165 22 18 10 12
166 18 5 14 17
167 21 11 9 13
168 23 13 10 11
169 24 16 7 19
170 19 15 9 15
171 18 16 8 22
172 24 8 7 31
173 20 12 6 24
174 17 16 9 19
175 25 12 11 21
176 21 6 11 18
177 26 12 10 21
178 29 16 10 24
179 25 8 7 18
180 27 19 3 17
181 28 13 10 22
182 30 14 8 26
183 31 18 8 14
184 27 10 16 28
185 36 14 7 19
186 25 17 14 21
187 33 22 9 24
188 35 12 13 23
189 23 14 14 17
190 27 17 9 34
191 33 20 9 28
192 37 20 13 23
193 31 17 13 29
194 27 20 15 30
195 23 14 7 27
196 42 18 14 34
197 27 22 16 28
198 31 19 11 31
199 21 15 9 20
200 28 13 13 34
201 22 18 10 39
202 24 13 9 29
203 31 21 10 29
204 27 21 7 23
205 25 25 16 25
206 25 8 10 23
207 21 18 13 36
208 29 19 13 26
209 21 21 10 35
210 21 16 14 30
211 23 19 8 33
212 16 11 6 33
213 12 17 10 22
214 19 11 8 28
215 13 13 7 28
216 14 17 6 26
217 14 16 13 33
218 18 6 11 24
219 16 10 8 17
220 12 15 2 20
221 19 7 2 15
222 20 4 9 22
223 14 12 9 19
224 15 13 6 25
225 15 10 3 14
226 9 9 9 16
227 12 10 8 18
228 10 9 4 15
229 8 7 4 10
230 7 11 2 24
231 8 8 8 14
232 8 6 6 12
233 10 10 2 11
234 7 9 7 20
235 5 4 2 16
236 8 6 4 15
237 5 5 6 8
238 6 5 4 16
239 8 3 5 9
240 4 3 2 14
241 7 7 1 15
242 7 5 1 8
243 7 5 1 7
244 9 4 2 8
245 7 3 3 8
246 7 4 2 5
247 6 9 2 6
248 1 4 3 6
249 3 3 4 6
250 4 2 4 6
251 4 4 1 7
252 7 4 3 8
253 6 4 2 8
254 3 4 1 12
255 1 2 3 5
256 1 3 2 9
257 0 4 2 6
258 3 2 4 3
259 1 0 3 3
260 3 2 1 6
261 2 1 1 8
262 2 0 1 8
263 2 2 1 2
264 4 1 0 3
265 4 0 0 3
266 2 0 1 2
267 3 0 2 4
268 2 0 0 1
269 1 4 2 1
270 1 1 1 1
271 0 3 1 1
272 1 1 3 0
273 1 3 0 3
274 3 1 2 3
275 2 1 0 3
276 0 1 0 7
277 2 0 1 2
278 0 1 0 2
279 2 1 0 1
280 1 0 2 1
281 3 0 0 2
282 1 3 0 2
283 1 1 0 1
284 1 0 0 3
285 0 0 1 0
286 0 2 0 2
287 0 1 0 0
288 1 1 2 0
289 0 0 1 2
290 0 1 1 2
291 3 0 0 1
292 1 0 0 4
293 0 0 0 2
294 0 0 0 2
295 0 0 0 0
296 1 0 1 0
297 2 1 0 0
298 0 0 0 0
299 1 0 0 0
300 0 1 1 0
301 0 1 1 1
302 0 0 1 0
303 0 0 0 1
304 0 0 0 2
305 1 0 0 1
306 1 1 0 1
307 1 0 0 0
308 0 0 1 1
309 1 0 0 0
310 1 0 0 0
311 1 0 0 0
312 2 0 0 1
313 0 0 0 1
314 0 0 1 0
315 0 0 1 0
316 0 0 2 0
317 0 0 0 0
318 1 1 0 0
319 1 0 1 1
320 1 1 0 1
321 1 1 0 1
322 0 0 0 0
323 0 0 1 1
324 0 1 0 0
325 0 1 0 2
326 0 0 1 1
327 0 0 0 2
328 0 0 0 0
329 0 0 0 0
330 0 0 0 0
331 0 0 0 1
332 0 0 0 1
333 1 0 0 1
334 0 0 0 0
335 2 0 0 0
336 1 0 0 0
337 0 0 0 0
338 0 1 0 0
339 0 0 0 0
340 0 1 0 0
341 0 0 0 0
342 1 0 0 0
343 0 0 0 0
344 0 0 1 1
345 0 1 0 1
346 0 0 0 0
347 0 1 0 0
348 1 0 0 1
349 0 0 0 1
350 0 0 0 0
351 0 0 0 1
352 0 0 0 0
353 0 0 0 0
354 0 0 0 0
355 0 0 0 0
356 0 0 0 0
357 0 1 0 0
358 0 0 0 0
359 1 0 0 0
360 0 0 0 0
361 1 0 0 0
362 0 0 0 0
363 0 0 0 0
364 0 0 0 1
365 0 0 0 0
366 0 0 0 0
367 0 0 0 0
368 0 1 0 0
369 0 0 0 0
370 0 1 0 0
371 0 0 0 0
372 0 0 0 1
373 0 0 0 0
374 0 0 0 1
375 0 0 0 0
376 0 0 0 0
377 0 0 0 0
378 0 0 0 0
379 0 0 0 0
380 0 0 0 0
381 0 0 0 0
382 0 0 0 0
383 0 0 0 0
384 0 0 0 0
385 1 0 0 0
386 0 0 0 0
387 1 0 0 0
388 0 0 0 0
389 1 0 0 0
390 1 0 1 0
391 0 0 0 0
392 0 0 0 0
393 0 0 0 0
394 0 0 0 1
395 0 0 0 0
396 0 1 0 0
397 0 0 0 0
398 0 1 0 0
399 0 0 1 0
400 0 0 0 1
401 0 0 0 0
402 0 0 0 0
403 0 0 0 1
404 0 0 0 0
405 0 0 0 1
406 0 0 0 0
407 0 0 0 0
408 0 0 0 0
409 0 0 0 0
410 0 0 0 0
411 0 0 0 0
412 1 0 0 0
413 0 0 0 0
414 0 0 0 0
415 1 0 0 0
416 0 0 0 0
417 0 0 1 0
418 0 0 0 0
419 0 0 0 0
420 1 1 0 0
421 0 0 0 1
422 0 0 0 0
423 0 0 0 0
424 0 0 0 1
425 0 1 0 0
426 0 0 0 0
427 0 0 0 0
428 0 0 0 0
429 0 0 0 0
430 0 0 0 0
431 0 0 0 0
432 0 0 0 1
433 0 0 0 0
434 0 0 0 0
435 0 0 0 0
436 0 0 0 0
437 0 0 0 0
438 0 0 0 0
439 0 0 0 0
440 0 0 0 0
441 0 0 0 0
442 0 0 0 0
443 0 0 0 0
444 0 0 0 0
445 0 0 0 0
446 0 0 0 0
447 0 0 0 0
448 0 0 0 0
449 0 0 0 0
450 0 0 0 0
451 0 0 0 0
452 0 0 0 0
453 0 0 0 0
454 0 0 0 0
455 0 0 0 0
456 0 0 0 0
457 0 0 0 0
458 0 0 0 0
459 0 0 0 0
460 0 0 0 0
461 0 0 0 0
462 0 0 0 0
463 0 0 0 0
464 0 0 0 0
465 0 0 0 0
466 0 0 0 0
467 0 0 0 0
468 0 0 0 0
469 0 0 0 0
470 0 0 0 0
471 0 0 0 0
472 0 0 0 0
473 0 0 0 0
474 0 0 0 0
475 0 0 0 0
476 0 0 0 0
477 0 0 0 0
478 0 0 0 0
479 0 0 0 0
480 0 0 0 0
481 0 0 0 0
482 0 0 0 0
483 0 0 0 0
484 0 0 0 0
485 0 0 0 0
486 0 0 0 0
487 0 0 0 0
488 0 0 0 0
489 0 0 0 0
490 0 0 0 0
491 0 0 0 0
492 0 0 0 0
493 0 0 0 0
494 0 0 0 0
495 0 0 0 0
496 0 0 0 0
497 0 0 0 0
498 0 0 0 0
499 0 0 0 0
500 0 0 0 0
501 0 0 0 0
502 0 0 0 0
503 0 0 0 0
504 0 0 0 0
505 0 0 0 0
506 0 0 0 0
507 0 0 0 0
508 0 0 0 0
509 0 0 0 0
510 0 0 0 0
511 0 0 0 0
512 0 0 0 0
513 0 0 0 0
514 0 0 0 0
515 0 0 0 0
516 0 0 0 0
517 0 0 0 0
518 0 0 0 0
519 0 0 0 0
520 0 0 0 0
521 0 0 0 0
522 0 0 0 0
523 0 0 0 0
524 0 0 0 0
525 0 0 0 0
526 0 0 0 0
527 0 0 0 0
528 0 0 0 0
529 0 0 0 0
530 0 0 0 0
531 0 0 0 0
532 0 0 0 0
533 0 0 0 0
534 0 0 0 0
535 0 0 0 0
536 0 0 0 0
537 0 0 0 0
538 0 0 0 0
539 0 0 0 0
540 0 0 0 0
541 0 0 0 0
542 0 0 0 0
543 0 0 0 0
544 0 0 0 0
545 0 0 0 0
546 0 0 0 0
547 0 0 0 0
548 0 0 0 0
549 0 0 0 0
550 0 0 0 0
551 0 0 0 0
552 0 0 0 0
553 0 0 0 0
554 0 0 0 0
555 0 0 0 0
556 0 0 0 0
557 0 0 0 0
558 0 0 0 0
559 0 0 0 0
560 0 0 0 0
561 0 0 0 0
562 0 0 0 0
563 0 0 0 0
564 0 0 0 0
565 0 0 0 0
566 0 0 0 0
567 0 0 0 0
568 0 0 0 0
569 0 0 0 0
570 0 0 0 0
571 0 0 0 0
572 0 0 0 0
573 0 0 0 0
574 0 0 0 0
575 0 0 0 0
576 0 0 0 0
577 0 0 0 0
578 0 0 0 0
579 0 0 0 0
580 0 0 0 0
581 0 0 0 0
582 0 0 0 0
583 0 0 0 0
584 0 0 0 0
585 0 0 0 0
586 0 0 0 0
587 0 0 0 0
588 0 0 0 0
589 0 0 0 0
590 0 0 0 0
591 0 0 0 0
592 0 0 0 0
593 0 0 0 0
594 0 0 0 0
595 0 0 0 0
596 0 0 0 0
597 0 0 0 0
598 0 0 0 0
599 0 0 0 0
600 0 0 0 0
601 0 0 0 0
602 0 0 0 0
603 0 0 0 0
604 0 0 0 0
605 0 0 0 0
606 0 0 0 0
607 0 0 0 0
608 0 0 0 0
609 0 0 0 0
610 0 0 0 0
611 0 0 0 0
612 0 0 0 0
613 0 0 0 0
614 0 0 0 0
615 0 0 0 0
616 0 0 0 0
617 0 0 0 0
618 0 0 0 0
619 0 0 0 0
620 0 0 0 0
621 0 0 0 0
622 0 0 0 0
623 0 0 0 0
624 0 0 0 0
625 0 0 0 0
626 0 0 0 0
627 0 0 0 0
628 0 0 0 0
629 0 0 0 0
630 0 0 0 0
631 0 0 0 0
632 0 0 0 0
633 0 0 0 0
634 0 0 0 0
635 0 0 0 0
636 0 0 0 0
637 0 0 0 0
638 0 0 0 0
639 0 0 0 0
640 0 0 0 0
641 0 0 0 0
642 0 0 0 0
643 0 0 0 0
644 0 0 0 0
645 0 0 0 0
646 0 0 0 0
647 0 0 0 0
648 0 0 0 0
649 0 0 0 0
650 0 0 0 0
651 0 0 0 0
652 0 0 0 0
653 0 0 0 0
654 0 0 0 0
655 0 0 0 0
656 0 0 0 0
657 0 0 0 0
658 0 0 0 0
659 0 0 0 0
660 0 0 0 0
661 0 0 0 0
662 0 0 0 0
663 0 0 0 0
664 0 0 0 0
665 0 0 0 0
666 0 0 0 0
667 0 0 0 0
668 0 0 0 0
669 0 0 0 0
670 0 0 0 0
671 0 0 0 0
672 0 0 0 0
673 0 0 0 0
674 0 0 0 0
675 0 0 0 0
676 0 0 0 0
677 0 0 0 0
678 0 0 0 0
679 0 0 0 0
680 0 0 0 0
681 0 0 0 0
682 0 0 0 0
683 0 0 0 0
684 0 0 0 0
685 0 0 0 0
686 0 0 0 0
687 0 0 0 0
688 0 0 0 0
689 0 0 0 0
690 0 0 0 0
691 0 0 0 0
692 0 0 0 0
693 0 0 0 0
694 0 0 0 0
695 0 0 0 0
696 0 0 0 0
697 0 0 0 0
698 0 0 0 0
699 0 0 0 0
700 0 0 0 0
701 0 0 0 0
702 0 0 0 0
703 0 0 0 0
704 0 0 0 0
705 0 0 0 0
706 0 0 0 0
707 0 0 0 0
708 0 0 0 0
709 0 0 0 0
710 0 0 0 0
711 0 0 0 0
712 0 0 0 0
713 0 0 0 0
714 0 0 0 0
715 0 0 0 0
716 0 0 0 0
717 0 0 0 0
718 0 0 0 0
719 0 0 0 0
720 0 0 0 0
721 0 0 0 0
722 0 0 0 0
723 0 0 0 0
724 0 0 0 0
725 0 0 0 0
726 0 0 0 0
727 0 0 0 0
