0 0 0 0 0
1 0 0 0 0
2 0 0 0 0
3 0 0 0 0
4 0 0 0 0
5 0 2 2 0
6 0 0 0 0
7 0 0 0 0
8 0 0 0 0
9 0 0 1 3
10 0 0 0 0
11 0 0 0 0
12 0 0 0 1
13 0 0 0 0
14 0 0 0 0
15 0 0 0 0
16 0 0 0 1
17 0 0 0 0
18 0 0 0 0
19 0 0 0 0
20 0 0 0 0
21 1 0 0 0
22 0 0 0 0
23 0 0 0 0
24 1 0 0 0
25 1 0 0 0
26 1 1 0 0
27 0 0 0 0
28 0 0 0 0
29 0 0 1 0
30 0 0 1 1
31 0 0 0 0
32 0 0 0 0
33 1 0 0 1
34 0 0 0 0
35 0 0 1 0
36 0 0 0 0
37 0 0 0 1
38 0 1 0 0
39 0 0 0 1
40 0 0 0 0
41 0 0 0 0
42 0 0 0 1
43 0 0 0 0
44 0 0 0 0
45 1 0 0 0
46 1 0 0 0
47 1 0 0 0
48 0 0 0 0
49 0 0 0 0
50 0 0 0 0
51 0 1 0 0
52 0 1 0 0
53 0 0 0 0
54 1 0 1 0
55 1 0 0 0
56 2 0 0 1
57 0 0 0 0
58 1 0 0 1
59 1 0 0 0
60 1 0 0 0
61 0 0 0 1
62 2 0 0 0
63 1 1 0 0
64 1 1 0 0
65 1 2 1 0
66 0 0 0 0
67 0 0 1 0
68 1 1 1 1
69 1 1 0 0
70 1 1 0 1
71 1 1 1 0
72 0 0 0 4
73 0 0 1 1
74 0 0 0 1
75 2 0 0 2
76 2 1 0 0
77 0 0 0 2
78 0 0 1 0
79 2 0 1 0
80 2 1 1 2
81 2 0 1 0
82 4 0 0 1
83 0 0 0 0
84 0 1 0 0
85 1 2 1 1
86 1 1 0 1
87 2 1 1 2
88 0 0 1 1
89 3 0 0 1
90 4 1 0 1
91 1 0 2 1
92 3 0 0 3
93 0 0 0 0
94 3 1 2 2
95 2 2 2 1
96 2 1 1 0
97 4 1 0 0
98 1 1 0 4
99 2 2 0 2
100 3 2 1 2
101 5 0 2 1
102 2 2 1 3
103 1 2 0 1
104 3 0 1 0
105 2 1 0 2
106 4 2 1 3
107 5 1 1 3
108 4 1 2 1
109 4 5 0 1
110 6 3 2 3
111 2 2 0 2
112 3 0 0 4
113 6 2 1 3
114 1 2 2 4
115 5 3 3 3
116 2 1 4 2
117 4 2 1 3
118 8 1 3 3
119 4 3 1 3
120 5 3 0 5
121 4 0 1 4
122 9 2 2 5
123 6 4 2 4
124 3 3 4 5
125 5 3 2 0
126 4 4 2 4
127 3 1 4 3
128 7 4 2 3
129 5 3 2 6
130 5 1 3 7
131 10 3 3 8
132 10 2 1 3
133 12 3 2 6
134 10 2 5 4
135 9 2 1 7
136 5 3 2 1
137 3 6 6 6
138 11 3 4 4
139 8 2 5 5
140 14 6 5 5
141 10 4 0 11
142 14 5 4 4
143 9 6 3 5
144 18 3 3 11
145 7 7 3 8
146 11 5 3 9
147 7 5 9 11
148 12 7 0 4
149 7 11 6 9
150 9 6 2 8
151 7 8 2 8
152 14 6 8 5
153 9 6 5 14
154 14 5 2 15
155 10 7 6 13
156 10 5 0 10
157 8 11 7 9
158 11 5 3 9
159 16 6 7 19
160 13 3 5 6
161 13 6 4 12
162 13 6 6 8
163 12 8 4 9
164 19 7 6 11
165 14 6 5 12
166 16 8 0 12
167 9 6 6 10
168 10 7 5 12
169 18 9 6 16
170 21 7 3 8
171 16 9 5 9
172 14 9 2 12
173 17 7 9 12
174 17 16 5 11
175 17 14 9 12
176 24 8 6 12
177 20 8 6 14
178 17 9 3 21
179 19 11 6 17
180 22 12 3 14
181 14 10 6 10
182 17 8 8 20
183 21 7 5 14
184 25 8 9 20
185 25 20 8 14
186 29 12 7 14
187 20 15 7 11
188 21 17 8 16
189 15 11 15 24
190 16 10 8 15
191 19 13 9 25
192 25 4 12 28
193 27 10 8 21
194 19 10 12 22
195 20 17 9 21
196 21 10 5 24
197 22 13 10 16
198 29 12 7 26
199 24 7 7 23
200 19 12 12 13
201 23 13 10 20
202 19 23 9 20
203 20 13 13 17
204 19 9 7 22
205 20 14 7 16
206 23 16 6 25
207 20 11 12 27
208 16 20 9 20
209 18 11 6 29
210 21 12 7 25
211 19 15 8 16
212 15 11 4 28
213 12 19 3 17
214 10 12 7 29
215 13 10 10 16
216 7 17 2 16
217 13 14 2 13
218 14 8 5 27
219 11 10 7 21
220 10 11 3 23
221 12 7 4 15
222 11 9 3 16
223 13 10 3 14
224 7 9 3 18
225 9 6 2 18
226 6 9 5 13
227 11 7 5 12
228 5 8 6 9
229 10 3 5 12
230 9 3 5 14
231 8 6 4 7
232 11 7 2 11
233 9 4 2 11
234 5 5 4 13
235 8 6 1 13
236 4 7 4 8
237 9 5 4 6
238 11 3 6 7
239 7 3 2 8
240 4 7 5 6
241 5 6 4 10
242 3 4 3 7
243 3 4 3 11
244 3 3 1 12
245 5 1 2 12
246 3 6 3 7
247 5 6 2 7
248 5 3 1 6
249 2 3 1 4
250 3 2 1 7
251 3 1 1 8
252 4 3 3 4
253 2 4 1 7
254 6 3 1 3
255 5 2 2 3
256 2 2 1 5
257 2 4 1 5
258 3 1 1 3
259 1 2 3 6
260 2 2 1 3
261 2 0 4 4
262 0 1 0 2
263 6 0 2 2
264 2 4 1 6
265 2 0 1 2
266 7 1 2 4
267 3 2 1 2
268 3 1 2 7
269 1 2 1 2
270 2 1 1 4
271 3 1 0 4
272 4 3 1 2
273 2 0 1 2
274 0 0 0 2
275 1 5 2 2
276 3 1 1 3
277 2 2 1 0
278 2 1 1 1
279 1 1 0 4
280 1 2 2 3
281 1 2 2 3
282 3 2 1 4
283 0 1 0 0
284 2 0 0 2
285 1 0 2 4
286 1 1 0 4
287 0 1 2 3
288 1 1 0 1
289 1 2 1 2
290 1 1 0 1
291 1 0 1 2
292 1 1 0 1
293 3 0 0 1
294 3 0 1 1
295 1 0 0 0
296 1 0 0 3
297 1 1 1 1
298 1 1 1 2
299 1 2 1 1
300 1 2 0 0
301 2 1 0 1
302 2 2 0 1
303 1 0 1 2
304 2 0 0 3
305 1 0 0 2
306 2 0 0 3
307 0 1 1 1
308 0 2 0 0
309 0 1 1 0
310 1 2 1 0
311 0 0 2 2
312 1 1 0 1
313 1 1 0 1
314 1 0 0 0
315 0 0 0 1
316 1 0 0 1
317 3 0 0 3
318 1 1 1 2
319 1 0 1 1
320 0 0 0 1
321 0 1 0 0
322 0 1 1 0
323 0 0 1 0
324 1 0 0 0
325 2 1 0 2
326 2 1 0 3
327 2 0 0 0
328 1 0 1 0
329 0 1 0 1
330 1 0 1 2
331 0 0 1 0
332 0 1 1 2
333 1 1 0 0
334 0 1 0 1
335 0 1 0 1
336 1 0 0 1
337 0 0 0 0
338 1 0 1 0
339 0 0 1 2
340 0 0 0 1
341 0 0 0 1
342 0 0 0 2
343 1 0 1 0
344 0 0 0 0
345 0 1 0 0
346 0 0 0 1
347 0 0 0 0
348 0 1 0 0
349 0 0 0 0
350 0 0 0 1
351 0 0 0 0
352 1 0 0 1
353 0 0 0 0
354 0 0 0 0
355 0 0 0 1
356 0 0 0 0
357 0 0 0 0
358 0 0 0 0
359 0 0 0 0
360 0 0 0 0
361 0 1 0 0
362 0 0 0 0
363 0 0 0 0
364 0 0 0 0
365 0 0 0 0
366 0 0 0 0
367 0 0 0 0
368 0 0 0 1
369 0 0 0 0
370 0 0 0 0
371 0 0 0 0
372 0 0 0 0
373 0 0 0 0
374 0 0 0 0
375 0 0 0 0
376 0 0 0 0
377 0 0 0 0
378 0 0 0 0
379 0 0 0 0
380 0 0 0 0
381 0 0 0 0
382 0 0 0 0
383 0 0 0 0
384 0 0 0 0
385 0 0 0 0
386 0 0 0 0
387 0 0 0 0
388 0 0 0 0
389 0 0 0 0
390 0 0 0 0
391 0 0 0 0
392 0 0 0 0
393 0 0 0 0
394 0 0 0 0
395 0 0 0 0
396 0 0 0 0
397 0 0 0 0
398 0 0 0 0
399 0 0 0 0
400 0 0 0 0
401 0 0 0 0
402 0 0 0 0
403 0 0 0 0
404 0 0 0 0
405 0 0 0 0
406 0 0 0 0
407 0 0 0 0
408 0 0 0 0
409 0 0 0 0
410 0 0 0 0
411 0 0 0 0
412 0 0 0 0
413 0 0 0 0
414 0 0 0 0
415 0 0 0 0
416 0 0 0 0
417 0 0 0 0
418 0 0 0 0
419 0 0 0 0
420 0 0 0 0
421 0 0 0 0
422 0 0 0 0
423 0 0 0 0
424 0 0 0 0
425 0 0 0 0
426 0 0 0 0
427 0 0 0 0
428 0 0 0 0
429 0 0 0 0
430 0 0 0 0
431 0 0 0 0
432 0 0 0 0
433 0 0 0 0
434 0 0 0 0
435 0 0 0 0
436 0 0 0 0
437 0 0 0 0
438 0 0 0 0
439 0 0 0 0
440 0 0 0 0
441 0 0 0 0
442 0 0 0 0
443 0 0 0 0
444 0 0 0 0
445 0 0 0 0
446 0 0 0 0
447 0 0 0 0
448 0 0 0 0
449 0 0 0 0
450 0 0 0 0
451 0 0 0 0
452 0 0 0 0
453 0 0 0 0
454 0 0 0 0
455 0 0 0 0
456 0 0 0 0
457 0 0 0 0
458 0 0 0 0
459 0 0 0 0
460 0 0 0 0
461 0 0 0 0
462 0 0 0 0
463 0 0 0 0
464 0 0 0 0
465 0 0 0 0
466 0 0 0 0
467 0 0 0 0
468 0 0 0 0
469 0 0 0 0
470 0 0 0 0
471 0 0 0 0
472 0 0 0 0
473 0 0 0 0
474 0 0 0 0
475 0 0 0 0
476 0 0 0 0
477 0 0 0 0
478 0 0 0 0
479 0 0 0 0
480 0 0 0 0
481 0 0 0 0
482 0 0 0 0
483 0 0 0 0
484 0 0 0 0
485 0 0 0 0
486 0 0 0 0
487 0 0 0 0
488 0 0 0 0
489 0 0 0 0
490 0 0 0 0
491 0 0 0 0
492 0 0 0 0
493 0 0 0 0
494 0 0 0 0
495 0 0 0 0
496 0 0 0 0
497 0 0 0 0
498 0 0 0 0
499 0 0 0 0
500 0 0 0 0
501 0 0 0 0
502 0 0 0 0
503 0 0 0 0
504 0 0 0 0
505 0 0 0 0
506 0 0 0 0
507 0 0 0 0
508 0 0 0 0
509 0 0 0 0
510 0 0 0 0
511 0 0 0 0
512 0 0 0 0
513 0 0 0 0
514 0 0 0 0
515 0 0 0 0
516 0 0 0 0
517 0 0 0 0
518 0 0 0 0
519 0 0 0 0
520 0 0 0 0
521 0 0 0 0
522 0 0 0 0
523 0 0 0 0
524 0 0 0 0
525 0 0 0 0
526 0 0 0 0
527 0 0 0 0
528 0 0 0 0
529 0 0 0 0
530 0 0 0 0
531 0 0 0 0
532 0 0 0 0
533 0 0 0 0
534 0 0 0 0
535 0 0 0 0
536 0 0 0 0
537 0 0 0 0
538 0 0 0 0
539 0 0 0 0
540 0 0 0 0
541 0 0 0 0
542 0 0 0 0
543 0 0 0 0
544 0 0 0 0
545 0 0 0 0
546 0 0 0 0
547 0 0 0 0
548 0 0 0 0
549 0 0 0 0
550 0 0 0 0
551 0 0 0 0
552 0 0 0 0
553 0 0 0 0
554 0 0 0 0
555 0 0 0 0
556 0 0 0 0
557 0 0 0 0
558 0 0 0 0
559 0 0 0 0
560 0 0 0 0
561 0 0 0 0
562 0 0 0 0
563 0 0 0 0
564 0 0 0 0
565 0 0 0 0
566 0 0 0 0
567 0 0 0 0
568 0 0 0 0
569 0 0 0 0
570 0 0 0 0
571 0 0 0 0
572 0 0 0 0
573 0 0 0 0
574 0 0 0 0
575 0 0 0 0
576 0 0 0 0
577 0 0 0 0
578 0 0 0 0
579 0 0 0 0
580 0 0 0 0
581 0 0 0 0
582 0 0 0 0
583 0 0 0 0
584 0 0 0 0
585 0 0 0 0
586 0 0 0 0
587 0 0 0 0
588 0 0 0 0
589 0 0 0 0
590 0 0 0 0
591 0 0 0 0
592 0 0 0 0
593 0 0 0 0
594 0 0 0 0
595 0 0 0 0
596 0 0 0 0
597 0 0 0 0
598 0 0 0 0
599 0 0 0 0
600 0 0 0 0
601 0 0 0 0
602 0 0 0 0
603 0 0 0 0
604 0 0 0 0
605 0 0 0 0
606 0 0 0 0
607 0 0 0 0
608 0 0 0 0
609 0 0 0 0
610 0 0 0 0
611 0 0 0 0
612 0 0 0 0
613 0 0 0 0
614 0 0 0 0
615 0 0 0 0
616 0 0 0 0
617 0 0 0 0
618 0 0 0 0
619 0 0 0 0
620 0 0 0 0
621 0 0 0 0
622 0 0 0 0
623 0 0 0 0
624 0 0 0 0
625 0 0 0 0
626 0 0 0 0
627 0 0 0 0
628 0 0 0 0
629 0 0 0 0
630 0 0 0 0
631 0 0 0 0
632 0 0 0 0
633 0 0 0 0
634 0 0 0 0
635 0 0 0 0
636 0 0 0 0
637 0 0 0 0
638 0 0 0 0
639 0 0 0 0
640 0 0 0 0
641 0 0 0 0
642 0 0 0 0
643 0 0 0 0
644 0 0 0 0
645 0 0 0 0
646 0 0 0 0
647 0 0 0 0
648 0 0 0 0
649 0 0 0 0
650 0 0 0 0
651 0 0 0 0
652 0 0 0 0
653 0 0 0 0
654 0 0 0 0
655 0 0 0 0
656 0 0 0 0
657 0 0 0 0
658 0 0 0 0
659 0 0 0 0
660 0 0 0 0
661 0 0 0 0
662 0 0 0 0
663 0 0 0 0
664 0 0 0 0
665 0 0 0 0
666 0 0 0 0
667 0 0 0 0
668 0 0 0 0
669 0 0 0 0
670 0 0 0 0
671 0 0 0 0
672 0 0 0 0
673 0 0 0 0
674 0 0 0 0
675 0 0 0 0
676 0 0 0 0
677 0 0 0 0
678 0 0 0 0
679 0 0 0 0
680 0 0 0 0
681 0 0 0 0
682 0 0 0 0
683 0 0 0 0
684 0 0 0 0
685 0 0 0 0
686 0 0 0 0
687 0 0 0 0
688 0 0 0 0
689 0 0 0 0
690 0 0 0 0
691 0 0 0 0
692 0 0 0 0
693 0 0 0 0
694 0 0 0 0
695 0 0 0 0
696 0 0 0 0
697 0 0 0 0
698 0 0 0 0
699 0 0 0 0
700 0 0 0 0
701 0 0 0 0
702 0 0 0 0
703 0 0 0 0
704 0 0 0 0
705 0 0 0 0
706 0 0 0 0
707 0 0 0 0
708 0 0 0 0
709 0 0 0 0
710 0 0 0 0
711 0 0 0 0
712 0 0 0 0
713 0 0 0 0
714 0 0 0 0
715 0 0 0 0
716 0 0 0 0
717 0 0 0 0
718 0 0 0 0
719 0 0 0 0
720 0 0 0 0
721 0 0 0 0
722 0 0 0 0
723 0 0 0 0
724 0 0 0 0
725 0 0 0 0
726 0 0 0 0
727 0 0 0 0
