0 0 0 0 0
1 0 0 0 0
2 0 0 0 0
3 0 0 0 0
4 0 0 0 0
5 0 1 1 0
6 0 0 0 0
7 0 0 0 0
8 0 0 0 0
9 0 1 2 1
10 0 0 0 0
11 0 0 0 0
12 0 0 0 1
13 0 0 0 2
14 0 0 0 0
15 0 0 0 0
16 0 0 0 1
17 0 0 0 0
18 1 0 0 0
19 0 0 0 0
20 1 0 0 0
21 1 0 0 0
22 0 0 0 0
23 3 1 0 0
24 1 0 0 0
25 0 0 0 0
26 0 0 1 0
27 1 0 0 0
28 0 1 1 0
29 1 1 1 0
30 1 0 0 2
31 1 0 0 0
32 0 1 1 1
33 0 0 0 2
34 0 1 0 0
35 0 0 1 1
36 0 1 0 2
37 0 0 0 0
38 0 0 0 1
39 1 0 0 1
40 0 0 0 0
41 0 0 0 0
42 0 0 0 0
43 0 0 0 1
44 0 0 0 0
45 1 0 0 0
46 0 0 0 0
47 0 0 0 0
48 0 0 1 0
49 1 0 0 0
50 0 0 1 0
51 2 0 0 0
52 1 0 0 1
53 3 0 0 0
54 2 0 0 0
55 1 0 0 0
56 1 0 0 0
57 1 0 1 1
58 0 1 0 0
59 2 1 0 0
60 1 0 2 0
61 0 0 1 0
62 1 2 1 0
63 0 1 0 1
64 0 1 1 2
65 0 0 1 1
66 1 0 1 3
67 1 0 0 2
68 0 0 1 3
69 0 0 0 1
70 0 0 0 1
71 1 1 1 0
72 1 1 0 0
73 2 0 0 0
74 4 0 0 0
75 3 0 0 2
76 2 0 0 1
77 4 0 1 0
78 2 1 0 1
79 3 1 2 0
80 0 2 1 0
81 1 0 1 0
82 0 2 1 0
83 1 1 1 0
84 0 4 0 2
85 1 1 0 2
86 1 1 1 5
87 4 1 0 2
88 1 1 1 2
89 0 0 0 1
90 1 0 0 3
91 1 1 0 3
92 2 3 1 3
93 2 0 1 1
94 2 0 0 0
95 7 1 0 0
96 5 1 1 0
97 6 2 0 0
98 2 0 0 1
99 3 1 0 6
100 3 3 2 2
101 3 1 0 1
102 4 6 2 1
103 5 1 2 0
104 5 2 0 3
105 4 2 3 1
106 2 1 0 7
107 1 2 0 2
108 4 3 1 1
109 4 3 1 4
110 5 3 2 5
111 3 1 4 3
112 1 2 1 4
113 7 2 3 2
114 4 2 2 2
115 7 2 1 4
116 5 1 2 3
117 4 1 0 5
118 4 5 1 6
119 7 2 3 3
120 5 2 2 2
121 6 5 1 3
122 4 4 1 7
123 3 3 2 5
124 3 2 3 1
125 8 3 1 6
126 5 3 2 4
127 6 2 2 7
128 3 2 3 5
129 9 2 1 5
130 6 7 2 3
131 8 2 1 3
132 4 3 1 3
133 8 2 2 5
134 9 6 1 9
135 5 4 0 5
136 7 5 2 3
137 5 1 4 6
138 7 6 4 5
139 6 7 2 4
140 5 6 0 5
141 7 2 2 5
142 6 2 4 9
143 10 4 6 11
144 9 5 2 4
145 8 6 2 4
146 12 1 2 7
147 8 2 3 11
148 11 4 4 8
149 8 6 0 7
150 9 7 4 4
151 7 5 5 6
152 9 4 6 5
153 11 4 7 5
154 8 3 5 3
155 4 4 6 14
156 13 3 1 9
157 10 5 5 11
158 7 6 5 8
159 9 2 5 13
160 4 3 3 9
161 6 8 5 9
162 12 4 2 6
163 9 8 2 5
164 11 1 5 7
165 14 0 5 11
166 16 9 2 6
167 8 5 4 8
168 14 8 2 14
169 9 6 2 5
170 15 4 4 9
171 15 9 3 5
172 19 8 2 10
173 13 6 6 12
174 16 7 3 10
175 11 10 9 9
176 15 6 6 10
177 18 11 6 9
178 13 6 7 15
179 15 3 7 14
180 12 7 6 11
181 16 12 8 14
182 15 13 7 14
183 15 9 9 11
184 9 5 9 14
185 16 7 5 15
186 17 7 5 13
187 18 12 0 19
188 25 8 4 19
189 15 5 7 19
190 26 11 5 13
191 17 13 8 11
192 20 7 10 9
193 20 9 9 18
194 17 6 4 13
195 16 11 7 14
196 17 15 5 10
197 19 16 12 18
198 15 14 9 19
199 26 10 13 16
200 26 9 5 21
201 16 10 6 21
202 12 6 4 24
203 20 9 6 19
204 12 12 7 20
205 15 17 9 21
206 16 11 14 18
207 9 9 3 12
208 14 13 6 17
209 9 10 7 17
210 10 7 7 17
211 14 11 4 15
212 10 9 5 27
213 12 7 3 22
214 12 11 2 14
215 9 7 6 17
216 13 11 4 11
217 9 8 5 12
218 6 5 4 12
219 6 7 3 17
220 12 7 4 10
221 10 8 3 11
222 11 11 1 10
223 10 2 5 12
224 10 6 4 14
225 9 7 6 12
226 7 6 6 10
227 4 8 3 10
228 6 5 2 12
229 3 7 6 13
230 7 4 2 11
231 5 5 2 9
232 3 4 3 10
233 10 4 5 13
234 5 5 0 8
235 6 3 2 6
236 6 3 1 8
237 5 2 1 5
238 5 6 1 8
239 4 3 7 9
240 4 3 3 8
241 2 2 1 2
242 6 2 4 3
243 6 5 1 8
244 1 4 1 3
245 1 2 3 5
246 1 2 2 10
247 3 2 0 6
248 2 4 4 4
249 5 2 1 5
250 6 0 2 6
251 7 3 2 5
252 8 2 0 5
253 2 0 1 4
254 3 2 1 2
255 2 1 2 7
256 0 3 0 2
257 3 2 1 1
258 4 3 3 5
259 3 4 1 1
260 2 4 2 1
261 4 3 1 3
262 2 1 1 6
263 2 1 1 5
264 1 1 2 5
265 1 0 1 4
266 4 3 1 3
267 1 1 2 4
268 1 2 0 3
269 1 1 0 1
270 2 1 2 1
271 1 2 3 5
272 0 1 0 2
273 2 1 0 3
274 2 0 0 3
275 2 2 0 2
276 3 2 0 1
277 2 0 1 1
278 3 1 1 4
279 1 0 1 3
280 1 1 1 1
281 1 0 0 0
282 2 2 1 2
283 1 1 2 2
284 1 0 0 1
285 3 3 2 1
286 3 0 0 1
287 5 1 0 2
288 2 0 1 0
289 3 1 0 4
290 1 1 4 3
291 1 1 1 0
292 0 1 2 2
293 0 4 0 0
294 2 2 1 3
295 2 1 1 3
296 1 0 0 2
297 0 0 0 6
298 1 0 1 3
299 0 1 1 3
300 1 1 0 1
301 0 1 0 0
302 0 0 0 1
303 1 1 0 0
304 1 1 1 0
305 0 0 0 1
306 1 0 0 2
307 0 0 1 1
308 1 0 1 2
309 0 0 0 0
310 0 0 0 1
311 0 1 0 1
312 0 0 1 1
313 0 0 1 0
314 1 0 0 1
315 0 0 0 0
316 2 0 0 1
317 1 0 1 1
318 1 0 0 1
319 1 0 0 0
320 1 0 0 0
321 1 0 0 1
322 0 0 0 0
323 1 1 1 0
324 0 1 0 0
325 0 3 0 0
326 0 1 0 0
327 0 0 0 1
328 0 0 0 1
329 0 0 0 1
330 0 1 0 1
331 0 0 0 0
332 0 1 0 2
333 0 0 0 1
334 0 0 0 1
335 0 0 0 0
336 0 0 0 1
337 1 0 0 0
338 0 0 0 0
339 0 0 0 0
340 0 0 0 0
341 0 0 0 0
342 3 0 0 0
343 2 0 0 0
344 0 0 0 0
345 1 0 0 0
346 0 1 0 0
347 1 0 1 0
348 0 1 0 0
349 0 0 0 0
350 0 0 0 0
351 0 1 1 1
352 0 0 1 0
353 0 0 0 1
354 0 0 1 0
355 0 0 0 3
356 0 1 0 0
357 0 0 0 0
358 0 0 0 0
359 0 0 0 1
360 0 0 0 1
361 0 0 0 1
362 0 0 0 0
363 0 0 0 0
364 0 0 0 0
365 0 0 0 0
366 1 0 0 0
367 0 0 0 0
368 0 0 0 0
369 0 0 0 0
370 0 0 0 0
371 0 0 1 0
372 0 0 0 0
373 0 0 0 0
374 0 0 0 0
375 0 0 0 1
376 0 0 0 0
377 0 0 0 0
378 0 0 0 0
379 0 0 0 0
380 0 0 0 0
381 0 0 0 0
382 0 0 0 0
383 0 0 0 0
384 0 0 0 0
385 0 0 0 0
386 0 0 0 0
387 0 0 0 0
388 0 0 0 0
389 0 0 0 0
390 0 0 0 0
391 0 0 0 0
392 1 0 0 0
393 0 0 0 0
394 0 0 0 0
395 0 0 0 0
396 0 0 0 0
397 0 0 0 0
398 0 0 0 0
399 0 0 0 0
400 0 0 0 0
401 0 1 0 0
402 0 0 0 0
403 0 0 0 0
404 0 0 0 0
405 0 0 0 0
406 0 0 0 0
407 0 0 0 0
408 0 0 0 1
409 0 0 0 0
410 0 0 0 0
411 0 0 0 0
412 0 0 0 0
413 0 0 0 0
414 0 0 0 0
415 0 0 0 0
416 0 0 0 0
417 0 0 0 0
418 0 0 0 0
419 0 0 0 0
420 0 0 0 0
421 0 0 0 0
422 0 0 0 0
423 0 0 0 0
424 0 0 0 0
425 0 0 0 0
426 0 0 0 0
427 0 0 0 0
428 0 0 0 0
429 0 0 0 0
430 0 0 0 0
431 0 0 0 0
432 0 0 0 0
433 0 0 0 0
434 0 0 0 0
435 0 0 0 0
436 0 0 0 0
437 0 0 0 0
438 0 0 0 0
439 0 0 0 0
440 0 0 0 0
441 0 0 0 0
442 0 0 0 0
443 0 0 0 0
444 0 0 0 0
445 0 0 0 0
446 0 0 0 0
447 0 0 0 0
448 0 0 0 0
449 0 0 0 0
450 0 0 0 0
451 0 0 0 0
452 0 0 0 0
453 0 0 0 0
454 0 0 0 0
455 0 0 0 0
456 0 0 0 0
457 0 0 0 0
458 0 0 0 0
459 0 0 0 0
460 0 0 0 0
461 0 0 0 0
462 0 0 0 0
463 0 0 0 0
464 0 0 0 0
465 0 0 0 0
466 0 0 0 0
467 0 0 0 0
468 0 0 0 0
469 0 0 0 0
470 0 0 0 0
471 0 0 0 0
472 0 0 0 0
473 0 0 0 0
474 0 0 0 0
475 0 0 0 0
476 0 0 0 0
477 0 0 0 0
478 0 0 0 0
479 0 0 0 0
480 0 0 0 0
481 0 0 0 0
482 0 0 0 0
483 0 0 0 0
484 0 0 0 0
485 0 0 0 0
486 0 0 0 0
487 0 0 0 0
488 0 0 0 0
489 0 0 0 0
490 0 0 0 0
491 0 0 0 0
492 0 0 0 0
493 0 0 0 0
494 0 0 0 0
495 0 0 0 0
496 0 0 0 0
497 0 0 0 0
498 0 0 0 0
499 0 0 0 0
500 0 0 0 0
501 0 0 0 0
502 0 0 0 0
503 0 0 0 0
504 0 0 0 0
505 0 0 0 0
506 0 0 0 0
507 0 0 0 0
508 0 0 0 0
509 0 0 0 0
510 0 0 0 0
511 0 0 0 0
512 0 0 0 0
513 0 0 0 0
514 0 0 0 0
515 0 0 0 0
516 0 0 0 0
517 0 0 0 0
518 0 0 0 0
519 0 0 0 0
520 0 0 0 0
521 0 0 0 0
522 0 0 0 0
523 0 0 0 0
524 0 0 0 0
525 0 0 0 0
526 0 0 0 0
527 0 0 0 0
528 0 0 0 0
529 0 0 0 0
530 0 0 0 0
531 0 0 0 0
532 0 0 0 0
533 0 0 0 0
534 0 0 0 0
535 0 0 0 0
536 0 0 0 0
537 0 0 0 0
538 0 0 0 0
539 0 0 0 0
540 0 0 0 0
541 0 0 0 0
542 0 0 0 0
543 0 0 0 0
544 0 0 0 0
545 0 0 0 0
546 0 0 0 0
547 0 0 0 0
548 0 0 0 0
549 0 0 0 0
550 0 0 0 0
551 0 0 0 0
552 0 0 0 0
553 0 0 0 0
554 0 0 0 0
555 0 0 0 0
556 0 0 0 0
557 0 0 0 0
558 0 0 0 0
559 0 0 0 0
560 0 0 0 0
561 0 0 0 0
562 0 0 0 0
563 0 0 0 0
564 0 0 0 0
565 0 0 0 0
566 0 0 0 0
567 0 0 0 0
568 0 0 0 0
569 0 0 0 0
570 0 0 0 0
571 0 0 0 0
572 0 0 0 0
573 0 0 0 0
574 0 0 0 0
575 0 0 0 0
576 0 0 0 0
577 0 0 0 0
578 0 0 0 0
579 0 0 0 0
580 0 0 0 0
581 0 0 0 0
582 0 0 0 0
583 0 0 0 0
584 0 0 0 0
585 0 0 0 0
586 0 0 0 0
587 0 0 0 0
588 0 0 0 0
589 0 0 0 0
590 0 0 0 0
591 0 0 0 0
592 0 0 0 0
593 0 0 0 0
594 0 0 0 0
595 0 0 0 0
596 0 0 0 0
597 0 0 0 0
598 0 0 0 0
599 0 0 0 0
600 0 0 0 0
601 0 0 0 0
602 0 0 0 0
603 0 0 0 0
604 0 0 0 0
605 0 0 0 0
606 0 0 0 0
607 0 0 0 0
608 0 0 0 0
609 0 0 0 0
610 0 0 0 0
611 0 0 0 0
612 0 0 0 0
613 0 0 0 0
614 0 0 0 0
615 0 0 0 0
616 0 0 0 0
617 0 0 0 0
618 0 0 0 0
619 0 0 0 0
620 0 0 0 0
621 0 0 0 0
622 0 0 0 0
623 0 0 0 0
624 0 0 0 0
625 0 0 0 0
626 0 0 0 0
627 0 0 0 0
628 0 0 0 0
629 0 0 0 0
630 0 0 0 0
631 0 0 0 0
632 0 0 0 0
633 0 0 0 0
634 0 0 0 0
635 0 0 0 0
636 0 0 0 0
637 0 0 0 0
638 0 0 0 0
639 0 0 0 0
640 0 0 0 0
641 0 0 0 0
642 0 0 0 0
643 0 0 0 0
644 0 0 0 0
645 0 0 0 0
646 0 0 0 0
647 0 0 0 0
648 0 0 0 0
649 0 0 0 0
650 0 0 0 0
651 0 0 0 0
652 0 0 0 0
653 0 0 0 0
654 0 0 0 0
655 0 0 0 0
656 0 0 0 0
657 0 0 0 0
658 0 0 0 0
659 0 0 0 0
660 0 0 0 0
661 0 0 0 0
662 0 0 0 0
663 0 0 0 0
664 0 0 0 0
665 0 0 0 0
666 0 0 0 0
667 0 0 0 0
668 0 0 0 0
669 0 0 0 0
670 0 0 0 0
671 0 0 0 0
672 0 0 0 0
673 0 0 0 0
674 0 0 0 0
675 0 0 0 0
676 0 0 0 0
677 0 0 0 0
678 0 0 0 0
679 0 0 0 0
680 0 0 0 0
681 0 0 0 0
682 0 0 0 0
683 0 0 0 0
684 0 0 0 0
685 0 0 0 0
686 0 0 0 0
687 0 0 0 0
688 0 0 0 0
689 0 0 0 0
690 0 0 0 0
691 0 0 0 0
692 0 0 0 0
693 0 0 0 0
694 0 0 0 0
695 0 0 0 0
696 0 0 0 0
697 0 0 0 0
698 0 0 0 0
699 0 0 0 0
700 0 0 0 0
701 0 0 0 0
702 0 0 0 0
703 0 0 0 0
704 0 0 0 0
705 0 0 0 0
706 0 0 0 0
707 0 0 0 0
708 0 0 0 0
709 0 0 0 0
710 0 0 0 0
711 0 0 0 0
712 0 0 0 0
713 0 0 0 0
714 0 0 0 0
715 0 0 0 0
716 0 0 0 0
717 0 0 0 0
718 0 0 0 0
719 0 0 0 0
720 0 0 0 0
721 0 0 0 0
722 0 0 0 0
723 0 0 0 0
724 0 0 0 0
725 0 0 0 0
726 0 0 0 0
727 0 0 0 0
