0 0 0 0 0
1 0 0 0 0
2 0 0 0 0
3 0 0 0 0
4 0 0 0 0
5 0 1 0 0
6 0 0 0 0
7 0 0 0 0
8 0 0 0 0
9 0 3 1 0
10 0 0 0 0
11 0 0 0 0
12 0 0 0 1
13 0 0 0 1
14 0 0 0 0
15 0 0 0 0
16 0 0 0 3
17 0 0 0 0
18 2 0 0 0
19 0 0 0 0
20 0 0 0 0
21 0 0 0 0
22 1 0 0 0
23 0 0 1 0
24 0 0 0 0
25 1 0 0 0
26 2 0 0 0
27 1 1 0 0
28 0 0 0 0
29 2 0 0 0
30 0 0 1 1
31 1 1 1 1
32 1 1 0 0
33 1 0 0 0
34 1 1 0 1
35 0 1 0 1
36 0 1 0 0
37 2 0 0 0
38 1 2 0 2
39 0 1 0 2
40 0 0 0 1
41 0 0 1 0
42 0 0 1 0
43 1 0 0 1
44 4 0 0 0
45 3 0 0 2
46 1 0 1 1
47 1 0 1 0
48 2 0 1 1
49 0 1 0 0
50 1 2 0 0
51 0 0 1 1
52 3 0 1 1
53 1 4 0 2
54 1 1 0 0
55 1 1 0 0
56 2 0 0 1
57 3 1 3 3
58 0 0 0 2
59 1 0 1 2
60 3 0 1 2
61 1 0 1 2
62 2 1 1 0
63 4 0 0 0
64 0 0 0 2
65 2 1 2 0
66 0 3 0 2
67 4 0 0 2
68 1 1 1 1
69 1 1 0 2
70 2 1 1 1
71 0 2 0 0
72 1 5 1 1
73 2 0 1 3
74 0 0 0 0
75 2 1 0 2
76 1 0 1 5
77 1 1 0 2
78 0 1 0 1
79 0 0 1 2
80 1 2 0 2
81 4 0 0 0
82 4 2 1 1
83 3 0 0 1
84 1 0 0 3
85 1 2 0 1
86 4 2 1 0
87 2 0 1 0
88 3 1 0 0
89 1 1 0 4
90 3 0 1 1
91 3 2 3 0
92 3 2 1 2
93 3 1 1 2
94 2 0 1 2
95 5 1 2 4
96 1 1 2 4
97 5 2 1 2
98 2 2 1 2
99 8 1 4 0
100 4 2 2 1
101 6 0 0 1
102 5 0 2 4
103 2 0 0 2
104 6 5 4 2
105 3 3 2 2
106 4 4 3 6
107 6 1 2 5
108 7 2 2 6
109 3 2 0 1
110 1 2 0 3
111 4 1 4 5
112 3 2 0 6
113 6 3 3 5
114 7 2 2 1
115 5 2 1 4
116 4 5 2 1
117 9 4 1 5
118 7 5 1 5
119 8 3 0 4
120 6 3 2 8
121 7 3 3 4
122 6 4 3 4
123 7 9 1 4
124 8 3 3 7
125 6 4 0 7
126 7 9 1 4
127 6 1 3 6
128 9 3 6 4
129 9 6 0 5
130 10 4 0 12
131 8 4 3 6
132 5 4 2 6
133 9 7 2 9
134 11 6 2 3
135 11 4 1 11
136 6 4 2 6
137 5 4 5 9
138 9 2 6 4
139 5 3 10 6
140 12 6 4 7
141 6 3 4 7
142 6 3 4 4
143 6 9 2 11
144 6 5 3 10
145 4 4 6 9
146 9 6 0 8
147 6 4 1 12
148 8 2 3 7
149 10 2 4 11
150 10 5 0 9
151 13 1 6 4
152 9 5 2 7
153 10 8 0 8
154 8 9 0 6
155 13 7 1 4
156 12 8 4 4
157 5 4 3 12
158 10 2 2 12
159 12 10 2 3
160 7 9 4 6
161 12 8 7 10
162 14 7 5 9
163 8 6 2 9
164 11 2 6 6
165 10 6 1 10
166 12 6 2 16
167 9 6 10 13
168 13 6 4 7
169 14 5 3 8
170 11 9 1 9
171 13 9 1 10
172 16 9 3 6
173 15 8 5 7
174 13 9 5 14
175 11 6 6 11
176 12 7 4 11
177 12 6 6 15
178 15 5 7 11
179 11 2 9 15
180 12 12 4 13
181 13 9 6 14
182 12 8 6 8
183 23 10 2 9
184 18 3 7 15
185 10 8 7 15
186 22 10 1 15
187 6 8 5 11
188 21 15 7 12
189 15 6 6 17
190 24 11 2 15
191 16 10 7 11
192 15 6 4 19
193 16 13 6 8
194 18 12 4 16
195 13 18 8 21
196 17 5 6 14
197 18 8 8 15
198 21 8 5 12
199 11 16 8 17
200 16 11 4 13
201 17 3 8 17
202 8 10 6 20
203 15 7 11 15
204 13 7 10 17
205 9 12 10 12
206 14 13 9 25
207 10 8 4 19
208 16 3 6 17
209 15 6 5 17
210 4 8 4 21
211 13 5 5 8
212 13 8 7 13
213 10 13 4 9
214 7 11 3 14
215 9 8 3 10
216 14 7 4 24
217 7 3 3 15
218 5 7 5 9
219 7 3 3 8
220 9 7 1 15
221 4 7 11 13
222 3 4 3 11
223 9 4 2 7
224 5 3 5 4
225 5 6 3 15
226 5 4 0 10
227 3 1 3 10
228 7 5 4 9
229 3 6 1 7
230 3 3 2 5
231 4 2 1 7
232 2 3 4 9
233 4 6 2 2
234 5 4 1 4
235 6 3 1 5
236 5 3 1 8
237 4 2 1 7
238 7 2 3 2
239 4 5 0 7
240 3 2 1 7
241 5 2 2 5
242 1 1 2 3
243 2 6 3 3
244 3 2 3 2
245 2 2 1 7
246 1 2 1 3
247 2 2 0 9
248 2 1 0 5
249 0 2 1 3
250 0 3 1 4
251 1 0 0 2
252 2 0 2 2
253 2 3 0 4
254 3 0 2 4
255 3 0 1 1
256 0 1 0 2
257 2 2 0 2
258 4 0 1 1
259 0 1 1 3
260 2 1 1 1
261 1 1 1 3
262 2 1 1 1
263 1 2 2 1
264 0 1 0 1
265 0 0 0 1
266 1 1 0 5
267 0 2 1 2
268 0 2 0 1
269 0 0 2 0
270 2 0 0 3
271 1 1 0 2
272 1 0 0 1
273 0 0 0 1
274 0 0 0 1
275 0 1 1 1
276 0 1 0 2
277 0 1 0 0
278 0 0 0 1
279 0 0 0 2
280 0 0 0 0
281 0 0 0 0
282 0 0 0 0
283 0 0 0 1
284 0 0 0 1
285 4 0 0 0
286 2 0 0 0
287 0 0 0 0
288 1 0 0 0
289 1 0 0 0
290 1 2 1 0
291 1 0 1 0
292 0 2 0 0
293 2 0 0 0
294 1 1 0 2
295 0 1 0 1
296 0 1 0 1
297 1 0 1 1
298 1 0 0 1
299 0 0 1 2
300 0 0 0 1
301 0 0 0 1
302 0 2 0 0
303 0 1 0 1
304 0 0 0 0
305 1 0 0 0
306 1 0 1 0
307 0 0 0 0
308 0 0 0 0
309 0 0 0 2
310 0 0 0 1
311 0 1 0 0
312 0 0 0 0
313 0 0 0 1
314 0 1 0 0
315 0 0 0 1
316 0 0 0 0
317 0 0 0 0
318 1 0 0 0
319 0 0 0 0
320 0 0 0 0
321 0 0 0 1
322 1 0 0 0
323 0 0 1 0
324 0 0 0 0
325 0 0 0 0
326 0 0 0 0
327 0 0 0 0
328 0 0 0 0
329 0 0 0 0
330 0 0 0 1
331 0 1 0 0
332 0 0 0 0
333 0 0 0 0
334 0 0 0 0
335 0 0 0 0
336 0 0 0 0
337 0 0 0 0
338 0 0 0 1
339 0 0 0 0
340 0 0 0 0
341 0 0 0 0
342 0 0 0 0
343 0 0 0 0
344 0 0 0 0
345 0 0 0 0
346 0 0 0 0
347 0 0 0 0
348 0 0 0 0
349 0 0 0 0
350 0 0 0 0
351 0 0 0 0
352 0 0 0 0
353 0 0 0 0
354 0 0 0 0
355 0 0 0 0
356 0 0 0 0
357 0 0 0 0
358 0 0 0 0
359 0 0 0 0
360 0 0 0 0
361 0 0 0 0
362 0 0 0 0
363 0 0 0 0
364 0 0 0 0
365 0 0 0 0
366 0 0 0 0
367 0 0 0 0
368 0 0 0 0
369 0 0 0 0
370 0 0 0 0
371 0 0 0 0
372 0 0 0 0
373 0 0 0 0
374 0 0 0 0
375 0 0 0 0
376 0 0 0 0
377 0 0 0 0
378 0 0 0 0
379 0 0 0 0
380 0 0 0 0
381 0 0 0 0
382 0 0 0 0
383 0 0 0 0
384 0 0 0 0
385 0 0 0 0
386 0 0 0 0
387 0 0 0 0
388 0 0 0 0
389 0 0 0 0
390 0 0 0 0
391 0 0 0 0
392 0 0 0 0
393 0 0 0 0
394 0 0 0 0
395 0 0 0 0
396 0 0 0 0
397 0 0 0 0
398 0 0 0 0
399 0 0 0 0
400 0 0 0 0
401 0 0 0 0
402 0 0 0 0
403 0 0 0 0
404 0 0 0 0
405 0 0 0 0
406 0 0 0 0
407 0 0 0 0
408 0 0 0 0
409 0 0 0 0
410 0 0 0 0
411 0 0 0 0
412 0 0 0 0
413 0 0 0 0
414 0 0 0 0
415 0 0 0 0
416 0 0 0 0
417 0 0 0 0
418 0 0 0 0
419 0 0 0 0
420 0 0 0 0
421 0 0 0 0
422 0 0 0 0
423 0 0 0 0
424 0 0 0 0
425 0 0 0 0
426 0 0 0 0
427 0 0 0 0
428 0 0 0 0
429 0 0 0 0
430 0 0 0 0
431 0 0 0 0
432 0 0 0 0
433 0 0 0 0
434 0 0 0 0
435 0 0 0 0
436 0 0 0 0
437 0 0 0 0
438 0 0 0 0
439 0 0 0 0
440 0 0 0 0
441 0 0 0 0
442 0 0 0 0
443 0 0 0 0
444 0 0 0 0
445 0 0 0 0
446 0 0 0 0
447 0 0 0 0
448 0 0 0 0
449 0 0 0 0
450 0 0 0 0
451 0 0 0 0
452 0 0 0 0
453 0 0 0 0
454 0 0 0 0
455 0 0 0 0
456 0 0 0 0
457 0 0 0 0
458 0 0 0 0
459 0 0 0 0
460 0 0 0 0
461 0 0 0 0
462 0 0 0 0
463 0 0 0 0
464 0 0 0 0
465 0 0 0 0
466 0 0 0 0
467 0 0 0 0
468 0 0 0 0
469 0 0 0 0
470 0 0 0 0
471 0 0 0 0
472 0 0 0 0
473 0 0 0 0
474 0 0 0 0
475 0 0 0 0
476 0 0 0 0
477 0 0 0 0
478 0 0 0 0
479 0 0 0 0
480 0 0 0 0
481 0 0 0 0
482 0 0 0 0
483 0 0 0 0
484 0 0 0 0
485 0 0 0 0
486 0 0 0 0
487 0 0 0 0
488 0 0 0 0
489 0 0 0 0
490 0 0 0 0
491 0 0 0 0
492 0 0 0 0
493 0 0 0 0
494 0 0 0 0
495 0 0 0 0
496 0 0 0 0
497 0 0 0 0
498 0 0 0 0
499 0 0 0 0
500 0 0 0 0
501 0 0 0 0
502 0 0 0 0
503 0 0 0 0
504 0 0 0 0
505 0 0 0 0
506 0 0 0 0
507 0 0 0 0
508 0 0 0 0
509 0 0 0 0
510 0 0 0 0
511 0 0 0 0
512 0 0 0 0
513 0 0 0 0
514 0 0 0 0
515 0 0 0 0
516 0 0 0 0
517 0 0 0 0
518 0 0 0 0
519 0 0 0 0
520 0 0 0 0
521 0 0 0 0
522 0 0 0 0
523 0 0 0 0
524 0 0 0 0
525 0 0 0 0
526 0 0 0 0
527 0 0 0 0
528 0 0 0 0
529 0 0 0 0
530 0 0 0 0
531 0 0 0 0
532 0 0 0 0
533 0 0 0 0
534 0 0 0 0
535 0 0 0 0
536 0 0 0 0
537 0 0 0 0
538 0 0 0 0
539 0 0 0 0
540 0 0 0 0
541 0 0 0 0
542 0 0 0 0
543 0 0 0 0
544 0 0 0 0
545 0 0 0 0
546 0 0 0 0
547 0 0 0 0
548 0 0 0 0
549 0 0 0 0
550 0 0 0 0
551 0 0 0 0
552 0 0 0 0
553 0 0 0 0
554 0 0 0 0
555 0 0 0 0
556 0 0 0 0
557 0 0 0 0
558 0 0 0 0
559 0 0 0 0
560 0 0 0 0
561 0 0 0 0
562 0 0 0 0
563 0 0 0 0
564 0 0 0 0
565 0 0 0 0
566 0 0 0 0
567 0 0 0 0
568 0 0 0 0
569 0 0 0 0
570 0 0 0 0
571 0 0 0 0
572 0 0 0 0
573 0 0 0 0
574 0 0 0 0
575 0 0 0 0
576 0 0 0 0
577 0 0 0 0
578 0 0 0 0
579 0 0 0 0
580 0 0 0 0
581 0 0 0 0
582 0 0 0 0
583 0 0 0 0
584 0 0 0 0
585 0 0 0 0
586 0 0 0 0
587 0 0 0 0
588 0 0 0 0
589 0 0 0 0
590 0 0 0 0
591 0 0 0 0
592 0 0 0 0
593 0 0 0 0
594 0 0 0 0
595 0 0 0 0
596 0 0 0 0
597 0 0 0 0
598 0 0 0 0
599 0 0 0 0
600 0 0 0 0
601 0 0 0 0
602 0 0 0 0
603 0 0 0 0
604 0 0 0 0
605 0 0 0 0
606 0 0 0 0
607 0 0 0 0
608 0 0 0 0
609 0 0 0 0
610 0 0 0 0
611 0 0 0 0
612 0 0 0 0
613 0 0 0 0
614 0 0 0 0
615 0 0 0 0
616 0 0 0 0
617 0 0 0 0
618 0 0 0 0
619 0 0 0 0
620 0 0 0 0
621 0 0 0 0
622 0 0 0 0
623 0 0 0 0
624 0 0 0 0
625 0 0 0 0
626 0 0 0 0
627 0 0 0 0
628 0 0 0 0
629 0 0 0 0
630 0 0 0 0
631 0 0 0 0
632 0 0 0 0
633 0 0 0 0
634 0 0 0 0
635 0 0 0 0
636 0 0 0 0
637 0 0 0 0
638 0 0 0 0
639 0 0 0 0
640 0 0 0 0
641 0 0 0 0
642 0 0 0 0
643 0 0 0 0
644 0 0 0 0
645 0 0 0 0
646 0 0 0 0
647 0 0 0 0
648 0 0 0 0
649 0 0 0 0
650 0 0 0 0
651 0 0 0 0
652 0 0 0 0
653 0 0 0 0
654 0 0 0 0
655 0 0 0 0
656 0 0 0 0
657 0 0 0 0
658 0 0 0 0
659 0 0 0 0
660 0 0 0 0
661 0 0 0 0
662 0 0 0 0
663 0 0 0 0
664 0 0 0 0
665 0 0 0 0
666 0 0 0 0
667 0 0 0 0
668 0 0 0 0
669 0 0 0 0
670 0 0 0 0
671 0 0 0 0
672 0 0 0 0
673 0 0 0 0
674 0 0 0 0
675 0 0 0 0
676 0 0 0 0
677 0 0 0 0
678 0 0 0 0
679 0 0 0 0
680 0 0 0 0
681 0 0 0 0
682 0 0 0 0
683 0 0 0 0
684 0 0 0 0
685 0 0 0 0
686 0 0 0 0
687 0 0 0 0
688 0 0 0 0
689 0 0 0 0
690 0 0 0 0
691 0 0 0 0
692 0 0 0 0
693 0 0 0 0
694 0 0 0 0
695 0 0 0 0
696 0 0 0 0
697 0 0 0 0
698 0 0 0 0
699 0 0 0 0
700 0 0 0 0
701 0 0 0 0
702 0 0 0 0
703 0 0 0 0
704 0 0 0 0
705 0 0 0 0
706 0 0 0 0
707 0 0 0 0
708 0 0 0 0
709 0 0 0 0
710 0 0 0 0
711 0 0 0 0
712 0 0 0 0
713 0 0 0 0
714 0 0 0 0
715 0 0 0 0
716 0 0 0 0
717 0 0 0 0
718 0 0 0 0
719 0 0 0 0
720 0 0 0 0
721 0 0 0 0
722 0 0 0 0
723 0 0 0 0
724 0 0 0 0
725 0 0 0 0
726 0 0 0 0
727 0 0 0 0
