0 0 0 0 0
1 0 0 0 0
2 0 0 0 0
3 0 0 0 0
4 0 0 0 0
5 0 0 2 0
6 0 0 0 0
7 0 1 0 0
8 0 0 0 0
9 0 1 1 0
10 0 0 0 0
11 0 0 0 2
12 0 0 0 1
13 0 0 0 0
14 0 0 0 0
15 0 0 0 0
16 0 0 0 2
17 0 0 0 0
18 1 0 0 0
19 1 0 0 0
20 2 0 0 0
21 1 0 0 0
22 1 0 0 0
23 2 0 0 0
24 1 0 1 0
25 1 3 0 0
26 1 1 0 0
27 2 1 0 0
28 1 1 1 0
29 1 0 0 2
30 0 1 0 0
31 2 0 1 1
32 1 0 1 3
33 1 1 0 1
34 1 0 0 2
35 0 0 0 1
36 0 1 0 0
37 1 1 1 0
38 0 1 0 0
39 2 1 0 1
40 2 2 0 1
41 0 0 0 0
42 1 1 1 2
43 3 0 0 0
44 1 1 0 3
45 0 0 1 0
46 1 0 0 3
47 2 0 0 1
48 2 0 2 0
49 2 2 0 0
50 2 0 0 0
51 4 0 1 1
52 2 0 3 3
53 1 0 0 2
54 3 1 0 0
55 0 2 1 0
56 2 2 1 1
57 3 1 2 0
58 2 2 0 2
59 1 1 0 4
60 1 2 0 1
61 1 1 1 3
62 2 1 0 1
63 2 1 1 2
64 4 0 2 1
65 3 1 1 3
66 6 1 2 1
67 3 1 1 2
68 3 1 0 3
69 4 2 2 3
70 9 0 1 0
71 5 2 3 1
72 6 2 0 1
73 7 1 1 5
74 6 3 1 2
75 2 2 4 3
76 5 0 4 2
77 4 5 1 0
78 5 0 4 7
79 5 3 2 5
80 7 3 2 4
81 8 3 1 4
82 4 5 4 5
83 3 6 2 4
84 4 0 2 6
85 4 5 0 6
86 3 2 2 10
87 4 1 1 3
88 8 2 2 0
89 9 2 6 6
90 10 5 2 8
91 10 4 1 2
92 6 4 0 4
93 7 4 3 7
94 9 2 4 5
95 6 3 3 3
96 12 5 5 4
97 12 4 3 7
98 10 4 6 7
99 8 2 3 5
100 12 4 2 8
101 12 8 2 5
102 10 4 5 6
103 5 13 3 9
104 7 4 5 8
105 9 7 4 11
106 15 8 4 6
107 8 5 1 10
108 15 1 3 10
109 6 4 4 12
110 13 8 3 16
111 13 11 4 6
112 7 7 3 8
113 8 7 3 7
114 9 5 4 9
115 14 8 5 12
116 14 3 7 12
117 17 7 1 13
118 18 4 4 9
119 16 8 3 8
120 7 7 6 9
121 7 9 3 8
122 18 6 4 13
123 15 7 6 9
124 14 7 9 11
125 9 6 5 10
126 20 9 2 12
127 9 14 5 13
128 7 8 7 13
129 12 4 3 9
130 13 6 5 17
131 23 9 11 21
132 10 11 5 12
133 14 7 5 8
134 16 2 5 10
135 15 6 5 22
136 22 7 4 10
137 9 10 3 15
138 18 10 3 5
139 15 12 6 18
140 11 14 6 12
141 19 10 7 12
142 22 7 5 8
143 21 11 6 13
144 18 11 5 17
145 24 8 5 22
146 16 8 9 15
147 11 12 5 21
148 22 11 9 15
149 22 8 6 14
150 12 17 9 16
151 17 11 7 12
152 20 7 5 15
153 22 8 13 13
154 19 8 8 23
155 24 13 3 19
156 21 8 4 12
157 20 16 9 23
158 17 16 6 16
159 22 9 6 17
160 24 12 10 17
161 22 12 10 20
162 29 10 8 18
163 32 14 7 15
164 27 16 7 24
165 26 16 7 20
166 26 10 10 18
167 26 12 13 24
168 22 17 11 20
169 19 12 11 19
170 33 11 15 22
171 23 19 12 27
172 24 17 12 25
173 24 20 5 23
174 24 14 7 18
175 35 16 9 31
176 29 13 13 25
177 32 11 6 28
178 32 15 11 26
179 31 21 12 29
180 20 10 11 25
181 28 15 16 19
182 31 14 9 21
183 33 23 7 27
184 33 24 20 23
185 39 15 8 38
186 24 20 14 28
187 35 16 12 17
188 35 19 10 34
189 34 15 14 25
190 40 21 9 36
191 28 21 11 40
192 32 18 12 28
193 33 16 16 30
194 37 27 12 27
195 33 13 17 27
196 27 22 9 31
197 24 17 15 33
198 23 14 20 38
199 25 24 17 30
200 31 16 13 31
201 25 15 10 35
202 37 12 10 32
203 28 15 14 33
204 29 17 16 33
205 19 21 13 33
206 23 13 12 27
207 20 22 12 28
208 14 23 5 26
209 11 15 13 31
210 21 13 8 30
211 13 13 10 32
212 17 15 9 31
213 17 14 9 23
214 19 5 7 33
215 13 14 10 18
216 22 13 4 22
217 14 10 6 21
218 14 6 8 21
219 10 12 8 23
220 15 9 6 23
221 12 10 7 15
222 8 10 4 21
223 10 10 7 18
224 11 5 4 14
225 10 14 7 13
226 12 15 3 19
227 9 10 2 15
228 17 7 3 12
229 7 4 7 16
230 9 5 4 16
231 8 6 4 13
232 8 3 3 13
233 7 8 5 16
234 6 4 4 9
235 7 9 3 12
236 10 8 3 9
237 10 9 4 12
238 4 4 3 8
239 4 4 1 9
240 4 5 2 12
241 3 6 7 7
242 5 2 8 12
243 3 3 2 9
244 5 2 6 13
245 4 4 2 9
246 3 4 2 9
247 3 4 1 3
248 7 0 3 8
249 8 2 0 7
250 3 3 1 8
251 3 1 2 11
252 3 0 1 3
253 4 3 1 2
254 1 1 3 3
255 1 3 0 3
256 4 3 1 2
257 1 5 4 6
258 1 5 2 4
259 4 3 0 1
260 3 1 1 2
261 3 1 1 7
262 1 3 0 4
263 2 0 1 4
264 0 3 0 5
265 1 2 2 6
266 0 1 1 3
267 1 1 0 1
268 1 1 1 2
269 2 0 1 4
270 1 1 1 2
271 1 0 0 1
272 0 2 0 4
273 1 1 0 1
274 3 1 0 3
275 4 1 0 0
276 2 1 1 3
277 2 0 0 0
278 0 0 0 1
279 0 3 0 0
280 1 1 1 2
281 2 0 0 0
282 3 2 0 1
283 0 0 0 2
284 1 0 2 2
285 0 2 0 0
286 0 1 1 3
287 1 2 1 0
288 0 0 0 0
289 1 0 1 1
290 0 0 1 1
291 1 0 0 3
292 0 0 0 2
293 1 0 1 2
294 1 0 1 3
295 0 0 0 0
296 0 1 1 0
297 0 0 0 1
298 1 1 0 1
299 1 1 0 0
300 0 0 0 0
301 1 0 0 0
302 1 0 0 1
303 0 1 0 3
304 0 0 1 0
305 0 0 0 0
306 0 0 1 0
307 0 1 0 0
308 0 0 0 1
309 0 0 0 0
310 0 0 0 2
311 0 0 0 0
312 0 0 0 0
313 0 0 0 0
314 0 0 0 1
315 0 0 0 0
316 0 0 0 0
317 0 0 0 0
318 0 0 0 0
319 0 0 0 0
320 0 0 0 0
321 0 0 0 0
322 0 0 0 0
323 0 0 0 0
324 0 0 0 0
325 0 0 0 0
326 0 0 0 0
327 0 0 0 0
328 0 0 0 0
329 0 0 0 0
330 0 0 0 0
331 0 0 0 0
332 0 0 0 0
333 0 0 0 0
334 0 0 0 0
335 0 0 0 0
336 0 0 0 0
337 0 0 0 0
338 0 0 0 0
339 0 0 0 0
340 0 0 0 0
341 0 0 0 0
342 0 0 0 0
343 0 0 0 0
344 0 0 0 0
345 0 0 0 0
346 0 0 0 0
347 0 0 0 0
348 0 0 0 0
349 0 0 0 0
350 0 0 0 0
351 0 0 0 0
352 0 0 0 0
353 0 0 0 0
354 0 0 0 0
355 0 0 0 0
356 0 0 0 0
357 0 0 0 0
358 0 0 0 0
359 0 0 0 0
360 0 0 0 0
361 0 0 0 0
362 0 0 0 0
363 0 0 0 0
364 0 0 0 0
365 0 0 0 0
366 0 0 0 0
367 0 0 0 0
368 0 0 0 0
369 0 0 0 0
370 0 0 0 0
371 0 0 0 0
372 0 0 0 0
373 0 0 0 0
374 0 0 0 0
375 0 0 0 0
376 0 0 0 0
377 0 0 0 0
378 0 0 0 0
379 0 0 0 0
380 0 0 0 0
381 0 0 0 0
382 0 0 0 0
383 0 0 0 0
384 0 0 0 0
385 0 0 0 0
386 0 0 0 0
387 0 0 0 0
388 0 0 0 0
389 0 0 0 0
390 0 0 0 0
391 0 0 0 0
392 0 0 0 0
393 0 0 0 0
394 0 0 0 0
395 0 0 0 0
396 0 0 0 0
397 0 0 0 0
398 0 0 0 0
399 0 0 0 0
400 0 0 0 0
401 0 0 0 0
402 0 0 0 0
403 0 0 0 0
404 0 0 0 0
405 0 0 0 0
406 0 0 0 0
407 0 0 0 0
408 0 0 0 0
409 0 0 0 0
410 0 0 0 0
411 0 0 0 0
412 0 0 0 0
413 0 0 0 0
414 0 0 0 0
415 0 0 0 0
416 0 0 0 0
417 0 0 0 0
418 0 0 0 0
419 0 0 0 0
420 0 0 0 0
421 0 0 0 0
422 0 0 0 0
423 0 0 0 0
424 0 0 0 0
425 0 0 0 0
426 0 0 0 0
427 0 0 0 0
428 0 0 0 0
429 0 0 0 0
430 0 0 0 0
431 0 0 0 0
432 0 0 0 0
433 0 0 0 0
434 0 0 0 0
435 0 0 0 0
436 0 0 0 0
437 0 0 0 0
438 0 0 0 0
439 0 0 0 0
440 0 0 0 0
441 0 0 0 0
442 0 0 0 0
443 0 0 0 0
444 0 0 0 0
445 0 0 0 0
446 0 0 0 0
447 0 0 0 0
448 0 0 0 0
449 0 0 0 0
450 0 0 0 0
451 0 0 0 0
452 0 0 0 0
453 0 0 0 0
454 0 0 0 0
455 0 0 0 0
456 0 0 0 0
457 0 0 0 0
458 0 0 0 0
459 0 0 0 0
460 0 0 0 0
461 0 0 0 0
462 0 0 0 0
463 0 0 0 0
464 0 0 0 0
465 0 0 0 0
466 0 0 0 0
467 0 0 0 0
468 0 0 0 0
469 0 0 0 0
470 0 0 0 0
471 0 0 0 0
472 0 0 0 0
473 0 0 0 0
474 0 0 0 0
475 0 0 0 0
476 0 0 0 0
477 0 0 0 0
478 0 0 0 0
479 0 0 0 0
480 0 0 0 0
481 0 0 0 0
482 0 0 0 0
483 0 0 0 0
484 0 0 0 0
485 0 0 0 0
486 0 0 0 0
487 0 0 0 0
488 0 0 0 0
489 0 0 0 0
490 0 0 0 0
491 0 0 0 0
492 0 0 0 0
493 0 0 0 0
494 0 0 0 0
495 0 0 0 0
496 0 0 0 0
497 0 0 0 0
498 0 0 0 0
499 0 0 0 0
500 0 0 0 0
501 0 0 0 0
502 0 0 0 0
503 0 0 0 0
504 0 0 0 0
505 0 0 0 0
506 0 0 0 0
507 0 0 0 0
508 0 0 0 0
509 0 0 0 0
510 0 0 0 0
511 0 0 0 0
512 0 0 0 0
513 0 0 0 0
514 0 0 0 0
515 0 0 0 0
516 0 0 0 0
517 0 0 0 0
518 0 0 0 0
519 0 0 0 0
520 0 0 0 0
521 0 0 0 0
522 0 0 0 0
523 0 0 0 0
524 0 0 0 0
525 0 0 0 0
526 0 0 0 0
527 0 0 0 0
528 0 0 0 0
529 0 0 0 0
530 0 0 0 0
531 0 0 0 0
532 0 0 0 0
533 0 0 0 0
534 0 0 0 0
535 0 0 0 0
536 0 0 0 0
537 0 0 0 0
538 0 0 0 0
539 0 0 0 0
540 0 0 0 0
541 0 0 0 0
542 0 0 0 0
543 0 0 0 0
544 0 0 0 0
545 0 0 0 0
546 0 0 0 0
547 0 0 0 0
548 0 0 0 0
549 0 0 0 0
550 0 0 0 0
551 0 0 0 0
552 0 0 0 0
553 0 0 0 0
554 0 0 0 0
555 0 0 0 0
556 0 0 0 0
557 0 0 0 0
558 0 0 0 0
559 0 0 0 0
560 0 0 0 0
561 0 0 0 0
562 0 0 0 0
563 0 0 0 0
564 0 0 0 0
565 0 0 0 0
566 0 0 0 0
567 0 0 0 0
568 0 0 0 0
569 0 0 0 0
570 0 0 0 0
571 0 0 0 0
572 0 0 0 0
573 0 0 0 0
574 0 0 0 0
575 0 0 0 0
576 0 0 0 0
577 0 0 0 0
578 0 0 0 0
579 0 0 0 0
580 0 0 0 0
581 0 0 0 0
582 0 0 0 0
583 0 0 0 0
584 0 0 0 0
585 0 0 0 0
586 0 0 0 0
587 0 0 0 0
588 0 0 0 0
589 0 0 0 0
590 0 0 0 0
591 0 0 0 0
592 0 0 0 0
593 0 0 0 0
594 0 0 0 0
595 0 0 0 0
596 0 0 0 0
597 0 0 0 0
598 0 0 0 0
599 0 0 0 0
600 0 0 0 0
601 0 0 0 0
602 0 0 0 0
603 0 0 0 0
604 0 0 0 0
605 0 0 0 0
606 0 0 0 0
607 0 0 0 0
608 0 0 0 0
609 0 0 0 0
610 0 0 0 0
611 0 0 0 0
612 0 0 0 0
613 0 0 0 0
614 0 0 0 0
615 0 0 0 0
616 0 0 0 0
617 0 0 0 0
618 0 0 0 0
619 0 0 0 0
620 0 0 0 0
621 0 0 0 0
622 0 0 0 0
623 0 0 0 0
624 0 0 0 0
625 0 0 0 0
626 0 0 0 0
627 0 0 0 0
628 0 0 0 0
629 0 0 0 0
630 0 0 0 0
631 0 0 0 0
632 0 0 0 0
633 0 0 0 0
634 0 0 0 0
635 0 0 0 0
636 0 0 0 0
637 0 0 0 0
638 0 0 0 0
639 0 0 0 0
640 0 0 0 0
641 0 0 0 0
642 0 0 0 0
643 0 0 0 0
644 0 0 0 0
645 0 0 0 0
646 0 0 0 0
647 0 0 0 0
648 0 0 0 0
649 0 0 0 0
650 0 0 0 0
651 0 0 0 0
652 0 0 0 0
653 0 0 0 0
654 0 0 0 0
655 0 0 0 0
656 0 0 0 0
657 0 0 0 0
658 0 0 0 0
659 0 0 0 0
660 0 0 0 0
661 0 0 0 0
662 0 0 0 0
663 0 0 0 0
664 0 0 0 0
665 0 0 0 0
666 0 0 0 0
667 0 0 0 0
668 0 0 0 0
669 0 0 0 0
670 0 0 0 0
671 0 0 0 0
672 0 0 0 0
673 0 0 0 0
674 0 0 0 0
675 0 0 0 0
676 0 0 0 0
677 0 0 0 0
678 0 0 0 0
679 0 0 0 0
680 0 0 0 0
681 0 0 0 0
682 0 0 0 0
683 0 0 0 0
684 0 0 0 0
685 0 0 0 0
686 0 0 0 0
687 0 0 0 0
688 0 0 0 0
689 0 0 0 0
690 0 0 0 0
691 0 0 0 0
692 0 0 0 0
693 0 0 0 0
694 0 0 0 0
695 0 0 0 0
696 0 0 0 0
697 0 0 0 0
698 0 0 0 0
699 0 0 0 0
700 0 0 0 0
701 0 0 0 0
702 0 0 0 0
703 0 0 0 0
704 0 0 0 0
705 0 0 0 0
706 0 0 0 0
707 0 0 0 0
708 0 0 0 0
709 0 0 0 0
710 0 0 0 0
711 0 0 0 0
712 0 0 0 0
713 0 0 0 0
714 0 0 0 0
715 0 0 0 0
716 0 0 0 0
717 0 0 0 0
718 0 0 0 0
719 0 0 0 0
720 0 0 0 0
721 0 0 0 0
722 0 0 0 0
723 0 0 0 0
724 0 0 0 0
725 0 0 0 0
726 0 0 0 0
727 0 0 0 0
