0 0 0 0 0
1 0 0 0 0
2 0 0 0 0
3 0 0 0 0
4 0 0 0 0
5 0 2 3 0
6 0 0 0 0
7 0 0 0 0
8 0 0 0 0
9 0 0 0 2
10 0 0 0 0
11 0 0 0 0
12 0 0 0 3
13 0 0 0 0
14 0 0 0 0
15 0 0 0 0
16 0 0 0 0
17 1 0 0 0
18 1 0 0 0
19 1 0 0 0
20 1 0 0 0
21 2 0 0 0
22 2 0 0 0
23 1 1 0 0
24 3 1 0 0
25 1 0 0 0
26 0 3 0 0
27 1 1 1 0
28 0 0 1 1
29 0 2 0 0
30 0 0 1 3
31 0 0 0 2
32 0 0 1 1
33 1 2 0 2
34 0 0 0 1
35 0 0 0 0
36 1 0 0 2
37 0 0 0 0
38 1 1 0 0
39 0 0 0 0
40 1 0 0 2
41 2 1 0 0
42 0 0 0 1
43 2 0 0 0
44 0 0 0 0
45 1 0 1 0
46 1 0 0 0
47 1 0 1 0
48 0 1 0 1
49 1 0 0 1
50 0 2 0 0
51 1 1 0 1
52 1 2 0 1
53 2 0 0 0
54 0 2 0 1
55 0 0 0 0
56 1 0 0 2
57 1 1 0 0
58 1 0 1 1
59 0 0 0 1
60 0 1 0 0
61 0 1 0 3
62 1 2 0 0
63 0 1 0 0
64 1 0 0 0
65 3 0 0 1
66 3 0 0 2
67 2 0 1 2
68 1 0 0 1
69 0 1 0 0
70 0 2 0 0
71 2 1 1 1
72 0 0 2 0
73 2 1 0 1
74 3 0 0 1
75 2 1 1 2
76 1 0 0 2
77 1 1 0 2
78 1 1 0 0
79 4 1 2 1
80 0 1 1 0
81 2 0 0 0
82 2 1 1 1
83 2 1 0 1
84 3 2 2 3
85 0 0 1 1
86 1 0 1 3
87 2 1 0 0
88 3 0 1 1
89 2 1 0 2
90 3 1 0 2
91 0 0 2 2
92 2 1 3 1
93 1 2 1 1
94 2 1 0 2
95 0 1 0 3
96 2 0 0 1
97 1 3 0 3
98 2 1 0 1
99 3 1 1 2
100 3 0 0 1
101 3 1 2 3
102 3 1 1 1
103 3 3 1 2
104 2 1 0 0
105 3 0 2 2
106 3 1 1 1
107 2 2 0 1
108 2 1 1 2
109 4 1 0 5
110 6 2 2 3
111 4 2 2 1
112 1 0 4 1
113 4 3 1 1
114 3 2 1 4
115 2 2 1 3
116 1 1 1 3
117 4 0 0 3
118 3 2 1 3
119 4 3 2 5
120 6 2 0 3
121 2 0 1 2
122 4 2 1 3
123 5 1 2 3
124 2 5 0 0
125 5 0 1 0
126 3 1 2 5
127 7 1 1 3
128 8 2 2 4
129 5 4 5 2
130 5 2 2 3
131 3 4 2 4
132 4 3 4 2
133 7 3 1 6
134 6 2 1 2
135 4 2 0 7
136 5 0 4 12
137 5 5 1 5
138 5 4 4 2
139 4 3 4 1
140 9 3 0 3
141 8 2 1 6
142 5 3 4 7
143 5 1 4 6
144 3 3 4 1
145 8 6 2 5
146 5 2 1 10
147 6 4 2 4
148 9 0 1 7
149 11 3 1 5
150 11 6 3 4
151 7 3 3 1
152 17 7 1 6
153 11 4 1 5
154 10 5 4 9
155 11 5 4 3
156 9 5 2 6
157 11 10 6 6
158 8 10 2 8
159 14 4 4 9
160 12 5 3 6
161 7 5 5 16
162 7 6 3 11
163 13 6 5 11
164 7 3 8 8
165 12 6 4 8
166 10 5 4 6
167 9 2 6 9
168 10 10 5 10
169 12 8 5 7
170 11 7 4 13
171 6 5 4 11
172 18 8 4 14
173 10 7 4 8
174 10 9 6 8
175 13 5 2 12
176 14 3 1 16
177 15 7 4 10
178 13 5 2 16
179 14 11 2 7
180 16 5 7 9
181 14 12 5 11
182 13 7 8 7
183 13 7 4 9
184 14 8 3 10
185 13 12 5 14
186 16 8 9 15
187 8 8 5 16
188 14 5 5 13
189 12 8 6 18
190 9 5 4 15
191 10 12 1 16
192 11 8 6 11
193 17 11 3 13
194 22 9 5 8
195 10 12 4 12
196 10 8 2 17
197 17 8 5 13
198 12 11 5 11
199 22 7 11 11
200 19 7 5 11
201 12 9 3 13
202 15 10 5 17
203 17 10 3 16
204 11 7 4 12
205 17 9 2 16
206 8 10 3 17
207 13 7 5 12
208 13 12 8 8
209 12 7 9 12
210 8 11 7 11
211 9 6 6 15
212 9 9 6 13
213 9 8 7 14
214 8 6 5 18
215 8 5 3 13
216 7 4 9 13
217 5 6 2 11
218 2 6 8 10
219 9 5 4 13
220 4 5 3 21
221 5 7 2 13
222 3 2 2 10
223 9 2 3 11
224 7 4 7 6
225 6 2 2 12
226 5 4 2 6
227 7 1 2 7
228 8 4 3 9
229 4 3 2 6
230 4 2 3 4
231 6 2 2 7
232 9 8 1 5
233 5 4 4 9
234 7 2 1 4
235 4 2 2 5
236 3 1 3 4
237 5 4 4 8
238 2 4 1 4
239 2 6 2 6
240 3 5 1 7
241 6 3 4 6
242 2 6 1 4
243 1 1 0 4
244 6 2 1 8
245 2 2 0 7
246 3 1 1 9
247 2 2 0 1
248 1 0 1 6
249 1 2 3 4
250 2 3 2 2
251 3 3 0 2
252 2 1 1 1
253 2 3 2 1
254 2 3 0 4
255 2 1 1 3
256 3 1 1 7
257 1 2 0 3
258 4 1 0 3
259 4 1 1 2
260 1 0 3 5
261 3 2 2 1
262 4 1 1 1
263 1 2 2 3
264 0 3 0 2
265 0 0 0 1
266 0 1 0 1
267 1 2 2 5
268 0 2 1 3
269 2 1 0 1
270 2 0 2 3
271 0 1 0 6
272 1 0 1 1
273 0 0 0 0
274 0 0 1 2
275 0 1 0 3
276 2 0 0 2
277 2 1 0 0
278 3 0 1 0
279 2 1 0 1
280 2 0 0 0
281 1 0 1 2
282 0 0 0 1
283 1 2 0 0
284 2 0 1 0
285 0 2 0 0
286 2 0 2 1
287 1 0 1 0
288 0 0 1 1
289 2 0 2 1
290 2 0 1 3
291 1 1 1 1
292 1 2 0 2
293 0 1 0 2
294 2 1 1 2
295 0 0 0 0
296 1 1 0 2
297 1 0 0 1
298 2 0 0 3
299 0 1 1 1
300 1 0 0 0
301 1 1 0 1
302 2 0 1 0
303 2 1 1 3
304 0 0 0 0
305 0 1 1 0
306 1 0 1 0
307 1 2 1 1
308 0 1 0 1
309 0 0 0 3
310 0 0 1 1
311 0 1 0 2
312 0 0 1 0
313 0 0 0 1
314 0 0 0 2
315 0 0 0 1
316 0 1 0 1
317 0 0 0 0
318 1 0 0 1
319 0 0 0 0
320 1 0 0 1
321 0 0 0 0
322 1 0 0 0
323 0 0 0 0
324 2 0 0 0
325 0 1 0 0
326 0 0 0 0
327 0 1 1 0
328 0 0 0 0
329 0 1 0 1
330 0 0 0 0
331 0 0 0 1
332 0 0 0 0
333 0 1 0 1
334 0 0 0 1
335 0 0 0 0
336 0 0 0 0
337 0 0 0 1
338 0 0 0 0
339 0 0 0 0
340 0 0 0 0
341 0 0 0 0
342 0 0 0 0
343 1 0 0 0
344 1 0 0 0
345 0 0 0 0
346 0 0 0 0
347 0 0 0 0
348 0 0 0 0
349 0 0 1 0
350 0 0 0 0
351 0 0 0 0
352 0 1 0 0
353 0 0 0 0
354 0 0 0 0
355 0 0 0 0
356 0 0 0 2
357 0 0 0 0
358 0 0 0 0
359 0 0 0 0
360 0 0 0 0
361 0 0 0 0
362 0 0 0 0
363 0 0 0 0
364 0 0 0 0
365 0 0 0 0
366 0 0 0 0
367 1 0 0 0
368 1 0 0 0
369 0 0 0 0
370 0 0 0 0
371 0 0 0 0
372 0 1 0 0
373 1 1 0 0
374 1 0 0 0
375 0 0 0 0
376 1 0 0 0
377 0 0 0 1
378 0 0 0 0
379 0 0 0 1
380 0 0 0 0
381 0 0 0 0
382 0 0 1 0
383 0 0 1 0
384 0 0 0 0
385 0 0 1 0
386 0 0 0 0
387 0 0 0 1
388 0 0 0 0
389 0 0 0 2
390 0 0 0 0
391 0 0 0 0
392 0 0 0 0
393 0 0 0 0
394 0 0 0 0
395 0 0 0 0
396 0 0 0 0
397 0 0 0 0
398 0 0 0 0
399 0 0 0 0
400 0 0 0 0
401 0 0 0 0
402 1 0 0 0
403 0 0 0 0
404 0 0 0 0
405 0 0 0 0
406 1 0 0 0
407 0 1 0 0
408 0 0 0 0
409 1 0 0 0
410 1 0 0 0
411 0 1 0 0
412 0 0 0 0
413 0 0 0 0
414 0 0 0 1
415 0 0 0 0
416 0 0 0 0
417 0 0 0 0
418 0 1 0 1
419 0 1 0 0
420 0 0 0 0
421 0 0 0 0
422 0 0 0 0
423 0 0 0 0
424 0 0 0 0
425 0 0 0 1
426 0 0 0 1
427 0 0 0 0
428 0 0 0 0
429 0 0 0 0
430 0 0 0 0
431 0 0 0 0
432 0 0 0 0
433 0 0 0 0
434 0 0 0 0
435 2 0 0 0
436 0 0 0 0
437 0 0 0 0
438 0 0 0 0
439 0 0 0 0
440 0 1 0 0
441 0 0 0 0
442 0 0 0 0
443 0 0 0 0
444 0 0 1 1
445 0 0 0 0
446 0 0 0 0
447 0 0 0 0
448 0 0 0 1
449 0 0 0 0
450 0 0 0 0
451 0 0 0 0
452 0 0 0 0
453 0 0 0 0
454 0 0 0 0
455 0 0 0 0
456 0 0 0 0
457 0 0 0 0
458 0 0 0 0
459 0 0 0 0
460 0 0 0 0
461 0 0 0 0
462 0 0 0 0
463 0 0 0 0
464 0 0 0 0
465 0 0 0 0
466 0 0 0 0
467 0 0 0 0
468 0 0 0 0
469 0 0 0 0
470 0 0 0 0
471 0 0 0 0
472 0 0 0 0
473 0 0 0 0
474 0 0 0 0
475 0 0 0 0
476 0 0 0 0
477 0 0 0 0
478 0 0 0 0
479 0 0 0 0
480 0 0 0 0
481 0 0 0 0
482 0 0 0 0
483 0 0 0 0
484 0 0 0 0
485 0 0 0 0
486 0 0 0 0
487 0 0 0 0
488 0 0 0 0
489 0 0 0 0
490 0 0 0 0
491 0 0 0 0
492 0 0 0 0
493 0 0 0 0
494 0 0 0 0
495 0 0 0 0
496 0 0 0 0
497 0 0 0 0
498 0 0 0 0
499 0 0 0 0
500 0 0 0 0
501 0 0 0 0
502 0 0 0 0
503 0 0 0 0
504 0 0 0 0
505 0 0 0 0
506 0 0 0 0
507 0 0 0 0
508 0 0 0 0
509 0 0 0 0
510 0 0 0 0
511 0 0 0 0
512 0 0 0 0
513 0 0 0 0
514 0 0 0 0
515 0 0 0 0
516 0 0 0 0
517 0 0 0 0
518 0 0 0 0
519 0 0 0 0
520 0 0 0 0
521 0 0 0 0
522 0 0 0 0
523 0 0 0 0
524 0 0 0 0
525 0 0 0 0
526 0 0 0 0
527 0 0 0 0
528 0 0 0 0
529 0 0 0 0
530 0 0 0 0
531 0 0 0 0
532 0 0 0 0
533 0 0 0 0
534 0 0 0 0
535 0 0 0 0
536 0 0 0 0
537 0 0 0 0
538 0 0 0 0
539 0 0 0 0
540 0 0 0 0
541 0 0 0 0
542 0 0 0 0
543 0 0 0 0
544 0 0 0 0
545 0 0 0 0
546 0 0 0 0
547 0 0 0 0
548 0 0 0 0
549 0 0 0 0
550 0 0 0 0
551 0 0 0 0
552 0 0 0 0
553 0 0 0 0
554 0 0 0 0
555 0 0 0 0
556 0 0 0 0
557 0 0 0 0
558 0 0 0 0
559 0 0 0 0
560 0 0 0 0
561 0 0 0 0
562 0 0 0 0
563 0 0 0 0
564 0 0 0 0
565 0 0 0 0
566 0 0 0 0
567 0 0 0 0
568 0 0 0 0
569 0 0 0 0
570 0 0 0 0
571 0 0 0 0
572 0 0 0 0
573 0 0 0 0
574 0 0 0 0
575 0 0 0 0
576 0 0 0 0
577 0 0 0 0
578 0 0 0 0
579 0 0 0 0
580 0 0 0 0
581 0 0 0 0
582 0 0 0 0
583 0 0 0 0
584 0 0 0 0
585 0 0 0 0
586 0 0 0 0
587 0 0 0 0
588 0 0 0 0
589 0 0 0 0
590 0 0 0 0
591 0 0 0 0
592 0 0 0 0
593 0 0 0 0
594 0 0 0 0
595 0 0 0 0
596 0 0 0 0
597 0 0 0 0
598 0 0 0 0
599 0 0 0 0
600 0 0 0 0
601 0 0 0 0
602 0 0 0 0
603 0 0 0 0
604 0 0 0 0
605 0 0 0 0
606 0 0 0 0
607 0 0 0 0
608 0 0 0 0
609 0 0 0 0
610 0 0 0 0
611 0 0 0 0
612 0 0 0 0
613 0 0 0 0
614 0 0 0 0
615 0 0 0 0
616 0 0 0 0
617 0 0 0 0
618 0 0 0 0
619 0 0 0 0
620 0 0 0 0
621 0 0 0 0
622 0 0 0 0
623 0 0 0 0
624 0 0 0 0
625 0 0 0 0
626 0 0 0 0
627 0 0 0 0
628 0 0 0 0
629 0 0 0 0
630 0 0 0 0
631 0 0 0 0
632 0 0 0 0
633 0 0 0 0
634 0 0 0 0
635 0 0 0 0
636 0 0 0 0
637 0 0 0 0
638 0 0 0 0
639 0 0 0 0
640 0 0 0 0
641 0 0 0 0
642 0 0 0 0
643 0 0 0 0
644 0 0 0 0
645 0 0 0 0
646 0 0 0 0
647 0 0 0 0
648 0 0 0 0
649 0 0 0 0
650 0 0 0 0
651 0 0 0 0
652 0 0 0 0
653 0 0 0 0
654 0 0 0 0
655 0 0 0 0
656 0 0 0 0
657 0 0 0 0
658 0 0 0 0
659 0 0 0 0
660 0 0 0 0
661 0 0 0 0
662 0 0 0 0
663 0 0 0 0
664 0 0 0 0
665 0 0 0 0
666 0 0 0 0
667 0 0 0 0
668 0 0 0 0
669 0 0 0 0
670 0 0 0 0
671 0 0 0 0
672 0 0 0 0
673 0 0 0 0
674 0 0 0 0
675 0 0 0 0
676 0 0 0 0
677 0 0 0 0
678 0 0 0 0
679 0 0 0 0
680 0 0 0 0
681 0 0 0 0
682 0 0 0 0
683 0 0 0 0
684 0 0 0 0
685 0 0 0 0
686 0 0 0 0
687 0 0 0 0
688 0 0 0 0
689 0 0 0 0
690 0 0 0 0
691 0 0 0 0
692 0 0 0 0
693 0 0 0 0
694 0 0 0 0
695 0 0 0 0
696 0 0 0 0
697 0 0 0 0
698 0 0 0 0
699 0 0 0 0
700 0 0 0 0
701 0 0 0 0
702 0 0 0 0
703 0 0 0 0
704 0 0 0 0
705 0 0 0 0
706 0 0 0 0
707 0 0 0 0
708 0 0 0 0
709 0 0 0 0
710 0 0 0 0
711 0 0 0 0
712 0 0 0 0
713 0 0 0 0
714 0 0 0 0
715 0 0 0 0
716 0 0 0 0
717 0 0 0 0
718 0 0 0 0
719 0 0 0 0
720 0 0 0 0
721 0 0 0 0
722 0 0 0 0
723 0 0 0 0
724 0 0 0 0
725 0 0 0 0
726 0 0 0 0
727 0 0 0 0
