0 0 0 0 0
1 0 0 0 0
2 0 0 0 0
3 0 0 0 0
4 0 0 0 0
5 0 0 1 0
6 0 0 0 0
7 0 0 0 0
8 0 0 0 0
9 0 2 2 0
10 0 0 0 0
11 0 0 0 0
12 0 0 0 1
13 0 0 0 0
14 0 0 0 0
15 0 0 0 0
16 0 0 0 4
17 0 0 0 0
18 0 0 0 0
19 0 0 0 0
20 0 0 0 0
21 0 0 0 0
22 2 0 0 0
23 1 0 0 0
24 1 0 0 0
25 0 0 0 0
26 0 0 0 0
27 1 0 1 0
28 3 0 1 0
29 1 0 0 0
30 0 0 0 0
31 1 0 1 1
32 0 0 0 0
33 1 0 1 0
34 0 2 0 0
35 1 0 0 1
36 0 0 2 0
37 0 1 1 1
38 1 1 0 2
39 0 0 0 0
40 0 0 0 0
41 1 0 0 3
42 0 0 0 1
43 1 0 0 2
44 2 1 0 0
45 1 0 0 0
46 1 0 0 0
47 1 1 0 0
48 1 0 1 1
49 0 0 2 0
50 2 0 2 0
51 0 0 1 1
52 1 0 0 1
53 5 0 0 1
54 1 1 0 1
55 2 1 1 1
56 0 0 0 1
57 1 1 1 1
58 5 1 2 1
59 1 0 0 1
60 2 0 0 0
61 2 0 0 1
62 1 2 1 3
63 0 4 0 0
64 3 3 0 1
65 2 1 0 1
66 1 1 1 1
67 2 2 0 1
68 3 0 0 0
69 1 2 0 2
70 4 1 0 4
71 3 0 2 3
72 0 0 0 1
73 0 3 1 3
74 3 0 1 2
75 1 1 1 0
76 4 3 1 0
77 2 0 1 4
78 3 1 0 3
79 4 1 2 1
80 4 1 1 3
81 1 0 1 1
82 1 0 1 1
83 3 3 0 3
84 2 1 1 2
85 3 3 0 1
86 2 1 1 3
87 1 2 1 0
88 3 2 2 2
89 3 2 3 2
90 3 1 0 4
91 1 0 0 3
92 3 0 1 3
93 1 2 0 4
94 1 1 3 1
95 1 1 5 2
96 0 0 1 4
97 1 1 3 1
98 4 0 0 2
99 2 1 0 1
100 6 2 0 2
101 2 1 0 3
102 8 0 1 5
103 4 0 1 1
104 2 0 0 5
105 4 3 3 0
106 2 1 1 1
107 2 7 1 1
108 6 1 1 1
109 4 0 2 4
110 2 1 0 2
111 5 2 3 7
112 2 4 2 3
113 3 3 2 2
114 5 0 3 2
115 5 3 0 3
116 3 1 3 3
117 2 5 0 4
118 4 3 1 4
119 3 2 1 5
120 3 3 2 2
121 3 0 1 5
122 4 3 0 3
123 3 1 1 4
124 6 2 1 6
125 4 5 0 3
126 4 1 0 3
127 6 1 4 2
128 5 3 1 2
129 4 2 1 5
130 6 1 2 2
131 6 1 4 5
132 3 3 0 3
133 3 2 3 1
134 5 2 3 3
135 2 3 3 5
136 2 3 2 4
137 3 4 0 4
138 6 2 1 4
139 7 2 2 2
140 6 3 2 8
141 9 1 4 4
142 8 2 1 5
143 7 6 1 5
144 9 0 3 8
145 6 4 1 2
146 6 3 1 4
147 6 1 3 7
148 4 8 3 6
149 7 2 4 3
150 7 4 2 2
151 4 3 2 2
152 5 5 3 7
153 6 5 1 7
154 10 4 3 8
155 12 4 4 8
156 7 0 4 4
157 12 3 2 5
158 13 3 5 5
159 8 5 4 6
160 10 5 4 6
161 10 4 3 7
162 8 5 5 9
163 11 4 7 9
164 10 5 3 6
165 8 7 4 8
166 5 6 4 10
167 13 9 3 11
168 17 3 2 7
169 11 9 1 6
170 9 5 5 10
171 17 5 3 9
172 16 12 7 8
173 17 9 2 9
174 14 3 4 12
175 13 3 2 7
176 13 7 4 16
177 13 11 9 11
178 15 7 7 13
179 10 6 5 10
180 18 11 6 12
181 11 8 2 18
182 16 8 5 7
183 17 11 4 9
184 13 5 3 12
185 11 9 5 11
186 21 9 4 14
187 12 11 8 18
188 14 11 8 16
189 21 12 8 11
190 14 4 3 10
191 15 4 9 14
192 22 10 2 21
193 13 11 5 24
194 15 15 8 9
195 18 10 10 13
196 12 6 7 13
197 18 8 9 10
198 8 8 7 23
199 14 10 6 13
200 14 13 8 15
201 16 14 3 17
202 11 10 5 20
203 19 10 2 11
204 17 9 6 22
205 22 8 4 12
206 15 9 7 15
207 15 6 3 14
208 10 10 8 19
209 13 9 5 14
210 15 12 6 11
211 7 8 5 13
212 8 10 2 13
213 12 10 8 21
214 10 8 4 13
215 11 7 7 16
216 8 10 3 14
217 9 4 3 19
218 9 7 8 14
219 9 9 4 13
220 6 6 1 14
221 8 5 6 8
222 9 9 1 12
223 8 7 1 15
224 9 5 3 8
225 10 4 3 14
226 5 5 0 11
227 8 8 5 6
228 5 5 2 9
229 5 6 3 7
230 6 8 5 10
231 3 4 2 11
232 9 8 2 9
233 2 4 3 6
234 3 5 2 6
235 3 1 3 8
236 2 3 2 7
237 1 4 3 12
238 6 5 0 9
239 3 3 2 9
240 2 0 2 7
241 3 1 3 4
242 2 0 0 2
243 1 3 3 5
244 4 1 1 5
245 3 1 1 6
246 1 1 1 2
247 5 3 1 3
248 1 1 2 2
249 1 1 2 2
250 1 4 0 5
251 2 1 0 4
252 0 4 0 3
253 3 1 2 3
254 0 1 1 4
255 1 0 0 1
256 1 1 1 2
257 1 0 0 3
258 2 0 2 1
259 1 1 0 4
260 1 2 0 2
261 2 1 0 1
262 1 1 1 2
263 1 0 1 1
264 1 0 1 0
265 1 0 0 1
266 1 2 0 3
267 1 1 1 2
268 1 1 1 1
269 1 0 1 0
270 1 0 1 1
271 0 0 0 2
272 3 0 1 1
273 0 0 1 3
274 1 1 0 0
275 0 1 0 1
276 0 0 0 1
277 0 0 3 1
278 0 0 0 0
279 0 1 0 0
280 1 0 0 1
281 1 0 1 3
282 0 0 0 1
283 1 1 0 0
284 0 0 0 1
285 1 0 0 1
286 0 0 1 1
287 0 0 0 0
288 1 0 0 0
289 0 1 0 0
290 0 1 0 2
291 0 0 0 0
292 0 1 0 0
293 0 1 0 0
294 0 0 0 0
295 0 0 0 0
296 1 0 0 1
297 2 0 0 2
298 0 0 0 0
299 0 0 0 1
300 0 0 0 0
301 0 0 1 0
302 1 1 0 0
303 1 0 0 0
304 0 0 0 0
305 0 0 0 1
306 1 1 0 0
307 0 0 0 0
308 0 0 1 0
309 0 0 0 1
310 0 0 0 0
311 0 0 2 0
312 0 0 0 0
313 0 0 0 1
314 0 0 0 0
315 0 0 0 3
316 0 0 0 0
317 0 0 0 0
318 0 0 0 0
319 0 0 0 0
320 0 0 0 0
321 0 0 0 0
322 0 0 0 0
323 0 0 0 0
324 0 0 0 0
325 0 0 0 0
326 1 0 0 0
327 1 0 0 0
328 0 0 0 0
329 0 0 0 0
330 0 0 0 0
331 0 0 0 0
332 0 0 0 0
333 0 0 0 0
334 0 0 0 0
335 0 0 1 0
336 0 0 1 0
337 0 0 0 0
338 0 0 0 0
339 0 0 0 1
340 0 0 0 0
341 0 0 0 0
342 0 0 0 0
343 0 0 0 1
344 0 0 0 0
345 0 0 0 0
346 0 0 0 0
347 0 0 0 0
348 0 0 0 0
349 0 0 0 0
350 0 0 0 0
351 0 0 0 0
352 0 0 0 0
353 0 0 0 0
354 0 0 0 0
355 0 0 0 0
356 0 0 0 0
357 0 0 0 0
358 0 0 0 0
359 0 0 0 0
360 0 0 0 0
361 0 0 0 0
362 0 0 0 0
363 0 0 0 0
364 0 0 0 0
365 0 0 0 0
366 0 0 0 0
367 0 0 0 0
368 0 0 0 0
369 0 0 0 0
370 0 0 0 0
371 0 0 0 0
372 0 0 0 0
373 0 0 0 0
374 0 0 0 0
375 0 0 0 0
376 0 0 0 0
377 0 0 0 0
378 0 0 0 0
379 0 0 0 0
380 0 0 0 0
381 0 0 0 0
382 0 0 0 0
383 0 0 0 0
384 0 0 0 0
385 0 0 0 0
386 0 0 0 0
387 0 0 0 0
388 0 0 0 0
389 0 0 0 0
390 0 0 0 0
391 0 0 0 0
392 0 0 0 0
393 0 0 0 0
394 0 0 0 0
395 0 0 0 0
396 0 0 0 0
397 0 0 0 0
398 0 0 0 0
399 0 0 0 0
400 0 0 0 0
401 0 0 0 0
402 0 0 0 0
403 0 0 0 0
404 0 0 0 0
405 0 0 0 0
406 0 0 0 0
407 0 0 0 0
408 0 0 0 0
409 0 0 0 0
410 0 0 0 0
411 0 0 0 0
412 0 0 0 0
413 0 0 0 0
414 0 0 0 0
415 0 0 0 0
416 0 0 0 0
417 0 0 0 0
418 0 0 0 0
419 0 0 0 0
420 0 0 0 0
421 0 0 0 0
422 0 0 0 0
423 0 0 0 0
424 0 0 0 0
425 0 0 0 0
426 0 0 0 0
427 0 0 0 0
428 0 0 0 0
429 0 0 0 0
430 0 0 0 0
431 0 0 0 0
432 0 0 0 0
433 0 0 0 0
434 0 0 0 0
435 0 0 0 0
436 0 0 0 0
437 0 0 0 0
438 0 0 0 0
439 0 0 0 0
440 0 0 0 0
441 0 0 0 0
442 0 0 0 0
443 0 0 0 0
444 0 0 0 0
445 0 0 0 0
446 0 0 0 0
447 0 0 0 0
448 0 0 0 0
449 0 0 0 0
450 0 0 0 0
451 0 0 0 0
452 0 0 0 0
453 0 0 0 0
454 0 0 0 0
455 0 0 0 0
456 0 0 0 0
457 0 0 0 0
458 0 0 0 0
459 0 0 0 0
460 0 0 0 0
461 0 0 0 0
462 0 0 0 0
463 0 0 0 0
464 0 0 0 0
465 0 0 0 0
466 0 0 0 0
467 0 0 0 0
468 0 0 0 0
469 0 0 0 0
470 0 0 0 0
471 0 0 0 0
472 0 0 0 0
473 0 0 0 0
474 0 0 0 0
475 0 0 0 0
476 0 0 0 0
477 0 0 0 0
478 0 0 0 0
479 0 0 0 0
480 0 0 0 0
481 0 0 0 0
482 0 0 0 0
483 0 0 0 0
484 0 0 0 0
485 0 0 0 0
486 0 0 0 0
487 0 0 0 0
488 0 0 0 0
489 0 0 0 0
490 0 0 0 0
491 0 0 0 0
492 0 0 0 0
493 0 0 0 0
494 0 0 0 0
495 0 0 0 0
496 0 0 0 0
497 0 0 0 0
498 0 0 0 0
499 0 0 0 0
500 0 0 0 0
501 0 0 0 0
502 0 0 0 0
503 0 0 0 0
504 0 0 0 0
505 0 0 0 0
506 0 0 0 0
507 0 0 0 0
508 0 0 0 0
509 0 0 0 0
510 0 0 0 0
511 0 0 0 0
512 0 0 0 0
513 0 0 0 0
514 0 0 0 0
515 0 0 0 0
516 0 0 0 0
517 0 0 0 0
518 0 0 0 0
519 0 0 0 0
520 0 0 0 0
521 0 0 0 0
522 0 0 0 0
523 0 0 0 0
524 0 0 0 0
525 0 0 0 0
526 0 0 0 0
527 0 0 0 0
528 0 0 0 0
529 0 0 0 0
530 0 0 0 0
531 0 0 0 0
532 0 0 0 0
533 0 0 0 0
534 0 0 0 0
535 0 0 0 0
536 0 0 0 0
537 0 0 0 0
538 0 0 0 0
539 0 0 0 0
540 0 0 0 0
541 0 0 0 0
542 0 0 0 0
543 0 0 0 0
544 0 0 0 0
545 0 0 0 0
546 0 0 0 0
547 0 0 0 0
548 0 0 0 0
549 0 0 0 0
550 0 0 0 0
551 0 0 0 0
552 0 0 0 0
553 0 0 0 0
554 0 0 0 0
555 0 0 0 0
556 0 0 0 0
557 0 0 0 0
558 0 0 0 0
559 0 0 0 0
560 0 0 0 0
561 0 0 0 0
562 0 0 0 0
563 0 0 0 0
564 0 0 0 0
565 0 0 0 0
566 0 0 0 0
567 0 0 0 0
568 0 0 0 0
569 0 0 0 0
570 0 0 0 0
571 0 0 0 0
572 0 0 0 0
573 0 0 0 0
574 0 0 0 0
575 0 0 0 0
576 0 0 0 0
577 0 0 0 0
578 0 0 0 0
579 0 0 0 0
580 0 0 0 0
581 0 0 0 0
582 0 0 0 0
583 0 0 0 0
584 0 0 0 0
585 0 0 0 0
586 0 0 0 0
587 0 0 0 0
588 0 0 0 0
589 0 0 0 0
590 0 0 0 0
591 0 0 0 0
592 0 0 0 0
593 0 0 0 0
594 0 0 0 0
595 0 0 0 0
596 0 0 0 0
597 0 0 0 0
598 0 0 0 0
599 0 0 0 0
600 0 0 0 0
601 0 0 0 0
602 0 0 0 0
603 0 0 0 0
604 0 0 0 0
605 0 0 0 0
606 0 0 0 0
607 0 0 0 0
608 0 0 0 0
609 0 0 0 0
610 0 0 0 0
611 0 0 0 0
612 0 0 0 0
613 0 0 0 0
614 0 0 0 0
615 0 0 0 0
616 0 0 0 0
617 0 0 0 0
618 0 0 0 0
619 0 0 0 0
620 0 0 0 0
621 0 0 0 0
622 0 0 0 0
623 0 0 0 0
624 0 0 0 0
625 0 0 0 0
626 0 0 0 0
627 0 0 0 0
628 0 0 0 0
629 0 0 0 0
630 0 0 0 0
631 0 0 0 0
632 0 0 0 0
633 0 0 0 0
634 0 0 0 0
635 0 0 0 0
636 0 0 0 0
637 0 0 0 0
638 0 0 0 0
639 0 0 0 0
640 0 0 0 0
641 0 0 0 0
642 0 0 0 0
643 0 0 0 0
644 0 0 0 0
645 0 0 0 0
646 0 0 0 0
647 0 0 0 0
648 0 0 0 0
649 0 0 0 0
650 0 0 0 0
651 0 0 0 0
652 0 0 0 0
653 0 0 0 0
654 0 0 0 0
655 0 0 0 0
656 0 0 0 0
657 0 0 0 0
658 0 0 0 0
659 0 0 0 0
660 0 0 0 0
661 0 0 0 0
662 0 0 0 0
663 0 0 0 0
664 0 0 0 0
665 0 0 0 0
666 0 0 0 0
667 0 0 0 0
668 0 0 0 0
669 0 0 0 0
670 0 0 0 0
671 0 0 0 0
672 0 0 0 0
673 0 0 0 0
674 0 0 0 0
675 0 0 0 0
676 0 0 0 0
677 0 0 0 0
678 0 0 0 0
679 0 0 0 0
680 0 0 0 0
681 0 0 0 0
682 0 0 0 0
683 0 0 0 0
684 0 0 0 0
685 0 0 0 0
686 0 0 0 0
687 0 0 0 0
688 0 0 0 0
689 0 0 0 0
690 0 0 0 0
691 0 0 0 0
692 0 0 0 0
693 0 0 0 0
694 0 0 0 0
695 0 0 0 0
696 0 0 0 0
697 0 0 0 0
698 0 0 0 0
699 0 0 0 0
700 0 0 0 0
701 0 0 0 0
702 0 0 0 0
703 0 0 0 0
704 0 0 0 0
705 0 0 0 0
706 0 0 0 0
707 0 0 0 0
708 0 0 0 0
709 0 0 0 0
710 0 0 0 0
711 0 0 0 0
712 0 0 0 0
713 0 0 0 0
714 0 0 0 0
715 0 0 0 0
716 0 0 0 0
717 0 0 0 0
718 0 0 0 0
719 0 0 0 0
720 0 0 0 0
721 0 0 0 0
722 0 0 0 0
723 0 0 0 0
724 0 0 0 0
725 0 0 0 0
726 0 0 0 0
727 0 0 0 0
