0 0 0 0 0
1 0 0 0 0
2 0 0 0 0
3 0 0 0 0
4 0 0 0 0
5 0 2 1 0
6 0 0 0 0
7 0 0 0 0
8 0 0 0 0
9 0 1 1 2
10 0 0 0 0
11 0 0 0 0
12 0 0 0 1
13 0 0 0 0
14 0 0 0 0
15 0 0 0 0
16 1 0 0 2
17 0 0 0 0
18 0 0 0 0
19 0 0 0 0
20 1 0 0 0
21 0 1 0 0
22 0 0 0 0
23 3 0 0 0
24 1 0 0 0
25 1 0 0 1
26 2 0 0 0
27 0 0 0 0
28 0 0 2 0
29 2 1 1 0
30 1 0 1 0
31 0 1 1 0
32 2 1 0 1
33 3 0 0 1
34 2 1 0 1
35 0 1 0 3
36 3 0 0 2
37 0 0 1 0
38 1 0 3 1
39 2 1 0 1
40 1 0 0 0
41 2 1 2 1
42 0 1 0 0
43 0 0 2 0
44 2 0 2 0
45 0 0 2 4
46 0 0 1 2
47 0 0 0 2
48 0 0 0 2
49 0 1 0 0
50 1 1 0 0
51 1 0 0 2
52 0 0 0 2
53 0 1 0 1
54 0 0 0 0
55 1 0 0 0
56 5 0 0 1
57 1 1 0 1
58 3 0 0 0
59 3 0 0 0
60 2 2 0 1
61 0 2 1 0
62 2 0 0 0
63 0 1 0 0
64 3 1 0 3
65 3 2 1 2
66 1 0 1 0
67 3 1 2 0
68 1 1 1 2
69 1 0 2 3
70 2 1 1 2
71 1 0 2 1
72 2 0 1 2
73 1 1 2 1
74 2 1 1 3
75 2 0 2 1
76 1 0 1 2
77 2 1 1 1
78 1 2 0 2
79 2 1 0 1
80 0 2 1 3
81 1 0 1 2
82 2 1 0 3
83 2 1 0 2
84 1 0 0 2
85 1 0 0 1
86 2 0 1 1
87 1 1 0 2
88 2 1 2 0
89 0 0 0 1
90 1 1 0 0
91 4 1 2 0
92 2 1 0 1
93 3 0 3 1
94 1 1 0 2
95 3 1 0 4
96 5 2 1 0
97 5 0 1 0
98 0 2 1 2
99 5 2 0 1
100 3 1 3 5
101 2 3 1 0
102 2 5 0 2
103 2 0 0 3
104 6 3 2 2
105 2 2 1 4
106 3 2 0 4
107 3 0 1 3
108 3 0 1 4
109 3 1 2 5
110 1 0 1 0
111 3 2 2 2
112 4 2 1 0
113 8 5 1 3
114 2 2 2 2
115 6 0 0 3
116 10 4 0 3
117 6 2 3 3
118 3 4 2 4
119 2 2 1 2
120 3 1 1 6
121 2 4 2 3
122 6 3 2 4
123 4 1 1 2
124 1 4 2 6
125 3 4 2 5
126 3 3 1 4
127 6 3 0 1
128 2 4 1 4
129 4 1 0 6
130 1 1 1 2
131 5 1 5 7
132 10 2 3 4
133 6 2 1 4
134 11 5 1 3
135 8 0 0 6
136 5 4 1 2
137 7 4 2 2
138 13 4 2 5
139 5 1 4 2
140 9 4 1 7
141 9 5 4 8
142 7 3 2 3
143 8 8 2 5
144 13 6 0 3
145 4 1 3 8
146 9 4 4 6
147 9 9 6 7
148 6 6 4 7
149 10 5 3 4
150 9 4 2 10
151 7 7 2 6
152 8 6 1 7
153 8 10 3 9
154 9 4 1 15
155 5 9 0 11
156 10 7 4 7
157 9 1 2 8
158 10 9 5 6
159 10 5 4 11
160 6 3 0 14
161 12 6 8 6
162 9 6 0 8
163 9 5 2 3
164 9 2 5 3
165 14 3 1 15
166 14 1 6 11
167 15 10 3 5
168 14 7 3 11
169 18 7 2 6
170 13 7 11 7
171 18 9 4 11
172 17 5 5 7
173 14 7 5 6
174 24 9 6 15
175 19 7 4 12
176 15 8 10 7
177 15 6 4 13
178 9 11 3 12
179 8 12 8 12
180 13 13 11 17
181 9 8 14 15
182 12 6 7 15
183 14 10 5 19
184 9 7 5 23
185 9 9 7 17
186 14 7 7 16
187 19 4 7 13
188 17 7 3 17
189 12 6 3 10
190 13 4 4 16
191 13 8 3 13
192 20 10 5 13
193 31 9 4 11
194 18 7 4 10
195 24 8 5 12
196 8 10 5 12
197 25 12 7 10
198 23 15 7 10
199 13 12 8 14
200 11 17 8 15
201 16 5 7 17
202 19 13 11 14
203 16 12 8 16
204 18 11 3 24
205 15 9 4 20
206 20 15 4 20
207 11 8 8 16
208 17 9 7 18
209 10 7 2 18
210 9 11 8 18
211 20 11 12 13
212 15 7 6 16
213 12 15 11 17
214 15 9 4 14
215 15 6 4 16
216 15 14 4 11
217 10 7 4 27
218 5 7 3 19
219 8 8 3 15
220 3 11 6 24
221 6 10 7 15
222 8 6 6 6
223 5 8 4 14
224 12 7 3 9
225 6 5 3 15
226 7 4 3 11
227 13 2 4 19
228 12 5 3 15
229 7 4 3 10
230 6 5 4 5
231 9 4 2 4
232 16 6 3 7
233 6 10 6 11
234 11 2 1 12
235 5 5 1 7
236 4 5 4 7
237 7 6 7 12
238 6 4 3 5
239 5 7 2 8
240 4 5 0 8
241 5 4 5 6
242 2 4 4 6
243 4 4 6 12
244 9 2 4 12
245 4 3 1 9
246 1 4 1 5
247 4 1 2 8
248 2 3 1 8
249 4 6 1 9
250 3 3 1 7
251 2 0 0 2
252 2 2 2 4
253 0 3 2 4
254 5 2 3 5
255 1 1 1 1
256 0 4 0 6
257 3 1 1 4
258 4 1 0 5
259 4 3 1 2
260 4 0 1 6
261 3 1 1 3
262 3 1 2 2
263 3 4 2 1
264 1 2 1 0
265 0 1 0 1
266 4 0 2 4
267 2 4 1 3
268 1 2 1 3
269 2 2 0 4
270 2 2 1 5
271 2 0 0 3
272 1 1 1 1
273 0 0 0 2
274 1 2 0 4
275 0 0 5 2
276 0 2 1 1
277 1 1 0 2
278 0 0 1 1
279 4 1 0 6
280 2 0 0 1
281 1 0 0 2
282 2 1 0 1
283 1 1 0 3
284 0 1 1 0
285 1 0 0 1
286 1 1 0 1
287 3 1 1 1
288 2 2 0 0
289 1 1 1 0
290 1 0 1 0
291 1 0 0 3
292 0 1 1 1
293 1 0 1 2
294 1 1 1 1
295 0 1 0 1
296 1 0 1 2
297 2 1 0 1
298 1 1 0 1
299 1 2 0 3
300 0 1 0 1
301 0 0 0 1
302 2 0 0 0
303 0 0 1 2
304 0 0 0 0
305 1 0 1 1
306 0 1 1 1
307 0 0 0 2
308 0 1 0 0
309 0 0 0 0
310 1 1 0 0
311 1 1 1 0
312 0 0 0 1
313 0 0 0 2
314 0 0 0 1
315 0 0 0 3
316 0 1 0 0
317 0 0 0 0
318 1 0 0 0
319 0 1 0 0
320 1 0 0 0
321 1 0 0 1
322 0 0 0 0
323 0 0 1 1
324 0 0 0 0
325 0 1 0 0
326 0 0 1 0
327 0 0 0 1
328 0 0 0 0
329 0 0 0 1
330 0 0 0 1
331 0 0 0 0
332 0 0 0 0
333 0 0 0 0
334 0 0 0 0
335 0 0 0 0
336 1 0 0 0
337 0 0 0 0
338 0 0 0 0
339 0 0 0 0
340 0 0 0 0
341 0 0 1 0
342 0 0 0 0
343 0 0 0 0
344 0 0 0 0
345 0 0 0 1
346 0 0 0 0
347 0 0 0 0
348 0 0 0 0
349 0 0 0 0
350 0 0 0 0
351 0 0 0 0
352 0 0 0 0
353 0 0 0 0
354 0 0 0 0
355 0 0 0 0
356 0 0 0 0
357 0 0 0 0
358 0 0 0 0
359 0 0 0 0
360 0 0 0 0
361 0 0 0 0
362 0 0 0 0
363 0 0 0 0
364 0 0 0 0
365 0 0 0 0
366 0 0 0 0
367 0 0 0 0
368 0 0 0 0
369 0 0 0 0
370 0 0 0 0
371 0 0 0 0
372 0 0 0 0
373 0 0 0 0
374 0 0 0 0
375 0 0 0 0
376 0 0 0 0
377 0 0 0 0
378 0 0 0 0
379 0 0 0 0
380 0 0 0 0
381 0 0 0 0
382 0 0 0 0
383 0 0 0 0
384 0 0 0 0
385 0 0 0 0
386 0 0 0 0
387 0 0 0 0
388 0 0 0 0
389 0 0 0 0
390 0 0 0 0
391 0 0 0 0
392 0 0 0 0
393 0 0 0 0
394 0 0 0 0
395 0 0 0 0
396 0 0 0 0
397 0 0 0 0
398 0 0 0 0
399 0 0 0 0
400 0 0 0 0
401 0 0 0 0
402 0 0 0 0
403 0 0 0 0
404 0 0 0 0
405 0 0 0 0
406 0 0 0 0
407 0 0 0 0
408 0 0 0 0
409 0 0 0 0
410 0 0 0 0
411 0 0 0 0
412 0 0 0 0
413 0 0 0 0
414 0 0 0 0
415 0 0 0 0
416 0 0 0 0
417 0 0 0 0
418 0 0 0 0
419 0 0 0 0
420 0 0 0 0
421 0 0 0 0
422 0 0 0 0
423 0 0 0 0
424 0 0 0 0
425 0 0 0 0
426 0 0 0 0
427 0 0 0 0
428 0 0 0 0
429 0 0 0 0
430 0 0 0 0
431 0 0 0 0
432 0 0 0 0
433 0 0 0 0
434 0 0 0 0
435 0 0 0 0
436 0 0 0 0
437 0 0 0 0
438 0 0 0 0
439 0 0 0 0
440 0 0 0 0
441 0 0 0 0
442 0 0 0 0
443 0 0 0 0
444 0 0 0 0
445 0 0 0 0
446 0 0 0 0
447 0 0 0 0
448 0 0 0 0
449 0 0 0 0
450 0 0 0 0
451 0 0 0 0
452 0 0 0 0
453 0 0 0 0
454 0 0 0 0
455 0 0 0 0
456 0 0 0 0
457 0 0 0 0
458 0 0 0 0
459 0 0 0 0
460 0 0 0 0
461 0 0 0 0
462 0 0 0 0
463 0 0 0 0
464 0 0 0 0
465 0 0 0 0
466 0 0 0 0
467 0 0 0 0
468 0 0 0 0
469 0 0 0 0
470 0 0 0 0
471 0 0 0 0
472 0 0 0 0
473 0 0 0 0
474 0 0 0 0
475 0 0 0 0
476 0 0 0 0
477 0 0 0 0
478 0 0 0 0
479 0 0 0 0
480 0 0 0 0
481 0 0 0 0
482 0 0 0 0
483 0 0 0 0
484 0 0 0 0
485 0 0 0 0
486 0 0 0 0
487 0 0 0 0
488 0 0 0 0
489 0 0 0 0
490 0 0 0 0
491 0 0 0 0
492 0 0 0 0
493 0 0 0 0
494 0 0 0 0
495 0 0 0 0
496 0 0 0 0
497 0 0 0 0
498 0 0 0 0
499 0 0 0 0
500 0 0 0 0
501 0 0 0 0
502 0 0 0 0
503 0 0 0 0
504 0 0 0 0
505 0 0 0 0
506 0 0 0 0
507 0 0 0 0
508 0 0 0 0
509 0 0 0 0
510 0 0 0 0
511 0 0 0 0
512 0 0 0 0
513 0 0 0 0
514 0 0 0 0
515 0 0 0 0
516 0 0 0 0
517 0 0 0 0
518 0 0 0 0
519 0 0 0 0
520 0 0 0 0
521 0 0 0 0
522 0 0 0 0
523 0 0 0 0
524 0 0 0 0
525 0 0 0 0
526 0 0 0 0
527 0 0 0 0
528 0 0 0 0
529 0 0 0 0
530 0 0 0 0
531 0 0 0 0
532 0 0 0 0
533 0 0 0 0
534 0 0 0 0
535 0 0 0 0
536 0 0 0 0
537 0 0 0 0
538 0 0 0 0
539 0 0 0 0
540 0 0 0 0
541 0 0 0 0
542 0 0 0 0
543 0 0 0 0
544 0 0 0 0
545 0 0 0 0
546 0 0 0 0
547 0 0 0 0
548 0 0 0 0
549 0 0 0 0
550 0 0 0 0
551 0 0 0 0
552 0 0 0 0
553 0 0 0 0
554 0 0 0 0
555 0 0 0 0
556 0 0 0 0
557 0 0 0 0
558 0 0 0 0
559 0 0 0 0
560 0 0 0 0
561 0 0 0 0
562 0 0 0 0
563 0 0 0 0
564 0 0 0 0
565 0 0 0 0
566 0 0 0 0
567 0 0 0 0
568 0 0 0 0
569 0 0 0 0
570 0 0 0 0
571 0 0 0 0
572 0 0 0 0
573 0 0 0 0
574 0 0 0 0
575 0 0 0 0
576 0 0 0 0
577 0 0 0 0
578 0 0 0 0
579 0 0 0 0
580 0 0 0 0
581 0 0 0 0
582 0 0 0 0
583 0 0 0 0
584 0 0 0 0
585 0 0 0 0
586 0 0 0 0
587 0 0 0 0
588 0 0 0 0
589 0 0 0 0
590 0 0 0 0
591 0 0 0 0
592 0 0 0 0
593 0 0 0 0
594 0 0 0 0
595 0 0 0 0
596 0 0 0 0
597 0 0 0 0
598 0 0 0 0
599 0 0 0 0
600 0 0 0 0
601 0 0 0 0
602 0 0 0 0
603 0 0 0 0
604 0 0 0 0
605 0 0 0 0
606 0 0 0 0
607 0 0 0 0
608 0 0 0 0
609 0 0 0 0
610 0 0 0 0
611 0 0 0 0
612 0 0 0 0
613 0 0 0 0
614 0 0 0 0
615 0 0 0 0
616 0 0 0 0
617 0 0 0 0
618 0 0 0 0
619 0 0 0 0
620 0 0 0 0
621 0 0 0 0
622 0 0 0 0
623 0 0 0 0
624 0 0 0 0
625 0 0 0 0
626 0 0 0 0
627 0 0 0 0
628 0 0 0 0
629 0 0 0 0
630 0 0 0 0
631 0 0 0 0
632 0 0 0 0
633 0 0 0 0
634 0 0 0 0
635 0 0 0 0
636 0 0 0 0
637 0 0 0 0
638 0 0 0 0
639 0 0 0 0
640 0 0 0 0
641 0 0 0 0
642 0 0 0 0
643 0 0 0 0
644 0 0 0 0
645 0 0 0 0
646 0 0 0 0
647 0 0 0 0
648 0 0 0 0
649 0 0 0 0
650 0 0 0 0
651 0 0 0 0
652 0 0 0 0
653 0 0 0 0
654 0 0 0 0
655 0 0 0 0
656 0 0 0 0
657 0 0 0 0
658 0 0 0 0
659 0 0 0 0
660 0 0 0 0
661 0 0 0 0
662 0 0 0 0
663 0 0 0 0
664 0 0 0 0
665 0 0 0 0
666 0 0 0 0
667 0 0 0 0
668 0 0 0 0
669 0 0 0 0
670 0 0 0 0
671 0 0 0 0
672 0 0 0 0
673 0 0 0 0
674 0 0 0 0
675 0 0 0 0
676 0 0 0 0
677 0 0 0 0
678 0 0 0 0
679 0 0 0 0
680 0 0 0 0
681 0 0 0 0
682 0 0 0 0
683 0 0 0 0
684 0 0 0 0
685 0 0 0 0
686 0 0 0 0
687 0 0 0 0
688 0 0 0 0
689 0 0 0 0
690 0 0 0 0
691 0 0 0 0
692 0 0 0 0
693 0 0 0 0
694 0 0 0 0
695 0 0 0 0
696 0 0 0 0
697 0 0 0 0
698 0 0 0 0
699 0 0 0 0
700 0 0 0 0
701 0 0 0 0
702 0 0 0 0
703 0 0 0 0
704 0 0 0 0
705 0 0 0 0
706 0 0 0 0
707 0 0 0 0
708 0 0 0 0
709 0 0 0 0
710 0 0 0 0
711 0 0 0 0
712 0 0 0 0
713 0 0 0 0
714 0 0 0 0
715 0 0 0 0
716 0 0 0 0
717 0 0 0 0
718 0 0 0 0
719 0 0 0 0
720 0 0 0 0
721 0 0 0 0
722 0 0 0 0
723 0 0 0 0
724 0 0 0 0
725 0 0 0 0
726 0 0 0 0
727 0 0 0 0
