0 0 0 0 0
1 0 0 0 0
2 0 0 0 0
3 0 0 0 0
4 0 0 0 0
5 0 2 0 0
6 0 0 0 0
7 0 0 0 0
8 0 0 0 0
9 0 2 1 0
10 0 0 0 0
11 0 0 0 0
12 0 0 0 2
13 0 0 0 2
14 0 0 0 0
15 1 0 0 1
16 0 0 0 0
17 0 0 0 0
18 0 0 0 0
19 0 0 0 0
20 1 0 0 0
21 2 0 0 0
22 2 0 0 0
23 1 0 0 0
24 1 1 0 0
25 2 0 0 0
26 2 2 0 0
27 2 0 0 0
28 1 1 0 0
29 1 1 1 0
30 3 0 1 1
31 0 2 1 1
32 1 1 0 1
33 0 0 0 1
34 1 0 1 0
35 1 1 1 2
36 2 1 0 1
37 2 1 0 1
38 1 1 0 3
39 1 1 1 2
40 1 1 0 0
41 2 1 0 1
42 2 0 0 1
43 4 2 0 1
44 1 1 0 1
45 2 3 1 1
46 0 2 0 2
47 1 0 1 1
48 1 1 1 1
49 1 0 0 1
50 1 0 2 3
51 1 0 2 2
52 2 1 1 3
53 1 1 1 0
54 1 2 0 1
55 0 0 0 2
56 1 0 0 2
57 1 1 0 2
58 1 0 1 3
59 1 2 0 0
60 2 0 1 1
61 0 1 0 1
62 2 1 0 1
63 2 0 1 2
64 0 0 0 1
65 1 1 2 0
66 1 0 0 2
67 5 1 1 1
68 2 1 0 0
69 3 0 0 2
70 1 0 1 1
71 4 1 0 1
72 1 4 1 2
73 0 0 1 0
74 1 0 0 1
75 3 1 0 0
76 2 3 0 4
77 1 1 1 1
78 4 3 0 1
79 4 0 1 1
80 2 3 2 1
81 5 0 1 0
82 0 0 0 1
83 4 0 1 3
84 1 0 1 2
85 4 1 2 3
86 1 3 2 1
87 2 2 0 6
88 1 3 2 2
89 1 1 0 2
90 3 1 1 4
91 4 0 0 1
92 3 1 2 2
93 4 0 0 2
94 2 3 2 3
95 3 1 1 3
96 1 2 2 2
97 0 2 0 1
98 4 0 3 3
99 3 3 2 2
100 3 1 2 3
101 6 1 2 2
102 4 1 1 4
103 6 0 0 3
104 4 1 0 5
105 7 0 1 1
106 4 1 1 3
107 6 5 1 1
108 7 3 4 2
109 7 1 1 1
110 3 7 1 0
111 8 2 2 5
112 5 5 2 4
113 4 6 2 4
114 5 4 2 2
115 6 3 1 6
116 4 5 3 5
117 3 2 1 11
118 4 2 4 6
119 5 2 1 8
120 12 6 1 6
121 3 3 4 3
122 4 4 1 1
123 14 2 1 7
124 9 5 1 6
125 5 6 0 8
126 4 0 1 3
127 14 4 1 6
128 8 3 5 9
129 6 8 4 8
130 12 3 2 2
131 10 3 1 2
132 11 10 4 6
133 10 5 2 7
134 9 2 1 5
135 9 5 3 4
136 9 9 4 10
137 8 4 4 8
138 8 7 4 3
139 3 8 4 14
140 11 8 2 10
141 12 5 7 7
142 9 2 6 11
143 9 4 4 10
144 4 1 3 10
145 6 4 6 12
146 9 8 4 12
147 10 5 0 9
148 13 5 2 5
149 14 4 4 3
150 9 6 4 10
151 9 8 3 2
152 15 6 3 13
153 10 4 3 13
154 10 9 3 9
155 13 5 3 6
156 16 6 2 5
157 16 11 3 9
158 13 9 1 14
159 16 8 3 12
160 18 9 3 8
161 15 11 7 15
162 11 8 2 9
163 21 9 4 8
164 17 16 3 11
165 14 11 7 10
166 18 12 9 12
167 13 10 3 16
168 21 9 6 21
169 14 8 5 11
170 23 9 4 15
171 17 7 7 14
172 15 7 6 18
173 17 14 7 21
174 21 7 4 13
175 15 10 8 18
176 12 8 5 13
177 19 11 6 13
178 14 19 7 11
179 19 8 12 13
180 17 8 7 18
181 22 6 8 16
182 15 6 8 20
183 20 16 5 18
184 19 11 9 15
185 22 10 6 20
186 25 9 5 14
187 15 8 10 22
188 19 15 5 19
189 20 11 2 19
190 23 11 12 14
191 18 7 7 18
192 20 16 4 20
193 15 13 12 10
194 19 16 9 22
195 23 13 14 16
196 19 6 2 23
197 27 11 7 25
198 25 6 6 22
199 26 7 13 20
200 20 12 11 13
201 22 13 5 21
202 20 12 14 20
203 27 14 13 15
204 19 20 11 17
205 23 7 10 16
206 19 14 9 21
207 20 11 6 24
208 15 14 9 24
209 16 8 8 26
210 15 15 10 27
211 17 16 3 26
212 10 11 13 19
213 12 13 7 20
214 8 9 7 25
215 11 11 8 18
216 8 19 6 20
217 11 11 3 17
218 13 10 3 20
219 12 3 10 20
220 11 3 3 22
221 11 8 3 16
222 12 4 7 12
223 11 8 4 20
224 9 6 10 8
225 8 5 5 15
226 5 8 5 12
227 10 8 3 8
228 8 7 3 13
229 7 6 3 10
230 2 6 2 14
231 4 4 3 14
232 6 2 6 9
233 9 5 6 9
234 6 4 2 8
235 6 2 2 10
236 9 5 3 7
237 5 3 2 12
238 9 6 3 6
239 5 2 1 6
240 2 2 2 8
241 6 5 2 5
242 7 2 4 8
243 1 7 1 6
244 2 4 3 4
245 4 4 3 9
246 6 1 6 6
247 4 6 4 7
248 1 3 0 8
249 5 2 0 6
250 2 3 2 6
251 1 2 1 8
252 2 1 0 5
253 0 1 0 5
254 3 4 0 9
255 2 1 2 1
256 3 4 1 0
257 1 1 2 0
258 1 2 1 4
259 3 2 0 3
260 3 0 1 3
261 3 0 2 4
262 2 0 1 2
263 1 1 2 3
264 0 0 1 4
265 0 1 2 4
266 0 1 0 1
267 4 0 1 2
268 2 3 0 0
269 3 1 0 2
270 1 2 0 2
271 3 1 0 1
272 0 2 1 3
273 3 1 0 1
274 2 2 0 3
275 3 1 0 1
276 0 0 2 2
277 1 1 0 1
278 1 1 0 1
279 2 1 1 3
280 1 2 2 1
281 1 0 0 3
282 1 0 4 1
283 0 0 0 2
284 2 1 1 2
285 0 1 0 0
286 0 1 0 5
287 1 1 1 2
288 0 0 2 2
289 1 1 1 0
290 0 0 0 1
291 1 0 0 0
292 1 0 1 3
293 0 0 0 1
294 1 0 1 2
295 1 0 0 0
296 0 0 0 1
297 1 0 1 0
298 0 0 0 1
299 0 1 0 1
300 0 0 1 0
301 0 0 0 0
302 1 0 1 0
303 0 0 0 1
304 0 0 1 1
305 0 0 0 0
306 1 0 0 1
307 0 0 1 1
308 0 0 0 1
309 0 0 0 0
310 0 0 0 0
311 0 0 0 0
312 0 0 0 0
313 0 0 0 0
314 0 0 0 1
315 0 1 0 0
316 0 0 0 0
317 0 0 0 0
318 0 0 0 0
319 0 0 0 0
320 0 0 0 0
321 0 0 0 0
322 0 0 0 1
323 0 0 0 0
324 0 0 0 0
325 0 0 0 0
326 0 0 0 0
327 0 0 0 0
328 0 0 0 0
329 0 0 0 0
330 0 0 0 0
331 0 0 0 0
332 0 0 0 0
333 0 0 0 0
334 0 0 0 0
335 0 0 0 0
336 0 0 0 0
337 0 0 0 0
338 0 0 0 0
339 0 0 0 0
340 0 0 0 0
341 0 0 0 0
342 0 0 0 0
343 0 0 0 0
344 0 0 0 0
345 0 0 0 0
346 0 0 0 0
347 0 0 0 0
348 0 0 0 0
349 0 0 0 0
350 0 0 0 0
351 0 0 0 0
352 0 0 0 0
353 0 0 0 0
354 0 0 0 0
355 0 0 0 0
356 0 0 0 0
357 0 0 0 0
358 0 0 0 0
359 0 0 0 0
360 0 0 0 0
361 0 0 0 0
362 0 0 0 0
363 0 0 0 0
364 0 0 0 0
365 0 0 0 0
366 0 0 0 0
367 0 0 0 0
368 0 0 0 0
369 0 0 0 0
370 0 0 0 0
371 0 0 0 0
372 0 0 0 0
373 0 0 0 0
374 0 0 0 0
375 0 0 0 0
376 0 0 0 0
377 0 0 0 0
378 0 0 0 0
379 0 0 0 0
380 0 0 0 0
381 0 0 0 0
382 0 0 0 0
383 0 0 0 0
384 0 0 0 0
385 0 0 0 0
386 0 0 0 0
387 0 0 0 0
388 0 0 0 0
389 0 0 0 0
390 0 0 0 0
391 0 0 0 0
392 0 0 0 0
393 0 0 0 0
394 0 0 0 0
395 0 0 0 0
396 0 0 0 0
397 0 0 0 0
398 0 0 0 0
399 0 0 0 0
400 0 0 0 0
401 0 0 0 0
402 0 0 0 0
403 0 0 0 0
404 0 0 0 0
405 0 0 0 0
406 0 0 0 0
407 0 0 0 0
408 0 0 0 0
409 0 0 0 0
410 0 0 0 0
411 0 0 0 0
412 0 0 0 0
413 0 0 0 0
414 0 0 0 0
415 0 0 0 0
416 0 0 0 0
417 0 0 0 0
418 0 0 0 0
419 0 0 0 0
420 0 0 0 0
421 0 0 0 0
422 0 0 0 0
423 0 0 0 0
424 0 0 0 0
425 0 0 0 0
426 0 0 0 0
427 0 0 0 0
428 0 0 0 0
429 0 0 0 0
430 0 0 0 0
431 0 0 0 0
432 0 0 0 0
433 0 0 0 0
434 0 0 0 0
435 0 0 0 0
436 0 0 0 0
437 0 0 0 0
438 0 0 0 0
439 0 0 0 0
440 0 0 0 0
441 0 0 0 0
442 0 0 0 0
443 0 0 0 0
444 0 0 0 0
445 0 0 0 0
446 0 0 0 0
447 0 0 0 0
448 0 0 0 0
449 0 0 0 0
450 0 0 0 0
451 0 0 0 0
452 0 0 0 0
453 0 0 0 0
454 0 0 0 0
455 0 0 0 0
456 0 0 0 0
457 0 0 0 0
458 0 0 0 0
459 0 0 0 0
460 0 0 0 0
461 0 0 0 0
462 0 0 0 0
463 0 0 0 0
464 0 0 0 0
465 0 0 0 0
466 0 0 0 0
467 0 0 0 0
468 0 0 0 0
469 0 0 0 0
470 0 0 0 0
471 0 0 0 0
472 0 0 0 0
473 0 0 0 0
474 0 0 0 0
475 0 0 0 0
476 0 0 0 0
477 0 0 0 0
478 0 0 0 0
479 0 0 0 0
480 0 0 0 0
481 0 0 0 0
482 0 0 0 0
483 0 0 0 0
484 0 0 0 0
485 0 0 0 0
486 0 0 0 0
487 0 0 0 0
488 0 0 0 0
489 0 0 0 0
490 0 0 0 0
491 0 0 0 0
492 0 0 0 0
493 0 0 0 0
494 0 0 0 0
495 0 0 0 0
496 0 0 0 0
497 0 0 0 0
498 0 0 0 0
499 0 0 0 0
500 0 0 0 0
501 0 0 0 0
502 0 0 0 0
503 0 0 0 0
504 0 0 0 0
505 0 0 0 0
506 0 0 0 0
507 0 0 0 0
508 0 0 0 0
509 0 0 0 0
510 0 0 0 0
511 0 0 0 0
512 0 0 0 0
513 0 0 0 0
514 0 0 0 0
515 0 0 0 0
516 0 0 0 0
517 0 0 0 0
518 0 0 0 0
519 0 0 0 0
520 0 0 0 0
521 0 0 0 0
522 0 0 0 0
523 0 0 0 0
524 0 0 0 0
525 0 0 0 0
526 0 0 0 0
527 0 0 0 0
528 0 0 0 0
529 0 0 0 0
530 0 0 0 0
531 0 0 0 0
532 0 0 0 0
533 0 0 0 0
534 0 0 0 0
535 0 0 0 0
536 0 0 0 0
537 0 0 0 0
538 0 0 0 0
539 0 0 0 0
540 0 0 0 0
541 0 0 0 0
542 0 0 0 0
543 0 0 0 0
544 0 0 0 0
545 0 0 0 0
546 0 0 0 0
547 0 0 0 0
548 0 0 0 0
549 0 0 0 0
550 0 0 0 0
551 0 0 0 0
552 0 0 0 0
553 0 0 0 0
554 0 0 0 0
555 0 0 0 0
556 0 0 0 0
557 0 0 0 0
558 0 0 0 0
559 0 0 0 0
560 0 0 0 0
561 0 0 0 0
562 0 0 0 0
563 0 0 0 0
564 0 0 0 0
565 0 0 0 0
566 0 0 0 0
567 0 0 0 0
568 0 0 0 0
569 0 0 0 0
570 0 0 0 0
571 0 0 0 0
572 0 0 0 0
573 0 0 0 0
574 0 0 0 0
575 0 0 0 0
576 0 0 0 0
577 0 0 0 0
578 0 0 0 0
579 0 0 0 0
580 0 0 0 0
581 0 0 0 0
582 0 0 0 0
583 0 0 0 0
584 0 0 0 0
585 0 0 0 0
586 0 0 0 0
587 0 0 0 0
588 0 0 0 0
589 0 0 0 0
590 0 0 0 0
591 0 0 0 0
592 0 0 0 0
593 0 0 0 0
594 0 0 0 0
595 0 0 0 0
596 0 0 0 0
597 0 0 0 0
598 0 0 0 0
599 0 0 0 0
600 0 0 0 0
601 0 0 0 0
602 0 0 0 0
603 0 0 0 0
604 0 0 0 0
605 0 0 0 0
606 0 0 0 0
607 0 0 0 0
608 0 0 0 0
609 0 0 0 0
610 0 0 0 0
611 0 0 0 0
612 0 0 0 0
613 0 0 0 0
614 0 0 0 0
615 0 0 0 0
616 0 0 0 0
617 0 0 0 0
618 0 0 0 0
619 0 0 0 0
620 0 0 0 0
621 0 0 0 0
622 0 0 0 0
623 0 0 0 0
624 0 0 0 0
625 0 0 0 0
626 0 0 0 0
627 0 0 0 0
628 0 0 0 0
629 0 0 0 0
630 0 0 0 0
631 0 0 0 0
632 0 0 0 0
633 0 0 0 0
634 0 0 0 0
635 0 0 0 0
636 0 0 0 0
637 0 0 0 0
638 0 0 0 0
639 0 0 0 0
640 0 0 0 0
641 0 0 0 0
642 0 0 0 0
643 0 0 0 0
644 0 0 0 0
645 0 0 0 0
646 0 0 0 0
647 0 0 0 0
648 0 0 0 0
649 0 0 0 0
650 0 0 0 0
651 0 0 0 0
652 0 0 0 0
653 0 0 0 0
654 0 0 0 0
655 0 0 0 0
656 0 0 0 0
657 0 0 0 0
658 0 0 0 0
659 0 0 0 0
660 0 0 0 0
661 0 0 0 0
662 0 0 0 0
663 0 0 0 0
664 0 0 0 0
665 0 0 0 0
666 0 0 0 0
667 0 0 0 0
668 0 0 0 0
669 0 0 0 0
670 0 0 0 0
671 0 0 0 0
672 0 0 0 0
673 0 0 0 0
674 0 0 0 0
675 0 0 0 0
676 0 0 0 0
677 0 0 0 0
678 0 0 0 0
679 0 0 0 0
680 0 0 0 0
681 0 0 0 0
682 0 0 0 0
683 0 0 0 0
684 0 0 0 0
685 0 0 0 0
686 0 0 0 0
687 0 0 0 0
688 0 0 0 0
689 0 0 0 0
690 0 0 0 0
691 0 0 0 0
692 0 0 0 0
693 0 0 0 0
694 0 0 0 0
695 0 0 0 0
696 0 0 0 0
697 0 0 0 0
698 0 0 0 0
699 0 0 0 0
700 0 0 0 0
701 0 0 0 0
702 0 0 0 0
703 0 0 0 0
704 0 0 0 0
705 0 0 0 0
706 0 0 0 0
707 0 0 0 0
708 0 0 0 0
709 0 0 0 0
710 0 0 0 0
711 0 0 0 0
712 0 0 0 0
713 0 0 0 0
714 0 0 0 0
715 0 0 0 0
716 0 0 0 0
717 0 0 0 0
718 0 0 0 0
719 0 0 0 0
720 0 0 0 0
721 0 0 0 0
722 0 0 0 0
723 0 0 0 0
724 0 0 0 0
725 0 0 0 0
726 0 0 0 0
727 0 0 0 0
