0 0 0 0 0
1 0 0 0 0
2 0 0 0 0
3 0 0 0 0
4 0 0 0 0
5 0 1 2 0
6 0 0 0 0
7 0 0 0 0
8 0 0 0 0
9 0 1 1 2
10 0 0 0 0
11 0 0 0 0
12 0 0 0 1
13 0 0 0 1
14 0 0 0 0
15 0 0 0 0
16 1 0 0 1
17 0 0 0 0
18 0 0 0 0
19 1 0 0 0
20 1 0 0 0
21 1 0 1 0
22 1 0 0 0
23 0 0 0 0
24 0 0 0 0
25 2 0 1 0
26 0 0 1 0
27 2 0 0 0
28 1 1 1 1
29 0 0 0 1
30 1 2 0 0
31 0 0 0 0
32 0 0 1 1
33 0 1 0 1
34 1 0 0 2
35 0 0 0 1
36 0 1 0 0
37 0 0 0 0
38 0 0 0 0
39 0 1 0 1
40 0 0 0 1
41 0 0 0 0
42 0 0 0 0
43 0 1 0 2
44 0 0 0 0
45 0 0 0 0
46 0 0 0 0
47 1 0 0 0
48 0 0 0 0
49 0 0 0 0
50 1 0 0 1
51 2 0 0 0
52 0 1 0 0
53 0 0 0 0
54 1 0 0 0
55 0 1 0 0
56 0 1 0 0
57 1 0 0 0
58 2 0 0 0
59 0 0 0 2
60 1 0 1 0
61 1 0 0 0
62 0 2 0 0
63 0 0 0 1
64 0 0 0 0
65 0 1 0 1
66 1 0 0 0
67 0 1 1 0
68 0 0 0 0
69 0 0 0 3
70 1 1 0 0
71 0 0 0 2
72 0 0 0 0
73 0 0 0 0
74 0 0 0 0
75 0 1 0 0
76 1 0 0 0
77 3 0 0 1
78 2 0 0 0
79 2 1 0 0
80 0 0 0 0
81 3 1 0 0
82 0 0 0 1
83 0 1 0 1
84 2 0 0 0
85 0 0 0 1
86 2 2 2 0
87 2 1 0 0
88 3 1 1 0
89 4 1 0 0
90 0 1 1 1
91 0 1 0 0
92 0 1 0 0
93 0 3 0 5
94 3 1 0 3
95 1 1 0 2
96 1 1 0 1
97 1 1 1 2
98 4 1 1 0
99 1 2 0 1
100 4 0 0 3
101 1 0 1 1
102 2 0 0 1
103 2 1 1 0
104 1 0 1 1
105 3 0 1 3
106 2 1 1 2
107 3 1 2 2
108 3 1 1 1
109 5 2 1 1
110 2 3 0 0
111 2 1 2 1
112 2 1 0 1
113 3 1 0 3
114 3 3 0 3
115 4 2 0 3
116 1 3 1 2
117 1 2 1 2
118 2 3 2 2
119 1 1 1 2
120 5 2 2 3
121 2 2 0 3
122 3 2 0 2
123 2 2 0 3
124 4 1 0 3
125 1 3 1 5
126 5 0 1 1
127 3 1 2 5
128 2 2 1 1
129 4 4 0 4
130 1 2 0 0
131 3 1 4 4
132 6 1 0 2
133 4 1 0 3
134 8 1 1 1
135 2 1 1 3
136 3 1 3 3
137 2 6 0 4
138 4 4 2 4
139 3 4 2 0
140 5 0 2 4
141 5 4 0 7
142 2 1 0 3
143 3 4 1 4
144 5 2 2 1
145 8 1 1 7
146 5 4 0 3
147 2 2 2 4
148 5 2 1 4
149 6 3 3 2
150 9 3 2 2
151 6 1 1 7
152 5 0 1 2
153 5 2 3 6
154 6 1 6 5
155 8 8 2 0
156 6 3 3 3
157 7 2 1 4
158 9 4 3 3
159 7 5 1 4
160 6 5 1 9
161 10 7 1 7
162 7 4 1 9
163 6 4 3 5
164 8 3 4 6
165 11 3 1 6
166 13 6 4 3
167 4 4 3 8
168 9 4 4 9
169 8 6 2 5
170 10 5 6 6
171 10 8 6 9
172 9 0 3 7
173 11 5 4 6
174 11 5 4 8
175 18 8 3 9
176 19 7 1 7
177 16 7 2 12
178 20 2 3 13
179 14 0 9 9
180 9 1 8 8
181 9 10 5 10
182 14 10 7 7
183 20 9 10 10
184 14 9 7 7
185 16 9 6 7
186 12 10 5 11
187 15 2 10 14
188 15 12 4 16
189 16 5 2 19
190 19 10 6 15
191 23 10 2 12
192 16 15 6 16
193 12 9 9 15
194 15 9 6 16
195 23 12 5 15
196 23 4 9 17
197 16 11 2 13
198 13 7 6 9
199 14 9 10 14
200 16 17 12 19
201 14 13 8 17
202 18 9 4 17
203 13 9 6 18
204 12 10 5 19
205 17 12 10 16
206 12 12 5 16
207 20 8 5 22
208 6 8 5 15
209 13 9 3 17
210 12 12 5 15
211 6 11 5 17
212 12 9 9 15
213 11 4 3 19
214 10 13 4 19
215 14 5 6 19
216 12 5 5 14
217 18 8 5 7
218 12 7 3 13
219 8 8 5 10
220 13 6 8 10
221 8 7 4 19
222 5 11 2 13
223 7 5 3 14
224 10 6 4 7
225 5 4 4 12
226 6 9 4 15
227 10 7 4 12
228 4 5 4 8
229 8 10 3 8
230 7 3 4 12
231 10 2 1 12
232 7 4 4 8
233 9 2 5 12
234 5 2 3 7
235 5 4 4 5
236 3 6 2 11
237 4 5 1 6
238 5 5 5 4
239 6 3 3 6
240 4 5 4 10
241 4 2 1 7
242 9 3 3 12
243 4 3 2 8
244 4 5 0 6
245 6 0 1 6
246 2 3 0 5
247 5 7 2 9
248 5 5 1 3
249 1 2 4 3
250 2 5 1 3
251 5 3 2 4
252 3 0 4 1
253 5 2 0 6
254 2 1 2 9
255 3 1 1 6
256 2 6 2 4
257 0 3 2 4
258 2 1 2 4
259 4 1 1 4
260 4 0 2 7
261 2 0 3 5
262 4 2 0 3
263 2 1 1 2
264 2 4 0 3
265 0 3 0 4
266 2 0 0 3
267 2 4 1 4
268 2 1 2 1
269 1 3 0 3
270 2 1 1 0
271 3 1 0 6
272 2 3 0 4
273 1 0 2 2
274 0 0 0 3
275 3 0 2 2
276 1 0 2 2
277 1 0 2 0
278 1 1 1 0
279 1 1 0 3
280 0 2 0 3
281 2 0 2 1
282 1 1 1 1
283 1 0 0 2
284 0 1 0 1
285 1 0 0 3
286 2 1 0 2
287 1 0 1 2
288 1 2 0 1
289 0 0 0 0
290 1 2 0 1
291 4 1 1 2
292 2 1 0 2
293 2 0 0 0
294 1 0 0 2
295 1 3 0 1
296 3 1 1 1
297 1 0 2 0
298 1 2 0 1
299 1 0 1 2
300 1 1 2 1
301 2 2 0 1
302 2 1 1 2
303 2 0 0 1
304 1 0 0 5
305 0 1 0 3
306 0 1 0 1
307 1 2 0 0
308 0 2 1 0
309 0 1 0 1
310 0 0 1 0
311 0 0 1 1
312 0 1 0 3
313 2 0 0 1
314 1 0 0 2
315 0 0 0 2
316 0 0 0 1
317 2 0 0 0
318 2 1 0 0
319 3 0 0 1
320 2 0 0 0
321 2 0 0 0
322 2 2 1 0
323 0 2 0 0
324 0 0 3 0
325 0 2 0 1
326 0 2 0 3
327 0 1 1 2
328 0 0 0 1
329 0 1 0 0
330 0 0 0 2
331 0 0 0 3
332 0 0 0 2
333 0 0 0 1
334 0 0 0 1
335 0 0 0 0
336 0 0 0 0
337 2 0 0 0
338 0 0 0 0
339 0 0 0 0
340 0 0 0 0
341 1 0 0 0
342 1 0 1 0
343 0 0 0 0
344 1 0 0 0
345 0 0 0 0
346 0 1 1 1
347 0 0 1 0
348 0 0 0 0
349 0 1 0 0
350 0 0 0 0
351 0 0 0 2
352 0 0 0 0
353 0 0 0 1
354 0 0 0 0
355 0 0 0 0
356 0 0 0 1
357 0 0 0 0
358 0 0 0 0
359 0 0 0 0
360 1 0 0 0
361 0 0 0 0
362 0 0 0 0
363 0 0 0 0
364 0 0 0 0
365 1 1 0 0
366 0 0 0 0
367 0 0 0 0
368 0 0 0 0
369 0 0 0 0
370 0 0 0 0
371 0 0 0 0
372 0 0 0 1
373 0 0 0 0
374 0 1 0 0
375 0 0 0 0
376 0 0 0 0
377 0 0 0 0
378 0 0 0 0
379 0 0 0 0
380 0 0 0 1
381 0 0 0 0
382 0 0 0 0
383 1 0 0 0
384 1 0 0 0
385 1 0 0 0
386 0 0 0 0
387 0 0 0 0
388 1 1 0 0
389 0 0 0 0
390 1 1 0 0
391 0 0 0 0
392 2 0 0 0
393 0 2 0 0
394 1 0 0 1
395 1 1 0 1
396 1 0 0 0
397 1 0 0 1
398 0 0 0 0
399 0 0 0 0
400 0 0 1 1
401 0 1 2 0
402 0 0 0 1
403 0 1 0 0
404 1 0 0 0
405 1 0 0 1
406 1 1 0 0
407 1 0 0 2
408 2 0 0 2
409 0 0 0 0
410 2 1 0 0
411 2 0 0 1
412 0 0 0 0
413 2 0 1 0
414 1 0 0 1
415 1 2 1 0
416 2 1 0 0
417 2 1 1 1
418 2 0 2 0
419 3 1 0 2
420 1 1 1 1
421 0 1 1 2
422 1 1 1 2
423 0 1 0 0
424 1 3 0 2
425 0 0 1 2
426 0 0 0 1
427 1 0 1 0
428 0 0 0 2
429 0 1 1 2
430 1 0 0 1
431 0 1 0 4
432 1 1 0 0
433 0 0 0 1
434 2 0 0 0
435 2 0 0 1
436 1 0 0 1
437 1 1 0 0
438 1 0 0 0
439 1 2 1 1
440 0 1 0 0
441 0 1 0 1
442 4 0 1 0
443 2 0 0 2
444 3 0 1 0
445 1 0 0 1
446 1 0 0 1
447 0 2 1 1
448 2 2 0 1
449 2 1 1 1
450 1 1 0 0
451 2 1 1 2
452 3 0 1 2
453 1 2 0 2
454 0 1 1 1
455 2 1 1 1
456 1 0 0 0
457 1 4 0 2
458 4 0 0 3
459 1 0 0 3
460 1 0 2 1
461 1 1 0 1
462 2 2 0 1
463 2 1 0 1
464 3 2 1 2
465 2 0 1 1
466 2 1 0 2
467 1 3 1 1
468 3 0 1 0
469 2 1 2 1
470 3 0 1 1
471 4 0 1 4
472 5 1 1 2
473 4 1 0 3
474 3 3 0 2
475 5 1 2 1
476 4 1 1 3
477 2 4 1 1
478 1 2 1 2
479 4 1 2 3
480 4 2 4 2
481 7 2 1 5
482 3 1 3 2
483 0 1 2 3
484 0 2 1 3
485 2 1 0 2
486 0 3 1 2
487 2 2 2 6
488 3 1 0 3
489 2 3 1 4
490 1 4 1 4
491 3 1 0 3
492 4 0 1 1
493 1 1 2 5
494 9 1 0 6
495 2 0 0 0
496 5 1 0 2
497 4 2 0 4
498 5 0 2 1
499 2 4 2 0
500 2 0 5 0
501 4 2 4 1
502 5 1 0 0
503 3 6 1 4
504 7 0 1 4
505 6 1 3 5
506 9 3 2 4
507 1 1 1 7
508 2 0 2 3
509 7 1 2 2
510 2 5 2 4
511 2 5 4 3
512 3 2 1 4
513 7 4 2 6
514 2 0 3 6
515 2 5 0 8
516 6 0 0 3
517 9 2 0 5
518 3 5 4 2
519 9 1 1 4
520 5 0 2 3
521 8 4 2 3
522 5 1 7 2
523 5 0 3 1
524 8 6 3 3
525 7 2 1 10
526 4 6 1 4
527 8 2 2 3
528 5 5 2 10
529 6 5 2 5
530 11 5 3 2
531 4 3 2 4
532 4 3 2 5
533 7 6 1 10
534 6 5 0 9
535 9 3 5 8
536 5 3 1 7
537 10 3 1 5
538 8 4 3 3
539 5 4 2 8
540 6 3 5 5
541 5 6 1 5
542 6 8 3 7
543 7 3 4 5
544 11 3 3 6
545 8 5 1 7
546 10 5 2 10
547 10 5 3 9
548 6 2 2 5
549 6 2 2 5
550 7 5 3 5
551 9 4 5 9
552 6 7 4 7
553 13 6 6 5
554 5 1 4 5
555 12 5 4 5
556 7 6 3 10
557 6 6 2 12
558 11 4 5 9
559 3 2 6 7
560 12 8 1 10
561 11 0 1 7
562 11 8 3 8
563 13 1 5 9
564 5 1 5 9
565 6 7 3 4
566 14 7 3 10
567 5 7 6 10
568 5 9 5 2
569 11 6 3 8
570 8 3 5 6
571 6 3 7 12
572 4 4 1 13
573 9 3 2 9
574 4 7 2 11
575 4 7 7 12
576 5 1 4 5
577 2 6 1 8
578 2 4 5 8
579 4 2 2 11
580 4 1 1 7
581 3 1 3 8
582 8 3 3 14
583 5 2 2 5
584 6 2 4 6
585 2 1 1 3
586 5 0 0 2
587 4 3 2 4
588 5 3 4 4
589 5 4 2 5
590 3 1 3 2
591 2 3 2 4
592 5 1 1 4
593 4 1 4 3
594 0 1 3 6
595 4 2 2 6
596 2 2 2 5
597 1 4 1 5
598 0 1 3 4
599 1 3 0 2
600 2 0 3 4
601 2 1 2 6
602 1 0 1 3
603 1 0 0 4
604 0 2 0 3
605 0 1 0 5
606 0 2 0 3
607 1 0 1 1
608 1 1 0 3
609 1 2 0 0
610 2 1 0 1
611 4 0 0 2
612 2 1 0 2
613 1 1 0 2
614 1 1 0 1
615 1 1 1 0
616 1 3 1 1
617 1 1 0 0
618 1 1 0 1
619 1 1 0 1
620 2 1 0 3
621 0 0 1 1
622 2 0 0 1
623 0 0 0 3
624 0 1 1 1
625 1 2 1 2
626 0 0 1 0
627 1 2 1 0
628 0 0 0 1
629 0 0 0 2
630 0 1 0 1
631 0 0 0 2
632 0 0 0 1
633 0 0 0 0
634 0 0 0 2
635 0 0 0 0
636 0 0 1 0
637 0 0 0 1
638 0 0 0 0
639 0 0 0 0
640 0 0 0 1
641 0 0 0 0
642 0 0 0 0
643 0 0 0 0
644 0 0 0 0
645 0 0 0 0
646 0 0 0 0
647 0 0 0 0
648 0 0 0 0
649 0 0 0 0
650 0 0 0 0
651 0 0 0 0
652 0 0 0 0
653 0 0 0 0
654 0 0 0 0
655 0 0 0 0
656 0 0 0 0
657 0 0 0 0
658 0 0 0 0
659 0 0 0 0
660 0 0 0 0
661 0 0 0 0
662 0 0 0 0
663 0 0 0 0
664 0 0 0 0
665 0 0 0 0
666 0 0 0 0
667 0 0 0 0
668 0 0 0 0
669 0 0 0 0
670 0 0 0 0
671 0 0 0 0
672 0 0 0 0
673 0 0 0 0
674 0 0 0 0
675 0 0 0 0
676 0 0 0 0
677 0 0 0 0
678 0 0 0 0
679 0 0 0 0
680 0 0 0 0
681 0 0 0 0
682 0 0 0 0
683 0 0 0 0
684 0 0 0 0
685 0 0 0 0
686 0 0 0 0
687 0 0 0 0
688 0 0 0 0
689 0 0 0 0
690 0 0 0 0
691 0 0 0 0
692 0 0 0 0
693 0 0 0 0
694 0 0 0 0
695 0 0 0 0
696 0 0 0 0
697 0 0 0 0
698 0 0 0 0
699 0 0 0 0
700 0 0 0 0
701 0 0 0 0
702 0 0 0 0
703 0 0 0 0
704 0 0 0 0
705 0 0 0 0
706 0 0 0 0
707 0 0 0 0
708 0 0 0 0
709 0 0 0 0
710 0 0 0 0
711 0 0 0 0
712 0 0 0 0
713 0 0 0 0
714 0 0 0 0
715 0 0 0 0
716 0 0 0 0
717 0 0 0 0
718 0 0 0 0
719 0 0 0 0
720 0 0 0 0
721 0 0 0 0
722 0 0 0 0
723 0 0 0 0
724 0 0 0 0
725 0 0 0 0
726 0 0 0 0
727 0 0 0 0
