0 0 0 0 0
1 0 0 0 0
2 0 0 0 0
3 0 0 0 0
4 0 0 0 0
5 0 0 0 0
6 0 0 1 0
7 0 0 0 0
8 0 0 0 0
9 0 2 2 0
10 0 0 0 1
11 0 0 0 0
12 0 0 0 0
13 0 0 0 1
14 0 0 0 0
15 0 0 0 0
16 0 0 0 3
17 0 0 0 0
18 0 0 0 0
19 0 0 0 0
20 0 0 0 0
21 0 0 0 0
22 0 0 0 0
23 1 0 0 0
24 2 0 0 0
25 2 0 0 0
26 2 0 0 0
27 1 0 0 0
28 1 0 0 0
29 0 1 0 0
30 1 0 0 0
31 0 1 0 0
32 1 0 2 0
33 0 1 0 1
34 0 0 2 0
35 1 1 0 0
36 0 0 0 1
37 1 1 1 0
38 0 0 0 3
39 0 1 0 0
40 0 0 0 1
41 0 0 0 3
42 1 0 1 0
43 0 0 0 0
44 1 0 1 1
45 0 0 0 0
46 0 0 0 1
47 1 1 0 0
48 1 0 0 1
49 2 0 0 1
50 2 0 0 0
51 1 0 1 0
52 2 1 0 0
53 0 0 0 0
54 0 0 0 1
55 0 0 0 1
56 2 0 0 1
57 1 0 1 0
58 1 2 0 0
59 0 2 1 0
60 1 1 0 0
61 3 1 1 0
62 1 0 0 2
63 3 0 0 2
64 2 0 0 1
65 2 1 1 1
66 2 3 1 2
67 0 1 1 1
68 2 1 1 0
69 5 0 1 1
70 2 0 0 3
71 2 0 0 0
72 2 1 0 2
73 1 2 0 2
74 2 4 3 2
75 1 0 2 1
76 1 1 0 0
77 1 1 0 2
78 2 0 1 5
79 2 3 0 3
80 3 1 0 0
81 3 1 2 2
82 1 0 0 1
83 6 1 0 2
84 2 0 1 2
85 1 2 1 2
86 4 0 2 2
87 4 1 2 1
88 6 4 1 2
89 3 0 0 3
90 7 3 0 0
91 7 0 2 0
92 2 2 3 3
93 4 4 1 2
94 3 1 0 4
95 7 1 5 3
96 1 2 3 0
97 4 1 2 4
98 3 1 3 3
99 5 2 2 9
100 4 6 1 5
101 4 2 1 1
102 4 5 1 2
103 3 3 3 5
104 5 4 1 8
105 2 0 2 4
106 4 2 2 5
107 2 3 1 5
108 4 0 3 4
109 4 6 0 5
110 6 2 0 5
111 7 2 0 6
112 6 2 0 2
113 7 3 1 4
114 12 1 3 2
115 8 2 3 1
116 7 4 3 5
117 7 2 1 1
118 6 1 3 3
119 6 2 3 3
120 5 2 5 8
121 8 7 0 5
122 5 6 5 6
123 12 6 5 5
124 7 3 2 4
125 8 3 3 5
126 9 4 2 5
127 4 5 0 9
128 8 8 5 5
129 7 5 0 11
130 3 3 4 9
131 8 6 2 4
132 4 4 1 13
133 8 4 5 6
134 7 6 3 8
135 9 0 6 5
136 12 2 5 4
137 9 4 2 7
138 9 5 2 10
139 11 5 2 6
140 6 6 2 9
141 8 4 3 6
142 9 7 2 5
143 6 2 5 9
144 11 5 2 7
145 12 11 3 9
146 16 3 3 7
147 10 4 5 9
148 14 10 1 9
149 11 3 4 13
150 16 8 7 8
151 15 8 3 5
152 10 5 2 11
153 9 6 4 3
154 10 3 2 16
155 13 11 7 9
156 21 10 7 10
157 17 13 2 10
158 13 6 6 8
159 17 10 1 13
160 15 8 1 13
161 20 9 9 13
162 12 8 6 14
163 13 9 2 13
164 15 11 8 12
165 12 7 5 21
166 10 14 4 12
167 13 9 3 11
168 15 7 5 18
169 8 12 4 9
170 9 10 6 16
171 11 5 8 14
172 10 6 5 12
173 15 10 5 14
174 12 6 5 15
175 22 4 4 18
176 14 8 6 14
177 11 9 7 15
178 16 8 2 8
179 19 9 4 7
180 19 10 6 15
181 25 10 5 14
182 17 8 4 12
183 23 9 5 11
184 20 14 6 14
185 20 7 5 10
186 14 12 8 17
187 17 7 9 17
188 21 13 10 19
189 12 10 11 10
190 17 10 14 16
191 14 9 6 16
192 17 8 4 20
193 28 15 9 22
194 25 8 7 19
195 28 12 7 16
196 21 11 2 13
197 21 9 9 24
198 22 14 9 18
199 21 13 8 15
200 14 15 8 22
201 21 12 5 17
202 15 13 7 23
203 21 18 6 11
204 18 20 8 24
205 13 12 11 22
206 10 16 7 27
207 16 11 6 21
208 11 10 10 16
209 19 9 1 19
210 12 13 3 26
211 12 9 6 26
212 15 9 7 23
213 12 16 4 14
214 17 11 2 16
215 12 9 2 14
216 11 8 7 14
217 10 9 7 16
218 8 11 8 15
219 5 8 8 12
220 9 7 2 20
221 11 6 3 15
222 13 4 4 15
223 13 6 4 14
224 6 6 2 12
225 10 5 4 10
226 7 7 4 11
227 8 9 4 11
228 13 8 5 13
229 3 6 1 12
230 8 8 4 13
231 9 6 3 10
232 5 4 0 9
233 4 5 4 6
234 4 6 3 14
235 8 7 2 13
236 3 7 1 5
237 8 4 5 4
238 6 1 1 11
239 1 3 4 11
240 7 3 3 7
241 5 3 1 3
242 3 4 4 5
243 3 3 1 8
244 5 3 2 11
245 4 4 1 4
246 7 3 2 10
247 6 2 2 3
248 3 3 0 3
249 3 2 4 2
250 0 2 3 4
251 2 7 0 7
252 3 3 0 5
253 1 2 4 7
254 1 2 1 4
255 2 2 0 2
256 2 2 3 4
257 1 1 1 5
258 1 1 0 7
259 2 1 0 2
260 0 0 1 6
261 4 4 0 5
262 3 1 1 0
263 1 0 0 3
264 1 2 1 1
265 1 0 0 3
266 1 1 1 2
267 1 3 0 1
268 1 1 0 3
269 1 0 0 0
270 0 1 1 2
271 2 3 1 1
272 0 1 0 1
273 2 0 0 1
274 5 1 0 4
275 0 0 0 3
276 0 1 0 2
277 1 0 1 0
278 3 2 0 2
279 1 3 0 0
280 2 1 0 1
281 0 0 0 1
282 1 0 0 1
283 0 2 1 1
284 1 0 1 1
285 1 0 1 1
286 1 1 0 2
287 0 1 1 2
288 1 0 0 1
289 0 1 1 1
290 0 0 0 2
291 0 1 2 0
292 0 0 0 0
293 0 0 0 2
294 1 0 0 2
295 1 0 0 1
296 2 0 0 0
297 1 1 0 0
298 0 0 0 2
299 1 0 0 0
300 2 0 1 0
301 0 0 1 0
302 1 0 0 0
303 0 0 1 0
304 0 0 1 1
305 0 0 2 1
306 0 1 0 0
307 1 0 0 1
308 0 1 0 1
309 0 1 0 0
310 0 0 0 2
311 0 0 0 0
312 1 0 0 2
313 0 0 0 1
314 1 0 0 0
315 0 0 0 1
316 1 0 1 0
317 0 0 0 0
318 0 0 0 0
319 0 0 1 0
320 0 0 0 1
321 0 0 1 0
322 0 0 0 0
323 0 0 0 0
324 0 0 0 0
325 1 1 0 0
326 0 0 0 1
327 0 0 0 0
328 0 0 0 1
329 0 0 0 0
330 0 1 0 0
331 0 0 0 0
332 0 0 0 1
333 1 0 0 0
334 0 0 0 0
335 0 0 0 0
336 0 0 0 0
337 0 0 0 1
338 0 0 0 0
339 0 0 0 0
340 0 0 0 0
341 0 0 0 0
342 0 1 0 0
343 0 0 0 0
344 0 0 0 0
345 0 0 0 0
346 0 0 0 1
347 0 0 0 0
348 0 0 0 0
349 0 0 0 0
350 0 0 0 0
351 0 0 0 0
352 0 0 0 0
353 0 0 0 0
354 0 0 0 0
355 0 0 0 0
356 0 0 0 0
357 0 0 0 0
358 0 0 0 0
359 0 0 0 0
360 0 0 0 0
361 0 0 0 0
362 0 0 0 0
363 0 0 0 0
364 0 0 0 0
365 0 0 0 0
366 0 0 0 0
367 1 0 0 0
368 0 0 0 0
369 0 0 0 0
370 0 0 0 0
371 0 0 0 0
372 0 0 0 0
373 0 0 0 0
374 0 0 0 0
375 0 0 0 0
376 0 0 1 0
377 0 0 0 0
378 0 0 0 0
379 0 0 0 0
380 0 0 0 1
381 0 0 0 0
382 0 0 0 0
383 0 0 0 0
384 0 0 0 0
385 0 0 0 0
386 0 0 0 0
387 0 0 0 0
388 0 0 0 0
389 0 0 0 0
390 0 0 0 0
391 0 0 0 0
392 0 0 0 0
393 0 0 0 0
394 0 0 0 0
395 0 0 0 0
396 0 0 0 0
397 0 0 0 0
398 0 0 0 0
399 0 0 0 0
400 0 0 0 0
401 0 0 0 0
402 0 0 0 0
403 0 0 0 0
404 0 0 0 0
405 0 0 0 0
406 0 0 0 0
407 0 0 0 0
408 0 0 0 0
409 0 0 0 0
410 0 0 0 0
411 0 0 0 0
412 0 0 0 0
413 0 0 0 0
414 0 0 0 0
415 0 0 0 0
416 0 0 0 0
417 0 0 0 0
418 0 0 0 0
419 0 0 0 0
420 0 0 0 0
421 0 0 0 0
422 0 0 0 0
423 0 0 0 0
424 0 0 0 0
425 0 0 0 0
426 0 0 0 0
427 0 0 0 0
428 0 0 0 0
429 0 0 0 0
430 0 0 0 0
431 0 0 0 0
432 0 0 0 0
433 0 0 0 0
434 0 0 0 0
435 0 0 0 0
436 0 0 0 0
437 0 0 0 0
438 0 0 0 0
439 0 0 0 0
440 0 0 0 0
441 0 0 0 0
442 0 0 0 0
443 0 0 0 0
444 0 0 0 0
445 0 0 0 0
446 0 0 0 0
447 0 0 0 0
448 0 0 0 0
449 0 0 0 0
450 0 0 0 0
451 0 0 0 0
452 0 0 0 0
453 0 0 0 0
454 0 0 0 0
455 0 0 0 0
456 0 0 0 0
457 0 0 0 0
458 0 0 0 0
459 0 0 0 0
460 0 0 0 0
461 0 0 0 0
462 0 0 0 0
463 0 0 0 0
464 0 0 0 0
465 0 0 0 0
466 0 0 0 0
467 0 0 0 0
468 0 0 0 0
469 0 0 0 0
470 0 0 0 0
471 0 0 0 0
472 0 0 0 0
473 0 0 0 0
474 0 0 0 0
475 0 0 0 0
476 0 0 0 0
477 0 0 0 0
478 0 0 0 0
479 0 0 0 0
480 0 0 0 0
481 0 0 0 0
482 0 0 0 0
483 0 0 0 0
484 0 0 0 0
485 0 0 0 0
486 0 0 0 0
487 0 0 0 0
488 0 0 0 0
489 0 0 0 0
490 0 0 0 0
491 0 0 0 0
492 0 0 0 0
493 0 0 0 0
494 0 0 0 0
495 0 0 0 0
496 0 0 0 0
497 0 0 0 0
498 0 0 0 0
499 0 0 0 0
500 0 0 0 0
501 0 0 0 0
502 0 0 0 0
503 0 0 0 0
504 0 0 0 0
505 0 0 0 0
506 0 0 0 0
507 0 0 0 0
508 0 0 0 0
509 0 0 0 0
510 0 0 0 0
511 0 0 0 0
512 0 0 0 0
513 0 0 0 0
514 0 0 0 0
515 0 0 0 0
516 0 0 0 0
517 0 0 0 0
518 0 0 0 0
519 0 0 0 0
520 0 0 0 0
521 0 0 0 0
522 0 0 0 0
523 0 0 0 0
524 0 0 0 0
525 0 0 0 0
526 0 0 0 0
527 0 0 0 0
528 0 0 0 0
529 0 0 0 0
530 0 0 0 0
531 0 0 0 0
532 0 0 0 0
533 0 0 0 0
534 0 0 0 0
535 0 0 0 0
536 0 0 0 0
537 0 0 0 0
538 0 0 0 0
539 0 0 0 0
540 0 0 0 0
541 0 0 0 0
542 0 0 0 0
543 0 0 0 0
544 0 0 0 0
545 0 0 0 0
546 0 0 0 0
547 0 0 0 0
548 0 0 0 0
549 0 0 0 0
550 0 0 0 0
551 0 0 0 0
552 0 0 0 0
553 0 0 0 0
554 0 0 0 0
555 0 0 0 0
556 0 0 0 0
557 0 0 0 0
558 0 0 0 0
559 0 0 0 0
560 0 0 0 0
561 0 0 0 0
562 0 0 0 0
563 0 0 0 0
564 0 0 0 0
565 0 0 0 0
566 0 0 0 0
567 0 0 0 0
568 0 0 0 0
569 0 0 0 0
570 0 0 0 0
571 0 0 0 0
572 0 0 0 0
573 0 0 0 0
574 0 0 0 0
575 0 0 0 0
576 0 0 0 0
577 0 0 0 0
578 0 0 0 0
579 0 0 0 0
580 0 0 0 0
581 0 0 0 0
582 0 0 0 0
583 0 0 0 0
584 0 0 0 0
585 0 0 0 0
586 0 0 0 0
587 0 0 0 0
588 0 0 0 0
589 0 0 0 0
590 0 0 0 0
591 0 0 0 0
592 0 0 0 0
593 0 0 0 0
594 0 0 0 0
595 0 0 0 0
596 0 0 0 0
597 0 0 0 0
598 0 0 0 0
599 0 0 0 0
600 0 0 0 0
601 0 0 0 0
602 0 0 0 0
603 0 0 0 0
604 0 0 0 0
605 0 0 0 0
606 0 0 0 0
607 0 0 0 0
608 0 0 0 0
609 0 0 0 0
610 0 0 0 0
611 0 0 0 0
612 0 0 0 0
613 0 0 0 0
614 0 0 0 0
615 0 0 0 0
616 0 0 0 0
617 0 0 0 0
618 0 0 0 0
619 0 0 0 0
620 0 0 0 0
621 0 0 0 0
622 0 0 0 0
623 0 0 0 0
624 0 0 0 0
625 0 0 0 0
626 0 0 0 0
627 0 0 0 0
628 0 0 0 0
629 0 0 0 0
630 0 0 0 0
631 0 0 0 0
632 0 0 0 0
633 0 0 0 0
634 0 0 0 0
635 0 0 0 0
636 0 0 0 0
637 0 0 0 0
638 0 0 0 0
639 0 0 0 0
640 0 0 0 0
641 0 0 0 0
642 0 0 0 0
643 0 0 0 0
644 0 0 0 0
645 0 0 0 0
646 0 0 0 0
647 0 0 0 0
648 0 0 0 0
649 0 0 0 0
650 0 0 0 0
651 0 0 0 0
652 0 0 0 0
653 0 0 0 0
654 0 0 0 0
655 0 0 0 0
656 0 0 0 0
657 0 0 0 0
658 0 0 0 0
659 0 0 0 0
660 0 0 0 0
661 0 0 0 0
662 0 0 0 0
663 0 0 0 0
664 0 0 0 0
665 0 0 0 0
666 0 0 0 0
667 0 0 0 0
668 0 0 0 0
669 0 0 0 0
670 0 0 0 0
671 0 0 0 0
672 0 0 0 0
673 0 0 0 0
674 0 0 0 0
675 0 0 0 0
676 0 0 0 0
677 0 0 0 0
678 0 0 0 0
679 0 0 0 0
680 0 0 0 0
681 0 0 0 0
682 0 0 0 0
683 0 0 0 0
684 0 0 0 0
685 0 0 0 0
686 0 0 0 0
687 0 0 0 0
688 0 0 0 0
689 0 0 0 0
690 0 0 0 0
691 0 0 0 0
692 0 0 0 0
693 0 0 0 0
694 0 0 0 0
695 0 0 0 0
696 0 0 0 0
697 0 0 0 0
698 0 0 0 0
699 0 0 0 0
700 0 0 0 0
701 0 0 0 0
702 0 0 0 0
703 0 0 0 0
704 0 0 0 0
705 0 0 0 0
706 0 0 0 0
707 0 0 0 0
708 0 0 0 0
709 0 0 0 0
710 0 0 0 0
711 0 0 0 0
712 0 0 0 0
713 0 0 0 0
714 0 0 0 0
715 0 0 0 0
716 0 0 0 0
717 0 0 0 0
718 0 0 0 0
719 0 0 0 0
720 0 0 0 0
721 0 0 0 0
722 0 0 0 0
723 0 0 0 0
724 0 0 0 0
725 0 0 0 0
726 0 0 0 0
727 0 0 0 0
