0 0 0 0 0
1 0 0 0 0
2 0 0 0 0
3 0 0 0 0
4 0 0 0 0
5 0 4 0 0
6 0 0 0 0
7 0 0 0 0
8 0 0 0 0
9 0 0 1 3
10 0 0 0 0
11 0 0 0 0
12 0 0 0 1
13 0 0 0 0
14 0 0 0 0
15 1 0 0 0
16 0 0 0 1
17 0 0 0 0
18 0 0 0 0
19 0 0 0 0
20 0 0 0 0
21 1 0 0 0
22 2 0 0 0
23 0 0 0 0
24 0 1 0 0
25 1 0 0 0
26 3 1 0 0
27 3 0 0 0
28 0 0 0 1
29 0 0 0 0
30 0 0 0 1
31 2 3 2 0
32 0 1 0 0
33 2 0 0 0
34 0 0 1 0
35 2 0 0 3
36 0 3 0 1
37 1 0 0 0
38 1 1 0 3
39 0 0 0 0
40 0 2 0 0
41 0 0 0 1
42 0 1 0 0
43 0 1 0 2
44 2 0 1 2
45 1 0 0 1
46 0 1 0 1
47 4 0 0 0
48 0 0 0 1
49 0 2 0 0
50 0 1 0 1
51 1 0 0 0
52 0 1 2 0
53 1 0 0 3
54 1 0 0 0
55 0 1 0 0
56 1 0 0 2
57 1 0 0 1
58 2 0 1 1
59 0 0 0 1
60 2 1 0 0
61 0 0 0 0
62 1 0 0 0
63 3 2 1 0
64 1 0 0 2
65 0 1 0 0
66 1 1 0 0
67 2 0 1 3
68 3 0 2 0
69 3 2 1 0
70 2 0 0 0
71 2 0 0 0
72 4 1 1 2
73 1 2 0 4
74 2 2 0 1
75 2 1 0 1
76 2 3 0 2
77 0 2 1 0
78 1 1 0 1
79 2 2 1 0
80 1 0 1 4
81 2 0 4 3
82 0 1 0 2
83 3 1 0 2
84 1 1 0 1
85 0 1 1 1
86 0 0 2 2
87 2 0 1 2
88 1 2 1 4
89 1 0 1 2
90 0 0 0 1
91 2 0 0 0
92 0 1 1 1
93 2 0 1 1
94 4 0 1 1
95 5 0 0 3
96 3 2 0 1
97 5 0 0 1
98 1 0 0 1
99 2 2 0 2
100 1 3 0 1
101 3 0 2 0
102 3 0 3 0
103 4 2 0 2
104 2 4 2 0
105 1 0 2 1
106 2 2 1 4
107 5 1 3 5
108 1 3 0 6
109 6 1 0 1
110 2 3 1 1
111 2 0 1 4
112 3 2 3 3
113 2 1 0 3
114 1 2 2 3
115 3 1 2 2
116 2 1 2 5
117 5 2 1 2
118 3 4 0 1
119 8 1 0 2
120 5 1 1 3
121 4 0 2 4
122 4 0 0 5
123 7 0 2 1
124 3 3 3 3
125 6 0 2 2
126 7 6 1 0
127 5 3 0 3
128 4 4 2 5
129 6 3 4 1
130 7 2 1 4
131 13 2 5 3
132 5 4 1 5
133 5 2 2 5
134 6 5 3 4
135 4 1 4 6
136 4 5 4 8
137 5 3 1 3
138 5 3 1 8
139 5 3 5 5
140 5 6 2 5
141 9 4 2 5
142 7 4 1 5
143 7 6 2 9
144 7 4 3 7
145 8 1 2 5
146 6 3 3 6
147 7 2 2 9
148 5 1 1 7
149 9 4 2 3
150 5 3 6 4
151 9 2 5 3
152 11 8 2 4
153 11 1 2 8
154 12 4 2 7
155 8 3 4 5
156 9 6 2 7
157 14 6 3 6
158 4 5 6 7
159 10 7 3 7
160 9 5 4 5
161 14 8 2 6
162 10 5 3 11
163 9 7 3 11
164 6 4 5 12
165 10 2 7 14
166 14 9 6 6
167 10 3 3 11
168 13 5 7 8
169 11 4 3 12
170 12 8 7 11
171 11 11 2 7
172 21 5 3 9
173 6 9 5 11
174 10 7 4 13
175 15 4 3 16
176 7 8 4 7
177 10 7 6 10
178 16 4 1 12
179 15 6 6 9
180 14 7 4 12
181 12 11 7 7
182 10 4 4 7
183 16 6 6 13
184 18 9 7 11
185 10 6 4 10
186 12 10 3 7
187 15 11 3 13
188 11 11 7 17
189 15 6 7 9
190 11 6 4 14
191 12 5 4 20
192 10 13 4 16
193 19 5 6 11
194 9 10 7 10
195 23 9 4 9
196 22 6 7 15
197 20 8 5 12
198 13 7 7 13
199 5 4 5 17
200 14 11 8 14
201 17 11 7 12
202 15 9 8 14
203 15 8 6 8
204 12 7 4 17
205 10 7 4 19
206 13 14 9 13
207 13 5 6 16
208 12 10 3 12
209 12 16 3 12
210 12 7 6 19
211 6 10 5 14
212 11 8 8 11
213 11 5 6 19
214 12 3 4 10
215 3 4 7 13
216 7 5 4 20
217 13 7 4 16
218 7 7 7 12
219 4 8 4 12
220 5 2 3 10
221 10 4 3 8
222 6 3 6 16
223 8 6 6 7
224 6 2 2 8
225 7 0 3 11
226 6 6 3 11
227 2 5 1 11
228 5 4 5 6
229 9 4 4 5
230 3 6 3 11
231 5 4 2 5
232 2 2 1 6
233 7 4 1 3
234 7 3 7 6
235 6 1 2 9
236 8 1 3 9
237 4 4 2 8
238 2 5 3 9
239 3 1 4 4
240 4 2 2 6
241 6 0 3 4
242 2 4 4 7
243 2 2 2 5
244 5 1 3 5
245 2 4 3 3
246 1 2 3 4
247 2 0 1 4
248 3 2 1 5
249 3 1 3 8
250 3 2 1 5
251 0 3 0 1
252 4 1 0 6
253 2 5 1 3
254 2 1 2 2
255 3 0 1 2
256 1 1 1 4
257 2 1 2 5
258 2 1 1 1
259 0 3 1 1
260 1 1 1 6
261 1 2 0 5
262 1 1 0 1
263 2 1 0 2
264 0 1 0 1
265 2 1 0 2
266 0 2 1 3
267 1 0 0 2
268 3 1 0 2
269 0 0 1 1
270 2 1 0 2
271 2 0 1 0
272 1 0 1 1
273 0 1 0 2
274 3 1 0 1
275 0 0 0 1
276 2 0 3 2
277 3 1 0 0
278 1 0 0 0
279 3 3 0 0
280 0 1 0 2
281 2 0 2 2
282 1 0 1 0
283 1 2 2 2
284 2 2 1 1
285 1 1 0 0
286 0 1 0 4
287 3 1 0 3
288 1 0 0 4
289 2 0 1 1
290 2 2 0 1
291 1 0 0 1
292 1 1 1 0
293 1 0 1 1
294 1 2 1 2
295 1 1 0 0
296 2 0 3 2
297 0 0 1 1
298 2 0 1 1
299 0 1 0 3
300 0 0 0 1
301 1 1 0 2
302 0 0 0 0
303 0 1 2 3
304 2 1 0 0
305 1 2 0 2
306 1 0 1 1
307 0 0 0 2
308 1 0 0 1
309 1 0 1 1
310 0 1 0 2
311 0 0 0 0
312 0 0 0 0
313 0 1 1 1
314 0 0 1 0
315 0 1 0 0
316 0 0 0 1
317 1 0 0 2
318 0 0 0 1
319 0 0 0 1
320 0 0 0 1
321 0 0 0 0
322 0 0 0 0
323 1 0 0 0
324 0 0 0 0
325 1 0 0 0
326 1 0 1 0
327 0 0 0 0
328 0 0 0 0
329 0 0 0 0
330 0 0 0 1
331 0 0 0 0
332 0 1 0 0
333 0 0 0 0
334 0 1 0 0
335 0 0 1 0
336 0 0 0 0
337 0 0 0 0
338 0 0 0 0
339 0 0 0 2
340 0 0 0 0
341 0 0 0 1
342 0 0 0 0
343 0 0 0 0
344 0 0 0 0
345 1 0 0 0
346 0 0 0 0
347 0 0 0 0
348 0 0 0 0
349 1 0 0 0
350 0 1 0 0
351 1 0 0 0
352 0 0 0 0
353 0 0 0 0
354 0 1 0 0
355 0 0 0 1
356 0 0 0 0
357 0 0 0 0
358 0 0 0 0
359 0 0 0 0
360 0 0 1 0
361 0 0 0 1
362 0 0 0 0
363 1 0 0 0
364 1 0 0 1
365 0 0 0 0
366 0 0 0 0
367 0 0 0 0
368 0 0 1 0
369 0 1 0 0
370 0 0 0 0
371 0 0 0 0
372 0 0 0 0
373 0 0 0 1
374 0 0 0 0
375 0 0 0 1
376 0 0 0 0
377 0 0 0 0
378 0 0 0 0
379 0 0 0 0
380 0 0 0 0
381 0 0 0 0
382 0 0 0 0
383 0 0 0 0
384 0 0 0 0
385 0 0 0 0
386 0 0 0 0
387 2 0 0 0
388 0 0 0 0
389 0 0 0 0
390 0 0 0 0
391 0 0 0 0
392 0 0 1 0
393 0 0 0 0
394 1 0 0 0
395 0 0 0 0
396 0 0 1 1
397 0 0 0 0
398 0 0 0 0
399 0 1 0 0
400 0 0 0 1
401 0 0 0 0
402 0 0 0 0
403 0 0 0 0
404 0 0 0 1
405 0 0 0 0
406 0 0 0 0
407 0 0 0 0
408 0 0 0 0
409 0 0 0 0
410 0 0 0 0
411 0 0 0 0
412 0 0 0 0
413 0 0 0 0
414 0 0 0 0
415 0 0 0 0
416 0 0 0 0
417 0 0 0 0
418 0 0 0 0
419 0 0 0 0
420 0 0 0 0
421 0 0 0 0
422 0 0 0 0
423 0 0 0 0
424 0 0 0 0
425 0 0 0 0
426 0 0 0 0
427 0 0 0 0
428 0 0 0 0
429 0 0 0 0
430 0 0 0 0
431 0 0 0 0
432 0 0 0 0
433 0 0 0 0
434 0 0 0 0
435 0 0 0 0
436 0 0 0 0
437 0 0 0 0
438 0 0 0 0
439 0 0 0 0
440 0 0 0 0
441 0 0 0 0
442 0 0 0 0
443 0 0 0 0
444 0 0 0 0
445 0 0 0 0
446 0 0 0 0
447 0 0 0 0
448 0 0 0 0
449 0 0 0 0
450 0 0 0 0
451 0 0 0 0
452 0 0 0 0
453 0 0 0 0
454 0 0 0 0
455 0 0 0 0
456 0 0 0 0
457 0 0 0 0
458 0 0 0 0
459 0 0 0 0
460 0 0 0 0
461 0 0 0 0
462 0 0 0 0
463 0 0 0 0
464 0 0 0 0
465 0 0 0 0
466 0 0 0 0
467 0 0 0 0
468 0 0 0 0
469 0 0 0 0
470 0 0 0 0
471 0 0 0 0
472 0 0 0 0
473 0 0 0 0
474 0 0 0 0
475 0 0 0 0
476 0 0 0 0
477 0 0 0 0
478 0 0 0 0
479 0 0 0 0
480 0 0 0 0
481 0 0 0 0
482 0 0 0 0
483 0 0 0 0
484 0 0 0 0
485 0 0 0 0
486 0 0 0 0
487 0 0 0 0
488 0 0 0 0
489 0 0 0 0
490 0 0 0 0
491 0 0 0 0
492 0 0 0 0
493 0 0 0 0
494 0 0 0 0
495 0 0 0 0
496 0 0 0 0
497 0 0 0 0
498 0 0 0 0
499 0 0 0 0
500 0 0 0 0
501 0 0 0 0
502 0 0 0 0
503 0 0 0 0
504 0 0 0 0
505 0 0 0 0
506 0 0 0 0
507 0 0 0 0
508 0 0 0 0
509 0 0 0 0
510 0 0 0 0
511 0 0 0 0
512 0 0 0 0
513 0 0 0 0
514 0 0 0 0
515 0 0 0 0
516 0 0 0 0
517 0 0 0 0
518 0 0 0 0
519 0 0 0 0
520 0 0 0 0
521 0 0 0 0
522 0 0 0 0
523 0 0 0 0
524 0 0 0 0
525 0 0 0 0
526 0 0 0 0
527 0 0 0 0
528 0 0 0 0
529 0 0 0 0
530 0 0 0 0
531 0 0 0 0
532 0 0 0 0
533 0 0 0 0
534 0 0 0 0
535 0 0 0 0
536 0 0 0 0
537 0 0 0 0
538 0 0 0 0
539 0 0 0 0
540 0 0 0 0
541 0 0 0 0
542 0 0 0 0
543 0 0 0 0
544 0 0 0 0
545 0 0 0 0
546 0 0 0 0
547 0 0 0 0
548 0 0 0 0
549 0 0 0 0
550 0 0 0 0
551 0 0 0 0
552 0 0 0 0
553 0 0 0 0
554 0 0 0 0
555 0 0 0 0
556 0 0 0 0
557 0 0 0 0
558 0 0 0 0
559 0 0 0 0
560 0 0 0 0
561 0 0 0 0
562 0 0 0 0
563 0 0 0 0
564 0 0 0 0
565 0 0 0 0
566 0 0 0 0
567 0 0 0 0
568 0 0 0 0
569 0 0 0 0
570 0 0 0 0
571 0 0 0 0
572 0 0 0 0
573 0 0 0 0
574 0 0 0 0
575 0 0 0 0
576 0 0 0 0
577 0 0 0 0
578 0 0 0 0
579 0 0 0 0
580 0 0 0 0
581 0 0 0 0
582 0 0 0 0
583 0 0 0 0
584 0 0 0 0
585 0 0 0 0
586 0 0 0 0
587 0 0 0 0
588 0 0 0 0
589 0 0 0 0
590 0 0 0 0
591 0 0 0 0
592 0 0 0 0
593 0 0 0 0
594 0 0 0 0
595 0 0 0 0
596 0 0 0 0
597 0 0 0 0
598 0 0 0 0
599 0 0 0 0
600 0 0 0 0
601 0 0 0 0
602 0 0 0 0
603 0 0 0 0
604 0 0 0 0
605 0 0 0 0
606 0 0 0 0
607 0 0 0 0
608 0 0 0 0
609 0 0 0 0
610 0 0 0 0
611 0 0 0 0
612 0 0 0 0
613 0 0 0 0
614 0 0 0 0
615 0 0 0 0
616 0 0 0 0
617 0 0 0 0
618 0 0 0 0
619 0 0 0 0
620 0 0 0 0
621 0 0 0 0
622 0 0 0 0
623 0 0 0 0
624 0 0 0 0
625 0 0 0 0
626 0 0 0 0
627 0 0 0 0
628 0 0 0 0
629 0 0 0 0
630 0 0 0 0
631 0 0 0 0
632 0 0 0 0
633 0 0 0 0
634 0 0 0 0
635 0 0 0 0
636 0 0 0 0
637 0 0 0 0
638 0 0 0 0
639 0 0 0 0
640 0 0 0 0
641 0 0 0 0
642 0 0 0 0
643 0 0 0 0
644 0 0 0 0
645 0 0 0 0
646 0 0 0 0
647 0 0 0 0
648 0 0 0 0
649 0 0 0 0
650 0 0 0 0
651 0 0 0 0
652 0 0 0 0
653 0 0 0 0
654 0 0 0 0
655 0 0 0 0
656 0 0 0 0
657 0 0 0 0
658 0 0 0 0
659 0 0 0 0
660 0 0 0 0
661 0 0 0 0
662 0 0 0 0
663 0 0 0 0
664 0 0 0 0
665 0 0 0 0
666 0 0 0 0
667 0 0 0 0
668 0 0 0 0
669 0 0 0 0
670 0 0 0 0
671 0 0 0 0
672 0 0 0 0
673 0 0 0 0
674 0 0 0 0
675 0 0 0 0
676 0 0 0 0
677 0 0 0 0
678 0 0 0 0
679 0 0 0 0
680 0 0 0 0
681 0 0 0 0
682 0 0 0 0
683 0 0 0 0
684 0 0 0 0
685 0 0 0 0
686 0 0 0 0
687 0 0 0 0
688 0 0 0 0
689 0 0 0 0
690 0 0 0 0
691 0 0 0 0
692 0 0 0 0
693 0 0 0 0
694 0 0 0 0
695 0 0 0 0
696 0 0 0 0
697 0 0 0 0
698 0 0 0 0
699 0 0 0 0
700 0 0 0 0
701 0 0 0 0
702 0 0 0 0
703 0 0 0 0
704 0 0 0 0
705 0 0 0 0
706 0 0 0 0
707 0 0 0 0
708 0 0 0 0
709 0 0 0 0
710 0 0 0 0
711 0 0 0 0
712 0 0 0 0
713 0 0 0 0
714 0 0 0 0
715 0 0 0 0
716 0 0 0 0
717 0 0 0 0
718 0 0 0 0
719 0 0 0 0
720 0 0 0 0
721 0 0 0 0
722 0 0 0 0
723 0 0 0 0
724 0 0 0 0
725 0 0 0 0
726 0 0 0 0
727 0 0 0 0
