0 0 0 0 0
1 0 0 0 0
2 0 0 0 0
3 0 0 0 0
4 0 0 0 0
5 0 2 1 0
6 0 0 0 0
7 0 0 0 0
8 0 0 0 0
9 0 2 0 1
10 1 0 0 0
11 0 0 0 0
12 0 0 0 2
13 0 0 0 1
14 0 0 0 0
15 0 0 1 0
16 0 0 0 1
17 1 0 0 0
18 0 0 0 0
19 0 0 0 1
20 4 0 0 0
21 4 0 0 0
22 2 0 0 0
23 2 0 0 0
24 2 0 0 0
25 2 2 0 0
26 2 2 1 0
27 3 1 0 0
28 1 1 1 0
29 1 2 0 2
30 0 3 0 1
31 2 0 1 0
32 0 1 1 1
33 1 0 1 3
34 3 2 1 1
35 0 1 1 1
36 2 2 0 4
37 1 0 1 3
38 0 0 0 2
39 0 0 0 2
40 1 1 0 2
41 2 2 0 3
42 5 1 1 0
43 3 1 2 0
44 4 0 0 0
45 3 0 0 1
46 2 0 0 1
47 3 3 2 2
48 1 1 1 2
49 5 3 1 1
50 6 1 2 1
51 3 0 1 3
52 3 1 2 1
53 4 2 1 3
54 4 3 2 3
55 2 2 1 1
56 2 1 1 4
57 7 1 1 4
58 4 1 1 3
59 2 5 2 3
60 4 0 1 3
61 1 0 0 2
62 2 5 1 1
63 2 3 0 4
64 4 2 2 1
65 2 6 0 2
66 3 2 3 6
67 3 2 2 3
68 6 0 1 3
69 1 4 1 10
70 6 1 0 3
71 6 2 0 4
72 6 2 1 0
73 5 1 0 8
74 4 1 1 2
75 6 2 4 1
76 3 1 2 3
77 3 3 6 0
78 6 2 2 2
79 9 3 1 3
80 5 5 2 3
81 9 3 0 5
82 8 1 2 5
83 3 2 4 4
84 3 5 3 7
85 7 3 1 5
86 6 4 5 3
87 4 3 4 9
88 6 1 4 5
89 5 2 1 4
90 7 3 4 7
91 5 3 3 6
92 7 3 2 4
93 10 5 1 7
94 11 6 0 8
95 11 2 5 6
96 10 2 0 4
97 9 7 1 6
98 9 4 4 6
99 3 4 3 3
100 10 6 2 3
101 5 10 3 7
102 10 8 4 9
103 8 6 5 4
104 9 4 2 8
105 10 4 3 12
106 4 5 0 13
107 9 7 4 6
108 6 1 5 10
109 8 7 1 10
110 12 4 4 7
111 6 1 4 8
112 9 4 4 3
113 15 3 3 7
114 11 5 4 10
115 12 7 3 6
116 9 2 4 11
117 17 7 2 8
118 19 7 5 8
119 18 7 7 8
120 15 4 3 9
121 21 8 1 8
122 15 7 8 7
123 17 4 5 9
124 15 6 8 8
125 17 6 9 15
126 14 8 10 14
127 17 4 10 11
128 12 10 8 8
129 15 7 6 15
130 13 11 8 11
131 13 10 10 17
132 19 8 12 17
133 11 10 4 16
134 15 10 6 13
135 13 5 7 22
136 13 11 3 21
137 16 12 5 17
138 18 4 4 17
139 16 12 7 10
140 16 8 8 16
141 13 9 5 14
142 24 10 8 9
143 25 5 8 15
144 24 10 4 18
145 19 10 8 14
146 28 6 8 19
147 25 14 7 17
148 25 11 10 11
149 30 9 8 17
150 24 9 6 13
151 22 15 11 20
152 25 13 10 18
153 28 15 7 17
154 29 18 10 12
155 25 12 11 25
156 23 13 13 19
157 26 20 9 20
158 21 20 8 23
159 21 19 11 25
160 33 18 4 25
161 23 13 9 30
162 29 19 7 29
163 27 18 8 29
164 20 15 8 26
165 18 22 7 22
166 30 17 4 26
167 24 16 6 26
168 36 18 8 23
169 27 19 13 33
170 33 20 6 19
171 41 20 14 19
172 38 12 6 25
173 31 19 9 32
174 31 14 7 28
175 31 14 8 29
176 46 20 16 23
177 41 24 15 20
178 35 15 14 28
179 44 16 17 21
180 30 23 13 33
181 34 22 15 32
182 36 26 15 28
183 37 24 14 33
184 32 29 13 37
185 30 15 20 35
186 37 23 14 36
187 29 20 15 36
188 37 24 16 39
189 33 28 10 37
190 25 15 12 41
191 38 23 13 30
192 40 17 14 40
193 42 20 11 37
194 38 20 8 37
195 38 17 13 38
196 33 18 11 37
197 32 28 13 26
198 27 27 16 29
199 42 23 10 28
200 32 26 18 27
201 27 26 13 30
202 32 24 14 42
203 18 20 14 42
204 23 22 16 48
205 23 16 7 34
206 23 16 10 39
207 21 21 12 47
208 14 20 10 42
209 17 24 9 23
210 26 14 9 22
211 18 11 7 33
212 18 12 11 28
213 14 8 10 24
214 19 14 10 28
215 16 9 11 26
216 13 10 5 34
217 14 11 6 21
218 11 7 7 22
219 13 19 12 23
220 10 11 4 16
221 14 15 3 19
222 12 6 3 16
223 11 6 4 23
224 9 10 8 12
225 10 11 4 18
226 11 9 8 15
227 9 4 8 12
228 9 6 9 19
229 8 5 3 11
230 6 7 4 15
231 8 6 4 16
232 8 2 3 16
233 3 7 3 11
234 6 4 6 11
235 4 5 3 10
236 4 8 2 7
237 8 3 3 8
238 4 2 3 12
239 4 4 1 6
240 1 5 3 16
241 3 3 4 7
242 2 6 1 6
243 1 2 4 4
244 4 1 1 6
245 8 2 0 7
246 4 4 2 5
247 4 1 0 7
248 3 1 2 6
249 3 3 1 9
250 2 1 2 3
251 3 4 1 3
252 2 1 1 1
253 2 1 3 5
254 4 3 5 2
255 0 1 0 4
256 1 2 1 2
257 2 2 0 3
258 1 3 0 7
259 2 1 3 1
260 2 0 1 5
261 1 0 1 6
262 0 0 2 2
263 0 0 1 3
264 1 1 0 0
265 2 0 0 3
266 1 0 2 3
267 1 1 0 1
268 4 1 0 1
269 3 1 2 2
270 2 1 0 1
271 0 0 1 1
272 1 0 0 1
273 1 0 2 3
274 2 2 1 1
275 0 2 0 1
276 0 1 0 1
277 1 1 2 2
278 2 2 0 1
279 2 0 0 0
280 0 0 0 0
281 0 0 0 3
282 0 0 0 1
283 0 2 0 1
284 0 1 1 3
285 0 0 0 2
286 1 0 1 0
287 0 1 1 2
288 0 0 0 1
289 0 0 0 0
290 0 0 0 0
291 0 0 1 2
292 0 0 0 1
293 0 0 0 1
294 0 0 0 0
295 1 0 0 0
296 1 0 0 0
297 1 0 0 0
298 1 0 0 1
299 0 0 0 0
300 1 0 1 0
301 1 0 0 0
302 0 0 1 0
303 0 0 1 0
304 0 0 0 1
305 0 2 0 0
306 0 0 1 1
307 0 0 0 0
308 0 0 0 0
309 0 0 0 1
310 0 0 0 2
311 0 0 0 0
312 1 0 0 1
313 0 0 0 0
314 0 0 0 0
315 0 0 0 0
316 1 0 0 0
317 0 1 0 0
318 0 0 0 0
319 0 0 0 0
320 0 0 0 0
321 0 0 0 1
322 0 0 1 0
323 1 0 0 0
324 0 0 0 0
325 0 0 0 0
326 1 0 0 1
327 0 0 0 0
328 0 1 0 0
329 0 0 0 0
330 1 0 0 0
331 0 0 0 0
332 0 0 0 1
333 1 0 0 0
334 0 0 0 0
335 0 1 0 0
336 0 0 0 0
337 0 0 0 0
338 0 0 0 0
339 0 1 0 1
340 0 0 0 0
341 0 0 0 0
342 0 0 1 0
343 0 0 0 1
344 0 0 0 0
345 0 0 0 0
346 0 0 0 1
347 0 0 0 0
348 0 0 0 0
349 0 0 0 0
350 0 0 0 0
351 0 0 0 0
352 0 0 0 0
353 0 0 0 0
354 0 0 0 0
355 0 0 0 0
356 0 0 0 0
357 0 0 0 0
358 0 0 0 0
359 0 0 0 0
360 0 0 0 0
361 0 0 0 0
362 0 0 0 0
363 0 0 0 0
364 0 0 0 0
365 0 0 0 0
366 0 0 0 0
367 0 0 0 0
368 0 0 0 0
369 0 0 0 0
370 0 0 0 0
371 0 0 0 0
372 0 0 0 0
373 0 0 0 0
374 0 0 0 0
375 0 0 0 0
376 0 0 0 0
377 0 0 0 0
378 0 0 0 0
379 0 0 0 0
380 0 0 0 0
381 0 0 0 0
382 0 0 0 0
383 0 0 0 0
384 0 0 0 0
385 0 0 0 0
386 0 0 0 0
387 0 0 0 0
388 0 0 0 0
389 0 0 0 0
390 0 0 0 0
391 0 0 0 0
392 0 0 0 0
393 0 0 0 0
394 0 0 0 0
395 0 0 0 0
396 0 0 0 0
397 0 0 0 0
398 0 0 0 0
399 0 0 0 0
400 0 0 0 0
401 0 0 0 0
402 0 0 0 0
403 0 0 0 0
404 0 0 0 0
405 0 0 0 0
406 0 0 0 0
407 0 0 0 0
408 0 0 0 0
409 0 0 0 0
410 0 0 0 0
411 0 0 0 0
412 0 0 0 0
413 0 0 0 0
414 0 0 0 0
415 0 0 0 0
416 0 0 0 0
417 0 0 0 0
418 0 0 0 0
419 0 0 0 0
420 0 0 0 0
421 0 0 0 0
422 0 0 0 0
423 0 0 0 0
424 0 0 0 0
425 0 0 0 0
426 0 0 0 0
427 0 0 0 0
428 0 0 0 0
429 0 0 0 0
430 0 0 0 0
431 0 0 0 0
432 0 0 0 0
433 0 0 0 0
434 0 0 0 0
435 0 0 0 0
436 0 0 0 0
437 0 0 0 0
438 0 0 0 0
439 0 0 0 0
440 0 0 0 0
441 0 0 0 0
442 0 0 0 0
443 0 0 0 0
444 0 0 0 0
445 0 0 0 0
446 0 0 0 0
447 0 0 0 0
448 0 0 0 0
449 0 0 0 0
450 0 0 0 0
451 0 0 0 0
452 0 0 0 0
453 0 0 0 0
454 0 0 0 0
455 0 0 0 0
456 0 0 0 0
457 0 0 0 0
458 0 0 0 0
459 0 0 0 0
460 0 0 0 0
461 0 0 0 0
462 0 0 0 0
463 0 0 0 0
464 0 0 0 0
465 0 0 0 0
466 0 0 0 0
467 0 0 0 0
468 0 0 0 0
469 0 0 0 0
470 0 0 0 0
471 0 0 0 0
472 0 0 0 0
473 0 0 0 0
474 0 0 0 0
475 0 0 0 0
476 0 0 0 0
477 0 0 0 0
478 0 0 0 0
479 0 0 0 0
480 0 0 0 0
481 0 0 0 0
482 0 0 0 0
483 0 0 0 0
484 0 0 0 0
485 0 0 0 0
486 0 0 0 0
487 0 0 0 0
488 0 0 0 0
489 0 0 0 0
490 0 0 0 0
491 0 0 0 0
492 0 0 0 0
493 0 0 0 0
494 0 0 0 0
495 0 0 0 0
496 0 0 0 0
497 0 0 0 0
498 0 0 0 0
499 0 0 0 0
500 0 0 0 0
501 0 0 0 0
502 0 0 0 0
503 0 0 0 0
504 0 0 0 0
505 0 0 0 0
506 0 0 0 0
507 0 0 0 0
508 0 0 0 0
509 0 0 0 0
510 0 0 0 0
511 0 0 0 0
512 0 0 0 0
513 0 0 0 0
514 0 0 0 0
515 0 0 0 0
516 0 0 0 0
517 0 0 0 0
518 0 0 0 0
519 0 0 0 0
520 0 0 0 0
521 0 0 0 0
522 0 0 0 0
523 0 0 0 0
524 0 0 0 0
525 0 0 0 0
526 0 0 0 0
527 0 0 0 0
528 0 0 0 0
529 0 0 0 0
530 0 0 0 0
531 0 0 0 0
532 0 0 0 0
533 0 0 0 0
534 0 0 0 0
535 0 0 0 0
536 0 0 0 0
537 0 0 0 0
538 0 0 0 0
539 0 0 0 0
540 0 0 0 0
541 0 0 0 0
542 0 0 0 0
543 0 0 0 0
544 0 0 0 0
545 0 0 0 0
546 0 0 0 0
547 0 0 0 0
548 0 0 0 0
549 0 0 0 0
550 0 0 0 0
551 0 0 0 0
552 0 0 0 0
553 0 0 0 0
554 0 0 0 0
555 0 0 0 0
556 0 0 0 0
557 0 0 0 0
558 0 0 0 0
559 0 0 0 0
560 0 0 0 0
561 0 0 0 0
562 0 0 0 0
563 0 0 0 0
564 0 0 0 0
565 0 0 0 0
566 0 0 0 0
567 0 0 0 0
568 0 0 0 0
569 0 0 0 0
570 0 0 0 0
571 0 0 0 0
572 0 0 0 0
573 0 0 0 0
574 0 0 0 0
575 0 0 0 0
576 0 0 0 0
577 0 0 0 0
578 0 0 0 0
579 0 0 0 0
580 0 0 0 0
581 0 0 0 0
582 0 0 0 0
583 0 0 0 0
584 0 0 0 0
585 0 0 0 0
586 0 0 0 0
587 0 0 0 0
588 0 0 0 0
589 0 0 0 0
590 0 0 0 0
591 0 0 0 0
592 0 0 0 0
593 0 0 0 0
594 0 0 0 0
595 0 0 0 0
596 0 0 0 0
597 0 0 0 0
598 0 0 0 0
599 0 0 0 0
600 0 0 0 0
601 0 0 0 0
602 0 0 0 0
603 0 0 0 0
604 0 0 0 0
605 0 0 0 0
606 0 0 0 0
607 0 0 0 0
608 0 0 0 0
609 0 0 0 0
610 0 0 0 0
611 0 0 0 0
612 0 0 0 0
613 0 0 0 0
614 0 0 0 0
615 0 0 0 0
616 0 0 0 0
617 0 0 0 0
618 0 0 0 0
619 0 0 0 0
620 0 0 0 0
621 0 0 0 0
622 0 0 0 0
623 0 0 0 0
624 0 0 0 0
625 0 0 0 0
626 0 0 0 0
627 0 0 0 0
628 0 0 0 0
629 0 0 0 0
630 0 0 0 0
631 0 0 0 0
632 0 0 0 0
633 0 0 0 0
634 0 0 0 0
635 0 0 0 0
636 0 0 0 0
637 0 0 0 0
638 0 0 0 0
639 0 0 0 0
640 0 0 0 0
641 0 0 0 0
642 0 0 0 0
643 0 0 0 0
644 0 0 0 0
645 0 0 0 0
646 0 0 0 0
647 0 0 0 0
648 0 0 0 0
649 0 0 0 0
650 0 0 0 0
651 0 0 0 0
652 0 0 0 0
653 0 0 0 0
654 0 0 0 0
655 0 0 0 0
656 0 0 0 0
657 0 0 0 0
658 0 0 0 0
659 0 0 0 0
660 0 0 0 0
661 0 0 0 0
662 0 0 0 0
663 0 0 0 0
664 0 0 0 0
665 0 0 0 0
666 0 0 0 0
667 0 0 0 0
668 0 0 0 0
669 0 0 0 0
670 0 0 0 0
671 0 0 0 0
672 0 0 0 0
673 0 0 0 0
674 0 0 0 0
675 0 0 0 0
676 0 0 0 0
677 0 0 0 0
678 0 0 0 0
679 0 0 0 0
680 0 0 0 0
681 0 0 0 0
682 0 0 0 0
683 0 0 0 0
684 0 0 0 0
685 0 0 0 0
686 0 0 0 0
687 0 0 0 0
688 0 0 0 0
689 0 0 0 0
690 0 0 0 0
691 0 0 0 0
692 0 0 0 0
693 0 0 0 0
694 0 0 0 0
695 0 0 0 0
696 0 0 0 0
697 0 0 0 0
698 0 0 0 0
699 0 0 0 0
700 0 0 0 0
701 0 0 0 0
702 0 0 0 0
703 0 0 0 0
704 0 0 0 0
705 0 0 0 0
706 0 0 0 0
707 0 0 0 0
708 0 0 0 0
709 0 0 0 0
710 0 0 0 0
711 0 0 0 0
712 0 0 0 0
713 0 0 0 0
714 0 0 0 0
715 0 0 0 0
716 0 0 0 0
717 0 0 0 0
718 0 0 0 0
719 0 0 0 0
720 0 0 0 0
721 0 0 0 0
722 0 0 0 0
723 0 0 0 0
724 0 0 0 0
725 0 0 0 0
726 0 0 0 0
727 0 0 0 0
