0 0 0 0 0
1 0 0 0 0
2 0 0 0 0
3 0 0 0 0
4 0 0 0 0
5 0 1 1 0
6 0 0 0 0
7 0 0 0 0
8 0 0 0 0
9 0 1 2 0
10 0 0 0 0
11 0 0 0 0
12 0 0 0 2
13 0 0 0 2
14 0 0 0 0
15 0 0 0 0
16 0 0 0 1
17 0 0 0 0
18 0 0 0 0
19 0 0 0 0
20 1 0 0 0
21 0 0 0 0
22 0 0 0 0
23 2 0 0 0
24 0 0 0 0
25 3 0 1 0
26 0 0 0 0
27 1 0 0 0
28 0 2 0 0
29 1 0 0 0
30 1 0 1 0
31 0 0 0 0
32 2 1 0 1
33 1 0 0 0
34 0 3 0 1
35 0 0 1 2
36 1 0 0 1
37 0 0 1 0
38 1 0 0 3
39 1 0 0 1
40 1 0 0 0
41 0 1 0 1
42 2 1 0 0
43 2 0 0 0
44 1 1 0 0
45 0 1 0 0
46 1 0 0 1
47 2 1 1 0
48 0 1 0 1
49 1 1 0 0
50 0 1 0 0
51 1 1 0 3
52 1 0 2 2
53 1 1 0 1
54 0 0 1 0
55 1 0 1 0
56 4 1 0 1
57 0 1 0 1
58 1 1 0 2
59 1 0 0 1
60 0 0 0 1
61 2 1 3 0
62 1 0 0 2
63 2 0 1 1
64 0 1 0 1
65 2 0 0 1
66 1 1 0 0
67 1 0 0 2
68 2 1 2 3
69 1 0 0 0
70 4 3 1 1
71 3 0 1 0
72 4 0 0 1
73 2 0 1 0
74 2 0 0 1
75 4 1 0 3
76 2 1 2 0
77 2 3 1 4
78 2 0 1 0
79 4 1 1 0
80 3 2 3 2
81 0 1 0 4
82 1 1 1 1
83 2 3 0 1
84 2 2 1 2
85 4 4 0 3
86 3 1 1 5
87 2 2 1 2
88 4 2 2 2
89 2 0 2 1
90 2 1 1 2
91 0 1 1 3
92 4 0 0 7
93 4 0 0 2
94 4 3 0 2
95 5 1 1 2
96 3 1 1 2
97 7 5 2 1
98 8 2 3 2
99 7 2 1 1
100 2 3 0 1
101 5 2 1 2
102 6 2 2 6
103 8 3 3 4
104 4 5 1 7
105 5 0 1 0
106 4 3 4 2
107 4 8 0 5
108 3 6 1 6
109 4 3 2 3
110 7 3 2 5
111 7 3 0 6
112 12 1 5 6
113 8 0 5 7
114 6 2 2 7
115 8 3 2 2
116 7 2 2 2
117 7 5 3 9
118 10 1 3 2
119 14 4 3 7
120 7 5 3 1
121 11 7 5 7
122 11 8 1 4
123 8 6 2 5
124 9 5 4 9
125 7 4 1 8
126 7 7 4 13
127 8 9 2 8
128 8 10 4 10
129 8 2 6 6
130 8 5 2 7
131 6 7 4 10
132 9 5 2 8
133 9 6 5 12
134 12 2 4 10
135 9 3 2 12
136 12 4 1 7
137 16 4 4 7
138 8 6 2 8
139 15 6 4 8
140 10 5 4 10
141 12 7 4 8
142 16 8 7 5
143 12 5 5 11
144 12 8 4 8
145 10 3 5 10
146 18 6 8 14
147 11 4 6 11
148 9 7 7 12
149 21 7 4 9
150 10 6 5 14
151 12 12 7 10
152 21 7 1 10
153 18 8 4 13
154 20 11 7 8
155 16 8 6 20
156 16 9 5 9
157 15 9 6 13
158 17 8 3 16
159 17 11 5 10
160 11 6 5 11
161 15 13 5 19
162 17 16 5 13
163 14 12 6 14
164 20 8 10 11
165 22 9 5 13
166 17 10 7 21
167 17 10 7 16
168 23 6 7 22
169 21 5 13 15
170 15 13 6 15
171 19 9 8 17
172 15 11 11 15
173 20 15 7 18
174 23 10 11 15
175 15 8 10 12
176 25 16 6 23
177 17 12 4 25
178 20 14 7 18
179 20 12 7 20
180 17 9 5 19
181 19 13 7 23
182 19 12 9 18
183 18 11 6 21
184 29 12 8 12
185 16 12 8 18
186 22 9 12 22
187 28 10 4 11
188 29 9 7 19
189 19 15 6 19
190 28 11 4 26
191 26 14 13 19
192 29 10 9 19
193 26 19 13 17
194 21 10 10 17
195 28 16 9 20
196 27 18 13 23
197 24 15 11 20
198 22 10 9 21
199 18 12 10 25
200 19 17 14 30
201 24 14 8 27
202 15 14 13 16
203 16 9 10 27
204 21 13 7 26
205 22 17 12 23
206 9 15 9 28
207 25 13 8 28
208 18 10 9 21
209 18 9 8 25
210 21 14 8 21
211 20 6 5 20
212 21 6 8 24
213 20 12 10 19
214 16 9 13 21
215 17 7 8 17
216 16 14 8 16
217 16 12 7 21
218 11 9 4 14
219 14 13 9 19
220 19 6 9 29
221 6 13 5 22
222 12 17 11 9
223 11 6 6 13
224 13 12 7 18
225 16 15 5 13
226 13 6 3 27
227 11 5 7 13
228 10 6 5 18
229 13 9 6 31
230 5 5 7 10
231 7 5 5 17
232 12 10 2 10
233 16 5 4 10
234 9 10 4 12
235 14 8 3 12
236 7 8 6 15
237 5 7 5 10
238 11 9 6 15
239 10 2 3 11
240 2 3 4 14
241 8 7 3 10
242 4 6 3 12
243 5 4 6 9
244 2 6 10 9
245 6 3 1 16
246 2 3 3 4
247 5 4 3 6
248 2 1 2 12
249 2 0 1 8
250 6 4 1 8
251 5 2 2 12
252 4 4 1 6
253 7 2 0 6
254 3 3 2 5
255 3 5 1 1
256 3 6 1 4
257 4 1 1 4
258 1 1 5 4
259 3 3 1 4
260 2 2 2 5
261 1 2 3 5
262 1 2 2 6
263 1 1 0 5
264 1 1 1 3
265 1 1 0 3
266 2 2 1 5
267 4 0 1 4
268 3 2 1 4
269 0 1 1 0
270 2 1 0 3
271 0 0 0 3
272 3 0 0 2
273 2 1 1 0
274 3 1 0 0
275 1 2 1 2
276 1 2 1 2
277 2 1 2 3
278 1 1 1 0
279 3 4 0 2
280 0 2 0 0
281 0 1 0 3
282 1 1 0 3
283 2 1 0 5
284 2 0 1 2
285 1 1 0 1
286 1 1 0 2
287 0 0 0 1
288 0 1 3 2
289 0 2 0 2
290 0 1 0 0
291 0 1 0 0
292 1 0 0 2
293 0 0 1 3
294 1 0 0 0
295 0 0 0 4
296 0 0 0 0
297 2 0 0 0
298 1 0 0 0
299 1 1 0 0
300 2 0 0 1
301 0 1 0 0
302 0 2 0 0
303 1 0 0 1
304 0 0 0 0
305 2 1 0 1
306 1 0 0 2
307 0 0 1 0
308 1 2 0 0
309 0 1 0 0
310 0 0 0 0
311 0 1 0 1
312 1 0 1 3
313 0 2 0 1
314 0 0 0 0
315 1 0 0 0
316 0 0 0 0
317 0 1 0 2
318 0 0 0 1
319 0 0 0 1
320 0 1 0 0
321 0 0 0 0
322 0 0 0 0
323 0 0 0 0
324 0 0 0 2
325 0 0 0 0
326 0 0 0 0
327 0 0 0 0
328 0 0 0 0
329 0 0 0 0
330 0 0 0 0
331 0 0 0 0
332 0 0 0 0
333 0 0 0 0
334 2 0 0 0
335 0 0 0 0
336 0 0 0 0
337 0 0 0 0
338 0 0 0 0
339 0 0 1 0
340 0 0 1 0
341 0 0 0 0
342 0 0 0 0
343 0 0 0 1
344 0 0 0 1
345 0 0 0 0
346 0 0 0 0
347 0 0 0 0
348 0 0 0 0
349 0 0 0 0
350 0 0 0 0
351 0 0 0 0
352 0 0 0 0
353 0 0 0 0
354 0 0 0 0
355 0 0 0 0
356 0 0 0 0
357 0 0 0 0
358 0 0 0 0
359 0 0 0 0
360 0 0 0 0
361 0 0 0 0
362 0 0 0 0
363 0 0 0 0
364 0 0 0 0
365 0 0 0 0
366 0 0 0 0
367 0 0 0 0
368 0 0 0 0
369 0 0 0 0
370 0 0 0 0
371 0 0 0 0
372 0 0 0 0
373 0 0 0 0
374 0 0 0 0
375 0 0 0 0
376 0 0 0 0
377 0 0 0 0
378 0 0 0 0
379 0 0 0 0
380 0 0 0 0
381 0 0 0 0
382 0 0 0 0
383 0 0 0 0
384 0 0 0 0
385 0 0 0 0
386 0 0 0 0
387 0 0 0 0
388 0 0 0 0
389 0 0 0 0
390 0 0 0 0
391 0 0 0 0
392 0 0 0 0
393 0 0 0 0
394 0 0 0 0
395 0 0 0 0
396 0 0 0 0
397 0 0 0 0
398 0 0 0 0
399 0 0 0 0
400 0 0 0 0
401 0 0 0 0
402 0 0 0 0
403 0 0 0 0
404 0 0 0 0
405 0 0 0 0
406 0 0 0 0
407 0 0 0 0
408 0 0 0 0
409 0 0 0 0
410 0 0 0 0
411 0 0 0 0
412 0 0 0 0
413 0 0 0 0
414 0 0 0 0
415 0 0 0 0
416 0 0 0 0
417 0 0 0 0
418 0 0 0 0
419 0 0 0 0
420 0 0 0 0
421 0 0 0 0
422 0 0 0 0
423 0 0 0 0
424 0 0 0 0
425 0 0 0 0
426 0 0 0 0
427 0 0 0 0
428 0 0 0 0
429 0 0 0 0
430 0 0 0 0
431 0 0 0 0
432 0 0 0 0
433 0 0 0 0
434 0 0 0 0
435 0 0 0 0
436 0 0 0 0
437 0 0 0 0
438 0 0 0 0
439 0 0 0 0
440 0 0 0 0
441 0 0 0 0
442 0 0 0 0
443 0 0 0 0
444 0 0 0 0
445 0 0 0 0
446 0 0 0 0
447 0 0 0 0
448 0 0 0 0
449 0 0 0 0
450 0 0 0 0
451 0 0 0 0
452 0 0 0 0
453 0 0 0 0
454 0 0 0 0
455 0 0 0 0
456 0 0 0 0
457 0 0 0 0
458 0 0 0 0
459 0 0 0 0
460 0 0 0 0
461 0 0 0 0
462 0 0 0 0
463 0 0 0 0
464 0 0 0 0
465 0 0 0 0
466 0 0 0 0
467 0 0 0 0
468 0 0 0 0
469 0 0 0 0
470 0 0 0 0
471 0 0 0 0
472 0 0 0 0
473 0 0 0 0
474 0 0 0 0
475 0 0 0 0
476 0 0 0 0
477 0 0 0 0
478 0 0 0 0
479 0 0 0 0
480 0 0 0 0
481 0 0 0 0
482 0 0 0 0
483 0 0 0 0
484 0 0 0 0
485 0 0 0 0
486 0 0 0 0
487 0 0 0 0
488 0 0 0 0
489 0 0 0 0
490 0 0 0 0
491 0 0 0 0
492 0 0 0 0
493 0 0 0 0
494 0 0 0 0
495 0 0 0 0
496 0 0 0 0
497 0 0 0 0
498 0 0 0 0
499 0 0 0 0
500 0 0 0 0
501 0 0 0 0
502 0 0 0 0
503 0 0 0 0
504 0 0 0 0
505 0 0 0 0
506 0 0 0 0
507 0 0 0 0
508 0 0 0 0
509 0 0 0 0
510 0 0 0 0
511 0 0 0 0
512 0 0 0 0
513 0 0 0 0
514 0 0 0 0
515 0 0 0 0
516 0 0 0 0
517 0 0 0 0
518 0 0 0 0
519 0 0 0 0
520 0 0 0 0
521 0 0 0 0
522 0 0 0 0
523 0 0 0 0
524 0 0 0 0
525 0 0 0 0
526 0 0 0 0
527 0 0 0 0
528 0 0 0 0
529 0 0 0 0
530 0 0 0 0
531 0 0 0 0
532 0 0 0 0
533 0 0 0 0
534 0 0 0 0
535 0 0 0 0
536 0 0 0 0
537 0 0 0 0
538 0 0 0 0
539 0 0 0 0
540 0 0 0 0
541 0 0 0 0
542 0 0 0 0
543 0 0 0 0
544 0 0 0 0
545 0 0 0 0
546 0 0 0 0
547 0 0 0 0
548 0 0 0 0
549 0 0 0 0
550 0 0 0 0
551 0 0 0 0
552 0 0 0 0
553 0 0 0 0
554 0 0 0 0
555 0 0 0 0
556 0 0 0 0
557 0 0 0 0
558 0 0 0 0
559 0 0 0 0
560 0 0 0 0
561 0 0 0 0
562 0 0 0 0
563 0 0 0 0
564 0 0 0 0
565 0 0 0 0
566 0 0 0 0
567 0 0 0 0
568 0 0 0 0
569 0 0 0 0
570 0 0 0 0
571 0 0 0 0
572 0 0 0 0
573 0 0 0 0
574 0 0 0 0
575 0 0 0 0
576 0 0 0 0
577 0 0 0 0
578 0 0 0 0
579 0 0 0 0
580 0 0 0 0
581 0 0 0 0
582 0 0 0 0
583 0 0 0 0
584 0 0 0 0
585 0 0 0 0
586 0 0 0 0
587 0 0 0 0
588 0 0 0 0
589 0 0 0 0
590 0 0 0 0
591 0 0 0 0
592 0 0 0 0
593 0 0 0 0
594 0 0 0 0
595 0 0 0 0
596 0 0 0 0
597 0 0 0 0
598 0 0 0 0
599 0 0 0 0
600 0 0 0 0
601 0 0 0 0
602 0 0 0 0
603 0 0 0 0
604 0 0 0 0
605 0 0 0 0
606 0 0 0 0
607 0 0 0 0
608 0 0 0 0
609 0 0 0 0
610 0 0 0 0
611 0 0 0 0
612 0 0 0 0
613 0 0 0 0
614 0 0 0 0
615 0 0 0 0
616 0 0 0 0
617 0 0 0 0
618 0 0 0 0
619 0 0 0 0
620 0 0 0 0
621 0 0 0 0
622 0 0 0 0
623 0 0 0 0
624 0 0 0 0
625 0 0 0 0
626 0 0 0 0
627 0 0 0 0
628 0 0 0 0
629 0 0 0 0
630 0 0 0 0
631 0 0 0 0
632 0 0 0 0
633 0 0 0 0
634 0 0 0 0
635 0 0 0 0
636 0 0 0 0
637 0 0 0 0
638 0 0 0 0
639 0 0 0 0
640 0 0 0 0
641 0 0 0 0
642 0 0 0 0
643 0 0 0 0
644 0 0 0 0
645 0 0 0 0
646 0 0 0 0
647 0 0 0 0
648 0 0 0 0
649 0 0 0 0
650 0 0 0 0
651 0 0 0 0
652 0 0 0 0
653 0 0 0 0
654 0 0 0 0
655 0 0 0 0
656 0 0 0 0
657 0 0 0 0
658 0 0 0 0
659 0 0 0 0
660 0 0 0 0
661 0 0 0 0
662 0 0 0 0
663 0 0 0 0
664 0 0 0 0
665 0 0 0 0
666 0 0 0 0
667 0 0 0 0
668 0 0 0 0
669 0 0 0 0
670 0 0 0 0
671 0 0 0 0
672 0 0 0 0
673 0 0 0 0
674 0 0 0 0
675 0 0 0 0
676 0 0 0 0
677 0 0 0 0
678 0 0 0 0
679 0 0 0 0
680 0 0 0 0
681 0 0 0 0
682 0 0 0 0
683 0 0 0 0
684 0 0 0 0
685 0 0 0 0
686 0 0 0 0
687 0 0 0 0
688 0 0 0 0
689 0 0 0 0
690 0 0 0 0
691 0 0 0 0
692 0 0 0 0
693 0 0 0 0
694 0 0 0 0
695 0 0 0 0
696 0 0 0 0
697 0 0 0 0
698 0 0 0 0
699 0 0 0 0
700 0 0 0 0
701 0 0 0 0
702 0 0 0 0
703 0 0 0 0
704 0 0 0 0
705 0 0 0 0
706 0 0 0 0
707 0 0 0 0
708 0 0 0 0
709 0 0 0 0
710 0 0 0 0
711 0 0 0 0
712 0 0 0 0
713 0 0 0 0
714 0 0 0 0
715 0 0 0 0
716 0 0 0 0
717 0 0 0 0
718 0 0 0 0
719 0 0 0 0
720 0 0 0 0
721 0 0 0 0
722 0 0 0 0
723 0 0 0 0
724 0 0 0 0
725 0 0 0 0
726 0 0 0 0
727 0 0 0 0
