0 0 0 0 0
1 0 0 0 0
2 0 0 0 0
3 0 0 0 0
4 0 0 0 0
5 0 2 2 0
6 0 0 0 0
7 0 0 0 0
8 0 0 0 0
9 0 1 0 2
10 0 0 0 0
11 0 0 0 0
12 0 0 0 2
13 0 0 0 0
14 0 0 0 0
15 0 0 0 0
16 0 0 0 1
17 1 0 0 0
18 1 0 0 0
19 0 0 0 0
20 0 0 0 0
21 1 0 0 0
22 0 0 0 0
23 0 0 0 0
24 0 0 0 0
25 1 0 0 0
26 0 0 1 0
27 0 0 1 0
28 1 0 0 0
29 1 0 0 0
30 0 0 1 1
31 0 0 0 1
32 0 0 0 0
33 0 1 0 0
34 0 1 0 1
35 0 0 0 0
36 0 0 0 0
37 0 0 0 0
38 0 1 0 1
39 0 0 0 0
40 2 0 0 1
41 1 0 0 0
42 0 0 0 1
43 1 0 0 0
44 0 0 0 0
45 1 0 1 0
46 0 0 0 0
47 0 0 0 0
48 0 0 0 0
49 0 0 1 0
50 1 0 1 0
51 0 0 0 0
52 2 1 0 1
53 2 0 0 0
54 1 1 0 0
55 0 0 1 0
56 0 0 0 2
57 1 0 0 1
58 0 1 0 1
59 2 0 1 0
60 1 0 0 1
61 1 1 1 0
62 0 1 1 0
63 1 0 0 1
64 0 0 0 0
65 1 0 0 3
66 0 1 0 2
67 1 0 0 0
68 0 2 1 0
69 1 1 0 0
70 2 0 0 1
71 1 0 0 0
72 0 1 0 2
73 2 0 0 0
74 3 0 1 0
75 1 1 0 1
76 0 0 0 1
77 3 0 0 0
78 0 1 0 0
79 3 0 3 2
80 1 0 2 0
81 1 0 0 1
82 0 3 1 0
83 1 1 0 3
84 2 1 1 2
85 1 0 0 1
86 3 2 0 0
87 4 0 0 1
88 5 1 0 1
89 2 1 1 4
90 2 0 1 2
91 0 0 1 1
92 1 3 0 0
93 3 1 1 2
94 3 1 1 1
95 5 2 1 1
96 3 0 2 1
97 4 1 3 1
98 2 1 2 2
99 3 2 1 5
100 4 1 0 2
101 3 3 1 3
102 5 0 1 2
103 3 1 1 3
104 2 4 1 2
105 4 3 1 5
106 5 2 3 3
107 2 0 2 0
108 3 1 1 4
109 2 1 1 2
110 5 3 0 5
111 6 3 3 2
112 3 0 3 2
113 3 3 1 4
114 2 2 1 3
115 6 6 1 5
116 3 3 0 1
117 4 2 1 4
118 6 1 1 4
119 3 1 0 6
120 4 3 3 2
121 3 3 3 3
122 6 0 1 5
123 7 2 0 2
124 6 2 2 5
125 5 2 1 6
126 6 3 2 1
127 6 5 4 4
128 8 4 3 4
129 8 4 1 3
130 6 3 2 1
131 6 0 2 5
132 5 7 1 6
133 8 4 2 6
134 6 2 3 8
135 8 7 2 2
136 8 3 1 8
137 5 4 3 5
138 8 4 4 5
139 8 3 5 8
140 10 6 3 2
141 10 4 2 6
142 9 1 4 10
143 11 1 2 6
144 9 2 2 10
145 12 5 4 6
146 5 8 3 10
147 15 6 8 5
148 9 7 2 4
149 8 5 5 7
150 10 5 3 5
151 11 4 2 10
152 9 10 5 10
153 21 5 3 11
154 12 7 5 8
155 6 4 6 6
156 11 5 5 16
157 10 5 3 11
158 9 9 6 8
159 11 10 3 6
160 11 6 5 10
161 12 10 3 11
162 18 8 6 12
163 20 2 4 11
164 14 5 3 10
165 12 7 4 16
166 25 7 6 13
167 14 6 9 11
168 19 7 9 10
169 17 9 6 14
170 27 4 4 13
171 18 15 8 13
172 17 10 7 10
173 22 9 8 10
174 20 11 6 12
175 16 13 11 23
176 15 13 5 16
177 19 10 6 15
178 23 12 8 16
179 18 16 7 19
180 21 12 4 16
181 24 11 7 16
182 17 12 9 24
183 18 15 7 19
184 14 9 5 18
185 19 11 5 17
186 18 9 4 27
187 16 8 8 14
188 22 10 9 19
189 26 6 11 14
190 16 17 11 16
191 24 14 9 13
192 27 14 6 24
193 29 12 5 17
194 23 14 5 25
195 21 13 7 18
196 26 10 4 19
197 26 15 9 19
198 23 18 11 17
199 21 13 6 21
200 28 13 7 15
201 20 19 11 23
202 24 22 10 24
203 22 19 5 16
204 25 18 6 24
205 20 16 8 30
206 16 8 8 27
207 10 15 8 25
208 19 15 6 24
209 19 17 13 31
210 22 17 9 18
211 15 14 6 25
212 16 10 9 22
213 27 11 8 24
214 17 10 5 27
215 21 9 9 25
216 13 5 7 22
217 15 14 3 22
218 11 16 10 11
219 13 9 5 23
220 11 9 8 13
221 20 10 4 17
222 13 12 9 19
223 13 15 3 13
224 8 10 10 19
225 11 6 5 18
226 12 10 6 19
227 15 9 3 14
228 15 2 2 17
229 7 4 4 14
230 6 13 4 21
231 8 5 10 16
232 10 13 7 10
233 8 6 6 9
234 10 4 4 12
235 6 3 4 5
236 11 4 4 15
237 11 10 3 17
238 9 2 4 15
239 6 4 5 15
240 5 6 6 8
241 6 6 8 9
242 9 7 5 4
243 8 7 4 7
244 3 2 0 15
245 10 7 1 10
246 4 7 1 15
247 4 5 5 10
248 7 6 0 8
249 4 2 1 9
250 15 5 3 11
251 6 3 2 7
252 6 3 3 7
253 2 2 1 6
254 6 6 1 6
255 3 4 3 6
256 1 3 4 2
257 4 6 1 6
258 2 2 1 5
259 3 7 6 7
260 7 3 3 5
261 4 2 1 6
262 4 2 1 6
263 3 0 2 11
264 1 2 1 7
265 2 3 3 4
266 4 3 2 8
267 2 2 3 3
268 3 2 1 4
269 2 0 2 5
270 1 1 1 4
271 4 3 1 3
272 6 0 1 4
273 3 1 2 3
274 2 0 1 4
275 2 1 1 3
276 0 3 2 2
277 2 2 2 2
278 5 2 1 1
279 1 0 0 2
280 2 1 0 3
281 2 2 1 6
282 2 1 0 2
283 2 4 2 4
284 0 0 2 0
285 1 1 0 3
286 1 2 0 1
287 0 2 0 4
288 0 1 1 2
289 0 1 0 0
290 0 2 1 3
291 1 1 1 3
292 0 0 0 2
293 1 0 0 1
294 1 0 0 2
295 0 0 0 2
296 0 0 1 1
297 0 0 0 2
298 2 0 0 1
299 1 1 0 0
300 1 0 0 1
301 0 0 0 0
302 1 1 0 0
303 2 0 0 0
304 3 0 0 0
305 0 0 0 0
306 0 0 0 2
307 1 2 1 0
308 1 3 0 0
309 0 1 2 0
310 0 0 0 0
311 1 0 0 2
312 0 0 1 3
313 0 2 0 3
314 0 0 0 1
315 0 0 0 0
316 0 1 0 0
317 0 0 0 2
318 0 0 0 0
319 0 0 0 1
320 0 0 0 1
321 0 0 0 0
322 0 0 0 0
323 0 0 0 0
324 0 0 0 0
325 0 0 0 0
326 0 0 0 0
327 0 0 0 0
328 0 0 0 0
329 0 0 0 0
330 0 0 0 0
331 0 0 0 0
332 0 0 0 0
333 0 0 0 0
334 0 0 0 0
335 0 0 0 0
336 0 0 0 0
337 0 0 0 0
338 0 0 0 0
339 0 0 0 0
340 0 0 0 0
341 0 0 0 0
342 0 0 0 0
343 0 0 0 0
344 0 0 0 0
345 0 0 0 0
346 0 0 0 0
347 0 0 0 0
348 0 0 0 0
349 0 0 0 0
350 0 0 0 0
351 0 0 0 0
352 0 0 0 0
353 0 0 0 0
354 0 0 0 0
355 0 0 0 0
356 0 0 0 0
357 0 0 0 0
358 0 0 0 0
359 0 0 0 0
360 0 0 0 0
361 0 0 0 0
362 0 0 0 0
363 0 0 0 0
364 0 0 0 0
365 0 0 0 0
366 0 0 0 0
367 0 0 0 0
368 0 0 0 0
369 0 0 0 0
370 0 0 0 0
371 0 0 0 0
372 0 0 0 0
373 0 0 0 0
374 0 0 0 0
375 0 0 0 0
376 0 0 0 0
377 0 0 0 0
378 0 0 0 0
379 0 0 0 0
380 0 0 0 0
381 0 0 0 0
382 0 0 0 0
383 0 0 0 0
384 0 0 0 0
385 0 0 0 0
386 0 0 0 0
387 0 0 0 0
388 0 0 0 0
389 0 0 0 0
390 0 0 0 0
391 0 0 0 0
392 0 0 0 0
393 0 0 0 0
394 0 0 0 0
395 0 0 0 0
396 0 0 0 0
397 0 0 0 0
398 0 0 0 0
399 0 0 0 0
400 0 0 0 0
401 0 0 0 0
402 0 0 0 0
403 0 0 0 0
404 0 0 0 0
405 0 0 0 0
406 0 0 0 0
407 0 0 0 0
408 0 0 0 0
409 0 0 0 0
410 0 0 0 0
411 0 0 0 0
412 0 0 0 0
413 0 0 0 0
414 0 0 0 0
415 0 0 0 0
416 0 0 0 0
417 0 0 0 0
418 0 0 0 0
419 0 0 0 0
420 0 0 0 0
421 0 0 0 0
422 0 0 0 0
423 0 0 0 0
424 0 0 0 0
425 0 0 0 0
426 0 0 0 0
427 0 0 0 0
428 0 0 0 0
429 0 0 0 0
430 0 0 0 0
431 0 0 0 0
432 0 0 0 0
433 0 0 0 0
434 0 0 0 0
435 0 0 0 0
436 0 0 0 0
437 0 0 0 0
438 0 0 0 0
439 0 0 0 0
440 0 0 0 0
441 0 0 0 0
442 0 0 0 0
443 0 0 0 0
444 0 0 0 0
445 0 0 0 0
446 0 0 0 0
447 0 0 0 0
448 0 0 0 0
449 0 0 0 0
450 0 0 0 0
451 0 0 0 0
452 0 0 0 0
453 0 0 0 0
454 0 0 0 0
455 0 0 0 0
456 0 0 0 0
457 0 0 0 0
458 0 0 0 0
459 0 0 0 0
460 0 0 0 0
461 0 0 0 0
462 0 0 0 0
463 0 0 0 0
464 0 0 0 0
465 0 0 0 0
466 0 0 0 0
467 0 0 0 0
468 0 0 0 0
469 0 0 0 0
470 0 0 0 0
471 0 0 0 0
472 0 0 0 0
473 0 0 0 0
474 0 0 0 0
475 0 0 0 0
476 0 0 0 0
477 0 0 0 0
478 0 0 0 0
479 0 0 0 0
480 0 0 0 0
481 0 0 0 0
482 0 0 0 0
483 0 0 0 0
484 0 0 0 0
485 0 0 0 0
486 0 0 0 0
487 0 0 0 0
488 0 0 0 0
489 0 0 0 0
490 0 0 0 0
491 0 0 0 0
492 0 0 0 0
493 0 0 0 0
494 0 0 0 0
495 0 0 0 0
496 0 0 0 0
497 0 0 0 0
498 0 0 0 0
499 0 0 0 0
500 0 0 0 0
501 0 0 0 0
502 0 0 0 0
503 0 0 0 0
504 0 0 0 0
505 0 0 0 0
506 0 0 0 0
507 0 0 0 0
508 0 0 0 0
509 0 0 0 0
510 0 0 0 0
511 0 0 0 0
512 0 0 0 0
513 0 0 0 0
514 0 0 0 0
515 0 0 0 0
516 0 0 0 0
517 0 0 0 0
518 0 0 0 0
519 0 0 0 0
520 0 0 0 0
521 0 0 0 0
522 0 0 0 0
523 0 0 0 0
524 0 0 0 0
525 0 0 0 0
526 0 0 0 0
527 0 0 0 0
528 0 0 0 0
529 0 0 0 0
530 0 0 0 0
531 0 0 0 0
532 0 0 0 0
533 0 0 0 0
534 0 0 0 0
535 0 0 0 0
536 0 0 0 0
537 0 0 0 0
538 0 0 0 0
539 0 0 0 0
540 0 0 0 0
541 0 0 0 0
542 0 0 0 0
543 0 0 0 0
544 0 0 0 0
545 0 0 0 0
546 0 0 0 0
547 0 0 0 0
548 0 0 0 0
549 0 0 0 0
550 0 0 0 0
551 0 0 0 0
552 0 0 0 0
553 0 0 0 0
554 0 0 0 0
555 0 0 0 0
556 0 0 0 0
557 0 0 0 0
558 0 0 0 0
559 0 0 0 0
560 0 0 0 0
561 0 0 0 0
562 0 0 0 0
563 0 0 0 0
564 0 0 0 0
565 0 0 0 0
566 0 0 0 0
567 0 0 0 0
568 0 0 0 0
569 0 0 0 0
570 0 0 0 0
571 0 0 0 0
572 0 0 0 0
573 0 0 0 0
574 0 0 0 0
575 0 0 0 0
576 0 0 0 0
577 0 0 0 0
578 0 0 0 0
579 0 0 0 0
580 0 0 0 0
581 0 0 0 0
582 0 0 0 0
583 0 0 0 0
584 0 0 0 0
585 0 0 0 0
586 0 0 0 0
587 0 0 0 0
588 0 0 0 0
589 0 0 0 0
590 0 0 0 0
591 0 0 0 0
592 0 0 0 0
593 0 0 0 0
594 0 0 0 0
595 0 0 0 0
596 0 0 0 0
597 0 0 0 0
598 0 0 0 0
599 0 0 0 0
600 0 0 0 0
601 0 0 0 0
602 0 0 0 0
603 0 0 0 0
604 0 0 0 0
605 0 0 0 0
606 0 0 0 0
607 0 0 0 0
608 0 0 0 0
609 0 0 0 0
610 0 0 0 0
611 0 0 0 0
612 0 0 0 0
613 0 0 0 0
614 0 0 0 0
615 0 0 0 0
616 0 0 0 0
617 0 0 0 0
618 0 0 0 0
619 0 0 0 0
620 0 0 0 0
621 0 0 0 0
622 0 0 0 0
623 0 0 0 0
624 0 0 0 0
625 0 0 0 0
626 0 0 0 0
627 0 0 0 0
628 0 0 0 0
629 0 0 0 0
630 0 0 0 0
631 0 0 0 0
632 0 0 0 0
633 0 0 0 0
634 0 0 0 0
635 0 0 0 0
636 0 0 0 0
637 0 0 0 0
638 0 0 0 0
639 0 0 0 0
640 0 0 0 0
641 0 0 0 0
642 0 0 0 0
643 0 0 0 0
644 0 0 0 0
645 0 0 0 0
646 0 0 0 0
647 0 0 0 0
648 0 0 0 0
649 0 0 0 0
650 0 0 0 0
651 0 0 0 0
652 0 0 0 0
653 0 0 0 0
654 0 0 0 0
655 0 0 0 0
656 0 0 0 0
657 0 0 0 0
658 0 0 0 0
659 0 0 0 0
660 0 0 0 0
661 0 0 0 0
662 0 0 0 0
663 0 0 0 0
664 0 0 0 0
665 0 0 0 0
666 0 0 0 0
667 0 0 0 0
668 0 0 0 0
669 0 0 0 0
670 0 0 0 0
671 0 0 0 0
672 0 0 0 0
673 0 0 0 0
674 0 0 0 0
675 0 0 0 0
676 0 0 0 0
677 0 0 0 0
678 0 0 0 0
679 0 0 0 0
680 0 0 0 0
681 0 0 0 0
682 0 0 0 0
683 0 0 0 0
684 0 0 0 0
685 0 0 0 0
686 0 0 0 0
687 0 0 0 0
688 0 0 0 0
689 0 0 0 0
690 0 0 0 0
691 0 0 0 0
692 0 0 0 0
693 0 0 0 0
694 0 0 0 0
695 0 0 0 0
696 0 0 0 0
697 0 0 0 0
698 0 0 0 0
699 0 0 0 0
700 0 0 0 0
701 0 0 0 0
702 0 0 0 0
703 0 0 0 0
704 0 0 0 0
705 0 0 0 0
706 0 0 0 0
707 0 0 0 0
708 0 0 0 0
709 0 0 0 0
710 0 0 0 0
711 0 0 0 0
712 0 0 0 0
713 0 0 0 0
714 0 0 0 0
715 0 0 0 0
716 0 0 0 0
717 0 0 0 0
718 0 0 0 0
719 0 0 0 0
720 0 0 0 0
721 0 0 0 0
722 0 0 0 0
723 0 0 0 0
724 0 0 0 0
725 0 0 0 0
726 0 0 0 0
727 0 0 0 0
