0 0 0 0 0
1 0 0 0 0
2 0 0 0 0
3 0 0 0 0
4 0 0 0 0
5 0 1 2 0
6 0 0 0 0
7 0 0 1 0
8 0 0 0 0
9 0 1 0 2
10 0 0 0 0
11 0 0 0 1
12 0 0 0 1
13 0 0 0 1
14 0 0 0 0
15 0 0 0 0
16 0 0 0 0
17 1 0 0 0
18 0 0 0 0
19 0 0 0 0
20 0 0 0 0
21 2 0 0 0
22 0 0 0 0
23 2 0 0 0
24 2 0 0 0
25 0 0 0 0
26 0 2 0 0
27 0 0 0 0
28 0 1 0 0
29 0 0 2 0
30 0 0 1 1
31 0 0 0 0
32 0 0 1 0
33 0 0 0 1
34 0 0 0 1
35 0 0 0 1
36 0 0 0 2
37 0 0 0 0
38 0 0 0 0
39 0 0 0 1
40 0 0 0 0
41 0 0 0 0
42 1 0 0 0
43 1 0 0 0
44 2 0 0 0
45 2 0 0 0
46 0 0 0 0
47 2 1 0 0
48 1 0 1 0
49 0 2 0 0
50 0 1 0 0
51 1 0 0 0
52 0 0 1 1
53 0 1 0 1
54 0 1 0 2
55 0 0 0 0
56 1 0 1 2
57 0 0 0 1
58 0 0 0 0
59 0 0 0 0
60 0 0 1 0
61 0 1 0 1
62 0 0 0 0
63 0 0 0 1
64 0 0 0 1
65 0 0 0 0
66 1 0 0 0
67 1 0 0 0
68 1 0 0 1
69 2 0 0 0
70 4 0 0 0
71 1 0 0 0
72 2 0 1 0
73 0 1 0 0
74 1 1 0 0
75 2 1 2 0
76 3 0 0 0
77 0 2 0 1
78 2 1 0 0
79 3 3 0 2
80 1 0 1 0
81 0 0 2 2
82 0 0 0 2
83 0 1 0 3
84 0 0 3 2
85 0 1 0 3
86 1 0 0 0
87 2 0 1 1
88 0 1 1 2
89 0 1 0 1
90 2 0 0 0
91 2 0 1 2
92 1 1 0 1
93 1 0 0 1
94 0 0 0 0
95 1 0 0 2
96 3 1 0 1
97 2 0 1 0
98 3 1 0 0
99 3 1 0 0
100 1 2 0 0
101 3 1 0 0
102 2 0 3 0
103 3 1 0 2
104 3 0 4 2
105 4 1 1 2
106 3 0 2 1
107 2 3 0 0
108 2 1 0 3
109 1 2 1 3
110 1 1 1 1
111 2 1 1 4
112 2 3 1 1
113 4 0 0 4
114 3 1 2 2
115 5 3 1 1
116 3 1 1 4
117 2 1 2 1
118 2 3 1 4
119 5 0 1 2
120 3 1 1 1
121 5 3 0 2
122 3 2 0 5
123 6 2 1 1
124 2 4 1 3
125 4 1 1 1
126 6 2 0 2
127 4 1 1 4
128 9 3 4 5
129 9 3 1 2
130 4 5 1 3
131 2 4 1 4
132 7 0 3 5
133 7 4 0 2
134 3 6 3 5
135 5 2 1 5
136 5 3 2 5
137 9 10 1 5
138 8 3 2 7
139 7 2 3 3
140 9 3 0 3
141 10 3 1 11
142 7 4 6 5
143 5 3 3 6
144 11 3 1 3
145 5 4 1 3
146 5 4 3 7
147 8 4 4 7
148 9 4 3 3
149 13 6 6 10
150 7 5 4 7
151 5 4 2 7
152 8 3 6 5
153 9 8 0 11
154 6 4 3 7
155 5 4 2 6
156 9 3 3 9
157 11 8 1 8
158 14 8 3 9
159 15 4 1 7
160 10 3 1 8
161 10 5 5 5
162 12 5 4 11
163 15 5 9 5
164 15 7 6 8
165 9 8 2 7
166 6 4 5 7
167 8 9 1 6
168 13 13 2 16
169 10 10 3 9
170 10 7 2 11
171 14 8 2 7
172 7 5 2 13
173 7 10 5 16
174 9 8 6 15
175 14 8 1 12
176 8 6 1 6
177 9 2 3 9
178 11 5 3 17
179 20 7 3 7
180 17 12 7 9
181 11 7 1 6
182 14 5 3 13
183 11 7 2 12
184 17 11 5 10
185 13 12 4 9
186 12 11 4 7
187 16 10 6 16
188 17 9 9 7
189 12 5 8 14
190 12 7 3 12
191 14 6 2 19
192 21 7 5 14
193 21 13 6 14
194 23 8 6 10
195 23 7 8 15
196 18 7 7 13
197 20 9 8 16
198 20 9 7 9
199 14 11 6 11
200 14 11 7 19
201 12 17 5 15
202 17 7 11 16
203 8 9 10 19
204 9 14 5 19
205 9 11 3 19
206 13 11 10 17
207 12 12 9 19
208 11 7 7 17
209 13 9 1 15
210 9 4 3 19
211 14 8 5 20
212 11 7 2 17
213 13 9 1 16
214 12 6 5 12
215 8 8 3 17
216 12 10 3 11
217 12 8 4 5
218 8 11 6 10
219 9 7 6 12
220 8 5 4 11
221 8 5 5 11
222 5 4 4 11
223 9 9 1 13
224 6 3 4 14
225 6 5 4 16
226 9 4 8 6
227 3 6 0 9
228 5 5 5 8
229 7 6 1 9
230 2 3 3 10
231 8 3 3 5
232 5 2 6 11
233 6 5 3 9
234 5 3 3 11
235 6 1 4 7
236 0 1 3 6
237 4 2 1 4
238 4 4 3 4
239 6 1 2 7
240 6 7 2 8
241 8 1 2 7
242 4 1 3 8
243 4 4 2 4
244 1 1 3 7
245 4 3 0 3
246 1 4 7 1
247 1 2 1 6
248 3 5 1 4
249 4 3 1 4
250 1 1 2 8
251 2 1 2 5
252 1 0 0 5
253 2 1 0 4
254 3 4 2 4
255 1 1 0 3
256 2 1 1 5
257 0 1 1 1
258 3 1 1 6
259 4 1 0 1
260 2 1 1 1
261 3 2 1 4
262 1 1 0 0
263 3 2 1 2
264 3 2 0 1
265 2 1 0 2
266 1 1 1 1
267 1 1 2 2
268 2 3 0 4
269 1 1 2 3
270 0 2 1 3
271 1 2 0 4
272 0 0 2 3
273 0 1 0 2
274 1 0 0 2
275 1 0 0 2
276 2 0 1 2
277 2 1 0 1
278 1 1 0 0
279 1 1 0 1
280 3 1 0 2
281 2 0 1 1
282 0 1 1 0
283 4 0 0 0
284 1 1 1 0
285 2 1 1 1
286 3 0 0 2
287 2 1 0 1
288 1 2 0 3
289 0 2 1 2
290 0 2 1 0
291 0 1 0 0
292 1 3 0 3
293 1 0 0 1
294 1 1 0 3
295 1 0 2 0
296 0 1 0 3
297 0 2 0 1
298 0 0 0 1
299 1 0 0 2
300 3 0 0 1
301 2 0 0 2
302 1 0 1 2
303 2 1 0 0
304 1 1 1 1
305 1 1 1 0
306 4 1 0 1
307 1 1 0 1
308 2 1 1 2
309 1 1 1 0
310 0 1 1 2
311 1 1 1 1
312 1 1 0 2
313 1 0 1 1
314 0 0 0 2
315 0 1 2 2
316 0 0 0 1
317 0 1 0 1
318 0 1 1 1
319 0 0 0 3
320 0 1 0 0
321 0 0 0 0
322 0 0 0 4
323 0 0 0 0
324 1 0 0 0
325 1 0 0 0
326 0 0 0 0
327 0 0 0 1
328 0 0 0 0
329 0 0 1 0
330 0 0 0 0
331 0 0 0 0
332 1 1 0 0
333 0 0 0 0
334 0 0 0 0
335 0 0 0 0
336 0 0 0 2
337 0 0 0 0
338 1 0 0 0
339 1 0 0 0
340 0 0 0 0
341 0 1 0 0
342 0 0 0 0
343 0 1 0 0
344 0 0 0 0
345 0 0 0 0
346 0 0 0 0
347 0 0 0 0
348 0 0 1 1
349 0 0 0 0
350 1 0 0 1
351 0 0 0 0
352 0 0 0 1
353 1 0 0 0
354 0 0 0 0
355 0 0 1 0
356 0 0 0 0
357 0 0 0 0
358 1 0 0 0
359 1 0 0 0
360 0 0 0 0
361 0 0 0 0
362 0 0 1 1
363 0 0 1 0
364 0 0 0 0
365 0 0 0 0
366 0 0 0 0
367 0 0 0 1
368 0 1 0 0
369 0 0 0 1
370 0 0 0 0
371 0 0 0 0
372 0 0 0 0
373 0 0 0 0
374 0 0 0 0
375 0 0 0 1
376 0 0 0 0
377 0 0 0 0
378 0 0 0 0
379 0 0 0 0
380 0 0 0 0
381 0 0 0 0
382 0 0 0 0
383 0 0 0 0
384 0 0 0 0
385 0 0 0 0
386 0 0 0 0
387 1 0 0 0
388 0 0 0 0
389 0 0 0 0
390 0 0 0 0
391 0 0 0 0
392 0 0 1 0
393 0 0 0 0
394 0 0 0 0
395 1 0 0 0
396 0 0 0 1
397 0 0 0 0
398 0 0 0 0
399 0 0 0 0
400 0 1 0 0
401 0 0 0 0
402 0 0 0 0
403 0 0 0 0
404 0 0 0 0
405 0 0 0 0
406 0 0 0 0
407 0 0 0 1
408 0 0 0 0
409 1 0 0 0
410 0 0 0 0
411 0 0 0 0
412 1 0 0 0
413 1 0 0 0
414 0 0 0 0
415 0 0 0 0
416 1 0 0 0
417 0 0 0 0
418 0 0 1 0
419 0 0 0 0
420 0 0 0 0
421 0 0 2 0
422 0 0 1 1
423 0 0 0 0
424 0 0 0 0
425 0 0 0 1
426 0 0 0 0
427 0 0 0 0
428 0 0 0 1
429 0 0 0 1
430 0 0 0 0
431 2 0 0 0
432 0 0 0 0
433 0 0 0 0
434 2 0 0 0
435 0 0 0 0
436 1 2 0 0
437 0 0 0 0
438 1 0 0 0
439 1 1 0 0
440 0 0 0 0
441 0 1 0 1
442 1 0 0 0
443 0 0 2 2
444 0 1 0 0
445 0 0 0 0
446 0 0 0 0
447 0 0 0 2
448 0 0 0 2
449 0 0 0 0
450 0 0 0 0
451 0 0 1 0
452 0 0 0 0
453 0 0 0 0
454 0 0 0 0
455 0 0 0 0
456 0 0 0 0
457 0 0 0 0
458 0 0 0 1
459 0 0 0 0
460 0 0 0 0
461 0 0 0 0
462 0 0 0 0
463 0 0 0 0
464 0 0 0 0
465 0 0 0 0
466 0 0 0 0
467 0 0 0 0
468 0 0 0 0
469 0 0 0 0
470 0 0 0 0
471 0 0 0 0
472 0 0 0 0
473 0 0 0 0
474 0 0 0 0
475 0 0 0 0
476 0 0 0 0
477 0 0 0 0
478 0 0 0 0
479 0 0 0 0
480 0 0 0 0
481 0 0 0 0
482 0 0 0 0
483 0 0 0 0
484 0 0 0 0
485 0 0 0 0
486 0 0 0 0
487 0 0 0 0
488 0 0 0 0
489 0 0 0 0
490 0 0 0 0
491 0 0 0 0
492 0 0 0 0
493 0 0 0 0
494 0 0 0 0
495 0 0 0 0
496 0 0 0 0
497 0 0 0 0
498 0 0 0 0
499 0 0 0 0
500 0 0 0 0
501 0 0 0 0
502 0 0 0 0
503 0 0 0 0
504 0 0 0 0
505 0 0 0 0
506 0 0 0 0
507 0 0 0 0
508 0 0 0 0
509 0 0 0 0
510 0 0 0 0
511 0 0 0 0
512 0 0 0 0
513 0 0 0 0
514 0 0 0 0
515 0 0 0 0
516 0 0 0 0
517 0 0 0 0
518 0 0 0 0
519 0 0 0 0
520 0 0 0 0
521 0 0 0 0
522 0 0 0 0
523 0 0 0 0
524 0 0 0 0
525 0 0 0 0
526 0 0 0 0
527 0 0 0 0
528 0 0 0 0
529 0 0 0 0
530 0 0 0 0
531 0 0 0 0
532 0 0 0 0
533 0 0 0 0
534 0 0 0 0
535 0 0 0 0
536 0 0 0 0
537 0 0 0 0
538 0 0 0 0
539 0 0 0 0
540 0 0 0 0
541 0 0 0 0
542 0 0 0 0
543 0 0 0 0
544 0 0 0 0
545 0 0 0 0
546 0 0 0 0
547 0 0 0 0
548 0 0 0 0
549 0 0 0 0
550 0 0 0 0
551 0 0 0 0
552 0 0 0 0
553 0 0 0 0
554 0 0 0 0
555 0 0 0 0
556 0 0 0 0
557 0 0 0 0
558 0 0 0 0
559 0 0 0 0
560 0 0 0 0
561 0 0 0 0
562 0 0 0 0
563 0 0 0 0
564 0 0 0 0
565 0 0 0 0
566 0 0 0 0
567 0 0 0 0
568 0 0 0 0
569 0 0 0 0
570 0 0 0 0
571 0 0 0 0
572 0 0 0 0
573 0 0 0 0
574 0 0 0 0
575 0 0 0 0
576 0 0 0 0
577 0 0 0 0
578 0 0 0 0
579 0 0 0 0
580 0 0 0 0
581 0 0 0 0
582 0 0 0 0
583 0 0 0 0
584 0 0 0 0
585 0 0 0 0
586 0 0 0 0
587 0 0 0 0
588 0 0 0 0
589 0 0 0 0
590 0 0 0 0
591 0 0 0 0
592 0 0 0 0
593 0 0 0 0
594 0 0 0 0
595 0 0 0 0
596 0 0 0 0
597 0 0 0 0
598 0 0 0 0
599 0 0 0 0
600 0 0 0 0
601 0 0 0 0
602 0 0 0 0
603 0 0 0 0
604 0 0 0 0
605 0 0 0 0
606 0 0 0 0
607 0 0 0 0
608 0 0 0 0
609 0 0 0 0
610 0 0 0 0
611 0 0 0 0
612 0 0 0 0
613 0 0 0 0
614 0 0 0 0
615 0 0 0 0
616 0 0 0 0
617 0 0 0 0
618 0 0 0 0
619 0 0 0 0
620 0 0 0 0
621 0 0 0 0
622 0 0 0 0
623 0 0 0 0
624 0 0 0 0
625 0 0 0 0
626 0 0 0 0
627 0 0 0 0
628 0 0 0 0
629 0 0 0 0
630 0 0 0 0
631 0 0 0 0
632 0 0 0 0
633 0 0 0 0
634 0 0 0 0
635 0 0 0 0
636 0 0 0 0
637 0 0 0 0
638 0 0 0 0
639 0 0 0 0
640 0 0 0 0
641 0 0 0 0
642 0 0 0 0
643 0 0 0 0
644 0 0 0 0
645 0 0 0 0
646 0 0 0 0
647 0 0 0 0
648 0 0 0 0
649 0 0 0 0
650 0 0 0 0
651 0 0 0 0
652 0 0 0 0
653 0 0 0 0
654 0 0 0 0
655 0 0 0 0
656 0 0 0 0
657 0 0 0 0
658 0 0 0 0
659 0 0 0 0
660 0 0 0 0
661 0 0 0 0
662 0 0 0 0
663 0 0 0 0
664 0 0 0 0
665 0 0 0 0
666 0 0 0 0
667 0 0 0 0
668 0 0 0 0
669 0 0 0 0
670 0 0 0 0
671 0 0 0 0
672 0 0 0 0
673 0 0 0 0
674 0 0 0 0
675 0 0 0 0
676 0 0 0 0
677 0 0 0 0
678 0 0 0 0
679 0 0 0 0
680 0 0 0 0
681 0 0 0 0
682 0 0 0 0
683 0 0 0 0
684 0 0 0 0
685 0 0 0 0
686 0 0 0 0
687 0 0 0 0
688 0 0 0 0
689 0 0 0 0
690 0 0 0 0
691 0 0 0 0
692 0 0 0 0
693 0 0 0 0
694 0 0 0 0
695 0 0 0 0
696 0 0 0 0
697 0 0 0 0
698 0 0 0 0
699 0 0 0 0
700 0 0 0 0
701 0 0 0 0
702 0 0 0 0
703 0 0 0 0
704 0 0 0 0
705 0 0 0 0
706 0 0 0 0
707 0 0 0 0
708 0 0 0 0
709 0 0 0 0
710 0 0 0 0
711 0 0 0 0
712 0 0 0 0
713 0 0 0 0
714 0 0 0 0
715 0 0 0 0
716 0 0 0 0
717 0 0 0 0
718 0 0 0 0
719 0 0 0 0
720 0 0 0 0
721 0 0 0 0
722 0 0 0 0
723 0 0 0 0
724 0 0 0 0
725 0 0 0 0
726 0 0 0 0
727 0 0 0 0
