0 0 0 0 0
1 0 0 0 0
2 0 0 0 0
3 0 0 0 0
4 0 0 0 0
5 0 3 0 0
6 0 0 0 0
7 0 0 0 0
8 0 0 0 0
9 0 1 1 1
10 0 0 0 1
11 0 0 0 0
12 0 0 0 1
13 0 0 0 2
14 0 0 0 0
15 0 0 0 0
16 1 0 0 0
17 1 0 0 0
18 1 0 0 0
19 0 0 0 0
20 2 0 0 0
21 0 0 1 0
22 1 1 0 0
23 1 1 0 0
24 0 0 0 0
25 0 1 0 0
26 3 0 0 0
27 1 0 0 2
28 2 1 0 1
29 2 1 0 0
30 0 0 0 0
31 0 2 0 0
32 2 1 0 2
33 0 1 0 1
34 0 1 0 0
35 1 2 0 2
36 1 0 0 0
37 1 1 1 1
38 0 0 1 1
39 0 0 0 2
40 1 0 1 0
41 0 1 0 1
42 1 0 0 1
43 1 0 0 0
44 3 0 0 1
45 1 2 0 1
46 0 0 0 0
47 1 1 0 1
48 2 0 0 1
49 2 1 0 1
50 3 0 1 0
51 3 0 0 1
52 2 1 1 1
53 4 4 1 0
54 3 0 0 0
55 5 2 0 0
56 2 0 1 2
57 1 0 1 2
58 0 2 1 0
59 1 1 0 3
60 1 5 1 3
61 2 1 2 0
62 0 1 2 3
63 1 1 2 2
64 2 0 1 3
65 3 1 0 3
66 0 2 0 2
67 0 0 0 6
68 3 1 1 2
69 0 0 0 1
70 3 3 1 2
71 3 0 0 0
72 6 0 0 1
73 1 0 4 1
74 4 0 0 3
75 6 2 1 2
76 7 2 1 0
77 4 3 1 4
78 3 1 0 0
79 5 0 0 1
80 4 3 1 2
81 9 3 2 2
82 5 3 1 3
83 8 1 3 3
84 7 1 2 3
85 5 3 4 4
86 6 2 6 3
87 4 5 3 3
88 6 4 3 4
89 3 4 2 4
90 4 4 0 9
91 1 1 1 5
92 2 3 2 9
93 4 3 4 5
94 4 3 1 6
95 6 4 1 3
96 5 0 4 6
97 6 0 3 3
98 9 3 1 3
99 9 1 5 4
100 6 3 0 8
101 9 3 0 4
102 8 1 4 5
103 7 5 1 4
104 7 1 4 3
105 4 4 3 4
106 11 5 3 6
107 13 6 2 2
108 6 6 4 2
109 10 3 3 4
110 5 8 0 9
111 6 6 2 12
112 7 7 3 8
113 5 2 4 8
114 6 5 4 7
115 9 6 1 8
116 8 6 3 6
117 7 3 1 8
118 8 4 4 7
119 5 4 3 8
120 8 6 3 12
121 8 2 7 8
122 9 3 1 7
123 9 5 2 6
124 12 6 2 5
125 10 6 4 10
126 11 7 3 6
127 8 6 2 10
128 13 2 0 7
129 18 4 4 5
130 13 4 3 10
131 19 4 9 10
132 14 5 5 6
133 9 5 7 9
134 12 11 6 4
135 14 8 4 7
136 9 13 3 9
137 9 8 6 13
138 16 8 5 13
139 10 10 3 11
140 12 11 2 18
141 13 9 2 14
142 16 6 3 11
143 15 10 4 12
144 8 8 5 15
145 13 8 2 12
146 13 3 4 10
147 14 10 8 15
148 18 6 6 8
149 13 5 3 10
150 18 8 6 9
151 23 7 5 17
152 16 10 2 7
153 18 9 4 8
154 20 8 7 16
155 14 6 5 15
156 14 16 5 11
157 20 14 5 18
158 19 13 7 17
159 21 18 10 13
160 16 11 9 17
161 13 5 9 13
162 13 8 7 16
163 18 4 9 21
164 15 12 8 23
165 34 5 8 16
166 20 5 6 19
167 18 14 5 14
168 19 8 7 18
169 23 15 3 17
170 20 13 13 9
171 20 13 6 22
172 27 13 7 13
173 23 14 5 19
174 35 11 18 19
175 25 12 5 15
176 26 12 6 18
177 31 10 12 23
178 33 14 8 33
179 32 17 15 18
180 32 20 6 16
181 25 19 12 20
182 27 11 9 22
183 23 25 8 27
184 24 17 10 25
185 23 24 12 26
186 24 21 14 17
187 17 10 19 32
188 34 11 10 37
189 28 22 8 30
190 27 18 5 33
191 25 16 10 22
192 31 10 7 26
193 40 9 12 35
194 33 14 9 26
195 33 13 18 20
196 34 18 8 16
197 39 20 13 18
198 46 13 17 33
199 26 22 5 32
200 38 23 9 25
201 29 19 15 27
202 29 28 15 27
203 31 22 10 31
204 22 12 14 36
205 30 18 15 29
206 19 21 12 37
207 20 27 16 27
208 30 20 8 31
209 23 15 19 38
210 26 17 16 36
211 32 12 10 33
212 25 13 11 30
213 24 11 10 39
214 16 15 13 40
215 15 9 13 23
216 12 19 6 24
217 21 22 7 24
218 11 12 11 29
219 24 9 12 22
220 11 18 8 20
221 13 11 7 23
222 14 17 4 22
223 11 7 5 24
224 8 14 11 31
225 16 10 3 21
226 13 10 6 21
227 8 13 4 22
228 12 6 6 21
229 11 6 4 18
230 9 8 7 9
231 7 10 2 19
232 7 4 5 12
233 8 5 3 14
234 6 5 9 21
235 10 8 3 11
236 4 5 5 11
237 9 6 3 11
238 12 7 3 14
239 10 7 3 9
240 5 4 4 7
241 8 2 3 8
242 5 5 1 11
243 6 4 4 8
244 5 6 3 10
245 4 4 0 10
246 3 3 6 8
247 5 4 4 8
248 5 5 3 6
249 4 2 3 6
250 4 1 4 9
251 5 1 3 6
252 5 3 2 7
253 1 2 3 7
254 3 3 2 10
255 2 5 0 4
256 5 4 0 3
257 2 0 6 5
258 3 2 1 6
259 5 1 1 5
260 5 4 1 6
261 3 4 1 3
262 0 2 0 5
263 3 2 1 3
264 1 3 1 6
265 1 2 3 2
266 3 3 1 2
267 3 1 0 4
268 2 2 0 5
269 6 0 2 5
270 2 2 0 2
271 2 0 1 2
272 1 1 2 2
273 0 0 0 5
274 5 2 2 3
275 2 1 2 2
276 0 3 0 2
277 3 0 1 0
278 2 0 3 4
279 2 2 1 4
280 1 1 1 0
281 3 1 0 2
282 2 0 1 1
283 2 2 1 4
284 1 2 1 1
285 1 0 0 3
286 1 1 1 2
287 2 4 0 2
288 2 0 0 3
289 3 1 1 1
290 2 1 3 3
291 2 0 1 2
292 1 1 2 0
293 0 0 2 4
294 0 1 1 3
295 0 0 0 1
296 1 1 1 2
297 1 0 0 4
298 2 1 0 0
299 0 2 1 1
300 0 1 0 1
301 0 0 1 2
302 1 0 0 1
303 0 1 0 4
304 0 0 0 1
305 1 0 0 0
306 0 1 0 0
307 1 2 0 1
308 0 0 0 1
309 1 0 0 0
310 0 0 0 0
311 1 0 0 2
312 1 0 0 0
313 0 0 0 1
314 0 1 1 0
315 0 0 0 0
316 1 0 1 0
317 2 0 0 0
318 1 0 0 0
319 0 0 0 0
320 0 0 1 0
321 0 1 1 2
322 0 1 0 0
323 0 0 1 1
324 0 1 0 1
325 0 0 0 2
326 1 0 0 0
327 1 0 0 0
328 1 0 0 0
329 0 0 0 1
330 0 0 0 1
331 0 0 0 1
332 0 1 0 0
333 0 0 0 0
334 0 0 0 0
335 0 1 0 0
336 0 0 0 1
337 1 1 0 0
338 0 0 0 0
339 0 0 0 1
340 0 0 0 0
341 0 0 0 0
342 1 0 0 0
343 0 0 0 0
344 0 0 0 1
345 0 0 0 0
346 0 1 0 0
347 0 0 0 0
348 0 0 0 0
349 0 0 0 0
350 0 0 0 1
351 0 0 1 0
352 0 0 0 0
353 0 0 0 0
354 0 0 0 0
355 0 0 0 0
356 0 0 0 0
357 0 0 0 0
358 0 0 0 1
359 0 0 0 0
360 0 0 0 0
361 0 0 0 0
362 0 0 0 0
363 0 0 0 0
364 0 0 0 0
365 0 0 0 0
366 0 0 0 0
367 0 0 0 0
368 0 0 0 0
369 0 0 0 0
370 0 0 0 0
371 0 0 0 0
372 0 0 0 0
373 0 0 0 0
374 0 0 0 0
375 0 0 0 0
376 0 0 0 0
377 0 0 0 0
378 0 0 0 0
379 0 0 0 0
380 0 0 0 0
381 0 0 0 0
382 0 0 0 0
383 0 0 0 0
384 0 0 0 0
385 0 0 0 0
386 0 0 0 0
387 0 0 0 0
388 0 0 0 0
389 0 0 0 0
390 0 0 0 0
391 0 0 0 0
392 0 0 0 0
393 0 0 0 0
394 0 0 0 0
395 0 0 0 0
396 0 0 0 0
397 0 0 0 0
398 0 0 0 0
399 0 0 0 0
400 0 0 0 0
401 0 0 0 0
402 0 0 0 0
403 0 0 0 0
404 0 0 0 0
405 0 0 0 0
406 0 0 0 0
407 0 0 0 0
408 0 0 0 0
409 0 0 0 0
410 0 0 0 0
411 0 0 0 0
412 0 0 0 0
413 0 0 0 0
414 0 0 0 0
415 0 0 0 0
416 0 0 0 0
417 0 0 0 0
418 0 0 0 0
419 0 0 0 0
420 0 0 0 0
421 0 0 0 0
422 0 0 0 0
423 0 0 0 0
424 0 0 0 0
425 0 0 0 0
426 0 0 0 0
427 0 0 0 0
428 0 0 0 0
429 0 0 0 0
430 0 0 0 0
431 0 0 0 0
432 0 0 0 0
433 0 0 0 0
434 0 0 0 0
435 0 0 0 0
436 0 0 0 0
437 0 0 0 0
438 0 0 0 0
439 0 0 0 0
440 0 0 0 0
441 0 0 0 0
442 0 0 0 0
443 0 0 0 0
444 0 0 0 0
445 0 0 0 0
446 0 0 0 0
447 0 0 0 0
448 0 0 0 0
449 0 0 0 0
450 0 0 0 0
451 0 0 0 0
452 0 0 0 0
453 0 0 0 0
454 0 0 0 0
455 0 0 0 0
456 0 0 0 0
457 0 0 0 0
458 0 0 0 0
459 0 0 0 0
460 0 0 0 0
461 0 0 0 0
462 0 0 0 0
463 0 0 0 0
464 0 0 0 0
465 0 0 0 0
466 0 0 0 0
467 0 0 0 0
468 0 0 0 0
469 0 0 0 0
470 0 0 0 0
471 0 0 0 0
472 0 0 0 0
473 0 0 0 0
474 0 0 0 0
475 0 0 0 0
476 0 0 0 0
477 0 0 0 0
478 0 0 0 0
479 0 0 0 0
480 0 0 0 0
481 0 0 0 0
482 0 0 0 0
483 0 0 0 0
484 0 0 0 0
485 0 0 0 0
486 0 0 0 0
487 0 0 0 0
488 0 0 0 0
489 0 0 0 0
490 0 0 0 0
491 0 0 0 0
492 0 0 0 0
493 0 0 0 0
494 0 0 0 0
495 0 0 0 0
496 0 0 0 0
497 0 0 0 0
498 0 0 0 0
499 0 0 0 0
500 0 0 0 0
501 0 0 0 0
502 0 0 0 0
503 0 0 0 0
504 0 0 0 0
505 0 0 0 0
506 0 0 0 0
507 0 0 0 0
508 0 0 0 0
509 0 0 0 0
510 0 0 0 0
511 0 0 0 0
512 0 0 0 0
513 0 0 0 0
514 0 0 0 0
515 0 0 0 0
516 0 0 0 0
517 0 0 0 0
518 0 0 0 0
519 0 0 0 0
520 0 0 0 0
521 0 0 0 0
522 0 0 0 0
523 0 0 0 0
524 0 0 0 0
525 0 0 0 0
526 0 0 0 0
527 0 0 0 0
528 0 0 0 0
529 0 0 0 0
530 0 0 0 0
531 0 0 0 0
532 0 0 0 0
533 0 0 0 0
534 0 0 0 0
535 0 0 0 0
536 0 0 0 0
537 0 0 0 0
538 0 0 0 0
539 0 0 0 0
540 0 0 0 0
541 0 0 0 0
542 0 0 0 0
543 0 0 0 0
544 0 0 0 0
545 0 0 0 0
546 0 0 0 0
547 0 0 0 0
548 0 0 0 0
549 0 0 0 0
550 0 0 0 0
551 0 0 0 0
552 0 0 0 0
553 0 0 0 0
554 0 0 0 0
555 0 0 0 0
556 0 0 0 0
557 0 0 0 0
558 0 0 0 0
559 0 0 0 0
560 0 0 0 0
561 0 0 0 0
562 0 0 0 0
563 0 0 0 0
564 0 0 0 0
565 0 0 0 0
566 0 0 0 0
567 0 0 0 0
568 0 0 0 0
569 0 0 0 0
570 0 0 0 0
571 0 0 0 0
572 0 0 0 0
573 0 0 0 0
574 0 0 0 0
575 0 0 0 0
576 0 0 0 0
577 0 0 0 0
578 0 0 0 0
579 0 0 0 0
580 0 0 0 0
581 0 0 0 0
582 0 0 0 0
583 0 0 0 0
584 0 0 0 0
585 0 0 0 0
586 0 0 0 0
587 0 0 0 0
588 0 0 0 0
589 0 0 0 0
590 0 0 0 0
591 0 0 0 0
592 0 0 0 0
593 0 0 0 0
594 0 0 0 0
595 0 0 0 0
596 0 0 0 0
597 0 0 0 0
598 0 0 0 0
599 0 0 0 0
600 0 0 0 0
601 0 0 0 0
602 0 0 0 0
603 0 0 0 0
604 0 0 0 0
605 0 0 0 0
606 0 0 0 0
607 0 0 0 0
608 0 0 0 0
609 0 0 0 0
610 0 0 0 0
611 0 0 0 0
612 0 0 0 0
613 0 0 0 0
614 0 0 0 0
615 0 0 0 0
616 0 0 0 0
617 0 0 0 0
618 0 0 0 0
619 0 0 0 0
620 0 0 0 0
621 0 0 0 0
622 0 0 0 0
623 0 0 0 0
624 0 0 0 0
625 0 0 0 0
626 0 0 0 0
627 0 0 0 0
628 0 0 0 0
629 0 0 0 0
630 0 0 0 0
631 0 0 0 0
632 0 0 0 0
633 0 0 0 0
634 0 0 0 0
635 0 0 0 0
636 0 0 0 0
637 0 0 0 0
638 0 0 0 0
639 0 0 0 0
640 0 0 0 0
641 0 0 0 0
642 0 0 0 0
643 0 0 0 0
644 0 0 0 0
645 0 0 0 0
646 0 0 0 0
647 0 0 0 0
648 0 0 0 0
649 0 0 0 0
650 0 0 0 0
651 0 0 0 0
652 0 0 0 0
653 0 0 0 0
654 0 0 0 0
655 0 0 0 0
656 0 0 0 0
657 0 0 0 0
658 0 0 0 0
659 0 0 0 0
660 0 0 0 0
661 0 0 0 0
662 0 0 0 0
663 0 0 0 0
664 0 0 0 0
665 0 0 0 0
666 0 0 0 0
667 0 0 0 0
668 0 0 0 0
669 0 0 0 0
670 0 0 0 0
671 0 0 0 0
672 0 0 0 0
673 0 0 0 0
674 0 0 0 0
675 0 0 0 0
676 0 0 0 0
677 0 0 0 0
678 0 0 0 0
679 0 0 0 0
680 0 0 0 0
681 0 0 0 0
682 0 0 0 0
683 0 0 0 0
684 0 0 0 0
685 0 0 0 0
686 0 0 0 0
687 0 0 0 0
688 0 0 0 0
689 0 0 0 0
690 0 0 0 0
691 0 0 0 0
692 0 0 0 0
693 0 0 0 0
694 0 0 0 0
695 0 0 0 0
696 0 0 0 0
697 0 0 0 0
698 0 0 0 0
699 0 0 0 0
700 0 0 0 0
701 0 0 0 0
702 0 0 0 0
703 0 0 0 0
704 0 0 0 0
705 0 0 0 0
706 0 0 0 0
707 0 0 0 0
708 0 0 0 0
709 0 0 0 0
710 0 0 0 0
711 0 0 0 0
712 0 0 0 0
713 0 0 0 0
714 0 0 0 0
715 0 0 0 0
716 0 0 0 0
717 0 0 0 0
718 0 0 0 0
719 0 0 0 0
720 0 0 0 0
721 0 0 0 0
722 0 0 0 0
723 0 0 0 0
724 0 0 0 0
725 0 0 0 0
726 0 0 0 0
727 0 0 0 0
