0 0 0 0 0
1 0 0 0 0
2 0 0 0 0
3 0 0 0 0
4 0 0 0 0
5 0 3 1 0
6 0 0 0 0
7 0 0 0 0
8 0 0 0 0
9 0 1 0 2
10 0 0 0 0
11 0 0 0 0
12 0 0 0 2
13 0 0 0 0
14 0 0 0 0
15 0 0 0 0
16 0 0 0 1
17 0 0 0 0
18 1 0 0 0
19 0 0 0 0
20 0 0 0 0
21 2 0 0 0
22 1 0 0 0
23 0 0 0 0
24 0 0 0 0
25 0 1 0 0
26 1 1 1 0
27 0 1 0 0
28 0 0 0 0
29 0 0 0 0
30 1 0 0 2
31 2 0 1 0
32 0 0 0 1
33 2 0 0 0
34 0 0 0 1
35 0 0 0 0
36 0 1 0 0
37 0 0 0 0
38 1 0 0 1
39 0 1 0 0
40 0 0 1 0
41 2 0 0 0
42 1 0 2 0
43 1 0 0 1
44 1 0 0 1
45 3 0 0 0
46 0 1 1 1
47 1 2 0 0
48 0 0 0 0
49 0 1 0 2
50 0 3 0 1
51 3 0 0 2
52 0 1 0 0
53 0 0 0 2
54 2 0 0 1
55 0 0 0 0
56 1 0 1 0
57 0 1 0 2
58 0 0 0 0
59 0 1 0 1
60 0 1 1 0
61 0 0 0 0
62 1 0 0 0
63 1 0 1 3
64 2 0 0 2
65 3 0 1 0
66 3 0 0 0
67 1 0 0 1
68 3 0 1 0
69 0 1 0 1
70 0 1 1 0
71 1 2 1 0
72 0 1 0 1
73 1 2 1 0
74 2 1 0 1
75 1 0 1 2
76 1 1 0 1
77 3 0 1 1
78 1 0 0 2
79 2 0 0 0
80 1 0 0 3
81 1 0 1 1
82 1 2 1 1
83 0 3 0 1
84 3 0 1 1
85 3 1 1 0
86 2 0 0 0
87 4 0 0 1
88 2 0 2 1
89 6 1 1 4
90 2 3 1 2
91 2 1 0 1
92 4 1 1 3
93 5 3 0 2
94 6 2 2 3
95 6 2 2 0
96 0 2 1 2
97 3 2 1 1
98 3 2 3 4
99 1 4 0 0
100 3 2 2 5
101 6 0 1 3
102 2 2 1 6
103 3 4 0 4
104 3 2 1 4
105 0 1 0 2
106 2 2 3 5
107 2 3 0 3
108 3 1 1 4
109 6 1 2 0
110 3 2 1 5
111 8 1 0 2
112 7 2 1 2
113 1 3 0 4
114 6 2 1 3
115 2 1 0 2
116 6 2 0 3
117 5 4 2 2
118 5 1 4 4
119 4 5 3 1
120 2 3 6 2
121 4 5 0 3
122 4 1 2 6
123 1 2 2 4
124 1 0 1 8
125 2 4 0 2
126 2 1 3 6
127 2 4 1 6
128 1 3 0 4
129 2 0 2 6
130 4 2 0 6
131 7 1 0 2
132 9 2 1 0
133 6 0 0 1
134 5 3 0 5
135 3 1 0 3
136 14 3 1 1
137 7 4 2 0
138 9 3 2 2
139 7 1 5 4
140 10 5 2 2
141 4 1 9 6
142 1 4 2 3
143 5 7 2 4
144 7 2 3 5
145 4 10 3 8
146 4 4 1 4
147 2 1 1 9
148 4 3 4 4
149 8 6 4 10
150 3 1 1 10
151 4 3 1 8
152 7 2 1 11
153 8 1 2 6
154 13 4 2 1
155 6 1 0 3
156 8 2 1 6
157 7 4 3 3
158 9 4 5 6
159 6 6 3 3
160 10 3 2 4
161 12 7 2 6
162 10 4 2 5
163 14 10 4 8
164 9 4 1 6
165 12 7 4 6
166 11 9 2 4
167 10 5 3 11
168 12 5 9 7
169 9 4 2 8
170 7 7 4 13
171 8 5 4 11
172 10 6 2 13
173 14 10 3 12
174 11 7 4 7
175 8 9 0 8
176 10 8 4 4
177 8 4 5 10
178 17 7 6 13
179 12 7 3 9
180 17 3 1 12
181 15 4 5 9
182 18 6 3 13
183 13 8 7 15
184 13 7 6 5
185 11 10 4 10
186 9 9 2 7
187 14 12 7 12
188 14 9 9 14
189 12 8 7 12
190 10 5 6 13
191 18 4 5 16
192 15 8 3 15
193 13 10 6 9
194 18 6 7 14
195 14 8 1 14
196 17 13 1 14
197 15 6 3 14
198 10 13 2 11
199 20 11 7 11
200 14 10 4 12
201 15 18 4 10
202 7 9 7 13
203 9 8 4 15
204 15 11 6 14
205 6 3 6 17
206 16 8 6 20
207 13 5 1 14
208 16 8 8 21
209 11 13 7 12
210 16 9 3 9
211 13 5 6 14
212 10 6 4 11
213 8 8 3 14
214 9 7 1 11
215 7 9 7 9
216 11 7 11 22
217 6 7 9 13
218 12 5 4 13
219 9 9 1 13
220 8 5 3 9
221 10 5 3 12
222 8 3 3 12
223 12 4 9 15
224 8 4 5 10
225 7 6 2 6
226 13 9 4 9
227 13 4 5 9
228 10 4 4 7
229 5 5 4 7
230 9 4 2 14
231 7 4 4 11
232 6 7 4 11
233 6 3 3 11
234 4 4 2 10
235 3 6 8 7
236 8 7 7 10
237 6 5 5 4
238 6 6 3 6
239 2 4 1 13
240 5 2 5 9
241 1 6 0 7
242 3 1 2 12
243 4 3 1 8
244 4 1 0 8
245 1 4 3 8
246 2 3 0 8
247 1 1 2 6
248 3 1 3 3
249 5 2 1 4
250 4 0 1 3
251 4 4 1 4
252 5 1 0 6
253 8 2 3 1
254 4 1 1 0
255 4 2 1 4
256 5 1 2 2
257 2 1 3 2
258 5 6 4 5
259 3 3 1 3
260 7 1 1 5
261 4 4 2 2
262 2 1 2 7
263 2 3 0 2
264 5 2 3 3
265 5 0 5 9
266 0 1 4 4
267 0 3 3 5
268 0 3 0 4
269 1 4 2 8
270 2 3 1 3
271 2 0 0 4
272 2 0 0 2
273 5 2 0 5
274 2 1 1 6
275 2 1 1 1
276 2 0 1 3
277 2 1 1 1
278 1 3 0 1
279 2 0 1 2
280 2 1 0 3
281 0 0 0 2
282 1 4 2 3
283 2 1 1 0
284 2 2 3 2
285 1 1 1 0
286 0 0 0 5
287 3 0 0 1
288 0 0 0 2
289 2 1 0 2
290 1 1 0 1
291 2 0 1 3
292 0 3 2 2
293 0 0 0 0
294 0 1 0 1
295 0 1 0 0
296 0 2 0 4
297 0 0 0 0
298 0 1 0 3
299 0 0 0 1
300 0 0 1 1
301 1 0 0 0
302 1 0 0 1
303 0 0 0 1
304 2 0 0 0
305 1 0 0 1
306 1 0 0 0
307 0 0 0 1
308 2 0 0 0
309 2 1 1 0
310 1 1 0 0
311 1 1 0 0
312 0 0 0 0
313 0 1 1 1
314 0 2 0 1
315 0 2 0 1
316 0 1 0 1
317 0 0 0 1
318 0 1 0 1
319 0 0 0 1
320 0 0 0 1
321 0 0 0 1
322 0 0 0 3
323 0 0 0 0
324 0 0 0 0
325 0 0 0 0
326 1 0 0 0
327 0 0 0 0
328 0 0 0 0
329 0 0 0 0
330 0 0 0 0
331 0 1 0 0
332 0 0 0 0
333 0 0 0 0
334 0 0 0 0
335 0 0 0 1
336 0 0 0 0
337 0 0 0 0
338 0 0 0 0
339 0 0 0 0
340 0 0 0 0
341 0 0 0 0
342 0 0 0 0
343 0 0 0 0
344 0 0 0 0
345 0 0 0 0
346 0 0 0 0
347 0 0 0 0
348 0 0 0 0
349 0 0 0 0
350 0 0 0 0
351 0 0 0 0
352 0 0 0 0
353 0 0 0 0
354 0 0 0 0
355 0 0 0 0
356 0 0 0 0
357 0 0 0 0
358 0 0 0 0
359 0 0 0 0
360 0 0 0 0
361 0 0 0 0
362 0 0 0 0
363 0 0 0 0
364 0 0 0 0
365 0 0 0 0
366 0 0 0 0
367 0 0 0 0
368 0 0 0 0
369 0 0 0 0
370 0 0 0 0
371 0 0 0 0
372 0 0 0 0
373 0 0 0 0
374 0 0 0 0
375 0 0 0 0
376 0 0 0 0
377 0 0 0 0
378 0 0 0 0
379 0 0 0 0
380 0 0 0 0
381 0 0 0 0
382 0 0 0 0
383 0 0 0 0
384 0 0 0 0
385 0 0 0 0
386 0 0 0 0
387 0 0 0 0
388 0 0 0 0
389 0 0 0 0
390 0 0 0 0
391 0 0 0 0
392 0 0 0 0
393 0 0 0 0
394 0 0 0 0
395 0 0 0 0
396 0 0 0 0
397 0 0 0 0
398 0 0 0 0
399 0 0 0 0
400 0 0 0 0
401 0 0 0 0
402 0 0 0 0
403 0 0 0 0
404 0 0 0 0
405 0 0 0 0
406 0 0 0 0
407 0 0 0 0
408 0 0 0 0
409 0 0 0 0
410 0 0 0 0
411 0 0 0 0
412 0 0 0 0
413 0 0 0 0
414 0 0 0 0
415 0 0 0 0
416 0 0 0 0
417 0 0 0 0
418 0 0 0 0
419 0 0 0 0
420 0 0 0 0
421 0 0 0 0
422 0 0 0 0
423 0 0 0 0
424 0 0 0 0
425 0 0 0 0
426 0 0 0 0
427 0 0 0 0
428 0 0 0 0
429 0 0 0 0
430 0 0 0 0
431 0 0 0 0
432 0 0 0 0
433 0 0 0 0
434 0 0 0 0
435 0 0 0 0
436 0 0 0 0
437 0 0 0 0
438 0 0 0 0
439 0 0 0 0
440 0 0 0 0
441 0 0 0 0
442 0 0 0 0
443 0 0 0 0
444 0 0 0 0
445 0 0 0 0
446 0 0 0 0
447 0 0 0 0
448 0 0 0 0
449 0 0 0 0
450 0 0 0 0
451 0 0 0 0
452 0 0 0 0
453 0 0 0 0
454 0 0 0 0
455 0 0 0 0
456 0 0 0 0
457 0 0 0 0
458 0 0 0 0
459 0 0 0 0
460 0 0 0 0
461 0 0 0 0
462 0 0 0 0
463 0 0 0 0
464 0 0 0 0
465 0 0 0 0
466 0 0 0 0
467 0 0 0 0
468 0 0 0 0
469 0 0 0 0
470 0 0 0 0
471 0 0 0 0
472 0 0 0 0
473 0 0 0 0
474 0 0 0 0
475 0 0 0 0
476 0 0 0 0
477 0 0 0 0
478 0 0 0 0
479 0 0 0 0
480 0 0 0 0
481 0 0 0 0
482 0 0 0 0
483 0 0 0 0
484 0 0 0 0
485 0 0 0 0
486 0 0 0 0
487 0 0 0 0
488 0 0 0 0
489 0 0 0 0
490 0 0 0 0
491 0 0 0 0
492 0 0 0 0
493 0 0 0 0
494 0 0 0 0
495 0 0 0 0
496 0 0 0 0
497 0 0 0 0
498 0 0 0 0
499 0 0 0 0
500 0 0 0 0
501 0 0 0 0
502 0 0 0 0
503 0 0 0 0
504 0 0 0 0
505 0 0 0 0
506 0 0 0 0
507 0 0 0 0
508 0 0 0 0
509 0 0 0 0
510 0 0 0 0
511 0 0 0 0
512 0 0 0 0
513 0 0 0 0
514 0 0 0 0
515 0 0 0 0
516 0 0 0 0
517 0 0 0 0
518 0 0 0 0
519 0 0 0 0
520 0 0 0 0
521 0 0 0 0
522 0 0 0 0
523 0 0 0 0
524 0 0 0 0
525 0 0 0 0
526 0 0 0 0
527 0 0 0 0
528 0 0 0 0
529 0 0 0 0
530 0 0 0 0
531 0 0 0 0
532 0 0 0 0
533 0 0 0 0
534 0 0 0 0
535 0 0 0 0
536 0 0 0 0
537 0 0 0 0
538 0 0 0 0
539 0 0 0 0
540 0 0 0 0
541 0 0 0 0
542 0 0 0 0
543 0 0 0 0
544 0 0 0 0
545 0 0 0 0
546 0 0 0 0
547 0 0 0 0
548 0 0 0 0
549 0 0 0 0
550 0 0 0 0
551 0 0 0 0
552 0 0 0 0
553 0 0 0 0
554 0 0 0 0
555 0 0 0 0
556 0 0 0 0
557 0 0 0 0
558 0 0 0 0
559 0 0 0 0
560 0 0 0 0
561 0 0 0 0
562 0 0 0 0
563 0 0 0 0
564 0 0 0 0
565 0 0 0 0
566 0 0 0 0
567 0 0 0 0
568 0 0 0 0
569 0 0 0 0
570 0 0 0 0
571 0 0 0 0
572 0 0 0 0
573 0 0 0 0
574 0 0 0 0
575 0 0 0 0
576 0 0 0 0
577 0 0 0 0
578 0 0 0 0
579 0 0 0 0
580 0 0 0 0
581 0 0 0 0
582 0 0 0 0
583 0 0 0 0
584 0 0 0 0
585 0 0 0 0
586 0 0 0 0
587 0 0 0 0
588 0 0 0 0
589 0 0 0 0
590 0 0 0 0
591 0 0 0 0
592 0 0 0 0
593 0 0 0 0
594 0 0 0 0
595 0 0 0 0
596 0 0 0 0
597 0 0 0 0
598 0 0 0 0
599 0 0 0 0
600 0 0 0 0
601 0 0 0 0
602 0 0 0 0
603 0 0 0 0
604 0 0 0 0
605 0 0 0 0
606 0 0 0 0
607 0 0 0 0
608 0 0 0 0
609 0 0 0 0
610 0 0 0 0
611 0 0 0 0
612 0 0 0 0
613 0 0 0 0
614 0 0 0 0
615 0 0 0 0
616 0 0 0 0
617 0 0 0 0
618 0 0 0 0
619 0 0 0 0
620 0 0 0 0
621 0 0 0 0
622 0 0 0 0
623 0 0 0 0
624 0 0 0 0
625 0 0 0 0
626 0 0 0 0
627 0 0 0 0
628 0 0 0 0
629 0 0 0 0
630 0 0 0 0
631 0 0 0 0
632 0 0 0 0
633 0 0 0 0
634 0 0 0 0
635 0 0 0 0
636 0 0 0 0
637 0 0 0 0
638 0 0 0 0
639 0 0 0 0
640 0 0 0 0
641 0 0 0 0
642 0 0 0 0
643 0 0 0 0
644 0 0 0 0
645 0 0 0 0
646 0 0 0 0
647 0 0 0 0
648 0 0 0 0
649 0 0 0 0
650 0 0 0 0
651 0 0 0 0
652 0 0 0 0
653 0 0 0 0
654 0 0 0 0
655 0 0 0 0
656 0 0 0 0
657 0 0 0 0
658 0 0 0 0
659 0 0 0 0
660 0 0 0 0
661 0 0 0 0
662 0 0 0 0
663 0 0 0 0
664 0 0 0 0
665 0 0 0 0
666 0 0 0 0
667 0 0 0 0
668 0 0 0 0
669 0 0 0 0
670 0 0 0 0
671 0 0 0 0
672 0 0 0 0
673 0 0 0 0
674 0 0 0 0
675 0 0 0 0
676 0 0 0 0
677 0 0 0 0
678 0 0 0 0
679 0 0 0 0
680 0 0 0 0
681 0 0 0 0
682 0 0 0 0
683 0 0 0 0
684 0 0 0 0
685 0 0 0 0
686 0 0 0 0
687 0 0 0 0
688 0 0 0 0
689 0 0 0 0
690 0 0 0 0
691 0 0 0 0
692 0 0 0 0
693 0 0 0 0
694 0 0 0 0
695 0 0 0 0
696 0 0 0 0
697 0 0 0 0
698 0 0 0 0
699 0 0 0 0
700 0 0 0 0
701 0 0 0 0
702 0 0 0 0
703 0 0 0 0
704 0 0 0 0
705 0 0 0 0
706 0 0 0 0
707 0 0 0 0
708 0 0 0 0
709 0 0 0 0
710 0 0 0 0
711 0 0 0 0
712 0 0 0 0
713 0 0 0 0
714 0 0 0 0
715 0 0 0 0
716 0 0 0 0
717 0 0 0 0
718 0 0 0 0
719 0 0 0 0
720 0 0 0 0
721 0 0 0 0
722 0 0 0 0
723 0 0 0 0
724 0 0 0 0
725 0 0 0 0
726 0 0 0 0
727 0 0 0 0
