0 0 0 0 0
1 0 0 0 0
2 0 0 0 0
3 0 0 0 0
4 0 0 0 0
5 0 2 1 0
6 0 0 0 0
7 0 0 0 0
8 0 0 0 0
9 0 1 1 3
10 0 0 0 0
11 0 0 0 0
12 0 0 0 0
13 0 0 0 1
14 0 0 0 0
15 1 0 0 1
16 0 0 0 0
17 0 0 0 0
18 0 0 0 0
19 0 0 0 0
20 1 1 0 0
21 0 0 0 0
22 0 0 0 0
23 0 0 0 0
24 0 0 0 1
25 1 0 1 0
26 0 0 0 0
27 1 0 0 0
28 2 0 0 0
29 1 0 0 0
30 0 0 0 0
31 0 0 0 0
32 0 1 0 1
33 1 1 1 0
34 1 1 0 0
35 0 0 0 0
36 2 0 0 0
37 0 0 0 2
38 0 1 0 0
39 1 0 0 1
40 0 0 0 0
41 1 0 1 1
42 0 1 0 1
43 0 1 0 0
44 1 0 1 0
45 0 1 0 1
46 0 1 0 0
47 1 0 0 1
48 1 0 0 1
49 1 0 0 1
50 1 0 0 1
51 0 0 0 0
52 0 0 0 1
53 0 2 0 0
54 1 0 0 0
55 1 0 0 0
56 2 1 0 0
57 1 0 0 0
58 0 0 1 1
59 4 1 0 0
60 1 0 0 2
61 2 0 1 0
62 1 1 0 0
63 1 1 0 1
64 1 1 1 0
65 0 1 1 2
66 0 0 0 0
67 0 0 0 0
68 1 1 3 1
69 0 0 1 3
70 1 1 1 1
71 0 1 0 1
72 0 0 0 2
73 2 0 1 0
74 1 0 0 0
75 1 1 0 2
76 0 0 0 1
77 3 0 0 3
78 1 0 2 1
79 0 0 1 0
80 2 1 0 1
81 1 0 0 0
82 2 0 0 2
83 0 0 0 1
84 3 0 0 1
85 4 1 0 0
86 0 0 3 0
87 3 1 1 0
88 2 0 0 0
89 4 2 1 1
90 2 2 0 2
91 2 1 1 1
92 3 1 1 0
93 1 1 0 1
94 2 1 1 3
95 0 2 0 0
96 0 1 2 4
97 0 1 1 2
98 2 2 2 3
99 0 2 1 1
100 0 1 0 1
101 2 1 1 3
102 1 0 0 3
103 2 1 0 5
104 1 0 0 2
105 1 0 0 2
106 3 0 0 0
107 3 1 0 1
108 3 0 0 1
109 7 0 1 0
110 2 1 1 0
111 7 2 2 0
112 6 1 1 0
113 4 2 0 0
114 3 3 1 3
115 8 0 1 2
116 6 1 5 3
117 3 2 1 2
118 2 3 3 4
119 3 2 3 0
120 3 7 3 5
121 4 5 1 5
122 2 3 0 4
123 3 0 1 3
124 2 2 0 8
125 5 5 1 6
126 6 1 2 5
127 3 1 0 4
128 8 3 3 4
129 4 1 1 4
130 5 2 2 4
131 4 6 0 2
132 7 1 1 3
133 10 2 4 0
134 3 4 2 1
135 4 4 2 7
136 9 3 3 4
137 10 3 3 6
138 6 3 3 4
139 6 3 0 5
140 8 0 0 7
141 6 3 4 7
142 8 5 5 5
143 8 1 2 3
144 4 5 3 4
145 6 8 1 4
146 7 5 4 7
147 6 2 5 6
148 6 6 1 6
149 5 2 4 9
150 7 4 1 7
151 7 5 3 10
152 8 5 3 4
153 8 3 1 5
154 15 3 1 6
155 11 5 3 10
156 5 3 3 9
157 15 3 1 4
158 5 5 2 4
159 9 7 5 9
160 10 4 8 5
161 12 6 3 5
162 12 10 5 5
163 14 7 3 9
164 7 5 1 10
165 10 5 3 11
166 13 5 3 13
167 6 3 6 6
168 8 10 6 8
169 11 5 3 12
170 6 10 4 10
171 7 9 4 4
172 6 7 0 13
173 5 4 3 7
174 9 3 5 13
175 10 8 3 16
176 10 5 2 12
177 11 7 0 11
178 8 4 3 8
179 10 5 0 8
180 15 5 3 7
181 11 6 5 6
182 10 8 5 11
183 11 4 7 4
184 16 3 5 7
185 15 8 4 8
186 18 3 3 11
187 10 4 3 10
188 15 8 4 11
189 21 7 8 19
190 17 11 6 5
191 14 11 4 6
192 15 3 5 9
193 9 11 4 10
194 19 13 5 9
195 9 11 6 15
196 15 7 3 13
197 16 6 3 14
198 15 10 10 14
199 18 11 7 16
200 9 8 3 14
201 11 13 6 15
202 7 9 2 14
203 11 16 5 16
204 9 13 2 12
205 11 6 6 22
206 10 7 9 13
207 11 5 3 16
208 9 5 9 18
209 10 3 7 11
210 9 5 2 21
211 11 8 2 7
212 16 8 3 12
213 8 6 4 9
214 13 7 4 12
215 15 4 4 8
216 6 7 4 9
217 9 9 4 8
218 11 4 2 11
219 10 5 4 14
220 9 8 5 9
221 7 7 4 16
222 5 11 4 5
223 5 6 4 12
224 6 5 8 13
225 7 3 3 10
226 7 5 2 16
227 8 5 4 10
228 7 1 4 8
229 5 3 5 8
230 4 6 1 7
231 2 3 2 12
232 5 6 2 4
233 7 6 2 7
234 3 4 1 10
235 5 3 4 7
236 5 2 2 11
237 8 3 3 9
238 3 3 1 2
239 5 1 1 5
240 7 1 1 4
241 5 3 2 8
242 4 4 2 7
243 2 3 1 4
244 2 5 2 4
245 1 5 1 2
246 1 5 4 3
247 4 2 2 0
248 4 2 2 9
249 4 3 1 6
250 3 0 3 7
251 0 1 0 4
252 2 2 2 4
253 1 2 1 7
254 0 2 1 3
255 1 2 1 3
256 2 1 0 3
257 3 0 3 4
258 3 2 0 2
259 1 1 0 3
260 1 1 0 3
261 0 1 0 3
262 1 1 1 3
263 0 2 0 1
264 1 0 0 2
265 0 2 1 2
266 1 0 1 1
267 0 1 0 3
268 0 1 0 0
269 2 0 0 2
270 2 0 0 1
271 3 1 0 0
272 1 0 1 2
273 1 1 0 0
274 0 0 2 1
275 0 1 0 2
276 0 0 0 1
277 1 0 1 0
278 0 1 0 2
279 1 0 0 1
280 2 2 1 1
281 0 1 0 0
282 0 1 0 0
283 0 0 0 0
284 0 0 0 3
285 0 0 0 2
286 0 0 0 1
287 0 0 1 1
288 0 0 1 0
289 0 1 0 0
290 0 0 0 0
291 0 0 0 1
292 0 0 0 1
293 1 0 0 0
294 0 0 0 0
295 1 0 0 0
296 0 0 0 1
297 0 0 0 0
298 0 0 0 0
299 1 0 0 0
300 0 1 0 0
301 0 0 0 0
302 1 0 1 0
303 0 0 0 0
304 0 0 0 1
305 0 0 0 0
306 0 0 0 0
307 0 0 0 0
308 0 1 0 0
309 0 0 0 1
310 0 0 0 0
311 0 1 0 0
312 0 0 0 1
313 0 0 0 0
314 0 0 0 0
315 0 0 0 0
316 0 0 0 0
317 0 0 0 0
318 0 0 0 1
319 0 0 0 0
320 0 0 0 0
321 0 0 0 0
322 0 0 0 0
323 0 0 0 0
324 0 0 0 0
325 0 0 0 0
326 0 0 0 0
327 0 0 0 0
328 0 0 0 0
329 0 0 0 0
330 0 0 0 0
331 0 0 0 0
332 0 0 0 0
333 0 0 0 0
334 0 0 0 0
335 0 0 0 0
336 0 0 0 0
337 0 0 0 0
338 0 0 0 0
339 0 0 0 0
340 0 0 0 0
341 0 0 0 0
342 0 0 0 0
343 0 0 0 0
344 0 0 0 0
345 0 0 0 0
346 0 0 0 0
347 0 0 0 0
348 0 0 0 0
349 0 0 0 0
350 0 0 0 0
351 0 0 0 0
352 0 0 0 0
353 0 0 0 0
354 0 0 0 0
355 0 0 0 0
356 0 0 0 0
357 0 0 0 0
358 0 0 0 0
359 0 0 0 0
360 0 0 0 0
361 0 0 0 0
362 0 0 0 0
363 0 0 0 0
364 0 0 0 0
365 0 0 0 0
366 0 0 0 0
367 0 0 0 0
368 0 0 0 0
369 0 0 0 0
370 0 0 0 0
371 0 0 0 0
372 0 0 0 0
373 0 0 0 0
374 0 0 0 0
375 0 0 0 0
376 0 0 0 0
377 0 0 0 0
378 0 0 0 0
379 0 0 0 0
380 0 0 0 0
381 0 0 0 0
382 0 0 0 0
383 0 0 0 0
384 0 0 0 0
385 0 0 0 0
386 0 0 0 0
387 0 0 0 0
388 0 0 0 0
389 0 0 0 0
390 0 0 0 0
391 0 0 0 0
392 0 0 0 0
393 0 0 0 0
394 0 0 0 0
395 0 0 0 0
396 0 0 0 0
397 0 0 0 0
398 0 0 0 0
399 0 0 0 0
400 0 0 0 0
401 0 0 0 0
402 0 0 0 0
403 0 0 0 0
404 0 0 0 0
405 0 0 0 0
406 0 0 0 0
407 0 0 0 0
408 0 0 0 0
409 0 0 0 0
410 0 0 0 0
411 0 0 0 0
412 0 0 0 0
413 0 0 0 0
414 0 0 0 0
415 0 0 0 0
416 0 0 0 0
417 0 0 0 0
418 0 0 0 0
419 0 0 0 0
420 0 0 0 0
421 0 0 0 0
422 0 0 0 0
423 0 0 0 0
424 0 0 0 0
425 0 0 0 0
426 0 0 0 0
427 0 0 0 0
428 0 0 0 0
429 0 0 0 0
430 0 0 0 0
431 0 0 0 0
432 0 0 0 0
433 0 0 0 0
434 0 0 0 0
435 0 0 0 0
436 0 0 0 0
437 0 0 0 0
438 0 0 0 0
439 0 0 0 0
440 0 0 0 0
441 0 0 0 0
442 0 0 0 0
443 0 0 0 0
444 0 0 0 0
445 0 0 0 0
446 0 0 0 0
447 0 0 0 0
448 0 0 0 0
449 0 0 0 0
450 0 0 0 0
451 0 0 0 0
452 0 0 0 0
453 0 0 0 0
454 0 0 0 0
455 0 0 0 0
456 0 0 0 0
457 0 0 0 0
458 0 0 0 0
459 0 0 0 0
460 0 0 0 0
461 0 0 0 0
462 0 0 0 0
463 0 0 0 0
464 0 0 0 0
465 0 0 0 0
466 0 0 0 0
467 0 0 0 0
468 0 0 0 0
469 0 0 0 0
470 0 0 0 0
471 0 0 0 0
472 0 0 0 0
473 0 0 0 0
474 0 0 0 0
475 0 0 0 0
476 0 0 0 0
477 0 0 0 0
478 0 0 0 0
479 0 0 0 0
480 0 0 0 0
481 0 0 0 0
482 0 0 0 0
483 0 0 0 0
484 0 0 0 0
485 0 0 0 0
486 0 0 0 0
487 0 0 0 0
488 0 0 0 0
489 0 0 0 0
490 0 0 0 0
491 0 0 0 0
492 0 0 0 0
493 0 0 0 0
494 0 0 0 0
495 0 0 0 0
496 0 0 0 0
497 0 0 0 0
498 0 0 0 0
499 0 0 0 0
500 0 0 0 0
501 0 0 0 0
502 0 0 0 0
503 0 0 0 0
504 0 0 0 0
505 0 0 0 0
506 0 0 0 0
507 0 0 0 0
508 0 0 0 0
509 0 0 0 0
510 0 0 0 0
511 0 0 0 0
512 0 0 0 0
513 0 0 0 0
514 0 0 0 0
515 0 0 0 0
516 0 0 0 0
517 0 0 0 0
518 0 0 0 0
519 0 0 0 0
520 0 0 0 0
521 0 0 0 0
522 0 0 0 0
523 0 0 0 0
524 0 0 0 0
525 0 0 0 0
526 0 0 0 0
527 0 0 0 0
528 0 0 0 0
529 0 0 0 0
530 0 0 0 0
531 0 0 0 0
532 0 0 0 0
533 0 0 0 0
534 0 0 0 0
535 0 0 0 0
536 0 0 0 0
537 0 0 0 0
538 0 0 0 0
539 0 0 0 0
540 0 0 0 0
541 0 0 0 0
542 0 0 0 0
543 0 0 0 0
544 0 0 0 0
545 0 0 0 0
546 0 0 0 0
547 0 0 0 0
548 0 0 0 0
549 0 0 0 0
550 0 0 0 0
551 0 0 0 0
552 0 0 0 0
553 0 0 0 0
554 0 0 0 0
555 0 0 0 0
556 0 0 0 0
557 0 0 0 0
558 0 0 0 0
559 0 0 0 0
560 0 0 0 0
561 0 0 0 0
562 0 0 0 0
563 0 0 0 0
564 0 0 0 0
565 0 0 0 0
566 0 0 0 0
567 0 0 0 0
568 0 0 0 0
569 0 0 0 0
570 0 0 0 0
571 0 0 0 0
572 0 0 0 0
573 0 0 0 0
574 0 0 0 0
575 0 0 0 0
576 0 0 0 0
577 0 0 0 0
578 0 0 0 0
579 0 0 0 0
580 0 0 0 0
581 0 0 0 0
582 0 0 0 0
583 0 0 0 0
584 0 0 0 0
585 0 0 0 0
586 0 0 0 0
587 0 0 0 0
588 0 0 0 0
589 0 0 0 0
590 0 0 0 0
591 0 0 0 0
592 0 0 0 0
593 0 0 0 0
594 0 0 0 0
595 0 0 0 0
596 0 0 0 0
597 0 0 0 0
598 0 0 0 0
599 0 0 0 0
600 0 0 0 0
601 0 0 0 0
602 0 0 0 0
603 0 0 0 0
604 0 0 0 0
605 0 0 0 0
606 0 0 0 0
607 0 0 0 0
608 0 0 0 0
609 0 0 0 0
610 0 0 0 0
611 0 0 0 0
612 0 0 0 0
613 0 0 0 0
614 0 0 0 0
615 0 0 0 0
616 0 0 0 0
617 0 0 0 0
618 0 0 0 0
619 0 0 0 0
620 0 0 0 0
621 0 0 0 0
622 0 0 0 0
623 0 0 0 0
624 0 0 0 0
625 0 0 0 0
626 0 0 0 0
627 0 0 0 0
628 0 0 0 0
629 0 0 0 0
630 0 0 0 0
631 0 0 0 0
632 0 0 0 0
633 0 0 0 0
634 0 0 0 0
635 0 0 0 0
636 0 0 0 0
637 0 0 0 0
638 0 0 0 0
639 0 0 0 0
640 0 0 0 0
641 0 0 0 0
642 0 0 0 0
643 0 0 0 0
644 0 0 0 0
645 0 0 0 0
646 0 0 0 0
647 0 0 0 0
648 0 0 0 0
649 0 0 0 0
650 0 0 0 0
651 0 0 0 0
652 0 0 0 0
653 0 0 0 0
654 0 0 0 0
655 0 0 0 0
656 0 0 0 0
657 0 0 0 0
658 0 0 0 0
659 0 0 0 0
660 0 0 0 0
661 0 0 0 0
662 0 0 0 0
663 0 0 0 0
664 0 0 0 0
665 0 0 0 0
666 0 0 0 0
667 0 0 0 0
668 0 0 0 0
669 0 0 0 0
670 0 0 0 0
671 0 0 0 0
672 0 0 0 0
673 0 0 0 0
674 0 0 0 0
675 0 0 0 0
676 0 0 0 0
677 0 0 0 0
678 0 0 0 0
679 0 0 0 0
680 0 0 0 0
681 0 0 0 0
682 0 0 0 0
683 0 0 0 0
684 0 0 0 0
685 0 0 0 0
686 0 0 0 0
687 0 0 0 0
688 0 0 0 0
689 0 0 0 0
690 0 0 0 0
691 0 0 0 0
692 0 0 0 0
693 0 0 0 0
694 0 0 0 0
695 0 0 0 0
696 0 0 0 0
697 0 0 0 0
698 0 0 0 0
699 0 0 0 0
700 0 0 0 0
701 0 0 0 0
702 0 0 0 0
703 0 0 0 0
704 0 0 0 0
705 0 0 0 0
706 0 0 0 0
707 0 0 0 0
708 0 0 0 0
709 0 0 0 0
710 0 0 0 0
711 0 0 0 0
712 0 0 0 0
713 0 0 0 0
714 0 0 0 0
715 0 0 0 0
716 0 0 0 0
717 0 0 0 0
718 0 0 0 0
719 0 0 0 0
720 0 0 0 0
721 0 0 0 0
722 0 0 0 0
723 0 0 0 0
724 0 0 0 0
725 0 0 0 0
726 0 0 0 0
727 0 0 0 0
