0 0 0 0 0
1 0 0 0 0
2 0 0 0 0
3 0 0 0 0
4 0 0 0 0
5 0 0 0 0
6 0 0 0 0
7 0 0 0 0
8 0 0 0 0
9 0 3 2 0
10 0 0 0 0
11 0 0 0 0
12 0 0 0 0
13 0 0 0 5
14 0 0 0 0
15 0 0 0 0
16 0 0 0 0
17 0 0 0 0
18 0 0 0 0
19 0 0 0 0
20 0 0 0 0
21 1 0 0 0
22 0 0 0 0
23 0 0 0 0
24 0 0 0 0
25 0 0 0 0
26 1 1 0 0
27 0 0 0 0
28 0 0 0 0
29 1 0 0 0
30 0 0 0 0
31 0 1 0 0
32 1 0 0 0
33 1 0 0 1
34 0 1 0 0
35 0 0 0 0
36 0 0 0 0
37 1 0 0 0
38 1 1 0 1
39 1 0 0 0
40 0 0 0 0
41 0 1 0 1
42 0 0 1 1
43 0 0 1 0
44 2 1 0 0
45 0 0 0 1
46 0 0 0 0
47 1 0 0 0
48 0 0 0 1
49 2 0 0 1
50 0 1 0 1
51 3 0 0 0
52 2 0 0 0
53 1 1 0 0
54 1 0 1 0
55 2 0 0 0
56 2 1 2 0
57 3 1 0 1
58 3 2 1 1
59 0 0 1 0
60 2 1 0 3
61 1 1 2 1
62 2 1 1 1
63 1 2 0 1
64 1 1 0 0
65 1 0 0 3
66 3 1 1 3
67 1 0 2 1
68 0 0 0 2
69 0 2 0 1
70 1 0 0 3
71 2 2 2 2
72 5 0 2 0
73 1 0 1 1
74 4 1 0 1
75 3 1 0 1
76 4 2 0 3
77 3 1 2 0
78 3 1 0 4
79 1 3 0 1
80 2 1 1 2
81 3 2 1 0
82 2 0 0 1
83 2 2 2 2
84 3 2 0 4
85 1 3 0 1
86 2 1 3 2
87 1 2 0 3
88 1 1 0 5
89 5 3 1 1
90 4 3 0 4
91 5 2 0 1
92 1 0 1 2
93 4 1 1 4
94 3 1 2 1
95 4 3 1 3
96 2 1 1 2
97 3 0 0 3
98 4 3 1 2
99 8 2 1 1
100 4 2 3 1
101 4 1 1 2
102 6 1 2 6
103 2 3 1 4
104 4 3 2 3
105 4 2 1 3
106 6 3 1 2
107 3 1 5 4
108 7 5 2 2
109 11 5 0 5
110 8 2 1 4
111 4 3 4 8
112 5 1 1 3
113 6 4 3 5
114 7 4 8 4
115 4 3 4 6
116 2 2 1 3
117 7 0 2 2
118 4 4 4 7
119 10 3 2 7
120 5 3 1 8
121 7 3 2 9
122 5 3 2 9
123 3 6 1 4
124 7 2 2 4
125 6 1 2 3
126 7 6 3 5
127 13 1 1 5
128 6 6 3 4
129 14 4 3 4
130 5 4 1 11
131 5 4 3 2
132 7 9 4 4
133 8 5 0 7
134 6 1 4 5
135 9 6 2 11
136 5 3 0 7
137 8 7 1 3
138 11 8 5 5
139 9 2 2 13
140 20 7 1 6
141 9 1 3 9
142 12 5 4 7
143 9 6 2 6
144 10 5 6 5
145 10 9 6 10
146 9 8 2 5
147 10 11 3 10
148 8 4 3 10
149 11 7 7 13
150 7 3 3 7
151 10 2 3 11
152 8 3 6 12
153 8 6 2 14
154 16 11 2 9
155 11 12 1 5
156 12 7 2 11
157 12 5 4 11
158 10 7 4 8
159 14 8 4 7
160 16 11 2 7
161 17 4 1 10
162 19 6 2 15
163 6 7 5 11
164 15 12 4 12
165 14 9 9 4
166 14 9 7 10
167 14 10 7 11
168 6 3 4 11
169 19 7 11 16
170 11 5 2 18
171 18 7 5 17
172 17 7 6 12
173 15 3 6 16
174 15 8 17 12
175 14 8 7 10
176 11 6 7 12
177 23 6 7 9
178 20 11 5 19
179 18 6 6 15
180 15 11 4 12
181 12 9 4 19
182 14 15 8 17
183 15 15 5 10
184 11 8 7 12
185 18 8 4 10
186 14 2 8 20
187 18 11 8 20
188 17 10 11 13
189 15 10 5 19
190 17 8 6 14
191 14 6 6 19
192 29 7 6 19
193 21 10 4 11
194 27 11 7 16
195 20 9 5 15
196 17 12 6 12
197 31 15 8 12
198 17 14 7 15
199 19 14 7 21
200 20 10 6 20
201 23 8 8 22
202 16 11 13 11
203 14 18 6 16
204 18 12 8 21
205 12 14 6 21
206 14 15 7 22
207 17 11 7 16
208 14 12 9 15
209 11 13 10 23
210 14 12 5 21
211 10 6 4 23
212 11 6 6 20
213 6 9 8 28
214 11 5 7 14
215 10 10 5 13
216 5 10 8 15
217 13 8 4 16
218 12 8 3 12
219 8 7 6 13
220 5 6 2 16
221 7 4 3 14
222 6 6 7 19
223 9 5 5 13
224 9 4 5 10
225 11 0 6 5
226 4 4 4 14
227 5 5 3 8
228 9 4 5 6
229 4 7 3 11
230 9 8 2 9
231 4 2 3 10
232 4 2 3 7
233 5 4 1 14
234 5 4 1 9
235 1 3 5 6
236 4 0 4 4
237 9 4 4 5
238 1 6 0 5
239 4 2 5 9
240 2 0 2 4
241 1 0 2 6
242 5 6 1 6
243 2 0 2 6
244 4 2 1 7
245 4 2 2 6
246 0 3 2 7
247 4 4 0 1
248 3 2 2 1
249 6 3 0 7
250 5 1 0 5
251 6 1 0 5
252 4 2 0 1
253 4 2 1 5
254 4 4 2 3
255 5 1 1 3
256 3 3 3 1
257 3 3 2 2
258 2 3 2 3
259 3 6 0 4
260 2 2 3 4
261 0 2 2 4
262 1 1 1 2
263 1 1 1 5
264 1 4 1 8
265 1 2 1 6
266 4 0 1 2
267 3 1 1 4
268 1 2 0 5
269 2 1 1 4
270 1 0 1 1
271 2 1 1 3
272 1 2 0 1
273 0 0 0 1
274 0 2 0 1
275 1 2 0 3
276 3 1 2 3
277 2 1 1 0
278 1 0 0 2
279 1 0 1 2
280 1 0 0 1
281 0 3 0 2
282 3 0 1 0
283 0 1 0 3
284 3 0 1 1
285 1 0 0 3
286 1 1 0 0
287 1 0 0 0
288 0 0 1 0
289 0 0 2 1
290 1 1 0 2
291 0 0 3 1
292 1 0 0 0
293 0 2 1 2
294 0 0 0 1
295 0 0 0 4
296 0 0 1 0
297 0 0 0 3
298 0 0 1 0
299 3 1 0 0
300 1 0 0 1
301 1 0 0 0
302 1 0 0 1
303 1 0 0 1
304 0 0 0 0
305 1 0 0 0
306 1 1 0 0
307 1 0 0 0
308 1 1 3 0
309 0 0 1 0
310 1 0 0 1
311 0 1 1 0
312 0 0 0 1
313 0 0 0 1
314 0 1 0 0
315 0 0 0 4
316 0 1 0 0
317 0 1 0 0
318 0 0 0 2
319 1 0 1 0
320 1 0 0 0
321 0 0 0 0
322 0 0 0 0
323 0 0 0 2
324 0 0 0 1
325 0 0 1 0
326 0 0 0 0
327 0 0 0 0
328 0 0 1 0
329 1 0 0 0
330 0 0 0 0
331 1 0 0 0
332 0 0 0 1
333 0 0 0 0
334 0 0 1 0
335 0 0 0 1
336 0 0 0 0
337 0 0 0 0
338 0 0 0 1
339 0 0 0 0
340 0 1 0 0
341 0 0 0 0
342 0 0 0 0
343 0 0 0 0
344 0 0 0 0
345 0 0 0 0
346 0 0 0 0
347 0 0 0 1
348 0 0 0 0
349 0 0 0 0
350 1 0 0 0
351 0 0 0 0
352 0 0 0 0
353 1 0 0 0
354 0 0 0 0
355 0 0 0 0
356 0 0 0 0
357 0 0 0 0
358 1 0 0 0
359 1 1 0 0
360 0 0 0 0
361 1 0 0 0
362 0 1 0 0
363 0 1 0 0
364 0 1 0 0
365 0 0 0 0
366 0 0 0 2
367 0 0 0 1
368 0 0 0 0
369 0 0 0 0
370 0 0 1 0
371 0 0 0 1
372 1 0 0 0
373 0 0 0 0
374 0 0 0 0
375 1 0 0 0
376 0 0 0 0
377 0 1 0 1
378 0 0 0 0
379 0 0 0 0
380 0 1 0 0
381 0 0 0 1
382 1 0 0 0
383 0 0 0 0
384 0 0 0 0
385 0 0 0 0
386 0 0 0 0
387 0 0 0 1
388 0 0 0 0
389 0 0 0 0
390 1 0 0 0
391 0 0 1 0
392 2 0 0 0
393 0 0 0 0
394 0 0 0 0
395 0 1 0 0
396 1 0 0 0
397 0 1 0 0
398 2 0 0 1
399 1 0 0 1
400 0 0 0 0
401 0 0 2 0
402 0 0 0 0
403 0 1 0 0
404 1 0 0 1
405 1 0 0 0
406 0 0 0 0
407 0 1 0 0
408 0 1 0 2
409 0 1 0 0
410 0 0 0 1
411 0 0 0 0
412 0 0 0 1
413 0 0 0 0
414 0 0 1 1
415 0 0 0 0
416 0 0 0 1
417 0 0 0 0
418 1 0 0 0
419 1 0 0 0
420 1 0 0 0
421 1 0 0 1
422 1 0 0 0
423 0 0 0 0
424 0 1 0 0
425 0 0 1 0
426 0 1 0 0
427 1 2 0 0
428 1 0 0 0
429 0 0 0 0
430 1 0 0 0
431 1 0 0 2
432 0 0 1 1
433 2 0 0 1
434 1 0 0 1
435 0 0 0 0
436 1 0 1 0
437 0 1 0 0
438 0 1 0 0
439 0 1 0 1
440 0 0 0 0
441 2 0 0 1
442 0 0 1 0
443 1 0 1 2
444 1 0 0 0
445 1 1 0 1
446 0 1 0 0
447 0 0 0 0
448 0 0 0 0
449 3 0 0 1
450 1 1 0 1
451 2 0 0 0
452 0 0 1 1
453 3 1 0 1
454 1 0 1 1
455 2 0 0 0
456 0 1 0 0
457 0 0 0 0
458 0 1 4 1
459 0 2 0 1
460 0 1 1 2
461 0 0 0 0
462 0 1 0 4
463 0 0 0 1
464 1 1 0 1
465 0 0 0 1
466 1 0 0 2
467 1 0 0 1
468 1 0 0 0
469 1 1 0 0
470 3 0 0 0
471 2 0 0 1
472 0 0 2 0
473 1 1 0 1
474 2 0 0 0
475 0 1 0 0
476 2 2 0 2
477 1 0 0 1
478 2 0 2 0
479 0 1 2 0
480 0 1 0 2
481 1 1 0 0
482 0 0 1 1
483 1 0 1 2
484 0 0 0 1
485 1 1 0 3
486 3 0 0 1
487 1 1 0 0
488 1 0 2 0
489 0 0 0 1
490 2 0 1 1
491 3 1 0 0
492 3 0 0 2
493 0 0 1 0
494 1 0 0 1
495 3 3 1 1
496 3 2 1 0
497 1 0 2 2
498 3 0 0 1
499 2 1 0 2
500 2 3 0 2
501 1 2 0 2
502 0 1 0 2
503 0 2 0 1
504 2 1 1 1
505 1 2 1 1
506 2 0 0 1
507 1 1 0 3
508 1 0 1 2
509 0 0 1 3
510 7 1 0 1
511 2 0 0 1
512 3 0 1 1
513 4 2 0 1
514 3 0 1 2
515 2 3 1 1
516 3 0 1 0
517 4 2 0 0
518 3 1 1 1
519 3 5 2 5
520 4 1 1 3
521 4 3 2 1
522 2 2 2 1
523 2 2 0 5
524 3 0 2 1
525 2 2 1 3
526 2 3 3 4
527 3 2 2 3
528 2 0 2 3
529 4 1 2 4
530 4 0 1 4
531 4 3 0 4
532 2 3 1 2
533 2 2 0 6
534 5 1 2 2
535 2 2 0 1
536 6 2 1 1
537 7 1 1 2
538 9 0 2 4
539 6 2 1 5
540 7 3 1 4
541 7 3 0 2
542 12 3 4 0
543 9 2 5 2
544 4 1 2 4
545 5 3 3 4
546 7 1 2 5
547 6 9 3 7
548 4 6 4 3
549 7 2 4 7
550 9 8 0 5
551 5 7 2 6
552 4 3 4 10
553 5 5 0 3
554 5 4 2 9
555 8 4 2 7
556 6 1 6 6
557 1 3 3 7
558 9 4 2 5
559 5 4 2 5
560 6 7 2 9
561 4 1 2 9
562 5 2 1 7
563 4 4 3 7
564 9 3 2 6
565 3 3 3 4
566 9 3 0 5
567 5 5 2 9
568 4 2 2 4
569 3 5 2 4
570 2 4 0 6
571 5 4 3 6
572 5 1 2 6
573 10 5 1 4
574 4 1 2 0
575 4 1 2 6
576 1 3 3 6
577 2 5 2 10
578 4 6 2 4
579 1 2 2 3
580 2 2 2 3
581 2 3 0 4
582 3 1 2 5
583 2 4 2 4
584 0 3 0 6
585 1 0 1 8
586 1 2 0 7
587 2 1 1 5
588 2 0 1 2
589 8 0 1 0
590 3 1 1 5
591 3 0 1 3
592 2 1 1 1
593 2 1 0 1
594 1 5 0 1
595 0 3 2 2
596 1 1 1 0
597 2 1 2 1
598 2 4 1 5
599 2 1 0 5
600 1 2 0 2
601 2 0 0 1
602 0 0 2 4
603 2 0 1 1
604 0 1 0 5
605 0 1 1 3
606 0 0 1 1
607 1 1 0 1
608 0 0 2 0
609 3 0 0 3
610 3 2 0 0
611 1 0 0 2
612 4 0 0 2
613 0 0 0 1
614 2 2 1 0
615 2 1 1 0
616 2 0 1 0
617 1 2 1 2
618 0 0 0 2
619 0 1 1 2
620 1 1 0 1
621 0 1 0 2
622 0 0 0 0
623 0 1 0 1
624 0 1 1 3
625 0 2 0 0
626 1 0 1 1
627 2 0 0 0
628 0 0 0 2
629 1 1 0 1
630 2 0 0 1
631 1 1 0 1
632 1 1 1 1
633 0 0 0 1
634 0 0 0 0
635 0 2 0 1
636 0 0 1 2
637 0 0 0 0
638 0 1 0 0
639 1 0 0 3
640 0 0 0 1
641 0 1 0 0
642 0 0 0 0
643 0 0 0 0
644 0 0 1 0
645 0 0 0 2
646 0 0 0 0
647 0 0 0 0
648 0 0 0 1
649 0 0 0 0
650 0 0 0 0
651 0 0 0 0
652 0 0 0 0
653 0 0 0 0
654 0 0 0 0
655 0 0 0 0
656 0 0 0 0
657 0 0 0 0
658 0 0 0 0
659 0 0 0 0
660 0 0 0 0
661 1 0 0 0
662 0 0 0 0
663 0 0 0 0
664 0 0 0 0
665 1 0 0 0
666 0 0 1 0
667 1 0 0 0
668 0 0 0 0
669 0 0 0 0
670 0 1 0 1
671 0 0 0 0
672 0 1 0 0
673 0 0 0 0
674 0 0 0 0
675 0 0 0 0
676 0 0 0 1
677 0 0 0 1
678 0 0 0 0
679 0 0 0 0
680 0 0 0 0
681 0 0 0 0
682 0 0 0 0
683 0 0 0 0
684 0 0 0 0
685 0 0 0 0
686 1 0 0 0
687 0 0 0 0
688 0 0 0 0
689 0 0 0 0
690 0 0 0 0
691 0 1 0 0
692 0 0 0 0
693 0 0 0 0
694 0 0 0 0
695 0 0 0 1
696 0 0 0 0
697 0 0 0 0
698 0 0 0 0
699 0 0 0 0
700 0 0 0 0
701 0 0 0 0
702 0 0 0 0
703 0 0 0 0
704 0 0 0 0
705 0 0 0 0
706 0 0 0 0
707 0 0 0 0
708 0 0 0 0
709 0 0 0 0
710 0 0 0 0
711 0 0 0 0
712 0 0 0 0
713 0 0 0 0
714 0 0 0 0
715 0 0 0 0
716 0 0 0 0
717 0 0 0 0
718 0 0 0 0
719 0 0 0 0
720 0 0 0 0
721 0 0 0 0
722 0 0 0 0
723 0 0 0 0
724 0 0 0 0
725 0 0 0 0
726 0 0 0 0
727 0 0 0 0
