0 0 0 0 0
1 0 0 0 0
2 0 0 0 0
3 0 0 0 0
4 0 0 0 0
5 0 1 3 0
6 0 0 0 0
7 0 0 0 0
8 0 0 0 0
9 0 1 0 2
10 0 0 0 0
11 0 0 0 1
12 0 0 0 1
13 0 0 0 0
14 0 0 0 0
15 0 0 0 0
16 0 0 0 1
17 0 0 0 0
18 0 0 0 0
19 1 0 0 0
20 1 0 0 0
21 0 0 0 0
22 1 0 0 0
23 0 0 0 0
24 2 0 0 0
25 1 0 0 0
26 0 0 0 0
27 0 0 1 0
28 0 0 1 0
29 0 0 1 0
30 0 1 0 0
31 0 0 0 0
32 0 0 0 0
33 1 1 1 1
34 1 0 0 1
35 1 0 0 1
36 0 0 0 0
37 0 0 0 2
38 0 0 0 0
39 0 1 0 0
40 0 0 0 1
41 0 0 0 0
42 0 0 1 0
43 0 0 0 1
44 0 1 0 0
45 0 0 0 0
46 0 0 0 0
47 0 0 0 1
48 0 0 0 1
49 1 0 0 0
50 1 0 0 0
51 1 0 0 0
52 0 0 0 0
53 2 0 0 0
54 0 1 0 0
55 1 1 0 0
56 2 0 0 0
57 2 0 0 0
58 1 2 0 0
59 0 0 0 0
60 0 2 0 0
61 4 0 1 1
62 0 1 0 2
63 0 0 1 0
64 0 0 0 1
65 1 0 1 2
66 3 3 1 1
67 1 0 0 1
68 1 0 0 0
69 1 0 0 1
70 1 1 1 5
71 2 0 1 0
72 1 0 0 0
73 3 1 0 0
74 0 0 0 1
75 0 2 1 0
76 0 0 1 0
77 2 0 2 1
78 0 2 0 1
79 0 0 0 0
80 0 1 0 2
81 0 0 0 1
82 0 1 1 2
83 1 0 0 1
84 3 0 0 1
85 1 0 0 2
86 1 1 1 2
87 2 0 0 1
88 2 1 0 0
89 1 0 1 0
90 0 0 0 0
91 1 0 1 0
92 3 2 0 1
93 0 2 1 2
94 3 1 0 0
95 2 0 0 0
96 1 1 1 2
97 0 3 0 2
98 1 1 0 1
99 0 2 0 1
100 2 0 0 2
101 1 1 0 3
102 3 0 0 0
103 0 1 0 1
104 3 2 0 1
105 3 1 1 2
106 4 0 1 2
107 4 2 0 0
108 3 0 0 0
109 7 1 1 2
110 3 1 2 2
111 3 1 2 2
112 4 1 1 0
113 3 3 0 1
114 3 3 1 3
115 4 1 4 2
116 6 1 1 2
117 6 4 0 4
118 3 2 1 3
119 2 2 1 4
120 2 1 5 3
121 2 2 1 6
122 6 2 0 4
123 5 3 2 2
124 3 2 1 5
125 1 3 2 3
126 2 4 1 1
127 5 2 3 4
128 1 1 2 3
129 5 1 1 6
130 6 2 0 5
131 3 1 1 3
132 10 1 5 2
133 7 1 1 4
134 9 3 0 5
135 4 0 3 3
136 10 2 2 4
137 7 4 1 0
138 8 7 2 3
139 6 6 3 4
140 9 3 1 5
141 10 6 7 1
142 5 2 2 5
143 4 7 4 6
144 9 1 3 7
145 3 3 5 13
146 9 4 2 6
147 9 4 1 7
148 8 5 2 5
149 9 6 2 9
150 8 7 1 9
151 6 2 2 5
152 6 4 1 9
153 10 3 5 10
154 7 11 1 8
155 14 8 3 4
156 10 5 1 3
157 13 2 2 8
158 10 5 3 7
159 9 9 0 9
160 9 5 3 7
161 12 6 5 7
162 7 6 7 9
163 9 4 5 10
164 10 8 7 6
165 10 9 4 9
166 11 3 6 4
167 13 2 2 9
168 9 7 2 14
169 8 6 1 17
170 10 6 6 5
171 11 8 3 7
172 15 5 8 12
173 4 7 3 13
174 15 5 2 8
175 14 4 4 11
176 16 3 4 9
177 14 5 7 11
178 21 1 6 7
179 16 12 5 9
180 16 10 5 8
181 18 8 7 13
182 19 6 4 7
183 13 12 7 18
184 16 8 6 12
185 20 10 9 11
186 15 8 6 9
187 16 11 10 13
188 17 12 5 14
189 8 6 7 15
190 16 8 7 20
191 20 10 6 18
192 16 6 5 23
193 10 12 6 18
194 22 7 9 19
195 16 8 5 12
196 20 7 13 9
197 15 12 6 11
198 15 6 3 20
199 17 20 7 13
200 16 10 7 20
201 16 7 6 18
202 18 9 4 12
203 16 11 5 24
204 9 12 5 16
205 11 12 11 10
206 10 7 7 14
207 8 7 4 17
208 16 14 5 12
209 18 3 7 23
210 7 9 7 11
211 12 9 7 18
212 9 5 8 20
213 11 9 2 15
214 9 7 5 12
215 18 4 4 16
216 14 3 6 9
217 9 5 8 16
218 8 10 7 17
219 14 3 3 10
220 8 9 4 10
221 9 8 4 8
222 9 6 1 14
223 7 4 7 8
224 8 6 9 18
225 17 10 3 15
226 11 6 7 9
227 4 2 5 11
228 6 9 4 9
229 8 4 2 8
230 7 7 4 14
231 9 8 4 13
232 6 3 2 13
233 2 3 5 7
234 9 5 7 10
235 5 6 2 11
236 4 3 6 7
237 10 4 3 9
238 6 2 1 9
239 5 2 5 7
240 8 3 2 11
241 5 3 2 12
242 7 3 5 4
243 5 5 3 7
244 5 1 1 7
245 7 3 1 4
246 6 3 3 5
247 2 5 3 6
248 2 5 2 4
249 6 6 2 8
250 3 6 1 7
251 1 3 4 5
252 4 3 1 5
253 4 0 2 7
254 5 3 1 5
255 5 3 0 8
256 5 0 1 7
257 1 2 4 6
258 2 2 5 6
259 2 1 4 1
260 1 3 1 1
261 2 1 0 4
262 0 0 1 8
263 2 4 0 3
264 3 4 0 5
265 4 2 0 4
266 4 1 1 2
267 2 0 0 3
268 4 1 1 2
269 2 4 0 2
270 1 3 1 4
271 1 1 1 2
272 3 2 1 2
273 2 0 1 2
274 2 0 1 1
275 3 1 1 1
276 2 2 0 4
277 0 3 3 3
278 0 1 1 3
279 0 2 0 1
280 1 1 0 2
281 2 1 0 3
282 1 0 1 3
283 1 1 0 3
284 1 2 0 4
285 3 0 1 1
286 2 1 1 0
287 2 0 0 1
288 2 1 0 1
289 2 2 0 1
290 2 0 2 1
291 0 0 2 2
292 1 1 0 1
293 1 0 0 4
294 2 1 0 1
295 1 1 2 2
296 0 0 1 1
297 0 2 1 1
298 0 2 0 0
299 1 3 0 1
300 0 0 0 1
301 0 0 0 3
302 0 0 0 4
303 0 0 0 2
304 0 1 1 0
305 1 0 0 1
306 0 0 0 1
307 0 0 0 0
308 1 0 0 1
309 0 0 0 0
310 1 1 0 0
311 0 0 0 1
312 0 0 0 0
313 0 1 0 0
314 0 0 0 1
315 0 0 0 0
316 0 0 0 0
317 0 0 0 1
318 0 0 0 0
319 0 1 0 0
320 1 0 0 0
321 0 0 0 0
322 0 0 0 0
323 1 0 0 0
324 0 0 0 0
325 0 0 1 0
326 0 0 0 1
327 0 0 0 0
328 0 1 0 0
329 0 0 0 1
330 0 0 0 0
331 0 0 0 0
332 2 0 0 1
333 0 0 0 0
334 0 0 0 0
335 0 0 0 0
336 1 0 0 0
337 0 1 1 0
338 1 0 0 0
339 0 0 0 0
340 0 0 0 0
341 0 0 1 0
342 0 0 0 0
343 0 0 1 0
344 0 0 0 2
345 0 0 0 0
346 0 0 0 0
347 0 0 0 0
348 0 0 0 1
349 0 0 0 0
350 0 0 0 1
351 0 0 0 0
352 1 0 0 0
353 0 0 0 0
354 0 0 0 0
355 0 0 0 0
356 1 0 0 0
357 1 1 0 0
358 0 0 0 0
359 0 0 0 0
360 1 0 0 0
361 0 1 0 1
362 0 0 0 0
363 0 0 0 0
364 0 0 0 0
365 0 0 0 1
366 0 0 1 0
367 0 0 0 0
368 0 0 0 0
369 0 0 1 0
370 0 0 0 1
371 1 0 0 0
372 0 0 0 0
373 1 0 0 0
374 0 0 0 0
375 0 0 0 0
376 0 0 0 1
377 0 0 0 0
378 0 1 0 0
379 0 0 0 0
380 1 1 0 0
381 0 0 0 0
382 0 0 0 0
383 1 0 0 0
384 0 0 0 1
385 1 0 0 1
386 0 0 0 0
387 0 0 0 0
388 0 1 0 0
389 0 1 0 0
390 0 0 0 0
391 0 0 0 0
392 0 0 0 0
393 0 0 0 1
394 0 0 1 0
395 0 0 0 1
396 0 0 0 0
397 1 0 0 0
398 0 0 0 0
399 0 0 0 0
400 0 0 0 0
401 0 0 0 1
402 0 0 0 0
403 0 0 0 0
404 0 0 0 0
405 0 0 0 0
406 0 1 0 0
407 0 0 0 0
408 0 0 0 0
409 0 0 0 0
410 1 0 0 1
411 1 0 0 0
412 0 0 0 0
413 0 0 0 0
414 0 0 0 0
415 0 0 0 0
416 0 0 1 0
417 0 0 0 0
418 0 0 0 0
419 0 1 0 0
420 0 0 0 1
421 0 0 0 0
422 0 0 0 0
423 0 0 0 0
424 0 0 0 0
425 0 0 0 0
426 0 0 0 1
427 0 0 0 0
428 0 0 0 0
429 1 0 0 0
430 0 0 0 0
431 1 0 0 0
432 1 0 0 0
433 0 0 0 0
434 0 1 0 0
435 0 0 0 0
436 0 0 0 0
437 0 0 0 0
438 0 0 0 0
439 0 0 0 0
440 0 1 0 0
441 0 0 1 1
442 0 0 0 0
443 0 0 0 0
444 0 0 0 0
445 0 0 0 1
446 0 0 0 0
447 0 0 0 1
448 0 0 0 0
449 0 0 0 0
450 0 0 0 0
451 0 0 0 0
452 0 0 0 0
453 0 0 0 0
454 0 0 0 0
455 0 0 0 0
456 0 0 0 0
457 0 0 0 0
458 0 0 0 0
459 0 0 0 0
460 0 0 0 0
461 0 0 0 0
462 0 0 0 0
463 0 0 0 0
464 0 0 0 0
465 0 0 0 0
466 0 0 0 0
467 0 0 0 0
468 0 0 0 0
469 0 0 0 0
470 0 0 0 0
471 0 0 0 0
472 0 0 0 0
473 0 0 0 0
474 0 0 0 0
475 0 0 0 0
476 0 0 0 0
477 0 0 0 0
478 0 0 0 0
479 0 0 0 0
480 0 0 0 0
481 0 0 0 0
482 0 0 0 0
483 0 0 0 0
484 0 0 0 0
485 0 0 0 0
486 0 0 0 0
487 0 0 0 0
488 0 0 0 0
489 0 0 0 0
490 0 0 0 0
491 0 0 0 0
492 0 0 0 0
493 0 0 0 0
494 0 0 0 0
495 0 0 0 0
496 0 0 0 0
497 0 0 0 0
498 0 0 0 0
499 0 0 0 0
500 0 0 0 0
501 0 0 0 0
502 0 0 0 0
503 0 0 0 0
504 0 0 0 0
505 0 0 0 0
506 0 0 0 0
507 0 0 0 0
508 0 0 0 0
509 0 0 0 0
510 0 0 0 0
511 0 0 0 0
512 0 0 0 0
513 0 0 0 0
514 0 0 0 0
515 0 0 0 0
516 0 0 0 0
517 0 0 0 0
518 0 0 0 0
519 0 0 0 0
520 0 0 0 0
521 0 0 0 0
522 0 0 0 0
523 0 0 0 0
524 0 0 0 0
525 0 0 0 0
526 0 0 0 0
527 0 0 0 0
528 0 0 0 0
529 0 0 0 0
530 0 0 0 0
531 0 0 0 0
532 0 0 0 0
533 0 0 0 0
534 0 0 0 0
535 0 0 0 0
536 0 0 0 0
537 0 0 0 0
538 0 0 0 0
539 0 0 0 0
540 0 0 0 0
541 0 0 0 0
542 0 0 0 0
543 0 0 0 0
544 0 0 0 0
545 0 0 0 0
546 0 0 0 0
547 0 0 0 0
548 0 0 0 0
549 0 0 0 0
550 0 0 0 0
551 0 0 0 0
552 0 0 0 0
553 0 0 0 0
554 0 0 0 0
555 0 0 0 0
556 0 0 0 0
557 0 0 0 0
558 0 0 0 0
559 0 0 0 0
560 0 0 0 0
561 0 0 0 0
562 0 0 0 0
563 0 0 0 0
564 0 0 0 0
565 0 0 0 0
566 0 0 0 0
567 0 0 0 0
568 0 0 0 0
569 0 0 0 0
570 0 0 0 0
571 0 0 0 0
572 0 0 0 0
573 0 0 0 0
574 0 0 0 0
575 0 0 0 0
576 0 0 0 0
577 0 0 0 0
578 0 0 0 0
579 0 0 0 0
580 0 0 0 0
581 0 0 0 0
582 0 0 0 0
583 0 0 0 0
584 0 0 0 0
585 0 0 0 0
586 0 0 0 0
587 0 0 0 0
588 0 0 0 0
589 0 0 0 0
590 0 0 0 0
591 0 0 0 0
592 0 0 0 0
593 0 0 0 0
594 0 0 0 0
595 0 0 0 0
596 0 0 0 0
597 0 0 0 0
598 0 0 0 0
599 0 0 0 0
600 0 0 0 0
601 0 0 0 0
602 0 0 0 0
603 0 0 0 0
604 0 0 0 0
605 0 0 0 0
606 0 0 0 0
607 0 0 0 0
608 0 0 0 0
609 0 0 0 0
610 0 0 0 0
611 0 0 0 0
612 0 0 0 0
613 0 0 0 0
614 0 0 0 0
615 0 0 0 0
616 0 0 0 0
617 0 0 0 0
618 0 0 0 0
619 0 0 0 0
620 0 0 0 0
621 0 0 0 0
622 0 0 0 0
623 0 0 0 0
624 0 0 0 0
625 0 0 0 0
626 0 0 0 0
627 0 0 0 0
628 0 0 0 0
629 0 0 0 0
630 0 0 0 0
631 0 0 0 0
632 0 0 0 0
633 0 0 0 0
634 0 0 0 0
635 0 0 0 0
636 0 0 0 0
637 0 0 0 0
638 0 0 0 0
639 0 0 0 0
640 0 0 0 0
641 0 0 0 0
642 0 0 0 0
643 0 0 0 0
644 0 0 0 0
645 0 0 0 0
646 0 0 0 0
647 0 0 0 0
648 0 0 0 0
649 0 0 0 0
650 0 0 0 0
651 0 0 0 0
652 0 0 0 0
653 0 0 0 0
654 0 0 0 0
655 0 0 0 0
656 0 0 0 0
657 0 0 0 0
658 0 0 0 0
659 0 0 0 0
660 0 0 0 0
661 0 0 0 0
662 0 0 0 0
663 0 0 0 0
664 0 0 0 0
665 0 0 0 0
666 0 0 0 0
667 0 0 0 0
668 0 0 0 0
669 0 0 0 0
670 0 0 0 0
671 0 0 0 0
672 0 0 0 0
673 0 0 0 0
674 0 0 0 0
675 0 0 0 0
676 0 0 0 0
677 0 0 0 0
678 0 0 0 0
679 0 0 0 0
680 0 0 0 0
681 0 0 0 0
682 0 0 0 0
683 0 0 0 0
684 0 0 0 0
685 0 0 0 0
686 0 0 0 0
687 0 0 0 0
688 0 0 0 0
689 0 0 0 0
690 0 0 0 0
691 0 0 0 0
692 0 0 0 0
693 0 0 0 0
694 0 0 0 0
695 0 0 0 0
696 0 0 0 0
697 0 0 0 0
698 0 0 0 0
699 0 0 0 0
700 0 0 0 0
701 0 0 0 0
702 0 0 0 0
703 0 0 0 0
704 0 0 0 0
705 0 0 0 0
706 0 0 0 0
707 0 0 0 0
708 0 0 0 0
709 0 0 0 0
710 0 0 0 0
711 0 0 0 0
712 0 0 0 0
713 0 0 0 0
714 0 0 0 0
715 0 0 0 0
716 0 0 0 0
717 0 0 0 0
718 0 0 0 0
719 0 0 0 0
720 0 0 0 0
721 0 0 0 0
722 0 0 0 0
723 0 0 0 0
724 0 0 0 0
725 0 0 0 0
726 0 0 0 0
727 0 0 0 0
