0 0 0 0 0
1 0 0 0 0
2 0 0 0 0
3 0 0 0 0
4 0 0 0 0
5 0 1 1 0
6 0 0 0 0
7 0 0 0 0
8 0 0 0 0
9 0 2 1 1
10 0 0 0 0
11 0 0 0 0
12 0 0 0 1
13 0 0 0 3
14 0 0 0 0
15 0 0 0 0
16 2 0 0 0
17 2 0 0 0
18 1 0 0 0
19 1 0 0 0
20 1 0 0 0
21 0 0 0 0
22 1 1 0 0
23 2 0 1 0
24 0 0 0 0
25 2 2 0 0
26 1 0 1 1
27 2 0 1 1
28 2 3 0 0
29 0 1 0 1
30 1 0 0 1
31 1 0 0 0
32 0 0 0 2
33 1 1 0 1
34 1 2 1 1
35 0 0 2 2
36 0 2 0 0
37 0 1 0 1
38 0 1 0 1
39 0 0 0 1
40 1 0 0 0
41 1 0 0 3
42 1 0 0 2
43 0 0 1 2
44 0 0 0 0
45 0 1 0 0
46 1 0 0 0
47 2 1 0 0
48 5 0 0 0
49 0 0 0 0
50 2 0 1 1
51 2 0 0 1
52 1 1 0 1
53 1 3 0 0
54 1 0 0 0
55 2 1 0 1
56 0 2 1 1
57 0 2 1 1
58 2 0 1 0
59 2 0 1 1
60 3 0 2 3
61 2 0 0 3
62 3 0 0 2
63 1 1 2 2
64 1 2 1 1
65 1 0 1 0
66 1 0 1 0
67 2 2 1 3
68 3 0 0 1
69 4 1 2 0
70 3 2 0 2
71 2 0 0 2
72 4 1 0 1
73 5 0 0 2
74 5 2 1 5
75 3 1 2 0
76 3 2 2 2
77 1 3 2 0
78 1 3 2 2
79 3 0 1 2
80 2 0 0 1
81 3 4 0 4
82 2 1 3 3
83 2 2 2 4
84 1 2 2 2
85 3 1 0 3
86 2 1 1 3
87 1 0 0 1
88 5 2 1 5
89 3 2 0 1
90 3 2 1 5
91 6 2 1 3
92 3 2 0 2
93 3 2 0 0
94 3 1 1 1
95 3 1 3 5
96 5 2 2 3
97 4 2 3 2
98 4 3 2 0
99 4 2 1 3
100 6 3 0 3
101 5 2 2 5
102 7 2 0 6
103 4 1 2 5
104 6 0 4 1
105 3 3 3 4
106 6 1 4 3
107 5 8 0 5
108 7 3 0 3
109 7 2 3 4
110 11 1 1 4
111 7 0 5 6
112 16 4 1 6
113 7 5 4 4
114 16 3 1 6
115 8 5 5 4
116 11 2 6 5
117 9 6 2 2
118 12 6 4 4
119 10 8 5 10
120 15 3 5 12
121 9 9 8 7
122 10 5 1 9
123 8 8 2 6
124 5 3 3 11
125 12 8 7 11
126 6 5 5 10
127 11 4 6 13
128 7 8 3 12
129 15 3 5 11
130 9 7 3 6
131 8 8 2 9
132 13 8 2 15
133 13 5 2 8
134 10 5 7 7
135 11 7 4 10
136 8 6 2 9
137 11 5 3 10
138 11 3 9 10
139 13 7 3 14
140 12 2 8 8
141 14 5 5 10
142 14 8 9 11
143 12 4 4 5
144 20 8 3 7
145 12 6 4 12
146 12 6 5 13
147 20 8 3 14
148 13 8 3 8
149 20 11 8 13
150 13 6 6 9
151 12 10 7 10
152 11 8 7 14
153 13 8 7 13
154 17 11 5 11
155 22 8 5 17
156 17 12 6 13
157 14 7 6 16
158 19 9 7 15
159 10 9 5 16
160 22 10 1 18
161 28 8 7 18
162 20 8 6 12
163 15 9 10 11
164 15 14 9 11
165 19 11 11 19
166 20 13 7 21
167 22 10 7 14
168 31 7 6 20
169 23 12 5 15
170 21 17 6 16
171 23 13 6 19
172 20 7 11 21
173 28 15 11 22
174 22 13 8 15
175 28 12 9 14
176 20 16 5 20
177 22 11 12 30
178 26 11 13 17
179 18 17 9 16
180 26 12 14 19
181 14 16 10 25
182 34 15 13 21
183 24 13 11 27
184 27 15 6 23
185 34 12 5 26
186 27 4 9 29
187 32 13 13 27
188 24 11 12 25
189 28 21 12 17
190 29 24 7 14
191 33 22 7 24
192 31 15 9 21
193 21 18 4 22
194 32 17 12 27
195 32 20 15 33
196 30 21 15 29
197 24 17 8 29
198 35 13 14 29
199 38 15 9 23
200 32 14 14 23
201 26 17 14 23
202 25 14 8 38
203 25 25 15 33
204 30 17 20 30
205 26 22 14 28
206 33 22 5 26
207 25 21 4 35
208 29 16 11 29
209 20 17 14 23
210 26 14 8 39
211 19 20 14 32
212 16 17 13 34
213 17 13 15 27
214 13 16 8 25
215 15 15 11 34
216 17 14 7 29
217 16 15 6 22
218 11 9 6 30
219 12 13 4 29
220 11 13 6 29
221 14 11 8 20
222 16 12 7 17
223 16 7 5 14
224 7 8 5 18
225 10 7 5 18
226 11 7 6 22
227 13 8 8 14
228 10 7 6 16
229 10 5 3 14
230 8 9 4 16
231 6 6 8 14
232 11 11 6 10
233 7 9 2 12
234 11 2 9 13
235 8 5 2 14
236 10 4 2 15
237 6 8 2 18
238 4 3 2 15
239 5 6 2 9
240 4 5 4 5
241 3 5 2 7
242 6 3 7 5
243 6 4 4 7
244 6 3 0 9
245 7 5 4 7
246 6 3 2 10
247 4 4 3 8
248 3 3 3 6
249 4 2 2 7
250 7 1 3 7
251 6 2 4 5
252 4 2 2 8
253 2 0 5 5
254 1 5 2 5
255 3 3 3 6
256 4 3 1 5
257 4 5 0 4
258 5 1 0 5
259 5 4 1 5
260 2 2 3 3
261 4 4 0 6
262 4 2 0 3
263 2 1 3 5
264 2 3 3 3
265 4 0 0 3
266 3 2 1 4
267 4 3 2 7
268 0 3 0 7
269 0 3 1 2
270 2 2 1 2
271 2 2 2 4
272 1 2 0 1
273 4 0 0 2
274 0 2 1 4
275 3 1 2 4
276 0 2 0 4
277 2 1 0 2
278 0 1 1 3
279 1 0 0 3
280 0 1 2 0
281 1 1 0 2
282 1 2 2 2
283 2 0 0 2
284 0 0 1 3
285 1 0 0 2
286 1 0 1 1
287 2 0 0 1
288 2 2 0 1
289 1 0 0 3
290 0 0 0 1
291 0 1 1 0
292 0 2 0 2
293 0 0 0 0
294 2 2 0 0
295 1 0 0 2
296 0 1 0 1
297 1 1 1 0
298 0 0 0 2
299 0 1 0 1
300 0 1 0 0
301 0 0 0 0
302 0 1 0 0
303 0 1 0 2
304 0 0 0 2
305 1 0 0 0
306 0 0 0 1
307 0 0 0 2
308 1 0 0 0
309 0 0 0 0
310 0 1 0 0
311 0 0 0 0
312 0 0 0 0
313 0 0 1 0
314 1 0 0 1
315 1 0 0 0
316 1 0 0 0
317 0 0 0 0
318 0 0 0 0
319 0 0 0 0
320 0 0 0 1
321 0 1 0 0
322 0 0 0 0
323 0 0 1 0
324 0 0 1 0
325 0 0 0 1
326 0 0 0 0
327 0 0 0 0
328 0 0 0 1
329 0 0 0 0
330 0 0 0 1
331 0 0 0 0
332 0 0 0 0
333 0 0 0 0
334 0 0 0 0
335 0 0 0 0
336 0 0 0 0
337 1 0 0 0
338 0 0 0 0
339 0 0 0 0
340 0 0 0 0
341 0 0 0 0
342 0 0 1 0
343 0 0 0 0
344 0 0 0 0
345 0 0 0 0
346 0 0 0 0
347 0 0 0 0
348 0 0 0 0
349 0 0 0 1
350 0 0 0 0
351 0 0 0 0
352 0 0 0 0
353 0 0 0 0
354 0 0 0 0
355 0 0 0 0
356 0 0 0 0
357 0 0 0 0
358 0 0 0 0
359 0 0 0 0
360 0 0 0 0
361 0 0 0 0
362 0 0 0 0
363 0 0 0 0
364 0 0 0 0
365 0 0 0 0
366 0 0 0 0
367 0 0 0 0
368 0 0 0 0
369 0 0 0 0
370 0 0 0 0
371 0 0 0 0
372 0 0 0 0
373 0 0 0 0
374 0 0 0 0
375 0 0 0 0
376 0 0 0 0
377 0 0 0 0
378 0 0 0 0
379 0 0 0 0
380 0 0 0 0
381 0 0 0 0
382 0 0 0 0
383 0 0 0 0
384 0 0 0 0
385 0 0 0 0
386 0 0 0 0
387 0 0 0 0
388 0 0 0 0
389 0 0 0 0
390 0 0 0 0
391 0 0 0 0
392 0 0 0 0
393 0 0 0 0
394 0 0 0 0
395 0 0 0 0
396 0 0 0 0
397 0 0 0 0
398 0 0 0 0
399 0 0 0 0
400 0 0 0 0
401 0 0 0 0
402 0 0 0 0
403 0 0 0 0
404 0 0 0 0
405 0 0 0 0
406 0 0 0 0
407 0 0 0 0
408 0 0 0 0
409 0 0 0 0
410 0 0 0 0
411 0 0 0 0
412 0 0 0 0
413 0 0 0 0
414 0 0 0 0
415 0 0 0 0
416 0 0 0 0
417 0 0 0 0
418 0 0 0 0
419 0 0 0 0
420 0 0 0 0
421 0 0 0 0
422 0 0 0 0
423 0 0 0 0
424 0 0 0 0
425 0 0 0 0
426 0 0 0 0
427 0 0 0 0
428 0 0 0 0
429 0 0 0 0
430 0 0 0 0
431 0 0 0 0
432 0 0 0 0
433 0 0 0 0
434 0 0 0 0
435 0 0 0 0
436 0 0 0 0
437 0 0 0 0
438 0 0 0 0
439 0 0 0 0
440 0 0 0 0
441 0 0 0 0
442 0 0 0 0
443 0 0 0 0
444 0 0 0 0
445 0 0 0 0
446 0 0 0 0
447 0 0 0 0
448 0 0 0 0
449 0 0 0 0
450 0 0 0 0
451 0 0 0 0
452 0 0 0 0
453 0 0 0 0
454 0 0 0 0
455 0 0 0 0
456 0 0 0 0
457 0 0 0 0
458 0 0 0 0
459 0 0 0 0
460 0 0 0 0
461 0 0 0 0
462 0 0 0 0
463 0 0 0 0
464 0 0 0 0
465 0 0 0 0
466 0 0 0 0
467 0 0 0 0
468 0 0 0 0
469 0 0 0 0
470 0 0 0 0
471 0 0 0 0
472 0 0 0 0
473 0 0 0 0
474 0 0 0 0
475 0 0 0 0
476 0 0 0 0
477 0 0 0 0
478 0 0 0 0
479 0 0 0 0
480 0 0 0 0
481 0 0 0 0
482 0 0 0 0
483 0 0 0 0
484 0 0 0 0
485 0 0 0 0
486 0 0 0 0
487 0 0 0 0
488 0 0 0 0
489 0 0 0 0
490 0 0 0 0
491 0 0 0 0
492 0 0 0 0
493 0 0 0 0
494 0 0 0 0
495 0 0 0 0
496 0 0 0 0
497 0 0 0 0
498 0 0 0 0
499 0 0 0 0
500 0 0 0 0
501 0 0 0 0
502 0 0 0 0
503 0 0 0 0
504 0 0 0 0
505 0 0 0 0
506 0 0 0 0
507 0 0 0 0
508 0 0 0 0
509 0 0 0 0
510 0 0 0 0
511 0 0 0 0
512 0 0 0 0
513 0 0 0 0
514 0 0 0 0
515 0 0 0 0
516 0 0 0 0
517 0 0 0 0
518 0 0 0 0
519 0 0 0 0
520 0 0 0 0
521 0 0 0 0
522 0 0 0 0
523 0 0 0 0
524 0 0 0 0
525 0 0 0 0
526 0 0 0 0
527 0 0 0 0
528 0 0 0 0
529 0 0 0 0
530 0 0 0 0
531 0 0 0 0
532 0 0 0 0
533 0 0 0 0
534 0 0 0 0
535 0 0 0 0
536 0 0 0 0
537 0 0 0 0
538 0 0 0 0
539 0 0 0 0
540 0 0 0 0
541 0 0 0 0
542 0 0 0 0
543 0 0 0 0
544 0 0 0 0
545 0 0 0 0
546 0 0 0 0
547 0 0 0 0
548 0 0 0 0
549 0 0 0 0
550 0 0 0 0
551 0 0 0 0
552 0 0 0 0
553 0 0 0 0
554 0 0 0 0
555 0 0 0 0
556 0 0 0 0
557 0 0 0 0
558 0 0 0 0
559 0 0 0 0
560 0 0 0 0
561 0 0 0 0
562 0 0 0 0
563 0 0 0 0
564 0 0 0 0
565 0 0 0 0
566 0 0 0 0
567 0 0 0 0
568 0 0 0 0
569 0 0 0 0
570 0 0 0 0
571 0 0 0 0
572 0 0 0 0
573 0 0 0 0
574 0 0 0 0
575 0 0 0 0
576 0 0 0 0
577 0 0 0 0
578 0 0 0 0
579 0 0 0 0
580 0 0 0 0
581 0 0 0 0
582 0 0 0 0
583 0 0 0 0
584 0 0 0 0
585 0 0 0 0
586 0 0 0 0
587 0 0 0 0
588 0 0 0 0
589 0 0 0 0
590 0 0 0 0
591 0 0 0 0
592 0 0 0 0
593 0 0 0 0
594 0 0 0 0
595 0 0 0 0
596 0 0 0 0
597 0 0 0 0
598 0 0 0 0
599 0 0 0 0
600 0 0 0 0
601 0 0 0 0
602 0 0 0 0
603 0 0 0 0
604 0 0 0 0
605 0 0 0 0
606 0 0 0 0
607 0 0 0 0
608 0 0 0 0
609 0 0 0 0
610 0 0 0 0
611 0 0 0 0
612 0 0 0 0
613 0 0 0 0
614 0 0 0 0
615 0 0 0 0
616 0 0 0 0
617 0 0 0 0
618 0 0 0 0
619 0 0 0 0
620 0 0 0 0
621 0 0 0 0
622 0 0 0 0
623 0 0 0 0
624 0 0 0 0
625 0 0 0 0
626 0 0 0 0
627 0 0 0 0
628 0 0 0 0
629 0 0 0 0
630 0 0 0 0
631 0 0 0 0
632 0 0 0 0
633 0 0 0 0
634 0 0 0 0
635 0 0 0 0
636 0 0 0 0
637 0 0 0 0
638 0 0 0 0
639 0 0 0 0
640 0 0 0 0
641 0 0 0 0
642 0 0 0 0
643 0 0 0 0
644 0 0 0 0
645 0 0 0 0
646 0 0 0 0
647 0 0 0 0
648 0 0 0 0
649 0 0 0 0
650 0 0 0 0
651 0 0 0 0
652 0 0 0 0
653 0 0 0 0
654 0 0 0 0
655 0 0 0 0
656 0 0 0 0
657 0 0 0 0
658 0 0 0 0
659 0 0 0 0
660 0 0 0 0
661 0 0 0 0
662 0 0 0 0
663 0 0 0 0
664 0 0 0 0
665 0 0 0 0
666 0 0 0 0
667 0 0 0 0
668 0 0 0 0
669 0 0 0 0
670 0 0 0 0
671 0 0 0 0
672 0 0 0 0
673 0 0 0 0
674 0 0 0 0
675 0 0 0 0
676 0 0 0 0
677 0 0 0 0
678 0 0 0 0
679 0 0 0 0
680 0 0 0 0
681 0 0 0 0
682 0 0 0 0
683 0 0 0 0
684 0 0 0 0
685 0 0 0 0
686 0 0 0 0
687 0 0 0 0
688 0 0 0 0
689 0 0 0 0
690 0 0 0 0
691 0 0 0 0
692 0 0 0 0
693 0 0 0 0
694 0 0 0 0
695 0 0 0 0
696 0 0 0 0
697 0 0 0 0
698 0 0 0 0
699 0 0 0 0
700 0 0 0 0
701 0 0 0 0
702 0 0 0 0
703 0 0 0 0
704 0 0 0 0
705 0 0 0 0
706 0 0 0 0
707 0 0 0 0
708 0 0 0 0
709 0 0 0 0
710 0 0 0 0
711 0 0 0 0
712 0 0 0 0
713 0 0 0 0
714 0 0 0 0
715 0 0 0 0
716 0 0 0 0
717 0 0 0 0
718 0 0 0 0
719 0 0 0 0
720 0 0 0 0
721 0 0 0 0
722 0 0 0 0
723 0 0 0 0
724 0 0 0 0
725 0 0 0 0
726 0 0 0 0
727 0 0 0 0
