0 0 0 0 0
1 0 0 0 0
2 0 0 0 0
3 0 0 0 0
4 0 0 0 0
5 0 2 2 0
6 0 0 0 0
7 0 0 0 0
8 0 0 0 0
9 0 0 1 2
10 0 0 0 0
11 0 0 0 0
12 0 0 0 2
13 1 0 0 0
14 0 0 0 0
15 0 0 0 0
16 0 0 0 1
17 0 0 0 0
18 0 1 0 0
19 1 0 0 0
20 1 0 0 0
21 1 0 0 0
22 1 0 0 1
23 0 0 0 0
24 2 0 0 0
25 1 0 0 0
26 1 1 0 0
27 0 1 0 0
28 0 1 0 0
29 0 2 0 0
30 1 0 0 0
31 0 0 0 0
32 1 0 0 0
33 1 0 1 1
34 0 1 0 1
35 0 1 0 1
36 1 0 0 2
37 0 0 0 0
38 0 1 0 0
39 1 1 0 0
40 0 0 0 1
41 0 0 1 1
42 0 0 0 1
43 0 0 0 0
44 0 0 0 0
45 0 0 1 2
46 1 0 0 1
47 1 0 0 0
48 1 1 0 0
49 1 0 0 0
50 1 0 0 0
51 0 0 0 0
52 0 0 0 1
53 0 0 0 0
54 1 0 0 0
55 1 1 1 1
56 2 0 1 0
57 0 1 0 0
58 2 1 0 0
59 2 0 0 1
60 1 0 1 1
61 4 0 0 0
62 0 0 1 1
63 0 1 1 1
64 0 1 1 2
65 1 1 1 0
66 3 1 1 1
67 2 0 0 0
68 1 0 0 1
69 0 1 0 1
70 4 1 1 4
71 0 1 0 1
72 2 0 1 1
73 1 1 0 1
74 2 1 0 1
75 3 4 0 1
76 1 0 1 1
77 4 0 0 2
78 3 0 0 0
79 5 1 2 2
80 0 0 1 0
81 1 1 2 1
82 3 0 3 2
83 2 3 0 3
84 2 3 1 1
85 3 0 0 3
86 1 2 1 3
87 6 2 1 2
88 1 3 0 3
89 1 1 0 1
90 2 0 1 4
91 1 0 1 1
92 2 2 3 1
93 1 1 1 1
94 2 1 1 3
95 3 1 1 1
96 1 1 2 6
97 1 0 1 2
98 2 1 1 1
99 3 2 0 1
100 2 3 0 4
101 4 1 0 2
102 3 1 0 2
103 6 1 2 3
104 2 1 1 2
105 2 0 2 2
106 1 1 0 0
107 4 1 0 3
108 5 3 1 0
109 3 1 2 3
110 2 0 3 2
111 1 1 1 2
112 3 2 5 2
113 6 1 1 1
114 3 1 1 4
115 5 2 1 2
116 5 1 1 5
117 4 5 0 0
118 5 3 3 4
119 8 1 0 6
120 7 1 1 2
121 6 2 3 2
122 5 3 3 3
123 4 2 3 2
124 3 3 3 4
125 3 4 5 9
126 4 3 3 5
127 4 3 2 4
128 5 3 3 4
129 8 1 1 7
130 4 0 1 7
131 10 4 1 4
132 6 3 3 6
133 9 2 2 2
134 8 3 3 4
135 8 1 0 9
136 11 4 2 2
137 15 4 2 2
138 6 5 3 2
139 8 4 6 4
140 8 6 3 6
141 10 2 3 7
142 8 8 8 7
143 6 2 2 8
144 7 6 3 8
145 8 9 4 5
146 8 10 3 18
147 6 7 3 4
148 9 3 0 9
149 11 4 3 12
150 10 2 3 9
151 10 6 1 11
152 10 5 2 6
153 14 5 1 8
154 15 8 6 7
155 11 8 2 6
156 8 6 3 5
157 18 8 5 2
158 15 6 3 6
159 17 9 6 12
160 16 6 4 9
161 13 1 2 15
162 14 11 5 6
163 12 7 5 16
164 18 12 4 14
165 14 12 4 9
166 10 5 7 14
167 8 8 10 11
168 15 7 11 7
169 14 8 6 14
170 15 8 7 12
171 17 5 5 20
172 12 4 4 17
173 15 13 8 12
174 13 8 7 19
175 17 6 6 14
176 18 12 2 11
177 18 5 3 18
178 20 10 3 13
179 17 6 6 10
180 17 10 7 16
181 22 14 7 12
182 17 8 5 6
183 14 9 8 10
184 19 14 6 13
185 21 8 6 25
186 20 15 8 17
187 19 11 11 18
188 12 9 2 18
189 24 13 7 15
190 23 9 9 15
191 15 9 10 19
192 15 13 5 13
193 20 8 6 26
194 19 13 13 19
195 20 9 8 15
196 13 6 8 16
197 23 7 6 17
198 23 17 6 22
199 17 18 6 17
200 18 16 7 19
201 22 8 6 18
202 15 18 7 18
203 18 7 9 13
204 11 7 10 18
205 18 10 7 21
206 20 10 12 28
207 16 14 8 19
208 12 14 5 15
209 18 9 4 20
210 12 10 9 21
211 14 12 6 17
212 16 9 6 19
213 14 9 2 15
214 9 12 8 25
215 11 9 6 16
216 10 10 5 19
217 11 7 5 13
218 12 7 7 23
219 7 4 3 15
220 16 7 3 13
221 11 7 9 14
222 10 5 7 11
223 8 10 1 11
224 10 5 3 12
225 9 9 3 15
226 7 4 7 9
227 10 5 9 7
228 7 4 5 15
229 15 10 6 15
230 13 6 4 13
231 10 6 2 9
232 11 7 3 7
233 8 2 5 10
234 9 11 3 10
235 8 8 2 11
236 5 10 0 15
237 3 6 6 12
238 5 6 2 8
239 8 4 3 11
240 3 7 2 6
241 3 1 4 16
242 3 3 3 5
243 1 7 3 8
244 1 5 2 11
245 3 2 2 9
246 2 1 0 6
247 2 3 2 12
248 5 3 0 7
249 5 3 0 7
250 4 2 2 4
251 4 1 1 4
252 2 1 1 2
253 2 2 2 3
254 0 2 2 3
255 3 3 0 3
256 1 3 1 1
257 3 1 1 6
258 2 2 1 5
259 1 2 0 0
260 2 0 1 3
261 1 2 0 2
262 4 1 3 5
263 2 0 0 5
264 5 2 2 2
265 3 0 0 2
266 4 1 1 4
267 1 2 1 0
268 4 0 2 2
269 2 1 2 1
270 2 0 2 2
271 3 5 0 2
272 2 0 0 0
273 1 1 3 1
274 2 2 0 5
275 1 1 4 6
276 1 0 1 2
277 1 3 1 1
278 0 2 0 1
279 0 0 1 3
280 2 2 2 3
281 1 1 1 2
282 1 1 0 4
283 0 1 0 1
284 1 0 0 6
285 0 1 0 2
286 0 1 0 1
287 0 1 0 1
288 0 0 0 1
289 1 0 1 1
290 1 0 0 1
291 2 0 0 0
292 1 0 0 1
293 1 1 0 1
294 2 0 1 1
295 1 0 0 0
296 2 1 0 1
297 2 0 0 1
298 0 0 1 1
299 1 1 2 0
300 1 0 1 0
301 1 2 0 0
302 0 1 0 1
303 0 0 0 3
304 1 2 0 0
305 0 0 1 1
306 1 1 1 2
307 2 0 0 1
308 3 0 0 3
309 2 0 1 1
310 0 0 0 0
311 0 0 0 0
312 1 1 0 0
313 0 2 0 3
314 1 0 1 0
315 0 1 0 0
316 0 0 1 0
317 1 1 1 1
318 0 1 0 1
319 0 0 0 2
320 0 0 0 2
321 0 1 0 1
322 0 0 1 1
323 0 0 1 0
324 0 0 0 1
325 1 0 0 0
326 0 0 0 1
327 0 0 0 1
328 1 0 0 1
329 0 0 0 0
330 0 0 0 0
331 0 0 0 0
332 1 0 0 0
333 1 0 0 0
334 0 1 0 0
335 0 0 0 0
336 0 0 0 0
337 0 1 1 0
338 1 1 0 0
339 0 0 0 0
340 0 0 0 0
341 0 0 0 3
342 0 0 0 0
343 1 0 1 0
344 1 0 0 0
345 0 0 0 1
346 0 0 0 0
347 1 0 0 1
348 1 0 0 0
349 0 0 0 0
350 0 0 0 0
351 0 0 0 0
352 0 0 1 0
353 0 1 1 0
354 0 0 0 0
355 0 0 0 0
356 0 1 0 1
357 0 0 0 1
358 0 0 0 0
359 0 0 0 0
360 0 0 0 1
361 0 0 0 0
362 0 0 0 0
363 0 0 0 1
364 0 0 0 0
365 1 0 0 0
366 0 0 0 0
367 0 0 0 0
368 0 0 0 0
369 1 0 0 0
370 0 1 0 0
371 0 0 0 0
372 1 0 0 0
373 0 0 0 0
374 1 1 0 1
375 0 0 0 0
376 0 0 0 0
377 0 0 0 0
378 0 0 0 1
379 1 0 0 0
380 0 0 0 0
381 0 1 0 0
382 0 0 0 0
383 0 1 0 0
384 0 0 0 0
385 0 0 0 0
386 1 0 0 0
387 0 0 0 0
388 0 0 1 1
389 0 0 0 0
390 0 0 0 1
391 0 0 1 0
392 1 0 0 0
393 2 0 0 0
394 0 0 0 0
395 1 0 0 1
396 0 0 0 0
397 1 0 0 0
398 0 0 1 1
399 0 0 0 0
400 1 0 0 0
401 0 1 0 0
402 2 1 0 1
403 2 0 0 0
404 2 1 0 0
405 2 0 0 1
406 1 0 1 1
407 2 1 1 0
408 2 1 0 1
409 3 0 2 0
410 2 1 0 0
411 2 0 0 1
412 1 1 1 1
413 1 1 2 1
414 0 2 1 2
415 1 2 0 0
416 2 2 1 3
417 1 0 0 1
418 0 1 0 2
419 2 1 0 1
420 2 0 0 4
421 1 2 1 1
422 3 0 1 2
423 2 0 0 2
424 4 2 0 0
425 1 1 0 3
426 4 0 2 1
427 1 3 0 0
428 2 0 1 2
429 6 2 0 0
430 4 1 0 2
431 2 2 1 1
432 1 2 1 1
433 0 4 0 1
434 0 1 0 3
435 1 2 0 3
436 3 0 0 3
437 4 0 2 3
438 0 2 3 1
439 4 1 1 2
440 4 1 1 2
441 2 1 0 2
442 3 1 1 4
443 2 0 0 2
444 1 1 1 3
445 2 6 0 2
446 1 3 0 2
447 3 0 1 0
448 2 1 3 2
449 3 1 1 3
450 3 0 1 3
451 5 1 1 1
452 1 2 1 5
453 2 1 0 3
454 9 3 1 1
455 1 2 0 4
456 2 2 2 2
457 5 2 0 1
458 3 1 1 2
459 2 3 3 2
460 3 1 2 3
461 4 1 1 2
462 1 1 1 2
463 4 4 0 3
464 3 1 1 3
465 3 2 1 4
466 4 3 4 6
467 3 1 2 2
468 2 1 1 0
469 4 1 1 1
470 2 2 0 7
471 3 1 1 4
472 1 2 1 3
473 6 3 1 4
474 2 2 0 2
475 3 3 1 2
476 5 2 4 4
477 4 0 1 5
478 4 2 4 2
479 5 2 0 3
480 6 2 1 1
481 6 1 1 1
482 7 2 0 2
483 5 2 2 6
484 7 4 1 3
485 5 5 1 6
486 11 5 1 3
487 4 4 3 2
488 6 2 0 3
489 7 3 5 3
490 9 5 1 6
491 5 8 2 5
492 8 5 2 6
493 7 5 1 7
494 4 4 2 8
495 5 5 2 8
496 2 1 3 6
497 9 3 4 6
498 5 5 1 9
499 6 4 4 6
500 6 1 1 7
501 9 0 2 3
502 7 7 2 8
503 9 2 2 4
504 8 3 3 3
505 7 1 3 6
506 6 8 4 12
507 6 4 4 2
508 4 8 1 5
509 4 3 4 3
510 9 3 1 6
511 8 2 4 10
512 11 7 2 7
513 8 1 5 11
514 5 3 2 2
515 8 4 4 7
516 1 6 3 8
517 7 11 1 8
518 14 3 5 6
519 7 3 2 6
520 4 4 2 7
521 9 1 1 10
522 11 4 6 10
523 12 3 8 7
524 11 3 3 7
525 3 3 1 5
526 9 3 2 7
527 10 8 3 11
528 8 9 4 4
529 6 5 3 8
530 10 5 4 7
531 14 3 5 8
532 8 6 4 9
533 12 3 3 7
534 9 2 1 8
535 13 7 1 14
536 6 8 3 6
537 12 8 3 8
538 7 8 4 2
539 12 3 7 10
540 8 7 1 8
541 11 4 1 9
542 7 5 3 13
543 9 7 6 11
544 11 10 5 10
545 12 8 2 6
546 9 8 3 6
547 10 4 0 10
548 4 7 4 8
549 9 4 6 7
550 14 6 3 10
551 11 5 5 15
552 11 4 5 13
553 11 5 1 9
554 17 4 7 4
555 8 9 4 14
556 13 4 4 12
557 15 5 6 7
558 10 4 8 7
559 12 10 4 16
560 9 8 6 6
561 8 7 3 14
562 13 8 6 11
563 10 10 5 8
564 8 8 3 13
565 7 6 3 10
566 10 5 6 14
567 12 5 5 13
568 4 2 6 13
569 13 8 2 12
570 6 2 1 15
571 11 12 2 11
572 6 7 4 9
573 2 4 3 9
574 6 4 5 4
575 6 3 2 11
576 6 8 5 10
577 7 3 3 5
578 6 3 7 11
579 8 4 1 9
580 7 6 2 12
581 2 3 3 7
582 4 4 1 8
583 2 6 6 9
584 4 5 3 7
585 1 1 2 9
586 2 4 0 3
587 2 4 0 10
588 3 4 1 4
589 2 3 3 4
590 2 1 1 6
591 5 1 1 7
592 3 1 0 6
593 3 1 1 7
594 2 1 0 2
595 0 2 0 2
596 1 1 1 2
597 1 3 1 2
598 3 2 1 2
599 0 0 1 1
600 4 2 1 3
601 0 0 1 2
602 1 2 1 5
603 1 3 0 0
604 0 0 0 3
605 0 3 0 0
606 1 0 0 2
607 0 2 1 4
608 1 0 0 1
609 0 0 2 5
610 1 0 0 1
611 1 0 1 2
612 1 1 0 0
613 0 1 0 1
614 0 0 0 1
615 0 0 1 0
616 0 1 0 1
617 0 1 0 0
618 0 0 0 1
619 0 0 0 1
620 0 0 0 3
621 0 0 0 0
622 0 0 0 0
623 0 0 0 0
624 0 0 0 1
625 1 0 0 0
626 0 0 0 0
627 0 0 0 0
628 0 0 0 0
629 0 0 0 0
630 0 1 0 0
631 0 0 0 0
632 0 0 0 0
633 0 0 0 0
634 0 0 0 1
635 0 0 0 0
636 0 0 0 0
637 0 0 0 0
638 0 0 0 0
639 0 0 0 0
640 0 0 0 0
641 0 0 0 0
642 0 0 0 0
643 0 0 0 0
644 0 0 0 0
645 0 0 0 0
646 0 0 0 0
647 0 0 0 0
648 0 0 0 0
649 0 0 0 0
650 0 0 0 0
651 0 0 0 0
652 0 0 0 0
653 0 0 0 0
654 0 0 0 0
655 0 0 0 0
656 0 0 0 0
657 0 0 0 0
658 0 0 0 0
659 0 0 0 0
660 0 0 0 0
661 0 0 0 0
662 0 0 0 0
663 0 0 0 0
664 0 0 0 0
665 0 0 0 0
666 0 0 0 0
667 0 0 0 0
668 0 0 0 0
669 0 0 0 0
670 0 0 0 0
671 0 0 0 0
672 0 0 0 0
673 0 0 0 0
674 0 0 0 0
675 0 0 0 0
676 0 0 0 0
677 0 0 0 0
678 0 0 0 0
679 0 0 0 0
680 0 0 0 0
681 0 0 0 0
682 0 0 0 0
683 0 0 0 0
684 0 0 0 0
685 0 0 0 0
686 0 0 0 0
687 0 0 0 0
688 0 0 0 0
689 0 0 0 0
690 0 0 0 0
691 0 0 0 0
692 0 0 0 0
693 0 0 0 0
694 0 0 0 0
695 0 0 0 0
696 0 0 0 0
697 0 0 0 0
698 0 0 0 0
699 0 0 0 0
700 0 0 0 0
701 0 0 0 0
702 0 0 0 0
703 0 0 0 0
704 0 0 0 0
705 0 0 0 0
706 0 0 0 0
707 0 0 0 0
708 0 0 0 0
709 0 0 0 0
710 0 0 0 0
711 0 0 0 0
712 0 0 0 0
713 0 0 0 0
714 0 0 0 0
715 0 0 0 0
716 0 0 0 0
717 0 0 0 0
718 0 0 0 0
719 0 0 0 0
720 0 0 0 0
721 0 0 0 0
722 0 0 0 0
723 0 0 0 0
724 0 0 0 0
725 0 0 0 0
726 0 0 0 0
727 0 0 0 0
