0 0 0 0 0
1 0 0 0 0
2 0 0 0 0
3 0 0 0 0
4 0 0 0 0
5 0 2 0 0
6 0 0 0 0
7 0 0 0 0
8 0 0 0 0
9 0 1 2 1
10 0 0 0 0
11 0 0 0 0
12 0 0 0 1
13 0 0 0 3
14 0 0 0 0
15 1 0 0 0
16 1 0 0 0
17 0 0 0 0
18 1 0 0 0
19 0 0 0 0
20 0 1 0 0
21 0 0 0 0
22 1 0 0 0
23 1 1 0 0
24 1 0 0 0
25 1 1 0 1
26 0 0 0 0
27 0 0 0 0
28 0 0 0 0
29 0 1 0 0
30 0 1 0 1
31 0 0 1 1
32 1 0 1 0
33 1 0 0 1
34 0 0 0 1
35 1 0 0 0
36 1 0 0 1
37 1 0 0 0
38 0 0 0 1
39 1 0 0 0
40 1 0 0 0
41 2 0 2 0
42 0 1 0 0
43 0 0 0 0
44 1 2 0 0
45 0 1 0 1
46 2 1 1 1
47 1 0 0 0
48 0 0 0 2
49 0 0 0 1
50 2 1 0 2
51 1 1 1 1
52 1 0 1 0
53 0 0 1 0
54 1 0 0 0
55 0 1 0 1
56 1 1 0 0
57 2 1 0 3
58 4 0 0 0
59 1 2 0 1
60 1 0 0 1
61 0 0 0 1
62 1 1 0 1
63 2 0 0 2
64 1 0 0 0
65 0 1 1 0
66 2 1 0 1
67 2 3 1 0
68 4 0 2 0
69 1 2 0 2
70 3 0 0 1
71 0 1 0 4
72 4 2 1 2
73 1 3 0 1
74 1 1 0 0
75 3 3 0 1
76 1 0 0 3
77 1 0 1 3
78 0 1 0 0
79 1 2 0 4
80 1 1 0 1
81 2 1 3 1
82 5 0 0 0
83 2 1 0 0
84 2 1 0 1
85 3 1 0 2
86 0 2 1 2
87 1 2 2 0
88 1 2 1 4
89 2 1 2 1
90 1 0 0 2
91 2 1 0 2
92 3 0 0 2
93 1 1 0 3
94 1 1 3 2
95 2 0 0 1
96 2 1 0 2
97 3 1 0 1
98 2 1 0 3
99 3 0 2 0
100 4 2 1 0
101 3 1 2 3
102 3 0 1 1
103 3 1 0 3
104 4 2 0 2
105 4 3 0 0
106 1 3 2 1
107 3 1 1 2
108 2 3 1 5
109 4 3 1 1
110 3 1 2 3
111 3 1 2 2
112 7 0 1 4
113 2 3 0 5
114 6 3 2 0
115 2 0 1 4
116 2 3 2 2
117 5 3 0 3
118 3 0 3 3
119 2 1 3 1
120 4 1 2 7
121 2 4 2 3
122 5 2 1 4
123 2 2 3 4
124 4 0 0 3
125 4 0 0 3
126 6 2 1 3
127 6 4 2 5
128 9 3 1 3
129 7 4 1 1
130 11 3 1 5
131 6 3 0 4
132 5 4 1 2
133 4 6 1 0
134 2 2 4 3
135 4 6 2 5
136 4 0 3 8
137 8 6 1 9
138 2 5 2 7
139 10 4 3 7
140 4 3 4 1
141 4 0 3 3
142 9 4 1 6
143 6 1 1 6
144 6 6 1 10
145 8 3 4 5
146 9 3 5 5
147 3 4 1 4
148 4 4 4 6
149 3 4 3 5
150 7 1 4 5
151 2 7 3 7
152 7 3 2 8
153 7 3 1 7
154 4 3 3 6
155 3 3 3 10
156 6 1 0 6
157 8 4 1 4
158 6 3 3 6
159 10 2 3 5
160 9 2 0 3
161 16 0 3 3
162 10 5 4 5
163 10 4 2 8
164 11 3 0 3
165 12 5 7 2
166 10 9 4 5
167 11 5 3 4
168 9 6 6 4
169 7 6 4 11
170 6 13 3 11
171 7 8 3 7
172 7 5 5 8
173 7 3 3 12
174 5 3 4 12
175 6 4 3 15
176 9 5 5 10
177 14 6 4 10
178 7 4 5 11
179 9 4 2 10
180 12 4 4 8
181 14 0 8 4
182 17 7 3 7
183 17 2 1 9
184 16 6 4 8
185 16 3 6 10
186 11 7 7 5
187 13 7 7 10
188 8 8 2 6
189 19 10 3 11
190 17 4 9 9
191 18 10 4 13
192 15 11 10 9
193 16 7 7 11
194 15 11 5 14
195 14 2 10 9
196 13 6 2 18
197 20 7 5 17
198 6 7 8 19
199 9 8 8 17
200 15 7 8 4
201 9 12 4 12
202 11 13 11 12
203 12 6 4 17
204 18 8 7 16
205 11 9 5 16
206 13 5 11 19
207 14 9 3 11
208 10 6 3 17
209 11 9 6 15
210 12 2 5 13
211 6 7 4 11
212 10 7 9 15
213 6 7 7 13
214 4 5 4 9
215 9 9 4 11
216 7 6 4 20
217 11 3 3 15
218 9 5 4 8
219 9 7 0 11
220 10 7 3 13
221 7 6 6 7
222 6 5 2 11
223 9 4 3 9
224 8 5 1 9
225 4 4 1 9
226 7 6 4 7
227 4 6 0 6
228 9 5 7 12
229 6 7 2 5
230 1 3 1 10
231 3 4 2 5
232 4 3 3 8
233 4 4 3 9
234 6 3 3 6
235 5 3 3 8
236 3 2 1 6
237 1 4 4 5
238 4 4 0 8
239 4 2 0 5
240 3 1 2 7
241 6 3 2 7
242 3 1 1 7
243 6 4 5 2
244 2 3 2 2
245 5 2 1 5
246 4 4 1 3
247 5 1 0 8
248 4 2 4 5
249 1 2 1 2
250 2 2 2 6
251 4 2 3 1
252 3 1 4 6
253 2 0 1 4
254 0 1 1 3
255 4 2 0 4
256 4 3 2 3
257 2 3 3 3
258 0 1 0 5
259 1 1 0 4
260 0 4 0 2
261 0 1 0 3
262 0 0 3 3
263 2 0 0 3
264 0 2 0 5
265 1 3 0 0
266 0 0 1 3
267 1 0 0 1
268 0 1 0 3
269 0 0 0 3
270 0 1 0 0
271 1 0 0 0
272 2 1 0 1
273 1 0 0 1
274 1 0 0 0
275 2 0 0 1
276 1 0 2 1
277 2 0 2 1
278 1 0 1 0
279 3 1 0 0
280 2 0 1 1
281 0 0 1 1
282 2 0 1 0
283 1 0 0 1
284 1 0 2 1
285 1 1 0 1
286 0 1 0 1
287 0 1 1 1
288 2 2 0 2
289 0 1 0 2
290 0 0 0 2
291 0 0 1 1
292 0 1 0 0
293 0 1 0 0
294 1 0 1 1
295 1 0 0 2
296 0 0 0 1
297 1 2 0 0
298 0 0 0 2
299 1 0 0 1
300 1 0 0 1
301 2 0 0 0
302 0 1 0 0
303 0 1 0 0
304 1 2 0 2
305 0 0 1 0
306 1 0 1 1
307 1 0 0 0
308 1 0 0 2
309 1 0 0 1
310 2 0 1 1
311 1 0 0 0
312 0 0 0 0
313 0 1 1 1
314 1 0 0 0
315 1 1 1 0
316 1 1 1 0
317 1 0 0 1
318 0 1 0 0
319 2 1 0 1
320 2 0 1 4
321 0 1 0 0
322 0 0 0 2
323 0 0 1 1
324 0 1 0 0
325 0 1 1 0
326 0 0 1 0
327 0 0 0 1
328 0 0 1 2
329 0 0 0 2
330 1 0 0 1
331 0 0 0 0
332 0 0 0 0
333 0 0 0 1
334 1 0 0 0
335 2 0 0 1
336 1 0 0 0
337 0 0 0 0
338 0 0 0 0
339 0 2 0 0
340 0 0 0 0
341 1 1 0 0
342 0 0 0 0
343 1 0 0 1
344 0 1 1 0
345 0 0 0 1
346 0 0 0 1
347 0 0 0 0
348 0 0 1 2
349 0 0 0 0
350 2 0 1 0
351 1 0 0 0
352 0 0 0 0
353 0 0 0 0
354 0 0 0 1
355 1 0 1 1
356 0 0 0 0
357 0 0 0 0
358 1 0 0 0
359 0 1 0 0
360 1 2 0 0
361 1 0 0 0
362 0 0 0 1
363 1 0 0 1
364 0 0 0 0
365 0 0 1 0
366 0 0 0 0
367 0 1 0 2
368 0 0 0 0
369 0 0 0 0
370 0 0 1 0
371 0 0 0 1
372 0 0 1 1
373 0 0 0 0
374 0 0 0 0
375 0 0 0 0
376 0 0 0 1
377 0 0 0 1
378 0 0 0 0
379 0 0 0 0
380 0 0 0 0
381 0 0 0 0
382 0 0 0 0
383 0 0 0 0
384 1 0 0 0
385 0 0 0 0
386 0 0 0 0
387 0 0 0 0
388 0 0 0 0
389 0 0 0 0
390 0 0 0 0
391 0 0 0 0
392 0 0 0 0
393 0 1 0 0
394 0 0 0 0
395 0 0 0 0
396 0 0 0 0
397 0 0 0 1
398 0 0 0 0
399 1 0 0 0
400 1 0 0 0
401 0 0 0 0
402 1 0 0 0
403 0 0 0 0
404 0 0 0 0
405 0 0 0 0
406 0 0 0 0
407 0 1 0 0
408 0 0 1 0
409 0 1 0 0
410 0 0 0 0
411 0 0 0 0
412 0 0 0 0
413 0 0 0 1
414 0 0 0 1
415 0 0 0 1
416 0 0 0 0
417 0 0 0 0
418 0 0 0 0
419 0 0 0 0
420 0 0 0 0
421 0 0 0 0
422 0 0 0 0
423 0 0 0 0
424 0 0 0 0
425 0 0 0 0
426 0 0 0 0
427 0 0 0 0
428 0 0 0 0
429 0 0 0 0
430 1 0 0 0
431 0 0 0 0
432 0 0 0 0
433 1 0 0 0
434 0 0 0 0
435 0 0 0 0
436 0 0 0 0
437 0 0 0 0
438 0 1 0 0
439 1 0 1 0
440 0 0 0 0
441 0 0 0 0
442 0 0 0 0
443 0 0 0 1
444 0 0 0 0
445 1 0 0 0
446 0 0 0 1
447 0 0 0 0
448 1 0 1 0
449 1 0 0 0
450 0 1 0 0
451 1 0 0 0
452 0 0 0 1
453 1 0 0 0
454 1 0 0 1
455 0 0 0 0
456 0 0 0 0
457 0 0 1 0
458 0 1 0 0
459 0 0 0 0
460 0 1 0 0
461 0 0 0 1
462 0 1 0 1
463 0 0 1 0
464 0 0 0 1
465 1 0 0 0
466 1 0 0 1
467 0 0 0 0
468 0 0 0 0
469 0 0 0 0
470 0 0 0 1
471 0 0 0 0
472 0 0 0 0
473 0 0 0 0
474 1 0 1 0
475 0 0 1 0
476 0 0 0 0
477 0 0 0 0
478 0 0 0 0
479 0 0 0 0
480 1 0 0 0
481 0 0 0 1
482 1 0 0 1
483 0 1 0 0
484 0 0 0 0
485 0 1 0 0
486 0 0 0 0
487 0 1 0 1
488 0 0 0 0
489 0 0 0 0
490 0 0 0 0
491 0 0 0 0
492 0 0 0 1
493 0 0 0 1
494 0 0 0 0
495 0 0 0 0
496 0 0 0 0
497 0 0 0 0
498 0 0 0 0
499 0 0 0 0
500 0 0 0 0
501 0 0 0 0
502 0 0 0 0
503 0 0 0 0
504 0 0 0 0
505 0 0 0 0
506 0 0 0 0
507 0 0 0 0
508 0 0 0 0
509 0 0 0 0
510 0 0 0 0
511 0 0 0 0
512 0 0 0 0
513 0 0 0 0
514 0 0 0 0
515 0 0 0 0
516 0 0 0 0
517 0 0 0 0
518 0 0 0 0
519 0 0 0 0
520 0 0 0 0
521 0 0 0 0
522 0 0 0 0
523 0 0 0 0
524 0 0 0 0
525 0 0 0 0
526 0 0 0 0
527 0 0 0 0
528 0 0 0 0
529 0 0 0 0
530 0 0 0 0
531 0 0 0 0
532 0 0 0 0
533 0 0 0 0
534 0 0 0 0
535 0 0 0 0
536 0 0 0 0
537 0 0 0 0
538 0 0 0 0
539 0 0 0 0
540 0 0 0 0
541 0 0 0 0
542 0 0 0 0
543 0 0 0 0
544 0 0 0 0
545 0 0 0 0
546 0 0 0 0
547 0 0 0 0
548 0 0 0 0
549 0 0 0 0
550 0 0 0 0
551 0 0 0 0
552 0 0 0 0
553 0 0 0 0
554 0 0 0 0
555 0 0 0 0
556 0 0 0 0
557 0 0 0 0
558 0 0 0 0
559 0 0 0 0
560 0 0 0 0
561 0 0 0 0
562 0 0 0 0
563 0 0 0 0
564 0 0 0 0
565 0 0 0 0
566 0 0 0 0
567 0 0 0 0
568 0 0 0 0
569 0 0 0 0
570 0 0 0 0
571 0 0 0 0
572 0 0 0 0
573 0 0 0 0
574 0 0 0 0
575 0 0 0 0
576 0 0 0 0
577 0 0 0 0
578 0 0 0 0
579 0 0 0 0
580 0 0 0 0
581 0 0 0 0
582 0 0 0 0
583 0 0 0 0
584 0 0 0 0
585 0 0 0 0
586 0 0 0 0
587 0 0 0 0
588 0 0 0 0
589 0 0 0 0
590 0 0 0 0
591 0 0 0 0
592 0 0 0 0
593 0 0 0 0
594 0 0 0 0
595 0 0 0 0
596 0 0 0 0
597 0 0 0 0
598 0 0 0 0
599 0 0 0 0
600 0 0 0 0
601 0 0 0 0
602 0 0 0 0
603 0 0 0 0
604 0 0 0 0
605 0 0 0 0
606 0 0 0 0
607 0 0 0 0
608 0 0 0 0
609 0 0 0 0
610 0 0 0 0
611 0 0 0 0
612 0 0 0 0
613 0 0 0 0
614 0 0 0 0
615 0 0 0 0
616 0 0 0 0
617 0 0 0 0
618 0 0 0 0
619 0 0 0 0
620 0 0 0 0
621 0 0 0 0
622 0 0 0 0
623 0 0 0 0
624 0 0 0 0
625 0 0 0 0
626 0 0 0 0
627 0 0 0 0
628 0 0 0 0
629 0 0 0 0
630 0 0 0 0
631 0 0 0 0
632 0 0 0 0
633 0 0 0 0
634 0 0 0 0
635 0 0 0 0
636 0 0 0 0
637 0 0 0 0
638 0 0 0 0
639 0 0 0 0
640 0 0 0 0
641 0 0 0 0
642 0 0 0 0
643 0 0 0 0
644 0 0 0 0
645 0 0 0 0
646 0 0 0 0
647 0 0 0 0
648 0 0 0 0
649 0 0 0 0
650 0 0 0 0
651 0 0 0 0
652 0 0 0 0
653 0 0 0 0
654 0 0 0 0
655 0 0 0 0
656 0 0 0 0
657 0 0 0 0
658 0 0 0 0
659 0 0 0 0
660 0 0 0 0
661 0 0 0 0
662 0 0 0 0
663 0 0 0 0
664 0 0 0 0
665 0 0 0 0
666 0 0 0 0
667 0 0 0 0
668 0 0 0 0
669 0 0 0 0
670 0 0 0 0
671 0 0 0 0
672 0 0 0 0
673 0 0 0 0
674 0 0 0 0
675 0 0 0 0
676 0 0 0 0
677 0 0 0 0
678 0 0 0 0
679 0 0 0 0
680 0 0 0 0
681 0 0 0 0
682 0 0 0 0
683 0 0 0 0
684 0 0 0 0
685 0 0 0 0
686 0 0 0 0
687 0 0 0 0
688 0 0 0 0
689 0 0 0 0
690 0 0 0 0
691 0 0 0 0
692 0 0 0 0
693 0 0 0 0
694 0 0 0 0
695 0 0 0 0
696 0 0 0 0
697 0 0 0 0
698 0 0 0 0
699 0 0 0 0
700 0 0 0 0
701 0 0 0 0
702 0 0 0 0
703 0 0 0 0
704 0 0 0 0
705 0 0 0 0
706 0 0 0 0
707 0 0 0 0
708 0 0 0 0
709 0 0 0 0
710 0 0 0 0
711 0 0 0 0
712 0 0 0 0
713 0 0 0 0
714 0 0 0 0
715 0 0 0 0
716 0 0 0 0
717 0 0 0 0
718 0 0 0 0
719 0 0 0 0
720 0 0 0 0
721 0 0 0 0
722 0 0 0 0
723 0 0 0 0
724 0 0 0 0
725 0 0 0 0
726 0 0 0 0
727 0 0 0 0
