0 0 0 0 0
1 0 0 0 0
2 0 0 0 0
3 0 0 0 0
4 0 0 0 0
5 0 2 2 0
6 0 0 0 0
7 0 0 0 0
8 0 0 0 0
9 0 1 0 2
10 0 0 0 0
11 0 0 0 0
12 0 0 0 2
13 0 0 0 1
14 0 0 0 0
15 1 0 0 0
16 0 0 0 0
17 2 0 0 0
18 2 0 0 0
19 0 0 0 0
20 1 1 0 0
21 1 0 0 0
22 3 0 1 0
23 2 1 0 0
24 1 0 0 1
25 2 0 0 0
26 6 1 1 0
27 0 0 3 0
28 3 0 0 0
29 2 1 1 1
30 2 2 0 2
31 0 3 2 2
32 0 1 0 0
33 0 2 0 1
34 1 1 0 3
35 0 3 1 2
36 0 0 0 1
37 0 1 0 2
38 1 1 0 4
39 1 1 1 4
40 2 0 0 0
41 0 0 0 1
42 1 0 0 2
43 1 1 0 0
44 0 0 0 2
45 0 0 0 0
46 0 0 0 1
47 0 0 1 1
48 1 2 0 0
49 4 2 0 0
50 2 0 0 0
51 2 0 0 1
52 1 0 0 2
53 0 1 0 2
54 2 1 1 0
55 2 2 0 0
56 0 1 1 0
57 1 0 0 1
58 0 1 1 2
59 2 0 1 1
60 3 1 1 0
61 1 1 0 0
62 2 0 0 2
63 2 1 0 2
64 1 2 0 2
65 2 1 0 1
66 4 1 0 1
67 3 1 0 1
68 1 3 0 2
69 1 0 2 1
70 0 2 0 0
71 2 1 0 2
72 1 1 1 3
73 4 1 1 1
74 2 2 0 1
75 0 2 1 2
76 2 1 2 2
77 1 0 0 2
78 2 1 1 1
79 1 1 0 2
80 4 0 0 4
81 2 2 0 1
82 4 1 1 3
83 2 2 0 2
84 1 0 1 0
85 2 2 0 0
86 2 1 1 0
87 4 2 1 2
88 2 0 2 3
89 3 2 1 2
90 3 1 2 1
91 2 2 2 1
92 2 3 0 2
93 3 0 1 2
94 5 1 1 4
95 3 0 0 7
96 1 3 0 3
97 4 1 0 1
98 6 3 1 1
99 1 3 2 1
100 5 0 1 4
101 2 2 1 1
102 6 3 1 3
103 3 4 1 4
104 8 2 1 1
105 7 1 0 4
106 4 1 2 3
107 2 4 2 2
108 3 0 2 2
109 4 8 2 2
110 6 0 4 5
111 3 5 1 3
112 6 1 1 2
113 5 1 1 8
114 7 6 1 4
115 4 2 3 5
116 3 3 0 8
117 7 4 2 4
118 4 3 2 5
119 2 1 5 2
120 7 2 0 2
121 3 2 2 7
122 3 4 2 5
123 5 5 1 5
124 8 0 3 3
125 8 2 1 3
126 2 2 2 7
127 6 2 3 4
128 6 5 1 2
129 6 4 5 5
130 7 3 3 6
131 4 1 0 6
132 8 4 1 5
133 7 4 5 9
134 8 5 2 6
135 5 2 0 4
136 10 2 2 5
137 8 3 3 4
138 6 4 3 4
139 4 4 5 4
140 9 5 3 9
141 8 4 4 3
142 12 6 2 4
143 6 4 2 11
144 8 0 2 7
145 14 2 4 6
146 8 2 1 7
147 7 9 4 8
148 11 4 4 5
149 7 8 6 6
150 8 7 4 5
151 10 5 1 9
152 8 5 3 9
153 8 5 2 5
154 10 6 6 8
155 16 4 2 7
156 7 6 1 12
157 8 6 4 10
158 6 4 4 8
159 7 8 4 10
160 8 7 6 7
161 12 5 2 9
162 10 4 4 3
163 7 4 2 9
164 8 7 5 13
165 17 6 2 8
166 16 7 2 14
167 12 6 2 10
168 12 3 3 9
169 18 1 5 7
170 15 16 4 9
171 24 13 5 9
172 19 7 5 8
173 13 6 6 6
174 24 6 11 17
175 20 7 7 14
176 17 8 5 9
177 17 11 4 15
178 14 6 7 15
179 17 6 9 17
180 19 15 8 12
181 22 11 9 19
182 17 10 6 13
183 22 11 10 15
184 10 9 7 12
185 9 8 7 22
186 20 9 10 13
187 20 13 2 19
188 22 10 10 18
189 22 8 5 14
190 20 11 3 25
191 14 17 8 13
192 19 16 8 19
193 17 15 3 17
194 16 8 8 15
195 17 7 5 19
196 28 10 11 17
197 23 12 6 14
198 22 15 8 21
199 23 8 10 19
200 14 6 5 14
201 23 12 11 18
202 19 14 9 24
203 25 12 9 21
204 17 20 5 19
205 17 12 13 25
206 14 10 8 18
207 13 18 5 15
208 15 12 8 19
209 11 9 6 31
210 15 11 10 16
211 11 10 5 24
212 11 9 6 28
213 12 10 10 19
214 8 6 9 14
215 7 6 6 9
216 17 8 5 18
217 14 5 4 27
218 10 6 4 16
219 8 9 2 12
220 10 3 8 14
221 7 6 5 10
222 11 8 4 8
223 9 8 2 10
224 6 6 4 12
225 7 6 8 12
226 8 6 3 13
227 7 10 3 12
228 6 5 3 13
229 5 6 5 13
230 6 5 2 11
231 7 1 8 9
232 2 8 3 11
233 6 0 1 8
234 7 2 3 11
235 5 1 3 6
236 6 4 3 11
237 3 2 5 3
238 5 5 2 10
239 4 3 3 6
240 2 7 0 3
241 5 1 1 8
242 2 2 4 6
243 2 4 3 6
244 1 4 2 7
245 3 4 1 4
246 2 1 2 10
247 5 1 0 6
248 3 1 1 4
249 3 1 1 2
250 3 2 2 6
251 5 2 0 3
252 3 2 0 4
253 2 1 1 1
254 1 2 0 4
255 3 2 2 2
256 2 5 1 1
257 1 0 1 3
258 2 4 0 3
259 3 2 0 5
260 1 2 1 2
261 2 4 1 1
262 1 0 1 3
263 2 0 1 4
264 1 1 3 2
265 1 0 0 4
266 0 0 0 3
267 1 0 2 2
268 1 1 1 5
269 1 0 1 0
270 0 0 3 0
271 0 0 0 3
272 0 0 1 1
273 1 0 1 0
274 3 1 0 2
275 1 0 0 1
276 1 1 0 2
277 0 1 0 3
278 0 1 0 1
279 1 2 0 0
280 0 0 0 1
281 0 0 1 0
282 0 0 0 0
283 1 1 0 1
284 1 2 0 1
285 1 0 0 1
286 0 0 0 1
287 0 0 0 0
288 0 0 1 2
289 0 0 1 0
290 0 0 0 1
291 0 0 0 1
292 1 0 0 1
293 0 0 0 0
294 1 0 1 0
295 0 0 0 0
296 0 0 0 1
297 0 0 0 0
298 0 0 0 0
299 1 0 1 0
300 0 0 0 0
301 0 0 1 1
302 0 0 0 0
303 0 0 0 1
304 0 0 1 0
305 0 0 0 0
306 0 0 0 0
307 0 0 0 0
308 0 0 0 2
309 1 0 0 0
310 0 0 0 0
311 0 0 0 0
312 0 0 0 0
313 0 0 0 0
314 0 0 1 0
315 0 0 0 0
316 1 0 0 0
317 0 0 0 0
318 0 0 0 1
319 0 0 0 0
320 0 0 0 0
321 0 1 0 0
322 1 0 0 0
323 0 0 0 0
324 0 0 0 0
325 0 0 0 0
326 0 0 0 1
327 1 0 0 0
328 0 0 0 0
329 0 0 0 0
330 0 0 0 0
331 0 1 0 0
332 0 0 0 0
333 0 0 0 0
334 0 0 0 0
335 0 1 0 1
336 0 0 0 0
337 0 0 0 0
338 0 0 0 0
339 0 0 0 0
340 0 0 0 0
341 0 0 0 0
342 0 0 0 1
343 0 0 0 0
344 0 0 0 0
345 0 0 0 0
346 0 0 0 0
347 0 0 0 0
348 0 0 0 0
349 0 0 0 0
350 0 0 0 0
351 0 0 0 0
352 0 0 0 0
353 0 0 0 0
354 0 0 0 0
355 0 0 0 0
356 0 0 0 0
357 0 0 0 0
358 0 0 0 0
359 0 0 0 0
360 0 0 0 0
361 0 0 0 0
362 0 0 0 0
363 0 0 0 0
364 0 0 0 0
365 0 0 0 0
366 0 0 0 0
367 0 0 0 0
368 0 0 0 0
369 0 0 0 0
370 0 0 0 0
371 0 0 0 0
372 0 0 0 0
373 0 0 0 0
374 0 0 0 0
375 0 0 0 0
376 0 0 0 0
377 0 0 0 0
378 0 0 0 0
379 0 0 0 0
380 0 0 0 0
381 0 0 0 0
382 0 0 0 0
383 0 0 0 0
384 0 0 0 0
385 0 0 0 0
386 0 0 0 0
387 0 0 0 0
388 0 0 0 0
389 0 0 0 0
390 0 0 0 0
391 0 0 0 0
392 0 0 0 0
393 0 0 0 0
394 0 0 0 0
395 0 0 0 0
396 0 0 0 0
397 0 0 0 0
398 0 0 0 0
399 0 0 0 0
400 0 0 0 0
401 0 0 0 0
402 0 0 0 0
403 0 0 0 0
404 0 0 0 0
405 0 0 0 0
406 0 0 0 0
407 0 0 0 0
408 0 0 0 0
409 0 0 0 0
410 0 0 0 0
411 0 0 0 0
412 0 0 0 0
413 0 0 0 0
414 0 0 0 0
415 0 0 0 0
416 0 0 0 0
417 0 0 0 0
418 0 0 0 0
419 0 0 0 0
420 0 0 0 0
421 0 0 0 0
422 0 0 0 0
423 0 0 0 0
424 0 0 0 0
425 0 0 0 0
426 0 0 0 0
427 0 0 0 0
428 0 0 0 0
429 0 0 0 0
430 0 0 0 0
431 0 0 0 0
432 0 0 0 0
433 0 0 0 0
434 0 0 0 0
435 0 0 0 0
436 0 0 0 0
437 0 0 0 0
438 0 0 0 0
439 0 0 0 0
440 0 0 0 0
441 0 0 0 0
442 0 0 0 0
443 0 0 0 0
444 0 0 0 0
445 0 0 0 0
446 0 0 0 0
447 0 0 0 0
448 0 0 0 0
449 0 0 0 0
450 0 0 0 0
451 0 0 0 0
452 0 0 0 0
453 0 0 0 0
454 0 0 0 0
455 0 0 0 0
456 0 0 0 0
457 0 0 0 0
458 0 0 0 0
459 0 0 0 0
460 0 0 0 0
461 0 0 0 0
462 0 0 0 0
463 0 0 0 0
464 0 0 0 0
465 0 0 0 0
466 0 0 0 0
467 0 0 0 0
468 0 0 0 0
469 0 0 0 0
470 0 0 0 0
471 0 0 0 0
472 0 0 0 0
473 0 0 0 0
474 0 0 0 0
475 0 0 0 0
476 0 0 0 0
477 0 0 0 0
478 0 0 0 0
479 0 0 0 0
480 0 0 0 0
481 0 0 0 0
482 0 0 0 0
483 0 0 0 0
484 0 0 0 0
485 0 0 0 0
486 0 0 0 0
487 0 0 0 0
488 0 0 0 0
489 0 0 0 0
490 0 0 0 0
491 0 0 0 0
492 0 0 0 0
493 0 0 0 0
494 0 0 0 0
495 0 0 0 0
496 0 0 0 0
497 0 0 0 0
498 0 0 0 0
499 0 0 0 0
500 0 0 0 0
501 0 0 0 0
502 0 0 0 0
503 0 0 0 0
504 0 0 0 0
505 0 0 0 0
506 0 0 0 0
507 0 0 0 0
508 0 0 0 0
509 0 0 0 0
510 0 0 0 0
511 0 0 0 0
512 0 0 0 0
513 0 0 0 0
514 0 0 0 0
515 0 0 0 0
516 0 0 0 0
517 0 0 0 0
518 0 0 0 0
519 0 0 0 0
520 0 0 0 0
521 0 0 0 0
522 0 0 0 0
523 0 0 0 0
524 0 0 0 0
525 0 0 0 0
526 0 0 0 0
527 0 0 0 0
528 0 0 0 0
529 0 0 0 0
530 0 0 0 0
531 0 0 0 0
532 0 0 0 0
533 0 0 0 0
534 0 0 0 0
535 0 0 0 0
536 0 0 0 0
537 0 0 0 0
538 0 0 0 0
539 0 0 0 0
540 0 0 0 0
541 0 0 0 0
542 0 0 0 0
543 0 0 0 0
544 0 0 0 0
545 0 0 0 0
546 0 0 0 0
547 0 0 0 0
548 0 0 0 0
549 0 0 0 0
550 0 0 0 0
551 0 0 0 0
552 0 0 0 0
553 0 0 0 0
554 0 0 0 0
555 0 0 0 0
556 0 0 0 0
557 0 0 0 0
558 0 0 0 0
559 0 0 0 0
560 0 0 0 0
561 0 0 0 0
562 0 0 0 0
563 0 0 0 0
564 0 0 0 0
565 0 0 0 0
566 0 0 0 0
567 0 0 0 0
568 0 0 0 0
569 0 0 0 0
570 0 0 0 0
571 0 0 0 0
572 0 0 0 0
573 0 0 0 0
574 0 0 0 0
575 0 0 0 0
576 0 0 0 0
577 0 0 0 0
578 0 0 0 0
579 0 0 0 0
580 0 0 0 0
581 0 0 0 0
582 0 0 0 0
583 0 0 0 0
584 0 0 0 0
585 0 0 0 0
586 0 0 0 0
587 0 0 0 0
588 0 0 0 0
589 0 0 0 0
590 0 0 0 0
591 0 0 0 0
592 0 0 0 0
593 0 0 0 0
594 0 0 0 0
595 0 0 0 0
596 0 0 0 0
597 0 0 0 0
598 0 0 0 0
599 0 0 0 0
600 0 0 0 0
601 0 0 0 0
602 0 0 0 0
603 0 0 0 0
604 0 0 0 0
605 0 0 0 0
606 0 0 0 0
607 0 0 0 0
608 0 0 0 0
609 0 0 0 0
610 0 0 0 0
611 0 0 0 0
612 0 0 0 0
613 0 0 0 0
614 0 0 0 0
615 0 0 0 0
616 0 0 0 0
617 0 0 0 0
618 0 0 0 0
619 0 0 0 0
620 0 0 0 0
621 0 0 0 0
622 0 0 0 0
623 0 0 0 0
624 0 0 0 0
625 0 0 0 0
626 0 0 0 0
627 0 0 0 0
628 0 0 0 0
629 0 0 0 0
630 0 0 0 0
631 0 0 0 0
632 0 0 0 0
633 0 0 0 0
634 0 0 0 0
635 0 0 0 0
636 0 0 0 0
637 0 0 0 0
638 0 0 0 0
639 0 0 0 0
640 0 0 0 0
641 0 0 0 0
642 0 0 0 0
643 0 0 0 0
644 0 0 0 0
645 0 0 0 0
646 0 0 0 0
647 0 0 0 0
648 0 0 0 0
649 0 0 0 0
650 0 0 0 0
651 0 0 0 0
652 0 0 0 0
653 0 0 0 0
654 0 0 0 0
655 0 0 0 0
656 0 0 0 0
657 0 0 0 0
658 0 0 0 0
659 0 0 0 0
660 0 0 0 0
661 0 0 0 0
662 0 0 0 0
663 0 0 0 0
664 0 0 0 0
665 0 0 0 0
666 0 0 0 0
667 0 0 0 0
668 0 0 0 0
669 0 0 0 0
670 0 0 0 0
671 0 0 0 0
672 0 0 0 0
673 0 0 0 0
674 0 0 0 0
675 0 0 0 0
676 0 0 0 0
677 0 0 0 0
678 0 0 0 0
679 0 0 0 0
680 0 0 0 0
681 0 0 0 0
682 0 0 0 0
683 0 0 0 0
684 0 0 0 0
685 0 0 0 0
686 0 0 0 0
687 0 0 0 0
688 0 0 0 0
689 0 0 0 0
690 0 0 0 0
691 0 0 0 0
692 0 0 0 0
693 0 0 0 0
694 0 0 0 0
695 0 0 0 0
696 0 0 0 0
697 0 0 0 0
698 0 0 0 0
699 0 0 0 0
700 0 0 0 0
701 0 0 0 0
702 0 0 0 0
703 0 0 0 0
704 0 0 0 0
705 0 0 0 0
706 0 0 0 0
707 0 0 0 0
708 0 0 0 0
709 0 0 0 0
710 0 0 0 0
711 0 0 0 0
712 0 0 0 0
713 0 0 0 0
714 0 0 0 0
715 0 0 0 0
716 0 0 0 0
717 0 0 0 0
718 0 0 0 0
719 0 0 0 0
720 0 0 0 0
721 0 0 0 0
722 0 0 0 0
723 0 0 0 0
724 0 0 0 0
725 0 0 0 0
726 0 0 0 0
727 0 0 0 0
