0 0 0 0 0
1 0 0 0 0
2 0 0 0 0
3 0 0 0 0
4 0 0 0 0
5 0 1 2 0
6 0 0 0 0
7 0 0 0 0
8 0 0 0 0
9 0 1 1 1
10 0 0 0 0
11 0 0 0 1
12 0 0 0 1
13 0 0 0 2
14 0 0 0 0
15 0 0 0 0
16 0 0 0 0
17 0 0 0 0
18 1 0 0 0
19 0 0 0 0
20 0 0 0 0
21 1 0 0 0
22 0 0 0 0
23 0 0 1 0
24 2 0 0 0
25 1 0 0 0
26 0 0 1 0
27 0 0 0 1
28 1 0 0 0
29 0 0 2 0
30 1 0 1 0
31 0 0 0 0
32 0 0 0 0
33 0 0 0 2
34 1 0 0 0
35 0 0 1 0
36 0 0 0 1
37 0 0 1 1
38 1 0 0 0
39 0 0 0 0
40 0 0 0 0
41 0 0 0 1
42 1 0 0 0
43 2 1 1 0
44 1 0 0 1
45 0 0 0 0
46 2 0 0 0
47 0 0 0 2
48 0 1 0 0
49 1 0 2 0
50 1 0 0 0
51 0 0 0 0
52 1 0 1 1
53 0 0 0 2
54 0 0 0 0
55 0 2 0 0
56 0 0 0 0
57 2 0 0 0
58 0 1 0 0
59 1 1 0 2
60 1 0 0 0
61 1 0 1 0
62 0 1 1 1
63 1 0 0 0
64 0 0 1 0
65 1 0 1 2
66 1 0 0 2
67 0 0 0 0
68 1 1 0 0
69 0 0 0 2
70 0 1 1 1
71 1 1 0 0
72 0 0 0 0
73 0 1 0 0
74 2 0 0 1
75 1 0 0 1
76 1 0 1 0
77 1 0 0 1
78 1 0 0 1
79 2 0 0 0
80 5 0 1 1
81 2 0 0 0
82 1 0 1 0
83 0 2 0 1
84 1 2 1 0
85 2 1 0 0
86 1 1 1 0
87 1 0 0 1
88 2 0 0 2
89 2 3 2 2
90 1 1 0 2
91 1 2 1 2
92 0 1 0 0
93 0 1 1 2
94 1 2 0 2
95 0 1 0 1
96 2 0 0 3
97 1 0 0 2
98 1 1 0 3
99 0 0 0 1
100 1 0 1 0
101 0 1 1 1
102 4 1 0 2
103 1 1 0 0
104 3 0 0 0
105 3 0 0 2
106 2 0 0 1
107 2 5 0 1
108 0 0 0 0
109 1 1 0 0
110 1 1 0 1
111 1 0 0 1
112 2 2 1 1
113 2 1 2 1
114 1 1 2 4
115 1 2 1 0
116 1 0 1 2
117 1 1 0 1
118 2 0 1 1
119 1 0 0 1
120 1 1 0 3
121 1 2 0 2
122 1 1 0 4
123 2 0 2 0
124 2 0 0 1
125 1 0 1 1
126 4 1 1 1
127 1 1 0 3
128 4 2 0 1
129 2 1 0 1
130 1 0 0 1
131 8 2 1 1
132 2 2 0 0
133 3 1 2 1
134 4 1 1 0
135 0 2 1 5
136 0 3 2 2
137 4 2 2 1
138 1 2 0 0
139 2 0 0 3
140 2 1 2 4
141 1 0 0 4
142 2 0 3 2
143 1 4 1 3
144 0 1 0 3
145 1 2 0 1
146 1 2 1 3
147 2 1 0 3
148 2 0 1 0
149 5 0 0 3
150 4 1 0 3
151 3 0 1 2
152 4 1 1 2
153 4 0 1 2
154 3 2 2 0
155 3 2 1 0
156 2 2 1 2
157 1 3 0 2
158 2 3 1 4
159 2 2 1 1
160 1 3 0 2
161 5 1 2 1
162 1 1 1 2
163 1 2 2 3
164 5 1 1 5
165 3 1 0 5
166 4 3 1 4
167 2 0 2 3
168 6 0 0 2
169 3 2 1 0
170 2 0 2 5
171 2 2 1 0
172 6 1 3 2
173 6 2 4 3
174 5 0 2 3
175 5 2 0 1
176 4 1 1 4
177 8 2 4 4
178 4 3 3 6
179 2 2 1 2
180 3 4 2 1
181 1 3 3 6
182 3 3 3 6
183 3 3 2 1
184 3 1 1 3
185 3 1 2 4
186 5 3 1 6
187 6 2 0 7
188 5 1 0 4
189 3 2 1 5
190 3 1 0 4
191 3 1 5 4
192 5 7 0 1
193 3 4 3 3
194 4 2 0 0
195 3 3 1 3
196 5 2 2 7
197 5 1 2 4
198 5 0 3 4
199 5 1 2 6
200 2 1 0 6
201 3 3 2 3
202 5 2 4 2
203 3 1 2 2
204 6 3 2 2
205 1 3 1 2
206 2 2 1 4
207 5 5 2 3
208 2 1 2 7
209 4 3 0 5
210 5 3 0 2
211 4 1 2 6
212 10 6 2 4
213 9 3 0 3
214 4 0 1 3
215 4 1 1 5
216 3 2 1 6
217 5 4 2 4
218 6 8 4 1
219 4 3 4 5
220 2 4 0 5
221 5 5 2 5
222 2 0 1 8
223 4 4 0 2
224 8 4 0 2
225 1 2 1 9
226 1 4 2 6
227 2 2 1 4
228 5 2 1 6
229 3 2 2 4
230 0 3 2 1
231 3 1 1 5
232 3 2 1 3
233 0 5 1 7
234 1 2 1 2
235 0 0 0 1
236 1 2 0 5
237 0 3 2 4
238 1 0 0 3
239 4 1 0 1
240 1 1 1 6
241 2 1 0 3
242 1 0 0 0
243 2 0 0 1
244 1 0 1 4
245 2 2 0 0
246 2 0 0 2
247 2 1 0 1
248 2 3 2 1
249 3 0 1 2
250 0 3 0 0
251 0 1 0 0
252 1 0 1 1
253 0 1 0 0
254 0 1 3 4
255 1 0 0 5
256 0 0 1 2
257 1 2 1 0
258 0 1 0 3
259 0 0 0 0
260 1 0 0 2
261 0 0 0 2
262 1 1 0 0
263 0 0 0 0
264 0 1 0 2
265 0 1 0 1
266 0 0 0 0
267 0 1 0 0
268 0 0 0 1
269 0 0 0 2
270 0 0 0 0
271 1 0 0 1
272 0 0 0 0
273 0 0 0 0
274 2 0 0 0
275 0 0 0 0
276 1 0 0 0
277 1 0 0 0
278 0 0 0 0
279 0 2 0 0
280 0 1 0 0
281 0 1 0 0
282 1 0 0 0
283 0 0 0 2
284 1 0 0 0
285 0 0 0 1
286 0 0 1 0
287 0 0 0 1
288 0 0 0 0
289 0 1 0 0
290 1 0 0 0
291 0 1 0 0
292 0 0 0 0
293 0 0 0 2
294 1 0 0 0
295 0 0 0 1
296 2 0 0 0
297 1 0 0 0
298 1 0 0 0
299 1 1 1 0
300 0 0 0 0
301 0 1 1 0
302 1 0 0 0
303 0 1 0 2
304 0 0 0 0
305 0 0 0 1
306 0 1 0 0
307 0 1 0 1
308 0 1 0 1
309 0 0 0 0
310 0 0 0 0
311 0 0 0 0
312 0 0 0 1
313 0 0 0 1
314 0 0 0 1
315 0 0 0 0
316 0 0 0 0
317 0 0 0 0
318 0 0 0 0
319 0 0 0 0
320 0 0 0 0
321 0 0 0 0
322 0 0 0 0
323 0 0 0 0
324 0 0 0 0
325 0 0 0 0
326 0 0 0 0
327 0 0 0 0
328 0 0 0 0
329 0 0 0 0
330 0 0 0 0
331 0 0 0 0
332 0 0 0 0
333 0 0 0 0
334 0 0 0 0
335 0 0 0 0
336 0 0 0 0
337 0 0 0 0
338 0 0 0 0
339 0 0 0 0
340 0 0 0 0
341 0 0 0 0
342 0 0 0 0
343 0 0 0 0
344 0 0 0 0
345 0 0 0 0
346 0 0 0 0
347 0 0 0 0
348 0 0 0 0
349 0 0 0 0
350 0 0 0 0
351 0 0 0 0
352 0 0 0 0
353 0 0 0 0
354 0 0 0 0
355 0 0 0 0
356 0 0 0 0
357 0 0 0 0
358 0 0 0 0
359 0 0 0 0
360 0 0 0 0
361 0 0 0 0
362 0 0 0 0
363 0 0 0 0
364 0 0 0 0
365 0 0 0 0
366 0 0 0 0
367 0 0 0 0
368 0 0 0 0
369 0 0 0 0
370 0 0 0 0
371 0 0 0 0
372 0 0 0 0
373 0 0 0 0
374 0 0 0 0
375 0 0 0 0
376 0 0 0 0
377 0 0 0 0
378 0 0 0 0
379 0 0 0 0
380 0 0 0 0
381 0 0 0 0
382 0 0 0 0
383 0 0 0 0
384 0 0 0 0
385 0 0 0 0
386 0 0 0 0
387 0 0 0 0
388 0 0 0 0
389 0 0 0 0
390 0 0 0 0
391 0 0 0 0
392 0 0 0 0
393 0 0 0 0
394 0 0 0 0
395 0 0 0 0
396 0 0 0 0
397 0 0 0 0
398 0 0 0 0
399 0 0 0 0
400 0 0 0 0
401 0 0 0 0
402 0 0 0 0
403 0 0 0 0
404 0 0 0 0
405 0 0 0 0
406 0 0 0 0
407 0 0 0 0
408 0 0 0 0
409 0 0 0 0
410 0 0 0 0
411 0 0 0 0
412 0 0 0 0
413 0 0 0 0
414 0 0 0 0
415 0 0 0 0
416 0 0 0 0
417 0 0 0 0
418 0 0 0 0
419 0 0 0 0
420 0 0 0 0
421 0 0 0 0
422 0 0 0 0
423 0 0 0 0
424 0 0 0 0
425 0 0 0 0
426 0 0 0 0
427 0 0 0 0
428 0 0 0 0
429 0 0 0 0
430 0 0 0 0
431 0 0 0 0
432 0 0 0 0
433 0 0 0 0
434 0 0 0 0
435 0 0 0 0
436 0 0 0 0
437 0 0 0 0
438 0 0 0 0
439 0 0 0 0
440 0 0 0 0
441 0 0 0 0
442 0 0 0 0
443 0 0 0 0
444 0 0 0 0
445 0 0 0 0
446 0 0 0 0
447 0 0 0 0
448 0 0 0 0
449 0 0 0 0
450 0 0 0 0
451 0 0 0 0
452 0 0 0 0
453 0 0 0 0
454 0 0 0 0
455 0 0 0 0
456 0 0 0 0
457 0 0 0 0
458 0 0 0 0
459 0 0 0 0
460 0 0 0 0
461 0 0 0 0
462 0 0 0 0
463 0 0 0 0
464 0 0 0 0
465 0 0 0 0
466 0 0 0 0
467 0 0 0 0
468 0 0 0 0
469 0 0 0 0
470 0 0 0 0
471 0 0 0 0
472 0 0 0 0
473 0 0 0 0
474 0 0 0 0
475 0 0 0 0
476 0 0 0 0
477 0 0 0 0
478 0 0 0 0
479 0 0 0 0
480 0 0 0 0
481 0 0 0 0
482 0 0 0 0
483 0 0 0 0
484 0 0 0 0
485 0 0 0 0
486 0 0 0 0
487 0 0 0 0
488 0 0 0 0
489 0 0 0 0
490 0 0 0 0
491 0 0 0 0
492 0 0 0 0
493 0 0 0 0
494 0 0 0 0
495 0 0 0 0
496 0 0 0 0
497 0 0 0 0
498 0 0 0 0
499 0 0 0 0
500 0 0 0 0
501 0 0 0 0
502 0 0 0 0
503 0 0 0 0
504 0 0 0 0
505 0 0 0 0
506 0 0 0 0
507 0 0 0 0
508 0 0 0 0
509 0 0 0 0
510 0 0 0 0
511 0 0 0 0
512 0 0 0 0
513 0 0 0 0
514 0 0 0 0
515 0 0 0 0
516 0 0 0 0
517 0 0 0 0
518 0 0 0 0
519 0 0 0 0
520 0 0 0 0
521 0 0 0 0
522 0 0 0 0
523 0 0 0 0
524 0 0 0 0
525 0 0 0 0
526 0 0 0 0
527 0 0 0 0
528 0 0 0 0
529 0 0 0 0
530 0 0 0 0
531 0 0 0 0
532 0 0 0 0
533 0 0 0 0
534 0 0 0 0
535 0 0 0 0
536 0 0 0 0
537 0 0 0 0
538 0 0 0 0
539 0 0 0 0
540 0 0 0 0
541 0 0 0 0
542 0 0 0 0
543 0 0 0 0
544 0 0 0 0
545 0 0 0 0
546 0 0 0 0
547 0 0 0 0
548 0 0 0 0
549 0 0 0 0
550 0 0 0 0
551 0 0 0 0
552 0 0 0 0
553 0 0 0 0
554 0 0 0 0
555 0 0 0 0
556 0 0 0 0
557 0 0 0 0
558 0 0 0 0
559 0 0 0 0
560 0 0 0 0
561 0 0 0 0
562 0 0 0 0
563 0 0 0 0
564 0 0 0 0
565 0 0 0 0
566 0 0 0 0
567 0 0 0 0
568 0 0 0 0
569 0 0 0 0
570 0 0 0 0
571 0 0 0 0
572 0 0 0 0
573 0 0 0 0
574 0 0 0 0
575 0 0 0 0
576 0 0 0 0
577 0 0 0 0
578 0 0 0 0
579 0 0 0 0
580 0 0 0 0
581 0 0 0 0
582 0 0 0 0
583 0 0 0 0
584 0 0 0 0
585 0 0 0 0
586 0 0 0 0
587 0 0 0 0
588 0 0 0 0
589 0 0 0 0
590 0 0 0 0
591 0 0 0 0
592 0 0 0 0
593 0 0 0 0
594 0 0 0 0
595 0 0 0 0
596 0 0 0 0
597 0 0 0 0
598 0 0 0 0
599 0 0 0 0
600 0 0 0 0
601 0 0 0 0
602 0 0 0 0
603 0 0 0 0
604 0 0 0 0
605 0 0 0 0
606 0 0 0 0
607 0 0 0 0
608 0 0 0 0
609 0 0 0 0
610 0 0 0 0
611 0 0 0 0
612 0 0 0 0
613 0 0 0 0
614 0 0 0 0
615 0 0 0 0
616 0 0 0 0
617 0 0 0 0
618 0 0 0 0
619 0 0 0 0
620 0 0 0 0
621 0 0 0 0
622 0 0 0 0
623 0 0 0 0
624 0 0 0 0
625 0 0 0 0
626 0 0 0 0
627 0 0 0 0
628 0 0 0 0
629 0 0 0 0
630 0 0 0 0
631 0 0 0 0
632 0 0 0 0
633 0 0 0 0
634 0 0 0 0
635 0 0 0 0
636 0 0 0 0
637 0 0 0 0
638 0 0 0 0
639 0 0 0 0
640 0 0 0 0
641 0 0 0 0
642 0 0 0 0
643 0 0 0 0
644 0 0 0 0
645 0 0 0 0
646 0 0 0 0
647 0 0 0 0
648 0 0 0 0
649 0 0 0 0
650 0 0 0 0
651 0 0 0 0
652 0 0 0 0
653 0 0 0 0
654 0 0 0 0
655 0 0 0 0
656 0 0 0 0
657 0 0 0 0
658 0 0 0 0
659 0 0 0 0
660 0 0 0 0
661 0 0 0 0
662 0 0 0 0
663 0 0 0 0
664 0 0 0 0
665 0 0 0 0
666 0 0 0 0
667 0 0 0 0
668 0 0 0 0
669 0 0 0 0
670 0 0 0 0
671 0 0 0 0
672 0 0 0 0
673 0 0 0 0
674 0 0 0 0
675 0 0 0 0
676 0 0 0 0
677 0 0 0 0
678 0 0 0 0
679 0 0 0 0
680 0 0 0 0
681 0 0 0 0
682 0 0 0 0
683 0 0 0 0
684 0 0 0 0
685 0 0 0 0
686 0 0 0 0
687 0 0 0 0
688 0 0 0 0
689 0 0 0 0
690 0 0 0 0
691 0 0 0 0
692 0 0 0 0
693 0 0 0 0
694 0 0 0 0
695 0 0 0 0
696 0 0 0 0
697 0 0 0 0
698 0 0 0 0
699 0 0 0 0
700 0 0 0 0
701 0 0 0 0
702 0 0 0 0
703 0 0 0 0
704 0 0 0 0
705 0 0 0 0
706 0 0 0 0
707 0 0 0 0
708 0 0 0 0
709 0 0 0 0
710 0 0 0 0
711 0 0 0 0
712 0 0 0 0
713 0 0 0 0
714 0 0 0 0
715 0 0 0 0
716 0 0 0 0
717 0 0 0 0
718 0 0 0 0
719 0 0 0 0
720 0 0 0 0
721 0 0 0 0
722 0 0 0 0
723 0 0 0 0
724 0 0 0 0
725 0 0 0 0
726 0 0 0 0
727 0 0 0 0
