0 0 0 0 0
1 0 0 0 0
2 0 0 0 0
3 0 0 0 0
4 0 0 0 0
5 0 2 1 0
6 0 0 0 0
7 0 0 0 0
8 0 0 0 0
9 0 2 0 1
10 0 0 0 1
11 0 0 0 0
12 0 0 0 1
13 0 0 0 2
14 0 0 0 0
15 0 0 0 0
16 0 0 0 0
17 0 0 0 0
18 0 0 0 0
19 0 0 0 0
20 0 0 0 0
21 1 0 0 0
22 2 0 0 0
23 0 0 0 0
24 1 0 0 0
25 1 0 0 0
26 0 0 0 0
27 2 0 0 0
28 0 1 0 0
29 2 0 1 0
30 0 0 1 0
31 0 1 0 0
32 1 1 1 1
33 0 0 0 1
34 0 2 0 0
35 1 0 0 0
36 0 0 0 1
37 0 0 0 1
38 0 0 1 3
39 0 0 0 1
40 0 0 0 0
41 0 0 1 0
42 0 0 0 1
43 0 0 0 0
44 1 0 1 0
45 0 0 0 1
46 0 0 0 0
47 1 0 0 0
48 0 0 0 0
49 2 1 0 0
50 2 0 0 0
51 1 0 0 1
52 0 0 1 0
53 2 0 0 0
54 0 0 0 0
55 2 0 0 0
56 1 0 1 1
57 0 1 0 0
58 2 1 1 0
59 1 1 1 1
60 1 1 0 1
61 1 1 0 1
62 0 1 0 0
63 0 0 1 2
64 0 2 0 1
65 0 1 0 2
66 0 0 1 1
67 0 1 0 0
68 1 0 0 2
69 2 0 0 2
70 0 0 0 1
71 1 0 0 1
72 1 0 0 0
73 2 1 0 1
74 0 2 0 0
75 2 0 0 0
76 0 1 0 0
77 0 1 0 1
78 0 0 0 1
79 0 0 1 0
80 0 1 0 1
81 1 0 0 2
82 1 1 0 0
83 1 0 0 1
84 1 1 0 1
85 0 0 0 0
86 1 0 0 1
87 2 1 0 0
88 1 1 0 0
89 0 0 0 0
90 1 1 0 0
91 2 0 1 2
92 2 1 1 0
93 2 1 1 0
94 2 0 0 0
95 1 1 0 2
96 1 1 0 2
97 0 1 0 3
98 0 1 0 0
99 0 0 0 1
100 1 1 0 0
101 0 2 0 0
102 0 2 0 1
103 2 1 0 1
104 1 0 0 2
105 1 1 0 0
106 2 0 0 1
107 0 0 0 1
108 3 0 1 2
109 1 0 1 2
110 2 0 0 0
111 2 0 0 0
112 2 0 2 0
113 4 3 0 0
114 5 1 1 0
115 1 1 2 1
116 5 2 0 2
117 2 0 1 2
118 5 0 1 1
119 2 1 1 4
120 2 0 1 1
121 2 2 1 2
122 2 2 1 1
123 1 4 1 3
124 2 1 0 1
125 1 2 2 2
126 1 3 0 4
127 1 3 1 2
128 0 1 0 1
129 0 1 2 2
130 1 1 1 5
131 3 1 1 4
132 2 1 1 3
133 2 0 0 3
134 6 0 0 2
135 1 1 1 0
136 3 1 2 1
137 1 1 0 1
138 4 1 0 2
139 7 4 1 3
140 4 0 0 0
141 2 2 0 1
142 8 1 1 2
143 6 0 3 6
144 3 3 2 0
145 6 0 2 1
146 5 1 1 4
147 4 4 3 0
148 5 5 2 3
149 4 2 3 1
150 5 0 4 3
151 5 0 4 7
152 4 0 2 4
153 1 1 2 6
154 3 1 2 6
155 2 2 3 6
156 3 3 1 4
157 4 3 3 4
158 5 3 1 2
159 2 4 2 4
160 6 2 1 3
161 7 2 1 4
162 4 3 2 3
163 4 3 3 5
164 5 3 1 6
165 10 1 5 5
166 3 3 2 6
167 7 3 0 5
168 3 1 3 2
169 6 3 2 2
170 5 5 0 4
171 3 2 1 4
172 5 5 0 6
173 6 2 2 7
174 7 7 2 2
175 3 4 3 4
176 5 2 2 5
177 6 1 2 6
178 4 4 1 4
179 7 4 3 8
180 6 0 3 3
181 9 4 1 7
182 6 1 5 3
183 8 3 2 7
184 8 0 6 3
185 11 2 4 7
186 11 5 3 6
187 7 2 5 4
188 11 2 1 3
189 8 4 2 5
190 9 6 5 8
191 6 6 5 7
192 7 6 3 4
193 4 3 5 7
194 10 2 7 12
195 11 3 2 7
196 10 5 2 7
197 13 8 1 8
198 7 6 1 10
199 7 6 6 7
200 8 6 3 9
201 11 3 2 9
202 6 6 4 6
203 7 5 4 11
204 7 7 3 7
205 6 7 3 7
206 8 7 8 8
207 3 1 4 12
208 8 3 3 9
209 6 4 1 6
210 7 6 2 13
211 4 6 3 7
212 6 3 2 9
213 3 5 3 10
214 8 3 2 8
215 4 3 2 8
216 5 1 3 3
217 6 3 4 7
218 6 3 4 4
219 5 9 1 7
220 5 1 1 7
221 5 3 1 9
222 3 5 0 5
223 3 1 2 6
224 7 2 3 4
225 6 3 2 5
226 5 4 0 10
227 4 5 1 3
228 4 3 0 2
229 6 4 3 5
230 4 5 1 5
231 4 5 2 6
232 5 0 3 3
233 3 4 2 4
234 1 6 1 5
235 4 3 1 8
236 8 2 3 6
237 4 1 1 3
238 5 2 0 8
239 4 4 0 3
240 4 2 1 8
241 2 5 4 1
242 4 2 1 3
243 3 2 2 5
244 2 3 0 2
245 1 5 1 8
246 2 4 0 3
247 3 2 1 4
248 1 1 4 5
249 2 2 1 4
250 3 0 1 5
251 2 2 1 3
252 2 2 0 3
253 1 1 1 3
254 1 1 1 1
255 1 1 3 5
256 2 1 1 2
257 2 1 1 2
258 1 2 0 2
259 1 0 0 4
260 1 0 2 2
261 2 1 0 4
262 0 1 0 2
263 2 2 0 1
264 1 0 0 4
265 2 2 0 1
266 0 3 0 1
267 0 0 0 0
268 0 3 0 0
269 0 0 0 2
270 0 1 1 4
271 1 0 0 0
272 0 0 0 2
273 1 1 0 1
274 0 0 0 0
275 0 0 0 2
276 1 0 1 0
277 2 0 0 1
278 1 1 0 0
279 0 0 0 1
280 1 0 0 0
281 1 0 0 0
282 1 1 1 1
283 1 0 0 1
284 0 0 0 0
285 0 2 0 0
286 0 0 1 1
287 1 1 1 0
288 0 0 0 0
289 0 0 0 2
290 0 0 0 1
291 2 0 0 2
292 0 1 0 1
293 0 0 0 0
294 1 0 0 0
295 1 0 0 0
296 0 0 1 1
297 0 0 0 0
298 0 0 0 0
299 0 1 0 0
300 0 1 2 0
301 0 0 0 0
302 0 0 0 0
303 0 0 0 1
304 1 0 0 2
305 0 0 0 0
306 0 0 0 1
307 0 0 0 1
308 0 0 0 0
309 0 0 1 0
310 0 0 0 0
311 0 0 0 0
312 0 0 0 0
313 0 0 0 0
314 0 0 0 0
315 0 0 0 0
316 0 0 0 1
317 0 0 0 0
318 0 0 0 0
319 0 0 0 0
320 0 0 0 0
321 0 0 0 0
322 0 0 0 0
323 0 0 0 0
324 0 0 0 0
325 0 0 0 0
326 0 0 0 0
327 0 0 0 0
328 0 0 0 0
329 0 0 0 0
330 0 0 0 0
331 0 0 0 0
332 0 0 0 0
333 0 0 0 0
334 0 0 0 0
335 0 0 0 0
336 0 0 0 0
337 0 0 0 0
338 0 0 0 0
339 0 0 0 0
340 0 0 0 0
341 0 0 0 0
342 0 0 0 0
343 0 0 0 0
344 0 0 0 0
345 0 0 0 0
346 0 0 0 0
347 0 0 0 0
348 0 0 0 0
349 0 0 0 0
350 0 0 0 0
351 0 0 0 0
352 0 0 0 0
353 0 0 0 0
354 0 0 0 0
355 0 0 0 0
356 0 0 0 0
357 0 0 0 0
358 0 0 0 0
359 0 0 0 0
360 0 0 0 0
361 0 0 0 0
362 0 0 0 0
363 0 0 0 0
364 0 0 0 0
365 0 0 0 0
366 0 0 0 0
367 0 0 0 0
368 0 0 0 0
369 0 0 0 0
370 0 0 0 0
371 0 0 0 0
372 0 0 0 0
373 0 0 0 0
374 0 0 0 0
375 0 0 0 0
376 0 0 0 0
377 0 0 0 0
378 0 0 0 0
379 0 0 0 0
380 0 0 0 0
381 0 0 0 0
382 0 0 0 0
383 0 0 0 0
384 0 0 0 0
385 0 0 0 0
386 0 0 0 0
387 0 0 0 0
388 0 0 0 0
389 0 0 0 0
390 0 0 0 0
391 0 0 0 0
392 0 0 0 0
393 0 0 0 0
394 0 0 0 0
395 0 0 0 0
396 0 0 0 0
397 0 0 0 0
398 0 0 0 0
399 0 0 0 0
400 0 0 0 0
401 0 0 0 0
402 0 0 0 0
403 0 0 0 0
404 0 0 0 0
405 0 0 0 0
406 0 0 0 0
407 0 0 0 0
408 0 0 0 0
409 0 0 0 0
410 0 0 0 0
411 0 0 0 0
412 0 0 0 0
413 0 0 0 0
414 0 0 0 0
415 0 0 0 0
416 0 0 0 0
417 0 0 0 0
418 0 0 0 0
419 0 0 0 0
420 0 0 0 0
421 0 0 0 0
422 0 0 0 0
423 0 0 0 0
424 0 0 0 0
425 0 0 0 0
426 0 0 0 0
427 0 0 0 0
428 0 0 0 0
429 0 0 0 0
430 0 0 0 0
431 0 0 0 0
432 0 0 0 0
433 0 0 0 0
434 0 0 0 0
435 0 0 0 0
436 0 0 0 0
437 0 0 0 0
438 0 0 0 0
439 0 0 0 0
440 0 0 0 0
441 0 0 0 0
442 0 0 0 0
443 0 0 0 0
444 0 0 0 0
445 0 0 0 0
446 0 0 0 0
447 0 0 0 0
448 0 0 0 0
449 0 0 0 0
450 0 0 0 0
451 0 0 0 0
452 0 0 0 0
453 0 0 0 0
454 0 0 0 0
455 0 0 0 0
456 0 0 0 0
457 0 0 0 0
458 0 0 0 0
459 0 0 0 0
460 0 0 0 0
461 0 0 0 0
462 0 0 0 0
463 0 0 0 0
464 0 0 0 0
465 0 0 0 0
466 0 0 0 0
467 0 0 0 0
468 0 0 0 0
469 0 0 0 0
470 0 0 0 0
471 0 0 0 0
472 0 0 0 0
473 0 0 0 0
474 0 0 0 0
475 0 0 0 0
476 0 0 0 0
477 0 0 0 0
478 0 0 0 0
479 0 0 0 0
480 0 0 0 0
481 0 0 0 0
482 0 0 0 0
483 0 0 0 0
484 0 0 0 0
485 0 0 0 0
486 0 0 0 0
487 0 0 0 0
488 0 0 0 0
489 0 0 0 0
490 0 0 0 0
491 0 0 0 0
492 0 0 0 0
493 0 0 0 0
494 0 0 0 0
495 0 0 0 0
496 0 0 0 0
497 0 0 0 0
498 0 0 0 0
499 0 0 0 0
500 0 0 0 0
501 0 0 0 0
502 0 0 0 0
503 0 0 0 0
504 0 0 0 0
505 0 0 0 0
506 0 0 0 0
507 0 0 0 0
508 0 0 0 0
509 0 0 0 0
510 0 0 0 0
511 0 0 0 0
512 0 0 0 0
513 0 0 0 0
514 0 0 0 0
515 0 0 0 0
516 0 0 0 0
517 0 0 0 0
518 0 0 0 0
519 0 0 0 0
520 0 0 0 0
521 0 0 0 0
522 0 0 0 0
523 0 0 0 0
524 0 0 0 0
525 0 0 0 0
526 0 0 0 0
527 0 0 0 0
528 0 0 0 0
529 0 0 0 0
530 0 0 0 0
531 0 0 0 0
532 0 0 0 0
533 0 0 0 0
534 0 0 0 0
535 0 0 0 0
536 0 0 0 0
537 0 0 0 0
538 0 0 0 0
539 0 0 0 0
540 0 0 0 0
541 0 0 0 0
542 0 0 0 0
543 0 0 0 0
544 0 0 0 0
545 0 0 0 0
546 0 0 0 0
547 0 0 0 0
548 0 0 0 0
549 0 0 0 0
550 0 0 0 0
551 0 0 0 0
552 0 0 0 0
553 0 0 0 0
554 0 0 0 0
555 0 0 0 0
556 0 0 0 0
557 0 0 0 0
558 0 0 0 0
559 0 0 0 0
560 0 0 0 0
561 0 0 0 0
562 0 0 0 0
563 0 0 0 0
564 0 0 0 0
565 0 0 0 0
566 0 0 0 0
567 0 0 0 0
568 0 0 0 0
569 0 0 0 0
570 0 0 0 0
571 0 0 0 0
572 0 0 0 0
573 0 0 0 0
574 0 0 0 0
575 0 0 0 0
576 0 0 0 0
577 0 0 0 0
578 0 0 0 0
579 0 0 0 0
580 0 0 0 0
581 0 0 0 0
582 0 0 0 0
583 0 0 0 0
584 0 0 0 0
585 0 0 0 0
586 0 0 0 0
587 0 0 0 0
588 0 0 0 0
589 0 0 0 0
590 0 0 0 0
591 0 0 0 0
592 0 0 0 0
593 0 0 0 0
594 0 0 0 0
595 0 0 0 0
596 0 0 0 0
597 0 0 0 0
598 0 0 0 0
599 0 0 0 0
600 0 0 0 0
601 0 0 0 0
602 0 0 0 0
603 0 0 0 0
604 0 0 0 0
605 0 0 0 0
606 0 0 0 0
607 0 0 0 0
608 0 0 0 0
609 0 0 0 0
610 0 0 0 0
611 0 0 0 0
612 0 0 0 0
613 0 0 0 0
614 0 0 0 0
615 0 0 0 0
616 0 0 0 0
617 0 0 0 0
618 0 0 0 0
619 0 0 0 0
620 0 0 0 0
621 0 0 0 0
622 0 0 0 0
623 0 0 0 0
624 0 0 0 0
625 0 0 0 0
626 0 0 0 0
627 0 0 0 0
628 0 0 0 0
629 0 0 0 0
630 0 0 0 0
631 0 0 0 0
632 0 0 0 0
633 0 0 0 0
634 0 0 0 0
635 0 0 0 0
636 0 0 0 0
637 0 0 0 0
638 0 0 0 0
639 0 0 0 0
640 0 0 0 0
641 0 0 0 0
642 0 0 0 0
643 0 0 0 0
644 0 0 0 0
645 0 0 0 0
646 0 0 0 0
647 0 0 0 0
648 0 0 0 0
649 0 0 0 0
650 0 0 0 0
651 0 0 0 0
652 0 0 0 0
653 0 0 0 0
654 0 0 0 0
655 0 0 0 0
656 0 0 0 0
657 0 0 0 0
658 0 0 0 0
659 0 0 0 0
660 0 0 0 0
661 0 0 0 0
662 0 0 0 0
663 0 0 0 0
664 0 0 0 0
665 0 0 0 0
666 0 0 0 0
667 0 0 0 0
668 0 0 0 0
669 0 0 0 0
670 0 0 0 0
671 0 0 0 0
672 0 0 0 0
673 0 0 0 0
674 0 0 0 0
675 0 0 0 0
676 0 0 0 0
677 0 0 0 0
678 0 0 0 0
679 0 0 0 0
680 0 0 0 0
681 0 0 0 0
682 0 0 0 0
683 0 0 0 0
684 0 0 0 0
685 0 0 0 0
686 0 0 0 0
687 0 0 0 0
688 0 0 0 0
689 0 0 0 0
690 0 0 0 0
691 0 0 0 0
692 0 0 0 0
693 0 0 0 0
694 0 0 0 0
695 0 0 0 0
696 0 0 0 0
697 0 0 0 0
698 0 0 0 0
699 0 0 0 0
700 0 0 0 0
701 0 0 0 0
702 0 0 0 0
703 0 0 0 0
704 0 0 0 0
705 0 0 0 0
706 0 0 0 0
707 0 0 0 0
708 0 0 0 0
709 0 0 0 0
710 0 0 0 0
711 0 0 0 0
712 0 0 0 0
713 0 0 0 0
714 0 0 0 0
715 0 0 0 0
716 0 0 0 0
717 0 0 0 0
718 0 0 0 0
719 0 0 0 0
720 0 0 0 0
721 0 0 0 0
722 0 0 0 0
723 0 0 0 0
724 0 0 0 0
725 0 0 0 0
726 0 0 0 0
727 0 0 0 0
