0 0 0 0 0
1 0 0 0 0
2 0 0 0 0
3 0 0 0 0
4 0 0 0 0
5 0 2 1 0
6 0 0 0 0
7 0 0 0 0
8 0 0 0 0
9 0 1 1 1
10 0 0 0 0
11 0 0 0 0
12 0 0 0 2
13 0 0 0 1
14 0 0 0 0
15 0 0 0 0
16 0 0 0 1
17 0 0 0 0
18 0 0 0 0
19 0 0 0 0
20 1 0 0 0
21 1 0 0 0
22 2 0 0 0
23 2 0 0 0
24 0 0 0 0
25 2 1 0 0
26 1 0 0 0
27 2 2 0 0
28 2 1 0 0
29 1 0 0 1
30 1 1 0 0
31 2 0 1 1
32 0 1 0 1
33 0 0 2 0
34 2 1 1 2
35 1 0 2 0
36 1 0 2 1
37 1 0 0 0
38 0 1 0 1
39 1 0 0 1
40 3 1 0 3
41 0 0 1 2
42 0 0 0 1
43 1 0 2 1
44 2 0 1 1
45 2 1 2 2
46 2 0 1 0
47 2 0 0 0
48 1 1 0 0
49 3 1 2 0
50 2 2 0 3
51 3 2 0 1
52 3 0 0 3
53 3 1 0 2
54 2 1 0 1
55 4 0 1 2
56 5 2 3 1
57 3 1 0 1
58 5 2 1 1
59 2 2 1 0
60 5 1 2 3
61 3 2 2 2
62 5 3 2 3
63 4 2 1 4
64 4 1 1 1
65 4 3 4 2
66 3 1 0 4
67 1 4 2 2
68 2 1 0 6
69 2 1 1 5
70 4 5 2 4
71 4 2 1 1
72 3 3 0 5
73 6 2 3 0
74 6 0 0 9
75 6 3 0 2
76 9 2 1 5
77 12 0 2 3
78 4 4 0 1
79 6 3 2 3
80 7 4 1 6
81 3 0 3 2
82 10 7 3 3
83 2 2 3 3
84 4 4 1 4
85 9 6 4 4
86 5 5 3 8
87 5 4 4 4
88 4 3 3 2
89 8 3 3 10
90 8 3 2 6
91 12 5 4 7
92 4 2 0 8
93 7 1 2 7
94 3 4 9 8
95 7 3 3 10
96 10 5 2 4
97 12 2 2 4
98 6 1 1 11
99 11 3 1 5
100 8 6 2 4
101 5 6 4 8
102 8 7 3 4
103 9 4 1 6
104 10 11 3 7
105 19 3 1 4
106 6 6 4 4
107 11 6 3 7
108 5 4 2 14
109 10 8 3 8
110 6 9 3 5
111 9 4 1 12
112 6 8 4 6
113 9 3 4 15
114 7 6 7 8
115 8 3 2 6
116 7 4 3 11
117 10 3 3 11
118 5 6 7 7
119 10 6 2 6
120 8 6 2 8
121 12 6 1 9
122 16 4 7 8
123 15 4 1 7
124 15 6 5 5
125 17 8 3 10
126 15 5 5 7
127 12 11 1 9
128 12 6 6 12
129 21 6 3 13
130 15 13 6 9
131 11 9 6 8
132 13 6 3 15
133 10 10 5 9
134 8 11 5 17
135 8 7 8 9
136 18 7 5 10
137 17 7 5 14
138 17 9 7 19
139 13 6 4 12
140 20 7 4 13
141 12 8 6 13
142 15 8 2 17
143 18 7 8 11
144 12 4 9 10
145 10 14 8 11
146 14 9 6 14
147 23 4 9 17
148 24 10 6 21
149 24 14 4 11
150 18 9 3 11
151 21 11 7 12
152 25 12 6 23
153 25 14 3 14
154 21 6 8 12
155 15 10 4 16
156 27 17 7 19
157 18 11 11 15
158 20 17 13 15
159 32 18 6 19
160 28 12 5 25
161 28 13 12 24
162 32 9 10 20
163 27 11 6 15
164 27 16 16 16
165 26 13 13 23
166 18 9 13 27
167 27 17 9 14
168 23 10 15 32
169 32 28 9 24
170 30 15 16 24
171 31 15 10 27
172 20 15 11 25
173 26 5 8 25
174 27 16 12 31
175 32 17 7 25
176 24 16 12 33
177 25 17 8 24
178 35 19 7 22
179 34 14 11 23
180 29 21 9 23
181 24 9 17 27
182 27 17 12 28
183 40 20 13 22
184 33 17 9 24
185 40 18 7 24
186 29 12 14 27
187 37 21 6 40
188 33 26 15 27
189 33 22 10 29
190 36 23 9 21
191 24 16 8 25
192 28 27 11 35
193 39 19 17 27
194 31 17 12 32
195 37 29 16 32
196 40 18 12 42
197 30 18 12 35
198 30 21 18 22
199 31 15 17 39
200 28 19 6 40
201 29 16 16 31
202 33 26 15 39
203 26 19 10 29
204 26 21 15 30
205 21 21 10 36
206 35 18 9 33
207 21 18 12 29
208 29 16 15 33
209 25 22 12 35
210 20 14 8 25
211 20 24 12 27
212 13 14 7 28
213 15 15 10 34
214 9 11 10 30
215 12 16 8 37
216 16 11 12 23
217 7 18 8 23
218 16 19 6 29
219 9 6 6 24
220 14 9 7 27
221 11 9 7 25
222 12 7 5 20
223 11 8 5 13
224 15 9 1 24
225 11 4 9 25
226 10 7 4 16
227 11 9 4 11
228 12 6 5 14
229 7 8 7 6
230 13 5 1 13
231 6 8 3 10
232 10 6 6 14
233 8 7 4 12
234 12 6 5 6
235 5 8 4 13
236 9 7 3 11
237 5 9 4 11
238 11 3 1 14
239 2 4 7 16
240 7 2 4 11
241 5 4 3 9
242 4 5 3 7
243 3 9 3 11
244 3 3 2 10
245 4 4 2 5
246 5 0 1 10
247 5 5 2 8
248 4 1 1 6
249 2 4 2 4
250 6 4 1 6
251 7 2 2 7
252 5 3 1 6
253 1 2 1 5
254 3 2 4 3
255 3 7 0 3
256 5 4 4 3
257 4 4 1 7
258 1 1 0 3
259 4 2 2 7
260 2 1 2 6
261 3 3 1 4
262 3 1 1 4
263 0 1 1 5
264 2 1 2 6
265 1 3 0 2
266 1 1 0 3
267 1 0 0 1
268 1 2 1 5
269 0 1 2 2
270 0 3 0 3
271 1 2 1 1
272 1 0 1 3
273 0 2 0 2
274 0 1 0 1
275 1 0 0 2
276 0 1 0 2
277 1 0 1 3
278 1 0 0 3
279 0 0 0 0
280 0 1 1 1
281 1 0 0 2
282 1 0 0 0
283 0 1 0 1
284 0 0 0 0
285 1 0 0 0
286 0 1 1 0
287 0 1 0 2
288 0 0 0 0
289 3 0 0 0
290 0 0 0 2
291 1 0 0 1
292 0 0 0 0
293 0 0 0 1
294 0 1 2 0
295 1 0 0 0
296 0 1 0 0
297 0 0 0 0
298 0 1 0 2
299 0 0 0 0
300 0 1 0 0
301 0 0 0 1
302 0 0 0 0
303 0 0 0 1
304 0 0 0 1
305 0 0 0 1
306 0 0 0 0
307 0 0 0 0
308 1 0 0 0
309 1 0 0 0
310 0 0 0 0
311 0 0 0 0
312 0 0 0 0
313 0 1 0 0
314 1 0 1 0
315 0 0 0 0
316 0 0 0 0
317 0 0 0 1
318 0 0 0 1
319 0 0 0 0
320 0 0 0 0
321 0 0 0 0
322 0 0 0 0
323 0 1 0 0
324 0 0 0 0
325 0 0 0 0
326 0 0 0 0
327 0 0 0 0
328 0 0 0 0
329 0 0 0 0
330 0 0 0 1
331 0 0 0 0
332 0 0 0 0
333 0 0 0 0
334 0 0 0 0
335 0 0 0 0
336 0 0 0 0
337 0 0 0 0
338 0 0 0 0
339 0 0 0 0
340 0 0 0 0
341 0 0 0 0
342 0 0 0 0
343 0 0 0 0
344 0 0 0 0
345 0 0 0 0
346 0 0 0 0
347 0 0 0 0
348 0 0 0 0
349 0 0 0 0
350 0 0 0 0
351 0 0 0 0
352 0 0 0 0
353 0 0 0 0
354 0 0 0 0
355 0 0 0 0
356 0 0 0 0
357 0 0 0 0
358 0 0 0 0
359 0 0 0 0
360 0 0 0 0
361 0 0 0 0
362 0 0 0 0
363 0 0 0 0
364 0 0 0 0
365 0 0 0 0
366 0 0 0 0
367 0 0 0 0
368 0 0 0 0
369 0 0 0 0
370 0 0 0 0
371 0 0 0 0
372 0 0 0 0
373 0 0 0 0
374 0 0 0 0
375 0 0 0 0
376 0 0 0 0
377 0 0 0 0
378 0 0 0 0
379 0 0 0 0
380 0 0 0 0
381 0 0 0 0
382 0 0 0 0
383 0 0 0 0
384 0 0 0 0
385 0 0 0 0
386 0 0 0 0
387 0 0 0 0
388 0 0 0 0
389 0 0 0 0
390 0 0 0 0
391 0 0 0 0
392 0 0 0 0
393 0 0 0 0
394 0 0 0 0
395 0 0 0 0
396 0 0 0 0
397 0 0 0 0
398 0 0 0 0
399 0 0 0 0
400 0 0 0 0
401 0 0 0 0
402 0 0 0 0
403 0 0 0 0
404 0 0 0 0
405 0 0 0 0
406 0 0 0 0
407 0 0 0 0
408 0 0 0 0
409 0 0 0 0
410 0 0 0 0
411 0 0 0 0
412 0 0 0 0
413 0 0 0 0
414 0 0 0 0
415 0 0 0 0
416 0 0 0 0
417 0 0 0 0
418 0 0 0 0
419 0 0 0 0
420 0 0 0 0
421 0 0 0 0
422 0 0 0 0
423 0 0 0 0
424 0 0 0 0
425 0 0 0 0
426 0 0 0 0
427 0 0 0 0
428 0 0 0 0
429 0 0 0 0
430 0 0 0 0
431 0 0 0 0
432 0 0 0 0
433 0 0 0 0
434 0 0 0 0
435 0 0 0 0
436 0 0 0 0
437 0 0 0 0
438 0 0 0 0
439 0 0 0 0
440 0 0 0 0
441 0 0 0 0
442 0 0 0 0
443 0 0 0 0
444 0 0 0 0
445 0 0 0 0
446 0 0 0 0
447 0 0 0 0
448 0 0 0 0
449 0 0 0 0
450 0 0 0 0
451 0 0 0 0
452 0 0 0 0
453 0 0 0 0
454 0 0 0 0
455 0 0 0 0
456 0 0 0 0
457 0 0 0 0
458 0 0 0 0
459 0 0 0 0
460 0 0 0 0
461 0 0 0 0
462 0 0 0 0
463 0 0 0 0
464 0 0 0 0
465 0 0 0 0
466 0 0 0 0
467 0 0 0 0
468 0 0 0 0
469 0 0 0 0
470 0 0 0 0
471 0 0 0 0
472 0 0 0 0
473 0 0 0 0
474 0 0 0 0
475 0 0 0 0
476 0 0 0 0
477 0 0 0 0
478 0 0 0 0
479 0 0 0 0
480 0 0 0 0
481 0 0 0 0
482 0 0 0 0
483 0 0 0 0
484 0 0 0 0
485 0 0 0 0
486 0 0 0 0
487 0 0 0 0
488 0 0 0 0
489 0 0 0 0
490 0 0 0 0
491 0 0 0 0
492 0 0 0 0
493 0 0 0 0
494 0 0 0 0
495 0 0 0 0
496 0 0 0 0
497 0 0 0 0
498 0 0 0 0
499 0 0 0 0
500 0 0 0 0
501 0 0 0 0
502 0 0 0 0
503 0 0 0 0
504 0 0 0 0
505 0 0 0 0
506 0 0 0 0
507 0 0 0 0
508 0 0 0 0
509 0 0 0 0
510 0 0 0 0
511 0 0 0 0
512 0 0 0 0
513 0 0 0 0
514 0 0 0 0
515 0 0 0 0
516 0 0 0 0
517 0 0 0 0
518 0 0 0 0
519 0 0 0 0
520 0 0 0 0
521 0 0 0 0
522 0 0 0 0
523 0 0 0 0
524 0 0 0 0
525 0 0 0 0
526 0 0 0 0
527 0 0 0 0
528 0 0 0 0
529 0 0 0 0
530 0 0 0 0
531 0 0 0 0
532 0 0 0 0
533 0 0 0 0
534 0 0 0 0
535 0 0 0 0
536 0 0 0 0
537 0 0 0 0
538 0 0 0 0
539 0 0 0 0
540 0 0 0 0
541 0 0 0 0
542 0 0 0 0
543 0 0 0 0
544 0 0 0 0
545 0 0 0 0
546 0 0 0 0
547 0 0 0 0
548 0 0 0 0
549 0 0 0 0
550 0 0 0 0
551 0 0 0 0
552 0 0 0 0
553 0 0 0 0
554 0 0 0 0
555 0 0 0 0
556 0 0 0 0
557 0 0 0 0
558 0 0 0 0
559 0 0 0 0
560 0 0 0 0
561 0 0 0 0
562 0 0 0 0
563 0 0 0 0
564 0 0 0 0
565 0 0 0 0
566 0 0 0 0
567 0 0 0 0
568 0 0 0 0
569 0 0 0 0
570 0 0 0 0
571 0 0 0 0
572 0 0 0 0
573 0 0 0 0
574 0 0 0 0
575 0 0 0 0
576 0 0 0 0
577 0 0 0 0
578 0 0 0 0
579 0 0 0 0
580 0 0 0 0
581 0 0 0 0
582 0 0 0 0
583 0 0 0 0
584 0 0 0 0
585 0 0 0 0
586 0 0 0 0
587 0 0 0 0
588 0 0 0 0
589 0 0 0 0
590 0 0 0 0
591 0 0 0 0
592 0 0 0 0
593 0 0 0 0
594 0 0 0 0
595 0 0 0 0
596 0 0 0 0
597 0 0 0 0
598 0 0 0 0
599 0 0 0 0
600 0 0 0 0
601 0 0 0 0
602 0 0 0 0
603 0 0 0 0
604 0 0 0 0
605 0 0 0 0
606 0 0 0 0
607 0 0 0 0
608 0 0 0 0
609 0 0 0 0
610 0 0 0 0
611 0 0 0 0
612 0 0 0 0
613 0 0 0 0
614 0 0 0 0
615 0 0 0 0
616 0 0 0 0
617 0 0 0 0
618 0 0 0 0
619 0 0 0 0
620 0 0 0 0
621 0 0 0 0
622 0 0 0 0
623 0 0 0 0
624 0 0 0 0
625 0 0 0 0
626 0 0 0 0
627 0 0 0 0
628 0 0 0 0
629 0 0 0 0
630 0 0 0 0
631 0 0 0 0
632 0 0 0 0
633 0 0 0 0
634 0 0 0 0
635 0 0 0 0
636 0 0 0 0
637 0 0 0 0
638 0 0 0 0
639 0 0 0 0
640 0 0 0 0
641 0 0 0 0
642 0 0 0 0
643 0 0 0 0
644 0 0 0 0
645 0 0 0 0
646 0 0 0 0
647 0 0 0 0
648 0 0 0 0
649 0 0 0 0
650 0 0 0 0
651 0 0 0 0
652 0 0 0 0
653 0 0 0 0
654 0 0 0 0
655 0 0 0 0
656 0 0 0 0
657 0 0 0 0
658 0 0 0 0
659 0 0 0 0
660 0 0 0 0
661 0 0 0 0
662 0 0 0 0
663 0 0 0 0
664 0 0 0 0
665 0 0 0 0
666 0 0 0 0
667 0 0 0 0
668 0 0 0 0
669 0 0 0 0
670 0 0 0 0
671 0 0 0 0
672 0 0 0 0
673 0 0 0 0
674 0 0 0 0
675 0 0 0 0
676 0 0 0 0
677 0 0 0 0
678 0 0 0 0
679 0 0 0 0
680 0 0 0 0
681 0 0 0 0
682 0 0 0 0
683 0 0 0 0
684 0 0 0 0
685 0 0 0 0
686 0 0 0 0
687 0 0 0 0
688 0 0 0 0
689 0 0 0 0
690 0 0 0 0
691 0 0 0 0
692 0 0 0 0
693 0 0 0 0
694 0 0 0 0
695 0 0 0 0
696 0 0 0 0
697 0 0 0 0
698 0 0 0 0
699 0 0 0 0
700 0 0 0 0
701 0 0 0 0
702 0 0 0 0
703 0 0 0 0
704 0 0 0 0
705 0 0 0 0
706 0 0 0 0
707 0 0 0 0
708 0 0 0 0
709 0 0 0 0
710 0 0 0 0
711 0 0 0 0
712 0 0 0 0
713 0 0 0 0
714 0 0 0 0
715 0 0 0 0
716 0 0 0 0
717 0 0 0 0
718 0 0 0 0
719 0 0 0 0
720 0 0 0 0
721 0 0 0 0
722 0 0 0 0
723 0 0 0 0
724 0 0 0 0
725 0 0 0 0
726 0 0 0 0
727 0 0 0 0
