0 0 0 0 0
1 0 0 0 0
2 0 0 0 0
3 0 0 0 0
4 0 0 0 0
5 0 3 0 0
6 0 1 0 0
7 1 0 0 0
8 0 0 0 0
9 0 0 1 1
10 0 0 0 1
11 0 0 0 0
12 0 0 0 1
13 0 0 0 2
14 0 0 0 0
15 0 0 0 0
16 1 1 0 0
17 0 0 0 0
18 0 0 0 0
19 0 0 0 0
20 1 0 0 1
21 2 0 0 0
22 1 0 0 0
23 1 0 0 0
24 1 0 0 0
25 1 1 1 0
26 1 0 1 0
27 0 0 0 0
28 1 0 1 0
29 1 0 0 2
30 1 2 0 1
31 0 0 2 0
32 1 0 0 0
33 0 1 1 0
34 0 1 0 0
35 0 0 1 2
36 0 0 0 0
37 0 0 1 4
38 3 0 0 2
39 0 0 0 1
40 1 0 0 0
41 1 0 0 0
42 2 0 0 0
43 1 0 0 0
44 3 0 0 1
45 0 0 0 0
46 3 1 0 0
47 1 2 2 0
48 1 1 0 0
49 2 2 0 0
50 4 0 0 0
51 1 2 1 4
52 0 0 1 0
53 1 2 0 1
54 1 0 1 0
55 1 4 0 3
56 0 0 0 3
57 0 0 1 0
58 0 0 1 2
59 0 2 0 1
60 0 2 0 2
61 3 0 0 1
62 5 1 0 4
63 3 0 0 1
64 0 0 0 1
65 3 0 0 0
66 2 1 1 2
67 3 3 1 1
68 5 2 1 0
69 2 0 0 0
70 5 0 1 0
71 3 1 1 2
72 3 0 1 1
73 2 2 0 3
74 2 2 3 2
75 3 2 2 1
76 2 4 1 0
77 3 2 1 1
78 4 0 0 5
79 5 4 1 5
80 5 0 1 3
81 1 1 2 4
82 2 1 1 0
83 5 3 2 7
84 4 4 3 2
85 1 4 0 2
86 4 1 1 2
87 4 1 0 2
88 6 3 1 6
89 8 3 2 4
90 4 1 0 5
91 5 1 4 1
92 1 1 3 4
93 4 5 0 4
94 0 6 0 1
95 8 1 2 5
96 2 4 0 2
97 6 2 0 3
98 5 2 4 4
99 6 1 1 6
100 9 1 6 6
101 4 0 0 5
102 6 3 1 4
103 9 0 0 2
104 8 3 3 7
105 6 6 1 3
106 4 5 3 5
107 6 3 7 1
108 7 5 2 4
109 1 6 2 5
110 5 2 2 4
111 7 2 4 5
112 6 2 5 7
113 5 1 1 6
114 8 0 5 7
115 14 3 1 6
116 9 5 2 13
117 14 5 5 2
118 9 3 0 7
119 7 4 0 3
120 10 6 5 7
121 11 5 4 5
122 9 7 3 3
123 6 5 3 5
124 5 8 1 11
125 7 5 3 9
126 8 8 2 5
127 6 7 5 12
128 10 7 0 7
129 6 4 4 12
130 17 7 0 8
131 12 2 6 11
132 15 3 5 6
133 12 3 3 6
134 11 4 4 10
135 13 8 4 7
136 7 6 5 9
137 6 9 6 6
138 12 3 5 8
139 16 10 5 11
140 14 8 3 10
141 11 10 4 9
142 10 6 5 11
143 11 5 3 14
144 12 6 11 14
145 10 3 3 9
146 13 3 2 11
147 13 9 4 11
148 15 8 3 18
149 18 11 5 9
150 15 3 5 7
151 15 4 7 12
152 14 10 6 9
153 21 6 4 12
154 15 10 4 15
155 19 7 4 8
156 16 6 3 12
157 30 13 1 8
158 19 12 10 13
159 19 8 7 14
160 16 11 11 9
161 11 12 8 15
162 24 16 9 17
163 18 12 7 11
164 14 9 11 19
165 16 9 5 21
166 19 8 10 19
167 13 8 11 21
168 15 9 7 20
169 22 7 9 19
170 22 12 6 15
171 18 14 8 16
172 18 13 3 21
173 21 8 6 15
174 32 11 8 16
175 30 14 10 18
176 29 7 10 22
177 29 10 5 22
178 24 8 9 23
179 24 15 11 18
180 30 14 14 14
181 31 13 12 15
182 27 16 9 22
183 18 13 13 18
184 29 13 11 20
185 26 23 15 16
186 26 21 8 30
187 30 15 18 26
188 34 13 8 30
189 30 14 12 30
190 25 17 11 26
191 27 7 6 31
192 28 11 7 28
193 24 15 19 32
194 31 17 10 30
195 31 24 12 20
196 32 23 16 22
197 34 13 12 29
198 31 13 13 20
199 39 15 11 24
200 30 10 15 35
201 29 21 14 28
202 33 20 13 34
203 17 16 13 36
204 21 21 15 27
205 27 20 10 20
206 20 19 10 29
207 15 20 10 23
208 22 18 11 44
209 15 14 7 34
210 27 16 12 28
211 18 13 15 37
212 17 13 7 29
213 15 13 9 24
214 17 11 4 22
215 15 14 9 31
216 14 7 9 23
217 17 13 4 23
218 11 10 8 19
219 14 14 9 18
220 14 10 2 18
221 7 12 8 16
222 13 12 7 23
223 15 5 6 20
224 12 7 9 16
225 9 5 4 20
226 10 6 4 16
227 14 6 8 15
228 4 9 3 15
229 7 8 8 16
230 13 5 5 11
231 10 10 3 17
232 3 11 6 11
233 8 7 1 12
234 9 6 3 10
235 6 9 4 11
236 6 8 1 16
237 5 1 3 10
238 5 3 2 8
239 4 7 3 15
240 6 9 2 4
241 11 1 4 8
242 3 2 3 10
243 5 4 2 13
244 0 1 2 9
245 2 6 0 9
246 2 8 0 4
247 2 2 1 8
248 3 3 1 3
249 5 1 1 5
250 3 2 6 9
251 4 2 1 3
252 4 4 1 6
253 4 1 0 3
254 2 2 1 3
255 5 2 1 3
256 1 1 3 5
257 6 3 0 6
258 0 3 2 1
259 4 0 1 3
260 5 4 0 4
261 8 2 2 6
262 0 2 1 4
263 2 1 1 1
264 4 2 2 1
265 4 2 1 6
266 5 4 5 2
267 3 0 0 5
268 1 2 1 2
269 3 1 3 3
270 2 5 1 9
271 1 3 1 1
272 2 2 0 4
273 1 1 0 6
274 1 1 1 5
275 2 3 1 4
276 4 3 0 1
277 4 2 0 2
278 1 2 0 1
279 3 0 1 4
280 4 0 1 2
281 1 0 2 2
282 2 2 3 3
283 1 0 1 1
284 3 2 0 1
285 1 2 3 3
286 3 0 1 7
287 1 0 0 1
288 2 1 1 2
289 1 1 1 4
290 1 1 0 0
291 2 2 1 0
292 0 0 1 3
293 1 4 0 1
294 1 0 2 1
295 1 2 0 2
296 1 2 0 3
297 4 0 0 2
298 1 1 0 2
299 1 2 0 2
300 0 1 1 3
301 1 1 0 1
302 0 1 0 1
303 1 1 0 3
304 0 0 1 1
305 2 0 0 1
306 2 2 1 0
307 2 0 0 1
308 0 1 0 1
309 1 0 0 1
310 0 2 0 2
311 0 1 1 0
312 0 0 1 1
313 0 0 0 2
314 0 0 0 0
315 1 1 0 0
316 0 0 1 1
317 1 0 0 2
318 1 1 0 2
319 0 0 0 0
320 0 0 0 0
321 0 0 0 0
322 0 0 0 1
323 0 1 0 1
324 0 1 0 0
325 1 0 0 1
326 1 0 1 0
327 1 0 0 1
328 0 0 0 0
329 1 0 0 0
330 1 0 0 0
331 1 0 0 1
332 1 0 1 0
333 0 0 0 1
334 1 1 1 0
335 0 1 1 0
336 0 1 0 1
337 0 0 0 0
338 0 0 0 1
339 0 0 0 0
340 0 0 0 1
341 0 1 0 1
342 0 0 0 2
343 0 0 1 0
344 0 0 0 0
345 0 0 0 0
346 0 0 0 0
347 0 0 0 0
348 1 0 0 1
349 0 0 0 0
350 0 0 0 1
351 1 0 0 0
352 0 0 0 0
353 1 0 0 0
354 1 0 0 0
355 0 0 0 0
356 0 1 0 0
357 0 0 1 0
358 0 1 0 0
359 0 0 1 0
360 0 0 0 1
361 0 0 0 1
362 0 0 0 0
363 0 0 0 1
364 0 0 0 0
365 0 0 0 1
366 0 0 0 0
367 0 0 0 0
368 0 0 0 0
369 0 0 0 0
370 0 0 0 0
371 0 0 0 0
372 0 0 0 0
373 0 0 0 0
374 0 0 0 0
375 0 0 0 0
376 1 0 0 0
377 0 0 0 0
378 1 0 0 0
379 0 0 0 0
380 0 0 0 0
381 0 1 0 0
382 0 0 0 0
383 0 1 0 0
384 0 0 0 0
385 0 0 0 1
386 0 0 0 0
387 0 0 0 0
388 0 0 0 0
389 0 0 0 0
390 0 0 0 1
391 0 0 0 0
392 0 0 0 0
393 0 0 0 0
394 0 0 0 0
395 0 0 0 0
396 0 0 0 0
397 0 0 0 0
398 0 0 0 0
399 0 0 0 0
400 0 0 0 0
401 0 0 0 0
402 0 0 0 0
403 0 0 0 0
404 0 0 0 0
405 0 0 0 0
406 0 0 0 0
407 0 0 0 0
408 0 0 0 0
409 0 0 0 0
410 0 0 0 0
411 0 0 0 0
412 0 0 0 0
413 0 0 0 0
414 0 0 0 0
415 0 0 0 0
416 0 0 0 0
417 0 0 0 0
418 0 0 0 0
419 0 0 0 0
420 0 0 0 0
421 0 0 0 0
422 0 0 0 0
423 0 0 0 0
424 0 0 0 0
425 0 0 0 0
426 0 0 0 0
427 0 0 0 0
428 0 0 0 0
429 0 0 0 0
430 0 0 0 0
431 0 0 0 0
432 0 0 0 0
433 0 0 0 0
434 0 0 0 0
435 0 0 0 0
436 0 0 0 0
437 0 0 0 0
438 0 0 0 0
439 0 0 0 0
440 0 0 0 0
441 0 0 0 0
442 0 0 0 0
443 0 0 0 0
444 0 0 0 0
445 0 0 0 0
446 0 0 0 0
447 0 0 0 0
448 0 0 0 0
449 0 0 0 0
450 0 0 0 0
451 0 0 0 0
452 0 0 0 0
453 0 0 0 0
454 0 0 0 0
455 0 0 0 0
456 0 0 0 0
457 0 0 0 0
458 0 0 0 0
459 0 0 0 0
460 0 0 0 0
461 0 0 0 0
462 0 0 0 0
463 0 0 0 0
464 0 0 0 0
465 0 0 0 0
466 0 0 0 0
467 0 0 0 0
468 0 0 0 0
469 0 0 0 0
470 0 0 0 0
471 0 0 0 0
472 0 0 0 0
473 0 0 0 0
474 0 0 0 0
475 0 0 0 0
476 0 0 0 0
477 0 0 0 0
478 0 0 0 0
479 0 0 0 0
480 0 0 0 0
481 0 0 0 0
482 0 0 0 0
483 0 0 0 0
484 0 0 0 0
485 0 0 0 0
486 0 0 0 0
487 0 0 0 0
488 0 0 0 0
489 0 0 0 0
490 0 0 0 0
491 0 0 0 0
492 0 0 0 0
493 0 0 0 0
494 0 0 0 0
495 0 0 0 0
496 0 0 0 0
497 0 0 0 0
498 0 0 0 0
499 0 0 0 0
500 0 0 0 0
501 0 0 0 0
502 0 0 0 0
503 0 0 0 0
504 0 0 0 0
505 0 0 0 0
506 0 0 0 0
507 0 0 0 0
508 0 0 0 0
509 0 0 0 0
510 0 0 0 0
511 0 0 0 0
512 0 0 0 0
513 0 0 0 0
514 0 0 0 0
515 0 0 0 0
516 0 0 0 0
517 0 0 0 0
518 0 0 0 0
519 0 0 0 0
520 0 0 0 0
521 0 0 0 0
522 0 0 0 0
523 0 0 0 0
524 0 0 0 0
525 0 0 0 0
526 0 0 0 0
527 0 0 0 0
528 0 0 0 0
529 0 0 0 0
530 0 0 0 0
531 0 0 0 0
532 0 0 0 0
533 0 0 0 0
534 0 0 0 0
535 0 0 0 0
536 0 0 0 0
537 0 0 0 0
538 0 0 0 0
539 0 0 0 0
540 0 0 0 0
541 0 0 0 0
542 0 0 0 0
543 0 0 0 0
544 0 0 0 0
545 0 0 0 0
546 0 0 0 0
547 0 0 0 0
548 0 0 0 0
549 0 0 0 0
550 0 0 0 0
551 0 0 0 0
552 0 0 0 0
553 0 0 0 0
554 0 0 0 0
555 0 0 0 0
556 0 0 0 0
557 0 0 0 0
558 0 0 0 0
559 0 0 0 0
560 0 0 0 0
561 0 0 0 0
562 0 0 0 0
563 0 0 0 0
564 0 0 0 0
565 0 0 0 0
566 0 0 0 0
567 0 0 0 0
568 0 0 0 0
569 0 0 0 0
570 0 0 0 0
571 0 0 0 0
572 0 0 0 0
573 0 0 0 0
574 0 0 0 0
575 0 0 0 0
576 0 0 0 0
577 0 0 0 0
578 0 0 0 0
579 0 0 0 0
580 0 0 0 0
581 0 0 0 0
582 0 0 0 0
583 0 0 0 0
584 0 0 0 0
585 0 0 0 0
586 0 0 0 0
587 0 0 0 0
588 0 0 0 0
589 0 0 0 0
590 0 0 0 0
591 0 0 0 0
592 0 0 0 0
593 0 0 0 0
594 0 0 0 0
595 0 0 0 0
596 0 0 0 0
597 0 0 0 0
598 0 0 0 0
599 0 0 0 0
600 0 0 0 0
601 0 0 0 0
602 0 0 0 0
603 0 0 0 0
604 0 0 0 0
605 0 0 0 0
606 0 0 0 0
607 0 0 0 0
608 0 0 0 0
609 0 0 0 0
610 0 0 0 0
611 0 0 0 0
612 0 0 0 0
613 0 0 0 0
614 0 0 0 0
615 0 0 0 0
616 0 0 0 0
617 0 0 0 0
618 0 0 0 0
619 0 0 0 0
620 0 0 0 0
621 0 0 0 0
622 0 0 0 0
623 0 0 0 0
624 0 0 0 0
625 0 0 0 0
626 0 0 0 0
627 0 0 0 0
628 0 0 0 0
629 0 0 0 0
630 0 0 0 0
631 0 0 0 0
632 0 0 0 0
633 0 0 0 0
634 0 0 0 0
635 0 0 0 0
636 0 0 0 0
637 0 0 0 0
638 0 0 0 0
639 0 0 0 0
640 0 0 0 0
641 0 0 0 0
642 0 0 0 0
643 0 0 0 0
644 0 0 0 0
645 0 0 0 0
646 0 0 0 0
647 0 0 0 0
648 0 0 0 0
649 0 0 0 0
650 0 0 0 0
651 0 0 0 0
652 0 0 0 0
653 0 0 0 0
654 0 0 0 0
655 0 0 0 0
656 0 0 0 0
657 0 0 0 0
658 0 0 0 0
659 0 0 0 0
660 0 0 0 0
661 0 0 0 0
662 0 0 0 0
663 0 0 0 0
664 0 0 0 0
665 0 0 0 0
666 0 0 0 0
667 0 0 0 0
668 0 0 0 0
669 0 0 0 0
670 0 0 0 0
671 0 0 0 0
672 0 0 0 0
673 0 0 0 0
674 0 0 0 0
675 0 0 0 0
676 0 0 0 0
677 0 0 0 0
678 0 0 0 0
679 0 0 0 0
680 0 0 0 0
681 0 0 0 0
682 0 0 0 0
683 0 0 0 0
684 0 0 0 0
685 0 0 0 0
686 0 0 0 0
687 0 0 0 0
688 0 0 0 0
689 0 0 0 0
690 0 0 0 0
691 0 0 0 0
692 0 0 0 0
693 0 0 0 0
694 0 0 0 0
695 0 0 0 0
696 0 0 0 0
697 0 0 0 0
698 0 0 0 0
699 0 0 0 0
700 0 0 0 0
701 0 0 0 0
702 0 0 0 0
703 0 0 0 0
704 0 0 0 0
705 0 0 0 0
706 0 0 0 0
707 0 0 0 0
708 0 0 0 0
709 0 0 0 0
710 0 0 0 0
711 0 0 0 0
712 0 0 0 0
713 0 0 0 0
714 0 0 0 0
715 0 0 0 0
716 0 0 0 0
717 0 0 0 0
718 0 0 0 0
719 0 0 0 0
720 0 0 0 0
721 0 0 0 0
722 0 0 0 0
723 0 0 0 0
724 0 0 0 0
725 0 0 0 0
726 0 0 0 0
727 0 0 0 0
