0 0 0 0 0
1 0 0 0 0
2 0 0 0 0
3 0 0 0 0
4 0 0 0 0
5 0 1 2 0
6 0 0 0 0
7 0 0 0 0
8 0 0 0 0
9 0 1 1 1
10 0 0 0 0
11 0 0 0 0
12 0 0 0 2
13 0 0 0 0
14 0 0 0 0
15 0 0 0 1
16 2 0 0 1
17 0 0 0 0
18 1 0 0 0
19 0 0 0 0
20 1 0 0 0
21 0 0 2 0
22 0 0 0 0
23 1 0 0 0
24 2 0 0 0
25 0 1 0 0
26 1 0 0 0
27 1 1 0 0
28 1 0 1 2
29 0 0 1 1
30 0 0 0 0
31 0 1 0 1
32 0 1 1 0
33 1 0 0 1
34 0 0 0 0
35 0 0 0 2
36 1 0 0 1
37 0 1 0 0
38 0 0 1 0
39 0 0 0 1
40 1 0 0 0
41 1 0 1 0
42 0 0 0 1
43 1 0 0 0
44 0 0 0 1
45 0 0 1 1
46 0 0 0 0
47 0 0 0 0
48 0 0 0 0
49 0 0 0 1
50 2 0 1 0
51 0 0 0 0
52 1 0 1 0
53 1 0 0 0
54 0 0 0 0
55 3 1 1 0
56 1 0 0 0
57 2 1 0 1
58 2 0 0 0
59 1 0 0 2
60 0 0 2 0
61 2 1 0 1
62 1 2 0 1
63 2 1 1 0
64 1 1 1 2
65 1 0 0 0
66 0 2 0 1
67 1 1 0 2
68 0 1 0 2
69 1 0 0 1
70 1 1 0 0
71 2 0 0 2
72 0 1 0 0
73 1 1 0 2
74 1 1 1 0
75 1 1 0 1
76 2 1 1 1
77 2 0 0 2
78 2 0 0 1
79 3 0 1 1
80 2 1 1 2
81 0 0 0 1
82 2 1 1 0
83 2 2 0 1
84 4 0 1 1
85 2 1 1 0
86 3 1 1 1
87 0 0 0 3
88 0 1 1 1
89 2 1 1 2
90 3 1 0 1
91 1 3 1 0
92 0 1 0 2
93 0 3 0 2
94 2 4 0 2
95 1 1 1 3
96 0 0 1 0
97 1 0 0 2
98 1 0 0 3
99 2 3 0 4
100 1 0 0 1
101 0 0 0 2
102 1 0 0 0
103 2 1 1 4
104 0 0 1 0
105 2 0 1 0
106 1 1 0 0
107 1 0 0 1
108 5 2 1 0
109 3 0 0 1
110 2 0 1 2
111 2 1 0 1
112 2 1 1 2
113 0 2 1 0
114 1 2 1 1
115 0 0 1 2
116 0 0 2 1
117 2 1 3 3
118 2 0 1 2
119 0 1 0 2
120 3 1 0 2
121 1 0 0 2
122 1 1 0 0
123 1 1 2 0
124 2 0 0 4
125 1 1 1 1
126 0 0 1 1
127 2 1 0 1
128 3 0 0 0
129 1 0 1 2
130 2 1 1 2
131 2 0 0 0
132 1 2 1 1
133 0 1 2 1
134 2 2 0 3
135 2 0 1 0
136 3 1 0 3
137 1 2 0 1
138 2 0 0 1
139 0 1 1 2
140 1 2 1 2
141 2 1 1 3
142 2 0 1 0
143 1 0 1 0
144 2 1 0 2
145 3 1 1 1
146 3 1 0 2
147 2 3 0 2
148 5 0 0 1
149 3 1 0 2
150 2 1 0 2
151 2 1 1 3
152 3 1 0 1
153 4 2 2 0
154 5 2 2 1
155 5 2 0 2
156 0 1 2 1
157 2 3 1 3
158 2 1 2 3
159 1 3 1 2
160 4 0 2 2
161 0 0 1 2
162 3 2 1 2
163 6 1 3 4
164 2 3 1 5
165 2 3 0 3
166 2 0 1 4
167 3 1 1 3
168 1 1 3 2
169 4 2 0 5
170 6 1 0 0
171 3 4 0 3
172 3 2 2 3
173 6 1 0 1
174 8 1 0 2
175 9 1 3 3
176 7 0 2 3
177 6 1 1 0
178 11 6 3 3
179 3 4 2 6
180 8 3 3 2
181 7 5 1 2
182 5 2 2 4
183 1 9 4 6
184 2 4 2 2
185 2 4 1 5
186 3 5 2 4
187 5 5 3 11
188 4 1 1 5
189 2 4 2 7
190 3 4 1 10
191 4 1 1 11
192 5 3 1 5
193 3 2 1 7
194 15 2 0 5
195 8 4 0 3
196 8 2 0 4
197 10 2 3 3
198 8 2 1 0
199 7 4 4 4
200 10 4 5 2
201 9 2 3 3
202 5 4 3 2
203 3 5 4 4
204 9 4 2 10
205 5 6 3 9
206 5 5 3 10
207 7 4 4 6
208 5 5 1 5
209 6 7 5 5
210 3 4 4 11
211 5 2 3 9
212 3 4 0 10
213 4 3 2 10
214 3 2 3 7
215 6 2 2 5
216 12 3 5 6
217 3 3 1 6
218 6 3 2 2
219 6 1 2 4
220 7 2 1 6
221 4 5 4 4
222 4 2 0 2
223 3 4 1 8
224 5 3 3 2
225 5 5 6 8
226 6 4 0 3
227 7 4 3 4
228 2 2 3 8
229 2 2 2 6
230 2 4 1 6
231 0 2 3 6
232 4 4 3 7
233 1 1 1 5
234 5 2 0 5
235 2 0 3 4
236 1 0 2 5
237 2 2 2 8
238 2 3 0 4
239 3 1 1 3
240 1 0 1 1
241 1 2 1 4
242 1 0 1 2
243 4 4 1 2
244 1 0 2 1
245 3 1 0 5
246 4 1 1 0
247 1 1 0 6
248 5 2 2 4
249 3 0 0 0
250 2 2 0 2
251 1 5 0 1
252 1 2 1 5
253 0 1 1 1
254 0 2 1 0
255 0 2 1 2
256 0 0 0 2
257 1 2 3 4
258 1 0 0 4
259 1 0 0 4
260 2 1 0 0
261 0 0 0 4
262 1 0 1 1
263 1 0 0 0
264 0 0 0 3
265 1 0 1 0
266 0 0 0 0
267 0 2 0 0
268 2 1 0 0
269 0 0 1 1
270 0 1 0 0
271 0 0 0 2
272 0 0 1 1
273 1 0 1 0
274 1 0 0 0
275 2 0 0 1
276 1 0 0 1
277 0 1 0 1
278 0 1 0 0
279 0 0 0 1
280 1 0 0 1
281 1 0 0 0
282 0 1 0 0
283 1 0 1 0
284 1 0 1 1
285 0 0 2 1
286 1 0 0 0
287 1 0 0 2
288 0 0 0 0
289 0 0 1 0
290 0 1 0 0
291 0 0 0 1
292 0 1 1 2
293 2 0 0 0
294 1 0 0 0
295 0 1 0 0
296 1 0 0 1
297 0 0 0 1
298 0 0 1 0
299 0 1 0 3
300 0 0 0 0
301 0 0 0 0
302 0 1 0 0
303 0 0 0 0
304 2 0 0 0
305 1 0 1 1
306 2 0 0 2
307 2 0 0 0
308 0 0 0 0
309 1 1 0 0
310 0 1 0 0
311 0 0 0 0
312 0 0 2 1
313 0 1 0 0
314 1 1 0 0
315 1 2 0 0
316 0 0 0 1
317 0 0 0 2
318 1 0 0 1
319 0 0 0 3
320 0 0 0 0
321 0 0 0 0
322 0 0 0 1
323 0 1 2 0
324 0 0 0 0
325 0 0 0 0
326 0 0 0 0
327 1 0 0 2
328 1 0 0 0
329 0 0 0 0
330 0 0 0 1
331 0 0 0 0
332 2 1 0 0
333 0 1 0 0
334 0 0 0 0
335 0 0 0 0
336 1 0 0 1
337 0 1 0 1
338 0 0 0 0
339 0 0 0 0
340 0 0 0 0
341 0 1 1 0
342 0 0 0 0
343 0 0 0 0
344 0 0 0 1
345 0 0 0 1
346 0 0 0 0
347 0 0 0 0
348 0 0 0 1
349 0 0 0 0
350 0 0 0 0
351 0 0 0 0
352 0 0 0 0
353 0 0 0 0
354 0 0 0 0
355 0 0 0 0
356 0 0 0 0
357 0 0 0 0
358 0 0 0 0
359 0 0 0 0
360 0 0 0 0
361 0 0 0 0
362 0 0 0 0
363 0 0 0 0
364 0 0 0 0
365 0 0 0 0
366 0 0 0 0
367 0 0 0 0
368 0 0 0 0
369 0 0 0 0
370 0 0 0 0
371 0 0 0 0
372 0 0 0 0
373 0 0 0 0
374 0 0 0 0
375 0 0 0 0
376 0 0 0 0
377 0 0 0 0
378 0 0 0 0
379 0 0 0 0
380 0 0 0 0
381 0 0 0 0
382 0 0 0 0
383 0 0 0 0
384 0 0 0 0
385 0 0 0 0
386 0 0 0 0
387 0 0 0 0
388 0 0 0 0
389 0 0 0 0
390 0 0 0 0
391 0 0 0 0
392 0 0 0 0
393 0 0 0 0
394 0 0 0 0
395 0 0 0 0
396 0 0 0 0
397 0 0 0 0
398 0 0 0 0
399 0 0 0 0
400 0 0 0 0
401 0 0 0 0
402 0 0 0 0
403 0 0 0 0
404 0 0 0 0
405 0 0 0 0
406 0 0 0 0
407 0 0 0 0
408 0 0 0 0
409 0 0 0 0
410 0 0 0 0
411 0 0 0 0
412 0 0 0 0
413 0 0 0 0
414 0 0 0 0
415 0 0 0 0
416 0 0 0 0
417 0 0 0 0
418 0 0 0 0
419 0 0 0 0
420 0 0 0 0
421 0 0 0 0
422 0 0 0 0
423 0 0 0 0
424 0 0 0 0
425 0 0 0 0
426 0 0 0 0
427 0 0 0 0
428 0 0 0 0
429 0 0 0 0
430 0 0 0 0
431 0 0 0 0
432 0 0 0 0
433 0 0 0 0
434 0 0 0 0
435 0 0 0 0
436 0 0 0 0
437 0 0 0 0
438 0 0 0 0
439 0 0 0 0
440 0 0 0 0
441 0 0 0 0
442 0 0 0 0
443 0 0 0 0
444 0 0 0 0
445 0 0 0 0
446 0 0 0 0
447 0 0 0 0
448 0 0 0 0
449 0 0 0 0
450 0 0 0 0
451 0 0 0 0
452 0 0 0 0
453 0 0 0 0
454 0 0 0 0
455 0 0 0 0
456 0 0 0 0
457 0 0 0 0
458 0 0 0 0
459 0 0 0 0
460 0 0 0 0
461 0 0 0 0
462 0 0 0 0
463 0 0 0 0
464 0 0 0 0
465 0 0 0 0
466 0 0 0 0
467 0 0 0 0
468 0 0 0 0
469 0 0 0 0
470 0 0 0 0
471 0 0 0 0
472 0 0 0 0
473 0 0 0 0
474 0 0 0 0
475 0 0 0 0
476 0 0 0 0
477 0 0 0 0
478 0 0 0 0
479 0 0 0 0
480 0 0 0 0
481 0 0 0 0
482 0 0 0 0
483 0 0 0 0
484 0 0 0 0
485 0 0 0 0
486 0 0 0 0
487 0 0 0 0
488 0 0 0 0
489 0 0 0 0
490 0 0 0 0
491 0 0 0 0
492 0 0 0 0
493 0 0 0 0
494 0 0 0 0
495 0 0 0 0
496 0 0 0 0
497 0 0 0 0
498 0 0 0 0
499 0 0 0 0
500 0 0 0 0
501 0 0 0 0
502 0 0 0 0
503 0 0 0 0
504 0 0 0 0
505 0 0 0 0
506 0 0 0 0
507 0 0 0 0
508 0 0 0 0
509 0 0 0 0
510 0 0 0 0
511 0 0 0 0
512 0 0 0 0
513 0 0 0 0
514 0 0 0 0
515 0 0 0 0
516 0 0 0 0
517 0 0 0 0
518 0 0 0 0
519 0 0 0 0
520 0 0 0 0
521 0 0 0 0
522 0 0 0 0
523 0 0 0 0
524 0 0 0 0
525 0 0 0 0
526 0 0 0 0
527 0 0 0 0
528 0 0 0 0
529 0 0 0 0
530 0 0 0 0
531 0 0 0 0
532 0 0 0 0
533 0 0 0 0
534 0 0 0 0
535 0 0 0 0
536 0 0 0 0
537 0 0 0 0
538 0 0 0 0
539 0 0 0 0
540 0 0 0 0
541 0 0 0 0
542 0 0 0 0
543 0 0 0 0
544 0 0 0 0
545 0 0 0 0
546 0 0 0 0
547 0 0 0 0
548 0 0 0 0
549 0 0 0 0
550 0 0 0 0
551 0 0 0 0
552 0 0 0 0
553 0 0 0 0
554 0 0 0 0
555 0 0 0 0
556 0 0 0 0
557 0 0 0 0
558 0 0 0 0
559 0 0 0 0
560 0 0 0 0
561 0 0 0 0
562 0 0 0 0
563 0 0 0 0
564 0 0 0 0
565 0 0 0 0
566 0 0 0 0
567 0 0 0 0
568 0 0 0 0
569 0 0 0 0
570 0 0 0 0
571 0 0 0 0
572 0 0 0 0
573 0 0 0 0
574 0 0 0 0
575 0 0 0 0
576 0 0 0 0
577 0 0 0 0
578 0 0 0 0
579 0 0 0 0
580 0 0 0 0
581 0 0 0 0
582 0 0 0 0
583 0 0 0 0
584 0 0 0 0
585 0 0 0 0
586 0 0 0 0
587 0 0 0 0
588 0 0 0 0
589 0 0 0 0
590 0 0 0 0
591 0 0 0 0
592 0 0 0 0
593 0 0 0 0
594 0 0 0 0
595 0 0 0 0
596 0 0 0 0
597 0 0 0 0
598 0 0 0 0
599 0 0 0 0
600 0 0 0 0
601 0 0 0 0
602 0 0 0 0
603 0 0 0 0
604 0 0 0 0
605 0 0 0 0
606 0 0 0 0
607 0 0 0 0
608 0 0 0 0
609 0 0 0 0
610 0 0 0 0
611 0 0 0 0
612 0 0 0 0
613 0 0 0 0
614 0 0 0 0
615 0 0 0 0
616 0 0 0 0
617 0 0 0 0
618 0 0 0 0
619 0 0 0 0
620 0 0 0 0
621 0 0 0 0
622 0 0 0 0
623 0 0 0 0
624 0 0 0 0
625 0 0 0 0
626 0 0 0 0
627 0 0 0 0
628 0 0 0 0
629 0 0 0 0
630 0 0 0 0
631 0 0 0 0
632 0 0 0 0
633 0 0 0 0
634 0 0 0 0
635 0 0 0 0
636 0 0 0 0
637 0 0 0 0
638 0 0 0 0
639 0 0 0 0
640 0 0 0 0
641 0 0 0 0
642 0 0 0 0
643 0 0 0 0
644 0 0 0 0
645 0 0 0 0
646 0 0 0 0
647 0 0 0 0
648 0 0 0 0
649 0 0 0 0
650 0 0 0 0
651 0 0 0 0
652 0 0 0 0
653 0 0 0 0
654 0 0 0 0
655 0 0 0 0
656 0 0 0 0
657 0 0 0 0
658 0 0 0 0
659 0 0 0 0
660 0 0 0 0
661 0 0 0 0
662 0 0 0 0
663 0 0 0 0
664 0 0 0 0
665 0 0 0 0
666 0 0 0 0
667 0 0 0 0
668 0 0 0 0
669 0 0 0 0
670 0 0 0 0
671 0 0 0 0
672 0 0 0 0
673 0 0 0 0
674 0 0 0 0
675 0 0 0 0
676 0 0 0 0
677 0 0 0 0
678 0 0 0 0
679 0 0 0 0
680 0 0 0 0
681 0 0 0 0
682 0 0 0 0
683 0 0 0 0
684 0 0 0 0
685 0 0 0 0
686 0 0 0 0
687 0 0 0 0
688 0 0 0 0
689 0 0 0 0
690 0 0 0 0
691 0 0 0 0
692 0 0 0 0
693 0 0 0 0
694 0 0 0 0
695 0 0 0 0
696 0 0 0 0
697 0 0 0 0
698 0 0 0 0
699 0 0 0 0
700 0 0 0 0
701 0 0 0 0
702 0 0 0 0
703 0 0 0 0
704 0 0 0 0
705 0 0 0 0
706 0 0 0 0
707 0 0 0 0
708 0 0 0 0
709 0 0 0 0
710 0 0 0 0
711 0 0 0 0
712 0 0 0 0
713 0 0 0 0
714 0 0 0 0
715 0 0 0 0
716 0 0 0 0
717 0 0 0 0
718 0 0 0 0
719 0 0 0 0
720 0 0 0 0
721 0 0 0 0
722 0 0 0 0
723 0 0 0 0
724 0 0 0 0
725 0 0 0 0
726 0 0 0 0
727 0 0 0 0
