0 0 0 0 0
1 0 0 0 0
2 0 0 0 0
3 0 0 0 0
4 0 0 0 0
5 0 3 0 0
6 0 1 1 0
7 0 0 0 0
8 0 0 0 0
9 0 0 0 2
10 0 0 0 2
11 0 0 0 0
12 0 0 0 1
13 0 0 0 0
14 0 0 0 0
15 0 0 0 0
16 0 0 0 0
17 1 0 0 0
18 1 0 0 0
19 0 0 0 0
20 0 0 0 0
21 1 0 0 0
22 0 0 0 0
23 1 1 0 0
24 1 0 0 0
25 0 0 0 0
26 2 1 0 0
27 2 0 0 1
28 1 0 0 0
29 1 1 0 0
30 1 1 0 1
31 2 0 0 0
32 0 0 2 0
33 1 1 0 1
34 0 0 0 0
35 1 1 2 0
36 2 3 1 1
37 1 0 0 2
38 0 1 0 0
39 0 0 0 3
40 1 1 0 2
41 0 0 0 0
42 0 0 1 2
43 0 0 0 2
44 0 0 0 1
45 0 1 1 0
46 1 0 0 0
47 0 0 0 0
48 2 0 0 0
49 1 1 0 2
50 1 0 0 0
51 1 0 0 0
52 3 0 0 1
53 1 1 1 0
54 2 0 0 0
55 2 0 1 0
56 2 1 0 1
57 1 2 1 1
58 2 1 0 0
59 1 2 1 1
60 3 1 0 2
61 3 0 0 1
62 0 2 0 1
63 0 0 0 1
64 2 1 1 2
65 5 2 0 0
66 3 1 0 3
67 0 0 3 1
68 0 0 0 0
69 1 2 1 2
70 1 3 1 0
71 1 1 1 5
72 2 0 0 1
73 3 0 1 3
74 2 2 1 2
75 2 1 0 1
76 1 1 0 1
77 1 0 1 3
78 2 1 1 4
79 3 2 1 0
80 3 0 0 1
81 1 1 0 0
82 1 2 0 2
83 4 1 0 1
84 2 3 2 1
85 3 0 1 2
86 2 0 1 3
87 1 2 0 1
88 2 1 1 3
89 4 4 0 2
90 3 2 1 1
91 3 1 1 2
92 3 2 1 1
93 2 0 1 3
94 1 1 2 4
95 1 1 1 2
96 3 3 0 3
97 2 1 1 2
98 3 2 1 2
99 3 0 3 2
100 2 1 0 1
101 4 4 0 2
102 2 1 1 3
103 7 1 0 3
104 6 0 1 2
105 1 1 0 3
106 2 4 0 4
107 5 2 1 2
108 5 3 0 3
109 3 5 0 0
110 4 1 2 3
111 2 0 1 3
112 4 2 5 3
113 3 1 4 6
114 3 0 1 1
115 3 5 1 1
116 3 1 1 2
117 4 5 0 5
118 4 1 3 2
119 6 1 0 6
120 4 1 2 3
121 1 4 2 2
122 6 3 1 9
123 4 3 2 1
124 7 4 1 4
125 2 1 1 4
126 4 1 1 0
127 11 3 1 5
128 6 2 2 7
129 6 3 4 5
130 5 0 0 3
131 7 3 2 3
132 7 4 2 3
133 9 5 1 4
134 5 3 3 2
135 10 1 3 2
136 12 5 4 6
137 17 3 5 2
138 11 3 3 5
139 6 5 2 6
140 11 5 2 6
141 5 7 6 10
142 7 6 9 5
143 5 3 3 12
144 7 6 2 6
145 9 4 4 10
146 8 7 4 11
147 9 6 5 6
148 8 4 2 14
149 11 8 3 10
150 10 3 3 10
151 11 6 4 9
152 13 3 3 7
153 10 3 3 8
154 19 6 7 7
155 12 5 3 5
156 14 7 4 9
157 10 6 4 6
158 18 4 4 13
159 17 8 5 9
160 15 7 4 8
161 22 5 7 16
162 9 7 6 9
163 18 11 6 11
164 16 10 7 10
165 14 6 6 9
166 18 10 5 14
167 10 7 8 14
168 11 8 7 16
169 15 7 10 13
170 13 9 9 11
171 14 7 4 15
172 10 11 3 10
173 11 7 7 19
174 12 12 6 13
175 10 9 7 15
176 11 5 1 17
177 16 7 0 16
178 14 8 5 17
179 18 6 9 14
180 18 14 3 12
181 19 12 6 10
182 22 10 4 18
183 27 11 4 9
184 12 8 7 11
185 19 5 6 18
186 19 10 8 12
187 18 10 3 18
188 19 9 8 17
189 18 6 8 14
190 16 10 5 12
191 14 14 4 11
192 20 14 9 16
193 18 10 9 21
194 15 15 9 13
195 15 13 3 16
196 19 11 10 16
197 27 10 7 22
198 22 9 6 16
199 18 9 6 21
200 20 9 7 20
201 21 18 5 23
202 15 8 10 15
203 21 15 9 11
204 17 7 7 21
205 16 12 6 16
206 14 16 8 20
207 14 15 7 19
208 14 11 11 19
209 16 13 8 20
210 15 14 2 24
211 13 11 4 19
212 12 12 5 17
213 17 10 5 20
214 15 6 8 17
215 14 7 6 23
216 10 10 4 24
217 10 8 3 18
218 11 10 4 12
219 12 11 5 9
220 10 10 5 12
221 7 7 5 15
222 11 7 8 19
223 10 9 5 19
224 7 10 3 11
225 6 6 5 12
226 11 5 2 14
227 10 11 3 18
228 10 7 3 11
229 6 4 3 14
230 4 4 1 8
231 7 5 5 13
232 9 5 7 12
233 9 6 6 8
234 6 5 3 9
235 4 4 2 8
236 7 4 3 10
237 12 6 2 9
238 8 2 2 10
239 3 1 3 7
240 5 4 1 11
241 2 5 1 6
242 6 6 5 6
243 3 6 3 4
244 5 3 1 6
245 2 3 1 4
246 2 4 3 10
247 3 5 2 7
248 3 3 1 6
249 2 6 2 3
250 4 1 3 5
251 3 3 1 8
252 2 1 1 4
253 2 1 2 12
254 3 0 0 5
255 2 1 1 5
256 1 2 0 2
257 2 2 1 2
258 2 2 1 2
259 0 1 2 1
260 2 3 0 4
261 1 0 1 3
262 1 0 2 1
263 1 2 2 1
264 0 0 1 2
265 0 1 1 5
266 1 1 0 2
267 3 1 0 3
268 2 0 0 1
269 2 1 0 0
270 0 0 0 4
271 0 1 0 2
272 1 2 2 1
273 4 0 2 1
274 1 0 2 0
275 2 0 1 1
276 0 0 0 2
277 1 0 0 1
278 0 2 0 2
279 0 0 0 2
280 1 2 0 1
281 1 1 0 1
282 2 1 1 1
283 0 0 1 0
284 0 0 0 1
285 0 0 1 2
286 0 2 0 1
287 1 0 0 1
288 1 0 0 0
289 0 0 0 1
290 0 0 0 2
291 1 1 1 0
292 1 0 0 1
293 0 1 0 1
294 0 0 0 0
295 0 0 0 1
296 2 2 0 0
297 2 0 1 0
298 1 0 0 1
299 0 0 0 0
300 0 0 0 2
301 0 0 1 0
302 0 1 0 0
303 0 2 0 1
304 0 0 0 1
305 2 0 1 1
306 1 0 0 1
307 2 0 0 1
308 0 0 0 0
309 0 0 0 0
310 0 0 1 1
311 0 0 0 0
312 0 1 0 1
313 0 0 0 0
314 0 0 1 0
315 0 1 0 0
316 0 0 1 0
317 0 0 0 1
318 0 0 0 0
319 0 0 0 2
320 1 0 0 0
321 0 0 0 1
322 0 0 0 0
323 0 0 0 1
324 0 0 0 0
325 0 0 0 0
326 0 0 0 0
327 0 0 0 0
328 0 0 0 0
329 0 0 1 0
330 0 0 0 0
331 0 0 0 0
332 0 0 0 0
333 0 0 0 0
334 0 0 0 0
335 1 0 0 0
336 0 0 0 1
337 0 0 0 0
338 0 0 0 0
339 0 0 0 0
340 0 1 0 0
341 0 0 0 0
342 0 0 0 0
343 0 0 0 0
344 0 0 0 0
345 0 0 0 0
346 0 0 0 0
347 0 0 0 1
348 0 0 0 0
349 0 0 0 0
350 0 0 0 0
351 0 0 0 0
352 0 0 0 0
353 0 0 0 0
354 0 0 0 0
355 0 0 0 0
356 0 0 0 0
357 0 0 0 0
358 0 0 0 0
359 0 0 0 0
360 0 0 0 0
361 0 0 0 0
362 0 0 0 0
363 0 0 0 0
364 0 0 0 0
365 0 0 0 0
366 0 0 0 0
367 0 0 0 0
368 0 0 0 0
369 0 0 0 0
370 0 0 0 0
371 0 0 0 0
372 0 0 0 0
373 0 0 0 0
374 0 0 0 0
375 0 0 0 0
376 0 0 0 0
377 0 0 0 0
378 0 0 0 0
379 0 0 0 0
380 0 0 0 0
381 0 0 0 0
382 0 0 0 0
383 0 0 0 0
384 0 0 0 0
385 0 0 0 0
386 0 0 0 0
387 0 0 0 0
388 0 0 0 0
389 0 0 0 0
390 0 0 0 0
391 0 0 0 0
392 0 0 0 0
393 0 0 0 0
394 0 0 0 0
395 0 0 0 0
396 0 0 0 0
397 0 0 0 0
398 0 0 0 0
399 0 0 0 0
400 0 0 0 0
401 0 0 0 0
402 0 0 0 0
403 0 0 0 0
404 0 0 0 0
405 0 0 0 0
406 0 0 0 0
407 0 0 0 0
408 0 0 0 0
409 0 0 0 0
410 0 0 0 0
411 0 0 0 0
412 0 0 0 0
413 0 0 0 0
414 0 0 0 0
415 0 0 0 0
416 0 0 0 0
417 0 0 0 0
418 0 0 0 0
419 0 0 0 0
420 0 0 0 0
421 0 0 0 0
422 0 0 0 0
423 0 0 0 0
424 0 0 0 0
425 0 0 0 0
426 0 0 0 0
427 0 0 0 0
428 0 0 0 0
429 0 0 0 0
430 0 0 0 0
431 0 0 0 0
432 0 0 0 0
433 0 0 0 0
434 0 0 0 0
435 0 0 0 0
436 0 0 0 0
437 0 0 0 0
438 0 0 0 0
439 0 0 0 0
440 0 0 0 0
441 0 0 0 0
442 0 0 0 0
443 0 0 0 0
444 0 0 0 0
445 0 0 0 0
446 0 0 0 0
447 0 0 0 0
448 0 0 0 0
449 0 0 0 0
450 0 0 0 0
451 0 0 0 0
452 0 0 0 0
453 0 0 0 0
454 0 0 0 0
455 0 0 0 0
456 0 0 0 0
457 0 0 0 0
458 0 0 0 0
459 0 0 0 0
460 0 0 0 0
461 0 0 0 0
462 0 0 0 0
463 0 0 0 0
464 0 0 0 0
465 0 0 0 0
466 0 0 0 0
467 0 0 0 0
468 0 0 0 0
469 0 0 0 0
470 0 0 0 0
471 0 0 0 0
472 0 0 0 0
473 0 0 0 0
474 0 0 0 0
475 0 0 0 0
476 0 0 0 0
477 0 0 0 0
478 0 0 0 0
479 0 0 0 0
480 0 0 0 0
481 0 0 0 0
482 0 0 0 0
483 0 0 0 0
484 0 0 0 0
485 0 0 0 0
486 0 0 0 0
487 0 0 0 0
488 0 0 0 0
489 0 0 0 0
490 0 0 0 0
491 0 0 0 0
492 0 0 0 0
493 0 0 0 0
494 0 0 0 0
495 0 0 0 0
496 0 0 0 0
497 0 0 0 0
498 0 0 0 0
499 0 0 0 0
500 0 0 0 0
501 0 0 0 0
502 0 0 0 0
503 0 0 0 0
504 0 0 0 0
505 0 0 0 0
506 0 0 0 0
507 0 0 0 0
508 0 0 0 0
509 0 0 0 0
510 0 0 0 0
511 0 0 0 0
512 0 0 0 0
513 0 0 0 0
514 0 0 0 0
515 0 0 0 0
516 0 0 0 0
517 0 0 0 0
518 0 0 0 0
519 0 0 0 0
520 0 0 0 0
521 0 0 0 0
522 0 0 0 0
523 0 0 0 0
524 0 0 0 0
525 0 0 0 0
526 0 0 0 0
527 0 0 0 0
528 0 0 0 0
529 0 0 0 0
530 0 0 0 0
531 0 0 0 0
532 0 0 0 0
533 0 0 0 0
534 0 0 0 0
535 0 0 0 0
536 0 0 0 0
537 0 0 0 0
538 0 0 0 0
539 0 0 0 0
540 0 0 0 0
541 0 0 0 0
542 0 0 0 0
543 0 0 0 0
544 0 0 0 0
545 0 0 0 0
546 0 0 0 0
547 0 0 0 0
548 0 0 0 0
549 0 0 0 0
550 0 0 0 0
551 0 0 0 0
552 0 0 0 0
553 0 0 0 0
554 0 0 0 0
555 0 0 0 0
556 0 0 0 0
557 0 0 0 0
558 0 0 0 0
559 0 0 0 0
560 0 0 0 0
561 0 0 0 0
562 0 0 0 0
563 0 0 0 0
564 0 0 0 0
565 0 0 0 0
566 0 0 0 0
567 0 0 0 0
568 0 0 0 0
569 0 0 0 0
570 0 0 0 0
571 0 0 0 0
572 0 0 0 0
573 0 0 0 0
574 0 0 0 0
575 0 0 0 0
576 0 0 0 0
577 0 0 0 0
578 0 0 0 0
579 0 0 0 0
580 0 0 0 0
581 0 0 0 0
582 0 0 0 0
583 0 0 0 0
584 0 0 0 0
585 0 0 0 0
586 0 0 0 0
587 0 0 0 0
588 0 0 0 0
589 0 0 0 0
590 0 0 0 0
591 0 0 0 0
592 0 0 0 0
593 0 0 0 0
594 0 0 0 0
595 0 0 0 0
596 0 0 0 0
597 0 0 0 0
598 0 0 0 0
599 0 0 0 0
600 0 0 0 0
601 0 0 0 0
602 0 0 0 0
603 0 0 0 0
604 0 0 0 0
605 0 0 0 0
606 0 0 0 0
607 0 0 0 0
608 0 0 0 0
609 0 0 0 0
610 0 0 0 0
611 0 0 0 0
612 0 0 0 0
613 0 0 0 0
614 0 0 0 0
615 0 0 0 0
616 0 0 0 0
617 0 0 0 0
618 0 0 0 0
619 0 0 0 0
620 0 0 0 0
621 0 0 0 0
622 0 0 0 0
623 0 0 0 0
624 0 0 0 0
625 0 0 0 0
626 0 0 0 0
627 0 0 0 0
628 0 0 0 0
629 0 0 0 0
630 0 0 0 0
631 0 0 0 0
632 0 0 0 0
633 0 0 0 0
634 0 0 0 0
635 0 0 0 0
636 0 0 0 0
637 0 0 0 0
638 0 0 0 0
639 0 0 0 0
640 0 0 0 0
641 0 0 0 0
642 0 0 0 0
643 0 0 0 0
644 0 0 0 0
645 0 0 0 0
646 0 0 0 0
647 0 0 0 0
648 0 0 0 0
649 0 0 0 0
650 0 0 0 0
651 0 0 0 0
652 0 0 0 0
653 0 0 0 0
654 0 0 0 0
655 0 0 0 0
656 0 0 0 0
657 0 0 0 0
658 0 0 0 0
659 0 0 0 0
660 0 0 0 0
661 0 0 0 0
662 0 0 0 0
663 0 0 0 0
664 0 0 0 0
665 0 0 0 0
666 0 0 0 0
667 0 0 0 0
668 0 0 0 0
669 0 0 0 0
670 0 0 0 0
671 0 0 0 0
672 0 0 0 0
673 0 0 0 0
674 0 0 0 0
675 0 0 0 0
676 0 0 0 0
677 0 0 0 0
678 0 0 0 0
679 0 0 0 0
680 0 0 0 0
681 0 0 0 0
682 0 0 0 0
683 0 0 0 0
684 0 0 0 0
685 0 0 0 0
686 0 0 0 0
687 0 0 0 0
688 0 0 0 0
689 0 0 0 0
690 0 0 0 0
691 0 0 0 0
692 0 0 0 0
693 0 0 0 0
694 0 0 0 0
695 0 0 0 0
696 0 0 0 0
697 0 0 0 0
698 0 0 0 0
699 0 0 0 0
700 0 0 0 0
701 0 0 0 0
702 0 0 0 0
703 0 0 0 0
704 0 0 0 0
705 0 0 0 0
706 0 0 0 0
707 0 0 0 0
708 0 0 0 0
709 0 0 0 0
710 0 0 0 0
711 0 0 0 0
712 0 0 0 0
713 0 0 0 0
714 0 0 0 0
715 0 0 0 0
716 0 0 0 0
717 0 0 0 0
718 0 0 0 0
719 0 0 0 0
720 0 0 0 0
721 0 0 0 0
722 0 0 0 0
723 0 0 0 0
724 0 0 0 0
725 0 0 0 0
726 0 0 0 0
727 0 0 0 0
