0 0 0 0 0
1 0 0 0 0
2 0 0 0 0
3 0 0 0 0
4 0 0 0 0
5 0 2 0 0
6 0 0 0 0
7 0 0 0 0
8 0 0 0 0
9 0 2 1 2
10 0 0 0 0
11 0 0 0 0
12 0 0 0 0
13 0 0 0 1
14 0 0 0 0
15 0 0 0 0
16 0 0 0 2
17 0 0 0 0
18 1 0 0 0
19 1 0 0 0
20 0 0 0 0
21 1 0 0 0
22 2 0 0 0
23 1 1 0 0
24 2 0 0 0
25 1 0 0 0
26 0 1 0 0
27 0 2 0 1
28 0 2 0 0
29 0 1 1 0
30 1 1 0 0
31 0 0 0 2
32 0 0 0 1
33 0 0 0 1
34 0 0 0 1
35 0 1 0 1
36 0 0 0 2
37 1 0 0 0
38 0 0 0 0
39 0 0 0 1
40 2 0 0 0
41 2 0 0 0
42 1 0 1 0
43 1 0 0 0
44 2 0 0 0
45 5 0 1 0
46 0 1 0 0
47 3 0 0 0
48 1 1 0 1
49 3 1 1 0
50 3 2 1 1
51 0 1 0 0
52 1 1 1 2
53 0 0 2 1
54 2 1 5 0
55 0 0 1 1
56 1 0 1 1
57 0 1 0 5
58 0 0 0 5
59 1 3 0 3
60 2 0 0 0
61 0 0 0 2
62 1 0 0 0
63 0 0 1 3
64 2 0 1 0
65 3 0 1 0
66 2 0 0 1
67 3 2 0 1
68 3 0 0 0
69 3 1 1 0
70 3 2 0 0
71 3 1 0 1
72 2 0 1 1
73 2 1 1 2
74 2 2 0 3
75 0 2 0 1
76 4 2 2 1
77 3 1 2 3
78 3 3 0 1
79 2 1 3 1
80 1 1 0 1
81 4 1 1 3
82 1 0 2 3
83 2 2 0 7
84 1 1 1 1
85 4 2 2 3
86 4 1 3 1
87 3 1 1 3
88 4 2 0 1
89 3 1 0 3
90 4 1 3 2
91 6 2 0 2
92 5 1 1 2
93 4 2 1 3
94 3 1 2 1
95 4 1 3 2
96 6 1 1 2
97 3 1 3 6
98 9 2 0 4
99 3 3 1 3
100 4 4 3 2
101 5 2 4 2
102 8 1 3 3
103 2 3 3 5
104 11 2 2 8
105 6 3 0 3
106 9 3 4 2
107 9 4 6 5
108 9 0 1 4
109 7 6 3 3
110 6 5 0 5
111 5 3 4 7
112 4 5 2 3
113 1 5 3 11
114 4 4 3 8
115 3 5 5 2
116 5 2 4 8
117 6 4 2 6
118 4 2 1 10
119 7 3 1 11
120 12 1 1 6
121 7 2 1 6
122 11 0 2 5
123 8 3 2 5
124 8 4 6 2
125 8 5 4 1
126 6 7 3 4
127 9 6 3 6
128 8 3 1 6
129 9 9 1 4
130 8 2 2 7
131 7 4 3 11
132 7 8 4 7
133 9 5 4 8
134 7 4 4 6
135 5 5 4 9
136 7 5 4 10
137 5 3 4 8
138 5 6 5 6
139 11 4 2 13
140 8 6 0 8
141 8 1 4 8
142 7 2 1 9
143 7 4 4 6
144 8 6 4 4
145 10 3 5 8
146 15 3 3 6
147 12 2 1 7
148 10 5 2 9
149 12 5 3 8
150 20 9 2 9
151 15 3 8 6
152 15 7 5 4
153 15 7 4 9
154 17 7 4 9
155 14 13 6 12
156 14 3 7 6
157 11 8 3 8
158 19 9 3 12
159 14 8 10 16
160 16 6 10 12
161 16 11 6 5
162 15 10 5 15
163 9 12 5 15
164 16 9 6 18
165 10 7 7 14
166 16 7 5 16
167 19 10 12 19
168 21 7 2 16
169 12 6 8 13
170 17 8 6 12
171 18 4 8 24
172 18 16 4 14
173 21 14 8 14
174 25 6 3 10
175 22 16 2 11
176 17 7 8 15
177 32 12 7 20
178 24 12 7 8
179 28 8 12 19
180 23 7 8 21
181 16 9 9 19
182 19 17 10 19
183 25 12 11 12
184 25 19 10 17
185 18 16 5 19
186 20 12 8 24
187 18 11 7 14
188 18 14 10 32
189 24 16 10 20
190 27 9 12 20
191 21 17 8 16
192 18 13 5 31
193 29 14 5 29
194 21 11 9 18
195 25 11 15 24
196 29 10 12 19
197 24 12 8 23
198 24 14 13 20
199 24 11 9 17
200 26 17 8 24
201 22 17 9 19
202 32 19 4 31
203 32 14 8 15
204 24 14 10 21
205 29 12 11 29
206 25 12 11 25
207 26 18 9 24
208 19 14 12 27
209 28 15 8 23
210 19 12 15 25
211 11 18 14 23
212 14 15 18 28
213 8 20 9 20
214 18 18 14 20
215 11 12 6 34
216 14 11 5 36
217 18 16 3 31
218 13 8 5 31
219 13 10 5 16
220 15 8 1 23
221 18 4 6 22
222 15 11 6 17
223 18 9 8 16
224 16 10 3 14
225 15 5 10 13
226 12 9 5 11
227 11 12 6 15
228 8 9 4 9
229 5 7 10 18
230 10 11 8 12
231 7 8 3 17
232 8 7 7 13
233 14 10 5 18
234 12 5 2 25
235 4 8 4 10
236 12 5 3 15
237 6 1 5 13
238 7 9 2 13
239 6 6 3 15
240 4 4 3 9
241 9 7 5 4
242 6 5 1 8
243 7 5 6 9
244 4 1 4 7
245 4 5 2 13
246 5 9 2 7
247 4 2 4 6
248 5 4 5 8
249 7 2 2 6
250 5 3 1 14
251 6 5 1 6
252 4 1 1 7
253 4 3 3 7
254 5 4 3 5
255 2 6 0 9
256 4 5 2 2
257 3 2 2 5
258 7 3 1 5
259 2 1 1 6
260 3 1 0 7
261 2 2 1 7
262 2 1 1 4
263 2 3 3 4
264 2 1 1 2
265 0 2 2 4
266 1 0 4 2
267 1 6 1 5
268 3 1 2 3
269 4 1 2 3
270 4 0 1 2
271 4 1 1 6
272 1 2 0 2
273 1 2 1 2
274 0 1 2 4
275 1 3 0 4
276 2 2 0 4
277 3 0 0 3
278 1 0 1 1
279 1 0 1 2
280 2 0 2 1
281 1 2 1 2
282 1 2 0 2
283 1 0 1 3
284 1 0 2 0
285 2 0 1 1
286 0 2 1 1
287 2 1 0 2
288 0 0 0 4
289 0 1 0 2
290 0 1 0 3
291 1 0 0 0
292 0 1 1 0
293 0 1 0 3
294 0 0 1 0
295 0 0 0 0
296 0 2 0 1
297 0 0 0 2
298 0 0 0 1
299 1 0 0 1
300 0 0 0 0
301 0 0 0 0
302 0 0 0 0
303 0 0 0 2
304 0 0 1 0
305 0 0 0 0
306 0 0 0 0
307 0 0 0 0
308 1 0 0 1
309 1 0 0 0
310 0 0 0 0
311 0 0 0 0
312 1 0 0 0
313 0 1 0 0
314 0 0 0 0
315 0 0 0 0
316 1 0 0 0
317 0 0 1 0
318 1 0 1 0
319 0 0 0 0
320 0 0 0 1
321 0 1 0 1
322 0 0 0 0
323 1 1 0 0
324 0 0 0 0
325 0 0 0 1
326 0 0 0 0
327 0 0 0 1
328 0 0 1 1
329 0 0 0 0
330 0 0 0 0
331 0 0 0 0
332 0 0 0 0
333 0 0 0 0
334 0 0 0 0
335 0 0 0 1
336 0 0 0 0
337 0 0 0 0
338 1 0 0 0
339 0 0 0 0
340 1 0 0 0
341 0 0 0 0
342 0 0 0 0
343 0 0 0 0
344 0 0 0 0
345 0 0 0 0
346 0 0 0 0
347 0 1 0 0
348 0 0 0 0
349 0 0 1 0
350 0 0 0 0
351 0 0 0 1
352 0 0 0 0
353 0 0 0 1
354 0 0 0 0
355 0 0 0 0
356 0 0 0 0
357 0 0 0 0
358 0 0 0 0
359 0 0 0 0
360 0 0 0 0
361 0 0 0 0
362 1 0 0 0
363 0 0 0 0
364 0 0 0 0
365 0 0 0 0
366 0 0 0 0
367 1 0 0 0
368 1 0 0 0
369 0 0 0 0
370 0 0 0 0
371 0 0 1 0
372 0 0 1 0
373 0 0 0 0
374 0 0 0 0
375 0 0 0 0
376 0 0 0 0
377 0 1 0 0
378 0 0 0 1
379 0 0 0 1
380 0 0 0 0
381 0 0 0 1
382 0 0 0 0
383 0 0 0 0
384 0 0 0 0
385 0 0 0 0
386 0 0 0 0
387 0 0 0 0
388 0 0 0 0
389 0 0 0 0
390 0 0 0 0
391 0 0 0 0
392 2 0 0 0
393 1 0 0 0
394 0 0 0 0
395 0 0 0 0
396 0 0 0 0
397 0 1 0 0
398 0 1 0 0
399 0 0 0 0
400 0 1 0 0
401 0 0 0 1
402 0 0 0 0
403 0 0 0 0
404 0 0 0 0
405 0 0 0 1
406 0 0 0 0
407 0 0 0 1
408 0 0 0 0
409 0 0 0 0
410 0 0 0 0
411 0 0 0 0
412 0 0 0 0
413 0 0 0 0
414 0 0 0 0
415 0 0 0 0
416 0 0 0 0
417 0 0 0 0
418 0 0 0 0
419 0 0 0 0
420 1 0 0 0
421 0 0 0 0
422 0 0 0 0
423 0 0 0 0
424 0 0 0 0
425 0 1 0 0
426 0 0 0 0
427 0 0 0 0
428 0 0 0 0
429 0 0 0 1
430 0 0 0 0
431 0 0 0 0
432 0 0 0 0
433 0 0 0 0
434 0 0 0 0
435 0 0 0 0
436 0 0 0 0
437 0 0 0 0
438 0 0 0 0
439 0 0 0 0
440 0 0 0 0
441 0 0 0 0
442 0 0 0 0
443 0 0 0 0
444 0 0 0 0
445 0 0 0 0
446 0 0 0 0
447 0 0 0 0
448 0 0 0 0
449 0 0 0 0
450 0 0 0 0
451 0 0 0 0
452 0 0 0 0
453 0 0 0 0
454 0 0 0 0
455 0 0 0 0
456 0 0 0 0
457 0 0 0 0
458 0 0 0 0
459 0 0 0 0
460 0 0 0 0
461 0 0 0 0
462 0 0 0 0
463 0 0 0 0
464 0 0 0 0
465 0 0 0 0
466 0 0 0 0
467 0 0 0 0
468 0 0 0 0
469 0 0 0 0
470 0 0 0 0
471 0 0 0 0
472 0 0 0 0
473 0 0 0 0
474 0 0 0 0
475 0 0 0 0
476 0 0 0 0
477 0 0 0 0
478 0 0 0 0
479 0 0 0 0
480 0 0 0 0
481 0 0 0 0
482 0 0 0 0
483 0 0 0 0
484 0 0 0 0
485 0 0 0 0
486 0 0 0 0
487 0 0 0 0
488 0 0 0 0
489 0 0 0 0
490 0 0 0 0
491 0 0 0 0
492 0 0 0 0
493 0 0 0 0
494 0 0 0 0
495 0 0 0 0
496 0 0 0 0
497 0 0 0 0
498 0 0 0 0
499 0 0 0 0
500 0 0 0 0
501 0 0 0 0
502 0 0 0 0
503 0 0 0 0
504 0 0 0 0
505 0 0 0 0
506 0 0 0 0
507 0 0 0 0
508 0 0 0 0
509 0 0 0 0
510 0 0 0 0
511 0 0 0 0
512 0 0 0 0
513 0 0 0 0
514 0 0 0 0
515 0 0 0 0
516 0 0 0 0
517 0 0 0 0
518 0 0 0 0
519 0 0 0 0
520 0 0 0 0
521 0 0 0 0
522 0 0 0 0
523 0 0 0 0
524 0 0 0 0
525 0 0 0 0
526 0 0 0 0
527 0 0 0 0
528 0 0 0 0
529 0 0 0 0
530 0 0 0 0
531 0 0 0 0
532 0 0 0 0
533 0 0 0 0
534 0 0 0 0
535 0 0 0 0
536 0 0 0 0
537 0 0 0 0
538 0 0 0 0
539 0 0 0 0
540 0 0 0 0
541 0 0 0 0
542 0 0 0 0
543 0 0 0 0
544 0 0 0 0
545 0 0 0 0
546 0 0 0 0
547 0 0 0 0
548 0 0 0 0
549 0 0 0 0
550 0 0 0 0
551 0 0 0 0
552 0 0 0 0
553 0 0 0 0
554 0 0 0 0
555 0 0 0 0
556 0 0 0 0
557 0 0 0 0
558 0 0 0 0
559 0 0 0 0
560 0 0 0 0
561 0 0 0 0
562 0 0 0 0
563 0 0 0 0
564 0 0 0 0
565 0 0 0 0
566 0 0 0 0
567 0 0 0 0
568 0 0 0 0
569 0 0 0 0
570 0 0 0 0
571 0 0 0 0
572 0 0 0 0
573 0 0 0 0
574 0 0 0 0
575 0 0 0 0
576 0 0 0 0
577 0 0 0 0
578 0 0 0 0
579 0 0 0 0
580 0 0 0 0
581 0 0 0 0
582 0 0 0 0
583 0 0 0 0
584 0 0 0 0
585 0 0 0 0
586 0 0 0 0
587 0 0 0 0
588 0 0 0 0
589 0 0 0 0
590 0 0 0 0
591 0 0 0 0
592 0 0 0 0
593 0 0 0 0
594 0 0 0 0
595 0 0 0 0
596 0 0 0 0
597 0 0 0 0
598 0 0 0 0
599 0 0 0 0
600 0 0 0 0
601 0 0 0 0
602 0 0 0 0
603 0 0 0 0
604 0 0 0 0
605 0 0 0 0
606 0 0 0 0
607 0 0 0 0
608 0 0 0 0
609 0 0 0 0
610 0 0 0 0
611 0 0 0 0
612 0 0 0 0
613 0 0 0 0
614 0 0 0 0
615 0 0 0 0
616 0 0 0 0
617 0 0 0 0
618 0 0 0 0
619 0 0 0 0
620 0 0 0 0
621 0 0 0 0
622 0 0 0 0
623 0 0 0 0
624 0 0 0 0
625 0 0 0 0
626 0 0 0 0
627 0 0 0 0
628 0 0 0 0
629 0 0 0 0
630 0 0 0 0
631 0 0 0 0
632 0 0 0 0
633 0 0 0 0
634 0 0 0 0
635 0 0 0 0
636 0 0 0 0
637 0 0 0 0
638 0 0 0 0
639 0 0 0 0
640 0 0 0 0
641 0 0 0 0
642 0 0 0 0
643 0 0 0 0
644 0 0 0 0
645 0 0 0 0
646 0 0 0 0
647 0 0 0 0
648 0 0 0 0
649 0 0 0 0
650 0 0 0 0
651 0 0 0 0
652 0 0 0 0
653 0 0 0 0
654 0 0 0 0
655 0 0 0 0
656 0 0 0 0
657 0 0 0 0
658 0 0 0 0
659 0 0 0 0
660 0 0 0 0
661 0 0 0 0
662 0 0 0 0
663 0 0 0 0
664 0 0 0 0
665 0 0 0 0
666 0 0 0 0
667 0 0 0 0
668 0 0 0 0
669 0 0 0 0
670 0 0 0 0
671 0 0 0 0
672 0 0 0 0
673 0 0 0 0
674 0 0 0 0
675 0 0 0 0
676 0 0 0 0
677 0 0 0 0
678 0 0 0 0
679 0 0 0 0
680 0 0 0 0
681 0 0 0 0
682 0 0 0 0
683 0 0 0 0
684 0 0 0 0
685 0 0 0 0
686 0 0 0 0
687 0 0 0 0
688 0 0 0 0
689 0 0 0 0
690 0 0 0 0
691 0 0 0 0
692 0 0 0 0
693 0 0 0 0
694 0 0 0 0
695 0 0 0 0
696 0 0 0 0
697 0 0 0 0
698 0 0 0 0
699 0 0 0 0
700 0 0 0 0
701 0 0 0 0
702 0 0 0 0
703 0 0 0 0
704 0 0 0 0
705 0 0 0 0
706 0 0 0 0
707 0 0 0 0
708 0 0 0 0
709 0 0 0 0
710 0 0 0 0
711 0 0 0 0
712 0 0 0 0
713 0 0 0 0
714 0 0 0 0
715 0 0 0 0
716 0 0 0 0
717 0 0 0 0
718 0 0 0 0
719 0 0 0 0
720 0 0 0 0
721 0 0 0 0
722 0 0 0 0
723 0 0 0 0
724 0 0 0 0
725 0 0 0 0
726 0 0 0 0
727 0 0 0 0
