0 0 0 0 0
1 0 0 0 0
2 0 0 0 0
3 0 0 0 0
4 0 0 0 0
5 0 1 1 0
6 0 0 0 0
7 0 0 0 0
8 0 1 0 0
9 0 1 1 1
10 0 0 0 0
11 1 0 0 0
12 0 0 0 1
13 0 0 0 2
14 0 0 0 0
15 0 0 0 1
16 0 1 0 0
17 0 0 0 0
18 0 0 0 0
19 0 0 0 0
20 0 0 0 1
21 0 0 0 0
22 0 0 0 0
23 0 0 0 0
24 3 0 0 0
25 0 0 0 0
26 1 0 0 0
27 1 0 0 0
28 0 0 0 0
29 1 1 1 0
30 1 0 0 0
31 1 0 0 0
32 0 1 0 0
33 1 0 1 1
34 1 0 1 0
35 2 1 0 0
36 0 1 0 2
37 0 0 0 1
38 0 0 0 0
39 0 1 0 0
40 0 0 1 1
41 0 0 0 1
42 0 1 0 1
43 0 1 0 1
44 1 0 1 1
45 0 0 0 0
46 2 0 0 1
47 1 0 0 0
48 2 0 0 1
49 5 1 0 0
50 3 0 0 0
51 2 0 1 1
52 4 0 0 0
53 0 0 1 1
54 3 3 1 0
55 2 0 1 0
56 2 3 0 0
57 0 1 3 1
58 1 1 0 3
59 0 3 1 1
60 1 1 0 2
61 1 1 0 4
62 1 0 0 0
63 1 2 1 4
64 0 1 0 3
65 1 2 0 2
66 0 0 1 1
67 1 0 0 2
68 2 1 0 0
69 3 1 0 1
70 2 1 0 2
71 4 1 0 1
72 5 1 0 1
73 2 1 0 0
74 3 0 0 1
75 3 0 0 1
76 2 1 2 2
77 2 2 3 1
78 2 4 1 1
79 3 2 1 0
80 3 1 0 2
81 3 1 2 2
82 5 3 0 4
83 2 1 2 3
84 2 0 2 3
85 1 1 0 3
86 2 1 0 3
87 2 2 2 2
88 1 1 2 2
89 1 1 1 0
90 3 3 1 3
91 2 2 0 4
92 2 2 1 3
93 3 0 1 1
94 0 0 1 5
95 4 3 1 1
96 1 2 0 2
97 5 1 1 2
98 6 2 0 3
99 6 0 0 2
100 5 2 2 0
101 5 0 2 1
102 1 3 2 6
103 2 2 2 2
104 2 2 1 3
105 0 4 1 1
106 4 4 1 1
107 3 2 1 4
108 4 2 0 3
109 5 1 1 7
110 1 1 1 6
111 5 1 3 3
112 2 3 1 3
113 1 1 0 3
114 3 0 3 2
115 2 2 0 2
116 0 1 2 2
117 1 2 2 2
118 3 1 1 4
119 4 1 0 3
120 3 6 0 2
121 1 1 1 3
122 5 2 0 2
123 4 0 1 2
124 4 0 3 7
125 4 1 1 1
126 10 0 0 1
127 6 3 3 2
128 9 2 0 4
129 5 3 1 2
130 4 2 0 0
131 6 4 2 4
132 6 4 2 4
133 7 4 2 2
134 4 3 4 4
135 5 4 1 5
136 8 4 2 4
137 7 2 7 8
138 10 4 0 5
139 7 2 2 5
140 3 5 2 3
141 10 4 2 6
142 1 7 1 6
143 9 4 4 7
144 8 5 2 8
145 7 3 3 7
146 4 5 5 6
147 5 4 2 7
148 6 4 2 5
149 11 2 2 5
150 6 3 5 10
151 5 2 1 5
152 7 3 3 7
153 6 4 6 7
154 11 5 5 4
155 4 2 2 6
156 8 5 2 3
157 6 2 3 14
158 4 6 2 9
159 6 7 6 6
160 16 1 0 6
161 14 4 4 6
162 13 2 2 8
163 10 2 2 12
164 8 5 3 1
165 13 9 2 5
166 13 7 5 8
167 10 9 5 2
168 16 7 1 12
169 15 7 8 6
170 19 5 6 10
171 17 5 0 8
172 15 5 2 11
173 8 9 4 12
174 15 7 11 15
175 15 12 10 6
176 11 15 3 12
177 14 5 6 8
178 11 10 1 11
179 4 7 4 15
180 18 6 2 20
181 17 8 6 15
182 14 6 4 15
183 14 12 6 14
184 17 8 3 8
185 16 10 9 14
186 24 7 7 8
187 21 7 4 15
188 19 6 3 11
189 24 11 3 13
190 18 12 7 14
191 21 10 2 12
192 16 15 9 16
193 14 9 7 13
194 14 14 10 17
195 14 18 7 14
196 22 10 5 19
197 15 9 14 15
198 14 10 10 21
199 18 7 8 26
200 16 7 10 19
201 16 9 5 19
202 16 5 7 22
203 11 11 7 10
204 13 15 5 19
205 9 14 2 17
206 13 10 3 18
207 12 11 9 17
208 9 11 3 17
209 15 10 6 14
210 8 7 7 17
211 13 3 6 17
212 16 7 4 18
213 14 8 2 11
214 7 4 7 14
215 13 7 4 13
216 11 5 6 15
217 5 9 6 12
218 15 8 5 7
219 11 5 2 11
220 10 5 7 14
221 11 8 3 14
222 8 8 3 7
223 7 9 3 7
224 7 8 6 17
225 7 5 7 11
226 5 2 5 5
227 10 6 7 11
228 8 6 4 16
229 7 5 0 13
230 6 7 6 9
231 5 1 3 12
232 5 6 4 12
233 2 8 1 10
234 6 5 3 16
235 3 1 1 7
236 3 3 3 6
237 5 3 3 8
238 6 4 0 9
239 2 2 3 7
240 4 3 2 7
241 2 1 4 6
242 5 2 0 2
243 4 3 5 4
244 4 1 2 4
245 3 1 1 3
246 2 4 1 4
247 4 3 2 7
248 4 2 2 5
249 0 2 0 3
250 1 2 1 5
251 2 4 0 5
252 0 1 3 4
253 2 2 3 4
254 3 0 1 2
255 2 1 0 4
256 1 2 1 3
257 0 2 0 6
258 0 0 1 2
259 1 1 0 3
260 3 0 0 3
261 3 1 0 1
262 2 0 1 2
263 4 1 1 2
264 2 1 1 1
265 3 0 0 1
266 5 1 0 2
267 3 2 0 1
268 3 3 1 2
269 1 1 3 0
270 4 3 1 1
271 1 2 2 1
272 1 1 1 2
273 2 1 2 3
274 0 0 0 4
275 1 3 2 5
276 0 1 1 4
277 1 1 1 2
278 1 1 1 1
279 2 1 0 4
280 1 0 1 3
281 0 0 0 0
282 0 1 0 2
283 2 0 1 1
284 1 0 1 2
285 1 0 0 1
286 0 0 1 2
287 0 0 0 2
288 1 3 0 1
289 2 1 1 0
290 0 0 0 1
291 1 0 0 0
292 0 1 0 3
293 0 0 2 2
294 0 1 0 0
295 1 0 0 0
296 0 0 1 1
297 0 0 0 1
298 0 1 0 1
299 3 0 0 0
300 3 1 0 2
301 0 0 0 0
302 0 0 0 0
303 0 0 0 0
304 0 0 0 0
305 1 1 2 1
306 0 0 0 0
307 1 0 0 1
308 0 1 1 0
309 0 1 0 3
310 0 0 0 0
311 0 0 0 0
312 0 0 0 2
313 0 0 0 0
314 0 1 0 0
315 0 0 0 0
316 0 0 1 1
317 0 0 0 0
318 0 0 0 0
319 0 0 0 0
320 0 0 0 0
321 0 0 0 1
322 0 0 0 0
323 0 0 0 1
324 0 0 0 0
325 1 0 0 0
326 0 0 0 0
327 0 0 0 0
328 0 0 0 0
329 0 0 0 0
330 0 0 0 0
331 0 0 0 0
332 0 0 0 0
333 0 0 0 0
334 0 1 0 0
335 0 0 0 0
336 0 0 0 0
337 0 0 0 0
338 0 0 0 1
339 0 0 0 0
340 0 0 0 0
341 0 0 0 0
342 0 0 0 0
343 0 0 0 0
344 0 0 0 0
345 0 0 0 0
346 0 0 0 0
347 0 0 0 0
348 0 0 0 0
349 0 0 0 0
350 0 0 0 0
351 0 0 0 0
352 0 0 0 0
353 0 0 0 0
354 0 0 0 0
355 0 0 0 0
356 0 0 0 0
357 0 0 0 0
358 0 0 0 0
359 0 0 0 0
360 0 0 0 0
361 0 0 0 0
362 0 0 0 0
363 0 0 0 0
364 0 0 0 0
365 0 0 0 0
366 0 0 0 0
367 0 0 0 0
368 0 0 0 0
369 0 0 0 0
370 0 0 0 0
371 0 0 0 0
372 0 0 0 0
373 0 0 0 0
374 0 0 0 0
375 0 0 0 0
376 0 0 0 0
377 0 0 0 0
378 0 0 0 0
379 0 0 0 0
380 0 0 0 0
381 0 0 0 0
382 0 0 0 0
383 0 0 0 0
384 0 0 0 0
385 0 0 0 0
386 0 0 0 0
387 0 0 0 0
388 0 0 0 0
389 0 0 0 0
390 0 0 0 0
391 0 0 0 0
392 0 0 0 0
393 0 0 0 0
394 0 0 0 0
395 0 0 0 0
396 0 0 0 0
397 0 0 0 0
398 0 0 0 0
399 0 0 0 0
400 0 0 0 0
401 0 0 0 0
402 0 0 0 0
403 0 0 0 0
404 0 0 0 0
405 0 0 0 0
406 0 0 0 0
407 0 0 0 0
408 0 0 0 0
409 0 0 0 0
410 0 0 0 0
411 0 0 0 0
412 0 0 0 0
413 0 0 0 0
414 0 0 0 0
415 0 0 0 0
416 0 0 0 0
417 0 0 0 0
418 0 0 0 0
419 0 0 0 0
420 0 0 0 0
421 0 0 0 0
422 0 0 0 0
423 0 0 0 0
424 0 0 0 0
425 0 0 0 0
426 0 0 0 0
427 0 0 0 0
428 0 0 0 0
429 0 0 0 0
430 0 0 0 0
431 0 0 0 0
432 0 0 0 0
433 0 0 0 0
434 0 0 0 0
435 0 0 0 0
436 0 0 0 0
437 0 0 0 0
438 0 0 0 0
439 0 0 0 0
440 0 0 0 0
441 0 0 0 0
442 0 0 0 0
443 0 0 0 0
444 0 0 0 0
445 0 0 0 0
446 0 0 0 0
447 0 0 0 0
448 0 0 0 0
449 0 0 0 0
450 0 0 0 0
451 0 0 0 0
452 0 0 0 0
453 0 0 0 0
454 0 0 0 0
455 0 0 0 0
456 0 0 0 0
457 0 0 0 0
458 0 0 0 0
459 0 0 0 0
460 0 0 0 0
461 0 0 0 0
462 0 0 0 0
463 0 0 0 0
464 0 0 0 0
465 0 0 0 0
466 0 0 0 0
467 0 0 0 0
468 0 0 0 0
469 0 0 0 0
470 0 0 0 0
471 0 0 0 0
472 0 0 0 0
473 0 0 0 0
474 0 0 0 0
475 0 0 0 0
476 0 0 0 0
477 0 0 0 0
478 0 0 0 0
479 0 0 0 0
480 0 0 0 0
481 0 0 0 0
482 0 0 0 0
483 0 0 0 0
484 0 0 0 0
485 0 0 0 0
486 0 0 0 0
487 0 0 0 0
488 0 0 0 0
489 0 0 0 0
490 0 0 0 0
491 0 0 0 0
492 0 0 0 0
493 0 0 0 0
494 0 0 0 0
495 0 0 0 0
496 0 0 0 0
497 0 0 0 0
498 0 0 0 0
499 0 0 0 0
500 0 0 0 0
501 0 0 0 0
502 0 0 0 0
503 0 0 0 0
504 0 0 0 0
505 0 0 0 0
506 0 0 0 0
507 0 0 0 0
508 0 0 0 0
509 0 0 0 0
510 0 0 0 0
511 0 0 0 0
512 0 0 0 0
513 0 0 0 0
514 0 0 0 0
515 0 0 0 0
516 0 0 0 0
517 0 0 0 0
518 0 0 0 0
519 0 0 0 0
520 0 0 0 0
521 0 0 0 0
522 0 0 0 0
523 0 0 0 0
524 0 0 0 0
525 0 0 0 0
526 0 0 0 0
527 0 0 0 0
528 0 0 0 0
529 0 0 0 0
530 0 0 0 0
531 0 0 0 0
532 0 0 0 0
533 0 0 0 0
534 0 0 0 0
535 0 0 0 0
536 0 0 0 0
537 0 0 0 0
538 0 0 0 0
539 0 0 0 0
540 0 0 0 0
541 0 0 0 0
542 0 0 0 0
543 0 0 0 0
544 0 0 0 0
545 0 0 0 0
546 0 0 0 0
547 0 0 0 0
548 0 0 0 0
549 0 0 0 0
550 0 0 0 0
551 0 0 0 0
552 0 0 0 0
553 0 0 0 0
554 0 0 0 0
555 0 0 0 0
556 0 0 0 0
557 0 0 0 0
558 0 0 0 0
559 0 0 0 0
560 0 0 0 0
561 0 0 0 0
562 0 0 0 0
563 0 0 0 0
564 0 0 0 0
565 0 0 0 0
566 0 0 0 0
567 0 0 0 0
568 0 0 0 0
569 0 0 0 0
570 0 0 0 0
571 0 0 0 0
572 0 0 0 0
573 0 0 0 0
574 0 0 0 0
575 0 0 0 0
576 0 0 0 0
577 0 0 0 0
578 0 0 0 0
579 0 0 0 0
580 0 0 0 0
581 0 0 0 0
582 0 0 0 0
583 0 0 0 0
584 0 0 0 0
585 0 0 0 0
586 0 0 0 0
587 0 0 0 0
588 0 0 0 0
589 0 0 0 0
590 0 0 0 0
591 0 0 0 0
592 0 0 0 0
593 0 0 0 0
594 0 0 0 0
595 0 0 0 0
596 0 0 0 0
597 0 0 0 0
598 0 0 0 0
599 0 0 0 0
600 0 0 0 0
601 0 0 0 0
602 0 0 0 0
603 0 0 0 0
604 0 0 0 0
605 0 0 0 0
606 0 0 0 0
607 0 0 0 0
608 0 0 0 0
609 0 0 0 0
610 0 0 0 0
611 0 0 0 0
612 0 0 0 0
613 0 0 0 0
614 0 0 0 0
615 0 0 0 0
616 0 0 0 0
617 0 0 0 0
618 0 0 0 0
619 0 0 0 0
620 0 0 0 0
621 0 0 0 0
622 0 0 0 0
623 0 0 0 0
624 0 0 0 0
625 0 0 0 0
626 0 0 0 0
627 0 0 0 0
628 0 0 0 0
629 0 0 0 0
630 0 0 0 0
631 0 0 0 0
632 0 0 0 0
633 0 0 0 0
634 0 0 0 0
635 0 0 0 0
636 0 0 0 0
637 0 0 0 0
638 0 0 0 0
639 0 0 0 0
640 0 0 0 0
641 0 0 0 0
642 0 0 0 0
643 0 0 0 0
644 0 0 0 0
645 0 0 0 0
646 0 0 0 0
647 0 0 0 0
648 0 0 0 0
649 0 0 0 0
650 0 0 0 0
651 0 0 0 0
652 0 0 0 0
653 0 0 0 0
654 0 0 0 0
655 0 0 0 0
656 0 0 0 0
657 0 0 0 0
658 0 0 0 0
659 0 0 0 0
660 0 0 0 0
661 0 0 0 0
662 0 0 0 0
663 0 0 0 0
664 0 0 0 0
665 0 0 0 0
666 0 0 0 0
667 0 0 0 0
668 0 0 0 0
669 0 0 0 0
670 0 0 0 0
671 0 0 0 0
672 0 0 0 0
673 0 0 0 0
674 0 0 0 0
675 0 0 0 0
676 0 0 0 0
677 0 0 0 0
678 0 0 0 0
679 0 0 0 0
680 0 0 0 0
681 0 0 0 0
682 0 0 0 0
683 0 0 0 0
684 0 0 0 0
685 0 0 0 0
686 0 0 0 0
687 0 0 0 0
688 0 0 0 0
689 0 0 0 0
690 0 0 0 0
691 0 0 0 0
692 0 0 0 0
693 0 0 0 0
694 0 0 0 0
695 0 0 0 0
696 0 0 0 0
697 0 0 0 0
698 0 0 0 0
699 0 0 0 0
700 0 0 0 0
701 0 0 0 0
702 0 0 0 0
703 0 0 0 0
704 0 0 0 0
705 0 0 0 0
706 0 0 0 0
707 0 0 0 0
708 0 0 0 0
709 0 0 0 0
710 0 0 0 0
711 0 0 0 0
712 0 0 0 0
713 0 0 0 0
714 0 0 0 0
715 0 0 0 0
716 0 0 0 0
717 0 0 0 0
718 0 0 0 0
719 0 0 0 0
720 0 0 0 0
721 0 0 0 0
722 0 0 0 0
723 0 0 0 0
724 0 0 0 0
725 0 0 0 0
726 0 0 0 0
727 0 0 0 0
