0 0 0 0 0
1 0 0 0 0
2 0 0 0 0
3 0 0 0 0
4 0 0 0 0
5 0 2 2 0
6 0 0 0 0
7 0 0 0 0
8 0 0 0 0
9 0 0 1 3
10 0 0 0 0
11 0 0 0 0
12 0 0 0 1
13 0 0 0 0
14 0 0 0 0
15 0 0 0 0
16 0 0 0 1
17 0 0 0 0
18 1 0 0 0
19 1 0 0 0
20 1 0 0 0
21 1 0 0 0
22 2 0 0 0
23 0 0 1 0
24 1 0 0 0
25 0 2 0 0
26 0 0 0 0
27 1 0 1 1
28 0 0 0 0
29 1 0 1 0
30 1 1 0 0
31 1 1 0 1
32 0 0 0 2
33 1 0 0 0
34 0 0 0 1
35 0 1 0 1
36 0 1 1 1
37 1 0 0 0
38 0 1 0 0
39 2 0 0 1
40 0 0 0 2
41 0 0 0 0
42 1 1 0 1
43 1 0 0 0
44 1 1 1 0
45 1 0 0 0
46 1 0 1 0
47 0 1 0 0
48 0 1 0 1
49 3 0 0 1
50 2 0 1 1
51 1 1 0 2
52 2 0 0 1
53 1 1 0 0
54 0 2 1 1
55 0 1 0 1
56 0 0 0 0
57 1 1 0 1
58 0 1 0 2
59 0 1 0 0
60 1 0 1 0
61 1 0 1 2
62 2 0 1 2
63 2 0 0 0
64 0 0 0 0
65 0 0 1 1
66 0 0 1 1
67 0 0 2 0
68 2 2 0 1
69 2 0 0 2
70 0 0 0 0
71 0 0 0 1
72 0 0 0 1
73 2 0 0 1
74 1 1 1 1
75 1 0 0 1
76 0 0 0 0
77 0 1 1 0
78 0 1 1 1
79 0 0 1 0
80 2 0 0 0
81 0 0 0 3
82 1 0 0 2
83 1 0 0 0
84 2 1 0 0
85 1 2 0 0
86 2 0 0 1
87 0 0 1 0
88 1 0 0 0
89 2 0 0 2
90 0 0 1 0
91 1 0 1 1
92 1 0 1 0
93 2 1 2 0
94 0 1 0 2
95 0 1 0 1
96 1 0 1 0
97 3 0 1 1
98 4 2 0 1
99 2 0 0 2
100 0 0 0 2
101 0 1 0 1
102 1 2 2 1
103 2 2 0 1
104 0 0 2 0
105 2 0 0 1
106 0 0 0 4
107 3 2 1 1
108 1 1 0 2
109 2 0 0 1
110 1 1 0 1
111 3 0 0 1
112 2 2 1 1
113 3 0 1 0
114 0 1 1 3
115 1 0 0 0
116 2 1 2 3
117 1 0 1 0
118 5 2 0 1
119 1 1 0 0
120 2 0 2 3
121 2 0 1 1
122 2 2 1 2
123 1 1 1 2
124 3 0 0 0
125 4 3 0 1
126 0 0 0 2
127 2 2 2 4
128 2 1 0 0
129 1 3 0 3
130 5 2 2 1
131 2 1 1 1
132 2 1 1 2
133 2 0 1 1
134 1 3 0 5
135 4 0 1 0
136 1 0 2 2
137 0 2 0 4
138 2 1 0 4
139 3 4 1 2
140 1 2 2 1
141 4 1 1 1
142 3 1 0 0
143 1 0 0 2
144 4 0 1 4
145 2 1 0 3
146 4 2 0 6
147 3 3 0 1
148 2 3 1 0
149 1 1 1 0
150 1 2 2 2
151 5 1 1 4
152 4 1 3 1
153 3 1 2 3
154 5 1 1 1
155 5 1 1 3
156 3 2 0 3
157 2 1 1 4
158 5 1 0 3
159 5 2 4 3
160 3 4 3 3
161 2 2 1 2
162 6 2 0 0
163 3 5 1 4
164 3 5 0 6
165 1 3 2 5
166 3 2 0 5
167 0 2 2 5
168 4 2 0 2
169 4 1 0 4
170 3 2 0 2
171 2 4 3 4
172 2 2 0 2
173 8 4 0 1
174 5 4 0 5
175 6 0 1 4
176 10 1 0 3
177 6 2 1 1
178 6 3 2 6
179 6 2 0 0
180 9 4 1 3
181 7 4 1 6
182 13 5 1 3
183 5 7 2 4
184 6 2 2 3
185 5 6 4 5
186 10 5 3 2
187 14 4 3 5
188 2 3 3 4
189 9 5 5 9
190 9 2 2 8
191 5 8 5 7
192 5 5 2 7
193 9 1 1 13
194 4 4 3 5
195 5 5 2 12
196 7 9 1 6
197 5 1 4 3
198 8 8 3 11
199 8 7 3 7
200 10 3 4 6
201 8 4 2 6
202 6 2 3 6
203 9 2 4 9
204 7 2 5 5
205 5 5 4 12
206 6 4 3 9
207 8 5 1 3
208 5 5 3 8
209 4 3 6 5
210 5 5 2 9
211 4 3 5 5
212 6 6 2 10
213 5 2 2 8
214 3 4 1 10
215 6 0 2 7
216 3 6 2 9
217 5 4 1 5
218 2 2 0 5
219 5 2 3 4
220 6 1 0 5
221 4 2 1 5
222 5 8 1 1
223 4 1 1 6
224 2 3 6 4
225 3 3 4 4
226 4 0 1 6
227 1 1 3 3
228 3 3 1 2
229 1 1 2 7
230 5 5 1 2
231 3 0 6 11
232 2 0 2 5
233 0 0 2 1
234 2 0 1 5
235 5 2 0 6
236 1 1 0 3
237 1 1 3 2
238 3 0 0 3
239 1 2 2 2
240 0 2 2 2
241 0 0 1 5
242 3 0 0 1
243 1 1 0 2
244 0 4 1 1
245 0 1 0 0
246 0 0 1 2
247 0 4 1 4
248 2 0 0 4
249 0 0 0 0
250 0 0 0 1
251 2 0 0 6
252 1 0 1 1
253 0 0 1 0
254 0 0 0 1
255 1 0 0 0
256 1 1 1 1
257 1 1 0 0
258 2 0 0 0
259 3 0 0 0
260 2 0 1 2
261 0 1 0 1
262 1 0 1 0
263 1 0 0 1
264 2 2 0 0
265 0 1 0 0
266 0 1 0 2
267 1 2 1 0
268 0 0 1 1
269 0 3 0 1
270 0 0 0 0
271 1 0 0 5
272 0 1 1 1
273 0 0 0 1
274 2 0 0 0
275 0 0 0 0
276 1 0 0 3
277 0 0 0 0
278 1 0 0 0
279 2 1 1 2
280 3 1 0 0
281 0 1 0 0
282 1 0 0 0
283 1 1 0 1
284 1 0 0 0
285 2 1 1 0
286 1 0 0 1
287 1 0 0 2
288 1 1 1 1
289 0 1 1 0
290 1 0 1 0
291 0 1 0 0
292 0 1 1 3
293 0 0 0 2
294 0 0 1 0
295 0 0 1 1
296 0 0 0 2
297 0 1 0 1
298 0 0 0 1
299 1 1 0 0
300 0 0 0 0
301 0 0 0 2
302 1 0 0 1
303 0 0 0 1
304 0 0 1 0
305 0 0 0 0
306 1 0 0 0
307 0 0 1 0
308 0 0 0 0
309 1 0 0 0
310 0 0 0 0
311 1 0 0 1
312 0 0 0 0
313 0 0 0 0
314 0 0 0 1
315 1 1 0 0
316 1 0 0 0
317 0 0 1 0
318 0 1 0 0
319 0 0 0 0
320 0 0 1 0
321 0 0 0 1
322 0 0 0 2
323 0 0 0 0
324 0 0 0 1
325 0 0 1 0
326 1 0 0 0
327 0 0 0 0
328 1 0 0 0
329 0 0 0 0
330 0 0 0 0
331 0 1 0 0
332 0 0 0 1
333 0 0 1 0
334 1 0 0 0
335 2 0 0 1
336 0 0 0 0
337 0 0 0 0
338 0 0 0 0
339 0 0 0 0
340 0 0 1 1
341 0 0 0 0
342 0 0 0 0
343 0 0 1 0
344 0 1 0 1
345 0 0 0 0
346 1 0 0 0
347 0 0 0 0
348 0 0 0 1
349 0 0 0 0
350 1 0 0 1
351 0 1 0 0
352 0 0 0 0
353 0 0 0 0
354 0 0 0 0
355 0 0 1 1
356 0 0 0 0
357 0 0 0 0
358 0 0 0 0
359 0 0 0 1
360 0 0 0 0
361 0 0 0 0
362 0 0 0 0
363 0 0 0 0
364 0 0 0 0
365 0 0 0 0
366 0 0 0 0
367 0 0 0 0
368 0 0 0 0
369 0 0 0 0
370 0 0 0 0
371 1 0 0 0
372 1 0 0 0
373 1 0 0 0
374 0 0 0 0
375 0 0 0 0
376 0 0 1 0
377 0 0 1 0
378 0 0 0 0
379 1 0 0 0
380 0 0 0 1
381 0 0 0 0
382 0 0 1 0
383 0 0 0 0
384 0 1 0 1
385 0 0 0 0
386 0 0 0 1
387 0 0 0 0
388 0 0 0 1
389 1 0 0 0
390 0 0 0 0
391 0 0 0 0
392 0 0 0 0
393 1 0 0 0
394 0 0 1 0
395 1 0 0 0
396 1 0 0 0
397 2 0 0 0
398 1 0 0 1
399 1 0 0 0
400 1 0 0 0
401 0 1 0 0
402 1 2 0 0
403 3 0 1 0
404 1 0 2 0
405 1 0 1 1
406 2 1 0 1
407 0 1 0 1
408 1 2 0 0
409 1 0 0 1
410 0 1 0 0
411 1 2 0 3
412 1 0 1 1
413 0 1 1 1
414 0 0 0 1
415 0 0 0 3
416 1 0 0 0
417 1 1 0 1
418 0 1 0 1
419 1 0 0 1
420 4 1 0 1
421 1 0 0 1
422 3 0 0 1
423 1 0 0 0
424 0 1 0 1
425 1 2 0 0
426 0 2 0 0
427 0 2 0 0
428 1 1 0 1
429 1 2 1 2
430 0 1 0 0
431 1 1 0 2
432 0 0 0 1
433 2 1 0 5
434 0 0 0 1
435 2 0 0 0
436 3 1 0 0
437 0 0 0 1
438 2 1 1 1
439 4 0 0 0
440 2 0 1 1
441 1 0 2 0
442 2 0 1 2
443 3 0 0 0
444 1 2 1 0
445 1 4 0 1
446 1 0 0 0
447 4 1 1 1
448 3 2 1 2
449 0 0 0 4
450 2 2 0 0
451 2 2 0 3
452 1 3 1 3
453 3 2 0 0
454 2 0 0 2
455 1 1 0 2
456 0 2 1 2
457 3 1 2 2
458 2 0 1 2
459 2 1 0 3
460 3 1 1 2
461 2 0 0 3
462 1 2 1 0
463 3 1 1 1
464 2 1 0 1
465 3 0 2 1
466 1 1 2 3
467 2 1 1 4
468 3 2 1 0
469 2 1 0 0
470 4 0 2 1
471 2 2 0 3
472 2 2 0 3
473 2 2 1 2
474 1 2 0 1
475 2 4 0 3
476 1 1 1 2
477 3 3 1 3
478 3 2 0 2
479 2 1 1 3
480 3 1 0 2
481 2 1 0 3
482 2 1 1 1
483 3 1 1 3
484 3 3 1 4
485 4 0 1 2
486 1 2 1 3
487 6 2 1 1
488 7 1 0 1
489 7 3 0 2
490 2 2 1 2
491 1 1 0 1
492 8 5 1 1
493 7 6 1 3
494 6 5 2 4
495 5 2 0 2
496 5 2 0 7
497 3 5 2 5
498 4 4 2 4
499 2 0 3 2
500 3 0 3 5
501 4 4 2 7
502 4 3 2 6
503 5 5 1 3
504 9 3 1 4
505 3 1 1 4
506 1 3 1 3
507 7 3 1 6
508 3 3 2 6
509 6 5 1 1
510 6 3 0 6
511 6 1 1 5
512 6 6 1 4
513 4 4 3 4
514 7 4 0 4
515 6 1 1 3
516 6 1 3 7
517 8 3 3 2
518 8 2 1 4
519 8 5 4 5
520 9 3 2 7
521 7 3 5 5
522 5 1 7 1
523 10 4 1 7
524 10 7 3 5
525 11 5 0 6
526 6 4 1 8
527 9 3 4 6
528 9 5 5 9
529 8 5 5 7
530 4 3 6 3
531 6 5 4 9
532 3 5 3 8
533 12 6 3 10
534 8 7 2 6
535 7 0 0 6
536 5 6 2 10
537 9 3 4 9
538 6 5 6 13
539 5 4 4 5
540 9 5 4 9
541 10 1 1 6
542 10 5 6 6
543 14 4 4 7
544 12 3 2 8
545 17 7 4 7
546 9 4 4 9
547 12 5 4 10
548 17 3 3 2
549 11 8 0 12
550 17 10 0 8
551 15 3 7 6
552 13 10 9 10
553 10 7 9 7
554 9 8 7 10
555 11 8 5 5
556 9 11 4 18
557 9 9 7 18
558 16 12 2 9
559 13 7 5 13
560 6 4 4 13
561 8 6 5 22
562 10 6 2 20
563 10 10 3 9
564 10 6 4 9
565 15 4 3 9
566 13 3 2 12
567 13 7 4 6
568 9 7 5 12
569 11 7 0 6
570 9 11 4 9
571 8 12 4 8
572 10 11 2 9
573 9 4 5 7
574 11 6 6 15
575 11 5 6 19
576 7 7 3 11
577 10 9 5 9
578 10 5 5 12
579 8 5 6 13
580 7 5 3 10
581 6 6 0 16
582 5 3 5 9
583 5 6 2 11
584 6 6 2 6
585 5 5 2 11
586 5 5 2 10
587 2 5 2 9
588 4 4 3 5
589 5 5 2 9
590 1 4 3 9
591 5 2 5 4
592 7 2 3 5
593 2 1 4 8
594 5 2 3 8
595 8 1 1 9
596 4 1 3 5
597 6 2 2 6
598 1 0 2 6
599 4 1 1 4
600 2 5 3 6
601 3 4 3 2
602 6 3 1 1
603 5 1 3 3
604 3 3 1 9
605 2 0 2 7
606 2 3 1 2
607 2 3 0 2
608 2 4 1 3
609 2 2 1 4
610 4 1 2 5
611 1 3 1 4
612 2 2 2 4
613 3 3 1 5
614 4 0 2 4
615 2 1 1 2
616 2 0 0 3
617 2 0 1 2
618 2 0 1 4
619 1 4 1 2
620 1 1 1 2
621 1 1 2 2
622 2 1 1 3
623 1 1 3 4
624 4 0 1 1
625 1 0 0 2
626 2 2 1 3
627 1 2 0 3
628 1 0 0 0
629 0 2 3 1
630 2 0 1 3
631 1 0 0 2
632 0 1 0 1
633 2 1 0 4
634 2 0 0 2
635 3 2 1 0
636 0 2 0 2
637 1 1 0 1
638 1 1 1 0
639 1 0 2 2
640 0 2 0 0
641 0 0 0 1
642 0 0 1 4
643 1 1 1 3
644 0 2 0 1
645 0 0 0 0
646 1 0 0 2
647 0 0 0 3
648 1 0 0 1
649 1 0 0 1
650 1 0 0 0
651 0 0 0 0
652 0 1 0 0
653 1 0 1 0
654 0 0 0 0
655 1 0 1 0
656 0 0 0 0
657 1 0 0 0
658 2 0 1 0
659 1 1 0 2
660 2 0 0 1
661 1 0 0 0
662 0 2 0 0
663 1 0 1 1
664 1 1 0 0
665 0 1 0 1
666 2 1 1 1
667 1 1 0 0
668 0 0 1 2
669 0 1 0 1
670 0 0 0 2
671 1 0 1 1
672 1 0 1 1
673 1 0 0 1
674 1 0 0 0
675 1 0 1 2
676 0 0 2 1
677 1 0 1 0
678 0 0 0 0
679 0 1 0 1
680 0 1 0 1
681 1 0 0 0
682 0 1 0 0
683 0 0 0 1
684 0 0 0 2
685 0 0 0 0
686 0 1 0 2
687 0 0 0 0
688 0 0 0 0
689 2 0 0 0
690 1 0 1 0
691 0 0 0 0
692 0 0 0 0
693 0 0 0 1
694 0 1 0 1
695 0 0 1 0
696 2 0 0 0
697 0 0 0 0
698 0 0 1 0
699 0 0 0 0
700 0 0 0 0
701 1 1 1 1
702 0 0 0 2
703 0 0 0 0
704 1 0 0 0
705 0 0 0 1
706 0 0 0 0
707 1 0 0 0
708 0 0 0 1
709 0 1 0 0
710 0 1 0 0
711 0 0 0 0
712 0 1 0 0
713 0 0 0 1
714 0 0 0 0
715 0 0 0 0
716 0 0 0 0
717 0 0 0 1
718 0 0 0 0
719 1 0 0 1
720 0 0 0 0
721 0 0 0 0
722 0 0 0 0
723 0 0 0 0
724 0 1 0 0
725 0 0 0 0
726 0 0 0 0
727 0 0 0 0
