0 0 0 0 0
1 0 0 0 0
2 0 0 0 0
3 0 0 0 0
4 0 0 0 0
5 0 2 2 0
6 0 0 0 0
7 0 0 0 0
8 0 0 0 0
9 0 1 0 1
10 0 0 0 0
11 0 0 0 0
12 0 0 0 3
13 0 0 0 1
14 0 0 0 0
15 0 0 0 0
16 0 0 0 0
17 0 0 0 0
18 0 0 0 0
19 0 0 0 0
20 1 0 0 0
21 2 0 0 0
22 1 0 0 0
23 1 0 0 0
24 0 0 0 0
25 1 0 1 0
26 1 0 1 0
27 3 0 0 0
28 0 0 1 0
29 0 0 0 1
30 1 0 1 0
31 1 0 1 0
32 2 0 1 1
33 0 0 0 1
34 1 1 0 0
35 0 0 1 1
36 0 2 1 1
37 0 0 0 1
38 0 0 1 1
39 0 0 1 0
40 0 0 0 1
41 1 1 1 0
42 0 0 0 1
43 3 0 0 3
44 3 0 0 0
45 3 0 0 3
46 3 0 0 0
47 0 0 0 0
48 2 1 0 0
49 1 1 0 0
50 0 1 1 0
51 1 1 0 0
52 0 2 0 1
53 2 4 0 0
54 0 1 2 1
55 0 2 0 1
56 0 0 0 3
57 0 0 0 4
58 2 1 0 1
59 0 0 0 0
60 1 0 1 1
61 0 0 0 2
62 0 0 1 2
63 1 1 1 0
64 3 0 0 0
65 2 0 0 1
66 4 0 0 0
67 3 0 0 2
68 1 0 0 0
69 2 2 2 1
70 1 1 0 1
71 1 3 0 0
72 1 1 1 0
73 2 0 0 1
74 5 1 0 0
75 4 0 2 2
76 1 0 2 4
77 5 0 1 1
78 1 2 1 2
79 3 3 0 2
80 4 2 0 2
81 3 0 1 1
82 4 2 0 3
83 2 1 2 1
84 0 4 2 2
85 6 3 1 2
86 3 3 3 4
87 5 0 0 1
88 0 2 0 3
89 0 2 0 1
90 2 0 1 8
91 3 3 3 3
92 5 0 4 3
93 3 0 0 2
94 5 1 3 0
95 5 2 1 5
96 2 2 1 2
97 0 1 0 2
98 2 4 0 6
99 3 2 1 4
100 4 2 1 2
101 4 3 1 2
102 1 1 0 3
103 6 2 1 2
104 5 2 2 5
105 4 2 2 2
106 6 1 2 1
107 3 1 0 1
108 6 2 1 4
109 7 3 2 3
110 8 3 2 1
111 5 2 2 4
112 5 0 3 1
113 4 2 2 5
114 5 3 0 5
115 4 7 3 6
116 4 6 0 6
117 4 6 3 3
118 2 3 2 1
119 4 2 2 9
120 3 4 1 5
121 7 2 1 8
122 6 3 1 5
123 8 3 1 7
124 5 1 1 8
125 7 5 1 4
126 6 0 5 3
127 9 4 1 4
128 13 4 2 3
129 8 1 3 1
130 11 2 4 5
131 6 1 2 4
132 8 4 4 10
133 7 5 3 2
134 5 9 2 4
135 6 6 6 2
136 13 2 3 8
137 13 8 5 6
138 8 2 2 8
139 6 5 1 10
140 10 6 3 8
141 9 5 0 13
142 7 7 2 8
143 10 4 2 4
144 12 4 3 10
145 12 8 7 3
146 9 8 6 11
147 15 9 1 7
148 7 2 5 8
149 16 8 4 11
150 11 6 5 8
151 13 2 1 7
152 8 8 5 9
153 4 3 7 16
154 9 8 5 12
155 6 8 5 8
156 16 9 6 9
157 10 5 4 9
158 10 8 1 7
159 8 10 1 9
160 16 4 4 15
161 13 8 4 15
162 25 3 5 16
163 13 4 3 9
164 16 5 4 8
165 10 8 7 12
166 13 9 3 7
167 9 17 4 9
168 17 8 3 8
169 16 10 6 10
170 16 5 6 10
171 20 8 8 15
172 22 6 2 17
173 23 10 4 17
174 22 5 8 17
175 27 8 7 10
176 17 10 9 10
177 16 13 5 11
178 24 15 8 16
179 21 9 14 11
180 17 14 11 14
181 17 14 8 16
182 15 11 10 18
183 16 10 7 25
184 22 11 3 23
185 23 10 9 26
186 14 10 5 18
187 25 11 9 21
188 14 13 8 18
189 25 14 9 21
190 17 13 4 15
191 25 10 8 18
192 28 13 8 18
193 35 8 8 16
194 37 16 12 20
195 37 5 7 19
196 24 14 8 23
197 19 11 7 20
198 34 18 11 28
199 26 16 12 16
200 26 21 16 12
201 28 12 10 19
202 22 19 10 14
203 20 20 14 25
204 28 11 16 31
205 16 15 10 35
206 18 11 12 32
207 18 20 11 37
208 23 17 8 19
209 16 12 13 22
210 19 14 8 31
211 28 10 6 32
212 13 10 6 23
213 14 18 8 25
214 9 10 8 23
215 18 14 9 25
216 16 17 6 18
217 7 11 10 21
218 13 7 7 14
219 12 10 4 21
220 13 8 11 30
221 10 10 6 20
222 11 8 5 19
223 15 4 7 19
224 10 8 8 20
225 10 8 6 16
226 10 2 3 11
227 8 6 2 15
228 11 10 3 18
229 11 6 7 12
230 10 7 5 6
231 19 4 8 10
232 12 6 7 17
233 10 9 4 14
234 6 6 4 10
235 10 4 9 9
236 13 10 8 10
237 7 5 6 8
238 6 4 5 11
239 9 5 1 13
240 6 4 4 17
241 3 7 2 13
242 3 4 6 7
243 6 0 3 14
244 3 5 7 8
245 4 4 4 12
246 5 3 1 9
247 7 4 1 6
248 4 5 3 12
249 2 3 3 8
250 2 0 4 1
251 1 3 2 6
252 4 5 3 11
253 3 3 0 6
254 5 3 0 5
255 2 3 1 6
256 0 3 0 10
257 2 3 3 5
258 1 4 0 3
259 3 1 2 4
260 3 1 0 1
261 3 1 0 2
262 2 1 1 4
263 5 3 1 2
264 2 2 0 5
265 0 0 0 2
266 4 0 1 3
267 1 2 1 3
268 1 1 2 1
269 1 3 2 2
270 3 0 2 2
271 1 1 2 2
272 1 1 1 3
273 1 0 1 4
274 0 0 0 2
275 0 2 1 5
276 1 0 1 2
277 0 0 0 2
278 1 1 0 0
279 1 2 0 3
280 0 0 1 1
281 0 0 1 0
282 1 1 0 0
283 0 0 0 3
284 0 0 0 0
285 0 1 0 1
286 1 0 0 0
287 0 1 0 1
288 0 0 1 1
289 0 0 0 2
290 1 0 0 0
291 1 1 0 1
292 0 0 0 1
293 0 0 0 0
294 0 0 0 0
295 0 1 1 1
296 0 0 0 0
297 0 1 0 0
298 1 0 0 0
299 0 0 0 0
300 0 0 0 0
301 0 0 0 0
302 0 0 0 2
303 0 0 1 1
304 0 0 0 0
305 0 0 0 0
306 0 0 0 0
307 0 0 0 0
308 0 0 0 0
309 0 0 0 0
310 0 0 0 1
311 0 0 0 0
312 0 0 0 0
313 0 0 0 0
314 0 0 0 0
315 1 0 0 0
316 0 0 0 0
317 2 0 0 0
318 0 0 0 0
319 0 0 0 0
320 0 0 0 0
321 0 0 0 0
322 0 0 2 0
323 0 0 0 0
324 0 1 0 0
325 0 0 0 0
326 0 0 0 1
327 0 0 0 0
328 0 0 0 0
329 1 0 0 1
330 0 0 0 0
331 0 0 0 1
332 0 0 0 0
333 0 0 0 0
334 0 0 0 0
335 0 0 0 0
336 0 0 0 0
337 0 0 0 0
338 0 0 1 0
339 0 0 0 0
340 0 0 0 0
341 0 0 0 0
342 0 0 0 1
343 0 0 0 0
344 0 0 0 0
345 0 0 0 0
346 0 0 0 0
347 0 0 0 0
348 0 0 0 0
349 0 0 0 0
350 0 0 0 0
351 0 0 0 0
352 0 0 0 0
353 0 0 0 0
354 0 0 0 0
355 0 0 0 0
356 0 0 0 0
357 0 0 0 0
358 0 0 0 0
359 0 0 0 0
360 0 0 0 0
361 0 0 0 0
362 0 0 0 0
363 0 0 0 0
364 0 0 0 0
365 0 0 0 0
366 0 0 0 0
367 0 0 0 0
368 0 0 0 0
369 0 0 0 0
370 0 0 0 0
371 0 0 0 0
372 0 0 0 0
373 0 0 0 0
374 0 0 0 0
375 0 0 0 0
376 0 0 0 0
377 0 0 0 0
378 0 0 0 0
379 0 0 0 0
380 0 0 0 0
381 0 0 0 0
382 0 0 0 0
383 0 0 0 0
384 0 0 0 0
385 0 0 0 0
386 0 0 0 0
387 0 0 0 0
388 0 0 0 0
389 0 0 0 0
390 0 0 0 0
391 0 0 0 0
392 0 0 0 0
393 0 0 0 0
394 0 0 0 0
395 0 0 0 0
396 0 0 0 0
397 0 0 0 0
398 0 0 0 0
399 0 0 0 0
400 0 0 0 0
401 0 0 0 0
402 0 0 0 0
403 0 0 0 0
404 0 0 0 0
405 0 0 0 0
406 0 0 0 0
407 0 0 0 0
408 0 0 0 0
409 0 0 0 0
410 0 0 0 0
411 0 0 0 0
412 0 0 0 0
413 0 0 0 0
414 0 0 0 0
415 0 0 0 0
416 0 0 0 0
417 0 0 0 0
418 0 0 0 0
419 0 0 0 0
420 0 0 0 0
421 0 0 0 0
422 0 0 0 0
423 0 0 0 0
424 0 0 0 0
425 0 0 0 0
426 0 0 0 0
427 0 0 0 0
428 0 0 0 0
429 0 0 0 0
430 0 0 0 0
431 0 0 0 0
432 0 0 0 0
433 0 0 0 0
434 0 0 0 0
435 0 0 0 0
436 0 0 0 0
437 0 0 0 0
438 0 0 0 0
439 0 0 0 0
440 0 0 0 0
441 0 0 0 0
442 0 0 0 0
443 0 0 0 0
444 0 0 0 0
445 0 0 0 0
446 0 0 0 0
447 0 0 0 0
448 0 0 0 0
449 0 0 0 0
450 0 0 0 0
451 0 0 0 0
452 0 0 0 0
453 0 0 0 0
454 0 0 0 0
455 0 0 0 0
456 0 0 0 0
457 0 0 0 0
458 0 0 0 0
459 0 0 0 0
460 0 0 0 0
461 0 0 0 0
462 0 0 0 0
463 0 0 0 0
464 0 0 0 0
465 0 0 0 0
466 0 0 0 0
467 0 0 0 0
468 0 0 0 0
469 0 0 0 0
470 0 0 0 0
471 0 0 0 0
472 0 0 0 0
473 0 0 0 0
474 0 0 0 0
475 0 0 0 0
476 0 0 0 0
477 0 0 0 0
478 0 0 0 0
479 0 0 0 0
480 0 0 0 0
481 0 0 0 0
482 0 0 0 0
483 0 0 0 0
484 0 0 0 0
485 0 0 0 0
486 0 0 0 0
487 0 0 0 0
488 0 0 0 0
489 0 0 0 0
490 0 0 0 0
491 0 0 0 0
492 0 0 0 0
493 0 0 0 0
494 0 0 0 0
495 0 0 0 0
496 0 0 0 0
497 0 0 0 0
498 0 0 0 0
499 0 0 0 0
500 0 0 0 0
501 0 0 0 0
502 0 0 0 0
503 0 0 0 0
504 0 0 0 0
505 0 0 0 0
506 0 0 0 0
507 0 0 0 0
508 0 0 0 0
509 0 0 0 0
510 0 0 0 0
511 0 0 0 0
512 0 0 0 0
513 0 0 0 0
514 0 0 0 0
515 0 0 0 0
516 0 0 0 0
517 0 0 0 0
518 0 0 0 0
519 0 0 0 0
520 0 0 0 0
521 0 0 0 0
522 0 0 0 0
523 0 0 0 0
524 0 0 0 0
525 0 0 0 0
526 0 0 0 0
527 0 0 0 0
528 0 0 0 0
529 0 0 0 0
530 0 0 0 0
531 0 0 0 0
532 0 0 0 0
533 0 0 0 0
534 0 0 0 0
535 0 0 0 0
536 0 0 0 0
537 0 0 0 0
538 0 0 0 0
539 0 0 0 0
540 0 0 0 0
541 0 0 0 0
542 0 0 0 0
543 0 0 0 0
544 0 0 0 0
545 0 0 0 0
546 0 0 0 0
547 0 0 0 0
548 0 0 0 0
549 0 0 0 0
550 0 0 0 0
551 0 0 0 0
552 0 0 0 0
553 0 0 0 0
554 0 0 0 0
555 0 0 0 0
556 0 0 0 0
557 0 0 0 0
558 0 0 0 0
559 0 0 0 0
560 0 0 0 0
561 0 0 0 0
562 0 0 0 0
563 0 0 0 0
564 0 0 0 0
565 0 0 0 0
566 0 0 0 0
567 0 0 0 0
568 0 0 0 0
569 0 0 0 0
570 0 0 0 0
571 0 0 0 0
572 0 0 0 0
573 0 0 0 0
574 0 0 0 0
575 0 0 0 0
576 0 0 0 0
577 0 0 0 0
578 0 0 0 0
579 0 0 0 0
580 0 0 0 0
581 0 0 0 0
582 0 0 0 0
583 0 0 0 0
584 0 0 0 0
585 0 0 0 0
586 0 0 0 0
587 0 0 0 0
588 0 0 0 0
589 0 0 0 0
590 0 0 0 0
591 0 0 0 0
592 0 0 0 0
593 0 0 0 0
594 0 0 0 0
595 0 0 0 0
596 0 0 0 0
597 0 0 0 0
598 0 0 0 0
599 0 0 0 0
600 0 0 0 0
601 0 0 0 0
602 0 0 0 0
603 0 0 0 0
604 0 0 0 0
605 0 0 0 0
606 0 0 0 0
607 0 0 0 0
608 0 0 0 0
609 0 0 0 0
610 0 0 0 0
611 0 0 0 0
612 0 0 0 0
613 0 0 0 0
614 0 0 0 0
615 0 0 0 0
616 0 0 0 0
617 0 0 0 0
618 0 0 0 0
619 0 0 0 0
620 0 0 0 0
621 0 0 0 0
622 0 0 0 0
623 0 0 0 0
624 0 0 0 0
625 0 0 0 0
626 0 0 0 0
627 0 0 0 0
628 0 0 0 0
629 0 0 0 0
630 0 0 0 0
631 0 0 0 0
632 0 0 0 0
633 0 0 0 0
634 0 0 0 0
635 0 0 0 0
636 0 0 0 0
637 0 0 0 0
638 0 0 0 0
639 0 0 0 0
640 0 0 0 0
641 0 0 0 0
642 0 0 0 0
643 0 0 0 0
644 0 0 0 0
645 0 0 0 0
646 0 0 0 0
647 0 0 0 0
648 0 0 0 0
649 0 0 0 0
650 0 0 0 0
651 0 0 0 0
652 0 0 0 0
653 0 0 0 0
654 0 0 0 0
655 0 0 0 0
656 0 0 0 0
657 0 0 0 0
658 0 0 0 0
659 0 0 0 0
660 0 0 0 0
661 0 0 0 0
662 0 0 0 0
663 0 0 0 0
664 0 0 0 0
665 0 0 0 0
666 0 0 0 0
667 0 0 0 0
668 0 0 0 0
669 0 0 0 0
670 0 0 0 0
671 0 0 0 0
672 0 0 0 0
673 0 0 0 0
674 0 0 0 0
675 0 0 0 0
676 0 0 0 0
677 0 0 0 0
678 0 0 0 0
679 0 0 0 0
680 0 0 0 0
681 0 0 0 0
682 0 0 0 0
683 0 0 0 0
684 0 0 0 0
685 0 0 0 0
686 0 0 0 0
687 0 0 0 0
688 0 0 0 0
689 0 0 0 0
690 0 0 0 0
691 0 0 0 0
692 0 0 0 0
693 0 0 0 0
694 0 0 0 0
695 0 0 0 0
696 0 0 0 0
697 0 0 0 0
698 0 0 0 0
699 0 0 0 0
700 0 0 0 0
701 0 0 0 0
702 0 0 0 0
703 0 0 0 0
704 0 0 0 0
705 0 0 0 0
706 0 0 0 0
707 0 0 0 0
708 0 0 0 0
709 0 0 0 0
710 0 0 0 0
711 0 0 0 0
712 0 0 0 0
713 0 0 0 0
714 0 0 0 0
715 0 0 0 0
716 0 0 0 0
717 0 0 0 0
718 0 0 0 0
719 0 0 0 0
720 0 0 0 0
721 0 0 0 0
722 0 0 0 0
723 0 0 0 0
724 0 0 0 0
725 0 0 0 0
726 0 0 0 0
727 0 0 0 0
