0 0 0 0 0
1 0 0 0 0
2 0 0 0 0
3 0 0 0 0
4 0 0 0 0
5 0 1 1 0
6 0 0 0 0
7 0 0 0 0
8 0 0 0 0
9 0 2 1 1
10 0 0 0 0
11 0 0 0 0
12 0 0 0 1
13 0 0 0 2
14 0 0 0 0
15 0 0 0 0
16 0 0 0 1
17 0 0 0 0
18 0 0 0 0
19 0 0 0 0
20 0 0 0 0
21 0 0 0 0
22 1 0 0 0
23 0 0 0 0
24 0 0 0 0
25 0 0 0 0
26 0 0 0 0
27 0 0 1 0
28 1 0 0 0
29 2 0 0 0
30 0 0 0 0
31 0 0 0 1
32 1 0 0 0
33 1 1 0 0
34 0 0 1 0
35 0 0 0 0
36 0 0 0 0
37 0 1 0 1
38 1 1 1 0
39 0 0 0 0
40 0 0 0 0
41 0 0 0 2
42 0 0 0 1
43 0 0 0 0
44 1 0 0 0
45 0 0 0 1
46 1 0 0 0
47 1 1 0 0
48 2 0 0 0
49 1 1 0 0
50 3 0 0 0
51 1 0 0 1
52 2 0 0 0
53 0 1 0 1
54 1 1 0 0
55 2 2 1 0
56 0 0 1 0
57 1 3 1 1
58 3 0 0 1
59 0 1 1 1
60 0 0 1 0
61 0 0 0 0
62 0 0 0 2
63 0 0 0 2
64 0 0 1 5
65 0 0 0 0
66 2 0 1 1
67 2 1 2 0
68 1 0 0 1
69 1 0 0 0
70 1 0 0 1
71 1 1 1 2
72 3 1 0 0
73 2 1 0 0
74 2 0 1 1
75 1 1 0 2
76 1 1 0 0
77 3 2 0 1
78 2 1 0 1
79 3 1 0 1
80 4 0 1 0
81 1 1 0 0
82 1 2 1 2
83 0 2 1 2
84 1 2 0 2
85 1 1 1 0
86 2 0 2 1
87 1 0 1 2
88 2 2 0 3
89 0 1 2 4
90 0 0 0 2
91 1 1 1 1
92 0 0 0 2
93 1 2 0 0
94 2 0 1 1
95 2 0 0 2
96 3 1 1 3
97 2 0 1 1
98 1 0 0 2
99 1 2 0 0
100 2 0 1 3
101 8 0 1 1
102 3 1 1 0
103 2 0 0 1
104 3 1 1 0
105 5 1 2 0
106 3 4 2 3
107 1 1 2 1
108 5 1 0 3
109 2 0 3 2
110 3 2 3 0
111 4 2 1 1
112 2 1 1 1
113 1 1 2 9
114 3 1 2 5
115 0 2 3 1
116 2 3 1 2
117 4 2 2 3
118 3 1 0 5
119 5 1 0 3
120 2 0 0 4
121 4 2 0 3
122 3 0 2 2
123 3 2 3 2
124 10 2 1 2
125 7 2 0 2
126 3 3 1 3
127 5 2 1 2
128 5 2 1 4
129 4 4 2 1
130 6 7 1 5
131 6 0 2 1
132 3 1 2 2
133 4 3 5 5
134 5 2 0 6
135 2 5 1 2
136 3 5 1 6
137 4 2 2 6
138 6 3 2 4
139 6 2 3 2
140 3 0 3 11
141 5 2 1 4
142 5 2 3 6
143 6 4 1 7
144 6 4 2 3
145 5 2 0 4
146 10 5 1 1
147 8 6 1 2
148 8 1 3 5
149 6 4 1 6
150 4 1 2 5
151 6 4 4 7
152 11 3 3 3
153 7 7 5 9
154 7 3 1 4
155 10 2 4 1
156 6 5 3 4
157 9 4 2 9
158 9 4 4 10
159 12 2 3 7
160 4 7 1 7
161 8 6 4 4
162 5 5 2 6
163 12 5 2 10
164 10 6 2 6
165 11 2 4 11
166 10 4 3 4
167 6 4 3 10
168 11 8 5 6
169 8 3 5 4
170 9 5 4 6
171 10 8 3 9
172 7 5 5 13
173 13 8 4 9
174 12 8 4 10
175 7 7 2 10
176 9 5 0 9
177 11 3 5 5
178 13 4 5 10
179 11 5 4 9
180 16 6 4 12
181 11 1 7 13
182 13 7 3 9
183 9 7 6 11
184 19 6 8 8
185 10 6 6 6
186 9 6 6 7
187 9 9 6 11
188 12 4 3 13
189 11 12 6 7
190 8 7 3 11
191 9 7 3 13
192 15 5 4 13
193 17 9 6 15
194 12 7 1 13
195 6 7 3 8
196 13 7 3 13
197 16 7 4 15
198 16 9 7 12
199 16 4 4 11
200 13 6 5 9
201 15 7 7 11
202 14 10 6 15
203 7 8 7 8
204 15 8 3 7
205 10 7 7 13
206 7 10 6 12
207 8 10 2 12
208 5 5 4 14
209 6 8 8 16
210 7 6 5 15
211 6 3 6 9
212 7 4 3 11
213 8 9 1 18
214 5 6 3 16
215 10 6 4 7
216 6 3 5 11
217 4 5 2 9
218 8 5 1 9
219 10 5 1 8
220 5 2 2 7
221 5 3 2 11
222 8 5 4 8
223 9 4 4 9
224 10 4 8 6
225 15 0 2 3
226 8 1 1 5
227 5 3 2 6
228 8 8 2 10
229 8 6 2 6
230 2 7 5 5
231 6 9 3 10
232 3 2 6 7
233 7 5 5 5
234 1 4 5 9
235 5 5 1 9
236 6 2 4 9
237 6 1 3 10
238 4 5 4 12
239 2 0 1 7
240 3 4 2 10
241 5 2 3 7
242 3 3 1 5
243 2 2 0 4
244 4 1 0 4
245 5 0 4 8
246 3 4 2 1
247 5 2 2 3
248 2 1 1 2
249 6 2 1 7
250 3 2 4 4
251 1 1 1 3
252 2 3 2 2
253 4 2 2 5
254 3 4 2 4
255 3 1 2 2
256 3 0 1 3
257 4 0 2 4
258 2 2 2 3
259 2 4 1 5
260 3 1 1 4
261 3 2 1 6
262 1 5 1 4
263 3 2 0 3
264 3 3 0 2
265 2 1 1 1
266 4 3 0 5
267 2 0 1 0
268 4 1 0 4
269 3 3 0 4
270 1 2 1 3
271 0 1 2 3
272 0 2 2 1
273 0 1 2 3
274 1 1 1 2
275 0 2 1 1
276 2 1 0 6
277 0 0 1 3
278 1 0 2 2
279 0 0 1 2
280 0 0 0 1
281 0 1 0 2
282 0 0 0 2
283 0 1 0 2
284 0 0 0 2
285 1 0 0 2
286 1 0 0 0
287 1 0 1 1
288 0 0 0 0
289 0 0 0 0
290 0 1 0 0
291 1 0 1 1
292 0 1 0 0
293 0 0 0 0
294 0 0 0 0
295 0 0 0 1
296 1 0 0 0
297 0 0 0 0
298 0 0 0 1
299 0 0 0 1
300 1 1 0 0
301 0 1 0 0
302 0 0 0 0
303 0 0 0 0
304 0 0 0 1
305 0 0 0 0
306 1 0 0 0
307 0 0 0 0
308 0 0 0 1
309 0 0 1 0
310 0 0 0 0
311 0 0 1 0
312 0 0 0 0
313 0 0 0 1
314 0 0 0 0
315 0 0 0 1
316 0 0 0 0
317 0 0 0 0
318 0 0 0 0
319 0 0 0 0
320 0 0 0 0
321 0 0 0 0
322 0 0 0 0
323 0 0 0 0
324 0 0 0 0
325 0 0 0 0
326 0 0 0 0
327 0 0 0 0
328 0 0 0 0
329 0 0 0 0
330 0 0 0 0
331 0 0 0 0
332 0 0 0 0
333 0 0 0 0
334 0 0 0 0
335 0 0 0 0
336 0 0 0 0
337 0 0 0 0
338 0 0 0 0
339 0 0 0 0
340 0 0 0 0
341 0 0 0 0
342 0 0 0 0
343 0 0 0 0
344 0 0 0 0
345 0 0 0 0
346 0 0 0 0
347 0 0 0 0
348 0 0 0 0
349 0 0 0 0
350 0 0 0 0
351 0 0 0 0
352 0 0 0 0
353 0 0 0 0
354 0 0 0 0
355 0 0 0 0
356 0 0 0 0
357 0 0 0 0
358 0 0 0 0
359 0 0 0 0
360 0 0 0 0
361 0 0 0 0
362 0 0 0 0
363 0 0 0 0
364 0 0 0 0
365 0 0 0 0
366 0 0 0 0
367 0 0 0 0
368 0 0 0 0
369 0 0 0 0
370 0 0 0 0
371 0 0 0 0
372 0 0 0 0
373 0 0 0 0
374 0 0 0 0
375 0 0 0 0
376 0 0 0 0
377 0 0 0 0
378 0 0 0 0
379 0 0 0 0
380 0 0 0 0
381 0 0 0 0
382 0 0 0 0
383 0 0 0 0
384 0 0 0 0
385 0 0 0 0
386 0 0 0 0
387 0 0 0 0
388 0 0 0 0
389 0 0 0 0
390 0 0 0 0
391 0 0 0 0
392 0 0 0 0
393 0 0 0 0
394 0 0 0 0
395 0 0 0 0
396 0 0 0 0
397 0 0 0 0
398 0 0 0 0
399 0 0 0 0
400 0 0 0 0
401 0 0 0 0
402 0 0 0 0
403 0 0 0 0
404 0 0 0 0
405 0 0 0 0
406 0 0 0 0
407 0 0 0 0
408 0 0 0 0
409 0 0 0 0
410 0 0 0 0
411 0 0 0 0
412 0 0 0 0
413 0 0 0 0
414 0 0 0 0
415 0 0 0 0
416 0 0 0 0
417 0 0 0 0
418 0 0 0 0
419 0 0 0 0
420 0 0 0 0
421 0 0 0 0
422 0 0 0 0
423 0 0 0 0
424 0 0 0 0
425 0 0 0 0
426 0 0 0 0
427 0 0 0 0
428 0 0 0 0
429 0 0 0 0
430 0 0 0 0
431 0 0 0 0
432 0 0 0 0
433 0 0 0 0
434 0 0 0 0
435 0 0 0 0
436 0 0 0 0
437 0 0 0 0
438 0 0 0 0
439 0 0 0 0
440 0 0 0 0
441 0 0 0 0
442 0 0 0 0
443 0 0 0 0
444 0 0 0 0
445 0 0 0 0
446 0 0 0 0
447 0 0 0 0
448 0 0 0 0
449 0 0 0 0
450 0 0 0 0
451 0 0 0 0
452 0 0 0 0
453 0 0 0 0
454 0 0 0 0
455 0 0 0 0
456 0 0 0 0
457 0 0 0 0
458 0 0 0 0
459 0 0 0 0
460 0 0 0 0
461 0 0 0 0
462 0 0 0 0
463 0 0 0 0
464 0 0 0 0
465 0 0 0 0
466 0 0 0 0
467 0 0 0 0
468 0 0 0 0
469 0 0 0 0
470 0 0 0 0
471 0 0 0 0
472 0 0 0 0
473 0 0 0 0
474 0 0 0 0
475 0 0 0 0
476 0 0 0 0
477 0 0 0 0
478 0 0 0 0
479 0 0 0 0
480 0 0 0 0
481 0 0 0 0
482 0 0 0 0
483 0 0 0 0
484 0 0 0 0
485 0 0 0 0
486 0 0 0 0
487 0 0 0 0
488 0 0 0 0
489 0 0 0 0
490 0 0 0 0
491 0 0 0 0
492 0 0 0 0
493 0 0 0 0
494 0 0 0 0
495 0 0 0 0
496 0 0 0 0
497 0 0 0 0
498 0 0 0 0
499 0 0 0 0
500 0 0 0 0
501 0 0 0 0
502 0 0 0 0
503 0 0 0 0
504 0 0 0 0
505 0 0 0 0
506 0 0 0 0
507 0 0 0 0
508 0 0 0 0
509 0 0 0 0
510 0 0 0 0
511 0 0 0 0
512 0 0 0 0
513 0 0 0 0
514 0 0 0 0
515 0 0 0 0
516 0 0 0 0
517 0 0 0 0
518 0 0 0 0
519 0 0 0 0
520 0 0 0 0
521 0 0 0 0
522 0 0 0 0
523 0 0 0 0
524 0 0 0 0
525 0 0 0 0
526 0 0 0 0
527 0 0 0 0
528 0 0 0 0
529 0 0 0 0
530 0 0 0 0
531 0 0 0 0
532 0 0 0 0
533 0 0 0 0
534 0 0 0 0
535 0 0 0 0
536 0 0 0 0
537 0 0 0 0
538 0 0 0 0
539 0 0 0 0
540 0 0 0 0
541 0 0 0 0
542 0 0 0 0
543 0 0 0 0
544 0 0 0 0
545 0 0 0 0
546 0 0 0 0
547 0 0 0 0
548 0 0 0 0
549 0 0 0 0
550 0 0 0 0
551 0 0 0 0
552 0 0 0 0
553 0 0 0 0
554 0 0 0 0
555 0 0 0 0
556 0 0 0 0
557 0 0 0 0
558 0 0 0 0
559 0 0 0 0
560 0 0 0 0
561 0 0 0 0
562 0 0 0 0
563 0 0 0 0
564 0 0 0 0
565 0 0 0 0
566 0 0 0 0
567 0 0 0 0
568 0 0 0 0
569 0 0 0 0
570 0 0 0 0
571 0 0 0 0
572 0 0 0 0
573 0 0 0 0
574 0 0 0 0
575 0 0 0 0
576 0 0 0 0
577 0 0 0 0
578 0 0 0 0
579 0 0 0 0
580 0 0 0 0
581 0 0 0 0
582 0 0 0 0
583 0 0 0 0
584 0 0 0 0
585 0 0 0 0
586 0 0 0 0
587 0 0 0 0
588 0 0 0 0
589 0 0 0 0
590 0 0 0 0
591 0 0 0 0
592 0 0 0 0
593 0 0 0 0
594 0 0 0 0
595 0 0 0 0
596 0 0 0 0
597 0 0 0 0
598 0 0 0 0
599 0 0 0 0
600 0 0 0 0
601 0 0 0 0
602 0 0 0 0
603 0 0 0 0
604 0 0 0 0
605 0 0 0 0
606 0 0 0 0
607 0 0 0 0
608 0 0 0 0
609 0 0 0 0
610 0 0 0 0
611 0 0 0 0
612 0 0 0 0
613 0 0 0 0
614 0 0 0 0
615 0 0 0 0
616 0 0 0 0
617 0 0 0 0
618 0 0 0 0
619 0 0 0 0
620 0 0 0 0
621 0 0 0 0
622 0 0 0 0
623 0 0 0 0
624 0 0 0 0
625 0 0 0 0
626 0 0 0 0
627 0 0 0 0
628 0 0 0 0
629 0 0 0 0
630 0 0 0 0
631 0 0 0 0
632 0 0 0 0
633 0 0 0 0
634 0 0 0 0
635 0 0 0 0
636 0 0 0 0
637 0 0 0 0
638 0 0 0 0
639 0 0 0 0
640 0 0 0 0
641 0 0 0 0
642 0 0 0 0
643 0 0 0 0
644 0 0 0 0
645 0 0 0 0
646 0 0 0 0
647 0 0 0 0
648 0 0 0 0
649 0 0 0 0
650 0 0 0 0
651 0 0 0 0
652 0 0 0 0
653 0 0 0 0
654 0 0 0 0
655 0 0 0 0
656 0 0 0 0
657 0 0 0 0
658 0 0 0 0
659 0 0 0 0
660 0 0 0 0
661 0 0 0 0
662 0 0 0 0
663 0 0 0 0
664 0 0 0 0
665 0 0 0 0
666 0 0 0 0
667 0 0 0 0
668 0 0 0 0
669 0 0 0 0
670 0 0 0 0
671 0 0 0 0
672 0 0 0 0
673 0 0 0 0
674 0 0 0 0
675 0 0 0 0
676 0 0 0 0
677 0 0 0 0
678 0 0 0 0
679 0 0 0 0
680 0 0 0 0
681 0 0 0 0
682 0 0 0 0
683 0 0 0 0
684 0 0 0 0
685 0 0 0 0
686 0 0 0 0
687 0 0 0 0
688 0 0 0 0
689 0 0 0 0
690 0 0 0 0
691 0 0 0 0
692 0 0 0 0
693 0 0 0 0
694 0 0 0 0
695 0 0 0 0
696 0 0 0 0
697 0 0 0 0
698 0 0 0 0
699 0 0 0 0
700 0 0 0 0
701 0 0 0 0
702 0 0 0 0
703 0 0 0 0
704 0 0 0 0
705 0 0 0 0
706 0 0 0 0
707 0 0 0 0
708 0 0 0 0
709 0 0 0 0
710 0 0 0 0
711 0 0 0 0
712 0 0 0 0
713 0 0 0 0
714 0 0 0 0
715 0 0 0 0
716 0 0 0 0
717 0 0 0 0
718 0 0 0 0
719 0 0 0 0
720 0 0 0 0
721 0 0 0 0
722 0 0 0 0
723 0 0 0 0
724 0 0 0 0
725 0 0 0 0
726 0 0 0 0
727 0 0 0 0
