0 0 0 0 0
1 0 0 0 0
2 0 0 0 0
3 0 0 0 0
4 0 0 0 0
5 0 2 1 0
6 0 0 0 0
7 0 0 0 0
8 0 0 0 0
9 0 2 0 2
10 0 0 0 0
11 0 0 0 0
12 0 0 0 1
13 0 0 0 2
14 0 0 0 0
15 0 0 0 0
16 0 0 0 0
17 0 0 0 0
18 0 0 0 0
19 1 0 0 0
20 1 0 0 0
21 0 0 0 0
22 1 0 0 0
23 3 0 0 0
24 2 0 0 0
25 1 0 0 0
26 1 0 0 0
27 0 0 0 0
28 0 1 2 0
29 0 2 0 0
30 1 0 0 0
31 0 0 0 0
32 2 0 2 2
33 1 1 0 1
34 0 1 1 0
35 0 0 1 1
36 0 0 0 3
37 0 1 0 1
38 2 1 0 1
39 1 0 0 0
40 0 0 0 0
41 1 1 0 2
42 1 0 0 2
43 2 0 0 0
44 1 1 0 0
45 4 0 0 0
46 1 0 0 0
47 0 1 1 0
48 1 0 1 1
49 1 1 0 0
50 1 2 0 0
51 1 1 1 3
52 1 1 0 1
53 1 0 1 0
54 1 2 1 1
55 0 1 0 1
56 1 0 0 2
57 0 1 0 1
58 1 2 0 4
59 1 1 0 1
60 2 1 0 1
61 3 0 0 0
62 0 0 0 0
63 2 0 0 1
64 1 0 0 2
65 1 0 1 1
66 1 2 0 1
67 4 0 1 0
68 2 1 1 0
69 1 2 0 1
70 2 2 1 2
71 1 0 0 1
72 4 3 2 1
73 5 1 0 2
74 3 0 0 2
75 3 1 1 1
76 4 0 0 4
77 2 3 1 2
78 2 5 1 0
79 3 2 0 3
80 1 3 0 0
81 4 1 2 2
82 1 1 1 3
83 4 2 2 2
84 1 1 2 2
85 1 1 1 3
86 3 0 2 1
87 2 1 0 5
88 2 1 1 3
89 5 1 0 3
90 1 2 1 3
91 2 1 1 3
92 3 2 3 1
93 3 2 0 2
94 6 1 1 3
95 2 0 1 2
96 3 0 1 3
97 5 0 2 1
98 5 2 3 3
99 1 3 0 3
100 2 2 0 2
101 4 5 0 1
102 5 2 0 2
103 6 5 1 1
104 5 1 1 2
105 3 3 0 5
106 4 4 1 3
107 1 2 1 5
108 6 3 0 4
109 3 1 2 4
110 4 4 1 5
111 5 4 3 3
112 4 2 1 4
113 5 0 4 3
114 5 2 1 5
115 7 1 2 8
116 1 3 0 3
117 3 1 5 3
118 5 2 2 2
119 4 4 2 2
120 5 3 4 2
121 2 2 0 5
122 5 2 2 3
123 3 5 1 4
124 2 0 3 4
125 6 3 0 4
126 5 1 2 6
127 5 2 0 9
128 3 2 2 3
129 2 1 1 6
130 6 0 1 4
131 4 5 1 3
132 4 4 2 3
133 2 1 3 2
134 5 3 2 1
135 9 4 4 4
136 5 3 1 3
137 7 1 2 4
138 10 1 1 4
139 9 2 4 9
140 8 1 1 5
141 8 2 1 6
142 7 5 0 2
143 6 3 2 5
144 7 6 5 1
145 6 4 4 4
146 6 3 3 6
147 4 7 4 3
148 5 4 2 8
149 7 4 6 5
150 1 5 3 7
151 7 2 4 12
152 5 2 5 7
153 8 3 5 9
154 3 5 1 8
155 9 1 1 7
156 7 3 3 7
157 6 1 2 7
158 5 5 3 6
159 4 3 0 5
160 3 5 1 8
161 6 2 5 2
162 9 6 2 5
163 11 3 0 3
164 11 6 1 6
165 10 2 3 8
166 13 2 1 6
167 13 5 3 3
168 15 2 5 5
169 10 5 5 6
170 8 10 2 5
171 8 6 3 9
172 8 9 4 6
173 6 9 3 7
174 7 4 6 10
175 5 7 3 8
176 12 6 6 10
177 4 7 4 13
178 11 3 1 11
179 14 1 5 10
180 8 7 1 11
181 12 6 3 13
182 9 6 1 6
183 17 3 3 7
184 12 5 5 4
185 14 2 6 5
186 11 7 2 9
187 12 9 6 11
188 16 9 5 15
189 25 4 9 9
190 12 4 10 7
191 8 5 5 14
192 18 8 6 7
193 14 5 6 10
194 15 10 7 11
195 11 6 4 13
196 12 7 4 15
197 17 14 7 14
198 13 16 5 10
199 11 4 3 14
200 15 6 5 13
201 13 7 7 20
202 8 8 8 15
203 10 6 11 9
204 10 3 5 17
205 9 10 6 16
206 4 10 6 13
207 7 9 4 11
208 5 8 4 9
209 9 7 4 13
210 11 6 4 20
211 6 2 5 13
212 5 5 3 17
213 4 2 5 12
214 9 4 4 14
215 11 3 2 9
216 9 3 3 10
217 5 1 1 7
218 9 5 4 6
219 10 8 6 5
220 5 2 4 8
221 11 8 3 5
222 8 5 0 4
223 6 3 4 7
224 4 5 5 4
225 4 1 5 12
226 3 6 3 12
227 2 3 4 8
228 7 5 5 11
229 3 1 2 6
230 8 5 2 7
231 4 4 1 6
232 4 1 3 4
233 5 4 1 6
234 6 1 4 8
235 6 6 0 9
236 6 1 0 1
237 0 4 2 8
238 3 1 1 6
239 3 4 4 5
240 0 3 2 2
241 2 2 4 6
242 3 0 1 5
243 5 4 0 4
244 3 3 3 5
245 2 2 0 4
246 4 2 0 7
247 1 1 3 4
248 6 0 4 5
249 3 1 1 2
250 2 0 2 2
251 1 2 2 3
252 2 3 1 4
253 2 3 1 4
254 0 0 2 5
255 1 1 1 4
256 1 0 0 2
257 2 1 2 2
258 1 1 2 2
259 1 1 0 4
260 2 0 2 2
261 1 0 3 3
262 1 1 1 1
263 0 0 1 0
264 2 0 0 3
265 1 1 0 4
266 1 1 0 1
267 1 0 1 2
268 0 1 0 1
269 1 1 1 2
270 0 0 1 1
271 0 0 1 1
272 0 0 1 1
273 0 1 0 1
274 1 1 0 1
275 1 0 0 0
276 0 0 0 1
277 0 0 0 1
278 0 0 0 1
279 2 1 0 1
280 0 0 0 0
281 1 0 0 1
282 1 0 0 0
283 0 0 0 0
284 0 2 0 0
285 2 0 0 0
286 1 0 0 1
287 1 0 0 0
288 0 1 0 1
289 0 0 0 0
290 1 0 2 0
291 0 3 0 1
292 2 1 0 0
293 0 0 0 0
294 1 0 0 0
295 2 1 0 2
296 0 0 0 0
297 0 0 0 2
298 0 0 0 2
299 1 0 0 1
300 0 2 0 0
301 2 1 1 0
302 0 0 0 1
303 1 1 0 0
304 0 1 0 1
305 0 0 0 1
306 1 0 1 0
307 0 0 0 1
308 0 0 0 1
309 0 0 0 0
310 1 0 1 1
311 0 1 0 1
312 0 1 0 0
313 0 0 0 1
314 0 0 0 0
315 0 1 0 0
316 1 0 0 0
317 0 0 0 1
318 1 0 0 1
319 0 0 0 1
320 1 0 0 0
321 0 0 0 0
322 0 0 0 1
323 2 0 0 0
324 0 0 0 0
325 2 0 1 0
326 0 0 0 0
327 0 1 0 0
328 0 1 0 0
329 0 1 0 0
330 0 0 1 0
331 0 0 0 1
332 0 1 0 2
333 0 0 0 0
334 0 1 0 2
335 0 0 0 0
336 0 0 0 1
337 0 0 0 0
338 0 0 0 0
339 0 0 0 0
340 0 0 0 0
341 1 0 0 1
342 0 0 0 0
343 1 0 0 0
344 1 0 0 0
345 2 0 0 0
346 0 0 1 0
347 0 0 0 0
348 0 0 0 0
349 0 0 0 0
350 0 0 0 0
351 0 1 0 0
352 0 0 1 1
353 0 1 0 0
354 0 0 1 0
355 0 0 0 1
356 0 0 0 0
357 0 0 0 1
358 0 0 0 0
359 0 0 0 1
360 0 0 0 0
361 0 0 0 1
362 0 0 0 0
363 1 0 0 0
364 0 0 0 0
365 0 0 0 0
366 1 0 0 0
367 1 0 0 0
368 0 0 0 0
369 1 0 0 0
370 1 0 0 0
371 0 0 0 0
372 0 2 0 0
373 0 0 0 0
374 0 0 0 0
375 0 0 2 0
376 0 0 0 1
377 0 0 0 0
378 0 0 1 0
379 0 0 0 3
380 0 0 0 0
381 0 0 0 0
382 0 0 0 1
383 0 0 0 0
384 0 0 0 0
385 1 0 0 0
386 0 0 0 0
387 0 0 0 0
388 0 0 0 0
389 0 0 0 0
390 1 0 1 0
391 0 0 0 0
392 0 0 0 0
393 0 0 0 0
394 0 0 0 1
395 0 1 0 0
396 0 0 0 0
397 0 0 0 0
398 0 0 0 0
399 0 0 0 0
400 0 0 0 0
401 0 0 0 0
402 0 0 0 1
403 1 0 0 0
404 0 0 0 0
405 1 0 0 0
406 0 0 0 0
407 1 0 0 0
408 0 1 0 0
409 0 0 0 0
410 0 1 0 0
411 0 0 0 0
412 0 1 0 0
413 1 0 0 0
414 0 0 0 0
415 0 0 0 1
416 0 0 0 1
417 1 0 0 1
418 0 0 0 0
419 1 0 0 0
420 1 0 0 0
421 0 0 0 0
422 0 1 0 0
423 0 0 0 0
424 1 0 1 0
425 0 0 0 0
426 0 1 0 0
427 0 0 0 0
428 0 0 0 1
429 0 1 0 1
430 0 0 0 1
431 0 0 0 0
432 0 1 0 0
433 0 0 0 0
434 1 0 0 0
435 0 0 0 0
436 0 0 0 1
437 1 0 0 0
438 1 0 0 0
439 0 0 0 1
440 0 0 0 0
441 1 0 0 0
442 0 0 0 0
443 1 1 1 0
444 0 0 0 0
445 0 0 0 0
446 0 1 0 0
447 0 0 0 1
448 0 1 0 0
449 0 0 0 0
450 1 1 0 1
451 0 0 0 0
452 0 0 0 1
453 0 0 0 1
454 0 0 0 1
455 0 1 0 0
456 0 0 0 0
457 0 0 0 0
458 0 0 0 0
459 0 0 0 1
460 0 0 0 0
461 0 0 0 0
462 1 0 0 0
463 1 0 0 0
464 0 0 0 0
465 1 0 0 0
466 0 0 0 0
467 1 0 0 0
468 1 0 1 0
469 0 0 0 0
470 0 1 0 0
471 0 1 0 0
472 0 0 0 1
473 0 0 0 0
474 0 1 0 1
475 0 0 0 1
476 0 1 0 0
477 0 0 0 0
478 0 0 0 1
479 0 0 0 0
480 0 0 0 0
481 0 0 0 0
482 0 0 0 0
483 2 0 0 1
484 0 0 0 0
485 1 0 0 0
486 0 0 0 0
487 1 0 0 0
488 2 1 0 0
489 0 0 0 0
490 0 0 1 0
491 1 0 0 0
492 0 0 2 1
493 0 1 0 0
494 0 0 0 0
495 2 0 0 0
496 1 0 0 2
497 0 1 0 1
498 0 0 0 0
499 0 0 0 0
500 0 3 0 1
501 0 1 0 0
502 0 0 0 0
503 0 0 0 0
504 0 0 0 1
505 0 0 0 0
506 0 0 0 0
507 1 0 0 3
508 1 0 0 1
509 0 0 0 0
510 0 0 0 0
511 1 0 0 0
512 1 0 0 0
513 1 0 0 0
514 0 0 0 0
515 0 0 0 0
516 0 2 0 0
517 0 1 0 0
518 0 1 0 0
519 0 0 0 0
520 0 0 0 1
521 0 1 0 1
522 0 0 0 0
523 0 0 0 1
524 0 0 0 0
525 0 0 0 2
526 0 0 0 0
527 0 0 0 0
528 0 0 0 0
529 0 0 0 0
530 0 0 0 0
531 0 0 0 0
532 0 0 0 0
533 1 0 0 0
534 0 0 0 0
535 0 0 0 0
536 0 0 0 0
537 0 0 0 0
538 1 1 0 0
539 0 0 0 0
540 1 0 0 0
541 0 0 0 0
542 0 0 0 1
543 1 1 0 0
544 0 0 0 0
545 0 0 0 0
546 0 0 0 0
547 0 0 0 1
548 0 0 0 0
549 0 0 1 0
550 1 0 0 0
551 0 0 0 0
552 0 1 0 0
553 1 0 0 0
554 1 0 0 0
555 1 1 0 0
556 1 0 0 2
557 2 0 0 0
558 0 0 0 0
559 1 0 1 0
560 0 0 1 0
561 1 1 0 0
562 0 1 0 1
563 0 0 0 1
564 0 1 0 0
565 0 0 0 1
566 0 1 1 0
567 0 0 0 0
568 0 0 0 1
569 0 0 0 1
570 1 1 0 1
571 0 0 0 1
572 0 0 0 0
573 0 0 0 1
574 1 0 0 1
575 0 0 0 0
576 1 0 0 0
577 0 0 1 0
578 0 0 0 0
579 0 0 0 0
580 0 0 0 0
581 0 1 0 1
582 0 0 0 0
583 0 0 1 0
584 0 0 0 0
585 0 0 0 1
586 0 0 0 0
587 0 0 0 1
588 0 0 0 0
589 0 0 0 0
590 0 0 0 0
591 0 0 0 0
592 0 0 0 0
593 0 0 0 0
594 0 0 0 0
595 0 0 0 0
596 0 0 0 0
597 0 0 0 0
598 0 0 0 0
599 0 0 0 0
600 0 0 0 0
601 0 0 0 0
602 0 0 0 0
603 0 0 0 0
604 0 0 0 0
605 0 0 0 0
606 0 0 0 0
607 0 0 0 0
608 0 0 0 0
609 0 0 0 0
610 0 0 0 0
611 0 0 0 0
612 0 0 0 0
613 0 0 0 0
614 0 0 0 0
615 0 0 0 0
616 0 0 0 0
617 0 0 0 0
618 0 0 0 0
619 0 0 0 0
620 0 0 0 0
621 0 0 0 0
622 0 0 0 0
623 0 0 0 0
624 0 0 0 0
625 0 0 0 0
626 0 0 0 0
627 0 0 0 0
628 0 0 0 0
629 0 0 0 0
630 0 0 0 0
631 0 0 0 0
632 0 0 0 0
633 0 0 0 0
634 0 0 0 0
635 0 0 0 0
636 0 0 0 0
637 0 0 0 0
638 0 0 0 0
639 0 0 0 0
640 0 0 0 0
641 0 0 0 0
642 0 0 0 0
643 0 0 0 0
644 0 0 0 0
645 0 0 0 0
646 0 0 0 0
647 0 0 0 0
648 0 0 0 0
649 0 0 0 0
650 0 0 0 0
651 0 0 0 0
652 0 0 0 0
653 0 0 0 0
654 0 0 0 0
655 0 0 0 0
656 0 0 0 0
657 0 0 0 0
658 0 0 0 0
659 0 0 0 0
660 0 0 0 0
661 0 0 0 0
662 0 0 0 0
663 0 0 0 0
664 0 0 0 0
665 0 0 0 0
666 0 0 0 0
667 0 0 0 0
668 0 0 0 0
669 0 0 0 0
670 0 0 0 0
671 0 0 0 0
672 0 0 0 0
673 0 0 0 0
674 0 0 0 0
675 0 0 0 0
676 0 0 0 0
677 0 0 0 0
678 0 0 0 0
679 0 0 0 0
680 0 0 0 0
681 0 0 0 0
682 0 0 0 0
683 0 0 0 0
684 0 0 0 0
685 0 0 0 0
686 0 0 0 0
687 0 0 0 0
688 0 0 0 0
689 0 0 0 0
690 0 0 0 0
691 0 0 0 0
692 0 0 0 0
693 0 0 0 0
694 0 0 0 0
695 0 0 0 0
696 0 0 0 0
697 0 0 0 0
698 0 0 0 0
699 0 0 0 0
700 0 0 0 0
701 0 0 0 0
702 0 0 0 0
703 0 0 0 0
704 0 0 0 0
705 0 0 0 0
706 0 0 0 0
707 0 0 0 0
708 0 0 0 0
709 0 0 0 0
710 0 0 0 0
711 0 0 0 0
712 0 0 0 0
713 0 0 0 0
714 0 0 0 0
715 0 0 0 0
716 0 0 0 0
717 0 0 0 0
718 0 0 0 0
719 0 0 0 0
720 0 0 0 0
721 0 0 0 0
722 0 0 0 0
723 0 0 0 0
724 0 0 0 0
725 0 0 0 0
726 0 0 0 0
727 0 0 0 0
