0 0 0 0 0
1 0 0 0 0
2 0 0 0 0
3 0 0 0 0
4 0 0 0 0
5 0 2 1 0
6 1 0 0 0
7 0 0 0 0
8 0 0 0 0
9 0 1 1 2
10 0 0 0 0
11 0 0 1 0
12 0 0 0 1
13 0 0 0 2
14 0 0 0 0
15 0 0 0 1
16 2 0 0 0
17 0 0 0 0
18 2 0 0 0
19 1 0 0 0
20 1 0 0 0
21 0 0 0 0
22 3 0 0 0
23 1 1 0 0
24 0 1 0 0
25 2 3 0 0
26 0 0 0 0
27 1 4 0 0
28 2 1 0 1
29 2 0 0 1
30 2 0 0 0
31 1 0 0 4
32 1 1 0 3
33 1 0 1 0
34 0 3 0 1
35 0 1 1 0
36 2 1 0 0
37 1 2 0 0
38 1 0 1 0
39 0 0 0 3
40 2 1 0 2
41 3 1 0 5
42 0 0 0 0
43 1 0 0 0
44 0 0 0 0
45 0 1 1 1
46 2 1 0 0
47 0 2 0 1
48 0 1 0 1
49 1 1 0 2
50 4 2 0 0
51 0 0 0 2
52 1 0 0 0
53 2 0 0 1
54 3 0 1 3
55 3 2 3 1
56 1 0 0 0
57 1 0 0 0
58 1 1 0 1
59 3 0 1 3
60 0 1 0 0
61 2 1 0 0
62 1 0 1 3
63 1 0 3 1
64 1 2 3 0
65 0 0 1 0
66 2 3 0 1
67 0 1 0 2
68 1 1 0 5
69 2 0 0 1
70 1 0 0 2
71 1 0 0 2
72 2 1 0 0
73 0 0 1 3
74 3 0 2 0
75 5 2 1 1
76 4 0 0 1
77 1 1 1 0
78 4 0 0 2
79 3 2 1 3
80 2 1 3 1
81 5 2 2 2
82 3 0 0 0
83 1 0 1 1
84 3 5 0 2
85 4 2 1 1
86 3 2 0 2
87 2 3 3 2
88 3 1 0 7
89 5 3 1 1
90 2 2 1 2
91 2 1 2 6
92 3 3 0 2
93 2 2 0 3
94 3 4 1 3
95 3 1 1 3
96 5 1 1 3
97 3 3 1 2
98 3 2 3 3
99 4 1 1 3
100 1 1 1 4
101 4 1 0 4
102 4 1 0 2
103 3 0 1 2
104 3 2 2 4
105 5 4 1 2
106 4 4 1 1
107 0 5 1 1
108 2 0 2 2
109 5 1 0 1
110 8 4 0 4
111 7 3 0 7
112 5 2 1 6
113 2 3 0 2
114 2 6 0 5
115 9 2 1 3
116 3 2 2 4
117 5 2 0 2
118 6 0 1 2
119 4 5 2 3
120 5 6 4 5
121 2 2 2 4
122 5 2 2 2
123 4 3 2 5
124 4 6 1 9
125 12 1 2 2
126 7 2 2 7
127 7 1 2 4
128 6 1 1 6
129 9 2 4 1
130 6 5 4 5
131 5 4 2 4
132 9 3 3 5
133 12 2 4 5
134 7 5 7 6
135 6 5 2 4
136 7 2 5 6
137 5 2 4 8
138 9 3 3 11
139 8 6 4 5
140 10 3 1 6
141 4 6 4 8
142 4 6 4 8
143 10 5 0 8
144 14 6 3 5
145 9 4 4 6
146 8 3 1 12
147 12 6 2 6
148 4 6 2 10
149 9 10 2 5
150 14 0 5 3
151 13 3 3 10
152 14 4 7 8
153 16 7 3 7
154 20 5 2 5
155 23 10 3 8
156 12 3 5 10
157 10 1 4 10
158 10 7 7 9
159 17 8 5 17
160 14 11 12 6
161 16 13 9 6
162 19 6 5 15
163 13 10 7 10
164 19 12 6 17
165 13 6 6 16
166 17 4 10 13
167 20 9 6 14
168 11 7 7 17
169 11 9 7 12
170 16 9 6 16
171 13 9 8 20
172 14 10 6 9
173 16 7 7 16
174 15 6 6 16
175 18 10 7 18
176 23 11 7 15
177 23 10 6 9
178 21 6 7 12
179 21 9 4 18
180 26 8 3 21
181 32 12 6 18
182 17 15 7 17
183 26 14 7 16
184 22 14 9 11
185 25 16 8 15
186 20 19 11 18
187 16 7 7 12
188 24 12 8 21
189 19 17 11 25
190 17 13 13 28
191 24 12 11 21
192 22 13 10 19
193 28 10 12 22
194 30 12 7 19
195 23 11 7 21
196 30 8 8 32
197 26 12 8 24
198 30 18 10 19
199 24 18 8 18
200 31 15 10 22
201 17 17 12 24
202 21 15 10 25
203 20 15 16 23
204 28 16 7 23
205 17 23 11 27
206 17 14 9 27
207 16 12 8 29
208 22 12 6 25
209 14 11 11 24
210 16 10 8 27
211 18 7 16 18
212 13 14 6 25
213 11 15 13 22
214 13 8 5 26
215 21 11 7 18
216 6 6 7 22
217 14 9 8 23
218 10 9 4 23
219 13 5 7 17
220 11 16 6 18
221 10 4 6 14
222 14 5 8 12
223 10 13 4 14
224 10 14 5 14
225 9 5 4 14
226 8 7 1 12
227 7 5 5 24
228 7 5 2 14
229 9 9 4 8
230 5 4 3 11
231 11 7 5 18
232 8 4 3 10
233 6 2 4 7
234 9 7 5 6
235 7 2 2 14
236 3 7 5 10
237 9 4 2 6
238 6 8 1 11
239 6 2 6 5
240 8 5 5 10
241 5 5 1 7
242 4 1 4 9
243 5 2 6 11
244 3 2 3 7
245 6 4 3 3
246 2 4 4 7
247 7 3 3 9
248 4 3 2 7
249 3 3 2 4
250 2 3 5 9
251 4 1 1 5
252 4 4 4 7
253 3 3 2 6
254 5 1 1 7
255 3 0 2 5
256 7 1 3 9
257 2 3 1 5
258 1 2 0 2
259 5 2 2 5
260 2 0 3 4
261 1 3 2 2
262 3 2 1 2
263 0 3 0 3
264 1 4 1 4
265 2 3 2 3
266 2 0 2 5
267 2 2 1 4
268 3 2 0 3
269 0 0 0 6
270 1 1 0 2
271 2 0 1 6
272 6 1 1 2
273 1 2 1 1
274 0 1 0 1
275 2 1 2 2
276 1 1 1 1
277 1 3 1 2
278 0 0 1 0
279 1 0 0 3
280 0 1 0 3
281 2 2 0 4
282 2 0 1 2
283 0 0 0 1
284 1 1 1 1
285 0 1 0 0
286 3 0 0 1
287 1 0 0 1
288 0 0 0 3
289 0 1 0 1
290 0 0 2 0
291 1 3 1 1
292 0 1 0 0
293 0 0 0 1
294 0 0 0 0
295 0 1 0 1
296 0 0 1 2
297 1 0 0 2
298 1 0 0 2
299 0 0 0 0
300 0 0 0 1
301 0 0 0 0
302 0 1 0 1
303 0 1 0 0
304 0 0 0 0
305 0 0 0 0
306 1 0 0 1
307 0 0 0 1
308 0 0 0 0
309 0 0 0 0
310 0 0 0 0
311 2 0 0 0
312 0 0 0 0
313 0 0 0 0
314 0 0 0 0
315 0 1 0 0
316 0 1 0 0
317 0 0 0 0
318 0 0 0 0
319 0 0 0 0
320 0 1 0 0
321 0 0 0 0
322 0 0 0 1
323 0 0 0 1
324 0 0 0 1
325 0 0 0 0
326 0 0 0 0
327 0 0 0 0
328 0 0 0 0
329 0 0 0 0
330 0 0 0 0
331 0 0 0 0
332 0 0 0 0
333 0 0 0 0
334 0 0 0 0
335 0 0 0 0
336 0 0 0 0
337 0 0 0 0
338 1 0 0 0
339 0 0 0 0
340 0 0 0 0
341 0 0 0 0
342 0 0 0 0
343 0 0 0 0
344 0 0 0 0
345 0 0 0 0
346 0 0 0 0
347 0 1 0 0
348 0 0 0 0
349 0 0 0 0
350 0 0 0 0
351 0 0 0 0
352 0 0 0 0
353 0 0 0 0
354 0 0 0 1
355 0 0 0 0
356 0 0 0 0
357 0 0 0 0
358 0 0 0 0
359 0 0 0 0
360 0 0 0 0
361 0 0 0 0
362 0 0 0 0
363 0 0 0 0
364 0 0 0 0
365 0 0 0 0
366 0 0 0 0
367 0 0 0 0
368 0 0 0 0
369 0 0 0 0
370 0 0 0 0
371 0 0 0 0
372 0 0 0 0
373 0 0 0 0
374 0 0 0 0
375 0 0 0 0
376 0 0 0 0
377 0 0 0 0
378 0 0 0 0
379 0 0 0 0
380 0 0 0 0
381 0 0 0 0
382 0 0 0 0
383 0 0 0 0
384 0 0 0 0
385 0 0 0 0
386 0 0 0 0
387 0 0 0 0
388 0 0 0 0
389 0 0 0 0
390 0 0 0 0
391 0 0 0 0
392 0 0 0 0
393 0 0 0 0
394 0 0 0 0
395 0 0 0 0
396 0 0 0 0
397 0 0 0 0
398 0 0 0 0
399 0 0 0 0
400 0 0 0 0
401 0 0 0 0
402 0 0 0 0
403 0 0 0 0
404 0 0 0 0
405 0 0 0 0
406 0 0 0 0
407 0 0 0 0
408 0 0 0 0
409 0 0 0 0
410 0 0 0 0
411 0 0 0 0
412 0 0 0 0
413 0 0 0 0
414 0 0 0 0
415 0 0 0 0
416 0 0 0 0
417 0 0 0 0
418 0 0 0 0
419 0 0 0 0
420 0 0 0 0
421 0 0 0 0
422 0 0 0 0
423 0 0 0 0
424 0 0 0 0
425 0 0 0 0
426 0 0 0 0
427 0 0 0 0
428 0 0 0 0
429 0 0 0 0
430 0 0 0 0
431 0 0 0 0
432 0 0 0 0
433 0 0 0 0
434 0 0 0 0
435 0 0 0 0
436 0 0 0 0
437 0 0 0 0
438 0 0 0 0
439 0 0 0 0
440 0 0 0 0
441 0 0 0 0
442 0 0 0 0
443 0 0 0 0
444 0 0 0 0
445 0 0 0 0
446 0 0 0 0
447 0 0 0 0
448 0 0 0 0
449 0 0 0 0
450 0 0 0 0
451 0 0 0 0
452 0 0 0 0
453 0 0 0 0
454 0 0 0 0
455 0 0 0 0
456 0 0 0 0
457 0 0 0 0
458 0 0 0 0
459 0 0 0 0
460 0 0 0 0
461 0 0 0 0
462 0 0 0 0
463 0 0 0 0
464 0 0 0 0
465 0 0 0 0
466 0 0 0 0
467 0 0 0 0
468 0 0 0 0
469 0 0 0 0
470 0 0 0 0
471 0 0 0 0
472 0 0 0 0
473 0 0 0 0
474 0 0 0 0
475 0 0 0 0
476 0 0 0 0
477 0 0 0 0
478 0 0 0 0
479 0 0 0 0
480 0 0 0 0
481 0 0 0 0
482 0 0 0 0
483 0 0 0 0
484 0 0 0 0
485 0 0 0 0
486 0 0 0 0
487 0 0 0 0
488 0 0 0 0
489 0 0 0 0
490 0 0 0 0
491 0 0 0 0
492 0 0 0 0
493 0 0 0 0
494 0 0 0 0
495 0 0 0 0
496 0 0 0 0
497 0 0 0 0
498 0 0 0 0
499 0 0 0 0
500 0 0 0 0
501 0 0 0 0
502 0 0 0 0
503 0 0 0 0
504 0 0 0 0
505 0 0 0 0
506 0 0 0 0
507 0 0 0 0
508 0 0 0 0
509 0 0 0 0
510 0 0 0 0
511 0 0 0 0
512 0 0 0 0
513 0 0 0 0
514 0 0 0 0
515 0 0 0 0
516 0 0 0 0
517 0 0 0 0
518 0 0 0 0
519 0 0 0 0
520 0 0 0 0
521 0 0 0 0
522 0 0 0 0
523 0 0 0 0
524 0 0 0 0
525 0 0 0 0
526 0 0 0 0
527 0 0 0 0
528 0 0 0 0
529 0 0 0 0
530 0 0 0 0
531 0 0 0 0
532 0 0 0 0
533 0 0 0 0
534 0 0 0 0
535 0 0 0 0
536 0 0 0 0
537 0 0 0 0
538 0 0 0 0
539 0 0 0 0
540 0 0 0 0
541 0 0 0 0
542 0 0 0 0
543 0 0 0 0
544 0 0 0 0
545 0 0 0 0
546 0 0 0 0
547 0 0 0 0
548 0 0 0 0
549 0 0 0 0
550 0 0 0 0
551 0 0 0 0
552 0 0 0 0
553 0 0 0 0
554 0 0 0 0
555 0 0 0 0
556 0 0 0 0
557 0 0 0 0
558 0 0 0 0
559 0 0 0 0
560 0 0 0 0
561 0 0 0 0
562 0 0 0 0
563 0 0 0 0
564 0 0 0 0
565 0 0 0 0
566 0 0 0 0
567 0 0 0 0
568 0 0 0 0
569 0 0 0 0
570 0 0 0 0
571 0 0 0 0
572 0 0 0 0
573 0 0 0 0
574 0 0 0 0
575 0 0 0 0
576 0 0 0 0
577 0 0 0 0
578 0 0 0 0
579 0 0 0 0
580 0 0 0 0
581 0 0 0 0
582 0 0 0 0
583 0 0 0 0
584 0 0 0 0
585 0 0 0 0
586 0 0 0 0
587 0 0 0 0
588 0 0 0 0
589 0 0 0 0
590 0 0 0 0
591 0 0 0 0
592 0 0 0 0
593 0 0 0 0
594 0 0 0 0
595 0 0 0 0
596 0 0 0 0
597 0 0 0 0
598 0 0 0 0
599 0 0 0 0
600 0 0 0 0
601 0 0 0 0
602 0 0 0 0
603 0 0 0 0
604 0 0 0 0
605 0 0 0 0
606 0 0 0 0
607 0 0 0 0
608 0 0 0 0
609 0 0 0 0
610 0 0 0 0
611 0 0 0 0
612 0 0 0 0
613 0 0 0 0
614 0 0 0 0
615 0 0 0 0
616 0 0 0 0
617 0 0 0 0
618 0 0 0 0
619 0 0 0 0
620 0 0 0 0
621 0 0 0 0
622 0 0 0 0
623 0 0 0 0
624 0 0 0 0
625 0 0 0 0
626 0 0 0 0
627 0 0 0 0
628 0 0 0 0
629 0 0 0 0
630 0 0 0 0
631 0 0 0 0
632 0 0 0 0
633 0 0 0 0
634 0 0 0 0
635 0 0 0 0
636 0 0 0 0
637 0 0 0 0
638 0 0 0 0
639 0 0 0 0
640 0 0 0 0
641 0 0 0 0
642 0 0 0 0
643 0 0 0 0
644 0 0 0 0
645 0 0 0 0
646 0 0 0 0
647 0 0 0 0
648 0 0 0 0
649 0 0 0 0
650 0 0 0 0
651 0 0 0 0
652 0 0 0 0
653 0 0 0 0
654 0 0 0 0
655 0 0 0 0
656 0 0 0 0
657 0 0 0 0
658 0 0 0 0
659 0 0 0 0
660 0 0 0 0
661 0 0 0 0
662 0 0 0 0
663 0 0 0 0
664 0 0 0 0
665 0 0 0 0
666 0 0 0 0
667 0 0 0 0
668 0 0 0 0
669 0 0 0 0
670 0 0 0 0
671 0 0 0 0
672 0 0 0 0
673 0 0 0 0
674 0 0 0 0
675 0 0 0 0
676 0 0 0 0
677 0 0 0 0
678 0 0 0 0
679 0 0 0 0
680 0 0 0 0
681 0 0 0 0
682 0 0 0 0
683 0 0 0 0
684 0 0 0 0
685 0 0 0 0
686 0 0 0 0
687 0 0 0 0
688 0 0 0 0
689 0 0 0 0
690 0 0 0 0
691 0 0 0 0
692 0 0 0 0
693 0 0 0 0
694 0 0 0 0
695 0 0 0 0
696 0 0 0 0
697 0 0 0 0
698 0 0 0 0
699 0 0 0 0
700 0 0 0 0
701 0 0 0 0
702 0 0 0 0
703 0 0 0 0
704 0 0 0 0
705 0 0 0 0
706 0 0 0 0
707 0 0 0 0
708 0 0 0 0
709 0 0 0 0
710 0 0 0 0
711 0 0 0 0
712 0 0 0 0
713 0 0 0 0
714 0 0 0 0
715 0 0 0 0
716 0 0 0 0
717 0 0 0 0
718 0 0 0 0
719 0 0 0 0
720 0 0 0 0
721 0 0 0 0
722 0 0 0 0
723 0 0 0 0
724 0 0 0 0
725 0 0 0 0
726 0 0 0 0
727 0 0 0 0
