0 0 0 0 0
1 0 0 0 0
2 0 0 0 0
3 0 0 0 0
4 0 0 0 0
5 0 3 1 0
6 0 0 0 0
7 0 0 0 0
8 0 0 0 0
9 0 1 0 2
10 0 0 0 0
11 0 0 0 0
12 0 0 0 2
13 0 0 0 1
14 0 0 0 0
15 1 0 0 0
16 1 0 0 0
17 0 0 0 0
18 1 0 0 0
19 2 0 0 0
20 1 0 0 0
21 1 0 1 0
22 0 0 0 0
23 1 0 0 0
24 0 0 1 0
25 0 0 0 1
26 1 0 1 0
27 1 0 1 0
28 0 1 2 1
29 0 0 1 0
30 0 0 0 1
31 0 0 0 1
32 0 1 0 1
33 1 0 0 1
34 0 0 0 0
35 0 1 0 2
36 1 0 0 0
37 0 0 0 0
38 1 0 1 0
39 0 0 0 1
40 0 0 0 0
41 1 0 1 0
42 0 0 0 2
43 0 0 1 0
44 0 0 0 0
45 0 0 0 0
46 1 0 1 0
47 1 0 0 1
48 3 0 0 1
49 1 0 0 0
50 1 0 0 0
51 2 0 0 0
52 5 1 0 0
53 0 0 1 1
54 1 0 0 0
55 1 1 1 0
56 3 0 0 1
57 2 1 2 0
58 0 2 0 0
59 2 2 0 1
60 2 1 1 1
61 1 2 2 1
62 0 0 1 2
63 0 0 0 2
64 0 1 1 3
65 0 1 2 1
66 2 2 0 1
67 0 0 0 1
68 0 1 0 5
69 0 0 0 2
70 1 0 0 1
71 0 0 0 1
72 2 0 0 1
73 4 0 0 1
74 4 0 0 0
75 1 2 1 1
76 4 0 0 0
77 5 1 0 0
78 2 2 0 0
79 1 1 2 2
80 1 1 1 0
81 2 2 2 1
82 0 2 1 1
83 2 1 2 1
84 1 1 0 1
85 0 2 1 2
86 1 2 1 3
87 2 0 0 4
88 0 2 0 6
89 3 0 0 3
90 2 0 1 2
91 0 0 0 0
92 0 0 0 2
93 2 1 0 1
94 2 1 0 1
95 0 1 1 1
96 4 1 1 0
97 2 0 0 1
98 0 2 1 1
99 3 2 0 1
100 1 0 0 1
101 1 2 1 0
102 1 1 1 2
103 1 0 1 3
104 1 2 0 0
105 3 1 0 3
106 3 0 1 3
107 3 1 0 1
108 1 1 1 3
109 3 0 2 0
110 4 0 0 1
111 4 1 1 1
112 4 1 1 3
113 2 0 1 0
114 3 2 1 0
115 3 4 0 1
116 2 4 2 4
117 3 1 0 1
118 3 1 4 2
119 8 2 1 1
120 10 1 2 2
121 3 2 1 3
122 4 3 0 6
123 0 2 1 6
124 6 2 4 1
125 2 2 3 5
126 6 1 0 1
127 4 1 2 3
128 5 2 1 4
129 2 4 3 4
130 5 2 2 3
131 4 3 3 4
132 6 2 1 4
133 3 4 2 1
134 3 0 0 5
135 5 5 1 5
136 6 2 3 7
137 4 4 1 3
138 7 2 1 3
139 5 4 1 4
140 4 3 1 7
141 8 1 2 2
142 4 3 0 4
143 7 1 3 6
144 6 2 0 6
145 7 5 2 4
146 8 4 2 2
147 2 5 1 4
148 4 5 4 2
149 6 1 3 7
150 10 8 2 4
151 9 4 2 3
152 7 3 3 7
153 8 2 2 4
154 11 0 4 11
155 10 5 5 9
156 10 1 5 6
157 9 5 2 5
158 11 4 4 4
159 10 6 4 6
160 11 5 4 4
161 12 7 1 6
162 9 6 3 10
163 9 6 7 5
164 12 5 4 10
165 11 4 6 11
166 10 8 6 9
167 12 3 3 8
168 9 3 4 9
169 11 6 6 10
170 18 6 7 18
171 17 10 3 7
172 15 6 6 8
173 13 7 2 13
174 7 9 4 11
175 9 8 2 10
176 19 6 6 13
177 12 9 4 9
178 13 7 2 16
179 16 10 4 6
180 17 9 5 12
181 15 14 6 13
182 13 10 3 12
183 17 5 3 12
184 14 4 6 13
185 12 12 6 16
186 16 10 3 13
187 21 5 4 12
188 21 11 8 14
189 18 6 7 16
190 9 10 4 8
191 15 11 9 7
192 7 13 1 15
193 9 13 7 12
194 17 10 7 14
195 13 3 7 20
196 13 17 5 17
197 14 8 6 18
198 17 10 4 18
199 18 7 2 10
200 10 7 7 22
201 13 4 4 10
202 14 6 5 15
203 12 13 4 14
204 12 11 7 19
205 15 9 4 12
206 18 6 5 7
207 15 8 7 13
208 11 10 7 15
209 17 6 7 14
210 21 15 4 19
211 20 6 9 12
212 8 8 6 14
213 10 4 5 12
214 12 9 5 19
215 10 16 8 16
216 5 7 5 13
217 11 6 5 16
218 5 5 7 16
219 12 11 3 16
220 15 13 7 7
221 11 5 0 11
222 10 5 5 21
223 10 3 4 13
224 6 10 5 14
225 12 5 5 9
226 6 4 5 12
227 9 6 1 17
228 13 4 2 10
229 6 6 4 6
230 3 7 8 10
231 6 6 3 10
232 5 7 5 9
233 8 4 6 8
234 3 5 3 11
235 4 2 4 9
236 6 3 5 12
237 4 3 3 12
238 3 3 3 12
239 3 2 0 7
240 3 1 1 11
241 4 5 3 5
242 2 4 3 6
243 3 2 1 1
244 2 2 2 4
245 3 1 3 7
246 6 1 3 8
247 1 3 0 2
248 6 3 2 5
249 2 1 0 4
250 2 3 2 6
251 5 0 2 3
252 1 1 0 4
253 3 2 4 2
254 1 0 0 4
255 2 4 2 4
256 2 1 2 2
257 4 1 1 2
258 6 1 1 1
259 4 1 0 1
260 2 3 2 8
261 0 2 0 1
262 0 3 2 6
263 1 1 2 0
264 0 1 1 3
265 2 2 0 1
266 2 0 2 4
267 1 2 1 3
268 3 2 0 3
269 2 1 0 2
270 1 0 0 4
271 1 1 1 3
272 1 0 1 2
273 1 1 1 1
274 0 2 1 1
275 2 0 1 3
276 4 0 1 2
277 1 1 0 2
278 1 1 0 2
279 2 1 0 0
280 0 0 2 0
281 1 3 1 3
282 2 0 0 2
283 1 0 0 1
284 1 0 2 0
285 1 1 0 2
286 0 1 1 2
287 1 1 1 1
288 0 0 1 4
289 0 0 0 1
290 1 0 1 2
291 3 1 0 1
292 1 1 0 1
293 0 0 1 0
294 0 0 0 1
295 3 1 0 1
296 0 2 0 0
297 0 0 0 2
298 0 0 0 0
299 0 0 1 1
300 0 4 1 0
301 0 0 0 0
302 1 0 0 1
303 0 0 0 3
304 0 0 0 3
305 1 0 0 0
306 0 0 0 0
307 0 0 0 2
308 1 0 0 0
309 0 1 0 0
310 0 1 0 0
311 0 0 0 0
312 0 0 0 0
313 0 1 0 1
314 0 0 0 0
315 0 0 0 0
316 0 0 0 0
317 1 0 0 2
318 0 0 0 0
319 0 0 0 0
320 0 0 0 0
321 0 0 0 0
322 0 0 0 0
323 0 0 0 0
324 0 0 0 0
325 0 0 0 0
326 0 1 0 0
327 0 0 0 0
328 0 0 0 0
329 0 0 0 0
330 0 0 0 0
331 0 0 0 0
332 1 0 0 0
333 1 0 0 1
334 0 0 0 0
335 0 0 0 0
336 0 0 0 0
337 1 0 0 0
338 0 0 1 0
339 0 0 0 0
340 0 0 0 0
341 0 1 0 0
342 0 0 1 1
343 1 0 0 0
344 1 0 0 0
345 0 0 0 1
346 0 0 0 0
347 0 0 0 0
348 0 0 1 0
349 1 0 0 1
350 0 0 0 0
351 0 0 0 0
352 0 0 0 0
353 0 0 1 0
354 0 0 0 0
355 0 0 0 1
356 0 0 0 0
357 0 0 0 0
358 0 0 1 0
359 0 0 0 0
360 0 0 0 1
361 0 0 0 0
362 0 0 0 1
363 0 0 0 0
364 0 0 0 0
365 0 0 0 0
366 0 0 0 0
367 0 0 0 0
368 0 0 0 0
369 0 0 0 0
370 0 0 0 0
371 0 0 0 0
372 0 0 0 0
373 0 0 0 0
374 0 0 0 0
375 0 0 0 0
376 0 0 0 0
377 0 0 0 0
378 0 0 0 0
379 0 0 0 0
380 0 0 0 0
381 0 0 0 0
382 0 0 0 0
383 0 0 0 0
384 0 0 0 0
385 0 0 0 0
386 0 0 0 0
387 0 0 0 0
388 0 0 0 0
389 0 0 0 0
390 0 0 0 0
391 0 0 0 0
392 0 0 0 0
393 0 0 0 0
394 0 0 0 0
395 0 0 0 0
396 0 0 0 0
397 0 0 0 0
398 0 0 0 0
399 0 0 0 0
400 0 0 0 0
401 0 0 0 0
402 0 0 0 0
403 0 0 0 0
404 0 0 0 0
405 0 0 0 0
406 0 0 0 0
407 0 0 0 0
408 0 0 0 0
409 0 0 0 0
410 0 0 0 0
411 0 0 0 0
412 0 0 0 0
413 0 0 0 0
414 0 0 0 0
415 0 0 0 0
416 0 0 0 0
417 0 0 0 0
418 0 0 0 0
419 0 0 0 0
420 0 0 0 0
421 0 0 0 0
422 0 0 0 0
423 0 0 0 0
424 0 0 0 0
425 0 0 0 0
426 0 0 0 0
427 0 0 0 0
428 0 0 0 0
429 0 0 0 0
430 0 0 0 0
431 0 0 0 0
432 0 0 0 0
433 0 0 0 0
434 0 0 0 0
435 0 0 0 0
436 0 0 0 0
437 0 0 0 0
438 0 0 0 0
439 0 0 0 0
440 0 0 0 0
441 0 0 0 0
442 0 0 0 0
443 0 0 0 0
444 0 0 0 0
445 0 0 0 0
446 0 0 0 0
447 0 0 0 0
448 0 0 0 0
449 0 0 0 0
450 0 0 0 0
451 0 0 0 0
452 0 0 0 0
453 0 0 0 0
454 0 0 0 0
455 0 0 0 0
456 0 0 0 0
457 0 0 0 0
458 0 0 0 0
459 0 0 0 0
460 0 0 0 0
461 0 0 0 0
462 0 0 0 0
463 0 0 0 0
464 0 0 0 0
465 0 0 0 0
466 0 0 0 0
467 0 0 0 0
468 0 0 0 0
469 0 0 0 0
470 0 0 0 0
471 0 0 0 0
472 0 0 0 0
473 0 0 0 0
474 0 0 0 0
475 0 0 0 0
476 0 0 0 0
477 0 0 0 0
478 0 0 0 0
479 0 0 0 0
480 0 0 0 0
481 0 0 0 0
482 0 0 0 0
483 0 0 0 0
484 0 0 0 0
485 0 0 0 0
486 0 0 0 0
487 0 0 0 0
488 0 0 0 0
489 0 0 0 0
490 0 0 0 0
491 0 0 0 0
492 0 0 0 0
493 0 0 0 0
494 0 0 0 0
495 0 0 0 0
496 0 0 0 0
497 0 0 0 0
498 0 0 0 0
499 0 0 0 0
500 0 0 0 0
501 0 0 0 0
502 0 0 0 0
503 0 0 0 0
504 0 0 0 0
505 0 0 0 0
506 0 0 0 0
507 0 0 0 0
508 0 0 0 0
509 0 0 0 0
510 0 0 0 0
511 0 0 0 0
512 0 0 0 0
513 0 0 0 0
514 0 0 0 0
515 0 0 0 0
516 0 0 0 0
517 0 0 0 0
518 0 0 0 0
519 0 0 0 0
520 0 0 0 0
521 0 0 0 0
522 0 0 0 0
523 0 0 0 0
524 0 0 0 0
525 0 0 0 0
526 0 0 0 0
527 0 0 0 0
528 0 0 0 0
529 0 0 0 0
530 0 0 0 0
531 0 0 0 0
532 0 0 0 0
533 0 0 0 0
534 0 0 0 0
535 0 0 0 0
536 0 0 0 0
537 0 0 0 0
538 0 0 0 0
539 0 0 0 0
540 0 0 0 0
541 0 0 0 0
542 0 0 0 0
543 0 0 0 0
544 0 0 0 0
545 0 0 0 0
546 0 0 0 0
547 0 0 0 0
548 0 0 0 0
549 0 0 0 0
550 0 0 0 0
551 0 0 0 0
552 0 0 0 0
553 0 0 0 0
554 0 0 0 0
555 0 0 0 0
556 0 0 0 0
557 0 0 0 0
558 0 0 0 0
559 0 0 0 0
560 0 0 0 0
561 0 0 0 0
562 0 0 0 0
563 0 0 0 0
564 0 0 0 0
565 0 0 0 0
566 0 0 0 0
567 0 0 0 0
568 0 0 0 0
569 0 0 0 0
570 0 0 0 0
571 0 0 0 0
572 0 0 0 0
573 0 0 0 0
574 0 0 0 0
575 0 0 0 0
576 0 0 0 0
577 0 0 0 0
578 0 0 0 0
579 0 0 0 0
580 0 0 0 0
581 0 0 0 0
582 0 0 0 0
583 0 0 0 0
584 0 0 0 0
585 0 0 0 0
586 0 0 0 0
587 0 0 0 0
588 0 0 0 0
589 0 0 0 0
590 0 0 0 0
591 0 0 0 0
592 0 0 0 0
593 0 0 0 0
594 0 0 0 0
595 0 0 0 0
596 0 0 0 0
597 0 0 0 0
598 0 0 0 0
599 0 0 0 0
600 0 0 0 0
601 0 0 0 0
602 0 0 0 0
603 0 0 0 0
604 0 0 0 0
605 0 0 0 0
606 0 0 0 0
607 0 0 0 0
608 0 0 0 0
609 0 0 0 0
610 0 0 0 0
611 0 0 0 0
612 0 0 0 0
613 0 0 0 0
614 0 0 0 0
615 0 0 0 0
616 0 0 0 0
617 0 0 0 0
618 0 0 0 0
619 0 0 0 0
620 0 0 0 0
621 0 0 0 0
622 0 0 0 0
623 0 0 0 0
624 0 0 0 0
625 0 0 0 0
626 0 0 0 0
627 0 0 0 0
628 0 0 0 0
629 0 0 0 0
630 0 0 0 0
631 0 0 0 0
632 0 0 0 0
633 0 0 0 0
634 0 0 0 0
635 0 0 0 0
636 0 0 0 0
637 0 0 0 0
638 0 0 0 0
639 0 0 0 0
640 0 0 0 0
641 0 0 0 0
642 0 0 0 0
643 0 0 0 0
644 0 0 0 0
645 0 0 0 0
646 0 0 0 0
647 0 0 0 0
648 0 0 0 0
649 0 0 0 0
650 0 0 0 0
651 0 0 0 0
652 0 0 0 0
653 0 0 0 0
654 0 0 0 0
655 0 0 0 0
656 0 0 0 0
657 0 0 0 0
658 0 0 0 0
659 0 0 0 0
660 0 0 0 0
661 0 0 0 0
662 0 0 0 0
663 0 0 0 0
664 0 0 0 0
665 0 0 0 0
666 0 0 0 0
667 0 0 0 0
668 0 0 0 0
669 0 0 0 0
670 0 0 0 0
671 0 0 0 0
672 0 0 0 0
673 0 0 0 0
674 0 0 0 0
675 0 0 0 0
676 0 0 0 0
677 0 0 0 0
678 0 0 0 0
679 0 0 0 0
680 0 0 0 0
681 0 0 0 0
682 0 0 0 0
683 0 0 0 0
684 0 0 0 0
685 0 0 0 0
686 0 0 0 0
687 0 0 0 0
688 0 0 0 0
689 0 0 0 0
690 0 0 0 0
691 0 0 0 0
692 0 0 0 0
693 0 0 0 0
694 0 0 0 0
695 0 0 0 0
696 0 0 0 0
697 0 0 0 0
698 0 0 0 0
699 0 0 0 0
700 0 0 0 0
701 0 0 0 0
702 0 0 0 0
703 0 0 0 0
704 0 0 0 0
705 0 0 0 0
706 0 0 0 0
707 0 0 0 0
708 0 0 0 0
709 0 0 0 0
710 0 0 0 0
711 0 0 0 0
712 0 0 0 0
713 0 0 0 0
714 0 0 0 0
715 0 0 0 0
716 0 0 0 0
717 0 0 0 0
718 0 0 0 0
719 0 0 0 0
720 0 0 0 0
721 0 0 0 0
722 0 0 0 0
723 0 0 0 0
724 0 0 0 0
725 0 0 0 0
726 0 0 0 0
727 0 0 0 0
