0 0 0 0 0
1 0 0 0 0
2 0 0 0 0
3 0 0 0 0
4 0 0 0 0
5 0 2 3 0
6 0 0 0 0
7 0 0 0 0
8 0 0 0 0
9 0 0 0 5
10 0 0 0 0
11 0 0 0 0
12 0 0 0 0
13 0 0 0 0
14 0 0 0 0
15 1 0 0 0
16 0 0 0 0
17 2 0 0 0
18 2 0 0 0
19 2 0 0 0
20 1 0 0 0
21 1 0 0 0
22 3 1 0 0
23 0 0 2 0
24 1 0 1 0
25 0 0 0 0
26 0 1 1 1
27 0 2 1 2
28 0 1 0 1
29 0 2 0 0
30 1 0 0 0
31 1 1 0 2
32 0 0 0 1
33 0 0 0 3
34 0 0 0 1
35 0 1 0 0
36 1 0 0 1
37 1 0 0 0
38 1 0 0 1
39 3 0 0 0
40 1 1 0 0
41 2 0 0 0
42 1 0 0 1
43 1 0 0 0
44 1 1 0 1
45 3 1 1 0
46 2 2 1 0
47 2 1 0 0
48 2 0 2 1
49 0 0 0 0
50 1 2 0 1
51 1 2 0 0
52 2 1 1 3
53 1 1 0 2
54 0 1 0 2
55 2 0 2 2
56 0 1 1 2
57 2 3 0 2
58 4 1 0 1
59 0 1 0 1
60 1 1 0 1
61 2 0 0 1
62 2 1 0 2
63 1 2 1 1
64 5 0 1 3
65 1 0 0 1
66 1 1 0 1
67 2 2 0 1
68 2 0 0 1
69 2 2 1 1
70 4 2 1 1
71 1 1 1 3
72 2 3 0 0
73 0 2 2 1
74 1 1 1 2
75 3 4 0 2
76 5 0 1 4
77 2 1 2 2
78 4 0 0 3
79 4 0 0 5
80 4 0 1 3
81 3 0 1 1
82 1 0 0 1
83 4 1 3 0
84 1 3 3 2
85 4 4 3 1
86 3 0 2 0
87 1 1 0 3
88 2 1 1 3
89 2 1 1 6
90 2 2 1 2
91 3 2 0 3
92 2 2 1 1
93 4 0 0 3
94 2 2 2 2
95 2 4 0 1
96 1 3 0 1
97 4 1 1 4
98 2 1 2 4
99 1 1 1 3
100 1 2 0 3
101 4 1 0 2
102 2 5 0 3
103 3 0 1 1
104 5 1 0 3
105 3 1 0 4
106 6 1 4 4
107 6 2 0 2
108 6 1 0 1
109 7 3 0 3
110 7 1 2 3
111 6 4 4 1
112 6 3 1 0
113 6 4 3 3
114 4 2 1 4
115 5 2 3 5
116 7 4 4 4
117 5 3 0 7
118 6 3 4 3
119 1 5 2 3
120 3 2 6 7
121 7 4 2 5
122 6 5 3 6
123 7 1 0 7
124 6 1 1 4
125 3 4 2 7
126 5 2 1 4
127 4 3 5 5
128 4 3 3 4
129 6 1 2 9
130 9 4 1 4
131 8 2 1 9
132 8 1 2 5
133 10 2 2 3
134 11 4 3 5
135 7 8 2 5
136 10 5 1 2
137 13 5 4 4
138 13 5 4 5
139 9 1 3 7
140 13 4 4 5
141 14 7 1 9
142 9 7 4 9
143 15 8 7 3
144 14 5 3 6
145 8 7 6 9
146 12 9 5 9
147 15 6 7 16
148 9 5 6 10
149 17 8 5 11
150 17 5 5 14
151 11 4 6 9
152 7 9 3 15
153 9 6 8 11
154 18 9 5 8
155 12 6 10 12
156 16 6 7 12
157 17 5 3 11
158 11 10 2 7
159 13 9 7 12
160 9 6 5 21
161 13 7 2 15
162 14 10 7 14
163 17 11 5 15
164 18 13 4 8
165 19 8 6 10
166 13 7 8 15
167 19 13 2 14
168 11 8 3 12
169 23 7 4 16
170 21 5 11 12
171 13 4 5 16
172 20 9 10 12
173 18 12 4 13
174 22 9 6 18
175 14 8 9 10
176 25 7 9 15
177 27 9 6 16
178 15 14 8 15
179 21 16 11 18
180 23 7 8 11
181 25 16 7 14
182 22 12 10 22
183 28 9 3 26
184 22 12 4 15
185 25 18 8 19
186 15 17 12 22
187 15 15 4 13
188 22 12 12 17
189 20 15 11 31
190 23 14 9 19
191 23 10 11 14
192 19 10 11 30
193 29 10 7 30
194 18 16 11 22
195 26 14 7 20
196 25 12 6 20
197 25 12 13 26
198 27 17 5 18
199 28 11 8 25
200 29 12 12 15
201 20 17 8 34
202 21 10 14 18
203 21 19 8 19
204 22 14 12 25
205 21 19 10 21
206 24 16 7 21
207 19 14 8 27
208 12 12 13 25
209 12 7 10 29
210 24 8 11 18
211 23 17 5 23
212 13 3 12 33
213 13 15 4 21
214 10 14 1 25
215 11 18 4 16
216 10 17 9 15
217 8 9 4 16
218 12 10 8 15
219 12 9 6 22
220 10 13 5 23
221 9 9 5 19
222 16 5 1 24
223 3 8 4 16
224 12 3 7 15
225 6 5 5 15
226 5 7 1 10
227 7 8 6 13
228 9 5 1 14
229 7 8 5 8
230 6 5 2 11
231 9 7 3 11
232 10 5 2 11
233 4 4 4 11
234 8 5 1 11
235 4 3 1 7
236 5 4 2 7
237 8 5 5 7
238 3 4 1 9
239 3 5 3 5
240 5 4 4 6
241 5 6 3 7
242 4 3 3 3
243 3 2 1 8
244 1 2 3 10
245 6 4 1 5
246 2 5 3 7
247 4 1 3 5
248 4 2 1 8
249 6 2 0 4
250 7 2 2 9
251 2 2 1 5
252 3 4 2 4
253 3 2 0 3
254 3 4 3 5
255 6 5 0 5
256 6 1 0 2
257 1 5 0 2
258 2 2 2 6
259 4 2 1 7
260 8 3 0 2
261 2 1 3 5
262 4 3 1 6
263 0 1 2 1
264 0 3 3 2
265 1 2 3 2
266 0 0 0 7
267 1 3 2 3
268 1 0 1 8
269 0 4 2 4
270 1 2 1 2
271 1 0 0 2
272 0 0 0 2
273 0 0 0 2
274 1 0 0 4
275 4 0 1 0
276 2 1 1 4
277 1 1 0 2
278 1 0 0 0
279 2 0 0 0
280 4 0 1 0
281 1 0 1 2
282 3 0 0 1
283 1 1 0 1
284 1 1 2 1
285 0 1 1 1
286 1 1 1 0
287 0 1 1 1
288 1 2 0 2
289 0 2 2 0
290 0 0 0 1
291 0 2 0 1
292 0 0 1 4
293 1 0 0 3
294 0 0 0 3
295 0 1 0 2
296 0 0 0 1
297 1 0 1 0
298 0 0 0 0
299 1 0 0 1
300 1 0 0 0
301 0 0 0 1
302 1 1 1 1
303 1 0 0 0
304 0 1 0 0
305 1 1 0 0
306 1 0 0 1
307 1 1 0 0
308 0 0 1 1
309 0 0 0 1
310 0 1 0 0
311 0 1 0 1
312 0 1 0 1
313 2 0 0 0
314 1 0 0 0
315 0 0 0 1
316 1 0 0 0
317 0 0 0 1
318 1 1 1 1
319 0 1 0 1
320 0 0 0 0
321 0 0 0 0
322 0 0 0 2
323 0 0 0 0
324 0 0 0 0
325 0 1 0 0
326 0 0 0 1
327 0 0 1 0
328 0 0 0 0
329 0 0 0 1
330 0 0 0 0
331 0 0 0 0
332 1 0 0 0
333 0 0 0 0
334 0 0 0 1
335 0 0 0 0
336 1 0 0 0
337 0 0 0 0
338 1 0 0 0
339 0 0 0 0
340 0 1 0 0
341 1 0 0 0
342 0 0 0 0
343 0 1 0 0
344 0 0 0 1
345 0 1 0 0
346 0 1 0 0
347 1 0 0 1
348 0 0 0 0
349 0 0 0 0
350 0 0 0 1
351 0 0 0 0
352 0 1 0 0
353 0 0 0 1
354 0 0 0 0
355 0 0 0 0
356 0 0 0 1
357 0 0 0 0
358 1 0 0 0
359 0 0 0 0
360 0 0 0 0
361 1 0 0 0
362 0 0 0 0
363 0 0 0 0
364 0 0 0 0
365 0 0 0 0
366 0 1 0 0
367 0 1 0 0
368 1 0 0 0
369 1 0 0 0
370 0 0 0 0
371 0 0 0 0
372 0 0 0 0
373 0 1 0 1
374 0 0 0 1
375 0 0 0 0
376 0 0 0 0
377 0 0 0 0
378 0 1 0 0
379 0 0 0 0
380 1 0 0 1
381 1 0 0 0
382 1 0 0 1
383 0 0 0 0
384 0 0 0 0
385 0 1 0 0
386 0 0 0 0
387 0 1 0 0
388 0 0 0 0
389 0 0 0 0
390 0 1 0 0
391 0 0 0 1
392 2 0 0 1
393 2 0 0 0
394 0 0 0 0
395 1 0 0 0
396 1 0 0 0
397 0 1 0 1
398 0 0 1 0
399 0 0 0 0
400 0 1 0 0
401 0 1 0 1
402 1 0 1 1
403 0 0 0 0
404 1 0 0 0
405 0 0 1 1
406 1 0 0 1
407 0 0 1 1
408 0 0 0 0
409 0 0 1 0
410 0 0 0 0
411 0 0 0 1
412 0 0 0 1
413 1 0 0 1
414 0 0 0 0
415 1 0 1 0
416 0 0 0 0
417 1 0 0 0
418 1 0 0 0
419 3 0 0 0
420 0 0 1 0
421 0 0 0 0
422 1 0 1 1
423 0 0 0 0
424 2 1 2 1
425 0 0 0 0
426 0 0 1 0
427 0 2 0 0
428 0 0 0 2
429 0 1 0 1
430 0 0 0 0
431 0 0 0 2
432 1 0 0 0
433 1 1 0 2
434 1 0 0 1
435 0 0 0 0
436 1 0 0 0
437 2 1 0 1
438 1 0 1 0
439 0 0 0 0
440 1 0 0 0
441 1 0 0 1
442 0 1 0 0
443 1 1 1 0
444 1 0 0 0
445 0 1 0 1
446 0 1 1 1
447 2 0 0 0
448 4 1 0 0
449 2 2 0 1
450 2 0 0 4
451 2 0 0 0
452 0 0 0 0
453 1 2 0 2
454 1 1 0 1
455 0 0 1 0
456 0 3 0 0
457 1 2 0 1
458 0 0 1 1
459 1 1 0 1
460 1 1 1 3
461 1 0 0 1
462 1 0 1 0
463 0 1 0 1
464 0 0 1 2
465 2 1 0 1
466 0 0 0 1
467 1 1 0 2
468 3 0 0 1
469 1 0 0 2
470 1 1 0 0
471 0 0 0 0
472 1 0 0 0
473 0 0 1 0
474 1 1 3 2
475 2 0 0 0
476 4 1 0 0
477 2 1 1 1
478 4 0 0 2
479 1 1 0 0
480 2 1 1 1
481 2 2 0 2
482 1 1 1 0
483 2 2 1 1
484 1 0 1 4
485 1 1 1 0
486 1 2 0 1
487 0 2 0 0
488 1 1 0 2
489 1 2 0 3
490 2 0 1 4
491 2 1 1 0
492 1 1 0 2
493 1 0 0 2
494 3 0 2 2
495 1 1 0 2
496 3 0 2 2
497 1 1 1 0
498 2 0 0 2
499 0 2 1 0
500 1 0 1 3
501 2 1 0 1
502 2 0 1 0
503 2 2 1 1
504 0 1 0 3
505 1 1 0 0
506 1 1 2 2
507 0 0 1 1
508 1 0 1 2
509 2 1 0 2
510 2 0 0 4
511 3 1 0 0
512 2 1 0 1
513 1 0 1 1
514 0 1 0 1
515 3 1 0 0
516 3 1 1 2
517 4 3 0 1
518 2 1 0 2
519 2 1 1 1
520 0 1 0 0
521 0 1 3 2
522 2 2 1 0
523 3 0 1 2
524 2 2 1 1
525 6 0 0 2
526 1 1 1 4
527 3 1 0 2
528 2 2 1 5
529 4 1 0 1
530 2 2 2 1
531 3 2 1 2
532 2 1 2 2
533 3 0 0 1
534 2 3 0 3
535 2 1 2 2
536 1 2 1 3
537 1 3 1 1
538 4 2 2 4
539 2 0 0 1
540 1 2 1 2
541 2 0 0 3
542 0 1 3 4
543 0 3 1 1
544 2 0 1 4
545 4 0 0 3
546 1 0 1 2
547 1 1 1 3
548 2 0 1 1
549 2 0 1 2
550 1 4 0 3
551 6 0 0 1
552 9 0 0 1
553 5 1 3 1
554 3 2 0 2
555 2 2 0 0
556 1 3 1 0
557 4 1 1 4
558 6 2 1 2
559 3 1 0 1
560 5 4 1 3
561 5 3 3 1
562 3 5 2 4
563 2 2 2 2
564 3 1 2 4
565 1 3 2 4
566 11 3 1 6
567 5 2 4 7
568 1 1 0 5
569 3 2 0 3
570 0 0 1 2
571 4 1 5 4
572 1 2 4 6
573 0 2 1 3
574 1 2 0 3
575 0 5 1 5
576 2 3 0 2
577 0 1 0 3
578 0 2 0 4
579 1 1 0 5
580 3 1 1 4
581 1 2 0 1
582 1 0 0 4
583 3 0 0 1
584 1 1 0 4
585 1 1 1 1
586 2 0 1 0
587 3 1 0 0
588 2 1 2 2
589 3 1 1 2
590 1 0 0 1
591 3 2 0 1
592 2 0 1 3
593 1 1 1 0
594 1 2 1 0
595 1 0 0 1
596 1 0 4 3
597 2 0 1 2
598 1 0 1 3
599 1 1 1 0
600 0 0 0 2
601 3 1 1 1
602 1 2 1 1
603 0 2 0 3
604 0 0 0 1
605 0 0 0 1
606 0 0 2 3
607 1 1 0 1
608 1 1 0 1
609 2 0 0 1
610 0 2 0 1
611 1 0 0 0
612 1 0 0 2
613 2 1 0 1
614 0 1 0 2
615 1 0 0 0
616 0 0 1 0
617 0 1 0 2
618 0 0 2 1
619 0 0 0 0
620 0 1 1 0
621 0 0 0 1
622 0 1 0 0
623 0 0 0 1
624 0 0 0 0
625 0 0 0 2
626 0 0 0 1
627 1 0 0 2
628 0 0 0 0
629 0 0 0 0
630 0 0 0 0
631 0 0 0 0
632 0 0 0 0
633 0 0 0 0
634 0 0 0 0
635 0 0 0 0
636 0 1 0 0
637 0 0 0 0
638 0 0 0 0
639 0 0 0 0
640 0 0 0 1
641 1 0 0 0
642 0 0 0 0
643 0 0 0 0
644 0 0 0 0
645 0 0 0 0
646 0 0 0 0
647 0 0 0 0
648 0 0 0 0
649 0 0 0 0
650 0 1 0 0
651 0 0 0 0
652 0 0 0 0
653 0 0 0 0
654 0 0 0 1
655 0 0 0 0
656 0 0 0 0
657 0 0 0 0
658 0 0 0 0
659 0 0 0 0
660 0 0 0 0
661 0 0 0 0
662 0 0 0 0
663 0 0 0 0
664 0 0 0 0
665 0 0 0 0
666 0 0 0 0
667 0 0 0 0
668 0 0 0 0
669 0 0 0 0
670 0 0 0 0
671 0 0 0 0
672 0 0 0 0
673 0 0 0 0
674 0 0 0 0
675 0 0 0 0
676 0 0 0 0
677 0 0 0 0
678 0 0 0 0
679 0 0 0 0
680 0 0 0 0
681 0 0 0 0
682 0 0 0 0
683 0 0 0 0
684 0 0 0 0
685 0 0 0 0
686 0 0 0 0
687 0 0 0 0
688 0 0 0 0
689 0 0 0 0
690 0 0 0 0
691 0 0 0 0
692 0 0 0 0
693 0 0 0 0
694 0 0 0 0
695 0 0 0 0
696 0 0 0 0
697 0 0 0 0
698 0 0 0 0
699 0 0 0 0
700 0 0 0 0
701 0 0 0 0
702 0 0 0 0
703 0 0 0 0
704 0 0 0 0
705 0 0 0 0
706 0 0 0 0
707 0 0 0 0
708 0 0 0 0
709 0 0 0 0
710 0 0 0 0
711 0 0 0 0
712 0 0 0 0
713 0 0 0 0
714 0 0 0 0
715 0 0 0 0
716 0 0 0 0
717 0 0 0 0
718 0 0 0 0
719 0 0 0 0
720 0 0 0 0
721 0 0 0 0
722 0 0 0 0
723 0 0 0 0
724 0 0 0 0
725 0 0 0 0
726 0 0 0 0
727 0 0 0 0
