0 0 0 0 0
1 0 0 0 0
2 0 0 0 0
3 0 0 0 0
4 0 0 0 0
5 0 1 1 0
6 0 0 0 0
7 0 0 0 0
8 0 0 0 0
9 0 2 1 1
10 0 0 0 0
11 0 0 0 0
12 0 0 0 1
13 0 0 0 0
14 0 0 0 0
15 0 0 0 0
16 0 0 0 3
17 0 0 0 0
18 0 0 0 0
19 0 0 0 0
20 0 0 0 0
21 0 0 0 0
22 0 0 0 0
23 0 0 0 0
24 0 0 0 0
25 0 0 0 0
26 0 0 0 0
27 1 0 0 0
28 2 0 0 0
29 0 0 0 0
30 0 0 0 0
31 0 0 0 0
32 0 0 0 0
33 0 0 1 0
34 0 0 0 0
35 0 0 0 0
36 0 1 0 0
37 0 1 0 1
38 0 0 0 0
39 0 0 0 0
40 0 0 0 0
41 0 0 0 2
42 0 0 0 0
43 0 0 0 0
44 0 0 0 0
45 0 0 0 0
46 0 0 0 0
47 0 0 0 0
48 1 0 0 0
49 0 0 0 0
50 0 0 0 0
51 2 0 0 0
52 1 0 0 0
53 1 0 1 0
54 1 0 0 0
55 1 0 0 0
56 0 0 0 0
57 1 1 0 1
58 1 0 0 0
59 1 1 0 0
60 0 2 1 0
61 0 0 0 0
62 2 2 0 0
63 2 0 0 0
64 2 0 1 2
65 0 0 0 0
66 0 0 0 1
67 0 1 0 2
68 0 0 3 1
69 0 1 1 2
70 1 0 0 0
71 2 1 0 0
72 0 0 0 1
73 1 0 0 2
74 0 0 0 1
75 0 0 0 3
76 2 0 0 0
77 1 0 0 0
78 1 1 0 0
79 2 1 0 0
80 1 1 1 0
81 3 1 0 0
82 1 0 1 1
83 1 2 0 1
84 2 0 1 2
85 1 0 1 0
86 0 1 0 0
87 1 0 1 1
88 0 0 2 1
89 1 1 0 2
90 0 1 2 1
91 1 0 1 1
92 2 0 1 1
93 1 0 0 2
94 2 1 0 3
95 3 0 0 2
96 1 0 0 1
97 1 0 0 0
98 1 0 0 1
99 2 2 0 1
100 5 1 2 0
101 2 0 1 0
102 3 2 0 0
103 1 0 1 0
104 1 3 0 1
105 0 2 0 1
106 0 1 2 2
107 1 1 0 2
108 2 1 1 3
109 1 2 0 4
110 3 0 1 2
111 3 1 1 0
112 0 1 0 1
113 0 0 1 3
114 2 0 1 1
115 3 1 2 1
116 1 2 0 2
117 1 0 2 2
118 2 0 0 2
119 4 1 0 2
120 5 3 0 0
121 2 1 0 2
122 2 0 1 1
123 2 1 1 2
124 4 1 1 3
125 3 5 0 0
126 1 0 0 2
127 3 0 3 1
128 1 0 0 3
129 4 2 1 1
130 4 0 4 2
131 2 3 0 3
132 0 1 2 4
133 3 2 0 1
134 3 2 1 0
135 0 1 0 1
136 3 2 0 4
137 1 0 0 6
138 3 5 0 5
139 4 4 1 1
140 2 2 0 0
141 2 1 0 1
142 3 1 0 2
143 3 1 2 5
144 4 0 1 1
145 3 2 2 4
146 3 2 0 2
147 2 1 1 3
148 6 4 1 0
149 3 1 2 2
150 1 1 2 3
151 3 1 2 2
152 2 2 0 5
153 5 3 2 2
154 8 2 2 2
155 3 1 0 6
156 6 2 2 2
157 5 4 1 3
158 6 1 1 1
159 7 4 2 4
160 2 1 0 7
161 12 0 1 2
162 5 4 2 2
163 4 3 2 4
164 9 5 1 3
165 9 3 3 0
166 4 6 5 8
167 7 3 4 5
168 4 1 2 0
169 4 4 2 7
170 8 3 4 7
171 5 0 5 10
172 6 2 5 6
173 4 3 3 9
174 5 4 3 5
175 3 2 2 3
176 7 7 2 7
177 6 4 2 8
178 6 0 4 8
179 6 5 4 3
180 8 2 0 7
181 7 1 3 2
182 10 1 4 7
183 14 2 2 8
184 9 3 1 6
185 6 3 3 3
186 11 3 3 9
187 13 5 2 5
188 7 8 5 5
189 14 4 5 4
190 7 5 3 2
191 9 10 5 5
192 13 9 4 5
193 10 4 2 11
194 15 5 4 6
195 9 5 5 16
196 10 6 3 8
197 8 7 2 10
198 10 9 4 12
199 2 5 3 12
200 6 9 1 8
201 5 6 8 9
202 7 6 4 8
203 2 9 4 9
204 12 1 3 10
205 6 3 2 13
206 3 5 2 9
207 6 4 3 12
208 4 2 1 13
209 9 10 1 7
210 8 5 0 4
211 7 4 1 6
212 10 3 0 5
213 8 2 6 16
214 7 7 2 5
215 3 4 4 8
216 6 7 2 2
217 7 4 4 5
218 5 2 3 5
219 4 5 3 9
220 6 2 1 13
221 3 2 4 7
222 4 8 2 4
223 2 4 2 7
224 3 1 2 3
225 5 7 2 7
226 5 1 3 8
227 3 4 0 6
228 3 2 1 6
229 2 1 0 9
230 2 2 2 5
231 4 1 2 1
232 1 1 1 6
233 3 0 3 3
234 1 3 1 4
235 0 2 1 1
236 0 1 2 2
237 1 3 0 5
238 2 1 1 7
239 2 2 1 0
240 2 1 2 3
241 0 0 1 1
242 0 2 1 4
243 2 0 1 2
244 0 1 0 4
245 1 0 1 2
246 1 0 0 3
247 2 0 0 2
248 0 0 3 0
249 0 1 1 2
250 0 1 0 0
251 1 1 0 1
252 0 0 0 3
253 1 0 0 1
254 0 0 0 1
255 0 0 0 2
256 2 1 1 1
257 1 0 0 0
258 0 1 0 0
259 0 0 0 0
260 0 0 0 2
261 0 1 0 0
262 0 1 2 1
263 1 0 0 0
264 0 0 0 0
265 0 0 0 1
266 0 0 0 2
267 0 0 0 0
268 0 1 0 0
269 0 0 0 1
270 0 0 0 0
271 0 0 0 0
272 0 0 0 0
273 0 0 0 0
274 0 0 0 0
275 1 0 0 1
276 1 0 0 0
277 0 0 0 0
278 1 0 0 0
279 0 0 0 0
280 1 0 0 0
281 1 0 1 0
282 1 0 0 0
283 0 1 0 0
284 0 0 1 0
285 1 0 1 0
286 0 1 0 0
287 0 0 1 0
288 1 0 0 2
289 0 0 0 0
290 0 0 0 1
291 0 0 0 1
292 0 0 0 1
293 0 0 0 1
294 0 1 0 0
295 0 0 0 0
296 0 0 0 0
297 0 1 0 0
298 0 0 0 1
299 1 0 0 0
300 0 0 0 0
301 0 0 0 0
302 0 0 0 0
303 0 0 0 0
304 0 0 0 1
305 0 0 0 0
306 0 0 0 0
307 0 0 0 0
308 1 0 1 0
309 0 0 0 0
310 1 0 0 0
311 1 0 0 0
312 0 0 0 0
313 1 0 0 0
314 0 0 0 0
315 1 0 0 1
316 0 1 0 0
317 0 0 1 0
318 1 0 0 0
319 1 0 1 0
320 0 1 0 0
321 0 0 0 0
322 0 0 1 0
323 0 0 0 2
324 0 1 0 1
325 0 1 0 0
326 0 0 0 1
327 0 0 0 1
328 0 0 0 1
329 0 0 0 0
330 0 0 0 0
331 0 0 0 1
332 0 0 0 0
333 0 0 0 0
334 0 0 0 0
335 0 0 0 0
336 1 0 0 0
337 0 0 0 0
338 0 0 0 0
339 0 0 0 0
340 0 0 0 0
341 0 1 0 0
342 1 0 0 0
343 0 0 0 0
344 0 0 0 0
345 0 0 0 0
346 0 0 0 0
347 0 0 0 0
348 0 0 0 1
349 0 0 0 0
350 0 0 0 0
351 0 1 0 0
352 0 0 0 0
353 0 0 0 0
354 0 0 0 0
355 1 0 0 0
356 0 0 0 0
357 1 0 0 0
358 0 0 0 1
359 0 0 0 0
360 0 1 0 0
361 1 0 0 0
362 1 0 0 0
363 0 0 0 0
364 0 0 0 1
365 0 0 0 0
366 0 0 1 0
367 1 1 0 0
368 0 0 0 0
369 0 0 0 0
370 0 1 0 1
371 0 0 0 0
372 0 1 0 0
373 0 0 0 0
374 0 0 0 1
375 0 0 0 0
376 0 0 0 0
377 1 0 0 1
378 0 0 0 0
379 0 0 0 1
380 0 0 0 0
381 1 0 0 0
382 1 1 0 0
383 0 0 0 0
384 0 0 0 0
385 0 0 0 0
386 0 1 0 1
387 0 0 1 0
388 0 0 0 0
389 1 0 0 0
390 0 0 0 0
391 2 0 0 0
392 1 0 0 0
393 0 0 0 1
394 0 0 0 1
395 1 0 0 0
396 0 1 0 0
397 1 0 1 0
398 2 0 1 0
399 0 0 0 0
400 0 2 0 1
401 1 0 0 0
402 2 0 1 1
403 0 0 0 0
404 0 0 0 2
405 1 0 0 0
406 0 0 0 0
407 0 2 0 1
408 0 0 0 0
409 0 0 0 1
410 0 1 1 0
411 0 2 0 1
412 0 0 0 0
413 0 0 0 0
414 0 0 0 2
415 1 0 0 0
416 0 0 0 0
417 0 0 0 1
418 1 0 0 2
419 0 0 0 0
420 2 0 1 0
421 0 0 0 0
422 1 0 0 0
423 1 1 0 0
424 1 0 0 0
425 0 0 1 0
426 1 0 0 0
427 0 0 1 2
428 1 0 0 0
429 1 0 1 1
430 0 0 0 0
431 1 0 0 1
432 1 1 0 0
433 0 0 2 0
434 1 0 1 0
435 0 1 0 0
436 2 0 0 2
437 0 1 0 2
438 2 0 0 1
439 1 0 0 1
440 1 0 1 0
441 2 0 0 0
442 0 0 0 0
443 1 1 0 0
444 0 0 0 2
445 2 0 3 0
446 1 2 0 0
447 1 2 0 0
448 1 0 0 0
449 2 1 0 2
450 2 1 0 2
451 1 1 0 2
452 0 1 1 1
453 3 0 1 1
454 0 2 1 1
455 0 1 0 1
456 2 1 0 2
457 1 0 0 1
458 1 0 0 3
459 0 1 0 1
460 1 0 0 1
461 0 0 0 1
462 2 2 1 0
463 0 0 0 0
464 1 0 0 0
465 2 1 2 0
466 0 0 1 4
467 1 1 0 0
468 1 0 0 0
469 2 0 2 2
470 2 0 2 1
471 0 0 1 1
472 3 1 0 1
473 2 1 0 1
474 2 0 1 1
475 1 1 1 1
476 2 0 0 2
477 0 0 0 0
478 1 2 0 1
479 3 1 1 1
480 3 0 0 1
481 3 3 0 1
482 0 1 0 2
483 1 2 0 1
484 3 1 1 0
485 3 2 1 4
486 0 2 1 1
487 6 0 0 1
488 2 2 0 1
489 0 2 0 2
490 3 2 1 4
491 1 0 0 1
492 1 2 1 4
493 2 2 1 0
494 2 0 0 3
495 2 1 0 0
496 0 2 3 3
497 2 0 1 4
498 1 0 0 0
499 3 2 1 1
500 2 1 0 3
501 2 1 0 1
502 3 4 0 1
503 1 2 0 3
504 4 3 0 0
505 2 0 1 0
506 5 0 1 6
507 2 0 1 1
508 1 1 1 3
509 4 2 1 0
510 3 1 1 2
511 2 5 0 2
512 1 2 0 2
513 0 2 0 3
514 2 1 1 2
515 3 3 0 2
516 2 0 0 0
517 1 2 1 3
518 3 2 1 7
519 1 1 0 1
520 1 1 1 1
521 1 0 2 3
522 3 0 0 3
523 1 2 0 0
524 1 1 2 2
525 0 0 1 2
526 1 0 1 1
527 2 2 2 2
528 2 0 0 3
529 1 1 0 0
530 3 0 1 2
531 1 2 0 3
532 3 0 1 1
533 4 2 1 0
534 1 0 0 2
535 4 0 1 1
536 2 1 1 1
537 4 0 0 2
538 6 2 2 1
539 2 1 1 3
540 1 0 2 2
541 2 3 2 0
542 3 3 1 2
543 1 5 1 2
544 2 2 2 2
545 4 1 0 6
546 1 2 0 2
547 3 1 1 3
548 3 2 0 3
549 2 0 1 4
550 4 3 2 5
551 3 1 1 2
552 1 2 0 1
553 2 2 1 0
554 2 2 1 4
555 4 1 3 1
556 3 1 3 3
557 2 2 0 4
558 3 0 0 4
559 7 1 1 3
560 2 2 0 4
561 1 3 0 1
562 4 0 3 1
563 1 1 1 3
564 3 5 2 3
565 4 0 2 1
566 5 2 0 3
567 4 1 1 3
568 5 2 0 6
569 2 1 1 3
570 3 1 0 1
571 5 4 2 3
572 1 0 2 2
573 3 3 2 1
574 3 1 3 3
575 4 2 1 4
576 3 6 0 3
577 2 2 2 1
578 0 2 0 5
579 3 1 1 4
580 1 4 1 6
581 4 2 1 4
582 1 1 1 3
583 4 1 1 2
584 0 1 0 5
585 5 2 0 0
586 3 1 2 4
587 1 0 1 2
588 2 3 1 4
589 0 0 0 0
590 0 1 2 5
591 1 1 1 0
592 0 3 0 3
593 2 1 0 0
594 1 2 2 4
595 1 0 1 3
596 1 2 1 1
597 0 0 0 1
598 1 1 0 2
599 2 0 0 3
600 2 1 0 2
601 2 0 0 3
602 1 0 1 1
603 0 1 1 2
604 2 0 0 1
605 1 0 1 0
606 0 1 0 0
607 0 1 0 1
608 1 2 0 0
609 1 0 3 2
610 0 0 1 2
611 0 1 0 0
612 2 0 0 2
613 0 0 1 2
614 0 1 0 2
615 0 0 0 1
616 1 0 0 1
617 1 2 1 1
618 1 0 0 0
619 1 0 0 0
620 0 0 0 0
621 0 1 0 3
622 2 0 0 0
623 0 1 0 0
624 3 0 0 1
625 0 0 0 1
626 1 0 1 0
627 0 0 1 1
628 0 0 1 0
629 0 3 0 0
630 0 0 0 0
631 0 2 0 0
632 0 0 0 1
633 0 0 0 2
634 1 0 0 1
635 1 0 0 1
636 0 0 0 2
637 0 0 0 0
638 0 0 0 1
639 0 0 1 0
640 0 0 0 0
641 0 0 0 0
642 0 0 0 0
643 0 0 0 0
644 0 0 1 0
645 0 0 0 0
646 0 0 0 1
647 0 0 0 0
648 1 0 0 0
649 0 0 0 0
650 0 0 0 0
651 0 0 0 1
652 0 0 0 0
653 0 0 0 0
654 0 0 0 0
655 0 0 0 0
656 0 0 0 0
657 0 1 0 0
658 0 0 0 0
659 0 0 0 0
660 0 0 0 0
661 0 0 0 0
662 0 0 0 0
663 0 0 0 1
664 0 0 0 0
665 0 0 0 0
666 0 0 0 0
667 0 0 0 0
668 0 0 0 0
669 0 0 0 0
670 0 0 0 0
671 0 0 0 0
672 0 0 0 0
673 0 0 0 0
674 0 0 0 0
675 0 0 0 0
676 0 0 0 0
677 0 0 0 0
678 0 0 0 0
679 0 0 0 0
680 0 0 0 0
681 0 0 0 0
682 0 0 0 0
683 0 0 0 0
684 0 0 0 0
685 0 0 0 0
686 0 0 0 0
687 0 0 0 0
688 0 0 0 0
689 0 0 0 0
690 0 0 0 0
691 0 0 0 0
692 0 0 0 0
693 0 0 0 0
694 0 0 0 0
695 0 0 0 0
696 0 0 0 0
697 0 0 0 0
698 0 0 0 0
699 0 0 0 0
700 0 0 0 0
701 0 0 0 0
702 0 0 0 0
703 0 0 0 0
704 0 0 0 0
705 0 0 0 0
706 0 0 0 0
707 0 0 0 0
708 0 0 0 0
709 0 0 0 0
710 0 0 0 0
711 0 0 0 0
712 0 0 0 0
713 0 0 0 0
714 0 0 0 0
715 0 0 0 0
716 0 0 0 0
717 0 0 0 0
718 0 0 0 0
719 0 0 0 0
720 0 0 0 0
721 0 0 0 0
722 0 0 0 0
723 0 0 0 0
724 0 0 0 0
725 0 0 0 0
726 0 0 0 0
727 0 0 0 0
