0 0 0 0 0
1 0 0 0 0
2 0 0 0 0
3 0 0 0 0
4 0 0 0 0
5 0 2 1 0
6 0 0 0 0
7 0 0 0 0
8 0 0 0 0
9 0 2 0 1
10 0 0 0 1
11 0 0 0 0
12 0 0 0 1
13 0 0 0 2
14 0 0 0 0
15 0 0 0 0
16 0 0 0 0
17 0 0 0 0
18 1 0 0 0
19 0 0 0 0
20 1 0 0 0
21 1 0 0 0
22 2 0 0 0
23 1 0 0 0
24 0 0 0 0
25 0 1 0 0
26 0 0 1 0
27 0 1 1 0
28 0 0 0 0
29 1 0 0 0
30 0 0 1 1
31 0 0 1 1
32 0 0 0 1
33 0 0 0 0
34 1 1 0 1
35 2 0 0 1
36 2 0 0 0
37 1 0 0 1
38 1 0 0 0
39 1 0 0 0
40 0 2 0 0
41 4 2 0 1
42 3 0 0 0
43 2 1 1 0
44 0 0 0 0
45 2 0 0 2
46 1 1 0 0
47 2 1 1 1
48 0 0 2 1
49 0 0 0 0
50 2 4 1 2
51 2 0 2 1
52 0 1 0 1
53 0 0 0 1
54 0 1 0 3
55 1 1 1 2
56 1 1 1 1
57 0 0 0 3
58 2 0 0 2
59 0 0 0 1
60 0 2 1 1
61 0 0 1 0
62 0 0 0 1
63 0 1 0 1
64 1 0 0 3
65 1 0 0 1
66 1 0 0 0
67 2 1 0 0
68 1 0 0 0
69 0 0 0 0
70 2 0 0 1
71 1 1 0 1
72 2 1 0 0
73 0 1 0 0
74 0 1 0 0
75 1 1 1 1
76 1 2 0 0
77 1 1 1 1
78 2 0 0 1
79 3 0 0 2
80 1 1 0 2
81 4 0 0 1
82 1 0 0 1
83 2 2 0 0
84 1 2 1 2
85 1 1 1 0
86 0 3 0 0
87 0 0 0 1
88 1 1 1 2
89 1 1 0 1
90 2 1 1 3
91 0 1 0 1
92 2 1 0 3
93 1 0 0 1
94 0 1 1 1
95 3 0 2 0
96 1 0 0 2
97 4 1 1 1
98 5 0 0 2
99 1 0 0 2
100 0 0 1 0
101 1 2 0 1
102 1 3 1 0
103 2 1 0 0
104 1 0 3 3
105 3 0 0 2
106 2 0 1 2
107 2 2 3 1
108 1 2 0 2
109 6 0 0 2
110 2 2 1 0
111 4 2 0 6
112 4 1 1 2
113 2 2 0 0
114 1 3 2 2
115 2 0 2 3
116 0 1 1 1
117 0 2 0 2
118 3 2 1 2
119 1 0 0 2
120 2 3 1 2
121 1 0 3 4
122 2 0 1 2
123 2 0 0 1
124 4 0 1 2
125 5 0 1 4
126 5 0 1 1
127 6 2 2 3
128 3 1 0 2
129 4 1 3 0
130 4 2 2 0
131 3 1 1 2
132 1 1 1 1
133 8 1 2 2
134 4 2 0 2
135 3 3 2 3
136 3 5 1 3
137 7 1 1 7
138 8 3 3 0
139 3 4 2 4
140 4 1 1 4
141 1 1 0 2
142 2 8 1 8
143 1 5 1 6
144 2 4 1 3
145 3 3 1 2
146 2 1 3 7
147 7 1 3 4
148 5 0 1 4
149 7 3 0 6
150 2 0 0 6
151 3 2 1 3
152 3 3 1 3
153 8 2 1 3
154 5 4 2 2
155 8 2 2 2
156 10 3 1 5
157 8 1 3 1
158 8 7 4 2
159 5 1 1 4
160 8 3 4 4
161 4 2 4 6
162 5 3 4 7
163 9 7 3 4
164 7 6 2 3
165 7 8 4 8
166 3 4 2 4
167 7 1 3 10
168 8 3 4 7
169 2 2 1 10
170 3 2 3 6
171 9 3 1 8
172 10 7 2 11
173 8 7 2 4
174 7 3 0 4
175 9 2 2 4
176 12 3 1 7
177 18 4 1 8
178 10 3 6 4
179 9 4 3 5
180 18 8 2 7
181 12 10 5 3
182 14 6 8 9
183 9 3 4 5
184 18 6 3 4
185 13 5 6 10
186 19 9 4 14
187 14 11 3 14
188 10 6 3 11
189 11 12 5 14
190 12 10 5 7
191 17 7 3 12
192 13 7 3 12
193 19 9 5 13
194 11 6 6 12
195 15 10 6 8
196 16 12 5 15
197 14 4 5 16
198 10 14 4 15
199 11 7 8 14
200 16 11 10 12
201 7 10 6 9
202 12 9 3 19
203 9 7 2 18
204 14 6 3 13
205 7 10 7 12
206 11 5 6 11
207 14 3 5 15
208 8 6 6 13
209 12 6 6 11
210 17 5 3 14
211 15 5 8 11
212 13 8 3 19
213 10 7 7 10
214 9 7 5 9
215 12 7 8 11
216 6 9 5 12
217 3 5 7 11
218 11 6 3 12
219 7 9 3 14
220 6 4 8 15
221 9 4 3 10
222 8 4 2 10
223 8 5 5 14
224 7 7 6 17
225 13 5 3 10
226 10 1 5 5
227 8 4 5 7
228 8 5 3 7
229 9 3 3 7
230 7 6 4 11
231 9 6 7 11
232 9 5 1 12
233 6 1 3 6
234 7 8 5 6
235 5 7 1 10
236 6 5 6 8
237 7 3 7 7
238 4 4 3 12
239 4 6 2 6
240 5 6 1 8
241 1 0 3 13
242 1 4 2 5
243 5 4 2 11
244 1 3 1 7
245 1 6 1 6
246 7 3 1 6
247 0 0 1 7
248 6 1 2 5
249 2 1 0 5
250 3 0 0 6
251 2 0 3 1
252 2 3 1 6
253 4 2 3 1
254 2 2 1 1
255 2 4 3 5
256 2 1 1 1
257 5 2 1 2
258 2 2 0 1
259 3 1 1 6
260 3 0 1 5
261 2 2 0 3
262 4 1 3 6
263 2 0 0 0
264 1 0 2 2
265 3 1 0 2
266 2 4 1 3
267 1 3 0 0
268 3 2 2 2
269 2 2 0 4
270 2 0 1 2
271 1 3 0 2
272 0 1 0 3
273 3 1 1 3
274 0 2 0 1
275 0 3 2 3
276 0 0 1 3
277 0 2 0 2
278 0 3 0 2
279 2 0 0 4
280 2 0 0 2
281 3 0 0 4
282 0 2 0 2
283 0 0 0 1
284 2 2 0 0
285 2 1 0 1
286 2 1 1 1
287 2 0 0 0
288 0 0 0 1
289 1 1 0 1
290 1 1 1 1
291 0 0 0 1
292 0 2 0 1
293 0 1 1 1
294 0 1 0 0
295 0 2 0 0
296 1 0 0 2
297 0 0 0 3
298 0 1 0 0
299 0 0 1 3
300 0 0 0 1
301 1 0 0 1
302 0 0 0 1
303 0 0 0 1
304 0 0 0 0
305 0 1 0 0
306 0 1 0 0
307 0 0 0 0
308 2 0 0 0
309 0 0 0 1
310 0 0 0 1
311 1 0 0 0
312 3 0 0 0
313 1 1 0 0
314 1 0 0 0
315 0 0 0 0
316 0 0 1 0
317 0 4 0 0
318 0 0 0 0
319 0 0 0 0
320 0 0 0 1
321 0 0 0 2
322 0 1 0 0
323 0 0 1 1
324 0 0 0 2
325 0 0 0 0
326 0 0 0 1
327 0 0 0 0
328 0 0 0 0
329 0 0 0 0
330 0 0 0 1
331 0 0 0 0
332 0 0 0 0
333 0 0 0 0
334 0 0 0 0
335 0 0 0 0
336 0 0 0 0
337 0 0 0 0
338 0 0 0 0
339 0 0 0 0
340 0 0 0 0
341 0 0 0 0
342 0 0 0 0
343 0 0 0 0
344 0 0 0 0
345 0 0 0 0
346 0 0 0 0
347 0 0 0 0
348 0 0 0 0
349 0 0 0 0
350 0 0 0 0
351 0 0 0 0
352 0 0 0 0
353 0 0 0 0
354 0 0 0 0
355 0 0 0 0
356 0 0 0 0
357 0 0 0 0
358 0 0 0 0
359 0 0 0 0
360 0 0 0 0
361 0 0 0 0
362 0 0 0 0
363 0 0 0 0
364 0 0 0 0
365 0 0 0 0
366 0 0 0 0
367 0 0 0 0
368 0 0 0 0
369 0 0 0 0
370 0 0 0 0
371 0 0 0 0
372 0 0 0 0
373 0 0 0 0
374 0 0 0 0
375 0 0 0 0
376 0 0 0 0
377 0 0 0 0
378 0 0 0 0
379 0 0 0 0
380 0 0 0 0
381 0 0 0 0
382 0 0 0 0
383 0 0 0 0
384 0 0 0 0
385 0 0 0 0
386 0 0 0 0
387 0 0 0 0
388 0 0 0 0
389 0 0 0 0
390 0 0 0 0
391 0 0 0 0
392 0 0 0 0
393 0 0 0 0
394 0 0 0 0
395 0 0 0 0
396 0 0 0 0
397 0 0 0 0
398 0 0 0 0
399 0 0 0 0
400 0 0 0 0
401 0 0 0 0
402 0 0 0 0
403 0 0 0 0
404 0 0 0 0
405 0 0 0 0
406 0 0 0 0
407 0 0 0 0
408 0 0 0 0
409 0 0 0 0
410 0 0 0 0
411 0 0 0 0
412 0 0 0 0
413 0 0 0 0
414 0 0 0 0
415 0 0 0 0
416 0 0 0 0
417 0 0 0 0
418 0 0 0 0
419 0 0 0 0
420 0 0 0 0
421 0 0 0 0
422 0 0 0 0
423 0 0 0 0
424 0 0 0 0
425 0 0 0 0
426 0 0 0 0
427 0 0 0 0
428 0 0 0 0
429 0 0 0 0
430 0 0 0 0
431 0 0 0 0
432 0 0 0 0
433 0 0 0 0
434 0 0 0 0
435 0 0 0 0
436 0 0 0 0
437 0 0 0 0
438 0 0 0 0
439 0 0 0 0
440 0 0 0 0
441 0 0 0 0
442 0 0 0 0
443 0 0 0 0
444 0 0 0 0
445 0 0 0 0
446 0 0 0 0
447 0 0 0 0
448 0 0 0 0
449 0 0 0 0
450 0 0 0 0
451 0 0 0 0
452 0 0 0 0
453 0 0 0 0
454 0 0 0 0
455 0 0 0 0
456 0 0 0 0
457 0 0 0 0
458 0 0 0 0
459 0 0 0 0
460 0 0 0 0
461 0 0 0 0
462 0 0 0 0
463 0 0 0 0
464 0 0 0 0
465 0 0 0 0
466 0 0 0 0
467 0 0 0 0
468 0 0 0 0
469 0 0 0 0
470 0 0 0 0
471 0 0 0 0
472 0 0 0 0
473 0 0 0 0
474 0 0 0 0
475 0 0 0 0
476 0 0 0 0
477 0 0 0 0
478 0 0 0 0
479 0 0 0 0
480 0 0 0 0
481 0 0 0 0
482 0 0 0 0
483 0 0 0 0
484 0 0 0 0
485 0 0 0 0
486 0 0 0 0
487 0 0 0 0
488 0 0 0 0
489 0 0 0 0
490 0 0 0 0
491 0 0 0 0
492 0 0 0 0
493 0 0 0 0
494 0 0 0 0
495 0 0 0 0
496 0 0 0 0
497 0 0 0 0
498 0 0 0 0
499 0 0 0 0
500 0 0 0 0
501 0 0 0 0
502 0 0 0 0
503 0 0 0 0
504 0 0 0 0
505 0 0 0 0
506 0 0 0 0
507 0 0 0 0
508 0 0 0 0
509 0 0 0 0
510 0 0 0 0
511 0 0 0 0
512 0 0 0 0
513 0 0 0 0
514 0 0 0 0
515 0 0 0 0
516 0 0 0 0
517 0 0 0 0
518 0 0 0 0
519 0 0 0 0
520 0 0 0 0
521 0 0 0 0
522 0 0 0 0
523 0 0 0 0
524 0 0 0 0
525 0 0 0 0
526 0 0 0 0
527 0 0 0 0
528 0 0 0 0
529 0 0 0 0
530 0 0 0 0
531 0 0 0 0
532 0 0 0 0
533 0 0 0 0
534 0 0 0 0
535 0 0 0 0
536 0 0 0 0
537 0 0 0 0
538 0 0 0 0
539 0 0 0 0
540 0 0 0 0
541 0 0 0 0
542 0 0 0 0
543 0 0 0 0
544 0 0 0 0
545 0 0 0 0
546 0 0 0 0
547 0 0 0 0
548 0 0 0 0
549 0 0 0 0
550 0 0 0 0
551 0 0 0 0
552 0 0 0 0
553 0 0 0 0
554 0 0 0 0
555 0 0 0 0
556 0 0 0 0
557 0 0 0 0
558 0 0 0 0
559 0 0 0 0
560 0 0 0 0
561 0 0 0 0
562 0 0 0 0
563 0 0 0 0
564 0 0 0 0
565 0 0 0 0
566 0 0 0 0
567 0 0 0 0
568 0 0 0 0
569 0 0 0 0
570 0 0 0 0
571 0 0 0 0
572 0 0 0 0
573 0 0 0 0
574 0 0 0 0
575 0 0 0 0
576 0 0 0 0
577 0 0 0 0
578 0 0 0 0
579 0 0 0 0
580 0 0 0 0
581 0 0 0 0
582 0 0 0 0
583 0 0 0 0
584 0 0 0 0
585 0 0 0 0
586 0 0 0 0
587 0 0 0 0
588 0 0 0 0
589 0 0 0 0
590 0 0 0 0
591 0 0 0 0
592 0 0 0 0
593 0 0 0 0
594 0 0 0 0
595 0 0 0 0
596 0 0 0 0
597 0 0 0 0
598 0 0 0 0
599 0 0 0 0
600 0 0 0 0
601 0 0 0 0
602 0 0 0 0
603 0 0 0 0
604 0 0 0 0
605 0 0 0 0
606 0 0 0 0
607 0 0 0 0
608 0 0 0 0
609 0 0 0 0
610 0 0 0 0
611 0 0 0 0
612 0 0 0 0
613 0 0 0 0
614 0 0 0 0
615 0 0 0 0
616 0 0 0 0
617 0 0 0 0
618 0 0 0 0
619 0 0 0 0
620 0 0 0 0
621 0 0 0 0
622 0 0 0 0
623 0 0 0 0
624 0 0 0 0
625 0 0 0 0
626 0 0 0 0
627 0 0 0 0
628 0 0 0 0
629 0 0 0 0
630 0 0 0 0
631 0 0 0 0
632 0 0 0 0
633 0 0 0 0
634 0 0 0 0
635 0 0 0 0
636 0 0 0 0
637 0 0 0 0
638 0 0 0 0
639 0 0 0 0
640 0 0 0 0
641 0 0 0 0
642 0 0 0 0
643 0 0 0 0
644 0 0 0 0
645 0 0 0 0
646 0 0 0 0
647 0 0 0 0
648 0 0 0 0
649 0 0 0 0
650 0 0 0 0
651 0 0 0 0
652 0 0 0 0
653 0 0 0 0
654 0 0 0 0
655 0 0 0 0
656 0 0 0 0
657 0 0 0 0
658 0 0 0 0
659 0 0 0 0
660 0 0 0 0
661 0 0 0 0
662 0 0 0 0
663 0 0 0 0
664 0 0 0 0
665 0 0 0 0
666 0 0 0 0
667 0 0 0 0
668 0 0 0 0
669 0 0 0 0
670 0 0 0 0
671 0 0 0 0
672 0 0 0 0
673 0 0 0 0
674 0 0 0 0
675 0 0 0 0
676 0 0 0 0
677 0 0 0 0
678 0 0 0 0
679 0 0 0 0
680 0 0 0 0
681 0 0 0 0
682 0 0 0 0
683 0 0 0 0
684 0 0 0 0
685 0 0 0 0
686 0 0 0 0
687 0 0 0 0
688 0 0 0 0
689 0 0 0 0
690 0 0 0 0
691 0 0 0 0
692 0 0 0 0
693 0 0 0 0
694 0 0 0 0
695 0 0 0 0
696 0 0 0 0
697 0 0 0 0
698 0 0 0 0
699 0 0 0 0
700 0 0 0 0
701 0 0 0 0
702 0 0 0 0
703 0 0 0 0
704 0 0 0 0
705 0 0 0 0
706 0 0 0 0
707 0 0 0 0
708 0 0 0 0
709 0 0 0 0
710 0 0 0 0
711 0 0 0 0
712 0 0 0 0
713 0 0 0 0
714 0 0 0 0
715 0 0 0 0
716 0 0 0 0
717 0 0 0 0
718 0 0 0 0
719 0 0 0 0
720 0 0 0 0
721 0 0 0 0
722 0 0 0 0
723 0 0 0 0
724 0 0 0 0
725 0 0 0 0
726 0 0 0 0
727 0 0 0 0
