0 0 0 0 0
1 0 0 0 0
2 0 0 0 0
3 0 0 0 0
4 0 0 0 0
5 0 1 1 0
6 0 0 0 0
7 0 0 0 0
8 0 0 1 0
9 0 2 0 2
10 0 0 0 0
11 0 0 0 0
12 0 0 0 0
13 0 0 0 1
14 0 0 0 1
15 0 0 0 1
16 0 0 0 0
17 1 0 0 0
18 1 0 0 0
19 0 0 0 0
20 0 0 0 0
21 0 0 0 0
22 0 1 0 0
23 0 0 0 0
24 0 0 0 0
25 0 0 0 0
26 0 0 0 1
27 1 1 0 0
28 0 0 0 0
29 0 0 0 0
30 0 0 0 0
31 1 0 0 0
32 0 0 1 0
33 0 0 0 0
34 1 0 0 1
35 3 0 0 0
36 0 1 0 0
37 0 0 0 0
38 0 0 0 0
39 1 0 0 1
40 0 1 2 0
41 2 0 0 0
42 2 0 0 0
43 0 1 0 1
44 1 0 0 3
45 0 0 0 0
46 0 1 1 0
47 0 1 0 0
48 0 1 0 0
49 0 0 0 0
50 0 0 0 1
51 0 0 1 1
52 1 0 0 0
53 0 1 0 2
54 0 0 0 0
55 0 0 0 1
56 0 0 0 0
57 0 1 0 1
58 0 0 0 1
59 0 0 0 0
60 1 0 0 0
61 1 0 0 1
62 0 0 0 0
63 0 0 0 0
64 0 0 0 0
65 0 0 0 0
66 0 1 0 0
67 1 0 0 0
68 1 0 0 0
69 0 1 0 0
70 1 0 0 0
71 0 0 0 0
72 1 0 0 0
73 0 0 0 2
74 0 0 0 0
75 0 0 1 0
76 0 0 1 0
77 0 2 0 0
78 0 0 0 0
79 0 0 0 0
80 0 0 0 0
81 0 0 0 1
82 1 0 0 1
83 0 0 0 1
84 0 0 0 1
85 0 0 0 0
86 1 0 0 0
87 2 0 0 0
88 1 0 0 0
89 2 0 0 0
90 2 0 0 0
91 5 2 0 0
92 0 1 0 0
93 4 0 0 0
94 0 0 1 0
95 2 2 1 0
96 2 1 1 0
97 2 1 0 0
98 1 2 1 2
99 1 0 0 4
100 1 2 2 1
101 2 0 0 2
102 1 1 1 1
103 1 1 0 1
104 1 1 2 1
105 4 1 1 2
106 3 3 0 2
107 3 1 0 3
108 2 1 0 2
109 2 0 1 2
110 2 1 1 2
111 4 2 1 1
112 3 1 1 2
113 3 0 1 1
114 5 2 1 3
115 2 2 0 1
116 4 1 3 2
117 2 2 1 2
118 4 3 1 2
119 4 2 1 2
120 3 0 3 2
121 2 1 2 2
122 7 1 0 5
123 5 4 1 4
124 3 0 2 5
125 3 1 3 1
126 4 2 0 2
127 1 2 3 3
128 3 5 1 4
129 4 1 3 1
130 8 1 1 3
131 6 2 3 4
132 4 1 1 4
133 4 3 0 4
134 4 0 5 2
135 4 2 2 6
136 3 2 2 3
137 5 2 0 3
138 7 3 1 5
139 6 4 3 2
140 10 5 1 3
141 6 1 4 3
142 5 2 4 6
143 5 3 2 4
144 6 1 3 7
145 5 2 5 3
146 10 3 1 9
147 7 3 1 6
148 3 4 2 5
149 6 5 2 8
150 5 2 3 3
151 6 6 3 5
152 3 5 3 4
153 10 4 2 9
154 8 2 2 3
155 10 3 3 7
156 13 1 3 7
157 10 2 0 6
158 9 4 4 3
159 8 6 4 6
160 7 5 3 5
161 7 7 2 5
162 9 7 7 7
163 4 3 5 7
164 8 6 5 5
165 16 8 2 5
166 14 4 1 12
167 9 3 2 10
168 14 3 2 13
169 10 5 2 10
170 13 5 5 6
171 12 10 5 9
172 7 2 4 9
173 11 7 3 5
174 16 7 11 8
175 17 9 4 11
176 11 8 5 7
177 15 6 5 11
178 8 8 2 16
179 12 12 5 11
180 15 4 2 10
181 15 5 4 16
182 11 6 5 8
183 11 5 4 16
184 16 17 3 7
185 13 9 6 12
186 14 12 5 14
187 20 5 4 12
188 17 6 3 18
189 15 11 4 7
190 15 10 6 13
191 17 7 7 12
192 20 14 9 15
193 13 8 6 15
194 20 7 3 8
195 10 5 7 10
196 15 7 9 25
197 22 9 7 16
198 15 11 4 16
199 17 14 6 12
200 21 12 3 19
201 16 17 7 9
202 12 7 5 15
203 10 8 9 18
204 14 5 5 15
205 12 11 6 17
206 15 12 8 17
207 7 9 7 13
208 9 5 8 19
209 11 10 3 15
210 8 13 5 13
211 12 10 3 12
212 11 6 3 18
213 17 6 4 20
214 12 7 4 17
215 12 9 6 12
216 7 8 2 16
217 10 10 4 12
218 4 8 6 8
219 4 4 4 11
220 7 4 7 9
221 11 4 5 13
222 7 7 5 17
223 8 3 3 11
224 4 7 0 13
225 4 1 4 10
226 7 4 7 7
227 4 4 2 8
228 5 1 4 8
229 10 4 4 10
230 5 3 5 10
231 2 2 5 7
232 6 5 3 5
233 2 3 3 7
234 6 6 1 5
235 4 3 4 7
236 7 0 0 6
237 4 1 2 8
238 1 3 1 9
239 5 3 5 10
240 2 2 3 4
241 2 5 3 1
242 3 3 1 5
243 3 3 1 2
244 2 4 0 6
245 4 3 0 5
246 6 1 0 8
247 4 0 1 6
248 2 1 2 5
249 3 2 1 5
250 1 1 4 1
251 2 2 2 3
252 4 1 0 1
253 5 2 0 2
254 3 3 2 3
255 1 2 1 5
256 0 2 1 2
257 1 1 2 5
258 1 2 3 3
259 3 1 2 2
260 1 1 1 3
261 3 1 0 6
262 1 2 1 5
263 3 2 0 1
264 1 2 1 1
265 1 0 0 2
266 3 0 1 4
267 2 1 0 3
268 2 0 2 2
269 0 1 1 1
270 1 1 2 1
271 2 1 2 2
272 0 1 2 2
273 1 0 0 0
274 0 0 0 0
275 0 1 0 2
276 3 1 1 4
277 0 2 0 3
278 0 0 1 1
279 1 0 0 1
280 0 0 0 0
281 2 1 1 2
282 0 0 0 1
283 1 0 0 2
284 0 0 0 0
285 0 1 0 1
286 1 1 1 1
287 1 0 0 0
288 0 1 1 1
289 1 0 0 1
290 1 0 0 1
291 3 1 0 0
292 2 0 0 1
293 1 0 0 1
294 1 1 0 0
295 0 0 1 1
296 0 1 2 0
297 0 0 1 0
298 0 0 0 2
299 1 1 0 1
300 0 1 0 2
301 1 0 1 0
302 1 0 1 0
303 0 0 0 2
304 1 0 0 2
305 0 0 0 1
306 1 0 1 0
307 0 0 0 0
308 1 0 1 0
309 1 0 1 1
310 1 0 0 1
311 1 1 0 0
312 1 0 0 1
313 2 1 0 0
314 1 1 0 0
315 0 2 0 1
316 1 1 0 1
317 2 0 0 1
318 0 0 0 0
319 3 1 0 2
320 1 0 0 1
321 0 1 0 0
322 0 3 1 1
323 0 0 0 0
324 0 2 0 0
325 0 1 1 0
326 0 0 0 2
327 1 0 0 0
328 1 0 1 2
329 1 0 0 4
330 0 0 0 0
331 0 0 0 2
332 0 0 1 0
333 0 0 0 0
334 0 1 0 0
335 0 0 0 1
336 0 0 0 0
337 0 1 0 0
338 0 0 0 1
339 0 0 0 1
340 1 0 0 0
341 2 0 0 1
342 2 0 0 0
343 1 0 0 0
344 0 0 0 0
345 0 0 0 0
346 0 0 0 0
347 0 2 1 0
348 2 0 0 0
349 0 0 0 0
350 0 2 0 0
351 0 0 0 1
352 0 1 0 0
353 0 1 0 0
354 0 0 0 4
355 0 0 0 0
356 0 0 0 0
357 0 0 1 0
358 0 0 0 0
359 0 0 0 1
360 0 0 0 1
361 0 0 0 0
362 0 0 0 0
363 0 0 0 0
364 0 0 0 1
365 0 0 0 0
366 0 0 0 0
367 0 0 0 0
368 0 0 0 0
369 0 0 0 0
370 0 0 0 0
371 0 0 0 0
372 0 0 0 0
373 0 0 0 0
374 0 0 0 0
375 0 0 0 0
376 0 0 0 0
377 0 0 0 0
378 0 0 0 0
379 0 0 0 0
380 0 0 0 0
381 0 0 0 0
382 0 0 0 0
383 0 0 0 0
384 0 0 0 0
385 0 0 0 0
386 0 0 0 0
387 0 0 0 0
388 0 0 0 0
389 0 0 0 0
390 0 0 0 0
391 0 0 0 0
392 0 0 0 0
393 0 0 0 0
394 0 0 0 0
395 0 0 0 0
396 0 0 0 0
397 0 0 0 0
398 0 0 0 0
399 0 0 0 0
400 0 0 0 0
401 0 0 0 0
402 0 0 0 0
403 0 0 0 0
404 0 0 0 0
405 0 0 0 0
406 0 0 0 0
407 0 0 0 0
408 0 0 0 0
409 0 0 0 0
410 0 0 0 0
411 0 0 0 0
412 0 0 0 0
413 0 0 0 0
414 0 0 0 0
415 0 0 0 0
416 0 0 0 0
417 0 0 0 0
418 0 0 0 0
419 0 0 0 0
420 0 0 0 0
421 0 0 0 0
422 0 0 0 0
423 0 0 0 0
424 0 0 0 0
425 0 0 0 0
426 0 0 0 0
427 0 0 0 0
428 0 0 0 0
429 0 0 0 0
430 0 0 0 0
431 0 0 0 0
432 0 0 0 0
433 0 0 0 0
434 0 0 0 0
435 0 0 0 0
436 0 0 0 0
437 0 0 0 0
438 0 0 0 0
439 0 0 0 0
440 0 0 0 0
441 0 0 0 0
442 0 0 0 0
443 0 0 0 0
444 0 0 0 0
445 0 0 0 0
446 0 0 0 0
447 0 0 0 0
448 0 0 0 0
449 0 0 0 0
450 0 0 0 0
451 0 0 0 0
452 0 0 0 0
453 0 0 0 0
454 0 0 0 0
455 0 0 0 0
456 0 0 0 0
457 0 0 0 0
458 0 0 0 0
459 0 0 0 0
460 0 0 0 0
461 0 0 0 0
462 0 0 0 0
463 0 0 0 0
464 0 0 0 0
465 0 0 0 0
466 0 0 0 0
467 0 0 0 0
468 0 0 0 0
469 0 0 0 0
470 0 0 0 0
471 0 0 0 0
472 0 0 0 0
473 0 0 0 0
474 0 0 0 0
475 0 0 0 0
476 0 0 0 0
477 0 0 0 0
478 0 0 0 0
479 0 0 0 0
480 0 0 0 0
481 0 0 0 0
482 0 0 0 0
483 0 0 0 0
484 0 0 0 0
485 0 0 0 0
486 0 0 0 0
487 0 0 0 0
488 0 0 0 0
489 0 0 0 0
490 0 0 0 0
491 0 0 0 0
492 0 0 0 0
493 0 0 0 0
494 0 0 0 0
495 0 0 0 0
496 0 0 0 0
497 0 0 0 0
498 0 0 0 0
499 0 0 0 0
500 0 0 0 0
501 0 0 0 0
502 0 0 0 0
503 0 0 0 0
504 0 0 0 0
505 0 0 0 0
506 0 0 0 0
507 0 0 0 0
508 0 0 0 0
509 0 0 0 0
510 0 0 0 0
511 0 0 0 0
512 0 0 0 0
513 0 0 0 0
514 0 0 0 0
515 0 0 0 0
516 0 0 0 0
517 0 0 0 0
518 0 0 0 0
519 0 0 0 0
520 0 0 0 0
521 0 0 0 0
522 0 0 0 0
523 0 0 0 0
524 0 0 0 0
525 0 0 0 0
526 0 0 0 0
527 0 0 0 0
528 0 0 0 0
529 0 0 0 0
530 0 0 0 0
531 0 0 0 0
532 0 0 0 0
533 0 0 0 0
534 0 0 0 0
535 0 0 0 0
536 0 0 0 0
537 0 0 0 0
538 0 0 0 0
539 0 0 0 0
540 0 0 0 0
541 0 0 0 0
542 0 0 0 0
543 0 0 0 0
544 0 0 0 0
545 0 0 0 0
546 0 0 0 0
547 0 0 0 0
548 0 0 0 0
549 0 0 0 0
550 0 0 0 0
551 0 0 0 0
552 0 0 0 0
553 0 0 0 0
554 0 0 0 0
555 0 0 0 0
556 0 0 0 0
557 0 0 0 0
558 0 0 0 0
559 0 0 0 0
560 0 0 0 0
561 0 0 0 0
562 0 0 0 0
563 0 0 0 0
564 0 0 0 0
565 0 0 0 0
566 0 0 0 0
567 0 0 0 0
568 0 0 0 0
569 0 0 0 0
570 0 0 0 0
571 0 0 0 0
572 0 0 0 0
573 0 0 0 0
574 0 0 0 0
575 0 0 0 0
576 0 0 0 0
577 0 0 0 0
578 0 0 0 0
579 0 0 0 0
580 0 0 0 0
581 0 0 0 0
582 0 0 0 0
583 0 0 0 0
584 0 0 0 0
585 0 0 0 0
586 0 0 0 0
587 0 0 0 0
588 0 0 0 0
589 0 0 0 0
590 0 0 0 0
591 0 0 0 0
592 0 0 0 0
593 0 0 0 0
594 0 0 0 0
595 0 0 0 0
596 0 0 0 0
597 0 0 0 0
598 0 0 0 0
599 0 0 0 0
600 0 0 0 0
601 0 0 0 0
602 0 0 0 0
603 0 0 0 0
604 0 0 0 0
605 0 0 0 0
606 0 0 0 0
607 0 0 0 0
608 0 0 0 0
609 0 0 0 0
610 0 0 0 0
611 0 0 0 0
612 0 0 0 0
613 0 0 0 0
614 0 0 0 0
615 0 0 0 0
616 0 0 0 0
617 0 0 0 0
618 0 0 0 0
619 0 0 0 0
620 0 0 0 0
621 0 0 0 0
622 0 0 0 0
623 0 0 0 0
624 0 0 0 0
625 0 0 0 0
626 0 0 0 0
627 0 0 0 0
628 0 0 0 0
629 0 0 0 0
630 0 0 0 0
631 0 0 0 0
632 0 0 0 0
633 0 0 0 0
634 0 0 0 0
635 0 0 0 0
636 0 0 0 0
637 0 0 0 0
638 0 0 0 0
639 0 0 0 0
640 0 0 0 0
641 0 0 0 0
642 0 0 0 0
643 0 0 0 0
644 0 0 0 0
645 0 0 0 0
646 0 0 0 0
647 0 0 0 0
648 0 0 0 0
649 0 0 0 0
650 0 0 0 0
651 0 0 0 0
652 0 0 0 0
653 0 0 0 0
654 0 0 0 0
655 0 0 0 0
656 0 0 0 0
657 0 0 0 0
658 0 0 0 0
659 0 0 0 0
660 0 0 0 0
661 0 0 0 0
662 0 0 0 0
663 0 0 0 0
664 0 0 0 0
665 0 0 0 0
666 0 0 0 0
667 0 0 0 0
668 0 0 0 0
669 0 0 0 0
670 0 0 0 0
671 0 0 0 0
672 0 0 0 0
673 0 0 0 0
674 0 0 0 0
675 0 0 0 0
676 0 0 0 0
677 0 0 0 0
678 0 0 0 0
679 0 0 0 0
680 0 0 0 0
681 0 0 0 0
682 0 0 0 0
683 0 0 0 0
684 0 0 0 0
685 0 0 0 0
686 0 0 0 0
687 0 0 0 0
688 0 0 0 0
689 0 0 0 0
690 0 0 0 0
691 0 0 0 0
692 0 0 0 0
693 0 0 0 0
694 0 0 0 0
695 0 0 0 0
696 0 0 0 0
697 0 0 0 0
698 0 0 0 0
699 0 0 0 0
700 0 0 0 0
701 0 0 0 0
702 0 0 0 0
703 0 0 0 0
704 0 0 0 0
705 0 0 0 0
706 0 0 0 0
707 0 0 0 0
708 0 0 0 0
709 0 0 0 0
710 0 0 0 0
711 0 0 0 0
712 0 0 0 0
713 0 0 0 0
714 0 0 0 0
715 0 0 0 0
716 0 0 0 0
717 0 0 0 0
718 0 0 0 0
719 0 0 0 0
720 0 0 0 0
721 0 0 0 0
722 0 0 0 0
723 0 0 0 0
724 0 0 0 0
725 0 0 0 0
726 0 0 0 0
727 0 0 0 0
