0 0 0 0 0
1 0 0 0 0
2 0 0 0 0
3 0 0 0 0
4 0 0 0 0
5 0 2 1 0
6 0 0 0 0
7 0 0 0 0
8 0 0 0 0
9 0 1 1 1
10 0 0 0 0
11 0 0 0 0
12 0 0 0 2
13 0 0 0 2
14 0 0 0 0
15 0 0 0 0
16 0 0 0 0
17 0 0 0 0
18 0 0 0 0
19 0 0 0 0
20 2 0 0 0
21 0 0 0 0
22 1 0 0 0
23 2 0 0 0
24 3 0 0 0
25 1 1 1 0
26 0 0 0 0
27 0 0 1 0
28 2 0 0 0
29 1 0 1 2
30 2 1 0 0
31 0 0 0 1
32 0 2 0 0
33 1 1 3 0
34 1 0 1 1
35 1 1 0 0
36 0 0 0 3
37 0 0 0 0
38 0 1 0 1
39 1 1 0 0
40 0 1 0 4
41 2 0 0 0
42 1 0 0 1
43 1 1 0 1
44 2 0 0 1
45 1 0 0 1
46 1 0 0 0
47 1 0 0 0
48 0 1 1 0
49 2 2 0 0
50 2 0 3 1
51 2 0 0 0
52 0 1 0 1
53 2 0 0 1
54 0 2 1 2
55 2 0 2 1
56 2 0 1 2
57 3 0 0 0
58 0 0 0 2
59 2 0 1 2
60 1 1 2 0
61 2 0 0 1
62 1 3 0 1
63 1 0 0 2
64 2 1 0 2
65 1 1 1 1
66 2 2 1 2
67 2 0 0 0
68 0 0 1 0
69 4 0 3 2
70 2 0 2 1
71 4 1 1 2
72 1 2 0 1
73 4 0 0 4
74 4 1 3 0
75 3 1 1 2
76 3 0 2 1
77 4 0 1 2
78 6 2 1 3
79 6 2 1 1
80 4 1 2 2
81 3 1 0 2
82 0 2 2 4
83 4 2 4 1
84 3 5 2 3
85 4 3 3 1
86 9 2 0 3
87 7 1 1 5
88 3 2 0 7
89 3 3 0 8
90 6 2 2 3
91 4 1 1 1
92 6 3 5 4
93 5 3 0 2
94 9 2 2 4
95 12 4 5 1
96 4 3 1 5
97 8 1 3 4
98 6 3 0 2
99 11 4 3 9
100 12 6 5 2
101 9 2 5 3
102 4 4 2 6
103 6 4 3 7
104 9 7 2 8
105 4 5 4 6
106 3 3 5 7
107 10 4 2 7
108 3 4 6 9
109 8 6 4 6
110 4 4 3 11
111 5 3 1 4
112 8 5 4 9
113 2 4 1 9
114 5 2 2 9
115 8 1 1 7
116 8 3 4 8
117 11 3 0 6
118 6 4 5 6
119 14 3 3 6
120 12 5 3 6
121 6 5 3 3
122 8 7 3 8
123 13 3 1 8
124 10 12 2 6
125 7 7 4 7
126 13 3 2 8
127 9 3 4 4
128 12 6 6 8
129 17 6 3 9
130 10 4 2 3
131 8 8 5 12
132 9 5 4 11
133 13 7 6 12
134 8 9 5 9
135 8 4 6 12
136 13 3 3 9
137 6 7 2 9
138 8 8 2 14
139 16 9 1 9
140 12 6 3 8
141 12 9 7 9
142 8 10 3 11
143 16 6 0 7
144 11 7 5 10
145 16 9 2 12
146 13 5 3 13
147 17 3 7 6
148 15 10 5 15
149 10 6 1 12
150 19 10 5 10
151 16 11 4 10
152 11 10 5 16
153 14 8 8 7
154 22 7 3 13
155 17 9 5 17
156 14 9 10 8
157 11 12 2 9
158 18 6 6 10
159 16 12 8 18
160 19 11 8 21
161 15 9 5 12
162 17 5 9 11
163 14 10 7 20
164 23 8 6 18
165 19 10 6 14
166 20 9 6 18
167 17 10 8 21
168 21 5 8 11
169 19 11 10 16
170 15 7 6 14
171 22 8 8 21
172 28 10 5 14
173 22 17 6 14
174 21 14 8 15
175 19 13 7 16
176 31 14 7 20
177 19 11 11 19
178 23 13 8 18
179 18 9 4 14
180 26 14 12 17
181 24 26 6 18
182 20 9 9 23
183 25 14 8 15
184 21 4 8 26
185 21 16 11 32
186 16 22 6 17
187 23 18 8 31
188 32 10 10 15
189 30 11 10 31
190 28 11 8 24
191 24 9 7 21
192 38 15 12 16
193 27 13 13 24
194 30 16 8 19
195 28 20 5 20
196 19 12 15 22
197 29 16 13 21
198 34 25 3 20
199 26 23 4 25
200 31 14 14 34
201 28 21 14 25
202 28 20 11 25
203 32 22 13 26
204 25 12 11 30
205 21 10 10 28
206 15 13 16 29
207 14 17 18 34
208 19 19 6 25
209 14 20 11 26
210 20 16 9 37
211 22 10 6 28
212 18 18 10 25
213 16 15 6 28
214 16 13 7 27
215 8 11 7 20
216 13 11 5 32
217 9 12 5 29
218 13 8 9 18
219 15 7 9 16
220 12 7 7 12
221 10 13 6 16
222 12 4 3 19
223 14 9 7 21
224 7 11 5 18
225 14 7 3 20
226 13 5 6 10
227 7 7 7 18
228 12 8 4 17
229 6 6 4 9
230 12 5 6 10
231 13 7 5 16
232 9 3 4 9
233 11 5 6 10
234 5 6 3 9
235 7 12 2 14
236 9 8 4 10
237 7 3 9 13
238 4 3 5 10
239 9 6 2 10
240 8 6 6 11
241 6 2 2 8
242 4 3 6 9
243 9 3 1 10
244 4 2 4 12
245 4 7 2 9
246 4 6 1 7
247 2 2 3 10
248 1 4 3 6
249 9 5 2 7
250 6 2 3 5
251 6 4 2 6
252 7 5 0 10
253 6 1 1 8
254 4 2 4 5
255 4 1 2 4
256 5 1 2 10
257 5 3 1 3
258 3 6 4 7
259 5 6 0 2
260 2 7 0 1
261 2 5 2 2
262 3 3 1 6
263 1 2 1 4
264 2 3 3 7
265 1 1 2 9
266 0 1 1 6
267 0 2 1 6
268 1 1 0 8
269 2 2 1 3
270 3 1 1 2
271 2 1 0 2
272 1 0 1 1
273 1 0 0 3
274 4 1 1 3
275 2 1 1 2
276 0 0 1 2
277 2 1 1 2
278 0 1 0 2
279 4 1 2 0
280 1 2 0 0
281 0 0 0 1
282 0 0 0 3
283 0 1 1 2
284 0 3 3 3
285 0 0 0 0
286 0 1 1 2
287 0 0 0 0
288 0 0 0 5
289 0 1 0 0
290 0 0 0 4
291 0 0 0 1
292 0 0 0 0
293 0 0 0 0
294 0 0 0 0
295 0 0 0 0
296 0 0 0 1
297 0 0 0 0
298 0 0 0 0
299 0 0 0 0
300 0 0 0 0
301 1 0 0 0
302 0 0 0 0
303 0 0 0 0
304 0 0 0 0
305 0 0 0 0
306 0 0 0 0
307 0 0 0 0
308 0 0 0 0
309 0 0 0 0
310 0 1 0 0
311 0 0 0 0
312 0 0 0 0
313 0 0 0 0
314 0 0 0 1
315 0 0 0 0
316 0 0 0 0
317 0 0 0 0
318 0 0 0 0
319 0 0 0 0
320 0 0 0 0
321 0 0 0 0
322 0 0 0 0
323 0 0 0 0
324 0 0 0 0
325 0 0 0 0
326 0 0 0 0
327 0 0 0 0
328 0 0 0 0
329 0 0 0 0
330 0 0 0 0
331 0 0 0 0
332 0 0 0 0
333 0 0 0 0
334 0 0 0 0
335 0 0 0 0
336 0 0 0 0
337 0 0 0 0
338 0 0 0 0
339 0 0 0 0
340 0 0 0 0
341 0 0 0 0
342 0 0 0 0
343 0 0 0 0
344 0 0 0 0
345 0 0 0 0
346 0 0 0 0
347 0 0 0 0
348 0 0 0 0
349 0 0 0 0
350 0 0 0 0
351 0 0 0 0
352 0 0 0 0
353 0 0 0 0
354 0 0 0 0
355 0 0 0 0
356 0 0 0 0
357 0 0 0 0
358 0 0 0 0
359 0 0 0 0
360 0 0 0 0
361 0 0 0 0
362 0 0 0 0
363 0 0 0 0
364 0 0 0 0
365 0 0 0 0
366 0 0 0 0
367 0 0 0 0
368 0 0 0 0
369 0 0 0 0
370 0 0 0 0
371 0 0 0 0
372 0 0 0 0
373 0 0 0 0
374 0 0 0 0
375 0 0 0 0
376 0 0 0 0
377 0 0 0 0
378 0 0 0 0
379 0 0 0 0
380 0 0 0 0
381 0 0 0 0
382 0 0 0 0
383 0 0 0 0
384 0 0 0 0
385 0 0 0 0
386 0 0 0 0
387 0 0 0 0
388 0 0 0 0
389 0 0 0 0
390 0 0 0 0
391 0 0 0 0
392 0 0 0 0
393 0 0 0 0
394 0 0 0 0
395 0 0 0 0
396 0 0 0 0
397 0 0 0 0
398 0 0 0 0
399 0 0 0 0
400 0 0 0 0
401 0 0 0 0
402 0 0 0 0
403 0 0 0 0
404 0 0 0 0
405 0 0 0 0
406 0 0 0 0
407 0 0 0 0
408 0 0 0 0
409 0 0 0 0
410 0 0 0 0
411 0 0 0 0
412 0 0 0 0
413 0 0 0 0
414 0 0 0 0
415 0 0 0 0
416 0 0 0 0
417 0 0 0 0
418 0 0 0 0
419 0 0 0 0
420 0 0 0 0
421 0 0 0 0
422 0 0 0 0
423 0 0 0 0
424 0 0 0 0
425 0 0 0 0
426 0 0 0 0
427 0 0 0 0
428 0 0 0 0
429 0 0 0 0
430 0 0 0 0
431 0 0 0 0
432 0 0 0 0
433 0 0 0 0
434 0 0 0 0
435 0 0 0 0
436 0 0 0 0
437 0 0 0 0
438 0 0 0 0
439 0 0 0 0
440 0 0 0 0
441 0 0 0 0
442 0 0 0 0
443 0 0 0 0
444 0 0 0 0
445 0 0 0 0
446 0 0 0 0
447 0 0 0 0
448 0 0 0 0
449 0 0 0 0
450 0 0 0 0
451 0 0 0 0
452 0 0 0 0
453 0 0 0 0
454 0 0 0 0
455 0 0 0 0
456 0 0 0 0
457 0 0 0 0
458 0 0 0 0
459 0 0 0 0
460 0 0 0 0
461 0 0 0 0
462 0 0 0 0
463 0 0 0 0
464 0 0 0 0
465 0 0 0 0
466 0 0 0 0
467 0 0 0 0
468 0 0 0 0
469 0 0 0 0
470 0 0 0 0
471 0 0 0 0
472 0 0 0 0
473 0 0 0 0
474 0 0 0 0
475 0 0 0 0
476 0 0 0 0
477 0 0 0 0
478 0 0 0 0
479 0 0 0 0
480 0 0 0 0
481 0 0 0 0
482 0 0 0 0
483 0 0 0 0
484 0 0 0 0
485 0 0 0 0
486 0 0 0 0
487 0 0 0 0
488 0 0 0 0
489 0 0 0 0
490 0 0 0 0
491 0 0 0 0
492 0 0 0 0
493 0 0 0 0
494 0 0 0 0
495 0 0 0 0
496 0 0 0 0
497 0 0 0 0
498 0 0 0 0
499 0 0 0 0
500 0 0 0 0
501 0 0 0 0
502 0 0 0 0
503 0 0 0 0
504 0 0 0 0
505 0 0 0 0
506 0 0 0 0
507 0 0 0 0
508 0 0 0 0
509 0 0 0 0
510 0 0 0 0
511 0 0 0 0
512 0 0 0 0
513 0 0 0 0
514 0 0 0 0
515 0 0 0 0
516 0 0 0 0
517 0 0 0 0
518 0 0 0 0
519 0 0 0 0
520 0 0 0 0
521 0 0 0 0
522 0 0 0 0
523 0 0 0 0
524 0 0 0 0
525 0 0 0 0
526 0 0 0 0
527 0 0 0 0
528 0 0 0 0
529 0 0 0 0
530 0 0 0 0
531 0 0 0 0
532 0 0 0 0
533 0 0 0 0
534 0 0 0 0
535 0 0 0 0
536 0 0 0 0
537 0 0 0 0
538 0 0 0 0
539 0 0 0 0
540 0 0 0 0
541 0 0 0 0
542 0 0 0 0
543 0 0 0 0
544 0 0 0 0
545 0 0 0 0
546 0 0 0 0
547 0 0 0 0
548 0 0 0 0
549 0 0 0 0
550 0 0 0 0
551 0 0 0 0
552 0 0 0 0
553 0 0 0 0
554 0 0 0 0
555 0 0 0 0
556 0 0 0 0
557 0 0 0 0
558 0 0 0 0
559 0 0 0 0
560 0 0 0 0
561 0 0 0 0
562 0 0 0 0
563 0 0 0 0
564 0 0 0 0
565 0 0 0 0
566 0 0 0 0
567 0 0 0 0
568 0 0 0 0
569 0 0 0 0
570 0 0 0 0
571 0 0 0 0
572 0 0 0 0
573 0 0 0 0
574 0 0 0 0
575 0 0 0 0
576 0 0 0 0
577 0 0 0 0
578 0 0 0 0
579 0 0 0 0
580 0 0 0 0
581 0 0 0 0
582 0 0 0 0
583 0 0 0 0
584 0 0 0 0
585 0 0 0 0
586 0 0 0 0
587 0 0 0 0
588 0 0 0 0
589 0 0 0 0
590 0 0 0 0
591 0 0 0 0
592 0 0 0 0
593 0 0 0 0
594 0 0 0 0
595 0 0 0 0
596 0 0 0 0
597 0 0 0 0
598 0 0 0 0
599 0 0 0 0
600 0 0 0 0
601 0 0 0 0
602 0 0 0 0
603 0 0 0 0
604 0 0 0 0
605 0 0 0 0
606 0 0 0 0
607 0 0 0 0
608 0 0 0 0
609 0 0 0 0
610 0 0 0 0
611 0 0 0 0
612 0 0 0 0
613 0 0 0 0
614 0 0 0 0
615 0 0 0 0
616 0 0 0 0
617 0 0 0 0
618 0 0 0 0
619 0 0 0 0
620 0 0 0 0
621 0 0 0 0
622 0 0 0 0
623 0 0 0 0
624 0 0 0 0
625 0 0 0 0
626 0 0 0 0
627 0 0 0 0
628 0 0 0 0
629 0 0 0 0
630 0 0 0 0
631 0 0 0 0
632 0 0 0 0
633 0 0 0 0
634 0 0 0 0
635 0 0 0 0
636 0 0 0 0
637 0 0 0 0
638 0 0 0 0
639 0 0 0 0
640 0 0 0 0
641 0 0 0 0
642 0 0 0 0
643 0 0 0 0
644 0 0 0 0
645 0 0 0 0
646 0 0 0 0
647 0 0 0 0
648 0 0 0 0
649 0 0 0 0
650 0 0 0 0
651 0 0 0 0
652 0 0 0 0
653 0 0 0 0
654 0 0 0 0
655 0 0 0 0
656 0 0 0 0
657 0 0 0 0
658 0 0 0 0
659 0 0 0 0
660 0 0 0 0
661 0 0 0 0
662 0 0 0 0
663 0 0 0 0
664 0 0 0 0
665 0 0 0 0
666 0 0 0 0
667 0 0 0 0
668 0 0 0 0
669 0 0 0 0
670 0 0 0 0
671 0 0 0 0
672 0 0 0 0
673 0 0 0 0
674 0 0 0 0
675 0 0 0 0
676 0 0 0 0
677 0 0 0 0
678 0 0 0 0
679 0 0 0 0
680 0 0 0 0
681 0 0 0 0
682 0 0 0 0
683 0 0 0 0
684 0 0 0 0
685 0 0 0 0
686 0 0 0 0
687 0 0 0 0
688 0 0 0 0
689 0 0 0 0
690 0 0 0 0
691 0 0 0 0
692 0 0 0 0
693 0 0 0 0
694 0 0 0 0
695 0 0 0 0
696 0 0 0 0
697 0 0 0 0
698 0 0 0 0
699 0 0 0 0
700 0 0 0 0
701 0 0 0 0
702 0 0 0 0
703 0 0 0 0
704 0 0 0 0
705 0 0 0 0
706 0 0 0 0
707 0 0 0 0
708 0 0 0 0
709 0 0 0 0
710 0 0 0 0
711 0 0 0 0
712 0 0 0 0
713 0 0 0 0
714 0 0 0 0
715 0 0 0 0
716 0 0 0 0
717 0 0 0 0
718 0 0 0 0
719 0 0 0 0
720 0 0 0 0
721 0 0 0 0
722 0 0 0 0
723 0 0 0 0
724 0 0 0 0
725 0 0 0 0
726 0 0 0 0
727 0 0 0 0
