0 0 0 0 0
1 0 0 0 0
2 0 0 0 0
3 0 0 0 0
4 0 0 0 0
5 0 1 0 0
6 0 0 0 0
7 0 0 0 0
8 0 0 0 0
9 0 1 3 1
10 0 0 0 0
11 0 0 0 0
12 0 0 0 0
13 0 0 0 2
14 0 0 0 0
15 0 0 0 0
16 0 0 0 2
17 0 0 0 0
18 0 0 0 0
19 0 0 0 0
20 0 0 0 0
21 1 0 0 0
22 3 0 0 0
23 0 0 0 0
24 1 0 0 0
25 1 0 0 0
26 1 0 0 0
27 3 1 0 0
28 1 0 0 0
29 2 0 0 0
30 1 1 1 0
31 2 1 2 1
32 3 2 0 0
33 1 1 0 0
34 0 2 0 2
35 0 1 0 1
36 0 2 0 0
37 0 2 0 0
38 0 1 0 3
39 0 0 0 3
40 0 1 0 1
41 0 1 1 2
42 1 0 0 1
43 0 0 0 2
44 3 0 0 1
45 1 0 0 0
46 3 0 0 0
47 4 1 0 1
48 1 0 0 2
49 2 3 0 0
50 2 0 0 0
51 7 1 1 0
52 2 1 1 0
53 6 0 0 3
54 3 3 0 1
55 2 0 1 1
56 3 1 2 2
57 1 1 2 0
58 1 1 1 3
59 5 1 1 0
60 0 4 2 2
61 1 3 1 2
62 0 3 2 2
63 0 3 1 4
64 2 3 0 5
65 1 0 0 3
66 2 2 0 1
67 3 0 0 5
68 4 1 1 4
69 1 1 1 4
70 1 1 0 3
71 2 1 0 1
72 2 0 2 1
73 6 2 2 1
74 3 0 1 1
75 7 0 0 1
76 5 1 1 2
77 6 3 0 0
78 2 1 3 2
79 2 2 0 1
80 4 2 4 5
81 3 1 1 2
82 6 1 2 1
83 2 1 1 3
84 6 2 3 4
85 4 4 2 6
86 1 4 2 2
87 1 3 1 2
88 9 2 0 3
89 5 4 1 3
90 5 5 0 6
91 5 2 2 5
92 11 1 1 5
93 7 2 3 4
94 9 0 0 5
95 7 0 4 2
96 5 3 2 3
97 5 8 1 5
98 6 2 6 2
99 5 5 6 3
100 5 2 1 6
101 5 4 4 5
102 3 2 1 7
103 5 4 4 6
104 7 4 3 5
105 4 5 2 7
106 7 2 3 7
107 6 1 2 9
108 6 4 0 8
109 5 3 3 6
110 3 2 3 6
111 7 1 3 5
112 5 3 5 4
113 3 2 3 4
114 7 5 1 5
115 5 4 1 5
116 7 4 2 5
117 4 3 3 3
118 7 1 1 5
119 8 4 2 9
120 3 2 2 7
121 9 2 4 8
122 12 2 2 2
123 11 2 5 6
124 11 4 1 4
125 4 3 1 4
126 4 5 2 3
127 7 8 3 5
128 6 10 3 2
129 12 8 1 5
130 11 3 4 7
131 9 4 2 10
132 3 8 1 8
133 12 5 3 10
134 5 3 2 13
135 4 3 3 12
136 6 3 3 8
137 5 3 2 9
138 8 5 7 4
139 11 1 7 9
140 8 10 1 5
141 12 2 2 4
142 11 5 5 8
143 6 1 3 9
144 11 4 2 10
145 10 5 3 7
146 10 5 2 4
147 7 8 1 7
148 6 6 4 4
149 12 7 4 13
150 13 10 3 4
151 9 7 4 6
152 7 3 1 7
153 16 5 2 11
154 9 8 4 12
155 11 9 4 14
156 4 6 2 5
157 13 5 3 9
158 5 9 4 10
159 17 8 2 10
160 18 6 3 6
161 12 3 1 11
162 10 9 6 13
163 15 5 3 9
164 19 9 8 8
165 18 10 6 7
166 16 6 7 12
167 12 6 3 8
168 20 8 3 15
169 11 11 4 17
170 6 14 4 12
171 11 5 5 10
172 10 9 3 9
173 13 15 9 13
174 19 3 8 14
175 18 9 7 15
176 15 7 7 12
177 19 5 4 22
178 21 8 6 9
179 15 7 4 21
180 20 6 6 15
181 17 11 5 10
182 18 8 8 13
183 23 12 8 14
184 16 10 7 14
185 21 8 5 11
186 20 14 6 13
187 15 12 10 10
188 17 10 10 20
189 22 15 7 16
190 21 11 10 22
191 26 9 7 22
192 24 13 9 19
193 21 8 10 24
194 25 9 9 20
195 21 6 9 12
196 16 8 8 22
197 15 14 8 16
198 21 16 8 18
199 22 14 10 20
200 15 12 7 18
201 19 14 2 22
202 17 9 8 18
203 12 17 11 21
204 16 22 7 19
205 16 9 7 22
206 20 12 7 23
207 19 12 5 26
208 15 9 5 19
209 12 10 5 14
210 18 11 7 18
211 9 6 11 26
212 13 9 7 13
213 11 9 10 20
214 10 7 5 11
215 15 9 6 13
216 11 12 2 15
217 11 10 3 21
218 6 9 2 19
219 7 7 6 18
220 7 7 5 17
221 8 8 5 10
222 8 5 8 14
223 4 8 3 10
224 11 7 4 11
225 5 5 3 13
226 3 4 3 16
227 9 4 3 13
228 7 2 3 12
229 8 3 5 11
230 5 3 1 10
231 5 4 2 9
232 2 6 3 5
233 7 8 4 7
234 9 6 2 4
235 6 2 1 5
236 6 1 4 10
237 5 1 1 10
238 2 6 3 5
239 2 3 5 4
240 7 3 3 8
241 4 4 2 8
242 3 5 1 6
243 3 2 3 4
244 2 2 1 5
245 5 3 1 10
246 1 1 1 9
247 2 1 1 3
248 1 5 0 4
249 1 2 4 2
250 0 2 3 3
251 2 3 0 3
252 0 1 0 7
253 1 1 0 5
254 2 3 0 4
255 3 0 0 3
256 4 1 1 5
257 5 0 0 2
258 3 1 1 3
259 3 1 0 0
260 1 1 1 2
261 1 2 0 1
262 3 2 3 1
263 0 3 0 1
264 5 3 0 0
265 1 1 1 1
266 0 1 1 2
267 0 2 0 2
268 0 1 0 3
269 0 2 1 4
270 1 1 0 3
271 0 1 0 4
272 1 0 0 2
273 0 3 0 2
274 0 0 1 2
275 1 0 1 1
276 0 0 0 1
277 0 0 1 1
278 0 0 0 2
279 1 0 0 0
280 0 0 0 2
281 1 0 0 1
282 1 0 0 1
283 0 0 0 0
284 0 1 0 0
285 0 0 0 0
286 0 0 1 0
287 1 0 1 0
288 2 1 0 0
289 1 0 0 0
290 1 0 0 1
291 1 0 0 2
292 0 0 0 0
293 0 2 0 0
294 0 0 0 0
295 0 1 0 1
296 0 1 0 0
297 0 0 0 0
298 0 1 0 0
299 0 0 0 1
300 0 1 0 3
301 0 0 0 0
302 0 0 0 0
303 0 0 0 0
304 0 0 0 1
305 0 0 0 1
306 0 0 0 0
307 0 0 0 0
308 0 0 0 0
309 0 0 0 0
310 0 0 0 0
311 0 0 0 0
312 0 0 0 0
313 0 0 0 0
314 0 0 0 0
315 0 0 0 0
316 0 0 0 0
317 0 0 0 0
318 0 0 0 0
319 0 0 0 0
320 0 0 0 0
321 0 0 0 0
322 0 0 0 0
323 0 0 0 0
324 0 0 0 0
325 0 0 0 0
326 0 0 0 0
327 0 0 0 0
328 0 0 0 0
329 0 0 0 0
330 0 0 0 0
331 0 0 0 0
332 0 0 0 0
333 0 0 0 0
334 0 0 0 0
335 0 0 0 0
336 0 0 0 0
337 0 0 0 0
338 0 0 0 0
339 0 0 0 0
340 0 0 0 0
341 0 0 0 0
342 0 0 0 0
343 0 0 0 0
344 0 0 0 0
345 0 0 0 0
346 0 0 0 0
347 0 0 0 0
348 0 0 0 0
349 0 0 0 0
350 0 0 0 0
351 0 0 0 0
352 0 0 0 0
353 0 0 0 0
354 0 0 0 0
355 0 0 0 0
356 0 0 0 0
357 0 0 0 0
358 0 0 0 0
359 0 0 0 0
360 0 0 0 0
361 0 0 0 0
362 0 0 0 0
363 0 0 0 0
364 0 0 0 0
365 0 0 0 0
366 0 0 0 0
367 0 0 0 0
368 0 0 0 0
369 0 0 0 0
370 0 0 0 0
371 0 0 0 0
372 0 0 0 0
373 0 0 0 0
374 0 0 0 0
375 0 0 0 0
376 0 0 0 0
377 0 0 0 0
378 0 0 0 0
379 0 0 0 0
380 0 0 0 0
381 0 0 0 0
382 0 0 0 0
383 0 0 0 0
384 0 0 0 0
385 0 0 0 0
386 0 0 0 0
387 0 0 0 0
388 0 0 0 0
389 0 0 0 0
390 0 0 0 0
391 0 0 0 0
392 0 0 0 0
393 0 0 0 0
394 0 0 0 0
395 0 0 0 0
396 0 0 0 0
397 0 0 0 0
398 0 0 0 0
399 0 0 0 0
400 0 0 0 0
401 0 0 0 0
402 0 0 0 0
403 0 0 0 0
404 0 0 0 0
405 0 0 0 0
406 0 0 0 0
407 0 0 0 0
408 0 0 0 0
409 0 0 0 0
410 0 0 0 0
411 0 0 0 0
412 0 0 0 0
413 0 0 0 0
414 0 0 0 0
415 0 0 0 0
416 0 0 0 0
417 0 0 0 0
418 0 0 0 0
419 0 0 0 0
420 0 0 0 0
421 0 0 0 0
422 0 0 0 0
423 0 0 0 0
424 0 0 0 0
425 0 0 0 0
426 0 0 0 0
427 0 0 0 0
428 0 0 0 0
429 0 0 0 0
430 0 0 0 0
431 0 0 0 0
432 0 0 0 0
433 0 0 0 0
434 0 0 0 0
435 0 0 0 0
436 0 0 0 0
437 0 0 0 0
438 0 0 0 0
439 0 0 0 0
440 0 0 0 0
441 0 0 0 0
442 0 0 0 0
443 0 0 0 0
444 0 0 0 0
445 0 0 0 0
446 0 0 0 0
447 0 0 0 0
448 0 0 0 0
449 0 0 0 0
450 0 0 0 0
451 0 0 0 0
452 0 0 0 0
453 0 0 0 0
454 0 0 0 0
455 0 0 0 0
456 0 0 0 0
457 0 0 0 0
458 0 0 0 0
459 0 0 0 0
460 0 0 0 0
461 0 0 0 0
462 0 0 0 0
463 0 0 0 0
464 0 0 0 0
465 0 0 0 0
466 0 0 0 0
467 0 0 0 0
468 0 0 0 0
469 0 0 0 0
470 0 0 0 0
471 0 0 0 0
472 0 0 0 0
473 0 0 0 0
474 0 0 0 0
475 0 0 0 0
476 0 0 0 0
477 0 0 0 0
478 0 0 0 0
479 0 0 0 0
480 0 0 0 0
481 0 0 0 0
482 0 0 0 0
483 0 0 0 0
484 0 0 0 0
485 0 0 0 0
486 0 0 0 0
487 0 0 0 0
488 0 0 0 0
489 0 0 0 0
490 0 0 0 0
491 0 0 0 0
492 0 0 0 0
493 0 0 0 0
494 0 0 0 0
495 0 0 0 0
496 0 0 0 0
497 0 0 0 0
498 0 0 0 0
499 0 0 0 0
500 0 0 0 0
501 0 0 0 0
502 0 0 0 0
503 0 0 0 0
504 0 0 0 0
505 0 0 0 0
506 0 0 0 0
507 0 0 0 0
508 0 0 0 0
509 0 0 0 0
510 0 0 0 0
511 0 0 0 0
512 0 0 0 0
513 0 0 0 0
514 0 0 0 0
515 0 0 0 0
516 0 0 0 0
517 0 0 0 0
518 0 0 0 0
519 0 0 0 0
520 0 0 0 0
521 0 0 0 0
522 0 0 0 0
523 0 0 0 0
524 0 0 0 0
525 0 0 0 0
526 0 0 0 0
527 0 0 0 0
528 0 0 0 0
529 0 0 0 0
530 0 0 0 0
531 0 0 0 0
532 0 0 0 0
533 0 0 0 0
534 0 0 0 0
535 0 0 0 0
536 0 0 0 0
537 0 0 0 0
538 0 0 0 0
539 0 0 0 0
540 0 0 0 0
541 0 0 0 0
542 0 0 0 0
543 0 0 0 0
544 0 0 0 0
545 0 0 0 0
546 0 0 0 0
547 0 0 0 0
548 0 0 0 0
549 0 0 0 0
550 0 0 0 0
551 0 0 0 0
552 0 0 0 0
553 0 0 0 0
554 0 0 0 0
555 0 0 0 0
556 0 0 0 0
557 0 0 0 0
558 0 0 0 0
559 0 0 0 0
560 0 0 0 0
561 0 0 0 0
562 0 0 0 0
563 0 0 0 0
564 0 0 0 0
565 0 0 0 0
566 0 0 0 0
567 0 0 0 0
568 0 0 0 0
569 0 0 0 0
570 0 0 0 0
571 0 0 0 0
572 0 0 0 0
573 0 0 0 0
574 0 0 0 0
575 0 0 0 0
576 0 0 0 0
577 0 0 0 0
578 0 0 0 0
579 0 0 0 0
580 0 0 0 0
581 0 0 0 0
582 0 0 0 0
583 0 0 0 0
584 0 0 0 0
585 0 0 0 0
586 0 0 0 0
587 0 0 0 0
588 0 0 0 0
589 0 0 0 0
590 0 0 0 0
591 0 0 0 0
592 0 0 0 0
593 0 0 0 0
594 0 0 0 0
595 0 0 0 0
596 0 0 0 0
597 0 0 0 0
598 0 0 0 0
599 0 0 0 0
600 0 0 0 0
601 0 0 0 0
602 0 0 0 0
603 0 0 0 0
604 0 0 0 0
605 0 0 0 0
606 0 0 0 0
607 0 0 0 0
608 0 0 0 0
609 0 0 0 0
610 0 0 0 0
611 0 0 0 0
612 0 0 0 0
613 0 0 0 0
614 0 0 0 0
615 0 0 0 0
616 0 0 0 0
617 0 0 0 0
618 0 0 0 0
619 0 0 0 0
620 0 0 0 0
621 0 0 0 0
622 0 0 0 0
623 0 0 0 0
624 0 0 0 0
625 0 0 0 0
626 0 0 0 0
627 0 0 0 0
628 0 0 0 0
629 0 0 0 0
630 0 0 0 0
631 0 0 0 0
632 0 0 0 0
633 0 0 0 0
634 0 0 0 0
635 0 0 0 0
636 0 0 0 0
637 0 0 0 0
638 0 0 0 0
639 0 0 0 0
640 0 0 0 0
641 0 0 0 0
642 0 0 0 0
643 0 0 0 0
644 0 0 0 0
645 0 0 0 0
646 0 0 0 0
647 0 0 0 0
648 0 0 0 0
649 0 0 0 0
650 0 0 0 0
651 0 0 0 0
652 0 0 0 0
653 0 0 0 0
654 0 0 0 0
655 0 0 0 0
656 0 0 0 0
657 0 0 0 0
658 0 0 0 0
659 0 0 0 0
660 0 0 0 0
661 0 0 0 0
662 0 0 0 0
663 0 0 0 0
664 0 0 0 0
665 0 0 0 0
666 0 0 0 0
667 0 0 0 0
668 0 0 0 0
669 0 0 0 0
670 0 0 0 0
671 0 0 0 0
672 0 0 0 0
673 0 0 0 0
674 0 0 0 0
675 0 0 0 0
676 0 0 0 0
677 0 0 0 0
678 0 0 0 0
679 0 0 0 0
680 0 0 0 0
681 0 0 0 0
682 0 0 0 0
683 0 0 0 0
684 0 0 0 0
685 0 0 0 0
686 0 0 0 0
687 0 0 0 0
688 0 0 0 0
689 0 0 0 0
690 0 0 0 0
691 0 0 0 0
692 0 0 0 0
693 0 0 0 0
694 0 0 0 0
695 0 0 0 0
696 0 0 0 0
697 0 0 0 0
698 0 0 0 0
699 0 0 0 0
700 0 0 0 0
701 0 0 0 0
702 0 0 0 0
703 0 0 0 0
704 0 0 0 0
705 0 0 0 0
706 0 0 0 0
707 0 0 0 0
708 0 0 0 0
709 0 0 0 0
710 0 0 0 0
711 0 0 0 0
712 0 0 0 0
713 0 0 0 0
714 0 0 0 0
715 0 0 0 0
716 0 0 0 0
717 0 0 0 0
718 0 0 0 0
719 0 0 0 0
720 0 0 0 0
721 0 0 0 0
722 0 0 0 0
723 0 0 0 0
724 0 0 0 0
725 0 0 0 0
726 0 0 0 0
727 0 0 0 0
