0 0 0 0 0
1 0 0 0 0
2 0 0 0 0
3 0 0 0 0
4 0 0 0 0
5 0 2 0 0
6 0 0 0 0
7 0 0 0 0
8 0 0 0 0
9 0 1 2 1
10 0 0 0 0
11 0 0 0 0
12 0 0 0 1
13 0 0 0 2
14 0 0 0 0
15 0 0 0 0
16 0 0 0 1
17 0 0 0 0
18 0 0 0 0
19 0 0 0 0
20 0 0 0 0
21 0 0 0 0
22 0 0 0 0
23 1 0 0 0
24 1 0 0 0
25 0 0 0 0
26 1 0 0 0
27 0 0 0 0
28 0 0 0 0
29 0 1 0 0
30 1 0 0 0
31 0 0 1 0
32 0 1 0 0
33 0 0 0 0
34 0 0 0 0
35 1 0 1 0
36 0 0 0 2
37 0 0 0 0
38 0 0 0 1
39 0 0 0 0
40 0 0 0 0
41 0 0 0 0
42 1 0 0 1
43 0 0 0 0
44 0 0 1 0
45 0 0 0 0
46 0 0 0 0
47 1 0 1 0
48 1 0 0 1
49 2 0 0 0
50 0 0 0 0
51 1 0 0 1
52 1 0 1 0
53 1 1 0 0
54 2 1 0 0
55 0 0 0 0
56 0 1 0 0
57 1 0 1 0
58 0 0 2 0
59 0 1 0 1
60 0 0 0 2
61 1 0 0 2
62 0 1 0 1
63 1 1 0 0
64 0 0 0 1
65 1 0 0 1
66 0 0 0 0
67 0 0 0 1
68 2 1 0 0
69 2 0 0 1
70 3 0 1 0
71 1 0 0 0
72 1 0 0 0
73 2 0 0 0
74 1 1 1 1
75 0 0 1 1
76 1 0 1 0
77 3 2 2 0
78 2 0 2 2
79 0 0 2 0
80 3 0 0 0
81 1 0 1 1
82 3 1 0 3
83 0 2 1 4
84 1 0 0 2
85 0 0 1 0
86 1 0 2 1
87 4 0 2 1
88 1 0 0 1
89 1 2 1 1
90 1 1 0 4
91 2 0 1 0
92 0 2 2 0
93 1 0 1 3
94 0 0 0 2
95 2 0 1 1
96 1 1 1 3
97 1 0 0 0
98 2 0 2 1
99 1 0 0 3
100 1 1 2 0
101 1 1 0 0
102 1 0 0 0
103 2 0 1 2
104 2 0 0 1
105 0 0 0 2
106 5 1 0 0
107 4 0 1 2
108 1 0 2 2
109 3 1 1 0
110 4 0 1 1
111 4 2 1 1
112 3 2 0 2
113 1 0 1 1
114 1 2 0 0
115 1 4 2 1
116 2 1 3 2
117 1 0 1 2
118 0 2 0 3
119 2 1 0 7
120 3 1 3 2
121 2 4 1 0
122 1 0 1 1
123 3 0 0 3
124 4 0 0 3
125 3 1 0 6
126 1 1 0 2
127 5 0 0 2
128 2 2 3 0
129 5 3 1 0
130 3 1 2 1
131 6 0 1 0
132 3 2 0 3
133 3 1 1 4
134 1 2 2 1
135 1 0 3 3
136 0 4 1 2
137 3 2 3 3
138 4 2 3 1
139 3 2 1 4
140 2 3 2 6
141 4 0 0 5
142 2 0 1 3
143 6 1 1 2
144 3 2 1 4
145 7 0 0 2
146 9 3 1 3
147 10 2 1 3
148 5 1 2 2
149 8 3 1 0
150 5 3 4 3
151 5 5 2 3
152 4 5 6 1
153 5 0 2 4
154 8 4 2 3
155 9 3 3 6
156 7 3 1 10
157 6 7 2 5
158 7 5 2 6
159 6 2 5 8
160 4 3 4 3
161 12 4 1 8
162 6 4 0 8
163 7 5 3 6
164 5 5 4 7
165 7 3 2 4
166 7 3 6 7
167 9 2 2 8
168 6 3 4 4
169 7 3 4 3
170 8 5 4 8
171 10 9 2 9
172 7 1 3 8
173 10 4 2 12
174 12 4 4 6
175 6 4 3 9
176 8 7 5 2
177 7 2 2 5
178 6 4 4 9
179 12 2 7 8
180 9 5 4 10
181 13 7 6 7
182 13 1 6 9
183 17 1 4 9
184 10 5 2 3
185 12 4 3 10
186 12 8 2 5
187 20 4 7 10
188 11 11 5 9
189 13 6 3 10
190 10 9 8 6
191 14 5 5 9
192 15 12 8 9
193 17 4 5 14
194 13 8 6 17
195 17 8 5 11
196 12 9 5 14
197 16 8 3 7
198 14 7 4 15
199 14 9 1 18
200 16 9 9 12
201 9 7 6 13
202 10 18 3 12
203 12 10 8 11
204 13 8 6 16
205 7 9 7 11
206 9 4 8 13
207 8 5 4 18
208 14 10 4 15
209 8 5 5 17
210 8 8 1 15
211 4 5 3 11
212 14 3 2 21
213 5 8 4 12
214 10 5 1 7
215 6 6 5 8
216 8 4 4 8
217 8 9 7 12
218 13 5 3 8
219 11 4 3 10
220 7 7 1 10
221 6 5 5 8
222 5 2 3 7
223 6 7 4 7
224 6 8 1 14
225 9 5 6 13
226 3 5 3 4
227 4 6 5 7
228 6 1 5 7
229 7 2 2 10
230 1 2 4 10
231 4 2 1 10
232 3 2 2 7
233 5 6 0 6
234 5 7 2 8
235 3 1 1 6
236 8 4 2 3
237 5 2 1 5
238 8 2 3 9
239 3 1 1 6
240 5 3 0 2
241 3 4 0 4
242 4 1 4 3
243 4 5 2 6
244 5 0 1 5
245 2 5 6 4
246 3 4 0 4
247 3 3 2 6
248 2 0 3 2
249 0 3 0 7
250 1 2 4 3
251 1 2 1 5
252 0 4 0 8
253 1 3 2 4
254 1 0 0 4
255 2 1 2 2
256 3 1 1 4
257 3 0 0 4
258 3 1 0 2
259 1 1 0 3
260 1 0 2 4
261 4 2 1 0
262 2 1 1 3
263 3 2 0 2
264 2 0 0 1
265 1 2 0 1
266 2 1 2 3
267 1 2 0 2
268 2 2 1 2
269 3 1 0 1
270 1 1 2 3
271 1 0 1 3
272 0 1 0 4
273 0 2 0 0
274 0 1 0 0
275 1 3 1 1
276 0 1 0 2
277 1 0 1 3
278 1 1 1 1
279 0 0 0 3
280 1 0 0 3
281 0 0 0 1
282 1 1 1 1
283 0 1 0 1
284 0 0 0 0
285 0 0 0 1
286 1 0 0 1
287 2 0 0 1
288 2 0 0 0
289 1 1 0 1
290 1 0 0 0
291 1 0 1 0
292 0 0 1 0
293 0 0 1 0
294 0 1 0 0
295 1 0 2 1
296 0 1 0 2
297 1 0 1 1
298 0 0 0 1
299 0 0 0 0
300 0 1 0 1
301 0 0 0 0
302 0 0 0 2
303 1 0 0 0
304 0 1 0 1
305 0 0 0 0
306 0 1 0 0
307 0 0 0 1
308 0 0 1 0
309 0 0 0 0
310 0 0 0 1
311 0 0 0 0
312 0 0 0 0
313 1 0 0 1
314 0 0 0 0
315 1 0 0 1
316 1 0 0 0
317 0 0 0 0
318 0 1 0 0
319 0 0 0 0
320 0 0 0 0
321 1 0 1 0
322 0 0 0 1
323 0 0 0 0
324 0 0 1 0
325 0 0 0 1
326 0 1 0 0
327 0 0 0 0
328 0 0 0 0
329 0 0 0 0
330 0 0 0 0
331 0 0 0 1
332 0 0 0 0
333 0 0 0 1
334 0 0 0 0
335 0 0 0 0
336 0 0 0 0
337 0 0 0 0
338 0 0 0 0
339 0 0 0 0
340 0 0 0 0
341 0 0 0 0
342 0 0 0 0
343 0 0 0 0
344 0 0 0 0
345 0 0 0 0
346 0 0 0 0
347 0 0 0 0
348 0 0 0 0
349 0 0 0 0
350 0 0 0 0
351 0 0 0 0
352 0 0 0 0
353 0 0 0 0
354 0 0 0 0
355 0 0 0 0
356 0 0 0 0
357 0 0 0 0
358 0 0 0 0
359 0 0 0 0
360 0 0 0 0
361 0 0 0 0
362 0 0 0 0
363 0 0 0 0
364 0 0 0 0
365 0 0 0 0
366 0 0 0 0
367 0 0 0 0
368 0 0 0 0
369 0 0 0 0
370 0 0 0 0
371 0 0 0 0
372 0 0 0 0
373 0 0 0 0
374 0 0 0 0
375 0 0 0 0
376 0 0 0 0
377 0 0 0 0
378 0 0 0 0
379 0 0 0 0
380 0 0 0 0
381 0 0 0 0
382 0 0 0 0
383 0 0 0 0
384 0 0 0 0
385 0 0 0 0
386 0 0 0 0
387 0 0 0 0
388 0 0 0 0
389 0 0 0 0
390 0 0 0 0
391 0 0 0 0
392 0 0 0 0
393 0 0 0 0
394 0 0 0 0
395 0 0 0 0
396 0 0 0 0
397 0 0 0 0
398 0 0 0 0
399 0 0 0 0
400 0 0 0 0
401 0 0 0 0
402 0 0 0 0
403 0 0 0 0
404 0 0 0 0
405 0 0 0 0
406 0 0 0 0
407 0 0 0 0
408 0 0 0 0
409 0 0 0 0
410 0 0 0 0
411 0 0 0 0
412 0 0 0 0
413 0 0 0 0
414 0 0 0 0
415 0 0 0 0
416 0 0 0 0
417 0 0 0 0
418 0 0 0 0
419 0 0 0 0
420 0 0 0 0
421 0 0 0 0
422 0 0 0 0
423 0 0 0 0
424 0 0 0 0
425 0 0 0 0
426 0 0 0 0
427 0 0 0 0
428 0 0 0 0
429 0 0 0 0
430 0 0 0 0
431 0 0 0 0
432 0 0 0 0
433 0 0 0 0
434 0 0 0 0
435 0 0 0 0
436 0 0 0 0
437 0 0 0 0
438 0 0 0 0
439 0 0 0 0
440 0 0 0 0
441 0 0 0 0
442 0 0 0 0
443 0 0 0 0
444 0 0 0 0
445 0 0 0 0
446 0 0 0 0
447 0 0 0 0
448 0 0 0 0
449 0 0 0 0
450 0 0 0 0
451 0 0 0 0
452 0 0 0 0
453 0 0 0 0
454 0 0 0 0
455 0 0 0 0
456 0 0 0 0
457 0 0 0 0
458 0 0 0 0
459 0 0 0 0
460 0 0 0 0
461 0 0 0 0
462 0 0 0 0
463 0 0 0 0
464 0 0 0 0
465 0 0 0 0
466 0 0 0 0
467 0 0 0 0
468 0 0 0 0
469 0 0 0 0
470 0 0 0 0
471 0 0 0 0
472 0 0 0 0
473 0 0 0 0
474 0 0 0 0
475 0 0 0 0
476 0 0 0 0
477 0 0 0 0
478 0 0 0 0
479 0 0 0 0
480 0 0 0 0
481 0 0 0 0
482 0 0 0 0
483 0 0 0 0
484 0 0 0 0
485 0 0 0 0
486 0 0 0 0
487 0 0 0 0
488 0 0 0 0
489 0 0 0 0
490 0 0 0 0
491 0 0 0 0
492 0 0 0 0
493 0 0 0 0
494 0 0 0 0
495 0 0 0 0
496 0 0 0 0
497 0 0 0 0
498 0 0 0 0
499 0 0 0 0
500 0 0 0 0
501 0 0 0 0
502 0 0 0 0
503 0 0 0 0
504 0 0 0 0
505 0 0 0 0
506 0 0 0 0
507 0 0 0 0
508 0 0 0 0
509 0 0 0 0
510 0 0 0 0
511 0 0 0 0
512 0 0 0 0
513 0 0 0 0
514 0 0 0 0
515 0 0 0 0
516 0 0 0 0
517 0 0 0 0
518 0 0 0 0
519 0 0 0 0
520 0 0 0 0
521 0 0 0 0
522 0 0 0 0
523 0 0 0 0
524 0 0 0 0
525 0 0 0 0
526 0 0 0 0
527 0 0 0 0
528 0 0 0 0
529 0 0 0 0
530 0 0 0 0
531 0 0 0 0
532 0 0 0 0
533 0 0 0 0
534 0 0 0 0
535 0 0 0 0
536 0 0 0 0
537 0 0 0 0
538 0 0 0 0
539 0 0 0 0
540 0 0 0 0
541 0 0 0 0
542 0 0 0 0
543 0 0 0 0
544 0 0 0 0
545 0 0 0 0
546 0 0 0 0
547 0 0 0 0
548 0 0 0 0
549 0 0 0 0
550 0 0 0 0
551 0 0 0 0
552 0 0 0 0
553 0 0 0 0
554 0 0 0 0
555 0 0 0 0
556 0 0 0 0
557 0 0 0 0
558 0 0 0 0
559 0 0 0 0
560 0 0 0 0
561 0 0 0 0
562 0 0 0 0
563 0 0 0 0
564 0 0 0 0
565 0 0 0 0
566 0 0 0 0
567 0 0 0 0
568 0 0 0 0
569 0 0 0 0
570 0 0 0 0
571 0 0 0 0
572 0 0 0 0
573 0 0 0 0
574 0 0 0 0
575 0 0 0 0
576 0 0 0 0
577 0 0 0 0
578 0 0 0 0
579 0 0 0 0
580 0 0 0 0
581 0 0 0 0
582 0 0 0 0
583 0 0 0 0
584 0 0 0 0
585 0 0 0 0
586 0 0 0 0
587 0 0 0 0
588 0 0 0 0
589 0 0 0 0
590 0 0 0 0
591 0 0 0 0
592 0 0 0 0
593 0 0 0 0
594 0 0 0 0
595 0 0 0 0
596 0 0 0 0
597 0 0 0 0
598 0 0 0 0
599 0 0 0 0
600 0 0 0 0
601 0 0 0 0
602 0 0 0 0
603 0 0 0 0
604 0 0 0 0
605 0 0 0 0
606 0 0 0 0
607 0 0 0 0
608 0 0 0 0
609 0 0 0 0
610 0 0 0 0
611 0 0 0 0
612 0 0 0 0
613 0 0 0 0
614 0 0 0 0
615 0 0 0 0
616 0 0 0 0
617 0 0 0 0
618 0 0 0 0
619 0 0 0 0
620 0 0 0 0
621 0 0 0 0
622 0 0 0 0
623 0 0 0 0
624 0 0 0 0
625 0 0 0 0
626 0 0 0 0
627 0 0 0 0
628 0 0 0 0
629 0 0 0 0
630 0 0 0 0
631 0 0 0 0
632 0 0 0 0
633 0 0 0 0
634 0 0 0 0
635 0 0 0 0
636 0 0 0 0
637 0 0 0 0
638 0 0 0 0
639 0 0 0 0
640 0 0 0 0
641 0 0 0 0
642 0 0 0 0
643 0 0 0 0
644 0 0 0 0
645 0 0 0 0
646 0 0 0 0
647 0 0 0 0
648 0 0 0 0
649 0 0 0 0
650 0 0 0 0
651 0 0 0 0
652 0 0 0 0
653 0 0 0 0
654 0 0 0 0
655 0 0 0 0
656 0 0 0 0
657 0 0 0 0
658 0 0 0 0
659 0 0 0 0
660 0 0 0 0
661 0 0 0 0
662 0 0 0 0
663 0 0 0 0
664 0 0 0 0
665 0 0 0 0
666 0 0 0 0
667 0 0 0 0
668 0 0 0 0
669 0 0 0 0
670 0 0 0 0
671 0 0 0 0
672 0 0 0 0
673 0 0 0 0
674 0 0 0 0
675 0 0 0 0
676 0 0 0 0
677 0 0 0 0
678 0 0 0 0
679 0 0 0 0
680 0 0 0 0
681 0 0 0 0
682 0 0 0 0
683 0 0 0 0
684 0 0 0 0
685 0 0 0 0
686 0 0 0 0
687 0 0 0 0
688 0 0 0 0
689 0 0 0 0
690 0 0 0 0
691 0 0 0 0
692 0 0 0 0
693 0 0 0 0
694 0 0 0 0
695 0 0 0 0
696 0 0 0 0
697 0 0 0 0
698 0 0 0 0
699 0 0 0 0
700 0 0 0 0
701 0 0 0 0
702 0 0 0 0
703 0 0 0 0
704 0 0 0 0
705 0 0 0 0
706 0 0 0 0
707 0 0 0 0
708 0 0 0 0
709 0 0 0 0
710 0 0 0 0
711 0 0 0 0
712 0 0 0 0
713 0 0 0 0
714 0 0 0 0
715 0 0 0 0
716 0 0 0 0
717 0 0 0 0
718 0 0 0 0
719 0 0 0 0
720 0 0 0 0
721 0 0 0 0
722 0 0 0 0
723 0 0 0 0
724 0 0 0 0
725 0 0 0 0
726 0 0 0 0
727 0 0 0 0
