0 0 0 0 0
1 0 0 0 0
2 0 0 0 0
3 0 0 0 0
4 0 0 0 0
5 0 1 0 0
6 0 1 0 0
7 0 0 0 0
8 0 0 0 0
9 0 2 1 1
10 0 0 0 0
11 0 0 0 0
12 0 0 0 0
13 0 0 0 3
14 0 0 0 0
15 0 0 0 0
16 0 0 0 1
17 0 0 0 0
18 0 0 0 0
19 0 0 0 0
20 0 0 0 0
21 0 0 0 0
22 1 0 0 0
23 1 0 0 0
24 1 0 0 0
25 1 0 0 0
26 0 0 0 0
27 2 1 0 0
28 0 1 0 0
29 0 0 1 0
30 1 1 0 0
31 0 0 0 0
32 0 1 0 1
33 0 0 0 0
34 0 0 0 2
35 0 0 1 0
36 0 1 0 1
37 0 0 0 0
38 1 0 0 0
39 1 0 0 2
40 1 0 0 1
41 0 0 0 0
42 1 0 0 0
43 0 0 0 0
44 0 1 0 0
45 0 1 0 0
46 0 0 0 0
47 1 0 2 0
48 0 0 0 0
49 1 0 0 1
50 0 0 0 0
51 1 0 0 3
52 1 0 0 0
53 2 0 0 0
54 0 0 1 0
55 2 0 0 0
56 0 0 1 0
57 0 0 1 0
58 0 1 0 0
59 0 0 0 0
60 0 0 1 1
61 1 0 0 1
62 2 0 1 1
63 1 0 0 0
64 2 2 0 1
65 2 0 0 0
66 1 0 0 0
67 0 1 0 1
68 1 1 0 1
69 0 0 2 1
70 0 1 1 0
71 1 1 0 1
72 3 0 0 1
73 0 1 0 1
74 0 0 0 1
75 2 1 0 0
76 1 0 1 1
77 0 3 0 2
78 0 0 0 1
79 2 0 0 1
80 4 1 1 2
81 3 1 1 2
82 3 0 0 0
83 3 0 0 0
84 0 1 0 2
85 2 2 0 2
86 2 0 1 0
87 1 2 1 1
88 2 2 2 0
89 0 1 1 2
90 4 1 1 1
91 0 0 0 3
92 2 0 2 2
93 3 0 0 0
94 2 0 0 2
95 0 1 2 2
96 1 1 0 3
97 0 3 1 1
98 0 0 2 0
99 1 0 5 3
100 0 0 0 0
101 1 1 0 1
102 2 1 0 2
103 3 0 0 4
104 1 0 1 3
105 2 0 0 2
106 1 1 0 2
107 3 0 0 0
108 2 0 0 1
109 4 0 0 1
110 5 0 1 1
111 4 1 1 0
112 3 2 2 0
113 1 0 1 0
114 4 5 1 1
115 2 1 2 1
116 2 3 1 2
117 4 2 2 1
118 1 1 0 4
119 2 2 1 2
120 2 3 1 3
121 0 2 0 6
122 3 1 1 4
123 0 2 2 4
124 5 1 1 3
125 2 1 1 2
126 7 1 1 2
127 4 2 1 3
128 3 0 0 3
129 5 0 2 1
130 4 2 0 3
131 9 1 2 2
132 10 1 0 1
133 4 5 2 2
134 6 1 1 1
135 6 3 2 2
136 2 4 3 2
137 5 4 1 4
138 7 0 6 1
139 1 3 3 2
140 4 5 3 8
141 6 4 2 7
142 2 4 0 7
143 7 2 3 8
144 5 3 1 5
145 4 0 2 6
146 3 4 2 5
147 8 5 1 5
148 5 3 2 5
149 6 2 2 4
150 4 2 2 4
151 7 0 0 5
152 7 3 4 4
153 6 3 4 6
154 6 3 1 4
155 5 3 2 2
156 9 4 3 6
157 11 3 3 4
158 5 5 1 3
159 5 3 1 5
160 6 4 4 10
161 7 2 4 3
162 5 5 3 4
163 4 4 2 4
164 7 4 2 10
165 2 7 4 11
166 7 5 4 6
167 3 2 2 4
168 4 1 2 3
169 6 5 1 7
170 6 4 2 8
171 7 5 2 5
172 7 2 2 9
173 9 2 1 11
174 6 3 0 3
175 12 4 4 7
176 9 4 3 2
177 5 2 3 5
178 7 3 3 5
179 11 2 3 6
180 13 6 2 7
181 10 6 2 1
182 9 6 3 8
183 12 3 3 4
184 13 9 5 10
185 10 8 2 7
186 8 3 3 8
187 10 5 1 5
188 14 8 4 8
189 11 7 8 10
190 10 6 3 5
191 7 5 4 11
192 10 5 4 11
193 5 7 7 14
194 7 7 6 12
195 6 8 3 12
196 10 5 4 10
197 10 8 4 10
198 13 4 5 10
199 9 3 4 12
200 12 4 2 11
201 6 6 4 11
202 8 5 2 7
203 9 4 3 7
204 7 7 1 7
205 6 5 5 9
206 6 8 0 5
207 3 6 6 9
208 6 4 6 10
209 7 5 6 9
210 7 5 1 9
211 8 6 2 11
212 8 3 1 12
213 7 6 3 10
214 5 6 1 9
215 5 2 2 9
216 10 2 3 4
217 9 4 4 6
218 6 3 1 4
219 8 4 4 7
220 2 4 3 6
221 5 7 3 11
222 6 6 3 4
223 6 4 1 7
224 3 1 5 10
225 6 0 3 3
226 1 6 4 7
227 3 3 2 3
228 0 2 4 9
229 4 1 2 10
230 4 0 1 9
231 1 4 0 5
232 7 5 0 3
233 3 1 0 8
234 4 2 5 2
235 1 3 1 6
236 4 2 2 3
237 4 5 1 1
238 3 2 0 7
239 5 2 1 3
240 3 0 2 1
241 4 2 0 5
242 2 1 1 3
243 2 4 2 4
244 2 0 2 5
245 2 1 2 3
246 1 5 1 3
247 0 1 1 3
248 1 3 2 1
249 4 3 1 2
250 3 3 0 6
251 4 0 0 3
252 1 0 0 5
253 3 0 0 4
254 1 2 1 4
255 1 0 2 2
256 3 3 0 2
257 3 1 0 1
258 2 2 1 1
259 2 1 1 2
260 1 1 1 2
261 4 2 1 2
262 1 2 0 2
263 2 0 2 2
264 0 0 1 4
265 2 1 0 2
266 1 3 1 0
267 0 1 0 1
268 3 2 1 2
269 0 0 2 3
270 1 2 0 2
271 0 1 0 2
272 0 0 0 1
273 0 0 2 5
274 0 1 1 2
275 0 1 0 3
276 0 0 0 0
277 1 1 0 0
278 1 0 0 1
279 0 0 0 0
280 2 0 0 2
281 2 0 0 2
282 2 1 0 1
283 1 1 0 0
284 0 0 0 0
285 1 1 1 0
286 1 1 0 0
287 0 0 1 1
288 0 0 0 0
289 0 0 0 1
290 0 0 2 1
291 0 0 2 1
292 2 0 1 2
293 1 0 0 0
294 0 0 0 2
295 1 0 0 1
296 0 0 0 1
297 0 1 1 0
298 0 0 1 1
299 1 0 0 0
300 0 0 0 0
301 2 0 0 0
302 0 0 0 1
303 2 0 0 0
304 0 1 1 2
305 0 0 0 0
306 0 1 0 0
307 0 0 0 0
308 1 0 2 1
309 0 0 0 0
310 0 1 0 1
311 0 0 0 1
312 0 0 0 2
313 0 0 0 0
314 0 0 0 0
315 1 0 0 0
316 1 0 0 0
317 0 0 1 1
318 0 0 0 0
319 0 0 0 0
320 0 0 1 0
321 0 1 0 1
322 1 0 0 0
323 0 0 0 0
324 0 0 0 0
325 0 0 0 1
326 1 0 0 0
327 0 0 0 1
328 0 0 0 0
329 0 0 0 0
330 0 0 0 0
331 1 1 0 0
332 0 0 0 0
333 0 0 0 0
334 0 0 1 0
335 0 0 0 0
336 1 1 0 0
337 0 0 0 0
338 0 0 0 1
339 0 0 0 0
340 0 0 0 0
341 0 0 0 1
342 0 0 0 0
343 0 0 0 1
344 0 0 0 0
345 0 1 0 0
346 0 0 0 0
347 0 0 0 0
348 0 0 0 0
349 1 0 0 1
350 0 0 0 0
351 0 0 0 0
352 0 0 0 0
353 0 0 0 0
354 0 0 0 0
355 0 0 0 0
356 0 0 0 0
357 0 0 0 0
358 0 1 0 0
359 1 0 0 0
360 1 0 0 0
361 0 0 0 0
362 0 0 0 0
363 0 0 0 0
364 0 0 1 0
365 0 0 0 1
366 0 0 0 0
367 0 0 0 0
368 0 0 0 0
369 0 1 0 0
370 0 0 0 0
371 0 0 0 1
372 0 0 0 0
373 0 0 0 1
374 0 0 0 0
375 0 0 0 0
376 0 0 0 0
377 0 0 0 0
378 1 0 0 0
379 0 0 0 0
380 0 0 0 0
381 0 0 0 0
382 0 0 0 0
383 0 1 0 0
384 0 0 0 0
385 0 0 0 0
386 0 0 0 0
387 0 0 0 1
388 0 0 0 0
389 0 0 0 0
390 0 0 0 0
391 0 0 0 0
392 0 0 0 0
393 0 0 0 0
394 0 0 0 0
395 0 0 0 0
396 0 0 0 0
397 0 0 0 0
398 0 0 0 0
399 0 0 0 0
400 0 0 0 0
401 0 0 0 0
402 0 0 0 0
403 0 0 0 0
404 0 0 0 0
405 0 0 0 0
406 0 0 0 0
407 0 0 0 0
408 0 0 0 0
409 0 0 0 0
410 0 0 0 0
411 0 0 0 0
412 0 0 0 0
413 0 0 0 0
414 0 0 0 0
415 0 0 0 0
416 0 0 0 0
417 0 0 0 0
418 0 0 0 0
419 0 0 0 0
420 0 0 0 0
421 0 0 0 0
422 0 0 0 0
423 0 0 0 0
424 0 0 0 0
425 0 0 0 0
426 0 0 0 0
427 0 0 0 0
428 0 0 0 0
429 0 0 0 0
430 0 0 0 0
431 0 0 0 0
432 0 0 0 0
433 0 0 0 0
434 0 0 0 0
435 0 0 0 0
436 0 0 0 0
437 0 0 0 0
438 0 0 0 0
439 0 0 0 0
440 0 0 0 0
441 0 0 0 0
442 0 0 0 0
443 0 0 0 0
444 0 0 0 0
445 0 0 0 0
446 0 0 0 0
447 0 0 0 0
448 0 0 0 0
449 0 0 0 0
450 0 0 0 0
451 0 0 0 0
452 0 0 0 0
453 0 0 0 0
454 0 0 0 0
455 0 0 0 0
456 0 0 0 0
457 0 0 0 0
458 0 0 0 0
459 0 0 0 0
460 0 0 0 0
461 0 0 0 0
462 0 0 0 0
463 0 0 0 0
464 0 0 0 0
465 0 0 0 0
466 0 0 0 0
467 0 0 0 0
468 0 0 0 0
469 0 0 0 0
470 0 0 0 0
471 0 0 0 0
472 0 0 0 0
473 0 0 0 0
474 0 0 0 0
475 0 0 0 0
476 0 0 0 0
477 0 0 0 0
478 0 0 0 0
479 0 0 0 0
480 0 0 0 0
481 0 0 0 0
482 0 0 0 0
483 0 0 0 0
484 0 0 0 0
485 0 0 0 0
486 0 0 0 0
487 0 0 0 0
488 0 0 0 0
489 0 0 0 0
490 0 0 0 0
491 0 0 0 0
492 0 0 0 0
493 0 0 0 0
494 0 0 0 0
495 0 0 0 0
496 0 0 0 0
497 0 0 0 0
498 0 0 0 0
499 0 0 0 0
500 0 0 0 0
501 0 0 0 0
502 0 0 0 0
503 0 0 0 0
504 0 0 0 0
505 0 0 0 0
506 0 0 0 0
507 0 0 0 0
508 0 0 0 0
509 0 0 0 0
510 0 0 0 0
511 0 0 0 0
512 0 0 0 0
513 0 0 0 0
514 0 0 0 0
515 0 0 0 0
516 0 0 0 0
517 0 0 0 0
518 0 0 0 0
519 0 0 0 0
520 0 0 0 0
521 0 0 0 0
522 0 0 0 0
523 0 0 0 0
524 0 0 0 0
525 0 0 0 0
526 0 0 0 0
527 0 0 0 0
528 0 0 0 0
529 0 0 0 0
530 0 0 0 0
531 0 0 0 0
532 0 0 0 0
533 0 0 0 0
534 0 0 0 0
535 0 0 0 0
536 0 0 0 0
537 0 0 0 0
538 0 0 0 0
539 0 0 0 0
540 0 0 0 0
541 0 0 0 0
542 0 0 0 0
543 0 0 0 0
544 0 0 0 0
545 0 0 0 0
546 0 0 0 0
547 0 0 0 0
548 0 0 0 0
549 0 0 0 0
550 0 0 0 0
551 0 0 0 0
552 0 0 0 0
553 0 0 0 0
554 0 0 0 0
555 0 0 0 0
556 0 0 0 0
557 0 0 0 0
558 0 0 0 0
559 0 0 0 0
560 0 0 0 0
561 0 0 0 0
562 0 0 0 0
563 0 0 0 0
564 0 0 0 0
565 0 0 0 0
566 0 0 0 0
567 0 0 0 0
568 0 0 0 0
569 0 0 0 0
570 0 0 0 0
571 0 0 0 0
572 0 0 0 0
573 0 0 0 0
574 0 0 0 0
575 0 0 0 0
576 0 0 0 0
577 0 0 0 0
578 0 0 0 0
579 0 0 0 0
580 0 0 0 0
581 0 0 0 0
582 0 0 0 0
583 0 0 0 0
584 0 0 0 0
585 0 0 0 0
586 0 0 0 0
587 0 0 0 0
588 0 0 0 0
589 0 0 0 0
590 0 0 0 0
591 0 0 0 0
592 0 0 0 0
593 0 0 0 0
594 0 0 0 0
595 0 0 0 0
596 0 0 0 0
597 0 0 0 0
598 0 0 0 0
599 0 0 0 0
600 0 0 0 0
601 0 0 0 0
602 0 0 0 0
603 0 0 0 0
604 0 0 0 0
605 0 0 0 0
606 0 0 0 0
607 0 0 0 0
608 0 0 0 0
609 0 0 0 0
610 0 0 0 0
611 0 0 0 0
612 0 0 0 0
613 0 0 0 0
614 0 0 0 0
615 0 0 0 0
616 0 0 0 0
617 0 0 0 0
618 0 0 0 0
619 0 0 0 0
620 0 0 0 0
621 0 0 0 0
622 0 0 0 0
623 0 0 0 0
624 0 0 0 0
625 0 0 0 0
626 0 0 0 0
627 0 0 0 0
628 0 0 0 0
629 0 0 0 0
630 0 0 0 0
631 0 0 0 0
632 0 0 0 0
633 0 0 0 0
634 0 0 0 0
635 0 0 0 0
636 0 0 0 0
637 0 0 0 0
638 0 0 0 0
639 0 0 0 0
640 0 0 0 0
641 0 0 0 0
642 0 0 0 0
643 0 0 0 0
644 0 0 0 0
645 0 0 0 0
646 0 0 0 0
647 0 0 0 0
648 0 0 0 0
649 0 0 0 0
650 0 0 0 0
651 0 0 0 0
652 0 0 0 0
653 0 0 0 0
654 0 0 0 0
655 0 0 0 0
656 0 0 0 0
657 0 0 0 0
658 0 0 0 0
659 0 0 0 0
660 0 0 0 0
661 0 0 0 0
662 0 0 0 0
663 0 0 0 0
664 0 0 0 0
665 0 0 0 0
666 0 0 0 0
667 0 0 0 0
668 0 0 0 0
669 0 0 0 0
670 0 0 0 0
671 0 0 0 0
672 0 0 0 0
673 0 0 0 0
674 0 0 0 0
675 0 0 0 0
676 0 0 0 0
677 0 0 0 0
678 0 0 0 0
679 0 0 0 0
680 0 0 0 0
681 0 0 0 0
682 0 0 0 0
683 0 0 0 0
684 0 0 0 0
685 0 0 0 0
686 0 0 0 0
687 0 0 0 0
688 0 0 0 0
689 0 0 0 0
690 0 0 0 0
691 0 0 0 0
692 0 0 0 0
693 0 0 0 0
694 0 0 0 0
695 0 0 0 0
696 0 0 0 0
697 0 0 0 0
698 0 0 0 0
699 0 0 0 0
700 0 0 0 0
701 0 0 0 0
702 0 0 0 0
703 0 0 0 0
704 0 0 0 0
705 0 0 0 0
706 0 0 0 0
707 0 0 0 0
708 0 0 0 0
709 0 0 0 0
710 0 0 0 0
711 0 0 0 0
712 0 0 0 0
713 0 0 0 0
714 0 0 0 0
715 0 0 0 0
716 0 0 0 0
717 0 0 0 0
718 0 0 0 0
719 0 0 0 0
720 0 0 0 0
721 0 0 0 0
722 0 0 0 0
723 0 0 0 0
724 0 0 0 0
725 0 0 0 0
726 0 0 0 0
727 0 0 0 0
