0 0 0 0 0
1 0 0 0 0
2 0 0 0 0
3 0 0 0 0
4 0 0 0 0
5 0 2 0 0
6 0 1 0 0
7 0 0 0 0
8 0 0 0 0
9 0 1 1 1
10 0 0 0 1
11 0 0 0 0
12 0 0 0 1
13 0 0 0 1
14 0 0 0 0
15 0 0 0 0
16 0 0 0 1
17 0 0 0 0
18 0 0 0 0
19 0 0 0 0
20 0 0 0 0
21 1 0 0 0
22 0 0 0 0
23 0 0 0 0
24 1 0 0 0
25 0 0 0 0
26 0 0 0 0
27 0 0 0 0
28 1 0 0 0
29 0 0 1 0
30 1 1 0 0
31 0 0 0 0
32 0 0 0 0
33 0 1 0 1
34 0 0 0 0
35 0 1 0 0
36 0 0 0 0
37 0 0 0 2
38 0 0 0 0
39 0 0 0 1
40 0 0 0 0
41 0 0 0 0
42 0 0 0 0
43 0 0 0 0
44 0 0 0 0
45 1 0 0 0
46 1 0 0 0
47 2 0 0 0
48 0 0 0 0
49 0 0 0 0
50 0 0 1 0
51 0 0 0 0
52 2 0 0 0
53 0 0 0 0
54 0 0 0 0
55 0 1 0 1
56 1 1 1 0
57 2 0 0 0
58 1 0 0 0
59 0 0 0 0
60 0 0 0 1
61 0 2 0 0
62 0 0 1 1
63 0 1 0 1
64 0 0 0 0
65 0 0 1 1
66 0 1 0 0
67 0 0 0 1
68 0 0 0 1
69 0 0 0 1
70 0 0 0 0
71 0 0 0 0
72 1 0 0 1
73 1 0 0 1
74 0 0 0 0
75 1 0 0 0
76 2 0 0 0
77 1 1 0 0
78 1 0 0 0
79 1 1 0 0
80 3 1 0 0
81 2 0 1 1
82 1 1 0 0
83 1 1 0 1
84 2 0 0 1
85 1 2 1 1
86 0 0 0 1
87 0 0 0 1
88 2 2 0 0
89 2 1 1 1
90 0 1 1 0
91 1 1 0 0
92 1 0 0 3
93 4 3 0 1
94 2 3 0 2
95 2 0 0 1
96 0 0 0 1
97 2 1 0 2
98 1 0 2 3
99 0 0 2 0
100 4 1 2 1
101 1 0 0 1
102 0 2 1 1
103 4 0 1 0
104 3 0 0 3
105 3 1 0 1
106 4 1 0 2
107 2 0 0 2
108 0 1 1 0
109 6 0 4 4
110 1 2 1 0
111 5 3 0 0
112 3 2 0 2
113 2 1 1 3
114 3 4 2 2
115 8 1 0 3
116 2 3 0 3
117 3 0 0 2
118 4 2 1 1
119 3 1 1 2
120 1 6 2 1
121 5 2 2 5
122 1 3 0 2
123 6 1 2 4
124 4 4 0 5
125 4 3 0 3
126 1 5 1 3
127 5 3 0 3
128 6 3 2 3
129 5 2 2 4
130 2 2 2 7
131 5 0 0 7
132 4 3 0 3
133 6 2 3 3
134 7 2 1 3
135 7 1 2 3
136 7 2 2 2
137 5 2 4 4
138 5 4 3 2
139 9 2 1 3
140 17 5 2 3
141 11 1 1 4
142 5 5 0 5
143 3 2 3 5
144 5 4 4 5
145 6 8 10 4
146 11 3 3 4
147 4 3 1 8
148 9 4 3 4
149 12 5 4 15
150 7 5 7 7
151 5 6 3 8
152 5 3 2 6
153 11 3 1 4
154 8 3 4 7
155 8 7 3 10
156 9 2 1 8
157 13 5 2 9
158 10 9 4 7
159 12 2 2 7
160 12 3 4 4
161 17 8 1 10
162 9 5 7 15
163 14 6 7 5
164 15 6 4 4
165 13 10 2 7
166 15 6 5 10
167 12 5 3 13
168 10 6 6 14
169 7 12 3 9
170 10 9 11 11
171 9 5 8 8
172 16 10 3 11
173 11 7 3 14
174 13 5 5 13
175 19 5 4 14
176 15 8 2 14
177 20 8 5 13
178 13 5 4 11
179 14 7 6 8
180 11 7 6 12
181 13 12 4 13
182 16 15 4 9
183 23 12 4 9
184 11 12 7 9
185 21 7 8 18
186 17 7 7 15
187 21 9 6 18
188 18 10 6 19
189 21 9 4 21
190 11 10 5 13
191 20 4 7 13
192 13 17 5 14
193 26 13 6 12
194 14 10 10 13
195 13 12 6 16
196 23 8 11 19
197 18 12 2 20
198 14 17 10 16
199 22 7 2 18
200 14 11 4 17
201 18 11 8 14
202 12 8 11 25
203 14 6 10 13
204 12 14 6 16
205 16 13 8 19
206 23 11 6 12
207 16 7 5 15
208 15 11 6 22
209 14 5 6 26
210 15 11 7 18
211 12 10 6 15
212 15 8 7 16
213 14 8 4 11
214 15 8 5 14
215 12 13 7 15
216 16 9 4 15
217 17 10 8 15
218 10 9 6 16
219 7 10 6 21
220 13 10 2 14
221 14 10 3 20
222 13 7 5 14
223 16 10 1 13
224 11 4 6 13
225 11 11 5 16
226 11 12 9 11
227 8 5 7 12
228 8 9 2 8
229 10 11 3 13
230 4 5 3 17
231 8 5 6 13
232 5 6 5 12
233 4 6 2 22
234 8 6 3 9
235 7 4 2 11
236 5 3 3 9
237 4 6 2 8
238 6 5 3 11
239 6 6 3 7
240 4 4 6 7
241 6 3 4 8
242 3 2 2 7
243 7 1 1 8
244 4 3 4 9
245 5 2 1 10
246 9 4 2 3
247 6 6 1 8
248 4 6 3 9
249 5 3 1 5
250 4 2 2 5
251 3 2 4 7
252 5 1 2 5
253 0 4 0 5
254 1 6 1 4
255 2 5 0 7
256 5 2 3 5
257 4 5 2 3
258 6 0 1 7
259 2 3 0 6
260 2 1 0 5
261 2 0 4 8
262 3 2 2 1
263 1 3 1 3
264 4 1 1 3
265 1 2 1 3
266 2 2 1 4
267 2 1 2 2
268 4 2 0 1
269 1 1 1 4
270 0 0 0 4
271 0 3 0 3
272 0 1 0 2
273 1 2 2 2
274 1 2 0 2
275 1 0 1 4
276 1 1 0 1
277 1 1 2 2
278 0 1 0 3
279 1 0 1 0
280 1 0 0 3
281 1 1 0 1
282 0 0 0 1
283 1 0 0 0
284 1 0 2 2
285 1 0 0 2
286 0 0 1 1
287 0 0 0 0
288 1 0 0 0
289 0 3 0 0
290 0 0 1 1
291 1 0 0 2
292 0 0 1 0
293 1 0 0 3
294 0 0 0 0
295 0 0 0 0
296 0 0 0 0
297 0 1 0 1
298 0 0 0 0
299 0 0 0 1
300 0 1 0 0
301 0 0 0 1
302 0 1 0 0
303 0 0 0 0
304 1 0 0 0
305 0 0 0 0
306 0 0 0 1
307 0 0 0 1
308 0 0 0 0
309 0 0 0 0
310 0 0 0 0
311 1 0 0 0
312 0 0 0 0
313 0 0 1 0
314 0 0 0 0
315 0 0 0 0
316 0 0 0 0
317 0 0 0 1
318 0 0 0 0
319 0 0 0 0
320 0 1 0 0
321 0 0 0 0
322 0 0 0 0
323 0 0 0 0
324 0 0 0 0
325 0 0 0 0
326 0 0 0 0
327 0 0 0 1
328 0 0 0 0
329 0 0 0 0
330 0 0 0 0
331 0 0 0 0
332 0 0 0 0
333 1 0 0 0
334 0 0 0 0
335 0 0 0 0
336 0 0 0 0
337 1 0 0 0
338 0 1 0 0
339 0 0 0 0
340 0 0 0 0
341 0 0 0 0
342 0 0 0 0
343 0 0 0 0
344 0 0 0 0
345 0 0 0 1
346 0 1 0 0
347 0 0 0 0
348 0 0 0 0
349 0 0 0 0
350 0 0 0 1
351 0 0 0 0
352 1 0 0 0
353 0 0 0 0
354 0 0 0 0
355 0 0 0 0
356 0 0 0 0
357 0 0 0 0
358 0 0 0 0
359 0 0 0 0
360 1 0 0 0
361 0 1 0 0
362 1 0 0 0
363 0 0 0 0
364 1 0 0 0
365 1 0 1 1
366 0 0 0 0
367 0 1 0 0
368 0 0 0 0
369 0 0 0 0
370 0 1 1 0
371 1 0 0 1
372 0 0 0 1
373 0 0 0 0
374 0 0 0 1
375 0 0 0 0
376 0 0 0 0
377 0 0 0 1
378 0 0 0 0
379 0 1 0 0
380 1 0 0 0
381 0 0 0 0
382 1 0 0 0
383 0 0 0 1
384 0 0 0 0
385 0 1 0 0
386 0 0 0 0
387 1 1 0 0
388 0 0 0 0
389 0 0 0 0
390 0 0 0 0
391 1 0 0 0
392 0 1 0 1
393 0 0 0 0
394 0 0 0 1
395 0 0 0 0
396 0 0 0 0
397 0 0 0 0
398 0 0 0 0
399 0 0 0 1
400 0 0 1 0
401 0 0 0 0
402 0 0 0 0
403 0 0 0 0
404 1 0 0 1
405 0 0 0 0
406 0 0 0 0
407 0 0 0 0
408 0 0 0 0
409 0 1 0 0
410 0 0 0 0
411 0 0 0 0
412 0 0 0 0
413 1 0 0 0
414 0 0 0 0
415 0 0 0 0
416 1 0 0 1
417 2 0 0 0
418 1 0 0 0
419 0 0 0 0
420 0 0 0 0
421 0 1 0 0
422 0 0 2 0
423 1 1 0 0
424 0 0 0 0
425 0 0 0 1
426 0 1 0 1
427 0 0 0 1
428 0 0 0 0
429 0 0 0 1
430 0 0 0 0
431 0 0 0 0
432 0 1 0 0
433 0 0 0 1
434 0 0 0 0
435 0 0 0 0
436 1 0 0 1
437 1 0 0 0
438 0 0 0 0
439 1 0 0 0
440 0 0 0 0
441 0 1 0 0
442 0 0 0 0
443 0 0 0 0
444 0 0 1 0
445 1 0 0 0
446 0 1 0 0
447 0 0 0 0
448 0 0 0 2
449 0 0 0 0
450 0 0 1 0
451 1 0 0 0
452 0 0 0 0
453 0 0 0 1
454 1 0 0 0
455 1 0 0 0
456 1 0 0 0
457 0 0 0 1
458 0 0 0 0
459 0 0 0 0
460 0 1 0 0
461 0 0 0 0
462 0 0 0 0
463 0 0 1 0
464 0 1 0 0
465 0 0 1 0
466 1 0 0 0
467 0 0 0 1
468 1 0 0 0
469 0 0 0 1
470 0 0 0 1
471 0 0 0 1
472 0 0 0 0
473 0 1 0 0
474 0 0 0 0
475 0 1 0 0
476 0 0 0 0
477 1 0 0 1
478 3 0 0 0
479 1 0 0 0
480 0 0 0 0
481 0 0 0 0
482 0 1 0 1
483 1 1 1 0
484 1 0 1 0
485 0 0 0 0
486 2 0 0 1
487 0 0 1 1
488 0 0 0 1
489 1 0 0 0
490 1 0 0 1
491 1 1 0 0
492 0 0 1 0
493 2 1 0 0
494 2 1 0 1
495 0 1 0 0
496 1 1 0 1
497 1 0 0 1
498 0 0 0 1
499 1 1 1 1
500 1 0 0 0
501 0 1 0 1
502 1 1 1 0
503 2 1 0 3
504 0 0 0 0
505 2 1 0 1
506 1 0 1 1
507 3 0 0 1
508 0 2 0 0
509 1 0 0 1
510 1 0 0 0
511 1 1 0 0
512 2 0 2 1
513 5 0 0 1
514 1 2 1 0
515 1 1 1 3
516 2 1 2 1
517 2 2 0 1
518 2 4 0 1
519 1 0 1 2
520 1 0 0 1
521 0 1 0 4
522 4 2 1 2
523 2 1 1 2
524 2 1 1 0
525 2 0 2 3
526 1 0 0 1
527 0 0 3 2
528 1 1 0 1
529 3 1 0 4
530 0 1 0 0
531 0 1 1 2
532 0 0 1 2
533 0 2 0 1
534 1 1 3 2
535 1 0 0 1
536 0 0 0 1
537 0 0 0 2
538 2 0 0 5
539 2 0 0 0
540 2 0 0 1
541 2 0 0 0
542 1 0 0 0
543 1 2 0 0
544 3 0 1 0
545 2 1 0 0
546 0 2 0 0
547 2 1 1 1
548 1 1 0 2
549 3 3 0 1
550 3 0 0 1
551 1 1 0 0
552 2 1 0 0
553 1 1 1 3
554 1 2 1 2
555 1 1 0 2
556 1 1 3 1
557 1 2 0 0
558 2 1 1 0
559 2 0 3 1
560 1 0 1 5
561 2 0 0 3
562 0 0 0 2
563 0 1 0 2
564 2 1 0 3
565 2 1 0 1
566 1 1 1 2
567 3 1 0 0
568 2 1 0 1
569 2 2 0 1
570 2 2 1 3
571 2 0 1 1
572 3 1 0 1
573 1 0 2 1
574 2 0 1 0
575 0 1 1 0
576 3 1 0 1
577 1 1 1 5
578 3 1 1 2
579 2 0 2 3
580 3 2 0 1
581 0 2 2 1
582 2 1 0 0
583 0 1 0 1
584 2 1 0 2
585 0 1 1 3
586 0 0 0 1
587 1 1 2 2
588 0 1 0 3
589 0 0 2 2
590 2 0 0 0
591 1 1 1 2
592 1 0 0 1
593 1 1 1 2
594 1 0 0 2
595 0 2 0 2
596 2 2 0 0
597 0 0 0 0
598 0 0 0 1
599 1 1 0 1
600 1 0 0 3
601 0 2 1 0
602 2 0 1 1
603 1 0 0 2
604 1 0 0 0
605 1 0 0 2
606 0 0 0 1
607 0 0 2 0
608 0 1 1 1
609 0 1 0 0
610 0 0 1 0
611 0 0 0 2
612 1 0 0 2
613 1 1 0 0
614 0 0 0 1
615 2 0 0 0
616 1 0 0 1
617 0 0 1 1
618 0 0 1 0
619 1 0 0 0
620 0 0 0 0
621 0 0 0 0
622 0 0 0 2
623 0 0 0 0
624 0 3 0 0
625 1 1 0 0
626 0 0 0 0
627 0 0 0 0
628 0 0 0 0
629 1 0 0 0
630 0 0 0 0
631 0 0 0 3
632 1 0 0 1
633 1 0 0 0
634 0 1 0 0
635 0 0 0 0
636 0 0 0 0
637 0 0 0 0
638 0 1 0 0
639 0 0 0 0
640 0 0 0 0
641 0 1 0 1
642 0 1 0 0
643 0 0 0 0
644 0 0 0 0
645 0 0 0 2
646 0 0 0 0
647 0 0 0 0
648 0 0 0 0
649 0 0 0 1
650 0 0 0 0
651 0 0 0 0
652 0 0 0 0
653 0 0 0 0
654 0 0 0 0
655 0 0 0 0
656 0 0 0 0
657 0 0 0 0
658 0 0 0 0
659 0 0 0 0
660 0 0 0 0
661 0 0 0 0
662 0 0 0 0
663 0 0 0 0
664 0 0 0 0
665 0 0 0 0
666 0 0 0 0
667 0 0 0 0
668 0 0 0 0
669 0 0 0 0
670 0 0 0 0
671 0 0 0 0
672 0 0 0 0
673 0 0 0 0
674 0 0 0 0
675 0 0 0 0
676 0 0 0 0
677 0 0 0 0
678 0 0 0 0
679 0 0 0 0
680 0 0 0 0
681 0 0 0 0
682 0 0 0 0
683 0 0 0 0
684 0 0 0 0
685 0 0 0 0
686 0 0 0 0
687 0 0 0 0
688 0 0 0 0
689 0 0 0 0
690 0 0 0 0
691 0 0 0 0
692 0 0 0 0
693 0 0 0 0
694 0 0 0 0
695 0 0 0 0
696 0 0 0 0
697 0 0 0 0
698 0 0 0 0
699 0 0 0 0
700 0 0 0 0
701 0 0 0 0
702 0 0 0 0
703 0 0 0 0
704 0 0 0 0
705 0 0 0 0
706 0 0 0 0
707 0 0 0 0
708 0 0 0 0
709 0 0 0 0
710 0 0 0 0
711 0 0 0 0
712 0 0 0 0
713 0 0 0 0
714 0 0 0 0
715 0 0 0 0
716 0 0 0 0
717 0 0 0 0
718 0 0 0 0
719 0 0 0 0
720 0 0 0 0
721 0 0 0 0
722 0 0 0 0
723 0 0 0 0
724 0 0 0 0
725 0 0 0 0
726 0 0 0 0
727 0 0 0 0
