0 0 0 0 0
1 0 0 0 0
2 0 0 0 0
3 0 0 0 0
4 0 0 0 0
5 0 1 3 0
6 0 0 0 0
7 0 0 0 0
8 0 0 0 0
9 0 0 1 2
10 0 0 0 0
11 0 0 0 0
12 0 0 0 2
13 0 0 0 1
14 0 0 0 0
15 1 0 0 0
16 0 0 0 0
17 0 0 0 0
18 0 0 0 0
19 0 0 0 0
20 1 0 0 0
21 1 0 0 0
22 1 0 0 0
23 1 0 0 0
24 0 1 0 0
25 1 0 1 0
26 1 1 0 0
27 0 1 0 0
28 1 1 0 0
29 1 0 0 1
30 0 0 0 1
31 0 1 0 1
32 0 0 0 1
33 0 1 0 0
34 1 1 1 1
35 0 0 0 0
36 0 0 0 0
37 1 0 0 1
38 0 0 0 3
39 0 1 0 0
40 1 0 0 0
41 2 0 0 0
42 1 0 0 0
43 1 0 0 0
44 0 0 0 0
45 2 0 1 0
46 0 0 1 1
47 0 0 0 0
48 0 1 0 0
49 0 0 0 1
50 0 2 2 0
51 0 1 0 0
52 0 0 0 0
53 1 0 0 2
54 0 0 0 0
55 0 0 0 0
56 0 0 0 0
57 0 0 0 4
58 0 0 0 1
59 0 0 0 0
60 0 0 0 0
61 2 0 0 0
62 1 0 1 0
63 0 0 0 0
64 0 0 0 0
65 1 0 0 0
66 2 1 0 1
67 0 1 0 0
68 0 0 0 0
69 2 0 0 0
70 1 1 0 0
71 1 0 0 0
72 1 1 0 0
73 1 0 0 1
74 0 1 0 2
75 0 1 2 0
76 1 0 0 1
77 0 0 0 0
78 0 1 0 0
79 1 0 0 1
80 0 0 1 0
81 1 0 1 1
82 1 1 0 3
83 0 0 0 0
84 1 0 0 0
85 2 0 1 0
86 2 0 0 0
87 1 0 0 1
88 2 1 0 1
89 1 0 0 2
90 1 2 0 0
91 0 2 0 0
92 1 0 0 0
93 1 1 1 0
94 0 2 0 1
95 0 1 1 2
96 4 0 1 0
97 1 0 1 2
98 0 0 0 2
99 2 0 0 2
100 2 0 0 2
101 1 1 0 1
102 0 1 1 1
103 0 0 0 0
104 0 1 0 0
105 0 1 3 0
106 0 1 0 0
107 1 0 0 0
108 1 1 0 1
109 2 2 0 3
110 2 0 0 1
111 2 0 0 1
112 1 0 0 4
113 0 1 0 0
114 2 2 0 0
115 1 0 1 0
116 0 2 0 2
117 1 0 0 1
118 2 0 0 1
119 1 2 1 0
120 1 1 0 2
121 1 0 1 1
122 1 1 0 1
123 1 1 0 1
124 0 1 1 0
125 1 0 0 1
126 3 0 0 1
127 1 1 0 2
128 0 0 0 1
129 1 0 1 1
130 2 2 0 0
131 2 2 0 2
132 0 2 0 0
133 0 0 0 1
134 1 0 1 2
135 2 3 0 2
136 1 1 1 1
137 1 0 0 0
138 0 0 0 2
139 0 0 0 2
140 0 1 0 0
141 1 1 0 0
142 2 0 0 2
143 0 0 1 2
144 1 2 0 1
145 3 0 0 1
146 0 2 0 0
147 4 1 0 1
148 1 0 0 2
149 2 0 0 0
150 2 1 0 0
151 2 1 0 1
152 2 2 1 0
153 0 0 1 2
154 1 2 1 1
155 0 0 1 0
156 2 3 0 1
157 3 1 1 1
158 5 1 0 3
159 0 0 2 3
160 5 0 0 2
161 6 2 0 2
162 2 0 1 1
163 1 0 3 2
164 3 0 0 1
165 4 1 0 2
166 2 2 2 1
167 3 2 1 2
168 3 0 0 1
169 2 3 3 0
170 8 5 2 4
171 3 1 1 2
172 5 1 1 1
173 3 2 2 6
174 2 2 0 6
175 2 1 4 1
176 0 3 2 3
177 1 3 0 4
178 5 2 1 1
179 3 2 2 3
180 2 0 1 5
181 3 3 0 4
182 2 1 1 5
183 2 1 3 2
184 1 4 0 1
185 7 1 0 4
186 6 3 0 3
187 8 3 1 4
188 9 1 1 3
189 7 2 0 1
190 6 2 1 3
191 8 4 1 6
192 5 2 3 2
193 7 4 1 2
194 8 4 3 2
195 6 3 3 3
196 2 2 7 5
197 4 5 4 4
198 6 5 3 8
199 3 4 3 3
200 3 3 1 5
201 3 1 0 7
202 5 1 3 10
203 2 5 4 7
204 5 2 2 6
205 7 4 0 4
206 1 3 1 7
207 4 1 2 9
208 5 1 2 3
209 7 2 1 3
210 4 2 3 3
211 2 2 3 4
212 3 0 0 3
213 5 4 2 4
214 4 1 5 3
215 5 2 0 4
216 3 2 3 2
217 3 4 1 4
218 4 6 1 7
219 2 4 2 1
220 2 3 1 6
221 3 1 0 6
222 1 3 1 6
223 4 2 0 7
224 1 2 2 4
225 1 1 2 3
226 2 1 1 4
227 2 3 0 3
228 5 2 0 3
229 1 1 1 4
230 3 1 1 2
231 1 1 1 1
232 3 1 3 2
233 4 1 2 3
234 2 0 1 3
235 4 2 1 4
236 1 0 0 2
237 1 2 1 2
238 1 2 0 1
239 1 1 1 3
240 3 2 0 2
241 1 3 0 0
242 1 4 0 2
243 0 0 0 1
244 2 2 1 4
245 1 1 1 4
246 2 1 0 2
247 1 0 1 1
248 2 1 0 3
249 3 1 0 3
250 0 0 1 1
251 3 2 0 2
252 1 1 0 2
253 0 1 1 1
254 0 0 2 1
255 1 2 0 1
256 3 0 0 2
257 3 2 1 0
258 2 0 0 3
259 2 0 0 2
260 1 2 1 2
261 0 2 0 3
262 1 0 2 0
263 2 2 0 0
264 1 0 2 1
265 1 0 0 0
266 1 0 1 2
267 0 1 0 3
268 1 2 1 2
269 0 2 0 0
270 0 1 0 1
271 1 2 0 3
272 0 0 0 1
273 0 0 0 3
274 0 0 0 0
275 0 0 0 3
276 0 0 0 0
277 1 0 1 1
278 0 0 0 1
279 1 0 0 0
280 2 1 0 0
281 1 0 0 0
282 1 0 0 0
283 0 0 0 0
284 2 0 1 1
285 2 2 0 0
286 0 1 0 0
287 1 0 0 1
288 0 0 0 1
289 0 1 0 1
290 0 0 1 0
291 0 1 0 0
292 0 0 0 1
293 0 0 1 2
294 0 1 1 1
295 0 0 0 0
296 0 0 1 0
297 0 0 0 0
298 1 0 0 1
299 0 0 0 0
300 0 0 0 1
301 0 0 0 2
302 0 0 0 0
303 1 0 1 1
304 0 0 0 0
305 0 0 0 0
306 0 0 0 0
307 0 0 0 1
308 0 0 0 0
309 1 0 0 0
310 0 0 0 0
311 0 0 0 0
312 0 0 1 0
313 0 0 0 0
314 0 1 0 0
315 0 0 0 0
316 0 0 0 0
317 0 0 0 0
318 0 0 0 1
319 0 0 0 1
320 0 0 0 0
321 0 0 0 0
322 0 0 0 0
323 0 0 0 0
324 0 0 0 0
325 0 0 0 0
326 0 0 0 0
327 0 0 0 0
328 0 0 0 0
329 0 0 0 0
330 0 0 0 0
331 0 0 0 0
332 0 0 0 0
333 0 0 0 0
334 0 0 0 0
335 0 0 0 0
336 0 0 0 0
337 0 0 0 0
338 0 0 0 0
339 0 0 0 0
340 0 0 0 0
341 0 0 0 0
342 0 0 0 0
343 0 0 0 0
344 0 0 0 0
345 0 0 0 0
346 0 0 0 0
347 0 0 0 0
348 0 0 0 0
349 0 0 0 0
350 0 0 0 0
351 0 0 0 0
352 0 0 0 0
353 0 0 0 0
354 0 0 0 0
355 0 0 0 0
356 0 0 0 0
357 0 0 0 0
358 0 0 0 0
359 0 0 0 0
360 0 0 0 0
361 0 0 0 0
362 0 0 0 0
363 0 0 0 0
364 0 0 0 0
365 0 0 0 0
366 0 0 0 0
367 0 0 0 0
368 0 0 0 0
369 0 0 0 0
370 0 0 0 0
371 0 0 0 0
372 0 0 0 0
373 0 0 0 0
374 0 0 0 0
375 0 0 0 0
376 0 0 0 0
377 0 0 0 0
378 0 0 0 0
379 0 0 0 0
380 0 0 0 0
381 0 0 0 0
382 0 0 0 0
383 0 0 0 0
384 0 0 0 0
385 0 0 0 0
386 0 0 0 0
387 0 0 0 0
388 0 0 0 0
389 0 0 0 0
390 0 0 0 0
391 0 0 0 0
392 0 0 0 0
393 0 0 0 0
394 0 0 0 0
395 0 0 0 0
396 0 0 0 0
397 0 0 0 0
398 0 0 0 0
399 0 0 0 0
400 0 0 0 0
401 0 0 0 0
402 0 0 0 0
403 0 0 0 0
404 0 0 0 0
405 0 0 0 0
406 0 0 0 0
407 0 0 0 0
408 0 0 0 0
409 0 0 0 0
410 0 0 0 0
411 0 0 0 0
412 0 0 0 0
413 0 0 0 0
414 0 0 0 0
415 0 0 0 0
416 0 0 0 0
417 0 0 0 0
418 0 0 0 0
419 0 0 0 0
420 0 0 0 0
421 0 0 0 0
422 0 0 0 0
423 0 0 0 0
424 0 0 0 0
425 0 0 0 0
426 0 0 0 0
427 0 0 0 0
428 0 0 0 0
429 0 0 0 0
430 0 0 0 0
431 0 0 0 0
432 0 0 0 0
433 0 0 0 0
434 0 0 0 0
435 0 0 0 0
436 0 0 0 0
437 0 0 0 0
438 0 0 0 0
439 0 0 0 0
440 0 0 0 0
441 0 0 0 0
442 0 0 0 0
443 0 0 0 0
444 0 0 0 0
445 0 0 0 0
446 0 0 0 0
447 0 0 0 0
448 0 0 0 0
449 0 0 0 0
450 0 0 0 0
451 0 0 0 0
452 0 0 0 0
453 0 0 0 0
454 0 0 0 0
455 0 0 0 0
456 0 0 0 0
457 0 0 0 0
458 0 0 0 0
459 0 0 0 0
460 0 0 0 0
461 0 0 0 0
462 0 0 0 0
463 0 0 0 0
464 0 0 0 0
465 0 0 0 0
466 0 0 0 0
467 0 0 0 0
468 0 0 0 0
469 0 0 0 0
470 0 0 0 0
471 0 0 0 0
472 0 0 0 0
473 0 0 0 0
474 0 0 0 0
475 0 0 0 0
476 0 0 0 0
477 0 0 0 0
478 0 0 0 0
479 0 0 0 0
480 0 0 0 0
481 0 0 0 0
482 0 0 0 0
483 0 0 0 0
484 0 0 0 0
485 0 0 0 0
486 0 0 0 0
487 0 0 0 0
488 0 0 0 0
489 0 0 0 0
490 0 0 0 0
491 0 0 0 0
492 0 0 0 0
493 0 0 0 0
494 0 0 0 0
495 0 0 0 0
496 0 0 0 0
497 0 0 0 0
498 0 0 0 0
499 0 0 0 0
500 0 0 0 0
501 0 0 0 0
502 0 0 0 0
503 0 0 0 0
504 0 0 0 0
505 0 0 0 0
506 0 0 0 0
507 0 0 0 0
508 0 0 0 0
509 0 0 0 0
510 0 0 0 0
511 0 0 0 0
512 0 0 0 0
513 0 0 0 0
514 0 0 0 0
515 0 0 0 0
516 0 0 0 0
517 0 0 0 0
518 0 0 0 0
519 0 0 0 0
520 0 0 0 0
521 0 0 0 0
522 0 0 0 0
523 0 0 0 0
524 0 0 0 0
525 0 0 0 0
526 0 0 0 0
527 0 0 0 0
528 0 0 0 0
529 0 0 0 0
530 0 0 0 0
531 0 0 0 0
532 0 0 0 0
533 0 0 0 0
534 0 0 0 0
535 0 0 0 0
536 0 0 0 0
537 0 0 0 0
538 0 0 0 0
539 0 0 0 0
540 0 0 0 0
541 0 0 0 0
542 0 0 0 0
543 0 0 0 0
544 0 0 0 0
545 0 0 0 0
546 0 0 0 0
547 0 0 0 0
548 0 0 0 0
549 0 0 0 0
550 0 0 0 0
551 0 0 0 0
552 0 0 0 0
553 0 0 0 0
554 0 0 0 0
555 0 0 0 0
556 0 0 0 0
557 0 0 0 0
558 0 0 0 0
559 0 0 0 0
560 0 0 0 0
561 0 0 0 0
562 0 0 0 0
563 0 0 0 0
564 0 0 0 0
565 0 0 0 0
566 0 0 0 0
567 0 0 0 0
568 0 0 0 0
569 0 0 0 0
570 0 0 0 0
571 0 0 0 0
572 0 0 0 0
573 0 0 0 0
574 0 0 0 0
575 0 0 0 0
576 0 0 0 0
577 0 0 0 0
578 0 0 0 0
579 0 0 0 0
580 0 0 0 0
581 0 0 0 0
582 0 0 0 0
583 0 0 0 0
584 0 0 0 0
585 0 0 0 0
586 0 0 0 0
587 0 0 0 0
588 0 0 0 0
589 0 0 0 0
590 0 0 0 0
591 0 0 0 0
592 0 0 0 0
593 0 0 0 0
594 0 0 0 0
595 0 0 0 0
596 0 0 0 0
597 0 0 0 0
598 0 0 0 0
599 0 0 0 0
600 0 0 0 0
601 0 0 0 0
602 0 0 0 0
603 0 0 0 0
604 0 0 0 0
605 0 0 0 0
606 0 0 0 0
607 0 0 0 0
608 0 0 0 0
609 0 0 0 0
610 0 0 0 0
611 0 0 0 0
612 0 0 0 0
613 0 0 0 0
614 0 0 0 0
615 0 0 0 0
616 0 0 0 0
617 0 0 0 0
618 0 0 0 0
619 0 0 0 0
620 0 0 0 0
621 0 0 0 0
622 0 0 0 0
623 0 0 0 0
624 0 0 0 0
625 0 0 0 0
626 0 0 0 0
627 0 0 0 0
628 0 0 0 0
629 0 0 0 0
630 0 0 0 0
631 0 0 0 0
632 0 0 0 0
633 0 0 0 0
634 0 0 0 0
635 0 0 0 0
636 0 0 0 0
637 0 0 0 0
638 0 0 0 0
639 0 0 0 0
640 0 0 0 0
641 0 0 0 0
642 0 0 0 0
643 0 0 0 0
644 0 0 0 0
645 0 0 0 0
646 0 0 0 0
647 0 0 0 0
648 0 0 0 0
649 0 0 0 0
650 0 0 0 0
651 0 0 0 0
652 0 0 0 0
653 0 0 0 0
654 0 0 0 0
655 0 0 0 0
656 0 0 0 0
657 0 0 0 0
658 0 0 0 0
659 0 0 0 0
660 0 0 0 0
661 0 0 0 0
662 0 0 0 0
663 0 0 0 0
664 0 0 0 0
665 0 0 0 0
666 0 0 0 0
667 0 0 0 0
668 0 0 0 0
669 0 0 0 0
670 0 0 0 0
671 0 0 0 0
672 0 0 0 0
673 0 0 0 0
674 0 0 0 0
675 0 0 0 0
676 0 0 0 0
677 0 0 0 0
678 0 0 0 0
679 0 0 0 0
680 0 0 0 0
681 0 0 0 0
682 0 0 0 0
683 0 0 0 0
684 0 0 0 0
685 0 0 0 0
686 0 0 0 0
687 0 0 0 0
688 0 0 0 0
689 0 0 0 0
690 0 0 0 0
691 0 0 0 0
692 0 0 0 0
693 0 0 0 0
694 0 0 0 0
695 0 0 0 0
696 0 0 0 0
697 0 0 0 0
698 0 0 0 0
699 0 0 0 0
700 0 0 0 0
701 0 0 0 0
702 0 0 0 0
703 0 0 0 0
704 0 0 0 0
705 0 0 0 0
706 0 0 0 0
707 0 0 0 0
708 0 0 0 0
709 0 0 0 0
710 0 0 0 0
711 0 0 0 0
712 0 0 0 0
713 0 0 0 0
714 0 0 0 0
715 0 0 0 0
716 0 0 0 0
717 0 0 0 0
718 0 0 0 0
719 0 0 0 0
720 0 0 0 0
721 0 0 0 0
722 0 0 0 0
723 0 0 0 0
724 0 0 0 0
725 0 0 0 0
726 0 0 0 0
727 0 0 0 0
