0 0 0 0 0
1 0 0 0 0
2 0 0 0 0
3 0 0 0 0
4 0 0 0 0
5 0 3 0 0
6 0 1 0 0
7 0 0 0 0
8 0 0 0 0
9 0 0 1 2
10 0 0 0 1
11 0 0 0 0
12 0 0 0 1
13 0 0 0 0
14 0 0 0 0
15 0 0 0 0
16 0 0 0 1
17 1 0 0 0
18 0 0 0 0
19 4 0 0 0
20 1 0 0 0
21 2 0 0 0
22 1 0 0 0
23 0 0 0 0
24 0 1 3 0
25 2 0 0 0
26 1 1 2 0
27 1 0 1 0
28 0 0 0 3
29 0 1 0 0
30 0 1 0 1
31 0 0 1 2
32 1 0 1 0
33 1 0 0 2
34 0 1 0 2
35 0 0 0 1
36 2 0 0 1
37 0 1 0 0
38 1 0 1 1
39 2 0 0 0
40 1 0 0 0
41 1 0 0 0
42 1 0 0 1
43 2 0 1 0
44 2 1 0 1
45 3 0 3 0
46 4 0 1 0
47 1 0 0 1
48 1 2 0 1
49 0 1 0 2
50 2 2 1 1
51 2 1 1 0
52 2 1 0 1
53 2 1 0 1
54 1 0 1 1
55 2 2 1 2
56 1 0 3 1
57 1 0 1 4
58 4 2 0 0
59 1 2 0 3
60 4 0 0 2
61 1 1 2 3
62 4 0 1 1
63 3 3 1 1
64 3 1 0 1
65 3 0 1 3
66 6 3 0 1
67 2 1 2 3
68 5 2 1 2
69 3 1 1 2
70 5 1 1 4
71 4 2 1 2
72 1 3 0 1
73 4 3 2 2
74 5 1 1 2
75 3 4 2 4
76 2 2 1 2
77 3 2 2 1
78 3 6 1 3
79 4 3 0 6
80 3 2 1 6
81 2 1 1 2
82 3 1 1 3
83 5 3 2 4
84 2 3 1 3
85 5 2 0 6
86 2 2 1 2
87 4 1 1 6
88 6 1 3 5
89 4 3 1 2
90 5 3 1 2
91 3 1 1 2
92 3 1 1 4
93 7 4 2 6
94 5 4 2 1
95 6 1 3 2
96 5 3 1 2
97 5 0 1 7
98 7 5 1 6
99 4 3 1 0
100 7 3 1 4
101 10 3 1 1
102 5 5 0 6
103 5 4 4 3
104 10 2 3 3
105 8 4 4 8
106 9 5 0 3
107 11 6 0 8
108 14 3 3 4
109 17 8 2 10
110 10 7 3 5
111 7 4 3 7
112 13 5 3 4
113 5 6 2 8
114 7 7 4 4
115 3 7 3 7
116 12 7 6 6
117 10 7 6 12
118 10 10 5 10
119 12 4 4 5
120 6 2 2 11
121 7 10 4 13
122 7 3 3 19
123 13 6 4 9
124 15 5 2 6
125 20 2 4 10
126 10 8 3 10
127 18 3 5 10
128 22 9 4 11
129 15 8 4 6
130 11 11 4 12
131 19 3 3 9
132 17 6 10 4
133 21 11 8 12
134 12 9 8 14
135 12 5 7 14
136 16 9 10 14
137 15 14 4 16
138 14 10 3 13
139 13 11 6 11
140 18 5 7 13
141 11 8 7 19
142 10 12 4 14
143 16 8 5 19
144 16 8 7 11
145 18 9 6 14
146 9 9 7 21
147 16 8 4 13
148 19 6 8 15
149 24 9 7 12
150 16 6 5 11
151 13 6 3 20
152 15 7 9 15
153 17 11 11 18
154 20 13 9 10
155 26 9 4 12
156 18 15 2 16
157 17 6 3 17
158 20 11 10 12
159 23 8 9 14
160 26 12 7 15
161 22 14 7 19
162 25 11 3 21
163 16 13 8 16
164 20 17 9 15
165 19 14 13 21
166 22 11 8 18
167 21 10 10 14
168 23 9 9 20
169 23 16 6 30
170 17 13 7 24
171 24 14 10 22
172 19 13 7 14
173 14 15 5 17
174 21 15 7 22
175 22 12 5 25
176 24 12 10 22
177 27 17 6 19
178 32 15 6 22
179 33 9 9 17
180 26 13 9 23
181 25 11 8 22
182 30 9 8 21
183 31 14 18 18
184 28 21 9 25
185 17 15 11 19
186 20 11 13 18
187 30 17 12 21
188 23 17 12 24
189 29 11 13 27
190 24 13 8 28
191 41 13 11 34
192 24 23 9 25
193 28 20 15 26
194 25 16 8 20
195 32 14 10 26
196 26 25 14 28
197 26 9 13 27
198 28 9 17 25
199 31 14 8 29
200 35 18 9 39
201 23 15 7 25
202 32 25 11 23
203 26 19 6 26
204 19 25 14 23
205 24 14 17 28
206 17 14 10 27
207 24 17 18 25
208 25 20 10 29
209 21 13 10 40
210 18 13 5 28
211 17 8 9 42
212 19 11 10 22
213 14 21 6 27
214 9 17 6 23
215 16 8 10 24
216 14 13 8 15
217 14 10 10 18
218 10 9 13 26
219 8 8 5 25
220 15 8 7 27
221 11 12 7 17
222 10 7 3 20
223 9 7 3 15
224 10 4 7 20
225 9 7 7 19
226 12 8 7 14
227 8 8 3 9
228 10 8 1 13
229 4 7 6 13
230 14 7 2 14
231 8 8 3 10
232 10 5 1 12
233 6 5 8 17
234 7 1 7 9
235 8 7 10 10
236 4 3 3 5
237 7 4 2 13
238 2 2 0 10
239 7 7 1 12
240 5 9 3 11
241 4 4 2 7
242 2 8 0 7
243 3 6 1 9
244 3 4 2 7
245 5 4 0 3
246 4 4 1 6
247 1 1 0 12
248 7 4 1 6
249 3 2 4 6
250 7 2 3 4
251 3 3 0 4
252 2 2 1 7
253 4 2 2 5
254 3 0 3 2
255 1 5 1 1
256 3 1 2 5
257 3 2 2 6
258 2 4 2 5
259 2 4 1 6
260 1 0 1 3
261 3 3 1 3
262 0 2 0 5
263 1 1 1 4
264 3 1 1 0
265 2 0 0 9
266 1 0 1 3
267 0 1 0 1
268 2 0 0 2
269 0 0 4 1
270 0 3 2 3
271 1 0 0 1
272 2 1 0 0
273 1 1 0 2
274 1 0 0 2
275 1 1 0 0
276 0 0 0 3
277 1 0 1 4
278 0 0 0 0
279 0 0 0 0
280 1 1 0 0
281 0 2 0 1
282 0 1 0 1
283 0 0 1 0
284 0 0 1 1
285 0 0 1 0
286 1 1 0 1
287 1 0 0 1
288 0 0 0 2
289 0 0 0 2
290 0 0 0 0
291 1 0 0 0
292 0 0 0 0
293 0 0 0 1
294 0 0 0 0
295 0 1 0 0
296 1 0 2 0
297 1 0 0 0
298 0 0 0 0
299 0 0 0 1
300 0 0 0 1
301 0 1 0 0
302 0 1 0 0
303 0 0 0 1
304 0 0 0 0
305 0 0 0 1
306 0 0 0 1
307 0 0 0 0
308 0 0 0 0
309 0 0 0 0
310 0 0 0 0
311 0 0 0 0
312 0 0 0 0
313 0 0 0 0
314 0 0 0 0
315 0 0 0 0
316 0 0 0 0
317 0 0 0 0
318 0 0 0 0
319 0 0 0 0
320 0 0 0 0
321 0 0 0 0
322 0 0 0 0
323 0 0 0 0
324 0 0 0 0
325 0 0 0 0
326 0 0 0 0
327 0 0 0 0
328 0 0 0 0
329 0 0 0 0
330 0 0 0 0
331 0 0 0 0
332 0 0 0 0
333 0 0 0 0
334 0 0 0 0
335 0 0 0 0
336 0 0 0 0
337 0 0 0 0
338 0 0 0 0
339 0 0 0 0
340 0 0 0 0
341 0 0 0 0
342 0 0 0 0
343 0 0 0 0
344 0 0 0 0
345 0 0 0 0
346 0 0 0 0
347 0 0 0 0
348 0 0 0 0
349 0 0 0 0
350 0 0 0 0
351 0 0 0 0
352 0 0 0 0
353 0 0 0 0
354 0 0 0 0
355 0 0 0 0
356 0 0 0 0
357 0 0 0 0
358 0 0 0 0
359 0 0 0 0
360 0 0 0 0
361 0 0 0 0
362 0 0 0 0
363 0 0 0 0
364 0 0 0 0
365 0 0 0 0
366 0 0 0 0
367 0 0 0 0
368 0 0 0 0
369 0 0 0 0
370 0 0 0 0
371 0 0 0 0
372 0 0 0 0
373 0 0 0 0
374 0 0 0 0
375 0 0 0 0
376 0 0 0 0
377 0 0 0 0
378 0 0 0 0
379 0 0 0 0
380 0 0 0 0
381 0 0 0 0
382 0 0 0 0
383 0 0 0 0
384 0 0 0 0
385 0 0 0 0
386 0 0 0 0
387 0 0 0 0
388 0 0 0 0
389 0 0 0 0
390 0 0 0 0
391 0 0 0 0
392 0 0 0 0
393 0 0 0 0
394 0 0 0 0
395 0 0 0 0
396 0 0 0 0
397 0 0 0 0
398 0 0 0 0
399 0 0 0 0
400 0 0 0 0
401 0 0 0 0
402 0 0 0 0
403 0 0 0 0
404 0 0 0 0
405 0 0 0 0
406 0 0 0 0
407 0 0 0 0
408 0 0 0 0
409 0 0 0 0
410 0 0 0 0
411 0 0 0 0
412 0 0 0 0
413 0 0 0 0
414 0 0 0 0
415 0 0 0 0
416 0 0 0 0
417 0 0 0 0
418 0 0 0 0
419 0 0 0 0
420 0 0 0 0
421 0 0 0 0
422 0 0 0 0
423 0 0 0 0
424 0 0 0 0
425 0 0 0 0
426 0 0 0 0
427 0 0 0 0
428 0 0 0 0
429 0 0 0 0
430 0 0 0 0
431 0 0 0 0
432 0 0 0 0
433 0 0 0 0
434 0 0 0 0
435 0 0 0 0
436 0 0 0 0
437 0 0 0 0
438 0 0 0 0
439 0 0 0 0
440 0 0 0 0
441 0 0 0 0
442 0 0 0 0
443 0 0 0 0
444 0 0 0 0
445 0 0 0 0
446 0 0 0 0
447 0 0 0 0
448 0 0 0 0
449 0 0 0 0
450 0 0 0 0
451 0 0 0 0
452 0 0 0 0
453 0 0 0 0
454 0 0 0 0
455 0 0 0 0
456 0 0 0 0
457 0 0 0 0
458 0 0 0 0
459 0 0 0 0
460 0 0 0 0
461 0 0 0 0
462 0 0 0 0
463 0 0 0 0
464 0 0 0 0
465 0 0 0 0
466 0 0 0 0
467 0 0 0 0
468 0 0 0 0
469 0 0 0 0
470 0 0 0 0
471 0 0 0 0
472 0 0 0 0
473 0 0 0 0
474 0 0 0 0
475 0 0 0 0
476 0 0 0 0
477 0 0 0 0
478 0 0 0 0
479 0 0 0 0
480 0 0 0 0
481 0 0 0 0
482 0 0 0 0
483 0 0 0 0
484 0 0 0 0
485 0 0 0 0
486 0 0 0 0
487 0 0 0 0
488 0 0 0 0
489 0 0 0 0
490 0 0 0 0
491 0 0 0 0
492 0 0 0 0
493 0 0 0 0
494 0 0 0 0
495 0 0 0 0
496 0 0 0 0
497 0 0 0 0
498 0 0 0 0
499 0 0 0 0
500 0 0 0 0
501 0 0 0 0
502 0 0 0 0
503 0 0 0 0
504 0 0 0 0
505 0 0 0 0
506 0 0 0 0
507 0 0 0 0
508 0 0 0 0
509 0 0 0 0
510 0 0 0 0
511 0 0 0 0
512 0 0 0 0
513 0 0 0 0
514 0 0 0 0
515 0 0 0 0
516 0 0 0 0
517 0 0 0 0
518 0 0 0 0
519 0 0 0 0
520 0 0 0 0
521 0 0 0 0
522 0 0 0 0
523 0 0 0 0
524 0 0 0 0
525 0 0 0 0
526 0 0 0 0
527 0 0 0 0
528 0 0 0 0
529 0 0 0 0
530 0 0 0 0
531 0 0 0 0
532 0 0 0 0
533 0 0 0 0
534 0 0 0 0
535 0 0 0 0
536 0 0 0 0
537 0 0 0 0
538 0 0 0 0
539 0 0 0 0
540 0 0 0 0
541 0 0 0 0
542 0 0 0 0
543 0 0 0 0
544 0 0 0 0
545 0 0 0 0
546 0 0 0 0
547 0 0 0 0
548 0 0 0 0
549 0 0 0 0
550 0 0 0 0
551 0 0 0 0
552 0 0 0 0
553 0 0 0 0
554 0 0 0 0
555 0 0 0 0
556 0 0 0 0
557 0 0 0 0
558 0 0 0 0
559 0 0 0 0
560 0 0 0 0
561 0 0 0 0
562 0 0 0 0
563 0 0 0 0
564 0 0 0 0
565 0 0 0 0
566 0 0 0 0
567 0 0 0 0
568 0 0 0 0
569 0 0 0 0
570 0 0 0 0
571 0 0 0 0
572 0 0 0 0
573 0 0 0 0
574 0 0 0 0
575 0 0 0 0
576 0 0 0 0
577 0 0 0 0
578 0 0 0 0
579 0 0 0 0
580 0 0 0 0
581 0 0 0 0
582 0 0 0 0
583 0 0 0 0
584 0 0 0 0
585 0 0 0 0
586 0 0 0 0
587 0 0 0 0
588 0 0 0 0
589 0 0 0 0
590 0 0 0 0
591 0 0 0 0
592 0 0 0 0
593 0 0 0 0
594 0 0 0 0
595 0 0 0 0
596 0 0 0 0
597 0 0 0 0
598 0 0 0 0
599 0 0 0 0
600 0 0 0 0
601 0 0 0 0
602 0 0 0 0
603 0 0 0 0
604 0 0 0 0
605 0 0 0 0
606 0 0 0 0
607 0 0 0 0
608 0 0 0 0
609 0 0 0 0
610 0 0 0 0
611 0 0 0 0
612 0 0 0 0
613 0 0 0 0
614 0 0 0 0
615 0 0 0 0
616 0 0 0 0
617 0 0 0 0
618 0 0 0 0
619 0 0 0 0
620 0 0 0 0
621 0 0 0 0
622 0 0 0 0
623 0 0 0 0
624 0 0 0 0
625 0 0 0 0
626 0 0 0 0
627 0 0 0 0
628 0 0 0 0
629 0 0 0 0
630 0 0 0 0
631 0 0 0 0
632 0 0 0 0
633 0 0 0 0
634 0 0 0 0
635 0 0 0 0
636 0 0 0 0
637 0 0 0 0
638 0 0 0 0
639 0 0 0 0
640 0 0 0 0
641 0 0 0 0
642 0 0 0 0
643 0 0 0 0
644 0 0 0 0
645 0 0 0 0
646 0 0 0 0
647 0 0 0 0
648 0 0 0 0
649 0 0 0 0
650 0 0 0 0
651 0 0 0 0
652 0 0 0 0
653 0 0 0 0
654 0 0 0 0
655 0 0 0 0
656 0 0 0 0
657 0 0 0 0
658 0 0 0 0
659 0 0 0 0
660 0 0 0 0
661 0 0 0 0
662 0 0 0 0
663 0 0 0 0
664 0 0 0 0
665 0 0 0 0
666 0 0 0 0
667 0 0 0 0
668 0 0 0 0
669 0 0 0 0
670 0 0 0 0
671 0 0 0 0
672 0 0 0 0
673 0 0 0 0
674 0 0 0 0
675 0 0 0 0
676 0 0 0 0
677 0 0 0 0
678 0 0 0 0
679 0 0 0 0
680 0 0 0 0
681 0 0 0 0
682 0 0 0 0
683 0 0 0 0
684 0 0 0 0
685 0 0 0 0
686 0 0 0 0
687 0 0 0 0
688 0 0 0 0
689 0 0 0 0
690 0 0 0 0
691 0 0 0 0
692 0 0 0 0
693 0 0 0 0
694 0 0 0 0
695 0 0 0 0
696 0 0 0 0
697 0 0 0 0
698 0 0 0 0
699 0 0 0 0
700 0 0 0 0
701 0 0 0 0
702 0 0 0 0
703 0 0 0 0
704 0 0 0 0
705 0 0 0 0
706 0 0 0 0
707 0 0 0 0
708 0 0 0 0
709 0 0 0 0
710 0 0 0 0
711 0 0 0 0
712 0 0 0 0
713 0 0 0 0
714 0 0 0 0
715 0 0 0 0
716 0 0 0 0
717 0 0 0 0
718 0 0 0 0
719 0 0 0 0
720 0 0 0 0
721 0 0 0 0
722 0 0 0 0
723 0 0 0 0
724 0 0 0 0
725 0 0 0 0
726 0 0 0 0
727 0 0 0 0
