0 0 0 0 0
1 0 0 0 0
2 0 0 0 0
3 0 0 0 0
4 0 0 0 0
5 0 0 2 0
6 0 0 0 0
7 0 0 0 0
8 0 0 0 0
9 0 0 3 2
10 0 0 0 0
11 0 0 0 0
12 0 0 0 0
13 0 0 0 1
14 0 0 0 0
15 0 0 0 0
16 0 0 0 2
17 0 0 0 0
18 0 0 0 0
19 0 0 0 0
20 0 0 0 0
21 1 0 0 0
22 1 0 0 0
23 2 0 0 0
24 2 0 0 0
25 2 0 0 0
26 1 0 1 0
27 0 0 1 0
28 1 0 0 0
29 0 1 0 0
30 1 0 0 0
31 0 0 1 1
32 0 2 0 0
33 0 0 2 2
34 0 0 2 0
35 1 0 0 1
36 0 0 0 1
37 0 0 0 0
38 1 0 0 1
39 0 0 1 1
40 0 1 0 2
41 1 0 0 1
42 0 0 0 0
43 1 1 0 0
44 0 0 0 0
45 1 0 0 0
46 0 0 0 1
47 0 0 0 1
48 2 0 0 0
49 2 0 0 0
50 2 1 0 1
51 0 0 0 0
52 2 1 0 0
53 3 1 0 0
54 1 1 2 0
55 2 0 1 0
56 2 0 0 0
57 0 1 1 1
58 1 1 0 2
59 0 1 0 1
60 0 0 0 1
61 0 0 2 2
62 1 2 0 2
63 0 1 0 0
64 0 1 1 1
65 0 1 0 2
66 0 0 0 3
67 1 0 1 0
68 0 0 0 0
69 1 0 0 1
70 0 0 0 1
71 1 1 0 3
72 2 1 0 0
73 0 0 0 0
74 1 0 1 0
75 2 0 0 1
76 2 0 1 0
77 2 0 1 0
78 2 0 0 1
79 2 0 1 1
80 3 1 0 0
81 1 1 0 1
82 4 1 0 0
83 2 0 0 1
84 1 2 0 1
85 2 3 1 1
86 1 0 2 2
87 5 4 2 0
88 1 1 2 2
89 0 0 1 2
90 0 1 0 0
91 0 0 0 4
92 1 0 2 2
93 3 0 2 1
94 4 0 1 4
95 2 0 1 3
96 2 2 1 0
97 1 1 0 2
98 1 1 1 1
99 0 1 0 2
100 2 1 0 3
101 2 0 1 1
102 2 1 1 4
103 1 3 2 1
104 0 0 0 0
105 2 2 1 1
106 4 1 1 1
107 5 0 0 4
108 3 0 0 0
109 3 0 0 4
110 3 0 0 3
111 2 1 4 0
112 5 1 1 0
113 3 1 2 1
114 4 1 3 0
115 3 2 1 2
116 3 3 1 1
117 1 0 2 1
118 2 2 1 4
119 3 2 2 2
120 3 2 1 4
121 3 3 2 5
122 4 0 1 4
123 3 0 1 4
124 2 2 1 1
125 4 2 3 4
126 2 1 0 2
127 4 4 1 2
128 4 1 0 3
129 2 1 1 4
130 6 3 1 2
131 1 0 4 3
132 5 1 1 3
133 3 0 3 1
134 9 2 3 4
135 2 5 0 4
136 7 3 0 3
137 6 0 4 5
138 3 1 2 3
139 4 5 1 1
140 4 1 1 1
141 9 5 3 7
142 5 1 1 6
143 5 4 3 4
144 4 1 0 2
145 5 4 2 7
146 10 5 5 6
147 5 1 0 7
148 3 1 4 1
149 7 1 1 6
150 6 5 1 6
151 8 7 3 2
152 7 4 1 2
153 9 5 1 6
154 11 3 2 4
155 9 4 4 9
156 3 6 3 5
157 8 5 0 2
158 10 4 6 8
159 6 7 5 5
160 9 2 3 11
161 9 2 1 5
162 6 3 3 8
163 10 1 5 9
164 11 3 8 5
165 9 4 2 8
166 10 7 2 11
167 13 5 2 5
168 9 3 1 6
169 14 7 4 5
170 15 4 7 9
171 14 7 4 10
172 11 12 3 4
173 13 6 4 12
174 7 8 4 8
175 18 7 6 9
176 17 7 6 10
177 8 6 4 13
178 18 9 7 10
179 11 5 3 16
180 14 9 7 8
181 12 13 5 12
182 16 4 3 15
183 14 11 8 13
184 10 8 4 14
185 16 7 7 15
186 13 6 3 4
187 13 6 5 15
188 14 10 6 17
189 16 4 3 17
190 12 6 7 17
191 24 15 4 10
192 23 7 4 9
193 23 9 8 5
194 21 7 8 13
195 16 13 1 21
196 12 11 7 6
197 19 13 5 15
198 21 13 10 18
199 12 7 8 16
200 18 17 4 18
201 9 8 7 13
202 10 9 8 21
203 15 14 3 12
204 7 8 8 25
205 10 9 6 18
206 16 8 5 21
207 16 13 3 15
208 18 7 7 16
209 8 7 5 15
210 15 9 3 14
211 7 5 8 15
212 7 9 6 13
213 9 12 4 16
214 14 4 4 15
215 9 9 9 14
216 10 7 4 14
217 7 5 7 15
218 11 2 4 7
219 13 9 7 14
220 9 1 5 15
221 11 1 9 13
222 8 7 3 12
223 5 4 5 10
224 3 10 5 8
225 7 6 4 7
226 11 1 4 14
227 9 7 3 7
228 5 3 5 15
229 5 3 3 11
230 7 4 5 8
231 4 8 3 8
232 6 4 3 9
233 4 1 3 4
234 3 3 3 13
235 5 3 2 8
236 6 3 1 6
237 8 1 2 6
238 5 0 4 9
239 2 3 5 8
240 3 3 2 3
241 3 7 1 3
242 2 5 1 4
243 5 1 1 6
244 2 3 3 6
245 2 4 1 4
246 1 4 1 7
247 2 4 2 2
248 2 2 2 8
249 2 1 0 4
250 2 1 1 4
251 3 1 0 8
252 1 1 1 5
253 3 2 0 3
254 5 1 1 3
255 2 2 0 4
256 2 2 2 2
257 2 0 1 3
258 2 2 1 0
259 2 2 0 2
260 1 1 1 3
261 3 2 0 2
262 3 0 2 1
263 3 1 3 1
264 1 0 3 3
265 2 0 2 5
266 0 1 2 2
267 1 2 0 3
268 0 0 0 2
269 1 0 1 2
270 1 2 1 3
271 1 2 0 3
272 0 3 1 1
273 2 0 0 1
274 1 0 1 2
275 3 0 1 1
276 1 0 0 4
277 1 0 0 1
278 3 0 0 1
279 2 0 0 2
280 1 2 0 0
281 1 0 0 1
282 0 1 1 0
283 3 2 0 0
284 3 0 2 0
285 1 1 1 1
286 1 1 0 1
287 1 3 0 3
288 0 1 2 1
289 0 1 1 1
290 1 1 1 1
291 1 0 0 3
292 0 1 1 2
293 4 1 0 2
294 1 0 0 2
295 1 1 0 3
296 0 0 0 1
297 1 0 0 2
298 0 2 1 0
299 0 2 0 2
300 2 1 0 0
301 0 0 0 0
302 0 2 1 3
303 1 0 0 1
304 1 0 0 1
305 1 1 0 0
306 0 0 0 2
307 1 0 0 0
308 0 0 1 0
309 0 0 1 2
310 0 0 1 0
311 1 0 0 0
312 0 1 0 1
313 1 1 0 1
314 0 0 0 1
315 0 0 0 1
316 0 1 0 0
317 0 0 0 1
318 0 0 0 0
319 1 0 0 1
320 0 0 0 1
321 0 0 0 0
322 0 0 1 0
323 1 0 0 0
324 0 0 0 0
325 0 0 0 0
326 1 0 0 1
327 1 0 0 0
328 0 1 0 0
329 0 0 0 0
330 0 0 0 0
331 0 0 2 0
332 0 0 0 1
333 0 0 0 0
334 0 0 0 0
335 0 0 0 2
336 0 1 0 0
337 0 0 0 0
338 0 0 0 0
339 0 0 0 0
340 0 0 0 1
341 0 0 0 0
342 0 0 0 0
343 0 0 0 0
344 0 0 0 0
345 0 0 0 0
346 0 0 0 0
347 0 0 0 0
348 0 0 0 0
349 0 0 0 0
350 0 0 0 0
351 0 0 0 0
352 0 0 0 0
353 1 0 0 0
354 0 0 0 0
355 0 0 0 0
356 0 0 0 0
357 1 0 0 0
358 0 0 0 0
359 1 0 0 0
360 0 0 0 0
361 1 0 0 0
362 0 2 0 0
363 0 0 0 0
364 0 0 0 0
365 0 0 0 0
366 0 1 0 2
367 0 0 0 0
368 0 1 0 0
369 0 0 0 0
370 0 0 0 1
371 0 0 0 0
372 0 0 0 1
373 0 0 0 0
374 0 0 0 0
375 0 0 0 0
376 0 0 0 0
377 0 0 0 0
378 0 0 0 0
379 0 0 0 0
380 0 0 0 0
381 0 0 0 0
382 0 0 0 0
383 1 0 0 0
384 0 0 0 0
385 0 0 0 0
386 0 0 0 0
387 1 0 0 0
388 0 0 0 0
389 0 0 0 0
390 0 0 0 0
391 0 0 0 0
392 0 2 0 0
393 0 0 0 0
394 0 0 0 0
395 0 0 0 0
396 0 0 0 1
397 0 0 0 0
398 0 0 0 0
399 0 0 0 1
400 0 0 0 0
401 0 0 0 0
402 0 0 0 0
403 1 0 0 0
404 0 0 0 0
405 0 0 0 0
406 1 0 0 0
407 0 0 0 0
408 0 0 0 0
409 0 0 0 0
410 0 0 0 0
411 0 0 1 0
412 0 1 0 0
413 0 0 0 0
414 0 0 0 0
415 0 0 0 1
416 0 0 0 0
417 0 0 0 0
418 0 0 0 0
419 0 0 0 1
420 0 0 0 0
421 0 0 0 0
422 0 0 0 0
423 0 0 0 0
424 0 0 0 0
425 0 0 0 0
426 0 0 0 0
427 0 0 0 0
428 0 0 0 0
429 0 0 0 0
430 0 0 0 0
431 0 0 0 0
432 0 0 0 0
433 0 0 0 0
434 0 0 0 0
435 0 0 0 0
436 0 0 0 0
437 0 0 0 0
438 0 0 0 0
439 0 0 0 0
440 0 0 0 0
441 0 0 0 0
442 0 0 0 0
443 0 0 0 0
444 0 0 0 0
445 0 0 0 0
446 0 0 0 0
447 0 0 0 0
448 0 0 0 0
449 0 0 0 0
450 0 0 0 0
451 0 0 0 0
452 0 0 0 0
453 0 0 0 0
454 0 0 0 0
455 0 0 0 0
456 0 0 0 0
457 0 0 0 0
458 0 0 0 0
459 0 0 0 0
460 0 0 0 0
461 0 0 0 0
462 0 0 0 0
463 0 0 0 0
464 0 0 0 0
465 0 0 0 0
466 0 0 0 0
467 0 0 0 0
468 0 0 0 0
469 0 0 0 0
470 0 0 0 0
471 0 0 0 0
472 0 0 0 0
473 0 0 0 0
474 0 0 0 0
475 0 0 0 0
476 0 0 0 0
477 0 0 0 0
478 0 0 0 0
479 0 0 0 0
480 0 0 0 0
481 0 0 0 0
482 0 0 0 0
483 0 0 0 0
484 0 0 0 0
485 0 0 0 0
486 0 0 0 0
487 0 0 0 0
488 0 0 0 0
489 0 0 0 0
490 0 0 0 0
491 0 0 0 0
492 0 0 0 0
493 0 0 0 0
494 0 0 0 0
495 0 0 0 0
496 0 0 0 0
497 0 0 0 0
498 0 0 0 0
499 0 0 0 0
500 0 0 0 0
501 0 0 0 0
502 0 0 0 0
503 0 0 0 0
504 0 0 0 0
505 0 0 0 0
506 0 0 0 0
507 0 0 0 0
508 0 0 0 0
509 0 0 0 0
510 0 0 0 0
511 0 0 0 0
512 0 0 0 0
513 0 0 0 0
514 0 0 0 0
515 0 0 0 0
516 0 0 0 0
517 0 0 0 0
518 0 0 0 0
519 0 0 0 0
520 0 0 0 0
521 0 0 0 0
522 0 0 0 0
523 0 0 0 0
524 0 0 0 0
525 0 0 0 0
526 0 0 0 0
527 0 0 0 0
528 0 0 0 0
529 0 0 0 0
530 0 0 0 0
531 0 0 0 0
532 0 0 0 0
533 0 0 0 0
534 0 0 0 0
535 0 0 0 0
536 0 0 0 0
537 0 0 0 0
538 0 0 0 0
539 0 0 0 0
540 0 0 0 0
541 0 0 0 0
542 0 0 0 0
543 0 0 0 0
544 0 0 0 0
545 0 0 0 0
546 0 0 0 0
547 0 0 0 0
548 0 0 0 0
549 0 0 0 0
550 0 0 0 0
551 0 0 0 0
552 0 0 0 0
553 0 0 0 0
554 0 0 0 0
555 0 0 0 0
556 0 0 0 0
557 0 0 0 0
558 0 0 0 0
559 0 0 0 0
560 0 0 0 0
561 0 0 0 0
562 0 0 0 0
563 0 0 0 0
564 0 0 0 0
565 0 0 0 0
566 0 0 0 0
567 0 0 0 0
568 0 0 0 0
569 0 0 0 0
570 0 0 0 0
571 0 0 0 0
572 0 0 0 0
573 0 0 0 0
574 0 0 0 0
575 0 0 0 0
576 0 0 0 0
577 0 0 0 0
578 0 0 0 0
579 0 0 0 0
580 0 0 0 0
581 0 0 0 0
582 0 0 0 0
583 0 0 0 0
584 0 0 0 0
585 0 0 0 0
586 0 0 0 0
587 0 0 0 0
588 0 0 0 0
589 0 0 0 0
590 0 0 0 0
591 0 0 0 0
592 0 0 0 0
593 0 0 0 0
594 0 0 0 0
595 0 0 0 0
596 0 0 0 0
597 0 0 0 0
598 0 0 0 0
599 0 0 0 0
600 0 0 0 0
601 0 0 0 0
602 0 0 0 0
603 0 0 0 0
604 0 0 0 0
605 0 0 0 0
606 0 0 0 0
607 0 0 0 0
608 0 0 0 0
609 0 0 0 0
610 0 0 0 0
611 0 0 0 0
612 0 0 0 0
613 0 0 0 0
614 0 0 0 0
615 0 0 0 0
616 0 0 0 0
617 0 0 0 0
618 0 0 0 0
619 0 0 0 0
620 0 0 0 0
621 0 0 0 0
622 0 0 0 0
623 0 0 0 0
624 0 0 0 0
625 0 0 0 0
626 0 0 0 0
627 0 0 0 0
628 0 0 0 0
629 0 0 0 0
630 0 0 0 0
631 0 0 0 0
632 0 0 0 0
633 0 0 0 0
634 0 0 0 0
635 0 0 0 0
636 0 0 0 0
637 0 0 0 0
638 0 0 0 0
639 0 0 0 0
640 0 0 0 0
641 0 0 0 0
642 0 0 0 0
643 0 0 0 0
644 0 0 0 0
645 0 0 0 0
646 0 0 0 0
647 0 0 0 0
648 0 0 0 0
649 0 0 0 0
650 0 0 0 0
651 0 0 0 0
652 0 0 0 0
653 0 0 0 0
654 0 0 0 0
655 0 0 0 0
656 0 0 0 0
657 0 0 0 0
658 0 0 0 0
659 0 0 0 0
660 0 0 0 0
661 0 0 0 0
662 0 0 0 0
663 0 0 0 0
664 0 0 0 0
665 0 0 0 0
666 0 0 0 0
667 0 0 0 0
668 0 0 0 0
669 0 0 0 0
670 0 0 0 0
671 0 0 0 0
672 0 0 0 0
673 0 0 0 0
674 0 0 0 0
675 0 0 0 0
676 0 0 0 0
677 0 0 0 0
678 0 0 0 0
679 0 0 0 0
680 0 0 0 0
681 0 0 0 0
682 0 0 0 0
683 0 0 0 0
684 0 0 0 0
685 0 0 0 0
686 0 0 0 0
687 0 0 0 0
688 0 0 0 0
689 0 0 0 0
690 0 0 0 0
691 0 0 0 0
692 0 0 0 0
693 0 0 0 0
694 0 0 0 0
695 0 0 0 0
696 0 0 0 0
697 0 0 0 0
698 0 0 0 0
699 0 0 0 0
700 0 0 0 0
701 0 0 0 0
702 0 0 0 0
703 0 0 0 0
704 0 0 0 0
705 0 0 0 0
706 0 0 0 0
707 0 0 0 0
708 0 0 0 0
709 0 0 0 0
710 0 0 0 0
711 0 0 0 0
712 0 0 0 0
713 0 0 0 0
714 0 0 0 0
715 0 0 0 0
716 0 0 0 0
717 0 0 0 0
718 0 0 0 0
719 0 0 0 0
720 0 0 0 0
721 0 0 0 0
722 0 0 0 0
723 0 0 0 0
724 0 0 0 0
725 0 0 0 0
726 0 0 0 0
727 0 0 0 0
