0 0 0 0 0
1 0 0 0 0
2 0 0 0 0
3 0 0 0 0
4 0 0 0 0
5 0 2 0 0
6 0 0 0 0
7 0 0 0 0
8 0 0 0 0
9 0 1 2 2
10 0 0 0 0
11 0 0 0 0
12 0 0 0 0
13 1 0 0 1
14 0 0 0 0
15 0 0 0 0
16 0 0 0 2
17 0 0 0 0
18 0 0 0 0
19 0 0 0 0
20 0 0 0 0
21 2 0 0 0
22 0 0 1 0
23 2 0 0 0
24 2 0 0 0
25 1 0 0 0
26 2 0 0 0
27 0 0 0 0
28 2 0 0 0
29 1 0 0 1
30 0 2 0 0
31 1 1 1 0
32 0 1 1 0
33 0 2 1 0
34 1 2 0 1
35 1 0 0 2
36 1 1 0 2
37 0 1 0 2
38 2 0 0 1
39 0 0 0 0
40 0 1 0 4
41 0 0 0 0
42 0 0 0 0
43 0 1 0 0
44 2 0 1 2
45 1 1 0 0
46 2 0 0 0
47 5 1 0 0
48 1 0 0 1
49 2 1 0 1
50 1 0 1 1
51 4 1 0 1
52 3 1 1 0
53 1 1 1 1
54 2 0 1 1
55 3 1 0 1
56 3 5 1 0
57 1 1 0 0
58 1 0 1 0
59 0 3 0 2
60 1 2 0 3
61 2 1 1 2
62 1 0 1 0
63 1 1 0 7
64 2 0 1 2
65 3 2 2 2
66 1 2 0 1
67 1 1 1 1
68 1 0 1 1
69 4 0 1 4
70 2 3 1 2
71 1 0 0 2
72 2 1 0 1
73 1 0 1 2
74 1 0 2 1
75 1 3 0 1
76 4 1 0 1
77 2 1 1 5
78 3 1 1 1
79 5 0 1 1
80 2 1 0 0
81 3 0 0 2
82 1 0 2 3
83 4 2 0 1
84 1 2 1 1
85 2 4 2 2
86 4 1 0 1
87 3 3 0 2
88 1 4 2 3
89 4 1 0 6
90 1 2 0 1
91 2 3 1 3
92 1 2 1 3
93 2 1 0 1
94 5 3 1 0
95 8 0 0 7
96 6 0 1 3
97 4 0 0 1
98 4 2 1 3
99 6 3 0 1
100 8 4 3 1
101 5 2 2 3
102 3 0 3 2
103 5 2 3 2
104 5 3 2 5
105 8 7 2 3
106 4 3 2 3
107 7 1 3 7
108 4 6 2 5
109 2 4 1 6
110 4 5 2 4
111 5 2 0 4
112 2 4 3 10
113 2 1 1 4
114 3 3 1 7
115 4 2 2 4
116 5 3 0 7
117 5 2 1 2
118 6 1 1 3
119 8 3 1 4
120 5 6 1 3
121 6 3 3 3
122 9 3 0 2
123 5 1 4 7
124 3 3 3 8
125 7 2 4 3
126 10 5 2 3
127 9 5 3 5
128 10 6 1 8
129 6 0 0 2
130 7 1 2 4
131 7 6 3 4
132 11 5 4 8
133 7 2 3 5
134 5 5 3 7
135 6 5 4 7
136 7 5 1 2
137 10 7 6 3
138 9 4 1 11
139 8 1 2 10
140 7 4 2 7
141 9 4 7 12
142 14 5 4 7
143 11 2 5 5
144 11 4 3 6
145 15 3 2 9
146 9 9 4 6
147 20 8 10 6
148 16 4 3 10
149 21 3 7 5
150 14 6 7 14
151 12 7 1 12
152 6 14 4 11
153 11 11 5 8
154 6 11 5 10
155 9 7 5 5
156 14 7 10 12
157 15 2 7 14
158 11 13 4 14
159 10 3 4 15
160 13 5 3 20
161 12 9 3 13
162 14 7 2 16
163 11 4 1 9
164 10 7 5 9
165 10 9 4 14
166 19 13 4 11
167 28 8 9 7
168 17 6 3 11
169 19 6 6 10
170 18 3 4 13
171 18 15 3 15
172 21 11 6 12
173 26 6 4 10
174 23 10 9 11
175 19 11 10 14
176 27 17 10 17
177 22 8 9 10
178 36 12 10 18
179 30 12 4 16
180 28 12 6 19
181 30 17 15 19
182 19 8 11 21
183 24 22 12 22
184 18 11 8 16
185 22 13 6 31
186 28 15 19 13
187 26 8 14 22
188 15 19 17 28
189 25 19 5 26
190 32 12 9 38
191 17 16 8 19
192 29 13 13 22
193 31 9 13 30
194 32 16 7 14
195 27 20 14 28
196 29 12 8 24
197 31 12 8 29
198 27 18 12 25
199 30 21 10 34
200 33 16 14 18
201 33 14 13 25
202 39 16 8 28
203 33 14 12 30
204 23 13 8 25
205 18 23 11 37
206 23 19 18 29
207 21 17 13 26
208 14 24 15 15
209 21 19 13 24
210 17 16 7 34
211 15 25 11 27
212 19 14 12 42
213 17 9 5 36
214 20 13 6 30
215 15 10 3 29
216 19 15 4 28
217 14 12 5 13
218 12 7 9 29
219 14 18 6 18
220 11 12 3 19
221 9 12 5 16
222 13 9 8 15
223 13 9 3 22
224 23 9 7 14
225 14 7 9 16
226 12 6 6 18
227 15 9 4 17
228 14 8 3 15
229 10 10 9 20
230 13 7 5 11
231 13 8 5 17
232 15 9 5 12
233 11 10 8 17
234 10 7 5 10
235 7 6 7 10
236 5 9 6 19
237 8 9 3 16
238 7 8 2 9
239 10 10 2 12
240 5 6 4 16
241 3 6 3 15
242 3 4 4 12
243 4 5 3 16
244 3 9 3 7
245 5 0 4 10
246 2 5 1 10
247 5 2 3 12
248 1 0 1 12
249 6 4 1 4
250 3 2 2 7
251 4 1 0 9
252 4 9 1 3
253 2 1 0 3
254 6 4 2 6
255 7 2 2 0
256 1 1 1 6
257 4 1 1 1
258 2 1 2 4
259 3 3 0 11
260 1 5 2 1
261 1 2 0 4
262 2 3 1 1
263 2 2 3 3
264 1 2 3 5
265 1 1 1 5
266 0 2 0 4
267 2 1 1 5
268 2 0 1 3
269 5 1 0 4
270 0 2 0 2
271 2 1 0 4
272 4 0 1 0
273 0 2 0 2
274 2 2 0 2
275 0 1 0 2
276 1 1 1 1
277 0 1 0 2
278 0 0 3 0
279 1 1 2 0
280 3 1 0 2
281 1 1 1 3
282 2 0 0 3
283 1 0 0 4
284 2 0 0 0
285 0 1 0 3
286 0 0 1 0
287 2 2 0 1
288 0 0 1 0
289 0 4 1 1
290 0 0 0 1
291 2 0 0 1
292 1 1 1 0
293 1 0 0 3
294 0 0 0 1
295 1 0 0 1
296 1 0 2 3
297 1 0 0 0
298 0 0 0 0
299 1 0 0 1
300 1 1 1 1
301 0 1 0 0
302 1 1 0 0
303 0 0 0 1
304 0 0 0 1
305 1 1 1 1
306 0 2 0 1
307 0 0 1 1
308 0 0 0 0
309 1 0 0 1
310 0 0 0 0
311 0 0 0 0
312 0 0 0 1
313 0 0 0 2
314 1 1 1 1
315 0 0 0 0
316 0 0 0 0
317 0 0 0 0
318 1 0 0 1
319 0 0 0 0
320 1 0 0 0
321 0 0 0 1
322 0 0 0 0
323 0 2 0 0
324 0 0 0 0
325 0 0 0 0
326 1 0 0 0
327 0 0 0 2
328 1 0 0 0
329 1 1 0 0
330 0 0 0 0
331 0 1 0 0
332 0 0 0 0
333 0 0 1 0
334 1 0 0 0
335 0 0 0 0
336 0 0 0 1
337 0 0 0 0
338 0 1 0 1
339 0 0 0 0
340 0 0 0 1
341 0 0 0 0
342 0 0 0 0
343 0 1 0 0
344 0 0 0 0
345 0 0 0 1
346 0 0 0 0
347 0 0 0 0
348 1 0 0 0
349 1 0 0 0
350 0 0 0 1
351 0 0 0 0
352 0 0 0 0
353 0 1 0 0
354 0 0 0 0
355 0 0 0 0
356 0 0 0 0
357 0 0 0 1
358 0 1 0 0
359 0 0 0 0
360 0 0 0 0
361 0 0 0 0
362 0 0 0 1
363 0 0 0 0
364 0 0 0 0
365 0 0 0 0
366 0 0 0 0
367 0 0 0 0
368 0 0 0 0
369 0 0 0 0
370 0 0 0 0
371 0 0 0 0
372 0 0 0 0
373 0 0 0 0
374 0 0 0 0
375 0 0 0 0
376 0 0 0 0
377 0 0 0 0
378 0 0 0 0
379 0 0 0 0
380 0 0 0 0
381 0 0 0 0
382 0 0 0 0
383 0 0 0 0
384 0 0 0 0
385 0 0 0 0
386 0 0 0 0
387 0 0 0 0
388 0 0 0 0
389 0 0 0 0
390 0 0 0 0
391 0 0 0 0
392 0 0 0 0
393 0 0 0 0
394 0 0 0 0
395 0 0 0 0
396 0 0 0 0
397 0 0 0 0
398 0 0 0 0
399 0 0 0 0
400 0 0 0 0
401 0 0 0 0
402 0 0 0 0
403 0 0 0 0
404 0 0 0 0
405 0 0 0 0
406 0 0 0 0
407 0 0 0 0
408 0 0 0 0
409 0 0 0 0
410 0 0 0 0
411 0 0 0 0
412 0 0 0 0
413 0 0 0 0
414 0 0 0 0
415 0 0 0 0
416 0 0 0 0
417 0 0 0 0
418 0 0 0 0
419 0 0 0 0
420 0 0 0 0
421 0 0 0 0
422 0 0 0 0
423 0 0 0 0
424 0 0 0 0
425 0 0 0 0
426 0 0 0 0
427 0 0 0 0
428 0 0 0 0
429 0 0 0 0
430 0 0 0 0
431 0 0 0 0
432 0 0 0 0
433 0 0 0 0
434 0 0 0 0
435 0 0 0 0
436 0 0 0 0
437 0 0 0 0
438 0 0 0 0
439 0 0 0 0
440 0 0 0 0
441 0 0 0 0
442 0 0 0 0
443 0 0 0 0
444 0 0 0 0
445 0 0 0 0
446 0 0 0 0
447 0 0 0 0
448 0 0 0 0
449 0 0 0 0
450 0 0 0 0
451 0 0 0 0
452 0 0 0 0
453 0 0 0 0
454 0 0 0 0
455 0 0 0 0
456 0 0 0 0
457 0 0 0 0
458 0 0 0 0
459 0 0 0 0
460 0 0 0 0
461 0 0 0 0
462 0 0 0 0
463 0 0 0 0
464 0 0 0 0
465 0 0 0 0
466 0 0 0 0
467 0 0 0 0
468 0 0 0 0
469 0 0 0 0
470 0 0 0 0
471 0 0 0 0
472 0 0 0 0
473 0 0 0 0
474 0 0 0 0
475 0 0 0 0
476 0 0 0 0
477 0 0 0 0
478 0 0 0 0
479 0 0 0 0
480 0 0 0 0
481 0 0 0 0
482 0 0 0 0
483 0 0 0 0
484 0 0 0 0
485 0 0 0 0
486 0 0 0 0
487 0 0 0 0
488 0 0 0 0
489 0 0 0 0
490 0 0 0 0
491 0 0 0 0
492 0 0 0 0
493 0 0 0 0
494 0 0 0 0
495 0 0 0 0
496 0 0 0 0
497 0 0 0 0
498 0 0 0 0
499 0 0 0 0
500 0 0 0 0
501 0 0 0 0
502 0 0 0 0
503 0 0 0 0
504 0 0 0 0
505 0 0 0 0
506 0 0 0 0
507 0 0 0 0
508 0 0 0 0
509 0 0 0 0
510 0 0 0 0
511 0 0 0 0
512 0 0 0 0
513 0 0 0 0
514 0 0 0 0
515 0 0 0 0
516 0 0 0 0
517 0 0 0 0
518 0 0 0 0
519 0 0 0 0
520 0 0 0 0
521 0 0 0 0
522 0 0 0 0
523 0 0 0 0
524 0 0 0 0
525 0 0 0 0
526 0 0 0 0
527 0 0 0 0
528 0 0 0 0
529 0 0 0 0
530 0 0 0 0
531 0 0 0 0
532 0 0 0 0
533 0 0 0 0
534 0 0 0 0
535 0 0 0 0
536 0 0 0 0
537 0 0 0 0
538 0 0 0 0
539 0 0 0 0
540 0 0 0 0
541 0 0 0 0
542 0 0 0 0
543 0 0 0 0
544 0 0 0 0
545 0 0 0 0
546 0 0 0 0
547 0 0 0 0
548 0 0 0 0
549 0 0 0 0
550 0 0 0 0
551 0 0 0 0
552 0 0 0 0
553 0 0 0 0
554 0 0 0 0
555 0 0 0 0
556 0 0 0 0
557 0 0 0 0
558 0 0 0 0
559 0 0 0 0
560 0 0 0 0
561 0 0 0 0
562 0 0 0 0
563 0 0 0 0
564 0 0 0 0
565 0 0 0 0
566 0 0 0 0
567 0 0 0 0
568 0 0 0 0
569 0 0 0 0
570 0 0 0 0
571 0 0 0 0
572 0 0 0 0
573 0 0 0 0
574 0 0 0 0
575 0 0 0 0
576 0 0 0 0
577 0 0 0 0
578 0 0 0 0
579 0 0 0 0
580 0 0 0 0
581 0 0 0 0
582 0 0 0 0
583 0 0 0 0
584 0 0 0 0
585 0 0 0 0
586 0 0 0 0
587 0 0 0 0
588 0 0 0 0
589 0 0 0 0
590 0 0 0 0
591 0 0 0 0
592 0 0 0 0
593 0 0 0 0
594 0 0 0 0
595 0 0 0 0
596 0 0 0 0
597 0 0 0 0
598 0 0 0 0
599 0 0 0 0
600 0 0 0 0
601 0 0 0 0
602 0 0 0 0
603 0 0 0 0
604 0 0 0 0
605 0 0 0 0
606 0 0 0 0
607 0 0 0 0
608 0 0 0 0
609 0 0 0 0
610 0 0 0 0
611 0 0 0 0
612 0 0 0 0
613 0 0 0 0
614 0 0 0 0
615 0 0 0 0
616 0 0 0 0
617 0 0 0 0
618 0 0 0 0
619 0 0 0 0
620 0 0 0 0
621 0 0 0 0
622 0 0 0 0
623 0 0 0 0
624 0 0 0 0
625 0 0 0 0
626 0 0 0 0
627 0 0 0 0
628 0 0 0 0
629 0 0 0 0
630 0 0 0 0
631 0 0 0 0
632 0 0 0 0
633 0 0 0 0
634 0 0 0 0
635 0 0 0 0
636 0 0 0 0
637 0 0 0 0
638 0 0 0 0
639 0 0 0 0
640 0 0 0 0
641 0 0 0 0
642 0 0 0 0
643 0 0 0 0
644 0 0 0 0
645 0 0 0 0
646 0 0 0 0
647 0 0 0 0
648 0 0 0 0
649 0 0 0 0
650 0 0 0 0
651 0 0 0 0
652 0 0 0 0
653 0 0 0 0
654 0 0 0 0
655 0 0 0 0
656 0 0 0 0
657 0 0 0 0
658 0 0 0 0
659 0 0 0 0
660 0 0 0 0
661 0 0 0 0
662 0 0 0 0
663 0 0 0 0
664 0 0 0 0
665 0 0 0 0
666 0 0 0 0
667 0 0 0 0
668 0 0 0 0
669 0 0 0 0
670 0 0 0 0
671 0 0 0 0
672 0 0 0 0
673 0 0 0 0
674 0 0 0 0
675 0 0 0 0
676 0 0 0 0
677 0 0 0 0
678 0 0 0 0
679 0 0 0 0
680 0 0 0 0
681 0 0 0 0
682 0 0 0 0
683 0 0 0 0
684 0 0 0 0
685 0 0 0 0
686 0 0 0 0
687 0 0 0 0
688 0 0 0 0
689 0 0 0 0
690 0 0 0 0
691 0 0 0 0
692 0 0 0 0
693 0 0 0 0
694 0 0 0 0
695 0 0 0 0
696 0 0 0 0
697 0 0 0 0
698 0 0 0 0
699 0 0 0 0
700 0 0 0 0
701 0 0 0 0
702 0 0 0 0
703 0 0 0 0
704 0 0 0 0
705 0 0 0 0
706 0 0 0 0
707 0 0 0 0
708 0 0 0 0
709 0 0 0 0
710 0 0 0 0
711 0 0 0 0
712 0 0 0 0
713 0 0 0 0
714 0 0 0 0
715 0 0 0 0
716 0 0 0 0
717 0 0 0 0
718 0 0 0 0
719 0 0 0 0
720 0 0 0 0
721 0 0 0 0
722 0 0 0 0
723 0 0 0 0
724 0 0 0 0
725 0 0 0 0
726 0 0 0 0
727 0 0 0 0
