0 0 0 0 0
1 0 0 0 0
2 0 0 0 0
3 0 0 0 0
4 0 0 0 0
5 0 0 4 0
6 0 0 0 0
7 0 0 1 0
8 0 0 0 0
9 0 0 0 1
10 0 0 0 0
11 0 0 0 1
12 0 0 0 3
13 0 0 0 0
14 0 0 0 0
15 0 0 0 0
16 1 0 0 0
17 1 0 0 0
18 1 0 0 0
19 1 0 0 0
20 2 0 0 0
21 2 1 0 0
22 0 0 0 0
23 0 1 0 0
24 3 0 0 0
25 2 1 0 0
26 4 3 0 0
27 3 0 0 1
28 2 0 0 0
29 2 3 0 0
30 3 1 1 4
31 1 3 1 0
32 3 1 0 1
33 0 2 0 1
34 1 2 1 1
35 0 0 0 2
36 1 1 2 2
37 2 3 0 3
38 1 0 0 3
39 1 2 0 0
40 0 1 0 3
41 1 1 0 4
42 3 1 1 0
43 1 2 0 3
44 1 0 1 2
45 4 0 1 0
46 0 1 0 0
47 0 1 1 1
48 0 0 1 1
49 2 0 1 2
50 1 0 2 1
51 2 0 0 3
52 2 0 0 1
53 3 0 0 1
54 6 2 2 0
55 2 0 0 1
56 3 1 1 1
57 3 1 0 2
58 1 1 1 1
59 2 4 1 0
60 2 1 1 2
61 3 3 0 3
62 2 3 1 0
63 2 1 1 3
64 0 1 0 2
65 1 1 1 3
66 1 1 1 4
67 2 1 1 2
68 1 2 1 2
69 4 0 1 4
70 3 1 0 1
71 2 1 1 1
72 1 1 0 3
73 2 1 0 2
74 4 1 3 2
75 3 2 1 1
76 3 2 0 2
77 1 0 1 2
78 4 3 1 3
79 6 2 0 1
80 1 5 0 1
81 4 2 0 3
82 2 0 0 6
83 5 2 1 1
84 1 1 2 5
85 3 0 1 1
86 7 2 0 1
87 5 2 0 4
88 4 4 4 1
89 3 3 0 1
90 4 1 1 1
91 3 5 2 3
92 4 3 1 4
93 8 0 1 3
94 3 1 2 4
95 3 0 3 8
96 3 3 3 4
97 3 7 0 1
98 2 4 3 4
99 4 3 0 2
100 4 2 0 2
101 8 0 2 8
102 5 2 3 7
103 4 1 0 4
104 3 5 1 2
105 3 3 0 3
106 6 4 0 7
107 5 2 1 2
108 9 2 0 5
109 3 1 2 3
110 7 5 2 2
111 7 5 2 3
112 8 3 2 1
113 5 5 1 5
114 7 0 3 4
115 7 3 2 5
116 8 4 3 4
117 9 8 1 5
118 4 2 3 3
119 7 7 1 6
120 10 3 3 11
121 9 8 2 7
122 9 2 1 4
123 10 6 3 9
124 6 5 1 8
125 5 5 1 6
126 4 6 3 3
127 12 3 3 5
128 11 3 4 10
129 8 3 4 6
130 8 4 3 14
131 5 2 4 4
132 8 7 6 5
133 8 5 5 7
134 7 4 3 9
135 12 3 5 7
136 15 2 6 8
137 15 8 4 8
138 15 7 2 10
139 10 3 7 7
140 12 4 2 6
141 9 6 4 10
142 13 8 2 9
143 12 8 4 8
144 8 7 4 10
145 21 9 7 9
146 17 9 7 11
147 14 9 3 9
148 21 8 2 15
149 13 5 2 12
150 9 7 6 16
151 14 9 3 11
152 14 6 6 10
153 12 9 6 7
154 11 12 6 10
155 13 9 6 13
156 14 18 5 11
157 12 8 5 16
158 11 10 4 19
159 14 7 1 15
160 22 6 3 10
161 16 9 7 14
162 14 10 4 19
163 12 5 7 18
164 11 6 6 9
165 9 9 6 14
166 18 9 4 14
167 22 7 5 12
168 13 11 9 14
169 22 12 6 11
170 26 6 6 13
171 17 12 4 12
172 25 4 6 18
173 19 8 6 14
174 19 10 2 14
175 23 13 7 18
176 19 15 11 15
177 24 8 7 14
178 24 14 8 12
179 13 13 12 13
180 22 9 5 22
181 21 10 8 14
182 27 18 7 20
183 15 19 8 21
184 21 17 7 16
185 21 14 6 20
186 18 15 6 31
187 21 10 6 29
188 25 7 7 20
189 21 9 13 22
190 24 12 7 18
191 26 17 9 23
192 21 14 3 16
193 33 22 8 21
194 34 20 8 17
195 35 7 9 19
196 21 10 11 19
197 31 15 7 24
198 31 13 10 24
199 18 18 14 16
200 25 16 11 24
201 23 8 10 25
202 19 28 11 21
203 24 28 13 28
204 22 19 11 24
205 12 11 12 22
206 12 12 12 36
207 18 11 12 35
208 21 12 6 24
209 16 10 12 29
210 14 11 8 32
211 15 5 4 28
212 11 11 16 22
213 19 13 7 29
214 13 7 4 12
215 12 9 7 12
216 12 7 5 21
217 14 11 3 23
218 14 9 11 9
219 14 9 7 22
220 14 11 4 18
221 14 7 5 12
222 6 9 3 19
223 12 11 3 16
224 14 7 3 10
225 9 10 6 18
226 11 12 7 11
227 9 5 2 19
228 12 16 2 5
229 6 6 6 17
230 10 9 4 15
231 7 5 2 13
232 7 6 2 14
233 7 6 2 17
234 8 4 2 10
235 2 5 6 15
236 6 4 5 8
237 5 6 6 8
238 5 2 3 4
239 5 5 5 7
240 6 7 1 11
241 7 3 3 13
242 8 3 2 8
243 3 3 1 13
244 2 2 2 7
245 2 5 1 5
246 2 6 2 6
247 2 3 3 8
248 6 1 1 6
249 6 2 1 6
250 4 3 1 3
251 2 3 2 5
252 1 1 3 4
253 2 4 2 7
254 0 2 1 6
255 4 2 2 2
256 1 0 0 3
257 0 2 1 6
258 1 4 2 5
259 0 1 0 3
260 1 3 1 3
261 2 0 0 3
262 1 0 0 3
263 3 1 0 0
264 1 0 2 3
265 2 1 0 5
266 0 0 1 1
267 1 0 0 1
268 1 1 0 2
269 0 1 1 0
270 1 1 1 1
271 0 0 1 0
272 2 2 1 2
273 1 0 0 1
274 1 1 0 0
275 0 1 0 0
276 1 0 0 3
277 0 0 2 2
278 2 0 1 2
279 0 0 0 1
280 0 0 0 0
281 1 1 0 2
282 0 0 0 2
283 0 1 1 0
284 0 0 0 0
285 0 1 0 1
286 0 1 0 0
287 0 1 0 2
288 0 0 0 0
289 1 0 0 0
290 0 0 0 0
291 0 0 0 0
292 0 0 0 1
293 0 0 0 1
294 0 0 0 1
295 0 0 0 0
296 0 0 0 0
297 0 0 0 0
298 0 1 0 0
299 0 0 0 0
300 0 0 0 0
301 0 0 0 0
302 0 0 0 1
303 0 0 0 0
304 0 0 0 0
305 0 0 0 0
306 0 0 0 0
307 0 0 0 0
308 0 0 0 0
309 0 0 0 0
310 0 0 0 0
311 0 0 0 0
312 0 0 0 0
313 0 0 0 0
314 0 0 0 0
315 0 0 0 0
316 0 0 0 0
317 0 0 0 0
318 0 0 0 0
319 0 0 0 0
320 0 0 0 0
321 0 0 0 0
322 0 0 0 0
323 0 0 0 0
324 0 0 0 0
325 0 0 0 0
326 0 0 0 0
327 0 0 0 0
328 0 0 0 0
329 0 0 0 0
330 0 0 0 0
331 0 0 0 0
332 0 0 0 0
333 0 0 0 0
334 0 0 0 0
335 0 0 0 0
336 0 0 0 0
337 0 0 0 0
338 0 0 0 0
339 0 0 0 0
340 0 0 0 0
341 0 0 0 0
342 0 0 0 0
343 0 0 0 0
344 0 0 0 0
345 0 0 0 0
346 0 0 0 0
347 0 0 0 0
348 0 0 0 0
349 0 0 0 0
350 0 0 0 0
351 0 0 0 0
352 0 0 0 0
353 0 0 0 0
354 0 0 0 0
355 0 0 0 0
356 0 0 0 0
357 0 0 0 0
358 0 0 0 0
359 0 0 0 0
360 0 0 0 0
361 0 0 0 0
362 0 0 0 0
363 0 0 0 0
364 0 0 0 0
365 0 0 0 0
366 0 0 0 0
367 0 0 0 0
368 0 0 0 0
369 0 0 0 0
370 0 0 0 0
371 0 0 0 0
372 0 0 0 0
373 0 0 0 0
374 0 0 0 0
375 0 0 0 0
376 0 0 0 0
377 0 0 0 0
378 0 0 0 0
379 0 0 0 0
380 0 0 0 0
381 0 0 0 0
382 0 0 0 0
383 0 0 0 0
384 0 0 0 0
385 0 0 0 0
386 0 0 0 0
387 0 0 0 0
388 0 0 0 0
389 0 0 0 0
390 0 0 0 0
391 0 0 0 0
392 0 0 0 0
393 0 0 0 0
394 0 0 0 0
395 0 0 0 0
396 0 0 0 0
397 0 0 0 0
398 0 0 0 0
399 0 0 0 0
400 0 0 0 0
401 0 0 0 0
402 0 0 0 0
403 0 0 0 0
404 0 0 0 0
405 0 0 0 0
406 0 0 0 0
407 0 0 0 0
408 0 0 0 0
409 0 0 0 0
410 0 0 0 0
411 0 0 0 0
412 0 0 0 0
413 0 0 0 0
414 0 0 0 0
415 0 0 0 0
416 0 0 0 0
417 0 0 0 0
418 0 0 0 0
419 0 0 0 0
420 0 0 0 0
421 0 0 0 0
422 0 0 0 0
423 0 0 0 0
424 0 0 0 0
425 0 0 0 0
426 0 0 0 0
427 0 0 0 0
428 0 0 0 0
429 0 0 0 0
430 0 0 0 0
431 0 0 0 0
432 0 0 0 0
433 0 0 0 0
434 0 0 0 0
435 0 0 0 0
436 0 0 0 0
437 0 0 0 0
438 0 0 0 0
439 0 0 0 0
440 0 0 0 0
441 0 0 0 0
442 0 0 0 0
443 0 0 0 0
444 0 0 0 0
445 0 0 0 0
446 0 0 0 0
447 0 0 0 0
448 0 0 0 0
449 0 0 0 0
450 0 0 0 0
451 0 0 0 0
452 0 0 0 0
453 0 0 0 0
454 0 0 0 0
455 0 0 0 0
456 0 0 0 0
457 0 0 0 0
458 0 0 0 0
459 0 0 0 0
460 0 0 0 0
461 0 0 0 0
462 0 0 0 0
463 0 0 0 0
464 0 0 0 0
465 0 0 0 0
466 0 0 0 0
467 0 0 0 0
468 0 0 0 0
469 0 0 0 0
470 0 0 0 0
471 0 0 0 0
472 0 0 0 0
473 0 0 0 0
474 0 0 0 0
475 0 0 0 0
476 0 0 0 0
477 0 0 0 0
478 0 0 0 0
479 0 0 0 0
480 0 0 0 0
481 0 0 0 0
482 0 0 0 0
483 0 0 0 0
484 0 0 0 0
485 0 0 0 0
486 0 0 0 0
487 0 0 0 0
488 0 0 0 0
489 0 0 0 0
490 0 0 0 0
491 0 0 0 0
492 0 0 0 0
493 0 0 0 0
494 0 0 0 0
495 0 0 0 0
496 0 0 0 0
497 0 0 0 0
498 0 0 0 0
499 0 0 0 0
500 0 0 0 0
501 0 0 0 0
502 0 0 0 0
503 0 0 0 0
504 0 0 0 0
505 0 0 0 0
506 0 0 0 0
507 0 0 0 0
508 0 0 0 0
509 0 0 0 0
510 0 0 0 0
511 0 0 0 0
512 0 0 0 0
513 0 0 0 0
514 0 0 0 0
515 0 0 0 0
516 0 0 0 0
517 0 0 0 0
518 0 0 0 0
519 0 0 0 0
520 0 0 0 0
521 0 0 0 0
522 0 0 0 0
523 0 0 0 0
524 0 0 0 0
525 0 0 0 0
526 0 0 0 0
527 0 0 0 0
528 0 0 0 0
529 0 0 0 0
530 0 0 0 0
531 0 0 0 0
532 0 0 0 0
533 0 0 0 0
534 0 0 0 0
535 0 0 0 0
536 0 0 0 0
537 0 0 0 0
538 0 0 0 0
539 0 0 0 0
540 0 0 0 0
541 0 0 0 0
542 0 0 0 0
543 0 0 0 0
544 0 0 0 0
545 0 0 0 0
546 0 0 0 0
547 0 0 0 0
548 0 0 0 0
549 0 0 0 0
550 0 0 0 0
551 0 0 0 0
552 0 0 0 0
553 0 0 0 0
554 0 0 0 0
555 0 0 0 0
556 0 0 0 0
557 0 0 0 0
558 0 0 0 0
559 0 0 0 0
560 0 0 0 0
561 0 0 0 0
562 0 0 0 0
563 0 0 0 0
564 0 0 0 0
565 0 0 0 0
566 0 0 0 0
567 0 0 0 0
568 0 0 0 0
569 0 0 0 0
570 0 0 0 0
571 0 0 0 0
572 0 0 0 0
573 0 0 0 0
574 0 0 0 0
575 0 0 0 0
576 0 0 0 0
577 0 0 0 0
578 0 0 0 0
579 0 0 0 0
580 0 0 0 0
581 0 0 0 0
582 0 0 0 0
583 0 0 0 0
584 0 0 0 0
585 0 0 0 0
586 0 0 0 0
587 0 0 0 0
588 0 0 0 0
589 0 0 0 0
590 0 0 0 0
591 0 0 0 0
592 0 0 0 0
593 0 0 0 0
594 0 0 0 0
595 0 0 0 0
596 0 0 0 0
597 0 0 0 0
598 0 0 0 0
599 0 0 0 0
600 0 0 0 0
601 0 0 0 0
602 0 0 0 0
603 0 0 0 0
604 0 0 0 0
605 0 0 0 0
606 0 0 0 0
607 0 0 0 0
608 0 0 0 0
609 0 0 0 0
610 0 0 0 0
611 0 0 0 0
612 0 0 0 0
613 0 0 0 0
614 0 0 0 0
615 0 0 0 0
616 0 0 0 0
617 0 0 0 0
618 0 0 0 0
619 0 0 0 0
620 0 0 0 0
621 0 0 0 0
622 0 0 0 0
623 0 0 0 0
624 0 0 0 0
625 0 0 0 0
626 0 0 0 0
627 0 0 0 0
628 0 0 0 0
629 0 0 0 0
630 0 0 0 0
631 0 0 0 0
632 0 0 0 0
633 0 0 0 0
634 0 0 0 0
635 0 0 0 0
636 0 0 0 0
637 0 0 0 0
638 0 0 0 0
639 0 0 0 0
640 0 0 0 0
641 0 0 0 0
642 0 0 0 0
643 0 0 0 0
644 0 0 0 0
645 0 0 0 0
646 0 0 0 0
647 0 0 0 0
648 0 0 0 0
649 0 0 0 0
650 0 0 0 0
651 0 0 0 0
652 0 0 0 0
653 0 0 0 0
654 0 0 0 0
655 0 0 0 0
656 0 0 0 0
657 0 0 0 0
658 0 0 0 0
659 0 0 0 0
660 0 0 0 0
661 0 0 0 0
662 0 0 0 0
663 0 0 0 0
664 0 0 0 0
665 0 0 0 0
666 0 0 0 0
667 0 0 0 0
668 0 0 0 0
669 0 0 0 0
670 0 0 0 0
671 0 0 0 0
672 0 0 0 0
673 0 0 0 0
674 0 0 0 0
675 0 0 0 0
676 0 0 0 0
677 0 0 0 0
678 0 0 0 0
679 0 0 0 0
680 0 0 0 0
681 0 0 0 0
682 0 0 0 0
683 0 0 0 0
684 0 0 0 0
685 0 0 0 0
686 0 0 0 0
687 0 0 0 0
688 0 0 0 0
689 0 0 0 0
690 0 0 0 0
691 0 0 0 0
692 0 0 0 0
693 0 0 0 0
694 0 0 0 0
695 0 0 0 0
696 0 0 0 0
697 0 0 0 0
698 0 0 0 0
699 0 0 0 0
700 0 0 0 0
701 0 0 0 0
702 0 0 0 0
703 0 0 0 0
704 0 0 0 0
705 0 0 0 0
706 0 0 0 0
707 0 0 0 0
708 0 0 0 0
709 0 0 0 0
710 0 0 0 0
711 0 0 0 0
712 0 0 0 0
713 0 0 0 0
714 0 0 0 0
715 0 0 0 0
716 0 0 0 0
717 0 0 0 0
718 0 0 0 0
719 0 0 0 0
720 0 0 0 0
721 0 0 0 0
722 0 0 0 0
723 0 0 0 0
724 0 0 0 0
725 0 0 0 0
726 0 0 0 0
727 0 0 0 0
