0 0 0 0 0
1 0 0 0 0
2 0 0 0 0
3 0 0 0 0
4 0 0 0 0
5 0 3 0 0
6 0 0 0 0
7 0 0 0 0
8 0 0 0 0
9 0 0 2 3
10 0 0 0 0
11 1 0 0 0
12 0 0 0 0
13 0 0 0 0
14 0 0 0 0
15 0 0 0 0
16 0 1 0 2
17 0 0 0 0
18 4 0 0 0
19 1 0 0 0
20 0 0 0 0
21 0 0 0 0
22 1 0 0 0
23 3 2 0 1
24 1 1 0 0
25 2 0 0 0
26 1 0 0 0
27 1 0 3 1
28 1 1 1 0
29 0 1 0 0
30 0 2 0 1
31 0 0 0 3
32 0 0 2 1
33 0 1 0 1
34 0 0 0 2
35 0 0 1 1
36 0 0 0 2
37 2 0 0 1
38 1 0 0 0
39 2 0 0 1
40 2 0 0 1
41 5 0 0 0
42 1 0 1 0
43 3 0 1 0
44 1 1 0 0
45 2 0 1 0
46 2 2 1 0
47 0 0 0 1
48 4 1 1 1
49 1 0 2 2
50 5 4 0 1
51 2 0 1 0
52 1 1 1 2
53 3 2 1 3
54 3 2 0 2
55 2 4 1 1
56 2 1 0 3
57 3 1 0 3
58 3 2 0 2
59 2 2 0 0
60 2 2 0 3
61 1 2 2 0
62 2 2 1 4
63 2 1 2 2
64 3 2 1 2
65 2 1 1 4
66 5 1 0 1
67 5 1 2 2
68 4 2 0 3
69 4 2 0 5
70 4 0 1 3
71 3 2 1 2
72 4 1 3 1
73 7 0 2 1
74 6 4 3 4
75 4 4 2 2
76 3 1 2 3
77 4 4 1 2
78 10 5 1 5
79 7 4 0 4
80 3 1 4 2
81 7 3 0 8
82 4 0 2 6
83 4 6 3 5
84 3 2 2 3
85 4 1 1 5
86 4 3 4 3
87 8 4 2 6
88 8 1 3 5
89 6 2 1 1
90 1 5 3 7
91 8 3 0 5
92 9 5 3 3
93 11 4 2 8
94 6 3 2 3
95 6 3 1 4
96 5 1 3 7
97 6 6 3 8
98 8 4 2 3
99 11 4 0 4
100 5 4 3 6
101 7 3 2 9
102 5 7 4 5
103 9 6 2 2
104 7 5 4 7
105 9 6 2 6
106 11 5 1 10
107 5 3 1 8
108 8 8 2 7
109 11 3 2 9
110 11 3 5 9
111 9 7 3 6
112 7 3 5 4
113 9 5 3 4
114 15 6 4 8
115 11 2 6 12
116 10 4 4 8
117 15 6 3 9
118 11 5 4 10
119 9 10 6 9
120 12 2 7 7
121 12 6 1 8
122 9 9 7 10
123 13 8 3 10
124 11 5 4 13
125 7 11 4 7
126 16 3 6 15
127 12 11 1 7
128 8 8 6 6
129 15 7 6 20
130 22 5 5 10
131 18 6 3 9
132 19 5 5 13
133 19 3 1 9
134 22 8 2 10
135 17 12 12 12
136 11 9 8 17
137 12 8 5 10
138 18 11 6 6
139 13 10 9 9
140 17 9 6 11
141 16 6 13 15
142 17 4 9 20
143 18 12 9 15
144 8 8 6 15
145 21 5 7 18
146 18 7 6 15
147 15 8 9 19
148 25 11 9 23
149 24 5 9 17
150 21 17 6 16
151 22 12 4 10
152 26 11 5 13
153 31 11 5 16
154 20 9 9 20
155 18 14 9 20
156 22 13 9 19
157 23 14 10 22
158 16 14 16 18
159 25 8 10 12
160 23 8 9 20
161 22 19 4 20
162 26 19 7 34
163 32 11 6 15
164 31 16 8 18
165 25 18 7 25
166 33 14 12 28
167 22 17 3 21
168 33 14 13 22
169 27 15 11 21
170 22 11 10 19
171 28 24 12 27
172 27 13 12 22
173 21 18 19 26
174 37 16 11 19
175 21 12 7 31
176 34 19 6 23
177 29 12 19 28
178 31 15 8 40
179 40 18 10 25
180 31 20 4 32
181 24 13 10 26
182 32 18 9 13
183 33 17 14 27
184 36 20 13 22
185 41 26 11 25
186 36 18 12 27
187 27 22 14 35
188 37 19 14 31
189 27 21 14 28
190 40 20 15 32
191 42 18 16 32
192 40 21 12 32
193 33 19 13 35
194 27 18 9 33
195 43 18 13 39
196 30 17 19 37
197 30 19 18 40
198 33 28 13 20
199 28 17 17 32
200 24 30 17 32
201 35 26 17 38
202 35 20 14 32
203 32 16 10 42
204 23 16 12 43
205 20 14 12 46
206 28 18 9 35
207 38 13 19 33
208 19 15 16 30
209 24 14 9 31
210 27 18 8 28
211 27 22 14 32
212 20 18 18 25
213 26 13 9 24
214 25 19 8 32
215 27 21 4 36
216 19 21 8 32
217 18 7 9 19
218 20 13 8 33
219 20 16 7 23
220 23 15 16 23
221 16 14 10 19
222 11 14 8 23
223 13 16 10 28
224 16 14 6 25
225 14 12 10 21
226 9 9 7 23
227 12 5 11 27
228 8 11 6 25
229 9 12 6 23
230 13 7 7 21
231 10 3 7 14
232 13 7 5 23
233 14 8 7 18
234 7 8 3 15
235 9 7 5 12
236 10 7 3 16
237 9 8 3 16
238 12 8 6 11
239 11 4 3 14
240 7 2 4 12
241 9 8 3 10
242 5 5 5 10
243 4 6 5 8
244 9 8 6 7
245 6 7 3 14
246 8 8 3 8
247 5 6 1 12
248 6 3 2 12
249 3 5 4 8
250 4 5 3 11
251 3 2 4 8
252 1 4 3 10
253 0 1 5 11
254 3 3 0 10
255 5 5 0 3
256 4 3 0 8
257 1 4 0 5
258 5 1 0 4
259 4 0 2 3
260 1 1 2 5
261 2 1 1 4
262 0 1 0 5
263 7 3 0 2
264 1 6 1 3
265 6 2 0 0
266 2 0 0 2
267 1 0 3 4
268 0 3 2 6
269 4 1 1 1
270 3 4 3 1
271 5 1 0 5
272 1 1 3 2
273 0 1 0 0
274 2 3 1 4
275 3 1 1 5
276 1 3 1 3
277 0 0 0 4
278 1 0 1 3
279 2 2 1 4
280 5 2 0 0
281 0 1 1 2
282 1 0 0 1
283 0 1 1 7
284 0 0 2 2
285 1 2 0 2
286 0 0 1 0
287 0 1 0 1
288 0 1 0 2
289 0 2 1 1
290 0 0 0 1
291 0 0 0 1
292 0 0 0 2
293 0 0 0 3
294 2 0 1 1
295 0 0 0 0
296 1 0 0 1
297 1 0 0 0
298 2 0 0 0
299 0 0 2 0
300 0 0 0 0
301 0 1 0 1
302 0 0 1 0
303 0 2 0 0
304 0 0 0 1
305 1 0 0 1
306 0 0 0 2
307 0 0 0 2
308 0 0 0 0
309 0 0 0 0
310 0 0 0 0
311 0 0 0 0
312 1 0 0 0
313 1 0 0 0
314 0 1 0 0
315 0 0 0 0
316 0 0 0 0
317 0 0 0 0
318 1 1 0 1
319 1 0 0 0
320 0 0 0 0
321 0 0 1 0
322 1 0 0 0
323 1 0 1 0
324 0 0 0 0
325 1 0 0 1
326 1 0 0 0
327 1 1 0 1
328 1 0 1 1
329 0 0 0 0
330 0 0 2 0
331 0 1 0 1
332 0 0 0 1
333 0 1 0 0
334 0 0 0 2
335 0 0 0 0
336 0 0 1 0
337 1 0 0 1
338 0 0 0 1
339 0 0 0 0
340 0 0 0 1
341 0 0 0 0
342 0 0 0 0
343 0 0 0 0
344 0 0 0 0
345 0 0 0 0
346 0 1 0 0
347 0 0 0 0
348 0 0 0 0
349 0 0 0 0
350 0 0 0 1
351 0 0 0 0
352 1 0 0 0
353 0 0 0 0
354 0 0 0 0
355 0 0 0 0
356 0 0 0 0
357 0 0 0 0
358 0 0 0 0
359 0 0 0 0
360 0 0 0 0
361 0 1 0 0
362 0 0 0 0
363 0 0 0 0
364 0 0 0 0
365 0 0 0 0
366 0 0 0 0
367 0 0 0 0
368 0 0 0 1
369 0 0 0 0
370 0 0 0 0
371 0 0 0 0
372 0 0 0 0
373 0 0 0 0
374 0 0 0 0
375 0 0 0 0
376 0 0 0 0
377 0 0 0 0
378 0 0 0 0
379 0 0 0 0
380 0 0 0 0
381 0 0 0 0
382 0 0 0 0
383 0 0 0 0
384 0 0 0 0
385 0 0 0 0
386 0 0 0 0
387 0 0 0 0
388 0 0 0 0
389 0 0 0 0
390 0 0 0 0
391 0 0 0 0
392 0 0 0 0
393 0 0 0 0
394 0 0 0 0
395 0 0 0 0
396 0 0 0 0
397 0 0 0 0
398 0 0 0 0
399 0 0 0 0
400 0 0 0 0
401 0 0 0 0
402 0 0 0 0
403 0 0 0 0
404 0 0 0 0
405 0 0 0 0
406 0 0 0 0
407 0 0 0 0
408 0 0 0 0
409 0 0 0 0
410 0 0 0 0
411 0 0 0 0
412 0 0 0 0
413 0 0 0 0
414 0 0 0 0
415 0 0 0 0
416 0 0 0 0
417 0 0 0 0
418 0 0 0 0
419 0 0 0 0
420 0 0 0 0
421 0 0 0 0
422 0 0 0 0
423 0 0 0 0
424 0 0 0 0
425 0 0 0 0
426 0 0 0 0
427 0 0 0 0
428 0 0 0 0
429 0 0 0 0
430 0 0 0 0
431 0 0 0 0
432 0 0 0 0
433 0 0 0 0
434 0 0 0 0
435 0 0 0 0
436 0 0 0 0
437 0 0 0 0
438 0 0 0 0
439 0 0 0 0
440 0 0 0 0
441 0 0 0 0
442 0 0 0 0
443 0 0 0 0
444 0 0 0 0
445 0 0 0 0
446 0 0 0 0
447 0 0 0 0
448 0 0 0 0
449 0 0 0 0
450 0 0 0 0
451 0 0 0 0
452 0 0 0 0
453 0 0 0 0
454 0 0 0 0
455 0 0 0 0
456 0 0 0 0
457 0 0 0 0
458 0 0 0 0
459 0 0 0 0
460 0 0 0 0
461 0 0 0 0
462 0 0 0 0
463 0 0 0 0
464 0 0 0 0
465 0 0 0 0
466 0 0 0 0
467 0 0 0 0
468 0 0 0 0
469 0 0 0 0
470 0 0 0 0
471 0 0 0 0
472 0 0 0 0
473 0 0 0 0
474 0 0 0 0
475 0 0 0 0
476 0 0 0 0
477 0 0 0 0
478 0 0 0 0
479 0 0 0 0
480 0 0 0 0
481 0 0 0 0
482 0 0 0 0
483 0 0 0 0
484 0 0 0 0
485 0 0 0 0
486 0 0 0 0
487 0 0 0 0
488 0 0 0 0
489 0 0 0 0
490 0 0 0 0
491 0 0 0 0
492 0 0 0 0
493 0 0 0 0
494 0 0 0 0
495 0 0 0 0
496 0 0 0 0
497 0 0 0 0
498 0 0 0 0
499 0 0 0 0
500 0 0 0 0
501 0 0 0 0
502 0 0 0 0
503 0 0 0 0
504 0 0 0 0
505 0 0 0 0
506 0 0 0 0
507 0 0 0 0
508 0 0 0 0
509 0 0 0 0
510 0 0 0 0
511 0 0 0 0
512 0 0 0 0
513 0 0 0 0
514 0 0 0 0
515 0 0 0 0
516 0 0 0 0
517 0 0 0 0
518 0 0 0 0
519 0 0 0 0
520 0 0 0 0
521 0 0 0 0
522 0 0 0 0
523 0 0 0 0
524 0 0 0 0
525 0 0 0 0
526 0 0 0 0
527 0 0 0 0
528 0 0 0 0
529 0 0 0 0
530 0 0 0 0
531 0 0 0 0
532 0 0 0 0
533 0 0 0 0
534 0 0 0 0
535 0 0 0 0
536 0 0 0 0
537 0 0 0 0
538 0 0 0 0
539 0 0 0 0
540 0 0 0 0
541 0 0 0 0
542 0 0 0 0
543 0 0 0 0
544 0 0 0 0
545 0 0 0 0
546 0 0 0 0
547 0 0 0 0
548 0 0 0 0
549 0 0 0 0
550 0 0 0 0
551 0 0 0 0
552 0 0 0 0
553 0 0 0 0
554 0 0 0 0
555 0 0 0 0
556 0 0 0 0
557 0 0 0 0
558 0 0 0 0
559 0 0 0 0
560 0 0 0 0
561 0 0 0 0
562 0 0 0 0
563 0 0 0 0
564 0 0 0 0
565 0 0 0 0
566 0 0 0 0
567 0 0 0 0
568 0 0 0 0
569 0 0 0 0
570 0 0 0 0
571 0 0 0 0
572 0 0 0 0
573 0 0 0 0
574 0 0 0 0
575 0 0 0 0
576 0 0 0 0
577 0 0 0 0
578 0 0 0 0
579 0 0 0 0
580 0 0 0 0
581 0 0 0 0
582 0 0 0 0
583 0 0 0 0
584 0 0 0 0
585 0 0 0 0
586 0 0 0 0
587 0 0 0 0
588 0 0 0 0
589 0 0 0 0
590 0 0 0 0
591 0 0 0 0
592 0 0 0 0
593 0 0 0 0
594 0 0 0 0
595 0 0 0 0
596 0 0 0 0
597 0 0 0 0
598 0 0 0 0
599 0 0 0 0
600 0 0 0 0
601 0 0 0 0
602 0 0 0 0
603 0 0 0 0
604 0 0 0 0
605 0 0 0 0
606 0 0 0 0
607 0 0 0 0
608 0 0 0 0
609 0 0 0 0
610 0 0 0 0
611 0 0 0 0
612 0 0 0 0
613 0 0 0 0
614 0 0 0 0
615 0 0 0 0
616 0 0 0 0
617 0 0 0 0
618 0 0 0 0
619 0 0 0 0
620 0 0 0 0
621 0 0 0 0
622 0 0 0 0
623 0 0 0 0
624 0 0 0 0
625 0 0 0 0
626 0 0 0 0
627 0 0 0 0
628 0 0 0 0
629 0 0 0 0
630 0 0 0 0
631 0 0 0 0
632 0 0 0 0
633 0 0 0 0
634 0 0 0 0
635 0 0 0 0
636 0 0 0 0
637 0 0 0 0
638 0 0 0 0
639 0 0 0 0
640 0 0 0 0
641 0 0 0 0
642 0 0 0 0
643 0 0 0 0
644 0 0 0 0
645 0 0 0 0
646 0 0 0 0
647 0 0 0 0
648 0 0 0 0
649 0 0 0 0
650 0 0 0 0
651 0 0 0 0
652 0 0 0 0
653 0 0 0 0
654 0 0 0 0
655 0 0 0 0
656 0 0 0 0
657 0 0 0 0
658 0 0 0 0
659 0 0 0 0
660 0 0 0 0
661 0 0 0 0
662 0 0 0 0
663 0 0 0 0
664 0 0 0 0
665 0 0 0 0
666 0 0 0 0
667 0 0 0 0
668 0 0 0 0
669 0 0 0 0
670 0 0 0 0
671 0 0 0 0
672 0 0 0 0
673 0 0 0 0
674 0 0 0 0
675 0 0 0 0
676 0 0 0 0
677 0 0 0 0
678 0 0 0 0
679 0 0 0 0
680 0 0 0 0
681 0 0 0 0
682 0 0 0 0
683 0 0 0 0
684 0 0 0 0
685 0 0 0 0
686 0 0 0 0
687 0 0 0 0
688 0 0 0 0
689 0 0 0 0
690 0 0 0 0
691 0 0 0 0
692 0 0 0 0
693 0 0 0 0
694 0 0 0 0
695 0 0 0 0
696 0 0 0 0
697 0 0 0 0
698 0 0 0 0
699 0 0 0 0
700 0 0 0 0
701 0 0 0 0
702 0 0 0 0
703 0 0 0 0
704 0 0 0 0
705 0 0 0 0
706 0 0 0 0
707 0 0 0 0
708 0 0 0 0
709 0 0 0 0
710 0 0 0 0
711 0 0 0 0
712 0 0 0 0
713 0 0 0 0
714 0 0 0 0
715 0 0 0 0
716 0 0 0 0
717 0 0 0 0
718 0 0 0 0
719 0 0 0 0
720 0 0 0 0
721 0 0 0 0
722 0 0 0 0
723 0 0 0 0
724 0 0 0 0
725 0 0 0 0
726 0 0 0 0
727 0 0 0 0
