0 0 0 0 0
1 0 0 0 0
2 0 0 0 0
3 0 0 0 0
4 0 0 0 0
5 0 3 1 0
6 0 0 0 0
7 0 0 0 0
8 0 0 0 0
9 0 1 0 3
10 0 0 0 0
11 0 0 0 0
12 0 0 0 1
13 0 0 0 1
14 0 0 0 0
15 0 0 0 0
16 1 0 0 0
17 2 0 0 0
18 0 0 0 0
19 0 0 0 0
20 1 0 0 0
21 2 0 0 0
22 1 1 0 0
23 0 0 0 0
24 0 0 0 0
25 0 1 0 0
26 0 1 1 0
27 1 0 0 0
28 0 0 0 0
29 1 0 1 2
30 0 0 1 2
31 1 1 0 0
32 1 0 0 0
33 0 0 0 1
34 1 1 0 1
35 1 0 0 1
36 0 1 0 0
37 1 0 1 0
38 0 0 0 1
39 0 1 0 0
40 2 1 1 0
41 0 0 0 0
42 0 0 1 0
43 1 0 0 1
44 0 0 0 3
45 0 0 0 0
46 1 0 0 0
47 1 0 0 1
48 0 1 0 0
49 1 2 0 1
50 0 0 0 0
51 0 1 0 0
52 1 0 0 1
53 0 0 0 0
54 0 1 0 0
55 0 0 0 1
56 0 1 0 2
57 2 0 0 0
58 1 0 0 0
59 1 0 0 0
60 0 0 0 0
61 1 1 0 1
62 0 1 1 0
63 1 0 1 1
64 1 0 1 0
65 1 0 0 1
66 2 0 1 0
67 2 0 0 1
68 2 0 0 1
69 1 0 1 2
70 2 0 1 0
71 0 1 0 0
72 1 0 2 0
73 1 0 0 1
74 2 1 0 1
75 1 1 1 0
76 0 1 0 2
77 1 1 2 0
78 2 0 0 2
79 0 0 2 2
80 0 0 1 1
81 1 0 0 2
82 1 2 0 1
83 2 3 0 1
84 0 0 0 2
85 0 0 0 0
86 0 1 0 2
87 1 0 0 0
88 2 2 0 0
89 4 0 0 1
90 3 0 0 3
91 3 0 1 0
92 2 0 1 0
93 3 1 1 1
94 4 1 0 0
95 2 0 1 2
96 1 3 0 0
97 1 0 0 2
98 1 5 1 1
99 1 2 2 2
100 1 0 0 1
101 0 1 0 1
102 1 0 2 3
103 1 1 1 3
104 1 0 2 1
105 6 0 2 2
106 2 0 0 4
107 3 0 1 0
108 4 2 0 3
109 3 0 0 1
110 3 2 3 2
111 3 1 1 1
112 3 0 1 1
113 2 3 1 0
114 5 0 2 3
115 6 1 2 2
116 5 1 2 1
117 2 2 2 4
118 6 2 2 5
119 2 3 1 2
120 2 2 2 3
121 2 1 1 3
122 3 0 0 1
123 9 3 3 3
124 6 3 2 4
125 2 2 1 4
126 7 2 0 3
127 2 1 3 4
128 7 3 3 5
129 8 0 4 1
130 5 1 2 5
131 5 1 1 5
132 7 4 0 4
133 5 6 3 2
134 4 3 4 3
135 6 2 3 5
136 7 3 1 5
137 4 4 2 6
138 4 1 5 7
139 9 3 4 3
140 10 3 1 4
141 7 5 0 6
142 6 6 1 7
143 8 1 1 8
144 7 5 5 6
145 5 4 3 4
146 12 3 1 4
147 10 6 1 2
148 8 4 6 7
149 10 5 5 8
150 12 3 3 5
151 9 3 8 9
152 8 6 2 9
153 14 1 4 4
154 6 3 2 7
155 7 3 7 11
156 7 6 5 11
157 11 5 3 5
158 7 9 4 6
159 9 6 4 9
160 14 4 1 2
161 10 4 5 9
162 10 11 4 15
163 9 2 1 12
164 11 8 4 5
165 12 7 3 10
166 10 6 3 17
167 20 7 3 6
168 15 3 4 7
169 16 6 10 7
170 13 5 6 9
171 14 3 5 13
172 17 6 10 11
173 16 6 6 12
174 14 10 8 9
175 16 8 7 9
176 15 11 6 16
177 19 10 6 9
178 19 10 5 9
179 26 6 4 17
180 20 9 8 16
181 29 6 8 24
182 16 14 4 12
183 22 11 5 11
184 22 15 7 13
185 22 10 5 15
186 21 17 6 11
187 20 9 9 21
188 20 14 4 17
189 27 17 7 18
190 17 17 10 23
191 28 11 7 19
192 31 16 11 17
193 18 12 11 21
194 24 16 11 23
195 20 11 4 19
196 23 14 5 23
197 18 13 8 29
198 30 14 10 20
199 29 18 9 22
200 20 17 4 12
201 22 18 15 25
202 16 9 9 24
203 24 16 7 31
204 17 15 18 20
205 22 14 4 24
206 16 12 7 24
207 17 14 11 24
208 20 14 11 37
209 15 9 8 18
210 16 14 9 17
211 17 9 5 21
212 15 11 7 23
213 17 15 7 21
214 11 10 3 32
215 26 15 3 12
216 16 7 10 16
217 11 7 6 21
218 20 10 8 13
219 19 8 5 18
220 11 15 10 21
221 8 10 6 14
222 16 8 6 17
223 8 8 6 19
224 10 11 13 20
225 9 7 7 17
226 16 5 3 11
227 11 16 6 19
228 3 11 4 22
229 6 5 1 16
230 7 2 4 10
231 10 6 2 23
232 12 7 3 16
233 6 6 3 5
234 10 5 5 11
235 8 12 3 12
236 11 9 2 9
237 10 2 3 9
238 2 3 4 9
239 3 7 2 11
240 10 5 1 8
241 5 7 6 7
242 6 5 2 13
243 3 2 2 8
244 4 4 2 7
245 4 8 3 12
246 5 5 2 9
247 1 7 0 1
248 4 2 2 7
249 6 4 2 10
250 6 2 2 6
251 3 1 2 4
252 4 2 0 6
253 5 2 3 8
254 3 1 5 8
255 4 2 5 5
256 3 2 1 3
257 2 1 0 5
258 4 3 3 5
259 2 1 4 6
260 4 1 1 4
261 4 5 2 2
262 3 3 1 4
263 1 2 3 4
264 1 1 1 1
265 2 3 0 9
266 1 2 1 3
267 3 0 1 7
268 4 1 1 5
269 2 1 2 2
270 1 4 0 2
271 1 1 0 1
272 1 0 1 4
273 0 0 2 5
274 2 0 0 3
275 0 1 0 1
276 0 2 1 0
277 2 1 1 1
278 0 1 2 0
279 2 1 0 1
280 4 0 0 3
281 1 0 0 1
282 1 0 0 2
283 2 2 0 4
284 1 0 0 1
285 1 2 1 1
286 1 2 0 0
287 1 0 0 1
288 0 0 3 0
289 2 1 0 1
290 2 2 0 1
291 1 1 1 1
292 1 0 1 2
293 1 1 0 3
294 1 0 1 2
295 0 2 0 4
296 0 2 0 1
297 0 1 0 1
298 1 0 2 1
299 1 1 0 1
300 1 0 0 1
301 1 0 0 0
302 1 0 0 3
303 1 0 0 1
304 1 1 0 0
305 2 0 0 1
306 0 0 0 1
307 1 2 0 0
308 1 1 0 0
309 0 1 0 0
310 0 0 1 0
311 2 0 0 3
312 0 1 1 0
313 0 0 2 1
314 0 1 0 0
315 1 0 0 1
316 0 0 0 1
317 0 0 0 3
318 1 0 0 0
319 1 0 0 1
320 1 2 0 1
321 0 0 0 0
322 1 0 0 0
323 1 0 1 0
324 1 0 1 1
325 1 0 0 0
326 0 1 0 0
327 0 0 0 2
328 0 0 1 1
329 0 0 1 0
330 0 0 0 1
331 0 1 0 0
332 0 0 1 0
333 0 0 0 1
334 0 0 1 0
335 1 0 0 1
336 0 0 0 1
337 1 0 0 0
338 0 0 0 2
339 0 0 0 0
340 0 0 0 0
341 1 0 0 0
342 0 0 1 0
343 1 0 0 0
344 1 1 0 0
345 0 0 0 0
346 0 1 0 0
347 0 0 0 0
348 0 0 0 1
349 0 1 0 1
350 0 0 0 1
351 0 0 0 0
352 0 1 0 0
353 0 0 0 0
354 0 0 0 1
355 0 0 0 0
356 0 0 0 0
357 0 0 0 0
358 0 0 0 0
359 0 0 0 1
360 0 0 0 0
361 1 0 0 0
362 0 0 0 0
363 0 0 0 0
364 0 0 0 0
365 0 0 0 0
366 1 0 1 0
367 0 0 0 0
368 0 0 0 0
369 0 0 0 0
370 1 0 0 0
371 0 0 0 0
372 1 0 0 0
373 0 0 0 1
374 0 0 0 0
375 0 1 1 0
376 0 0 0 0
377 0 0 0 0
378 0 0 0 0
379 0 0 0 2
380 0 0 0 0
381 0 1 0 0
382 0 0 0 0
383 0 0 0 0
384 1 0 0 0
385 0 0 0 1
386 0 0 0 0
387 0 0 0 0
388 0 0 0 0
389 1 1 0 0
390 2 0 0 0
391 1 0 0 0
392 1 0 0 0
393 0 0 0 1
394 0 0 1 0
395 2 2 0 0
396 1 0 1 0
397 0 1 0 0
398 0 0 0 1
399 2 0 0 0
400 1 0 0 0
401 0 1 0 1
402 1 0 0 2
403 0 0 0 1
404 0 1 3 0
405 0 0 1 0
406 0 0 0 0
407 0 0 0 0
408 0 0 0 3
409 0 0 1 1
410 3 0 0 0
411 1 0 0 2
412 0 0 0 0
413 0 0 0 1
414 1 0 0 0
415 0 1 1 0
416 0 0 0 0
417 1 0 0 0
418 1 0 0 0
419 0 1 0 0
420 1 1 0 0
421 0 0 0 0
422 0 0 0 2
423 2 2 0 0
424 0 0 0 1
425 0 1 0 0
426 1 0 1 1
427 0 0 0 1
428 0 1 0 1
429 0 0 0 1
430 0 0 0 1
431 0 1 0 0
432 1 1 0 0
433 0 0 0 0
434 1 0 0 0
435 0 0 0 1
436 0 0 0 1
437 0 1 0 0
438 0 0 0 1
439 0 1 0 0
440 1 0 0 0
441 0 0 0 1
442 1 0 0 0
443 0 0 0 0
444 1 0 0 0
445 0 0 0 0
446 1 0 0 1
447 1 0 0 0
448 1 0 0 0
449 1 1 1 0
450 1 0 0 0
451 1 1 0 0
452 1 0 1 0
453 1 1 0 2
454 2 0 0 0
455 0 0 1 1
456 1 1 1 1
457 0 1 0 1
458 0 0 0 0
459 0 1 1 1
460 1 0 0 0
461 0 0 0 1
462 0 0 1 1
463 0 0 1 2
464 0 0 0 0
465 1 1 1 0
466 2 0 0 1
467 1 0 0 0
468 0 0 0 0
469 1 0 0 2
470 1 1 0 1
471 0 0 0 0
472 1 1 0 1
473 0 0 0 0
474 1 0 0 0
475 3 1 2 0
476 5 0 0 0
477 2 0 0 1
478 2 1 0 0
479 1 1 0 2
480 1 1 1 0
481 2 3 1 0
482 1 0 0 2
483 0 0 0 1
484 1 2 0 0
485 2 2 0 3
486 0 3 0 0
487 0 1 2 1
488 2 0 0 4
489 0 0 2 1
490 1 2 0 1
491 1 0 0 3
492 0 0 0 1
493 1 2 0 2
494 0 1 0 1
495 3 0 1 0
496 1 1 0 2
497 3 0 0 4
498 1 1 0 1
499 2 0 0 0
500 2 0 0 1
501 3 1 1 0
502 4 1 0 1
503 0 0 0 0
504 3 0 2 0
505 2 1 1 1
506 0 4 1 1
507 3 3 1 1
508 4 1 1 2
509 0 2 0 1
510 1 1 1 1
511 2 1 0 2
512 3 1 1 2
513 3 2 0 6
514 1 0 0 3
515 1 0 0 2
516 4 2 0 2
517 3 1 3 4
518 1 2 1 0
519 3 1 0 0
520 4 3 0 0
521 2 3 2 2
522 4 2 0 1
523 4 1 0 1
524 3 2 1 5
525 4 1 0 4
526 3 2 1 2
527 2 2 1 1
528 4 2 2 5
529 2 1 2 1
530 4 1 2 3
531 3 3 2 4
532 3 1 2 3
533 5 5 0 4
534 2 0 1 1
535 2 2 0 2
536 0 2 1 1
537 2 0 1 4
538 0 3 0 5
539 4 1 3 4
540 2 0 1 3
541 3 2 1 1
542 7 6 0 2
543 9 0 0 5
544 3 3 0 2
545 3 0 2 4
546 2 2 1 5
547 3 3 0 0
548 6 2 4 2
549 3 0 2 2
550 5 2 0 1
551 1 4 1 3
552 1 4 1 4
553 3 3 1 4
554 4 2 1 3
555 5 2 2 7
556 3 3 0 2
557 2 2 1 3
558 4 0 2 4
559 8 3 2 6
560 3 1 0 3
561 2 1 1 4
562 4 2 1 1
563 2 2 2 5
564 4 5 2 0
565 8 2 0 3
566 1 2 0 5
567 3 3 1 4
568 3 3 3 3
569 2 5 0 0
570 4 4 2 1
571 2 3 0 6
572 4 1 1 5
573 6 1 2 3
574 4 2 2 9
575 5 3 0 3
576 1 3 0 3
577 3 2 2 5
578 3 3 2 5
579 6 3 1 5
580 3 3 3 2
581 5 1 0 3
582 3 2 1 3
583 1 1 1 3
584 1 4 0 5
585 1 2 0 2
586 3 2 4 4
587 1 1 4 3
588 0 1 2 4
589 4 2 1 2
590 1 0 0 5
591 1 2 1 4
592 1 2 0 1
593 1 0 0 6
594 2 1 1 3
595 1 2 0 3
596 1 0 0 2
597 0 0 1 0
598 0 2 1 2
599 1 1 0 2
600 0 2 0 0
601 1 1 0 2
602 1 0 1 2
603 0 1 0 0
604 0 0 1 2
605 0 0 0 3
606 0 1 0 1
607 0 0 0 0
608 0 0 0 1
609 0 0 0 1
610 0 0 0 1
611 1 1 0 0
612 0 0 0 0
613 0 0 0 1
614 0 0 0 0
615 0 0 0 0
616 0 0 0 0
617 1 0 0 0
618 1 0 0 1
619 0 0 0 0
620 0 0 1 0
621 0 0 0 0
622 0 0 1 0
623 0 0 0 0
624 0 0 0 0
625 0 0 0 0
626 0 0 0 1
627 0 1 0 1
628 0 0 0 0
629 0 0 0 0
630 0 0 0 0
631 0 0 0 1
632 0 0 0 0
633 0 0 0 0
634 0 0 0 0
635 0 0 0 0
636 0 0 0 0
637 0 0 0 0
638 0 0 0 0
639 0 0 0 0
640 0 0 0 0
641 0 0 0 0
642 0 0 0 0
643 0 0 0 0
644 0 0 0 0
645 0 0 0 0
646 0 0 0 0
647 0 0 0 0
648 0 0 0 0
649 0 0 0 0
650 0 0 0 0
651 0 0 0 0
652 0 0 0 0
653 0 0 0 0
654 0 0 0 0
655 0 0 0 0
656 0 0 0 0
657 0 0 0 0
658 0 0 0 0
659 0 0 0 0
660 0 0 0 0
661 0 0 0 0
662 0 0 0 0
663 0 0 0 0
664 0 0 0 0
665 0 0 0 0
666 0 0 0 0
667 0 0 0 0
668 0 0 0 0
669 0 0 0 0
670 0 0 0 0
671 0 0 0 0
672 0 0 0 0
673 0 0 0 0
674 0 0 0 0
675 0 0 0 0
676 0 0 0 0
677 0 0 0 0
678 0 0 0 0
679 0 0 0 0
680 0 0 0 0
681 0 0 0 0
682 0 0 0 0
683 0 0 0 0
684 0 0 0 0
685 0 0 0 0
686 0 0 0 0
687 0 0 0 0
688 0 0 0 0
689 0 0 0 0
690 0 0 0 0
691 0 0 0 0
692 0 0 0 0
693 0 0 0 0
694 0 0 0 0
695 0 0 0 0
696 0 0 0 0
697 0 0 0 0
698 0 0 0 0
699 0 0 0 0
700 0 0 0 0
701 0 0 0 0
702 0 0 0 0
703 0 0 0 0
704 0 0 0 0
705 0 0 0 0
706 0 0 0 0
707 0 0 0 0
708 0 0 0 0
709 0 0 0 0
710 0 0 0 0
711 0 0 0 0
712 0 0 0 0
713 0 0 0 0
714 0 0 0 0
715 0 0 0 0
716 0 0 0 0
717 0 0 0 0
718 0 0 0 0
719 0 0 0 0
720 0 0 0 0
721 0 0 0 0
722 0 0 0 0
723 0 0 0 0
724 0 0 0 0
725 0 0 0 0
726 0 0 0 0
727 0 0 0 0
