0 0 0 0 0
1 0 0 0 0
2 0 0 0 0
3 0 0 0 0
4 0 0 0 0
5 0 0 1 0
6 0 0 0 0
7 0 0 0 0
8 0 0 0 0
9 0 3 1 1
10 0 0 0 0
11 0 0 0 0
12 0 0 0 0
13 0 0 0 2
14 0 0 0 0
15 0 0 0 0
16 0 0 0 2
17 0 0 0 0
18 0 0 0 0
19 0 0 0 0
20 0 0 0 0
21 0 0 0 0
22 2 0 0 0
23 1 0 0 0
24 1 0 0 0
25 0 0 0 0
26 0 0 0 0
27 2 0 0 0
28 0 1 0 0
29 0 0 0 0
30 3 0 0 0
31 0 2 0 0
32 0 0 1 0
33 2 1 0 0
34 2 0 0 0
35 1 0 1 3
36 0 1 0 1
37 3 0 0 0
38 0 1 0 0
39 0 1 2 0
40 0 0 1 2
41 0 0 0 0
42 1 2 0 2
43 2 0 1 1
44 2 0 0 1
45 0 0 0 0
46 1 1 1 3
47 2 0 1 0
48 1 1 0 0
49 2 1 0 1
50 3 0 1 2
51 2 0 1 0
52 2 2 0 1
53 2 0 1 2
54 1 1 1 1
55 3 0 2 1
56 1 2 0 1
57 1 1 0 2
58 0 0 2 1
59 3 1 1 1
60 2 0 1 2
61 0 1 0 2
62 1 1 0 2
63 3 0 0 3
64 2 2 1 1
65 1 1 1 1
66 4 0 1 0
67 3 2 0 1
68 2 0 1 2
69 2 1 1 3
70 3 0 0 1
71 4 0 2 1
72 2 3 0 1
73 1 1 2 1
74 1 0 1 2
75 0 1 3 2
76 1 2 2 3
77 4 0 1 2
78 6 2 1 1
79 1 1 2 3
80 4 1 0 3
81 5 1 2 1
82 2 0 0 2
83 3 1 2 4
84 3 1 0 2
85 2 1 1 4
86 4 6 0 1
87 7 1 4 1
88 6 2 0 1
89 4 4 1 2
90 6 3 0 6
91 4 1 2 4
92 5 3 4 3
93 3 3 1 4
94 2 3 1 3
95 2 4 0 4
96 3 3 2 3
97 2 1 2 4
98 4 1 1 1
99 4 3 1 8
100 3 2 0 3
101 9 2 3 6
102 4 2 1 4
103 4 3 1 4
104 6 2 1 2
105 6 2 2 2
106 9 3 1 3
107 2 4 0 3
108 11 1 2 6
109 6 2 3 3
110 8 6 2 2
111 6 5 1 3
112 5 4 0 4
113 5 4 6 6
114 1 5 2 8
115 9 2 6 4
116 6 5 1 4
117 7 3 3 11
118 6 3 2 8
119 7 5 0 6
120 8 4 4 5
121 6 1 2 4
122 9 6 1 5
123 9 2 2 7
124 7 3 3 7
125 6 5 5 4
126 5 3 2 7
127 8 5 1 5
128 5 4 1 7
129 9 6 2 13
130 7 4 7 5
131 14 7 1 6
132 12 4 4 2
133 16 1 2 3
134 6 4 3 8
135 11 5 1 8
136 11 5 5 11
137 6 7 1 6
138 7 11 3 9
139 8 3 1 6
140 11 12 4 6
141 8 6 7 8
142 6 3 4 12
143 11 8 3 8
144 6 3 4 16
145 14 6 5 9
146 12 7 4 6
147 7 3 2 13
148 10 3 6 11
149 14 8 1 7
150 8 6 2 9
151 14 6 2 7
152 14 9 4 11
153 18 5 1 11
154 17 14 0 5
155 12 8 4 8
156 20 4 3 10
157 23 7 3 9
158 13 11 8 11
159 17 8 6 14
160 16 5 9 5
161 14 9 8 11
162 13 13 7 12
163 18 7 5 10
164 11 10 7 15
165 7 10 11 18
166 13 13 5 20
167 16 3 11 13
168 17 7 9 19
169 19 5 4 19
170 16 8 5 16
171 16 9 2 17
172 22 11 6 20
173 22 7 6 10
174 19 10 3 12
175 13 8 7 9
176 21 11 8 17
177 15 11 12 7
178 24 16 6 12
179 24 15 5 16
180 21 7 6 20
181 26 11 10 19
182 14 11 5 22
183 15 13 7 17
184 26 12 6 19
185 22 12 8 22
186 22 15 7 21
187 28 9 9 9
188 21 13 7 21
189 23 17 9 14
190 25 13 8 26
191 25 8 8 20
192 27 9 10 19
193 22 16 5 26
194 34 9 14 15
195 25 16 10 22
196 25 21 8 18
197 20 15 14 21
198 13 17 10 20
199 26 15 10 30
200 21 22 9 25
201 22 15 10 22
202 17 11 11 28
203 24 12 7 34
204 16 19 9 26
205 22 14 8 25
206 28 12 7 15
207 12 13 6 30
208 15 6 10 23
209 21 11 8 21
210 15 11 5 17
211 18 9 6 23
212 13 11 11 22
213 17 10 5 23
214 9 13 15 20
215 13 15 13 12
216 13 10 6 19
217 11 3 7 16
218 12 10 8 22
219 10 7 4 25
220 9 10 7 19
221 9 7 6 17
222 11 9 6 21
223 9 5 5 13
224 8 3 6 16
225 6 6 3 16
226 10 9 4 13
227 8 4 3 8
228 11 8 2 9
229 9 5 4 11
230 5 4 2 11
231 6 5 8 11
232 9 4 4 12
233 5 6 6 13
234 7 7 4 5
235 8 3 2 10
236 6 3 5 6
237 7 7 3 10
238 2 2 1 15
239 10 5 2 10
240 6 4 2 9
241 3 6 2 12
242 2 2 2 1
243 2 3 4 7
244 2 5 6 7
245 5 5 0 7
246 2 4 3 7
247 3 1 0 6
248 6 2 3 7
249 3 2 1 6
250 7 1 3 7
251 6 3 2 4
252 4 2 0 3
253 4 1 2 5
254 3 1 1 3
255 1 5 0 5
256 6 5 2 2
257 3 2 4 3
258 1 3 0 5
259 3 3 1 2
260 3 1 0 7
261 3 2 3 4
262 0 2 2 5
263 2 2 1 5
264 1 2 0 2
265 3 4 1 6
266 0 5 1 4
267 1 0 0 2
268 1 2 1 4
269 2 0 1 5
270 0 1 1 4
271 1 0 0 1
272 1 1 0 4
273 0 0 0 3
274 1 1 0 2
275 0 0 1 0
276 1 1 0 2
277 2 0 1 0
278 2 1 0 0
279 2 0 1 1
280 0 0 0 0
281 1 0 1 2
282 0 0 0 0
283 0 2 0 1
284 0 0 0 0
285 0 1 0 1
286 1 1 1 1
287 2 1 0 2
288 1 1 1 1
289 1 0 0 0
290 0 0 0 0
291 0 0 0 1
292 0 0 1 2
293 0 0 0 2
294 0 1 1 0
295 0 0 0 1
296 0 1 0 1
297 0 0 1 0
298 0 0 0 2
299 0 0 0 0
300 0 0 0 0
301 0 0 0 0
302 0 0 0 0
303 0 0 0 2
304 0 0 0 0
305 1 0 0 0
306 0 0 0 0
307 3 0 0 0
308 3 0 0 0
309 3 0 0 0
310 1 1 0 0
311 0 0 0 0
312 0 0 1 0
313 0 0 0 0
314 0 2 1 1
315 0 1 0 0
316 0 1 1 1
317 0 1 1 0
318 0 0 1 1
319 0 0 0 1
320 0 0 0 1
321 0 0 0 4
322 0 0 0 0
323 0 0 0 1
324 0 0 0 0
325 0 0 0 1
326 0 0 0 0
327 0 0 0 0
328 0 0 0 0
329 0 0 0 0
330 0 0 0 0
331 1 0 0 0
332 0 0 0 0
333 1 0 0 0
334 1 0 0 0
335 1 0 0 0
336 0 0 1 0
337 0 0 0 0
338 0 1 0 0
339 0 0 1 0
340 0 1 0 0
341 0 0 0 0
342 1 0 0 1
343 0 0 0 2
344 1 0 0 1
345 0 0 0 0
346 0 0 0 0
347 0 0 0 0
348 0 0 0 0
349 0 1 0 0
350 0 0 0 0
351 0 0 1 0
352 0 0 0 0
353 0 0 0 0
354 0 0 0 0
355 0 0 0 1
356 0 0 0 1
357 0 0 0 0
358 0 0 0 0
359 1 0 0 0
360 0 0 0 0
361 0 0 0 0
362 0 0 0 0
363 0 0 0 0
364 0 1 0 0
365 0 0 0 0
366 0 0 0 0
367 0 0 0 0
368 0 0 0 1
369 0 0 0 0
370 0 0 0 0
371 0 0 0 0
372 0 0 0 0
373 0 0 0 0
374 0 0 0 0
375 0 0 0 0
376 0 0 0 0
377 0 0 0 0
378 0 0 0 0
379 0 0 0 0
380 0 0 0 0
381 0 0 0 0
382 0 0 0 0
383 0 0 0 0
384 0 0 0 0
385 0 0 0 0
386 0 0 0 0
387 0 0 0 0
388 0 0 0 0
389 0 0 0 0
390 0 0 0 0
391 0 0 0 0
392 0 0 0 0
393 0 0 0 0
394 0 0 0 0
395 0 0 0 0
396 0 0 0 0
397 0 0 0 0
398 0 0 0 0
399 0 0 0 0
400 0 0 0 0
401 0 0 0 0
402 0 0 0 0
403 0 0 0 0
404 0 0 0 0
405 0 0 0 0
406 0 0 0 0
407 0 0 0 0
408 0 0 0 0
409 0 0 0 0
410 0 0 0 0
411 0 0 0 0
412 0 0 0 0
413 0 0 0 0
414 0 0 0 0
415 0 0 0 0
416 0 0 0 0
417 0 0 0 0
418 0 0 0 0
419 0 0 0 0
420 0 0 0 0
421 0 0 0 0
422 0 0 0 0
423 0 0 0 0
424 0 0 0 0
425 0 0 0 0
426 0 0 0 0
427 0 0 0 0
428 0 0 0 0
429 0 0 0 0
430 0 0 0 0
431 0 0 0 0
432 0 0 0 0
433 0 0 0 0
434 0 0 0 0
435 0 0 0 0
436 0 0 0 0
437 0 0 0 0
438 0 0 0 0
439 0 0 0 0
440 0 0 0 0
441 0 0 0 0
442 0 0 0 0
443 0 0 0 0
444 0 0 0 0
445 0 0 0 0
446 0 0 0 0
447 0 0 0 0
448 0 0 0 0
449 0 0 0 0
450 0 0 0 0
451 0 0 0 0
452 0 0 0 0
453 0 0 0 0
454 0 0 0 0
455 0 0 0 0
456 0 0 0 0
457 0 0 0 0
458 0 0 0 0
459 0 0 0 0
460 0 0 0 0
461 0 0 0 0
462 0 0 0 0
463 0 0 0 0
464 0 0 0 0
465 0 0 0 0
466 0 0 0 0
467 0 0 0 0
468 0 0 0 0
469 0 0 0 0
470 0 0 0 0
471 0 0 0 0
472 0 0 0 0
473 0 0 0 0
474 0 0 0 0
475 0 0 0 0
476 0 0 0 0
477 0 0 0 0
478 0 0 0 0
479 0 0 0 0
480 0 0 0 0
481 0 0 0 0
482 0 0 0 0
483 0 0 0 0
484 0 0 0 0
485 0 0 0 0
486 0 0 0 0
487 0 0 0 0
488 0 0 0 0
489 0 0 0 0
490 0 0 0 0
491 0 0 0 0
492 0 0 0 0
493 0 0 0 0
494 0 0 0 0
495 0 0 0 0
496 0 0 0 0
497 0 0 0 0
498 0 0 0 0
499 0 0 0 0
500 0 0 0 0
501 0 0 0 0
502 0 0 0 0
503 0 0 0 0
504 0 0 0 0
505 0 0 0 0
506 0 0 0 0
507 0 0 0 0
508 0 0 0 0
509 0 0 0 0
510 0 0 0 0
511 0 0 0 0
512 0 0 0 0
513 0 0 0 0
514 0 0 0 0
515 0 0 0 0
516 0 0 0 0
517 0 0 0 0
518 0 0 0 0
519 0 0 0 0
520 0 0 0 0
521 0 0 0 0
522 0 0 0 0
523 0 0 0 0
524 0 0 0 0
525 0 0 0 0
526 0 0 0 0
527 0 0 0 0
528 0 0 0 0
529 0 0 0 0
530 0 0 0 0
531 0 0 0 0
532 0 0 0 0
533 0 0 0 0
534 0 0 0 0
535 0 0 0 0
536 0 0 0 0
537 0 0 0 0
538 0 0 0 0
539 0 0 0 0
540 0 0 0 0
541 0 0 0 0
542 0 0 0 0
543 0 0 0 0
544 0 0 0 0
545 0 0 0 0
546 0 0 0 0
547 0 0 0 0
548 0 0 0 0
549 0 0 0 0
550 0 0 0 0
551 0 0 0 0
552 0 0 0 0
553 0 0 0 0
554 0 0 0 0
555 0 0 0 0
556 0 0 0 0
557 0 0 0 0
558 0 0 0 0
559 0 0 0 0
560 0 0 0 0
561 0 0 0 0
562 0 0 0 0
563 0 0 0 0
564 0 0 0 0
565 0 0 0 0
566 0 0 0 0
567 0 0 0 0
568 0 0 0 0
569 0 0 0 0
570 0 0 0 0
571 0 0 0 0
572 0 0 0 0
573 0 0 0 0
574 0 0 0 0
575 0 0 0 0
576 0 0 0 0
577 0 0 0 0
578 0 0 0 0
579 0 0 0 0
580 0 0 0 0
581 0 0 0 0
582 0 0 0 0
583 0 0 0 0
584 0 0 0 0
585 0 0 0 0
586 0 0 0 0
587 0 0 0 0
588 0 0 0 0
589 0 0 0 0
590 0 0 0 0
591 0 0 0 0
592 0 0 0 0
593 0 0 0 0
594 0 0 0 0
595 0 0 0 0
596 0 0 0 0
597 0 0 0 0
598 0 0 0 0
599 0 0 0 0
600 0 0 0 0
601 0 0 0 0
602 0 0 0 0
603 0 0 0 0
604 0 0 0 0
605 0 0 0 0
606 0 0 0 0
607 0 0 0 0
608 0 0 0 0
609 0 0 0 0
610 0 0 0 0
611 0 0 0 0
612 0 0 0 0
613 0 0 0 0
614 0 0 0 0
615 0 0 0 0
616 0 0 0 0
617 0 0 0 0
618 0 0 0 0
619 0 0 0 0
620 0 0 0 0
621 0 0 0 0
622 0 0 0 0
623 0 0 0 0
624 0 0 0 0
625 0 0 0 0
626 0 0 0 0
627 0 0 0 0
628 0 0 0 0
629 0 0 0 0
630 0 0 0 0
631 0 0 0 0
632 0 0 0 0
633 0 0 0 0
634 0 0 0 0
635 0 0 0 0
636 0 0 0 0
637 0 0 0 0
638 0 0 0 0
639 0 0 0 0
640 0 0 0 0
641 0 0 0 0
642 0 0 0 0
643 0 0 0 0
644 0 0 0 0
645 0 0 0 0
646 0 0 0 0
647 0 0 0 0
648 0 0 0 0
649 0 0 0 0
650 0 0 0 0
651 0 0 0 0
652 0 0 0 0
653 0 0 0 0
654 0 0 0 0
655 0 0 0 0
656 0 0 0 0
657 0 0 0 0
658 0 0 0 0
659 0 0 0 0
660 0 0 0 0
661 0 0 0 0
662 0 0 0 0
663 0 0 0 0
664 0 0 0 0
665 0 0 0 0
666 0 0 0 0
667 0 0 0 0
668 0 0 0 0
669 0 0 0 0
670 0 0 0 0
671 0 0 0 0
672 0 0 0 0
673 0 0 0 0
674 0 0 0 0
675 0 0 0 0
676 0 0 0 0
677 0 0 0 0
678 0 0 0 0
679 0 0 0 0
680 0 0 0 0
681 0 0 0 0
682 0 0 0 0
683 0 0 0 0
684 0 0 0 0
685 0 0 0 0
686 0 0 0 0
687 0 0 0 0
688 0 0 0 0
689 0 0 0 0
690 0 0 0 0
691 0 0 0 0
692 0 0 0 0
693 0 0 0 0
694 0 0 0 0
695 0 0 0 0
696 0 0 0 0
697 0 0 0 0
698 0 0 0 0
699 0 0 0 0
700 0 0 0 0
701 0 0 0 0
702 0 0 0 0
703 0 0 0 0
704 0 0 0 0
705 0 0 0 0
706 0 0 0 0
707 0 0 0 0
708 0 0 0 0
709 0 0 0 0
710 0 0 0 0
711 0 0 0 0
712 0 0 0 0
713 0 0 0 0
714 0 0 0 0
715 0 0 0 0
716 0 0 0 0
717 0 0 0 0
718 0 0 0 0
719 0 0 0 0
720 0 0 0 0
721 0 0 0 0
722 0 0 0 0
723 0 0 0 0
724 0 0 0 0
725 0 0 0 0
726 0 0 0 0
727 0 0 0 0
