0 0 0 0 0
1 0 0 0 0
2 0 0 0 0
3 0 0 0 0
4 0 0 0 0
5 0 2 1 0
6 0 0 0 0
7 0 0 0 0
8 0 0 0 0
9 0 1 1 3
10 0 0 0 0
11 0 0 0 0
12 0 0 0 0
13 0 0 0 0
14 0 0 0 0
15 0 0 0 0
16 0 0 0 2
17 1 0 0 0
18 1 0 0 0
19 0 0 0 0
20 0 0 0 0
21 1 0 0 0
22 0 0 0 0
23 0 0 0 0
24 0 0 0 0
25 0 0 0 0
26 2 1 0 0
27 0 1 1 0
28 0 0 0 0
29 0 0 0 0
30 0 0 0 1
31 1 0 1 1
32 1 0 0 0
33 0 0 0 0
34 0 0 0 1
35 0 1 0 0
36 0 0 1 0
37 0 0 0 0
38 0 0 0 1
39 0 0 0 0
40 0 0 0 1
41 0 1 0 0
42 0 0 0 1
43 0 0 0 0
44 1 0 0 0
45 0 0 0 0
46 1 0 0 1
47 0 0 0 0
48 0 0 0 0
49 0 1 0 0
50 0 0 0 0
51 2 0 0 0
52 1 0 0 0
53 0 0 0 1
54 0 0 0 0
55 0 1 0 0
56 1 0 0 0
57 0 0 0 0
58 0 0 0 0
59 1 0 0 0
60 0 1 1 0
61 0 2 0 0
62 1 0 0 1
63 0 0 0 0
64 1 0 0 1
65 1 0 0 1
66 0 0 0 0
67 1 0 0 1
68 0 1 0 1
69 0 0 0 0
70 0 0 1 0
71 0 1 0 0
72 1 0 0 0
73 1 1 0 0
74 1 0 0 1
75 0 0 0 2
76 1 1 0 0
77 0 0 1 0
78 0 1 0 0
79 0 1 0 0
80 1 0 0 1
81 0 1 0 0
82 2 0 0 1
83 2 0 0 2
84 2 0 0 1
85 2 1 0 1
86 1 0 0 0
87 2 1 0 0
88 2 0 1 0
89 0 1 0 0
90 3 1 0 0
91 0 1 1 1
92 2 2 1 2
93 0 1 1 0
94 0 1 0 1
95 2 2 0 0
96 1 1 0 5
97 1 1 1 0
98 1 0 0 2
99 0 0 0 1
100 1 1 0 3
101 0 0 1 1
102 0 0 0 1
103 2 0 1 0
104 2 1 0 1
105 0 1 0 1
106 2 1 0 0
107 3 0 0 1
108 2 0 0 1
109 1 3 0 1
110 3 0 0 2
111 1 0 1 0
112 1 2 0 0
113 2 1 0 2
114 3 1 0 0
115 3 2 0 0
116 2 2 2 3
117 3 2 0 1
118 4 0 1 2
119 1 1 2 1
120 1 2 0 4
121 0 2 0 1
122 2 2 1 1
123 4 0 2 3
124 0 1 0 3
125 1 0 0 1
126 3 0 1 1
127 3 3 1 2
128 1 0 1 1
129 2 1 0 2
130 2 0 0 1
131 0 2 1 4
132 2 4 2 1
133 4 0 0 2
134 2 0 2 1
135 3 2 1 1
136 1 0 1 3
137 3 1 1 0
138 2 2 2 4
139 5 0 2 5
140 6 0 3 0
141 2 2 0 2
142 3 4 0 4
143 1 0 2 3
144 1 3 2 1
145 7 2 1 2
146 7 1 0 2
147 4 2 1 4
148 2 0 0 4
149 4 2 2 4
150 3 3 1 1
151 7 1 3 3
152 4 3 1 1
153 4 0 0 2
154 3 5 1 5
155 0 2 2 2
156 6 4 1 6
157 2 1 2 1
158 3 2 1 6
159 1 2 2 0
160 6 2 2 3
161 4 4 1 4
162 0 1 3 7
163 1 0 2 3
164 0 1 0 5
165 1 5 5 2
166 3 2 1 6
167 3 2 0 1
168 5 1 0 4
169 5 0 0 8
170 6 2 1 2
171 3 0 1 3
172 8 0 0 4
173 7 1 2 0
174 2 3 1 2
175 5 3 2 2
176 5 2 1 0
177 5 4 3 1
178 3 6 2 1
179 5 2 0 2
180 6 4 1 3
181 2 3 2 8
182 5 4 2 5
183 4 1 1 3
184 4 2 0 5
185 4 4 2 8
186 9 2 0 5
187 4 2 4 4
188 3 4 2 4
189 3 6 0 6
190 2 3 0 1
191 7 4 1 3
192 5 1 3 6
193 8 0 1 5
194 7 5 1 7
195 6 2 5 4
196 10 2 1 5
197 7 1 3 2
198 3 1 2 5
199 5 2 2 7
200 6 6 4 2
201 5 4 3 5
202 5 6 2 1
203 5 3 3 5
204 1 3 1 9
205 5 4 4 9
206 2 4 2 5
207 7 3 2 8
208 3 5 2 2
209 7 2 2 5
210 1 5 2 7
211 7 1 2 8
212 7 7 0 9
213 5 0 0 4
214 2 5 1 4
215 2 1 0 6
216 4 5 3 5
217 3 4 2 3
218 7 3 3 6
219 1 0 0 4
220 3 1 2 6
221 8 1 4 6
222 3 4 0 1
223 5 6 2 2
224 6 0 1 2
225 3 4 0 11
226 2 4 2 3
227 1 2 1 7
228 2 2 1 0
229 2 4 0 4
230 2 2 4 5
231 2 1 2 3
232 2 2 0 3
233 1 1 4 5
234 2 2 1 4
235 4 0 0 2
236 3 3 0 4
237 5 0 0 6
238 1 0 1 3
239 2 1 1 0
240 0 1 1 3
241 2 3 2 3
242 1 1 1 1
243 4 0 2 3
244 3 2 0 1
245 6 0 0 3
246 3 4 1 0
247 1 1 1 3
248 0 4 1 2
249 0 0 0 3
250 1 2 1 2
251 1 0 0 2
252 0 0 1 2
253 3 2 1 3
254 0 2 2 2
255 1 1 1 3
256 1 0 2 0
257 1 0 0 4
258 1 3 0 2
259 0 0 1 1
260 1 0 0 1
261 1 0 0 2
262 1 0 0 4
263 1 0 0 2
264 0 1 0 0
265 0 2 0 2
266 0 1 0 0
267 0 0 1 0
268 0 0 0 1
269 1 0 0 1
270 1 1 0 0
271 0 0 1 2
272 1 0 1 1
273 0 0 0 0
274 2 0 0 1
275 0 0 0 1
276 1 0 0 1
277 0 0 0 0
278 1 1 0 0
279 0 0 1 0
280 1 0 0 0
281 2 1 1 0
282 1 0 0 0
283 2 2 1 1
284 2 0 0 0
285 0 0 0 1
286 0 1 0 0
287 0 1 0 2
288 0 1 1 2
289 0 2 0 0
290 0 0 1 1
291 0 0 0 1
292 0 0 0 0
293 0 1 0 2
294 0 0 0 0
295 1 0 0 2
296 1 0 0 1
297 0 0 0 1
298 0 0 0 0
299 0 0 0 0
300 1 0 0 1
301 0 1 0 0
302 1 0 0 0
303 0 0 0 0
304 0 1 0 0
305 1 0 1 0
306 0 0 0 0
307 0 1 0 0
308 0 0 0 2
309 0 0 0 0
310 0 0 0 0
311 0 0 0 1
312 0 0 0 1
313 0 0 1 0
314 0 0 0 0
315 0 0 0 0
316 0 0 0 0
317 0 0 0 1
318 0 0 0 0
319 0 0 0 0
320 0 0 0 0
321 0 0 0 0
322 0 0 0 0
323 0 0 0 0
324 0 0 0 0
325 0 0 0 0
326 0 0 0 0
327 0 0 0 0
328 0 0 0 0
329 0 0 0 0
330 0 0 0 0
331 0 0 0 0
332 1 0 0 0
333 0 0 0 0
334 0 0 0 0
335 0 0 0 0
336 0 0 0 0
337 0 0 0 0
338 0 0 0 0
339 0 0 0 0
340 0 0 0 0
341 0 1 0 0
342 0 0 0 0
343 0 0 0 0
344 0 0 0 0
345 0 0 0 0
346 0 0 0 0
347 0 0 0 0
348 0 0 0 1
349 0 0 0 0
350 0 0 0 0
351 0 0 0 0
352 0 0 0 0
353 0 0 0 0
354 0 0 0 0
355 0 0 0 0
356 0 0 0 0
357 0 0 0 0
358 0 0 0 0
359 0 0 0 0
360 0 0 0 0
361 0 0 0 0
362 0 0 0 0
363 0 0 0 0
364 0 0 0 0
365 0 0 0 0
366 0 0 0 0
367 0 0 0 0
368 0 0 0 0
369 0 0 0 0
370 0 0 0 0
371 0 0 0 0
372 0 0 0 0
373 0 0 0 0
374 0 0 0 0
375 0 0 0 0
376 0 0 0 0
377 0 0 0 0
378 0 0 0 0
379 0 0 0 0
380 0 0 0 0
381 0 0 0 0
382 0 0 0 0
383 0 0 0 0
384 0 0 0 0
385 0 0 0 0
386 0 0 0 0
387 0 0 0 0
388 0 0 0 0
389 0 0 0 0
390 0 0 0 0
391 0 0 0 0
392 0 0 0 0
393 0 0 0 0
394 0 0 0 0
395 0 0 0 0
396 0 0 0 0
397 0 0 0 0
398 0 0 0 0
399 0 0 0 0
400 0 0 0 0
401 0 0 0 0
402 0 0 0 0
403 0 0 0 0
404 0 0 0 0
405 0 0 0 0
406 0 0 0 0
407 0 0 0 0
408 0 0 0 0
409 0 0 0 0
410 0 0 0 0
411 0 0 0 0
412 0 0 0 0
413 0 0 0 0
414 0 0 0 0
415 0 0 0 0
416 0 0 0 0
417 0 0 0 0
418 0 0 0 0
419 0 0 0 0
420 0 0 0 0
421 0 0 0 0
422 0 0 0 0
423 0 0 0 0
424 0 0 0 0
425 0 0 0 0
426 0 0 0 0
427 0 0 0 0
428 0 0 0 0
429 0 0 0 0
430 0 0 0 0
431 0 0 0 0
432 0 0 0 0
433 0 0 0 0
434 0 0 0 0
435 0 0 0 0
436 0 0 0 0
437 0 0 0 0
438 0 0 0 0
439 0 0 0 0
440 0 0 0 0
441 0 0 0 0
442 0 0 0 0
443 0 0 0 0
444 0 0 0 0
445 0 0 0 0
446 0 0 0 0
447 0 0 0 0
448 0 0 0 0
449 0 0 0 0
450 0 0 0 0
451 0 0 0 0
452 0 0 0 0
453 0 0 0 0
454 0 0 0 0
455 0 0 0 0
456 0 0 0 0
457 0 0 0 0
458 0 0 0 0
459 0 0 0 0
460 0 0 0 0
461 0 0 0 0
462 0 0 0 0
463 0 0 0 0
464 0 0 0 0
465 0 0 0 0
466 0 0 0 0
467 0 0 0 0
468 0 0 0 0
469 0 0 0 0
470 0 0 0 0
471 0 0 0 0
472 0 0 0 0
473 0 0 0 0
474 0 0 0 0
475 0 0 0 0
476 0 0 0 0
477 0 0 0 0
478 0 0 0 0
479 0 0 0 0
480 0 0 0 0
481 0 0 0 0
482 0 0 0 0
483 0 0 0 0
484 0 0 0 0
485 0 0 0 0
486 0 0 0 0
487 0 0 0 0
488 0 0 0 0
489 0 0 0 0
490 0 0 0 0
491 0 0 0 0
492 0 0 0 0
493 0 0 0 0
494 0 0 0 0
495 0 0 0 0
496 0 0 0 0
497 0 0 0 0
498 0 0 0 0
499 0 0 0 0
500 0 0 0 0
501 0 0 0 0
502 0 0 0 0
503 0 0 0 0
504 0 0 0 0
505 0 0 0 0
506 0 0 0 0
507 0 0 0 0
508 0 0 0 0
509 0 0 0 0
510 0 0 0 0
511 0 0 0 0
512 0 0 0 0
513 0 0 0 0
514 0 0 0 0
515 0 0 0 0
516 0 0 0 0
517 0 0 0 0
518 0 0 0 0
519 0 0 0 0
520 0 0 0 0
521 0 0 0 0
522 0 0 0 0
523 0 0 0 0
524 0 0 0 0
525 0 0 0 0
526 0 0 0 0
527 0 0 0 0
528 0 0 0 0
529 0 0 0 0
530 0 0 0 0
531 0 0 0 0
532 0 0 0 0
533 0 0 0 0
534 0 0 0 0
535 0 0 0 0
536 0 0 0 0
537 0 0 0 0
538 0 0 0 0
539 0 0 0 0
540 0 0 0 0
541 0 0 0 0
542 0 0 0 0
543 0 0 0 0
544 0 0 0 0
545 0 0 0 0
546 0 0 0 0
547 0 0 0 0
548 0 0 0 0
549 0 0 0 0
550 0 0 0 0
551 0 0 0 0
552 0 0 0 0
553 0 0 0 0
554 0 0 0 0
555 0 0 0 0
556 0 0 0 0
557 0 0 0 0
558 0 0 0 0
559 0 0 0 0
560 0 0 0 0
561 0 0 0 0
562 0 0 0 0
563 0 0 0 0
564 0 0 0 0
565 0 0 0 0
566 0 0 0 0
567 0 0 0 0
568 0 0 0 0
569 0 0 0 0
570 0 0 0 0
571 0 0 0 0
572 0 0 0 0
573 0 0 0 0
574 0 0 0 0
575 0 0 0 0
576 0 0 0 0
577 0 0 0 0
578 0 0 0 0
579 0 0 0 0
580 0 0 0 0
581 0 0 0 0
582 0 0 0 0
583 0 0 0 0
584 0 0 0 0
585 0 0 0 0
586 0 0 0 0
587 0 0 0 0
588 0 0 0 0
589 0 0 0 0
590 0 0 0 0
591 0 0 0 0
592 0 0 0 0
593 0 0 0 0
594 0 0 0 0
595 0 0 0 0
596 0 0 0 0
597 0 0 0 0
598 0 0 0 0
599 0 0 0 0
600 0 0 0 0
601 0 0 0 0
602 0 0 0 0
603 0 0 0 0
604 0 0 0 0
605 0 0 0 0
606 0 0 0 0
607 0 0 0 0
608 0 0 0 0
609 0 0 0 0
610 0 0 0 0
611 0 0 0 0
612 0 0 0 0
613 0 0 0 0
614 0 0 0 0
615 0 0 0 0
616 0 0 0 0
617 0 0 0 0
618 0 0 0 0
619 0 0 0 0
620 0 0 0 0
621 0 0 0 0
622 0 0 0 0
623 0 0 0 0
624 0 0 0 0
625 0 0 0 0
626 0 0 0 0
627 0 0 0 0
628 0 0 0 0
629 0 0 0 0
630 0 0 0 0
631 0 0 0 0
632 0 0 0 0
633 0 0 0 0
634 0 0 0 0
635 0 0 0 0
636 0 0 0 0
637 0 0 0 0
638 0 0 0 0
639 0 0 0 0
640 0 0 0 0
641 0 0 0 0
642 0 0 0 0
643 0 0 0 0
644 0 0 0 0
645 0 0 0 0
646 0 0 0 0
647 0 0 0 0
648 0 0 0 0
649 0 0 0 0
650 0 0 0 0
651 0 0 0 0
652 0 0 0 0
653 0 0 0 0
654 0 0 0 0
655 0 0 0 0
656 0 0 0 0
657 0 0 0 0
658 0 0 0 0
659 0 0 0 0
660 0 0 0 0
661 0 0 0 0
662 0 0 0 0
663 0 0 0 0
664 0 0 0 0
665 0 0 0 0
666 0 0 0 0
667 0 0 0 0
668 0 0 0 0
669 0 0 0 0
670 0 0 0 0
671 0 0 0 0
672 0 0 0 0
673 0 0 0 0
674 0 0 0 0
675 0 0 0 0
676 0 0 0 0
677 0 0 0 0
678 0 0 0 0
679 0 0 0 0
680 0 0 0 0
681 0 0 0 0
682 0 0 0 0
683 0 0 0 0
684 0 0 0 0
685 0 0 0 0
686 0 0 0 0
687 0 0 0 0
688 0 0 0 0
689 0 0 0 0
690 0 0 0 0
691 0 0 0 0
692 0 0 0 0
693 0 0 0 0
694 0 0 0 0
695 0 0 0 0
696 0 0 0 0
697 0 0 0 0
698 0 0 0 0
699 0 0 0 0
700 0 0 0 0
701 0 0 0 0
702 0 0 0 0
703 0 0 0 0
704 0 0 0 0
705 0 0 0 0
706 0 0 0 0
707 0 0 0 0
708 0 0 0 0
709 0 0 0 0
710 0 0 0 0
711 0 0 0 0
712 0 0 0 0
713 0 0 0 0
714 0 0 0 0
715 0 0 0 0
716 0 0 0 0
717 0 0 0 0
718 0 0 0 0
719 0 0 0 0
720 0 0 0 0
721 0 0 0 0
722 0 0 0 0
723 0 0 0 0
724 0 0 0 0
725 0 0 0 0
726 0 0 0 0
727 0 0 0 0
