0 0 0 0 0
1 0 0 0 0
2 0 0 0 0
3 0 0 0 0
4 0 0 0 0
5 0 4 0 0
6 0 0 0 0
7 0 0 0 0
8 0 0 0 0
9 0 1 0 2
10 0 0 0 0
11 0 0 0 0
12 0 0 0 2
13 0 0 0 1
14 0 0 0 0
15 0 0 0 0
16 0 0 0 0
17 0 0 0 0
18 0 0 0 0
19 0 0 0 0
20 1 0 0 0
21 1 0 0 0
22 2 0 0 0
23 2 0 0 0
24 0 0 0 0
25 0 0 1 0
26 0 0 0 0
27 0 1 0 0
28 0 1 0 0
29 1 0 0 0
30 0 0 1 0
31 0 0 1 0
32 1 1 0 2
33 1 0 0 0
34 0 0 0 1
35 0 0 0 2
36 0 0 0 1
37 0 0 0 0
38 0 1 1 0
39 2 0 0 0
40 1 1 0 0
41 1 0 0 0
42 1 0 0 2
43 1 0 0 0
44 1 1 1 1
45 1 0 0 0
46 0 0 0 0
47 1 0 0 0
48 1 0 1 0
49 0 1 0 0
50 0 1 0 0
51 1 1 0 2
52 0 1 0 1
53 0 0 1 1
54 0 1 0 0
55 0 0 0 1
56 0 1 0 1
57 1 0 1 2
58 0 0 0 1
59 0 0 0 0
60 0 0 0 0
61 1 0 0 0
62 0 0 0 0
63 2 0 0 1
64 2 0 0 1
65 2 0 0 0
66 4 1 0 0
67 1 0 0 0
68 0 1 0 0
69 3 0 0 0
70 1 1 1 0
71 0 0 2 0
72 1 1 1 1
73 2 1 1 1
74 3 0 2 0
75 1 2 1 1
76 0 0 0 0
77 1 0 0 2
78 1 1 1 2
79 0 1 1 6
80 1 0 0 1
81 1 1 0 1
82 1 1 1 0
83 1 2 0 1
84 1 0 1 0
85 3 0 0 3
86 1 1 1 2
87 5 1 0 1
88 5 1 0 1
89 0 2 0 1
90 4 1 0 3
91 3 0 1 0
92 0 0 3 1
93 2 1 1 3
94 2 2 0 0
95 0 2 0 1
96 2 2 2 3
97 2 3 1 2
98 0 1 0 0
99 1 2 1 1
100 2 0 0 4
101 1 1 1 3
102 0 1 2 2
103 1 1 0 3
104 4 0 1 3
105 1 1 0 0
106 0 1 0 2
107 2 0 0 2
108 1 1 0 2
109 3 2 1 1
110 3 0 0 0
111 4 1 0 1
112 3 0 0 1
113 4 1 0 2
114 2 4 0 0
115 3 1 0 3
116 3 3 2 1
117 3 3 0 0
118 2 2 1 2
119 2 2 2 1
120 2 4 0 2
121 2 3 1 4
122 1 1 2 1
123 2 0 1 6
124 3 1 1 5
125 4 1 0 4
126 1 1 0 3
127 2 1 1 0
128 1 0 2 5
129 3 2 2 1
130 2 2 2 1
131 6 0 0 1
132 8 1 0 3
133 4 1 0 3
134 3 2 1 3
135 5 1 2 0
136 5 4 2 2
137 4 3 3 3
138 5 3 1 1
139 4 0 1 3
140 3 4 0 3
141 3 4 2 4
142 1 3 2 2
143 3 3 2 3
144 5 4 0 6
145 3 2 1 4
146 0 1 3 4
147 4 0 2 8
148 5 2 1 7
149 2 1 1 5
150 3 1 2 3
151 3 1 1 1
152 3 4 0 2
153 3 3 1 3
154 2 1 1 4
155 6 1 0 1
156 6 3 0 4
157 6 3 2 2
158 2 1 3 3
159 8 2 2 0
160 3 3 1 6
161 6 2 1 5
162 1 2 1 2
163 3 0 0 3
164 5 5 2 3
165 5 2 2 3
166 5 6 1 2
167 8 2 0 2
168 5 5 0 5
169 5 5 2 3
170 5 3 2 3
171 5 3 1 6
172 5 6 1 6
173 9 4 1 9
174 3 2 2 3
175 5 5 1 2
176 9 4 2 7
177 6 4 3 7
178 6 7 1 6
179 7 3 1 7
180 8 2 2 5
181 5 4 0 5
182 8 5 1 5
183 10 1 3 4
184 8 6 0 5
185 5 6 4 5
186 5 5 1 5
187 6 7 1 4
188 11 5 4 7
189 8 6 2 8
190 5 5 1 4
191 7 4 3 9
192 5 4 0 8
193 6 5 1 11
194 7 4 1 8
195 8 5 2 7
196 8 6 4 3
197 11 5 5 6
198 10 5 3 7
199 7 5 3 6
200 12 2 5 8
201 10 4 3 8
202 5 7 3 7
203 7 3 3 10
204 10 3 3 7
205 10 6 2 9
206 4 6 1 10
207 4 7 3 5
208 5 4 3 6
209 6 6 4 11
210 5 5 8 9
211 6 1 4 7
212 7 3 4 6
213 4 7 2 6
214 8 3 3 13
215 10 2 2 6
216 5 1 3 8
217 8 2 2 9
218 6 2 3 6
219 6 3 1 5
220 8 3 3 5
221 5 3 2 3
222 4 2 4 6
223 5 5 4 4
224 8 9 2 6
225 5 3 6 6
226 3 5 1 6
227 3 4 0 9
228 8 3 1 4
229 5 3 3 4
230 6 3 3 6
231 6 2 1 14
232 8 0 4 6
233 3 5 4 8
234 4 2 3 2
235 2 5 2 4
236 6 4 3 4
237 4 3 4 9
238 1 2 1 3
239 3 3 0 8
240 4 2 1 6
241 1 6 2 6
242 4 1 2 4
243 5 2 2 5
244 3 2 0 6
245 1 1 3 8
246 1 0 2 3
247 2 3 1 2
248 2 6 1 4
249 4 2 1 5
250 2 2 0 4
251 4 2 0 4
252 3 0 1 2
253 1 2 0 1
254 2 0 1 2
255 1 0 1 7
256 2 2 0 3
257 1 3 1 2
258 2 2 2 1
259 3 0 1 1
260 2 3 0 3
261 1 1 1 1
262 0 0 0 3
263 0 1 1 0
264 0 2 0 7
265 2 0 1 1
266 1 0 1 1
267 0 2 0 1
268 0 2 0 3
269 1 0 2 1
270 2 2 1 2
271 2 0 0 3
272 1 0 0 2
273 1 0 0 0
274 1 0 0 0
275 0 2 1 0
276 0 1 1 2
277 1 1 0 3
278 0 0 0 0
279 0 1 0 1
280 2 0 1 3
281 0 0 0 1
282 1 0 1 1
283 2 0 0 0
284 0 0 0 0
285 2 1 1 1
286 4 1 0 0
287 1 1 0 1
288 0 0 1 0
289 2 0 0 1
290 2 1 0 1
291 0 2 0 1
292 1 1 1 2
293 0 0 0 0
294 0 2 0 0
295 1 2 2 1
296 0 0 0 2
297 0 0 1 0
298 0 0 0 2
299 0 0 1 2
300 2 1 0 0
301 0 0 0 3
302 0 0 0 3
303 1 0 0 0
304 0 0 0 0
305 1 0 0 0
306 1 0 0 1
307 1 0 0 1
308 1 0 0 0
309 0 2 0 0
310 2 0 1 0
311 1 1 0 0
312 0 2 0 0
313 0 1 0 0
314 0 0 0 1
315 0 1 0 1
316 0 0 0 3
317 0 0 0 2
318 0 0 0 0
319 0 1 0 1
320 0 1 0 0
321 0 0 0 0
322 0 0 0 0
323 0 0 0 0
324 0 0 0 1
325 0 0 0 0
326 0 0 0 1
327 1 0 0 0
328 0 0 0 0
329 1 0 0 0
330 0 0 0 0
331 0 0 0 0
332 0 0 0 0
333 0 0 0 0
334 0 0 0 0
335 0 0 0 0
336 0 0 1 0
337 0 0 0 0
338 0 0 1 0
339 0 0 0 0
340 0 0 0 1
341 0 0 0 0
342 0 0 0 1
343 0 0 0 0
344 0 0 0 0
345 0 0 0 0
346 0 0 0 0
347 0 0 0 0
348 0 0 0 0
349 0 0 0 0
350 0 0 0 0
351 0 0 0 0
352 0 0 0 0
353 0 0 0 0
354 0 0 0 0
355 0 0 0 0
356 0 0 0 0
357 0 0 0 0
358 0 0 0 0
359 0 0 0 0
360 0 0 0 0
361 0 0 0 0
362 0 0 0 0
363 0 0 0 0
364 0 0 0 0
365 0 0 0 0
366 0 0 0 0
367 0 0 0 0
368 0 0 0 0
369 0 0 0 0
370 0 0 0 0
371 0 0 0 0
372 0 0 0 0
373 0 0 0 0
374 0 0 0 0
375 0 0 0 0
376 0 0 0 0
377 0 0 0 0
378 0 0 0 0
379 0 0 0 0
380 0 0 0 0
381 0 0 0 0
382 0 0 0 0
383 0 0 0 0
384 0 0 0 0
385 0 0 0 0
386 0 0 0 0
387 0 0 0 0
388 0 0 0 0
389 0 0 0 0
390 0 0 0 0
391 0 0 0 0
392 0 0 0 0
393 0 0 0 0
394 0 0 0 0
395 0 0 0 0
396 0 0 0 0
397 0 0 0 0
398 0 0 0 0
399 0 0 0 0
400 0 0 0 0
401 0 0 0 0
402 0 0 0 0
403 0 0 0 0
404 0 0 0 0
405 0 0 0 0
406 0 0 0 0
407 0 0 0 0
408 0 0 0 0
409 0 0 0 0
410 0 0 0 0
411 0 0 0 0
412 0 0 0 0
413 0 0 0 0
414 0 0 0 0
415 0 0 0 0
416 0 0 0 0
417 0 0 0 0
418 0 0 0 0
419 0 0 0 0
420 0 0 0 0
421 0 0 0 0
422 0 0 0 0
423 0 0 0 0
424 0 0 0 0
425 0 0 0 0
426 0 0 0 0
427 0 0 0 0
428 0 0 0 0
429 0 0 0 0
430 0 0 0 0
431 0 0 0 0
432 0 0 0 0
433 0 0 0 0
434 0 0 0 0
435 0 0 0 0
436 0 0 0 0
437 0 0 0 0
438 0 0 0 0
439 0 0 0 0
440 0 0 0 0
441 0 0 0 0
442 0 0 0 0
443 0 0 0 0
444 0 0 0 0
445 0 0 0 0
446 0 0 0 0
447 0 0 0 0
448 0 0 0 0
449 0 0 0 0
450 0 0 0 0
451 0 0 0 0
452 0 0 0 0
453 0 0 0 0
454 0 0 0 0
455 0 0 0 0
456 0 0 0 0
457 0 0 0 0
458 0 0 0 0
459 0 0 0 0
460 0 0 0 0
461 0 0 0 0
462 0 0 0 0
463 0 0 0 0
464 0 0 0 0
465 0 0 0 0
466 0 0 0 0
467 0 0 0 0
468 0 0 0 0
469 0 0 0 0
470 0 0 0 0
471 0 0 0 0
472 0 0 0 0
473 0 0 0 0
474 0 0 0 0
475 0 0 0 0
476 0 0 0 0
477 0 0 0 0
478 0 0 0 0
479 0 0 0 0
480 0 0 0 0
481 0 0 0 0
482 0 0 0 0
483 0 0 0 0
484 0 0 0 0
485 0 0 0 0
486 0 0 0 0
487 0 0 0 0
488 0 0 0 0
489 0 0 0 0
490 0 0 0 0
491 0 0 0 0
492 0 0 0 0
493 0 0 0 0
494 0 0 0 0
495 0 0 0 0
496 0 0 0 0
497 0 0 0 0
498 0 0 0 0
499 0 0 0 0
500 0 0 0 0
501 0 0 0 0
502 0 0 0 0
503 0 0 0 0
504 0 0 0 0
505 0 0 0 0
506 0 0 0 0
507 0 0 0 0
508 0 0 0 0
509 0 0 0 0
510 0 0 0 0
511 0 0 0 0
512 0 0 0 0
513 0 0 0 0
514 0 0 0 0
515 0 0 0 0
516 0 0 0 0
517 0 0 0 0
518 0 0 0 0
519 0 0 0 0
520 0 0 0 0
521 0 0 0 0
522 0 0 0 0
523 0 0 0 0
524 0 0 0 0
525 0 0 0 0
526 0 0 0 0
527 0 0 0 0
528 0 0 0 0
529 0 0 0 0
530 0 0 0 0
531 0 0 0 0
532 0 0 0 0
533 0 0 0 0
534 0 0 0 0
535 0 0 0 0
536 0 0 0 0
537 0 0 0 0
538 0 0 0 0
539 0 0 0 0
540 0 0 0 0
541 0 0 0 0
542 0 0 0 0
543 0 0 0 0
544 0 0 0 0
545 0 0 0 0
546 0 0 0 0
547 0 0 0 0
548 0 0 0 0
549 0 0 0 0
550 0 0 0 0
551 0 0 0 0
552 0 0 0 0
553 0 0 0 0
554 0 0 0 0
555 0 0 0 0
556 0 0 0 0
557 0 0 0 0
558 0 0 0 0
559 0 0 0 0
560 0 0 0 0
561 0 0 0 0
562 0 0 0 0
563 0 0 0 0
564 0 0 0 0
565 0 0 0 0
566 0 0 0 0
567 0 0 0 0
568 0 0 0 0
569 0 0 0 0
570 0 0 0 0
571 0 0 0 0
572 0 0 0 0
573 0 0 0 0
574 0 0 0 0
575 0 0 0 0
576 0 0 0 0
577 0 0 0 0
578 0 0 0 0
579 0 0 0 0
580 0 0 0 0
581 0 0 0 0
582 0 0 0 0
583 0 0 0 0
584 0 0 0 0
585 0 0 0 0
586 0 0 0 0
587 0 0 0 0
588 0 0 0 0
589 0 0 0 0
590 0 0 0 0
591 0 0 0 0
592 0 0 0 0
593 0 0 0 0
594 0 0 0 0
595 0 0 0 0
596 0 0 0 0
597 0 0 0 0
598 0 0 0 0
599 0 0 0 0
600 0 0 0 0
601 0 0 0 0
602 0 0 0 0
603 0 0 0 0
604 0 0 0 0
605 0 0 0 0
606 0 0 0 0
607 0 0 0 0
608 0 0 0 0
609 0 0 0 0
610 0 0 0 0
611 0 0 0 0
612 0 0 0 0
613 0 0 0 0
614 0 0 0 0
615 0 0 0 0
616 0 0 0 0
617 0 0 0 0
618 0 0 0 0
619 0 0 0 0
620 0 0 0 0
621 0 0 0 0
622 0 0 0 0
623 0 0 0 0
624 0 0 0 0
625 0 0 0 0
626 0 0 0 0
627 0 0 0 0
628 0 0 0 0
629 0 0 0 0
630 0 0 0 0
631 0 0 0 0
632 0 0 0 0
633 0 0 0 0
634 0 0 0 0
635 0 0 0 0
636 0 0 0 0
637 0 0 0 0
638 0 0 0 0
639 0 0 0 0
640 0 0 0 0
641 0 0 0 0
642 0 0 0 0
643 0 0 0 0
644 0 0 0 0
645 0 0 0 0
646 0 0 0 0
647 0 0 0 0
648 0 0 0 0
649 0 0 0 0
650 0 0 0 0
651 0 0 0 0
652 0 0 0 0
653 0 0 0 0
654 0 0 0 0
655 0 0 0 0
656 0 0 0 0
657 0 0 0 0
658 0 0 0 0
659 0 0 0 0
660 0 0 0 0
661 0 0 0 0
662 0 0 0 0
663 0 0 0 0
664 0 0 0 0
665 0 0 0 0
666 0 0 0 0
667 0 0 0 0
668 0 0 0 0
669 0 0 0 0
670 0 0 0 0
671 0 0 0 0
672 0 0 0 0
673 0 0 0 0
674 0 0 0 0
675 0 0 0 0
676 0 0 0 0
677 0 0 0 0
678 0 0 0 0
679 0 0 0 0
680 0 0 0 0
681 0 0 0 0
682 0 0 0 0
683 0 0 0 0
684 0 0 0 0
685 0 0 0 0
686 0 0 0 0
687 0 0 0 0
688 0 0 0 0
689 0 0 0 0
690 0 0 0 0
691 0 0 0 0
692 0 0 0 0
693 0 0 0 0
694 0 0 0 0
695 0 0 0 0
696 0 0 0 0
697 0 0 0 0
698 0 0 0 0
699 0 0 0 0
700 0 0 0 0
701 0 0 0 0
702 0 0 0 0
703 0 0 0 0
704 0 0 0 0
705 0 0 0 0
706 0 0 0 0
707 0 0 0 0
708 0 0 0 0
709 0 0 0 0
710 0 0 0 0
711 0 0 0 0
712 0 0 0 0
713 0 0 0 0
714 0 0 0 0
715 0 0 0 0
716 0 0 0 0
717 0 0 0 0
718 0 0 0 0
719 0 0 0 0
720 0 0 0 0
721 0 0 0 0
722 0 0 0 0
723 0 0 0 0
724 0 0 0 0
725 0 0 0 0
726 0 0 0 0
727 0 0 0 0
