0 0 0 0 0
1 0 0 0 0
2 0 0 0 0
3 0 0 0 0
4 0 0 0 0
5 0 3 1 0
6 0 0 0 0
7 0 0 0 0
8 0 0 0 0
9 0 1 0 1
10 0 0 0 0
11 0 0 0 0
12 0 0 0 3
13 0 0 0 1
14 0 0 0 0
15 1 0 0 0
16 2 0 0 0
17 0 0 0 0
18 0 0 0 0
19 0 0 0 0
20 0 1 0 0
21 0 0 1 0
22 0 0 0 0
23 0 0 0 0
24 0 0 0 0
25 1 0 1 1
26 1 0 0 0
27 1 0 0 1
28 0 0 0 0
29 0 0 0 0
30 0 0 1 0
31 2 1 0 0
32 1 1 0 1
33 0 0 0 0
34 0 0 0 0
35 1 0 0 0
36 0 0 1 0
37 1 0 0 1
38 1 0 0 1
39 2 0 0 1
40 2 0 1 0
41 2 1 0 0
42 1 1 0 0
43 0 0 0 1
44 0 3 0 1
45 1 0 0 1
46 1 0 0 1
47 2 0 2 0
48 2 0 1 2
49 2 0 2 0
50 0 0 1 0
51 0 1 0 3
52 0 0 1 1
53 0 1 0 2
54 1 0 3 0
55 1 0 0 0
56 0 0 1 0
57 1 0 0 2
58 1 0 1 2
59 0 0 0 1
60 2 0 0 0
61 0 0 0 2
62 0 1 0 0
63 0 1 1 1
64 0 1 0 0
65 2 1 1 1
66 2 0 0 1
67 2 0 0 1
68 2 0 0 1
69 2 0 0 1
70 3 0 1 1
71 0 0 0 0
72 1 1 1 1
73 2 1 0 0
74 3 2 0 1
75 1 1 2 0
76 3 0 0 1
77 1 1 0 1
78 0 0 2 1
79 0 1 2 2
80 0 0 0 1
81 5 4 0 1
82 0 1 2 2
83 2 1 0 1
84 1 0 0 1
85 2 1 0 2
86 1 2 2 4
87 1 0 0 1
88 2 0 2 3
89 2 0 1 2
90 2 1 1 1
91 2 0 0 1
92 4 1 0 1
93 3 1 0 4
94 1 2 1 2
95 2 0 1 0
96 3 0 0 1
97 4 2 2 0
98 2 1 1 1
99 1 2 0 1
100 1 3 0 1
101 2 2 1 6
102 5 2 2 0
103 4 1 2 1
104 4 1 0 3
105 0 1 1 3
106 1 1 1 3
107 2 2 2 2
108 2 1 3 2
109 1 1 3 4
110 3 1 0 3
111 4 1 0 1
112 5 0 1 4
113 2 1 0 2
114 3 1 0 4
115 5 4 1 1
116 4 2 1 3
117 7 4 0 1
118 3 0 0 1
119 4 1 0 6
120 4 1 1 2
121 3 3 3 0
122 5 2 2 0
123 4 3 0 2
124 4 4 2 5
125 6 0 2 1
126 1 5 2 3
127 4 2 3 0
128 4 6 1 8
129 4 2 3 4
130 3 1 4 6
131 5 2 0 5
132 1 2 1 4
133 3 2 2 5
134 7 1 3 6
135 7 0 2 4
136 7 2 1 6
137 5 0 3 3
138 3 2 2 1
139 6 2 4 2
140 7 2 3 7
141 5 3 0 4
142 12 2 2 3
143 8 0 3 4
144 8 8 3 4
145 7 5 4 3
146 3 3 3 4
147 7 8 3 4
148 8 2 1 8
149 6 1 5 6
150 12 4 3 6
151 13 0 2 9
152 8 4 6 8
153 3 6 2 7
154 5 3 4 9
155 5 3 2 2
156 9 5 2 7
157 4 0 6 6
158 10 5 0 6
159 5 8 3 5
160 4 6 3 8
161 9 6 6 6
162 11 2 1 6
163 13 5 3 11
164 7 2 5 7
165 5 5 2 8
166 8 2 3 6
167 12 10 4 7
168 17 4 4 8
169 15 4 1 6
170 15 6 2 7
171 13 4 2 12
172 7 8 9 7
173 13 6 3 6
174 10 4 3 9
175 14 10 1 9
176 12 9 3 7
177 12 9 5 10
178 9 9 8 7
179 10 9 1 20
180 9 10 4 15
181 11 5 5 8
182 15 6 4 13
183 11 5 5 7
184 12 6 5 15
185 17 8 2 13
186 19 8 7 11
187 24 10 3 12
188 23 9 4 13
189 17 4 3 7
190 15 10 2 15
191 11 12 8 6
192 18 9 9 14
193 12 16 2 8
194 16 16 5 11
195 21 6 10 13
196 12 12 2 11
197 11 14 10 19
198 13 7 8 24
199 14 9 5 18
200 19 5 9 16
201 11 9 5 27
202 16 11 2 17
203 17 7 7 14
204 20 16 8 16
205 10 10 4 12
206 15 8 1 19
207 14 9 8 16
208 18 7 4 17
209 16 13 12 13
210 14 6 5 12
211 10 6 4 15
212 10 11 2 14
213 11 11 4 16
214 7 8 2 14
215 10 8 6 10
216 9 5 5 21
217 11 11 4 15
218 8 9 9 12
219 11 7 4 12
220 8 3 6 11
221 7 11 2 13
222 5 7 4 17
223 13 8 0 11
224 6 6 3 10
225 8 4 2 16
226 6 4 5 9
227 8 3 2 5
228 7 11 3 14
229 4 3 3 8
230 5 5 2 12
231 5 2 3 4
232 5 5 7 12
233 5 3 4 6
234 2 4 1 7
235 2 6 3 7
236 5 4 2 10
237 5 5 1 6
238 3 6 0 8
239 4 1 2 10
240 5 1 2 7
241 6 3 3 6
242 5 1 5 7
243 5 1 1 2
244 6 0 2 4
245 4 2 1 6
246 2 0 1 5
247 8 3 2 2
248 5 4 3 4
249 3 4 2 5
250 4 4 2 2
251 4 1 1 3
252 3 4 4 7
253 2 5 3 2
254 1 1 2 6
255 1 4 1 3
256 1 5 1 8
257 4 2 1 5
258 2 2 0 3
259 2 0 1 7
260 3 0 1 8
261 1 2 1 5
262 1 2 0 2
263 1 2 1 2
264 6 2 0 2
265 2 1 1 4
266 1 0 3 2
267 0 0 0 2
268 4 0 1 3
269 2 2 3 1
270 0 0 0 3
271 2 1 0 0
272 1 0 0 2
273 2 2 3 3
274 1 2 0 0
275 2 1 0 0
276 2 0 0 3
277 4 0 1 3
278 0 0 2 3
279 0 0 0 1
280 1 3 1 2
281 3 1 2 1
282 1 2 1 1
283 1 1 0 0
284 1 0 0 3
285 1 1 0 3
286 2 4 0 1
287 1 1 0 1
288 0 1 0 2
289 0 0 1 2
290 2 1 1 4
291 2 1 0 1
292 2 0 0 1
293 1 0 1 2
294 0 0 0 1
295 2 1 0 0
296 0 1 2 0
297 1 1 1 2
298 4 0 0 1
299 2 2 0 1
300 2 0 2 1
301 0 0 0 0
302 1 1 0 1
303 1 2 0 2
304 1 3 0 4
305 1 1 1 0
306 2 0 0 1
307 0 1 1 1
308 2 0 1 1
309 2 1 0 1
310 2 1 0 2
311 1 0 2 1
312 2 1 0 3
313 1 0 0 0
314 0 0 1 2
315 1 2 0 2
316 1 1 0 2
317 1 1 1 1
318 1 2 0 0
319 0 0 1 0
320 0 1 0 0
321 0 1 0 4
322 1 0 1 2
323 0 1 0 1
324 0 1 0 2
325 1 0 0 1
326 1 0 0 1
327 0 0 1 0
328 2 0 0 2
329 1 0 0 0
330 0 0 0 1
331 0 1 0 0
332 0 0 0 0
333 1 2 0 0
334 1 0 2 1
335 0 0 0 0
336 0 0 0 0
337 0 0 0 1
338 2 0 1 3
339 0 1 0 1
340 1 0 0 0
341 0 0 0 0
342 1 0 0 1
343 2 0 0 0
344 1 0 0 0
345 0 1 1 0
346 1 1 0 1
347 0 1 0 0
348 0 0 1 0
349 0 0 0 1
350 0 0 0 0
351 0 0 0 0
352 0 1 0 1
353 0 0 1 1
354 0 0 0 1
355 0 1 0 1
356 0 0 0 0
357 0 0 0 1
358 0 0 0 0
359 0 0 0 2
360 0 0 0 0
361 0 0 0 0
362 0 0 0 0
363 0 0 0 0
364 0 0 0 0
365 1 0 0 0
366 0 0 0 0
367 0 0 0 0
368 1 0 0 0
369 0 0 0 0
370 0 1 0 0
371 0 0 0 0
372 0 0 0 0
373 0 0 1 0
374 0 0 0 1
375 0 0 0 0
376 0 0 0 0
377 0 0 0 0
378 0 0 0 0
379 0 0 0 0
380 0 0 0 1
381 0 0 0 0
382 0 0 0 0
383 0 0 0 0
384 0 0 0 0
385 0 0 0 0
386 0 0 0 0
387 0 0 0 0
388 0 0 0 0
389 0 0 0 0
390 0 0 0 0
391 1 0 0 0
392 0 0 0 0
393 0 0 0 0
394 1 0 0 0
395 1 0 0 0
396 0 0 0 0
397 0 0 0 0
398 0 0 0 0
399 0 0 0 0
400 0 1 0 0
401 0 0 0 0
402 0 0 0 0
403 0 1 0 0
404 0 1 0 0
405 0 0 0 0
406 0 0 0 0
407 0 0 0 2
408 0 0 0 0
409 0 0 0 0
410 0 0 0 0
411 0 0 0 1
412 0 0 0 0
413 0 0 0 0
414 0 0 0 0
415 0 0 0 0
416 0 0 0 0
417 0 0 0 0
418 0 0 0 0
419 2 0 0 0
420 1 0 0 0
421 1 0 0 0
422 1 0 0 0
423 1 0 0 0
424 0 1 0 0
425 1 0 0 0
426 0 0 0 0
427 1 0 0 0
428 0 1 2 1
429 0 0 0 0
430 0 0 1 0
431 0 1 0 0
432 0 0 1 1
433 0 0 0 1
434 0 1 0 0
435 0 0 0 1
436 0 0 0 0
437 0 0 0 1
438 0 0 0 1
439 1 0 0 1
440 1 0 0 0
441 0 0 0 1
442 0 0 0 0
443 0 0 0 0
444 1 0 0 0
445 1 1 0 0
446 1 0 0 0
447 2 0 0 0
448 1 1 0 0
449 0 0 1 0
450 0 0 1 0
451 1 0 1 0
452 0 0 1 2
453 0 0 0 0
454 0 0 0 1
455 0 0 0 1
456 0 1 1 1
457 1 1 0 0
458 1 0 0 0
459 0 0 0 1
460 1 0 0 0
461 1 0 0 1
462 0 0 0 1
463 0 0 0 1
464 1 0 0 0
465 0 0 1 0
466 0 1 1 0
467 0 0 1 0
468 1 0 0 0
469 2 0 0 0
470 0 0 0 1
471 3 0 0 1
472 1 0 0 1
473 0 1 0 1
474 0 0 1 0
475 0 0 0 0
476 0 2 0 0
477 1 2 0 0
478 1 1 0 1
479 1 0 0 0
480 0 1 0 2
481 1 0 0 1
482 0 0 1 1
483 1 0 0 1
484 0 1 0 1
485 1 0 0 0
486 0 0 0 1
487 0 0 1 1
488 1 1 0 0
489 1 0 0 0
490 1 2 0 0
491 0 0 0 2
492 1 0 0 1
493 2 0 1 0
494 1 1 0 1
495 0 1 0 0
496 1 0 0 1
497 0 1 0 1
498 1 0 1 1
499 0 0 1 1
500 1 0 0 0
501 0 0 0 0
502 0 0 1 0
503 1 0 0 2
504 1 0 0 0
505 1 2 0 1
506 0 0 0 0
507 2 1 0 0
508 1 0 1 0
509 5 1 0 1
510 2 0 0 0
511 1 0 0 1
512 1 2 0 3
513 3 0 1 1
514 4 2 1 0
515 2 1 0 0
516 4 0 0 1
517 0 0 0 0
518 2 4 1 0
519 3 2 1 2
520 3 1 1 2
521 1 2 0 2
522 2 1 0 2
523 2 2 3 2
524 1 1 1 2
525 2 4 0 4
526 1 1 0 1
527 2 2 0 2
528 0 1 2 2
529 1 1 0 3
530 0 3 0 4
531 0 0 0 2
532 2 0 0 3
533 2 1 0 2
534 1 0 0 2
535 2 1 0 1
536 3 1 1 0
537 5 1 1 2
538 4 3 0 0
539 4 0 0 1
540 2 0 0 1
541 3 1 0 2
542 3 1 2 3
543 5 1 1 2
544 2 1 2 0
545 2 2 2 0
546 4 2 1 3
547 3 3 2 1
548 1 2 2 2
549 5 1 0 2
550 6 1 3 4
551 3 2 1 6
552 3 5 2 2
553 2 2 1 2
554 1 3 1 5
555 3 3 1 4
556 1 1 0 3
557 2 0 0 1
558 1 2 1 4
559 1 2 1 7
560 5 5 0 3
561 4 2 1 1
562 3 0 0 5
563 1 1 0 0
564 2 0 1 3
565 1 3 1 1
566 0 4 0 3
567 2 2 0 2
568 0 0 1 3
569 3 1 1 1
570 4 0 2 3
571 2 0 1 0
572 1 2 0 3
573 3 1 1 2
574 1 3 0 3
575 1 1 2 2
576 1 2 1 4
577 0 0 0 3
578 1 2 0 0
579 0 1 0 2
580 1 1 0 1
581 0 0 2 3
582 1 1 1 1
583 2 2 0 2
584 1 0 0 1
585 1 0 0 2
586 0 0 0 2
587 1 0 0 1
588 0 1 0 2
589 0 2 0 1
590 2 0 1 1
591 3 1 0 0
592 0 1 0 1
593 0 0 0 0
594 0 0 0 0
595 1 2 0 1
596 0 1 3 2
597 0 0 0 1
598 0 0 0 0
599 0 0 0 2
600 0 1 0 1
601 0 0 0 0
602 0 0 0 3
603 0 0 0 1
604 0 0 0 1
605 2 0 0 0
606 0 0 0 0
607 1 0 0 0
608 0 0 0 0
609 1 0 0 0
610 0 0 1 0
611 0 0 0 0
612 0 0 0 0
613 0 0 0 0
614 0 1 1 1
615 0 0 0 0
616 0 0 1 0
617 0 0 0 0
618 0 0 0 1
619 1 0 0 0
620 0 0 0 0
621 1 0 0 1
622 0 0 0 0
623 0 0 0 1
624 0 0 0 0
625 1 0 0 0
626 1 0 1 0
627 0 0 0 0
628 0 1 0 0
629 0 0 0 0
630 0 0 0 1
631 0 1 0 0
632 0 0 0 0
633 0 0 0 0
634 0 1 0 0
635 0 0 0 1
636 0 0 0 0
637 0 0 0 0
638 0 0 0 2
639 0 0 0 0
640 0 0 0 0
641 0 0 0 0
642 0 0 0 0
643 1 0 0 0
644 0 0 0 0
645 1 0 0 0
646 0 0 0 0
647 0 0 0 0
648 0 0 1 0
649 0 0 0 0
650 1 0 0 0
651 1 0 0 0
652 0 0 0 1
653 0 0 0 0
654 0 1 0 0
655 0 0 0 0
656 0 0 1 0
657 0 0 0 0
658 0 0 0 1
659 0 0 1 0
660 0 0 0 0
661 0 0 0 0
662 0 0 0 0
663 0 0 0 1
664 0 0 0 0
665 0 0 0 0
666 0 0 0 1
667 0 0 0 0
668 0 0 0 0
669 0 0 0 0
670 0 0 0 0
671 0 0 0 0
672 0 0 0 0
673 0 0 0 0
674 0 0 0 0
675 0 0 0 0
676 0 0 0 0
677 0 0 0 0
678 0 0 0 0
679 0 0 0 0
680 0 0 0 0
681 0 0 0 0
682 0 0 0 0
683 0 0 0 0
684 0 0 0 0
685 0 0 0 0
686 0 0 0 0
687 0 0 0 0
688 0 0 0 0
689 0 0 0 0
690 0 0 0 0
691 0 0 0 0
692 0 0 0 0
693 0 0 0 0
694 0 0 0 0
695 0 0 0 0
696 0 0 0 0
697 0 0 0 0
698 0 0 0 0
699 0 0 0 0
700 0 0 0 0
701 0 0 0 0
702 0 0 0 0
703 0 0 0 0
704 0 0 0 0
705 0 0 0 0
706 0 0 0 0
707 0 0 0 0
708 0 0 0 0
709 0 0 0 0
710 0 0 0 0
711 0 0 0 0
712 0 0 0 0
713 0 0 0 0
714 0 0 0 0
715 0 0 0 0
716 0 0 0 0
717 0 0 0 0
718 0 0 0 0
719 0 0 0 0
720 0 0 0 0
721 0 0 0 0
722 0 0 0 0
723 0 0 0 0
724 0 0 0 0
725 0 0 0 0
726 0 0 0 0
727 0 0 0 0
