0 0 0 0 0
1 0 0 0 0
2 0 0 0 0
3 0 0 0 0
4 0 0 0 0
5 0 2 1 0
6 0 0 0 0
7 0 0 0 0
8 0 0 0 0
9 0 0 2 3
10 0 0 0 0
11 0 0 0 0
12 1 0 0 0
13 0 0 0 1
14 0 0 0 0
15 0 0 0 0
16 0 0 0 1
17 0 0 1 0
18 0 0 0 0
19 0 0 0 0
20 0 0 0 0
21 0 0 0 1
22 0 0 0 0
23 0 0 0 0
24 0 0 0 0
25 0 0 0 0
26 1 0 0 0
27 0 0 0 0
28 1 0 0 0
29 0 0 0 0
30 0 0 0 0
31 0 0 0 0
32 0 0 0 0
33 0 0 0 0
34 0 0 0 0
35 0 0 1 0
36 0 0 0 0
37 0 0 1 0
38 0 0 0 0
39 0 0 0 0
40 0 0 0 0
41 0 0 0 0
42 0 0 0 1
43 0 0 0 0
44 0 0 0 1
45 0 0 0 0
46 0 0 0 0
47 0 0 0 0
48 0 0 0 0
49 0 0 0 0
50 0 0 0 0
51 0 0 0 0
52 0 0 0 0
53 0 0 0 0
54 0 0 0 0
55 0 0 0 0
56 1 0 0 0
57 0 0 0 0
58 0 0 0 0
59 0 0 0 0
60 0 0 0 0
61 1 0 1 0
62 1 0 0 0
63 0 0 0 0
64 1 0 0 0
65 0 0 0 1
66 0 1 0 0
67 1 1 0 0
68 0 0 0 0
69 1 0 0 0
70 1 0 0 1
71 0 0 0 0
72 0 0 0 0
73 0 1 0 0
74 0 1 0 1
75 0 0 1 0
76 0 1 0 0
77 0 0 0 1
78 1 0 0 0
79 0 0 0 0
80 0 0 0 0
81 0 0 0 2
82 0 0 0 0
83 1 0 1 1
84 0 0 0 0
85 1 0 0 0
86 1 0 0 0
87 1 0 0 1
88 0 0 1 0
89 0 0 0 0
90 1 1 0 0
91 3 0 1 0
92 0 0 0 1
93 0 0 0 0
94 2 0 0 1
95 1 0 1 1
96 0 2 1 0
97 0 0 0 0
98 0 0 0 0
99 0 0 1 1
100 2 2 0 2
101 2 0 0 0
102 0 0 0 0
103 0 1 0 1
104 0 0 0 0
105 1 1 0 0
106 2 1 1 1
107 0 0 0 2
108 2 0 0 0
109 1 1 0 1
110 0 0 0 2
111 1 1 1 0
112 1 0 0 0
113 1 1 0 1
114 0 0 1 1
115 3 0 0 2
116 0 1 0 0
117 0 1 1 0
118 2 0 1 0
119 2 0 0 0
120 3 1 1 1
121 1 0 0 2
122 3 1 0 0
123 2 0 0 1
124 2 1 2 3
125 2 1 0 1
126 3 0 1 0
127 2 3 2 0
128 2 1 0 3
129 3 1 2 1
130 1 0 1 1
131 2 1 0 5
132 1 2 1 1
133 2 0 1 2
134 2 2 0 1
135 2 1 0 2
136 2 1 1 2
137 3 1 2 0
138 0 1 2 2
139 2 2 1 3
140 1 0 1 3
141 2 0 0 2
142 1 2 1 2
143 1 0 1 1
144 3 2 1 1
145 4 0 2 1
146 3 1 1 4
147 0 0 0 3
148 1 0 0 0
149 2 2 1 2
150 2 4 0 1
151 0 2 1 3
152 1 1 0 0
153 1 0 1 3
154 4 4 0 4
155 2 0 0 0
156 5 0 0 1
157 1 0 2 0
158 5 0 1 5
159 2 3 0 1
160 1 0 0 1
161 2 2 3 3
162 4 0 0 1
163 5 4 1 2
164 9 3 0 1
165 1 1 1 2
166 4 2 0 1
167 5 2 2 2
168 5 3 3 6
169 5 4 1 2
170 3 0 2 4
171 2 1 2 2
172 4 2 1 5
173 5 4 3 3
174 5 0 2 3
175 0 3 3 1
176 8 2 1 3
177 3 1 1 5
178 9 3 2 4
179 6 2 2 5
180 7 0 2 5
181 4 4 4 2
182 4 3 1 8
183 3 3 2 1
184 8 0 0 1
185 4 5 2 5
186 6 3 1 4
187 4 1 5 6
188 11 4 2 5
189 5 5 4 5
190 8 2 3 3
191 12 4 1 4
192 8 0 4 9
193 6 5 5 6
194 9 2 1 3
195 4 4 2 6
196 10 5 2 6
197 8 6 5 11
198 6 5 1 5
199 5 6 5 5
200 8 7 3 5
201 3 3 4 6
202 0 5 1 7
203 6 4 2 11
204 1 1 2 11
205 7 7 3 5
206 5 4 2 7
207 4 1 2 7
208 7 2 4 5
209 4 2 4 8
210 5 2 6 7
211 5 2 0 2
212 7 1 1 8
213 2 1 3 6
214 3 0 1 6
215 5 3 1 4
216 5 2 2 2
217 3 4 4 6
218 10 4 1 3
219 2 3 2 4
220 6 5 3 4
221 2 3 5 5
222 6 2 1 3
223 3 4 3 6
224 3 2 0 6
225 3 2 3 9
226 6 0 2 2
227 3 5 2 9
228 2 2 2 5
229 1 0 1 5
230 4 2 1 2
231 4 5 2 6
232 3 2 1 2
233 3 2 0 2
234 1 0 1 7
235 0 1 4 4
236 1 1 2 2
237 3 2 1 3
238 0 2 1 5
239 0 1 1 2
240 2 1 0 2
241 0 1 2 3
242 1 1 1 6
243 0 0 1 2
244 1 1 0 2
245 2 1 0 2
246 0 1 0 2
247 2 0 0 2
248 3 0 0 3
249 1 2 0 1
250 1 0 0 0
251 1 1 0 0
252 1 2 0 1
253 3 1 0 2
254 2 2 1 0
255 1 0 1 1
256 1 1 0 3
257 2 3 0 1
258 2 0 1 1
259 0 0 1 0
260 0 1 0 0
261 0 3 0 2
262 0 2 1 2
263 1 2 0 2
264 1 0 0 4
265 0 0 0 2
266 0 0 0 2
267 0 0 0 2
268 0 1 0 1
269 1 0 0 1
270 0 0 0 0
271 2 0 0 0
272 2 0 0 0
273 2 1 0 1
274 1 0 0 0
275 2 0 0 0
276 0 0 2 0
277 1 0 0 1
278 0 2 0 0
279 0 1 0 0
280 0 1 0 1
281 0 0 2 0
282 1 1 1 1
283 2 1 0 2
284 0 0 0 0
285 2 0 0 3
286 0 0 0 1
287 0 0 0 1
288 0 1 0 0
289 0 0 0 1
290 0 1 0 1
291 0 0 1 0
292 1 1 0 0
293 0 0 0 0
294 0 0 1 1
295 0 0 0 1
296 0 0 0 0
297 0 0 0 0
298 1 0 0 2
299 0 0 0 1
300 0 0 0 0
301 0 1 0 0
302 1 0 0 0
303 0 1 0 0
304 0 0 0 0
305 0 0 0 0
306 0 0 0 0
307 0 1 0 1
308 0 0 0 1
309 0 0 0 0
310 0 0 0 0
311 0 0 0 0
312 0 0 0 0
313 1 0 0 0
314 0 0 0 1
315 0 0 0 0
316 0 0 0 0
317 1 0 0 0
318 0 1 0 0
319 0 0 0 0
320 0 0 0 0
321 0 0 0 0
322 0 0 0 0
323 0 0 0 0
324 0 0 0 0
325 0 0 0 1
326 0 1 0 0
327 0 0 0 0
328 0 0 0 0
329 0 0 0 0
330 0 0 0 1
331 0 0 0 0
332 0 0 0 0
333 0 0 0 0
334 0 0 0 0
335 0 0 0 0
336 0 0 0 0
337 0 0 0 0
338 0 0 0 0
339 1 0 0 0
340 1 0 0 0
341 0 0 0 0
342 0 0 0 0
343 0 0 0 0
344 0 0 0 0
345 0 1 0 0
346 0 0 0 0
347 1 0 0 0
348 0 1 0 0
349 0 0 0 0
350 0 0 0 0
351 0 0 0 0
352 0 0 0 1
353 0 0 0 0
354 0 0 0 0
355 0 0 0 1
356 0 1 0 0
357 1 0 0 0
358 0 0 0 0
359 1 0 0 0
360 1 0 0 1
361 0 0 0 0
362 0 0 0 0
363 0 0 0 0
364 0 0 0 0
365 0 1 0 0
366 0 0 1 0
367 0 0 0 0
368 0 1 0 0
369 0 0 0 1
370 0 0 0 0
371 0 0 0 0
372 0 0 0 0
373 0 0 0 1
374 0 0 0 0
375 0 0 0 1
376 0 0 0 0
377 0 0 0 0
378 0 0 0 0
379 0 0 0 0
380 0 0 0 0
381 1 0 0 0
382 0 0 0 0
383 0 0 0 0
384 1 0 0 0
385 1 0 0 0
386 0 1 0 0
387 0 0 0 0
388 0 0 0 0
389 0 0 1 0
390 1 0 0 1
391 1 0 0 0
392 0 0 0 0
393 0 0 0 1
394 0 1 0 0
395 0 1 0 0
396 0 1 0 0
397 0 0 0 0
398 1 0 0 1
399 1 0 0 1
400 1 0 0 1
401 0 0 0 0
402 0 0 0 0
403 0 1 0 0
404 0 0 0 0
405 1 1 0 0
406 0 0 0 0
407 0 0 0 1
408 0 0 0 0
409 0 0 1 1
410 0 1 0 0
411 1 0 0 0
412 0 0 0 0
413 0 0 0 0
414 0 0 0 0
415 2 0 0 0
416 0 0 1 1
417 0 0 0 1
418 2 0 0 0
419 0 0 0 0
420 0 1 0 0
421 0 0 0 0
422 0 0 0 0
423 0 2 0 1
424 0 0 0 0
425 0 0 0 0
426 0 0 0 0
427 0 1 0 2
428 0 0 0 0
429 0 0 0 0
430 0 0 0 1
431 0 0 0 0
432 1 0 0 0
433 1 0 0 0
434 0 0 0 1
435 1 0 0 0
436 0 0 0 0
437 1 0 0 0
438 0 1 0 0
439 0 0 0 0
440 0 0 0 0
441 1 0 1 0
442 0 1 0 1
443 1 0 0 0
444 1 1 0 0
445 0 0 0 0
446 0 0 0 0
447 0 0 0 0
448 0 0 1 1
449 1 0 0 1
450 0 1 0 0
451 0 0 0 1
452 0 0 0 1
453 0 0 1 0
454 0 0 0 1
455 1 0 0 0
456 0 0 0 0
457 1 0 0 1
458 0 1 0 0
459 0 0 0 0
460 0 0 0 0
461 0 0 0 0
462 0 1 0 0
463 0 0 0 0
464 1 1 0 1
465 0 0 0 0
466 0 0 0 1
467 0 0 0 0
468 0 0 0 1
469 0 1 0 0
470 1 0 0 0
471 0 0 0 0
472 1 0 0 0
473 0 0 0 1
474 0 0 0 0
475 0 0 0 0
476 1 0 0 0
477 0 0 0 0
478 0 0 0 0
479 0 1 0 0
480 0 0 0 0
481 0 1 0 0
482 0 0 0 0
483 0 0 0 0
484 0 0 0 0
485 0 0 1 1
486 0 0 0 1
487 2 0 0 0
488 0 0 0 0
489 0 0 0 0
490 0 0 0 0
491 0 0 0 0
492 0 1 0 1
493 0 0 0 0
494 0 0 0 0
495 0 0 0 0
496 0 0 1 0
497 0 0 0 0
498 0 0 0 0
499 0 0 0 1
500 0 0 0 1
501 0 0 0 0
502 0 0 0 0
503 0 0 0 0
504 0 0 0 0
505 0 0 0 0
506 0 0 0 0
507 0 0 0 0
508 1 0 0 0
509 0 0 0 0
510 0 0 0 0
511 0 0 0 0
512 1 0 0 0
513 0 0 1 0
514 0 0 0 0
515 0 0 0 0
516 0 0 0 0
517 0 1 0 0
518 0 0 0 0
519 0 0 0 0
520 0 0 0 1
521 0 0 0 0
522 0 0 0 0
523 0 0 0 0
524 0 0 0 1
525 0 0 0 0
526 0 0 0 0
527 1 0 0 0
528 1 0 0 0
529 0 0 0 0
530 0 0 0 0
531 0 0 0 0
532 1 0 0 0
533 0 1 0 0
534 1 0 0 0
535 0 0 0 0
536 0 0 1 0
537 0 0 0 0
538 0 0 0 0
539 0 0 1 0
540 0 0 0 2
541 0 0 1 0
542 0 0 0 0
543 0 0 0 1
544 0 0 0 0
545 0 0 0 0
546 0 0 0 0
547 0 0 0 0
548 0 0 0 1
549 0 0 0 0
550 0 0 0 0
551 0 0 0 0
552 0 0 0 0
553 0 0 0 0
554 0 0 0 0
555 0 0 0 0
556 1 0 0 0
557 0 0 0 0
558 0 0 0 0
559 0 0 0 0
560 0 0 0 0
561 0 0 1 0
562 0 0 0 0
563 1 0 0 0
564 0 0 0 0
565 0 0 0 0
566 1 0 0 0
567 1 0 0 0
568 0 0 0 1
569 0 0 0 0
570 0 0 0 0
571 0 0 0 0
572 1 2 0 0
573 0 0 0 0
574 0 0 0 0
575 0 1 0 0
576 0 0 0 1
577 0 0 1 0
578 0 0 0 0
579 0 0 0 2
580 0 0 0 0
581 0 0 0 1
582 0 0 0 0
583 0 0 0 0
584 0 0 0 0
585 0 0 0 0
586 0 0 0 0
587 0 0 0 0
588 0 0 0 0
589 0 0 0 0
590 0 0 0 0
591 0 0 0 0
592 0 0 0 0
593 0 0 0 0
594 0 0 0 0
595 0 0 0 0
596 0 0 0 0
597 0 0 0 0
598 0 0 0 0
599 0 0 0 0
600 0 0 0 0
601 0 0 0 0
602 0 0 0 0
603 0 0 0 0
604 0 0 0 0
605 0 0 0 0
606 0 0 0 0
607 0 0 0 0
608 0 0 0 0
609 0 0 0 0
610 0 0 0 0
611 0 0 0 0
612 0 0 0 0
613 0 0 0 0
614 0 0 0 0
615 0 0 0 0
616 0 0 0 0
617 0 0 0 0
618 0 0 0 0
619 0 0 0 0
620 0 0 0 0
621 0 0 0 0
622 0 0 0 0
623 0 0 0 0
624 0 0 0 0
625 0 0 0 0
626 0 0 0 0
627 0 0 0 0
628 0 0 0 0
629 0 0 0 0
630 0 0 0 0
631 0 0 0 0
632 0 0 0 0
633 0 0 0 0
634 0 0 0 0
635 0 0 0 0
636 0 0 0 0
637 0 0 0 0
638 0 0 0 0
639 0 0 0 0
640 0 0 0 0
641 0 0 0 0
642 0 0 0 0
643 0 0 0 0
644 0 0 0 0
645 0 0 0 0
646 0 0 0 0
647 0 0 0 0
648 0 0 0 0
649 0 0 0 0
650 0 0 0 0
651 0 0 0 0
652 0 0 0 0
653 0 0 0 0
654 0 0 0 0
655 0 0 0 0
656 0 0 0 0
657 0 0 0 0
658 0 0 0 0
659 0 0 0 0
660 0 0 0 0
661 0 0 0 0
662 0 0 0 0
663 0 0 0 0
664 0 0 0 0
665 0 0 0 0
666 0 0 0 0
667 0 0 0 0
668 0 0 0 0
669 0 0 0 0
670 0 0 0 0
671 0 0 0 0
672 0 0 0 0
673 0 0 0 0
674 0 0 0 0
675 0 0 0 0
676 0 0 0 0
677 0 0 0 0
678 0 0 0 0
679 0 0 0 0
680 0 0 0 0
681 0 0 0 0
682 0 0 0 0
683 0 0 0 0
684 0 0 0 0
685 0 0 0 0
686 0 0 0 0
687 0 0 0 0
688 0 0 0 0
689 0 0 0 0
690 0 0 0 0
691 0 0 0 0
692 0 0 0 0
693 0 0 0 0
694 0 0 0 0
695 0 0 0 0
696 0 0 0 0
697 0 0 0 0
698 0 0 0 0
699 0 0 0 0
700 0 0 0 0
701 0 0 0 0
702 0 0 0 0
703 0 0 0 0
704 0 0 0 0
705 0 0 0 0
706 0 0 0 0
707 0 0 0 0
708 0 0 0 0
709 0 0 0 0
710 0 0 0 0
711 0 0 0 0
712 0 0 0 0
713 0 0 0 0
714 0 0 0 0
715 0 0 0 0
716 0 0 0 0
717 0 0 0 0
718 0 0 0 0
719 0 0 0 0
720 0 0 0 0
721 0 0 0 0
722 0 0 0 0
723 0 0 0 0
724 0 0 0 0
725 0 0 0 0
726 0 0 0 0
727 0 0 0 0
