0 0 0 0 0
1 0 0 0 0
2 0 0 0 0
3 0 0 0 0
4 0 0 0 0
5 0 0 2 0
6 0 0 0 0
7 0 0 0 0
8 0 0 0 0
9 0 1 2 0
10 0 0 0 0
11 0 0 0 0
12 0 0 0 2
13 0 0 0 1
14 0 0 0 0
15 0 0 0 0
16 0 0 0 2
17 0 0 0 0
18 0 0 0 0
19 0 0 0 0
20 2 0 0 0
21 2 0 0 0
22 1 0 0 0
23 1 0 0 0
24 0 0 0 0
25 0 0 0 0
26 1 1 0 0
27 2 0 0 0
28 0 0 0 0
29 0 3 0 0
30 0 0 1 1
31 0 0 1 0
32 0 0 0 0
33 0 0 0 1
34 0 0 0 1
35 0 1 1 1
36 0 1 0 2
37 0 0 0 0
38 0 0 0 0
39 0 0 0 0
40 0 0 0 1
41 1 0 0 0
42 1 0 0 2
43 0 0 0 0
44 0 0 0 0
45 0 0 0 0
46 0 0 1 0
47 0 1 0 0
48 0 0 0 0
49 0 0 0 0
50 1 0 0 0
51 3 0 0 1
52 1 0 0 0
53 1 0 0 1
54 1 0 0 0
55 1 0 0 0
56 1 1 1 0
57 1 0 0 0
58 2 1 0 0
59 0 2 0 0
60 2 1 0 2
61 0 0 2 0
62 0 1 0 1
63 0 0 1 1
64 1 0 1 0
65 0 1 0 1
66 1 0 0 2
67 0 1 0 1
68 1 0 0 3
69 0 1 0 1
70 1 0 0 0
71 0 0 0 0
72 0 0 0 0
73 3 1 0 0
74 0 0 0 1
75 3 0 2 0
76 0 0 0 1
77 0 0 1 0
78 1 1 1 0
79 4 0 0 2
80 2 1 0 1
81 3 0 0 1
82 2 1 0 0
83 1 0 0 0
84 1 2 1 1
85 2 0 0 2
86 2 0 0 1
87 1 3 0 0
88 2 2 1 1
89 2 2 0 0
90 1 4 0 0
91 1 0 0 2
92 1 1 1 2
93 1 2 0 2
94 1 3 1 5
95 1 2 0 1
96 1 0 0 2
97 0 1 0 4
98 2 0 0 3
99 2 0 1 2
100 2 0 1 0
101 2 0 2 2
102 3 0 1 0
103 1 1 0 1
104 2 1 2 1
105 3 0 0 2
106 1 0 1 1
107 1 2 0 0
108 2 0 0 2
109 3 3 0 0
110 4 0 1 1
111 1 1 1 3
112 3 1 2 0
113 4 2 1 3
114 5 3 1 1
115 0 2 1 1
116 0 1 0 4
117 1 1 1 3
118 1 3 1 4
119 1 2 3 1
120 1 1 0 1
121 2 0 0 2
122 3 2 0 3
123 2 1 1 2
124 2 1 0 3
125 2 0 0 2
126 2 0 0 5
127 5 3 0 0
128 4 0 1 0
129 7 2 0 0
130 1 3 0 2
131 6 1 1 3
132 2 2 1 1
133 2 2 2 0
134 1 1 1 3
135 2 1 2 1
136 3 1 2 3
137 0 1 0 3
138 0 5 3 3
139 2 0 0 3
140 3 3 3 3
141 6 2 2 2
142 4 0 0 7
143 5 1 0 1
144 6 0 1 5
145 5 3 0 3
146 5 4 1 0
147 7 2 1 2
148 3 3 2 4
149 5 2 1 3
150 3 0 3 3
151 7 4 2 1
152 4 2 4 3
153 6 3 3 3
154 9 5 2 3
155 6 2 0 5
156 2 6 0 4
157 4 0 2 5
158 4 4 1 8
159 8 5 2 6
160 1 4 4 6
161 7 2 3 3
162 6 3 2 3
163 4 5 1 8
164 5 1 4 7
165 10 1 1 4
166 6 2 2 6
167 8 2 2 7
168 9 3 3 3
169 8 3 1 3
170 7 5 2 2
171 8 3 0 8
172 10 6 3 4
173 12 7 1 5
174 10 7 6 2
175 9 6 3 5
176 10 4 2 7
177 11 6 4 8
178 9 1 8 9
179 17 6 4 10
180 12 2 7 7
181 9 5 3 10
182 11 8 3 11
183 10 9 0 7
184 13 6 6 10
185 10 6 7 6
186 7 5 4 11
187 11 6 2 9
188 12 7 3 13
189 9 7 6 12
190 15 9 3 8
191 6 6 3 12
192 11 6 4 10
193 13 9 3 10
194 9 6 3 7
195 15 10 2 12
196 16 5 2 11
197 14 3 7 16
198 16 7 2 8
199 9 6 6 11
200 9 4 9 7
201 17 7 9 12
202 14 9 7 9
203 9 8 11 8
204 15 5 3 13
205 12 6 6 15
206 5 8 6 14
207 11 3 8 16
208 9 8 5 10
209 10 7 6 15
210 7 9 10 19
211 5 4 4 12
212 6 8 1 9
213 8 6 4 12
214 7 4 4 19
215 6 1 3 13
216 8 2 5 8
217 6 5 2 11
218 5 7 2 7
219 8 6 3 7
220 1 6 2 9
221 6 3 2 6
222 11 6 0 5
223 4 3 1 9
224 8 0 2 10
225 6 6 1 5
226 6 6 3 6
227 3 4 3 6
228 4 8 2 6
229 5 2 2 5
230 1 1 4 5
231 3 5 6 3
232 2 1 1 10
233 2 2 6 4
234 4 3 1 6
235 3 1 1 8
236 6 3 0 7
237 4 2 1 9
238 4 2 1 11
239 1 2 1 0
240 3 3 1 5
241 2 3 2 2
242 5 3 1 1
243 1 3 2 3
244 2 1 1 6
245 3 1 2 4
246 2 1 0 2
247 1 2 0 3
248 2 1 0 5
249 4 2 2 7
250 4 2 0 2
251 0 2 1 2
252 6 1 0 0
253 2 2 0 4
254 2 2 2 0
255 1 1 2 3
256 3 1 0 3
257 0 4 0 3
258 6 1 3 4
259 2 1 1 2
260 1 0 0 1
261 2 3 0 2
262 1 2 0 2
263 1 4 2 2
264 1 1 0 2
265 0 0 2 6
266 2 0 0 2
267 0 1 2 3
268 1 1 1 0
269 1 1 1 2
270 0 2 0 3
271 0 2 0 1
272 2 0 1 3
273 0 1 0 2
274 2 0 0 4
275 1 0 0 1
276 2 0 0 1
277 0 0 0 1
278 0 0 1 1
279 1 0 1 0
280 1 0 0 1
281 1 1 1 0
282 2 0 0 0
283 2 1 0 0
284 0 1 0 0
285 0 1 1 4
286 1 0 1 0
287 3 1 1 0
288 2 0 2 0
289 0 1 0 1
290 2 0 0 2
291 2 1 0 2
292 1 0 1 4
293 0 1 0 0
294 1 0 0 0
295 0 0 1 0
296 1 2 2 2
297 0 1 1 1
298 0 0 0 1
299 0 0 1 1
300 2 1 0 3
301 0 1 0 0
302 1 0 0 0
303 1 0 1 1
304 0 0 0 3
305 1 0 0 1
306 0 0 0 1
307 0 0 0 0
308 0 0 0 1
309 0 2 0 0
310 0 1 0 0
311 0 0 1 0
312 1 1 0 0
313 1 0 0 1
314 1 0 0 1
315 0 0 0 1
316 0 0 0 2
317 1 0 0 0
318 0 0 0 0
319 0 0 1 0
320 1 0 0 0
321 1 1 0 0
322 1 1 0 0
323 1 0 0 0
324 0 0 0 0
325 0 0 1 0
326 0 1 1 2
327 0 0 0 0
328 0 0 1 1
329 1 0 0 1
330 2 0 0 1
331 1 0 1 0
332 1 0 0 1
333 1 0 0 1
334 1 0 0 0
335 0 0 0 1
336 0 1 0 0
337 0 0 1 0
338 1 0 1 0
339 0 1 1 0
340 0 0 0 1
341 0 0 0 1
342 0 0 1 1
343 0 2 0 1
344 0 0 0 0
345 0 0 0 0
346 0 0 0 2
347 0 0 0 1
348 1 0 0 0
349 0 0 0 0
350 0 0 0 1
351 0 0 0 0
352 0 0 0 0
353 0 0 1 0
354 0 0 0 0
355 1 0 0 0
356 0 0 0 0
357 0 0 0 1
358 0 0 0 0
359 1 0 0 0
360 0 0 0 0
361 0 0 0 0
362 1 0 0 0
363 1 0 0 0
364 1 1 1 0
365 0 0 0 0
366 0 0 0 0
367 0 0 0 0
368 1 0 1 0
369 0 0 0 0
370 0 0 0 0
371 1 0 1 2
372 0 0 0 1
373 0 2 0 0
374 0 0 0 0
375 0 0 0 0
376 0 0 1 0
377 1 0 0 2
378 0 0 0 1
379 0 0 0 0
380 1 0 0 0
381 0 0 0 0
382 1 1 0 0
383 2 0 0 1
384 1 0 0 0
385 1 0 0 0
386 0 0 0 0
387 1 0 1 0
388 1 1 1 0
389 1 0 1 1
390 0 1 0 0
391 0 0 0 1
392 2 0 0 0
393 1 2 0 1
394 1 1 0 1
395 1 0 0 2
396 1 0 1 0
397 0 1 0 1
398 0 0 1 1
399 0 0 0 0
400 1 1 0 1
401 1 1 0 1
402 0 0 0 0
403 0 0 1 1
404 0 0 0 1
405 2 0 2 2
406 1 1 0 0
407 1 0 0 0
408 2 0 0 0
409 1 0 0 1
410 0 2 0 1
411 0 0 1 0
412 2 0 0 1
413 0 2 0 1
414 0 1 0 2
415 0 0 0 1
416 2 1 0 0
417 2 0 0 1
418 2 0 0 0
419 0 0 0 0
420 0 0 0 2
421 0 1 2 1
422 0 0 0 0
423 0 1 0 0
424 0 0 0 0
425 0 1 0 1
426 0 1 1 0
427 1 1 0 1
428 0 0 0 2
429 1 0 0 1
430 2 0 0 0
431 0 0 0 0
432 0 0 0 0
433 1 0 0 2
434 1 0 0 1
435 2 1 0 0
436 0 1 0 0
437 1 1 0 0
438 1 1 0 0
439 0 0 1 1
440 0 0 1 1
441 0 0 0 1
442 1 0 0 1
443 0 0 2 0
444 1 1 0 0
445 0 0 0 0
446 0 1 0 1
447 0 0 0 3
448 0 0 0 1
449 0 0 0 0
450 0 0 0 0
451 0 1 0 0
452 0 0 0 0
453 0 0 1 1
454 0 0 0 0
455 0 0 0 1
456 2 0 0 0
457 1 0 0 1
458 0 0 0 0
459 1 0 0 0
460 1 0 0 0
461 1 2 0 0
462 2 0 0 0
463 2 0 0 0
464 0 1 0 0
465 2 0 0 0
466 1 0 2 0
467 2 0 1 0
468 1 0 1 3
469 1 0 2 0
470 0 0 1 1
471 0 1 1 0
472 0 0 2 0
473 0 1 0 3
474 0 1 1 1
475 0 0 0 2
476 1 0 0 2
477 0 0 0 1
478 2 0 0 2
479 2 0 0 0
480 2 0 0 1
481 0 1 0 1
482 2 0 0 0
483 2 0 0 0
484 1 0 0 0
485 3 1 1 1
486 1 0 0 0
487 2 1 1 0
488 3 1 0 0
489 1 2 0 1
490 4 1 0 0
491 0 2 1 1
492 3 0 3 2
493 0 1 0 0
494 0 2 1 2
495 2 1 1 1
496 0 1 0 2
497 1 1 1 0
498 0 0 0 4
499 2 0 2 5
500 2 0 0 2
501 0 1 2 2
502 1 0 1 1
503 0 0 0 0
504 3 1 2 0
505 1 1 0 2
506 2 0 0 3
507 1 1 0 0
508 2 0 0 2
509 1 2 1 0
510 1 1 0 0
511 6 0 0 3
512 4 0 2 1
513 8 2 0 0
514 5 1 0 0
515 4 1 0 0
516 2 3 3 4
517 3 2 2 2
518 2 4 1 1
519 2 2 1 2
520 3 3 1 4
521 3 1 1 0
522 1 4 1 1
523 1 3 0 5
524 4 1 2 7
525 4 1 2 5
526 6 2 1 4
527 2 0 2 4
528 5 1 0 2
529 4 2 0 4
530 1 2 3 3
531 4 1 2 2
532 4 1 0 2
533 2 1 2 3
534 3 4 0 4
535 4 4 1 3
536 3 3 0 0
537 4 4 1 5
538 4 0 4 3
539 6 1 1 4
540 5 4 1 2
541 4 2 1 3
542 2 3 0 2
543 4 3 1 2
544 9 4 1 6
545 4 3 3 5
546 6 2 3 2
547 6 1 1 6
548 8 2 3 3
549 6 1 2 6
550 5 2 0 3
551 6 3 0 3
552 5 4 2 7
553 4 4 7 3
554 7 2 4 3
555 6 6 1 2
556 6 1 3 4
557 7 2 4 7
558 6 1 3 6
559 7 3 3 7
560 13 8 0 6
561 6 2 4 6
562 3 4 1 5
563 9 4 0 5
564 3 5 2 5
565 10 4 5 9
566 7 5 3 6
567 5 3 3 7
568 7 6 4 6
569 8 4 6 8
570 6 5 4 5
571 5 3 1 4
572 9 1 2 9
573 4 2 1 8
574 4 3 5 12
575 8 4 1 7
576 4 4 2 5
577 6 3 6 4
578 6 4 4 9
579 2 5 1 6
580 3 6 1 4
581 3 4 2 9
582 3 1 5 7
583 5 5 1 5
584 0 3 0 6
585 3 1 3 4
586 5 2 2 4
587 1 2 2 7
588 2 4 1 6
589 2 0 1 7
590 2 1 1 5
591 4 2 1 5
592 2 1 1 4
593 3 1 0 3
594 4 1 0 1
595 4 4 0 3
596 2 1 1 1
597 2 3 0 1
598 1 3 0 3
599 0 2 2 5
600 2 0 2 1
601 0 1 1 3
602 1 1 3 1
603 4 1 0 5
604 0 2 1 1
605 5 1 0 3
606 1 1 0 2
607 0 0 2 1
608 1 1 1 2
609 2 0 1 4
610 1 1 1 1
611 0 0 0 2
612 1 1 1 2
613 2 1 0 2
614 2 2 3 3
615 1 0 1 1
616 0 0 0 2
617 0 1 0 1
618 1 0 0 2
619 3 0 1 0
620 0 1 0 1
621 1 0 0 4
622 0 2 0 1
623 2 2 0 0
624 1 1 0 0
625 0 0 0 0
626 0 1 0 2
627 0 0 1 2
628 0 2 1 1
629 0 0 0 1
630 0 0 0 1
631 0 0 0 0
632 1 1 0 1
633 2 1 0 1
634 0 0 0 1
635 1 0 0 2
636 1 0 0 0
637 1 0 0 1
638 0 1 0 0
639 0 0 0 1
640 0 1 0 0
641 0 1 0 0
642 2 1 0 0
643 4 0 0 0
644 1 0 0 0
645 0 0 1 2
646 0 1 0 0
647 1 0 0 1
648 1 2 1 1
649 1 0 0 1
650 1 0 0 1
651 0 2 0 0
652 1 1 0 1
653 0 2 0 0
654 1 1 0 1
655 0 1 0 1
656 0 1 0 2
657 1 1 0 1
658 0 0 0 2
659 0 0 0 1
660 0 0 0 1
661 0 0 0 0
662 0 1 0 0
663 0 1 0 1
664 0 0 0 1
665 0 0 0 0
666 1 0 0 0
667 0 0 0 1
668 0 0 0 0
669 0 0 0 1
670 1 0 0 0
671 0 1 0 0
672 0 0 0 0
673 0 0 0 0
674 1 0 0 0
675 1 0 0 1
676 0 0 0 0
677 0 0 0 0
678 0 0 0 0
679 0 2 0 0
680 0 1 0 0
681 0 0 0 0
682 0 0 0 0
683 0 0 0 1
684 0 0 0 1
685 0 0 0 0
686 0 0 0 1
687 0 0 0 0
688 0 0 0 0
689 0 0 0 0
690 0 0 0 0
691 0 0 0 0
692 0 0 0 0
693 0 0 0 0
694 0 0 0 0
695 0 0 0 0
696 0 0 0 0
697 0 0 0 0
698 0 0 0 0
699 0 0 0 0
700 0 0 0 0
701 0 0 0 0
702 0 0 0 0
703 0 0 0 0
704 0 0 0 0
705 0 0 0 0
706 0 0 0 0
707 0 0 0 0
708 0 0 0 0
709 0 0 0 0
710 0 0 0 0
711 0 0 0 0
712 0 0 0 0
713 0 0 0 0
714 0 0 0 0
715 0 0 0 0
716 0 0 0 0
717 0 0 0 0
718 0 0 0 0
719 0 0 0 0
720 0 0 0 0
721 0 0 0 0
722 0 0 0 0
723 0 0 0 0
724 0 0 0 0
725 0 0 0 0
726 0 0 0 0
727 0 0 0 0
