0 0 0 0 0
1 0 0 0 0
2 0 0 0 0
3 0 0 0 0
4 0 0 0 0
5 0 0 2 0
6 0 0 0 0
7 0 0 0 0
8 0 0 0 0
9 0 2 1 0
10 0 0 0 0
11 0 0 0 0
12 0 0 0 2
13 0 0 0 2
14 0 0 0 0
15 0 0 0 0
16 0 0 0 1
17 0 0 0 0
18 0 0 0 0
19 1 0 0 0
20 1 0 0 0
21 0 0 0 0
22 1 0 0 0
23 0 0 0 0
24 1 0 0 0
25 2 0 0 0
26 1 0 0 0
27 2 1 0 0
28 1 1 0 0
29 3 2 0 0
30 2 0 1 0
31 1 0 0 1
32 3 0 1 1
33 0 1 0 0
34 1 2 1 1
35 0 1 1 0
36 0 0 1 3
37 0 2 0 0
38 0 1 0 2
39 0 2 0 2
40 0 1 0 1
41 1 1 0 3
42 1 0 0 1
43 0 0 0 1
44 2 0 0 0
45 5 0 0 1
46 4 1 0 2
47 6 0 0 1
48 4 0 0 0
49 3 0 0 0
50 1 2 3 0
51 2 2 1 0
52 1 1 2 0
53 4 1 2 1
54 3 1 3 3
55 2 0 2 2
56 2 5 2 0
57 2 0 2 4
58 2 0 2 4
59 1 1 1 4
60 1 0 0 5
61 3 2 0 3
62 1 2 1 2
63 3 0 1 2
64 1 1 1 1
65 3 0 0 3
66 1 1 3 4
67 3 2 0 1
68 1 0 1 2
69 4 0 2 1
70 4 0 1 2
71 4 2 1 2
72 3 4 2 0
73 4 1 0 3
74 3 3 2 1
75 1 1 2 4
76 11 1 2 4
77 6 1 1 1
78 10 1 1 6
79 5 2 3 4
80 6 0 1 1
81 5 5 0 0
82 6 2 2 3
83 4 7 2 6
84 4 3 1 2
85 5 5 2 4
86 8 4 2 3
87 4 4 0 7
88 4 3 1 3
89 6 4 2 3
90 2 3 3 7
91 2 5 3 5
92 11 4 1 6
93 9 1 3 6
94 7 2 2 6
95 4 4 1 5
96 6 2 0 2
97 7 3 3 7
98 9 7 2 7
99 3 1 4 7
100 7 6 0 2
101 4 8 4 6
102 4 4 2 7
103 4 3 2 4
104 6 2 2 8
105 4 2 1 10
106 7 5 0 6
107 7 6 4 5
108 2 0 3 7
109 4 4 2 4
110 8 1 4 2
111 9 4 1 8
112 13 3 2 1
113 9 4 0 12
114 12 2 4 6
115 8 5 2 3
116 11 6 2 3
117 7 7 2 6
118 5 3 2 8
119 6 7 5 7
120 4 7 4 6
121 7 6 4 6
122 11 3 4 6
123 11 5 4 11
124 10 6 2 13
125 10 3 2 6
126 6 2 2 7
127 13 1 5 7
128 11 7 2 10
129 11 6 3 4
130 8 4 4 7
131 18 4 6 6
132 9 8 5 9
133 15 5 6 5
134 9 7 2 8
135 10 2 6 12
136 8 6 8 13
137 8 7 3 10
138 9 9 5 9
139 10 6 2 10
140 7 11 3 11
141 11 6 4 10
142 12 6 8 9
143 12 8 2 10
144 11 3 3 14
145 5 4 6 14
146 14 5 4 15
147 16 6 4 11
148 6 4 9 6
149 10 6 3 7
150 12 4 2 5
151 15 8 4 8
152 18 5 8 20
153 22 4 2 10
154 27 5 3 5
155 25 6 8 10
156 24 7 5 12
157 18 13 2 7
158 15 7 7 11
159 15 12 9 13
160 11 17 12 11
161 13 13 8 7
162 25 15 6 13
163 21 10 11 15
164 15 10 7 23
165 14 4 7 16
166 13 13 6 24
167 16 14 7 25
168 11 12 3 25
169 14 8 6 15
170 17 7 9 16
171 16 11 9 18
172 14 10 9 15
173 25 8 5 16
174 13 7 8 18
175 17 8 6 18
176 16 8 9 20
177 20 8 4 12
178 23 9 8 13
179 21 6 6 23
180 29 5 9 15
181 37 7 6 9
182 21 11 10 15
183 29 11 11 15
184 24 9 11 15
185 30 19 4 12
186 24 22 7 20
187 28 13 12 20
188 29 15 15 22
189 23 15 12 19
190 27 22 16 19
191 25 9 6 21
192 33 20 3 26
193 24 13 14 35
194 28 12 10 36
195 28 20 11 25
196 27 19 11 27
197 29 20 12 28
198 24 10 13 17
199 27 20 10 21
200 25 9 12 26
201 19 14 13 32
202 29 17 14 31
203 23 18 10 30
204 17 18 12 32
205 18 14 15 24
206 19 12 9 26
207 21 17 8 17
208 22 14 16 31
209 18 12 3 31
210 15 5 12 28
211 22 10 16 23
212 19 10 8 24
213 19 12 7 15
214 18 17 4 23
215 14 11 3 32
216 14 15 10 17
217 11 12 9 22
218 11 13 5 23
219 15 13 7 16
220 19 11 8 21
221 16 6 8 17
222 16 12 2 17
223 17 10 8 18
224 12 7 3 23
225 11 12 9 16
226 7 6 7 16
227 9 6 5 21
228 10 7 10 10
229 7 5 4 21
230 4 6 8 17
231 5 4 4 10
232 8 9 3 19
233 7 8 8 9
234 5 2 4 12
235 5 7 3 11
236 5 5 2 9
237 6 8 1 19
238 7 6 2 7
239 5 2 1 13
240 4 2 2 11
241 2 6 2 4
242 3 3 5 8
243 6 7 2 3
244 7 1 2 9
245 4 0 0 8
246 7 1 1 7
247 7 1 1 6
248 3 4 3 5
249 2 2 6 4
250 4 1 1 5
251 4 3 2 2
252 1 3 1 3
253 3 3 1 5
254 5 1 5 1
255 2 3 4 9
256 4 3 2 4
257 4 0 2 3
258 3 1 0 4
259 1 1 1 6
260 2 3 2 8
261 1 1 2 4
262 2 0 3 5
263 0 3 3 0
264 1 0 0 6
265 0 1 2 3
266 2 3 1 3
267 1 2 0 4
268 0 1 0 2
269 4 0 1 4
270 2 0 0 4
271 2 0 2 1
272 1 1 0 1
273 1 0 1 2
274 2 1 2 1
275 2 0 1 2
276 1 0 1 0
277 0 0 0 1
278 0 0 2 2
279 2 3 0 2
280 1 1 0 1
281 1 0 1 1
282 1 0 0 3
283 0 1 0 2
284 1 2 0 0
285 0 1 1 1
286 0 0 0 1
287 0 1 0 2
288 1 0 1 1
289 0 0 0 1
290 0 1 1 0
291 0 0 0 1
292 0 0 0 2
293 0 0 0 0
294 1 0 0 1
295 0 0 0 0
296 1 0 0 0
297 0 0 1 2
298 1 0 0 0
299 1 1 0 0
300 1 0 0 0
301 1 0 0 1
302 0 0 0 0
303 0 0 0 0
304 0 1 0 0
305 0 2 0 0
306 0 0 0 1
307 0 1 0 0
308 0 0 0 1
309 0 0 0 0
310 0 1 0 0
311 0 0 0 1
312 0 0 0 2
313 0 0 0 0
314 0 0 0 1
315 0 0 0 0
316 0 0 0 0
317 0 0 0 0
318 2 0 0 0
319 1 0 0 0
320 0 0 0 0
321 0 0 0 0
322 1 0 0 0
323 0 0 0 0
324 0 0 0 0
325 0 0 0 0
326 0 0 1 0
327 0 0 2 0
328 0 0 1 0
329 0 0 0 0
330 0 0 0 1
331 0 0 0 2
332 0 0 0 0
333 0 0 0 0
334 0 0 0 0
335 0 0 0 1
336 0 0 0 0
337 0 0 0 0
338 0 0 0 0
339 0 0 0 0
340 0 0 0 0
341 0 0 0 0
342 0 0 0 0
343 0 0 0 0
344 0 0 0 0
345 0 0 0 0
346 0 0 0 0
347 0 0 0 0
348 0 0 0 0
349 0 0 0 0
350 0 0 0 0
351 0 0 0 0
352 0 0 0 0
353 0 0 0 0
354 0 0 0 0
355 0 0 0 0
356 0 0 0 0
357 0 0 0 0
358 0 0 0 0
359 0 0 0 0
360 0 0 0 0
361 0 0 0 0
362 0 0 0 0
363 0 0 0 0
364 0 0 0 0
365 0 0 0 0
366 0 0 0 0
367 0 0 0 0
368 0 0 0 0
369 0 0 0 0
370 0 0 0 0
371 0 0 0 0
372 0 0 0 0
373 0 0 0 0
374 0 0 0 0
375 0 0 0 0
376 0 0 0 0
377 0 0 0 0
378 0 0 0 0
379 0 0 0 0
380 0 0 0 0
381 0 0 0 0
382 0 0 0 0
383 0 0 0 0
384 0 0 0 0
385 0 0 0 0
386 0 0 0 0
387 0 0 0 0
388 0 0 0 0
389 0 0 0 0
390 0 0 0 0
391 0 0 0 0
392 0 0 0 0
393 0 0 0 0
394 0 0 0 0
395 0 0 0 0
396 0 0 0 0
397 0 0 0 0
398 0 0 0 0
399 0 0 0 0
400 0 0 0 0
401 0 0 0 0
402 0 0 0 0
403 0 0 0 0
404 0 0 0 0
405 0 0 0 0
406 0 0 0 0
407 0 0 0 0
408 0 0 0 0
409 0 0 0 0
410 0 0 0 0
411 0 0 0 0
412 0 0 0 0
413 0 0 0 0
414 0 0 0 0
415 0 0 0 0
416 0 0 0 0
417 0 0 0 0
418 0 0 0 0
419 0 0 0 0
420 0 0 0 0
421 0 0 0 0
422 0 0 0 0
423 0 0 0 0
424 0 0 0 0
425 0 0 0 0
426 0 0 0 0
427 0 0 0 0
428 0 0 0 0
429 0 0 0 0
430 0 0 0 0
431 0 0 0 0
432 0 0 0 0
433 0 0 0 0
434 0 0 0 0
435 0 0 0 0
436 0 0 0 0
437 0 0 0 0
438 0 0 0 0
439 0 0 0 0
440 0 0 0 0
441 0 0 0 0
442 0 0 0 0
443 0 0 0 0
444 0 0 0 0
445 0 0 0 0
446 0 0 0 0
447 0 0 0 0
448 0 0 0 0
449 0 0 0 0
450 0 0 0 0
451 0 0 0 0
452 0 0 0 0
453 0 0 0 0
454 0 0 0 0
455 0 0 0 0
456 0 0 0 0
457 0 0 0 0
458 0 0 0 0
459 0 0 0 0
460 0 0 0 0
461 0 0 0 0
462 0 0 0 0
463 0 0 0 0
464 0 0 0 0
465 0 0 0 0
466 0 0 0 0
467 0 0 0 0
468 0 0 0 0
469 0 0 0 0
470 0 0 0 0
471 0 0 0 0
472 0 0 0 0
473 0 0 0 0
474 0 0 0 0
475 0 0 0 0
476 0 0 0 0
477 0 0 0 0
478 0 0 0 0
479 0 0 0 0
480 0 0 0 0
481 0 0 0 0
482 0 0 0 0
483 0 0 0 0
484 0 0 0 0
485 0 0 0 0
486 0 0 0 0
487 0 0 0 0
488 0 0 0 0
489 0 0 0 0
490 0 0 0 0
491 0 0 0 0
492 0 0 0 0
493 0 0 0 0
494 0 0 0 0
495 0 0 0 0
496 0 0 0 0
497 0 0 0 0
498 0 0 0 0
499 0 0 0 0
500 0 0 0 0
501 0 0 0 0
502 0 0 0 0
503 0 0 0 0
504 0 0 0 0
505 0 0 0 0
506 0 0 0 0
507 0 0 0 0
508 0 0 0 0
509 0 0 0 0
510 0 0 0 0
511 0 0 0 0
512 0 0 0 0
513 0 0 0 0
514 0 0 0 0
515 0 0 0 0
516 0 0 0 0
517 0 0 0 0
518 0 0 0 0
519 0 0 0 0
520 0 0 0 0
521 0 0 0 0
522 0 0 0 0
523 0 0 0 0
524 0 0 0 0
525 0 0 0 0
526 0 0 0 0
527 0 0 0 0
528 0 0 0 0
529 0 0 0 0
530 0 0 0 0
531 0 0 0 0
532 0 0 0 0
533 0 0 0 0
534 0 0 0 0
535 0 0 0 0
536 0 0 0 0
537 0 0 0 0
538 0 0 0 0
539 0 0 0 0
540 0 0 0 0
541 0 0 0 0
542 0 0 0 0
543 0 0 0 0
544 0 0 0 0
545 0 0 0 0
546 0 0 0 0
547 0 0 0 0
548 0 0 0 0
549 0 0 0 0
550 0 0 0 0
551 0 0 0 0
552 0 0 0 0
553 0 0 0 0
554 0 0 0 0
555 0 0 0 0
556 0 0 0 0
557 0 0 0 0
558 0 0 0 0
559 0 0 0 0
560 0 0 0 0
561 0 0 0 0
562 0 0 0 0
563 0 0 0 0
564 0 0 0 0
565 0 0 0 0
566 0 0 0 0
567 0 0 0 0
568 0 0 0 0
569 0 0 0 0
570 0 0 0 0
571 0 0 0 0
572 0 0 0 0
573 0 0 0 0
574 0 0 0 0
575 0 0 0 0
576 0 0 0 0
577 0 0 0 0
578 0 0 0 0
579 0 0 0 0
580 0 0 0 0
581 0 0 0 0
582 0 0 0 0
583 0 0 0 0
584 0 0 0 0
585 0 0 0 0
586 0 0 0 0
587 0 0 0 0
588 0 0 0 0
589 0 0 0 0
590 0 0 0 0
591 0 0 0 0
592 0 0 0 0
593 0 0 0 0
594 0 0 0 0
595 0 0 0 0
596 0 0 0 0
597 0 0 0 0
598 0 0 0 0
599 0 0 0 0
600 0 0 0 0
601 0 0 0 0
602 0 0 0 0
603 0 0 0 0
604 0 0 0 0
605 0 0 0 0
606 0 0 0 0
607 0 0 0 0
608 0 0 0 0
609 0 0 0 0
610 0 0 0 0
611 0 0 0 0
612 0 0 0 0
613 0 0 0 0
614 0 0 0 0
615 0 0 0 0
616 0 0 0 0
617 0 0 0 0
618 0 0 0 0
619 0 0 0 0
620 0 0 0 0
621 0 0 0 0
622 0 0 0 0
623 0 0 0 0
624 0 0 0 0
625 0 0 0 0
626 0 0 0 0
627 0 0 0 0
628 0 0 0 0
629 0 0 0 0
630 0 0 0 0
631 0 0 0 0
632 0 0 0 0
633 0 0 0 0
634 0 0 0 0
635 0 0 0 0
636 0 0 0 0
637 0 0 0 0
638 0 0 0 0
639 0 0 0 0
640 0 0 0 0
641 0 0 0 0
642 0 0 0 0
643 0 0 0 0
644 0 0 0 0
645 0 0 0 0
646 0 0 0 0
647 0 0 0 0
648 0 0 0 0
649 0 0 0 0
650 0 0 0 0
651 0 0 0 0
652 0 0 0 0
653 0 0 0 0
654 0 0 0 0
655 0 0 0 0
656 0 0 0 0
657 0 0 0 0
658 0 0 0 0
659 0 0 0 0
660 0 0 0 0
661 0 0 0 0
662 0 0 0 0
663 0 0 0 0
664 0 0 0 0
665 0 0 0 0
666 0 0 0 0
667 0 0 0 0
668 0 0 0 0
669 0 0 0 0
670 0 0 0 0
671 0 0 0 0
672 0 0 0 0
673 0 0 0 0
674 0 0 0 0
675 0 0 0 0
676 0 0 0 0
677 0 0 0 0
678 0 0 0 0
679 0 0 0 0
680 0 0 0 0
681 0 0 0 0
682 0 0 0 0
683 0 0 0 0
684 0 0 0 0
685 0 0 0 0
686 0 0 0 0
687 0 0 0 0
688 0 0 0 0
689 0 0 0 0
690 0 0 0 0
691 0 0 0 0
692 0 0 0 0
693 0 0 0 0
694 0 0 0 0
695 0 0 0 0
696 0 0 0 0
697 0 0 0 0
698 0 0 0 0
699 0 0 0 0
700 0 0 0 0
701 0 0 0 0
702 0 0 0 0
703 0 0 0 0
704 0 0 0 0
705 0 0 0 0
706 0 0 0 0
707 0 0 0 0
708 0 0 0 0
709 0 0 0 0
710 0 0 0 0
711 0 0 0 0
712 0 0 0 0
713 0 0 0 0
714 0 0 0 0
715 0 0 0 0
716 0 0 0 0
717 0 0 0 0
718 0 0 0 0
719 0 0 0 0
720 0 0 0 0
721 0 0 0 0
722 0 0 0 0
723 0 0 0 0
724 0 0 0 0
725 0 0 0 0
726 0 0 0 0
727 0 0 0 0
