0 0 0 0 0
1 0 0 0 0
2 0 0 0 0
3 0 0 0 0
4 0 0 0 0
5 0 3 0 0
6 0 0 0 0
7 0 0 0 0
8 0 0 0 0
9 0 2 0 2
10 0 0 0 0
11 0 0 0 0
12 0 0 0 1
13 0 0 0 0
14 0 0 0 0
15 0 0 0 0
16 1 0 0 2
17 0 0 0 0
18 0 0 0 0
19 0 0 0 0
20 0 0 0 0
21 1 0 0 0
22 0 0 0 0
23 1 1 0 0
24 1 0 0 0
25 1 0 0 0
26 0 0 0 0
27 0 0 0 0
28 0 0 1 0
29 0 1 0 0
30 0 1 0 1
31 0 0 0 0
32 0 0 0 1
33 0 0 0 0
34 0 0 1 1
35 0 0 0 0
36 0 0 0 1
37 0 0 0 0
38 0 0 0 1
39 0 0 0 0
40 1 0 0 0
41 0 0 0 0
42 1 0 0 0
43 2 0 0 0
44 0 0 0 0
45 1 0 0 0
46 0 0 0 0
47 1 0 1 0
48 0 0 1 0
49 2 0 0 0
50 0 0 0 0
51 0 0 0 1
52 1 2 0 1
53 0 0 0 0
54 0 1 1 0
55 1 0 0 0
56 0 1 0 0
57 1 0 0 0
58 0 1 0 1
59 0 0 0 2
60 0 1 0 1
61 0 1 0 1
62 0 0 1 0
63 0 0 0 0
64 1 0 0 1
65 0 0 0 1
66 1 0 0 0
67 0 0 0 0
68 0 0 0 1
69 0 0 0 1
70 0 0 0 0
71 0 1 0 0
72 1 0 0 0
73 0 0 1 0
74 0 0 0 0
75 1 0 0 1
76 2 0 0 0
77 0 0 1 0
78 1 0 0 0
79 0 0 0 0
80 0 1 0 1
81 1 0 0 1
82 0 0 0 0
83 0 0 0 0
84 0 0 0 0
85 2 1 1 0
86 0 0 0 0
87 1 1 0 1
88 1 0 0 0
89 2 0 0 0
90 0 1 0 0
91 1 0 0 1
92 2 0 0 2
93 0 0 1 0
94 0 2 2 1
95 0 0 0 0
96 0 1 1 0
97 0 0 0 1
98 2 0 0 4
99 0 0 0 0
100 1 0 0 1
101 1 1 1 0
102 1 0 0 0
103 0 1 0 1
104 2 0 0 0
105 0 0 0 0
106 2 0 1 0
107 1 0 1 0
108 2 0 0 2
109 2 1 0 0
110 1 0 0 2
111 1 1 1 0
112 1 1 0 0
113 2 1 2 0
114 2 1 0 1
115 0 1 0 0
116 2 0 0 2
117 3 0 0 2
118 1 3 1 3
119 1 0 1 1
120 1 1 0 1
121 2 2 0 0
122 0 1 0 4
123 0 2 0 1
124 2 1 1 1
125 3 0 1 1
126 1 2 1 1
127 4 1 0 0
128 3 0 0 1
129 1 1 0 1
130 1 3 0 4
131 1 0 1 3
132 4 1 0 0
133 2 0 3 1
134 0 2 0 2
135 2 1 1 1
136 3 1 1 1
137 3 3 1 3
138 5 0 0 1
139 0 0 0 2
140 3 2 1 2
141 3 1 1 5
142 3 0 1 1
143 3 0 1 1
144 2 3 0 2
145 3 2 1 1
146 3 2 2 1
147 3 2 2 0
148 4 0 0 3
149 2 1 0 2
150 5 3 3 2
151 4 0 2 2
152 2 4 1 2
153 6 0 3 4
154 4 0 2 6
155 4 1 3 0
156 3 3 1 4
157 3 3 2 6
158 4 3 2 3
159 3 3 1 2
160 3 3 1 3
161 3 1 1 4
162 1 3 0 7
163 4 3 3 2
164 3 1 0 4
165 1 2 3 2
166 5 1 1 4
167 6 0 1 6
168 5 3 3 2
169 5 2 0 6
170 7 2 0 4
171 11 3 1 0
172 1 4 0 2
173 2 2 2 2
174 4 5 0 3
175 2 4 3 6
176 7 6 2 3
177 8 1 2 1
178 9 1 2 2
179 9 2 2 9
180 3 4 3 8
181 2 1 3 5
182 5 4 1 1
183 12 2 1 3
184 8 5 1 7
185 7 4 0 4
186 5 3 1 6
187 7 8 3 5
188 8 5 4 7
189 9 4 4 5
190 9 4 2 4
191 9 3 1 10
192 7 6 5 8
193 3 6 2 7
194 9 3 1 7
195 9 3 1 4
196 5 6 4 9
197 7 5 5 5
198 5 5 2 4
199 9 6 5 6
200 8 4 3 11
201 7 2 1 5
202 6 3 3 6
203 1 3 4 7
204 7 6 4 13
205 7 3 6 6
206 7 4 3 11
207 11 4 1 2
208 4 4 0 3
209 3 4 1 5
210 6 3 2 9
211 10 4 3 10
212 5 5 1 10
213 5 0 5 5
214 7 3 2 4
215 6 5 2 5
216 4 4 6 6
217 7 2 3 3
218 6 1 2 8
219 3 4 2 7
220 4 3 7 8
221 1 4 1 7
222 3 1 5 6
223 1 5 4 9
224 2 3 0 3
225 2 2 2 3
226 4 3 1 4
227 2 2 2 10
228 5 0 3 5
229 3 2 0 7
230 3 3 0 7
231 6 4 1 3
232 2 0 1 3
233 3 3 1 4
234 5 0 0 5
235 3 2 0 2
236 2 2 1 1
237 4 1 1 3
238 3 3 2 3
239 2 3 1 1
240 4 4 3 3
241 0 3 1 0
242 2 2 0 4
243 3 3 2 5
244 0 1 0 8
245 2 1 1 4
246 2 1 1 2
247 1 1 1 5
248 4 2 2 4
249 3 1 1 1
250 0 0 0 4
251 4 0 1 1
252 1 1 0 3
253 2 4 0 0
254 0 3 1 1
255 2 2 0 3
256 1 1 0 3
257 1 1 0 2
258 2 1 0 1
259 1 0 0 1
260 2 4 1 2
261 1 0 0 4
262 3 1 1 2
263 2 1 0 1
264 3 0 0 3
265 3 3 0 0
266 0 1 0 1
267 2 1 1 3
268 1 1 1 0
269 1 0 1 3
270 2 1 3 1
271 0 2 0 2
272 1 2 1 1
273 0 2 1 1
274 0 1 0 2
275 0 1 0 3
276 0 0 0 3
277 1 0 0 4
278 1 0 0 1
279 0 0 1 1
280 0 0 0 1
281 1 0 1 0
282 0 0 1 1
283 1 1 0 0
284 1 0 0 0
285 1 0 0 1
286 0 0 1 2
287 3 0 0 1
288 0 1 0 0
289 0 0 0 0
290 0 0 0 1
291 0 0 0 0
292 1 0 1 1
293 3 1 0 0
294 1 1 0 0
295 1 0 0 0
296 1 1 1 0
297 1 0 1 1
298 0 0 1 0
299 0 0 0 1
300 0 0 1 2
301 1 1 0 2
302 0 1 1 0
303 1 1 0 0
304 1 0 0 0
305 1 0 0 1
306 2 1 0 0
307 1 0 0 2
308 0 0 0 1
309 1 0 0 2
310 0 1 0 0
311 0 1 0 0
312 1 1 0 0
313 0 1 0 1
314 0 1 1 1
315 0 1 0 1
316 0 1 0 0
317 0 0 1 0
318 0 0 0 0
319 0 0 0 1
320 0 0 0 1
321 0 0 0 2
322 0 0 0 1
323 0 0 0 1
324 0 0 0 1
325 0 0 0 0
326 0 0 0 0
327 0 0 0 0
328 0 0 0 0
329 1 0 0 0
330 0 0 0 0
331 0 0 0 0
332 0 0 0 0
333 0 0 0 0
334 0 0 0 0
335 0 0 0 0
336 0 0 0 0
337 0 0 0 0
338 0 0 1 0
339 0 0 0 0
340 0 0 0 0
341 1 0 0 0
342 1 0 0 1
343 1 0 0 0
344 0 0 0 0
345 0 0 0 0
346 0 1 0 0
347 0 0 0 0
348 0 1 0 0
349 0 0 0 0
350 1 0 0 1
351 0 1 0 0
352 0 0 0 1
353 0 0 0 0
354 0 0 0 0
355 0 0 0 0
356 0 0 0 1
357 1 0 0 0
358 1 0 0 0
359 0 1 0 0
360 0 0 0 0
361 0 0 0 0
362 1 1 0 0
363 0 0 1 1
364 0 0 0 0
365 0 0 0 0
366 0 0 0 1
367 0 0 0 1
368 0 0 0 0
369 0 0 0 0
370 0 0 0 0
371 0 1 0 0
372 0 0 0 0
373 0 0 0 0
374 0 0 0 0
375 0 0 0 0
376 0 0 0 0
377 0 0 0 0
378 0 0 0 1
379 0 0 0 0
380 0 0 0 0
381 0 0 0 0
382 0 0 0 0
383 0 0 0 0
384 0 0 0 0
385 0 0 0 0
386 0 0 0 0
387 0 0 0 0
388 0 0 0 0
389 0 0 0 0
390 0 0 0 0
391 1 0 0 0
392 0 0 0 0
393 1 0 0 0
394 1 0 0 0
395 0 0 0 0
396 1 0 0 0
397 0 0 0 0
398 0 0 1 0
399 0 0 1 0
400 0 1 0 0
401 0 0 0 0
402 0 0 0 1
403 0 0 0 1
404 0 0 0 0
405 0 0 1 0
406 0 0 0 0
407 0 0 0 1
408 0 0 0 0
409 0 0 0 1
410 0 0 0 0
411 0 0 0 0
412 0 0 0 0
413 1 0 0 0
414 1 0 0 0
415 0 0 0 0
416 0 0 0 0
417 0 0 0 0
418 0 0 0 0
419 0 1 0 0
420 1 0 0 0
421 2 0 0 0
422 1 1 0 0
423 0 0 0 1
424 1 0 0 0
425 0 0 1 0
426 0 0 1 0
427 0 0 1 0
428 1 0 0 0
429 0 1 0 1
430 0 1 0 0
431 1 0 0 0
432 1 0 0 1
433 0 1 0 1
434 0 0 0 1
435 0 0 0 0
436 0 0 1 1
437 0 1 0 2
438 0 0 0 0
439 0 0 0 0
440 0 0 0 1
441 1 0 0 0
442 1 0 0 0
443 2 0 0 0
444 1 0 0 1
445 0 0 0 0
446 0 0 0 0
447 0 0 0 0
448 0 1 0 0
449 2 1 0 0
450 1 1 0 0
451 0 0 1 0
452 0 0 1 1
453 0 0 0 1
454 0 0 0 0
455 0 0 1 0
456 0 0 0 0
457 0 0 0 1
458 0 1 1 1
459 0 0 0 2
460 1 0 0 0
461 0 0 0 0
462 2 0 0 0
463 0 0 0 1
464 0 0 0 0
465 1 1 0 1
466 1 0 0 0
467 1 0 0 0
468 1 0 0 0
469 0 0 0 1
470 1 0 0 0
471 2 2 1 0
472 1 0 0 0
473 0 0 0 0
474 0 1 0 0
475 1 1 0 2
476 2 0 2 0
477 0 2 0 0
478 0 0 0 1
479 1 0 0 1
480 0 1 1 0
481 2 0 2 1
482 0 0 0 0
483 1 0 0 2
484 0 0 1 3
485 0 0 0 0
486 0 1 1 1
487 0 0 0 1
488 1 0 1 1
489 0 0 0 0
490 2 0 0 0
491 0 0 0 1
492 0 0 0 2
493 0 1 0 1
494 1 0 0 0
495 0 0 1 0
496 3 0 0 0
497 1 0 0 1
498 3 0 0 0
499 0 0 1 1
500 0 0 0 0
501 2 0 0 0
502 0 1 0 0
503 0 1 1 1
504 1 1 0 0
505 0 1 2 0
506 1 1 1 1
507 1 1 0 2
508 2 0 0 1
509 1 1 0 0
510 0 0 0 1
511 0 0 0 1
512 0 0 0 3
513 0 0 1 2
514 1 0 1 0
515 0 1 0 0
516 0 1 0 0
517 0 0 1 1
518 0 0 0 1
519 2 1 0 1
520 0 0 0 1
521 1 0 0 1
522 0 0 0 0
523 2 0 0 0
524 2 0 1 0
525 0 0 0 0
526 0 0 0 1
527 1 0 0 0
528 0 1 0 0
529 3 2 0 0
530 2 0 1 0
531 1 0 0 1
532 0 2 1 0
533 1 0 0 0
534 2 2 0 1
535 0 1 1 1
536 1 0 1 5
537 2 0 0 0
538 0 1 1 1
539 1 1 0 1
540 0 0 0 1
541 0 0 0 1
542 1 0 2 2
543 1 1 0 0
544 2 0 0 0
545 2 1 0 1
546 4 0 0 2
547 2 1 0 1
548 1 1 1 0
549 2 0 0 2
550 1 0 1 0
551 2 0 1 0
552 4 1 0 0
553 1 1 2 0
554 2 1 1 2
555 4 2 1 3
556 4 2 0 1
557 3 0 1 2
558 2 2 0 1
559 3 1 1 2
560 3 1 1 3
561 0 5 1 2
562 1 1 1 3
563 1 2 0 1
564 0 3 3 2
565 2 1 2 3
566 1 1 1 2
567 2 0 1 2
568 1 1 0 4
569 0 0 1 2
570 0 1 0 2
571 2 1 0 5
572 4 1 1 3
573 1 1 0 1
574 0 1 0 1
575 1 0 0 1
576 1 1 0 0
577 4 0 1 0
578 0 0 0 2
579 2 0 0 1
580 3 2 0 2
581 1 4 0 2
582 0 3 1 0
583 2 0 0 0
584 0 1 0 0
585 0 1 1 4
586 0 1 1 2
587 0 0 0 2
588 1 3 0 1
589 0 0 1 3
590 0 0 0 2
591 1 0 0 0
592 0 0 0 1
593 1 0 0 1
594 0 0 0 0
595 0 0 0 3
596 0 0 1 0
597 0 1 0 0
598 1 1 0 0
599 0 0 0 0
600 0 0 0 1
601 0 0 0 0
602 0 0 0 1
603 0 0 1 0
604 0 0 0 1
605 0 0 0 0
606 0 0 0 0
607 0 0 0 0
608 0 0 0 0
609 0 0 0 0
610 0 0 0 1
611 0 0 0 0
612 0 0 0 0
613 0 0 0 0
614 0 0 0 0
615 0 0 0 0
616 0 0 0 0
617 0 0 0 0
618 0 0 0 0
619 0 0 0 0
620 0 0 0 0
621 0 0 0 0
622 0 0 0 0
623 0 0 0 0
624 0 0 0 0
625 0 0 0 0
626 0 0 0 0
627 0 0 0 0
628 0 0 0 0
629 0 0 0 0
630 0 0 0 0
631 0 0 0 0
632 0 0 0 0
633 0 0 0 0
634 0 0 0 0
635 0 0 0 0
636 0 0 0 0
637 0 0 0 0
638 0 0 0 0
639 0 0 0 0
640 0 0 0 0
641 0 0 0 0
642 0 0 0 0
643 0 0 0 0
644 0 0 0 0
645 0 0 0 0
646 0 0 0 0
647 0 0 0 0
648 0 0 0 0
649 0 0 0 0
650 0 0 0 0
651 0 0 0 0
652 0 0 0 0
653 0 0 0 0
654 0 0 0 0
655 0 0 0 0
656 0 0 0 0
657 0 0 0 0
658 0 0 0 0
659 0 0 0 0
660 0 0 0 0
661 0 0 0 0
662 0 0 0 0
663 0 0 0 0
664 0 0 0 0
665 0 0 0 0
666 0 0 0 0
667 0 0 0 0
668 0 0 0 0
669 0 0 0 0
670 0 0 0 0
671 0 0 0 0
672 0 0 0 0
673 0 0 0 0
674 0 0 0 0
675 0 0 0 0
676 0 0 0 0
677 0 0 0 0
678 0 0 0 0
679 0 0 0 0
680 0 0 0 0
681 0 0 0 0
682 0 0 0 0
683 0 0 0 0
684 0 0 0 0
685 0 0 0 0
686 0 0 0 0
687 0 0 0 0
688 0 0 0 0
689 0 0 0 0
690 0 0 0 0
691 0 0 0 0
692 0 0 0 0
693 0 0 0 0
694 0 0 0 0
695 0 0 0 0
696 0 0 0 0
697 0 0 0 0
698 0 0 0 0
699 0 0 0 0
700 0 0 0 0
701 0 0 0 0
702 0 0 0 0
703 0 0 0 0
704 0 0 0 0
705 0 0 0 0
706 0 0 0 0
707 0 0 0 0
708 0 0 0 0
709 0 0 0 0
710 0 0 0 0
711 0 0 0 0
712 0 0 0 0
713 0 0 0 0
714 0 0 0 0
715 0 0 0 0
716 0 0 0 0
717 0 0 0 0
718 0 0 0 0
719 0 0 0 0
720 0 0 0 0
721 0 0 0 0
722 0 0 0 0
723 0 0 0 0
724 0 0 0 0
725 0 0 0 0
726 0 0 0 0
727 0 0 0 0
