0 0 0 0 0
1 0 0 0 0
2 0 0 0 0
3 0 0 0 0
4 0 0 0 0
5 0 3 0 0
6 0 0 0 0
7 0 0 0 0
8 0 0 0 0
9 0 1 1 1
10 0 0 0 0
11 0 0 0 0
12 0 0 0 2
13 0 0 0 1
14 0 0 0 0
15 0 0 0 0
16 0 0 0 1
17 0 0 0 0
18 0 0 0 0
19 1 0 0 0
20 0 0 0 0
21 1 0 0 0
22 1 0 0 0
23 0 0 0 0
24 2 0 0 0
25 1 0 0 0
26 1 0 1 0
27 2 0 1 0
28 1 0 1 0
29 1 0 1 0
30 0 0 0 0
31 0 2 0 0
32 0 1 0 0
33 0 0 2 1
34 0 1 0 1
35 0 0 0 1
36 0 1 0 1
37 0 0 0 2
38 1 0 0 3
39 0 0 0 1
40 1 0 0 1
41 1 0 0 0
42 0 0 0 0
43 1 0 1 0
44 1 0 0 0
45 1 0 0 0
46 0 1 0 0
47 0 0 0 1
48 0 0 1 0
49 2 1 0 0
50 0 1 0 1
51 1 0 0 0
52 1 0 0 1
53 2 0 1 1
54 1 1 0 1
55 1 0 0 0
56 1 0 0 0
57 1 0 0 1
58 2 4 0 0
59 3 1 0 0
60 5 0 1 0
61 0 1 0 1
62 1 0 0 1
63 1 1 1 1
64 3 2 0 0
65 2 3 0 4
66 3 0 1 0
67 2 1 0 2
68 1 1 1 0
69 1 2 1 1
70 4 0 2 2
71 0 1 0 2
72 0 1 2 4
73 2 0 1 2
74 1 1 0 2
75 3 2 1 0
76 0 1 0 4
77 1 0 1 1
78 1 1 0 2
79 3 2 1 3
80 1 1 0 1
81 4 0 0 1
82 3 2 0 0
83 4 0 1 1
84 2 3 0 1
85 3 0 0 1
86 1 1 0 5
87 3 1 2 0
88 0 0 5 1
89 1 2 0 0
90 4 3 0 2
91 3 1 1 2
92 4 2 1 3
93 1 2 0 1
94 4 3 1 5
95 1 1 2 4
96 2 1 1 2
97 5 0 1 2
98 4 0 0 2
99 4 3 0 2
100 3 2 1 3
101 6 2 2 3
102 5 1 2 2
103 4 2 3 2
104 6 2 1 1
105 8 3 1 2
106 4 1 3 4
107 7 2 2 5
108 6 2 0 3
109 4 5 1 1
110 3 4 4 5
111 2 0 4 2
112 4 2 3 5
113 4 5 2 5
114 1 2 4 8
115 6 3 0 7
116 5 2 3 3
117 4 3 1 7
118 5 2 2 2
119 10 0 1 5
120 7 3 0 5
121 9 3 0 7
122 7 1 2 3
123 7 3 1 3
124 6 6 3 3
125 9 4 2 4
126 7 4 5 3
127 9 2 2 4
128 5 5 3 2
129 13 5 2 6
130 7 4 6 5
131 11 9 1 9
132 6 5 2 8
133 8 4 4 9
134 17 1 7 4
135 9 4 2 8
136 7 7 5 5
137 13 3 2 12
138 11 6 3 9
139 4 7 4 7
140 7 4 4 14
141 7 2 3 4
142 9 8 7 10
143 9 10 6 7
144 12 8 2 7
145 9 3 4 9
146 11 7 3 17
147 14 6 2 15
148 10 5 2 5
149 11 7 4 10
150 11 4 3 8
151 10 5 5 10
152 12 6 7 6
153 9 5 5 11
154 20 9 3 5
155 15 6 3 8
156 9 10 1 15
157 14 6 2 9
158 9 6 4 12
159 8 14 9 8
160 9 5 4 10
161 13 9 2 14
162 12 7 5 11
163 12 7 3 18
164 9 8 2 4
165 11 10 3 13
166 6 7 4 17
167 10 5 5 13
168 16 6 5 6
169 9 6 2 9
170 18 10 5 10
171 15 4 1 12
172 12 6 3 15
173 15 4 5 10
174 22 6 2 9
175 16 9 6 7
176 14 7 10 8
177 10 7 8 14
178 13 4 9 10
179 15 12 6 10
180 15 7 8 13
181 18 8 3 6
182 15 10 3 18
183 20 8 7 20
184 13 10 5 19
185 12 10 10 12
186 15 6 6 11
187 18 8 4 18
188 14 13 8 13
189 14 10 4 16
190 12 9 10 11
191 17 10 6 15
192 12 13 7 19
193 21 7 3 14
194 17 7 7 12
195 14 12 5 18
196 19 9 7 16
197 18 9 6 17
198 22 11 5 17
199 20 9 3 23
200 21 7 9 12
201 15 12 3 12
202 16 9 12 12
203 22 12 5 11
204 19 11 7 17
205 17 10 9 14
206 5 9 4 19
207 17 11 8 20
208 14 11 11 17
209 15 7 9 16
210 9 8 13 11
211 9 4 5 17
212 7 9 12 20
213 10 10 8 16
214 12 10 6 27
215 14 6 4 17
216 16 3 6 13
217 8 5 7 18
218 13 9 3 12
219 12 3 6 17
220 10 10 5 17
221 11 7 5 13
222 13 3 2 13
223 12 7 5 6
224 14 5 5 12
225 11 7 3 13
226 6 10 2 10
227 9 8 5 17
228 6 11 5 10
229 1 7 2 6
230 10 5 4 10
231 6 8 4 10
232 1 5 3 12
233 5 7 4 12
234 4 4 4 9
235 5 4 3 13
236 7 5 6 6
237 6 2 2 15
238 6 1 1 12
239 4 3 1 9
240 2 4 2 8
241 4 4 2 3
242 4 4 2 6
243 4 5 1 9
244 4 3 0 5
245 7 4 1 4
246 4 1 3 6
247 3 2 3 8
248 1 3 2 2
249 4 1 1 7
250 2 3 2 7
251 5 3 0 8
252 2 3 0 4
253 5 2 0 1
254 2 2 3 3
255 5 3 1 4
256 2 2 1 3
257 5 1 1 3
258 4 3 3 3
259 2 0 1 5
260 4 2 3 2
261 2 1 0 4
262 2 4 1 1
263 3 2 1 1
264 1 4 1 3
265 1 1 2 5
266 1 2 2 5
267 1 3 1 5
268 3 2 0 4
269 0 2 1 2
270 0 2 0 4
271 0 0 0 5
272 0 1 2 2
273 1 1 1 3
274 3 0 0 2
275 1 1 0 1
276 2 0 0 3
277 0 0 1 2
278 0 0 0 1
279 2 3 0 2
280 0 0 0 1
281 0 0 0 1
282 0 1 0 0
283 0 0 0 3
284 0 2 0 0
285 0 1 1 0
286 1 0 0 1
287 0 0 0 0
288 0 1 0 1
289 0 0 0 0
290 0 0 0 0
291 1 1 0 2
292 0 0 0 2
293 0 0 0 0
294 0 0 0 0
295 0 0 0 0
296 0 0 0 0
297 0 0 0 0
298 0 0 0 1
299 0 0 0 0
300 0 1 0 0
301 0 0 0 0
302 1 0 0 0
303 0 0 0 0
304 0 0 0 1
305 0 0 0 0
306 0 0 0 0
307 0 1 0 0
308 0 0 0 0
309 0 0 0 0
310 0 0 0 0
311 0 0 0 1
312 0 0 0 0
313 0 0 0 0
314 0 0 0 0
315 0 0 0 0
316 0 0 0 0
317 0 0 0 0
318 0 0 0 0
319 0 0 0 0
320 0 0 0 0
321 0 0 0 0
322 0 0 0 0
323 0 0 0 0
324 0 0 0 0
325 0 0 0 0
326 0 0 0 0
327 0 0 0 0
328 0 0 0 0
329 0 0 0 0
330 0 0 0 0
331 0 0 0 0
332 0 0 0 0
333 0 0 0 0
334 0 0 0 0
335 0 0 0 0
336 0 0 0 0
337 0 0 0 0
338 0 0 0 0
339 0 0 0 0
340 0 0 0 0
341 0 0 0 0
342 0 0 0 0
343 0 0 0 0
344 0 0 0 0
345 0 0 0 0
346 0 0 0 0
347 0 0 0 0
348 0 0 0 0
349 0 0 0 0
350 0 0 0 0
351 0 0 0 0
352 0 0 0 0
353 0 0 0 0
354 0 0 0 0
355 0 0 0 0
356 0 0 0 0
357 0 0 0 0
358 0 0 0 0
359 0 0 0 0
360 0 0 0 0
361 0 0 0 0
362 0 0 0 0
363 0 0 0 0
364 0 0 0 0
365 0 0 0 0
366 0 0 0 0
367 0 0 0 0
368 0 0 0 0
369 0 0 0 0
370 0 0 0 0
371 0 0 0 0
372 0 0 0 0
373 0 0 0 0
374 0 0 0 0
375 0 0 0 0
376 0 0 0 0
377 0 0 0 0
378 0 0 0 0
379 0 0 0 0
380 0 0 0 0
381 0 0 0 0
382 0 0 0 0
383 0 0 0 0
384 0 0 0 0
385 0 0 0 0
386 0 0 0 0
387 0 0 0 0
388 0 0 0 0
389 0 0 0 0
390 0 0 0 0
391 0 0 0 0
392 0 0 0 0
393 0 0 0 0
394 0 0 0 0
395 0 0 0 0
396 0 0 0 0
397 0 0 0 0
398 0 0 0 0
399 0 0 0 0
400 0 0 0 0
401 0 0 0 0
402 0 0 0 0
403 0 0 0 0
404 0 0 0 0
405 0 0 0 0
406 0 0 0 0
407 0 0 0 0
408 0 0 0 0
409 0 0 0 0
410 0 0 0 0
411 0 0 0 0
412 0 0 0 0
413 0 0 0 0
414 0 0 0 0
415 0 0 0 0
416 0 0 0 0
417 0 0 0 0
418 0 0 0 0
419 0 0 0 0
420 0 0 0 0
421 0 0 0 0
422 0 0 0 0
423 0 0 0 0
424 0 0 0 0
425 0 0 0 0
426 0 0 0 0
427 0 0 0 0
428 0 0 0 0
429 0 0 0 0
430 0 0 0 0
431 0 0 0 0
432 0 0 0 0
433 0 0 0 0
434 0 0 0 0
435 0 0 0 0
436 0 0 0 0
437 0 0 0 0
438 0 0 0 0
439 0 0 0 0
440 0 0 0 0
441 0 0 0 0
442 0 0 0 0
443 0 0 0 0
444 0 0 0 0
445 0 0 0 0
446 0 0 0 0
447 0 0 0 0
448 0 0 0 0
449 0 0 0 0
450 0 0 0 0
451 0 0 0 0
452 0 0 0 0
453 0 0 0 0
454 0 0 0 0
455 0 0 0 0
456 0 0 0 0
457 0 0 0 0
458 0 0 0 0
459 0 0 0 0
460 0 0 0 0
461 0 0 0 0
462 0 0 0 0
463 0 0 0 0
464 0 0 0 0
465 0 0 0 0
466 0 0 0 0
467 0 0 0 0
468 0 0 0 0
469 0 0 0 0
470 0 0 0 0
471 0 0 0 0
472 0 0 0 0
473 0 0 0 0
474 0 0 0 0
475 0 0 0 0
476 0 0 0 0
477 0 0 0 0
478 0 0 0 0
479 0 0 0 0
480 0 0 0 0
481 0 0 0 0
482 0 0 0 0
483 0 0 0 0
484 0 0 0 0
485 0 0 0 0
486 0 0 0 0
487 0 0 0 0
488 0 0 0 0
489 0 0 0 0
490 0 0 0 0
491 0 0 0 0
492 0 0 0 0
493 0 0 0 0
494 0 0 0 0
495 0 0 0 0
496 0 0 0 0
497 0 0 0 0
498 0 0 0 0
499 0 0 0 0
500 0 0 0 0
501 0 0 0 0
502 0 0 0 0
503 0 0 0 0
504 0 0 0 0
505 0 0 0 0
506 0 0 0 0
507 0 0 0 0
508 0 0 0 0
509 0 0 0 0
510 0 0 0 0
511 0 0 0 0
512 0 0 0 0
513 0 0 0 0
514 0 0 0 0
515 0 0 0 0
516 0 0 0 0
517 0 0 0 0
518 0 0 0 0
519 0 0 0 0
520 0 0 0 0
521 0 0 0 0
522 0 0 0 0
523 0 0 0 0
524 0 0 0 0
525 0 0 0 0
526 0 0 0 0
527 0 0 0 0
528 0 0 0 0
529 0 0 0 0
530 0 0 0 0
531 0 0 0 0
532 0 0 0 0
533 0 0 0 0
534 0 0 0 0
535 0 0 0 0
536 0 0 0 0
537 0 0 0 0
538 0 0 0 0
539 0 0 0 0
540 0 0 0 0
541 0 0 0 0
542 0 0 0 0
543 0 0 0 0
544 0 0 0 0
545 0 0 0 0
546 0 0 0 0
547 0 0 0 0
548 0 0 0 0
549 0 0 0 0
550 0 0 0 0
551 0 0 0 0
552 0 0 0 0
553 0 0 0 0
554 0 0 0 0
555 0 0 0 0
556 0 0 0 0
557 0 0 0 0
558 0 0 0 0
559 0 0 0 0
560 0 0 0 0
561 0 0 0 0
562 0 0 0 0
563 0 0 0 0
564 0 0 0 0
565 0 0 0 0
566 0 0 0 0
567 0 0 0 0
568 0 0 0 0
569 0 0 0 0
570 0 0 0 0
571 0 0 0 0
572 0 0 0 0
573 0 0 0 0
574 0 0 0 0
575 0 0 0 0
576 0 0 0 0
577 0 0 0 0
578 0 0 0 0
579 0 0 0 0
580 0 0 0 0
581 0 0 0 0
582 0 0 0 0
583 0 0 0 0
584 0 0 0 0
585 0 0 0 0
586 0 0 0 0
587 0 0 0 0
588 0 0 0 0
589 0 0 0 0
590 0 0 0 0
591 0 0 0 0
592 0 0 0 0
593 0 0 0 0
594 0 0 0 0
595 0 0 0 0
596 0 0 0 0
597 0 0 0 0
598 0 0 0 0
599 0 0 0 0
600 0 0 0 0
601 0 0 0 0
602 0 0 0 0
603 0 0 0 0
604 0 0 0 0
605 0 0 0 0
606 0 0 0 0
607 0 0 0 0
608 0 0 0 0
609 0 0 0 0
610 0 0 0 0
611 0 0 0 0
612 0 0 0 0
613 0 0 0 0
614 0 0 0 0
615 0 0 0 0
616 0 0 0 0
617 0 0 0 0
618 0 0 0 0
619 0 0 0 0
620 0 0 0 0
621 0 0 0 0
622 0 0 0 0
623 0 0 0 0
624 0 0 0 0
625 0 0 0 0
626 0 0 0 0
627 0 0 0 0
628 0 0 0 0
629 0 0 0 0
630 0 0 0 0
631 0 0 0 0
632 0 0 0 0
633 0 0 0 0
634 0 0 0 0
635 0 0 0 0
636 0 0 0 0
637 0 0 0 0
638 0 0 0 0
639 0 0 0 0
640 0 0 0 0
641 0 0 0 0
642 0 0 0 0
643 0 0 0 0
644 0 0 0 0
645 0 0 0 0
646 0 0 0 0
647 0 0 0 0
648 0 0 0 0
649 0 0 0 0
650 0 0 0 0
651 0 0 0 0
652 0 0 0 0
653 0 0 0 0
654 0 0 0 0
655 0 0 0 0
656 0 0 0 0
657 0 0 0 0
658 0 0 0 0
659 0 0 0 0
660 0 0 0 0
661 0 0 0 0
662 0 0 0 0
663 0 0 0 0
664 0 0 0 0
665 0 0 0 0
666 0 0 0 0
667 0 0 0 0
668 0 0 0 0
669 0 0 0 0
670 0 0 0 0
671 0 0 0 0
672 0 0 0 0
673 0 0 0 0
674 0 0 0 0
675 0 0 0 0
676 0 0 0 0
677 0 0 0 0
678 0 0 0 0
679 0 0 0 0
680 0 0 0 0
681 0 0 0 0
682 0 0 0 0
683 0 0 0 0
684 0 0 0 0
685 0 0 0 0
686 0 0 0 0
687 0 0 0 0
688 0 0 0 0
689 0 0 0 0
690 0 0 0 0
691 0 0 0 0
692 0 0 0 0
693 0 0 0 0
694 0 0 0 0
695 0 0 0 0
696 0 0 0 0
697 0 0 0 0
698 0 0 0 0
699 0 0 0 0
700 0 0 0 0
701 0 0 0 0
702 0 0 0 0
703 0 0 0 0
704 0 0 0 0
705 0 0 0 0
706 0 0 0 0
707 0 0 0 0
708 0 0 0 0
709 0 0 0 0
710 0 0 0 0
711 0 0 0 0
712 0 0 0 0
713 0 0 0 0
714 0 0 0 0
715 0 0 0 0
716 0 0 0 0
717 0 0 0 0
718 0 0 0 0
719 0 0 0 0
720 0 0 0 0
721 0 0 0 0
722 0 0 0 0
723 0 0 0 0
724 0 0 0 0
725 0 0 0 0
726 0 0 0 0
727 0 0 0 0
