0 0 0 0 0
1 0 0 0 0
2 0 0 0 0
3 0 0 0 0
4 0 0 0 0
5 0 2 0 0
6 0 0 1 0
7 0 0 0 0
8 0 0 0 0
9 1 1 1 1
10 0 0 0 0
11 0 0 0 0
12 0 0 0 1
13 0 0 0 2
14 0 1 0 0
15 0 0 0 0
16 0 0 0 1
17 0 0 0 0
18 1 0 0 0
19 2 0 0 0
20 0 0 0 0
21 1 0 0 1
22 1 0 0 0
23 1 0 0 0
24 0 1 0 0
25 0 0 0 0
26 0 0 0 0
27 1 0 1 0
28 1 1 0 1
29 1 0 0 0
30 1 0 1 0
31 1 1 0 0
32 1 0 1 1
33 1 1 0 0
34 2 0 1 2
35 0 1 0 0
36 2 2 0 1
37 1 1 0 0
38 3 0 0 2
39 1 0 1 1
40 3 0 0 3
41 1 0 1 0
42 2 0 1 0
43 0 1 1 0
44 3 0 0 1
45 1 2 1 1
46 2 2 0 2
47 2 3 0 0
48 1 0 1 0
49 0 4 0 2
50 2 0 0 2
51 2 2 0 2
52 0 0 0 3
53 2 0 1 3
54 1 1 0 1
55 1 2 1 2
56 0 1 1 2
57 1 0 0 0
58 4 0 1 1
59 4 1 0 2
60 2 0 2 1
61 0 0 0 0
62 1 1 0 2
63 1 2 2 2
64 2 4 0 0
65 3 1 0 0
66 2 2 0 1
67 2 0 0 4
68 0 0 1 3
69 3 0 2 1
70 1 0 2 3
71 3 2 1 1
72 2 1 0 2
73 0 0 1 2
74 2 2 0 2
75 2 1 0 2
76 2 1 3 1
77 3 0 0 0
78 3 2 0 3
79 1 0 0 1
80 5 0 0 1
81 0 3 1 0
82 2 1 0 3
83 7 2 2 4
84 3 1 2 0
85 4 1 0 2
86 1 1 1 1
87 1 2 0 2
88 0 1 1 2
89 1 2 3 1
90 2 1 0 4
91 3 0 1 3
92 3 5 0 1
93 1 2 0 1
94 2 3 0 2
95 1 1 0 1
96 4 2 0 7
97 3 1 1 2
98 3 1 1 2
99 4 1 1 2
100 6 1 1 2
101 1 1 0 2
102 4 0 1 3
103 3 2 2 1
104 5 2 1 3
105 3 3 1 1
106 4 3 0 3
107 3 1 0 2
108 5 2 1 2
109 4 4 4 2
110 6 1 2 3
111 6 5 2 2
112 3 3 0 5
113 6 4 2 8
114 3 0 1 3
115 7 5 1 4
116 3 2 3 3
117 7 2 2 3
118 3 4 2 4
119 6 2 0 5
120 6 3 5 6
121 11 1 4 2
122 4 3 3 7
123 7 2 1 4
124 9 3 2 9
125 5 1 1 4
126 6 6 4 3
127 4 3 2 5
128 6 4 3 5
129 7 2 4 5
130 4 4 4 7
131 9 6 2 3
132 7 4 1 2
133 11 6 4 6
134 5 2 1 7
135 8 1 1 7
136 8 5 1 9
137 9 2 2 10
138 5 5 7 7
139 8 4 1 5
140 14 6 5 4
141 10 6 5 3
142 3 6 4 9
143 9 2 1 6
144 6 6 1 9
145 7 4 6 11
146 11 3 6 7
147 9 2 2 6
148 13 5 4 10
149 8 8 4 10
150 14 6 3 7
151 11 3 2 4
152 13 8 2 10
153 11 3 4 11
154 10 2 6 5
155 15 13 3 7
156 13 3 4 10
157 10 7 7 6
158 11 7 3 6
159 6 6 6 14
160 12 12 6 10
161 12 9 4 10
162 12 7 3 10
163 9 6 2 10
164 11 4 2 17
165 12 8 2 15
166 14 9 1 8
167 14 7 3 14
168 14 7 1 9
169 11 6 3 12
170 11 7 4 7
171 15 7 9 8
172 16 11 6 7
173 14 6 10 12
174 14 5 6 9
175 22 10 4 13
176 15 9 7 11
177 14 9 4 15
178 8 6 5 12
179 18 7 4 16
180 15 4 6 13
181 12 7 9 15
182 18 10 3 13
183 11 8 5 18
184 12 22 6 10
185 19 7 5 18
186 17 11 7 12
187 15 8 4 11
188 13 7 5 21
189 21 5 12 12
190 21 5 6 15
191 20 11 11 19
192 23 5 5 13
193 19 6 5 17
194 18 9 12 12
195 21 12 5 19
196 20 8 7 12
197 22 7 14 10
198 26 13 8 19
199 22 9 8 17
200 24 15 7 12
201 17 11 7 22
202 15 10 11 20
203 19 14 8 20
204 17 13 9 18
205 16 9 15 17
206 12 15 7 19
207 16 15 9 16
208 11 9 12 20
209 19 8 15 23
210 19 3 9 31
211 14 5 5 24
212 11 6 9 20
213 7 8 5 19
214 9 13 8 16
215 9 8 8 14
216 6 11 3 20
217 10 7 2 13
218 7 7 6 15
219 9 7 7 17
220 8 9 7 16
221 14 7 3 16
222 5 3 1 15
223 7 3 3 14
224 2 5 5 14
225 9 3 1 9
226 7 8 5 7
227 11 4 4 9
228 3 3 6 9
229 6 2 5 3
230 8 10 6 6
231 5 3 2 12
232 7 3 0 4
233 6 4 1 14
234 4 4 2 9
235 5 5 2 10
236 7 3 5 4
237 5 3 2 12
238 6 3 7 7
239 5 1 0 6
240 3 4 2 9
241 5 4 2 5
242 5 1 3 7
243 1 4 4 4
244 5 3 1 5
245 2 1 2 8
246 8 1 2 2
247 6 4 3 5
248 4 4 0 5
249 1 0 3 5
250 5 3 3 8
251 2 1 5 6
252 2 4 2 3
253 3 3 0 3
254 2 1 1 6
255 1 5 2 6
256 1 1 2 4
257 2 3 0 3
258 1 1 1 2
259 3 1 0 8
260 2 0 2 4
261 0 3 0 2
262 3 2 1 4
263 3 2 0 2
264 0 2 0 3
265 1 0 1 2
266 1 0 0 3
267 1 0 1 2
268 0 4 0 2
269 2 0 1 1
270 0 0 0 1
271 2 2 1 1
272 1 2 0 1
273 0 0 0 1
274 0 1 1 1
275 2 1 0 5
276 0 1 0 1
277 2 1 0 1
278 1 1 0 3
279 0 0 0 0
280 1 0 1 0
281 0 0 0 0
282 0 1 0 3
283 0 1 0 1
284 2 1 1 1
285 0 0 0 0
286 0 0 1 0
287 1 0 0 1
288 0 0 0 1
289 0 0 1 1
290 0 0 0 1
291 0 0 0 1
292 1 0 0 0
293 0 2 0 1
294 1 0 0 0
295 0 0 0 0
296 0 1 0 0
297 0 1 0 2
298 0 0 0 0
299 0 0 1 0
300 0 0 0 1
301 0 0 0 0
302 0 0 0 0
303 0 0 0 2
304 0 0 0 0
305 0 0 0 0
306 0 0 0 0
307 0 0 0 0
308 1 0 0 0
309 0 0 0 0
310 0 0 0 0
311 0 0 0 0
312 0 0 0 0
313 0 0 0 0
314 0 0 0 0
315 0 0 0 0
316 0 0 0 0
317 0 1 0 0
318 0 0 0 0
319 0 0 0 0
320 0 0 0 0
321 0 0 0 1
322 0 0 0 0
323 0 0 0 0
324 0 0 0 0
325 0 0 0 0
326 0 0 0 0
327 0 0 0 0
328 0 0 0 0
329 0 0 0 0
330 0 0 0 0
331 0 0 0 0
332 0 0 0 0
333 0 0 0 0
334 0 0 0 0
335 0 0 0 0
336 0 0 0 0
337 0 0 0 0
338 0 0 0 0
339 0 0 0 0
340 0 0 0 0
341 0 0 0 0
342 1 0 0 0
343 1 0 0 0
344 0 0 0 0
345 0 0 0 0
346 0 0 0 0
347 0 0 0 0
348 0 0 1 0
349 0 0 0 0
350 0 0 0 0
351 0 1 0 0
352 0 0 0 0
353 0 0 0 0
354 0 0 0 0
355 0 0 0 1
356 0 0 0 0
357 0 0 0 1
358 0 0 0 0
359 0 0 0 0
360 0 0 0 0
361 0 0 0 0
362 0 0 0 0
363 0 0 0 0
364 0 0 0 0
365 0 0 0 0
366 0 0 0 0
367 0 0 0 0
368 0 0 0 0
369 0 0 0 0
370 0 0 0 0
371 0 0 0 0
372 0 0 0 0
373 0 0 0 0
374 0 0 0 0
375 0 0 0 0
376 1 0 0 0
377 1 0 0 0
378 0 0 0 0
379 0 0 0 0
380 0 0 0 0
381 0 1 0 0
382 0 0 0 0
383 0 0 0 0
384 0 0 0 0
385 0 0 0 1
386 0 1 0 0
387 0 0 0 0
388 0 0 0 0
389 0 0 0 0
390 0 0 0 0
391 0 0 0 0
392 0 0 0 1
393 0 0 0 0
394 0 0 0 0
395 0 0 0 0
396 0 0 0 0
397 0 0 0 0
398 0 0 0 0
399 0 0 0 0
400 0 0 0 0
401 0 0 0 0
402 0 0 0 0
403 0 0 0 0
404 0 0 0 0
405 0 0 0 0
406 0 0 0 0
407 0 0 0 0
408 0 0 0 0
409 0 0 0 0
410 0 0 0 0
411 0 0 0 0
412 0 0 0 0
413 0 0 0 0
414 0 0 0 0
415 0 0 0 0
416 0 0 0 0
417 0 0 0 0
418 0 0 0 0
419 0 0 0 0
420 0 0 0 0
421 0 0 0 0
422 0 0 0 0
423 0 0 0 0
424 0 0 0 0
425 0 0 0 0
426 0 0 0 0
427 0 0 0 0
428 0 0 0 0
429 0 0 0 0
430 0 0 0 0
431 0 0 0 0
432 0 0 0 0
433 0 0 0 0
434 0 0 0 0
435 0 0 0 0
436 0 0 0 0
437 0 0 0 0
438 0 0 0 0
439 0 0 0 0
440 0 0 0 0
441 0 0 0 0
442 0 0 0 0
443 0 0 0 0
444 0 0 0 0
445 0 0 0 0
446 0 0 0 0
447 0 0 0 0
448 0 0 0 0
449 0 0 0 0
450 0 0 0 0
451 0 0 0 0
452 0 0 0 0
453 0 0 0 0
454 0 0 0 0
455 0 0 0 0
456 0 0 0 0
457 0 0 0 0
458 0 0 0 0
459 0 0 0 0
460 0 0 0 0
461 0 0 0 0
462 0 0 0 0
463 0 0 0 0
464 0 0 0 0
465 0 0 0 0
466 0 0 0 0
467 0 0 0 0
468 0 0 0 0
469 0 0 0 0
470 0 0 0 0
471 0 0 0 0
472 0 0 0 0
473 0 0 0 0
474 0 0 0 0
475 0 0 0 0
476 0 0 0 0
477 0 0 0 0
478 0 0 0 0
479 0 0 0 0
480 0 0 0 0
481 0 0 0 0
482 0 0 0 0
483 0 0 0 0
484 0 0 0 0
485 0 0 0 0
486 0 0 0 0
487 0 0 0 0
488 0 0 0 0
489 0 0 0 0
490 0 0 0 0
491 0 0 0 0
492 0 0 0 0
493 0 0 0 0
494 0 0 0 0
495 0 0 0 0
496 0 0 0 0
497 0 0 0 0
498 0 0 0 0
499 0 0 0 0
500 0 0 0 0
501 0 0 0 0
502 0 0 0 0
503 0 0 0 0
504 0 0 0 0
505 0 0 0 0
506 0 0 0 0
507 0 0 0 0
508 0 0 0 0
509 0 0 0 0
510 0 0 0 0
511 0 0 0 0
512 0 0 0 0
513 0 0 0 0
514 0 0 0 0
515 0 0 0 0
516 0 0 0 0
517 0 0 0 0
518 0 0 0 0
519 0 0 0 0
520 0 0 0 0
521 0 0 0 0
522 0 0 0 0
523 0 0 0 0
524 0 0 0 0
525 0 0 0 0
526 0 0 0 0
527 0 0 0 0
528 0 0 0 0
529 0 0 0 0
530 0 0 0 0
531 0 0 0 0
532 0 0 0 0
533 0 0 0 0
534 0 0 0 0
535 0 0 0 0
536 0 0 0 0
537 0 0 0 0
538 0 0 0 0
539 0 0 0 0
540 0 0 0 0
541 0 0 0 0
542 0 0 0 0
543 0 0 0 0
544 0 0 0 0
545 0 0 0 0
546 0 0 0 0
547 0 0 0 0
548 0 0 0 0
549 0 0 0 0
550 0 0 0 0
551 0 0 0 0
552 0 0 0 0
553 0 0 0 0
554 0 0 0 0
555 0 0 0 0
556 0 0 0 0
557 0 0 0 0
558 0 0 0 0
559 0 0 0 0
560 0 0 0 0
561 0 0 0 0
562 0 0 0 0
563 0 0 0 0
564 0 0 0 0
565 0 0 0 0
566 0 0 0 0
567 0 0 0 0
568 0 0 0 0
569 0 0 0 0
570 0 0 0 0
571 0 0 0 0
572 0 0 0 0
573 0 0 0 0
574 0 0 0 0
575 0 0 0 0
576 0 0 0 0
577 0 0 0 0
578 0 0 0 0
579 0 0 0 0
580 0 0 0 0
581 0 0 0 0
582 0 0 0 0
583 0 0 0 0
584 0 0 0 0
585 0 0 0 0
586 0 0 0 0
587 0 0 0 0
588 0 0 0 0
589 0 0 0 0
590 0 0 0 0
591 0 0 0 0
592 0 0 0 0
593 0 0 0 0
594 0 0 0 0
595 0 0 0 0
596 0 0 0 0
597 0 0 0 0
598 0 0 0 0
599 0 0 0 0
600 0 0 0 0
601 0 0 0 0
602 0 0 0 0
603 0 0 0 0
604 0 0 0 0
605 0 0 0 0
606 0 0 0 0
607 0 0 0 0
608 0 0 0 0
609 0 0 0 0
610 0 0 0 0
611 0 0 0 0
612 0 0 0 0
613 0 0 0 0
614 0 0 0 0
615 0 0 0 0
616 0 0 0 0
617 0 0 0 0
618 0 0 0 0
619 0 0 0 0
620 0 0 0 0
621 0 0 0 0
622 0 0 0 0
623 0 0 0 0
624 0 0 0 0
625 0 0 0 0
626 0 0 0 0
627 0 0 0 0
628 0 0 0 0
629 0 0 0 0
630 0 0 0 0
631 0 0 0 0
632 0 0 0 0
633 0 0 0 0
634 0 0 0 0
635 0 0 0 0
636 0 0 0 0
637 0 0 0 0
638 0 0 0 0
639 0 0 0 0
640 0 0 0 0
641 0 0 0 0
642 0 0 0 0
643 0 0 0 0
644 0 0 0 0
645 0 0 0 0
646 0 0 0 0
647 0 0 0 0
648 0 0 0 0
649 0 0 0 0
650 0 0 0 0
651 0 0 0 0
652 0 0 0 0
653 0 0 0 0
654 0 0 0 0
655 0 0 0 0
656 0 0 0 0
657 0 0 0 0
658 0 0 0 0
659 0 0 0 0
660 0 0 0 0
661 0 0 0 0
662 0 0 0 0
663 0 0 0 0
664 0 0 0 0
665 0 0 0 0
666 0 0 0 0
667 0 0 0 0
668 0 0 0 0
669 0 0 0 0
670 0 0 0 0
671 0 0 0 0
672 0 0 0 0
673 0 0 0 0
674 0 0 0 0
675 0 0 0 0
676 0 0 0 0
677 0 0 0 0
678 0 0 0 0
679 0 0 0 0
680 0 0 0 0
681 0 0 0 0
682 0 0 0 0
683 0 0 0 0
684 0 0 0 0
685 0 0 0 0
686 0 0 0 0
687 0 0 0 0
688 0 0 0 0
689 0 0 0 0
690 0 0 0 0
691 0 0 0 0
692 0 0 0 0
693 0 0 0 0
694 0 0 0 0
695 0 0 0 0
696 0 0 0 0
697 0 0 0 0
698 0 0 0 0
699 0 0 0 0
700 0 0 0 0
701 0 0 0 0
702 0 0 0 0
703 0 0 0 0
704 0 0 0 0
705 0 0 0 0
706 0 0 0 0
707 0 0 0 0
708 0 0 0 0
709 0 0 0 0
710 0 0 0 0
711 0 0 0 0
712 0 0 0 0
713 0 0 0 0
714 0 0 0 0
715 0 0 0 0
716 0 0 0 0
717 0 0 0 0
718 0 0 0 0
719 0 0 0 0
720 0 0 0 0
721 0 0 0 0
722 0 0 0 0
723 0 0 0 0
724 0 0 0 0
725 0 0 0 0
726 0 0 0 0
727 0 0 0 0
