0 0 0 0 0
1 0 0 0 0
2 0 0 0 0
3 0 0 0 0
4 0 0 0 0
5 0 1 1 0
6 0 0 0 0
7 0 0 0 0
8 0 0 0 0
9 0 3 0 0
10 0 0 0 0
11 0 0 0 0
12 0 0 0 2
13 0 0 0 1
14 0 0 0 0
15 0 0 0 0
16 0 0 0 2
17 0 0 0 0
18 0 0 0 0
19 0 0 0 0
20 1 0 0 0
21 0 0 0 0
22 0 0 0 0
23 0 0 0 0
24 1 0 0 0
25 2 0 0 0
26 0 0 0 0
27 2 0 0 0
28 0 0 0 0
29 2 1 1 0
30 0 0 2 0
31 0 0 0 0
32 1 0 1 0
33 1 0 0 1
34 1 1 0 0
35 0 0 0 0
36 1 0 1 2
37 0 0 0 2
38 0 1 0 1
39 0 0 0 0
40 1 0 0 1
41 2 1 1 0
42 1 0 1 0
43 1 1 0 0
44 2 0 0 0
45 1 0 0 1
46 0 0 1 1
47 1 0 1 1
48 1 1 0 2
49 0 2 0 0
50 0 0 2 1
51 1 0 0 1
52 2 0 0 1
53 0 1 0 0
54 1 0 0 0
55 3 0 0 0
56 2 1 1 2
57 0 3 0 2
58 1 0 0 0
59 0 1 0 0
60 1 0 1 2
61 4 1 1 2
62 2 0 0 0
63 3 1 0 1
64 3 1 1 3
65 0 1 0 1
66 0 2 1 0
67 0 1 1 0
68 0 2 2 3
69 2 0 1 1
70 1 0 0 3
71 3 0 0 2
72 1 0 0 2
73 1 0 2 2
74 1 1 0 1
75 0 0 1 1
76 1 1 2 0
77 1 0 1 1
78 1 0 1 1
79 3 0 1 1
80 1 0 0 3
81 2 0 0 1
82 1 0 1 0
83 4 1 0 2
84 0 2 1 0
85 2 1 0 1
86 1 1 1 1
87 2 1 0 0
88 2 1 3 2
89 2 0 1 0
90 2 3 0 1
91 2 0 1 4
92 2 0 1 3
93 1 1 0 2
94 0 0 0 2
95 2 1 0 2
96 1 2 0 0
97 2 2 0 1
98 2 3 0 0
99 2 0 1 2
100 2 1 1 2
101 1 2 0 0
102 2 1 0 2
103 3 1 0 2
104 1 2 1 3
105 1 0 1 2
106 2 0 2 0
107 1 0 2 1
108 2 0 0 3
109 3 2 0 2
110 5 1 0 2
111 2 1 2 1
112 5 2 0 0
113 6 3 0 2
114 5 1 0 3
115 3 2 3 2
116 5 0 1 3
117 4 4 0 2
118 4 2 2 1
119 2 2 0 2
120 4 1 1 1
121 7 2 2 4
122 4 2 2 6
123 3 3 4 2
124 4 2 1 2
125 4 4 0 5
126 3 4 3 2
127 4 0 3 6
128 5 1 2 4
129 1 2 3 3
130 2 3 3 6
131 5 3 2 1
132 5 1 0 4
133 6 1 2 7
134 6 2 0 5
135 6 2 1 5
136 5 2 4 3
137 7 3 1 3
138 5 2 0 2
139 3 3 1 1
140 5 4 2 7
141 8 5 0 5
142 7 7 2 2
143 5 3 2 5
144 13 3 0 4
145 9 5 4 3
146 4 3 3 8
147 5 5 3 3
148 8 3 0 6
149 3 5 4 7
150 5 6 2 8
151 9 2 2 6
152 7 5 3 7
153 5 5 2 9
154 4 5 1 9
155 6 0 1 2
156 11 3 3 6
157 14 6 9 6
158 5 3 3 4
159 11 2 2 5
160 11 5 1 10
161 13 6 1 11
162 10 6 2 5
163 14 5 4 1
164 13 6 2 12
165 8 5 6 6
166 9 9 4 8
167 12 4 5 6
168 8 9 1 7
169 7 7 4 8
170 10 5 7 13
171 10 8 2 10
172 8 7 4 11
173 10 5 5 11
174 9 2 6 7
175 7 6 4 12
176 10 10 5 8
177 13 7 2 14
178 13 3 5 10
179 16 6 3 14
180 14 5 3 7
181 13 5 2 5
182 12 5 9 10
183 12 8 5 15
184 22 9 7 8
185 12 11 3 8
186 7 6 5 10
187 10 2 6 10
188 9 8 2 14
189 15 9 5 13
190 13 6 5 15
191 14 3 7 9
192 14 9 1 9
193 14 5 12 17
194 14 8 10 8
195 18 4 2 10
196 15 7 9 13
197 8 8 2 17
198 12 9 4 17
199 9 9 10 4
200 11 10 4 20
201 14 10 4 10
202 17 2 5 9
203 16 9 4 14
204 9 9 5 17
205 9 4 6 11
206 6 7 7 9
207 11 10 7 14
208 6 10 4 15
209 8 11 2 10
210 7 3 8 14
211 4 6 2 18
212 7 8 4 12
213 8 4 4 14
214 7 4 3 15
215 9 2 4 10
216 7 6 3 11
217 8 4 3 6
218 4 6 2 9
219 5 2 3 8
220 7 3 1 7
221 5 4 4 6
222 7 4 5 9
223 7 5 1 9
224 8 3 5 4
225 2 2 5 7
226 3 3 3 5
227 5 3 2 5
228 4 3 5 6
229 2 5 2 12
230 6 4 1 9
231 5 3 2 8
232 2 2 1 6
233 5 3 1 5
234 4 1 0 4
235 3 0 2 7
236 1 5 2 7
237 1 5 1 4
238 2 2 1 3
239 4 3 4 1
240 0 2 1 6
241 2 0 0 4
242 2 3 0 1
243 0 1 2 6
244 1 5 0 3
245 2 2 0 4
246 2 3 0 4
247 2 1 1 3
248 0 1 0 2
249 2 1 0 2
250 1 0 1 3
251 1 0 1 5
252 1 0 0 1
253 2 0 0 3
254 1 3 0 2
255 3 2 0 1
256 1 2 1 0
257 2 0 0 0
258 0 1 0 4
259 1 0 0 1
260 0 1 0 1
261 2 1 0 1
262 1 1 0 2
263 0 1 1 1
264 2 2 0 1
265 1 1 0 1
266 0 3 0 0
267 0 1 0 1
268 0 0 1 2
269 0 0 0 2
270 0 1 0 3
271 0 0 0 0
272 0 0 0 0
273 1 1 0 1
274 1 1 0 2
275 1 0 0 1
276 2 0 0 0
277 0 0 0 0
278 1 0 0 1
279 0 0 0 0
280 0 0 0 1
281 0 1 0 0
282 0 1 0 0
283 0 1 0 0
284 1 1 0 0
285 0 0 1 0
286 0 0 0 1
287 0 0 1 0
288 0 0 0 2
289 0 0 0 1
290 0 0 0 1
291 0 0 0 0
292 1 0 0 0
293 0 0 1 0
294 0 0 0 1
295 0 0 0 0
296 0 0 0 0
297 0 1 0 1
298 0 0 0 0
299 0 0 0 0
300 0 0 0 0
301 0 0 0 0
302 0 0 0 0
303 0 0 0 0
304 0 0 0 1
305 0 0 0 0
306 0 0 0 0
307 0 0 0 0
308 0 0 0 0
309 0 0 0 0
310 0 0 0 0
311 0 0 0 0
312 0 0 0 0
313 1 0 0 0
314 0 0 0 0
315 1 0 0 0
316 0 0 0 0
317 0 0 0 0
318 0 0 0 0
319 0 0 0 0
320 0 1 0 0
321 0 0 0 0
322 0 0 1 0
323 0 0 0 0
324 0 0 0 1
325 0 0 0 0
326 1 0 0 0
327 0 0 0 0
328 0 0 0 0
329 0 0 0 1
330 0 0 0 0
331 0 0 0 0
332 0 0 0 0
333 0 0 0 0
334 0 0 0 0
335 0 1 0 0
336 0 0 0 0
337 0 0 0 0
338 0 0 0 0
339 0 0 0 1
340 0 0 0 0
341 0 0 0 0
342 0 0 0 0
343 0 0 0 0
344 0 0 0 0
345 0 0 0 0
346 0 0 0 0
347 0 0 0 0
348 0 0 0 0
349 0 0 0 0
350 0 0 0 0
351 0 0 0 0
352 0 0 0 0
353 0 0 0 0
354 0 0 0 0
355 0 0 0 0
356 0 0 0 0
357 0 0 0 0
358 0 0 0 0
359 0 0 0 0
360 0 0 0 0
361 0 0 0 0
362 0 0 0 0
363 0 0 0 0
364 0 0 0 0
365 0 0 0 0
366 0 0 0 0
367 0 0 0 0
368 0 0 0 0
369 0 0 0 0
370 0 0 0 0
371 0 0 0 0
372 0 0 0 0
373 0 0 0 0
374 0 0 0 0
375 0 0 0 0
376 0 0 0 0
377 0 0 0 0
378 0 0 0 0
379 0 0 0 0
380 0 0 0 0
381 0 0 0 0
382 0 0 0 0
383 0 0 0 0
384 0 0 0 0
385 0 0 0 0
386 0 0 0 0
387 0 0 0 0
388 0 0 0 0
389 0 0 0 0
390 0 0 0 0
391 0 0 0 0
392 0 0 0 0
393 0 0 0 0
394 0 0 0 0
395 0 0 0 0
396 0 0 0 0
397 0 0 0 0
398 0 0 0 0
399 0 0 0 0
400 0 0 0 0
401 0 0 0 0
402 0 0 0 0
403 0 0 0 0
404 0 0 0 0
405 0 0 0 0
406 0 0 0 0
407 0 0 0 0
408 0 0 0 0
409 0 0 0 0
410 0 0 0 0
411 0 0 0 0
412 0 0 0 0
413 0 0 0 0
414 0 0 0 0
415 0 0 0 0
416 0 0 0 0
417 0 0 0 0
418 0 0 0 0
419 0 0 0 0
420 0 0 0 0
421 0 0 0 0
422 0 0 0 0
423 0 0 0 0
424 0 0 0 0
425 0 0 0 0
426 0 0 0 0
427 0 0 0 0
428 0 0 0 0
429 0 0 0 0
430 0 0 0 0
431 0 0 0 0
432 0 0 0 0
433 0 0 0 0
434 0 0 0 0
435 0 0 0 0
436 0 0 0 0
437 0 0 0 0
438 0 0 0 0
439 0 0 0 0
440 0 0 0 0
441 0 0 0 0
442 0 0 0 0
443 0 0 0 0
444 0 0 0 0
445 0 0 0 0
446 0 0 0 0
447 0 0 0 0
448 0 0 0 0
449 0 0 0 0
450 0 0 0 0
451 0 0 0 0
452 0 0 0 0
453 0 0 0 0
454 0 0 0 0
455 0 0 0 0
456 0 0 0 0
457 0 0 0 0
458 0 0 0 0
459 0 0 0 0
460 0 0 0 0
461 0 0 0 0
462 0 0 0 0
463 0 0 0 0
464 0 0 0 0
465 0 0 0 0
466 0 0 0 0
467 0 0 0 0
468 0 0 0 0
469 0 0 0 0
470 0 0 0 0
471 0 0 0 0
472 0 0 0 0
473 0 0 0 0
474 0 0 0 0
475 0 0 0 0
476 0 0 0 0
477 0 0 0 0
478 0 0 0 0
479 0 0 0 0
480 0 0 0 0
481 0 0 0 0
482 0 0 0 0
483 0 0 0 0
484 0 0 0 0
485 0 0 0 0
486 0 0 0 0
487 0 0 0 0
488 0 0 0 0
489 0 0 0 0
490 0 0 0 0
491 0 0 0 0
492 0 0 0 0
493 0 0 0 0
494 0 0 0 0
495 0 0 0 0
496 0 0 0 0
497 0 0 0 0
498 0 0 0 0
499 0 0 0 0
500 0 0 0 0
501 0 0 0 0
502 0 0 0 0
503 0 0 0 0
504 0 0 0 0
505 0 0 0 0
506 0 0 0 0
507 0 0 0 0
508 0 0 0 0
509 0 0 0 0
510 0 0 0 0
511 0 0 0 0
512 0 0 0 0
513 0 0 0 0
514 0 0 0 0
515 0 0 0 0
516 0 0 0 0
517 0 0 0 0
518 0 0 0 0
519 0 0 0 0
520 0 0 0 0
521 0 0 0 0
522 0 0 0 0
523 0 0 0 0
524 0 0 0 0
525 0 0 0 0
526 0 0 0 0
527 0 0 0 0
528 0 0 0 0
529 0 0 0 0
530 0 0 0 0
531 0 0 0 0
532 0 0 0 0
533 0 0 0 0
534 0 0 0 0
535 0 0 0 0
536 0 0 0 0
537 0 0 0 0
538 0 0 0 0
539 0 0 0 0
540 0 0 0 0
541 0 0 0 0
542 0 0 0 0
543 0 0 0 0
544 0 0 0 0
545 0 0 0 0
546 0 0 0 0
547 0 0 0 0
548 0 0 0 0
549 0 0 0 0
550 0 0 0 0
551 0 0 0 0
552 0 0 0 0
553 0 0 0 0
554 0 0 0 0
555 0 0 0 0
556 0 0 0 0
557 0 0 0 0
558 0 0 0 0
559 0 0 0 0
560 0 0 0 0
561 0 0 0 0
562 0 0 0 0
563 0 0 0 0
564 0 0 0 0
565 0 0 0 0
566 0 0 0 0
567 0 0 0 0
568 0 0 0 0
569 0 0 0 0
570 0 0 0 0
571 0 0 0 0
572 0 0 0 0
573 0 0 0 0
574 0 0 0 0
575 0 0 0 0
576 0 0 0 0
577 0 0 0 0
578 0 0 0 0
579 0 0 0 0
580 0 0 0 0
581 0 0 0 0
582 0 0 0 0
583 0 0 0 0
584 0 0 0 0
585 0 0 0 0
586 0 0 0 0
587 0 0 0 0
588 0 0 0 0
589 0 0 0 0
590 0 0 0 0
591 0 0 0 0
592 0 0 0 0
593 0 0 0 0
594 0 0 0 0
595 0 0 0 0
596 0 0 0 0
597 0 0 0 0
598 0 0 0 0
599 0 0 0 0
600 0 0 0 0
601 0 0 0 0
602 0 0 0 0
603 0 0 0 0
604 0 0 0 0
605 0 0 0 0
606 0 0 0 0
607 0 0 0 0
608 0 0 0 0
609 0 0 0 0
610 0 0 0 0
611 0 0 0 0
612 0 0 0 0
613 0 0 0 0
614 0 0 0 0
615 0 0 0 0
616 0 0 0 0
617 0 0 0 0
618 0 0 0 0
619 0 0 0 0
620 0 0 0 0
621 0 0 0 0
622 0 0 0 0
623 0 0 0 0
624 0 0 0 0
625 0 0 0 0
626 0 0 0 0
627 0 0 0 0
628 0 0 0 0
629 0 0 0 0
630 0 0 0 0
631 0 0 0 0
632 0 0 0 0
633 0 0 0 0
634 0 0 0 0
635 0 0 0 0
636 0 0 0 0
637 0 0 0 0
638 0 0 0 0
639 0 0 0 0
640 0 0 0 0
641 0 0 0 0
642 0 0 0 0
643 0 0 0 0
644 0 0 0 0
645 0 0 0 0
646 0 0 0 0
647 0 0 0 0
648 0 0 0 0
649 0 0 0 0
650 0 0 0 0
651 0 0 0 0
652 0 0 0 0
653 0 0 0 0
654 0 0 0 0
655 0 0 0 0
656 0 0 0 0
657 0 0 0 0
658 0 0 0 0
659 0 0 0 0
660 0 0 0 0
661 0 0 0 0
662 0 0 0 0
663 0 0 0 0
664 0 0 0 0
665 0 0 0 0
666 0 0 0 0
667 0 0 0 0
668 0 0 0 0
669 0 0 0 0
670 0 0 0 0
671 0 0 0 0
672 0 0 0 0
673 0 0 0 0
674 0 0 0 0
675 0 0 0 0
676 0 0 0 0
677 0 0 0 0
678 0 0 0 0
679 0 0 0 0
680 0 0 0 0
681 0 0 0 0
682 0 0 0 0
683 0 0 0 0
684 0 0 0 0
685 0 0 0 0
686 0 0 0 0
687 0 0 0 0
688 0 0 0 0
689 0 0 0 0
690 0 0 0 0
691 0 0 0 0
692 0 0 0 0
693 0 0 0 0
694 0 0 0 0
695 0 0 0 0
696 0 0 0 0
697 0 0 0 0
698 0 0 0 0
699 0 0 0 0
700 0 0 0 0
701 0 0 0 0
702 0 0 0 0
703 0 0 0 0
704 0 0 0 0
705 0 0 0 0
706 0 0 0 0
707 0 0 0 0
708 0 0 0 0
709 0 0 0 0
710 0 0 0 0
711 0 0 0 0
712 0 0 0 0
713 0 0 0 0
714 0 0 0 0
715 0 0 0 0
716 0 0 0 0
717 0 0 0 0
718 0 0 0 0
719 0 0 0 0
720 0 0 0 0
721 0 0 0 0
722 0 0 0 0
723 0 0 0 0
724 0 0 0 0
725 0 0 0 0
726 0 0 0 0
727 0 0 0 0
