0 0 0 0 0
1 0 0 0 0
2 0 0 0 0
3 0 0 0 0
4 0 0 0 0
5 0 2 1 0
6 0 0 0 0
7 0 0 0 0
8 0 0 0 0
9 0 2 0 0
10 0 0 0 0
11 0 0 0 0
12 0 0 0 3
13 0 0 0 1
14 0 0 0 0
15 0 0 0 0
16 0 0 0 1
17 0 0 0 0
18 0 0 0 0
19 0 0 0 0
20 0 0 0 0
21 2 0 0 0
22 2 0 0 0
23 2 0 0 0
24 0 0 0 0
25 0 0 0 0
26 0 1 0 0
27 0 0 1 0
28 0 2 0 0
29 0 0 0 0
30 0 0 0 1
31 1 1 0 0
32 1 0 1 1
33 0 0 0 0
34 0 0 0 1
35 0 0 0 1
36 1 1 0 1
37 0 0 1 0
38 0 0 0 1
39 1 0 0 0
40 0 0 0 0
41 0 0 0 0
42 0 0 0 0
43 1 0 0 1
44 0 0 0 1
45 1 1 0 0
46 0 0 0 0
47 1 0 0 0
48 2 1 1 0
49 1 0 0 0
50 0 1 0 0
51 0 0 0 0
52 0 1 0 2
53 3 0 2 0
54 0 0 0 0
55 2 0 0 1
56 1 0 0 1
57 0 0 0 2
58 0 2 1 0
59 2 0 0 0
60 1 0 1 1
61 0 0 0 0
62 0 1 0 2
63 0 0 0 0
64 2 1 1 1
65 1 2 0 1
66 1 0 0 0
67 0 0 0 0
68 1 1 0 2
69 0 1 1 3
70 5 0 0 0
71 0 0 0 0
72 1 0 0 0
73 0 0 0 0
74 1 1 0 0
75 0 1 2 1
76 0 0 0 2
77 1 1 1 0
78 1 0 0 0
79 0 1 1 2
80 3 0 0 0
81 1 1 0 2
82 2 0 0 1
83 1 0 2 2
84 0 0 0 1
85 2 1 1 0
86 1 1 1 0
87 2 0 0 1
88 1 0 1 1
89 1 1 0 0
90 3 0 1 2
91 0 0 1 1
92 1 1 0 2
93 2 1 0 2
94 0 0 1 1
95 0 3 1 1
96 0 2 0 0
97 1 0 0 1
98 0 1 1 0
99 2 0 0 3
100 2 0 0 0
101 3 1 0 1
102 3 1 1 5
103 2 0 0 1
104 1 1 0 0
105 3 0 0 0
106 0 0 1 0
107 0 0 0 0
108 3 1 1 1
109 1 1 2 2
110 3 2 2 0
111 0 1 2 1
112 2 0 0 2
113 3 1 0 2
114 2 1 1 2
115 1 1 1 1
116 1 0 0 2
117 2 2 0 3
118 0 2 0 2
119 2 0 1 2
120 5 0 0 0
121 1 2 0 2
122 3 1 1 1
123 4 2 0 1
124 5 1 2 2
125 3 1 1 3
126 3 1 1 1
127 3 1 1 2
128 1 2 1 1
129 0 2 4 2
130 5 0 2 1
131 2 2 1 3
132 2 2 1 4
133 0 2 1 7
134 2 1 1 2
135 1 3 1 3
136 1 3 0 1
137 1 2 0 1
138 2 0 0 2
139 2 1 1 3
140 3 0 0 4
141 6 1 0 2
142 2 0 0 3
143 3 4 0 3
144 6 2 1 1
145 5 2 1 1
146 4 1 2 0
147 7 1 1 1
148 1 0 1 2
149 4 1 2 2
150 5 3 3 4
151 4 1 2 2
152 4 3 3 2
153 4 1 3 3
154 2 1 2 5
155 4 3 2 0
156 5 2 4 3
157 7 2 0 4
158 7 4 2 3
159 4 1 1 9
160 3 3 2 6
161 2 4 2 2
162 8 5 1 5
163 5 2 2 3
164 4 3 0 6
165 8 1 1 3
166 6 2 1 3
167 3 7 2 4
168 6 0 4 7
169 6 1 3 5
170 5 2 3 4
171 10 4 2 4
172 7 4 2 3
173 5 4 2 1
174 9 5 4 7
175 11 5 1 8
176 9 2 4 6
177 10 4 2 5
178 14 2 2 7
179 11 3 4 8
180 12 7 5 8
181 11 4 1 5
182 6 8 2 2
183 8 10 4 9
184 7 8 2 9
185 6 8 6 7
186 10 2 6 9
187 9 1 5 11
188 9 9 7 7
189 5 2 2 12
190 4 7 3 12
191 9 6 4 8
192 6 5 1 12
193 9 5 4 5
194 6 3 3 9
195 8 1 4 12
196 15 3 5 6
197 15 3 4 8
198 15 6 2 9
199 9 6 2 4
200 8 3 4 10
201 10 5 5 9
202 14 4 4 7
203 16 3 2 11
204 9 4 6 6
205 4 10 6 9
206 8 11 4 5
207 9 12 5 3
208 12 5 6 8
209 8 4 4 14
210 8 2 5 10
211 7 9 5 11
212 5 11 2 17
213 5 4 3 11
214 6 4 1 17
215 7 6 2 10
216 6 7 1 12
217 4 8 2 5
218 6 3 2 10
219 4 3 2 10
220 3 4 2 6
221 9 2 4 8
222 3 3 2 7
223 5 3 2 8
224 5 1 4 8
225 3 2 1 5
226 4 4 3 7
227 5 4 3 4
228 1 5 1 6
229 2 1 2 2
230 3 4 5 9
231 6 1 1 4
232 2 2 2 5
233 6 3 0 1
234 3 0 0 9
235 2 4 0 4
236 0 3 4 6
237 4 3 0 6
238 3 4 0 1
239 6 3 1 3
240 2 2 1 5
241 5 0 0 1
242 1 3 3 4
243 3 1 2 6
244 4 4 1 4
245 2 1 0 2
246 2 4 1 4
247 2 0 2 1
248 0 1 1 3
249 4 3 0 4
250 0 4 1 6
251 2 1 1 2
252 3 1 1 2
253 4 1 1 3
254 2 0 2 5
255 3 0 0 3
256 0 0 0 2
257 2 1 1 3
258 2 3 2 1
259 2 0 1 2
260 3 3 2 1
261 0 1 1 2
262 0 1 0 1
263 3 0 1 0
264 2 1 1 4
265 0 0 1 5
266 0 2 0 1
267 1 2 0 4
268 1 3 0 3
269 0 2 1 0
270 0 0 0 1
271 1 0 1 2
272 1 0 0 1
273 0 0 1 2
274 0 0 0 1
275 1 0 0 2
276 1 0 1 2
277 0 1 0 1
278 0 0 0 1
279 2 0 0 0
280 2 0 0 0
281 1 2 0 0
282 1 0 0 0
283 0 0 0 1
284 0 2 1 1
285 0 1 0 2
286 1 0 1 0
287 1 0 0 0
288 0 0 0 2
289 0 0 1 0
290 0 0 0 1
291 0 1 1 0
292 0 0 0 1
293 1 0 0 1
294 2 0 0 0
295 0 0 0 2
296 2 1 0 1
297 0 0 0 0
298 1 1 0 0
299 1 1 1 0
300 0 0 0 0
301 0 2 0 0
302 0 0 0 1
303 1 1 0 3
304 1 0 1 0
305 0 0 0 1
306 0 0 0 0
307 1 0 0 1
308 1 0 0 2
309 1 0 0 0
310 1 0 0 0
311 0 0 0 0
312 0 1 1 0
313 0 1 0 0
314 0 0 1 0
315 0 0 1 0
316 0 0 0 1
317 0 0 1 1
318 0 0 0 1
319 0 0 0 2
320 0 0 0 0
321 0 0 0 0
322 1 0 0 0
323 0 0 0 1
324 0 0 0 0
325 0 0 0 0
326 0 0 0 0
327 0 1 0 0
328 0 0 0 0
329 0 0 0 0
330 1 0 0 0
331 1 0 0 0
332 0 0 0 0
333 0 0 0 0
334 0 0 0 1
335 0 0 1 0
336 0 0 1 0
337 1 0 0 0
338 0 0 0 0
339 1 0 0 1
340 0 0 0 1
341 2 0 0 0
342 2 1 0 0
343 0 0 0 0
344 0 0 0 0
345 1 0 0 0
346 0 1 1 1
347 0 1 0 0
348 0 0 1 0
349 0 0 0 0
350 0 0 0 1
351 0 1 0 1
352 0 0 0 1
353 0 0 0 1
354 0 1 0 0
355 0 0 0 1
356 0 0 0 0
357 1 0 0 0
358 0 0 0 0
359 0 0 0 0
360 0 0 0 0
361 1 0 0 1
362 0 0 0 0
363 0 0 0 0
364 0 0 0 0
365 0 0 0 0
366 0 0 2 0
367 0 0 0 0
368 0 0 0 0
369 0 0 0 0
370 0 0 0 0
371 0 0 0 0
372 0 0 0 0
373 0 0 0 2
374 0 0 0 0
375 0 0 0 0
376 0 0 0 0
377 0 0 0 0
378 0 0 0 0
379 0 0 0 0
380 0 0 0 0
381 0 0 0 0
382 0 0 0 0
383 1 0 0 0
384 0 0 0 0
385 0 0 0 0
386 0 0 0 0
387 0 0 0 0
388 1 1 0 0
389 0 0 0 0
390 0 0 0 0
391 1 0 0 0
392 1 0 0 1
393 1 0 1 0
394 1 0 0 0
395 0 0 0 0
396 0 0 1 0
397 0 0 1 0
398 1 0 1 0
399 1 1 0 0
400 0 0 0 1
401 0 0 0 0
402 1 0 0 0
403 0 1 0 2
404 0 1 0 1
405 0 0 0 1
406 0 0 0 0
407 0 0 0 1
408 0 0 0 1
409 0 0 0 0
410 1 0 0 0
411 0 1 0 0
412 1 0 0 0
413 1 0 0 0
414 1 0 0 0
415 0 1 0 0
416 2 0 0 0
417 1 0 0 0
418 0 1 0 1
419 1 1 0 0
420 1 0 0 0
421 1 0 2 0
422 1 0 0 2
423 0 0 0 1
424 1 0 0 0
425 1 0 2 1
426 0 1 0 0
427 0 1 0 1
428 1 1 0 0
429 0 0 1 2
430 1 0 1 0
431 1 0 0 1
432 2 0 0 1
433 1 0 0 2
434 1 1 0 0
435 1 0 0 0
436 0 0 1 0
437 1 3 0 1
438 0 1 0 0
439 1 1 0 0
440 0 1 0 1
441 1 0 0 3
442 0 0 0 0
443 1 1 0 1
444 1 1 0 1
445 0 0 0 0
446 0 1 1 1
447 0 0 0 2
448 1 1 0 1
449 1 0 0 0
450 0 0 0 2
451 1 0 0 0
452 1 0 0 0
453 0 0 1 0
454 1 1 0 0
455 0 0 0 1
456 0 0 0 0
457 2 2 0 0
458 1 0 0 1
459 1 0 1 0
460 0 0 1 1
461 0 0 0 1
462 0 1 1 0
463 0 0 0 0
464 0 0 1 2
465 0 0 0 0
466 0 0 0 1
467 1 0 1 0
468 1 0 0 0
469 1 0 0 2
470 0 0 0 0
471 0 0 0 1
472 0 0 0 0
473 1 0 0 0
474 0 0 0 1
475 2 0 0 0
476 2 1 0 0
477 1 0 1 0
478 0 1 1 0
479 0 0 0 0
480 3 0 0 0
481 2 1 1 1
482 1 1 0 1
483 1 0 0 2
484 1 0 1 0
485 1 2 1 2
486 0 0 0 0
487 0 0 2 0
488 0 1 0 1
489 0 2 0 3
490 0 1 0 0
491 0 0 0 0
492 0 0 0 2
493 2 0 0 0
494 1 0 1 3
495 1 0 0 0
496 0 0 0 1
497 1 0 0 1
498 1 0 1 0
499 0 0 1 0
500 1 1 0 0
501 1 0 0 1
502 0 1 1 0
503 0 1 0 1
504 0 0 0 0
505 0 0 1 1
506 0 1 0 2
507 0 0 0 1
508 0 0 0 0
509 1 0 0 0
510 1 0 0 1
511 0 0 0 0
512 1 0 0 1
513 0 0 0 1
514 0 0 0 0
515 1 0 0 0
516 0 0 0 0
517 0 0 0 0
518 1 1 0 0
519 0 0 1 0
520 0 0 0 0
521 1 1 0 0
522 2 0 0 1
523 0 1 0 0
524 0 0 1 0
525 1 0 0 1
526 1 0 0 1
527 0 0 1 0
528 0 0 0 1
529 1 0 0 0
530 2 1 1 1
531 0 1 0 1
532 0 0 0 0
533 0 0 0 0
534 0 0 0 1
535 0 2 0 0
536 0 0 1 0
537 0 0 0 1
538 0 0 1 1
539 1 0 0 2
540 1 0 0 0
541 0 0 0 0
542 0 0 0 1
543 0 0 0 1
544 0 1 0 0
545 0 0 0 0
546 0 0 0 0
547 2 0 0 0
548 0 0 0 0
549 1 0 1 0
550 0 0 0 0
551 0 0 0 1
552 0 0 1 0
553 1 0 0 1
554 1 1 0 0
555 0 0 0 0
556 0 1 0 1
557 0 0 0 0
558 1 0 1 1
559 1 0 0 0
560 0 0 0 1
561 1 0 0 0
562 1 0 0 1
563 1 1 1 0
564 0 1 0 0
565 0 0 0 0
566 2 0 1 0
567 0 1 0 2
568 0 1 0 1
569 0 0 0 0
570 0 0 0 0
571 0 0 1 2
572 0 0 0 0
573 0 0 0 0
574 0 0 0 0
575 0 0 1 1
576 0 0 0 0
577 0 0 0 0
578 1 0 0 1
579 0 0 0 1
580 0 0 0 0
581 0 0 0 0
582 0 0 0 0
583 0 0 0 0
584 0 0 0 0
585 0 0 0 0
586 0 0 0 0
587 1 0 1 0
588 0 0 0 0
589 0 0 0 0
590 0 0 0 0
591 0 0 0 0
592 0 0 0 0
593 0 0 0 0
594 0 0 0 1
595 0 0 0 0
596 0 0 1 0
597 0 0 0 0
598 0 0 0 0
599 0 0 0 0
600 0 0 0 1
601 0 0 0 0
602 0 0 0 0
603 0 0 0 0
604 0 0 0 0
605 0 0 0 0
606 0 0 0 0
607 0 0 0 0
608 0 0 0 0
609 0 0 0 0
610 0 0 0 0
611 0 0 0 0
612 0 0 0 0
613 0 0 0 0
614 0 0 0 0
615 0 0 0 0
616 0 0 0 0
617 0 0 0 0
618 0 0 0 0
619 0 0 0 0
620 0 0 0 0
621 0 0 0 0
622 0 0 0 0
623 0 0 0 0
624 0 0 0 0
625 0 0 0 0
626 0 0 0 0
627 0 0 0 0
628 0 0 0 0
629 0 0 0 0
630 0 0 0 0
631 0 0 0 0
632 0 0 0 0
633 0 0 0 0
634 0 0 0 0
635 0 0 0 0
636 0 0 0 0
637 0 0 0 0
638 0 0 0 0
639 0 0 0 0
640 0 0 0 0
641 0 0 0 0
642 0 0 0 0
643 0 0 0 0
644 0 0 0 0
645 0 0 0 0
646 0 0 0 0
647 0 0 0 0
648 0 0 0 0
649 0 0 0 0
650 0 0 0 0
651 0 0 0 0
652 0 0 0 0
653 0 0 0 0
654 0 0 0 0
655 0 0 0 0
656 0 0 0 0
657 0 0 0 0
658 0 0 0 0
659 0 0 0 0
660 0 0 0 0
661 0 0 0 0
662 0 0 0 0
663 0 0 0 0
664 0 0 0 0
665 0 0 0 0
666 0 0 0 0
667 0 0 0 0
668 0 0 0 0
669 0 0 0 0
670 0 0 0 0
671 0 0 0 0
672 0 0 0 0
673 0 0 0 0
674 0 0 0 0
675 0 0 0 0
676 0 0 0 0
677 0 0 0 0
678 0 0 0 0
679 0 0 0 0
680 0 0 0 0
681 0 0 0 0
682 0 0 0 0
683 0 0 0 0
684 0 0 0 0
685 0 0 0 0
686 0 0 0 0
687 0 0 0 0
688 0 0 0 0
689 0 0 0 0
690 0 0 0 0
691 0 0 0 0
692 0 0 0 0
693 0 0 0 0
694 0 0 0 0
695 0 0 0 0
696 0 0 0 0
697 0 0 0 0
698 0 0 0 0
699 0 0 0 0
700 0 0 0 0
701 0 0 0 0
702 0 0 0 0
703 0 0 0 0
704 0 0 0 0
705 0 0 0 0
706 0 0 0 0
707 0 0 0 0
708 0 0 0 0
709 0 0 0 0
710 0 0 0 0
711 0 0 0 0
712 0 0 0 0
713 0 0 0 0
714 0 0 0 0
715 0 0 0 0
716 0 0 0 0
717 0 0 0 0
718 0 0 0 0
719 0 0 0 0
720 0 0 0 0
721 0 0 0 0
722 0 0 0 0
723 0 0 0 0
724 0 0 0 0
725 0 0 0 0
726 0 0 0 0
727 0 0 0 0
