0 0 0 0 0
1 0 0 0 0
2 0 0 0 0
3 0 0 0 0
4 0 0 0 0
5 0 0 0 0
6 0 0 0 0
7 0 0 0 0
8 0 0 0 0
9 0 0 5 0
10 0 0 0 0
11 0 0 0 0
12 0 0 0 0
13 0 0 0 1
14 0 0 0 0
15 0 0 0 1
16 0 0 0 3
17 0 0 0 0
18 0 0 0 0
19 0 0 0 0
20 0 0 0 0
21 0 0 0 0
22 0 0 0 0
23 1 0 0 0
24 0 0 0 0
25 1 0 0 0
26 0 0 0 0
27 1 0 0 0
28 0 0 1 0
29 0 0 0 0
30 1 0 0 0
31 2 0 0 0
32 1 0 1 0
33 1 0 0 0
34 1 1 0 0
35 0 0 0 1
36 2 1 0 0
37 0 0 0 0
38 1 1 0 1
39 0 0 2 1
40 0 1 0 0
41 2 0 1 0
42 0 0 1 0
43 2 0 1 3
44 0 0 0 0
45 0 0 1 1
46 0 1 0 1
47 0 0 0 1
48 0 1 0 1
49 2 0 0 1
50 1 0 1 1
51 0 0 0 0
52 0 1 0 1
53 1 0 0 1
54 1 1 1 1
55 1 0 0 0
56 0 0 0 1
57 0 0 0 0
58 3 1 0 1
59 0 0 2 0
60 1 0 0 0
61 0 0 0 1
62 1 0 0 0
63 1 1 0 1
64 1 1 0 0
65 2 0 0 1
66 3 0 0 1
67 0 2 0 0
68 1 1 0 0
69 3 1 1 0
70 1 0 0 1
71 1 1 1 2
72 0 0 0 1
73 1 0 0 1
74 1 1 3 1
75 1 1 1 0
76 0 0 0 1
77 2 1 0 0
78 0 1 1 4
79 2 2 0 0
80 3 0 1 1
81 2 0 0 3
82 1 0 1 1
83 0 0 0 1
84 3 0 2 0
85 1 0 0 2
86 3 1 2 1
87 0 0 0 1
88 5 1 0 0
89 5 2 3 1
90 2 1 0 2
91 3 1 3 2
92 2 0 0 0
93 0 1 2 3
94 2 0 1 1
95 3 1 1 4
96 1 1 0 3
97 2 3 1 0
98 4 3 1 2
99 4 0 0 2
100 4 2 1 4
101 2 1 0 2
102 3 2 0 2
103 6 2 4 0
104 4 2 3 4
105 0 0 2 2
106 3 2 0 1
107 4 0 0 7
108 2 3 1 5
109 1 2 3 1
110 5 0 0 0
111 3 6 0 2
112 8 6 1 4
113 2 0 2 5
114 4 0 0 0
115 4 1 0 7
116 3 1 0 6
117 3 5 3 2
118 4 2 1 0
119 2 2 4 4
120 3 3 1 1
121 2 1 1 3
122 2 0 1 2
123 1 2 1 4
124 2 0 4 5
125 2 3 1 3
126 5 2 1 3
127 2 1 4 4
128 2 0 2 1
129 3 2 0 3
130 6 0 1 4
131 7 1 2 8
132 5 0 1 3
133 1 1 1 3
134 5 2 0 1
135 4 4 2 1
136 6 4 1 1
137 7 2 1 2
138 2 1 2 4
139 4 3 3 2
140 5 3 2 3
141 5 4 2 3
142 2 2 1 7
143 3 3 1 4
144 3 2 2 6
145 4 2 4 2
146 2 5 2 4
147 3 1 0 3
148 7 4 1 7
149 5 2 0 4
150 6 3 0 5
151 7 2 1 1
152 10 1 0 7
153 4 4 0 5
154 6 2 4 3
155 6 3 2 4
156 4 4 5 1
157 8 3 5 5
158 15 2 3 3
159 9 2 2 1
160 8 3 1 7
161 9 5 3 8
162 4 4 2 6
163 4 11 3 5
164 11 2 6 7
165 8 3 1 6
166 11 3 3 6
167 6 5 4 9
168 6 3 4 9
169 13 5 4 3
170 5 6 5 10
171 9 6 1 8
172 4 1 3 6
173 10 7 3 9
174 10 10 6 10
175 10 4 3 7
176 12 7 0 5
177 12 5 0 9
178 12 4 3 11
179 8 4 1 6
180 15 5 4 10
181 12 3 7 9
182 8 7 2 8
183 17 7 8 7
184 10 4 6 6
185 14 8 4 7
186 13 6 5 9
187 15 4 3 10
188 12 6 6 12
189 14 6 6 12
190 15 10 6 19
191 15 7 7 7
192 20 13 5 12
193 13 7 3 10
194 19 9 2 14
195 11 12 2 9
196 17 4 10 15
197 14 9 4 13
198 12 8 6 14
199 13 12 7 16
200 10 12 2 11
201 10 11 8 10
202 17 9 8 15
203 13 6 4 21
204 15 8 6 11
205 11 8 8 16
206 13 4 7 11
207 9 11 3 19
208 8 6 3 11
209 6 9 2 20
210 10 5 10 10
211 9 5 7 15
212 13 7 5 13
213 9 8 5 11
214 5 2 2 12
215 11 5 6 13
216 11 6 2 9
217 6 5 4 16
218 8 7 4 9
219 7 4 6 15
220 6 8 2 6
221 3 8 5 5
222 4 5 0 12
223 4 2 3 10
224 3 8 5 10
225 4 4 4 9
226 4 3 3 9
227 5 6 1 4
228 2 6 3 13
229 1 2 0 7
230 5 1 0 5
231 6 1 2 12
232 2 0 0 11
233 5 2 1 4
234 4 0 3 3
235 6 1 3 3
236 3 6 2 2
237 3 5 0 3
238 6 2 3 2
239 7 3 4 2
240 6 3 3 4
241 3 1 1 4
242 2 0 2 5
243 0 3 3 8
244 6 1 4 6
245 0 3 1 3
246 2 2 1 7
247 3 2 0 4
248 6 4 0 3
249 4 6 1 2
250 1 1 0 8
251 0 2 1 3
252 0 0 2 3
253 0 6 1 3
254 1 2 0 1
255 0 0 0 4
256 1 1 0 4
257 4 1 0 7
258 2 2 0 3
259 0 1 1 2
260 3 0 0 2
261 1 1 0 2
262 0 1 0 1
263 0 1 0 0
264 1 0 0 0
265 1 1 1 2
266 2 2 2 3
267 2 0 1 1
268 0 0 0 0
269 1 1 0 2
270 2 0 0 2
271 1 1 0 1
272 3 0 1 0
273 0 1 0 3
274 0 1 0 0
275 1 1 1 1
276 2 1 1 1
277 1 1 1 1
278 0 0 1 1
279 0 0 1 1
280 3 0 0 0
281 0 1 0 1
282 1 0 0 2
283 1 0 0 2
284 1 1 0 1
285 1 1 1 0
286 0 2 0 1
287 0 0 1 0
288 0 1 0 1
289 1 1 2 2
290 2 0 0 1
291 0 0 0 1
292 1 0 0 1
293 1 0 0 2
294 0 2 0 1
295 0 0 0 1
296 1 0 0 1
297 0 0 1 0
298 0 0 0 1
299 0 1 1 0
300 0 0 0 0
301 0 1 0 1
302 1 1 0 0
303 0 0 0 0
304 0 0 0 1
305 0 0 0 0
306 0 0 0 2
307 1 0 0 0
308 1 0 0 1
309 0 0 1 1
310 0 0 0 0
311 0 0 0 0
312 0 1 0 0
313 0 0 1 1
314 0 0 0 0
315 0 0 0 0
316 0 0 0 0
317 0 0 0 1
318 0 0 0 0
319 0 0 0 1
320 0 0 0 0
321 0 0 0 0
322 0 0 0 0
323 0 0 0 0
324 1 0 0 0
325 0 0 0 0
326 2 0 0 0
327 0 0 0 0
328 1 0 0 0
329 0 0 0 0
330 1 0 0 0
331 0 0 1 0
332 0 0 0 0
333 0 0 1 0
334 0 0 0 0
335 0 0 2 1
336 0 0 0 0
337 0 1 0 1
338 0 0 0 0
339 0 0 0 0
340 1 0 0 0
341 0 0 0 0
342 0 0 0 2
343 0 0 0 0
344 0 0 0 1
345 0 0 0 0
346 2 0 0 0
347 0 0 0 0
348 0 0 0 0
349 0 1 0 0
350 1 0 0 0
351 0 0 1 0
352 0 0 0 0
353 1 0 0 0
354 0 0 0 0
355 1 0 2 1
356 0 0 0 1
357 0 0 0 0
358 0 0 1 0
359 0 0 0 2
360 0 1 0 0
361 0 0 0 0
362 0 0 0 0
363 0 0 0 0
364 0 0 0 1
365 0 0 0 1
366 0 0 0 0
367 0 0 0 0
368 1 0 0 0
369 0 0 0 0
370 0 0 0 0
371 0 0 0 0
372 1 0 0 0
373 0 0 0 0
374 0 0 0 0
375 0 0 0 0
376 0 0 0 0
377 0 1 0 0
378 0 0 0 0
379 0 0 0 0
380 0 0 0 0
381 0 1 0 1
382 0 0 0 0
383 0 0 0 0
384 0 0 0 0
385 0 0 0 0
386 0 0 0 0
387 0 0 0 0
388 0 0 0 1
389 0 0 0 0
390 0 0 0 0
391 0 0 0 0
392 0 0 0 0
393 0 0 0 0
394 0 0 0 0
395 0 0 0 0
396 0 0 0 0
397 0 0 0 0
398 0 0 0 0
399 0 0 0 0
400 0 0 0 0
401 0 0 0 0
402 0 0 0 0
403 0 0 0 0
404 0 0 0 0
405 0 0 0 0
406 0 0 0 0
407 0 0 0 0
408 1 0 0 0
409 0 0 0 0
410 0 0 0 0
411 0 0 0 0
412 0 0 0 0
413 0 0 1 0
414 0 0 0 0
415 0 0 0 0
416 0 0 0 0
417 0 0 0 0
418 0 0 0 0
419 0 0 0 0
420 0 0 0 1
421 0 0 0 0
422 0 0 0 0
423 0 0 0 0
424 0 0 0 0
425 1 0 0 0
426 1 0 0 0
427 1 0 0 0
428 1 0 0 0
429 0 0 0 0
430 0 0 0 0
431 1 0 0 0
432 1 0 1 0
433 1 0 0 0
434 1 1 0 0
435 0 1 0 0
436 0 0 0 0
437 0 2 0 0
438 0 1 0 0
439 0 0 1 2
440 0 0 1 0
441 0 0 0 2
442 0 0 0 1
443 0 0 0 1
444 0 0 0 1
445 0 0 0 0
446 0 0 0 0
447 0 0 0 1
448 0 0 0 0
449 0 0 0 0
450 0 0 0 0
451 1 0 0 0
452 0 0 0 0
453 0 0 0 0
454 1 0 0 0
455 1 0 0 0
456 1 0 1 0
457 0 0 0 0
458 1 0 0 0
459 0 0 0 0
460 0 0 0 1
461 0 0 1 0
462 0 0 0 0
463 0 1 1 0
464 0 0 1 0
465 0 0 0 1
466 0 0 0 0
467 0 0 0 2
468 0 0 0 1
469 0 0 0 0
470 0 0 0 0
471 0 0 0 0
472 1 0 0 0
473 1 0 0 0
474 1 0 0 0
475 0 0 0 0
476 0 0 0 0
477 0 0 0 0
478 0 0 1 0
479 1 0 0 0
480 0 0 0 0
481 0 1 0 0
482 0 0 0 0
483 0 0 1 0
484 0 0 0 0
485 0 0 0 1
486 0 0 0 0
487 1 0 0 1
488 1 0 1 1
489 1 0 0 0
490 0 0 0 0
491 0 0 0 0
492 0 1 0 1
493 0 1 0 0
494 1 0 1 0
495 0 0 0 0
496 0 0 0 0
497 1 0 0 1
498 0 0 0 1
499 1 1 0 1
500 0 0 0 0
501 2 0 0 0
502 0 0 1 0
503 2 0 0 1
504 0 0 1 0
505 0 0 0 0
506 0 1 0 0
507 0 0 0 0
508 0 1 0 1
509 0 0 0 1
510 0 1 0 0
511 0 0 0 0
512 0 0 1 0
513 0 0 0 1
514 0 0 0 0
515 0 0 0 1
516 1 0 0 0
517 0 0 0 1
518 0 0 0 0
519 1 0 0 1
520 1 0 0 0
521 0 1 0 0
522 0 0 0 0
523 0 0 0 0
524 1 0 0 0
525 0 0 0 1
526 1 0 0 0
527 1 0 0 0
528 0 1 0 0
529 1 1 1 0
530 1 0 0 0
531 1 1 0 0
532 0 0 1 1
533 0 0 0 2
534 0 0 0 0
535 1 1 0 1
536 0 1 0 0
537 0 0 0 0
538 0 1 0 0
539 0 0 0 1
540 0 1 0 0
541 0 0 0 0
542 1 0 0 1
543 0 0 0 1
544 0 0 0 0
545 0 0 0 1
546 0 0 0 0
547 0 0 0 1
548 0 0 0 0
549 0 0 0 0
550 3 0 0 0
551 0 1 0 0
552 0 0 0 0
553 2 0 0 0
554 1 0 0 0
555 0 1 0 1
556 2 0 0 0
557 0 0 0 0
558 2 0 1 0
559 1 1 1 0
560 3 0 0 0
561 2 2 0 0
562 1 1 0 1
563 1 1 2 0
564 0 0 1 0
565 1 2 0 2
566 0 1 0 2
567 0 0 0 2
568 0 0 1 2
569 2 0 1 2
570 1 0 1 1
571 0 0 1 0
572 1 0 0 2
573 0 0 0 1
574 1 2 0 0
575 0 1 0 1
576 2 0 0 1
577 1 1 0 1
578 1 0 1 0
579 0 0 1 0
580 0 0 0 0
581 0 1 0 3
582 0 0 0 1
583 0 0 0 1
584 0 0 0 0
585 1 1 0 2
586 0 0 1 0
587 0 1 0 0
588 0 0 0 0
589 0 0 0 0
590 0 0 0 0
591 0 0 0 1
592 0 0 0 1
593 0 0 0 1
594 0 1 0 0
595 0 0 0 0
596 0 0 0 0
597 0 0 0 0
598 0 0 0 0
599 0 0 0 0
600 0 0 0 1
601 1 0 0 0
602 0 0 0 0
603 0 0 0 0
604 0 0 0 0
605 1 0 0 0
606 0 0 1 0
607 0 0 0 0
608 0 0 0 0
609 0 0 0 0
610 0 1 0 0
611 0 0 0 0
612 0 0 0 0
613 0 0 0 1
614 0 0 0 0
615 0 0 0 0
616 0 0 0 0
617 0 0 0 1
618 0 0 0 0
619 0 0 0 0
620 0 0 0 0
621 1 0 0 0
622 0 0 0 0
623 0 0 0 0
624 0 0 0 0
625 1 0 0 0
626 0 0 0 0
627 0 0 0 0
628 0 0 0 0
629 0 0 0 0
630 0 2 0 0
631 0 0 0 0
632 0 0 0 0
633 0 0 0 0
634 0 0 0 2
635 0 0 0 0
636 1 0 0 0
637 0 0 0 0
638 0 0 0 0
639 0 0 0 0
640 0 0 0 0
641 0 1 0 0
642 1 0 0 0
643 1 0 0 0
644 0 0 0 0
645 0 0 0 1
646 1 0 0 0
647 1 0 0 0
648 0 0 1 0
649 0 0 0 0
650 0 0 0 0
651 1 2 0 0
652 0 1 0 1
653 0 0 0 0
654 1 0 0 0
655 0 0 0 0
656 0 0 0 1
657 0 0 0 0
658 0 1 0 2
659 0 1 0 0
660 0 0 0 0
661 1 0 0 0
662 0 0 0 1
663 0 0 0 1
664 0 0 0 0
665 0 0 0 0
666 0 1 0 0
667 0 0 0 0
668 0 0 0 0
669 0 0 0 0
670 0 0 0 0
671 0 0 0 0
672 0 0 0 0
673 0 0 0 1
674 0 0 0 0
675 0 0 0 0
676 0 0 0 0
677 0 0 0 0
678 0 0 0 0
679 0 0 0 0
680 0 0 0 0
681 0 0 0 0
682 0 0 0 0
683 0 0 0 0
684 0 0 0 0
685 0 0 0 0
686 0 0 0 0
687 0 0 0 0
688 0 0 0 0
689 0 0 0 0
690 0 0 0 0
691 0 0 0 0
692 0 0 0 0
693 0 0 0 0
694 0 0 0 0
695 0 0 0 0
696 0 0 0 0
697 0 0 0 0
698 0 0 0 0
699 0 0 0 0
700 0 0 0 0
701 0 0 0 0
702 0 0 0 0
703 0 0 0 0
704 0 0 0 0
705 0 0 0 0
706 0 0 0 0
707 0 0 0 0
708 0 0 0 0
709 0 0 0 0
710 0 0 0 0
711 0 0 0 0
712 0 0 0 0
713 0 0 0 0
714 0 0 0 0
715 0 0 0 0
716 0 0 0 0
717 0 0 0 0
718 0 0 0 0
719 0 0 0 0
720 0 0 0 0
721 0 0 0 0
722 0 0 0 0
723 0 0 0 0
724 0 0 0 0
725 0 0 0 0
726 0 0 0 0
727 0 0 0 0
