0 0 0 0 0
1 0 0 0 0
2 0 0 0 0
3 0 0 0 0
4 0 0 0 0
5 0 1 1 0
6 0 0 0 0
7 0 0 0 0
8 0 0 0 0
9 0 0 3 2
10 0 0 0 0
11 0 0 0 0
12 0 0 0 0
13 1 0 0 2
14 0 0 0 0
15 0 0 0 0
16 0 0 0 1
17 0 0 0 0
18 0 0 0 0
19 0 0 0 0
20 0 0 0 0
21 2 0 0 0
22 1 0 1 0
23 1 0 0 0
24 1 0 0 0
25 1 0 0 0
26 1 0 1 0
27 1 1 0 0
28 1 0 0 0
29 1 1 0 1
30 1 1 1 0
31 0 1 0 0
32 0 2 0 0
33 1 0 1 1
34 0 1 0 3
35 0 1 0 0
36 0 0 0 3
37 0 0 0 0
38 0 0 1 2
39 0 0 0 0
40 2 0 0 1
41 1 0 0 0
42 1 0 0 1
43 1 0 0 0
44 1 0 0 0
45 2 0 2 1
46 0 1 0 0
47 2 0 0 0
48 0 1 0 0
49 1 1 0 1
50 1 0 1 1
51 4 1 0 0
52 2 0 0 1
53 3 0 0 1
54 1 2 0 0
55 4 0 0 2
56 1 2 2 0
57 1 1 0 1
58 0 1 0 2
59 2 1 1 0
60 1 4 2 2
61 3 1 0 0
62 2 2 1 1
63 3 0 0 3
64 1 1 1 4
65 0 1 0 1
66 1 1 1 2
67 2 0 0 4
68 2 2 0 1
69 3 2 1 2
70 6 1 1 1
71 4 0 1 1
72 3 2 1 0
73 6 1 0 2
74 2 1 0 1
75 1 2 1 2
76 5 2 1 4
77 1 1 2 2
78 3 4 3 1
79 1 4 1 2
80 4 1 0 2
81 2 1 0 4
82 2 0 1 5
83 2 1 0 3
84 2 0 0 0
85 6 2 4 5
86 5 0 2 4
87 2 4 1 1
88 3 0 3 0
89 5 2 3 6
90 2 1 1 1
91 2 1 1 1
92 4 1 2 3
93 3 2 2 3
94 2 3 1 5
95 3 2 3 2
96 2 0 2 3
97 3 1 0 5
98 5 1 2 2
99 1 1 1 7
100 3 1 4 2
101 3 1 3 3
102 6 1 0 2
103 8 4 0 2
104 7 0 1 3
105 5 2 0 4
106 5 4 1 1
107 5 2 3 6
108 7 1 2 1
109 10 6 3 2
110 6 4 0 4
111 5 2 4 5
112 3 2 4 3
113 8 1 2 6
114 6 7 3 4
115 3 3 4 6
116 3 5 0 6
117 7 4 1 3
118 5 5 2 5
119 6 5 3 9
120 7 5 0 5
121 3 3 1 12
122 8 6 2 4
123 4 3 1 6
124 10 1 1 2
125 11 4 0 6
126 10 4 0 8
127 10 2 7 6
128 8 3 5 3
129 13 7 4 8
130 12 4 0 5
131 10 4 1 4
132 16 3 3 4
133 12 2 3 6
134 8 12 5 8
135 6 11 2 6
136 12 3 8 10
137 12 7 7 5
138 11 7 5 8
139 11 8 2 9
140 10 3 4 7
141 8 9 4 18
142 8 5 4 13
143 9 5 6 15
144 9 7 3 7
145 13 7 2 8
146 9 7 3 7
147 14 4 4 14
148 11 3 4 14
149 7 9 5 11
150 12 7 6 10
151 16 4 3 8
152 12 6 5 5
153 13 5 2 10
154 20 6 3 10
155 16 4 9 8
156 19 12 2 13
157 16 10 4 11
158 16 9 5 11
159 15 10 4 11
160 22 10 6 9
161 9 7 6 11
162 19 10 4 18
163 19 21 1 13
164 20 6 7 14
165 10 14 8 13
166 23 6 5 15
167 23 7 3 19
168 20 11 10 15
169 13 10 12 15
170 20 6 4 19
171 21 18 11 7
172 13 9 11 22
173 25 11 10 12
174 18 8 7 15
175 27 12 3 29
176 26 7 13 26
177 21 6 7 13
178 23 9 9 17
179 20 10 10 17
180 24 18 8 23
181 30 14 11 14
182 21 19 5 15
183 33 12 14 22
184 31 15 8 18
185 30 12 7 23
186 30 16 11 20
187 22 11 5 27
188 20 10 18 21
189 31 16 14 21
190 24 18 17 33
191 17 20 7 19
192 29 14 11 23
193 27 18 8 21
194 32 18 10 26
195 32 14 17 24
196 28 13 6 33
197 24 13 8 32
198 25 20 6 25
199 28 13 9 28
200 33 13 11 17
201 30 22 14 28
202 22 13 10 31
203 35 23 7 22
204 33 20 8 24
205 31 17 11 25
206 25 18 14 22
207 28 13 10 27
208 18 16 13 40
209 25 18 16 29
210 12 16 18 27
211 16 12 8 28
212 11 19 14 25
213 20 11 10 37
214 10 13 9 23
215 20 14 11 27
216 16 11 9 31
217 15 13 6 31
218 18 18 10 20
219 15 6 3 32
220 15 9 5 22
221 14 9 4 18
222 12 9 5 23
223 10 7 8 10
224 17 12 7 18
225 16 11 5 22
226 17 13 3 14
227 8 9 6 10
228 14 10 3 20
229 10 10 4 13
230 8 9 4 18
231 11 14 7 16
232 12 3 5 16
233 8 8 2 19
234 7 9 9 14
235 10 2 2 15
236 6 4 3 11
237 10 12 7 8
238 11 5 2 20
239 8 3 7 9
240 10 2 7 7
241 6 5 1 17
242 4 9 4 4
243 5 4 4 9
244 7 8 2 15
245 5 4 5 3
246 4 5 5 12
247 4 3 5 5
248 1 3 4 10
249 5 3 4 12
250 3 2 2 8
251 5 3 1 11
252 3 2 1 10
253 2 4 1 8
254 6 3 2 4
255 2 2 0 4
256 2 3 1 6
257 5 0 1 4
258 3 3 1 4
259 1 1 4 2
260 5 2 3 6
261 5 3 1 3
262 4 1 2 4
263 4 3 2 2
264 4 0 0 2
265 1 0 0 4
266 0 3 2 6
267 2 1 2 8
268 3 2 3 3
269 1 7 1 1
270 0 3 1 3
271 1 0 2 1
272 0 2 0 2
273 0 2 0 8
274 0 0 1 4
275 2 0 0 5
276 0 0 0 4
277 1 2 0 2
278 0 0 0 0
279 1 0 0 0
280 0 1 0 2
281 0 0 0 3
282 2 0 0 0
283 0 0 0 0
284 1 1 1 0
285 2 0 0 0
286 1 0 1 0
287 1 0 0 1
288 0 0 1 0
289 0 0 0 0
290 1 0 1 2
291 2 2 1 1
292 1 0 1 1
293 1 0 1 0
294 0 1 0 0
295 0 0 0 2
296 2 1 0 0
297 1 1 0 2
298 1 0 0 2
299 0 0 1 1
300 1 1 0 1
301 1 0 1 1
302 0 1 0 0
303 0 0 1 0
304 1 1 0 0
305 2 1 1 1
306 0 0 0 2
307 1 0 0 1
308 0 0 0 1
309 0 0 0 1
310 0 0 1 1
311 0 0 0 0
312 1 0 0 1
313 0 1 0 0
314 0 2 0 0
315 1 0 0 0
316 0 1 0 0
317 0 0 0 2
318 0 0 0 2
319 0 0 0 0
320 0 1 0 1
321 0 0 1 0
322 0 0 0 0
323 0 0 0 0
324 0 0 0 0
325 0 0 0 1
326 0 0 0 0
327 0 0 0 1
328 0 0 0 0
329 0 0 0 0
330 0 0 0 0
331 0 0 0 0
332 0 0 0 0
333 0 0 0 0
334 0 0 0 0
335 0 0 0 0
336 0 0 0 0
337 0 0 0 0
338 0 0 0 0
339 0 0 0 0
340 0 0 0 0
341 0 0 0 0
342 0 0 0 0
343 0 0 0 0
344 0 0 0 0
345 0 0 0 0
346 0 0 0 0
347 0 0 0 0
348 0 0 0 0
349 0 0 0 0
350 0 0 0 0
351 0 0 0 0
352 0 0 0 0
353 0 0 0 0
354 0 0 0 0
355 0 0 0 0
356 0 0 0 0
357 0 0 0 0
358 0 0 0 0
359 0 0 0 0
360 0 0 0 0
361 0 0 0 0
362 0 0 0 0
363 0 0 0 0
364 0 0 0 0
365 0 0 0 0
366 0 0 0 0
367 0 0 0 0
368 0 0 0 0
369 0 0 0 0
370 0 0 0 0
371 0 0 0 0
372 0 0 0 0
373 0 0 0 0
374 0 0 0 0
375 0 0 0 0
376 0 0 0 0
377 0 0 0 0
378 0 0 0 0
379 0 0 0 0
380 0 0 0 0
381 0 0 0 0
382 0 0 0 0
383 0 0 0 0
384 0 0 0 0
385 0 0 0 0
386 0 0 0 0
387 0 0 0 0
388 0 0 0 0
389 0 0 0 0
390 0 0 0 0
391 0 0 0 0
392 0 0 0 0
393 0 0 0 0
394 0 0 0 0
395 0 0 0 0
396 0 0 0 0
397 0 0 0 0
398 0 0 0 0
399 0 0 0 0
400 0 0 0 0
401 0 0 0 0
402 0 0 0 0
403 0 0 0 0
404 0 0 0 0
405 0 0 0 0
406 0 0 0 0
407 0 0 0 0
408 0 0 0 0
409 0 0 0 0
410 0 0 0 0
411 0 0 0 0
412 0 0 0 0
413 0 0 0 0
414 0 0 0 0
415 0 0 0 0
416 0 0 0 0
417 0 0 0 0
418 0 0 0 0
419 0 0 0 0
420 0 0 0 0
421 0 0 0 0
422 0 0 0 0
423 0 0 0 0
424 0 0 0 0
425 0 0 0 0
426 0 0 0 0
427 0 0 0 0
428 0 0 0 0
429 0 0 0 0
430 0 0 0 0
431 0 0 0 0
432 0 0 0 0
433 0 0 0 0
434 0 0 0 0
435 0 0 0 0
436 0 0 0 0
437 0 0 0 0
438 0 0 0 0
439 0 0 0 0
440 0 0 0 0
441 0 0 0 0
442 0 0 0 0
443 0 0 0 0
444 0 0 0 0
445 0 0 0 0
446 0 0 0 0
447 0 0 0 0
448 0 0 0 0
449 0 0 0 0
450 0 0 0 0
451 0 0 0 0
452 0 0 0 0
453 0 0 0 0
454 0 0 0 0
455 0 0 0 0
456 0 0 0 0
457 0 0 0 0
458 0 0 0 0
459 0 0 0 0
460 0 0 0 0
461 0 0 0 0
462 0 0 0 0
463 0 0 0 0
464 0 0 0 0
465 0 0 0 0
466 0 0 0 0
467 0 0 0 0
468 0 0 0 0
469 0 0 0 0
470 0 0 0 0
471 0 0 0 0
472 0 0 0 0
473 0 0 0 0
474 0 0 0 0
475 0 0 0 0
476 0 0 0 0
477 0 0 0 0
478 0 0 0 0
479 0 0 0 0
480 0 0 0 0
481 0 0 0 0
482 0 0 0 0
483 0 0 0 0
484 0 0 0 0
485 0 0 0 0
486 0 0 0 0
487 0 0 0 0
488 0 0 0 0
489 0 0 0 0
490 0 0 0 0
491 0 0 0 0
492 0 0 0 0
493 0 0 0 0
494 0 0 0 0
495 0 0 0 0
496 0 0 0 0
497 0 0 0 0
498 0 0 0 0
499 0 0 0 0
500 0 0 0 0
501 0 0 0 0
502 0 0 0 0
503 0 0 0 0
504 0 0 0 0
505 0 0 0 0
506 0 0 0 0
507 0 0 0 0
508 0 0 0 0
509 0 0 0 0
510 0 0 0 0
511 0 0 0 0
512 0 0 0 0
513 0 0 0 0
514 0 0 0 0
515 0 0 0 0
516 0 0 0 0
517 0 0 0 0
518 0 0 0 0
519 0 0 0 0
520 0 0 0 0
521 0 0 0 0
522 0 0 0 0
523 0 0 0 0
524 0 0 0 0
525 0 0 0 0
526 0 0 0 0
527 0 0 0 0
528 0 0 0 0
529 0 0 0 0
530 0 0 0 0
531 0 0 0 0
532 0 0 0 0
533 0 0 0 0
534 0 0 0 0
535 0 0 0 0
536 0 0 0 0
537 0 0 0 0
538 0 0 0 0
539 0 0 0 0
540 0 0 0 0
541 0 0 0 0
542 0 0 0 0
543 0 0 0 0
544 0 0 0 0
545 0 0 0 0
546 0 0 0 0
547 0 0 0 0
548 0 0 0 0
549 0 0 0 0
550 0 0 0 0
551 0 0 0 0
552 0 0 0 0
553 0 0 0 0
554 0 0 0 0
555 0 0 0 0
556 0 0 0 0
557 0 0 0 0
558 0 0 0 0
559 0 0 0 0
560 0 0 0 0
561 0 0 0 0
562 0 0 0 0
563 0 0 0 0
564 0 0 0 0
565 0 0 0 0
566 0 0 0 0
567 0 0 0 0
568 0 0 0 0
569 0 0 0 0
570 0 0 0 0
571 0 0 0 0
572 0 0 0 0
573 0 0 0 0
574 0 0 0 0
575 0 0 0 0
576 0 0 0 0
577 0 0 0 0
578 0 0 0 0
579 0 0 0 0
580 0 0 0 0
581 0 0 0 0
582 0 0 0 0
583 0 0 0 0
584 0 0 0 0
585 0 0 0 0
586 0 0 0 0
587 0 0 0 0
588 0 0 0 0
589 0 0 0 0
590 0 0 0 0
591 0 0 0 0
592 0 0 0 0
593 0 0 0 0
594 0 0 0 0
595 0 0 0 0
596 0 0 0 0
597 0 0 0 0
598 0 0 0 0
599 0 0 0 0
600 0 0 0 0
601 0 0 0 0
602 0 0 0 0
603 0 0 0 0
604 0 0 0 0
605 0 0 0 0
606 0 0 0 0
607 0 0 0 0
608 0 0 0 0
609 0 0 0 0
610 0 0 0 0
611 0 0 0 0
612 0 0 0 0
613 0 0 0 0
614 0 0 0 0
615 0 0 0 0
616 0 0 0 0
617 0 0 0 0
618 0 0 0 0
619 0 0 0 0
620 0 0 0 0
621 0 0 0 0
622 0 0 0 0
623 0 0 0 0
624 0 0 0 0
625 0 0 0 0
626 0 0 0 0
627 0 0 0 0
628 0 0 0 0
629 0 0 0 0
630 0 0 0 0
631 0 0 0 0
632 0 0 0 0
633 0 0 0 0
634 0 0 0 0
635 0 0 0 0
636 0 0 0 0
637 0 0 0 0
638 0 0 0 0
639 0 0 0 0
640 0 0 0 0
641 0 0 0 0
642 0 0 0 0
643 0 0 0 0
644 0 0 0 0
645 0 0 0 0
646 0 0 0 0
647 0 0 0 0
648 0 0 0 0
649 0 0 0 0
650 0 0 0 0
651 0 0 0 0
652 0 0 0 0
653 0 0 0 0
654 0 0 0 0
655 0 0 0 0
656 0 0 0 0
657 0 0 0 0
658 0 0 0 0
659 0 0 0 0
660 0 0 0 0
661 0 0 0 0
662 0 0 0 0
663 0 0 0 0
664 0 0 0 0
665 0 0 0 0
666 0 0 0 0
667 0 0 0 0
668 0 0 0 0
669 0 0 0 0
670 0 0 0 0
671 0 0 0 0
672 0 0 0 0
673 0 0 0 0
674 0 0 0 0
675 0 0 0 0
676 0 0 0 0
677 0 0 0 0
678 0 0 0 0
679 0 0 0 0
680 0 0 0 0
681 0 0 0 0
682 0 0 0 0
683 0 0 0 0
684 0 0 0 0
685 0 0 0 0
686 0 0 0 0
687 0 0 0 0
688 0 0 0 0
689 0 0 0 0
690 0 0 0 0
691 0 0 0 0
692 0 0 0 0
693 0 0 0 0
694 0 0 0 0
695 0 0 0 0
696 0 0 0 0
697 0 0 0 0
698 0 0 0 0
699 0 0 0 0
700 0 0 0 0
701 0 0 0 0
702 0 0 0 0
703 0 0 0 0
704 0 0 0 0
705 0 0 0 0
706 0 0 0 0
707 0 0 0 0
708 0 0 0 0
709 0 0 0 0
710 0 0 0 0
711 0 0 0 0
712 0 0 0 0
713 0 0 0 0
714 0 0 0 0
715 0 0 0 0
716 0 0 0 0
717 0 0 0 0
718 0 0 0 0
719 0 0 0 0
720 0 0 0 0
721 0 0 0 0
722 0 0 0 0
723 0 0 0 0
724 0 0 0 0
725 0 0 0 0
726 0 0 0 0
727 0 0 0 0
