0 0 0 0 0
1 0 0 0 0
2 0 0 0 0
3 0 0 0 0
4 0 0 0 0
5 0 4 0 0
6 0 0 0 0
7 0 0 0 0
8 0 0 0 0
9 0 1 0 2
10 0 0 0 0
11 0 0 0 0
12 0 0 0 2
13 0 0 0 1
14 0 0 0 0
15 1 0 0 0
16 0 0 0 0
17 1 0 0 0
18 1 0 0 0
19 0 0 0 0
20 1 0 1 0
21 2 0 0 0
22 0 1 0 0
23 2 0 0 0
24 1 0 0 0
25 1 0 0 1
26 0 1 0 0
27 1 0 1 0
28 0 0 0 0
29 0 0 1 1
30 0 0 1 1
31 0 0 0 0
32 1 2 1 0
33 1 1 0 1
34 1 1 0 2
35 0 0 0 0
36 0 0 0 2
37 0 1 0 0
38 0 1 0 1
39 3 0 0 1
40 1 0 1 1
41 1 0 0 0
42 0 0 0 1
43 2 0 0 0
44 1 0 0 1
45 2 0 1 0
46 3 1 0 0
47 1 0 0 1
48 4 4 1 0
49 1 0 0 0
50 2 1 1 1
51 1 0 1 0
52 4 0 0 4
53 1 0 3 0
54 2 0 0 2
55 1 3 0 2
56 0 1 0 0
57 1 0 2 2
58 1 1 0 1
59 1 2 0 2
60 0 1 0 1
61 3 3 1 2
62 1 2 0 1
63 1 2 0 3
64 1 1 0 1
65 0 0 0 2
66 0 2 0 0
67 3 1 0 1
68 1 2 0 2
69 3 1 0 2
70 3 1 0 2
71 2 0 0 1
72 1 1 2 2
73 1 0 1 2
74 4 1 0 1
75 2 2 0 2
76 1 1 0 2
77 3 0 0 0
78 3 1 1 0
79 2 3 1 2
80 5 2 1 2
81 2 0 1 1
82 3 0 3 3
83 2 2 0 1
84 2 1 0 0
85 5 3 1 1
86 5 2 0 6
87 3 2 1 2
88 4 2 1 2
89 4 3 0 3
90 3 1 0 3
91 2 4 1 1
92 4 2 1 2
93 5 2 1 4
94 4 4 3 3
95 3 1 2 4
96 2 1 1 2
97 6 2 3 2
98 6 0 2 5
99 4 6 0 3
100 3 2 1 2
101 6 0 1 8
102 3 6 2 1
103 6 1 1 3
104 4 2 0 4
105 6 1 1 3
106 4 4 1 9
107 5 3 4 1
108 8 4 2 1
109 8 1 3 5
110 6 3 2 6
111 5 3 1 7
112 8 3 1 6
113 5 3 4 2
114 10 5 1 3
115 5 3 4 4
116 4 4 2 5
117 11 4 2 7
118 7 7 2 3
119 6 2 4 6
120 7 5 2 6
121 9 1 4 4
122 8 4 3 10
123 6 7 5 7
124 8 2 2 7
125 6 5 3 8
126 7 5 2 6
127 8 4 3 12
128 13 7 2 2
129 13 3 1 6
130 7 9 0 7
131 6 2 3 6
132 9 3 4 8
133 11 6 5 11
134 10 6 4 8
135 8 2 6 7
136 17 3 2 6
137 12 7 7 7
138 11 6 3 5
139 9 5 5 8
140 6 3 5 10
141 6 3 7 12
142 8 5 4 6
143 7 11 6 7
144 9 5 2 14
145 9 10 3 9
146 15 10 3 12
147 5 3 3 11
148 9 6 3 4
149 12 2 3 8
150 11 5 3 17
151 17 7 5 9
152 14 2 1 12
153 10 4 5 9
154 10 9 4 6
155 20 7 7 12
156 18 8 3 3
157 19 4 8 13
158 18 6 3 12
159 13 5 4 8
160 13 13 8 7
161 21 11 3 11
162 21 7 7 19
163 14 8 8 7
164 22 9 7 18
165 17 14 4 11
166 25 13 7 12
167 22 11 8 16
168 17 6 8 12
169 24 12 4 18
170 17 8 11 18
171 13 13 9 19
172 17 14 7 18
173 25 9 9 17
174 18 12 10 14
175 15 13 10 20
176 16 10 4 23
177 24 13 7 19
178 14 15 10 21
179 26 12 9 16
180 23 6 9 16
181 22 6 5 19
182 26 15 6 26
183 27 7 6 16
184 24 13 6 16
185 20 15 5 16
186 26 15 11 25
187 27 10 7 17
188 26 13 10 17
189 26 19 9 22
190 30 7 10 19
191 22 15 10 15
192 26 18 12 20
193 25 12 16 29
194 34 17 9 22
195 33 14 14 26
196 27 10 9 28
197 36 10 10 20
198 20 20 10 26
199 18 25 10 32
200 25 17 8 22
201 26 16 13 21
202 23 19 12 33
203 18 16 11 20
204 24 20 8 20
205 22 18 10 24
206 19 16 11 39
207 21 12 6 29
208 23 11 12 31
209 22 11 11 31
210 15 21 5 26
211 14 11 12 23
212 14 8 9 28
213 16 17 14 20
214 10 11 10 23
215 15 12 6 20
216 15 7 8 19
217 14 12 7 30
218 19 8 10 25
219 9 7 4 17
220 16 13 2 19
221 8 8 1 23
222 5 10 7 21
223 9 12 4 15
224 11 6 6 15
225 8 16 5 10
226 7 4 6 9
227 7 4 2 18
228 14 6 4 5
229 7 6 5 21
230 10 3 5 10
231 6 7 2 15
232 10 6 2 13
233 5 9 5 14
234 6 4 3 8
235 6 6 1 14
236 7 3 1 6
237 3 10 3 10
238 8 3 5 8
239 8 4 2 8
240 6 8 0 9
241 1 4 1 8
242 7 2 1 8
243 4 4 3 4
244 3 4 2 12
245 5 3 6 5
246 5 1 2 5
247 4 3 3 6
248 3 4 3 6
249 1 0 2 8
250 3 3 1 4
251 2 7 2 7
252 1 1 3 8
253 5 3 0 2
254 2 0 1 3
255 0 4 0 9
256 3 1 1 3
257 6 2 2 5
258 3 5 0 3
259 1 2 1 4
260 0 0 1 3
261 4 0 1 5
262 4 2 3 6
263 1 1 0 1
264 6 2 0 0
265 1 1 2 1
266 2 0 1 5
267 2 2 2 1
268 2 0 0 2
269 4 2 0 5
270 2 2 1 2
271 3 2 1 2
272 0 2 1 0
273 2 4 1 1
274 0 1 1 5
275 1 1 0 1
276 1 1 1 3
277 2 0 1 3
278 0 3 1 4
279 1 0 1 2
280 0 1 1 3
281 1 1 0 3
282 0 2 0 4
283 1 0 0 1
284 0 1 0 1
285 0 0 0 1
286 0 2 0 1
287 0 0 0 1
288 1 1 0 1
289 2 0 0 1
290 1 0 0 1
291 2 0 0 0
292 2 1 0 1
293 0 1 0 1
294 1 0 1 0
295 4 0 2 0
296 0 1 0 0
297 0 1 1 1
298 1 0 0 0
299 0 0 0 1
300 0 1 1 0
301 0 0 0 2
302 0 0 0 2
303 0 1 1 1
304 0 2 1 1
305 0 0 0 0
306 0 0 0 0
307 1 0 0 4
308 1 0 0 3
309 1 0 0 0
310 0 0 0 0
311 1 0 0 0
312 1 0 1 0
313 1 0 0 0
314 1 0 1 0
315 1 0 0 0
316 1 0 0 1
317 1 0 2 0
318 0 0 0 0
319 0 0 0 0
320 0 1 1 0
321 0 0 0 1
322 0 1 1 0
323 0 1 0 0
324 1 0 0 3
325 0 0 1 0
326 1 0 0 1
327 0 0 0 2
328 1 0 0 0
329 1 0 1 1
330 0 0 0 0
331 0 0 0 0
332 0 0 0 1
333 0 0 0 1
334 0 1 0 0
335 0 1 0 0
336 1 0 0 0
337 0 1 0 0
338 0 0 0 0
339 0 0 0 1
340 0 0 0 0
341 0 0 0 2
342 0 0 0 0
343 0 0 0 0
344 0 0 0 0
345 0 1 0 0
346 0 0 0 0
347 0 0 0 0
348 0 0 0 0
349 0 0 0 0
350 0 0 0 1
351 0 0 0 0
352 0 0 0 0
353 0 0 0 0
354 0 0 0 0
355 0 0 0 0
356 0 0 0 0
357 0 0 0 0
358 0 0 0 0
359 0 0 0 0
360 0 0 0 0
361 0 0 0 0
362 0 0 0 0
363 0 0 0 0
364 0 0 0 0
365 0 0 0 0
366 0 0 0 0
367 0 0 0 0
368 0 0 0 0
369 0 0 0 0
370 0 0 0 0
371 0 0 0 0
372 0 0 0 0
373 0 0 0 0
374 0 0 0 0
375 0 0 0 0
376 0 0 0 0
377 0 0 0 0
378 0 0 0 0
379 0 0 0 0
380 0 0 0 0
381 0 0 0 0
382 0 0 0 0
383 0 0 0 0
384 0 0 0 0
385 0 0 0 0
386 0 0 0 0
387 0 0 0 0
388 0 0 0 0
389 0 0 0 0
390 0 0 0 0
391 0 0 0 0
392 0 0 0 0
393 0 0 0 0
394 0 0 0 0
395 0 0 0 0
396 0 0 0 0
397 0 0 0 0
398 0 0 0 0
399 0 0 0 0
400 0 0 0 0
401 0 0 0 0
402 0 0 0 0
403 0 0 0 0
404 0 0 0 0
405 0 0 0 0
406 0 0 0 0
407 0 0 0 0
408 0 0 0 0
409 0 0 0 0
410 0 0 0 0
411 0 0 0 0
412 0 0 0 0
413 0 0 0 0
414 0 0 0 0
415 0 0 0 0
416 0 0 0 0
417 0 0 0 0
418 0 0 0 0
419 0 0 0 0
420 0 0 0 0
421 0 0 0 0
422 0 0 0 0
423 0 0 0 0
424 0 0 0 0
425 0 0 0 0
426 0 0 0 0
427 0 0 0 0
428 0 0 0 0
429 0 0 0 0
430 0 0 0 0
431 0 0 0 0
432 0 0 0 0
433 0 0 0 0
434 0 0 0 0
435 0 0 0 0
436 0 0 0 0
437 0 0 0 0
438 0 0 0 0
439 0 0 0 0
440 0 0 0 0
441 0 0 0 0
442 0 0 0 0
443 0 0 0 0
444 0 0 0 0
445 0 0 0 0
446 0 0 0 0
447 0 0 0 0
448 0 0 0 0
449 0 0 0 0
450 0 0 0 0
451 0 0 0 0
452 0 0 0 0
453 0 0 0 0
454 0 0 0 0
455 0 0 0 0
456 0 0 0 0
457 0 0 0 0
458 0 0 0 0
459 0 0 0 0
460 0 0 0 0
461 0 0 0 0
462 0 0 0 0
463 0 0 0 0
464 0 0 0 0
465 0 0 0 0
466 0 0 0 0
467 0 0 0 0
468 0 0 0 0
469 0 0 0 0
470 0 0 0 0
471 0 0 0 0
472 0 0 0 0
473 0 0 0 0
474 0 0 0 0
475 0 0 0 0
476 0 0 0 0
477 0 0 0 0
478 0 0 0 0
479 0 0 0 0
480 0 0 0 0
481 0 0 0 0
482 0 0 0 0
483 0 0 0 0
484 0 0 0 0
485 0 0 0 0
486 0 0 0 0
487 0 0 0 0
488 0 0 0 0
489 0 0 0 0
490 0 0 0 0
491 0 0 0 0
492 0 0 0 0
493 0 0 0 0
494 0 0 0 0
495 0 0 0 0
496 0 0 0 0
497 0 0 0 0
498 0 0 0 0
499 0 0 0 0
500 0 0 0 0
501 0 0 0 0
502 0 0 0 0
503 0 0 0 0
504 0 0 0 0
505 0 0 0 0
506 0 0 0 0
507 0 0 0 0
508 0 0 0 0
509 0 0 0 0
510 0 0 0 0
511 0 0 0 0
512 0 0 0 0
513 0 0 0 0
514 0 0 0 0
515 0 0 0 0
516 0 0 0 0
517 0 0 0 0
518 0 0 0 0
519 0 0 0 0
520 0 0 0 0
521 0 0 0 0
522 0 0 0 0
523 0 0 0 0
524 0 0 0 0
525 0 0 0 0
526 0 0 0 0
527 0 0 0 0
528 0 0 0 0
529 0 0 0 0
530 0 0 0 0
531 0 0 0 0
532 0 0 0 0
533 0 0 0 0
534 0 0 0 0
535 0 0 0 0
536 0 0 0 0
537 0 0 0 0
538 0 0 0 0
539 0 0 0 0
540 0 0 0 0
541 0 0 0 0
542 0 0 0 0
543 0 0 0 0
544 0 0 0 0
545 0 0 0 0
546 0 0 0 0
547 0 0 0 0
548 0 0 0 0
549 0 0 0 0
550 0 0 0 0
551 0 0 0 0
552 0 0 0 0
553 0 0 0 0
554 0 0 0 0
555 0 0 0 0
556 0 0 0 0
557 0 0 0 0
558 0 0 0 0
559 0 0 0 0
560 0 0 0 0
561 0 0 0 0
562 0 0 0 0
563 0 0 0 0
564 0 0 0 0
565 0 0 0 0
566 0 0 0 0
567 0 0 0 0
568 0 0 0 0
569 0 0 0 0
570 0 0 0 0
571 0 0 0 0
572 0 0 0 0
573 0 0 0 0
574 0 0 0 0
575 0 0 0 0
576 0 0 0 0
577 0 0 0 0
578 0 0 0 0
579 0 0 0 0
580 0 0 0 0
581 0 0 0 0
582 0 0 0 0
583 0 0 0 0
584 0 0 0 0
585 0 0 0 0
586 0 0 0 0
587 0 0 0 0
588 0 0 0 0
589 0 0 0 0
590 0 0 0 0
591 0 0 0 0
592 0 0 0 0
593 0 0 0 0
594 0 0 0 0
595 0 0 0 0
596 0 0 0 0
597 0 0 0 0
598 0 0 0 0
599 0 0 0 0
600 0 0 0 0
601 0 0 0 0
602 0 0 0 0
603 0 0 0 0
604 0 0 0 0
605 0 0 0 0
606 0 0 0 0
607 0 0 0 0
608 0 0 0 0
609 0 0 0 0
610 0 0 0 0
611 0 0 0 0
612 0 0 0 0
613 0 0 0 0
614 0 0 0 0
615 0 0 0 0
616 0 0 0 0
617 0 0 0 0
618 0 0 0 0
619 0 0 0 0
620 0 0 0 0
621 0 0 0 0
622 0 0 0 0
623 0 0 0 0
624 0 0 0 0
625 0 0 0 0
626 0 0 0 0
627 0 0 0 0
628 0 0 0 0
629 0 0 0 0
630 0 0 0 0
631 0 0 0 0
632 0 0 0 0
633 0 0 0 0
634 0 0 0 0
635 0 0 0 0
636 0 0 0 0
637 0 0 0 0
638 0 0 0 0
639 0 0 0 0
640 0 0 0 0
641 0 0 0 0
642 0 0 0 0
643 0 0 0 0
644 0 0 0 0
645 0 0 0 0
646 0 0 0 0
647 0 0 0 0
648 0 0 0 0
649 0 0 0 0
650 0 0 0 0
651 0 0 0 0
652 0 0 0 0
653 0 0 0 0
654 0 0 0 0
655 0 0 0 0
656 0 0 0 0
657 0 0 0 0
658 0 0 0 0
659 0 0 0 0
660 0 0 0 0
661 0 0 0 0
662 0 0 0 0
663 0 0 0 0
664 0 0 0 0
665 0 0 0 0
666 0 0 0 0
667 0 0 0 0
668 0 0 0 0
669 0 0 0 0
670 0 0 0 0
671 0 0 0 0
672 0 0 0 0
673 0 0 0 0
674 0 0 0 0
675 0 0 0 0
676 0 0 0 0
677 0 0 0 0
678 0 0 0 0
679 0 0 0 0
680 0 0 0 0
681 0 0 0 0
682 0 0 0 0
683 0 0 0 0
684 0 0 0 0
685 0 0 0 0
686 0 0 0 0
687 0 0 0 0
688 0 0 0 0
689 0 0 0 0
690 0 0 0 0
691 0 0 0 0
692 0 0 0 0
693 0 0 0 0
694 0 0 0 0
695 0 0 0 0
696 0 0 0 0
697 0 0 0 0
698 0 0 0 0
699 0 0 0 0
700 0 0 0 0
701 0 0 0 0
702 0 0 0 0
703 0 0 0 0
704 0 0 0 0
705 0 0 0 0
706 0 0 0 0
707 0 0 0 0
708 0 0 0 0
709 0 0 0 0
710 0 0 0 0
711 0 0 0 0
712 0 0 0 0
713 0 0 0 0
714 0 0 0 0
715 0 0 0 0
716 0 0 0 0
717 0 0 0 0
718 0 0 0 0
719 0 0 0 0
720 0 0 0 0
721 0 0 0 0
722 0 0 0 0
723 0 0 0 0
724 0 0 0 0
725 0 0 0 0
726 0 0 0 0
727 0 0 0 0
