0 0 0 0 0
1 0 0 0 0
2 0 0 0 0
3 0 0 0 0
4 0 0 0 0
5 0 4 0 0
6 0 0 0 0
7 0 0 0 0
8 0 0 0 0
9 0 0 1 4
10 0 0 0 0
11 0 0 0 0
12 0 0 0 0
13 0 0 0 1
14 0 0 0 0
15 0 0 0 0
16 1 0 0 0
17 0 0 0 0
18 1 0 0 0
19 0 0 0 0
20 0 0 0 0
21 0 1 0 0
22 1 0 0 0
23 0 1 0 0
24 2 0 0 0
25 3 0 0 0
26 1 0 0 1
27 1 0 0 1
28 0 0 0 0
29 1 1 0 0
30 2 2 0 0
31 0 0 1 0
32 1 0 0 0
33 0 1 0 0
34 0 1 0 2
35 0 0 1 1
36 0 0 1 1
37 0 1 0 0
38 0 1 0 1
39 1 1 1 0
40 0 0 0 2
41 1 0 0 0
42 0 0 0 2
43 0 0 0 1
44 0 0 0 1
45 0 0 0 0
46 1 0 0 1
47 0 0 0 0
48 1 1 0 0
49 3 0 0 0
50 1 1 0 0
51 2 1 0 0
52 0 0 0 0
53 1 0 0 0
54 2 2 0 0
55 0 0 1 2
56 0 0 0 0
57 2 1 1 1
58 1 1 1 1
59 0 0 1 0
60 1 1 0 0
61 0 0 0 2
62 0 1 0 3
63 0 1 0 0
64 1 0 0 1
65 0 0 1 0
66 0 0 1 1
67 0 0 1 1
68 0 0 0 0
69 1 0 0 2
70 2 0 0 2
71 0 0 0 0
72 3 0 0 0
73 0 1 0 0
74 2 1 0 1
75 0 1 0 0
76 3 0 0 0
77 5 0 1 1
78 3 0 0 1
79 3 0 1 0
80 2 0 0 0
81 1 2 2 0
82 2 1 2 1
83 1 1 2 0
84 1 1 1 1
85 1 1 1 4
86 2 1 2 1
87 1 3 1 1
88 2 1 0 1
89 0 1 1 4
90 1 0 1 3
91 2 1 1 3
92 1 1 1 2
93 2 1 1 3
94 2 0 0 2
95 2 1 0 2
96 3 0 1 3
97 1 0 0 1
98 4 2 0 1
99 3 0 0 1
100 1 3 0 2
101 2 1 1 0
102 1 1 0 1
103 3 2 3 0
104 0 0 0 3
105 1 2 1 3
106 2 1 1 1
107 2 1 1 2
108 6 1 4 0
109 1 0 0 2
110 1 1 0 5
111 4 0 0 2
112 3 2 0 4
113 0 3 1 0
114 2 0 0 0
115 2 0 3 2
116 4 1 0 1
117 3 2 1 4
118 1 1 1 1
119 2 0 1 2
120 4 4 1 1
121 1 1 2 1
122 3 0 0 4
123 5 1 1 0
124 2 0 1 4
125 3 2 2 3
126 4 2 3 1
127 3 2 1 4
128 2 3 2 1
129 4 2 0 2
130 2 1 0 2
131 2 2 1 3
132 5 1 1 4
133 8 0 2 5
134 2 3 3 1
135 1 1 0 4
136 5 2 2 1
137 4 2 2 0
138 3 5 2 4
139 2 1 1 3
140 5 0 0 4
141 1 1 3 6
142 2 1 1 5
143 6 4 0 2
144 7 2 0 2
145 1 2 3 2
146 6 5 0 5
147 6 1 2 0
148 4 3 2 6
149 6 4 4 4
150 10 0 0 7
151 6 1 1 1
152 7 4 0 4
153 4 2 0 5
154 8 3 0 2
155 8 7 4 2
156 10 5 3 8
157 8 7 2 2
158 10 6 0 4
159 6 6 4 7
160 10 5 3 5
161 3 5 3 4
162 10 6 0 8
163 7 3 5 8
164 8 4 1 8
165 6 6 4 7
166 4 5 2 9
167 2 8 2 8
168 8 4 0 9
169 8 5 1 1
170 9 5 1 10
171 10 4 3 7
172 13 5 1 11
173 9 5 6 7
174 7 2 3 6
175 6 6 2 4
176 10 6 2 8
177 9 7 3 6
178 11 6 4 8
179 12 5 2 5
180 8 4 2 12
181 15 5 3 7
182 9 6 3 8
183 10 4 7 10
184 9 5 2 7
185 14 9 4 11
186 14 8 2 5
187 15 5 4 11
188 9 8 4 5
189 10 4 4 15
190 7 9 7 10
191 11 10 5 6
192 13 10 3 11
193 8 7 0 8
194 8 7 5 19
195 12 6 1 16
196 15 4 7 12
197 17 8 6 9
198 11 4 4 13
199 8 6 2 7
200 6 7 3 6
201 9 11 3 13
202 12 8 6 10
203 8 5 3 8
204 8 4 8 14
205 10 3 4 7
206 5 7 5 6
207 3 6 6 7
208 10 5 3 18
209 9 7 2 16
210 5 4 4 10
211 7 4 4 10
212 10 3 1 6
213 10 6 5 12
214 7 7 1 11
215 8 1 3 9
216 11 4 3 7
217 3 3 5 8
218 7 2 6 10
219 8 5 4 3
220 7 4 5 10
221 3 7 5 5
222 7 6 4 7
223 12 4 0 8
224 8 3 3 10
225 7 6 2 11
226 8 1 2 9
227 5 5 2 5
228 5 11 1 9
229 7 8 2 12
230 2 4 2 1
231 5 4 1 8
232 5 8 2 10
233 0 3 2 9
234 6 2 3 4
235 9 3 3 7
236 4 3 3 8
237 5 3 1 6
238 3 1 2 3
239 1 1 4 8
240 4 1 3 4
241 2 4 2 7
242 5 1 0 5
243 2 2 1 6
244 3 5 2 2
245 4 1 2 5
246 4 3 2 3
247 6 4 1 4
248 4 0 2 3
249 2 4 1 3
250 4 3 1 4
251 2 3 1 8
252 2 3 0 3
253 4 2 0 5
254 2 0 0 4
255 1 3 1 5
256 2 6 1 5
257 2 2 1 3
258 3 4 1 0
259 2 0 2 4
260 3 0 0 3
261 2 1 0 2
262 3 2 0 4
263 0 2 1 6
264 0 2 1 0
265 1 2 0 4
266 3 0 1 3
267 0 2 0 1
268 2 1 0 1
269 0 0 2 2
270 2 0 2 2
271 1 2 1 3
272 1 0 0 1
273 1 1 1 3
274 1 0 1 0
275 2 2 0 2
276 1 0 1 1
277 1 0 1 3
278 2 0 0 1
279 2 2 0 1
280 2 2 1 1
281 2 1 0 2
282 1 1 0 1
283 1 0 1 2
284 1 1 0 1
285 0 0 0 0
286 2 2 0 2
287 1 2 0 2
288 0 2 0 1
289 0 1 2 0
290 0 0 1 3
291 1 0 1 3
292 0 0 0 2
293 1 0 0 1
294 1 0 0 2
295 1 1 0 1
296 2 1 0 1
297 1 0 0 0
298 0 0 0 0
299 0 1 0 1
300 1 1 0 1
301 1 0 0 0
302 1 2 0 0
303 0 0 0 0
304 0 0 1 0
305 1 1 1 1
306 0 0 0 1
307 0 0 1 1
308 0 0 0 0
309 0 0 1 1
310 0 2 0 0
311 0 0 0 2
312 1 0 0 2
313 0 0 0 1
314 1 0 0 0
315 1 0 0 0
316 1 0 0 0
317 1 0 0 2
318 0 0 0 0
319 2 0 2 0
320 0 1 0 0
321 0 1 0 0
322 0 0 0 0
323 2 0 0 1
324 0 1 0 1
325 0 0 0 0
326 0 1 0 1
327 1 0 0 0
328 2 2 0 2
329 0 0 0 0
330 0 0 0 1
331 0 0 0 0
332 0 2 0 2
333 0 0 1 0
334 0 0 0 0
335 0 0 0 0
336 0 0 0 2
337 0 0 1 0
338 0 0 0 0
339 0 0 0 0
340 0 0 0 1
341 0 0 0 1
342 0 0 0 0
343 0 0 0 0
344 0 0 0 0
345 0 0 0 0
346 0 0 0 0
347 0 0 0 0
348 0 0 0 0
349 0 0 0 0
350 0 0 0 0
351 0 0 0 0
352 0 0 0 0
353 0 0 0 0
354 0 0 0 0
355 0 0 0 0
356 0 0 0 0
357 0 0 0 0
358 0 0 0 0
359 0 0 0 0
360 0 0 0 0
361 0 0 0 0
362 0 0 0 0
363 0 0 0 0
364 0 0 0 0
365 0 0 0 0
366 0 0 0 0
367 0 0 0 0
368 0 0 0 0
369 0 0 0 0
370 0 0 0 0
371 0 0 0 0
372 0 0 0 0
373 0 0 0 0
374 0 0 0 0
375 0 0 0 0
376 0 0 0 0
377 0 0 0 0
378 0 0 0 0
379 0 0 0 0
380 0 0 0 0
381 0 0 0 0
382 0 0 0 0
383 0 0 0 0
384 0 0 0 0
385 0 0 0 0
386 0 0 0 0
387 0 0 0 0
388 0 0 0 0
389 0 0 0 0
390 0 0 0 0
391 0 0 0 0
392 0 0 0 0
393 0 0 0 0
394 0 0 0 0
395 0 0 0 0
396 0 0 0 0
397 0 0 0 0
398 0 0 0 0
399 0 0 0 0
400 0 0 0 0
401 0 0 0 0
402 0 0 0 0
403 0 0 0 0
404 0 0 0 0
405 0 0 0 0
406 0 0 0 0
407 0 0 0 0
408 0 0 0 0
409 0 0 0 0
410 0 0 0 0
411 0 0 0 0
412 0 0 0 0
413 0 0 0 0
414 0 0 0 0
415 0 0 0 0
416 0 0 0 0
417 0 0 0 0
418 0 0 0 0
419 0 0 0 0
420 0 0 0 0
421 0 0 0 0
422 0 0 0 0
423 0 0 0 0
424 0 0 0 0
425 0 0 0 0
426 0 0 0 0
427 0 0 0 0
428 0 0 0 0
429 0 0 0 0
430 0 0 0 0
431 0 0 0 0
432 0 0 0 0
433 0 0 0 0
434 0 0 0 0
435 0 0 0 0
436 0 0 0 0
437 0 0 0 0
438 0 0 0 0
439 0 0 0 0
440 0 0 0 0
441 0 0 0 0
442 0 0 0 0
443 0 0 0 0
444 0 0 0 0
445 0 0 0 0
446 0 0 0 0
447 0 0 0 0
448 0 0 0 0
449 0 0 0 0
450 0 0 0 0
451 0 0 0 0
452 0 0 0 0
453 0 0 0 0
454 0 0 0 0
455 0 0 0 0
456 0 0 0 0
457 0 0 0 0
458 0 0 0 0
459 0 0 0 0
460 0 0 0 0
461 0 0 0 0
462 0 0 0 0
463 0 0 0 0
464 0 0 0 0
465 0 0 0 0
466 0 0 0 0
467 0 0 0 0
468 0 0 0 0
469 0 0 0 0
470 0 0 0 0
471 0 0 0 0
472 0 0 0 0
473 0 0 0 0
474 0 0 0 0
475 0 0 0 0
476 0 0 0 0
477 0 0 0 0
478 0 0 0 0
479 0 0 0 0
480 0 0 0 0
481 0 0 0 0
482 0 0 0 0
483 0 0 0 0
484 0 0 0 0
485 0 0 0 0
486 0 0 0 0
487 0 0 0 0
488 0 0 0 0
489 0 0 0 0
490 0 0 0 0
491 0 0 0 0
492 0 0 0 0
493 0 0 0 0
494 0 0 0 0
495 0 0 0 0
496 0 0 0 0
497 0 0 0 0
498 0 0 0 0
499 0 0 0 0
500 0 0 0 0
501 0 0 0 0
502 0 0 0 0
503 0 0 0 0
504 0 0 0 0
505 0 0 0 0
506 0 0 0 0
507 0 0 0 0
508 0 0 0 0
509 0 0 0 0
510 0 0 0 0
511 0 0 0 0
512 0 0 0 0
513 0 0 0 0
514 0 0 0 0
515 0 0 0 0
516 0 0 0 0
517 0 0 0 0
518 0 0 0 0
519 0 0 0 0
520 0 0 0 0
521 0 0 0 0
522 0 0 0 0
523 0 0 0 0
524 0 0 0 0
525 0 0 0 0
526 0 0 0 0
527 0 0 0 0
528 0 0 0 0
529 0 0 0 0
530 0 0 0 0
531 0 0 0 0
532 0 0 0 0
533 0 0 0 0
534 0 0 0 0
535 0 0 0 0
536 0 0 0 0
537 0 0 0 0
538 0 0 0 0
539 0 0 0 0
540 0 0 0 0
541 0 0 0 0
542 0 0 0 0
543 0 0 0 0
544 0 0 0 0
545 0 0 0 0
546 0 0 0 0
547 0 0 0 0
548 0 0 0 0
549 0 0 0 0
550 0 0 0 0
551 0 0 0 0
552 0 0 0 0
553 0 0 0 0
554 0 0 0 0
555 0 0 0 0
556 0 0 0 0
557 0 0 0 0
558 0 0 0 0
559 0 0 0 0
560 0 0 0 0
561 0 0 0 0
562 0 0 0 0
563 0 0 0 0
564 0 0 0 0
565 0 0 0 0
566 0 0 0 0
567 0 0 0 0
568 0 0 0 0
569 0 0 0 0
570 0 0 0 0
571 0 0 0 0
572 0 0 0 0
573 0 0 0 0
574 0 0 0 0
575 0 0 0 0
576 0 0 0 0
577 0 0 0 0
578 0 0 0 0
579 0 0 0 0
580 0 0 0 0
581 0 0 0 0
582 0 0 0 0
583 0 0 0 0
584 0 0 0 0
585 0 0 0 0
586 0 0 0 0
587 0 0 0 0
588 0 0 0 0
589 0 0 0 0
590 0 0 0 0
591 0 0 0 0
592 0 0 0 0
593 0 0 0 0
594 0 0 0 0
595 0 0 0 0
596 0 0 0 0
597 0 0 0 0
598 0 0 0 0
599 0 0 0 0
600 0 0 0 0
601 0 0 0 0
602 0 0 0 0
603 0 0 0 0
604 0 0 0 0
605 0 0 0 0
606 0 0 0 0
607 0 0 0 0
608 0 0 0 0
609 0 0 0 0
610 0 0 0 0
611 0 0 0 0
612 0 0 0 0
613 0 0 0 0
614 0 0 0 0
615 0 0 0 0
616 0 0 0 0
617 0 0 0 0
618 0 0 0 0
619 0 0 0 0
620 0 0 0 0
621 0 0 0 0
622 0 0 0 0
623 0 0 0 0
624 0 0 0 0
625 0 0 0 0
626 0 0 0 0
627 0 0 0 0
628 0 0 0 0
629 0 0 0 0
630 0 0 0 0
631 0 0 0 0
632 0 0 0 0
633 0 0 0 0
634 0 0 0 0
635 0 0 0 0
636 0 0 0 0
637 0 0 0 0
638 0 0 0 0
639 0 0 0 0
640 0 0 0 0
641 0 0 0 0
642 0 0 0 0
643 0 0 0 0
644 0 0 0 0
645 0 0 0 0
646 0 0 0 0
647 0 0 0 0
648 0 0 0 0
649 0 0 0 0
650 0 0 0 0
651 0 0 0 0
652 0 0 0 0
653 0 0 0 0
654 0 0 0 0
655 0 0 0 0
656 0 0 0 0
657 0 0 0 0
658 0 0 0 0
659 0 0 0 0
660 0 0 0 0
661 0 0 0 0
662 0 0 0 0
663 0 0 0 0
664 0 0 0 0
665 0 0 0 0
666 0 0 0 0
667 0 0 0 0
668 0 0 0 0
669 0 0 0 0
670 0 0 0 0
671 0 0 0 0
672 0 0 0 0
673 0 0 0 0
674 0 0 0 0
675 0 0 0 0
676 0 0 0 0
677 0 0 0 0
678 0 0 0 0
679 0 0 0 0
680 0 0 0 0
681 0 0 0 0
682 0 0 0 0
683 0 0 0 0
684 0 0 0 0
685 0 0 0 0
686 0 0 0 0
687 0 0 0 0
688 0 0 0 0
689 0 0 0 0
690 0 0 0 0
691 0 0 0 0
692 0 0 0 0
693 0 0 0 0
694 0 0 0 0
695 0 0 0 0
696 0 0 0 0
697 0 0 0 0
698 0 0 0 0
699 0 0 0 0
700 0 0 0 0
701 0 0 0 0
702 0 0 0 0
703 0 0 0 0
704 0 0 0 0
705 0 0 0 0
706 0 0 0 0
707 0 0 0 0
708 0 0 0 0
709 0 0 0 0
710 0 0 0 0
711 0 0 0 0
712 0 0 0 0
713 0 0 0 0
714 0 0 0 0
715 0 0 0 0
716 0 0 0 0
717 0 0 0 0
718 0 0 0 0
719 0 0 0 0
720 0 0 0 0
721 0 0 0 0
722 0 0 0 0
723 0 0 0 0
724 0 0 0 0
725 0 0 0 0
726 0 0 0 0
727 0 0 0 0
