0 0 0 0 0
1 0 0 0 0
2 0 0 0 0
3 0 0 0 0
4 0 0 0 0
5 0 2 0 0
6 0 0 0 0
7 0 0 0 0
8 0 0 0 0
9 0 0 3 1
10 0 0 0 0
11 0 0 0 0
12 0 0 0 1
13 0 0 0 2
14 0 0 0 0
15 0 0 0 0
16 0 0 0 1
17 0 0 0 0
18 0 0 0 0
19 0 0 0 0
20 0 0 0 0
21 0 0 0 0
22 1 0 0 0
23 0 0 0 0
24 1 0 0 0
25 2 0 0 0
26 1 0 0 0
27 1 0 0 0
28 0 0 0 0
29 1 1 0 0
30 1 1 1 0
31 2 2 0 0
32 1 0 0 0
33 0 0 0 1
34 0 0 0 0
35 0 1 0 2
36 0 0 3 1
37 0 1 0 1
38 0 1 0 0
39 0 0 0 0
40 1 0 0 0
41 0 0 0 0
42 0 0 0 2
43 1 0 0 3
44 0 0 0 1
45 0 1 0 0
46 0 0 0 0
47 3 0 0 0
48 1 0 0 0
49 1 0 0 1
50 1 0 0 0
51 2 0 0 0
52 2 4 0 0
53 1 1 0 0
54 1 1 0 0
55 1 0 1 0
56 2 0 0 2
57 0 1 0 1
58 0 0 0 0
59 0 0 1 2
60 0 3 0 1
61 0 1 2 2
62 1 0 1 0
63 0 0 0 1
64 2 0 0 1
65 0 0 0 1
66 0 0 0 1
67 0 0 0 2
68 1 0 0 2
69 1 1 1 0
70 1 0 0 0
71 1 1 0 0
72 1 0 0 0
73 2 1 0 0
74 3 0 1 0
75 2 0 0 0
76 4 0 0 2
77 2 0 0 0
78 1 2 0 1
79 3 1 0 0
80 1 1 1 1
81 1 2 2 1
82 2 1 0 0
83 2 3 1 0
84 0 2 0 2
85 3 1 0 4
86 0 0 2 2
87 1 0 1 1
88 0 2 0 2
89 3 0 0 1
90 0 2 0 4
91 1 0 1 3
92 0 2 0 2
93 4 0 0 1
94 3 3 1 2
95 3 0 0 1
96 1 0 1 1
97 4 0 0 1
98 3 1 2 2
99 2 0 1 0
100 2 1 1 0
101 2 0 0 2
102 2 3 2 2
103 2 2 1 1
104 5 2 1 1
105 2 2 1 1
106 3 1 0 4
107 4 2 1 3
108 3 1 0 2
109 2 3 1 4
110 1 2 1 2
111 1 2 1 2
112 2 1 3 1
113 2 1 1 2
114 2 1 1 4
115 3 2 1 1
116 3 0 1 3
117 4 2 1 2
118 1 1 1 5
119 5 1 0 4
120 0 1 2 2
121 3 1 1 3
122 0 4 0 3
123 8 0 1 0
124 2 2 2 2
125 3 1 1 2
126 5 1 2 2
127 1 0 1 1
128 1 3 3 4
129 3 1 0 2
130 5 1 2 3
131 4 3 1 2
132 2 3 0 4
133 2 1 0 2
134 2 2 0 4
135 3 5 0 8
136 3 1 0 2
137 2 0 1 1
138 6 1 1 2
139 1 4 0 3
140 3 6 0 0
141 3 2 1 0
142 2 2 2 4
143 4 1 4 4
144 4 1 0 5
145 4 2 1 4
146 6 1 0 5
147 2 2 1 4
148 2 2 1 1
149 4 2 2 3
150 4 1 2 3
151 6 4 2 2
152 0 1 2 2
153 3 2 1 3
154 6 2 2 4
155 9 3 0 5
156 3 3 2 2
157 4 1 0 2
158 3 2 2 4
159 1 5 1 5
160 4 5 3 3
161 1 2 1 3
162 5 4 0 2
163 6 3 2 8
164 7 2 1 4
165 5 0 2 4
166 8 1 0 6
167 5 2 2 7
168 8 2 2 4
169 3 1 3 1
170 4 2 3 2
171 4 4 0 2
172 3 3 3 2
173 8 5 3 5
174 4 1 1 4
175 6 5 2 5
176 10 3 2 2
177 9 2 3 5
178 7 4 1 3
179 9 2 1 8
180 7 4 2 8
181 5 4 2 4
182 6 6 5 6
183 6 2 1 5
184 5 6 2 5
185 9 5 3 6
186 13 3 3 8
187 5 3 6 6
188 6 2 5 7
189 9 5 1 7
190 11 1 5 4
191 6 9 2 5
192 5 3 5 7
193 8 3 6 3
194 3 7 2 12
195 7 3 6 8
196 9 2 5 9
197 4 2 2 8
198 7 4 4 10
199 8 3 5 9
200 5 5 0 7
201 7 5 3 10
202 2 2 2 6
203 8 5 1 7
204 7 4 1 3
205 4 3 3 11
206 6 2 1 8
207 4 3 1 8
208 9 7 5 7
209 5 4 3 3
210 5 3 3 1
211 6 2 1 3
212 5 3 2 7
213 6 6 3 7
214 6 6 1 4
215 6 5 1 12
216 5 1 3 3
217 6 6 2 7
218 4 2 2 4
219 6 2 2 5
220 3 3 2 8
221 4 3 1 8
222 4 7 1 6
223 4 5 2 4
224 1 5 3 4
225 3 4 0 4
226 3 1 2 6
227 2 1 1 7
228 2 2 3 5
229 2 1 1 6
230 5 4 1 7
231 2 4 1 8
232 2 0 3 3
233 4 2 1 2
234 3 1 1 3
235 1 2 0 5
236 1 0 1 3
237 3 1 1 2
238 2 1 3 5
239 4 1 3 2
240 3 0 1 3
241 1 0 0 0
242 0 1 1 4
243 1 3 1 4
244 0 1 1 2
245 2 1 1 0
246 3 1 1 2
247 3 0 0 2
248 3 3 0 1
249 2 2 0 2
250 1 1 2 3
251 3 1 1 1
252 3 0 1 4
253 4 2 0 2
254 2 1 1 2
255 1 1 1 2
256 0 3 1 2
257 0 1 1 2
258 2 2 2 2
259 2 0 2 2
260 3 1 1 2
261 1 0 2 2
262 1 0 1 3
263 2 0 1 5
264 0 2 0 2
265 0 1 0 2
266 1 1 0 1
267 2 0 2 1
268 2 1 0 2
269 2 1 0 0
270 0 0 0 1
271 0 0 1 3
272 1 2 0 1
273 0 0 1 1
274 0 2 0 0
275 1 0 1 1
276 0 1 0 2
277 1 0 2 0
278 0 0 0 1
279 1 0 0 2
280 0 1 0 2
281 0 0 0 2
282 0 1 0 0
283 0 0 0 1
284 0 1 0 1
285 0 0 0 0
286 2 0 0 0
287 1 0 0 1
288 1 0 0 1
289 0 0 0 1
290 0 0 0 0
291 0 1 1 0
292 1 0 0 0
293 1 1 0 0
294 1 0 0 0
295 0 0 0 2
296 1 1 0 0
297 0 0 0 1
298 0 0 0 0
299 0 1 0 0
300 0 0 1 1
301 1 0 1 0
302 0 0 0 0
303 0 0 0 0
304 0 0 0 1
305 0 0 1 0
306 0 1 0 1
307 1 0 0 0
308 0 0 0 1
309 0 0 0 1
310 0 0 0 0
311 1 0 0 0
312 0 1 0 0
313 0 0 0 1
314 0 0 0 0
315 1 0 0 0
316 1 0 0 1
317 0 0 0 0
318 0 0 0 0
319 1 0 0 0
320 1 1 0 0
321 0 0 1 0
322 1 0 0 0
323 1 0 0 0
324 1 0 1 0
325 0 1 0 1
326 0 0 0 0
327 1 0 1 1
328 0 1 1 0
329 0 0 0 1
330 0 0 0 0
331 0 0 0 2
332 1 0 0 1
333 0 1 0 0
334 0 0 0 0
335 0 0 0 1
336 0 1 0 0
337 1 1 0 1
338 0 0 0 0
339 0 0 0 0
340 0 0 0 1
341 2 0 0 0
342 1 1 0 0
343 1 0 0 0
344 0 0 0 1
345 0 0 0 0
346 0 0 0 0
347 0 0 0 0
348 1 0 0 0
349 1 0 0 1
350 0 1 1 0
351 0 1 0 0
352 0 1 0 0
353 0 0 0 0
354 0 0 0 1
355 0 0 0 1
356 0 0 0 0
357 0 1 0 1
358 0 1 0 0
359 0 0 0 1
360 0 0 0 0
361 0 0 0 0
362 0 0 0 1
363 0 0 0 0
364 0 0 0 1
365 0 0 0 0
366 0 0 0 0
367 0 0 0 0
368 1 0 0 0
369 0 0 0 0
370 0 0 0 0
371 0 0 0 0
372 0 0 0 0
373 0 0 0 0
374 0 0 0 0
375 0 0 0 0
376 0 0 0 0
377 0 0 1 0
378 0 0 0 0
379 0 0 0 0
380 0 0 0 0
381 0 0 0 0
382 0 0 0 0
383 0 0 0 0
384 0 0 0 1
385 0 0 0 0
386 0 0 0 0
387 0 0 0 0
388 0 0 0 0
389 0 0 0 0
390 0 0 0 0
391 0 0 0 0
392 0 0 0 0
393 0 0 0 0
394 0 0 0 0
395 0 0 0 0
396 0 0 0 0
397 0 0 0 0
398 0 0 0 0
399 0 0 0 0
400 0 0 0 0
401 0 0 0 0
402 0 0 0 0
403 0 0 0 0
404 0 0 0 0
405 0 0 0 0
406 0 0 0 0
407 0 0 0 0
408 0 0 0 0
409 0 0 0 0
410 0 0 0 0
411 0 0 0 0
412 0 0 0 0
413 0 0 0 0
414 0 0 0 0
415 0 0 0 0
416 0 0 0 0
417 0 0 0 0
418 0 0 0 0
419 0 0 0 0
420 0 0 0 0
421 0 0 0 0
422 0 0 0 0
423 0 0 0 0
424 0 0 0 0
425 0 0 0 0
426 0 0 0 0
427 0 0 0 0
428 0 0 0 0
429 0 0 0 0
430 0 0 0 0
431 0 0 0 0
432 0 0 0 0
433 0 0 0 0
434 0 0 0 0
435 0 0 0 0
436 0 0 0 0
437 0 0 0 0
438 0 0 0 0
439 0 0 0 0
440 0 0 0 0
441 0 0 0 0
442 0 0 0 0
443 0 0 0 0
444 0 0 0 0
445 0 0 0 0
446 0 0 0 0
447 0 0 0 0
448 0 0 0 0
449 0 0 0 0
450 0 0 0 0
451 0 0 0 0
452 0 0 0 0
453 0 0 0 0
454 0 0 0 0
455 0 0 0 0
456 0 0 0 0
457 0 0 0 0
458 0 0 0 0
459 0 0 0 0
460 0 0 0 0
461 0 0 0 0
462 0 0 0 0
463 0 0 0 0
464 0 0 0 0
465 0 0 0 0
466 0 0 0 0
467 0 0 0 0
468 0 0 0 0
469 0 0 0 0
470 0 0 0 0
471 0 0 0 0
472 0 0 0 0
473 0 0 0 0
474 0 0 0 0
475 0 0 0 0
476 0 0 0 0
477 0 0 0 0
478 0 0 0 0
479 0 0 0 0
480 0 0 0 0
481 0 0 0 0
482 0 0 0 0
483 0 0 0 0
484 0 0 0 0
485 0 0 0 0
486 0 0 0 0
487 0 0 0 0
488 0 0 0 0
489 0 0 0 0
490 0 0 0 0
491 0 0 0 0
492 0 0 0 0
493 0 0 0 0
494 0 0 0 0
495 0 0 0 0
496 0 0 0 0
497 0 0 0 0
498 0 0 0 0
499 0 0 0 0
500 0 0 0 0
501 0 0 0 0
502 0 0 0 0
503 0 0 0 0
504 0 0 0 0
505 0 0 0 0
506 0 0 0 0
507 0 0 0 0
508 0 0 0 0
509 0 0 0 0
510 0 0 0 0
511 0 0 0 0
512 0 0 0 0
513 0 0 0 0
514 0 0 0 0
515 0 0 0 0
516 0 0 0 0
517 0 0 0 0
518 0 0 0 0
519 0 0 0 0
520 0 0 0 0
521 0 0 0 0
522 0 0 0 0
523 0 0 0 0
524 0 0 0 0
525 0 0 0 0
526 0 0 0 0
527 0 0 0 0
528 0 0 0 0
529 0 0 0 0
530 0 0 0 0
531 0 0 0 0
532 0 0 0 0
533 0 0 0 0
534 0 0 0 0
535 0 0 0 0
536 0 0 0 0
537 0 0 0 0
538 0 0 0 0
539 0 0 0 0
540 0 0 0 0
541 0 0 0 0
542 0 0 0 0
543 0 0 0 0
544 0 0 0 0
545 0 0 0 0
546 0 0 0 0
547 0 0 0 0
548 0 0 0 0
549 0 0 0 0
550 0 0 0 0
551 0 0 0 0
552 0 0 0 0
553 0 0 0 0
554 0 0 0 0
555 0 0 0 0
556 0 0 0 0
557 0 0 0 0
558 0 0 0 0
559 0 0 0 0
560 0 0 0 0
561 0 0 0 0
562 0 0 0 0
563 0 0 0 0
564 0 0 0 0
565 0 0 0 0
566 0 0 0 0
567 0 0 0 0
568 0 0 0 0
569 0 0 0 0
570 0 0 0 0
571 0 0 0 0
572 0 0 0 0
573 0 0 0 0
574 0 0 0 0
575 0 0 0 0
576 0 0 0 0
577 0 0 0 0
578 0 0 0 0
579 0 0 0 0
580 0 0 0 0
581 0 0 0 0
582 0 0 0 0
583 0 0 0 0
584 0 0 0 0
585 0 0 0 0
586 0 0 0 0
587 0 0 0 0
588 0 0 0 0
589 0 0 0 0
590 0 0 0 0
591 0 0 0 0
592 0 0 0 0
593 0 0 0 0
594 0 0 0 0
595 0 0 0 0
596 0 0 0 0
597 0 0 0 0
598 0 0 0 0
599 0 0 0 0
600 0 0 0 0
601 0 0 0 0
602 0 0 0 0
603 0 0 0 0
604 0 0 0 0
605 0 0 0 0
606 0 0 0 0
607 0 0 0 0
608 0 0 0 0
609 0 0 0 0
610 0 0 0 0
611 0 0 0 0
612 0 0 0 0
613 0 0 0 0
614 0 0 0 0
615 0 0 0 0
616 0 0 0 0
617 0 0 0 0
618 0 0 0 0
619 0 0 0 0
620 0 0 0 0
621 0 0 0 0
622 0 0 0 0
623 0 0 0 0
624 0 0 0 0
625 0 0 0 0
626 0 0 0 0
627 0 0 0 0
628 0 0 0 0
629 0 0 0 0
630 0 0 0 0
631 0 0 0 0
632 0 0 0 0
633 0 0 0 0
634 0 0 0 0
635 0 0 0 0
636 0 0 0 0
637 0 0 0 0
638 0 0 0 0
639 0 0 0 0
640 0 0 0 0
641 0 0 0 0
642 0 0 0 0
643 0 0 0 0
644 0 0 0 0
645 0 0 0 0
646 0 0 0 0
647 0 0 0 0
648 0 0 0 0
649 0 0 0 0
650 0 0 0 0
651 0 0 0 0
652 0 0 0 0
653 0 0 0 0
654 0 0 0 0
655 0 0 0 0
656 0 0 0 0
657 0 0 0 0
658 0 0 0 0
659 0 0 0 0
660 0 0 0 0
661 0 0 0 0
662 0 0 0 0
663 0 0 0 0
664 0 0 0 0
665 0 0 0 0
666 0 0 0 0
667 0 0 0 0
668 0 0 0 0
669 0 0 0 0
670 0 0 0 0
671 0 0 0 0
672 0 0 0 0
673 0 0 0 0
674 0 0 0 0
675 0 0 0 0
676 0 0 0 0
677 0 0 0 0
678 0 0 0 0
679 0 0 0 0
680 0 0 0 0
681 0 0 0 0
682 0 0 0 0
683 0 0 0 0
684 0 0 0 0
685 0 0 0 0
686 0 0 0 0
687 0 0 0 0
688 0 0 0 0
689 0 0 0 0
690 0 0 0 0
691 0 0 0 0
692 0 0 0 0
693 0 0 0 0
694 0 0 0 0
695 0 0 0 0
696 0 0 0 0
697 0 0 0 0
698 0 0 0 0
699 0 0 0 0
700 0 0 0 0
701 0 0 0 0
702 0 0 0 0
703 0 0 0 0
704 0 0 0 0
705 0 0 0 0
706 0 0 0 0
707 0 0 0 0
708 0 0 0 0
709 0 0 0 0
710 0 0 0 0
711 0 0 0 0
712 0 0 0 0
713 0 0 0 0
714 0 0 0 0
715 0 0 0 0
716 0 0 0 0
717 0 0 0 0
718 0 0 0 0
719 0 0 0 0
720 0 0 0 0
721 0 0 0 0
722 0 0 0 0
723 0 0 0 0
724 0 0 0 0
725 0 0 0 0
726 0 0 0 0
727 0 0 0 0
