0 0 0 0 0
1 0 0 0 0
2 0 0 0 0
3 0 0 0 0
4 0 0 0 0
5 0 0 3 0
6 0 0 0 0
7 0 0 0 0
8 0 0 0 0
9 0 1 1 0
10 0 0 0 0
11 0 0 0 0
12 0 0 0 3
13 0 0 0 1
14 0 0 0 0
15 0 0 0 0
16 0 0 0 1
17 0 0 0 0
18 0 0 0 0
19 0 0 0 0
20 0 0 0 0
21 1 0 0 0
22 1 0 0 0
23 3 0 0 0
24 2 0 0 0
25 2 0 0 0
26 2 0 1 0
27 0 0 0 0
28 1 0 1 0
29 0 1 1 0
30 0 1 1 1
31 1 1 1 0
32 0 1 0 1
33 0 1 1 0
34 0 0 0 0
35 0 0 1 1
36 0 1 0 4
37 0 0 0 2
38 0 0 0 1
39 1 0 0 1
40 0 0 0 2
41 2 0 0 0
42 0 0 0 0
43 2 0 0 0
44 2 0 0 0
45 0 0 0 0
46 2 1 0 0
47 1 0 0 0
48 0 2 0 0
49 0 0 0 0
50 0 1 0 0
51 1 0 1 0
52 1 0 1 1
53 1 0 2 1
54 1 0 0 1
55 0 0 1 2
56 1 0 1 0
57 0 0 1 2
58 1 1 0 0
59 0 1 0 0
60 2 1 0 2
61 1 0 0 1
62 0 0 0 1
63 2 0 0 1
64 0 0 0 1
65 1 1 0 1
66 0 0 0 0
67 2 0 1 0
68 0 0 1 0
69 1 1 1 1
70 3 1 0 0
71 2 0 0 1
72 2 0 1 1
73 2 0 0 1
74 0 1 1 1
75 1 1 1 0
76 0 1 3 1
77 1 2 0 0
78 0 0 1 2
79 0 1 0 0
80 4 0 0 2
81 0 0 0 1
82 0 1 1 2
83 0 0 0 2
84 0 1 0 2
85 2 4 0 1
86 5 0 0 1
87 0 0 0 0
88 0 0 0 1
89 2 0 0 4
90 0 0 0 0
91 3 2 1 1
92 1 0 0 1
93 0 1 0 0
94 1 1 1 0
95 1 1 0 2
96 1 2 1 0
97 3 0 1 1
98 2 1 1 2
99 0 1 0 1
100 1 0 0 1
101 1 1 0 1
102 0 1 0 1
103 0 1 1 2
104 2 0 1 1
105 3 1 0 2
106 0 1 2 1
107 2 0 0 0
108 1 0 0 0
109 3 1 0 3
110 1 0 0 3
111 3 0 0 1
112 1 0 1 0
113 0 1 1 2
114 4 1 2 0
115 3 0 1 0
116 2 1 1 1
117 3 0 0 2
118 0 1 2 0
119 1 2 1 0
120 0 3 1 1
121 2 1 1 3
122 2 0 2 1
123 1 1 0 2
124 3 1 1 3
125 2 1 0 3
126 1 0 1 3
127 1 1 1 2
128 0 1 0 4
129 0 3 0 2
130 1 2 0 1
131 0 1 0 2
132 5 1 0 1
133 2 1 0 1
134 1 1 0 1
135 2 1 0 0
136 3 0 0 2
137 3 1 2 1
138 3 0 0 2
139 2 1 0 3
140 5 1 0 0
141 3 1 2 1
142 3 3 1 0
143 3 0 0 1
144 4 1 1 3
145 1 3 3 2
146 3 1 1 1
147 6 2 1 0
148 1 1 1 2
149 3 2 4 7
150 2 2 1 2
151 3 2 0 3
152 4 1 3 2
153 5 0 0 3
154 1 1 2 2
155 0 2 2 3
156 2 5 1 3
157 2 2 1 3
158 5 2 1 3
159 6 1 1 5
160 3 0 1 2
161 7 2 0 1
162 4 0 2 5
163 5 2 2 5
164 4 3 2 3
165 4 0 2 2
166 2 3 1 2
167 4 4 2 2
168 2 2 2 4
169 1 4 1 2
170 7 3 3 6
171 4 2 1 4
172 7 2 2 4
173 4 3 1 3
174 4 1 1 7
175 2 1 1 2
176 6 2 1 4
177 2 1 2 5
178 2 2 1 4
179 5 3 2 3
180 4 4 1 3
181 3 5 2 3
182 6 2 0 2
183 8 3 2 2
184 9 2 1 5
185 3 3 1 5
186 7 2 1 4
187 5 2 1 5
188 6 5 0 5
189 7 4 1 3
190 5 2 1 4
191 8 4 3 4
192 5 5 3 4
193 12 5 4 5
194 6 3 2 4
195 7 2 2 6
196 7 2 6 6
197 7 3 4 7
198 4 4 5 4
199 3 3 3 6
200 9 9 2 8
201 3 1 3 3
202 4 9 3 9
203 5 3 2 7
204 8 0 1 11
205 7 9 2 5
206 7 0 2 7
207 10 2 3 7
208 6 3 1 3
209 6 3 4 16
210 1 6 1 2
211 5 1 2 2
212 4 5 3 7
213 2 6 2 6
214 7 3 2 10
215 3 2 2 1
216 7 3 3 4
217 5 4 2 4
218 5 3 0 7
219 5 3 0 9
220 8 2 2 8
221 8 4 1 6
222 6 5 0 4
223 8 5 3 5
224 8 3 2 3
225 8 7 4 2
226 5 7 3 4
227 5 1 5 7
228 4 1 1 7
229 4 5 1 4
230 4 3 1 11
231 2 2 3 5
232 5 5 4 10
233 0 4 3 8
234 1 3 4 4
235 2 5 0 4
236 3 1 2 5
237 4 1 1 4
238 3 1 1 5
239 1 1 2 5
240 0 1 0 8
241 1 2 3 4
242 3 3 0 6
243 1 0 0 1
244 5 0 3 1
245 2 1 0 3
246 2 1 1 5
247 1 2 3 1
248 4 1 1 5
249 4 4 0 1
250 2 0 1 2
251 3 1 0 1
252 4 0 0 3
253 1 3 1 1
254 0 3 1 4
255 2 1 1 1
256 3 1 2 3
257 0 3 1 3
258 1 0 2 2
259 2 1 0 1
260 1 2 0 3
261 2 2 1 5
262 0 0 0 3
263 1 1 0 2
264 0 2 1 2
265 1 0 1 2
266 3 1 0 1
267 2 1 0 1
268 3 1 0 2
269 1 0 0 0
270 1 1 1 2
271 1 1 0 2
272 2 1 0 1
273 2 1 1 0
274 1 1 0 3
275 2 2 1 1
276 3 1 0 1
277 2 1 1 0
278 0 0 0 2
279 0 1 0 1
280 1 1 0 3
281 0 3 0 2
282 1 2 1 1
283 0 0 0 1
284 1 1 0 2
285 1 1 1 2
286 1 0 1 3
287 1 0 0 0
288 0 0 0 2
289 0 1 1 2
290 1 0 0 1
291 0 2 0 0
292 0 0 0 0
293 0 0 0 2
294 0 1 0 0
295 0 1 0 1
296 0 0 1 0
297 0 0 0 0
298 1 0 0 2
299 1 0 0 0
300 0 0 0 0
301 1 0 0 0
302 0 0 0 1
303 1 0 0 1
304 0 1 0 0
305 1 0 0 0
306 0 0 1 0
307 1 1 0 0
308 0 0 0 1
309 1 0 0 0
310 0 1 0 1
311 1 0 0 0
312 1 0 1 0
313 2 0 0 0
314 1 0 0 2
315 0 0 0 0
316 1 2 0 1
317 1 1 0 0
318 0 0 2 0
319 0 0 0 0
320 0 0 0 1
321 0 1 0 0
322 0 1 0 2
323 0 0 1 1
324 0 0 0 1
325 0 0 0 1
326 0 1 0 0
327 0 0 0 0
328 0 0 0 0
329 0 0 0 1
330 0 0 0 2
331 1 0 0 0
332 0 0 0 0
333 0 0 0 0
334 0 0 0 0
335 1 0 0 0
336 1 0 0 0
337 1 0 0 0
338 0 0 0 0
339 0 0 0 0
340 0 1 1 0
341 0 0 0 0
342 0 0 1 0
343 0 0 0 0
344 0 0 0 1
345 0 1 0 0
346 0 0 0 0
347 0 0 0 1
348 0 0 0 0
349 0 0 0 2
350 0 0 0 0
351 0 0 0 0
352 1 0 0 0
353 1 0 0 0
354 0 0 0 0
355 0 0 0 0
356 0 0 0 0
357 1 0 0 0
358 0 0 0 0
359 0 0 0 0
360 0 0 0 0
361 0 0 1 0
362 0 1 0 0
363 0 0 0 0
364 0 0 0 0
365 0 0 0 0
366 0 1 0 1
367 0 0 0 0
368 0 0 0 1
369 0 0 0 0
370 0 0 0 1
371 0 0 0 0
372 0 0 0 0
373 0 0 0 0
374 0 0 0 0
375 0 0 0 0
376 0 0 0 0
377 0 0 0 0
378 0 0 0 0
379 0 0 0 0
380 0 0 0 0
381 0 0 0 0
382 0 0 0 0
383 0 0 0 0
384 0 0 0 0
385 0 0 0 0
386 0 0 0 0
387 0 0 0 0
388 0 0 0 0
389 0 0 0 0
390 0 0 0 0
391 0 0 0 0
392 0 0 0 0
393 0 0 0 0
394 0 0 0 0
395 0 0 0 0
396 0 0 0 0
397 0 0 0 0
398 0 0 0 0
399 0 0 0 0
400 0 0 0 0
401 0 0 0 0
402 0 0 0 0
403 0 0 0 0
404 0 0 0 0
405 0 0 0 0
406 0 0 0 0
407 0 0 0 0
408 0 0 0 0
409 0 0 0 0
410 0 0 0 0
411 0 0 0 0
412 0 0 0 0
413 0 0 0 0
414 0 0 0 0
415 0 0 0 0
416 0 0 0 0
417 0 0 0 0
418 0 0 0 0
419 0 0 0 0
420 0 0 0 0
421 0 0 0 0
422 0 0 0 0
423 0 0 0 0
424 0 0 0 0
425 0 0 0 0
426 0 0 0 0
427 0 0 0 0
428 0 0 0 0
429 0 0 0 0
430 0 0 0 0
431 0 0 0 0
432 0 0 0 0
433 0 0 0 0
434 0 0 0 0
435 0 0 0 0
436 0 0 0 0
437 0 0 0 0
438 0 0 0 0
439 0 0 0 0
440 0 0 0 0
441 0 0 0 0
442 0 0 0 0
443 0 0 0 0
444 0 0 0 0
445 0 0 0 0
446 0 0 0 0
447 0 0 0 0
448 0 0 0 0
449 0 0 0 0
450 0 0 0 0
451 0 0 0 0
452 0 0 0 0
453 0 0 0 0
454 0 0 0 0
455 0 0 0 0
456 0 0 0 0
457 0 0 0 0
458 0 0 0 0
459 0 0 0 0
460 0 0 0 0
461 0 0 0 0
462 0 0 0 0
463 0 0 0 0
464 0 0 0 0
465 0 0 0 0
466 0 0 0 0
467 0 0 0 0
468 0 0 0 0
469 0 0 0 0
470 0 0 0 0
471 0 0 0 0
472 0 0 0 0
473 0 0 0 0
474 0 0 0 0
475 0 0 0 0
476 0 0 0 0
477 0 0 0 0
478 0 0 0 0
479 0 0 0 0
480 0 0 0 0
481 0 0 0 0
482 0 0 0 0
483 0 0 0 0
484 0 0 0 0
485 0 0 0 0
486 0 0 0 0
487 0 0 0 0
488 0 0 0 0
489 0 0 0 0
490 0 0 0 0
491 0 0 0 0
492 0 0 0 0
493 0 0 0 0
494 0 0 0 0
495 0 0 0 0
496 0 0 0 0
497 0 0 0 0
498 0 0 0 0
499 0 0 0 0
500 0 0 0 0
501 0 0 0 0
502 0 0 0 0
503 0 0 0 0
504 0 0 0 0
505 0 0 0 0
506 0 0 0 0
507 0 0 0 0
508 0 0 0 0
509 0 0 0 0
510 0 0 0 0
511 0 0 0 0
512 0 0 0 0
513 0 0 0 0
514 0 0 0 0
515 0 0 0 0
516 0 0 0 0
517 0 0 0 0
518 0 0 0 0
519 0 0 0 0
520 0 0 0 0
521 0 0 0 0
522 0 0 0 0
523 0 0 0 0
524 0 0 0 0
525 0 0 0 0
526 0 0 0 0
527 0 0 0 0
528 0 0 0 0
529 0 0 0 0
530 0 0 0 0
531 0 0 0 0
532 0 0 0 0
533 0 0 0 0
534 0 0 0 0
535 0 0 0 0
536 0 0 0 0
537 0 0 0 0
538 0 0 0 0
539 0 0 0 0
540 0 0 0 0
541 0 0 0 0
542 0 0 0 0
543 0 0 0 0
544 0 0 0 0
545 0 0 0 0
546 0 0 0 0
547 0 0 0 0
548 0 0 0 0
549 0 0 0 0
550 0 0 0 0
551 0 0 0 0
552 0 0 0 0
553 0 0 0 0
554 0 0 0 0
555 0 0 0 0
556 0 0 0 0
557 0 0 0 0
558 0 0 0 0
559 0 0 0 0
560 0 0 0 0
561 0 0 0 0
562 0 0 0 0
563 0 0 0 0
564 0 0 0 0
565 0 0 0 0
566 0 0 0 0
567 0 0 0 0
568 0 0 0 0
569 0 0 0 0
570 0 0 0 0
571 0 0 0 0
572 0 0 0 0
573 0 0 0 0
574 0 0 0 0
575 0 0 0 0
576 0 0 0 0
577 0 0 0 0
578 0 0 0 0
579 0 0 0 0
580 0 0 0 0
581 0 0 0 0
582 0 0 0 0
583 0 0 0 0
584 0 0 0 0
585 0 0 0 0
586 0 0 0 0
587 0 0 0 0
588 0 0 0 0
589 0 0 0 0
590 0 0 0 0
591 0 0 0 0
592 0 0 0 0
593 0 0 0 0
594 0 0 0 0
595 0 0 0 0
596 0 0 0 0
597 0 0 0 0
598 0 0 0 0
599 0 0 0 0
600 0 0 0 0
601 0 0 0 0
602 0 0 0 0
603 0 0 0 0
604 0 0 0 0
605 0 0 0 0
606 0 0 0 0
607 0 0 0 0
608 0 0 0 0
609 0 0 0 0
610 0 0 0 0
611 0 0 0 0
612 0 0 0 0
613 0 0 0 0
614 0 0 0 0
615 0 0 0 0
616 0 0 0 0
617 0 0 0 0
618 0 0 0 0
619 0 0 0 0
620 0 0 0 0
621 0 0 0 0
622 0 0 0 0
623 0 0 0 0
624 0 0 0 0
625 0 0 0 0
626 0 0 0 0
627 0 0 0 0
628 0 0 0 0
629 0 0 0 0
630 0 0 0 0
631 0 0 0 0
632 0 0 0 0
633 0 0 0 0
634 0 0 0 0
635 0 0 0 0
636 0 0 0 0
637 0 0 0 0
638 0 0 0 0
639 0 0 0 0
640 0 0 0 0
641 0 0 0 0
642 0 0 0 0
643 0 0 0 0
644 0 0 0 0
645 0 0 0 0
646 0 0 0 0
647 0 0 0 0
648 0 0 0 0
649 0 0 0 0
650 0 0 0 0
651 0 0 0 0
652 0 0 0 0
653 0 0 0 0
654 0 0 0 0
655 0 0 0 0
656 0 0 0 0
657 0 0 0 0
658 0 0 0 0
659 0 0 0 0
660 0 0 0 0
661 0 0 0 0
662 0 0 0 0
663 0 0 0 0
664 0 0 0 0
665 0 0 0 0
666 0 0 0 0
667 0 0 0 0
668 0 0 0 0
669 0 0 0 0
670 0 0 0 0
671 0 0 0 0
672 0 0 0 0
673 0 0 0 0
674 0 0 0 0
675 0 0 0 0
676 0 0 0 0
677 0 0 0 0
678 0 0 0 0
679 0 0 0 0
680 0 0 0 0
681 0 0 0 0
682 0 0 0 0
683 0 0 0 0
684 0 0 0 0
685 0 0 0 0
686 0 0 0 0
687 0 0 0 0
688 0 0 0 0
689 0 0 0 0
690 0 0 0 0
691 0 0 0 0
692 0 0 0 0
693 0 0 0 0
694 0 0 0 0
695 0 0 0 0
696 0 0 0 0
697 0 0 0 0
698 0 0 0 0
699 0 0 0 0
700 0 0 0 0
701 0 0 0 0
702 0 0 0 0
703 0 0 0 0
704 0 0 0 0
705 0 0 0 0
706 0 0 0 0
707 0 0 0 0
708 0 0 0 0
709 0 0 0 0
710 0 0 0 0
711 0 0 0 0
712 0 0 0 0
713 0 0 0 0
714 0 0 0 0
715 0 0 0 0
716 0 0 0 0
717 0 0 0 0
718 0 0 0 0
719 0 0 0 0
720 0 0 0 0
721 0 0 0 0
722 0 0 0 0
723 0 0 0 0
724 0 0 0 0
725 0 0 0 0
726 0 0 0 0
727 0 0 0 0
