0 0 0 0 0
1 0 0 0 0
2 0 0 0 0
3 0 0 0 0
4 0 0 0 0
5 0 1 0 0
6 0 0 0 0
7 0 1 0 0
8 0 0 0 0
9 0 2 1 1
10 0 0 0 0
11 0 0 0 1
12 0 0 0 0
13 0 0 0 2
14 0 0 0 0
15 0 0 0 0
16 0 0 0 1
17 0 0 0 0
18 0 0 0 0
19 0 0 0 0
20 0 0 0 0
21 0 0 0 0
22 0 0 0 0
23 2 0 0 0
24 0 0 0 0
25 1 0 0 0
26 0 0 0 0
27 0 0 0 0
28 0 0 0 0
29 0 0 0 0
30 0 1 0 0
31 1 0 0 0
32 0 0 1 0
33 1 0 0 0
34 0 1 0 1
35 0 0 0 0
36 0 0 1 0
37 0 0 0 0
38 0 0 0 1
39 1 0 0 1
40 0 0 0 1
41 0 0 0 0
42 1 1 0 0
43 1 0 0 0
44 1 0 0 0
45 1 0 0 0
46 1 0 0 0
47 1 0 0 0
48 3 1 0 0
49 2 1 0 1
50 0 1 0 0
51 2 2 0 0
52 0 1 1 1
53 1 0 2 0
54 1 0 2 0
55 2 0 0 0
56 0 1 0 2
57 1 1 0 1
58 1 0 1 4
59 0 1 0 1
60 0 3 0 3
61 0 0 0 0
62 0 1 0 0
63 0 0 0 0
64 1 0 0 2
65 1 0 0 1
66 2 0 0 1
67 1 0 1 2
68 2 0 0 0
69 2 0 0 1
70 1 0 0 0
71 0 1 0 0
72 3 1 0 0
73 2 1 1 0
74 1 2 0 1
75 6 2 0 0
76 4 0 0 1
77 1 2 0 0
78 2 1 0 1
79 0 0 1 0
80 1 3 2 2
81 1 2 2 2
82 1 3 0 3
83 3 0 1 1
84 4 0 2 4
85 3 2 0 2
86 2 1 0 3
87 2 1 0 4
88 2 1 0 4
89 3 2 1 0
90 6 1 1 0
91 2 2 0 1
92 1 1 1 2
93 1 1 0 3
94 4 3 0 0
95 3 3 1 3
96 3 1 2 2
97 1 1 2 3
98 0 2 0 1
99 4 2 4 3
100 1 1 2 2
101 1 1 2 3
102 4 1 0 2
103 1 0 1 8
104 3 1 0 3
105 2 0 0 3
106 4 0 1 0
107 7 0 1 2
108 1 4 0 2
109 5 1 1 1
110 7 0 1 1
111 2 2 3 2
112 3 2 1 2
113 0 1 2 1
114 5 4 1 0
115 4 4 1 6
116 1 5 2 2
117 2 1 0 1
118 4 1 0 3
119 2 4 4 4
120 6 2 1 5
121 4 3 0 4
122 5 0 0 5
123 1 3 1 8
124 1 1 1 1
125 2 2 2 1
126 4 2 3 4
127 2 4 1 3
128 3 2 0 4
129 3 1 0 2
130 4 0 1 7
131 3 4 1 5
132 6 1 1 2
133 7 3 0 1
134 4 1 2 1
135 5 2 1 3
136 5 1 2 2
137 7 1 4 2
138 4 5 2 7
139 5 2 1 2
140 6 4 1 3
141 3 4 3 4
142 3 2 2 7
143 4 2 4 2
144 4 2 3 6
145 4 2 0 6
146 5 3 2 5
147 8 0 1 5
148 2 4 0 7
149 7 6 3 2
150 6 2 0 5
151 6 3 2 2
152 4 4 1 1
153 7 1 1 8
154 6 4 5 1
155 7 3 2 6
156 7 6 1 5
157 5 2 2 3
158 9 4 3 6
159 4 5 2 6
160 8 3 4 3
161 7 4 3 7
162 4 2 2 4
163 8 4 3 8
164 5 6 1 7
165 4 6 3 7
166 9 3 1 3
167 10 5 1 5
168 7 2 3 10
169 10 1 2 8
170 5 5 1 7
171 6 6 2 5
172 5 8 1 5
173 4 4 2 2
174 6 4 4 9
175 9 4 2 6
176 10 3 6 9
177 9 3 4 5
178 7 4 2 10
179 9 3 3 4
180 14 3 3 10
181 5 4 4 8
182 13 1 4 8
183 8 6 2 5
184 11 6 3 6
185 19 2 5 6
186 3 8 3 7
187 12 5 2 8
188 10 5 0 8
189 16 8 7 7
190 11 7 5 13
191 10 6 4 8
192 12 6 4 1
193 15 4 7 10
194 8 13 8 10
195 10 3 4 12
196 10 6 3 14
197 11 8 3 9
198 12 11 5 16
199 8 6 3 6
200 10 7 2 8
201 12 4 4 15
202 7 5 3 12
203 11 8 4 10
204 12 8 4 11
205 9 7 3 10
206 9 3 7 9
207 16 3 5 9
208 6 5 2 10
209 7 6 8 12
210 15 9 7 10
211 9 7 2 13
212 8 12 3 5
213 12 7 3 15
214 9 5 5 10
215 10 6 10 10
216 7 6 4 14
217 9 5 1 14
218 6 3 4 11
219 6 8 2 11
220 11 7 3 9
221 8 3 1 4
222 8 5 4 15
223 9 4 2 15
224 4 4 4 9
225 2 5 8 3
226 9 2 5 6
227 3 4 6 8
228 3 2 7 9
229 10 2 2 7
230 7 5 1 7
231 5 4 3 9
232 4 5 1 15
233 6 3 3 7
234 7 5 3 8
235 7 3 3 5
236 4 2 1 7
237 3 1 2 4
238 6 1 2 7
239 3 9 3 5
240 5 4 1 7
241 6 3 2 6
242 0 5 3 2
243 3 3 0 5
244 3 6 1 5
245 4 4 2 6
246 3 2 3 11
247 2 1 1 5
248 4 1 1 4
249 1 4 2 8
250 2 2 0 4
251 2 1 1 4
252 2 0 0 3
253 3 1 2 6
254 2 3 2 4
255 0 1 1 3
256 1 2 0 1
257 3 1 1 1
258 2 3 0 3
259 3 1 0 2
260 1 1 2 5
261 3 2 0 2
262 1 1 0 1
263 1 0 1 1
264 0 2 0 4
265 1 0 0 3
266 1 1 2 0
267 1 3 1 1
268 4 1 1 4
269 0 0 1 1
270 2 2 0 1
271 2 0 0 2
272 2 1 0 0
273 2 1 2 3
274 3 0 0 2
275 0 0 3 2
276 1 0 0 1
277 0 1 2 4
278 1 1 1 0
279 1 1 1 2
280 1 1 0 1
281 1 0 1 3
282 0 0 1 1
283 1 1 1 1
284 0 1 0 0
285 1 0 0 2
286 0 0 1 1
287 0 0 0 3
288 0 0 0 1
289 0 1 0 1
290 1 0 1 1
291 0 0 0 1
292 0 1 0 0
293 0 0 0 0
294 0 0 0 1
295 0 0 0 0
296 0 0 0 2
297 1 0 0 0
298 0 0 0 0
299 0 0 1 0
300 0 0 0 0
301 0 0 0 0
302 1 0 0 0
303 0 0 0 0
304 0 0 0 0
305 1 0 0 0
306 0 1 0 1
307 0 0 0 0
308 0 0 0 0
309 0 0 0 0
310 0 0 0 1
311 0 0 1 0
312 0 0 0 0
313 0 0 0 0
314 1 1 0 0
315 0 0 0 1
316 0 0 0 0
317 0 0 0 0
318 0 0 0 0
319 1 1 0 0
320 0 0 0 0
321 0 0 0 1
322 0 0 0 0
323 0 0 0 1
324 0 0 0 0
325 0 0 1 0
326 0 0 0 0
327 0 0 0 0
328 0 0 0 0
329 0 0 0 0
330 0 0 0 0
331 0 0 0 0
332 0 0 0 1
333 0 0 0 0
334 0 0 0 0
335 0 0 0 0
336 0 0 0 0
337 0 0 0 0
338 0 0 0 0
339 0 0 0 0
340 0 0 0 0
341 0 0 0 0
342 0 0 0 0
343 0 0 0 0
344 0 0 0 0
345 0 0 0 0
346 0 0 0 0
347 1 0 0 0
348 0 0 0 0
349 0 0 0 0
350 0 0 0 0
351 0 0 0 0
352 0 0 0 0
353 0 0 0 0
354 0 0 0 0
355 0 0 0 0
356 0 1 0 0
357 0 0 0 0
358 0 0 0 0
359 0 0 0 0
360 0 0 0 1
361 0 0 0 0
362 0 0 0 0
363 0 0 0 0
364 0 0 0 0
365 0 0 0 0
366 0 0 0 0
367 0 0 0 0
368 0 0 0 0
369 0 0 0 0
370 0 0 0 0
371 0 0 0 0
372 0 0 0 0
373 0 0 0 0
374 0 0 0 0
375 0 0 0 0
376 0 0 0 0
377 0 0 0 0
378 0 0 0 0
379 0 0 0 0
380 0 0 0 0
381 0 0 0 0
382 0 0 0 0
383 0 0 0 0
384 0 0 0 0
385 0 0 0 0
386 0 0 0 0
387 0 0 0 0
388 0 0 0 0
389 0 0 0 0
390 0 0 0 0
391 0 0 0 0
392 0 0 0 0
393 0 0 0 0
394 0 0 0 0
395 0 0 0 0
396 0 0 0 0
397 0 0 0 0
398 0 0 0 0
399 0 0 0 0
400 0 0 0 0
401 0 0 0 0
402 0 0 0 0
403 0 0 0 0
404 0 0 0 0
405 0 0 0 0
406 0 0 0 0
407 0 0 0 0
408 0 0 0 0
409 0 0 0 0
410 0 0 0 0
411 0 0 0 0
412 0 0 0 0
413 0 0 0 0
414 0 0 0 0
415 0 0 0 0
416 0 0 0 0
417 0 0 0 0
418 0 0 0 0
419 0 0 0 0
420 0 0 0 0
421 0 0 0 0
422 0 0 0 0
423 0 0 0 0
424 0 0 0 0
425 0 0 0 0
426 0 0 0 0
427 0 0 0 0
428 0 0 0 0
429 0 0 0 0
430 0 0 0 0
431 0 0 0 0
432 0 0 0 0
433 0 0 0 0
434 0 0 0 0
435 0 0 0 0
436 0 0 0 0
437 0 0 0 0
438 0 0 0 0
439 0 0 0 0
440 0 0 0 0
441 0 0 0 0
442 0 0 0 0
443 0 0 0 0
444 0 0 0 0
445 0 0 0 0
446 0 0 0 0
447 0 0 0 0
448 0 0 0 0
449 0 0 0 0
450 0 0 0 0
451 0 0 0 0
452 0 0 0 0
453 0 0 0 0
454 0 0 0 0
455 0 0 0 0
456 0 0 0 0
457 0 0 0 0
458 0 0 0 0
459 0 0 0 0
460 0 0 0 0
461 0 0 0 0
462 0 0 0 0
463 0 0 0 0
464 0 0 0 0
465 0 0 0 0
466 0 0 0 0
467 0 0 0 0
468 0 0 0 0
469 0 0 0 0
470 0 0 0 0
471 0 0 0 0
472 0 0 0 0
473 0 0 0 0
474 0 0 0 0
475 0 0 0 0
476 0 0 0 0
477 0 0 0 0
478 0 0 0 0
479 0 0 0 0
480 0 0 0 0
481 0 0 0 0
482 0 0 0 0
483 0 0 0 0
484 0 0 0 0
485 0 0 0 0
486 0 0 0 0
487 0 0 0 0
488 0 0 0 0
489 0 0 0 0
490 0 0 0 0
491 0 0 0 0
492 0 0 0 0
493 0 0 0 0
494 0 0 0 0
495 0 0 0 0
496 0 0 0 0
497 0 0 0 0
498 0 0 0 0
499 0 0 0 0
500 0 0 0 0
501 0 0 0 0
502 0 0 0 0
503 0 0 0 0
504 0 0 0 0
505 0 0 0 0
506 0 0 0 0
507 0 0 0 0
508 0 0 0 0
509 0 0 0 0
510 0 0 0 0
511 0 0 0 0
512 0 0 0 0
513 0 0 0 0
514 0 0 0 0
515 0 0 0 0
516 0 0 0 0
517 0 0 0 0
518 0 0 0 0
519 0 0 0 0
520 0 0 0 0
521 0 0 0 0
522 0 0 0 0
523 0 0 0 0
524 0 0 0 0
525 0 0 0 0
526 0 0 0 0
527 0 0 0 0
528 0 0 0 0
529 0 0 0 0
530 0 0 0 0
531 0 0 0 0
532 0 0 0 0
533 0 0 0 0
534 0 0 0 0
535 0 0 0 0
536 0 0 0 0
537 0 0 0 0
538 0 0 0 0
539 0 0 0 0
540 0 0 0 0
541 0 0 0 0
542 0 0 0 0
543 0 0 0 0
544 0 0 0 0
545 0 0 0 0
546 0 0 0 0
547 0 0 0 0
548 0 0 0 0
549 0 0 0 0
550 0 0 0 0
551 0 0 0 0
552 0 0 0 0
553 0 0 0 0
554 0 0 0 0
555 0 0 0 0
556 0 0 0 0
557 0 0 0 0
558 0 0 0 0
559 0 0 0 0
560 0 0 0 0
561 0 0 0 0
562 0 0 0 0
563 0 0 0 0
564 0 0 0 0
565 0 0 0 0
566 0 0 0 0
567 0 0 0 0
568 0 0 0 0
569 0 0 0 0
570 0 0 0 0
571 0 0 0 0
572 0 0 0 0
573 0 0 0 0
574 0 0 0 0
575 0 0 0 0
576 0 0 0 0
577 0 0 0 0
578 0 0 0 0
579 0 0 0 0
580 0 0 0 0
581 0 0 0 0
582 0 0 0 0
583 0 0 0 0
584 0 0 0 0
585 0 0 0 0
586 0 0 0 0
587 0 0 0 0
588 0 0 0 0
589 0 0 0 0
590 0 0 0 0
591 0 0 0 0
592 0 0 0 0
593 0 0 0 0
594 0 0 0 0
595 0 0 0 0
596 0 0 0 0
597 0 0 0 0
598 0 0 0 0
599 0 0 0 0
600 0 0 0 0
601 0 0 0 0
602 0 0 0 0
603 0 0 0 0
604 0 0 0 0
605 0 0 0 0
606 0 0 0 0
607 0 0 0 0
608 0 0 0 0
609 0 0 0 0
610 0 0 0 0
611 0 0 0 0
612 0 0 0 0
613 0 0 0 0
614 0 0 0 0
615 0 0 0 0
616 0 0 0 0
617 0 0 0 0
618 0 0 0 0
619 0 0 0 0
620 0 0 0 0
621 0 0 0 0
622 0 0 0 0
623 0 0 0 0
624 0 0 0 0
625 0 0 0 0
626 0 0 0 0
627 0 0 0 0
628 0 0 0 0
629 0 0 0 0
630 0 0 0 0
631 0 0 0 0
632 0 0 0 0
633 0 0 0 0
634 0 0 0 0
635 0 0 0 0
636 0 0 0 0
637 0 0 0 0
638 0 0 0 0
639 0 0 0 0
640 0 0 0 0
641 0 0 0 0
642 0 0 0 0
643 0 0 0 0
644 0 0 0 0
645 0 0 0 0
646 0 0 0 0
647 0 0 0 0
648 0 0 0 0
649 0 0 0 0
650 0 0 0 0
651 0 0 0 0
652 0 0 0 0
653 0 0 0 0
654 0 0 0 0
655 0 0 0 0
656 0 0 0 0
657 0 0 0 0
658 0 0 0 0
659 0 0 0 0
660 0 0 0 0
661 0 0 0 0
662 0 0 0 0
663 0 0 0 0
664 0 0 0 0
665 0 0 0 0
666 0 0 0 0
667 0 0 0 0
668 0 0 0 0
669 0 0 0 0
670 0 0 0 0
671 0 0 0 0
672 0 0 0 0
673 0 0 0 0
674 0 0 0 0
675 0 0 0 0
676 0 0 0 0
677 0 0 0 0
678 0 0 0 0
679 0 0 0 0
680 0 0 0 0
681 0 0 0 0
682 0 0 0 0
683 0 0 0 0
684 0 0 0 0
685 0 0 0 0
686 0 0 0 0
687 0 0 0 0
688 0 0 0 0
689 0 0 0 0
690 0 0 0 0
691 0 0 0 0
692 0 0 0 0
693 0 0 0 0
694 0 0 0 0
695 0 0 0 0
696 0 0 0 0
697 0 0 0 0
698 0 0 0 0
699 0 0 0 0
700 0 0 0 0
701 0 0 0 0
702 0 0 0 0
703 0 0 0 0
704 0 0 0 0
705 0 0 0 0
706 0 0 0 0
707 0 0 0 0
708 0 0 0 0
709 0 0 0 0
710 0 0 0 0
711 0 0 0 0
712 0 0 0 0
713 0 0 0 0
714 0 0 0 0
715 0 0 0 0
716 0 0 0 0
717 0 0 0 0
718 0 0 0 0
719 0 0 0 0
720 0 0 0 0
721 0 0 0 0
722 0 0 0 0
723 0 0 0 0
724 0 0 0 0
725 0 0 0 0
726 0 0 0 0
727 0 0 0 0
