0 0 0 0 0
1 0 0 0 0
2 0 0 0 0
3 0 0 0 0
4 0 0 0 0
5 0 0 1 0
6 0 0 0 0
7 0 1 0 0
8 0 0 0 0
9 0 2 1 0
10 0 0 0 0
11 0 0 0 1
12 0 0 0 1
13 0 0 0 1
14 0 0 0 0
15 0 0 0 0
16 0 0 0 2
17 0 0 0 0
18 0 0 0 0
19 0 0 0 0
20 0 0 0 0
21 0 0 0 0
22 0 0 0 0
23 1 0 0 0
24 1 0 0 0
25 0 0 0 0
26 0 0 0 0
27 0 0 0 0
28 0 1 0 0
29 0 0 0 0
30 0 0 0 0
31 0 0 0 0
32 0 0 0 0
33 0 0 1 0
34 1 0 0 0
35 0 0 0 1
36 0 0 0 0
37 0 0 0 0
38 0 0 0 0
39 1 0 0 0
40 0 0 0 1
41 0 0 0 0
42 0 0 0 0
43 1 1 0 0
44 0 1 0 0
45 1 0 0 0
46 0 0 0 0
47 0 0 0 0
48 1 1 0 0
49 0 0 0 0
50 1 0 0 1
51 0 0 0 1
52 0 0 0 0
53 2 0 0 0
54 1 0 1 0
55 1 0 0 1
56 1 0 1 0
57 2 0 1 0
58 1 1 1 0
59 0 0 1 0
60 1 1 0 0
61 0 0 0 2
62 2 0 1 2
63 0 0 1 1
64 0 0 0 1
65 0 0 1 0
66 1 1 0 1
67 1 0 1 0
68 0 0 0 0
69 1 1 0 2
70 0 0 0 2
71 0 2 0 1
72 1 0 0 0
73 0 0 0 1
74 1 0 0 0
75 1 0 0 2
76 3 0 1 0
77 4 1 0 0
78 2 0 1 0
79 2 0 0 0
80 3 0 0 0
81 5 0 1 0
82 4 0 2 0
83 2 1 1 1
84 1 0 2 1
85 3 3 1 1
86 0 1 2 2
87 1 2 0 1
88 2 2 0 2
89 1 1 1 2
90 0 4 0 3
91 2 3 1 2
92 2 1 0 5
93 1 0 1 1
94 2 2 2 3
95 5 0 0 3
96 2 0 2 1
97 2 3 0 3
98 4 0 0 2
99 3 2 0 1
100 2 3 0 0
101 3 0 0 6
102 3 2 1 0
103 1 0 1 4
104 2 2 2 2
105 6 2 1 0
106 2 2 0 0
107 1 2 2 2
108 5 0 2 1
109 4 1 2 3
110 5 3 1 2
111 3 2 1 7
112 5 0 0 3
113 5 2 2 2
114 6 2 3 2
115 1 0 3 2
116 5 1 0 1
117 4 0 4 5
118 5 3 2 5
119 4 5 3 1
120 2 3 1 1
121 4 1 4 6
122 8 3 1 6
123 6 1 3 8
124 3 1 0 2
125 4 3 0 2
126 7 3 1 5
127 6 1 3 7
128 8 2 3 4
129 5 2 1 1
130 7 3 4 0
131 4 4 3 4
132 2 2 4 6
133 7 5 1 7
134 3 1 2 5
135 8 4 2 6
136 8 5 2 3
137 13 6 0 6
138 9 2 2 3
139 6 4 3 5
140 9 6 2 4
141 9 3 5 4
142 8 6 4 7
143 7 3 2 9
144 10 3 3 10
145 5 2 3 8
146 9 8 7 9
147 14 4 6 4
148 9 1 4 6
149 13 3 6 8
150 6 3 2 8
151 11 5 4 8
152 9 4 4 3
153 11 7 3 15
154 4 6 2 6
155 11 2 2 10
156 6 9 2 7
157 9 10 2 6
158 15 10 3 7
159 10 3 5 6
160 13 7 4 15
161 6 4 2 11
162 8 8 4 9
163 10 6 4 11
164 12 7 5 13
165 7 6 0 8
166 17 6 1 6
167 7 8 2 7
168 14 9 3 8
169 14 8 6 11
170 9 4 4 12
171 14 5 9 13
172 15 3 4 11
173 16 9 10 9
174 9 4 7 7
175 19 7 5 11
176 12 5 5 8
177 16 7 2 13
178 19 11 3 11
179 9 6 5 12
180 16 7 7 11
181 13 8 6 14
182 22 12 6 12
183 15 8 5 16
184 22 9 8 13
185 20 9 5 17
186 21 9 5 18
187 22 13 9 8
188 22 6 4 12
189 27 11 9 11
190 29 11 6 19
191 30 17 2 21
192 22 14 5 16
193 13 11 8 19
194 23 19 9 18
195 22 22 8 11
196 23 11 13 17
197 24 14 6 13
198 21 4 8 25
199 23 15 10 27
200 22 18 5 23
201 18 13 11 27
202 18 10 7 16
203 18 13 10 29
204 15 10 14 20
205 17 9 12 17
206 17 13 10 17
207 16 11 5 22
208 19 17 7 24
209 10 16 8 20
210 10 8 8 20
211 8 14 9 23
212 17 12 6 23
213 11 9 7 21
214 19 9 4 15
215 14 7 4 22
216 15 6 3 26
217 15 11 8 13
218 10 4 6 24
219 6 12 5 13
220 11 7 3 15
221 8 8 8 10
222 8 7 8 9
223 10 7 3 7
224 14 5 4 17
225 10 7 7 17
226 8 10 3 20
227 9 7 3 15
228 6 5 4 9
229 6 4 4 16
230 7 6 4 10
231 10 4 3 13
232 10 4 4 11
233 6 6 7 10
234 6 8 2 9
235 7 3 7 7
236 10 7 3 5
237 8 4 1 9
238 2 2 1 9
239 9 1 4 10
240 3 7 2 9
241 2 6 6 8
242 4 5 2 8
243 7 1 2 10
244 4 7 0 8
245 5 4 4 8
246 5 3 0 8
247 0 3 1 4
248 1 5 4 9
249 2 1 2 8
250 0 5 1 4
251 1 1 6 3
252 0 1 1 7
253 6 1 1 1
254 5 0 3 8
255 1 0 0 8
256 1 0 0 4
257 2 1 0 2
258 2 2 1 4
259 3 2 1 1
260 5 1 1 1
261 2 0 0 2
262 2 2 2 2
263 2 3 0 1
264 2 0 2 2
265 0 1 2 1
266 1 1 1 5
267 1 2 1 1
268 1 2 0 2
269 3 2 2 3
270 0 1 0 4
271 0 0 1 0
272 1 1 1 3
273 0 1 1 5
274 0 1 1 2
275 0 0 0 1
276 0 0 0 2
277 3 0 1 2
278 0 1 0 1
279 2 0 0 1
280 0 0 0 1
281 1 0 0 1
282 4 0 3 1
283 1 0 0 0
284 1 0 1 1
285 2 0 0 0
286 0 0 0 2
287 0 1 0 0
288 0 2 0 1
289 2 0 1 1
290 1 2 1 0
291 1 1 2 1
292 0 0 0 1
293 0 0 0 1
294 2 1 0 1
295 0 0 0 2
296 2 1 0 0
297 1 0 0 1
298 0 0 1 4
299 0 1 1 0
300 2 0 0 1
301 0 0 0 0
302 1 0 1 1
303 0 1 0 1
304 1 0 0 0
305 1 1 2 0
306 0 0 0 2
307 0 0 1 0
308 0 0 0 0
309 1 0 1 1
310 0 0 1 1
311 1 0 0 1
312 1 0 0 2
313 0 1 0 1
314 0 1 0 1
315 0 0 0 0
316 0 0 0 0
317 0 0 0 1
318 0 0 0 0
319 0 0 0 0
320 0 1 0 0
321 1 0 1 1
322 0 0 0 0
323 2 0 0 0
324 0 0 0 0
325 0 0 0 1
326 0 1 0 0
327 1 0 0 1
328 1 1 0 0
329 1 0 0 0
330 0 0 0 1
331 1 0 0 0
332 0 0 2 1
333 0 1 0 0
334 0 0 0 0
335 1 0 0 0
336 1 1 0 2
337 0 0 0 0
338 1 1 0 0
339 0 0 0 0
340 0 1 0 2
341 1 0 0 0
342 0 1 0 0
343 0 0 1 0
344 0 0 0 1
345 1 0 0 1
346 1 1 0 0
347 1 0 0 0
348 0 0 0 0
349 0 0 0 1
350 0 0 0 2
351 1 0 0 0
352 0 1 0 0
353 0 0 0 0
354 0 0 1 0
355 2 0 1 0
356 1 0 0 0
357 0 0 0 0
358 0 0 0 1
359 0 0 0 0
360 0 0 1 0
361 0 0 1 1
362 0 0 0 1
363 0 0 0 0
364 0 1 1 0
365 0 0 0 0
366 0 0 0 0
367 0 0 0 1
368 0 0 0 2
369 0 0 0 0
370 0 0 0 0
371 0 0 0 1
372 0 0 0 0
373 1 0 0 0
374 0 0 0 0
375 2 0 0 0
376 1 0 0 0
377 0 0 0 0
378 0 1 0 0
379 0 0 0 0
380 1 2 0 0
381 2 1 0 0
382 0 0 0 0
383 1 0 0 0
384 0 0 0 1
385 1 1 0 1
386 1 2 0 0
387 0 0 0 1
388 0 0 1 1
389 0 0 0 1
390 1 0 0 1
391 0 0 0 0
392 0 0 0 1
393 0 0 0 1
394 1 1 0 0
395 0 0 1 0
396 0 0 0 0
397 1 0 0 0
398 0 0 0 0
399 2 0 2 0
400 0 0 0 0
401 0 0 0 1
402 1 0 0 1
403 2 0 0 1
404 0 0 2 0
405 0 0 0 0
406 0 0 1 1
407 0 0 0 0
408 1 0 2 1
409 1 0 0 0
410 0 0 0 1
411 2 1 0 1
412 2 0 0 1
413 0 0 1 0
414 0 0 0 0
415 1 0 0 2
416 0 0 2 0
417 1 1 1 1
418 0 1 0 0
419 0 0 0 0
420 0 0 0 2
421 0 0 0 0
422 1 1 0 1
423 0 0 0 0
424 1 0 1 2
425 0 0 0 0
426 1 0 0 1
427 1 0 1 0
428 1 0 0 0
429 1 0 0 0
430 0 0 0 0
431 1 1 0 2
432 0 1 0 0
433 2 2 0 0
434 1 0 1 0
435 0 0 0 0
436 2 0 1 0
437 2 0 0 2
438 0 1 1 2
439 0 1 0 1
440 2 0 0 1
441 2 1 1 0
442 3 0 1 1
443 3 0 0 0
444 1 0 0 0
445 3 0 0 2
446 2 2 1 1
447 0 1 2 0
448 1 0 0 1
449 1 1 1 1
450 1 1 1 1
451 2 1 1 1
452 0 1 1 0
453 0 2 0 2
454 1 1 0 2
455 1 0 1 3
456 3 2 0 2
457 2 0 0 3
458 1 0 1 1
459 3 1 0 3
460 1 0 1 2
461 0 1 1 0
462 3 0 1 0
463 0 0 0 0
464 2 0 4 1
465 2 2 0 2
466 4 1 0 2
467 1 1 0 0
468 2 0 0 3
469 3 0 0 1
470 2 0 0 1
471 0 5 2 3
472 0 1 0 1
473 3 1 2 0
474 1 1 1 0
475 2 4 0 3
476 4 0 0 1
477 1 0 0 1
478 2 3 1 5
479 0 0 1 2
480 0 0 0 2
481 1 0 2 1
482 0 1 2 4
483 2 0 0 1
484 3 1 1 0
485 3 1 0 3
486 2 0 1 2
487 4 0 2 1
488 1 1 1 1
489 3 0 1 1
490 2 1 0 0
491 3 1 0 2
492 3 3 1 2
493 4 2 0 1
494 4 2 2 2
495 3 2 1 1
496 3 1 0 3
497 2 2 1 1
498 4 0 2 4
499 4 2 0 6
500 3 2 3 1
501 2 1 0 2
502 0 2 2 1
503 3 4 2 2
504 3 2 1 5
505 5 1 2 1
506 2 1 0 3
507 5 0 1 3
508 1 1 1 2
509 3 4 0 3
510 3 2 6 5
511 1 0 0 3
512 3 1 1 1
513 3 1 1 3
514 3 3 0 4
515 3 1 2 2
516 5 3 1 4
517 5 1 0 5
518 3 3 1 3
519 4 2 2 1
520 4 2 0 0
521 5 4 3 1
522 4 1 1 3
523 3 2 0 6
524 8 2 2 3
525 3 1 1 6
526 6 4 1 3
527 8 4 0 3
528 5 1 3 5
529 7 5 2 1
530 6 3 1 3
531 6 2 3 4
532 7 4 2 4
533 4 4 1 4
534 1 5 2 4
535 5 1 4 6
536 6 2 3 6
537 7 3 3 5
538 8 4 3 6
539 3 3 1 6
540 5 1 3 4
541 4 3 3 8
542 5 5 1 7
543 6 3 2 6
544 9 3 3 3
545 12 4 3 8
546 6 4 0 2
547 4 4 4 6
548 4 4 0 1
549 3 2 3 7
550 6 8 2 3
551 7 2 3 12
552 11 3 2 6
553 5 2 5 7
554 7 4 2 4
555 2 3 1 6
556 7 2 3 6
557 6 3 4 8
558 9 1 2 6
559 8 5 3 4
560 7 2 3 9
561 7 6 4 7
562 8 5 1 1
563 4 5 1 7
564 4 2 4 7
565 6 5 2 9
566 6 4 2 3
567 1 5 2 4
568 5 3 3 6
569 5 6 1 8
570 1 2 4 9
571 5 5 5 7
572 6 1 1 4
573 6 1 2 7
574 4 3 4 5
575 3 2 0 10
576 2 2 0 4
577 5 3 2 7
578 4 3 2 9
579 4 1 1 0
580 4 3 1 1
581 4 5 2 6
582 2 4 0 4
583 2 2 4 2
584 4 0 2 4
585 1 0 2 3
586 1 4 1 3
587 4 0 1 3
588 1 1 2 6
589 1 3 1 2
590 0 1 2 9
591 2 0 2 3
592 2 3 1 4
593 1 2 1 4
594 4 1 0 2
595 1 1 0 3
596 4 1 0 4
597 2 0 1 2
598 0 2 0 1
599 0 0 3 3
600 1 2 2 2
601 0 1 1 1
602 1 1 0 2
603 1 0 1 2
604 0 0 0 2
605 0 1 1 3
606 0 1 1 1
607 0 1 0 3
608 0 0 1 0
609 0 0 0 0
610 0 0 0 2
611 0 0 0 0
612 1 0 0 3
613 0 0 0 0
614 0 0 0 1
615 0 0 0 0
616 1 0 0 0
617 2 0 0 0
618 0 0 0 0
619 0 0 0 0
620 3 0 0 0
621 0 0 1 0
622 1 0 1 0
623 0 0 0 0
624 1 0 0 0
625 1 0 2 1
626 0 0 1 1
627 0 0 0 0
628 0 0 0 0
629 0 1 1 1
630 0 0 1 1
631 0 0 1 0
632 0 0 0 1
633 0 0 1 1
634 0 0 0 1
635 1 0 0 0
636 1 0 0 1
637 0 0 0 1
638 0 0 0 1
639 0 0 0 0
640 0 1 0 0
641 0 0 0 0
642 0 0 0 0
643 0 0 0 0
644 0 0 0 0
645 2 1 0 0
646 0 0 0 0
647 0 0 0 1
648 0 0 0 0
649 1 0 0 0
650 0 1 1 0
651 0 0 0 0
652 0 0 0 1
653 0 0 0 0
654 0 0 0 0
655 0 0 0 0
656 0 0 0 0
657 0 0 0 2
658 0 0 1 0
659 1 0 0 0
660 0 0 0 0
661 0 0 0 0
662 0 0 0 0
663 0 0 0 0
664 0 0 0 0
665 0 0 0 1
666 0 0 0 0
667 0 0 0 0
668 0 0 1 0
669 0 0 0 0
670 0 0 0 0
671 0 0 0 0
672 0 0 0 1
673 0 0 0 0
674 0 0 0 0
675 1 0 0 0
676 1 0 0 0
677 0 0 0 0
678 0 0 0 0
679 0 0 0 0
680 0 0 1 0
681 0 0 0 0
682 0 0 0 0
683 1 0 0 0
684 0 0 0 1
685 0 0 1 0
686 1 0 0 0
687 0 0 0 0
688 0 0 0 0
689 0 0 0 0
690 0 0 0 0
691 0 1 0 1
692 0 0 1 0
693 0 0 0 0
694 0 0 0 0
695 0 0 0 1
696 0 0 0 1
697 0 0 0 0
698 0 0 0 0
699 0 0 0 0
700 0 0 0 0
701 0 0 0 0
702 0 0 0 0
703 0 0 0 0
704 0 0 0 0
705 0 0 0 0
706 0 0 0 0
707 0 0 0 0
708 0 0 0 0
709 0 0 0 0
710 0 0 0 0
711 0 0 0 0
712 0 0 0 0
713 0 0 0 0
714 0 0 0 0
715 0 0 0 0
716 0 0 0 0
717 0 0 0 0
718 0 0 0 0
719 0 0 0 0
720 0 0 0 0
721 0 0 0 0
722 0 0 0 0
723 0 0 0 0
724 0 0 0 0
725 0 0 0 0
726 0 0 0 0
727 0 0 0 0
