0 0 0 0 0
1 0 0 0 0
2 0 0 0 0
3 0 0 0 0
4 0 0 0 0
5 0 2 0 0
6 0 0 0 0
7 0 0 0 0
8 0 0 0 0
9 0 1 2 1
10 0 0 0 0
11 0 0 0 0
12 0 0 0 1
13 0 0 0 2
14 0 0 0 0
15 0 0 0 0
16 0 0 0 1
17 0 0 0 0
18 1 0 0 0
19 1 0 0 0
20 0 0 0 0
21 0 0 0 0
22 0 0 0 0
23 2 0 1 0
24 1 0 1 0
25 0 0 0 0
26 2 0 0 0
27 0 0 0 1
28 1 0 0 1
29 0 0 0 0
30 0 0 0 0
31 0 0 1 0
32 0 2 0 0
33 1 1 0 0
34 1 0 0 0
35 0 1 0 1
36 0 0 0 2
37 0 0 1 0
38 0 0 0 0
39 0 0 1 1
40 0 0 0 1
41 0 0 0 1
42 0 0 1 0
43 0 0 0 0
44 0 0 0 1
45 0 0 0 0
46 0 0 0 1
47 0 0 0 0
48 0 0 0 0
49 0 0 0 0
50 1 0 0 0
51 0 0 0 0
52 1 0 0 0
53 0 0 0 0
54 1 0 0 0
55 0 0 0 0
56 0 0 0 0
57 0 0 0 0
58 0 0 0 0
59 0 2 0 0
60 0 0 0 0
61 1 1 0 0
62 0 0 0 0
63 0 0 0 2
64 0 0 0 0
65 0 0 0 1
66 0 1 0 0
67 0 0 0 0
68 0 0 0 0
69 0 0 0 0
70 0 0 0 0
71 0 0 0 0
72 0 0 0 0
73 1 0 0 1
74 1 0 0 0
75 0 0 0 0
76 1 0 0 0
77 0 0 0 0
78 0 1 0 0
79 0 0 1 0
80 0 0 0 0
81 0 1 0 0
82 0 0 0 0
83 1 0 0 0
84 1 0 0 0
85 1 0 0 1
86 0 0 0 1
87 0 0 0 0
88 2 1 0 1
89 2 0 0 0
90 0 0 0 0
91 1 0 0 0
92 2 0 0 1
93 0 1 0 0
94 2 2 0 0
95 1 0 0 0
96 1 1 0 0
97 1 0 1 1
98 0 1 0 0
99 1 0 1 0
100 2 1 0 0
101 3 2 0 3
102 1 0 0 0
103 1 1 1 0
104 1 0 1 1
105 2 2 1 2
106 1 1 1 1
107 2 0 0 2
108 3 0 0 2
109 0 0 0 2
110 1 2 1 2
111 3 1 0 0
112 3 2 0 1
113 1 1 2 1
114 2 1 0 1
115 3 1 0 1
116 1 0 1 0
117 2 3 0 4
118 3 1 0 1
119 2 2 0 2
120 4 4 1 2
121 2 0 1 3
122 1 2 0 2
123 2 3 0 1
124 4 1 1 2
125 3 2 2 0
126 3 0 1 2
127 4 1 1 5
128 0 1 0 1
129 4 3 1 5
130 4 1 4 1
131 6 0 1 2
132 2 3 2 1
133 3 1 0 2
134 2 2 0 5
135 3 0 2 0
136 2 1 3 6
137 1 1 1 3
138 3 4 0 2
139 5 2 2 2
140 6 4 0 0
141 3 0 2 2
142 4 0 1 5
143 3 1 1 8
144 8 3 2 2
145 4 2 0 2
146 3 3 0 1
147 4 0 5 4
148 3 2 1 5
149 5 6 3 0
150 3 2 0 2
151 2 2 0 4
152 7 3 2 3
153 9 2 3 6
154 7 4 3 2
155 9 2 0 2
156 5 2 1 5
157 5 1 2 4
158 6 2 4 6
159 5 1 6 6
160 3 5 2 5
161 5 3 3 3
162 6 4 3 4
163 0 4 1 6
164 2 4 2 5
165 10 2 0 8
166 7 4 2 7
167 10 5 3 6
168 8 0 2 11
169 6 2 2 2
170 6 3 3 1
171 10 4 3 4
172 10 3 4 4
173 10 4 2 6
174 8 4 4 8
175 9 6 0 5
176 6 2 6 6
177 7 6 3 6
178 7 2 4 5
179 5 3 6 9
180 3 7 3 7
181 4 2 5 8
182 9 7 2 3
183 8 1 4 10
184 8 3 2 15
185 5 3 1 7
186 10 4 2 8
187 6 6 4 4
188 5 8 3 8
189 4 4 0 8
190 9 4 1 2
191 10 3 6 6
192 8 2 3 5
193 13 3 6 6
194 7 3 2 8
195 8 7 2 9
196 6 3 4 6
197 11 4 0 5
198 8 6 4 10
199 7 4 6 3
200 8 6 4 12
201 8 8 2 3
202 14 8 5 12
203 8 5 4 8
204 16 4 2 8
205 12 4 1 4
206 20 6 1 10
207 8 9 4 10
208 6 6 4 14
209 8 8 4 8
210 7 3 5 9
211 6 6 5 8
212 7 2 3 9
213 6 8 4 6
214 12 9 2 12
215 4 11 5 15
216 4 4 3 9
217 4 6 1 12
218 8 7 3 5
219 4 8 6 13
220 4 6 1 6
221 10 1 1 8
222 4 1 2 12
223 7 7 3 15
224 4 1 1 7
225 8 1 3 7
226 9 2 4 6
227 4 3 0 11
228 5 4 2 0
229 3 4 2 3
230 6 4 2 10
231 2 3 1 3
232 7 5 1 2
233 6 2 1 5
234 1 7 1 5
235 1 3 6 6
236 5 3 2 4
237 3 4 1 7
238 3 3 4 7
239 3 2 2 7
240 0 0 0 1
241 1 4 3 6
242 2 3 0 8
243 2 1 2 6
244 4 1 2 4
245 2 0 1 8
246 3 1 1 2
247 2 0 2 2
248 3 2 1 6
249 3 1 2 2
250 4 1 1 2
251 3 0 2 2
252 2 0 0 2
253 4 2 2 2
254 2 1 2 1
255 7 0 3 2
256 4 3 1 2
257 4 0 3 4
258 3 3 1 4
259 0 1 0 1
260 5 3 1 4
261 2 0 0 2
262 2 3 2 4
263 4 3 2 1
264 2 1 3 3
265 1 3 4 2
266 4 1 0 2
267 1 1 0 6
268 6 1 0 2
269 0 3 0 7
270 0 0 0 2
271 5 1 2 3
272 1 2 2 4
273 3 4 0 3
274 3 1 0 0
275 2 1 2 1
276 1 1 3 4
277 7 1 2 0
278 0 1 1 5
279 2 0 1 3
280 2 2 1 6
281 2 1 1 3
282 0 2 4 1
283 1 2 0 2
284 1 0 1 2
285 1 1 0 1
286 0 2 1 3
287 1 0 0 2
288 0 1 1 3
289 1 1 0 4
290 0 2 0 3
291 0 0 1 0
292 0 0 1 1
293 0 0 0 1
294 3 0 0 1
295 1 0 0 2
296 1 0 0 1
297 1 0 0 1
298 2 1 0 1
299 1 0 2 1
300 1 1 0 0
301 1 0 1 0
302 2 0 1 1
303 0 1 1 1
304 0 0 0 1
305 0 0 0 1
306 2 0 1 2
307 1 2 1 1
308 0 0 0 0
309 0 1 0 0
310 1 0 0 1
311 1 1 2 1
312 0 0 0 0
313 0 0 0 1
314 0 0 0 2
315 0 1 0 2
316 0 1 0 1
317 0 0 0 0
318 0 0 0 1
319 1 0 0 0
320 0 0 1 0
321 1 0 0 1
322 1 0 0 1
323 0 0 0 0
324 0 0 0 1
325 0 0 0 0
326 1 0 0 0
327 0 1 0 0
328 0 0 1 0
329 1 0 0 0
330 0 0 0 0
331 1 1 1 1
332 0 0 0 0
333 0 0 0 0
334 1 1 0 0
335 0 0 0 3
336 0 1 0 0
337 0 0 0 0
338 1 0 0 0
339 1 0 0 0
340 0 0 0 0
341 0 0 0 1
342 0 0 0 0
343 0 1 0 1
344 0 0 0 0
345 1 0 0 0
346 1 0 0 0
347 0 1 0 0
348 0 0 1 0
349 0 0 0 0
350 1 1 0 1
351 2 0 0 1
352 0 0 0 1
353 0 0 0 0
354 1 0 0 1
355 0 1 1 0
356 0 1 0 0
357 1 0 0 0
358 1 0 0 0
359 1 0 0 1
360 0 0 1 1
361 0 0 0 0
362 0 1 0 1
363 0 1 0 0
364 0 1 0 1
365 0 0 0 0
366 0 0 0 0
367 1 1 0 0
368 1 0 0 1
369 1 0 0 1
370 0 0 0 0
371 0 0 0 2
372 2 0 0 0
373 0 0 0 0
374 0 0 0 0
375 1 0 0 0
376 1 1 0 0
377 2 1 1 0
378 0 1 0 0
379 0 0 0 0
380 0 1 0 0
381 1 2 0 0
382 0 1 0 1
383 0 0 0 1
384 1 0 0 2
385 0 1 0 2
386 2 0 1 1
387 0 0 0 1
388 0 0 0 0
389 0 0 1 0
390 0 0 0 2
391 2 1 0 0
392 2 0 0 0
393 0 0 0 0
394 0 0 0 0
395 1 1 0 1
396 0 0 0 1
397 1 0 0 0
398 0 0 1 0
399 1 0 0 1
400 1 1 1 0
401 1 1 1 0
402 3 1 0 0
403 0 0 0 0
404 0 0 0 2
405 0 0 1 2
406 2 1 0 0
407 2 0 0 0
408 3 1 0 1
409 1 0 0 1
410 0 0 0 1
411 1 2 1 0
412 2 0 2 1
413 1 2 1 0
414 0 0 0 0
415 1 1 0 3
416 0 0 1 1
417 1 0 0 3
418 1 3 0 1
419 1 0 0 1
420 4 0 2 1
421 3 0 1 0
422 2 1 0 3
423 2 1 0 0
424 0 0 0 2
425 1 1 1 1
426 2 1 1 1
427 0 0 0 0
428 2 1 1 1
429 4 1 1 1
430 1 1 0 1
431 3 2 1 0
432 0 1 0 2
433 1 0 0 4
434 3 2 1 1
435 1 0 2 1
436 4 1 1 2
437 0 2 0 0
438 2 0 2 4
439 2 1 1 1
440 3 1 0 0
441 2 1 1 4
442 2 1 0 1
443 4 2 1 1
444 4 1 0 1
445 1 1 2 4
446 1 1 1 3
447 5 0 0 0
448 3 4 0 1
449 3 4 1 0
450 1 0 0 3
451 1 0 3 0
452 2 3 3 4
453 3 2 0 4
454 1 1 1 0
455 2 0 1 6
456 3 1 1 4
457 4 1 1 1
458 2 1 1 4
459 6 0 1 4
460 2 2 0 2
461 3 2 0 0
462 1 6 0 0
463 3 2 1 2
464 3 2 2 3
465 3 1 4 3
466 3 1 1 1
467 0 0 0 2
468 1 1 2 2
469 2 0 0 9
470 2 1 1 2
471 3 2 0 3
472 0 2 0 4
473 2 2 1 1
474 0 3 0 0
475 5 0 2 2
476 1 1 2 3
477 3 0 1 1
478 2 0 2 3
479 2 1 1 0
480 3 2 1 6
481 2 0 1 1
482 4 2 0 3
483 5 2 0 1
484 3 3 0 3
485 5 0 0 1
486 7 1 1 3
487 6 1 0 3
488 5 2 3 1
489 4 3 2 1
490 6 7 2 1
491 3 2 5 3
492 2 1 4 3
493 3 2 1 6
494 4 0 2 5
495 1 2 1 2
496 2 2 3 5
497 2 2 1 5
498 3 1 3 6
499 3 2 4 4
500 6 1 0 3
501 2 3 1 4
502 4 3 0 5
503 5 1 2 5
504 7 0 1 1
505 1 2 2 2
506 3 0 0 5
507 7 2 2 2
508 8 3 2 4
509 4 4 3 4
510 4 1 1 1
511 8 2 1 3
512 8 2 2 5
513 3 2 3 5
514 5 1 2 1
515 4 3 1 4
516 5 6 2 4
517 6 5 4 5
518 7 2 2 3
519 6 2 1 2
520 4 2 5 9
521 7 1 5 6
522 2 2 1 4
523 3 5 4 4
524 7 5 1 8
525 6 3 2 5
526 5 0 7 3
527 2 2 2 5
528 8 2 2 8
529 7 3 3 5
530 7 2 2 11
531 3 0 1 3
532 7 3 1 3
533 11 3 4 7
534 6 6 4 7
535 8 3 2 2
536 6 1 3 3
537 4 4 0 3
538 4 7 5 7
539 7 6 1 7
540 7 5 1 4
541 9 5 3 7
542 14 2 2 6
543 12 0 2 5
544 9 4 4 7
545 11 5 4 11
546 12 4 3 5
547 8 7 3 3
548 8 3 4 10
549 12 6 2 7
550 12 8 5 3
551 15 5 8 8
552 10 5 9 10
553 10 2 5 7
554 13 6 3 12
555 10 6 7 10
556 9 11 4 12
557 11 4 4 11
558 6 6 5 11
559 10 6 6 11
560 6 6 4 9
561 12 8 3 7
562 11 8 2 14
563 10 4 4 13
564 15 4 5 12
565 12 3 3 13
566 7 6 4 9
567 10 1 7 8
568 10 5 4 8
569 13 8 7 10
570 14 9 8 5
571 12 7 6 9
572 8 3 4 7
573 10 6 4 14
574 13 3 2 15
575 7 9 2 14
576 6 3 4 12
577 7 9 2 11
578 8 8 7 9
579 6 6 3 11
580 6 12 4 8
581 7 5 3 6
582 11 2 2 12
583 5 10 4 8
584 3 5 1 13
585 4 5 3 14
586 3 7 4 7
587 5 8 4 15
588 4 1 3 3
589 10 1 1 6
590 5 1 3 12
591 4 3 2 10
592 1 3 4 4
593 5 0 1 7
594 7 8 4 7
595 5 2 1 8
596 5 1 0 6
597 5 2 0 3
598 5 1 2 2
599 4 5 2 6
600 4 4 2 2
601 4 3 1 9
602 6 5 1 2
603 5 2 4 6
604 6 3 1 5
605 2 1 2 5
606 0 3 0 6
607 3 4 2 7
608 0 5 1 2
609 2 3 2 5
610 1 2 1 5
611 0 0 2 2
612 1 3 1 4
613 1 3 1 2
614 2 1 2 6
615 1 0 1 3
616 2 0 1 4
617 2 0 0 6
618 2 1 1 3
619 2 1 1 3
620 0 1 0 1
621 3 2 0 2
622 1 0 0 1
623 2 1 0 1
624 1 1 0 1
625 1 1 0 3
626 2 2 1 1
627 2 1 0 0
628 2 2 0 1
629 3 1 0 1
630 0 1 1 1
631 1 1 2 2
632 1 2 0 1
633 1 1 0 3
634 0 0 3 2
635 1 0 0 3
636 1 0 1 2
637 0 0 2 2
638 0 1 0 3
639 0 0 0 0
640 0 1 0 1
641 1 0 1 1
642 0 1 0 0
643 0 0 0 0
644 0 1 0 3
645 1 0 0 2
646 0 1 0 0
647 1 0 0 0
648 0 0 0 1
649 0 0 0 1
650 1 0 1 1
651 1 0 0 0
652 0 1 0 0
653 0 0 0 0
654 0 0 0 1
655 0 0 1 0
656 0 0 0 1
657 0 0 0 0
658 0 0 0 0
659 0 0 0 0
660 0 0 1 0
661 0 0 0 0
662 0 0 0 1
663 0 0 0 0
664 0 0 0 0
665 1 0 0 0
666 0 0 0 0
667 0 0 0 1
668 0 0 0 0
669 0 0 0 0
670 0 0 0 0
671 0 0 0 0
672 0 0 0 0
673 0 0 0 0
674 0 0 1 0
675 0 0 0 0
676 0 0 0 0
677 0 0 0 0
678 0 0 0 1
679 0 0 0 0
680 0 0 0 0
681 0 0 0 0
682 0 0 0 0
683 0 0 0 0
684 0 0 0 0
685 0 0 0 0
686 0 0 0 0
687 0 0 0 0
688 0 0 0 0
689 0 0 0 0
690 0 0 0 0
691 0 0 0 0
692 0 0 0 0
693 0 0 0 0
694 0 0 0 0
695 0 0 0 0
696 0 0 0 0
697 0 0 0 0
698 0 0 0 0
699 0 0 0 0
700 0 0 0 0
701 0 0 0 0
702 0 0 0 0
703 0 0 0 0
704 0 0 0 0
705 0 0 0 0
706 0 0 0 0
707 0 0 0 0
708 0 0 0 0
709 0 0 0 0
710 0 0 0 0
711 0 0 0 0
712 0 0 0 0
713 0 0 0 0
714 0 0 0 0
715 0 0 0 0
716 0 0 0 0
717 0 0 0 0
718 0 0 0 0
719 0 0 0 0
720 0 0 0 0
721 0 0 0 0
722 0 0 0 0
723 0 0 0 0
724 0 0 0 0
725 0 0 0 0
726 0 0 0 0
727 0 0 0 0
