0 0 0 0 0
1 0 0 0 0
2 0 0 0 0
3 0 0 0 0
4 0 0 0 0
5 0 2 1 0
6 0 0 0 0
7 0 0 0 0
8 0 0 0 0
9 0 2 0 2
10 0 0 0 0
11 0 0 0 0
12 0 0 0 1
13 0 0 0 2
14 0 0 0 0
15 0 0 0 0
16 0 0 0 0
17 1 0 0 0
18 0 0 0 0
19 1 0 0 0
20 2 0 0 0
21 0 0 0 0
22 0 1 0 0
23 1 0 0 0
24 0 1 0 0
25 0 1 0 0
26 1 0 0 0
27 1 0 0 0
28 2 1 0 0
29 2 0 1 2
30 0 0 0 0
31 1 1 0 1
32 1 0 0 0
33 1 0 0 0
34 1 0 1 0
35 1 0 0 2
36 0 0 1 1
37 0 3 0 0
38 1 1 0 1
39 1 1 0 0
40 0 1 1 1
41 0 0 0 0
42 0 0 0 0
43 1 1 0 1
44 0 0 2 4
45 1 0 0 1
46 1 0 0 0
47 1 0 0 2
48 0 0 0 2
49 2 0 0 0
50 0 0 0 0
51 2 0 0 0
52 2 1 1 0
53 4 0 0 0
54 1 2 0 0
55 1 1 0 0
56 0 1 0 1
57 2 1 0 0
58 1 3 1 1
59 0 1 0 2
60 2 2 0 1
61 1 0 1 1
62 0 1 1 2
63 1 0 0 1
64 1 0 0 1
65 1 1 0 3
66 0 1 0 1
67 0 1 1 1
68 1 1 0 0
69 1 1 0 3
70 0 0 0 1
71 1 0 0 1
72 1 0 0 1
73 1 0 2 1
74 3 0 1 1
75 3 0 0 0
76 6 0 1 0
77 3 1 0 0
78 4 1 1 0
79 3 1 0 0
80 3 0 2 2
81 4 3 1 1
82 2 1 2 1
83 1 1 3 1
84 3 2 1 3
85 1 2 1 5
86 1 1 0 3
87 4 2 2 3
88 2 1 0 0
89 7 4 0 2
90 2 3 1 2
91 3 1 0 3
92 2 2 1 2
93 4 0 1 2
94 1 4 2 5
95 2 1 0 0
96 1 1 1 4
97 3 2 2 3
98 3 2 1 5
99 2 0 1 4
100 5 3 1 2
101 6 1 0 4
102 8 3 1 2
103 5 2 1 0
104 5 2 0 2
105 6 2 0 1
106 8 3 0 3
107 6 3 3 5
108 3 1 2 3
109 4 1 4 2
110 3 7 3 5
111 3 4 2 4
112 5 4 2 4
113 2 4 2 3
114 5 1 1 9
115 7 3 3 5
116 3 5 0 3
117 6 3 1 4
118 2 3 0 4
119 2 3 1 9
120 3 2 2 9
121 1 1 3 3
122 4 5 1 5
123 4 3 0 4
124 3 3 1 3
125 4 1 2 1
126 6 2 2 2
127 6 1 0 3
128 7 3 1 4
129 3 1 1 7
130 6 2 1 4
131 9 4 3 3
132 5 4 1 3
133 4 3 3 2
134 5 1 0 2
135 9 2 3 7
136 7 4 3 4
137 9 3 1 6
138 7 4 2 3
139 8 1 4 5
140 4 3 4 6
141 4 6 2 3
142 9 4 1 6
143 6 4 5 6
144 7 8 3 6
145 10 4 1 7
146 10 6 1 6
147 6 5 4 7
148 4 3 1 10
149 10 4 2 2
150 4 5 1 8
151 1 3 1 10
152 5 3 4 6
153 8 5 2 5
154 7 9 4 7
155 12 7 2 1
156 8 2 1 10
157 7 0 2 10
158 11 6 3 11
159 8 2 4 5
160 10 7 0 6
161 6 5 4 6
162 10 4 2 6
163 11 4 4 3
164 11 5 3 7
165 7 6 1 14
166 8 6 3 5
167 7 7 5 7
168 11 6 5 6
169 8 4 3 8
170 10 2 3 3
171 13 5 5 12
172 12 3 7 11
173 17 9 2 8
174 15 6 2 7
175 13 5 4 10
176 14 2 6 10
177 12 8 6 10
178 7 7 10 10
179 12 8 6 8
180 18 7 3 6
181 7 5 7 9
182 16 4 4 16
183 13 11 3 9
184 12 5 9 9
185 15 13 6 16
186 13 7 4 15
187 16 6 8 16
188 15 6 3 12
189 17 7 6 20
190 22 8 5 12
191 21 9 3 14
192 22 12 3 6
193 11 9 5 14
194 9 7 8 13
195 15 10 5 11
196 17 6 11 11
197 11 11 8 14
198 15 8 6 15
199 17 7 7 14
200 12 13 8 12
201 16 9 11 16
202 14 9 6 20
203 12 9 6 18
204 9 10 3 21
205 10 8 6 17
206 14 9 6 12
207 10 7 6 16
208 12 14 3 17
209 8 8 3 11
210 9 5 5 20
211 7 12 6 13
212 11 3 2 14
213 5 8 4 11
214 4 5 2 13
215 6 6 1 13
216 6 6 4 8
217 9 3 6 12
218 9 7 3 13
219 6 8 4 5
220 3 3 2 12
221 10 6 4 7
222 9 5 1 9
223 7 3 1 12
224 10 4 2 9
225 7 2 3 9
226 9 8 2 8
227 4 5 6 5
228 7 4 2 9
229 6 3 2 8
230 4 3 4 5
231 9 6 5 8
232 9 4 1 3
233 7 5 3 11
234 5 2 2 9
235 10 2 3 9
236 3 3 6 4
237 6 7 2 9
238 6 4 3 7
239 6 4 3 4
240 6 4 5 6
241 6 2 3 6
242 2 7 1 6
243 4 1 4 12
244 2 3 1 11
245 6 2 2 7
246 2 4 2 4
247 3 3 0 6
248 3 3 2 3
249 5 5 0 6
250 0 2 1 6
251 4 1 2 4
252 1 5 0 6
253 5 0 1 4
254 5 4 4 3
255 2 0 0 3
256 2 5 1 7
257 1 1 2 3
258 1 1 2 5
259 2 1 4 2
260 2 0 1 6
261 3 2 0 4
262 3 2 2 3
263 2 0 0 2
264 5 0 1 3
265 2 0 2 0
266 1 2 0 6
267 1 3 0 0
268 1 2 2 2
269 1 2 1 4
270 1 3 1 0
271 1 2 0 2
272 0 0 0 2
273 1 1 2 3
274 2 1 0 4
275 4 0 0 4
276 1 1 0 2
277 2 0 0 4
278 2 0 1 1
279 3 1 2 0
280 2 1 1 2
281 2 0 1 0
282 2 2 0 1
283 0 2 0 2
284 0 3 1 0
285 1 0 2 0
286 0 1 1 3
287 0 0 0 4
288 0 1 1 4
289 1 0 0 0
290 1 1 1 3
291 0 1 1 1
292 0 0 0 1
293 0 0 0 0
294 0 1 0 0
295 0 0 0 2
296 1 0 0 1
297 1 0 0 1
298 1 0 0 2
299 0 0 1 0
300 0 0 0 0
301 2 0 0 1
302 2 0 0 0
303 0 1 0 1
304 1 0 0 0
305 2 0 1 0
306 1 1 1 0
307 2 0 1 0
308 1 0 0 0
309 0 0 0 1
310 0 2 0 1
311 1 1 0 1
312 0 0 1 0
313 0 1 1 2
314 0 1 0 1
315 0 0 1 1
316 0 2 0 0
317 0 0 0 2
318 0 0 0 1
319 0 0 0 1
320 0 0 0 1
321 0 0 0 1
322 1 0 0 1
323 0 0 0 1
324 0 0 0 0
325 0 0 0 0
326 1 0 0 0
327 0 1 0 0
328 2 0 0 0
329 1 0 0 0
330 0 0 0 0
331 2 0 0 0
332 2 0 0 0
333 0 0 0 0
334 1 1 0 1
335 0 1 0 0
336 1 1 0 0
337 0 2 0 0
338 0 0 1 0
339 0 0 1 2
340 0 1 0 0
341 0 2 0 1
342 0 0 0 0
343 0 0 0 3
344 0 0 0 1
345 0 0 0 1
346 1 0 0 0
347 0 0 0 0
348 1 0 0 2
349 0 0 0 0
350 0 0 0 0
351 0 1 0 0
352 2 0 0 0
353 1 1 0 0
354 0 0 0 0
355 1 0 0 0
356 0 0 0 0
357 0 0 1 1
358 1 0 0 1
359 0 0 0 0
360 1 0 0 0
361 0 1 0 0
362 0 1 1 0
363 0 0 0 0
364 0 0 0 1
365 0 0 0 0
366 0 0 0 1
367 0 1 0 0
368 0 0 0 1
369 0 1 0 1
370 0 0 0 0
371 0 0 0 0
372 0 0 0 0
373 0 0 0 1
374 0 0 0 1
375 0 0 0 0
376 0 0 0 0
377 0 0 0 0
378 1 0 0 0
379 1 0 0 0
380 0 0 0 0
381 0 0 0 0
382 1 0 0 0
383 1 0 0 0
384 1 0 0 0
385 0 0 0 0
386 1 0 0 0
387 0 1 0 0
388 0 1 1 0
389 0 0 0 0
390 0 0 0 0
391 1 1 1 1
392 0 0 0 1
393 0 1 0 0
394 0 0 0 0
395 0 0 0 2
396 0 1 0 0
397 0 0 0 1
398 0 0 0 1
399 0 0 0 0
400 0 0 0 1
401 0 0 0 0
402 0 0 0 0
403 0 0 0 0
404 1 0 0 0
405 0 0 0 0
406 2 0 0 0
407 0 0 0 0
408 0 0 0 0
409 0 1 0 0
410 0 0 0 0
411 0 0 0 0
412 0 0 0 0
413 1 0 0 1
414 0 0 0 0
415 0 2 0 0
416 1 0 0 0
417 1 0 0 0
418 0 0 0 0
419 1 0 0 1
420 0 0 0 0
421 0 0 0 0
422 0 2 0 1
423 0 0 0 0
424 0 1 0 0
425 0 0 1 0
426 0 0 0 2
427 0 0 0 0
428 0 0 0 1
429 0 0 0 0
430 0 0 0 0
431 0 0 0 0
432 0 0 0 1
433 0 0 0 0
434 0 0 0 0
435 1 0 0 0
436 0 0 0 0
437 0 0 0 0
438 0 0 0 0
439 1 0 0 0
440 0 1 0 0
441 1 0 0 0
442 0 0 0 0
443 0 0 0 0
444 0 0 0 0
445 0 0 0 0
446 0 1 0 0
447 0 0 0 1
448 0 1 0 0
449 0 0 0 0
450 0 0 0 0
451 0 0 0 0
452 0 0 0 1
453 0 0 0 1
454 0 0 0 0
455 0 0 0 0
456 0 0 0 0
457 0 0 0 0
458 0 0 0 0
459 0 0 0 0
460 1 0 0 0
461 1 0 0 0
462 0 0 0 0
463 0 0 0 0
464 0 0 0 0
465 1 1 0 0
466 0 0 1 0
467 0 0 0 0
468 0 0 0 0
469 0 0 0 1
470 0 1 0 1
471 1 0 0 0
472 0 0 0 0
473 0 0 0 0
474 0 0 0 0
475 0 0 0 0
476 0 1 0 0
477 0 0 0 1
478 1 0 0 0
479 0 0 0 0
480 0 0 0 0
481 0 0 0 0
482 0 0 0 0
483 0 0 1 1
484 1 0 0 0
485 0 0 0 0
486 0 0 0 0
487 0 0 0 1
488 0 0 0 0
489 1 0 0 0
490 0 0 0 0
491 0 0 0 0
492 1 0 0 0
493 0 0 1 0
494 0 0 0 0
495 0 0 0 0
496 0 0 0 0
497 1 0 1 1
498 0 1 0 0
499 0 0 0 0
500 0 0 0 0
501 0 0 0 1
502 1 1 0 0
503 0 0 0 0
504 0 0 0 0
505 0 0 0 1
506 0 0 0 1
507 0 1 0 0
508 0 0 0 0
509 0 0 0 0
510 0 0 0 0
511 0 0 0 0
512 1 0 0 0
513 0 0 0 0
514 0 0 0 1
515 0 0 0 0
516 0 0 0 0
517 0 1 0 0
518 0 0 0 0
519 1 0 0 0
520 0 0 0 0
521 2 0 0 0
522 0 0 0 0
523 0 0 0 0
524 0 0 0 1
525 0 0 0 0
526 0 1 0 0
527 0 0 0 0
528 0 1 0 0
529 0 0 0 0
530 0 0 1 1
531 1 0 0 0
532 0 0 0 1
533 0 0 0 0
534 1 0 0 1
535 0 0 0 0
536 1 1 0 0
537 0 0 0 0
538 0 0 0 0
539 0 0 1 0
540 0 0 0 0
541 0 1 0 0
542 0 0 0 0
543 0 0 0 2
544 0 0 0 0
545 0 0 0 1
546 0 0 0 0
547 1 0 0 0
548 0 0 0 0
549 0 0 0 0
550 0 0 0 0
551 1 0 0 0
552 0 0 0 0
553 0 0 0 0
554 1 0 0 0
555 0 0 0 0
556 2 1 1 0
557 0 0 0 0
558 1 0 0 0
559 0 1 0 0
560 0 0 0 0
561 2 0 1 0
562 2 0 0 0
563 1 0 0 3
564 1 0 0 0
565 0 1 0 0
566 0 1 0 0
567 1 2 0 0
568 0 1 0 1
569 1 0 0 0
570 1 0 1 1
571 0 0 1 2
572 0 0 0 2
573 0 1 0 0
574 0 1 0 1
575 0 0 1 0
576 0 1 0 0
577 0 0 0 0
578 1 0 0 1
579 0 0 0 1
580 1 0 0 2
581 1 0 0 1
582 1 0 0 0
583 1 0 0 0
584 0 0 0 0
585 1 0 0 0
586 1 0 0 0
587 0 1 0 0
588 0 0 0 0
589 0 1 0 0
590 0 0 1 0
591 1 2 0 1
592 1 1 0 0
593 0 0 0 0
594 0 1 0 0
595 0 0 0 0
596 0 0 0 1
597 0 0 0 1
598 0 0 0 3
599 1 0 0 1
600 0 0 1 0
601 1 1 0 0
602 0 0 0 0
603 1 0 0 0
604 0 0 0 0
605 0 0 0 1
606 0 1 0 0
607 0 0 0 1
608 0 1 1 0
609 0 0 0 0
610 0 0 0 1
611 0 0 0 0
612 0 0 0 1
613 0 0 0 0
614 0 0 0 0
615 0 0 0 1
616 0 0 0 0
617 0 0 0 0
618 0 0 0 0
619 0 0 0 0
620 0 0 0 0
621 0 0 0 0
622 0 0 0 0
623 0 0 0 0
624 0 0 0 0
625 0 0 0 0
626 0 0 0 0
627 0 0 0 0
628 0 0 0 0
629 0 0 0 0
630 0 0 0 0
631 0 0 0 0
632 0 0 0 0
633 0 0 0 0
634 0 0 0 0
635 0 0 0 0
636 0 0 0 0
637 0 0 0 0
638 0 0 0 0
639 0 0 0 0
640 0 0 0 0
641 0 0 0 0
642 0 0 0 0
643 0 0 0 0
644 0 0 0 0
645 0 0 0 0
646 0 0 0 0
647 0 0 0 0
648 0 0 0 0
649 0 0 0 0
650 0 0 0 0
651 0 0 0 0
652 0 0 0 0
653 0 0 0 0
654 0 0 0 0
655 0 0 0 0
656 0 0 0 0
657 0 0 0 0
658 0 0 0 0
659 0 0 0 0
660 0 0 0 0
661 0 0 0 0
662 0 0 0 0
663 0 0 0 0
664 0 0 0 0
665 0 0 0 0
666 0 0 0 0
667 0 0 0 0
668 0 0 0 0
669 0 0 0 0
670 0 0 0 0
671 0 0 0 0
672 0 0 0 0
673 0 0 0 0
674 0 0 0 0
675 0 0 0 0
676 0 0 0 0
677 0 0 0 0
678 0 0 0 0
679 0 0 0 0
680 0 0 0 0
681 0 0 0 0
682 0 0 0 0
683 0 0 0 0
684 0 0 0 0
685 0 0 0 0
686 0 0 0 0
687 0 0 0 0
688 0 0 0 0
689 0 0 0 0
690 0 0 0 0
691 0 0 0 0
692 0 0 0 0
693 0 0 0 0
694 0 0 0 0
695 0 0 0 0
696 0 0 0 0
697 0 0 0 0
698 0 0 0 0
699 0 0 0 0
700 0 0 0 0
701 0 0 0 0
702 0 0 0 0
703 0 0 0 0
704 0 0 0 0
705 0 0 0 0
706 0 0 0 0
707 0 0 0 0
708 0 0 0 0
709 0 0 0 0
710 0 0 0 0
711 0 0 0 0
712 0 0 0 0
713 0 0 0 0
714 0 0 0 0
715 0 0 0 0
716 0 0 0 0
717 0 0 0 0
718 0 0 0 0
719 0 0 0 0
720 0 0 0 0
721 0 0 0 0
722 0 0 0 0
723 0 0 0 0
724 0 0 0 0
725 0 0 0 0
726 0 0 0 0
727 0 0 0 0
