0 0 0 0 0
1 0 0 0 0
2 0 0 0 0
3 0 0 0 0
4 0 0 0 0
5 0 0 3 0
6 0 0 0 0
7 0 0 0 0
8 0 0 0 0
9 0 1 1 0
10 0 0 0 0
11 0 0 0 1
12 0 0 0 2
13 0 0 0 1
14 0 0 0 0
15 0 0 0 0
16 0 0 0 1
17 0 0 0 0
18 0 0 0 0
19 0 0 0 0
20 0 0 0 0
21 0 0 0 0
22 0 0 0 0
23 0 0 0 0
24 0 0 0 0
25 0 0 0 0
26 1 0 0 0
27 0 0 0 0
28 0 0 0 0
29 0 0 0 0
30 1 0 0 0
31 1 0 0 0
32 0 0 0 0
33 0 0 0 0
34 0 0 0 0
35 0 1 1 0
36 0 0 1 0
37 0 0 0 0
38 0 0 0 0
39 0 0 0 1
40 0 0 0 1
41 0 0 0 0
42 0 0 0 1
43 0 0 0 0
44 0 0 0 0
45 0 0 0 0
46 0 0 0 0
47 0 0 0 0
48 0 0 0 0
49 1 0 0 0
50 0 0 0 0
51 0 0 0 0
52 0 0 0 0
53 0 0 0 0
54 0 0 0 0
55 0 0 0 0
56 0 0 0 0
57 0 0 0 0
58 0 0 1 0
59 0 0 0 0
60 0 0 0 0
61 0 0 0 0
62 0 0 0 0
63 0 0 0 0
64 0 0 0 0
65 0 0 0 1
66 0 0 0 0
67 0 0 0 0
68 0 0 0 0
69 0 0 0 0
70 0 0 0 0
71 0 0 0 0
72 0 0 0 0
73 0 0 0 0
74 1 0 0 0
75 0 0 0 0
76 0 0 0 0
77 2 0 0 0
78 1 0 0 0
79 0 1 0 0
80 1 0 0 0
81 0 0 0 0
82 0 0 1 0
83 0 0 1 0
84 1 0 0 0
85 1 0 0 0
86 0 0 1 2
87 0 0 0 0
88 0 0 0 0
89 0 1 1 0
90 0 0 1 2
91 0 0 0 0
92 0 0 0 0
93 0 0 0 1
94 0 0 0 1
95 0 0 0 0
96 0 0 0 1
97 0 0 0 0
98 0 0 0 0
99 2 0 0 0
100 1 0 0 0
101 0 0 0 0
102 0 0 0 0
103 0 0 0 0
104 1 0 1 0
105 0 0 1 0
106 1 0 0 0
107 1 0 0 0
108 0 1 0 0
109 0 1 0 1
110 0 0 0 0
111 1 0 0 1
112 0 1 0 0
113 0 0 0 0
114 1 0 0 0
115 0 0 1 1
116 1 0 0 1
117 0 0 0 0
118 2 0 0 0
119 1 0 0 1
120 2 1 0 0
121 1 0 1 0
122 0 0 0 1
123 1 2 0 0
124 2 0 1 1
125 1 1 1 1
126 1 0 0 0
127 2 1 0 0
128 1 0 0 0
129 3 0 0 0
130 1 1 0 2
131 2 1 0 1
132 1 1 2 2
133 1 1 1 0
134 0 0 2 2
135 0 2 0 0
136 0 1 1 1
137 2 0 0 0
138 0 0 1 1
139 1 0 0 2
140 0 1 0 4
141 0 1 0 2
142 0 2 0 2
143 3 0 1 0
144 0 0 0 0
145 1 0 0 2
146 2 0 0 1
147 2 0 0 1
148 1 2 1 0
149 2 0 0 1
150 1 0 1 1
151 1 2 0 0
152 2 1 2 2
153 6 0 1 0
154 3 1 0 0
155 0 0 0 2
156 2 0 1 2
157 3 1 0 1
158 1 1 2 2
159 4 2 1 1
160 3 0 0 2
161 1 0 1 0
162 2 3 4 1
163 2 0 2 1
164 1 1 2 1
165 2 3 2 2
166 1 0 0 3
167 1 1 0 1
168 3 1 0 2
169 3 0 0 9
170 3 1 2 1
171 1 1 1 2
172 3 2 0 3
173 4 2 1 0
174 4 1 0 1
175 5 0 2 2
176 5 1 1 1
177 7 1 2 3
178 3 1 1 1
179 8 3 0 1
180 6 0 2 2
181 4 3 1 1
182 6 3 3 2
183 8 2 2 3
184 5 7 2 4
185 5 2 4 5
186 5 4 2 7
187 8 4 0 3
188 4 3 1 5
189 7 4 2 5
190 1 4 0 5
191 2 4 1 7
192 5 7 3 6
193 5 4 1 7
194 4 2 3 3
195 3 2 2 3
196 6 3 2 9
197 5 5 1 3
198 4 5 1 7
199 3 0 3 5
200 4 0 2 8
201 3 2 2 5
202 6 3 2 3
203 4 3 1 3
204 4 3 1 4
205 3 0 2 6
206 7 2 4 4
207 4 3 1 4
208 4 3 2 4
209 8 7 0 3
210 1 2 0 6
211 3 4 3 4
212 3 1 2 3
213 2 1 1 6
214 2 3 4 3
215 1 4 0 7
216 5 2 0 7
217 4 2 1 2
218 4 3 1 4
219 4 0 2 3
220 3 2 1 2
221 2 4 1 6
222 2 1 2 4
223 3 3 0 3
224 3 3 0 5
225 1 4 0 3
226 2 2 1 2
227 2 2 0 2
228 0 1 1 4
229 3 5 0 2
230 1 0 2 2
231 2 0 2 1
232 0 2 1 4
233 1 0 0 4
234 1 1 0 3
235 0 1 0 2
236 0 2 3 6
237 1 0 0 1
238 2 1 0 2
239 1 1 0 1
240 2 0 0 3
241 2 0 0 0
242 2 1 1 0
243 2 0 0 2
244 3 1 0 0
245 2 0 0 1
246 2 0 0 3
247 1 2 1 0
248 4 0 2 1
249 2 2 3 0
250 3 1 2 0
251 2 1 2 0
252 1 0 1 0
253 1 2 1 4
254 0 1 2 4
255 0 1 1 4
256 0 0 0 2
257 0 2 0 2
258 1 0 1 3
259 1 1 0 3
260 0 0 2 2
261 0 0 0 3
262 1 0 0 1
263 0 0 1 1
264 1 0 1 0
265 2 0 0 0
266 1 0 0 1
267 0 0 0 1
268 0 0 0 1
269 2 1 0 0
270 1 1 1 1
271 0 0 0 0
272 0 0 0 0
273 1 0 0 0
274 0 1 1 2
275 2 1 1 0
276 1 0 0 1
277 0 0 0 0
278 0 2 0 0
279 0 0 0 1
280 0 0 1 0
281 0 1 0 2
282 0 0 0 1
283 0 0 0 0
284 0 1 0 1
285 0 0 0 2
286 0 0 0 0
287 0 0 0 0
288 0 0 0 2
289 0 0 0 0
290 0 0 0 0
291 0 0 0 0
292 1 0 0 0
293 0 0 0 0
294 0 0 0 0
295 0 0 0 0
296 1 0 0 0
297 2 1 0 0
298 0 0 0 0
299 1 0 0 0
300 1 0 0 0
301 0 0 0 0
302 1 0 1 0
303 0 0 0 0
304 0 1 1 1
305 0 0 1 0
306 0 0 0 0
307 0 0 0 0
308 1 0 0 2
309 0 1 0 1
310 0 0 0 0
311 0 1 0 1
312 0 0 0 0
313 0 0 1 0
314 0 0 0 0
315 0 0 0 1
316 0 0 0 1
317 1 0 0 0
318 0 0 0 0
319 0 0 0 0
320 0 0 0 1
321 1 0 0 0
322 0 0 1 0
323 1 0 0 0
324 1 0 0 0
325 0 0 0 0
326 0 0 0 0
327 0 0 0 0
328 0 0 1 0
329 0 0 0 1
330 0 0 0 0
331 0 0 0 0
332 0 0 1 1
333 0 0 1 0
334 0 0 0 0
335 0 0 0 0
336 0 0 0 0
337 0 0 0 0
338 1 0 0 0
339 1 0 0 1
340 1 0 0 1
341 0 0 0 0
342 0 0 0 0
343 0 0 0 0
344 0 0 0 0
345 0 0 1 0
346 0 0 0 0
347 0 1 0 0
348 0 1 0 0
349 0 0 0 1
350 0 0 0 0
351 0 0 0 1
352 0 0 0 1
353 0 0 0 0
354 0 0 0 0
355 0 0 0 0
356 0 0 0 0
357 0 0 0 0
358 0 0 0 0
359 0 0 0 0
360 0 0 0 0
361 1 0 0 0
362 1 0 0 0
363 1 0 0 0
364 0 0 0 0
365 0 0 0 0
366 0 1 0 0
367 0 0 1 0
368 0 0 0 0
369 0 0 0 0
370 1 0 0 0
371 0 0 0 0
372 0 0 1 0
373 0 0 0 1
374 0 0 0 1
375 0 0 1 0
376 0 0 0 1
377 0 0 0 0
378 0 0 0 0
379 0 0 0 1
380 0 0 0 0
381 0 0 0 0
382 0 0 0 0
383 0 0 0 0
384 1 0 0 0
385 0 0 0 0
386 1 0 0 0
387 0 0 0 0
388 0 0 0 0
389 1 0 0 0
390 0 0 0 0
391 0 1 0 0
392 0 0 0 0
393 0 0 1 0
394 0 0 0 0
395 0 0 0 1
396 0 0 0 0
397 0 0 0 1
398 0 1 0 0
399 0 0 0 0
400 0 0 0 0
401 0 0 0 0
402 0 0 0 0
403 0 0 0 0
404 0 0 0 0
405 1 0 0 1
406 2 0 0 0
407 1 0 0 0
408 0 0 0 0
409 1 0 0 0
410 0 0 1 0
411 0 0 0 0
412 1 0 0 0
413 1 0 0 0
414 0 0 0 1
415 0 1 1 0
416 0 1 0 0
417 1 0 0 0
418 0 2 0 0
419 0 0 0 1
420 0 0 0 0
421 0 1 0 0
422 0 0 0 2
423 0 0 0 1
424 1 0 0 0
425 0 0 0 2
426 0 1 0 0
427 0 0 0 0
428 1 0 0 0
429 2 1 0 0
430 2 0 0 0
431 1 0 0 0
432 1 0 0 0
433 2 0 0 2
434 1 0 0 0
435 1 1 1 0
436 0 0 0 0
437 0 2 0 0
438 0 1 3 0
439 0 0 0 1
440 1 1 1 0
441 1 0 0 0
442 1 0 0 5
443 1 1 0 0
444 1 0 0 4
445 1 0 1 0
446 0 1 0 0
447 1 1 0 0
448 3 1 0 0
449 2 1 0 1
450 3 0 0 2
451 2 0 0 1
452 4 1 0 1
453 3 1 2 0
454 3 1 1 0
455 1 1 1 0
456 2 1 0 1
457 0 2 1 2
458 1 1 1 1
459 3 0 2 1
460 3 0 2 2
461 2 2 0 2
462 3 1 1 2
463 1 1 1 1
464 1 1 0 2
465 2 6 0 3
466 4 0 0 1
467 3 1 2 4
468 1 0 0 3
469 2 1 0 6
470 3 1 0 0
471 0 3 2 2
472 3 2 2 1
473 0 0 0 1
474 0 3 1 2
475 1 1 1 2
476 0 0 0 1
477 1 2 0 1
478 1 0 0 6
479 1 2 0 3
480 0 0 0 0
481 3 2 0 1
482 3 1 0 1
483 4 0 0 0
484 5 0 2 2
485 2 0 0 2
486 6 2 1 2
487 2 2 1 0
488 3 3 1 0
489 4 2 1 1
490 1 1 1 1
491 3 4 2 5
492 3 2 1 3
493 6 0 0 4
494 2 2 1 1
495 2 0 1 5
496 1 1 0 3
497 1 3 1 1
498 1 4 1 3
499 0 3 0 2
500 1 0 2 0
501 1 2 0 4
502 3 0 3 2
503 1 0 0 3
504 4 1 1 3
505 1 1 0 5
506 5 2 0 2
507 5 2 1 1
508 3 1 0 1
509 6 2 1 2
510 6 0 0 2
511 6 2 3 2
512 1 0 2 1
513 2 2 1 3
514 1 2 4 2
515 1 4 1 3
516 3 3 2 2
517 5 1 2 0
518 5 1 2 7
519 2 2 1 4
520 6 4 1 5
521 5 2 1 2
522 4 1 1 3
523 7 2 2 6
524 5 0 1 7
525 3 1 2 2
526 5 2 2 0
527 3 3 1 2
528 4 3 1 4
529 5 5 1 4
530 3 4 0 5
531 2 3 1 0
532 4 3 2 2
533 6 3 2 6
534 2 2 3 5
535 2 1 3 5
536 6 2 1 5
537 6 3 1 5
538 7 4 0 2
539 9 3 0 5
540 4 3 0 4
541 5 4 0 4
542 8 4 3 6
543 4 3 0 3
544 4 3 3 4
545 4 4 2 4
546 4 5 2 5
547 5 4 4 3
548 8 5 0 2
549 7 3 1 8
550 6 3 1 5
551 7 6 0 8
552 8 3 3 8
553 1 3 1 5
554 11 4 0 5
555 9 2 2 3
556 7 2 3 5
557 10 8 4 6
558 7 5 1 7
559 11 5 2 5
560 6 6 0 1
561 8 2 2 9
562 8 3 3 5
563 10 6 6 8
564 10 8 1 6
565 9 3 3 6
566 2 7 3 5
567 8 7 1 11
568 2 6 9 7
569 3 6 4 7
570 4 3 5 11
571 7 1 2 8
572 7 2 5 11
573 5 2 2 7
574 4 4 0 6
575 9 2 2 10
576 6 3 3 10
577 6 2 2 7
578 3 3 3 2
579 6 2 2 4
580 3 5 3 3
581 2 5 5 5
582 5 3 2 8
583 6 2 3 9
584 5 2 5 8
585 5 3 1 7
586 5 1 3 2
587 5 2 0 4
588 4 6 1 7
589 8 2 0 6
590 1 1 1 5
591 7 1 5 5
592 2 4 1 7
593 1 4 1 3
594 5 4 3 3
595 2 2 1 4
596 2 4 2 4
597 3 2 1 4
598 1 4 1 9
599 2 2 1 3
600 3 3 0 3
601 2 1 1 4
602 1 3 0 2
603 2 3 1 5
604 4 2 0 3
605 1 0 3 4
606 2 1 1 4
607 1 1 0 4
608 1 1 2 2
609 2 2 3 2
610 2 1 1 2
611 2 0 1 2
612 2 2 0 4
613 3 1 0 4
614 2 0 0 2
615 2 1 2 1
616 0 0 1 4
617 3 2 0 1
618 3 3 0 1
619 3 1 0 3
620 2 2 1 0
621 3 0 0 2
622 3 2 1 4
623 2 2 2 2
624 0 2 1 2
625 1 1 0 0
626 2 3 1 2
627 2 0 0 4
628 1 2 0 1
629 2 0 1 1
630 0 1 0 2
631 1 2 1 2
632 1 0 0 3
633 1 1 0 4
634 0 3 0 0
635 0 1 0 2
636 0 1 1 0
637 0 2 0 2
638 2 0 1 2
639 1 0 0 1
640 0 0 0 1
641 0 0 0 3
642 0 0 1 0
643 1 1 0 0
644 1 2 0 2
645 1 0 0 1
646 0 0 0 0
647 0 0 0 0
648 2 0 0 1
649 1 0 0 1
650 0 0 0 1
651 0 0 0 1
652 0 1 0 0
653 0 1 1 0
654 1 1 1 0
655 1 0 0 0
656 2 0 0 1
657 0 1 0 1
658 0 0 0 1
659 0 1 0 0
660 0 1 0 1
661 0 0 1 1
662 0 0 0 0
663 0 0 0 1
664 2 0 0 1
665 1 0 1 1
666 2 0 0 0
667 0 0 0 1
668 0 0 0 0
669 1 1 0 1
670 0 0 0 0
671 0 1 0 0
672 1 0 0 0
673 0 1 0 1
674 0 2 0 0
675 0 1 0 0
676 0 0 0 0
677 0 1 0 1
678 0 0 0 3
679 0 0 0 1
680 0 0 0 0
681 0 0 0 0
682 0 0 0 0
683 0 0 0 0
684 0 0 0 1
685 0 0 0 0
686 0 0 0 0
687 0 0 0 0
688 0 0 0 0
689 0 0 0 0
690 1 0 0 0
691 0 0 0 0
692 0 0 0 0
693 0 0 0 0
694 0 0 0 0
695 0 0 0 0
696 0 0 0 0
697 0 0 0 0
698 0 0 0 0
699 0 1 0 0
700 0 0 0 0
701 0 0 0 0
702 0 0 0 0
703 0 0 0 0
704 0 0 0 0
705 0 0 0 0
706 0 0 0 1
707 0 0 0 0
708 0 0 0 0
709 0 0 0 0
710 0 0 0 0
711 0 0 0 0
712 0 0 0 0
713 0 0 0 0
714 0 0 0 0
715 0 0 0 0
716 0 0 0 0
717 0 0 0 0
718 0 0 0 0
719 0 0 0 0
720 0 0 0 0
721 0 0 0 0
722 0 0 0 0
723 0 0 0 0
724 0 0 0 0
725 0 0 0 0
726 0 0 0 0
727 0 0 0 0
