0 0 0 0 0
1 0 0 0 0
2 0 0 0 0
3 0 0 0 0
4 0 0 0 0
5 0 4 1 0
6 0 0 0 0
7 0 0 0 0
8 0 0 0 0
9 0 0 0 1
10 0 0 0 0
11 0 0 0 0
12 0 0 0 4
13 0 0 0 0
14 0 0 0 0
15 1 0 0 0
16 0 0 0 0
17 1 0 0 0
18 3 0 0 0
19 2 0 0 0
20 1 1 0 0
21 2 0 0 0
22 2 1 0 0
23 3 0 1 0
24 1 0 0 0
25 0 1 0 0
26 1 0 2 1
27 0 2 1 1
28 0 3 1 0
29 0 1 0 0
30 0 0 0 2
31 0 0 1 1
32 0 0 1 3
33 2 0 0 2
34 1 0 0 2
35 1 1 0 2
36 1 0 0 1
37 0 0 0 0
38 0 2 0 1
39 1 0 0 0
40 0 0 0 1
41 1 1 0 0
42 2 0 0 1
43 0 1 0 0
44 1 2 0 0
45 1 0 0 1
46 1 1 0 0
47 1 0 1 0
48 1 0 0 2
49 2 0 0 0
50 1 0 1 1
51 1 1 1 2
52 1 1 0 0
53 1 1 0 1
54 0 0 0 1
55 0 1 0 2
56 0 0 0 1
57 1 1 0 0
58 2 2 1 0
59 2 0 0 1
60 1 1 0 1
61 2 1 0 0
62 0 1 0 0
63 2 1 0 0
64 4 2 0 2
65 2 0 2 4
66 4 1 1 1
67 4 0 0 1
68 2 1 1 1
69 1 1 0 1
70 0 0 0 1
71 2 1 1 1
72 2 3 1 3
73 3 3 1 1
74 3 2 1 0
75 4 2 0 2
76 2 1 0 2
77 3 1 0 2
78 2 1 0 1
79 4 0 1 4
80 1 0 3 3
81 6 2 0 3
82 2 2 2 1
83 7 2 1 0
84 4 4 1 3
85 2 1 2 2
86 6 4 1 2
87 2 1 0 3
88 2 2 2 2
89 3 0 2 5
90 8 2 1 1
91 3 3 3 4
92 3 2 4 4
93 1 2 1 5
94 4 3 1 1
95 5 2 1 5
96 1 2 0 2
97 3 3 1 4
98 5 1 0 6
99 1 4 3 5
100 3 1 4 3
101 4 0 1 1
102 1 1 0 2
103 1 4 2 6
104 2 3 0 8
105 5 2 0 3
106 6 2 3 1
107 5 3 0 4
108 5 1 0 4
109 5 1 1 2
110 3 2 1 6
111 4 4 1 2
112 2 3 0 0
113 1 3 1 4
114 3 3 3 3
115 4 1 2 2
116 4 1 3 1
117 5 1 3 4
118 4 2 2 6
119 4 1 1 1
120 6 2 1 2
121 9 1 1 6
122 3 4 0 6
123 4 1 3 4
124 2 3 1 4
125 6 2 3 2
126 4 4 4 5
127 6 1 3 3
128 5 3 1 3
129 8 1 2 4
130 7 0 3 5
131 6 1 1 4
132 6 4 1 3
133 12 3 2 6
134 9 5 3 3
135 10 5 3 5
136 4 5 1 5
137 10 4 3 4
138 5 6 4 3
139 9 5 1 8
140 9 4 4 3
141 8 5 0 10
142 10 3 5 8
143 12 2 5 8
144 6 5 4 7
145 7 0 3 8
146 8 8 3 6
147 13 5 5 7
148 12 10 3 9
149 15 6 4 6
150 8 6 6 10
151 8 6 4 6
152 11 9 5 5
153 11 6 5 13
154 10 7 4 14
155 19 3 3 12
156 12 5 2 11
157 12 6 3 9
158 16 6 5 14
159 13 3 2 8
160 22 8 3 9
161 11 6 4 8
162 16 6 6 9
163 12 9 10 8
164 12 10 6 9
165 16 12 6 8
166 16 7 4 8
167 24 13 4 12
168 15 4 7 16
169 13 8 11 18
170 22 8 5 19
171 14 11 1 16
172 12 10 13 11
173 7 8 6 12
174 8 11 4 11
175 10 14 15 15
176 11 7 10 24
177 16 6 2 15
178 15 4 2 14
179 21 8 5 25
180 23 4 6 18
181 21 5 7 11
182 23 7 7 18
183 17 7 6 15
184 19 11 4 12
185 27 8 7 7
186 26 12 7 10
187 27 12 6 10
188 23 12 10 15
189 16 14 8 18
190 22 18 6 21
191 21 16 12 16
192 21 13 7 17
193 20 19 9 17
194 16 12 8 20
195 24 15 5 22
196 21 16 6 19
197 19 17 3 25
198 20 13 8 27
199 20 13 5 19
200 20 14 9 28
201 29 13 12 25
202 19 10 3 21
203 17 14 8 17
204 23 19 6 22
205 23 7 8 26
206 22 16 11 15
207 11 9 9 27
208 13 10 4 17
209 19 14 6 12
210 14 18 14 19
211 19 12 11 21
212 5 7 3 16
213 15 18 4 24
214 14 9 8 26
215 11 10 4 20
216 7 9 10 14
217 13 4 5 27
218 5 11 6 19
219 11 8 4 12
220 11 11 3 22
221 9 2 3 15
222 11 11 4 17
223 5 4 5 15
224 6 7 2 14
225 6 4 3 7
226 14 11 1 13
227 8 8 0 8
228 13 4 4 9
229 10 8 5 12
230 9 4 2 14
231 12 8 3 7
232 7 2 2 5
233 10 7 5 10
234 7 5 7 9
235 10 9 6 14
236 4 6 5 7
237 2 5 4 10
238 10 4 2 9
239 4 6 0 13
240 4 6 7 8
241 1 3 1 10
242 5 6 1 12
243 6 6 2 8
244 3 3 1 13
245 1 3 0 4
246 2 0 1 8
247 4 3 2 11
248 2 7 1 3
249 4 2 2 2
250 3 2 1 3
251 7 5 2 8
252 1 3 0 4
253 2 2 0 1
254 0 1 2 1
255 2 0 1 8
256 2 4 2 7
257 2 0 0 4
258 2 2 0 6
259 3 2 1 1
260 1 2 2 3
261 3 1 1 1
262 0 2 0 2
263 0 1 1 5
264 0 0 1 4
265 2 1 0 1
266 2 1 1 4
267 1 0 0 1
268 1 0 3 0
269 0 1 0 1
270 0 2 1 2
271 1 1 0 1
272 0 1 0 1
273 0 1 0 2
274 2 0 1 1
275 1 1 0 2
276 0 0 0 1
277 2 0 0 2
278 1 0 0 1
279 0 0 0 1
280 3 2 0 1
281 0 0 0 1
282 0 0 0 0
283 0 3 0 0
284 1 0 0 1
285 0 2 1 0
286 2 0 2 0
287 0 0 0 4
288 1 0 0 0
289 0 1 0 1
290 0 0 0 2
291 0 0 0 0
292 0 0 0 2
293 0 0 1 0
294 0 0 0 0
295 0 2 0 0
296 1 0 0 1
297 1 0 0 1
298 0 0 0 0
299 0 0 0 1
300 0 0 0 0
301 0 0 1 0
302 0 1 0 1
303 0 0 0 0
304 0 0 0 0
305 0 0 0 1
306 0 0 0 0
307 0 0 0 0
308 0 0 0 0
309 0 0 0 1
310 0 0 0 0
311 0 0 0 0
312 0 0 0 0
313 0 0 0 0
314 0 0 0 0
315 0 0 0 0
316 0 0 0 0
317 0 0 0 0
318 0 0 0 0
319 0 0 0 0
320 0 0 0 0
321 0 0 0 0
322 0 0 0 0
323 0 0 0 0
324 0 0 0 0
325 0 0 0 0
326 0 0 0 0
327 0 0 0 0
328 0 0 0 0
329 0 0 0 0
330 0 0 0 0
331 0 0 0 0
332 0 0 0 0
333 0 0 0 0
334 0 0 0 0
335 0 0 0 0
336 0 0 0 0
337 0 0 0 0
338 0 0 0 0
339 0 0 0 0
340 0 0 0 0
341 0 0 0 0
342 0 0 0 0
343 0 0 0 0
344 0 0 0 0
345 0 0 0 0
346 0 0 0 0
347 0 0 0 0
348 0 0 0 0
349 0 0 0 0
350 0 0 0 0
351 0 0 0 0
352 0 0 0 0
353 0 0 0 0
354 0 0 0 0
355 0 0 0 0
356 0 0 0 0
357 0 0 0 0
358 0 0 0 0
359 0 0 0 0
360 0 0 0 0
361 0 0 0 0
362 0 0 0 0
363 0 0 0 0
364 0 0 0 0
365 0 0 0 0
366 0 0 0 0
367 0 0 0 0
368 0 0 0 0
369 0 0 0 0
370 0 0 0 0
371 0 0 0 0
372 0 0 0 0
373 0 0 0 0
374 0 0 0 0
375 0 0 0 0
376 0 0 0 0
377 0 0 0 0
378 0 0 0 0
379 0 0 0 0
380 0 0 0 0
381 0 0 0 0
382 0 0 0 0
383 0 0 0 0
384 0 0 0 0
385 0 0 0 0
386 0 0 0 0
387 0 0 0 0
388 0 0 0 0
389 0 0 0 0
390 0 0 0 0
391 0 0 0 0
392 0 0 0 0
393 0 0 0 0
394 0 0 0 0
395 0 0 0 0
396 0 0 0 0
397 0 0 0 0
398 0 0 0 0
399 0 0 0 0
400 0 0 0 0
401 0 0 0 0
402 0 0 0 0
403 0 0 0 0
404 0 0 0 0
405 0 0 0 0
406 0 0 0 0
407 0 0 0 0
408 0 0 0 0
409 0 0 0 0
410 0 0 0 0
411 0 0 0 0
412 0 0 0 0
413 0 0 0 0
414 0 0 0 0
415 0 0 0 0
416 0 0 0 0
417 0 0 0 0
418 0 0 0 0
419 0 0 0 0
420 0 0 0 0
421 0 0 0 0
422 0 0 0 0
423 0 0 0 0
424 0 0 0 0
425 0 0 0 0
426 0 0 0 0
427 0 0 0 0
428 0 0 0 0
429 0 0 0 0
430 0 0 0 0
431 0 0 0 0
432 0 0 0 0
433 0 0 0 0
434 0 0 0 0
435 0 0 0 0
436 0 0 0 0
437 0 0 0 0
438 0 0 0 0
439 0 0 0 0
440 0 0 0 0
441 0 0 0 0
442 0 0 0 0
443 0 0 0 0
444 0 0 0 0
445 0 0 0 0
446 0 0 0 0
447 0 0 0 0
448 0 0 0 0
449 0 0 0 0
450 0 0 0 0
451 0 0 0 0
452 0 0 0 0
453 0 0 0 0
454 0 0 0 0
455 0 0 0 0
456 0 0 0 0
457 0 0 0 0
458 0 0 0 0
459 0 0 0 0
460 0 0 0 0
461 0 0 0 0
462 0 0 0 0
463 0 0 0 0
464 0 0 0 0
465 0 0 0 0
466 0 0 0 0
467 0 0 0 0
468 0 0 0 0
469 0 0 0 0
470 0 0 0 0
471 0 0 0 0
472 0 0 0 0
473 0 0 0 0
474 0 0 0 0
475 0 0 0 0
476 0 0 0 0
477 0 0 0 0
478 0 0 0 0
479 0 0 0 0
480 0 0 0 0
481 0 0 0 0
482 0 0 0 0
483 0 0 0 0
484 0 0 0 0
485 0 0 0 0
486 0 0 0 0
487 0 0 0 0
488 0 0 0 0
489 0 0 0 0
490 0 0 0 0
491 0 0 0 0
492 0 0 0 0
493 0 0 0 0
494 0 0 0 0
495 0 0 0 0
496 0 0 0 0
497 0 0 0 0
498 0 0 0 0
499 0 0 0 0
500 0 0 0 0
501 0 0 0 0
502 0 0 0 0
503 0 0 0 0
504 0 0 0 0
505 0 0 0 0
506 0 0 0 0
507 0 0 0 0
508 0 0 0 0
509 0 0 0 0
510 0 0 0 0
511 0 0 0 0
512 0 0 0 0
513 0 0 0 0
514 0 0 0 0
515 0 0 0 0
516 0 0 0 0
517 0 0 0 0
518 0 0 0 0
519 0 0 0 0
520 0 0 0 0
521 0 0 0 0
522 0 0 0 0
523 0 0 0 0
524 0 0 0 0
525 0 0 0 0
526 0 0 0 0
527 0 0 0 0
528 0 0 0 0
529 0 0 0 0
530 0 0 0 0
531 0 0 0 0
532 0 0 0 0
533 0 0 0 0
534 0 0 0 0
535 0 0 0 0
536 0 0 0 0
537 0 0 0 0
538 0 0 0 0
539 0 0 0 0
540 0 0 0 0
541 0 0 0 0
542 0 0 0 0
543 0 0 0 0
544 0 0 0 0
545 0 0 0 0
546 0 0 0 0
547 0 0 0 0
548 0 0 0 0
549 0 0 0 0
550 0 0 0 0
551 0 0 0 0
552 0 0 0 0
553 0 0 0 0
554 0 0 0 0
555 0 0 0 0
556 0 0 0 0
557 0 0 0 0
558 0 0 0 0
559 0 0 0 0
560 0 0 0 0
561 0 0 0 0
562 0 0 0 0
563 0 0 0 0
564 0 0 0 0
565 0 0 0 0
566 0 0 0 0
567 0 0 0 0
568 0 0 0 0
569 0 0 0 0
570 0 0 0 0
571 0 0 0 0
572 0 0 0 0
573 0 0 0 0
574 0 0 0 0
575 0 0 0 0
576 0 0 0 0
577 0 0 0 0
578 0 0 0 0
579 0 0 0 0
580 0 0 0 0
581 0 0 0 0
582 0 0 0 0
583 0 0 0 0
584 0 0 0 0
585 0 0 0 0
586 0 0 0 0
587 0 0 0 0
588 0 0 0 0
589 0 0 0 0
590 0 0 0 0
591 0 0 0 0
592 0 0 0 0
593 0 0 0 0
594 0 0 0 0
595 0 0 0 0
596 0 0 0 0
597 0 0 0 0
598 0 0 0 0
599 0 0 0 0
600 0 0 0 0
601 0 0 0 0
602 0 0 0 0
603 0 0 0 0
604 0 0 0 0
605 0 0 0 0
606 0 0 0 0
607 0 0 0 0
608 0 0 0 0
609 0 0 0 0
610 0 0 0 0
611 0 0 0 0
612 0 0 0 0
613 0 0 0 0
614 0 0 0 0
615 0 0 0 0
616 0 0 0 0
617 0 0 0 0
618 0 0 0 0
619 0 0 0 0
620 0 0 0 0
621 0 0 0 0
622 0 0 0 0
623 0 0 0 0
624 0 0 0 0
625 0 0 0 0
626 0 0 0 0
627 0 0 0 0
628 0 0 0 0
629 0 0 0 0
630 0 0 0 0
631 0 0 0 0
632 0 0 0 0
633 0 0 0 0
634 0 0 0 0
635 0 0 0 0
636 0 0 0 0
637 0 0 0 0
638 0 0 0 0
639 0 0 0 0
640 0 0 0 0
641 0 0 0 0
642 0 0 0 0
643 0 0 0 0
644 0 0 0 0
645 0 0 0 0
646 0 0 0 0
647 0 0 0 0
648 0 0 0 0
649 0 0 0 0
650 0 0 0 0
651 0 0 0 0
652 0 0 0 0
653 0 0 0 0
654 0 0 0 0
655 0 0 0 0
656 0 0 0 0
657 0 0 0 0
658 0 0 0 0
659 0 0 0 0
660 0 0 0 0
661 0 0 0 0
662 0 0 0 0
663 0 0 0 0
664 0 0 0 0
665 0 0 0 0
666 0 0 0 0
667 0 0 0 0
668 0 0 0 0
669 0 0 0 0
670 0 0 0 0
671 0 0 0 0
672 0 0 0 0
673 0 0 0 0
674 0 0 0 0
675 0 0 0 0
676 0 0 0 0
677 0 0 0 0
678 0 0 0 0
679 0 0 0 0
680 0 0 0 0
681 0 0 0 0
682 0 0 0 0
683 0 0 0 0
684 0 0 0 0
685 0 0 0 0
686 0 0 0 0
687 0 0 0 0
688 0 0 0 0
689 0 0 0 0
690 0 0 0 0
691 0 0 0 0
692 0 0 0 0
693 0 0 0 0
694 0 0 0 0
695 0 0 0 0
696 0 0 0 0
697 0 0 0 0
698 0 0 0 0
699 0 0 0 0
700 0 0 0 0
701 0 0 0 0
702 0 0 0 0
703 0 0 0 0
704 0 0 0 0
705 0 0 0 0
706 0 0 0 0
707 0 0 0 0
708 0 0 0 0
709 0 0 0 0
710 0 0 0 0
711 0 0 0 0
712 0 0 0 0
713 0 0 0 0
714 0 0 0 0
715 0 0 0 0
716 0 0 0 0
717 0 0 0 0
718 0 0 0 0
719 0 0 0 0
720 0 0 0 0
721 0 0 0 0
722 0 0 0 0
723 0 0 0 0
724 0 0 0 0
725 0 0 0 0
726 0 0 0 0
727 0 0 0 0
