0 0 0 0 0
1 0 0 0 0
2 0 0 0 0
3 0 0 0 0
4 0 0 0 0
5 0 2 1 0
6 0 0 0 0
7 0 0 0 0
8 0 0 0 0
9 0 0 2 2
10 0 0 0 0
11 0 0 0 0
12 0 0 0 1
13 0 0 0 0
14 0 0 0 0
15 1 0 0 0
16 0 0 0 2
17 0 0 0 0
18 0 0 0 0
19 1 0 0 0
20 0 0 1 0
21 2 0 0 0
22 1 0 0 0
23 0 0 0 0
24 1 0 0 0
25 1 0 0 0
26 0 1 0 0
27 0 0 1 1
28 0 1 0 0
29 1 1 0 0
30 0 0 1 0
31 0 0 0 1
32 0 0 0 0
33 1 0 0 2
34 0 0 1 1
35 1 0 0 1
36 1 0 0 0
37 0 0 0 0
38 1 0 1 1
39 0 0 0 0
40 0 0 0 0
41 1 1 0 0
42 2 1 0 1
43 2 0 1 0
44 0 0 1 0
45 1 0 0 0
46 0 0 0 1
47 0 1 0 1
48 1 2 0 2
49 2 0 0 0
50 0 2 0 0
51 0 1 0 1
52 0 0 0 1
53 1 0 0 0
54 2 1 0 1
55 1 0 0 1
56 1 0 0 0
57 1 0 1 1
58 0 1 0 2
59 0 1 0 0
60 0 0 0 0
61 0 0 0 1
62 0 2 0 0
63 0 1 0 1
64 0 1 0 0
65 2 0 1 1
66 0 0 0 2
67 2 0 0 0
68 1 0 0 0
69 1 0 0 1
70 2 1 0 1
71 1 0 0 1
72 2 0 1 0
73 0 0 1 0
74 1 1 1 1
75 0 0 1 0
76 3 0 1 1
77 1 1 0 1
78 1 0 1 1
79 0 1 0 1
80 0 0 0 1
81 1 1 1 1
82 1 0 1 1
83 1 1 1 0
84 0 0 0 0
85 1 2 0 3
86 0 1 0 1
87 1 1 0 1
88 1 0 0 0
89 0 0 0 3
90 0 1 1 2
91 0 0 0 0
92 4 1 0 0
93 0 1 0 0
94 0 0 0 2
95 2 0 0 0
96 2 0 0 1
97 2 0 2 1
98 1 0 0 0
99 3 0 0 0
100 1 0 1 1
101 1 0 2 1
102 4 1 0 0
103 2 0 0 0
104 2 2 0 2
105 4 1 1 2
106 2 1 0 0
107 2 2 1 0
108 2 3 1 1
109 3 1 1 3
110 0 1 3 0
111 1 1 1 3
112 3 1 0 2
113 4 2 1 2
114 3 2 1 3
115 3 2 0 4
116 2 1 0 1
117 3 1 1 4
118 3 3 1 2
119 0 1 0 2
120 4 1 2 0
121 1 2 0 3
122 6 1 2 3
123 2 2 1 2
124 7 2 0 1
125 5 1 1 3
126 4 0 2 2
127 3 1 3 4
128 3 1 0 1
129 1 5 4 2
130 3 1 3 2
131 1 3 3 5
132 1 2 1 1
133 5 0 1 8
134 5 1 0 3
135 3 1 1 4
136 4 1 0 5
137 1 1 1 2
138 2 2 0 4
139 4 3 3 2
140 3 1 2 2
141 8 1 1 0
142 2 3 2 2
143 9 2 1 2
144 9 2 1 6
145 4 3 1 2
146 6 2 3 7
147 8 1 2 1
148 4 3 0 1
149 9 3 2 3
150 7 3 5 7
151 3 3 0 2
152 3 6 5 4
153 5 5 1 2
154 6 2 4 6
155 4 7 2 4
156 6 3 3 9
157 5 4 1 7
158 6 4 2 6
159 5 2 1 10
160 5 1 2 6
161 5 3 1 3
162 5 3 2 7
163 2 7 2 5
164 8 2 4 5
165 3 1 3 3
166 6 2 4 4
167 12 2 3 8
168 7 3 1 7
169 6 6 1 5
170 4 4 0 6
171 6 1 2 6
172 7 7 1 4
173 7 4 5 6
174 7 1 3 4
175 7 2 6 3
176 7 3 2 8
177 9 0 5 5
178 9 6 1 4
179 6 3 1 8
180 8 3 3 9
181 7 6 3 2
182 9 5 1 7
183 8 6 4 6
184 10 4 3 9
185 8 3 5 8
186 6 5 3 3
187 9 5 4 5
188 7 2 2 7
189 7 6 3 7
190 6 3 3 10
191 5 6 2 10
192 8 10 3 6
193 9 5 4 10
194 7 3 5 7
195 6 4 3 6
196 8 5 0 11
197 5 7 1 9
198 6 3 7 7
199 11 2 1 8
200 13 7 2 6
201 5 5 1 7
202 9 1 3 9
203 13 7 5 5
204 9 1 3 10
205 11 6 3 11
206 11 2 2 5
207 12 3 2 11
208 5 11 7 4
209 6 12 3 7
210 3 3 7 7
211 3 2 7 2
212 4 4 4 12
213 5 4 1 14
214 5 4 4 10
215 4 4 2 12
216 6 6 4 10
217 3 6 2 4
218 7 2 2 5
219 4 3 2 5
220 3 1 1 8
221 4 1 2 9
222 7 3 1 7
223 5 5 2 9
224 3 4 1 6
225 2 3 1 2
226 1 3 1 5
227 2 3 1 5
228 7 1 1 4
229 4 1 1 3
230 5 0 2 7
231 2 4 2 3
232 2 1 5 5
233 3 4 3 3
234 2 4 1 2
235 3 0 3 3
236 3 0 0 3
237 1 3 2 7
238 2 2 0 4
239 0 1 2 4
240 2 3 2 3
241 1 0 1 7
242 1 2 1 2
243 3 1 1 1
244 3 0 0 4
245 3 2 2 1
246 3 0 1 4
247 3 1 1 5
248 2 1 0 1
249 2 1 0 4
250 1 0 2 1
251 2 1 1 1
252 1 4 1 1
253 2 2 0 0
254 1 1 1 2
255 2 0 0 2
256 0 1 1 3
257 1 3 0 1
258 3 0 2 2
259 3 2 0 3
260 4 1 1 2
261 1 0 0 4
262 2 0 1 1
263 2 1 0 2
264 2 3 1 2
265 1 0 3 1
266 1 1 0 2
267 0 0 4 2
268 1 0 0 1
269 3 0 3 2
270 1 0 1 0
271 2 0 1 4
272 2 1 2 1
273 0 0 0 3
274 1 2 0 4
275 1 0 0 1
276 0 0 1 3
277 0 1 0 0
278 1 1 0 1
279 1 1 1 1
280 2 1 0 0
281 2 2 0 1
282 1 0 0 1
283 2 0 1 3
284 0 1 0 1
285 1 0 0 1
286 1 0 0 0
287 0 0 0 1
288 0 2 0 2
289 1 1 2 0
290 0 2 1 1
291 0 0 2 0
292 2 0 0 1
293 0 0 0 2
294 1 0 0 2
295 0 0 0 2
296 0 0 0 2
297 0 2 0 0
298 1 1 0 1
299 0 0 0 0
300 1 0 0 0
301 1 0 1 0
302 0 0 0 1
303 1 0 1 0
304 0 0 0 2
305 1 0 1 0
306 1 0 0 0
307 2 0 0 1
308 1 0 0 1
309 1 0 0 0
310 0 0 1 0
311 1 0 1 1
312 0 2 1 0
313 0 1 0 0
314 0 1 0 0
315 0 0 0 1
316 1 0 1 2
317 0 0 0 1
318 1 0 1 1
319 0 0 0 2
320 0 0 0 1
321 0 1 0 0
322 1 0 0 0
323 0 0 0 0
324 1 0 0 0
325 0 0 0 2
326 0 0 0 0
327 0 1 0 0
328 0 0 0 0
329 0 1 0 0
330 0 0 0 0
331 0 1 0 1
332 0 0 0 0
333 0 0 0 1
334 0 0 0 0
335 0 0 0 1
336 0 0 0 0
337 1 0 0 0
338 0 0 0 0
339 0 0 0 0
340 0 0 0 0
341 1 0 0 0
342 1 1 0 0
343 0 0 0 0
344 0 0 0 0
345 0 0 0 0
346 0 0 0 1
347 0 0 0 0
348 0 0 0 0
349 0 0 0 0
350 0 2 0 0
351 0 0 0 0
352 0 0 0 0
353 0 0 0 0
354 0 0 0 1
355 0 0 0 0
356 0 0 0 0
357 0 0 0 1
358 0 0 0 0
359 0 0 0 0
360 0 0 0 0
361 0 0 0 0
362 0 0 0 0
363 0 0 0 0
364 0 0 0 0
365 0 0 0 0
366 0 0 0 0
367 1 0 0 0
368 1 0 0 0
369 0 0 0 0
370 0 0 0 0
371 1 0 0 0
372 0 1 0 0
373 1 0 1 0
374 0 0 0 0
375 0 0 0 0
376 2 0 1 0
377 0 0 0 0
378 0 0 0 0
379 0 0 0 1
380 0 0 0 2
381 0 0 1 0
382 0 0 1 0
383 0 0 0 0
384 0 0 0 0
385 0 0 1 0
386 0 0 0 0
387 1 0 0 0
388 1 0 0 1
389 0 0 0 2
390 0 0 0 0
391 0 0 0 0
392 1 1 0 0
393 0 1 0 0
394 1 0 0 0
395 1 0 0 0
396 0 0 0 1
397 0 1 0 1
398 0 0 0 0
399 0 0 0 0
400 0 1 0 0
401 0 0 0 0
402 0 0 0 0
403 0 0 1 0
404 1 0 0 2
405 1 0 0 0
406 0 0 0 0
407 1 0 0 1
408 0 0 0 0
409 0 0 1 0
410 0 1 0 0
411 0 0 0 0
412 1 0 0 0
413 1 0 0 0
414 0 0 0 0
415 0 0 0 0
416 0 1 0 1
417 2 0 1 1
418 0 1 0 0
419 0 0 0 0
420 1 0 0 1
421 0 0 0 1
422 0 1 0 0
423 0 0 0 0
424 0 0 0 0
425 0 0 0 1
426 1 0 1 1
427 0 0 0 0
428 0 0 0 0
429 0 1 0 0
430 1 0 0 0
431 1 0 0 0
432 0 0 0 0
433 1 0 0 1
434 1 0 0 0
435 0 0 1 0
436 1 0 1 1
437 0 0 0 0
438 2 1 0 0
439 0 0 1 1
440 0 0 0 1
441 0 0 0 0
442 1 0 0 1
443 0 1 2 1
444 0 0 0 0
445 2 1 0 0
446 0 0 0 0
447 0 0 1 1
448 0 0 0 0
449 1 0 0 0
450 1 2 0 2
451 3 0 0 0
452 0 0 0 1
453 1 0 0 0
454 0 0 1 2
455 1 1 0 0
456 3 1 1 0
457 0 0 0 1
458 1 0 0 1
459 0 0 0 0
460 1 1 0 2
461 1 1 0 0
462 0 0 1 1
463 2 0 0 0
464 0 1 0 1
465 1 1 2 1
466 1 0 0 1
467 2 1 0 0
468 2 1 0 0
469 1 0 0 2
470 0 1 0 0
471 0 0 0 1
472 1 2 1 1
473 2 1 0 0
474 1 2 1 1
475 0 0 1 1
476 4 0 0 1
477 0 0 0 2
478 2 1 0 2
479 1 0 1 2
480 0 0 0 0
481 2 2 0 1
482 3 0 1 1
483 5 1 0 1
484 2 1 0 0
485 2 2 1 1
486 2 1 0 0
487 3 0 1 1
488 4 3 0 3
489 1 1 1 3
490 3 1 0 1
491 3 1 1 0
492 1 2 1 2
493 0 2 2 2
494 1 2 0 1
495 2 0 2 3
496 3 2 2 1
497 1 0 1 4
498 2 0 1 3
499 1 3 1 2
500 2 1 0 5
501 1 2 0 1
502 2 1 0 2
503 2 1 1 5
504 0 1 0 0
505 1 2 1 2
506 2 0 2 1
507 3 1 1 1
508 1 1 1 1
509 2 1 0 3
510 3 1 0 2
511 1 1 0 0
512 0 0 1 1
513 0 1 0 3
514 1 2 0 2
515 3 0 2 1
516 0 0 3 1
517 3 0 0 2
518 1 0 0 3
519 1 2 0 1
520 0 0 2 1
521 2 0 0 0
522 1 1 0 2
523 1 1 0 2
524 4 1 1 1
525 2 0 0 0
526 2 4 0 1
527 2 1 1 1
528 1 1 0 1
529 0 2 0 1
530 1 1 1 3
531 1 2 0 2
532 3 0 1 1
533 5 1 1 3
534 4 0 0 3
535 2 1 0 2
536 2 3 0 2
537 3 1 0 0
538 6 0 1 0
539 1 2 0 1
540 4 1 1 4
541 5 4 0 1
542 3 5 2 1
543 9 4 2 3
544 3 1 0 2
545 3 3 0 3
546 5 4 1 4
547 3 2 1 4
548 6 2 4 2
549 1 2 0 4
550 3 1 2 4
551 4 4 2 2
552 2 1 3 6
553 2 3 2 4
554 3 2 1 4
555 4 3 0 5
556 0 1 1 3
557 0 1 1 3
558 1 0 1 4
559 6 0 2 1
560 3 4 4 6
561 2 1 1 2
562 5 0 1 4
563 3 0 2 2
564 2 0 0 0
565 4 0 1 3
566 6 1 0 1
567 1 3 1 9
568 4 2 4 0
569 2 2 1 1
570 5 2 0 1
571 2 4 2 1
572 1 0 3 4
573 4 4 1 4
574 3 2 3 5
575 6 6 1 6
576 2 0 1 2
577 1 0 1 4
578 0 1 1 3
579 1 2 0 6
580 0 3 2 1
581 2 0 1 5
582 3 2 1 4
583 1 1 1 1
584 2 1 1 3
585 0 1 0 2
586 0 1 1 2
587 1 2 1 2
588 0 1 0 0
589 2 1 0 2
590 1 0 1 4
591 5 0 0 3
592 1 1 0 1
593 0 0 0 0
594 1 2 0 4
595 1 0 0 1
596 3 0 1 0
597 2 0 0 0
598 0 0 0 1
599 0 1 1 1
600 0 4 1 1
601 2 2 0 1
602 0 2 0 0
603 1 0 0 1
604 1 0 1 2
605 1 2 0 1
606 1 0 0 3
607 0 0 0 3
608 0 1 0 1
609 1 1 0 1
610 1 0 2 0
611 0 1 0 1
612 2 0 0 1
613 0 0 0 0
614 0 1 1 0
615 0 1 0 2
616 1 0 0 1
617 0 1 0 2
618 1 0 0 1
619 1 0 0 1
620 0 0 0 0
621 0 1 0 1
622 1 0 0 0
623 0 0 0 0
624 0 0 0 1
625 0 1 0 1
626 0 0 0 0
627 0 1 0 0
628 0 1 0 0
629 0 0 0 1
630 0 0 0 0
631 0 1 0 0
632 0 0 0 0
633 0 0 0 0
634 0 0 0 1
635 0 0 0 1
636 0 0 0 0
637 0 0 0 0
638 0 0 0 1
639 0 0 0 0
640 0 0 0 0
641 0 0 0 0
642 0 0 0 0
643 0 0 0 0
644 0 0 0 0
645 0 0 0 0
646 0 0 0 0
647 0 0 0 0
648 0 0 0 0
649 0 0 0 0
650 0 0 0 0
651 0 0 0 0
652 0 0 0 0
653 0 0 0 0
654 0 0 0 0
655 0 0 0 0
656 0 0 0 0
657 0 0 0 0
658 0 0 0 0
659 0 0 0 0
660 0 0 0 0
661 0 0 0 0
662 0 0 0 0
663 0 0 0 0
664 0 0 0 0
665 0 0 0 0
666 0 0 0 0
667 0 0 0 0
668 0 0 0 0
669 0 0 0 0
670 0 0 0 0
671 0 0 0 0
672 0 0 0 0
673 0 0 0 0
674 0 0 0 0
675 0 0 0 0
676 0 0 0 0
677 0 0 0 0
678 0 0 0 0
679 0 0 0 0
680 0 0 0 0
681 0 0 0 0
682 0 0 0 0
683 0 0 0 0
684 0 0 0 0
685 0 0 0 0
686 0 0 0 0
687 0 0 0 0
688 0 0 0 0
689 0 0 0 0
690 0 0 0 0
691 0 0 0 0
692 0 0 0 0
693 0 0 0 0
694 0 0 0 0
695 0 0 0 0
696 0 0 0 0
697 0 0 0 0
698 0 0 0 0
699 0 0 0 0
700 0 0 0 0
701 0 0 0 0
702 0 0 0 0
703 0 0 0 0
704 0 0 0 0
705 0 0 0 0
706 0 0 0 0
707 0 0 0 0
708 0 0 0 0
709 0 0 0 0
710 0 0 0 0
711 0 0 0 0
712 0 0 0 0
713 0 0 0 0
714 0 0 0 0
715 0 0 0 0
716 0 0 0 0
717 0 0 0 0
718 0 0 0 0
719 0 0 0 0
720 0 0 0 0
721 0 0 0 0
722 0 0 0 0
723 0 0 0 0
724 0 0 0 0
725 0 0 0 0
726 0 0 0 0
727 0 0 0 0
