0 0 0 0 0
1 0 0 0 0
2 0 0 0 0
3 0 0 0 0
4 0 0 0 0
5 0 2 1 0
6 0 0 0 0
7 0 0 0 0
8 0 0 0 0
9 0 2 0 0
10 0 0 0 0
11 0 0 0 0
12 0 0 0 3
13 0 0 0 2
14 0 0 0 0
15 0 0 0 0
16 1 0 0 0
17 0 0 0 0
18 0 0 0 0
19 1 0 0 0
20 0 0 0 0
21 0 0 0 0
22 0 0 0 0
23 1 0 0 0
24 0 0 1 0
25 2 0 1 0
26 0 0 0 0
27 1 0 0 0
28 1 1 0 1
29 2 0 0 0
30 1 1 0 0
31 1 0 0 0
32 0 0 0 1
33 1 0 0 0
34 1 2 0 1
35 1 0 0 1
36 0 1 0 0
37 0 1 0 0
38 1 0 2 1
39 0 2 0 0
40 2 2 0 1
41 0 0 0 1
42 0 0 0 1
43 0 1 0 0
44 1 0 0 3
45 2 0 1 1
46 1 0 0 2
47 1 0 0 1
48 1 0 0 0
49 2 0 1 1
50 1 0 1 0
51 0 0 0 0
52 2 1 0 0
53 0 1 1 0
54 1 1 0 1
55 2 2 0 0
56 1 0 0 2
57 0 1 0 0
58 1 2 0 0
59 1 0 1 2
60 0 0 0 2
61 0 1 0 2
62 1 0 0 2
63 0 0 1 0
64 0 2 1 0
65 1 1 0 1
66 0 0 0 1
67 1 0 1 1
68 1 0 0 2
69 1 0 0 0
70 1 0 0 0
71 1 0 0 2
72 0 0 0 1
73 2 1 0 0
74 2 0 1 0
75 1 1 1 0
76 2 0 0 0
77 0 0 0 0
78 1 2 1 0
79 1 2 0 0
80 1 1 1 1
81 1 0 1 1
82 2 0 0 4
83 1 0 0 0
84 0 1 0 2
85 2 2 0 2
86 2 0 0 2
87 0 1 1 0
88 1 0 0 0
89 5 0 0 0
90 1 1 1 0
91 2 2 1 2
92 0 0 1 2
93 4 1 0 0
94 0 2 2 1
95 6 1 0 1
96 2 0 0 1
97 1 0 0 3
98 4 3 0 4
99 3 0 0 0
100 2 2 4 0
101 1 2 0 2
102 2 1 2 2
103 1 0 2 0
104 4 1 1 4
105 2 1 0 3
106 3 2 0 0
107 1 1 2 4
108 1 2 2 1
109 1 2 1 4
110 1 1 0 0
111 0 1 2 2
112 4 1 0 0
113 4 1 1 3
114 4 2 0 3
115 4 2 0 5
116 2 0 0 2
117 3 2 1 2
118 4 1 1 3
119 5 2 1 3
120 3 0 2 1
121 4 1 2 2
122 4 4 0 2
123 5 3 0 2
124 4 2 4 4
125 9 2 2 1
126 7 0 2 4
127 5 3 1 1
128 6 5 1 4
129 1 3 1 3
130 5 4 2 4
131 3 2 2 8
132 3 3 2 5
133 3 4 1 3
134 5 1 2 2
135 6 3 5 7
136 4 3 2 3
137 1 1 2 6
138 5 2 1 4
139 3 2 3 7
140 8 3 1 7
141 12 1 3 3
142 4 2 0 5
143 6 2 2 1
144 5 1 3 2
145 13 4 3 3
146 7 4 2 5
147 4 1 3 6
148 6 3 2 3
149 5 4 1 4
150 5 8 6 6
151 7 2 5 5
152 4 5 1 7
153 14 2 1 4
154 10 5 1 8
155 2 5 3 9
156 5 4 1 3
157 5 3 6 9
158 10 4 6 4
159 9 2 5 10
160 11 2 2 3
161 14 4 1 9
162 11 5 4 7
163 7 4 5 8
164 11 2 3 5
165 12 5 1 9
166 7 5 7 7
167 12 6 4 7
168 9 6 4 6
169 11 4 8 6
170 13 6 7 11
171 17 5 2 6
172 11 4 3 10
173 5 7 6 11
174 8 6 5 13
175 10 10 2 7
176 16 7 4 10
177 12 4 2 8
178 11 5 4 11
179 10 1 6 14
180 16 9 11 10
181 12 7 7 6
182 11 2 4 8
183 13 5 4 11
184 9 7 2 15
185 17 11 5 13
186 11 8 8 5
187 13 8 5 13
188 8 5 3 13
189 10 8 4 10
190 19 14 3 12
191 17 5 4 14
192 19 8 7 13
193 26 5 4 14
194 23 7 4 17
195 18 7 6 10
196 13 14 2 11
197 22 9 6 12
198 21 14 4 5
199 18 16 6 15
200 9 11 7 15
201 14 7 5 15
202 11 14 12 14
203 17 18 9 15
204 15 5 6 19
205 13 6 5 18
206 13 14 8 24
207 8 9 2 23
208 10 14 10 14
209 10 4 10 15
210 10 8 2 22
211 15 4 7 14
212 10 9 1 23
213 11 9 3 19
214 11 8 6 9
215 10 8 7 13
216 7 8 4 9
217 7 7 4 10
218 11 4 3 16
219 14 4 2 13
220 12 2 8 13
221 5 4 9 12
222 9 7 6 13
223 5 7 4 9
224 13 10 5 8
225 8 5 2 9
226 6 4 1 9
227 7 5 6 15
228 8 5 4 15
229 5 7 6 12
230 6 4 2 4
231 8 5 2 9
232 5 5 2 9
233 9 6 4 6
234 6 3 2 9
235 5 3 3 6
236 6 7 3 16
237 5 5 2 9
238 5 5 1 6
239 2 1 3 4
240 6 3 2 8
241 2 2 1 10
242 4 4 5 8
243 5 4 2 7
244 4 3 0 1
245 5 6 0 4
246 4 1 0 7
247 2 4 1 6
248 7 1 4 2
249 3 4 1 8
250 5 1 2 4
251 6 4 2 5
252 8 1 2 6
253 5 2 4 4
254 4 2 2 5
255 5 5 1 4
256 0 0 0 1
257 4 6 3 3
258 3 2 2 4
259 2 2 3 8
260 2 5 2 3
261 0 2 1 6
262 3 3 3 4
263 3 2 0 2
264 2 5 1 9
265 4 1 0 3
266 2 0 0 7
267 2 1 1 2
268 3 0 1 5
269 3 0 1 3
270 1 0 1 2
271 3 1 2 3
272 3 4 0 1
273 2 2 1 0
274 2 3 1 2
275 2 0 1 3
276 2 2 0 2
277 5 1 2 3
278 5 2 2 3
279 0 2 1 2
280 2 1 1 3
281 2 3 1 2
282 1 0 4 4
283 2 2 1 2
284 1 1 0 4
285 0 0 0 4
286 0 3 0 3
287 0 2 0 2
288 1 0 0 1
289 0 2 0 3
290 1 0 1 3
291 1 0 0 1
292 1 1 1 0
293 4 1 1 2
294 0 0 0 3
295 1 0 0 0
296 1 0 1 3
297 0 0 1 0
298 1 1 0 0
299 1 1 0 0
300 0 1 0 3
301 0 0 1 0
302 0 1 2 0
303 1 0 1 1
304 0 0 0 2
305 2 0 0 1
306 0 0 0 3
307 0 0 0 1
308 0 0 1 1
309 0 0 0 0
310 0 0 1 0
311 0 0 0 0
312 1 1 0 0
313 0 0 0 0
314 0 1 0 1
315 0 0 0 1
316 0 0 0 0
317 0 0 0 0
318 0 0 0 1
319 0 0 0 1
320 0 0 0 0
321 0 1 0 0
322 1 0 0 0
323 0 0 0 0
324 0 0 0 0
325 0 0 0 0
326 0 0 0 0
327 0 0 0 0
328 0 0 0 1
329 0 0 0 0
330 0 0 0 0
331 0 1 0 0
332 0 0 0 0
333 0 0 0 0
334 0 0 0 0
335 0 0 0 0
336 0 0 0 0
337 0 0 0 0
338 0 0 0 1
339 0 0 0 0
340 0 0 0 0
341 0 0 0 0
342 0 0 0 0
343 0 0 0 0
344 0 0 0 0
345 0 0 0 0
346 1 0 0 0
347 0 0 0 0
348 0 0 0 0
349 0 0 0 0
350 0 0 0 0
351 0 0 0 0
352 1 0 0 0
353 0 0 0 0
354 0 0 0 0
355 0 1 0 0
356 0 0 0 0
357 0 0 0 0
358 0 0 0 0
359 0 0 0 1
360 0 0 0 0
361 0 1 0 0
362 0 0 0 0
363 0 0 0 0
364 0 0 0 0
365 0 0 0 0
366 0 0 0 0
367 0 0 0 0
368 0 0 0 1
369 0 0 0 0
370 0 0 0 0
371 0 0 0 0
372 0 0 0 0
373 0 0 0 0
374 0 0 0 0
375 0 0 0 0
376 0 0 0 0
377 0 0 0 0
378 0 0 0 0
379 0 0 0 0
380 0 0 0 0
381 0 0 0 0
382 1 0 0 0
383 0 0 0 0
384 1 0 0 0
385 0 0 0 0
386 0 0 0 0
387 0 0 1 0
388 0 0 0 0
389 0 0 0 0
390 0 0 0 0
391 0 0 0 0
392 0 0 0 0
393 0 0 1 0
394 0 0 0 1
395 0 0 0 0
396 0 0 0 0
397 0 0 0 1
398 0 0 0 0
399 1 0 0 0
400 0 0 0 0
401 0 0 0 0
402 0 0 0 0
403 0 0 0 0
404 1 0 0 0
405 0 0 0 0
406 0 0 0 0
407 0 0 0 0
408 1 0 1 0
409 0 0 0 0
410 0 0 0 0
411 0 0 0 0
412 0 0 0 0
413 0 1 1 0
414 0 0 0 0
415 0 0 0 1
416 0 0 0 0
417 0 0 0 1
418 1 0 0 0
419 0 0 0 0
420 0 0 0 1
421 0 0 0 0
422 0 0 0 0
423 0 0 0 0
424 1 0 0 0
425 0 0 0 0
426 1 0 0 0
427 1 0 1 0
428 0 0 0 0
429 1 0 1 0
430 0 0 0 0
431 1 0 0 0
432 0 0 0 0
433 1 0 0 0
434 0 1 0 1
435 0 1 0 0
436 1 0 2 1
437 1 0 0 0
438 0 0 0 0
439 0 0 0 0
440 0 0 0 1
441 0 0 1 1
442 0 2 0 1
443 0 0 0 1
444 0 0 0 0
445 0 0 0 1
446 0 0 0 2
447 0 0 0 0
448 0 0 0 0
449 1 0 0 0
450 0 0 0 0
451 2 0 0 0
452 0 0 0 0
453 0 0 0 0
454 0 1 0 0
455 1 0 0 0
456 1 1 0 0
457 0 0 0 0
458 0 0 0 0
459 0 0 0 0
460 0 2 0 0
461 1 0 0 1
462 1 0 0 0
463 0 0 0 1
464 0 0 0 1
465 0 1 0 0
466 1 1 0 0
467 0 0 1 1
468 1 0 0 0
469 0 0 0 1
470 0 0 0 1
471 2 0 0 0
472 1 0 0 0
473 0 0 0 0
474 1 0 0 1
475 2 1 0 0
476 0 0 1 0
477 0 1 1 0
478 1 0 0 0
479 1 0 1 1
480 0 2 1 0
481 1 0 0 0
482 1 0 0 0
483 0 0 0 2
484 0 1 0 4
485 0 0 0 0
486 0 0 1 0
487 0 1 1 1
488 0 0 0 1
489 0 0 0 0
490 1 0 0 1
491 0 0 0 0
492 1 0 0 0
493 0 0 0 0
494 0 0 0 2
495 1 0 0 0
496 2 0 0 0
497 0 0 0 0
498 1 1 0 0
499 1 0 0 0
500 2 1 0 0
501 1 2 0 0
502 0 0 0 1
503 1 0 0 0
504 0 1 0 0
505 1 1 1 1
506 1 0 1 0
507 1 0 0 1
508 1 1 0 2
509 1 1 1 0
510 2 0 0 0
511 2 0 1 0
512 3 0 0 2
513 1 0 0 2
514 1 0 1 0
515 0 1 1 1
516 0 1 0 1
517 0 2 1 0
518 1 1 1 1
519 4 1 0 0
520 2 1 1 1
521 1 1 0 4
522 1 0 0 4
523 1 0 0 1
524 0 0 1 0
525 3 1 0 1
526 4 0 0 0
527 1 1 0 2
528 1 2 1 1
529 3 0 1 0
530 1 2 2 0
531 2 3 1 0
532 2 0 0 3
533 2 0 0 1
534 0 1 1 3
535 1 2 0 2
536 1 2 0 0
537 4 1 1 2
538 1 2 1 4
539 2 0 0 1
540 1 1 1 0
541 1 1 0 2
542 1 2 2 4
543 3 1 0 1
544 2 1 0 2
545 0 0 0 1
546 0 2 1 1
547 1 1 0 3
548 2 2 1 1
549 1 0 2 3
550 1 0 0 2
551 1 0 0 0
552 1 1 1 1
553 1 2 0 2
554 0 0 0 1
555 0 1 0 2
556 3 0 0 2
557 2 1 1 2
558 1 1 1 0
559 2 0 0 2
560 5 1 0 0
561 2 0 1 1
562 5 2 0 0
563 2 0 0 0
564 0 1 1 2
565 2 1 5 2
566 4 2 0 2
567 0 2 1 0
568 0 0 2 1
569 2 1 0 5
570 0 0 1 1
571 1 2 1 3
572 0 0 0 1
573 1 0 0 1
574 2 3 0 3
575 1 3 1 3
576 0 0 0 1
577 1 0 0 0
578 1 0 0 4
579 2 0 0 2
580 0 1 1 0
581 2 0 0 1
582 1 1 0 2
583 2 2 1 0
584 4 1 0 1
585 2 0 0 0
586 0 1 1 1
587 1 0 0 2
588 0 0 1 1
589 3 1 0 1
590 3 1 1 2
591 2 1 0 0
592 1 3 0 1
593 2 2 0 2
594 0 3 2 1
595 2 0 1 0
596 0 1 0 1
597 0 0 0 2
598 1 0 2 4
599 0 2 0 3
600 1 1 1 1
601 2 1 0 2
602 1 0 0 0
603 0 0 1 1
604 1 1 0 0
605 0 0 1 3
606 0 0 0 2
607 0 0 1 3
608 1 0 0 1
609 2 0 0 1
610 0 1 1 0
611 2 0 0 1
612 1 0 0 0
613 0 1 0 0
614 0 0 1 2
615 1 0 0 0
616 1 1 0 0
617 1 1 1 1
618 1 0 1 1
619 1 0 0 0
620 2 1 1 1
621 0 0 0 1
622 0 1 0 1
623 1 0 0 0
624 0 0 0 2
625 0 1 0 0
626 0 0 0 1
627 0 0 1 1
628 0 0 2 0
629 0 1 1 1
630 0 0 0 0
631 0 0 0 0
632 1 0 0 3
633 0 0 0 1
634 0 0 0 0
635 0 0 0 0
636 0 0 0 1
637 0 0 1 0
638 0 0 0 0
639 0 0 0 0
640 0 0 0 0
641 0 0 0 1
642 0 0 0 0
643 0 0 0 0
644 0 0 0 0
645 0 0 0 0
646 0 0 0 0
647 0 0 0 0
648 0 0 0 0
649 0 0 0 0
650 0 0 0 0
651 0 0 0 0
652 0 0 0 0
653 0 0 0 0
654 0 0 0 0
655 0 0 0 0
656 0 0 0 0
657 0 0 0 0
658 0 0 0 0
659 0 0 0 0
660 0 0 0 0
661 0 0 0 0
662 0 0 0 0
663 0 0 0 0
664 0 0 0 0
665 0 0 0 0
666 0 0 0 0
667 0 0 0 0
668 0 0 0 0
669 0 0 0 0
670 0 0 0 0
671 0 0 0 0
672 0 0 0 0
673 0 0 0 0
674 0 0 0 0
675 0 0 0 0
676 0 0 0 0
677 0 0 0 0
678 0 0 0 0
679 0 0 0 0
680 0 0 0 0
681 0 0 0 0
682 0 0 0 0
683 0 0 0 0
684 0 0 0 0
685 0 0 0 0
686 0 0 0 0
687 0 0 0 0
688 0 0 0 0
689 0 0 0 0
690 0 0 0 0
691 0 0 0 0
692 0 0 0 0
693 0 0 0 0
694 0 0 0 0
695 0 0 0 0
696 0 0 0 0
697 0 0 0 0
698 0 0 0 0
699 0 0 0 0
700 0 0 0 0
701 0 0 0 0
702 0 0 0 0
703 0 0 0 0
704 0 0 0 0
705 0 0 0 0
706 0 0 0 0
707 0 0 0 0
708 0 0 0 0
709 0 0 0 0
710 0 0 0 0
711 0 0 0 0
712 0 0 0 0
713 0 0 0 0
714 0 0 0 0
715 0 0 0 0
716 0 0 0 0
717 0 0 0 0
718 0 0 0 0
719 0 0 0 0
720 0 0 0 0
721 0 0 0 0
722 0 0 0 0
723 0 0 0 0
724 0 0 0 0
725 0 0 0 0
726 0 0 0 0
727 0 0 0 0
