0 0 0 0 0
1 0 0 0 0
2 0 0 0 0
3 0 0 0 0
4 0 0 0 0
5 0 1 3 0
6 0 0 0 0
7 0 0 0 0
8 0 0 0 0
9 0 1 0 4
10 0 0 0 0
11 0 0 0 0
12 0 0 0 0
13 0 0 0 0
14 0 0 0 0
15 0 0 0 0
16 0 0 0 1
17 1 0 0 0
18 0 0 0 0
19 1 0 0 0
20 0 0 0 0
21 3 0 0 0
22 1 0 0 0
23 0 0 0 0
24 0 0 1 0
25 0 0 0 0
26 1 1 1 0
27 0 0 1 0
28 0 0 0 0
29 0 0 0 0
30 0 0 2 2
31 1 0 0 2
32 1 0 0 0
33 0 0 0 0
34 0 0 0 2
35 1 1 0 0
36 0 1 0 0
37 1 0 1 0
38 1 0 0 0
39 0 0 0 1
40 1 0 1 0
41 1 0 0 0
42 0 0 0 0
43 2 0 0 1
44 1 0 0 1
45 1 2 0 0
46 0 2 0 0
47 0 0 0 1
48 1 2 0 0
49 2 0 0 0
50 1 0 0 1
51 0 0 0 1
52 0 1 0 3
53 1 0 1 1
54 0 2 0 0
55 2 0 0 0
56 0 0 0 0
57 2 1 0 1
58 1 0 0 0
59 0 1 0 1
60 2 0 0 0
61 2 0 0 3
62 1 2 0 0
63 2 1 0 1
64 1 2 0 0
65 0 1 0 0
66 1 1 1 2
67 1 0 0 1
68 2 0 0 0
69 2 2 0 0
70 1 1 0 1
71 1 1 1 2
72 0 2 0 1
73 3 1 0 1
74 2 1 1 0
75 1 1 1 2
76 2 1 1 4
77 1 0 0 2
78 2 0 0 1
79 3 2 0 1
80 1 2 1 1
81 3 0 1 1
82 1 1 0 1
83 1 0 0 2
84 1 0 1 2
85 5 1 1 1
86 0 0 1 1
87 2 1 2 1
88 3 1 1 0
89 4 2 0 1
90 3 3 2 0
91 3 0 0 2
92 1 0 1 2
93 4 0 0 2
94 2 2 3 4
95 4 0 1 1
96 3 4 1 2
97 2 4 0 4
98 3 1 1 3
99 4 3 0 1
100 3 3 1 2
101 3 2 1 5
102 7 2 0 1
103 5 2 1 5
104 5 0 2 5
105 5 0 0 1
106 5 2 3 2
107 1 3 2 1
108 6 4 2 4
109 5 3 2 1
110 4 3 2 6
111 4 2 2 4
112 2 1 1 2
113 3 2 3 2
114 6 4 0 3
115 3 2 3 6
116 4 1 1 7
117 4 2 4 5
118 8 0 2 3
119 2 6 2 4
120 5 1 4 5
121 4 3 1 7
122 5 4 1 2
123 4 5 2 3
124 4 1 1 5
125 1 2 1 5
126 6 2 3 6
127 6 1 2 7
128 5 2 2 1
129 6 1 4 6
130 8 0 1 4
131 6 4 3 1
132 3 5 1 4
133 9 4 2 5
134 10 2 1 3
135 4 4 6 5
136 6 2 1 2
137 7 3 0 3
138 8 6 0 5
139 4 4 3 14
140 6 4 5 4
141 5 2 1 2
142 3 2 8 5
143 8 7 1 10
144 5 1 0 9
145 10 3 4 5
146 7 1 2 5
147 10 4 3 8
148 7 5 3 2
149 9 2 1 8
150 8 7 1 3
151 5 4 0 3
152 9 6 3 9
153 7 4 1 6
154 9 7 3 8
155 6 5 4 4
156 4 5 1 6
157 4 5 4 6
158 2 6 3 8
159 6 5 1 7
160 7 2 3 5
161 5 5 3 11
162 7 4 3 11
163 9 1 4 5
164 11 7 2 7
165 9 2 0 8
166 7 3 1 6
167 12 3 1 6
168 9 4 2 8
169 6 8 4 3
170 5 6 2 4
171 14 7 4 8
172 8 8 4 5
173 13 5 5 8
174 12 2 2 7
175 11 3 2 10
176 10 9 6 10
177 7 7 1 11
178 10 9 3 7
179 12 10 0 7
180 12 5 4 12
181 18 7 2 6
182 10 4 3 14
183 10 2 8 10
184 13 7 3 12
185 7 8 1 10
186 8 11 7 6
187 10 6 3 8
188 12 5 5 7
189 12 7 4 9
190 11 9 6 10
191 17 9 2 13
192 10 6 7 10
193 12 7 6 16
194 15 4 4 9
195 17 2 3 9
196 10 6 3 15
197 17 10 2 15
198 9 10 2 11
199 11 12 7 6
200 11 11 5 14
201 17 8 2 10
202 15 5 7 13
203 14 9 3 12
204 13 10 5 11
205 9 9 4 7
206 10 10 9 17
207 7 11 3 14
208 8 14 2 16
209 8 11 4 9
210 8 4 4 17
211 5 7 6 10
212 5 3 3 19
213 6 4 3 14
214 4 5 5 14
215 9 3 1 16
216 9 4 4 8
217 3 5 1 9
218 5 5 1 12
219 8 5 5 6
220 4 3 2 5
221 5 2 3 7
222 7 4 3 5
223 6 3 1 7
224 7 5 4 4
225 3 5 2 8
226 4 3 0 10
227 3 2 4 5
228 2 4 4 6
229 4 6 2 7
230 3 3 1 2
231 7 3 2 7
232 5 1 2 7
233 4 2 0 4
234 7 3 0 7
235 2 1 1 5
236 2 3 3 9
237 3 2 2 2
238 1 2 5 6
239 2 4 3 2
240 2 2 1 4
241 3 1 1 3
242 2 1 0 3
243 0 4 1 8
244 0 0 2 3
245 3 1 2 5
246 2 0 1 3
247 1 1 0 3
248 0 1 1 3
249 2 1 0 1
250 1 4 1 3
251 3 1 1 2
252 1 0 1 4
253 0 0 0 1
254 2 1 1 2
255 2 0 1 2
256 1 2 1 1
257 4 0 0 3
258 3 0 0 0
259 4 0 2 2
260 0 1 0 2
261 0 0 2 2
262 2 2 0 0
263 0 2 2 2
264 0 2 1 1
265 1 0 0 1
266 1 2 1 2
267 0 1 1 1
268 3 1 1 0
269 1 0 0 1
270 0 0 0 6
271 1 0 1 4
272 3 0 0 1
273 1 1 0 1
274 2 1 0 1
275 3 0 0 1
276 1 1 0 0
277 2 3 1 0
278 1 1 1 1
279 2 2 0 0
280 1 2 2 2
281 1 0 1 4
282 1 0 2 1
283 2 1 0 1
284 1 0 0 2
285 0 0 0 2
286 1 1 0 2
287 1 1 0 4
288 2 1 2 0
289 1 0 1 1
290 1 0 0 0
291 0 0 0 0
292 1 1 1 3
293 0 2 1 2
294 1 0 0 1
295 0 1 0 0
296 0 0 0 2
297 1 0 0 1
298 2 0 1 0
299 0 0 2 1
300 0 0 0 2
301 1 1 0 0
302 0 1 0 0
303 3 1 0 1
304 3 0 0 0
305 1 0 0 2
306 0 0 0 1
307 1 1 0 0
308 1 2 0 0
309 2 0 1 1
310 0 2 0 1
311 0 0 0 0
312 2 2 0 1
313 1 1 2 1
314 1 1 0 2
315 1 0 0 1
316 1 0 0 2
317 0 1 0 3
318 0 1 0 1
319 0 0 1 0
320 1 1 0 1
321 0 1 1 0
322 2 0 1 0
323 0 0 0 0
324 1 0 0 2
325 0 1 0 0
326 2 0 0 2
327 2 0 2 2
328 1 0 0 1
329 1 1 0 0
330 2 0 0 0
331 0 0 1 1
332 0 1 0 1
333 1 1 1 1
334 0 0 0 1
335 0 0 1 0
336 0 0 1 0
337 0 0 0 2
338 0 1 0 1
339 0 2 0 1
340 1 0 0 0
341 0 0 0 0
342 1 0 0 2
343 2 0 0 3
344 0 0 0 0
345 1 0 0 0
346 1 0 0 0
347 2 0 0 0
348 2 0 2 0
349 0 1 0 0
350 2 0 1 0
351 0 0 1 0
352 0 2 0 0
353 0 1 1 1
354 1 0 0 1
355 0 2 0 2
356 0 0 0 1
357 0 0 0 0
358 1 0 0 1
359 0 2 0 3
360 0 0 0 2
361 0 0 0 0
362 0 0 0 0
363 0 0 0 1
364 0 0 0 0
365 0 0 0 0
366 0 0 0 1
367 1 0 1 0
368 0 0 0 0
369 0 0 0 0
370 0 0 0 0
371 2 0 0 1
372 2 0 0 0
373 0 1 0 0
374 1 0 0 0
375 0 0 0 0
376 2 0 1 0
377 0 0 0 1
378 0 0 0 0
379 0 1 0 0
380 1 0 1 1
381 0 2 0 0
382 0 0 0 0
383 0 0 0 1
384 0 0 0 1
385 0 1 2 2
386 0 0 0 0
387 0 0 0 0
388 0 0 0 0
389 1 0 0 1
390 1 0 0 0
391 0 0 0 0
392 0 0 0 2
393 0 0 0 0
394 0 0 0 0
395 0 0 0 0
396 1 0 0 0
397 1 0 0 0
398 0 1 0 0
399 1 0 1 0
400 0 0 0 0
401 1 1 0 0
402 0 1 0 1
403 0 0 0 0
404 1 0 0 0
405 1 0 0 1
406 0 1 0 2
407 2 0 0 0
408 2 0 1 0
409 3 0 1 0
410 2 1 0 1
411 1 0 0 0
412 1 1 1 0
413 0 1 0 1
414 0 0 3 1
415 0 1 0 1
416 1 1 0 1
417 1 0 2 1
418 1 0 0 1
419 0 0 1 0
420 0 0 0 0
421 0 0 0 4
422 2 1 0 1
423 0 1 0 0
424 0 0 0 2
425 1 1 0 0
426 2 0 0 1
427 1 0 0 1
428 0 0 0 0
429 2 0 0 1
430 2 1 0 1
431 0 2 1 0
432 2 0 0 0
433 1 1 0 0
434 1 1 0 1
435 1 2 0 1
436 1 0 0 0
437 1 2 0 0
438 1 2 0 3
439 1 1 0 2
440 2 0 0 1
441 3 0 2 2
442 0 0 0 1
443 1 0 0 0
444 2 2 0 0
445 1 1 0 2
446 1 0 1 1
447 1 1 0 0
448 2 0 0 1
449 1 2 1 1
450 0 2 2 0
451 1 0 1 3
452 0 1 0 0
453 2 1 0 2
454 0 0 1 3
455 2 0 0 0
456 2 1 1 1
457 1 1 0 2
458 0 0 0 1
459 0 0 0 1
460 0 0 1 3
461 2 1 1 1
462 1 2 0 0
463 5 0 1 0
464 4 1 0 1
465 2 0 0 0
466 1 1 1 1
467 3 0 0 2
468 4 2 2 2
469 2 1 1 1
470 0 1 1 2
471 1 1 0 1
472 1 1 1 3
473 0 3 2 1
474 1 1 0 1
475 1 1 0 2
476 3 2 0 3
477 0 1 1 3
478 4 0 1 1
479 1 1 0 1
480 3 2 0 2
481 4 0 2 3
482 2 0 0 0
483 5 1 2 3
484 3 1 0 0
485 2 3 0 1
486 2 1 2 1
487 7 1 2 4
488 2 0 1 1
489 1 3 1 3
490 8 2 1 3
491 8 0 0 4
492 1 2 5 1
493 2 1 0 3
494 6 0 1 2
495 4 3 5 0
496 3 7 2 6
497 1 0 1 3
498 3 1 0 0
499 4 5 2 6
500 2 2 3 7
501 6 1 0 0
502 6 2 0 4
503 3 1 1 5
504 0 2 0 3
505 4 2 2 2
506 4 2 1 6
507 5 0 3 4
508 5 3 2 1
509 7 0 0 3
510 2 3 4 3
511 7 4 3 4
512 6 4 2 2
513 3 0 2 2
514 4 5 1 4
515 5 1 2 6
516 3 5 1 3
517 1 5 2 5
518 1 4 0 6
519 5 2 2 3
520 7 3 2 5
521 1 2 1 6
522 6 3 0 4
523 2 1 1 5
524 7 2 1 8
525 2 1 3 4
526 5 0 1 5
527 3 3 0 2
528 8 1 1 4
529 10 3 5 1
530 6 1 0 1
531 7 3 2 2
532 5 0 5 4
533 7 7 2 4
534 5 0 3 3
535 6 5 3 5
536 3 4 1 6
537 6 2 3 5
538 7 7 4 4
539 3 4 1 4
540 1 8 2 9
541 6 0 2 3
542 6 5 2 11
543 5 2 2 6
544 7 1 2 11
545 3 1 2 5
546 7 4 1 3
547 7 5 1 3
548 8 4 1 5
549 6 4 2 5
550 11 3 3 5
551 3 4 4 3
552 13 3 0 3
553 9 2 3 4
554 10 0 2 9
555 9 5 5 7
556 7 6 0 9
557 7 7 7 3
558 8 4 4 3
559 9 7 5 6
560 9 4 1 6
561 8 3 2 8
562 10 4 3 10
563 11 2 3 9
564 10 6 4 10
565 11 3 5 5
566 6 7 3 10
567 6 10 1 7
568 11 8 5 8
569 11 4 7 7
570 6 5 3 6
571 12 2 4 13
572 4 3 6 12
573 5 6 3 8
574 5 13 2 7
575 4 5 2 10
576 3 7 3 12
577 3 3 4 8
578 5 4 2 12
579 3 5 5 9
580 7 3 3 10
581 6 3 2 7
582 4 2 1 8
583 2 2 1 8
584 2 1 2 7
585 3 1 1 5
586 3 2 1 7
587 3 4 2 4
588 5 2 1 5
589 2 2 3 2
590 2 3 3 4
591 2 0 1 5
592 2 2 0 3
593 5 2 1 4
594 5 1 1 5
595 1 2 1 2
596 6 3 1 4
597 3 3 2 3
598 3 2 2 2
599 2 1 2 2
600 2 2 0 3
601 1 5 0 4
602 3 1 1 5
603 1 2 2 3
604 1 0 1 3
605 0 1 1 3
606 2 2 1 2
607 1 2 1 3
608 1 0 2 4
609 0 0 1 1
610 1 0 0 5
611 0 2 2 2
612 0 0 0 1
613 2 1 0 3
614 1 0 0 2
615 0 1 0 2
616 1 1 0 0
617 1 0 1 1
618 0 0 1 3
619 2 0 1 0
620 1 0 0 0
621 1 0 0 0
622 0 1 0 2
623 0 0 1 1
624 0 1 0 1
625 1 0 0 0
626 2 2 0 2
627 1 0 0 1
628 0 0 1 0
629 0 1 0 0
630 0 1 0 0
631 0 2 0 2
632 0 1 0 1
633 0 0 0 1
634 0 0 0 1
635 0 0 0 1
636 0 0 0 2
637 0 0 0 0
638 0 0 0 1
639 0 0 0 0
640 0 0 0 0
641 0 0 0 0
642 0 0 0 0
643 0 0 0 0
644 0 0 0 0
645 0 0 0 0
646 0 0 0 0
647 0 0 0 0
648 0 0 0 0
649 0 0 0 0
650 0 0 0 0
651 0 0 0 0
652 0 0 0 0
653 0 0 0 0
654 0 0 0 0
655 0 0 0 0
656 0 0 0 0
657 0 0 0 0
658 0 0 0 0
659 0 0 0 0
660 0 0 0 0
661 0 0 0 0
662 0 0 0 0
663 0 0 0 0
664 0 0 0 0
665 0 0 0 0
666 0 0 0 0
667 0 0 0 0
668 0 0 0 0
669 0 0 0 0
670 0 0 0 0
671 0 0 0 0
672 0 0 0 0
673 0 0 0 0
674 0 0 0 0
675 0 0 0 0
676 0 0 0 0
677 0 0 0 0
678 0 0 0 0
679 0 0 0 0
680 0 0 0 0
681 0 0 0 0
682 0 0 0 0
683 0 0 0 0
684 0 0 0 0
685 0 0 0 0
686 0 0 0 0
687 0 0 0 0
688 0 0 0 0
689 0 0 0 0
690 0 0 0 0
691 0 0 0 0
692 0 0 0 0
693 0 0 0 0
694 0 0 0 0
695 0 0 0 0
696 0 0 0 0
697 0 0 0 0
698 0 0 0 0
699 0 0 0 0
700 0 0 0 0
701 0 0 0 0
702 0 0 0 0
703 0 0 0 0
704 0 0 0 0
705 0 0 0 0
706 0 0 0 0
707 0 0 0 0
708 0 0 0 0
709 0 0 0 0
710 0 0 0 0
711 0 0 0 0
712 0 0 0 0
713 0 0 0 0
714 0 0 0 0
715 0 0 0 0
716 0 0 0 0
717 0 0 0 0
718 0 0 0 0
719 0 0 0 0
720 0 0 0 0
721 0 0 0 0
722 0 0 0 0
723 0 0 0 0
724 0 0 0 0
725 0 0 0 0
726 0 0 0 0
727 0 0 0 0
