0 0 0 0 0
1 0 0 0 0
2 0 0 0 0
3 0 0 0 0
4 0 0 0 0
5 0 1 1 0
6 0 0 0 0
7 0 0 0 0
8 0 0 0 0
9 0 2 1 0
10 0 0 0 1
11 0 0 0 0
12 0 0 0 1
13 0 0 0 2
14 0 0 0 0
15 0 0 0 0
16 0 0 0 1
17 0 0 0 0
18 0 0 0 0
19 0 0 0 0
20 0 0 0 0
21 1 0 0 0
22 1 0 0 0
23 1 0 0 0
24 0 0 0 0
25 0 0 0 0
26 0 0 0 0
27 0 1 0 0
28 0 1 0 0
29 0 0 0 0
30 0 1 0 0
31 0 0 0 0
32 0 0 0 1
33 0 0 0 0
34 0 0 0 2
35 0 0 0 0
36 0 0 0 0
37 0 0 0 0
38 0 0 0 0
39 1 0 0 0
40 0 0 0 0
41 1 0 0 0
42 0 0 0 0
43 0 0 0 0
44 1 1 0 0
45 1 0 0 0
46 1 0 0 0
47 1 0 0 0
48 0 0 0 1
49 1 1 0 0
50 1 1 1 0
51 0 1 0 0
52 0 0 0 0
53 0 0 0 0
54 0 0 1 1
55 0 0 0 1
56 0 1 0 1
57 0 0 0 1
58 0 0 0 0
59 0 1 0 0
60 1 0 0 0
61 1 0 0 1
62 2 0 0 0
63 1 0 0 2
64 1 0 0 0
65 0 0 0 0
66 0 0 0 0
67 0 0 0 0
68 0 1 0 0
69 2 1 1 0
70 1 1 0 0
71 1 2 0 0
72 0 0 0 0
73 1 0 0 1
74 0 0 1 0
75 0 0 0 2
76 0 1 0 1
77 1 0 0 1
78 0 1 1 2
79 0 1 0 0
80 0 0 0 1
81 0 0 0 0
82 0 1 0 0
83 0 0 0 0
84 2 0 0 0
85 0 0 0 2
86 1 0 0 1
87 3 0 0 0
88 2 0 0 0
89 3 1 0 1
90 4 0 0 0
91 1 0 0 0
92 3 1 1 0
93 0 2 0 0
94 2 2 0 0
95 2 3 1 0
96 0 1 0 2
97 2 0 2 0
98 0 0 1 1
99 2 1 3 2
100 0 1 1 3
101 0 1 1 2
102 2 0 1 4
103 1 0 0 0
104 2 0 0 2
105 0 0 0 0
106 2 0 1 5
107 1 1 1 1
108 2 2 1 2
109 1 0 2 0
110 3 0 0 1
111 4 1 0 2
112 3 1 0 1
113 3 0 0 1
114 5 0 1 0
115 7 4 0 2
116 6 1 1 2
117 4 3 0 0
118 2 2 0 2
119 3 1 2 2
120 3 3 4 0
121 1 2 2 2
122 3 1 2 3
123 4 2 0 2
124 3 0 5 7
125 2 3 3 1
126 1 3 0 5
127 0 1 1 3
128 0 1 2 5
129 1 0 1 5
130 3 1 0 2
131 2 2 0 5
132 3 1 2 6
133 3 3 0 2
134 1 2 0 0
135 5 2 0 1
136 3 0 0 2
137 4 1 1 2
138 4 1 0 2
139 5 2 0 1
140 4 5 0 2
141 5 1 1 2
142 8 2 2 3
143 0 0 0 1
144 7 3 4 4
145 4 4 0 2
146 5 2 0 2
147 3 4 4 2
148 6 1 1 5
149 4 5 2 5
150 4 5 1 3
151 5 3 5 6
152 6 1 0 1
153 4 4 1 6
154 6 2 0 6
155 3 2 1 4
156 7 0 2 3
157 7 2 3 5
158 8 4 1 7
159 10 2 3 2
160 9 4 3 3
161 8 4 3 2
162 4 1 3 4
163 10 2 2 4
164 6 6 3 6
165 5 6 3 6
166 6 7 4 7
167 9 5 4 5
168 10 5 5 9
169 11 2 2 6
170 7 2 4 9
171 9 4 4 9
172 9 6 3 8
173 9 6 6 8
174 5 4 5 8
175 11 4 2 7
176 11 5 4 7
177 12 5 2 9
178 14 6 1 10
179 10 3 3 8
180 13 8 2 14
181 20 7 2 9
182 9 5 4 5
183 12 4 7 6
184 16 4 7 9
185 20 6 6 8
186 9 12 5 6
187 24 4 6 8
188 13 6 4 4
189 11 10 5 7
190 12 11 8 17
191 11 7 4 21
192 12 11 10 14
193 14 10 6 17
194 13 7 7 12
195 10 2 4 12
196 8 6 7 15
197 9 8 6 16
198 14 5 7 11
199 13 10 4 12
200 6 11 4 13
201 10 6 3 14
202 8 8 4 8
203 11 10 5 14
204 12 4 4 15
205 13 2 5 11
206 11 7 2 16
207 9 9 1 12
208 7 11 5 12
209 12 6 2 9
210 11 4 5 14
211 10 6 4 4
212 11 9 3 11
213 7 6 4 7
214 8 8 9 12
215 9 5 7 13
216 7 5 4 9
217 5 4 4 12
218 5 4 4 12
219 4 2 4 17
220 6 6 1 8
221 1 5 4 12
222 7 5 2 11
223 1 6 2 5
224 6 3 4 7
225 5 5 2 8
226 5 1 0 9
227 2 3 2 7
228 11 2 0 9
229 6 2 1 5
230 5 2 2 3
231 3 4 5 7
232 2 1 2 6
233 2 9 2 3
234 3 3 3 3
235 2 1 2 4
236 3 2 2 3
237 3 2 2 9
238 4 1 1 8
239 5 4 1 3
240 0 0 0 6
241 5 1 2 3
242 4 0 1 2
243 3 0 2 4
244 2 3 1 4
245 1 1 1 1
246 2 3 1 3
247 3 4 2 1
248 2 1 1 5
249 2 2 0 1
250 2 5 0 4
251 3 4 0 4
252 2 3 0 3
253 0 2 1 1
254 1 0 0 5
255 2 0 1 3
256 2 1 2 3
257 1 2 1 6
258 2 1 1 2
259 1 1 1 2
260 2 1 1 3
261 2 0 1 2
262 1 1 0 2
263 1 1 0 2
264 0 2 0 3
265 1 3 0 1
266 0 1 0 2
267 1 1 0 0
268 2 0 0 1
269 3 0 0 1
270 5 1 0 2
271 2 1 0 1
272 2 1 1 2
273 2 1 0 1
274 2 1 1 2
275 1 2 1 0
276 1 1 0 1
277 0 2 1 0
278 1 3 1 2
279 1 1 1 3
280 2 0 2 1
281 0 0 0 4
282 1 0 0 3
283 1 2 1 2
284 1 0 1 1
285 1 2 0 2
286 0 0 0 2
287 2 0 0 1
288 3 0 0 1
289 2 2 0 0
290 3 1 1 3
291 2 0 0 0
292 1 2 0 1
293 3 0 1 0
294 2 1 1 1
295 2 1 1 0
296 2 1 1 4
297 1 2 0 2
298 2 3 0 2
299 0 2 0 0
300 0 1 1 0
301 0 1 1 2
302 2 0 2 5
303 0 0 1 3
304 0 0 0 1
305 1 1 0 1
306 0 0 0 2
307 0 1 1 0
308 0 0 0 2
309 1 0 0 1
310 1 1 0 1
311 1 1 1 2
312 0 0 0 1
313 3 0 0 0
314 0 0 1 0
315 2 0 0 2
316 1 0 1 0
317 2 0 0 1
318 3 0 2 0
319 1 1 0 0
320 1 2 0 1
321 1 1 0 1
322 1 2 1 1
323 1 1 0 0
324 0 1 0 1
325 0 0 1 1
326 1 0 1 2
327 0 2 0 1
328 0 0 0 1
329 0 0 0 4
330 1 0 0 1
331 0 1 0 1
332 1 1 0 0
333 1 0 0 1
334 1 0 0 1
335 1 1 1 1
336 0 0 0 0
337 0 0 1 0
338 1 0 0 0
339 0 1 0 1
340 1 0 1 0
341 1 0 0 0
342 1 1 0 2
343 0 0 0 0
344 0 0 0 1
345 0 0 1 0
346 0 1 0 2
347 0 0 1 1
348 0 0 0 0
349 0 0 0 0
350 0 0 0 0
351 0 1 0 1
352 0 0 0 1
353 0 0 0 1
354 1 0 0 0
355 0 0 0 1
356 1 0 0 0
357 0 0 0 0
358 0 0 0 0
359 0 1 0 0
360 0 0 0 0
361 0 0 1 0
362 1 0 0 0
363 1 0 0 1
364 0 0 0 0
365 1 0 0 1
366 1 0 0 0
367 1 0 0 0
368 1 1 0 0
369 0 0 0 0
370 0 1 0 0
371 0 0 0 0
372 1 1 0 0
373 0 0 0 0
374 0 1 0 0
375 0 0 1 1
376 0 1 0 0
377 0 0 0 1
378 0 0 0 1
379 1 0 0 2
380 0 1 0 0
381 0 0 0 0
382 0 0 0 0
383 1 0 0 1
384 1 0 0 1
385 0 0 0 0
386 0 0 0 0
387 0 0 0 0
388 0 1 0 0
389 0 1 0 0
390 0 0 0 0
391 0 0 0 0
392 0 0 1 1
393 0 0 0 0
394 0 0 0 0
395 0 0 0 0
396 0 0 0 1
397 0 0 0 0
398 0 0 0 0
399 0 0 0 1
400 0 0 0 0
401 0 0 0 0
402 0 0 0 0
403 0 0 0 0
404 0 0 0 0
405 0 0 0 0
406 0 0 0 0
407 0 0 0 0
408 0 0 0 0
409 0 0 0 0
410 1 0 0 0
411 0 0 0 0
412 0 0 0 0
413 0 0 0 0
414 0 0 0 0
415 0 0 0 0
416 0 0 0 0
417 0 0 0 0
418 0 0 0 0
419 0 0 1 0
420 0 0 0 0
421 0 0 0 0
422 0 0 0 0
423 0 0 0 1
424 0 0 0 0
425 0 0 0 0
426 0 0 0 0
427 0 0 0 0
428 0 0 0 0
429 0 0 0 0
430 0 0 0 0
431 0 0 0 0
432 0 0 0 0
433 0 0 0 0
434 0 0 0 0
435 0 0 0 0
436 0 0 0 0
437 0 0 0 0
438 0 0 0 0
439 0 0 0 0
440 0 0 0 0
441 0 0 0 0
442 0 0 0 0
443 0 0 0 0
444 0 0 0 0
445 0 0 0 0
446 0 0 0 0
447 0 0 0 0
448 0 0 0 0
449 0 0 0 0
450 0 0 0 0
451 0 0 0 0
452 0 0 0 0
453 0 0 0 0
454 0 0 0 0
455 0 0 0 0
456 0 0 0 0
457 0 0 0 0
458 0 0 0 0
459 0 0 0 0
460 0 0 0 0
461 0 0 0 0
462 0 0 0 0
463 0 0 0 0
464 0 0 0 0
465 0 0 0 0
466 0 0 0 0
467 0 0 0 0
468 0 0 0 0
469 0 0 0 0
470 0 0 0 0
471 0 0 0 0
472 0 0 0 0
473 0 0 0 0
474 0 0 0 0
475 0 0 0 0
476 0 0 0 0
477 0 0 0 0
478 0 0 0 0
479 0 0 0 0
480 0 0 0 0
481 0 0 0 0
482 0 0 0 0
483 0 0 0 0
484 0 0 0 0
485 0 0 0 0
486 0 0 0 0
487 0 0 0 0
488 0 0 0 0
489 0 0 0 0
490 0 0 0 0
491 0 0 0 0
492 0 0 0 0
493 0 0 0 0
494 0 0 0 0
495 0 0 0 0
496 0 0 0 0
497 0 0 0 0
498 0 0 0 0
499 0 0 0 0
500 0 0 0 0
501 0 0 0 0
502 0 0 0 0
503 0 0 0 0
504 0 0 0 0
505 0 0 0 0
506 0 0 0 0
507 0 0 0 0
508 0 0 0 0
509 0 0 0 0
510 0 0 0 0
511 0 0 0 0
512 0 0 0 0
513 0 0 0 0
514 0 0 0 0
515 0 0 0 0
516 0 0 0 0
517 0 0 0 0
518 0 0 0 0
519 0 0 0 0
520 0 0 0 0
521 0 0 0 0
522 0 0 0 0
523 0 0 0 0
524 0 0 0 0
525 0 0 0 0
526 0 0 0 0
527 0 0 0 0
528 0 0 0 0
529 0 0 0 0
530 0 0 0 0
531 0 0 0 0
532 0 0 0 0
533 0 0 0 0
534 0 0 0 0
535 0 0 0 0
536 0 0 0 0
537 0 0 0 0
538 0 0 0 0
539 0 0 0 0
540 0 0 0 0
541 0 0 0 0
542 0 0 0 0
543 0 0 0 0
544 0 0 0 0
545 0 0 0 0
546 0 0 0 0
547 0 0 0 0
548 0 0 0 0
549 0 0 0 0
550 0 0 0 0
551 0 0 0 0
552 0 0 0 0
553 0 0 0 0
554 0 0 0 0
555 0 0 0 0
556 0 0 0 0
557 0 0 0 0
558 0 0 0 0
559 0 0 0 0
560 0 0 0 0
561 0 0 0 0
562 0 0 0 0
563 0 0 0 0
564 0 0 0 0
565 0 0 0 0
566 0 0 0 0
567 0 0 0 0
568 0 0 0 0
569 0 0 0 0
570 0 0 0 0
571 0 0 0 0
572 0 0 0 0
573 0 0 0 0
574 0 0 0 0
575 0 0 0 0
576 0 0 0 0
577 0 0 0 0
578 0 0 0 0
579 0 0 0 0
580 0 0 0 0
581 0 0 0 0
582 0 0 0 0
583 0 0 0 0
584 0 0 0 0
585 0 0 0 0
586 0 0 0 0
587 0 0 0 0
588 0 0 0 0
589 0 0 0 0
590 0 0 0 0
591 0 0 0 0
592 0 0 0 0
593 0 0 0 0
594 0 0 0 0
595 0 0 0 0
596 0 0 0 0
597 0 0 0 0
598 0 0 0 0
599 0 0 0 0
600 0 0 0 0
601 0 0 0 0
602 0 0 0 0
603 0 0 0 0
604 0 0 0 0
605 0 0 0 0
606 0 0 0 0
607 0 0 0 0
608 0 0 0 0
609 0 0 0 0
610 0 0 0 0
611 0 0 0 0
612 0 0 0 0
613 0 0 0 0
614 0 0 0 0
615 0 0 0 0
616 0 0 0 0
617 0 0 0 0
618 0 0 0 0
619 0 0 0 0
620 0 0 0 0
621 0 0 0 0
622 0 0 0 0
623 0 0 0 0
624 0 0 0 0
625 0 0 0 0
626 0 0 0 0
627 0 0 0 0
628 0 0 0 0
629 0 0 0 0
630 0 0 0 0
631 0 0 0 0
632 0 0 0 0
633 0 0 0 0
634 0 0 0 0
635 0 0 0 0
636 0 0 0 0
637 0 0 0 0
638 0 0 0 0
639 0 0 0 0
640 0 0 0 0
641 0 0 0 0
642 0 0 0 0
643 0 0 0 0
644 0 0 0 0
645 0 0 0 0
646 0 0 0 0
647 0 0 0 0
648 0 0 0 0
649 0 0 0 0
650 0 0 0 0
651 0 0 0 0
652 0 0 0 0
653 0 0 0 0
654 0 0 0 0
655 0 0 0 0
656 0 0 0 0
657 0 0 0 0
658 0 0 0 0
659 0 0 0 0
660 0 0 0 0
661 0 0 0 0
662 0 0 0 0
663 0 0 0 0
664 0 0 0 0
665 0 0 0 0
666 0 0 0 0
667 0 0 0 0
668 0 0 0 0
669 0 0 0 0
670 0 0 0 0
671 0 0 0 0
672 0 0 0 0
673 0 0 0 0
674 0 0 0 0
675 0 0 0 0
676 0 0 0 0
677 0 0 0 0
678 0 0 0 0
679 0 0 0 0
680 0 0 0 0
681 0 0 0 0
682 0 0 0 0
683 0 0 0 0
684 0 0 0 0
685 0 0 0 0
686 0 0 0 0
687 0 0 0 0
688 0 0 0 0
689 0 0 0 0
690 0 0 0 0
691 0 0 0 0
692 0 0 0 0
693 0 0 0 0
694 0 0 0 0
695 0 0 0 0
696 0 0 0 0
697 0 0 0 0
698 0 0 0 0
699 0 0 0 0
700 0 0 0 0
701 0 0 0 0
702 0 0 0 0
703 0 0 0 0
704 0 0 0 0
705 0 0 0 0
706 0 0 0 0
707 0 0 0 0
708 0 0 0 0
709 0 0 0 0
710 0 0 0 0
711 0 0 0 0
712 0 0 0 0
713 0 0 0 0
714 0 0 0 0
715 0 0 0 0
716 0 0 0 0
717 0 0 0 0
718 0 0 0 0
719 0 0 0 0
720 0 0 0 0
721 0 0 0 0
722 0 0 0 0
723 0 0 0 0
724 0 0 0 0
725 0 0 0 0
726 0 0 0 0
727 0 0 0 0
