0 0 0 0 0
1 0 0 0 0
2 0 0 0 0
3 0 0 0 0
4 0 0 0 0
5 0 2 1 0
6 0 0 0 0
7 0 0 0 0
8 0 0 0 0
9 0 0 2 2
10 0 0 0 0
11 0 0 0 0
12 0 0 0 1
13 0 0 0 0
14 0 0 0 0
15 0 0 0 0
16 0 0 0 2
17 1 0 0 0
18 0 0 0 0
19 0 0 0 0
20 0 0 0 0
21 0 0 0 0
22 0 1 0 0
23 2 0 0 0
24 2 0 0 0
25 1 0 0 0
26 0 0 0 1
27 0 0 0 0
28 1 1 0 0
29 0 0 1 0
30 0 1 0 0
31 0 0 0 0
32 0 0 1 1
33 0 1 0 1
34 1 0 0 0
35 0 0 0 0
36 0 0 0 0
37 0 1 0 2
38 0 0 0 0
39 0 0 1 1
40 0 0 0 0
41 0 0 0 1
42 0 0 0 0
43 0 0 0 0
44 0 0 0 0
45 0 0 0 0
46 2 0 0 1
47 2 0 0 0
48 1 0 0 0
49 1 0 0 0
50 2 0 0 0
51 1 1 0 0
52 2 1 0 0
53 0 1 0 0
54 0 0 0 0
55 1 2 1 1
56 0 1 0 1
57 1 1 2 0
58 2 1 0 0
59 0 0 0 3
60 2 1 0 0
61 0 0 0 3
62 0 1 0 2
63 1 0 0 1
64 1 0 0 1
65 1 0 1 0
66 0 0 0 1
67 1 1 1 0
68 0 0 0 0
69 0 0 2 1
70 1 2 0 0
71 0 0 0 0
72 0 1 0 0
73 1 0 0 1
74 1 0 0 2
75 2 1 0 0
76 2 0 0 1
77 0 0 0 2
78 1 0 0 0
79 0 0 0 1
80 1 0 0 0
81 0 1 0 0
82 1 0 1 1
83 0 0 1 0
84 0 2 0 0
85 1 1 1 1
86 1 0 0 1
87 1 0 2 1
88 0 0 0 0
89 2 0 0 0
90 0 1 0 0
91 1 0 0 3
92 1 0 0 2
93 0 0 0 0
94 0 1 0 2
95 3 1 1 0
96 2 1 0 0
97 2 0 0 0
98 2 1 0 0
99 3 0 0 0
100 2 1 0 0
101 2 1 1 1
102 2 1 0 3
103 4 2 0 1
104 3 2 1 1
105 2 2 1 2
106 3 1 1 0
107 1 1 0 0
108 2 3 3 0
109 0 0 2 2
110 0 3 0 5
111 1 2 1 2
112 1 0 1 4
113 1 2 1 1
114 2 0 0 3
115 1 0 1 6
116 0 1 0 2
117 1 1 0 3
118 5 0 0 1
119 4 0 0 1
120 4 0 1 1
121 7 0 0 0
122 9 1 1 0
123 6 2 3 1
124 8 0 2 1
125 5 0 2 0
126 4 4 1 2
127 3 4 2 3
128 5 2 3 2
129 4 4 2 1
130 7 4 2 6
131 5 5 2 1
132 3 5 0 2
133 5 5 1 7
134 3 2 2 7
135 4 4 1 6
136 2 2 1 7
137 2 3 0 8
138 4 3 2 5
139 3 4 3 2
140 4 2 2 2
141 8 4 0 5
142 3 1 1 6
143 3 0 1 6
144 4 1 2 3
145 7 2 0 4
146 8 3 3 5
147 5 4 0 2
148 5 4 0 4
149 6 4 1 3
150 9 6 3 4
151 10 3 3 3
152 9 2 5 3
153 7 0 3 6
154 5 4 1 5
155 5 7 2 6
156 3 3 1 6
157 5 6 3 9
158 13 4 1 5
159 7 3 4 6
160 6 5 1 3
161 7 5 0 6
162 3 5 2 8
163 8 1 5 2
164 8 7 2 9
165 8 5 0 3
166 5 4 3 9
167 11 5 1 3
168 5 4 5 11
169 11 3 4 6
170 9 3 3 9
171 6 2 4 6
172 11 6 3 7
173 10 6 1 4
174 15 6 2 7
175 9 3 2 12
176 11 6 4 6
177 9 4 4 3
178 7 9 4 7
179 7 9 5 9
180 6 5 5 9
181 9 8 8 8
182 10 4 4 13
183 13 10 3 14
184 11 3 2 8
185 8 2 1 11
186 14 1 7 8
187 10 6 2 11
188 13 5 3 9
189 18 6 5 8
190 14 6 4 12
191 8 7 7 6
192 14 1 6 6
193 11 6 6 7
194 10 6 6 10
195 11 7 8 13
196 16 9 4 12
197 13 4 11 10
198 11 13 3 13
199 9 5 7 6
200 12 2 7 14
201 10 9 2 12
202 9 8 5 18
203 17 2 2 16
204 8 9 3 13
205 12 13 2 10
206 13 6 3 11
207 10 9 4 5
208 7 7 6 13
209 11 6 6 15
210 12 8 4 7
211 13 9 5 10
212 12 11 3 10
213 12 5 2 14
214 7 3 8 13
215 4 8 2 17
216 7 10 2 16
217 8 7 2 11
218 8 9 2 12
219 9 6 4 10
220 6 5 2 10
221 11 6 3 5
222 8 7 6 12
223 8 3 3 9
224 12 4 1 10
225 9 2 5 12
226 7 4 2 14
227 9 7 5 3
228 12 5 3 4
229 9 4 6 8
230 13 8 2 9
231 6 4 3 12
232 6 7 3 7
233 5 9 2 8
234 4 6 2 6
235 2 8 2 6
236 4 1 6 9
237 3 0 7 12
238 3 5 3 10
239 4 4 4 12
240 2 3 2 8
241 1 5 4 7
242 3 1 3 8
243 4 3 0 9
244 3 2 0 6
245 2 1 2 7
246 4 2 0 6
247 1 1 1 3
248 3 2 1 6
249 2 0 2 4
250 2 1 0 2
251 3 1 2 3
252 3 2 1 3
253 3 1 1 3
254 3 2 0 1
255 0 3 1 2
256 2 1 1 2
257 3 2 2 2
258 3 0 2 2
259 1 3 0 5
260 3 0 1 2
261 2 2 0 4
262 1 1 4 3
263 1 1 2 2
264 1 1 0 1
265 1 2 1 0
266 2 1 0 5
267 0 0 2 1
268 1 0 0 2
269 0 1 1 3
270 0 1 1 3
271 6 0 0 2
272 2 0 1 2
273 0 0 0 2
274 0 0 0 3
275 1 0 2 0
276 0 1 1 2
277 4 1 1 0
278 3 0 0 0
279 0 0 0 1
280 0 3 2 1
281 0 1 0 2
282 0 2 0 1
283 2 0 1 1
284 0 0 0 2
285 0 0 0 1
286 0 1 1 0
287 0 0 2 3
288 0 0 0 0
289 0 0 0 2
290 0 0 0 2
291 0 0 0 0
292 0 1 1 0
293 1 0 0 1
294 1 0 0 2
295 0 0 0 0
296 2 0 0 1
297 1 0 0 0
298 0 0 1 0
299 0 0 1 1
300 0 0 0 0
301 0 1 0 0
302 1 1 0 1
303 1 0 0 1
304 0 1 0 0
305 0 0 0 0
306 0 0 0 1
307 1 0 0 0
308 1 1 0 2
309 0 0 0 0
310 0 0 0 0
311 1 1 0 0
312 0 1 0 0
313 1 1 0 0
314 0 0 0 0
315 0 0 0 2
316 0 0 1 1
317 0 0 0 0
318 0 0 0 0
319 0 0 0 0
320 0 0 0 2
321 0 0 0 0
322 0 0 1 0
323 1 0 0 0
324 1 0 0 0
325 0 0 0 0
326 0 0 0 1
327 1 0 0 0
328 0 1 0 0
329 0 0 0 0
330 0 0 0 0
331 1 0 0 0
332 0 1 0 0
333 0 1 0 0
334 0 0 0 0
335 0 0 0 1
336 0 1 0 1
337 0 0 0 1
338 0 0 0 0
339 0 0 0 0
340 0 0 0 0
341 0 0 0 0
342 0 0 0 0
343 0 0 0 1
344 0 0 0 0
345 0 0 0 0
346 0 0 0 0
347 0 0 0 0
348 0 0 0 0
349 0 0 0 0
350 0 0 0 0
351 1 0 0 0
352 0 0 0 0
353 0 0 0 0
354 0 0 0 0
355 0 0 0 0
356 0 0 1 0
357 0 0 0 0
358 0 0 0 0
359 1 0 0 0
360 0 0 0 1
361 0 0 0 0
362 0 0 0 0
363 1 0 0 0
364 0 0 0 0
365 1 0 0 0
366 0 0 0 0
367 0 0 0 0
368 0 1 0 0
369 0 0 0 0
370 0 1 0 0
371 0 0 0 0
372 0 1 0 1
373 0 0 0 0
374 0 0 0 0
375 0 0 0 0
376 0 0 0 1
377 0 0 0 1
378 0 0 0 0
379 0 0 0 0
380 0 0 0 0
381 0 0 0 0
382 0 0 0 0
383 1 0 0 0
384 0 0 0 0
385 0 0 0 0
386 0 0 0 0
387 0 0 0 0
388 0 0 1 0
389 0 0 0 0
390 0 0 0 0
391 0 0 0 0
392 0 0 0 0
393 0 0 0 0
394 1 0 0 0
395 0 0 0 1
396 0 0 0 0
397 0 0 0 0
398 1 0 0 0
399 0 1 0 0
400 1 0 0 0
401 0 0 0 0
402 0 0 0 0
403 2 0 1 0
404 2 0 0 0
405 0 1 0 0
406 1 0 0 1
407 1 0 0 1
408 0 1 0 0
409 0 0 0 0
410 0 0 0 0
411 0 0 1 0
412 0 1 0 2
413 0 2 0 0
414 0 0 0 0
415 0 0 0 1
416 0 1 0 0
417 0 0 0 1
418 0 0 0 0
419 0 0 0 1
420 0 0 0 2
421 0 0 0 0
422 0 0 0 0
423 1 0 0 0
424 1 0 0 0
425 0 0 0 0
426 0 0 0 0
427 0 0 0 0
428 0 0 0 0
429 0 0 0 0
430 0 0 0 0
431 0 0 0 0
432 0 1 0 0
433 0 0 1 0
434 2 0 0 0
435 0 0 0 0
436 1 0 0 0
437 0 0 0 1
438 0 0 0 0
439 0 1 0 1
440 0 0 0 0
441 0 1 0 0
442 0 0 0 0
443 0 1 0 1
444 0 0 0 0
445 0 0 0 0
446 0 0 0 0
447 0 0 0 1
448 2 0 0 1
449 1 0 0 0
450 1 0 0 0
451 0 0 0 0
452 0 0 0 0
453 0 1 1 0
454 0 0 1 0
455 0 1 0 0
456 0 0 0 0
457 0 0 0 1
458 0 0 0 1
459 0 0 0 0
460 0 0 0 1
461 0 0 0 0
462 0 0 0 1
463 0 0 0 0
464 1 0 0 0
465 2 0 0 0
466 1 0 0 0
467 1 0 0 0
468 0 0 0 0
469 0 0 1 0
470 0 0 0 0
471 0 1 0 0
472 0 0 1 0
473 0 0 0 0
474 0 1 1 0
475 0 0 0 0
476 2 0 0 2
477 1 0 0 0
478 1 0 0 3
479 0 0 0 0
480 0 0 0 0
481 0 0 0 0
482 1 0 0 0
483 3 0 1 0
484 0 0 0 0
485 1 2 0 0
486 0 0 1 0
487 0 0 0 0
488 0 2 1 0
489 0 0 0 1
490 0 1 0 1
491 1 0 1 0
492 1 0 0 2
493 0 0 0 1
494 0 0 0 1
495 0 0 0 2
496 0 1 0 0
497 1 0 0 0
498 2 0 0 1
499 1 0 0 0
500 0 0 0 1
501 2 0 1 0
502 1 0 1 0
503 1 0 2 0
504 1 1 0 0
505 2 0 0 1
506 3 0 0 0
507 3 0 0 2
508 0 0 1 1
509 1 0 0 1
510 2 1 1 0
511 0 2 2 0
512 0 2 1 1
513 1 1 0 0
514 0 1 1 2
515 0 1 0 2
516 1 0 0 1
517 0 0 0 0
518 1 2 0 3
519 0 1 0 2
520 0 0 0 1
521 0 0 0 1
522 1 0 0 3
523 1 0 0 0
524 0 0 0 0
525 0 0 1 0
526 2 0 0 1
527 0 0 1 0
528 0 0 0 0
529 1 0 0 0
530 2 0 0 0
531 1 0 2 0
532 0 0 1 1
533 0 0 0 0
534 0 0 0 1
535 2 2 1 0
536 1 0 0 1
537 0 0 0 0
538 0 1 0 2
539 1 0 0 1
540 1 1 1 0
541 1 1 1 0
542 0 0 0 3
543 0 0 0 0
544 0 0 0 2
545 0 0 0 1
546 1 1 0 0
547 2 0 0 0
548 1 0 1 1
549 2 0 1 0
550 0 0 0 1
551 0 0 0 0
552 0 0 0 0
553 0 0 0 1
554 0 1 0 0
555 0 0 1 1
556 1 2 0 0
557 2 0 1 0
558 2 1 0 0
559 0 0 0 1
560 0 0 0 2
561 1 1 0 2
562 2 0 1 1
563 0 0 0 0
564 3 0 0 0
565 2 0 0 1
566 2 1 0 0
567 1 2 1 0
568 2 0 0 0
569 3 0 0 1
570 1 0 2 0
571 2 2 0 0
572 0 0 0 1
573 0 4 1 1
574 0 3 0 3
575 2 0 1 1
576 1 1 1 0
577 1 0 0 3
578 0 0 1 2
579 0 0 1 2
580 0 1 0 4
581 0 0 1 1
582 1 0 0 1
583 1 0 0 1
584 0 1 1 1
585 0 0 0 1
586 0 0 1 0
587 2 1 0 0
588 1 1 0 3
589 0 0 0 0
590 0 0 0 0
591 0 0 0 1
592 1 1 1 0
593 1 0 0 1
594 0 0 0 0
595 0 0 0 1
596 0 0 0 1
597 0 2 0 0
598 0 0 0 0
599 1 0 0 1
600 1 0 0 0
601 1 0 0 0
602 0 1 0 0
603 0 0 0 0
604 1 0 0 2
605 0 0 0 0
606 0 0 0 1
607 0 0 0 0
608 0 1 0 0
609 1 2 0 0
610 0 1 0 0
611 0 0 0 0
612 0 0 0 0
613 0 0 0 1
614 1 0 0 0
615 0 0 0 1
616 0 0 0 1
617 0 0 0 1
618 0 0 1 0
619 0 1 0 0
620 0 0 0 0
621 0 0 0 0
622 0 0 0 1
623 0 0 0 1
624 0 0 0 0
625 0 0 0 0
626 0 0 0 0
627 0 0 0 0
628 0 0 0 0
629 0 0 0 0
630 0 0 0 0
631 0 0 0 0
632 0 0 0 0
633 0 0 0 0
634 0 0 0 0
635 0 0 0 0
636 0 0 0 0
637 0 0 0 0
638 0 0 0 0
639 0 0 0 0
640 0 0 0 0
641 0 0 0 0
642 1 0 0 0
643 0 0 0 0
644 0 0 0 0
645 0 0 0 0
646 0 0 0 0
647 0 0 1 0
648 0 0 0 0
649 1 0 0 0
650 0 0 0 0
651 0 0 0 0
652 0 0 0 0
653 0 0 0 0
654 0 0 1 1
655 0 0 0 0
656 0 0 0 0
657 0 0 0 0
658 0 0 0 1
659 0 0 0 0
660 0 0 0 0
661 0 0 0 0
662 0 0 0 0
663 0 0 0 0
664 0 0 0 0
665 0 0 0 0
666 0 0 0 0
667 0 0 0 0
668 0 0 0 0
669 0 0 0 0
670 0 0 0 0
671 0 0 0 0
672 0 0 0 0
673 0 0 0 0
674 0 0 0 0
675 0 0 0 0
676 0 0 0 0
677 0 0 0 0
678 0 0 0 0
679 0 0 0 0
680 0 0 0 0
681 0 0 0 0
682 0 0 0 0
683 0 0 0 0
684 0 0 0 0
685 0 0 0 0
686 0 0 0 0
687 0 0 0 0
688 0 0 0 0
689 0 0 0 0
690 0 0 0 0
691 0 0 0 0
692 0 0 0 0
693 0 0 0 0
694 0 0 0 0
695 0 0 0 0
696 0 0 0 0
697 0 0 0 0
698 0 0 0 0
699 0 0 0 0
700 0 0 0 0
701 0 0 0 0
702 0 0 0 0
703 0 0 0 0
704 0 0 0 0
705 0 0 0 0
706 0 0 0 0
707 0 0 0 0
708 0 0 0 0
709 0 0 0 0
710 0 0 0 0
711 0 0 0 0
712 0 0 0 0
713 0 0 0 0
714 0 0 0 0
715 0 0 0 0
716 0 0 0 0
717 0 0 0 0
718 0 0 0 0
719 0 0 0 0
720 0 0 0 0
721 0 0 0 0
722 0 0 0 0
723 0 0 0 0
724 0 0 0 0
725 0 0 0 0
726 0 0 0 0
727 0 0 0 0
