0 0 0 0 0
1 0 0 0 0
2 0 0 0 0
3 0 0 0 0
4 0 0 0 0
5 0 1 0 0
6 0 0 0 0
7 0 0 0 0
8 0 0 0 0
9 0 2 2 0
10 0 0 0 0
11 0 0 0 0
12 0 0 0 1
13 0 0 0 0
14 0 0 0 0
15 0 0 0 0
16 0 0 0 4
17 0 0 0 0
18 0 0 0 0
19 0 0 0 0
20 0 0 0 0
21 1 0 0 0
22 1 0 0 0
23 2 0 0 0
24 2 0 0 0
25 1 0 0 0
26 1 0 0 0
27 0 1 0 0
28 1 0 2 0
29 1 1 0 0
30 2 1 1 0
31 1 2 0 0
32 1 0 0 0
33 0 0 1 1
34 0 1 0 2
35 0 0 0 4
36 0 0 0 0
37 0 0 0 2
38 1 0 0 1
39 1 1 1 0
40 0 1 0 0
41 1 1 0 0
42 1 0 0 0
43 2 0 0 1
44 1 0 0 0
45 0 0 0 0
46 0 1 0 1
47 1 1 1 1
48 0 2 0 1
49 1 1 0 0
50 1 0 0 1
51 2 0 0 1
52 2 2 0 1
53 1 0 0 1
54 2 0 0 1
55 1 1 0 1
56 4 0 0 0
57 3 0 1 0
58 3 1 0 0
59 1 1 0 2
60 2 3 2 0
61 2 1 2 0
62 2 1 0 1
63 0 2 1 1
64 2 1 0 3
65 0 2 0 1
66 0 3 1 0
67 1 1 0 5
68 1 0 0 3
69 0 3 1 2
70 0 1 0 4
71 1 0 0 2
72 1 1 0 1
73 2 1 0 3
74 1 0 0 2
75 5 0 0 0
76 4 1 0 1
77 2 0 0 1
78 4 1 0 0
79 2 0 1 1
80 3 4 0 1
81 1 2 1 0
82 2 2 0 0
83 3 1 1 1
84 4 2 1 4
85 2 2 3 4
86 1 0 2 0
87 3 1 2 1
88 3 1 0 1
89 5 1 1 7
90 0 1 0 1
91 0 1 1 3
92 3 4 1 1
93 4 3 1 3
94 5 3 1 2
95 2 0 0 3
96 1 0 0 5
97 2 1 2 1
98 2 4 1 1
99 6 0 2 1
100 5 0 0 3
101 3 0 1 4
102 2 1 1 4
103 4 2 5 0
104 5 3 2 2
105 1 2 1 1
106 2 2 1 3
107 2 0 0 3
108 6 3 2 4
109 4 4 1 2
110 2 1 2 4
111 2 0 2 3
112 4 2 0 5
113 3 1 3 6
114 7 1 0 0
115 8 3 0 3
116 4 1 1 1
117 7 4 2 4
118 4 3 1 1
119 5 5 1 4
120 4 5 1 4
121 4 2 1 3
122 1 4 0 3
123 6 1 3 6
124 7 1 2 8
125 2 2 4 2
126 5 7 3 4
127 4 0 1 6
128 1 2 6 5
129 6 4 2 3
130 7 0 1 8
131 6 1 4 2
132 4 1 4 6
133 5 2 1 6
134 8 3 1 1
135 6 3 2 7
136 6 3 1 4
137 7 1 2 4
138 8 3 3 5
139 5 5 3 5
140 6 4 1 3
141 7 3 3 3
142 8 3 2 6
143 9 3 4 4
144 8 1 5 3
145 11 2 1 7
146 5 5 3 10
147 2 7 2 8
148 6 4 3 7
149 6 5 5 1
150 2 5 5 5
151 4 4 2 4
152 7 3 0 7
153 8 4 3 11
154 7 4 3 10
155 10 1 2 7
156 6 5 0 7
157 9 7 0 9
158 10 4 3 5
159 10 3 2 4
160 4 4 4 10
161 13 6 1 5
162 7 2 5 2
163 12 2 5 4
164 8 6 5 8
165 10 4 4 12
166 13 9 5 5
167 10 5 3 8
168 10 4 3 6
169 14 0 4 7
170 9 8 3 8
171 7 5 4 9
172 14 10 3 7
173 15 5 4 12
174 10 7 2 9
175 9 8 3 7
176 8 4 2 6
177 15 8 5 11
178 11 6 7 11
179 14 10 2 12
180 15 6 4 9
181 13 4 4 8
182 12 8 10 14
183 13 8 5 9
184 11 3 6 12
185 16 11 6 12
186 11 10 4 12
187 14 9 2 11
188 14 8 3 6
189 11 6 4 20
190 17 8 5 13
191 13 7 6 13
192 14 16 3 14
193 13 8 5 12
194 20 8 6 12
195 13 9 4 12
196 18 7 7 11
197 19 12 7 16
198 18 8 2 16
199 19 16 5 20
200 16 8 5 11
201 14 10 1 17
202 16 7 8 13
203 16 9 4 18
204 14 9 6 11
205 16 12 2 10
206 18 11 8 19
207 12 11 5 15
208 10 9 6 10
209 12 12 10 14
210 8 12 9 16
211 6 11 8 15
212 10 6 7 10
213 3 7 5 20
214 14 6 3 19
215 8 9 5 21
216 5 4 3 14
217 7 5 4 20
218 7 2 4 16
219 7 5 5 15
220 5 4 3 5
221 8 5 3 8
222 7 2 3 14
223 8 9 3 10
224 3 6 4 6
225 3 1 0 7
226 6 5 3 8
227 2 3 5 8
228 7 3 3 8
229 5 4 1 2
230 8 4 3 12
231 4 3 2 7
232 3 4 2 4
233 3 3 2 6
234 2 2 1 9
235 5 5 2 8
236 2 1 0 5
237 3 4 4 7
238 7 3 0 3
239 6 1 3 4
240 4 5 0 3
241 3 1 1 6
242 4 4 0 8
243 3 2 3 3
244 5 5 1 3
245 2 3 2 2
246 4 4 0 5
247 0 1 4 7
248 2 1 0 5
249 1 2 1 2
250 2 0 2 3
251 5 5 0 4
252 2 3 1 6
253 2 2 1 4
254 0 0 1 2
255 1 1 0 6
256 2 4 0 3
257 0 1 1 1
258 1 0 2 1
259 4 1 1 4
260 1 0 1 4
261 1 1 1 1
262 1 1 1 1
263 2 0 0 3
264 2 2 1 2
265 2 1 0 2
266 1 0 1 1
267 1 2 0 0
268 2 0 1 4
269 1 0 1 2
270 1 0 1 0
271 1 0 0 1
272 1 3 0 1
273 3 2 1 1
274 0 1 1 2
275 0 1 0 1
276 1 2 0 3
277 1 1 0 1
278 1 2 0 2
279 2 0 0 1
280 1 0 1 2
281 0 0 1 1
282 0 0 0 2
283 0 0 0 1
284 0 0 1 2
285 0 0 2 2
286 0 1 0 0
287 0 1 0 0
288 0 0 1 0
289 1 0 0 1
290 0 0 0 2
291 0 0 0 2
292 1 0 0 1
293 0 0 0 0
294 1 0 1 0
295 0 0 0 0
296 0 0 0 0
297 1 0 1 0
298 1 0 0 1
299 0 0 0 0
300 0 0 0 0
301 0 0 0 1
302 0 1 0 0
303 0 0 2 0
304 1 0 0 0
305 1 0 0 0
306 0 0 0 1
307 1 0 0 1
308 0 0 0 0
309 0 0 0 0
310 0 0 1 1
311 0 0 0 0
312 0 1 0 0
313 0 1 0 0
314 0 0 0 0
315 0 0 0 1
316 0 0 0 1
317 0 0 0 1
318 0 0 0 0
319 0 0 0 0
320 0 0 0 0
321 0 0 0 0
322 0 0 0 0
323 0 0 0 0
324 1 0 0 0
325 0 0 0 0
326 0 0 0 0
327 0 0 0 0
328 1 0 0 0
329 0 0 0 0
330 1 0 0 0
331 0 0 0 0
332 0 0 0 0
333 1 1 1 0
334 0 0 0 0
335 0 1 0 0
336 0 0 0 0
337 0 0 0 1
338 0 0 0 0
339 0 0 0 0
340 0 0 0 1
341 0 0 0 0
342 0 0 1 1
343 0 0 0 0
344 0 0 0 0
345 0 0 0 0
346 0 0 0 1
347 0 0 0 0
348 0 0 0 0
349 0 0 0 0
350 0 0 0 0
351 1 0 0 0
352 1 0 0 0
353 0 0 0 0
354 0 0 0 0
355 1 0 0 0
356 0 1 0 0
357 0 1 0 0
358 0 0 0 0
359 0 0 0 0
360 0 0 0 1
361 0 0 0 1
362 0 0 0 0
363 0 0 0 0
364 0 0 1 0
365 0 0 0 0
366 0 0 0 0
367 0 0 0 0
368 0 0 0 1
369 0 0 0 0
370 0 0 0 0
371 0 0 0 0
372 0 0 0 0
373 0 0 0 0
374 0 0 0 0
375 0 0 0 0
376 0 0 0 0
377 0 0 0 0
378 0 0 0 0
379 0 0 0 0
380 0 0 0 0
381 0 0 0 0
382 0 0 0 0
383 0 0 0 0
384 0 0 0 0
385 0 0 0 0
386 0 0 0 0
387 0 0 0 0
388 0 0 0 0
389 0 0 0 0
390 0 0 0 0
391 0 0 0 0
392 0 0 0 0
393 0 0 0 0
394 0 0 0 0
395 0 0 0 0
396 0 0 0 0
397 0 0 0 0
398 0 0 0 0
399 0 0 0 0
400 0 0 0 0
401 0 0 0 0
402 0 0 0 0
403 0 0 0 0
404 0 0 0 0
405 0 0 0 0
406 0 0 0 0
407 0 0 0 0
408 0 0 0 0
409 0 0 0 0
410 0 0 0 0
411 0 0 0 0
412 0 0 0 0
413 0 0 0 0
414 0 0 0 0
415 0 0 0 0
416 0 0 0 0
417 0 0 0 0
418 0 0 0 0
419 0 0 0 0
420 0 0 0 0
421 0 0 0 0
422 0 0 0 0
423 0 0 0 0
424 0 0 0 0
425 0 0 0 0
426 0 0 0 0
427 0 0 0 0
428 0 0 0 0
429 0 0 0 0
430 0 0 0 0
431 0 0 0 0
432 0 0 0 0
433 0 0 0 0
434 0 0 0 0
435 0 0 0 0
436 0 0 0 0
437 0 0 0 0
438 0 0 0 0
439 0 0 0 0
440 0 0 0 0
441 0 0 0 0
442 0 0 0 0
443 0 0 0 0
444 0 0 0 0
445 0 0 0 0
446 0 0 0 0
447 0 0 0 0
448 0 0 0 0
449 0 0 0 0
450 0 0 0 0
451 0 0 0 0
452 0 0 0 0
453 0 0 0 0
454 0 0 0 0
455 0 0 0 0
456 0 0 0 0
457 0 0 0 0
458 0 0 0 0
459 0 0 0 0
460 0 0 0 0
461 0 0 0 0
462 0 0 0 0
463 0 0 0 0
464 0 0 0 0
465 0 0 0 0
466 0 0 0 0
467 0 0 0 0
468 0 0 0 0
469 0 0 0 0
470 0 0 0 0
471 0 0 0 0
472 0 0 0 0
473 0 0 0 0
474 0 0 0 0
475 0 0 0 0
476 0 0 0 0
477 0 0 0 0
478 0 0 0 0
479 0 0 0 0
480 0 0 0 0
481 0 0 0 0
482 0 0 0 0
483 0 0 0 0
484 0 0 0 0
485 0 0 0 0
486 0 0 0 0
487 0 0 0 0
488 0 0 0 0
489 0 0 0 0
490 0 0 0 0
491 0 0 0 0
492 0 0 0 0
493 0 0 0 0
494 0 0 0 0
495 0 0 0 0
496 0 0 0 0
497 0 0 0 0
498 0 0 0 0
499 0 0 0 0
500 0 0 0 0
501 0 0 0 0
502 0 0 0 0
503 0 0 0 0
504 0 0 0 0
505 0 0 0 0
506 0 0 0 0
507 0 0 0 0
508 0 0 0 0
509 0 0 0 0
510 0 0 0 0
511 0 0 0 0
512 0 0 0 0
513 0 0 0 0
514 0 0 0 0
515 0 0 0 0
516 0 0 0 0
517 0 0 0 0
518 0 0 0 0
519 0 0 0 0
520 0 0 0 0
521 0 0 0 0
522 0 0 0 0
523 0 0 0 0
524 0 0 0 0
525 0 0 0 0
526 0 0 0 0
527 0 0 0 0
528 0 0 0 0
529 0 0 0 0
530 0 0 0 0
531 0 0 0 0
532 0 0 0 0
533 0 0 0 0
534 0 0 0 0
535 0 0 0 0
536 0 0 0 0
537 0 0 0 0
538 0 0 0 0
539 0 0 0 0
540 0 0 0 0
541 0 0 0 0
542 0 0 0 0
543 0 0 0 0
544 0 0 0 0
545 0 0 0 0
546 0 0 0 0
547 0 0 0 0
548 0 0 0 0
549 0 0 0 0
550 0 0 0 0
551 0 0 0 0
552 0 0 0 0
553 0 0 0 0
554 0 0 0 0
555 0 0 0 0
556 0 0 0 0
557 0 0 0 0
558 0 0 0 0
559 0 0 0 0
560 0 0 0 0
561 0 0 0 0
562 0 0 0 0
563 0 0 0 0
564 0 0 0 0
565 0 0 0 0
566 0 0 0 0
567 0 0 0 0
568 0 0 0 0
569 0 0 0 0
570 0 0 0 0
571 0 0 0 0
572 0 0 0 0
573 0 0 0 0
574 0 0 0 0
575 0 0 0 0
576 0 0 0 0
577 0 0 0 0
578 0 0 0 0
579 0 0 0 0
580 0 0 0 0
581 0 0 0 0
582 0 0 0 0
583 0 0 0 0
584 0 0 0 0
585 0 0 0 0
586 0 0 0 0
587 0 0 0 0
588 0 0 0 0
589 0 0 0 0
590 0 0 0 0
591 0 0 0 0
592 0 0 0 0
593 0 0 0 0
594 0 0 0 0
595 0 0 0 0
596 0 0 0 0
597 0 0 0 0
598 0 0 0 0
599 0 0 0 0
600 0 0 0 0
601 0 0 0 0
602 0 0 0 0
603 0 0 0 0
604 0 0 0 0
605 0 0 0 0
606 0 0 0 0
607 0 0 0 0
608 0 0 0 0
609 0 0 0 0
610 0 0 0 0
611 0 0 0 0
612 0 0 0 0
613 0 0 0 0
614 0 0 0 0
615 0 0 0 0
616 0 0 0 0
617 0 0 0 0
618 0 0 0 0
619 0 0 0 0
620 0 0 0 0
621 0 0 0 0
622 0 0 0 0
623 0 0 0 0
624 0 0 0 0
625 0 0 0 0
626 0 0 0 0
627 0 0 0 0
628 0 0 0 0
629 0 0 0 0
630 0 0 0 0
631 0 0 0 0
632 0 0 0 0
633 0 0 0 0
634 0 0 0 0
635 0 0 0 0
636 0 0 0 0
637 0 0 0 0
638 0 0 0 0
639 0 0 0 0
640 0 0 0 0
641 0 0 0 0
642 0 0 0 0
643 0 0 0 0
644 0 0 0 0
645 0 0 0 0
646 0 0 0 0
647 0 0 0 0
648 0 0 0 0
649 0 0 0 0
650 0 0 0 0
651 0 0 0 0
652 0 0 0 0
653 0 0 0 0
654 0 0 0 0
655 0 0 0 0
656 0 0 0 0
657 0 0 0 0
658 0 0 0 0
659 0 0 0 0
660 0 0 0 0
661 0 0 0 0
662 0 0 0 0
663 0 0 0 0
664 0 0 0 0
665 0 0 0 0
666 0 0 0 0
667 0 0 0 0
668 0 0 0 0
669 0 0 0 0
670 0 0 0 0
671 0 0 0 0
672 0 0 0 0
673 0 0 0 0
674 0 0 0 0
675 0 0 0 0
676 0 0 0 0
677 0 0 0 0
678 0 0 0 0
679 0 0 0 0
680 0 0 0 0
681 0 0 0 0
682 0 0 0 0
683 0 0 0 0
684 0 0 0 0
685 0 0 0 0
686 0 0 0 0
687 0 0 0 0
688 0 0 0 0
689 0 0 0 0
690 0 0 0 0
691 0 0 0 0
692 0 0 0 0
693 0 0 0 0
694 0 0 0 0
695 0 0 0 0
696 0 0 0 0
697 0 0 0 0
698 0 0 0 0
699 0 0 0 0
700 0 0 0 0
701 0 0 0 0
702 0 0 0 0
703 0 0 0 0
704 0 0 0 0
705 0 0 0 0
706 0 0 0 0
707 0 0 0 0
708 0 0 0 0
709 0 0 0 0
710 0 0 0 0
711 0 0 0 0
712 0 0 0 0
713 0 0 0 0
714 0 0 0 0
715 0 0 0 0
716 0 0 0 0
717 0 0 0 0
718 0 0 0 0
719 0 0 0 0
720 0 0 0 0
721 0 0 0 0
722 0 0 0 0
723 0 0 0 0
724 0 0 0 0
725 0 0 0 0
726 0 0 0 0
727 0 0 0 0
