0 0 0 0 0
1 0 0 0 0
2 0 0 0 0
3 0 0 0 0
4 0 0 0 0
5 0 1 1 0
6 0 0 0 0
7 0 0 0 0
8 0 0 0 0
9 0 1 2 2
10 0 0 0 0
11 0 0 0 0
12 0 0 0 0
13 1 0 0 1
14 0 0 0 0
15 0 0 0 0
16 0 0 0 2
17 0 0 0 0
18 1 0 0 0
19 0 0 0 0
20 0 0 0 0
21 0 0 0 0
22 0 0 1 0
23 1 0 0 0
24 0 0 0 0
25 0 0 1 0
26 0 0 0 1
27 0 0 0 0
28 0 0 0 0
29 0 0 0 0
30 1 0 0 0
31 0 0 0 0
32 0 0 1 1
33 0 0 0 0
34 0 0 0 0
35 0 1 0 0
36 0 0 0 0
37 1 0 0 0
38 0 0 0 1
39 0 0 0 0
40 0 0 0 0
41 0 0 0 1
42 0 0 0 0
43 0 0 0 0
44 0 0 0 0
45 0 0 0 0
46 0 1 0 0
47 1 0 0 0
48 0 0 0 0
49 0 0 0 0
50 0 0 0 0
51 0 0 0 0
52 0 0 1 0
53 0 0 0 1
54 0 0 0 0
55 0 0 0 0
56 0 0 0 0
57 1 0 0 0
58 0 0 0 0
59 0 0 0 1
60 0 0 0 0
61 0 0 0 0
62 1 0 0 0
63 1 0 0 0
64 0 0 0 0
65 0 0 0 0
66 0 0 1 0
67 0 1 0 0
68 1 0 1 0
69 1 0 0 0
70 1 0 0 1
71 1 0 0 1
72 0 0 0 1
73 0 0 1 0
74 0 1 0 0
75 0 1 0 0
76 0 0 1 0
77 1 0 0 1
78 0 0 0 1
79 0 0 0 0
80 1 0 0 1
81 1 0 0 0
82 0 0 0 1
83 1 0 0 0
84 2 0 0 0
85 0 0 0 0
86 1 0 2 0
87 1 0 0 0
88 0 0 0 0
89 0 1 1 0
90 1 0 0 1
91 2 0 0 0
92 0 1 0 0
93 0 0 1 3
94 1 0 0 0
95 0 1 0 0
96 0 0 2 0
97 1 0 0 0
98 0 0 0 0
99 1 0 2 2
100 0 0 1 3
101 1 0 0 0
102 1 0 0 0
103 0 0 0 1
104 0 0 0 1
105 3 0 0 0
106 1 1 0 0
107 2 0 0 1
108 3 1 0 0
109 1 0 0 0
110 0 1 2 0
111 2 1 0 0
112 1 0 2 1
113 1 1 1 1
114 0 0 2 3
115 0 1 0 0
116 2 0 1 2
117 1 1 0 1
118 1 1 0 3
119 1 0 0 0
120 1 0 1 2
121 2 2 0 1
122 1 0 2 2
123 3 0 0 0
124 2 1 0 0
125 1 1 0 0
126 0 1 1 1
127 0 2 0 1
128 0 3 0 3
129 1 1 0 2
130 0 0 0 0
131 1 0 0 1
132 0 0 0 2
133 2 1 0 3
134 1 1 1 1
135 2 0 0 1
136 1 0 0 0
137 0 0 0 0
138 1 1 1 1
139 0 0 0 0
140 2 2 1 1
141 1 1 0 1
142 2 0 0 1
143 3 1 0 0
144 2 0 0 2
145 3 1 0 2
146 2 0 0 0
147 3 1 0 2
148 1 1 0 0
149 2 1 2 1
150 1 3 0 0
151 2 1 1 0
152 4 3 3 0
153 2 0 0 2
154 1 1 1 2
155 3 1 2 2
156 2 2 0 3
157 2 1 4 3
158 3 2 0 2
159 4 0 1 6
160 2 1 1 0
161 3 2 0 3
162 1 2 0 2
163 3 0 0 4
164 2 2 2 3
165 2 0 0 0
166 3 0 1 1
167 9 2 2 1
168 5 2 1 4
169 3 1 1 1
170 1 0 2 1
171 2 2 0 4
172 4 4 1 3
173 3 0 4 1
174 3 2 1 3
175 6 1 1 0
176 3 4 4 3
177 4 5 0 4
178 5 0 2 4
179 3 1 1 5
180 4 2 0 4
181 9 1 3 4
182 5 3 2 0
183 9 4 2 5
184 3 2 3 2
185 3 1 1 5
186 8 1 4 3
187 5 4 0 4
188 6 6 1 5
189 1 4 2 5
190 6 5 1 7
191 5 6 2 3
192 10 2 5 4
193 7 3 2 6
194 9 1 2 3
195 7 2 2 6
196 9 2 0 6
197 8 6 0 9
198 8 3 2 8
199 9 5 4 5
200 3 6 0 2
201 6 9 2 5
202 6 6 2 4
203 7 4 2 5
204 2 5 7 6
205 5 2 5 10
206 2 5 2 7
207 2 5 3 7
208 4 3 0 7
209 4 3 0 9
210 2 2 2 8
211 3 3 2 12
212 5 5 0 4
213 2 1 2 5
214 4 2 2 6
215 3 1 1 5
216 4 2 0 3
217 1 3 1 2
218 6 0 2 7
219 6 0 2 3
220 5 1 2 3
221 5 5 2 1
222 5 1 2 3
223 1 1 4 3
224 0 4 2 4
225 1 0 2 3
226 3 2 2 0
227 0 4 2 6
228 2 0 2 7
229 3 3 0 2
230 3 2 0 5
231 3 2 3 5
232 1 1 0 5
233 1 0 0 2
234 2 1 1 5
235 2 3 0 3
236 1 1 0 3
237 6 2 2 0
238 3 0 2 2
239 0 1 0 1
240 3 1 1 1
241 3 0 1 3
242 1 1 1 3
243 1 2 1 1
244 0 1 1 4
245 0 2 1 2
246 1 3 1 1
247 0 1 0 1
248 1 0 0 1
249 1 0 1 2
250 0 0 1 5
251 0 1 0 2
252 0 1 0 2
253 3 0 0 3
254 1 0 0 0
255 0 0 1 1
256 2 0 0 1
257 2 1 0 1
258 0 0 2 0
259 0 0 0 1
260 2 0 0 0
261 2 1 0 1
262 0 2 2 2
263 0 1 0 0
264 1 0 0 0
265 0 1 0 1
266 0 0 0 1
267 0 0 0 0
268 1 0 0 0
269 1 1 1 4
270 0 2 0 1
271 0 0 0 0
272 2 0 0 0
273 1 2 0 0
274 2 0 1 2
275 3 0 0 0
276 2 0 0 2
277 1 1 1 0
278 1 0 0 1
279 0 0 0 0
280 0 0 0 2
281 1 0 0 2
282 0 1 1 0
283 1 0 3 0
284 0 3 0 0
285 1 1 0 0
286 1 0 1 2
287 1 1 0 3
288 0 1 0 2
289 0 0 0 0
290 0 1 0 0
291 0 0 0 3
292 0 0 1 0
293 0 0 0 1
294 2 0 0 1
295 1 1 0 1
296 2 0 0 0
297 1 0 0 0
298 0 0 0 0
299 0 0 1 2
300 0 0 0 0
301 1 0 0 0
302 0 0 1 0
303 2 0 1 0
304 2 1 0 0
305 0 1 1 0
306 1 0 0 2
307 0 0 0 1
308 2 2 0 0
309 1 0 1 1
310 1 1 0 1
311 0 1 0 1
312 0 0 0 1
313 1 1 1 0
314 0 0 1 1
315 0 0 0 1
316 0 0 0 1
317 0 1 1 0
318 1 1 0 2
319 1 0 0 0
320 0 0 0 2
321 0 0 0 0
322 2 0 0 0
323 0 0 0 0
324 0 0 0 2
325 0 0 0 1
326 0 0 0 0
327 0 0 2 0
328 0 1 0 0
329 1 0 0 0
330 0 0 0 0
331 1 1 0 1
332 0 0 0 1
333 0 0 0 0
334 1 0 0 1
335 0 0 0 0
336 0 1 0 0
337 0 0 0 1
338 0 0 1 0
339 0 1 0 0
340 1 0 0 0
341 1 0 0 0
342 0 0 0 1
343 0 0 0 2
344 1 0 0 0
345 1 1 0 0
346 0 0 1 0
347 0 0 0 0
348 0 0 0 0
349 0 0 0 0
350 0 1 0 1
351 0 0 0 0
352 0 0 0 1
353 0 0 1 0
354 0 0 0 1
355 0 0 0 0
356 0 0 0 0
357 0 0 0 1
358 0 0 0 0
359 0 0 0 0
360 0 0 0 0
361 0 0 0 0
362 0 0 0 0
363 0 0 0 0
364 0 0 0 0
365 0 0 0 0
366 0 0 0 0
367 0 0 0 0
368 0 0 0 0
369 0 0 0 0
370 0 0 0 0
371 1 0 0 0
372 0 0 0 0
373 0 0 0 0
374 0 0 0 0
375 1 0 0 0
376 0 0 0 0
377 1 0 0 0
378 0 0 0 0
379 0 0 0 0
380 0 2 0 0
381 0 0 0 0
382 0 0 1 0
383 0 0 0 0
384 0 0 0 2
385 0 0 0 0
386 0 0 0 1
387 0 0 0 0
388 0 0 0 0
389 0 0 0 0
390 0 0 0 0
391 0 0 0 0
392 0 0 0 0
393 0 0 0 0
394 1 0 0 0
395 1 0 0 0
396 0 0 0 0
397 0 0 0 0
398 1 0 0 0
399 0 1 0 0
400 0 0 0 0
401 0 0 0 0
402 0 0 0 0
403 0 0 1 1
404 0 0 1 0
405 0 0 0 0
406 0 0 0 0
407 0 0 0 0
408 0 0 0 1
409 0 0 0 0
410 0 0 0 1
411 0 0 0 0
412 0 0 0 0
413 0 0 0 0
414 0 0 0 0
415 0 0 0 0
416 1 0 0 0
417 1 0 0 0
418 0 0 0 0
419 0 0 0 0
420 0 0 0 0
421 0 0 0 0
422 0 0 1 0
423 1 0 0 0
424 1 0 0 0
425 0 1 0 0
426 0 0 0 0
427 1 0 0 0
428 0 0 1 0
429 0 1 0 2
430 0 0 0 0
431 1 0 0 0
432 0 0 0 0
433 1 0 0 0
434 1 0 0 1
435 1 0 0 0
436 0 1 0 1
437 0 0 0 0
438 0 0 0 0
439 0 1 0 0
440 1 1 0 0
441 1 0 0 0
442 0 1 0 0
443 1 0 0 2
444 1 0 1 1
445 0 0 0 0
446 0 0 0 1
447 0 0 0 0
448 0 1 0 1
449 1 0 2 0
450 1 0 1 0
451 1 0 0 0
452 1 0 0 1
453 0 0 0 2
454 0 0 0 0
455 1 0 1 0
456 4 0 0 0
457 1 1 0 1
458 2 1 0 0
459 1 0 0 1
460 1 1 0 0
461 3 2 0 0
462 3 0 0 0
463 1 0 1 0
464 1 1 1 2
465 0 2 2 2
466 1 1 0 0
467 0 2 1 0
468 0 0 0 1
469 1 1 0 3
470 2 1 1 2
471 1 1 1 3
472 0 1 0 0
473 0 0 0 1
474 1 0 0 4
475 0 1 0 1
476 0 0 0 1
477 2 0 0 1
478 1 0 1 1
479 1 1 0 1
480 3 1 0 0
481 2 0 0 0
482 0 2 0 0
483 0 0 2 0
484 0 0 0 0
485 0 0 1 1
486 2 0 0 2
487 2 0 1 1
488 0 1 0 0
489 1 2 0 2
490 0 1 0 2
491 0 1 0 0
492 0 1 1 0
493 1 0 0 1
494 0 0 0 2
495 0 1 0 1
496 1 0 0 1
497 0 0 0 1
498 1 0 2 1
499 2 0 0 1
500 1 0 0 0
501 2 1 0 0
502 0 0 0 2
503 1 0 0 0
504 0 0 0 0
505 2 0 0 2
506 2 1 1 0
507 0 1 0 0
508 3 2 0 0
509 0 1 0 0
510 4 1 0 1
511 0 0 1 1
512 1 1 0 0
513 3 0 1 1
514 0 0 1 0
515 1 2 2 3
516 1 0 0 2
517 1 0 2 2
518 1 1 0 0
519 3 1 0 2
520 2 1 0 0
521 0 1 0 2
522 1 1 2 4
523 1 0 1 1
524 1 3 0 1
525 0 2 0 1
526 1 0 0 1
527 0 0 0 0
528 1 1 0 2
529 0 2 0 3
530 2 0 0 1
531 1 0 1 0
532 1 0 0 3
533 0 1 0 2
534 1 0 0 0
535 4 1 1 0
536 1 0 0 0
537 2 0 0 0
538 1 0 0 1
539 4 0 2 1
540 1 1 0 1
541 1 1 1 0
542 2 0 2 1
543 4 1 0 2
544 2 3 2 0
545 1 1 0 1
546 2 0 0 2
547 0 1 0 1
548 3 3 2 1
549 1 0 1 0
550 0 1 0 1
551 0 2 0 5
552 2 0 2 3
553 3 2 0 1
554 0 1 1 2
555 2 0 1 5
556 3 0 0 2
557 5 3 0 1
558 1 1 1 0
559 6 0 0 1
560 3 1 0 1
561 5 3 0 5
562 4 3 2 0
563 4 0 1 0
564 1 2 2 0
565 4 1 0 4
566 6 2 2 2
567 1 2 1 2
568 4 2 3 2
569 1 2 1 3
570 3 2 1 3
571 1 2 3 5
572 1 0 1 3
573 0 2 1 4
574 1 3 1 3
575 0 2 2 5
576 0 1 1 2
577 2 0 0 2
578 3 1 1 6
579 2 2 0 2
580 4 1 1 3
581 1 0 0 0
582 3 2 0 3
583 2 0 1 1
584 0 0 0 2
585 2 3 0 1
586 0 0 1 2
587 0 5 0 2
588 2 1 1 0
589 0 0 1 3
590 1 2 0 0
591 1 0 0 2
592 1 1 0 2
593 2 1 0 1
594 2 1 0 3
595 0 0 0 1
596 0 1 0 1
597 0 1 1 3
598 0 0 0 0
599 0 1 1 1
600 1 0 0 0
601 1 0 0 1
602 2 2 0 0
603 0 0 1 2
604 0 0 0 2
605 0 1 0 0
606 1 0 0 3
607 1 0 0 0
608 2 0 0 0
609 0 0 0 0
610 2 1 0 1
611 0 2 1 0
612 0 0 0 1
613 1 1 1 0
614 0 0 0 1
615 0 0 2 1
616 0 0 1 1
617 0 0 0 2
618 0 1 0 1
619 0 0 0 1
620 0 0 0 1
621 0 0 0 0
622 0 0 0 1
623 0 0 0 1
624 0 0 0 0
625 1 0 0 0
626 1 0 0 0
627 1 0 0 0
628 0 0 0 0
629 2 0 0 0
630 0 1 0 0
631 0 1 0 0
632 1 0 0 0
633 0 0 0 0
634 0 1 1 1
635 0 0 0 0
636 0 1 0 0
637 0 0 0 0
638 0 0 0 1
639 0 0 0 0
640 0 0 0 0
641 0 1 0 2
642 0 0 0 0
643 0 0 0 1
644 0 0 0 0
645 0 0 0 0
646 0 0 0 0
647 0 0 0 0
648 0 0 0 1
649 0 0 0 0
650 0 0 0 0
651 0 0 0 0
652 0 0 0 0
653 0 0 0 0
654 0 0 0 0
655 0 0 0 0
656 1 0 0 0
657 0 0 0 0
658 0 0 0 0
659 0 0 0 0
660 0 0 0 0
661 0 0 0 0
662 0 0 0 0
663 0 0 0 0
664 0 0 0 0
665 0 0 1 0
666 0 0 0 0
667 0 0 0 0
668 0 0 0 0
669 0 0 0 0
670 0 0 0 0
671 0 0 0 0
672 0 0 0 1
673 0 0 0 0
674 0 0 0 0
675 0 0 0 0
676 0 0 0 0
677 0 0 0 0
678 0 0 0 0
679 0 0 0 0
680 0 0 0 0
681 0 0 0 0
682 0 0 0 0
683 0 0 0 0
684 0 0 0 0
685 0 0 0 0
686 0 0 0 0
687 0 0 0 0
688 0 0 0 0
689 0 0 0 0
690 0 0 0 0
691 0 0 0 0
692 0 0 0 0
693 0 0 0 0
694 0 0 0 0
695 0 0 0 0
696 0 0 0 0
697 0 0 0 0
698 0 0 0 0
699 0 0 0 0
700 0 0 0 0
701 0 0 0 0
702 0 0 0 0
703 0 0 0 0
704 0 0 0 0
705 0 0 0 0
706 0 0 0 0
707 0 0 0 0
708 0 0 0 0
709 0 0 0 0
710 0 0 0 0
711 0 0 0 0
712 0 0 0 0
713 0 0 0 0
714 0 0 0 0
715 0 0 0 0
716 0 0 0 0
717 0 0 0 0
718 0 0 0 0
719 0 0 0 0
720 0 0 0 0
721 0 0 0 0
722 0 0 0 0
723 0 0 0 0
724 0 0 0 0
725 0 0 0 0
726 0 0 0 0
727 0 0 0 0
