0 0 0 0 0
1 0 0 0 0
2 0 0 0 0
3 0 0 0 0
4 0 0 0 0
5 0 1 0 0
6 0 0 0 0
7 0 0 0 0
8 0 0 0 0
9 0 2 2 0
10 0 0 0 0
11 0 0 0 1
12 0 0 0 0
13 0 0 0 2
14 0 0 0 0
15 0 0 0 0
16 0 0 0 2
17 0 0 0 0
18 0 0 0 0
19 0 0 0 0
20 0 0 0 0
21 0 0 0 0
22 0 0 0 0
23 1 0 0 0
24 0 0 0 0
25 1 0 0 0
26 0 0 0 0
27 1 0 0 0
28 1 0 0 0
29 0 0 0 0
30 1 1 0 0
31 0 0 0 0
32 0 0 2 0
33 0 0 0 0
34 1 0 0 1
35 1 1 0 0
36 1 0 0 1
37 0 1 0 0
38 1 0 0 0
39 2 0 1 2
40 1 1 0 0
41 1 0 1 0
42 0 0 0 0
43 0 0 1 1
44 1 0 1 2
45 1 0 0 1
46 0 1 0 0
47 0 0 0 1
48 1 0 1 0
49 0 1 1 0
50 2 0 0 1
51 0 0 0 1
52 1 0 0 1
53 3 0 0 1
54 1 0 1 0
55 4 0 1 0
56 2 0 0 1
57 2 1 1 0
58 2 2 0 0
59 1 2 0 1
60 0 1 1 0
61 2 2 0 2
62 2 2 0 1
63 3 0 1 2
64 1 1 1 2
65 2 0 0 2
66 2 2 0 2
67 1 2 1 1
68 0 4 0 3
69 1 0 0 0
70 3 1 1 1
71 2 0 0 1
72 3 1 0 2
73 3 0 1 2
74 3 2 1 4
75 4 1 1 2
76 4 0 0 1
77 3 2 0 0
78 3 1 1 1
79 3 3 2 2
80 1 1 4 1
81 3 2 0 4
82 2 0 3 1
83 0 2 0 3
84 1 1 1 2
85 1 2 2 2
86 2 2 1 3
87 3 2 0 4
88 2 1 1 1
89 1 0 0 4
90 1 2 0 2
91 3 1 1 3
92 4 0 2 3
93 3 0 2 2
94 7 0 0 3
95 1 0 0 3
96 2 1 1 2
97 7 0 3 0
98 0 2 0 0
99 2 2 0 0
100 4 1 3 3
101 2 1 3 1
102 3 3 1 1
103 1 2 3 1
104 3 1 0 5
105 5 0 5 4
106 4 5 0 4
107 1 2 0 3
108 5 0 1 3
109 2 1 0 3
110 4 3 0 6
111 4 5 1 2
112 3 2 0 4
113 1 2 2 3
114 4 4 0 2
115 6 0 1 3
116 5 1 0 0
117 8 3 2 3
118 7 2 0 6
119 10 3 3 2
120 5 3 2 2
121 4 2 0 5
122 6 4 1 1
123 7 2 2 2
124 5 6 2 4
125 6 2 2 2
126 4 4 2 8
127 4 3 3 6
128 3 6 6 5
129 5 6 2 6
130 9 4 1 2
131 5 4 1 6
132 7 2 1 7
133 4 3 1 9
134 5 2 2 6
135 9 6 2 7
136 11 3 2 5
137 7 6 0 1
138 6 2 3 7
139 9 2 1 8
140 11 2 4 5
141 16 8 2 4
142 11 2 1 3
143 9 7 1 6
144 11 8 4 9
145 15 4 5 10
146 8 9 2 2
147 13 5 4 7
148 15 7 1 10
149 12 5 7 6
150 10 12 5 7
151 6 9 3 13
152 11 4 4 8
153 9 12 5 14
154 7 6 5 11
155 13 4 3 10
156 10 9 4 9
157 9 5 4 14
158 16 7 5 10
159 15 7 7 9
160 13 5 2 16
161 14 5 2 15
162 8 4 6 8
163 16 7 5 13
164 12 8 8 7
165 17 7 6 9
166 14 9 4 13
167 14 9 3 9
168 21 8 8 12
169 27 6 5 11
170 19 8 7 9
171 20 5 4 16
172 17 8 6 14
173 14 17 5 15
174 11 14 6 14
175 21 11 7 14
176 20 10 7 13
177 14 13 7 16
178 23 8 9 14
179 14 8 5 12
180 17 9 10 25
181 17 13 6 20
182 17 8 7 16
183 15 9 7 16
184 20 12 5 19
185 18 10 3 23
186 16 10 5 18
187 13 13 10 15
188 17 11 2 15
189 21 16 8 9
190 21 13 8 16
191 19 3 6 21
192 17 11 5 11
193 25 11 9 19
194 24 11 9 25
195 20 12 11 18
196 20 14 5 16
197 25 10 6 12
198 26 12 11 15
199 27 14 7 26
200 18 9 6 20
201 23 14 7 16
202 23 17 10 21
203 19 19 4 26
204 11 13 10 21
205 22 8 9 20
206 12 13 5 16
207 15 14 11 17
208 13 12 11 22
209 14 10 4 26
210 15 15 10 21
211 9 12 4 23
212 18 9 10 15
213 10 7 4 17
214 12 11 9 29
215 6 7 9 20
216 12 7 8 13
217 11 9 14 16
218 7 4 5 23
219 6 10 2 21
220 18 1 1 12
221 12 4 7 16
222 13 8 2 12
223 13 5 6 16
224 9 6 1 14
225 13 10 3 7
226 10 6 7 10
227 12 6 2 7
228 7 5 2 12
229 11 9 6 10
230 13 9 3 13
231 10 7 3 7
232 7 7 7 10
233 8 6 5 14
234 7 8 2 12
235 3 8 4 8
236 6 10 1 16
237 8 4 2 9
238 5 5 6 10
239 5 7 5 9
240 3 7 2 12
241 8 4 0 9
242 4 2 4 11
243 4 2 0 12
244 4 3 4 7
245 7 3 3 8
246 5 4 3 9
247 4 3 5 6
248 5 2 1 6
249 3 1 2 7
250 1 5 5 4
251 4 3 0 9
252 6 3 1 2
253 0 1 3 4
254 3 3 2 7
255 3 4 0 6
256 2 1 2 3
257 2 5 0 7
258 3 0 0 4
259 2 1 1 3
260 3 3 2 3
261 1 2 2 4
262 3 0 0 3
263 3 4 1 3
264 1 0 1 5
265 2 0 1 3
266 2 1 2 1
267 2 0 2 4
268 1 1 1 1
269 4 0 2 1
270 1 0 1 4
271 4 2 0 2
272 0 3 0 1
273 2 0 1 3
274 2 2 1 2
275 3 0 2 3
276 3 2 3 2
277 5 1 0 0
278 1 2 2 1
279 3 1 0 4
280 0 2 0 3
281 0 0 2 3
282 2 3 2 3
283 2 1 2 4
284 2 1 1 0
285 2 0 1 3
286 1 0 0 5
287 0 1 0 2
288 1 2 0 1
289 0 1 0 1
290 0 0 0 2
291 0 0 1 2
292 1 1 1 1
293 1 1 0 1
294 0 0 2 1
295 0 0 1 2
296 0 0 0 0
297 2 2 0 0
298 0 0 1 2
299 1 0 0 3
300 1 0 0 1
301 0 0 0 1
302 0 0 1 1
303 0 0 0 0
304 0 0 0 2
305 0 0 0 0
306 0 1 0 0
307 0 0 0 0
308 0 0 1 0
309 0 1 0 1
310 1 0 0 0
311 0 0 0 0
312 1 0 0 1
313 1 0 0 1
314 0 0 0 0
315 0 0 0 1
316 0 0 0 0
317 0 1 0 0
318 0 0 1 0
319 0 0 1 0
320 0 0 0 0
321 0 0 0 0
322 0 0 0 1
323 0 0 0 1
324 0 0 0 1
325 0 0 0 0
326 0 0 0 0
327 0 0 0 0
328 1 0 0 0
329 0 0 0 0
330 0 0 0 0
331 0 0 0 0
332 1 0 0 0
333 1 1 0 0
334 0 0 0 0
335 0 0 0 0
336 0 0 0 0
337 0 0 1 0
338 0 0 1 0
339 0 0 0 0
340 0 0 0 1
341 0 0 0 0
342 0 0 0 1
343 0 0 0 0
344 0 0 0 1
345 0 0 0 0
346 0 0 0 0
347 0 0 0 0
348 0 0 0 0
349 0 0 0 0
350 0 0 0 0
351 0 0 0 0
352 0 0 0 0
353 0 0 0 0
354 0 0 0 0
355 0 0 0 0
356 0 0 0 0
357 0 0 0 0
358 0 0 0 0
359 0 0 0 0
360 0 0 0 0
361 0 0 0 0
362 0 0 0 0
363 0 0 0 0
364 0 0 0 0
365 0 0 0 0
366 0 0 0 0
367 0 0 0 0
368 0 0 0 0
369 0 0 0 0
370 0 0 0 0
371 0 0 0 0
372 0 0 0 0
373 0 0 0 0
374 0 0 0 0
375 0 0 0 0
376 0 0 0 0
377 0 0 0 0
378 0 0 0 0
379 0 0 0 0
380 0 0 0 0
381 0 0 0 0
382 0 0 0 0
383 0 0 0 0
384 0 0 0 0
385 0 0 0 0
386 0 0 0 0
387 0 0 0 0
388 0 0 0 0
389 0 0 0 0
390 0 0 0 0
391 0 0 0 0
392 0 0 0 0
393 0 0 0 0
394 0 0 0 0
395 0 0 0 0
396 0 0 0 0
397 0 0 0 0
398 0 0 0 0
399 0 0 0 0
400 0 0 0 0
401 0 0 0 0
402 0 0 0 0
403 0 0 0 0
404 0 0 0 0
405 0 0 0 0
406 0 0 0 0
407 0 0 0 0
408 0 0 0 0
409 0 0 0 0
410 0 0 0 0
411 0 0 0 0
412 0 0 0 0
413 0 0 0 0
414 0 0 0 0
415 0 0 0 0
416 0 0 0 0
417 0 0 0 0
418 0 0 0 0
419 0 0 0 0
420 0 0 0 0
421 0 0 0 0
422 0 0 0 0
423 0 0 0 0
424 0 0 0 0
425 0 0 0 0
426 0 0 0 0
427 0 0 0 0
428 0 0 0 0
429 0 0 0 0
430 0 0 0 0
431 0 0 0 0
432 0 0 0 0
433 0 0 0 0
434 0 0 0 0
435 0 0 0 0
436 0 0 0 0
437 0 0 0 0
438 0 0 0 0
439 0 0 0 0
440 0 0 0 0
441 0 0 0 0
442 0 0 0 0
443 0 0 0 0
444 0 0 0 0
445 0 0 0 0
446 0 0 0 0
447 0 0 0 0
448 0 0 0 0
449 0 0 0 0
450 0 0 0 0
451 0 0 0 0
452 0 0 0 0
453 0 0 0 0
454 0 0 0 0
455 0 0 0 0
456 0 0 0 0
457 0 0 0 0
458 0 0 0 0
459 0 0 0 0
460 0 0 0 0
461 0 0 0 0
462 0 0 0 0
463 0 0 0 0
464 0 0 0 0
465 0 0 0 0
466 0 0 0 0
467 0 0 0 0
468 0 0 0 0
469 0 0 0 0
470 0 0 0 0
471 0 0 0 0
472 0 0 0 0
473 0 0 0 0
474 0 0 0 0
475 0 0 0 0
476 0 0 0 0
477 0 0 0 0
478 0 0 0 0
479 0 0 0 0
480 0 0 0 0
481 0 0 0 0
482 0 0 0 0
483 0 0 0 0
484 0 0 0 0
485 0 0 0 0
486 0 0 0 0
487 0 0 0 0
488 0 0 0 0
489 0 0 0 0
490 0 0 0 0
491 0 0 0 0
492 0 0 0 0
493 0 0 0 0
494 0 0 0 0
495 0 0 0 0
496 0 0 0 0
497 0 0 0 0
498 0 0 0 0
499 0 0 0 0
500 0 0 0 0
501 0 0 0 0
502 0 0 0 0
503 0 0 0 0
504 0 0 0 0
505 0 0 0 0
506 0 0 0 0
507 0 0 0 0
508 0 0 0 0
509 0 0 0 0
510 0 0 0 0
511 0 0 0 0
512 0 0 0 0
513 0 0 0 0
514 0 0 0 0
515 0 0 0 0
516 0 0 0 0
517 0 0 0 0
518 0 0 0 0
519 0 0 0 0
520 0 0 0 0
521 0 0 0 0
522 0 0 0 0
523 0 0 0 0
524 0 0 0 0
525 0 0 0 0
526 0 0 0 0
527 0 0 0 0
528 0 0 0 0
529 0 0 0 0
530 0 0 0 0
531 0 0 0 0
532 0 0 0 0
533 0 0 0 0
534 0 0 0 0
535 0 0 0 0
536 0 0 0 0
537 0 0 0 0
538 0 0 0 0
539 0 0 0 0
540 0 0 0 0
541 0 0 0 0
542 0 0 0 0
543 0 0 0 0
544 0 0 0 0
545 0 0 0 0
546 0 0 0 0
547 0 0 0 0
548 0 0 0 0
549 0 0 0 0
550 0 0 0 0
551 0 0 0 0
552 0 0 0 0
553 0 0 0 0
554 0 0 0 0
555 0 0 0 0
556 0 0 0 0
557 0 0 0 0
558 0 0 0 0
559 0 0 0 0
560 0 0 0 0
561 0 0 0 0
562 0 0 0 0
563 0 0 0 0
564 0 0 0 0
565 0 0 0 0
566 0 0 0 0
567 0 0 0 0
568 0 0 0 0
569 0 0 0 0
570 0 0 0 0
571 0 0 0 0
572 0 0 0 0
573 0 0 0 0
574 0 0 0 0
575 0 0 0 0
576 0 0 0 0
577 0 0 0 0
578 0 0 0 0
579 0 0 0 0
580 0 0 0 0
581 0 0 0 0
582 0 0 0 0
583 0 0 0 0
584 0 0 0 0
585 0 0 0 0
586 0 0 0 0
587 0 0 0 0
588 0 0 0 0
589 0 0 0 0
590 0 0 0 0
591 0 0 0 0
592 0 0 0 0
593 0 0 0 0
594 0 0 0 0
595 0 0 0 0
596 0 0 0 0
597 0 0 0 0
598 0 0 0 0
599 0 0 0 0
600 0 0 0 0
601 0 0 0 0
602 0 0 0 0
603 0 0 0 0
604 0 0 0 0
605 0 0 0 0
606 0 0 0 0
607 0 0 0 0
608 0 0 0 0
609 0 0 0 0
610 0 0 0 0
611 0 0 0 0
612 0 0 0 0
613 0 0 0 0
614 0 0 0 0
615 0 0 0 0
616 0 0 0 0
617 0 0 0 0
618 0 0 0 0
619 0 0 0 0
620 0 0 0 0
621 0 0 0 0
622 0 0 0 0
623 0 0 0 0
624 0 0 0 0
625 0 0 0 0
626 0 0 0 0
627 0 0 0 0
628 0 0 0 0
629 0 0 0 0
630 0 0 0 0
631 0 0 0 0
632 0 0 0 0
633 0 0 0 0
634 0 0 0 0
635 0 0 0 0
636 0 0 0 0
637 0 0 0 0
638 0 0 0 0
639 0 0 0 0
640 0 0 0 0
641 0 0 0 0
642 0 0 0 0
643 0 0 0 0
644 0 0 0 0
645 0 0 0 0
646 0 0 0 0
647 0 0 0 0
648 0 0 0 0
649 0 0 0 0
650 0 0 0 0
651 0 0 0 0
652 0 0 0 0
653 0 0 0 0
654 0 0 0 0
655 0 0 0 0
656 0 0 0 0
657 0 0 0 0
658 0 0 0 0
659 0 0 0 0
660 0 0 0 0
661 0 0 0 0
662 0 0 0 0
663 0 0 0 0
664 0 0 0 0
665 0 0 0 0
666 0 0 0 0
667 0 0 0 0
668 0 0 0 0
669 0 0 0 0
670 0 0 0 0
671 0 0 0 0
672 0 0 0 0
673 0 0 0 0
674 0 0 0 0
675 0 0 0 0
676 0 0 0 0
677 0 0 0 0
678 0 0 0 0
679 0 0 0 0
680 0 0 0 0
681 0 0 0 0
682 0 0 0 0
683 0 0 0 0
684 0 0 0 0
685 0 0 0 0
686 0 0 0 0
687 0 0 0 0
688 0 0 0 0
689 0 0 0 0
690 0 0 0 0
691 0 0 0 0
692 0 0 0 0
693 0 0 0 0
694 0 0 0 0
695 0 0 0 0
696 0 0 0 0
697 0 0 0 0
698 0 0 0 0
699 0 0 0 0
700 0 0 0 0
701 0 0 0 0
702 0 0 0 0
703 0 0 0 0
704 0 0 0 0
705 0 0 0 0
706 0 0 0 0
707 0 0 0 0
708 0 0 0 0
709 0 0 0 0
710 0 0 0 0
711 0 0 0 0
712 0 0 0 0
713 0 0 0 0
714 0 0 0 0
715 0 0 0 0
716 0 0 0 0
717 0 0 0 0
718 0 0 0 0
719 0 0 0 0
720 0 0 0 0
721 0 0 0 0
722 0 0 0 0
723 0 0 0 0
724 0 0 0 0
725 0 0 0 0
726 0 0 0 0
727 0 0 0 0
