0 0 0 0 0
1 0 0 0 0
2 0 0 0 0
3 0 0 0 0
4 0 0 0 0
5 0 2 2 0
6 0 0 0 0
7 0 0 0 0
8 0 0 0 0
9 0 1 0 2
10 1 0 0 0
11 0 0 0 0
12 0 0 0 2
13 0 0 0 0
14 0 0 0 0
15 0 0 1 0
16 0 0 0 1
17 0 0 0 0
18 0 0 0 0
19 0 0 0 1
20 0 0 0 0
21 0 0 0 0
22 1 0 0 0
23 0 0 0 0
24 1 0 0 0
25 1 0 0 0
26 0 0 0 0
27 0 1 0 0
28 0 0 0 0
29 2 0 0 0
30 0 0 0 0
31 0 0 0 1
32 0 0 0 0
33 1 1 0 0
34 0 2 1 0
35 0 0 0 0
36 0 0 0 0
37 0 0 0 1
38 0 1 0 2
39 0 0 0 0
40 0 0 0 0
41 0 0 0 1
42 0 0 0 0
43 0 0 0 0
44 0 0 0 0
45 2 0 0 1
46 0 0 0 0
47 2 0 0 0
48 3 0 0 0
49 3 0 0 0
50 2 0 1 0
51 1 0 0 0
52 2 1 1 0
53 3 0 1 0
54 0 1 1 1
55 1 2 0 0
56 1 0 1 0
57 1 2 0 1
58 1 4 0 1
59 2 0 0 3
60 0 0 0 1
61 0 2 0 2
62 0 1 0 1
63 0 0 0 1
64 0 3 0 1
65 1 0 0 4
66 2 0 1 0
67 3 0 1 0
68 2 0 1 2
69 1 0 0 2
70 0 0 0 1
71 3 0 0 1
72 4 1 0 0
73 2 0 1 0
74 2 1 1 1
75 2 1 0 1
76 2 0 4 1
77 1 3 1 1
78 1 0 1 0
79 1 1 0 0
80 0 2 0 4
81 1 1 3 3
82 2 2 0 1
83 1 1 1 2
84 0 1 1 2
85 1 0 0 4
86 2 0 0 2
87 1 0 1 3
88 3 0 0 2
89 3 0 0 0
90 5 2 0 1
91 3 1 0 2
92 1 1 1 0
93 3 2 0 0
94 2 0 1 2
95 2 2 2 1
96 5 0 1 1
97 2 2 0 2
98 4 3 2 0
99 2 4 0 1
100 5 4 0 1
101 4 2 0 2
102 3 2 0 5
103 4 0 1 3
104 3 0 1 5
105 4 2 4 4
106 5 2 0 3
107 1 1 3 2
108 0 2 1 2
109 4 2 1 2
110 6 3 2 2
111 1 2 3 3
112 5 1 2 4
113 4 2 0 1
114 1 2 3 3
115 2 6 2 4
116 5 0 1 5
117 2 2 0 2
118 8 3 1 7
119 6 0 0 5
120 8 3 1 3
121 9 4 1 4
122 10 0 1 8
123 4 3 3 0
124 9 1 1 4
125 10 4 5 4
126 5 4 2 1
127 6 4 3 3
128 9 1 4 3
129 7 3 2 5
130 4 5 3 7
131 5 9 1 3
132 7 1 5 7
133 8 5 3 6
134 9 6 2 7
135 5 4 2 9
136 5 5 2 5
137 6 4 5 9
138 8 4 3 7
139 10 2 2 7
140 12 3 1 8
141 7 3 2 7
142 8 6 3 7
143 8 4 4 7
144 5 4 3 4
145 9 8 5 5
146 5 5 1 5
147 12 7 3 7
148 9 8 2 8
149 10 6 0 15
150 5 4 3 6
151 10 3 3 5
152 10 3 4 7
153 8 4 4 6
154 11 3 2 11
155 10 6 0 11
156 13 9 4 3
157 15 4 5 10
158 12 4 5 4
159 11 4 4 8
160 7 4 7 14
161 10 7 4 5
162 5 9 6 3
163 11 8 6 7
164 9 2 4 13
165 15 7 3 14
166 7 6 6 14
167 13 2 5 12
168 4 10 5 10
169 13 6 2 12
170 10 9 3 13
171 13 7 0 6
172 13 7 5 13
173 13 5 4 12
174 14 8 4 9
175 14 5 4 8
176 15 7 7 9
177 12 2 1 11
178 16 8 7 11
179 19 11 5 5
180 21 10 2 14
181 12 12 8 8
182 12 4 7 14
183 14 6 4 16
184 21 8 7 8
185 17 9 8 18
186 17 10 4 11
187 12 12 5 9
188 16 12 6 16
189 12 17 4 15
190 13 13 3 15
191 18 13 5 15
192 18 9 4 19
193 15 13 5 20
194 16 7 5 17
195 13 9 3 20
196 21 8 6 13
197 17 12 6 13
198 20 9 5 11
199 18 12 3 18
200 19 6 5 18
201 13 14 4 18
202 16 11 5 9
203 18 8 8 12
204 20 5 9 12
205 20 14 11 16
206 15 9 7 16
207 13 13 10 17
208 17 11 6 14
209 15 13 9 20
210 17 10 6 17
211 17 8 4 23
212 9 8 6 19
213 15 13 5 16
214 6 7 7 21
215 7 9 6 15
216 10 14 5 21
217 9 9 5 15
218 9 11 5 12
219 6 7 5 17
220 9 4 2 22
221 6 4 2 14
222 6 11 5 14
223 11 6 2 12
224 11 9 1 7
225 5 6 3 10
226 6 4 2 13
227 11 3 3 11
228 2 8 2 11
229 4 6 5 12
230 4 4 3 3
231 7 4 3 6
232 7 6 4 8
233 3 2 2 10
234 7 3 1 7
235 5 1 3 10
236 5 5 2 11
237 3 4 3 7
238 4 2 1 7
239 4 5 2 6
240 3 3 3 4
241 9 2 2 6
242 2 0 3 5
243 3 3 2 5
244 3 3 2 5
245 4 2 1 4
246 2 5 3 3
247 3 2 1 7
248 2 4 0 3
249 5 4 1 5
250 0 3 1 5
251 3 1 2 3
252 1 1 1 4
253 0 1 1 8
254 2 4 2 5
255 1 0 1 3
256 2 0 3 4
257 3 1 0 3
258 5 1 0 0
259 0 1 0 1
260 2 1 1 1
261 1 1 1 7
262 1 0 2 1
263 1 3 1 3
264 0 0 0 1
265 1 1 2 2
266 0 0 1 2
267 1 3 0 4
268 1 0 0 1
269 0 0 0 1
270 2 0 1 1
271 1 0 0 1
272 1 0 1 3
273 1 0 0 1
274 1 1 1 3
275 0 0 0 0
276 3 1 0 1
277 3 1 0 0
278 0 1 0 0
279 1 0 2 1
280 3 1 0 1
281 1 2 0 2
282 1 2 0 0
283 2 1 0 2
284 1 1 0 0
285 0 0 2 2
286 0 1 0 0
287 0 1 0 1
288 0 1 0 2
289 0 1 1 2
290 0 0 1 2
291 0 0 0 0
292 2 0 1 3
293 0 0 1 2
294 0 0 0 2
295 2 0 0 0
296 1 0 0 1
297 0 0 2 0
298 0 0 0 1
299 0 0 0 0
300 1 1 0 0
301 1 0 1 0
302 1 0 0 0
303 2 0 0 0
304 1 0 1 3
305 1 0 0 0
306 0 1 0 0
307 0 0 1 0
308 0 1 1 2
309 0 1 0 0
310 1 0 1 1
311 0 0 0 1
312 0 0 0 0
313 0 1 0 0
314 0 0 0 1
315 0 0 0 2
316 0 0 0 1
317 0 0 0 0
318 0 0 0 0
319 0 1 0 1
320 0 0 0 0
321 1 0 0 0
322 0 0 0 0
323 1 0 0 0
324 1 0 0 0
325 1 0 0 0
326 0 1 0 1
327 0 0 0 0
328 1 1 0 0
329 0 1 0 0
330 2 0 1 0
331 0 0 0 0
332 0 0 0 0
333 0 0 1 1
334 0 0 0 0
335 0 1 1 1
336 0 0 0 1
337 0 0 0 1
338 0 0 0 0
339 0 0 0 0
340 0 0 0 1
341 0 0 0 0
342 0 0 0 2
343 0 0 0 0
344 0 0 0 0
345 0 0 0 0
346 0 0 0 0
347 0 0 0 0
348 0 0 0 0
349 0 0 0 0
350 0 0 0 0
351 0 0 0 0
352 1 0 0 0
353 1 0 0 0
354 0 0 0 0
355 0 0 0 0
356 0 0 0 0
357 0 0 0 0
358 0 0 0 0
359 0 0 0 0
360 0 0 0 0
361 0 1 0 0
362 0 1 0 0
363 0 0 0 0
364 0 0 0 0
365 0 0 0 0
366 0 0 0 0
367 0 0 0 1
368 0 0 0 0
369 0 0 0 1
370 0 0 0 0
371 0 0 0 0
372 0 0 0 0
373 0 0 0 0
374 0 0 0 0
375 0 0 0 0
376 1 0 0 0
377 1 0 0 0
378 1 0 0 0
379 1 0 0 0
380 0 0 0 0
381 1 1 0 0
382 0 0 0 0
383 0 1 1 0
384 0 0 0 0
385 0 0 0 0
386 1 0 0 0
387 0 0 0 0
388 0 0 1 1
389 0 0 0 0
390 0 0 1 2
391 0 0 0 0
392 0 0 0 1
393 0 0 0 0
394 0 0 0 1
395 0 1 0 0
396 0 0 0 0
397 1 0 0 0
398 0 0 0 0
399 0 0 0 0
400 0 0 0 0
401 0 0 0 0
402 0 0 0 1
403 0 0 0 0
404 0 0 0 0
405 1 0 0 0
406 0 0 1 0
407 0 0 0 0
408 0 0 0 0
409 0 0 0 0
410 0 0 0 1
411 0 0 0 0
412 0 0 0 0
413 0 0 0 0
414 0 1 0 0
415 0 0 0 0
416 0 0 0 0
417 0 0 0 0
418 0 0 0 1
419 0 0 0 0
420 0 0 0 0
421 0 0 0 0
422 0 0 0 0
423 0 0 0 0
424 0 0 0 0
425 0 0 0 0
426 1 0 0 0
427 0 0 0 0
428 1 0 0 0
429 0 0 0 0
430 1 0 0 0
431 0 1 0 0
432 0 0 0 0
433 0 1 0 0
434 1 0 0 0
435 0 0 0 1
436 0 0 0 0
437 0 0 0 0
438 1 0 0 0
439 0 0 1 0
440 0 0 0 1
441 0 0 0 0
442 0 0 0 0
443 0 0 1 0
444 0 0 0 0
445 0 0 0 0
446 1 0 0 1
447 0 1 0 0
448 0 0 0 0
449 1 0 0 0
450 0 0 0 1
451 0 1 0 1
452 0 0 0 0
453 0 0 0 0
454 0 0 0 0
455 0 0 0 0
456 0 0 0 0
457 1 0 0 0
458 0 0 1 1
459 0 0 0 0
460 0 0 0 0
461 0 0 0 0
462 0 0 1 1
463 1 0 0 0
464 0 0 0 0
465 0 0 0 0
466 0 0 0 1
467 0 0 0 0
468 0 0 0 0
469 0 0 0 0
470 0 0 0 0
471 1 0 0 0
472 0 1 0 0
473 0 0 0 0
474 0 0 0 0
475 0 0 0 0
476 0 0 0 1
477 0 0 0 0
478 1 0 0 0
479 1 0 1 0
480 1 0 0 0
481 0 0 0 0
482 2 0 0 0
483 1 0 0 1
484 1 0 0 0
485 0 0 0 0
486 0 0 0 0
487 0 2 0 0
488 1 1 1 0
489 1 0 2 0
490 0 0 0 0
491 0 0 1 1
492 0 0 0 2
493 0 1 0 2
494 0 0 0 1
495 0 0 0 1
496 0 0 0 0
497 0 0 0 1
498 1 1 0 0
499 0 0 0 0
500 0 0 0 0
501 1 0 0 0
502 1 0 0 1
503 0 0 0 0
504 0 0 0 0
505 2 0 0 0
506 1 0 1 0
507 1 1 1 0
508 0 0 0 0
509 0 0 0 0
510 1 1 0 0
511 1 0 0 2
512 0 0 0 0
513 0 0 0 1
514 0 1 0 1
515 1 1 0 0
516 0 0 1 0
517 0 1 0 0
518 0 0 0 0
519 0 0 0 2
520 0 2 0 1
521 1 0 0 0
522 0 0 0 0
523 1 0 0 0
524 0 0 0 2
525 1 0 0 0
526 1 0 0 0
527 0 0 0 1
528 0 0 1 0
529 1 0 0 0
530 0 2 0 0
531 0 1 0 0
532 1 0 0 1
533 0 0 0 0
534 0 1 0 1
535 1 0 0 1
536 1 0 0 0
537 1 1 0 1
538 1 0 0 1
539 2 0 0 0
540 1 0 1 0
541 0 0 0 1
542 0 1 0 0
543 0 1 0 0
544 0 2 0 1
545 1 2 0 0
546 1 0 0 1
547 0 0 0 0
548 1 0 0 1
549 0 0 0 0
550 1 0 0 2
551 2 1 0 0
552 1 0 0 2
553 0 0 1 0
554 1 1 0 0
555 1 1 0 0
556 1 2 0 0
557 1 1 0 1
558 0 0 0 1
559 0 0 0 1
560 1 1 0 0
561 0 0 0 3
562 0 0 1 0
563 0 1 0 1
564 1 0 0 1
565 0 1 1 0
566 1 0 0 0
567 0 0 0 0
568 0 0 0 0
569 0 1 0 3
570 0 0 0 1
571 0 0 1 0
572 0 0 0 0
573 0 0 0 0
574 1 0 0 0
575 0 0 0 1
576 0 0 0 1
577 0 0 0 0
578 0 0 0 0
579 0 0 0 0
580 1 0 0 0
581 0 0 0 0
582 0 0 0 0
583 0 0 1 0
584 0 0 0 0
585 0 0 0 0
586 1 0 0 0
587 0 0 0 0
588 0 0 0 0
589 0 1 0 0
590 0 0 0 1
591 0 0 0 0
592 0 0 0 0
593 0 0 0 0
594 0 0 0 0
595 0 0 1 0
596 0 0 0 1
597 0 0 0 0
598 0 0 0 0
599 0 0 0 1
600 0 0 0 0
601 0 0 0 0
602 0 0 0 0
603 0 0 0 0
604 0 0 0 0
605 0 0 0 0
606 0 0 0 0
607 0 0 0 0
608 0 0 0 0
609 0 0 0 0
610 0 0 0 0
611 0 0 0 0
612 0 0 0 0
613 0 0 0 0
614 0 0 0 0
615 0 0 0 0
616 0 0 0 0
617 0 0 0 0
618 0 0 0 0
619 0 0 0 0
620 0 0 0 0
621 0 0 0 0
622 0 0 0 0
623 0 0 0 0
624 0 0 0 0
625 0 0 0 0
626 0 0 0 0
627 0 0 0 0
628 0 0 0 0
629 0 0 0 0
630 0 0 0 0
631 0 0 0 0
632 0 0 0 0
633 0 0 0 0
634 0 0 0 0
635 0 0 0 0
636 0 0 0 0
637 0 0 0 0
638 0 0 0 0
639 0 0 0 0
640 0 0 0 0
641 0 0 0 0
642 0 0 0 0
643 0 0 0 0
644 0 0 0 0
645 0 0 0 0
646 0 0 0 0
647 0 0 0 0
648 0 0 0 0
649 0 0 0 0
650 0 0 0 0
651 0 0 0 0
652 0 0 0 0
653 0 0 0 0
654 0 0 0 0
655 0 0 0 0
656 0 0 0 0
657 0 0 0 0
658 0 0 0 0
659 0 0 0 0
660 0 0 0 0
661 0 0 0 0
662 0 0 0 0
663 0 0 0 0
664 0 0 0 0
665 0 0 0 0
666 0 0 0 0
667 0 0 0 0
668 0 0 0 0
669 0 0 0 0
670 0 0 0 0
671 0 0 0 0
672 0 0 0 0
673 0 0 0 0
674 0 0 0 0
675 0 0 0 0
676 0 0 0 0
677 0 0 0 0
678 0 0 0 0
679 0 0 0 0
680 0 0 0 0
681 0 0 0 0
682 0 0 0 0
683 0 0 0 0
684 0 0 0 0
685 0 0 0 0
686 0 0 0 0
687 0 0 0 0
688 0 0 0 0
689 0 0 0 0
690 0 0 0 0
691 0 0 0 0
692 0 0 0 0
693 0 0 0 0
694 0 0 0 0
695 0 0 0 0
696 0 0 0 0
697 0 0 0 0
698 0 0 0 0
699 0 0 0 0
700 0 0 0 0
701 0 0 0 0
702 0 0 0 0
703 0 0 0 0
704 0 0 0 0
705 0 0 0 0
706 0 0 0 0
707 0 0 0 0
708 0 0 0 0
709 0 0 0 0
710 0 0 0 0
711 0 0 0 0
712 0 0 0 0
713 0 0 0 0
714 0 0 0 0
715 0 0 0 0
716 0 0 0 0
717 0 0 0 0
718 0 0 0 0
719 0 0 0 0
720 0 0 0 0
721 0 0 0 0
722 0 0 0 0
723 0 0 0 0
724 0 0 0 0
725 0 0 0 0
726 0 0 0 0
727 0 0 0 0
