0 0 0 0 0
1 0 0 0 0
2 0 0 0 0
3 0 0 0 0
4 0 0 0 0
5 0 0 2 0
6 0 0 0 0
7 0 0 0 0
8 0 0 0 0
9 0 1 2 1
10 0 0 0 0
11 0 0 0 0
12 0 0 0 1
13 0 0 0 0
14 0 0 0 0
15 0 0 0 0
16 0 0 0 3
17 0 0 0 0
18 1 0 0 0
19 0 0 0 0
20 0 0 0 0
21 0 0 0 0
22 3 0 0 0
23 0 0 1 0
24 1 0 0 0
25 0 0 0 0
26 2 0 0 0
27 0 2 0 1
28 1 0 0 0
29 1 0 0 0
30 0 0 0 0
31 0 2 1 1
32 1 0 0 0
33 1 1 0 0
34 1 0 0 1
35 0 0 0 1
36 0 0 0 0
37 1 1 1 2
38 1 1 1 1
39 1 0 1 0
40 0 0 0 0
41 0 0 0 2
42 0 0 1 1
43 0 0 1 0
44 2 0 0 1
45 2 0 0 0
46 1 0 0 1
47 1 0 0 0
48 1 0 1 1
49 0 1 0 1
50 1 2 0 0
51 0 0 0 0
52 1 0 0 1
53 1 2 0 1
54 0 0 0 1
55 2 0 2 1
56 0 1 0 0
57 0 0 1 0
58 1 0 0 0
59 0 0 0 2
60 0 1 0 3
61 1 0 0 1
62 1 0 1 0
63 1 0 0 0
64 0 1 0 1
65 0 0 0 0
66 1 0 1 1
67 1 0 1 0
68 1 1 0 0
69 0 0 0 0
70 2 0 0 1
71 2 0 2 2
72 2 1 0 0
73 2 0 0 0
74 1 0 0 0
75 1 1 1 2
76 0 1 0 0
77 0 0 2 0
78 0 0 1 1
79 1 1 0 2
80 0 0 1 0
81 1 1 0 1
82 0 0 1 2
83 2 0 0 2
84 0 1 1 1
85 0 0 0 0
86 2 0 0 1
87 0 0 0 1
88 0 1 1 1
89 1 0 0 0
90 0 0 1 0
91 0 1 0 2
92 2 0 0 0
93 0 0 0 0
94 0 0 1 0
95 1 0 1 3
96 2 0 0 0
97 1 2 0 1
98 1 0 0 0
99 1 0 0 0
100 1 1 0 0
101 2 1 0 2
102 0 0 0 1
103 0 1 0 0
104 2 0 0 1
105 3 0 1 0
106 1 1 1 0
107 3 0 0 2
108 2 0 1 1
109 0 0 2 1
110 0 2 1 1
111 3 1 0 0
112 0 2 1 0
113 0 2 0 1
114 3 1 0 4
115 1 0 0 2
116 0 1 0 4
117 1 1 0 0
118 2 0 0 1
119 0 2 0 0
120 1 3 0 3
121 0 0 0 1
122 2 1 0 0
123 0 1 0 1
124 3 0 0 1
125 0 2 0 0
126 2 0 0 1
127 3 1 1 2
128 3 0 0 0
129 2 1 0 3
130 1 0 0 1
131 3 1 0 1
132 2 0 2 0
133 0 3 2 0
134 2 2 0 1
135 1 0 2 0
136 1 1 2 2
137 1 1 0 2
138 2 0 0 1
139 2 0 2 3
140 1 0 1 4
141 3 1 0 3
142 5 1 0 0
143 5 2 0 4
144 1 1 2 0
145 5 2 0 1
146 3 2 0 0
147 2 3 1 3
148 2 3 0 2
149 2 1 0 3
150 6 1 2 0
151 5 4 0 2
152 2 3 1 2
153 4 0 2 3
154 2 1 2 5
155 2 2 2 4
156 2 2 3 3
157 3 0 1 3
158 4 1 4 3
159 7 2 3 3
160 5 2 1 1
161 3 1 0 2
162 7 1 1 4
163 6 2 0 6
164 7 2 3 3
165 9 2 3 4
166 8 1 2 5
167 2 6 1 1
168 8 2 2 5
169 2 7 1 2
170 0 0 5 4
171 6 5 2 2
172 7 2 2 4
173 6 3 3 8
174 6 3 3 8
175 6 1 2 5
176 5 3 3 5
177 2 3 2 5
178 5 1 2 6
179 6 4 1 1
180 9 2 2 7
181 16 3 3 6
182 8 3 2 6
183 5 6 1 4
184 5 2 4 2
185 5 5 2 3
186 8 6 2 7
187 9 4 3 8
188 9 2 3 6
189 11 6 3 5
190 9 9 4 6
191 10 4 5 7
192 9 3 3 5
193 4 3 5 8
194 9 7 2 12
195 10 3 3 10
196 5 5 3 8
197 11 5 4 8
198 9 2 4 8
199 11 2 5 6
200 7 8 4 6
201 7 5 2 10
202 10 4 2 4
203 7 7 4 8
204 6 6 4 7
205 8 4 2 9
206 3 7 5 7
207 7 7 4 15
208 7 3 7 10
209 7 5 3 7
210 7 2 3 9
211 6 2 4 13
212 6 1 3 8
213 5 2 4 13
214 11 4 2 5
215 13 4 1 5
216 5 5 4 4
217 8 0 3 6
218 6 5 4 7
219 8 7 2 6
220 7 1 3 6
221 9 5 4 3
222 3 5 3 6
223 4 4 2 10
224 6 6 7 3
225 5 3 2 8
226 2 4 6 10
227 4 4 2 5
228 2 6 1 13
229 3 5 1 5
230 4 4 2 8
231 4 2 1 12
232 1 3 0 10
233 3 3 2 9
234 2 3 1 4
235 2 1 2 2
236 6 1 3 4
237 4 0 1 5
238 1 1 0 3
239 4 2 0 2
240 6 1 0 6
241 3 0 3 2
242 3 4 1 2
243 2 1 1 1
244 4 3 2 2
245 2 6 3 4
246 2 1 1 6
247 5 1 2 1
248 3 2 0 3
249 4 1 0 5
250 2 3 1 3
251 5 0 0 3
252 2 2 2 6
253 2 3 2 1
254 0 3 2 5
255 1 3 1 1
256 1 2 3 2
257 1 0 1 3
258 1 1 0 1
259 3 0 0 6
260 1 1 2 7
261 0 1 1 5
262 0 1 1 0
263 2 0 0 1
264 1 1 0 1
265 3 1 1 1
266 1 0 0 2
267 2 1 0 2
268 1 3 1 2
269 2 1 0 2
270 2 0 0 0
271 2 1 0 2
272 1 1 1 2
273 0 1 0 0
274 2 3 1 0
275 1 2 0 2
276 0 1 1 3
277 1 1 0 0
278 0 0 0 3
279 3 1 1 1
280 1 1 1 3
281 1 0 0 3
282 0 0 1 0
283 0 0 0 1
284 0 2 0 1
285 2 1 0 0
286 1 1 0 1
287 0 0 0 2
288 0 1 0 0
289 1 0 0 1
290 2 1 0 0
291 1 0 0 2
292 1 0 0 2
293 1 0 0 1
294 0 0 2 0
295 0 3 0 0
296 1 1 0 0
297 1 1 0 1
298 0 0 0 2
299 0 0 0 1
300 0 0 0 0
301 0 0 0 0
302 0 0 2 2
303 0 0 1 1
304 0 0 0 1
305 0 0 0 0
306 0 0 0 0
307 1 0 0 0
308 1 0 0 1
309 1 0 0 1
310 1 0 0 1
311 1 0 0 0
312 2 0 0 0
313 1 1 0 0
314 0 0 0 0
315 1 1 0 0
316 0 1 0 0
317 1 1 0 0
318 0 1 0 0
319 1 0 0 0
320 1 1 1 2
321 0 1 0 1
322 0 2 0 1
323 0 0 0 0
324 0 0 0 1
325 0 0 0 2
326 0 0 0 1
327 0 0 0 1
328 1 1 0 0
329 1 1 0 1
330 0 0 0 0
331 1 0 0 0
332 1 0 0 0
333 1 0 0 0
334 0 0 1 0
335 0 0 0 1
336 0 0 0 1
337 1 0 1 0
338 1 0 0 0
339 0 0 0 0
340 0 1 0 0
341 1 0 1 2
342 1 1 1 0
343 1 1 0 0
344 0 0 0 0
345 3 0 0 0
346 2 1 0 1
347 1 0 0 1
348 1 0 0 1
349 0 0 0 1
350 1 1 1 1
351 0 1 1 0
352 0 1 0 0
353 0 1 0 1
354 0 1 1 1
355 0 0 0 1
356 0 1 0 0
357 0 0 0 2
358 0 0 0 3
359 0 1 0 1
360 0 0 0 0
361 0 0 0 0
362 0 0 0 0
363 1 0 0 2
364 0 0 0 0
365 0 0 0 0
366 0 0 0 0
367 1 0 0 0
368 0 1 0 0
369 1 0 0 0
370 0 0 0 0
371 1 0 0 0
372 0 1 0 0
373 0 0 0 1
374 0 0 1 0
375 0 0 0 0
376 0 0 0 1
377 0 1 0 0
378 0 0 0 0
379 0 0 0 0
380 0 0 0 0
381 0 0 0 2
382 0 0 0 0
383 0 0 0 0
384 1 0 0 0
385 1 0 0 0
386 0 0 0 0
387 0 0 0 0
388 0 0 0 0
389 0 0 0 0
390 0 0 0 0
391 1 0 0 0
392 2 0 0 0
393 0 1 0 0
394 1 0 1 0
395 0 0 0 0
396 0 1 0 0
397 0 0 1 1
398 0 0 0 1
399 1 1 0 0
400 0 0 0 1
401 0 1 0 1
402 0 0 0 0
403 0 0 0 0
404 0 0 0 0
405 0 0 0 1
406 0 0 0 1
407 0 0 0 0
408 0 0 1 0
409 0 0 0 0
410 0 0 0 0
411 0 0 0 0
412 0 0 0 0
413 0 0 0 0
414 0 0 0 0
415 1 0 0 1
416 0 0 0 0
417 2 0 0 0
418 0 0 0 0
419 0 0 0 0
420 0 0 0 0
421 0 0 0 0
422 1 1 1 0
423 4 0 0 0
424 2 0 1 0
425 3 0 0 0
426 0 0 0 0
427 1 0 0 0
428 0 3 2 1
429 1 0 2 2
430 0 1 1 0
431 2 0 0 0
432 0 1 1 2
433 1 0 0 0
434 0 1 0 2
435 0 0 0 3
436 0 0 0 2
437 1 0 0 1
438 2 1 0 1
439 1 0 0 1
440 1 1 1 0
441 2 0 0 0
442 1 0 0 0
443 1 1 1 0
444 2 0 0 2
445 2 1 0 1
446 0 2 1 0
447 0 0 0 1
448 2 1 0 0
449 0 0 0 1
450 1 0 0 2
451 0 0 1 0
452 2 0 1 0
453 1 4 0 2
454 1 1 1 0
455 4 1 0 1
456 2 0 0 0
457 1 1 1 2
458 0 0 0 2
459 4 0 0 2
460 2 0 0 3
461 2 0 1 0
462 3 1 1 0
463 0 1 0 0
464 0 3 2 2
465 0 2 1 0
466 2 1 1 1
467 2 2 0 0
468 1 1 2 5
469 0 0 0 3
470 2 0 0 3
471 3 1 1 1
472 1 0 2 3
473 0 1 0 1
474 3 0 0 1
475 0 1 0 2
476 2 2 0 0
477 5 0 1 0
478 3 0 0 1
479 3 1 2 3
480 3 0 1 3
481 3 0 1 0
482 2 1 1 0
483 2 3 2 2
484 2 2 1 1
485 0 1 1 1
486 3 3 2 1
487 2 0 0 2
488 4 1 0 1
489 5 0 2 5
490 2 1 0 4
491 4 2 1 2
492 2 0 2 1
493 1 2 1 5
494 0 2 1 1
495 2 2 0 3
496 3 3 2 3
497 3 1 2 2
498 2 2 0 2
499 2 1 1 1
500 4 2 1 2
501 1 2 0 4
502 1 1 2 2
503 5 1 0 4
504 4 0 0 2
505 2 1 4 2
506 4 1 0 2
507 3 1 1 3
508 3 2 0 1
509 3 2 1 4
510 4 2 0 0
511 2 1 1 2
512 6 4 1 4
513 8 3 3 3
514 7 1 3 1
515 4 4 2 2
516 3 3 0 4
517 5 3 0 5
518 8 0 2 3
519 7 1 2 2
520 3 0 2 4
521 7 1 4 4
522 6 6 4 7
523 5 5 3 3
524 8 5 2 1
525 7 2 2 3
526 5 3 2 10
527 7 7 1 10
528 1 5 2 8
529 7 4 2 3
530 12 3 2 3
531 2 1 2 6
532 7 5 1 5
533 8 3 1 4
534 8 5 1 8
535 5 3 5 4
536 3 4 0 7
537 7 5 0 1
538 7 8 1 4
539 6 6 5 7
540 10 3 3 3
541 9 2 2 8
542 8 4 4 8
543 10 3 3 10
544 10 1 3 4
545 8 4 5 7
546 8 3 4 11
547 4 5 5 8
548 13 6 3 4
549 5 5 3 4
550 6 5 5 9
551 9 7 2 10
552 4 2 2 10
553 9 5 6 3
554 7 4 2 9
555 11 1 5 11
556 9 4 2 9
557 12 5 3 10
558 7 4 4 8
559 11 5 2 5
560 12 8 6 12
561 14 6 2 5
562 12 10 3 5
563 14 0 2 2
564 7 6 1 9
565 9 6 2 10
566 7 6 2 12
567 8 6 7 11
568 4 7 7 2
569 6 8 3 12
570 6 11 2 5
571 14 5 4 14
572 8 13 0 12
573 4 5 0 11
574 9 9 0 12
575 9 4 3 11
576 3 5 5 11
577 3 2 1 7
578 3 1 2 11
579 3 5 4 9
580 1 7 4 5
581 4 5 2 6
582 0 1 2 5
583 5 2 3 12
584 7 6 3 5
585 5 1 1 8
586 2 2 2 7
587 3 0 1 9
588 3 3 2 5
589 4 2 2 2
590 5 1 2 4
591 1 1 0 6
592 3 2 0 2
593 1 2 2 3
594 2 4 3 2
595 3 2 1 2
596 3 2 1 3
597 1 0 0 5
598 0 1 0 3
599 0 5 1 4
600 1 0 1 5
601 1 4 2 3
602 1 2 0 2
603 0 0 0 3
604 2 2 0 1
605 2 0 0 1
606 2 1 0 3
607 2 0 1 0
608 1 0 0 6
609 1 1 0 2
610 0 1 1 1
611 1 0 1 1
612 2 1 0 0
613 1 2 1 1
614 1 0 1 2
615 2 0 1 1
616 0 2 0 1
617 0 0 1 4
618 0 0 1 0
619 0 0 1 0
620 1 1 0 1
621 1 0 1 1
622 0 0 0 2
623 1 1 0 2
624 2 0 0 1
625 2 0 1 0
626 0 0 0 0
627 1 0 0 1
628 0 0 1 1
629 0 1 1 1
630 0 1 1 1
631 0 0 0 0
632 0 0 0 0
633 0 0 0 0
634 0 1 0 1
635 0 0 0 1
636 0 1 0 2
637 0 0 0 1
638 0 0 0 0
639 0 0 0 0
640 0 0 0 0
641 0 0 0 1
642 0 0 0 0
643 0 0 0 1
644 1 0 0 0
645 1 0 0 0
646 0 0 0 0
647 0 0 0 0
648 0 0 0 0
649 0 1 0 0
650 1 1 0 0
651 0 0 0 0
652 0 0 0 0
653 0 0 0 1
654 0 0 0 1
655 0 0 0 0
656 0 0 0 0
657 0 0 0 0
658 0 0 0 0
659 0 1 0 0
660 0 0 0 0
661 0 0 0 0
662 0 0 0 0
663 0 0 0 1
664 0 0 0 0
665 0 0 0 0
666 0 0 0 0
667 0 0 0 0
668 0 0 0 0
669 0 0 0 0
670 0 0 0 0
671 0 0 0 0
672 0 0 0 0
673 0 0 0 0
674 0 0 0 0
675 0 0 0 0
676 0 0 0 0
677 0 0 0 0
678 0 0 0 0
679 0 0 0 0
680 0 0 0 0
681 0 0 0 0
682 0 0 0 0
683 0 0 0 0
684 0 0 0 0
685 0 0 0 0
686 0 0 0 0
687 0 0 0 0
688 0 0 0 0
689 0 0 0 0
690 0 0 0 0
691 0 0 0 0
692 0 0 0 0
693 0 0 0 0
694 0 0 0 0
695 0 0 0 0
696 0 0 0 0
697 0 0 0 0
698 0 0 0 0
699 0 0 0 0
700 0 0 0 0
701 0 0 0 0
702 0 0 0 0
703 0 0 0 0
704 0 0 0 0
705 0 0 0 0
706 0 0 0 0
707 0 0 0 0
708 0 0 0 0
709 0 0 0 0
710 0 0 0 0
711 0 0 0 0
712 0 0 0 0
713 0 0 0 0
714 0 0 0 0
715 0 0 0 0
716 0 0 0 0
717 0 0 0 0
718 0 0 0 0
719 0 0 0 0
720 0 0 0 0
721 0 0 0 0
722 0 0 0 0
723 0 0 0 0
724 0 0 0 0
725 0 0 0 0
726 0 0 0 0
727 0 0 0 0
