0 0 0 0 0
1 0 0 0 0
2 0 0 0 0
3 0 0 0 0
4 0 0 0 0
5 0 2 2 0
6 0 0 0 0
7 0 0 0 0
8 0 0 0 0
9 0 0 1 4
10 0 0 0 0
11 0 0 0 0
12 0 0 0 0
13 0 0 0 0
14 0 0 0 0
15 0 0 0 0
16 0 0 0 1
17 0 0 0 0
18 0 0 0 0
19 1 0 0 0
20 2 0 0 0
21 0 0 0 0
22 1 0 0 0
23 2 0 0 0
24 2 0 0 0
25 2 2 0 0
26 0 0 0 0
27 0 0 0 0
28 1 3 0 0
29 0 1 0 1
30 0 1 0 0
31 0 1 0 0
32 0 0 0 2
33 1 1 0 1
34 0 1 0 1
35 2 0 0 2
36 0 0 0 0
37 0 0 1 2
38 2 0 0 1
39 1 0 0 0
40 3 0 2 0
41 2 0 0 0
42 2 0 1 0
43 1 0 0 0
44 1 0 1 3
45 2 2 0 0
46 2 2 0 0
47 5 1 1 0
48 1 0 0 0
49 1 0 1 2
50 1 1 0 2
51 1 1 3 3
52 1 2 2 1
53 0 1 1 0
54 1 0 1 1
55 2 0 1 2
56 2 0 1 1
57 1 0 0 2
58 2 2 0 2
59 2 1 0 4
60 1 2 0 1
61 1 2 0 1
62 1 0 0 3
63 3 1 1 1
64 2 1 0 1
65 3 0 1 2
66 3 0 1 0
67 2 0 0 1
68 2 4 1 1
69 3 0 3 0
70 1 1 2 2
71 4 0 1 0
72 4 0 0 2
73 2 0 1 2
74 1 1 3 2
75 2 1 3 4
76 2 3 0 2
77 0 1 3 1
78 2 0 0 5
79 5 1 0 1
80 1 3 2 4
81 1 2 1 2
82 3 0 2 2
83 4 1 0 2
84 3 1 1 4
85 2 1 0 2
86 2 0 0 1
87 4 2 1 3
88 3 2 2 3
89 3 0 0 2
90 3 2 1 1
91 5 1 1 1
92 2 4 3 2
93 6 4 0 0
94 7 3 1 4
95 3 3 1 4
96 5 2 2 5
97 5 1 1 2
98 6 3 1 2
99 6 2 2 4
100 3 1 0 4
101 6 1 2 3
102 3 2 4 4
103 5 2 4 6
104 6 3 3 2
105 6 1 1 4
106 5 3 2 5
107 3 4 2 3
108 5 6 1 4
109 5 2 3 2
110 8 4 2 6
111 4 3 1 6
112 4 1 1 6
113 11 2 4 5
114 4 2 4 6
115 6 5 4 6
116 7 2 1 1
117 6 3 0 7
118 8 6 3 5
119 4 1 3 6
120 10 4 2 2
121 6 6 2 5
122 7 4 5 11
123 9 4 1 4
124 11 3 1 4
125 9 4 1 6
126 7 1 4 6
127 9 3 4 8
128 4 7 4 6
129 9 7 4 6
130 10 4 3 4
131 13 5 2 7
132 8 1 5 9
133 8 6 4 9
134 9 6 4 9
135 5 4 1 7
136 11 5 4 10
137 9 5 3 8
138 5 5 5 7
139 11 7 4 4
140 8 8 2 10
141 11 5 5 12
142 10 6 2 9
143 12 4 2 9
144 12 5 0 8
145 12 7 4 6
146 11 5 3 13
147 5 7 4 8
148 11 5 5 7
149 10 5 3 8
150 8 7 5 10
151 14 4 2 10
152 8 9 5 10
153 11 4 5 6
154 9 9 6 12
155 15 5 5 8
156 13 7 2 14
157 11 2 9 8
158 10 7 3 7
159 14 5 4 12
160 19 9 3 9
161 12 7 5 14
162 18 8 5 10
163 15 6 4 11
164 10 11 5 13
165 8 8 7 8
166 15 7 2 10
167 18 10 2 9
168 14 12 4 14
169 10 6 8 15
170 14 8 3 12
171 14 16 2 16
172 9 9 4 17
173 13 8 4 8
174 26 4 2 10
175 19 11 7 17
176 16 10 4 15
177 16 8 6 13
178 26 10 7 11
179 13 16 4 17
180 20 12 7 13
181 19 8 5 8
182 23 5 9 17
183 25 12 11 15
184 20 7 7 21
185 16 11 5 16
186 18 7 9 14
187 19 13 14 23
188 22 9 10 17
189 25 16 5 16
190 27 7 15 15
191 17 6 8 24
192 25 13 12 18
193 23 13 7 23
194 22 12 8 17
195 30 15 8 8
196 27 11 6 27
197 23 13 11 23
198 15 14 5 21
199 14 12 11 22
200 21 18 9 19
201 22 11 12 21
202 19 17 2 23
203 22 17 6 20
204 15 12 6 26
205 12 16 15 19
206 20 16 12 18
207 12 13 7 26
208 16 8 7 23
209 14 8 5 26
210 15 13 7 19
211 21 9 8 19
212 16 10 9 22
213 24 9 8 22
214 16 7 2 17
215 12 7 9 17
216 11 10 6 17
217 12 9 7 25
218 8 11 8 12
219 12 7 10 17
220 13 9 9 18
221 10 7 2 16
222 16 12 6 16
223 13 4 10 16
224 6 6 5 16
225 6 7 8 15
226 11 5 7 15
227 5 4 2 16
228 3 8 6 10
229 2 6 3 16
230 4 8 1 9
231 0 15 6 8
232 6 6 3 15
233 7 5 1 13
234 3 0 3 5
235 4 1 2 19
236 5 0 1 7
237 8 2 0 8
238 4 2 1 12
239 6 3 0 8
240 5 0 3 2
241 4 6 3 3
242 4 5 2 0
243 2 3 3 3
244 4 3 1 2
245 3 1 1 8
246 2 4 4 4
247 3 1 2 4
248 6 1 2 7
249 2 7 0 5
250 1 2 3 9
251 3 3 0 3
252 0 0 1 4
253 1 2 3 8
254 0 3 0 2
255 2 0 1 3
256 0 3 1 2
257 2 0 2 7
258 2 1 0 1
259 1 0 0 1
260 2 3 0 2
261 0 0 0 3
262 1 0 0 1
263 1 1 0 4
264 3 0 1 2
265 3 1 0 1
266 3 0 1 0
267 1 0 1 2
268 2 1 1 1
269 1 0 3 1
270 0 2 0 1
271 0 1 2 2
272 0 0 0 1
273 2 0 1 1
274 1 2 1 0
275 2 0 1 2
276 0 1 0 2
277 1 1 0 3
278 1 1 1 5
279 0 0 0 1
280 1 1 1 0
281 2 0 0 1
282 1 1 0 1
283 0 1 1 1
284 1 0 0 1
285 0 0 0 1
286 0 0 1 0
287 0 1 0 3
288 0 0 0 1
289 0 1 0 0
290 0 0 1 0
291 0 0 0 0
292 0 0 0 0
293 1 0 1 2
294 0 0 0 2
295 0 0 0 0
296 1 0 0 0
297 1 0 0 0
298 2 1 0 0
299 0 0 0 0
300 0 0 0 1
301 1 0 0 0
302 0 0 1 1
303 0 0 0 0
304 0 0 0 0
305 0 1 0 0
306 0 1 0 1
307 0 0 2 0
308 0 0 0 0
309 0 0 0 0
310 0 0 0 1
311 0 0 0 1
312 0 0 0 1
313 0 0 0 0
314 0 0 0 1
315 0 0 0 0
316 0 0 0 0
317 1 0 0 0
318 0 0 0 0
319 0 0 0 0
320 0 0 0 0
321 0 0 0 0
322 0 1 0 0
323 0 0 0 0
324 0 0 0 0
325 1 0 0 0
326 0 0 0 0
327 1 0 0 0
328 0 0 0 0
329 0 0 0 1
330 0 1 0 0
331 0 0 0 0
332 0 0 0 0
333 0 0 0 0
334 0 0 0 1
335 1 0 0 0
336 0 1 0 0
337 0 0 0 0
338 0 0 0 0
339 0 0 0 0
340 0 1 0 1
341 0 0 0 0
342 0 0 0 0
343 0 0 0 0
344 0 0 0 1
345 0 0 0 0
346 0 0 0 0
347 0 0 0 0
348 0 0 0 0
349 0 0 0 0
350 1 0 0 0
351 0 0 0 0
352 0 0 0 0
353 0 0 0 0
354 0 0 0 0
355 0 0 1 0
356 0 0 0 0
357 0 0 0 0
358 0 0 0 0
359 0 0 0 1
360 0 0 0 0
361 0 0 0 0
362 0 0 0 0
363 0 0 0 0
364 0 0 0 0
365 0 0 0 0
366 0 0 0 0
367 1 0 0 0
368 0 0 0 0
369 0 0 0 0
370 0 0 0 0
371 0 0 0 0
372 0 0 0 0
373 0 0 0 0
374 1 0 0 0
375 1 0 0 0
376 0 1 0 0
377 1 0 0 0
378 0 0 0 0
379 0 1 0 0
380 1 0 1 0
381 0 0 0 0
382 0 1 0 0
383 0 0 0 2
384 0 0 0 0
385 0 0 0 0
386 0 0 0 0
387 0 0 0 1
388 0 0 0 0
389 0 1 0 1
390 0 0 0 0
391 1 0 0 0
392 0 0 0 0
393 0 0 0 0
394 0 0 0 0
395 0 0 0 0
396 0 0 0 1
397 2 0 0 0
398 0 0 0 0
399 0 0 0 0
400 0 1 0 0
401 0 0 0 0
402 1 0 0 0
403 1 0 0 0
404 0 0 0 0
405 0 0 0 0
406 0 0 2 0
407 0 0 0 1
408 0 0 0 0
409 0 0 0 0
410 0 0 0 2
411 0 0 1 0
412 0 1 0 0
413 0 0 0 0
414 0 0 0 0
415 0 0 0 0
416 0 0 0 0
417 0 0 0 0
418 0 0 0 1
419 0 0 0 1
420 0 0 0 0
421 0 0 0 0
422 0 0 0 0
423 0 0 0 0
424 0 0 0 0
425 0 0 0 0
426 0 0 0 0
427 0 0 0 0
428 0 0 0 0
429 0 0 0 0
430 0 0 0 0
431 0 0 0 0
432 0 0 0 0
433 0 0 0 0
434 1 0 0 0
435 1 0 0 0
436 0 0 0 0
437 0 0 0 0
438 0 0 0 0
439 1 0 0 0
440 1 1 0 0
441 0 0 0 0
442 0 0 0 0
443 0 0 1 0
444 0 0 0 1
445 0 0 0 0
446 0 0 0 0
447 0 0 0 1
448 0 1 0 0
449 0 0 1 0
450 0 0 0 0
451 0 0 0 0
452 0 0 0 1
453 1 0 0 1
454 0 0 0 0
455 0 0 0 0
456 0 0 0 0
457 0 0 0 0
458 0 0 0 0
459 0 0 0 0
460 0 0 0 0
461 0 0 0 0
462 0 0 1 0
463 0 0 0 0
464 1 0 0 0
465 0 0 0 0
466 0 0 0 1
467 0 0 0 0
468 0 0 0 0
469 0 0 0 0
470 0 0 0 0
471 0 0 0 0
472 0 0 0 0
473 0 1 0 0
474 0 0 0 0
475 0 0 0 0
476 0 0 0 0
477 0 0 0 1
478 0 0 0 0
479 1 0 0 0
480 0 0 0 0
481 0 0 0 0
482 0 0 0 0
483 0 0 0 0
484 0 1 0 0
485 0 0 0 0
486 0 0 0 0
487 0 0 0 0
488 0 0 0 0
489 0 0 0 0
490 0 0 0 0
491 0 0 0 1
492 0 0 0 0
493 0 0 0 0
494 0 0 0 0
495 0 0 0 0
496 0 0 0 0
497 0 0 0 0
498 1 0 0 0
499 0 0 0 0
500 0 0 0 0
501 0 0 0 0
502 0 0 0 0
503 1 0 1 0
504 1 0 0 0
505 0 0 0 0
506 0 0 0 0
507 0 0 0 1
508 0 1 0 0
509 0 0 1 0
510 0 0 0 0
511 0 0 0 0
512 0 0 0 0
513 0 0 0 2
514 0 0 0 0
515 0 0 0 0
516 0 0 0 0
517 0 0 0 0
518 0 0 0 0
519 0 0 0 0
520 0 0 0 0
521 0 0 0 0
522 0 0 0 0
523 0 0 0 0
524 0 0 0 0
525 0 0 0 0
526 0 0 0 0
527 0 0 0 0
528 0 0 0 0
529 0 0 0 0
530 0 0 0 0
531 0 0 0 0
532 0 0 0 0
533 1 0 0 0
534 0 0 0 0
535 1 0 0 0
536 0 0 0 0
537 0 0 0 0
538 0 1 0 0
539 0 0 0 0
540 0 0 0 0
541 0 0 0 0
542 0 0 0 0
543 0 0 0 0
544 0 1 0 0
545 0 0 0 1
546 0 0 0 0
547 0 0 0 0
548 0 0 0 0
549 0 0 0 0
550 0 0 0 0
551 0 0 0 1
552 0 0 0 0
553 0 0 0 0
554 0 0 0 0
555 0 0 0 0
556 0 0 0 0
557 0 0 0 0
558 0 0 0 0
559 0 0 0 0
560 0 0 0 0
561 0 0 0 0
562 0 0 0 0
563 0 0 0 0
564 0 0 0 0
565 0 0 0 0
566 0 0 0 0
567 0 0 0 0
568 0 0 0 0
569 0 0 0 0
570 0 0 0 0
571 0 0 0 0
572 0 0 0 0
573 0 0 0 0
574 0 0 0 0
575 0 0 0 0
576 0 0 0 0
577 0 0 0 0
578 0 0 0 0
579 0 0 0 0
580 0 0 0 0
581 0 0 0 0
582 0 0 0 0
583 0 0 0 0
584 0 0 0 0
585 0 0 0 0
586 0 0 0 0
587 0 0 0 0
588 0 0 0 0
589 0 0 0 0
590 0 0 0 0
591 0 0 0 0
592 0 0 0 0
593 0 0 0 0
594 0 0 0 0
595 0 0 0 0
596 0 0 0 0
597 0 0 0 0
598 0 0 0 0
599 0 0 0 0
600 0 0 0 0
601 0 0 0 0
602 0 0 0 0
603 0 0 0 0
604 0 0 0 0
605 0 0 0 0
606 0 0 0 0
607 0 0 0 0
608 0 0 0 0
609 0 0 0 0
610 0 0 0 0
611 0 0 0 0
612 0 0 0 0
613 0 0 0 0
614 0 0 0 0
615 0 0 0 0
616 0 0 0 0
617 0 0 0 0
618 0 0 0 0
619 0 0 0 0
620 0 0 0 0
621 0 0 0 0
622 0 0 0 0
623 0 0 0 0
624 0 0 0 0
625 0 0 0 0
626 0 0 0 0
627 0 0 0 0
628 0 0 0 0
629 0 0 0 0
630 0 0 0 0
631 0 0 0 0
632 0 0 0 0
633 0 0 0 0
634 0 0 0 0
635 0 0 0 0
636 0 0 0 0
637 0 0 0 0
638 0 0 0 0
639 0 0 0 0
640 0 0 0 0
641 0 0 0 0
642 0 0 0 0
643 0 0 0 0
644 0 0 0 0
645 0 0 0 0
646 0 0 0 0
647 0 0 0 0
648 0 0 0 0
649 0 0 0 0
650 0 0 0 0
651 0 0 0 0
652 0 0 0 0
653 0 0 0 0
654 0 0 0 0
655 0 0 0 0
656 0 0 0 0
657 0 0 0 0
658 0 0 0 0
659 0 0 0 0
660 0 0 0 0
661 0 0 0 0
662 0 0 0 0
663 0 0 0 0
664 0 0 0 0
665 0 0 0 0
666 0 0 0 0
667 0 0 0 0
668 0 0 0 0
669 0 0 0 0
670 0 0 0 0
671 0 0 0 0
672 0 0 0 0
673 0 0 0 0
674 0 0 0 0
675 0 0 0 0
676 0 0 0 0
677 0 0 0 0
678 0 0 0 0
679 0 0 0 0
680 0 0 0 0
681 0 0 0 0
682 0 0 0 0
683 0 0 0 0
684 0 0 0 0
685 0 0 0 0
686 0 0 0 0
687 0 0 0 0
688 0 0 0 0
689 0 0 0 0
690 0 0 0 0
691 0 0 0 0
692 0 0 0 0
693 0 0 0 0
694 0 0 0 0
695 0 0 0 0
696 0 0 0 0
697 0 0 0 0
698 0 0 0 0
699 0 0 0 0
700 0 0 0 0
701 0 0 0 0
702 0 0 0 0
703 0 0 0 0
704 0 0 0 0
705 0 0 0 0
706 0 0 0 0
707 0 0 0 0
708 0 0 0 0
709 0 0 0 0
710 0 0 0 0
711 0 0 0 0
712 0 0 0 0
713 0 0 0 0
714 0 0 0 0
715 0 0 0 0
716 0 0 0 0
717 0 0 0 0
718 0 0 0 0
719 0 0 0 0
720 0 0 0 0
721 0 0 0 0
722 0 0 0 0
723 0 0 0 0
724 0 0 0 0
725 0 0 0 0
726 0 0 0 0
727 0 0 0 0
