0 0 0 0 0
1 0 0 0 0
2 0 0 0 0
3 0 0 0 0
4 0 0 0 0
5 0 0 3 0
6 0 0 0 0
7 0 0 0 0
8 0 0 0 0
9 0 2 0 0
10 0 0 0 0
11 0 0 0 0
12 0 0 0 3
13 0 0 0 1
14 0 0 0 0
15 0 0 0 0
16 0 0 0 1
17 3 0 0 0
18 2 0 0 0
19 1 0 0 0
20 0 0 0 0
21 1 0 0 0
22 2 1 1 0
23 1 1 0 0
24 0 1 0 0
25 2 0 0 0
26 0 0 1 0
27 0 1 1 0
28 0 1 1 0
29 0 0 0 2
30 1 2 1 2
31 0 0 0 3
32 1 0 0 1
33 0 0 0 0
34 2 0 0 2
35 2 0 1 1
36 1 0 0 0
37 2 0 0 1
38 1 0 0 0
39 2 0 1 1
40 2 1 0 0
41 2 0 1 0
42 1 0 0 0
43 1 2 0 1
44 1 2 1 0
45 2 1 1 1
46 0 2 0 0
47 1 0 1 3
48 0 0 0 2
49 4 2 0 2
50 1 1 2 1
51 4 0 0 1
52 1 0 1 0
53 1 0 0 3
54 2 1 3 2
55 4 1 0 0
56 3 2 0 0
57 5 0 1 2
58 2 1 0 0
59 2 1 0 1
60 1 1 4 0
61 2 1 1 4
62 6 3 1 1
63 6 2 1 3
64 3 2 1 1
65 4 0 1 2
66 4 0 2 0
67 2 2 5 8
68 4 1 2 4
69 2 2 1 4
70 4 4 1 3
71 6 1 0 4
72 4 2 2 2
73 8 0 4 0
74 6 1 2 7
75 2 3 3 3
76 3 3 3 5
77 7 2 0 4
78 4 1 3 3
79 2 3 0 4
80 2 3 0 5
81 6 3 2 0
82 5 3 5 6
83 5 2 5 3
84 3 0 1 3
85 5 0 1 3
86 3 5 1 6
87 3 4 1 5
88 6 4 0 3
89 6 1 0 7
90 5 7 2 6
91 11 2 1 3
92 5 1 2 3
93 3 1 4 3
94 8 1 1 6
95 5 3 2 4
96 10 4 3 1
97 9 4 4 6
98 5 4 2 2
99 8 2 1 3
100 8 4 6 8
101 7 5 2 6
102 4 5 0 6
103 5 6 2 4
104 8 2 4 10
105 10 6 0 11
106 7 4 4 3
107 11 2 3 8
108 12 3 4 5
109 13 7 4 5
110 12 3 4 7
111 6 1 3 5
112 8 4 6 9
113 10 10 4 11
114 8 6 5 5
115 8 6 5 4
116 16 3 3 11
117 11 3 4 13
118 10 7 4 6
119 7 6 6 9
120 13 7 2 6
121 16 6 4 12
122 10 10 5 11
123 10 2 4 11
124 10 5 3 6
125 7 10 6 13
126 9 8 4 11
127 11 6 5 10
128 10 4 4 9
129 13 6 3 16
130 13 5 7 8
131 21 5 5 10
132 12 5 1 10
133 22 8 4 9
134 19 7 2 10
135 19 7 6 11
136 9 12 7 9
137 21 6 2 14
138 16 10 9 8
139 21 13 4 9
140 18 9 7 15
141 19 7 6 9
142 13 10 8 16
143 15 10 6 20
144 13 11 12 17
145 24 7 4 14
146 23 10 8 13
147 15 9 6 8
148 23 13 8 21
149 18 8 11 15
150 28 12 8 22
151 18 12 4 15
152 20 9 3 21
153 15 7 7 21
154 19 13 7 20
155 23 14 16 18
156 19 11 6 11
157 24 15 11 16
158 29 13 4 18
159 24 7 14 27
160 22 11 9 13
161 17 16 6 25
162 23 12 10 22
163 13 14 15 23
164 24 21 7 22
165 34 5 10 18
166 23 14 5 20
167 26 17 9 21
168 24 9 4 25
169 28 19 12 19
170 17 12 9 28
171 39 9 11 29
172 30 15 8 10
173 24 17 7 19
174 27 23 11 21
175 25 11 6 18
176 33 18 14 27
177 33 17 11 29
178 36 13 6 28
179 34 10 11 21
180 38 17 11 28
181 32 17 15 31
182 36 20 13 20
183 33 19 11 25
184 36 26 12 29
185 32 20 12 24
186 39 19 17 25
187 48 24 18 23
188 42 15 12 33
189 39 14 19 37
190 38 12 10 38
191 44 23 16 42
192 32 26 20 29
193 53 24 15 36
194 35 25 13 35
195 41 21 16 21
196 48 26 12 43
197 37 28 16 26
198 44 31 17 50
199 35 23 11 36
200 41 34 18 41
201 48 25 18 41
202 28 31 17 44
203 31 31 12 38
204 33 19 13 49
205 23 24 14 37
206 22 27 15 39
207 25 13 17 49
208 20 23 11 38
209 27 21 18 48
210 26 17 18 37
211 22 21 11 30
212 25 15 20 39
213 17 10 13 32
214 20 16 6 34
215 25 14 10 37
216 18 12 9 42
217 23 12 10 25
218 15 15 6 24
219 20 17 8 27
220 15 14 5 25
221 19 14 6 30
222 15 17 4 17
223 15 10 9 17
224 14 12 9 17
225 12 13 6 28
226 15 12 9 29
227 9 13 4 17
228 14 16 7 20
229 13 7 2 15
230 7 4 9 22
231 14 7 4 20
232 12 5 4 22
233 10 10 6 12
234 12 6 6 13
235 9 6 7 18
236 6 10 7 13
237 8 7 6 16
238 11 11 2 11
239 4 2 6 7
240 4 2 4 21
241 4 8 2 10
242 1 8 5 17
243 3 5 5 10
244 5 7 2 10
245 4 1 2 10
246 5 1 2 11
247 5 1 6 7
248 6 1 3 11
249 3 3 1 7
250 3 1 3 4
251 2 2 1 8
252 2 2 3 4
253 4 3 1 2
254 2 2 1 6
255 2 2 2 4
256 1 1 1 7
257 2 5 1 3
258 7 1 3 3
259 1 0 1 3
260 0 4 0 2
261 2 0 0 4
262 2 1 2 6
263 2 4 1 3
264 2 1 0 4
265 1 1 0 1
266 4 1 2 1
267 1 3 2 4
268 2 0 1 2
269 3 0 0 2
270 1 0 0 5
271 0 1 1 2
272 3 1 0 1
273 2 2 1 1
274 1 1 2 3
275 0 2 1 2
276 1 1 0 1
277 0 1 3 1
278 1 0 1 2
279 0 0 1 1
280 1 0 0 2
281 1 0 1 2
282 1 1 1 4
283 1 2 0 1
284 1 0 0 2
285 0 1 0 0
286 0 1 0 1
287 0 0 0 2
288 0 0 0 1
289 1 1 0 3
290 0 0 0 1
291 0 1 0 0
292 1 1 0 0
293 1 0 0 0
294 2 1 0 0
295 0 0 0 1
296 1 0 0 2
297 0 0 0 0
298 1 0 1 0
299 1 1 1 0
300 2 0 0 0
301 1 0 2 1
302 0 0 0 0
303 0 1 0 1
304 0 1 0 0
305 0 1 0 2
306 0 1 0 1
307 0 0 0 1
308 0 0 0 2
309 0 0 1 0
310 0 0 0 0
311 0 0 0 0
312 0 0 0 1
313 0 0 0 1
314 0 0 0 0
315 0 0 0 0
316 0 0 0 1
317 0 0 0 0
318 0 0 0 0
319 0 0 0 0
320 0 0 0 0
321 0 0 0 0
322 0 0 0 0
323 0 0 0 0
324 0 0 0 0
325 0 0 0 0
326 0 0 0 0
327 0 0 0 0
328 0 0 0 0
329 0 0 0 0
330 0 0 0 0
331 0 0 0 0
332 0 0 0 0
333 0 0 0 0
334 0 0 0 0
335 0 0 0 0
336 0 0 0 0
337 0 0 0 0
338 0 0 0 0
339 0 0 0 0
340 0 0 0 0
341 0 0 0 0
342 0 0 0 0
343 0 0 0 0
344 0 0 0 0
345 0 0 0 0
346 0 0 0 0
347 0 0 0 0
348 0 0 0 0
349 0 0 0 0
350 0 0 0 0
351 0 0 0 0
352 0 0 0 0
353 0 0 0 0
354 0 0 0 0
355 0 0 0 0
356 0 0 0 0
357 0 0 0 0
358 0 0 0 0
359 0 0 0 0
360 0 0 0 0
361 0 0 0 0
362 0 0 0 0
363 0 0 0 0
364 0 0 0 0
365 0 0 0 0
366 0 0 0 0
367 0 0 0 0
368 0 0 0 0
369 0 0 0 0
370 0 0 0 0
371 0 0 0 0
372 0 0 0 0
373 0 0 0 0
374 0 0 0 0
375 0 0 0 0
376 0 0 0 0
377 0 0 0 0
378 0 0 0 0
379 0 0 0 0
380 0 0 0 0
381 0 0 0 0
382 0 0 0 0
383 0 0 0 0
384 0 0 0 0
385 0 0 0 0
386 0 0 0 0
387 0 0 0 0
388 0 0 0 0
389 0 0 0 0
390 0 0 0 0
391 0 0 0 0
392 0 0 0 0
393 0 0 0 0
394 0 0 0 0
395 0 0 0 0
396 0 0 0 0
397 0 0 0 0
398 0 0 0 0
399 0 0 0 0
400 0 0 0 0
401 0 0 0 0
402 0 0 0 0
403 0 0 0 0
404 0 0 0 0
405 0 0 0 0
406 0 0 0 0
407 0 0 0 0
408 0 0 0 0
409 0 0 0 0
410 0 0 0 0
411 0 0 0 0
412 0 0 0 0
413 0 0 0 0
414 0 0 0 0
415 0 0 0 0
416 0 0 0 0
417 0 0 0 0
418 0 0 0 0
419 0 0 0 0
420 0 0 0 0
421 0 0 0 0
422 0 0 0 0
423 0 0 0 0
424 0 0 0 0
425 0 0 0 0
426 0 0 0 0
427 0 0 0 0
428 0 0 0 0
429 0 0 0 0
430 0 0 0 0
431 0 0 0 0
432 0 0 0 0
433 0 0 0 0
434 0 0 0 0
435 0 0 0 0
436 0 0 0 0
437 0 0 0 0
438 0 0 0 0
439 0 0 0 0
440 0 0 0 0
441 0 0 0 0
442 0 0 0 0
443 0 0 0 0
444 0 0 0 0
445 0 0 0 0
446 0 0 0 0
447 0 0 0 0
448 0 0 0 0
449 0 0 0 0
450 0 0 0 0
451 0 0 0 0
452 0 0 0 0
453 0 0 0 0
454 0 0 0 0
455 0 0 0 0
456 0 0 0 0
457 0 0 0 0
458 0 0 0 0
459 0 0 0 0
460 0 0 0 0
461 0 0 0 0
462 0 0 0 0
463 0 0 0 0
464 0 0 0 0
465 0 0 0 0
466 0 0 0 0
467 0 0 0 0
468 0 0 0 0
469 0 0 0 0
470 0 0 0 0
471 0 0 0 0
472 0 0 0 0
473 0 0 0 0
474 0 0 0 0
475 0 0 0 0
476 0 0 0 0
477 0 0 0 0
478 0 0 0 0
479 0 0 0 0
480 0 0 0 0
481 0 0 0 0
482 0 0 0 0
483 0 0 0 0
484 0 0 0 0
485 0 0 0 0
486 0 0 0 0
487 0 0 0 0
488 0 0 0 0
489 0 0 0 0
490 0 0 0 0
491 0 0 0 0
492 0 0 0 0
493 0 0 0 0
494 0 0 0 0
495 0 0 0 0
496 0 0 0 0
497 0 0 0 0
498 0 0 0 0
499 0 0 0 0
500 0 0 0 0
501 0 0 0 0
502 0 0 0 0
503 0 0 0 0
504 0 0 0 0
505 0 0 0 0
506 0 0 0 0
507 0 0 0 0
508 0 0 0 0
509 0 0 0 0
510 0 0 0 0
511 0 0 0 0
512 0 0 0 0
513 0 0 0 0
514 0 0 0 0
515 0 0 0 0
516 0 0 0 0
517 0 0 0 0
518 0 0 0 0
519 0 0 0 0
520 0 0 0 0
521 0 0 0 0
522 0 0 0 0
523 0 0 0 0
524 0 0 0 0
525 0 0 0 0
526 0 0 0 0
527 0 0 0 0
528 0 0 0 0
529 0 0 0 0
530 0 0 0 0
531 0 0 0 0
532 0 0 0 0
533 0 0 0 0
534 0 0 0 0
535 0 0 0 0
536 0 0 0 0
537 0 0 0 0
538 0 0 0 0
539 0 0 0 0
540 0 0 0 0
541 0 0 0 0
542 0 0 0 0
543 0 0 0 0
544 0 0 0 0
545 0 0 0 0
546 0 0 0 0
547 0 0 0 0
548 0 0 0 0
549 0 0 0 0
550 0 0 0 0
551 0 0 0 0
552 0 0 0 0
553 0 0 0 0
554 0 0 0 0
555 0 0 0 0
556 0 0 0 0
557 0 0 0 0
558 0 0 0 0
559 0 0 0 0
560 0 0 0 0
561 0 0 0 0
562 0 0 0 0
563 0 0 0 0
564 0 0 0 0
565 0 0 0 0
566 0 0 0 0
567 0 0 0 0
568 0 0 0 0
569 0 0 0 0
570 0 0 0 0
571 0 0 0 0
572 0 0 0 0
573 0 0 0 0
574 0 0 0 0
575 0 0 0 0
576 0 0 0 0
577 0 0 0 0
578 0 0 0 0
579 0 0 0 0
580 0 0 0 0
581 0 0 0 0
582 0 0 0 0
583 0 0 0 0
584 0 0 0 0
585 0 0 0 0
586 0 0 0 0
587 0 0 0 0
588 0 0 0 0
589 0 0 0 0
590 0 0 0 0
591 0 0 0 0
592 0 0 0 0
593 0 0 0 0
594 0 0 0 0
595 0 0 0 0
596 0 0 0 0
597 0 0 0 0
598 0 0 0 0
599 0 0 0 0
600 0 0 0 0
601 0 0 0 0
602 0 0 0 0
603 0 0 0 0
604 0 0 0 0
605 0 0 0 0
606 0 0 0 0
607 0 0 0 0
608 0 0 0 0
609 0 0 0 0
610 0 0 0 0
611 0 0 0 0
612 0 0 0 0
613 0 0 0 0
614 0 0 0 0
615 0 0 0 0
616 0 0 0 0
617 0 0 0 0
618 0 0 0 0
619 0 0 0 0
620 0 0 0 0
621 0 0 0 0
622 0 0 0 0
623 0 0 0 0
624 0 0 0 0
625 0 0 0 0
626 0 0 0 0
627 0 0 0 0
628 0 0 0 0
629 0 0 0 0
630 0 0 0 0
631 0 0 0 0
632 0 0 0 0
633 0 0 0 0
634 0 0 0 0
635 0 0 0 0
636 0 0 0 0
637 0 0 0 0
638 0 0 0 0
639 0 0 0 0
640 0 0 0 0
641 0 0 0 0
642 0 0 0 0
643 0 0 0 0
644 0 0 0 0
645 0 0 0 0
646 0 0 0 0
647 0 0 0 0
648 0 0 0 0
649 0 0 0 0
650 0 0 0 0
651 0 0 0 0
652 0 0 0 0
653 0 0 0 0
654 0 0 0 0
655 0 0 0 0
656 0 0 0 0
657 0 0 0 0
658 0 0 0 0
659 0 0 0 0
660 0 0 0 0
661 0 0 0 0
662 0 0 0 0
663 0 0 0 0
664 0 0 0 0
665 0 0 0 0
666 0 0 0 0
667 0 0 0 0
668 0 0 0 0
669 0 0 0 0
670 0 0 0 0
671 0 0 0 0
672 0 0 0 0
673 0 0 0 0
674 0 0 0 0
675 0 0 0 0
676 0 0 0 0
677 0 0 0 0
678 0 0 0 0
679 0 0 0 0
680 0 0 0 0
681 0 0 0 0
682 0 0 0 0
683 0 0 0 0
684 0 0 0 0
685 0 0 0 0
686 0 0 0 0
687 0 0 0 0
688 0 0 0 0
689 0 0 0 0
690 0 0 0 0
691 0 0 0 0
692 0 0 0 0
693 0 0 0 0
694 0 0 0 0
695 0 0 0 0
696 0 0 0 0
697 0 0 0 0
698 0 0 0 0
699 0 0 0 0
700 0 0 0 0
701 0 0 0 0
702 0 0 0 0
703 0 0 0 0
704 0 0 0 0
705 0 0 0 0
706 0 0 0 0
707 0 0 0 0
708 0 0 0 0
709 0 0 0 0
710 0 0 0 0
711 0 0 0 0
712 0 0 0 0
713 0 0 0 0
714 0 0 0 0
715 0 0 0 0
716 0 0 0 0
717 0 0 0 0
718 0 0 0 0
719 0 0 0 0
720 0 0 0 0
721 0 0 0 0
722 0 0 0 0
723 0 0 0 0
724 0 0 0 0
725 0 0 0 0
726 0 0 0 0
727 0 0 0 0
