0 0 0 0 0
1 0 0 0 0
2 0 0 0 0
3 0 0 0 0
4 0 0 0 0
5 0 1 0 0
6 0 0 0 0
7 0 0 0 0
8 0 0 0 0
9 0 1 3 1
10 0 0 0 0
11 0 0 0 0
12 0 0 0 0
13 0 0 0 4
14 0 0 0 0
15 0 0 0 0
16 0 0 0 0
17 0 0 0 0
18 1 0 0 0
19 0 0 0 0
20 0 0 0 0
21 1 0 0 0
22 1 0 0 0
23 0 1 0 0
24 1 0 0 0
25 3 0 0 0
26 0 0 1 0
27 0 0 0 1
28 1 0 0 0
29 1 0 0 0
30 1 0 2 1
31 0 0 1 0
32 0 0 0 0
33 0 2 0 0
34 1 0 2 2
35 1 0 1 1
36 1 0 0 0
37 1 0 0 2
38 2 0 0 1
39 1 0 0 0
40 0 1 0 0
41 2 1 0 1
42 2 0 0 1
43 2 3 0 0
44 1 0 0 1
45 1 0 0 1
46 1 1 0 0
47 0 0 0 2
48 0 1 1 0
49 3 1 1 0
50 2 1 1 2
51 2 0 1 0
52 3 1 0 1
53 2 0 0 0
54 1 0 1 1
55 0 1 0 2
56 2 1 1 3
57 1 1 1 1
58 1 2 2 1
59 2 0 2 1
60 3 0 0 0
61 1 2 1 1
62 1 2 0 2
63 2 0 1 2
64 2 1 1 1
65 2 2 1 5
66 3 0 1 4
67 3 1 0 1
68 3 1 0 1
69 3 0 2 1
70 3 0 0 1
71 3 1 2 0
72 1 2 1 3
73 1 0 1 2
74 4 2 3 1
75 3 1 0 3
76 3 1 1 2
77 2 3 0 0
78 5 1 0 1
79 1 2 2 3
80 2 4 0 1
81 3 1 2 3
82 4 0 1 2
83 4 2 2 5
84 1 2 0 6
85 3 3 0 2
86 4 2 1 1
87 1 7 0 2
88 1 1 0 2
89 2 1 0 1
90 4 0 1 5
91 3 1 2 5
92 1 3 1 4
93 4 1 0 1
94 2 0 3 3
95 5 4 1 3
96 4 1 0 4
97 2 1 0 1
98 5 3 1 4
99 4 0 2 2
100 4 1 2 0
101 6 1 1 0
102 2 1 0 8
103 5 2 2 2
104 4 2 4 1
105 1 1 2 1
106 4 2 3 1
107 7 1 2 5
108 6 3 0 3
109 2 3 1 2
110 2 2 2 4
111 5 3 0 5
112 5 6 2 5
113 3 3 2 4
114 7 2 0 4
115 6 1 2 4
116 3 3 3 6
117 8 3 2 4
118 3 2 0 1
119 4 4 1 4
120 7 2 3 7
121 8 2 3 6
122 7 3 0 3
123 9 2 1 5
124 5 3 4 4
125 8 3 2 5
126 8 10 2 4
127 13 4 4 4
128 11 3 2 5
129 9 2 3 2
130 7 5 2 6
131 4 3 4 10
132 8 7 4 8
133 6 6 4 8
134 8 5 2 6
135 11 3 3 7
136 11 6 4 7
137 10 5 4 7
138 6 4 5 6
139 9 5 2 9
140 9 3 0 10
141 14 8 3 6
142 9 3 5 8
143 7 2 6 11
144 14 10 4 6
145 15 8 2 8
146 10 6 7 10
147 9 1 3 9
148 11 3 4 9
149 17 7 3 7
150 6 12 5 7
151 12 8 6 12
152 10 7 4 12
153 9 7 6 16
154 16 7 5 10
155 17 0 5 8
156 16 8 5 10
157 20 3 6 13
158 7 7 6 17
159 19 8 4 7
160 12 7 5 14
161 17 6 6 6
162 10 7 8 9
163 14 8 7 13
164 11 9 3 15
165 13 8 9 12
166 10 14 2 13
167 14 4 3 9
168 15 9 9 8
169 16 6 4 18
170 16 8 9 17
171 14 6 4 15
172 15 9 5 17
173 17 12 5 15
174 17 11 4 10
175 13 8 3 9
176 16 5 11 8
177 15 9 5 17
178 15 8 3 13
179 20 16 5 17
180 23 7 6 18
181 22 8 6 17
182 23 15 7 9
183 12 8 5 15
184 22 7 7 16
185 17 13 8 10
186 17 14 6 19
187 21 7 10 14
188 27 10 9 16
189 17 15 11 23
190 15 10 7 15
191 18 11 9 15
192 14 9 4 23
193 16 16 7 25
194 18 15 8 19
195 16 11 10 20
196 18 9 11 13
197 25 5 8 22
198 14 9 8 16
199 18 12 6 20
200 22 11 9 19
201 16 11 7 27
202 19 6 7 14
203 30 15 4 17
204 25 13 6 17
205 14 15 4 20
206 13 13 11 17
207 14 6 2 16
208 20 12 7 23
209 18 10 9 17
210 17 7 8 20
211 7 13 7 10
212 10 12 12 20
213 9 14 9 19
214 10 8 6 8
215 5 9 7 21
216 5 4 5 25
217 8 12 6 21
218 5 9 6 17
219 9 13 2 21
220 6 5 2 15
221 10 2 5 16
222 2 2 5 15
223 6 4 1 12
224 9 3 5 16
225 9 2 1 7
226 7 6 5 9
227 5 3 0 3
228 7 2 5 8
229 6 5 7 8
230 6 6 3 8
231 4 4 1 6
232 4 5 2 5
233 8 1 2 10
234 5 1 2 7
235 10 5 3 7
236 5 3 1 11
237 5 9 0 6
238 2 6 3 3
239 6 2 2 8
240 3 4 4 5
241 2 2 2 7
242 8 3 3 4
243 6 3 1 5
244 1 4 3 9
245 6 2 2 7
246 4 3 1 6
247 2 2 4 4
248 3 3 1 7
249 1 4 0 4
250 3 1 0 5
251 6 4 2 5
252 4 1 1 7
253 0 2 0 3
254 1 3 3 3
255 3 1 3 4
256 3 4 1 2
257 2 3 0 1
258 2 0 1 6
259 4 1 2 4
260 5 3 2 5
261 4 0 0 4
262 1 1 1 2
263 2 1 0 3
264 1 3 0 4
265 1 3 3 1
266 1 1 3 2
267 1 2 0 3
268 1 3 0 1
269 0 2 0 5
270 0 0 1 2
271 1 1 0 2
272 2 1 0 6
273 0 0 0 2
274 0 0 1 2
275 0 0 0 1
276 0 1 0 1
277 0 1 1 1
278 2 0 0 0
279 0 0 0 2
280 2 1 0 0
281 1 0 1 1
282 1 0 0 0
283 2 0 0 1
284 2 0 0 2
285 0 1 1 1
286 1 1 1 0
287 1 1 0 0
288 0 1 1 0
289 0 1 1 2
290 1 0 0 0
291 0 1 0 0
292 0 1 0 1
293 1 0 0 2
294 0 0 0 1
295 1 2 0 3
296 0 0 0 2
297 0 0 0 0
298 0 1 0 0
299 0 0 0 1
300 0 0 1 0
301 1 0 0 0
302 0 0 0 1
303 0 0 0 0
304 1 0 0 1
305 0 0 0 1
306 0 1 0 0
307 1 0 0 0
308 2 0 0 0
309 0 1 0 0
310 0 0 0 0
311 2 0 0 0
312 0 1 0 0
313 0 1 0 2
314 0 0 0 0
315 1 0 0 0
316 0 0 0 1
317 0 1 0 0
318 0 0 0 0
319 0 0 0 0
320 0 2 0 1
321 0 0 0 0
322 0 0 0 0
323 0 0 0 0
324 0 0 1 3
325 0 0 0 0
326 0 0 0 0
327 0 0 0 0
328 0 0 0 0
329 0 0 0 0
330 1 0 0 0
331 0 0 0 1
332 0 0 0 0
333 0 0 0 0
334 1 0 0 0
335 0 0 0 0
336 1 0 0 0
337 0 0 0 0
338 0 0 0 0
339 0 0 1 0
340 0 0 0 0
341 0 0 0 0
342 0 0 0 0
343 1 1 0 0
344 0 0 0 0
345 0 1 0 1
346 0 0 0 0
347 0 0 0 0
348 0 0 0 1
349 0 0 0 0
350 0 0 0 0
351 0 0 0 0
352 0 1 0 1
353 0 0 0 0
354 0 0 0 0
355 0 0 0 0
356 0 0 0 1
357 0 0 0 0
358 0 0 0 0
359 0 0 0 0
360 0 0 0 0
361 0 0 0 0
362 0 0 0 0
363 0 0 0 0
364 0 0 0 0
365 1 0 0 0
366 0 0 0 0
367 0 0 0 0
368 0 0 0 0
369 1 0 0 0
370 0 0 0 0
371 0 0 1 0
372 0 0 0 0
373 1 0 0 0
374 0 1 0 0
375 0 0 0 0
376 0 0 0 0
377 0 0 0 0
378 0 0 1 1
379 0 0 0 0
380 0 0 0 0
381 0 0 0 1
382 0 0 0 1
383 0 0 0 0
384 1 0 0 0
385 1 0 0 0
386 0 0 0 0
387 0 0 0 0
388 1 0 0 0
389 0 0 1 0
390 1 0 0 0
391 2 0 0 0
392 0 0 0 0
393 1 0 0 1
394 3 1 0 0
395 1 1 0 0
396 1 1 0 0
397 0 1 0 0
398 1 0 1 0
399 1 2 0 0
400 1 0 1 1
401 0 1 0 1
402 0 0 0 2
403 0 1 0 1
404 0 1 1 1
405 0 1 0 2
406 0 0 0 0
407 0 1 0 2
408 0 0 0 2
409 0 0 0 1
410 1 0 0 0
411 1 0 0 0
412 1 0 0 0
413 0 0 0 0
414 0 0 0 1
415 0 0 0 0
416 0 0 1 0
417 3 0 1 0
418 4 0 0 0
419 0 0 1 0
420 2 0 0 0
421 4 0 0 1
422 0 1 0 0
423 2 2 0 2
424 2 0 0 0
425 2 1 1 0
426 0 1 3 1
427 0 1 1 2
428 1 0 1 0
429 2 0 1 1
430 1 1 3 4
431 0 0 0 2
432 0 0 1 1
433 0 0 2 1
434 0 0 0 2
435 2 0 0 0
436 1 0 0 2
437 2 0 0 3
438 0 1 1 0
439 1 0 1 1
440 2 0 0 0
441 1 0 0 0
442 1 1 0 1
443 0 0 0 1
444 0 0 2 0
445 0 2 1 1
446 1 2 0 0
447 0 0 0 0
448 1 1 0 1
449 2 0 0 3
450 0 0 0 2
451 3 1 1 1
452 0 0 0 2
453 1 1 0 0
454 0 0 0 0
455 1 0 0 1
456 0 1 1 0
457 2 0 0 0
458 0 2 1 1
459 1 0 0 0
460 3 1 0 1
461 1 0 0 0
462 1 1 0 1
463 0 0 1 2
464 0 1 0 1
465 0 1 1 1
466 1 1 0 1
467 1 0 0 1
468 0 0 1 0
469 1 1 0 1
470 0 0 0 1
471 0 1 1 1
472 1 1 0 1
473 1 0 0 2
474 0 0 1 0
475 0 0 0 2
476 1 0 0 2
477 2 1 0 0
478 5 1 0 0
479 1 0 0 0
480 2 0 0 0
481 3 1 0 1
482 1 1 1 1
483 1 2 1 1
484 3 0 0 0
485 0 1 1 0
486 0 2 0 1
487 2 2 0 2
488 2 0 1 1
489 0 1 1 1
490 2 1 0 3
491 1 0 1 1
492 1 1 1 2
493 0 1 1 2
494 1 0 0 1
495 1 0 0 1
496 1 1 0 1
497 1 2 0 1
498 0 0 0 2
499 2 2 0 1
500 2 0 1 1
501 0 0 0 0
502 4 1 0 0
503 3 1 0 3
504 2 2 1 3
505 4 1 1 0
506 3 0 0 0
507 3 0 2 1
508 3 0 0 1
509 1 1 0 3
510 5 2 1 0
511 0 2 2 4
512 3 4 1 0
513 1 2 2 1
514 1 0 2 3
515 2 4 0 2
516 1 0 1 4
517 1 2 2 3
518 4 0 0 4
519 3 0 3 4
520 2 1 0 1
521 1 0 0 2
522 2 1 1 2
523 0 2 0 3
524 3 2 1 2
525 3 3 0 0
526 3 0 1 3
527 1 3 0 1
528 1 0 0 3
529 2 2 0 3
530 1 1 0 1
531 2 1 0 4
532 1 0 1 0
533 0 2 1 2
534 1 2 2 1
535 0 1 2 0
536 3 1 0 1
537 3 0 1 3
538 2 0 0 2
539 1 0 2 4
540 1 1 0 1
541 2 2 1 2
542 5 0 1 0
543 1 1 0 1
544 2 1 0 2
545 2 0 0 1
546 3 3 0 2
547 1 1 1 1
548 1 0 0 2
549 2 0 1 0
550 1 1 1 3
551 3 3 2 1
552 1 0 1 0
553 6 2 1 2
554 5 1 0 2
555 2 3 0 5
556 3 0 3 0
557 1 1 0 0
558 2 2 3 1
559 4 2 2 5
560 0 1 1 5
561 1 1 0 1
562 1 3 1 1
563 0 1 1 3
564 2 3 0 1
565 0 2 0 6
566 0 1 0 4
567 1 1 1 2
568 2 2 0 3
569 1 0 1 2
570 3 0 0 2
571 1 0 0 1
572 1 0 0 2
573 0 1 1 1
574 2 0 0 1
575 4 1 0 1
576 1 0 2 0
577 2 1 0 2
578 0 1 0 0
579 1 1 1 1
580 0 2 3 1
581 0 1 0 0
582 1 0 2 1
583 0 0 1 1
584 0 1 0 6
585 0 1 0 0
586 1 0 0 3
587 0 0 1 1
588 1 0 0 1
589 1 0 0 3
590 0 0 0 0
591 0 0 0 0
592 0 0 0 0
593 0 1 0 0
594 0 1 0 1
595 0 1 0 0
596 0 0 0 0
597 0 0 0 0
598 1 0 0 0
599 1 0 0 0
600 0 0 0 2
601 0 0 0 1
602 0 0 0 0
603 0 1 0 0
604 1 0 0 0
605 0 0 0 0
606 1 0 0 0
607 0 0 0 1
608 0 0 1 0
609 0 0 0 0
610 0 0 0 0
611 0 2 0 0
612 0 0 0 1
613 0 0 0 0
614 0 0 0 0
615 0 0 0 1
616 0 0 0 0
617 0 0 0 0
618 0 0 0 1
619 0 0 0 0
620 0 0 0 0
621 0 0 0 0
622 0 0 0 0
623 1 0 0 0
624 0 0 0 0
625 0 0 0 0
626 0 0 0 0
627 0 0 0 0
628 0 0 0 0
629 0 0 0 0
630 0 0 0 0
631 0 0 0 0
632 0 1 0 0
633 0 0 0 0
634 0 0 0 0
635 0 0 0 0
636 0 0 0 0
637 0 0 0 0
638 0 0 0 0
639 0 0 0 1
640 0 0 0 0
641 0 0 0 0
642 0 0 0 0
643 0 0 0 0
644 0 0 0 0
645 0 0 0 0
646 0 0 0 0
647 0 0 0 0
648 0 0 0 0
649 0 0 0 0
650 0 0 0 0
651 0 0 0 0
652 0 0 0 0
653 0 0 0 0
654 0 0 0 0
655 0 0 0 0
656 0 0 0 0
657 0 0 0 0
658 0 0 0 0
659 0 0 0 0
660 0 0 0 0
661 0 0 0 0
662 0 0 0 0
663 0 0 0 0
664 0 0 0 0
665 0 0 0 0
666 0 0 0 0
667 0 0 0 0
668 0 0 0 0
669 0 0 0 0
670 0 0 0 0
671 0 0 0 0
672 0 0 0 0
673 0 0 0 0
674 0 0 0 0
675 0 0 0 0
676 0 0 0 0
677 0 0 0 0
678 0 0 0 0
679 0 0 0 0
680 0 0 0 0
681 0 0 0 0
682 0 0 0 0
683 0 0 0 0
684 0 0 0 0
685 0 0 0 0
686 0 0 0 0
687 0 0 0 0
688 0 0 0 0
689 0 0 0 0
690 0 0 0 0
691 0 0 0 0
692 0 0 0 0
693 0 0 0 0
694 0 0 0 0
695 0 0 0 0
696 0 0 0 0
697 0 0 0 0
698 0 0 0 0
699 0 0 0 0
700 0 0 0 0
701 0 0 0 0
702 0 0 0 0
703 0 0 0 0
704 0 0 0 0
705 0 0 0 0
706 0 0 0 0
707 0 0 0 0
708 0 0 0 0
709 0 0 0 0
710 0 0 0 0
711 0 0 0 0
712 0 0 0 0
713 0 0 0 0
714 0 0 0 0
715 0 0 0 0
716 0 0 0 0
717 0 0 0 0
718 0 0 0 0
719 0 0 0 0
720 0 0 0 0
721 0 0 0 0
722 0 0 0 0
723 0 0 0 0
724 0 0 0 0
725 0 0 0 0
726 0 0 0 0
727 0 0 0 0
