0 0 0 0 0
1 0 0 0 0
2 0 0 0 0
3 0 0 0 0
4 0 0 0 0
5 0 2 1 0
6 0 0 0 0
7 0 0 1 0
8 0 0 0 0
9 0 0 1 2
10 0 0 0 0
11 0 0 0 1
12 0 0 0 1
13 0 0 0 1
14 0 0 0 0
15 0 0 0 0
16 1 0 0 0
17 1 0 0 0
18 0 0 0 0
19 1 0 0 0
20 0 0 0 0
21 1 0 1 0
22 0 0 0 0
23 0 0 0 0
24 2 1 0 0
25 0 0 0 0
26 0 1 1 0
27 0 0 0 0
28 0 0 0 2
29 1 1 0 0
30 1 0 0 2
31 0 0 0 0
32 0 0 0 0
33 0 1 0 0
34 1 1 0 0
35 0 0 1 0
36 1 0 0 1
37 1 0 0 1
38 0 0 0 0
39 2 1 0 2
40 1 0 0 0
41 0 1 0 0
42 1 1 0 0
43 0 0 0 1
44 0 0 1 0
45 1 1 0 0
46 0 0 0 0
47 1 0 0 0
48 1 0 1 2
49 1 1 0 1
50 0 0 0 0
51 1 0 0 0
52 1 0 1 1
53 1 1 0 1
54 0 1 0 0
55 1 0 0 1
56 1 0 0 1
57 1 0 1 1
58 0 0 2 1
59 0 0 0 0
60 0 1 1 0
61 1 0 0 0
62 2 0 1 2
63 0 0 0 0
64 0 0 0 3
65 2 1 0 0
66 3 1 0 1
67 1 2 0 0
68 2 0 0 0
69 1 0 0 0
70 2 1 0 1
71 1 0 1 1
72 3 0 0 1
73 4 0 1 0
74 1 1 0 1
75 2 3 0 0
76 1 1 1 0
77 1 3 1 2
78 3 1 2 1
79 0 0 1 1
80 1 1 1 1
81 2 1 0 5
82 2 1 0 3
83 2 0 3 2
84 1 1 0 0
85 2 2 0 3
86 0 1 1 1
87 0 2 0 5
88 1 1 1 0
89 4 1 0 1
90 3 1 0 3
91 5 0 0 1
92 2 0 0 1
93 3 0 1 1
94 2 2 0 2
95 3 1 0 1
96 4 1 1 0
97 2 1 1 2
98 2 2 3 2
99 3 3 0 1
100 4 4 2 0
101 2 1 1 1
102 2 2 2 0
103 1 1 0 4
104 1 1 2 4
105 0 3 1 7
106 1 1 0 3
107 1 2 1 4
108 1 0 0 2
109 2 2 0 3
110 2 1 0 1
111 3 1 1 2
112 3 0 1 3
113 2 1 0 1
114 2 0 1 3
115 2 0 0 1
116 4 0 2 2
117 4 2 1 1
118 6 2 0 2
119 4 0 3 0
120 6 2 0 2
121 7 1 2 2
122 7 2 1 1
123 9 2 3 2
124 4 1 2 2
125 4 0 2 2
126 4 4 2 2
127 5 4 2 4
128 1 7 4 5
129 1 2 5 3
130 2 2 2 5
131 4 4 3 4
132 3 1 2 7
133 6 1 1 5
134 3 2 1 6
135 5 3 0 11
136 1 1 4 5
137 5 0 2 3
138 6 5 1 3
139 6 2 0 2
140 8 1 4 4
141 7 1 1 2
142 7 3 1 3
143 12 3 3 4
144 12 4 1 4
145 8 6 0 6
146 5 4 2 3
147 6 4 3 6
148 5 4 4 4
149 7 4 4 6
150 7 5 4 5
151 4 4 0 2
152 5 7 4 7
153 5 5 4 7
154 8 2 3 8
155 8 4 3 3
156 4 4 0 11
157 5 3 0 10
158 9 5 0 6
159 12 3 4 10
160 10 6 3 7
161 13 3 1 5
162 8 2 4 5
163 10 5 4 7
164 15 5 3 2
165 12 3 4 5
166 6 7 3 8
167 24 7 2 9
168 11 4 10 9
169 14 5 8 3
170 17 8 1 11
171 15 4 2 9
172 17 9 7 13
173 14 9 5 13
174 15 6 5 6
175 15 8 4 7
176 15 11 10 17
177 11 10 4 13
178 12 9 9 9
179 5 9 6 10
180 10 11 3 17
181 14 12 3 14
182 9 11 2 10
183 11 5 8 24
184 11 5 5 17
185 11 7 4 24
186 13 7 7 11
187 19 4 11 8
188 9 2 3 12
189 19 5 9 11
190 10 6 4 16
191 30 5 3 12
192 27 10 5 10
193 23 5 4 10
194 23 8 9 8
195 20 7 5 6
196 22 13 12 16
197 23 8 6 9
198 10 14 5 13
199 19 10 4 10
200 16 15 12 21
201 17 12 17 15
202 10 17 7 20
203 11 12 6 20
204 9 11 7 16
205 16 14 5 27
206 10 15 6 15
207 8 4 4 24
208 14 9 3 23
209 15 8 4 23
210 11 10 9 21
211 12 9 6 9
212 11 8 3 16
213 10 10 3 14
214 16 14 1 13
215 15 5 2 12
216 17 4 4 16
217 15 7 0 16
218 12 9 5 17
219 17 10 5 8
220 13 12 6 11
221 17 16 4 12
222 13 8 2 12
223 9 6 6 10
224 7 13 6 13
225 6 7 7 13
226 8 12 6 13
227 8 9 4 16
228 1 5 7 23
229 5 5 4 13
230 4 5 5 15
231 3 4 5 14
232 7 3 1 12
233 4 0 3 18
234 5 3 3 11
235 7 5 2 13
236 4 2 6 2
237 10 1 1 3
238 4 3 2 6
239 4 1 2 5
240 2 4 2 8
241 8 2 4 5
242 9 4 5 5
243 6 5 0 4
244 6 2 3 4
245 5 2 1 7
246 8 5 2 5
247 3 7 3 8
248 6 3 1 7
249 2 1 3 6
250 1 3 2 4
251 2 3 1 7
252 1 2 2 6
253 3 3 2 7
254 2 3 1 5
255 2 6 0 3
256 1 3 2 4
257 3 4 1 5
258 3 3 0 4
259 0 1 0 4
260 3 1 0 4
261 2 1 0 6
262 0 2 1 4
263 2 1 2 4
264 0 0 1 3
265 2 2 0 2
266 3 0 1 3
267 2 2 0 1
268 3 0 0 1
269 5 1 0 1
270 2 1 2 3
271 2 0 0 2
272 3 2 1 0
273 3 1 0 1
274 2 2 1 2
275 1 4 1 0
276 0 1 2 2
277 0 0 2 3
278 2 3 1 3
279 0 0 0 3
280 1 0 1 2
281 2 2 1 2
282 0 1 0 5
283 2 1 2 1
284 1 1 0 0
285 1 0 0 3
286 0 1 1 1
287 0 0 0 4
288 0 1 0 3
289 2 1 0 0
290 3 1 0 2
291 1 0 0 0
292 0 1 0 1
293 2 1 0 0
294 0 1 0 1
295 2 2 1 0
296 0 0 0 1
297 0 0 0 0
298 0 2 1 1
299 1 0 0 2
300 2 3 0 1
301 1 0 0 0
302 0 0 0 3
303 0 0 0 0
304 1 0 0 1
305 1 1 0 2
306 0 1 0 0
307 0 0 0 2
308 0 1 0 0
309 0 0 1 0
310 2 1 0 1
311 1 0 0 0
312 1 0 0 1
313 2 1 0 1
314 0 0 0 1
315 2 2 0 1
316 0 0 0 0
317 1 0 1 1
318 0 0 2 0
319 1 0 0 2
320 0 1 0 0
321 2 0 0 0
322 1 0 0 2
323 0 0 1 0
324 0 1 1 1
325 1 0 0 0
326 0 0 0 0
327 1 0 1 1
328 0 0 1 0
329 0 0 0 0
330 0 2 0 1
331 0 0 0 2
332 0 0 0 1
333 0 0 0 0
334 0 1 0 2
335 0 0 0 0
336 0 1 0 1
337 0 0 0 0
338 0 0 0 1
339 0 0 0 0
340 0 0 0 0
341 0 0 0 0
342 0 0 0 0
343 0 0 0 1
344 0 0 0 0
345 0 0 0 0
346 0 0 0 0
347 0 0 0 0
348 0 0 0 0
349 0 0 0 0
350 0 0 0 0
351 0 0 0 0
352 0 0 0 0
353 0 0 0 0
354 0 0 0 0
355 0 0 0 0
356 0 0 0 0
357 0 0 0 0
358 0 0 0 0
359 0 0 0 0
360 0 0 0 0
361 0 0 0 0
362 0 0 0 0
363 0 0 0 0
364 0 0 0 0
365 0 0 0 0
366 0 0 0 0
367 0 0 0 0
368 0 0 0 0
369 0 0 0 0
370 0 0 0 0
371 0 0 0 0
372 0 0 0 0
373 0 0 0 0
374 0 0 0 0
375 0 0 0 0
376 0 0 0 0
377 0 0 0 0
378 0 0 0 0
379 0 0 0 0
380 0 0 0 0
381 0 0 0 0
382 0 0 0 0
383 0 0 0 0
384 0 0 0 0
385 0 0 0 0
386 0 0 0 0
387 0 0 0 0
388 0 0 0 0
389 0 0 0 0
390 0 0 0 0
391 0 0 0 0
392 0 0 0 0
393 0 0 0 0
394 0 0 0 0
395 0 0 0 0
396 0 0 0 0
397 0 0 0 0
398 0 0 0 0
399 0 0 0 0
400 0 0 0 0
401 0 0 0 0
402 0 0 0 0
403 0 0 0 0
404 0 0 0 0
405 0 0 0 0
406 0 0 0 0
407 0 0 0 0
408 0 0 0 0
409 0 0 0 0
410 0 0 0 0
411 0 0 0 0
412 0 0 0 0
413 0 0 0 0
414 0 0 0 0
415 0 0 0 0
416 0 0 0 0
417 0 0 0 0
418 0 0 0 0
419 0 0 0 0
420 0 0 0 0
421 0 0 0 0
422 0 0 0 0
423 0 0 0 0
424 0 0 0 0
425 0 0 0 0
426 0 0 0 0
427 0 0 0 0
428 0 0 0 0
429 0 0 0 0
430 0 0 0 0
431 0 0 0 0
432 0 0 0 0
433 0 0 0 0
434 0 0 0 0
435 0 0 0 0
436 0 0 0 0
437 0 0 0 0
438 0 0 0 0
439 0 0 0 0
440 0 0 0 0
441 0 0 0 0
442 0 0 0 0
443 0 0 0 0
444 0 0 0 0
445 0 0 0 0
446 0 0 0 0
447 0 0 0 0
448 0 0 0 0
449 0 0 0 0
450 0 0 0 0
451 0 0 0 0
452 0 0 0 0
453 0 0 0 0
454 0 0 0 0
455 0 0 0 0
456 0 0 0 0
457 0 0 0 0
458 0 0 0 0
459 0 0 0 0
460 0 0 0 0
461 0 0 0 0
462 0 0 0 0
463 0 0 0 0
464 0 0 0 0
465 0 0 0 0
466 0 0 0 0
467 0 0 0 0
468 0 0 0 0
469 0 0 0 0
470 0 0 0 0
471 0 0 0 0
472 0 0 0 0
473 0 0 0 0
474 0 0 0 0
475 0 0 0 0
476 0 0 0 0
477 0 0 0 0
478 0 0 0 0
479 0 0 0 0
480 0 0 0 0
481 0 0 0 0
482 0 0 0 0
483 0 0 0 0
484 0 0 0 0
485 0 0 0 0
486 0 0 0 0
487 0 0 0 0
488 0 0 0 0
489 0 0 0 0
490 0 0 0 0
491 0 0 0 0
492 0 0 0 0
493 0 0 0 0
494 0 0 0 0
495 0 0 0 0
496 0 0 0 0
497 0 0 0 0
498 0 0 0 0
499 0 0 0 0
500 0 0 0 0
501 0 0 0 0
502 0 0 0 0
503 0 0 0 0
504 0 0 0 0
505 0 0 0 0
506 0 0 0 0
507 0 0 0 0
508 0 0 0 0
509 0 0 0 0
510 0 0 0 0
511 0 0 0 0
512 0 0 0 0
513 0 0 0 0
514 0 0 0 0
515 0 0 0 0
516 0 0 0 0
517 0 0 0 0
518 0 0 0 0
519 0 0 0 0
520 0 0 0 0
521 0 0 0 0
522 0 0 0 0
523 0 0 0 0
524 0 0 0 0
525 0 0 0 0
526 0 0 0 0
527 0 0 0 0
528 0 0 0 0
529 0 0 0 0
530 0 0 0 0
531 0 0 0 0
532 0 0 0 0
533 0 0 0 0
534 0 0 0 0
535 0 0 0 0
536 0 0 0 0
537 0 0 0 0
538 0 0 0 0
539 0 0 0 0
540 0 0 0 0
541 0 0 0 0
542 0 0 0 0
543 0 0 0 0
544 0 0 0 0
545 0 0 0 0
546 0 0 0 0
547 0 0 0 0
548 0 0 0 0
549 0 0 0 0
550 0 0 0 0
551 0 0 0 0
552 0 0 0 0
553 0 0 0 0
554 0 0 0 0
555 0 0 0 0
556 0 0 0 0
557 0 0 0 0
558 0 0 0 0
559 0 0 0 0
560 0 0 0 0
561 0 0 0 0
562 0 0 0 0
563 0 0 0 0
564 0 0 0 0
565 0 0 0 0
566 0 0 0 0
567 0 0 0 0
568 0 0 0 0
569 0 0 0 0
570 0 0 0 0
571 0 0 0 0
572 0 0 0 0
573 0 0 0 0
574 0 0 0 0
575 0 0 0 0
576 0 0 0 0
577 0 0 0 0
578 0 0 0 0
579 0 0 0 0
580 0 0 0 0
581 0 0 0 0
582 0 0 0 0
583 0 0 0 0
584 0 0 0 0
585 0 0 0 0
586 0 0 0 0
587 0 0 0 0
588 0 0 0 0
589 0 0 0 0
590 0 0 0 0
591 0 0 0 0
592 0 0 0 0
593 0 0 0 0
594 0 0 0 0
595 0 0 0 0
596 0 0 0 0
597 0 0 0 0
598 0 0 0 0
599 0 0 0 0
600 0 0 0 0
601 0 0 0 0
602 0 0 0 0
603 0 0 0 0
604 0 0 0 0
605 0 0 0 0
606 0 0 0 0
607 0 0 0 0
608 0 0 0 0
609 0 0 0 0
610 0 0 0 0
611 0 0 0 0
612 0 0 0 0
613 0 0 0 0
614 0 0 0 0
615 0 0 0 0
616 0 0 0 0
617 0 0 0 0
618 0 0 0 0
619 0 0 0 0
620 0 0 0 0
621 0 0 0 0
622 0 0 0 0
623 0 0 0 0
624 0 0 0 0
625 0 0 0 0
626 0 0 0 0
627 0 0 0 0
628 0 0 0 0
629 0 0 0 0
630 0 0 0 0
631 0 0 0 0
632 0 0 0 0
633 0 0 0 0
634 0 0 0 0
635 0 0 0 0
636 0 0 0 0
637 0 0 0 0
638 0 0 0 0
639 0 0 0 0
640 0 0 0 0
641 0 0 0 0
642 0 0 0 0
643 0 0 0 0
644 0 0 0 0
645 0 0 0 0
646 0 0 0 0
647 0 0 0 0
648 0 0 0 0
649 0 0 0 0
650 0 0 0 0
651 0 0 0 0
652 0 0 0 0
653 0 0 0 0
654 0 0 0 0
655 0 0 0 0
656 0 0 0 0
657 0 0 0 0
658 0 0 0 0
659 0 0 0 0
660 0 0 0 0
661 0 0 0 0
662 0 0 0 0
663 0 0 0 0
664 0 0 0 0
665 0 0 0 0
666 0 0 0 0
667 0 0 0 0
668 0 0 0 0
669 0 0 0 0
670 0 0 0 0
671 0 0 0 0
672 0 0 0 0
673 0 0 0 0
674 0 0 0 0
675 0 0 0 0
676 0 0 0 0
677 0 0 0 0
678 0 0 0 0
679 0 0 0 0
680 0 0 0 0
681 0 0 0 0
682 0 0 0 0
683 0 0 0 0
684 0 0 0 0
685 0 0 0 0
686 0 0 0 0
687 0 0 0 0
688 0 0 0 0
689 0 0 0 0
690 0 0 0 0
691 0 0 0 0
692 0 0 0 0
693 0 0 0 0
694 0 0 0 0
695 0 0 0 0
696 0 0 0 0
697 0 0 0 0
698 0 0 0 0
699 0 0 0 0
700 0 0 0 0
701 0 0 0 0
702 0 0 0 0
703 0 0 0 0
704 0 0 0 0
705 0 0 0 0
706 0 0 0 0
707 0 0 0 0
708 0 0 0 0
709 0 0 0 0
710 0 0 0 0
711 0 0 0 0
712 0 0 0 0
713 0 0 0 0
714 0 0 0 0
715 0 0 0 0
716 0 0 0 0
717 0 0 0 0
718 0 0 0 0
719 0 0 0 0
720 0 0 0 0
721 0 0 0 0
722 0 0 0 0
723 0 0 0 0
724 0 0 0 0
725 0 0 0 0
726 0 0 0 0
727 0 0 0 0
