0 0 0 0 0
1 0 0 0 0
2 0 0 0 0
3 0 0 0 0
4 0 0 0 0
5 0 1 2 0
6 0 0 0 0
7 1 0 0 0
8 0 0 0 0
9 0 0 2 2
10 0 0 0 0
11 0 0 0 0
12 0 0 0 1
13 0 0 1 2
14 0 0 0 0
15 0 0 0 0
16 1 0 0 0
17 1 0 0 1
18 0 0 0 0
19 0 0 0 0
20 0 0 0 0
21 1 0 1 0
22 0 0 1 0
23 0 0 0 0
24 1 0 0 0
25 0 0 0 0
26 0 0 1 0
27 0 0 0 0
28 1 0 0 1
29 1 1 0 1
30 0 0 0 0
31 0 0 0 0
32 0 0 0 0
33 0 0 1 2
34 1 0 0 0
35 1 0 0 0
36 2 0 0 0
37 0 0 0 1
38 1 1 0 0
39 1 0 0 0
40 2 1 0 0
41 1 0 1 0
42 1 0 0 1
43 0 1 0 0
44 1 0 0 1
45 0 3 0 1
46 0 1 0 0
47 0 0 1 1
48 2 1 0 0
49 0 0 0 2
50 0 0 0 1
51 0 1 0 1
52 0 1 0 2
53 0 1 0 0
54 0 0 0 0
55 1 0 0 1
56 1 0 0 1
57 0 1 0 0
58 1 0 0 0
59 1 0 0 0
60 1 0 0 1
61 3 0 0 0
62 0 0 0 0
63 2 0 0 0
64 1 1 0 1
65 1 0 1 0
66 3 1 1 0
67 1 0 1 0
68 1 1 1 0
69 2 0 1 1
70 1 2 0 1
71 1 1 0 2
72 1 2 0 1
73 1 0 1 1
74 0 0 2 1
75 0 0 3 2
76 1 0 0 2
77 1 1 1 1
78 2 1 0 1
79 1 0 0 2
80 1 1 0 1
81 3 0 0 3
82 4 0 1 2
83 1 1 0 0
84 4 1 0 1
85 3 0 1 1
86 1 1 1 0
87 5 2 1 1
88 3 0 0 1
89 3 1 1 2
90 3 3 1 2
91 1 2 0 2
92 3 3 2 0
93 3 5 1 0
94 4 1 1 1
95 3 2 1 1
96 1 2 0 5
97 3 0 1 6
98 3 0 2 3
99 3 2 1 3
100 3 2 1 4
101 4 1 1 1
102 5 3 1 4
103 4 2 2 4
104 2 3 0 2
105 3 1 1 2
106 1 2 1 3
107 1 1 2 2
108 2 0 4 1
109 4 0 1 3
110 2 2 1 4
111 4 2 1 4
112 2 0 0 3
113 1 3 0 2
114 1 5 0 3
115 4 0 2 2
116 1 2 1 1
117 6 2 0 2
118 5 2 0 5
119 7 0 1 2
120 3 2 1 5
121 2 0 1 4
122 6 2 2 1
123 4 3 1 0
124 7 3 2 3
125 4 2 1 1
126 4 1 2 2
127 4 3 1 4
128 6 5 2 3
129 4 3 1 6
130 6 2 1 2
131 6 4 2 5
132 2 3 2 4
133 5 5 3 5
134 4 2 3 4
135 5 0 3 7
136 7 2 1 4
137 5 4 1 7
138 6 3 1 5
139 3 2 4 5
140 4 3 5 4
141 6 3 3 4
142 9 4 3 2
143 6 5 3 3
144 4 4 1 10
145 3 4 0 5
146 8 1 1 10
147 6 4 2 9
148 8 0 2 5
149 10 1 3 2
150 6 3 3 1
151 4 6 2 7
152 2 4 3 5
153 15 4 2 2
154 4 2 5 4
155 6 2 4 6
156 8 3 1 6
157 14 2 3 6
158 8 8 8 6
159 12 2 3 8
160 9 3 3 5
161 6 7 0 7
162 6 6 3 11
163 12 4 1 6
164 12 3 3 7
165 6 2 5 9
166 11 9 3 5
167 6 2 5 5
168 11 3 6 7
169 11 5 4 8
170 10 4 2 9
171 11 4 4 8
172 15 7 4 10
173 12 12 3 9
174 9 8 2 4
175 13 8 6 6
176 12 5 6 12
177 11 7 9 11
178 10 8 4 12
179 8 4 4 11
180 14 5 6 13
181 14 4 7 12
182 10 4 2 11
183 14 2 5 11
184 14 5 5 14
185 13 8 4 12
186 15 4 9 8
187 18 6 4 10
188 14 7 4 10
189 18 12 5 6
190 15 8 7 12
191 24 10 4 11
192 23 11 6 14
193 19 12 5 8
194 13 9 4 14
195 22 13 4 12
196 19 15 3 22
197 14 10 8 13
198 13 13 8 14
199 10 8 8 18
200 15 14 7 21
201 20 11 6 21
202 14 10 5 16
203 18 6 4 15
204 19 13 8 13
205 17 11 7 23
206 16 12 8 14
207 8 8 7 17
208 10 11 3 14
209 10 14 6 18
210 11 9 7 19
211 8 10 6 22
212 11 6 6 14
213 4 10 4 19
214 15 10 5 16
215 9 8 5 14
216 13 4 3 16
217 16 5 4 14
218 16 1 3 17
219 7 10 5 10
220 8 4 2 7
221 11 7 4 9
222 7 11 3 11
223 6 7 5 8
224 5 8 6 10
225 6 7 4 8
226 3 8 3 14
227 13 7 6 9
228 14 1 4 10
229 3 3 2 14
230 6 3 4 14
231 4 2 2 16
232 5 10 3 10
233 2 4 3 6
234 4 4 2 6
235 2 3 3 5
236 2 5 0 9
237 2 7 3 7
238 6 2 1 5
239 5 1 2 10
240 1 3 0 7
241 8 3 0 5
242 1 1 1 5
243 5 3 2 4
244 3 0 4 7
245 5 1 1 2
246 3 2 3 3
247 4 1 2 6
248 5 2 3 4
249 3 1 2 2
250 0 2 2 4
251 5 0 2 5
252 2 1 4 2
253 3 0 0 6
254 3 5 2 3
255 3 2 0 4
256 2 3 0 1
257 0 5 1 2
258 1 3 1 5
259 2 0 0 6
260 3 3 1 1
261 1 1 1 8
262 2 0 1 3
263 0 2 1 2
264 0 0 1 2
265 1 2 0 1
266 2 0 0 0
267 3 0 2 5
268 2 2 0 4
269 2 2 0 1
270 3 0 1 0
271 2 1 1 1
272 1 1 2 4
273 0 1 1 0
274 0 1 1 1
275 3 1 0 3
276 1 0 2 1
277 1 0 1 3
278 1 1 0 2
279 2 2 0 3
280 1 1 2 2
281 2 0 0 1
282 0 0 0 1
283 1 0 0 0
284 1 2 1 2
285 2 1 1 1
286 1 1 1 2
287 0 0 0 1
288 2 0 1 2
289 4 0 1 1
290 0 2 0 2
291 0 0 1 1
292 1 0 2 1
293 0 1 0 0
294 0 2 2 0
295 2 0 0 2
296 0 0 0 2
297 0 1 1 3
298 1 0 0 1
299 3 0 0 1
300 0 0 0 0
301 1 0 0 5
302 0 0 0 0
303 0 0 0 0
304 0 3 1 0
305 1 0 0 0
306 0 0 1 0
307 2 1 0 0
308 0 0 1 1
309 0 0 0 0
310 0 0 0 0
311 1 0 0 4
312 1 0 1 0
313 0 0 0 1
314 0 1 0 0
315 0 0 0 1
316 0 2 0 1
317 0 1 0 0
318 1 0 0 1
319 0 0 0 0
320 0 0 0 0
321 0 0 0 2
322 1 0 0 0
323 0 0 1 1
324 0 0 0 0
325 0 0 0 0
326 0 0 0 0
327 0 0 1 0
328 0 0 0 0
329 0 0 0 0
330 0 0 0 1
331 0 0 0 0
332 0 0 0 0
333 0 0 0 0
334 0 0 0 1
335 0 0 0 0
336 0 0 0 0
337 0 0 0 0
338 0 0 0 0
339 0 0 0 0
340 0 0 0 0
341 0 0 0 0
342 0 0 0 0
343 0 0 0 0
344 0 0 0 0
345 0 0 0 0
346 0 0 0 0
347 0 0 0 0
348 0 0 0 0
349 0 0 0 0
350 0 0 0 0
351 0 0 0 0
352 0 0 0 0
353 0 0 0 0
354 0 0 0 0
355 0 0 0 0
356 0 0 0 0
357 0 0 0 0
358 0 0 0 0
359 0 0 0 0
360 0 0 0 0
361 0 0 0 0
362 0 0 0 0
363 0 0 0 0
364 0 0 0 0
365 0 0 0 0
366 0 0 0 0
367 0 0 0 0
368 0 0 0 0
369 0 0 0 0
370 0 0 0 0
371 0 0 0 0
372 0 0 0 0
373 0 0 0 0
374 0 0 0 0
375 0 0 0 0
376 0 0 0 0
377 0 0 0 0
378 0 0 0 0
379 0 0 0 0
380 0 0 0 0
381 0 0 0 0
382 0 0 0 0
383 0 0 0 0
384 0 0 0 0
385 0 0 0 0
386 0 0 0 0
387 0 0 0 0
388 0 0 0 0
389 0 0 0 0
390 0 0 0 0
391 0 0 0 0
392 0 0 0 0
393 0 0 0 0
394 0 0 0 0
395 0 0 0 0
396 0 0 0 0
397 0 0 0 0
398 0 0 0 0
399 0 0 0 0
400 0 0 0 0
401 0 0 0 0
402 0 0 0 0
403 0 0 0 0
404 0 0 0 0
405 0 0 0 0
406 0 0 0 0
407 0 0 0 0
408 0 0 0 0
409 0 0 0 0
410 0 0 0 0
411 0 0 0 0
412 0 0 0 0
413 0 0 0 0
414 0 0 0 0
415 0 0 0 0
416 0 0 0 0
417 0 0 0 0
418 0 0 0 0
419 0 0 0 0
420 0 0 0 0
421 0 0 0 0
422 0 0 0 0
423 0 0 0 0
424 0 0 0 0
425 0 0 0 0
426 0 0 0 0
427 0 0 0 0
428 0 0 0 0
429 0 0 0 0
430 0 0 0 0
431 0 0 0 0
432 0 0 0 0
433 0 0 0 0
434 0 0 0 0
435 0 0 0 0
436 0 0 0 0
437 0 0 0 0
438 0 0 0 0
439 0 0 0 0
440 0 0 0 0
441 0 0 0 0
442 0 0 0 0
443 0 0 0 0
444 0 0 0 0
445 0 0 0 0
446 0 0 0 0
447 0 0 0 0
448 0 0 0 0
449 0 0 0 0
450 0 0 0 0
451 0 0 0 0
452 0 0 0 0
453 0 0 0 0
454 0 0 0 0
455 0 0 0 0
456 0 0 0 0
457 0 0 0 0
458 0 0 0 0
459 0 0 0 0
460 0 0 0 0
461 0 0 0 0
462 0 0 0 0
463 0 0 0 0
464 0 0 0 0
465 0 0 0 0
466 0 0 0 0
467 0 0 0 0
468 0 0 0 0
469 0 0 0 0
470 0 0 0 0
471 0 0 0 0
472 0 0 0 0
473 0 0 0 0
474 0 0 0 0
475 0 0 0 0
476 0 0 0 0
477 0 0 0 0
478 0 0 0 0
479 0 0 0 0
480 0 0 0 0
481 0 0 0 0
482 0 0 0 0
483 0 0 0 0
484 0 0 0 0
485 0 0 0 0
486 0 0 0 0
487 0 0 0 0
488 0 0 0 0
489 0 0 0 0
490 0 0 0 0
491 0 0 0 0
492 0 0 0 0
493 0 0 0 0
494 0 0 0 0
495 0 0 0 0
496 0 0 0 0
497 0 0 0 0
498 0 0 0 0
499 0 0 0 0
500 0 0 0 0
501 0 0 0 0
502 0 0 0 0
503 0 0 0 0
504 0 0 0 0
505 0 0 0 0
506 0 0 0 0
507 0 0 0 0
508 0 0 0 0
509 0 0 0 0
510 0 0 0 0
511 0 0 0 0
512 0 0 0 0
513 0 0 0 0
514 0 0 0 0
515 0 0 0 0
516 0 0 0 0
517 0 0 0 0
518 0 0 0 0
519 0 0 0 0
520 0 0 0 0
521 0 0 0 0
522 0 0 0 0
523 0 0 0 0
524 0 0 0 0
525 0 0 0 0
526 0 0 0 0
527 0 0 0 0
528 0 0 0 0
529 0 0 0 0
530 0 0 0 0
531 0 0 0 0
532 0 0 0 0
533 0 0 0 0
534 0 0 0 0
535 0 0 0 0
536 0 0 0 0
537 0 0 0 0
538 0 0 0 0
539 0 0 0 0
540 0 0 0 0
541 0 0 0 0
542 0 0 0 0
543 0 0 0 0
544 0 0 0 0
545 0 0 0 0
546 0 0 0 0
547 0 0 0 0
548 0 0 0 0
549 0 0 0 0
550 0 0 0 0
551 0 0 0 0
552 0 0 0 0
553 0 0 0 0
554 0 0 0 0
555 0 0 0 0
556 0 0 0 0
557 0 0 0 0
558 0 0 0 0
559 0 0 0 0
560 0 0 0 0
561 0 0 0 0
562 0 0 0 0
563 0 0 0 0
564 0 0 0 0
565 0 0 0 0
566 0 0 0 0
567 0 0 0 0
568 0 0 0 0
569 0 0 0 0
570 0 0 0 0
571 0 0 0 0
572 0 0 0 0
573 0 0 0 0
574 0 0 0 0
575 0 0 0 0
576 0 0 0 0
577 0 0 0 0
578 0 0 0 0
579 0 0 0 0
580 0 0 0 0
581 0 0 0 0
582 0 0 0 0
583 0 0 0 0
584 0 0 0 0
585 0 0 0 0
586 0 0 0 0
587 0 0 0 0
588 0 0 0 0
589 0 0 0 0
590 0 0 0 0
591 0 0 0 0
592 0 0 0 0
593 0 0 0 0
594 0 0 0 0
595 0 0 0 0
596 0 0 0 0
597 0 0 0 0
598 0 0 0 0
599 0 0 0 0
600 0 0 0 0
601 0 0 0 0
602 0 0 0 0
603 0 0 0 0
604 0 0 0 0
605 0 0 0 0
606 0 0 0 0
607 0 0 0 0
608 0 0 0 0
609 0 0 0 0
610 0 0 0 0
611 0 0 0 0
612 0 0 0 0
613 0 0 0 0
614 0 0 0 0
615 0 0 0 0
616 0 0 0 0
617 0 0 0 0
618 0 0 0 0
619 0 0 0 0
620 0 0 0 0
621 0 0 0 0
622 0 0 0 0
623 0 0 0 0
624 0 0 0 0
625 0 0 0 0
626 0 0 0 0
627 0 0 0 0
628 0 0 0 0
629 0 0 0 0
630 0 0 0 0
631 0 0 0 0
632 0 0 0 0
633 0 0 0 0
634 0 0 0 0
635 0 0 0 0
636 0 0 0 0
637 0 0 0 0
638 0 0 0 0
639 0 0 0 0
640 0 0 0 0
641 0 0 0 0
642 0 0 0 0
643 0 0 0 0
644 0 0 0 0
645 0 0 0 0
646 0 0 0 0
647 0 0 0 0
648 0 0 0 0
649 0 0 0 0
650 0 0 0 0
651 0 0 0 0
652 0 0 0 0
653 0 0 0 0
654 0 0 0 0
655 0 0 0 0
656 0 0 0 0
657 0 0 0 0
658 0 0 0 0
659 0 0 0 0
660 0 0 0 0
661 0 0 0 0
662 0 0 0 0
663 0 0 0 0
664 0 0 0 0
665 0 0 0 0
666 0 0 0 0
667 0 0 0 0
668 0 0 0 0
669 0 0 0 0
670 0 0 0 0
671 0 0 0 0
672 0 0 0 0
673 0 0 0 0
674 0 0 0 0
675 0 0 0 0
676 0 0 0 0
677 0 0 0 0
678 0 0 0 0
679 0 0 0 0
680 0 0 0 0
681 0 0 0 0
682 0 0 0 0
683 0 0 0 0
684 0 0 0 0
685 0 0 0 0
686 0 0 0 0
687 0 0 0 0
688 0 0 0 0
689 0 0 0 0
690 0 0 0 0
691 0 0 0 0
692 0 0 0 0
693 0 0 0 0
694 0 0 0 0
695 0 0 0 0
696 0 0 0 0
697 0 0 0 0
698 0 0 0 0
699 0 0 0 0
700 0 0 0 0
701 0 0 0 0
702 0 0 0 0
703 0 0 0 0
704 0 0 0 0
705 0 0 0 0
706 0 0 0 0
707 0 0 0 0
708 0 0 0 0
709 0 0 0 0
710 0 0 0 0
711 0 0 0 0
712 0 0 0 0
713 0 0 0 0
714 0 0 0 0
715 0 0 0 0
716 0 0 0 0
717 0 0 0 0
718 0 0 0 0
719 0 0 0 0
720 0 0 0 0
721 0 0 0 0
722 0 0 0 0
723 0 0 0 0
724 0 0 0 0
725 0 0 0 0
726 0 0 0 0
727 0 0 0 0
