0 0 0 0 0
1 0 0 0 0
2 0 0 0 0
3 0 0 0 0
4 0 0 0 0
5 0 3 1 0
6 0 0 0 0
7 0 0 0 0
8 0 0 0 0
9 0 1 0 1
10 0 0 0 0
11 0 0 0 0
12 0 0 0 3
13 0 0 0 0
14 0 0 0 0
15 0 0 0 0
16 0 0 0 1
17 0 0 0 0
18 0 0 0 0
19 0 0 0 0
20 0 0 0 0
21 1 0 0 0
22 0 0 0 0
23 0 0 0 0
24 1 0 0 0
25 0 0 0 0
26 0 0 0 0
27 0 0 0 0
28 1 0 0 0
29 1 0 0 0
30 1 1 0 0
31 0 0 0 0
32 0 0 0 0
33 0 0 1 0
34 0 1 0 0
35 0 0 0 0
36 1 0 0 0
37 0 1 0 2
38 0 0 0 0
39 1 1 0 1
40 0 0 0 0
41 1 0 1 0
42 0 0 0 0
43 0 0 0 1
44 0 1 0 1
45 0 0 0 1
46 0 0 0 0
47 0 0 0 0
48 0 0 0 0
49 1 0 0 0
50 0 1 0 0
51 0 0 0 1
52 1 0 0 0
53 2 0 0 0
54 0 1 0 1
55 0 0 0 0
56 1 0 0 0
57 1 1 0 0
58 1 0 0 0
59 0 0 0 0
60 0 0 0 0
61 0 1 0 1
62 1 2 0 0
63 0 1 0 0
64 1 0 0 1
65 0 0 0 0
66 2 0 1 1
67 1 0 1 1
68 1 0 0 1
69 0 0 0 1
70 0 0 0 1
71 2 1 0 1
72 1 0 1 0
73 0 1 1 0
74 0 0 0 0
75 3 1 0 1
76 0 0 1 0
77 0 0 1 1
78 0 0 0 0
79 1 0 0 2
80 0 1 2 1
81 2 0 0 0
82 0 0 0 0
83 3 0 0 1
84 3 2 0 2
85 0 0 0 0
86 1 1 0 0
87 0 0 0 2
88 3 0 0 1
89 3 2 1 0
90 1 1 0 1
91 1 1 0 1
92 0 1 1 0
93 1 2 1 3
94 1 1 0 0
95 0 0 1 1
96 2 0 0 0
97 0 0 1 4
98 1 3 0 0
99 1 0 1 3
100 1 1 0 0
101 2 0 0 2
102 0 0 0 3
103 2 0 1 0
104 0 1 0 0
105 0 2 1 0
106 1 0 1 1
107 0 0 0 2
108 1 1 0 1
109 1 0 0 1
110 1 1 0 1
111 2 0 0 0
112 0 1 1 2
113 0 0 0 0
114 0 0 0 0
115 2 0 1 1
116 1 0 0 1
117 1 0 1 1
118 1 1 0 0
119 0 0 0 1
120 0 2 0 1
121 0 0 0 0
122 0 0 0 0
123 1 1 0 1
124 0 2 0 2
125 3 0 1 1
126 2 0 1 0
127 3 0 0 0
128 0 1 0 1
129 2 0 0 0
130 0 0 1 2
131 2 1 0 1
132 3 0 2 1
133 0 0 0 0
134 3 2 0 0
135 1 0 1 1
136 1 2 0 2
137 0 1 1 1
138 1 1 1 1
139 0 2 0 1
140 2 1 1 2
141 2 0 2 3
142 0 0 0 2
143 3 0 2 0
144 2 0 0 1
145 0 0 1 0
146 1 1 0 2
147 1 0 0 3
148 2 1 0 2
149 2 0 2 1
150 4 1 0 1
151 5 0 0 0
152 3 2 1 1
153 2 1 0 3
154 2 0 1 1
155 2 2 2 0
156 6 1 2 1
157 4 3 0 0
158 6 0 2 0
159 3 1 0 4
160 2 3 1 3
161 1 2 4 1
162 1 2 0 3
163 1 3 1 2
164 5 3 0 5
165 0 0 2 5
166 0 2 2 2
167 1 1 5 5
168 3 1 0 5
169 3 2 2 0
170 4 0 0 5
171 4 0 0 4
172 4 1 0 1
173 4 2 2 4
174 3 0 3 1
175 5 2 0 1
176 5 1 1 2
177 6 1 3 1
178 1 1 0 1
179 9 4 1 1
180 4 2 1 5
181 2 3 0 5
182 5 1 4 2
183 5 0 1 2
184 6 4 4 1
185 2 4 1 4
186 4 3 3 7
187 5 3 1 2
188 4 5 4 8
189 4 3 0 4
190 6 1 0 3
191 3 3 1 1
192 4 2 1 10
193 1 2 2 6
194 2 3 1 4
195 5 3 2 3
196 5 3 4 1
197 5 4 1 2
198 3 2 1 7
199 6 1 2 6
200 6 3 1 3
201 6 3 2 6
202 9 1 1 4
203 7 1 2 5
204 0 1 2 3
205 6 3 3 6
206 5 1 2 1
207 8 4 5 3
208 7 3 4 5
209 2 0 1 4
210 1 8 0 3
211 7 6 1 4
212 4 4 4 6
213 3 2 1 2
214 5 4 2 12
215 5 2 0 8
216 8 5 2 6
217 3 3 3 4
218 2 1 1 3
219 2 0 2 4
220 5 4 1 5
221 6 4 3 9
222 4 0 1 2
223 2 3 0 4
224 3 5 3 5
225 2 3 1 8
226 4 3 4 2
227 1 2 1 2
228 2 2 0 7
229 1 2 0 1
230 1 2 0 5
231 4 3 3 4
232 2 0 1 5
233 2 3 1 4
234 0 1 1 1
235 4 0 1 3
236 1 0 3 3
237 6 0 2 2
238 0 1 0 5
239 6 1 0 0
240 3 2 0 5
241 1 0 1 2
242 2 3 3 1
243 2 0 0 2
244 3 6 1 3
245 3 0 3 1
246 3 0 1 6
247 2 1 0 0
248 3 1 2 4
249 1 2 0 3
250 1 2 0 1
251 0 0 1 4
252 0 2 0 1
253 3 2 2 1
254 1 0 3 2
255 0 2 2 3
256 1 1 0 2
257 0 1 0 2
258 1 0 1 3
259 0 0 1 2
260 0 0 0 3
261 0 1 0 0
262 1 1 1 3
263 0 0 0 2
264 0 0 0 1
265 0 0 0 2
266 0 0 0 0
267 3 1 1 0
268 1 0 0 0
269 2 0 0 2
270 1 0 0 0
271 0 0 0 1
272 2 1 0 0
273 1 1 0 0
274 0 2 0 1
275 0 0 0 0
276 1 2 0 1
277 0 0 1 1
278 1 1 0 0
279 1 0 1 0
280 0 0 0 0
281 1 1 0 4
282 0 0 0 0
283 0 0 0 2
284 0 0 0 0
285 0 0 1 1
286 0 1 0 0
287 0 1 0 0
288 0 0 1 1
289 0 0 0 0
290 1 0 0 0
291 2 0 0 0
292 0 0 0 1
293 0 0 0 1
294 1 0 0 1
295 0 0 0 1
296 0 1 0 0
297 0 0 0 0
298 0 0 0 0
299 0 1 0 0
300 0 1 0 0
301 0 0 0 0
302 0 0 0 0
303 0 1 0 2
304 1 0 0 0
305 0 0 0 0
306 0 0 0 0
307 1 0 0 2
308 0 0 0 0
309 0 0 0 0
310 0 0 0 0
311 0 0 0 0
312 0 0 0 0
313 0 1 0 0
314 1 0 0 0
315 0 0 0 0
316 0 0 1 0
317 0 0 0 1
318 0 0 0 0
319 0 0 0 0
320 0 0 0 1
321 0 0 0 0
322 0 0 0 0
323 0 1 0 0
324 0 0 0 0
325 0 0 0 0
326 1 0 0 0
327 0 0 0 1
328 0 0 0 0
329 0 0 0 0
330 0 0 0 0
331 0 0 0 0
332 0 0 0 0
333 0 0 0 0
334 0 0 0 0
335 0 0 1 0
336 0 0 0 0
337 0 0 0 0
338 0 0 0 0
339 0 0 0 0
340 0 0 0 0
341 0 0 0 0
342 0 0 0 1
343 0 0 0 0
344 0 0 0 0
345 0 0 0 0
346 0 0 0 0
347 0 0 0 0
348 0 0 0 0
349 0 0 0 0
350 0 0 0 0
351 0 0 0 0
352 0 0 0 0
353 0 0 0 0
354 0 0 0 0
355 0 0 0 0
356 0 0 0 0
357 0 0 0 0
358 0 0 0 0
359 1 0 0 0
360 0 0 0 0
361 0 0 0 0
362 0 0 0 0
363 0 0 0 0
364 0 1 0 0
365 0 0 0 0
366 0 0 0 0
367 0 0 0 0
368 0 0 0 0
369 0 0 0 0
370 0 0 0 0
371 0 0 0 1
372 0 0 0 0
373 0 0 0 0
374 0 0 0 0
375 0 0 0 0
376 0 0 0 0
377 1 0 0 0
378 0 0 0 0
379 0 0 0 0
380 0 0 0 0
381 1 0 0 0
382 0 0 1 0
383 0 0 0 0
384 0 0 0 0
385 0 0 0 0
386 0 0 0 1
387 1 0 0 0
388 0 0 0 0
389 0 0 0 0
390 0 0 1 0
391 0 0 0 0
392 0 0 0 0
393 1 0 0 0
394 0 0 0 1
395 0 0 0 0
396 0 1 0 0
397 0 0 0 0
398 0 1 0 0
399 0 0 0 0
400 0 0 0 1
401 0 0 0 0
402 1 0 0 0
403 1 0 0 0
404 1 0 0 0
405 1 0 0 1
406 0 0 0 0
407 0 0 1 0
408 0 1 0 0
409 0 0 0 0
410 0 0 0 0
411 0 0 0 0
412 0 0 0 0
413 0 0 1 0
414 0 1 0 1
415 0 0 0 1
416 0 0 0 0
417 0 0 0 0
418 0 0 0 0
419 0 0 0 0
420 1 0 0 1
421 0 0 0 1
422 0 0 0 0
423 0 0 0 0
424 1 0 0 0
425 1 0 0 0
426 0 0 0 0
427 3 0 0 0
428 2 0 0 0
429 2 0 1 0
430 0 1 0 0
431 2 0 0 0
432 1 1 2 0
433 1 1 2 1
434 1 1 1 1
435 0 0 0 0
436 0 2 0 3
437 0 0 1 1
438 0 0 0 0
439 0 0 0 1
440 2 0 0 1
441 0 0 0 3
442 0 1 0 0
443 1 1 0 2
444 0 0 0 0
445 0 1 0 0
446 1 0 0 1
447 0 0 0 1
448 2 0 0 0
449 1 0 1 0
450 2 0 0 0
451 2 0 0 1
452 0 0 1 0
453 0 1 0 0
454 1 0 0 0
455 1 3 1 0
456 0 1 1 2
457 1 1 0 0
458 1 0 0 0
459 3 1 0 3
460 2 0 0 1
461 0 0 0 0
462 2 0 0 1
463 1 0 0 2
464 2 2 0 1
465 0 0 0 0
466 0 1 0 1
467 0 1 1 0
468 0 2 0 2
469 2 3 1 0
470 0 0 0 1
471 2 1 0 2
472 0 1 0 2
473 2 0 0 0
474 5 0 0 1
475 3 0 0 1
476 5 1 1 3
477 0 0 0 0
478 1 2 1 0
479 2 2 0 1
480 0 1 1 2
481 0 0 1 0
482 1 1 0 1
483 1 1 2 1
484 1 1 1 1
485 0 2 2 2
486 0 0 0 1
487 2 1 0 1
488 1 0 2 3
489 1 1 0 2
490 1 0 0 3
491 0 1 0 1
492 4 0 0 4
493 4 0 0 1
494 6 1 0 0
495 2 0 1 1
496 2 1 1 0
497 3 3 1 0
498 4 1 2 1
499 4 0 4 1
500 4 0 1 2
501 6 1 1 3
502 7 4 0 0
503 3 4 0 1
504 4 3 0 2
505 4 2 4 5
506 3 3 1 3
507 4 3 1 4
508 1 1 2 1
509 3 1 2 7
510 3 3 1 4
511 4 2 2 4
512 4 4 1 3
513 3 1 1 4
514 5 3 0 3
515 4 1 3 4
516 9 1 2 5
517 4 1 2 3
518 8 3 0 5
519 6 4 0 5
520 5 2 1 1
521 4 2 3 4
522 5 3 2 2
523 6 4 3 5
524 6 3 5 3
525 6 6 6 4
526 7 2 2 3
527 6 1 3 4
528 9 1 2 10
529 9 1 2 8
530 12 4 2 5
531 12 3 2 4
532 5 3 4 7
533 5 3 3 4
534 11 4 3 4
535 8 4 5 4
536 8 4 7 6
537 7 3 5 9
538 6 1 6 4
539 12 5 7 8
540 10 7 4 8
541 8 7 2 9
542 4 2 5 7
543 6 4 4 10
544 7 6 4 11
545 6 7 3 8
546 11 2 2 8
547 11 2 2 8
548 7 3 5 10
549 12 5 2 9
550 15 6 3 8
551 15 3 3 7
552 16 6 3 11
553 11 4 4 5
554 21 4 3 5
555 15 6 11 6
556 22 7 2 6
557 13 10 2 8
558 15 12 5 7
559 15 10 9 16
560 13 12 3 8
561 11 9 3 7
562 9 10 4 18
563 11 7 6 18
564 7 10 6 16
565 14 12 7 12
566 8 7 3 13
567 10 10 7 15
568 10 9 5 14
569 7 9 3 13
570 15 7 4 12
571 8 5 3 18
572 11 5 3 17
573 11 4 6 11
574 6 8 4 17
575 8 8 4 11
576 8 7 4 10
577 11 7 2 8
578 8 3 6 17
579 9 7 3 8
580 7 4 2 11
581 3 6 2 7
582 12 6 5 11
583 5 5 0 7
584 7 4 8 7
585 7 5 0 9
586 6 7 1 11
587 7 9 2 2
588 8 2 1 13
589 7 9 3 9
590 4 0 3 6
591 5 7 2 12
592 6 8 1 5
593 5 4 4 11
594 3 2 3 8
595 2 6 0 7
596 3 2 2 12
597 5 2 4 4
598 3 3 2 7
599 2 3 1 6
600 1 3 1 6
601 3 1 5 5
602 3 1 3 5
603 4 0 1 3
604 5 3 0 4
605 3 2 0 8
606 5 3 4 3
607 6 3 2 2
608 3 4 0 4
609 3 0 1 5
610 2 0 0 6
611 4 2 2 1
612 2 2 1 1
613 0 4 2 3
614 1 3 0 4
615 0 3 0 4
616 0 2 3 3
617 0 2 1 2
618 1 1 1 2
619 3 0 0 3
620 2 1 1 8
621 1 0 1 5
622 2 0 0 2
623 0 1 0 1
624 2 1 1 2
625 1 1 1 2
626 1 0 0 0
627 0 1 1 2
628 2 0 1 1
629 2 1 1 1
630 2 0 1 0
631 1 1 1 2
632 1 0 0 2
633 2 0 2 2
634 0 2 0 1
635 0 0 0 2
636 1 1 0 0
637 0 0 1 1
638 2 0 1 2
639 0 2 0 0
640 1 1 0 1
641 1 1 0 2
642 0 0 1 1
643 1 1 1 1
644 1 0 0 1
645 2 0 0 0
646 0 1 0 3
647 1 0 0 2
648 0 0 0 0
649 1 1 1 0
650 0 0 0 2
651 1 0 0 0
652 0 1 0 0
653 0 0 0 1
654 1 2 0 0
655 1 0 0 0
656 0 1 1 2
657 1 0 0 0
658 0 1 0 2
659 1 1 0 0
660 1 0 0 2
661 2 0 0 0
662 1 1 0 1
663 0 0 0 1
664 1 0 1 0
665 1 0 1 0
666 1 1 0 1
667 1 1 0 0
668 1 1 0 1
669 0 1 0 1
670 1 1 1 0
671 0 0 0 1
672 0 1 0 0
673 0 1 0 2
674 1 0 0 2
675 0 1 0 0
676 0 0 0 1
677 0 0 0 1
678 0 0 0 0
679 0 1 0 1
680 0 0 0 1
681 0 0 0 0
682 1 0 0 0
683 0 0 1 1
684 0 0 0 0
685 1 0 0 0
686 0 0 0 0
687 0 0 0 0
688 0 0 0 0
689 0 0 0 0
690 0 1 0 1
691 0 1 0 0
692 0 0 0 0
693 0 0 0 0
694 0 0 0 0
695 0 0 0 0
696 0 0 0 0
697 0 0 0 1
698 0 0 0 1
699 0 0 0 0
700 0 0 0 0
701 0 0 0 0
702 0 0 0 0
703 0 0 0 0
704 0 0 0 0
705 0 0 0 0
706 0 0 0 0
707 0 0 0 0
708 0 0 0 0
709 0 0 0 0
710 0 0 0 0
711 0 0 0 0
712 0 0 0 0
713 0 0 0 0
714 0 0 0 0
715 0 0 0 0
716 0 0 0 0
717 0 0 0 0
718 0 0 0 0
719 0 0 0 0
720 0 0 0 0
721 0 0 0 0
722 0 0 0 0
723 0 0 0 0
724 0 0 0 0
725 0 0 0 0
726 0 0 0 0
727 0 0 0 0
