0 0 0 0 0
1 0 0 0 0
2 0 0 0 0
3 0 0 0 0
4 0 0 0 0
5 0 2 1 0
6 0 0 0 0
7 0 0 0 0
8 0 0 1 0
9 0 0 1 2
10 0 0 0 0
11 0 0 0 0
12 0 0 0 1
13 0 0 0 1
14 0 0 0 0
15 0 0 0 1
16 0 0 0 0
17 0 0 0 0
18 0 0 0 0
19 1 0 0 0
20 1 0 0 0
21 2 0 0 0
22 0 0 0 0
23 0 0 0 0
24 1 0 0 0
25 0 0 0 0
26 2 1 0 0
27 2 0 0 0
28 1 1 0 0
29 1 2 0 0
30 1 0 1 1
31 1 1 0 0
32 0 0 0 1
33 2 1 0 2
34 0 0 1 0
35 1 1 0 0
36 1 1 1 0
37 1 0 0 2
38 0 0 1 2
39 1 1 0 1
40 1 0 1 1
41 2 0 0 0
42 0 0 1 1
43 2 0 0 2
44 1 1 0 1
45 5 0 2 0
46 3 1 1 0
47 2 0 0 0
48 2 0 2 0
49 3 1 0 3
50 3 2 2 1
51 2 1 1 1
52 0 3 0 1
53 3 3 0 3
54 2 2 2 2
55 1 1 3 1
56 1 0 0 3
57 3 0 0 4
58 4 1 1 3
59 5 0 0 2
60 2 1 2 1
61 1 0 0 2
62 0 2 1 3
63 1 0 2 0
64 1 2 2 2
65 2 1 0 1
66 1 2 0 2
67 5 0 2 2
68 2 2 2 3
69 5 1 2 1
70 2 0 0 2
71 3 0 1 3
72 4 3 0 3
73 4 2 0 3
74 6 5 1 1
75 2 1 0 2
76 5 3 1 2
77 2 2 0 2
78 2 0 2 4
79 2 2 1 1
80 1 2 0 3
81 7 2 4 4
82 4 3 2 1
83 5 3 1 3
84 6 2 1 1
85 3 2 0 7
86 3 4 2 4
87 3 3 1 3
88 7 1 3 2
89 3 1 2 3
90 6 1 1 8
91 2 3 1 5
92 5 2 1 4
93 7 4 3 2
94 6 3 4 1
95 7 2 2 4
96 7 1 1 4
97 5 4 3 4
98 8 1 1 5
99 4 2 3 3
100 9 3 2 4
101 5 1 1 5
102 5 5 4 4
103 8 2 5 5
104 4 4 1 9
105 7 5 6 2
106 9 1 1 6
107 8 4 2 5
108 5 7 3 3
109 6 4 2 12
110 5 5 1 4
111 8 1 7 5
112 9 5 2 11
113 10 2 1 7
114 7 4 5 8
115 9 5 2 8
116 9 3 2 4
117 8 6 1 3
118 8 3 2 12
119 5 5 2 8
120 5 6 3 3
121 12 5 3 3
122 5 6 7 5
123 15 4 1 9
124 10 4 3 7
125 10 4 3 6
126 12 9 2 6
127 7 8 2 11
128 5 9 0 7
129 3 5 3 13
130 10 7 2 6
131 7 5 4 12
132 7 6 5 11
133 12 3 3 10
134 9 4 2 8
135 10 4 5 7
136 13 4 4 9
137 15 4 2 9
138 10 1 4 5
139 15 5 6 7
140 14 4 3 6
141 11 7 4 8
142 16 12 7 8
143 17 2 3 11
144 15 6 8 4
145 11 7 7 8
146 12 7 4 14
147 18 8 8 7
148 19 9 7 14
149 13 8 6 15
150 19 5 5 10
151 26 7 7 19
152 20 10 9 12
153 24 8 11 11
154 18 7 6 9
155 18 9 6 18
156 24 16 8 12
157 18 10 6 13
158 23 6 3 15
159 15 13 4 20
160 17 12 8 20
161 30 22 8 18
162 25 14 17 10
163 22 15 6 20
164 19 15 2 20
165 26 10 6 20
166 22 12 13 30
167 24 10 13 18
168 28 13 7 24
169 24 13 5 23
170 21 14 10 22
171 19 14 11 19
172 21 14 9 15
173 25 9 16 23
174 21 12 12 19
175 22 12 11 24
176 35 11 10 21
177 32 15 10 23
178 35 20 6 22
179 33 18 7 29
180 37 9 15 24
181 27 13 9 22
182 33 9 11 23
183 30 12 16 23
184 26 20 6 34
185 26 22 22 24
186 26 17 12 23
187 34 15 14 25
188 30 21 12 15
189 33 22 12 29
190 26 22 9 27
191 35 17 15 32
192 34 16 11 42
193 37 13 13 32
194 31 15 10 31
195 34 20 9 29
196 31 25 15 23
197 28 20 14 29
198 31 24 15 30
199 30 19 9 35
200 34 13 15 32
201 29 18 10 30
202 20 24 9 32
203 29 16 8 39
204 24 24 13 35
205 31 26 10 34
206 22 21 10 28
207 17 20 10 27
208 23 15 9 35
209 24 22 7 38
210 21 17 10 27
211 17 9 10 24
212 24 16 9 30
213 15 13 11 26
214 17 16 11 38
215 7 15 9 20
216 17 10 13 23
217 15 13 8 26
218 22 9 4 27
219 19 11 7 29
220 14 8 4 15
221 17 11 12 24
222 10 13 4 17
223 14 15 5 24
224 7 8 6 14
225 14 9 4 14
226 16 13 6 19
227 11 10 5 18
228 10 10 3 23
229 11 8 2 11
230 10 9 5 18
231 7 6 3 12
232 6 8 6 11
233 9 7 2 16
234 10 7 4 14
235 10 15 1 14
236 7 8 4 13
237 6 4 3 12
238 4 6 4 14
239 6 5 1 15
240 6 7 0 14
241 5 5 4 5
242 6 4 3 9
243 8 7 3 5
244 5 6 2 10
245 6 5 2 9
246 6 3 3 9
247 6 2 1 4
248 5 6 2 6
249 3 4 1 5
250 4 2 2 8
251 6 4 3 10
252 6 2 2 6
253 2 3 2 7
254 2 2 1 4
255 1 2 3 10
256 0 2 3 3
257 3 1 4 4
258 2 6 0 5
259 2 1 2 5
260 1 2 2 7
261 0 1 2 4
262 4 0 2 5
263 2 1 2 2
264 3 0 2 4
265 1 0 1 5
266 0 1 0 3
267 4 1 0 2
268 2 2 1 2
269 2 1 1 3
270 1 1 0 3
271 3 2 1 1
272 4 2 0 1
273 2 1 1 2
274 1 1 1 1
275 2 0 1 2
276 2 2 1 2
277 0 3 2 2
278 0 1 1 3
279 1 1 0 3
280 2 0 1 2
281 1 2 0 2
282 0 1 1 0
283 0 0 0 4
284 1 0 1 4
285 1 0 2 2
286 0 1 0 0
287 0 0 0 1
288 0 1 0 2
289 1 1 0 4
290 1 0 1 1
291 1 0 0 0
292 0 0 0 1
293 1 0 0 0
294 2 0 0 0
295 2 0 0 0
296 0 1 0 1
297 2 0 0 1
298 1 2 1 0
299 0 0 2 0
300 0 0 1 0
301 0 0 0 0
302 0 1 1 0
303 0 0 0 1
304 2 1 0 0
305 1 0 0 3
306 0 0 0 3
307 0 1 0 1
308 0 0 0 1
309 0 0 2 1
310 1 0 1 0
311 0 0 0 1
312 0 0 0 0
313 1 0 0 1
314 0 0 0 0
315 1 0 0 0
316 2 0 0 1
317 0 0 0 1
318 0 0 0 0
319 0 0 1 0
320 0 0 0 0
321 1 0 1 0
322 0 0 1 0
323 0 0 0 0
324 0 0 1 0
325 0 0 1 1
326 0 0 0 1
327 0 0 0 0
328 0 0 0 1
329 0 0 0 0
330 0 1 0 1
331 0 0 0 0
332 0 0 0 1
333 0 0 0 0
334 0 0 0 0
335 0 0 0 0
336 0 0 0 0
337 0 0 0 1
338 0 0 0 0
339 0 0 0 0
340 0 0 0 0
341 0 0 0 0
342 0 0 0 0
343 0 0 0 0
344 0 0 0 0
345 0 0 0 0
346 0 0 0 0
347 0 0 0 0
348 0 0 0 0
349 0 0 0 0
350 0 0 0 0
351 0 0 0 0
352 0 0 0 0
353 0 0 0 0
354 0 0 0 0
355 0 0 0 0
356 0 0 0 0
357 0 0 0 0
358 0 0 0 0
359 0 0 0 0
360 0 0 0 0
361 0 0 0 0
362 0 0 0 0
363 0 0 0 0
364 0 0 0 0
365 0 0 0 0
366 0 0 0 0
367 0 0 0 0
368 0 0 0 0
369 0 0 0 0
370 0 0 0 0
371 0 0 0 0
372 0 0 0 0
373 0 0 0 0
374 0 0 0 0
375 0 0 0 0
376 0 0 0 0
377 0 0 0 0
378 0 0 0 0
379 0 0 0 0
380 0 0 0 0
381 0 0 0 0
382 0 0 0 0
383 0 0 0 0
384 0 0 0 0
385 0 0 0 0
386 0 0 0 0
387 0 0 0 0
388 0 0 0 0
389 0 0 0 0
390 0 0 0 0
391 0 0 0 0
392 0 0 0 0
393 0 0 0 0
394 0 0 0 0
395 0 0 0 0
396 0 0 0 0
397 0 0 0 0
398 0 0 0 0
399 0 0 0 0
400 0 0 0 0
401 0 0 0 0
402 0 0 0 0
403 0 0 0 0
404 0 0 0 0
405 0 0 0 0
406 0 0 0 0
407 0 0 0 0
408 0 0 0 0
409 0 0 0 0
410 0 0 0 0
411 0 0 0 0
412 0 0 0 0
413 0 0 0 0
414 0 0 0 0
415 0 0 0 0
416 0 0 0 0
417 0 0 0 0
418 0 0 0 0
419 0 0 0 0
420 0 0 0 0
421 0 0 0 0
422 0 0 0 0
423 0 0 0 0
424 0 0 0 0
425 0 0 0 0
426 0 0 0 0
427 0 0 0 0
428 0 0 0 0
429 0 0 0 0
430 0 0 0 0
431 0 0 0 0
432 0 0 0 0
433 0 0 0 0
434 0 0 0 0
435 0 0 0 0
436 0 0 0 0
437 0 0 0 0
438 0 0 0 0
439 0 0 0 0
440 0 0 0 0
441 0 0 0 0
442 0 0 0 0
443 0 0 0 0
444 0 0 0 0
445 0 0 0 0
446 0 0 0 0
447 0 0 0 0
448 0 0 0 0
449 0 0 0 0
450 0 0 0 0
451 0 0 0 0
452 0 0 0 0
453 0 0 0 0
454 0 0 0 0
455 0 0 0 0
456 0 0 0 0
457 0 0 0 0
458 0 0 0 0
459 0 0 0 0
460 0 0 0 0
461 0 0 0 0
462 0 0 0 0
463 0 0 0 0
464 0 0 0 0
465 0 0 0 0
466 0 0 0 0
467 0 0 0 0
468 0 0 0 0
469 0 0 0 0
470 0 0 0 0
471 0 0 0 0
472 0 0 0 0
473 0 0 0 0
474 0 0 0 0
475 0 0 0 0
476 0 0 0 0
477 0 0 0 0
478 0 0 0 0
479 0 0 0 0
480 0 0 0 0
481 0 0 0 0
482 0 0 0 0
483 0 0 0 0
484 0 0 0 0
485 0 0 0 0
486 0 0 0 0
487 0 0 0 0
488 0 0 0 0
489 0 0 0 0
490 0 0 0 0
491 0 0 0 0
492 0 0 0 0
493 0 0 0 0
494 0 0 0 0
495 0 0 0 0
496 0 0 0 0
497 0 0 0 0
498 0 0 0 0
499 0 0 0 0
500 0 0 0 0
501 0 0 0 0
502 0 0 0 0
503 0 0 0 0
504 0 0 0 0
505 0 0 0 0
506 0 0 0 0
507 0 0 0 0
508 0 0 0 0
509 0 0 0 0
510 0 0 0 0
511 0 0 0 0
512 0 0 0 0
513 0 0 0 0
514 0 0 0 0
515 0 0 0 0
516 0 0 0 0
517 0 0 0 0
518 0 0 0 0
519 0 0 0 0
520 0 0 0 0
521 0 0 0 0
522 0 0 0 0
523 0 0 0 0
524 0 0 0 0
525 0 0 0 0
526 0 0 0 0
527 0 0 0 0
528 0 0 0 0
529 0 0 0 0
530 0 0 0 0
531 0 0 0 0
532 0 0 0 0
533 0 0 0 0
534 0 0 0 0
535 0 0 0 0
536 0 0 0 0
537 0 0 0 0
538 0 0 0 0
539 0 0 0 0
540 0 0 0 0
541 0 0 0 0
542 0 0 0 0
543 0 0 0 0
544 0 0 0 0
545 0 0 0 0
546 0 0 0 0
547 0 0 0 0
548 0 0 0 0
549 0 0 0 0
550 0 0 0 0
551 0 0 0 0
552 0 0 0 0
553 0 0 0 0
554 0 0 0 0
555 0 0 0 0
556 0 0 0 0
557 0 0 0 0
558 0 0 0 0
559 0 0 0 0
560 0 0 0 0
561 0 0 0 0
562 0 0 0 0
563 0 0 0 0
564 0 0 0 0
565 0 0 0 0
566 0 0 0 0
567 0 0 0 0
568 0 0 0 0
569 0 0 0 0
570 0 0 0 0
571 0 0 0 0
572 0 0 0 0
573 0 0 0 0
574 0 0 0 0
575 0 0 0 0
576 0 0 0 0
577 0 0 0 0
578 0 0 0 0
579 0 0 0 0
580 0 0 0 0
581 0 0 0 0
582 0 0 0 0
583 0 0 0 0
584 0 0 0 0
585 0 0 0 0
586 0 0 0 0
587 0 0 0 0
588 0 0 0 0
589 0 0 0 0
590 0 0 0 0
591 0 0 0 0
592 0 0 0 0
593 0 0 0 0
594 0 0 0 0
595 0 0 0 0
596 0 0 0 0
597 0 0 0 0
598 0 0 0 0
599 0 0 0 0
600 0 0 0 0
601 0 0 0 0
602 0 0 0 0
603 0 0 0 0
604 0 0 0 0
605 0 0 0 0
606 0 0 0 0
607 0 0 0 0
608 0 0 0 0
609 0 0 0 0
610 0 0 0 0
611 0 0 0 0
612 0 0 0 0
613 0 0 0 0
614 0 0 0 0
615 0 0 0 0
616 0 0 0 0
617 0 0 0 0
618 0 0 0 0
619 0 0 0 0
620 0 0 0 0
621 0 0 0 0
622 0 0 0 0
623 0 0 0 0
624 0 0 0 0
625 0 0 0 0
626 0 0 0 0
627 0 0 0 0
628 0 0 0 0
629 0 0 0 0
630 0 0 0 0
631 0 0 0 0
632 0 0 0 0
633 0 0 0 0
634 0 0 0 0
635 0 0 0 0
636 0 0 0 0
637 0 0 0 0
638 0 0 0 0
639 0 0 0 0
640 0 0 0 0
641 0 0 0 0
642 0 0 0 0
643 0 0 0 0
644 0 0 0 0
645 0 0 0 0
646 0 0 0 0
647 0 0 0 0
648 0 0 0 0
649 0 0 0 0
650 0 0 0 0
651 0 0 0 0
652 0 0 0 0
653 0 0 0 0
654 0 0 0 0
655 0 0 0 0
656 0 0 0 0
657 0 0 0 0
658 0 0 0 0
659 0 0 0 0
660 0 0 0 0
661 0 0 0 0
662 0 0 0 0
663 0 0 0 0
664 0 0 0 0
665 0 0 0 0
666 0 0 0 0
667 0 0 0 0
668 0 0 0 0
669 0 0 0 0
670 0 0 0 0
671 0 0 0 0
672 0 0 0 0
673 0 0 0 0
674 0 0 0 0
675 0 0 0 0
676 0 0 0 0
677 0 0 0 0
678 0 0 0 0
679 0 0 0 0
680 0 0 0 0
681 0 0 0 0
682 0 0 0 0
683 0 0 0 0
684 0 0 0 0
685 0 0 0 0
686 0 0 0 0
687 0 0 0 0
688 0 0 0 0
689 0 0 0 0
690 0 0 0 0
691 0 0 0 0
692 0 0 0 0
693 0 0 0 0
694 0 0 0 0
695 0 0 0 0
696 0 0 0 0
697 0 0 0 0
698 0 0 0 0
699 0 0 0 0
700 0 0 0 0
701 0 0 0 0
702 0 0 0 0
703 0 0 0 0
704 0 0 0 0
705 0 0 0 0
706 0 0 0 0
707 0 0 0 0
708 0 0 0 0
709 0 0 0 0
710 0 0 0 0
711 0 0 0 0
712 0 0 0 0
713 0 0 0 0
714 0 0 0 0
715 0 0 0 0
716 0 0 0 0
717 0 0 0 0
718 0 0 0 0
719 0 0 0 0
720 0 0 0 0
721 0 0 0 0
722 0 0 0 0
723 0 0 0 0
724 0 0 0 0
725 0 0 0 0
726 0 0 0 0
727 0 0 0 0
