0 0 0 0 0
1 0 0 0 0
2 0 0 0 0
3 0 0 0 0
4 0 0 0 0
5 0 3 0 0
6 0 0 0 0
7 0 0 0 0
8 0 0 0 0
9 0 2 0 2
10 0 0 0 0
11 0 0 0 1
12 0 0 0 0
13 0 0 0 1
14 0 0 0 0
15 0 0 0 0
16 0 0 0 1
17 0 0 0 0
18 1 0 0 0
19 0 0 0 0
20 2 0 0 0
21 0 0 0 0
22 2 0 0 0
23 2 0 0 0
24 0 0 0 0
25 0 0 0 0
26 0 1 0 0
27 0 1 1 0
28 0 1 0 0
29 0 1 0 0
30 0 0 0 0
31 0 0 1 1
32 0 0 1 0
33 0 0 0 1
34 0 0 0 1
35 0 0 0 1
36 1 0 0 2
37 0 0 0 0
38 0 0 0 0
39 0 0 0 1
40 0 0 0 0
41 1 0 0 0
42 0 0 0 0
43 1 0 0 0
44 1 0 0 0
45 0 1 0 0
46 1 0 1 0
47 0 0 0 0
48 0 1 0 0
49 1 0 1 0
50 1 0 0 0
51 1 0 0 0
52 2 0 0 2
53 0 0 0 2
54 0 0 0 0
55 1 0 1 0
56 0 1 0 0
57 0 2 0 0
58 0 0 1 0
59 0 1 0 1
60 1 0 0 0
61 0 0 0 0
62 0 0 0 0
63 0 0 0 1
64 1 1 0 2
65 0 0 0 1
66 1 0 0 1
67 0 0 0 0
68 0 0 0 0
69 0 1 1 0
70 2 0 0 0
71 1 1 0 1
72 1 0 0 0
73 1 0 0 2
74 0 0 0 0
75 0 0 2 1
76 1 0 0 0
77 1 1 0 0
78 0 0 0 0
79 1 0 0 2
80 0 0 1 0
81 1 0 1 1
82 3 0 2 0
83 1 0 0 0
84 4 0 0 0
85 0 0 1 1
86 2 1 0 0
87 1 1 2 1
88 2 0 0 0
89 2 1 1 2
90 2 0 0 1
91 3 0 2 0
92 1 2 0 1
93 1 2 1 0
94 1 2 0 3
95 2 0 0 2
96 2 0 1 4
97 1 0 1 2
98 2 1 0 2
99 3 2 1 0
100 3 1 1 1
101 2 1 1 1
102 4 1 0 1
103 2 0 1 3
104 3 2 3 1
105 3 1 1 0
106 1 0 1 1
107 3 0 2 1
108 2 1 1 5
109 1 2 0 1
110 3 2 1 1
111 5 3 1 4
112 4 1 1 3
113 2 3 1 0
114 4 1 2 2
115 5 2 0 4
116 8 2 2 3
117 5 2 1 5
118 7 0 1 3
119 4 1 1 2
120 2 2 2 3
121 4 2 0 3
122 4 2 2 2
123 7 6 2 3
124 8 1 6 4
125 6 2 5 1
126 5 3 1 3
127 7 1 3 6
128 4 2 0 3
129 1 4 2 7
130 7 2 3 7
131 9 1 3 6
132 7 5 3 3
133 5 5 1 3
134 5 3 0 6
135 4 4 2 3
136 5 6 1 7
137 8 2 4 4
138 3 0 0 3
139 2 6 1 10
140 7 6 4 7
141 11 5 3 6
142 5 6 3 0
143 6 3 0 8
144 9 1 1 7
145 4 4 3 3
146 11 6 3 8
147 6 3 1 6
148 12 3 2 7
149 9 6 2 7
150 11 2 4 8
151 10 5 2 3
152 5 4 1 8
153 10 3 7 8
154 12 4 4 7
155 13 5 2 6
156 9 10 3 6
157 14 6 2 4
158 11 5 4 6
159 12 8 4 7
160 11 3 7 14
161 9 3 4 9
162 5 5 9 3
163 6 9 3 10
164 7 8 5 8
165 9 8 4 11
166 10 5 4 12
167 6 5 1 5
168 12 6 3 9
169 16 6 2 14
170 12 5 5 15
171 11 7 2 13
172 8 4 2 12
173 11 4 8 9
174 8 7 6 7
175 12 5 6 11
176 12 6 4 8
177 16 2 5 16
178 17 6 5 10
179 16 2 8 7
180 19 4 6 8
181 18 8 6 10
182 15 7 5 10
183 14 5 4 9
184 16 12 7 5
185 22 11 3 12
186 15 18 5 11
187 21 9 10 13
188 17 7 2 20
189 17 9 5 10
190 13 10 7 16
191 15 9 5 19
192 16 14 7 15
193 12 12 6 15
194 14 12 3 17
195 14 9 9 12
196 12 10 6 14
197 14 8 9 14
198 16 10 5 20
199 12 8 5 24
200 14 12 4 13
201 16 6 6 16
202 20 13 6 18
203 16 7 8 18
204 12 5 7 14
205 15 7 9 10
206 18 9 5 14
207 17 11 8 19
208 19 8 6 15
209 12 5 5 20
210 11 5 8 11
211 15 13 7 15
212 8 10 6 13
213 12 5 11 11
214 8 6 7 18
215 10 7 2 18
216 6 12 7 15
217 4 9 7 12
218 10 6 3 15
219 5 7 6 14
220 5 5 4 22
221 7 3 1 15
222 7 4 6 4
223 3 7 6 16
224 10 4 4 11
225 10 3 4 9
226 9 2 3 12
227 7 8 1 12
228 9 3 1 7
229 9 3 4 9
230 3 2 4 9
231 3 3 3 8
232 4 2 3 3
233 6 7 1 6
234 7 9 4 5
235 7 4 2 3
236 2 4 1 6
237 4 4 3 8
238 5 3 1 8
239 2 5 2 6
240 2 3 1 8
241 3 1 3 13
242 4 3 3 5
243 0 4 1 6
244 4 3 2 4
245 1 2 0 2
246 3 3 1 10
247 3 3 1 5
248 4 1 0 6
249 2 5 0 3
250 3 0 0 3
251 2 3 1 6
252 3 1 0 0
253 2 0 1 4
254 1 3 0 1
255 0 1 1 4
256 2 3 1 2
257 2 1 4 0
258 0 1 0 3
259 0 1 1 2
260 1 2 0 4
261 0 0 0 4
262 3 3 0 2
263 2 0 0 2
264 1 0 0 3
265 0 0 3 0
266 0 0 0 2
267 1 2 0 1
268 1 2 0 0
269 0 1 0 3
270 1 0 0 0
271 0 0 0 0
272 1 1 0 4
273 1 0 1 1
274 0 0 1 2
275 2 1 0 0
276 0 0 0 1
277 0 1 0 0
278 1 1 0 1
279 1 0 0 1
280 2 0 1 1
281 3 0 0 1
282 3 0 0 1
283 1 1 0 0
284 1 1 0 1
285 0 0 1 0
286 1 0 2 0
287 0 2 0 0
288 0 0 1 0
289 0 1 1 1
290 0 0 1 3
291 0 1 1 2
292 0 0 1 0
293 0 0 0 0
294 0 0 0 2
295 1 0 0 2
296 1 0 0 2
297 1 0 0 0
298 0 0 0 1
299 1 0 0 1
300 2 1 0 0
301 0 0 0 0
302 0 0 0 0
303 1 0 0 0
304 1 0 1 1
305 0 3 0 0
306 1 0 1 0
307 3 0 0 0
308 0 1 0 1
309 0 0 0 1
310 0 0 0 1
311 1 0 0 0
312 0 2 0 3
313 0 1 0 0
314 0 0 0 0
315 1 1 0 0
316 0 1 1 1
317 1 0 0 1
318 2 0 0 0
319 2 0 0 2
320 1 0 0 1
321 1 0 0 0
322 1 0 1 0
323 2 2 0 1
324 0 2 0 0
325 1 0 1 0
326 1 0 0 0
327 1 0 1 2
328 1 2 1 1
329 0 0 0 2
330 0 1 1 0
331 0 0 1 2
332 0 0 0 0
333 0 0 1 0
334 0 0 0 1
335 0 0 0 3
336 0 1 0 0
337 0 0 0 2
338 0 0 0 1
339 0 0 0 0
340 0 0 0 1
341 0 0 0 0
342 0 0 0 0
343 1 0 0 0
344 0 0 0 0
345 0 0 0 0
346 0 0 0 0
347 0 0 0 0
348 0 0 1 0
349 0 0 0 0
350 0 0 0 0
351 0 0 0 0
352 0 0 0 1
353 0 0 0 0
354 0 0 0 0
355 0 0 0 0
356 0 0 0 0
357 0 0 0 0
358 0 0 0 0
359 0 0 0 0
360 1 0 0 0
361 0 0 0 0
362 1 0 0 0
363 0 0 0 0
364 0 0 0 0
365 0 0 0 0
366 0 0 0 0
367 0 1 0 0
368 0 0 0 0
369 0 0 1 0
370 0 0 0 0
371 0 0 0 0
372 0 0 0 0
373 0 0 0 1
374 0 0 0 1
375 0 0 0 0
376 0 0 0 0
377 0 0 0 0
378 0 0 0 0
379 0 0 0 0
380 0 0 0 0
381 0 0 0 0
382 1 0 0 0
383 1 0 0 0
384 0 0 0 0
385 0 0 0 0
386 0 0 0 0
387 0 0 0 0
388 0 0 0 0
389 0 0 0 0
390 0 0 0 0
391 0 1 0 0
392 0 1 0 0
393 0 0 0 0
394 0 0 0 0
395 0 0 0 0
396 0 0 0 0
397 0 0 0 0
398 0 0 0 1
399 0 0 0 1
400 0 0 0 0
401 0 0 0 0
402 0 0 0 0
403 0 0 0 0
404 0 0 0 0
405 0 0 0 0
406 0 0 0 0
407 0 0 0 0
408 1 0 0 0
409 1 0 0 0
410 0 0 0 0
411 1 0 0 0
412 0 0 0 0
413 0 0 0 0
414 0 0 0 0
415 0 0 0 0
416 0 1 0 0
417 0 0 1 0
418 0 1 0 0
419 0 0 0 0
420 0 0 0 1
421 0 0 0 1
422 0 0 0 1
423 0 0 0 0
424 0 0 0 0
425 0 0 0 0
426 0 0 0 0
427 0 0 0 0
428 0 0 0 0
429 0 0 0 0
430 0 0 0 0
431 0 0 0 0
432 0 0 0 0
433 1 0 0 0
434 0 0 0 0
435 1 0 0 0
436 0 0 0 0
437 0 0 0 0
438 0 1 0 0
439 0 0 0 0
440 0 0 1 0
441 0 0 0 0
442 0 0 0 1
443 0 0 0 0
444 0 0 0 0
445 0 0 0 0
446 0 0 0 0
447 0 0 0 1
448 0 0 0 0
449 0 0 0 0
450 0 0 0 0
451 0 0 0 0
452 0 0 0 0
453 1 0 0 0
454 0 0 0 0
455 0 0 0 0
456 0 0 0 0
457 0 0 0 0
458 0 1 0 0
459 0 0 0 0
460 0 0 0 0
461 0 0 0 0
462 0 0 0 1
463 0 0 0 0
464 0 0 0 0
465 0 0 0 0
466 0 0 0 0
467 0 0 0 0
468 1 0 0 0
469 0 0 0 0
470 0 0 0 0
471 0 0 0 0
472 0 0 0 0
473 1 1 0 0
474 1 0 0 0
475 0 0 0 0
476 0 0 0 0
477 0 0 0 1
478 0 0 1 0
479 0 0 1 0
480 0 0 0 0
481 0 0 0 0
482 0 0 0 0
483 0 0 0 0
484 0 0 0 0
485 0 0 0 1
486 0 0 0 1
487 0 0 0 0
488 0 0 0 0
489 0 0 0 0
490 0 0 0 0
491 0 0 0 0
492 0 0 0 0
493 1 0 0 0
494 0 0 0 0
495 0 0 0 0
496 1 0 0 0
497 0 0 0 0
498 1 0 0 0
499 0 0 0 0
500 0 0 0 0
501 0 1 0 0
502 0 1 0 0
503 1 0 1 0
504 0 0 0 0
505 0 0 0 1
506 1 0 0 1
507 0 0 0 1
508 1 0 0 0
509 1 0 0 0
510 0 0 0 0
511 0 0 0 0
512 0 0 1 0
513 0 0 0 0
514 0 0 0 0
515 0 0 1 0
516 1 0 0 1
517 0 0 1 0
518 0 0 1 0
519 0 0 0 1
520 0 0 0 0
521 0 1 0 0
522 0 0 0 0
523 0 0 0 0
524 0 0 0 1
525 0 0 0 2
526 0 0 0 0
527 0 0 0 0
528 0 0 0 0
529 1 0 0 0
530 0 0 0 0
531 0 0 0 0
532 0 0 0 0
533 1 0 0 0
534 0 0 0 0
535 0 0 0 0
536 1 0 0 0
537 1 0 0 0
538 0 0 1 0
539 0 0 0 0
540 0 0 0 0
541 0 0 0 0
542 0 1 1 1
543 1 0 0 0
544 1 0 0 0
545 0 0 1 0
546 0 0 0 1
547 0 0 0 0
548 0 0 0 0
549 0 1 0 2
550 0 1 0 0
551 0 0 0 0
552 0 0 0 0
553 0 0 0 0
554 0 0 0 1
555 0 0 0 0
556 0 0 0 1
557 0 0 0 0
558 0 0 0 0
559 0 0 0 0
560 0 0 0 0
561 0 0 0 0
562 0 0 0 0
563 1 0 0 0
564 1 0 0 0
565 1 0 0 0
566 0 0 0 0
567 0 0 0 0
568 0 0 1 0
569 0 0 0 0
570 0 0 0 0
571 0 0 0 0
572 0 0 0 1
573 0 1 0 0
574 0 1 0 0
575 0 0 0 0
576 0 0 0 0
577 0 0 0 0
578 0 0 0 1
579 0 0 0 0
580 0 0 0 1
581 0 0 0 0
582 0 0 0 0
583 0 0 0 0
584 0 0 0 0
585 0 0 0 0
586 0 0 0 0
587 0 0 0 0
588 0 0 0 0
589 0 0 0 0
590 0 0 0 0
591 0 0 0 0
592 0 0 0 0
593 0 0 0 0
594 0 0 0 0
595 0 0 0 0
596 0 0 0 0
597 0 0 0 0
598 0 0 0 0
599 0 0 0 0
600 0 0 0 0
601 0 0 0 0
602 0 0 0 0
603 0 0 0 0
604 0 0 0 0
605 0 0 0 0
606 0 0 0 0
607 0 0 0 0
608 0 0 0 0
609 0 0 0 0
610 0 0 0 0
611 0 0 0 0
612 0 0 0 0
613 0 0 0 0
614 0 0 0 0
615 0 0 0 0
616 0 0 0 0
617 0 0 0 0
618 0 0 0 0
619 0 0 0 0
620 0 0 0 0
621 0 0 0 0
622 0 0 0 0
623 0 0 0 0
624 0 0 0 0
625 0 0 0 0
626 0 0 0 0
627 0 0 0 0
628 0 0 0 0
629 0 0 0 0
630 0 0 0 0
631 0 0 0 0
632 0 0 0 0
633 0 0 0 0
634 0 0 0 0
635 0 0 0 0
636 0 0 0 0
637 0 0 0 0
638 0 0 0 0
639 0 0 0 0
640 0 0 0 0
641 0 0 0 0
642 0 0 0 0
643 0 0 0 0
644 0 0 0 0
645 0 0 0 0
646 0 0 0 0
647 0 0 0 0
648 0 0 0 0
649 0 0 0 0
650 0 0 0 0
651 0 0 0 0
652 0 0 0 0
653 0 0 0 0
654 0 0 0 0
655 0 0 0 0
656 0 0 0 0
657 0 0 0 0
658 0 0 0 0
659 0 0 0 0
660 0 0 0 0
661 0 0 0 0
662 0 0 0 0
663 0 0 0 0
664 0 0 0 0
665 0 0 0 0
666 0 0 0 0
667 0 0 0 0
668 0 0 0 0
669 0 0 0 0
670 0 0 0 0
671 0 0 0 0
672 0 0 0 0
673 0 0 0 0
674 0 0 0 0
675 0 0 0 0
676 0 0 0 0
677 0 0 0 0
678 0 0 0 0
679 0 0 0 0
680 0 0 0 0
681 0 0 0 0
682 0 0 0 0
683 0 0 0 0
684 0 0 0 0
685 0 0 0 0
686 0 0 0 0
687 0 0 0 0
688 0 0 0 0
689 0 0 0 0
690 0 0 0 0
691 0 0 0 0
692 0 0 0 0
693 0 0 0 0
694 0 0 0 0
695 0 0 0 0
696 0 0 0 0
697 0 0 0 0
698 0 0 0 0
699 0 0 0 0
700 0 0 0 0
701 0 0 0 0
702 0 0 0 0
703 0 0 0 0
704 0 0 0 0
705 0 0 0 0
706 0 0 0 0
707 0 0 0 0
708 0 0 0 0
709 0 0 0 0
710 0 0 0 0
711 0 0 0 0
712 0 0 0 0
713 0 0 0 0
714 0 0 0 0
715 0 0 0 0
716 0 0 0 0
717 0 0 0 0
718 0 0 0 0
719 0 0 0 0
720 0 0 0 0
721 0 0 0 0
722 0 0 0 0
723 0 0 0 0
724 0 0 0 0
725 0 0 0 0
726 0 0 0 0
727 0 0 0 0
