0 0 0 0 0
1 0 0 0 0
2 0 0 0 0
3 0 0 0 0
4 0 0 0 0
5 0 1 2 0
6 0 0 0 0
7 0 0 0 0
8 0 0 0 0
9 0 2 0 1
10 0 0 0 0
11 0 0 0 0
12 0 0 0 2
13 0 0 0 1
14 0 0 0 0
15 0 0 0 0
16 0 0 0 1
17 0 0 0 0
18 1 0 0 0
19 0 0 0 0
20 0 0 0 0
21 1 0 0 0
22 0 0 0 0
23 0 0 0 0
24 1 0 0 0
25 1 0 0 0
26 1 0 0 0
27 0 1 0 0
28 0 0 0 0
29 0 0 0 0
30 0 0 1 0
31 0 0 1 1
32 1 0 0 0
33 1 1 0 0
34 0 1 0 1
35 1 0 0 1
36 0 0 0 0
37 0 1 0 1
38 0 0 1 1
39 0 0 0 0
40 1 0 0 0
41 1 0 0 1
42 1 0 0 1
43 0 0 0 0
44 1 1 0 0
45 0 0 0 0
46 0 0 0 0
47 0 0 1 0
48 0 0 0 1
49 1 2 0 0
50 1 0 1 0
51 1 0 0 1
52 1 0 0 0
53 0 0 0 1
54 0 0 0 1
55 0 0 0 0
56 0 0 1 1
57 0 0 1 0
58 0 0 1 0
59 2 0 1 0
60 2 0 0 1
61 0 0 0 1
62 3 0 0 1
63 1 0 0 0
64 0 1 0 0
65 1 0 1 0
66 1 0 0 1
67 2 1 0 0
68 2 1 0 1
69 1 1 0 1
70 2 0 0 0
71 0 0 3 1
72 1 2 1 1
73 1 1 0 1
74 1 0 1 0
75 1 2 0 2
76 0 0 0 2
77 0 0 1 2
78 1 0 2 0
79 0 0 0 3
80 0 0 1 0
81 1 1 0 1
82 0 0 0 1
83 2 1 1 0
84 2 0 0 2
85 1 0 0 1
86 1 0 1 0
87 3 0 0 1
88 2 1 0 1
89 1 1 0 0
90 2 1 0 2
91 2 1 0 0
92 1 1 1 0
93 2 0 3 0
94 2 0 1 0
95 2 1 1 1
96 2 2 0 2
97 3 1 0 2
98 4 0 1 2
99 1 1 0 3
100 3 2 2 3
101 2 1 1 1
102 2 1 2 1
103 1 2 0 1
104 1 0 0 2
105 0 0 0 2
106 1 3 0 4
107 3 2 2 4
108 0 2 0 0
109 3 2 2 0
110 0 0 1 2
111 4 0 0 1
112 3 1 2 0
113 2 0 0 2
114 2 1 0 4
115 3 1 0 2
116 4 2 0 6
117 3 0 0 0
118 1 2 0 0
119 3 1 0 0
120 4 1 3 1
121 7 5 1 2
122 2 3 0 1
123 1 2 1 2
124 7 1 2 3
125 3 0 0 3
126 2 4 2 2
127 3 0 2 4
128 2 1 0 6
129 3 6 2 1
130 3 1 3 1
131 1 1 0 3
132 1 2 2 1
133 4 2 3 8
134 4 3 2 4
135 3 3 0 1
136 6 0 0 6
137 4 0 0 2
138 4 0 2 3
139 2 3 0 2
140 3 1 1 3
141 3 5 0 3
142 1 3 1 4
143 2 2 0 1
144 4 3 1 0
145 3 1 1 5
146 5 3 1 4
147 4 3 1 3
148 5 2 0 4
149 1 3 2 2
150 3 1 2 5
151 5 3 3 2
152 8 3 0 2
153 8 3 0 2
154 5 2 0 2
155 10 1 2 6
156 9 2 2 5
157 6 7 1 4
158 7 4 3 2
159 9 1 3 2
160 3 4 3 3
161 8 3 6 5
162 6 3 3 8
163 2 2 4 7
164 7 5 3 7
165 7 4 2 8
166 11 5 3 4
167 6 6 1 9
168 13 4 1 8
169 7 5 0 8
170 7 2 4 6
171 7 7 2 8
172 6 1 4 4
173 9 5 5 7
174 10 4 2 6
175 9 5 2 5
176 10 6 2 6
177 9 6 1 5
178 12 4 4 10
179 13 6 4 5
180 8 4 6 12
181 6 10 2 5
182 13 4 4 8
183 6 7 4 5
184 7 7 3 10
185 11 7 2 9
186 15 5 2 11
187 8 3 5 7
188 7 4 3 11
189 10 3 3 10
190 12 6 3 10
191 6 10 5 11
192 12 2 6 9
193 8 9 2 7
194 11 7 3 11
195 8 7 12 7
196 12 6 3 6
197 13 3 2 10
198 8 2 6 12
199 15 3 4 16
200 11 4 4 5
201 14 12 3 12
202 14 8 4 13
203 10 5 4 7
204 16 6 3 6
205 10 6 5 8
206 9 9 5 12
207 8 3 5 7
208 15 7 7 13
209 8 7 4 13
210 8 8 3 13
211 10 10 5 9
212 6 7 1 14
213 8 7 8 11
214 6 7 2 8
215 4 9 3 15
216 5 7 2 14
217 4 8 3 14
218 6 4 0 9
219 7 4 3 10
220 2 6 0 9
221 3 3 2 11
222 5 7 1 9
223 5 4 2 9
224 7 3 3 5
225 5 3 0 3
226 9 3 2 6
227 3 4 2 5
228 9 3 2 6
229 4 1 3 7
230 5 1 3 8
231 3 6 2 5
232 5 3 2 3
233 3 4 4 4
234 5 3 1 5
235 6 5 3 7
236 3 1 2 4
237 4 4 4 8
238 3 0 1 4
239 2 2 2 7
240 1 2 2 6
241 2 3 1 7
242 4 4 3 5
243 2 2 3 2
244 3 2 1 5
245 1 1 0 2
246 1 0 0 9
247 3 3 2 7
248 3 0 3 2
249 0 2 2 1
250 1 1 2 1
251 0 1 0 5
252 1 1 1 1
253 2 2 0 3
254 0 0 0 5
255 0 0 1 4
256 0 0 1 1
257 3 1 0 1
258 1 2 0 0
259 1 0 0 2
260 1 0 0 2
261 3 1 0 0
262 3 1 1 3
263 1 0 0 1
264 2 1 0 1
265 2 0 1 0
266 1 2 0 1
267 3 2 2 0
268 3 1 0 2
269 1 0 1 2
270 2 3 0 0
271 1 0 1 4
272 1 0 2 1
273 0 1 2 3
274 0 1 0 1
275 0 0 0 1
276 0 2 0 0
277 0 1 0 4
278 0 0 2 0
279 1 1 0 2
280 1 0 0 3
281 0 0 1 1
282 0 0 0 2
283 2 0 0 1
284 1 1 0 1
285 0 1 0 1
286 0 0 0 0
287 1 0 0 0
288 2 1 0 1
289 1 0 1 1
290 1 0 0 0
291 1 0 0 0
292 0 1 1 0
293 1 1 0 1
294 1 1 0 0
295 0 0 0 1
296 0 0 0 0
297 0 0 1 0
298 0 0 0 2
299 1 1 1 1
300 0 0 1 1
301 0 0 0 0
302 0 0 1 0
303 0 0 0 2
304 1 1 0 2
305 0 0 0 0
306 0 0 0 0
307 0 0 0 0
308 0 0 0 0
309 0 0 0 1
310 0 0 0 0
311 0 0 0 1
312 0 0 0 0
313 1 1 0 0
314 1 0 0 0
315 1 0 0 0
316 0 0 0 0
317 0 0 0 0
318 1 0 0 0
319 0 0 0 0
320 0 0 0 1
321 0 0 0 0
322 1 0 1 0
323 1 2 0 0
324 1 0 0 0
325 0 0 0 0
326 0 0 0 0
327 0 1 0 1
328 0 0 0 0
329 0 0 0 1
330 0 0 0 1
331 0 1 0 1
332 0 1 0 0
333 0 0 1 0
334 0 0 0 0
335 0 0 0 0
336 0 0 0 0
337 0 0 0 0
338 0 0 0 1
339 0 0 0 1
340 0 0 0 1
341 0 0 0 0
342 0 0 0 0
343 0 0 0 0
344 0 0 0 0
345 1 0 0 0
346 0 0 0 0
347 1 0 0 0
348 0 0 0 0
349 0 0 0 0
350 0 0 1 0
351 1 0 0 0
352 0 0 0 0
353 0 0 0 0
354 0 0 0 1
355 0 0 0 0
356 0 2 0 0
357 1 0 0 0
358 0 0 0 0
359 0 0 0 0
360 0 0 0 0
361 0 0 0 0
362 0 0 0 0
363 0 0 0 2
364 0 0 0 0
365 0 0 0 0
366 0 1 0 0
367 0 0 0 0
368 0 0 0 0
369 0 0 0 0
370 0 0 0 1
371 1 0 0 0
372 0 0 0 0
373 0 0 0 0
374 0 0 0 0
375 1 0 0 0
376 0 1 0 0
377 0 0 0 0
378 0 0 0 0
379 1 0 0 0
380 0 1 0 0
381 0 0 0 0
382 0 0 0 0
383 0 0 0 1
384 0 1 0 0
385 0 0 0 0
386 0 0 0 0
387 0 0 0 1
388 0 0 0 0
389 0 0 0 0
390 1 0 0 0
391 1 0 0 1
392 0 0 0 0
393 0 0 0 0
394 0 0 0 0
395 0 0 0 0
396 0 1 0 0
397 0 1 0 0
398 1 0 0 0
399 0 0 0 0
400 0 0 0 1
401 0 0 0 1
402 0 0 0 0
403 0 0 0 0
404 0 0 0 0
405 0 0 0 0
406 1 0 0 0
407 0 1 0 0
408 0 0 0 0
409 1 0 0 0
410 0 0 0 0
411 0 0 0 0
412 0 0 0 1
413 0 0 0 0
414 0 1 0 0
415 0 1 0 0
416 0 0 0 0
417 0 0 0 0
418 0 0 0 1
419 0 0 0 1
420 0 0 0 0
421 0 0 0 0
422 0 0 0 0
423 0 0 0 0
424 0 0 0 0
425 0 0 0 0
426 0 0 0 0
427 0 0 0 0
428 0 0 0 0
429 1 0 0 0
430 0 0 0 0
431 0 0 0 0
432 0 0 0 0
433 0 0 0 0
434 0 0 1 0
435 0 0 0 0
436 0 0 0 0
437 0 0 0 0
438 0 0 0 1
439 0 0 0 0
440 0 0 0 0
441 0 0 0 0
442 0 0 0 0
443 0 0 0 0
444 0 0 0 0
445 0 0 0 0
446 0 0 0 0
447 0 0 0 0
448 0 0 0 0
449 0 0 0 0
450 0 0 0 0
451 0 0 0 0
452 0 0 0 0
453 0 0 0 0
454 0 0 0 0
455 0 0 0 0
456 0 0 0 0
457 0 0 0 0
458 0 0 0 0
459 0 0 0 0
460 0 0 0 0
461 0 0 0 0
462 0 0 0 0
463 0 0 0 0
464 0 0 0 0
465 0 0 0 0
466 0 0 0 0
467 0 0 0 0
468 0 0 0 0
469 0 0 0 0
470 0 0 0 0
471 0 0 0 0
472 0 0 0 0
473 0 0 0 0
474 0 0 0 0
475 0 0 0 0
476 0 0 0 0
477 0 0 0 0
478 0 0 0 0
479 0 0 0 0
480 0 0 0 0
481 0 0 0 0
482 0 0 0 0
483 0 0 0 0
484 0 0 0 0
485 0 0 0 0
486 0 0 0 0
487 0 0 0 0
488 0 0 0 0
489 0 0 0 0
490 0 0 0 0
491 0 0 0 0
492 0 0 0 0
493 0 0 0 0
494 0 0 0 0
495 0 0 0 0
496 0 0 0 0
497 0 0 0 0
498 0 0 0 0
499 0 0 0 0
500 0 0 0 0
501 0 0 0 0
502 0 0 0 0
503 0 0 0 0
504 0 0 0 0
505 0 0 0 0
506 0 0 0 0
507 0 0 0 0
508 0 0 0 0
509 0 0 0 0
510 0 0 0 0
511 0 0 0 0
512 0 0 0 0
513 0 0 0 0
514 0 0 0 0
515 0 0 0 0
516 0 0 0 0
517 0 0 0 0
518 0 0 0 0
519 0 0 0 0
520 0 0 0 0
521 0 0 0 0
522 0 0 0 0
523 0 0 0 0
524 0 0 0 0
525 0 0 0 0
526 0 0 0 0
527 0 0 0 0
528 0 0 0 0
529 0 0 0 0
530 0 0 0 0
531 0 0 0 0
532 0 0 0 0
533 0 0 0 0
534 0 0 0 0
535 0 0 0 0
536 0 0 0 0
537 0 0 0 0
538 0 0 0 0
539 0 0 0 0
540 0 0 0 0
541 0 0 0 0
542 0 0 0 0
543 0 0 0 0
544 0 0 0 0
545 0 0 0 0
546 0 0 0 0
547 0 0 0 0
548 0 0 0 0
549 0 0 0 0
550 0 0 0 0
551 0 0 0 0
552 0 0 0 0
553 0 0 0 0
554 0 0 0 0
555 0 0 0 0
556 0 0 0 0
557 0 0 0 0
558 0 0 0 0
559 0 0 0 0
560 0 0 0 0
561 0 0 0 0
562 0 0 0 0
563 0 0 0 0
564 0 0 0 0
565 0 0 0 0
566 0 0 0 0
567 0 0 0 0
568 0 0 0 0
569 0 0 0 0
570 0 0 0 0
571 0 0 0 0
572 0 0 0 0
573 0 0 0 0
574 0 0 0 0
575 0 0 0 0
576 0 0 0 0
577 0 0 0 0
578 0 0 0 0
579 0 0 0 0
580 0 0 0 0
581 0 0 0 0
582 0 0 0 0
583 0 0 0 0
584 0 0 0 0
585 0 0 0 0
586 0 0 0 0
587 0 0 0 0
588 0 0 0 0
589 0 0 0 0
590 0 0 0 0
591 0 0 0 0
592 0 0 0 0
593 0 0 0 0
594 0 0 0 0
595 0 0 0 0
596 0 0 0 0
597 0 0 0 0
598 0 0 0 0
599 0 0 0 0
600 0 0 0 0
601 0 0 0 0
602 0 0 0 0
603 0 0 0 0
604 0 0 0 0
605 0 0 0 0
606 0 0 0 0
607 0 0 0 0
608 0 0 0 0
609 0 0 0 0
610 0 0 0 0
611 0 0 0 0
612 0 0 0 0
613 0 0 0 0
614 0 0 0 0
615 0 0 0 0
616 0 0 0 0
617 0 0 0 0
618 0 0 0 0
619 0 0 0 0
620 0 0 0 0
621 0 0 0 0
622 0 0 0 0
623 0 0 0 0
624 0 0 0 0
625 0 0 0 0
626 0 0 0 0
627 0 0 0 0
628 0 0 0 0
629 0 0 0 0
630 0 0 0 0
631 0 0 0 0
632 0 0 0 0
633 0 0 0 0
634 0 0 0 0
635 0 0 0 0
636 0 0 0 0
637 0 0 0 0
638 0 0 0 0
639 0 0 0 0
640 0 0 0 0
641 0 0 0 0
642 0 0 0 0
643 0 0 0 0
644 0 0 0 0
645 0 0 0 0
646 0 0 0 0
647 0 0 0 0
648 0 0 0 0
649 0 0 0 0
650 0 0 0 0
651 0 0 0 0
652 0 0 0 0
653 0 0 0 0
654 0 0 0 0
655 0 0 0 0
656 0 0 0 0
657 0 0 0 0
658 0 0 0 0
659 0 0 0 0
660 0 0 0 0
661 0 0 0 0
662 0 0 0 0
663 0 0 0 0
664 0 0 0 0
665 0 0 0 0
666 0 0 0 0
667 0 0 0 0
668 0 0 0 0
669 0 0 0 0
670 0 0 0 0
671 0 0 0 0
672 0 0 0 0
673 0 0 0 0
674 0 0 0 0
675 0 0 0 0
676 0 0 0 0
677 0 0 0 0
678 0 0 0 0
679 0 0 0 0
680 0 0 0 0
681 0 0 0 0
682 0 0 0 0
683 0 0 0 0
684 0 0 0 0
685 0 0 0 0
686 0 0 0 0
687 0 0 0 0
688 0 0 0 0
689 0 0 0 0
690 0 0 0 0
691 0 0 0 0
692 0 0 0 0
693 0 0 0 0
694 0 0 0 0
695 0 0 0 0
696 0 0 0 0
697 0 0 0 0
698 0 0 0 0
699 0 0 0 0
700 0 0 0 0
701 0 0 0 0
702 0 0 0 0
703 0 0 0 0
704 0 0 0 0
705 0 0 0 0
706 0 0 0 0
707 0 0 0 0
708 0 0 0 0
709 0 0 0 0
710 0 0 0 0
711 0 0 0 0
712 0 0 0 0
713 0 0 0 0
714 0 0 0 0
715 0 0 0 0
716 0 0 0 0
717 0 0 0 0
718 0 0 0 0
719 0 0 0 0
720 0 0 0 0
721 0 0 0 0
722 0 0 0 0
723 0 0 0 0
724 0 0 0 0
725 0 0 0 0
726 0 0 0 0
727 0 0 0 0
