0 0 0 0 0
1 0 0 0 0
2 0 0 0 0
3 0 0 0 0
4 0 0 0 0
5 0 0 3 0
6 0 0 0 0
7 0 0 0 0
8 0 0 0 0
9 0 1 1 3
10 0 0 0 0
11 0 0 0 0
12 0 0 0 0
13 0 0 0 0
14 0 0 0 0
15 0 0 0 0
16 0 0 0 2
17 0 0 0 0
18 1 0 0 0
19 1 0 0 0
20 1 0 0 0
21 1 0 0 0
22 0 0 0 0
23 2 0 0 0
24 1 1 0 0
25 0 1 0 0
26 0 0 0 0
27 1 1 0 0
28 1 1 1 1
29 2 0 0 1
30 0 0 1 0
31 0 0 0 1
32 0 0 0 2
33 1 1 2 0
34 0 0 1 0
35 1 0 0 0
36 0 0 0 0
37 2 0 0 3
38 0 2 0 1
39 1 0 0 1
40 2 0 0 0
41 0 0 0 0
42 2 0 0 1
43 0 0 0 0
44 2 0 1 0
45 1 1 0 1
46 1 1 1 0
47 1 1 0 0
48 1 1 0 0
49 1 1 2 0
50 1 1 0 1
51 0 1 1 1
52 0 0 0 2
53 1 0 0 1
54 1 1 0 2
55 1 0 0 1
56 1 0 0 3
57 1 1 0 0
58 0 1 1 1
59 0 1 0 0
60 2 1 0 0
61 1 1 0 2
62 1 0 0 1
63 1 1 0 1
64 2 0 0 0
65 1 1 1 2
66 0 1 0 0
67 1 0 0 2
68 0 0 0 0
69 0 1 1 0
70 0 2 0 0
71 1 1 0 0
72 0 1 0 2
73 1 0 0 2
74 1 0 0 0
75 1 0 0 1
76 0 0 1 2
77 1 0 0 2
78 1 0 0 0
79 1 0 0 0
80 1 2 0 0
81 1 0 0 0
82 0 1 1 0
83 3 0 0 1
84 2 1 0 2
85 2 0 0 0
86 1 1 0 2
87 6 0 1 0
88 3 1 1 0
89 1 2 0 0
90 5 1 0 1
91 3 1 1 1
92 1 5 1 1
93 3 2 1 1
94 2 0 0 2
95 0 1 2 2
96 0 4 1 5
97 2 0 2 3
98 0 3 0 1
99 0 0 3 4
100 0 0 0 2
101 2 0 0 0
102 3 0 1 4
103 3 2 0 4
104 1 0 0 2
105 1 0 0 0
106 0 2 1 2
107 5 0 1 0
108 1 0 0 0
109 3 1 0 1
110 4 0 0 5
111 3 2 0 0
112 8 4 2 0
113 1 0 1 1
114 2 0 1 1
115 2 3 1 1
116 4 1 2 4
117 5 1 7 1
118 4 0 2 2
119 4 2 0 4
120 1 0 2 1
121 2 3 1 2
122 3 1 0 3
123 5 2 0 5
124 1 2 0 6
125 1 3 1 1
126 4 5 1 1
127 6 2 1 3
128 3 4 1 3
129 2 0 0 3
130 5 1 0 4
131 3 2 2 4
132 3 4 2 4
133 3 1 2 2
134 3 1 2 2
135 2 1 2 6
136 2 1 2 5
137 3 3 0 2
138 5 1 1 2
139 1 5 2 2
140 4 0 3 6
141 7 2 0 2
142 5 1 1 1
143 6 2 1 2
144 4 0 1 3
145 5 1 1 4
146 9 3 2 5
147 8 1 3 5
148 6 3 2 0
149 8 2 3 3
150 4 3 1 2
151 5 6 1 2
152 2 3 5 2
153 4 3 1 4
154 5 6 4 6
155 5 3 3 7
156 6 4 1 8
157 7 5 0 2
158 7 3 2 10
159 4 2 2 5
160 8 5 1 4
161 6 0 5 9
162 8 4 1 9
163 5 4 4 3
164 8 0 2 6
165 7 4 3 4
166 7 4 4 4
167 12 7 2 5
168 6 4 0 4
169 8 6 1 11
170 5 2 5 6
171 9 3 4 7
172 10 8 5 3
173 10 5 2 11
174 7 6 0 5
175 9 3 1 5
176 3 5 3 7
177 9 5 2 8
178 11 5 4 9
179 7 3 3 9
180 9 4 4 8
181 16 4 3 4
182 15 7 6 6
183 14 5 6 10
184 14 7 2 7
185 13 4 4 7
186 14 1 6 7
187 21 8 2 12
188 14 7 6 11
189 15 6 4 11
190 15 13 5 7
191 12 9 8 8
192 18 7 9 10
193 17 8 6 10
194 12 8 6 17
195 13 8 7 14
196 9 12 6 12
197 17 8 9 15
198 10 11 5 19
199 10 6 12 11
200 14 6 6 16
201 11 10 3 16
202 15 14 2 17
203 14 7 2 19
204 14 6 6 11
205 12 4 5 19
206 6 4 9 13
207 13 9 3 12
208 14 6 6 8
209 16 8 4 16
210 17 3 6 12
211 15 8 4 12
212 19 7 7 10
213 15 13 6 13
214 15 6 7 10
215 16 6 5 10
216 8 6 9 16
217 14 8 5 16
218 13 15 4 15
219 8 9 5 9
220 10 6 6 13
221 10 11 3 13
222 8 8 7 19
223 7 9 4 15
224 3 5 8 7
225 6 3 6 15
226 4 9 1 13
227 7 4 5 16
228 4 8 4 16
229 8 4 4 12
230 3 5 3 10
231 5 3 1 10
232 6 2 1 9
233 9 1 2 11
234 7 8 0 11
235 6 5 0 11
236 2 5 3 3
237 2 3 2 4
238 3 7 2 6
239 2 5 2 3
240 2 2 4 5
241 2 0 2 4
242 4 4 3 10
243 2 1 2 12
244 6 0 2 4
245 2 1 1 4
246 4 0 1 7
247 5 2 1 3
248 1 2 0 3
249 2 4 1 4
250 2 2 0 2
251 3 3 3 0
252 3 1 3 2
253 3 4 0 5
254 3 2 0 4
255 3 1 0 5
256 2 3 2 2
257 1 1 2 3
258 4 2 1 3
259 5 0 1 3
260 3 0 0 5
261 1 2 1 2
262 0 1 1 3
263 0 1 5 2
264 2 2 2 3
265 1 0 3 1
266 2 0 0 2
267 5 0 0 4
268 2 3 0 3
269 0 1 0 2
270 1 1 0 2
271 1 2 0 3
272 1 3 0 4
273 2 1 2 0
274 2 1 0 1
275 2 0 1 2
276 2 2 0 3
277 0 2 0 2
278 1 1 0 1
279 3 1 1 1
280 0 1 0 2
281 1 1 0 3
282 0 1 0 2
283 1 0 0 2
284 0 1 3 1
285 2 0 1 0
286 0 1 0 2
287 1 1 0 0
288 1 1 0 2
289 2 0 0 0
290 0 0 1 1
291 1 0 0 4
292 3 1 1 2
293 0 0 0 0
294 1 1 1 1
295 2 0 0 0
296 2 1 0 2
297 2 3 1 0
298 1 1 0 1
299 1 0 1 0
300 0 0 0 1
301 1 0 0 3
302 1 0 1 1
303 0 0 0 0
304 1 2 0 2
305 1 2 0 0
306 2 0 2 2
307 1 1 0 0
308 0 1 0 1
309 0 1 0 1
310 1 0 0 0
311 0 2 1 1
312 0 0 0 2
313 0 0 0 3
314 0 1 0 0
315 0 1 0 2
316 1 1 0 0
317 0 0 0 0
318 1 0 0 3
319 0 0 0 0
320 1 0 0 1
321 1 1 0 0
322 0 0 0 0
323 2 0 0 1
324 0 0 0 0
325 0 0 0 0
326 2 1 0 0
327 0 1 0 0
328 0 1 0 1
329 0 1 0 0
330 0 0 0 1
331 0 1 0 1
332 0 0 1 0
333 1 0 0 0
334 0 0 0 0
335 0 1 0 1
336 0 0 0 2
337 0 0 0 0
338 1 0 1 1
339 0 0 0 1
340 0 0 0 0
341 1 0 0 0
342 0 0 0 1
343 1 0 0 0
344 0 0 0 0
345 0 0 0 0
346 0 0 0 0
347 0 1 0 0
348 0 0 0 0
349 0 0 0 0
350 0 1 0 0
351 0 0 0 1
352 0 1 0 0
353 0 0 0 0
354 0 0 0 1
355 0 0 0 0
356 0 0 0 1
357 0 0 0 0
358 0 0 0 0
359 0 0 0 0
360 0 0 0 0
361 0 0 0 0
362 0 0 0 0
363 1 0 0 0
364 0 0 0 0
365 0 0 0 0
366 1 0 0 0
367 0 0 0 0
368 1 0 0 0
369 1 0 0 0
370 0 0 0 0
371 0 1 0 0
372 0 1 0 0
373 0 0 0 0
374 0 0 0 0
375 0 0 0 0
376 0 0 0 0
377 0 0 1 0
378 0 1 0 1
379 0 0 0 1
380 0 0 0 0
381 0 0 0 1
382 0 0 0 1
383 0 0 0 0
384 0 0 0 0
385 0 0 0 0
386 0 0 0 0
387 0 0 0 0
388 2 0 0 0
389 0 0 0 0
390 1 0 0 0
391 0 0 0 0
392 0 0 0 0
393 0 2 0 0
394 0 0 0 0
395 1 0 0 0
396 1 0 0 0
397 1 0 0 1
398 0 0 0 0
399 0 0 1 0
400 1 1 0 1
401 0 1 0 0
402 1 0 0 0
403 0 0 0 1
404 2 0 0 1
405 0 0 0 1
406 0 1 0 0
407 0 0 0 0
408 0 0 0 0
409 1 2 0 0
410 0 0 0 1
411 1 1 0 0
412 1 0 0 0
413 2 1 0 2
414 0 1 0 0
415 0 0 0 1
416 2 0 0 0
417 1 0 0 0
418 2 0 1 0
419 1 0 0 0
420 0 1 0 1
421 0 2 1 1
422 0 1 1 1
423 0 1 1 0
424 0 1 0 1
425 2 0 0 2
426 0 0 0 3
427 0 0 0 1
428 1 0 0 2
429 0 0 0 0
430 0 0 1 0
431 1 0 0 0
432 0 0 0 0
433 2 0 0 0
434 1 1 0 1
435 0 0 0 0
436 0 0 0 0
437 0 1 0 0
438 2 2 0 0
439 0 0 0 0
440 1 1 0 0
441 1 0 0 2
442 0 0 0 2
443 0 1 2 0
444 0 0 0 0
445 1 1 0 0
446 1 0 0 0
447 0 0 0 3
448 2 0 0 0
449 1 0 0 1
450 1 1 1 1
451 1 0 1 0
452 0 0 0 0
453 0 1 0 0
454 1 0 0 2
455 1 0 0 0
456 0 0 0 0
457 1 0 1 1
458 2 1 0 1
459 3 1 0 0
460 0 1 1 0
461 0 0 0 1
462 0 0 0 0
463 1 2 0 1
464 0 1 1 0
465 0 0 0 2
466 0 0 1 0
467 1 0 1 3
468 1 2 0 1
469 1 0 0 0
470 2 0 0 1
471 0 0 0 2
472 1 0 1 1
473 2 0 0 0
474 1 1 0 0
475 2 1 0 1
476 1 0 1 1
477 1 0 1 0
478 1 0 0 1
479 1 1 0 1
480 0 1 1 1
481 1 0 0 0
482 0 2 1 0
483 2 2 1 0
484 0 0 1 3
485 1 0 0 0
486 0 1 0 2
487 0 0 0 2
488 1 0 1 1
489 0 0 0 2
490 0 0 1 1
491 0 0 0 0
492 0 0 1 0
493 0 0 0 1
494 1 0 0 1
495 2 0 0 1
496 1 0 0 1
497 1 1 0 0
498 2 0 0 0
499 3 1 0 0
500 2 1 0 0
501 1 1 0 0
502 3 0 1 0
503 1 0 1 1
504 2 2 1 1
505 0 0 0 0
506 0 0 0 2
507 0 2 1 1
508 0 2 0 3
509 2 3 0 0
510 0 0 1 0
511 0 1 0 3
512 0 0 0 2
513 0 1 0 1
514 0 0 0 2
515 1 0 0 0
516 1 0 0 2
517 2 0 0 1
518 1 1 1 1
519 0 0 0 0
520 2 1 0 0
521 3 0 0 0
522 3 1 0 1
523 0 0 0 0
524 4 0 0 1
525 4 0 2 1
526 4 1 2 0
527 2 1 1 0
528 2 0 0 0
529 3 1 1 3
530 2 1 1 2
531 2 3 1 1
532 1 0 0 0
533 2 4 0 3
534 1 2 3 1
535 1 1 1 2
536 0 2 1 0
537 0 1 0 3
538 0 1 1 4
539 2 1 3 0
540 1 0 0 6
541 0 1 1 2
542 2 0 1 2
543 2 0 0 2
544 1 1 0 1
545 2 0 1 2
546 1 0 0 4
547 4 0 1 0
548 1 2 0 3
549 1 1 0 1
550 4 0 1 0
551 2 2 0 1
552 3 1 1 2
553 7 1 0 0
554 7 2 0 0
555 3 1 1 2
556 4 2 3 2
557 5 0 2 1
558 5 1 0 0
559 4 4 3 3
560 1 2 0 3
561 7 2 1 4
562 1 5 5 1
563 1 1 4 7
564 3 2 1 2
565 3 2 1 2
566 2 4 2 8
567 3 1 1 2
568 2 3 0 2
569 0 3 0 7
570 2 1 2 8
571 0 1 0 3
572 6 1 1 4
573 1 1 0 4
574 3 1 1 1
575 3 1 2 1
576 3 0 1 2
577 2 1 1 3
578 2 0 0 1
579 0 2 1 4
580 2 0 2 1
581 0 5 1 3
582 1 0 3 0
583 1 2 1 2
584 3 1 0 2
585 1 3 0 4
586 1 0 0 1
587 2 0 0 4
588 0 1 1 2
589 1 2 1 5
590 0 0 0 0
591 0 0 0 1
592 1 0 1 0
593 1 0 1 2
594 2 1 0 0
595 0 1 0 2
596 0 1 0 2
597 1 1 0 0
598 2 1 0 0
599 1 1 0 1
600 0 0 0 1
601 2 0 0 1
602 0 1 0 0
603 1 0 2 1
604 0 0 1 1
605 1 0 0 1
606 1 1 1 2
607 0 0 1 1
608 0 0 1 1
609 1 0 0 0
610 1 0 1 3
611 1 0 0 1
612 0 1 0 0
613 1 0 0 1
614 0 0 0 1
615 0 2 0 0
616 0 0 1 0
617 0 0 0 0
618 0 0 1 0
619 1 0 0 2
620 1 0 0 1
621 2 0 0 0
622 0 0 1 1
623 0 0 0 0
624 0 0 1 0
625 0 1 0 1
626 0 0 0 1
627 0 0 0 0
628 1 0 0 0
629 0 0 0 0
630 0 1 1 0
631 0 0 0 1
632 0 0 0 1
633 0 1 0 0
634 0 0 0 1
635 0 0 0 0
636 0 0 0 0
637 0 0 0 2
638 0 0 0 0
639 1 0 0 0
640 0 0 0 0
641 0 0 0 0
642 0 0 0 0
643 0 0 0 0
644 0 0 1 0
645 0 0 0 0
646 0 0 0 0
647 0 0 0 0
648 0 0 0 1
649 0 0 0 0
650 0 0 0 0
651 0 0 0 0
652 0 0 0 0
653 0 0 0 0
654 0 0 0 0
655 0 0 0 0
656 0 0 0 0
657 1 0 0 0
658 0 0 0 0
659 0 0 0 0
660 0 0 0 0
661 0 0 0 0
662 0 1 0 0
663 0 0 0 0
664 0 0 0 0
665 0 0 0 0
666 0 0 0 1
667 0 0 0 0
668 0 0 0 0
669 0 0 0 0
670 0 0 0 0
671 0 0 0 0
672 0 0 0 0
673 0 0 0 0
674 0 0 0 0
675 0 0 0 0
676 0 0 0 0
677 0 0 0 0
678 0 0 0 0
679 0 0 0 0
680 0 0 0 0
681 0 0 0 0
682 0 0 0 0
683 0 0 0 0
684 0 0 0 0
685 0 0 0 0
686 0 0 0 0
687 0 0 0 0
688 0 0 0 0
689 0 0 0 0
690 0 0 0 0
691 0 0 0 0
692 0 0 0 0
693 0 0 0 0
694 0 0 0 0
695 0 0 0 0
696 0 0 0 0
697 0 0 0 0
698 0 0 0 0
699 0 0 0 0
700 0 0 0 0
701 0 0 0 0
702 0 0 0 0
703 0 0 0 0
704 0 0 0 0
705 0 0 0 0
706 0 0 0 0
707 0 0 0 0
708 0 0 0 0
709 0 0 0 0
710 0 0 0 0
711 0 0 0 0
712 0 0 0 0
713 0 0 0 0
714 0 0 0 0
715 0 0 0 0
716 0 0 0 0
717 0 0 0 0
718 0 0 0 0
719 0 0 0 0
720 0 0 0 0
721 0 0 0 0
722 0 0 0 0
723 0 0 0 0
724 0 0 0 0
725 0 0 0 0
726 0 0 0 0
727 0 0 0 0
