0 0 0 0 0
1 0 0 0 0
2 0 0 0 0
3 0 0 0 0
4 0 0 0 0
5 0 2 3 0
6 0 0 0 0
7 0 0 0 0
8 0 0 0 0
9 0 0 0 3
10 0 0 0 0
11 0 0 0 0
12 0 0 0 2
13 0 0 0 0
14 0 0 0 0
15 0 0 0 0
16 0 0 0 0
17 0 0 0 0
18 0 0 0 0
19 0 0 0 0
20 0 0 0 0
21 0 0 0 0
22 0 0 0 0
23 0 0 0 0
24 1 0 0 0
25 0 0 0 0
26 1 0 0 0
27 1 0 0 0
28 0 0 0 0
29 0 0 0 0
30 0 0 0 0
31 1 0 0 0
32 0 0 0 0
33 0 1 0 0
34 0 0 0 0
35 0 0 1 0
36 0 1 1 0
37 0 0 0 0
38 0 0 0 0
39 0 0 0 0
40 0 0 0 3
41 0 0 0 0
42 0 0 0 1
43 0 0 0 0
44 0 0 0 0
45 0 0 0 0
46 0 0 0 0
47 1 0 0 0
48 0 0 0 0
49 0 0 0 0
50 0 0 0 0
51 1 0 0 0
52 1 0 0 0
53 1 0 0 0
54 0 0 0 0
55 0 0 0 0
56 0 0 2 0
57 0 0 0 0
58 2 0 0 0
59 0 0 0 0
60 1 0 0 0
61 1 0 1 0
62 0 0 1 0
63 0 0 2 2
64 0 0 0 0
65 0 1 0 0
66 0 0 0 1
67 0 0 0 2
68 1 0 0 1
69 0 0 0 1
70 1 1 0 0
71 0 0 0 0
72 1 0 0 0
73 0 0 1 0
74 0 0 0 1
75 0 0 0 0
76 2 0 0 0
77 2 2 0 1
78 2 0 0 0
79 2 0 0 0
80 1 0 0 0
81 2 1 1 2
82 1 1 1 0
83 0 0 1 0
84 1 0 1 0
85 1 0 0 2
86 0 1 1 1
87 0 2 0 1
88 0 1 0 1
89 0 1 1 1
90 0 1 0 1
91 0 0 0 1
92 0 0 0 0
93 0 0 0 1
94 1 0 0 2
95 1 0 0 1
96 0 0 0 2
97 1 0 0 0
98 0 0 0 0
99 1 0 0 0
100 1 0 0 0
101 2 0 0 0
102 1 1 0 0
103 3 0 1 0
104 2 2 0 0
105 1 0 1 0
106 1 0 1 0
107 0 0 1 0
108 0 0 0 2
109 1 1 0 1
110 1 2 0 2
111 0 0 0 1
112 0 3 0 1
113 1 0 1 1
114 2 0 1 1
115 1 1 0 0
116 0 0 0 2
117 0 0 0 2
118 1 0 0 0
119 2 2 0 1
120 0 1 1 0
121 2 0 0 1
122 1 0 1 1
123 4 0 0 1
124 0 0 1 1
125 1 0 0 0
126 2 1 0 1
127 0 1 1 1
128 1 4 0 0
129 0 0 0 1
130 2 1 0 0
131 0 0 0 3
132 1 1 0 1
133 2 1 0 1
134 0 1 0 1
135 0 1 1 2
136 0 0 0 1
137 2 0 0 1
138 1 1 0 0
139 3 2 0 0
140 1 0 0 1
141 4 0 1 1
142 3 1 0 2
143 2 1 0 1
144 3 0 0 0
145 2 0 0 2
146 3 4 2 2
147 3 2 1 1
148 2 0 4 0
149 1 1 2 0
150 2 1 0 2
151 3 0 2 1
152 1 2 0 1
153 2 0 1 5
154 3 2 1 2
155 1 2 1 6
156 1 0 3 2
157 5 0 2 1
158 1 0 0 4
159 5 1 1 2
160 2 1 1 2
161 4 1 0 1
162 4 4 2 0
163 6 1 1 4
164 8 0 1 3
165 2 2 1 0
166 3 2 1 2
167 5 1 0 2
168 6 5 2 2
169 4 5 0 7
170 6 1 0 2
171 5 4 1 1
172 3 3 2 4
173 2 4 3 5
174 3 2 2 0
175 2 2 2 7
176 3 4 0 4
177 3 3 1 7
178 1 1 1 5
179 7 4 2 6
180 4 3 1 2
181 9 2 2 3
182 6 0 3 1
183 7 1 0 5
184 2 4 1 5
185 8 1 2 5
186 5 3 3 4
187 7 2 4 2
188 6 6 3 3
189 6 3 0 5
190 12 4 5 3
191 8 2 2 5
192 12 2 2 5
193 7 3 2 4
194 7 5 4 11
195 9 7 2 8
196 15 2 5 5
197 8 7 4 5
198 10 2 3 5
199 3 5 5 8
200 5 5 4 9
201 5 5 6 10
202 6 6 3 3
203 7 3 2 7
204 8 4 2 8
205 7 7 3 9
206 8 5 1 9
207 8 8 1 8
208 4 4 2 11
209 7 1 5 9
210 11 5 2 6
211 6 5 5 4
212 5 3 4 7
213 6 3 1 7
214 6 2 1 9
215 5 4 4 7
216 6 2 6 5
217 2 4 3 5
218 6 6 4 7
219 4 6 1 7
220 1 3 1 8
221 5 1 4 6
222 5 3 1 9
223 4 3 3 6
224 7 2 4 7
225 5 2 2 6
226 4 2 0 8
227 5 3 2 6
228 3 2 0 6
229 5 3 1 3
230 4 5 0 2
231 3 4 0 8
232 2 1 5 2
233 0 3 2 4
234 1 2 3 3
235 3 5 0 4
236 0 2 1 4
237 1 0 1 6
238 2 1 2 2
239 2 2 0 5
240 2 0 3 4
241 1 2 0 4
242 5 0 0 7
243 6 1 1 2
244 2 1 2 3
245 5 2 0 1
246 3 0 2 1
247 3 4 0 2
248 2 4 1 1
249 0 1 1 1
250 2 1 1 2
251 1 1 1 3
252 0 4 0 2
253 0 1 1 4
254 0 2 1 4
255 0 0 3 4
256 0 0 2 3
257 1 0 0 3
258 0 0 0 1
259 1 0 1 2
260 3 1 0 3
261 1 0 0 2
262 2 0 0 1
263 0 0 0 2
264 3 0 1 0
265 4 0 0 0
266 2 0 1 0
267 1 1 0 1
268 1 0 1 1
269 2 3 0 0
270 0 1 2 0
271 5 1 1 0
272 2 0 0 0
273 3 1 2 1
274 2 2 1 3
275 1 2 0 3
276 1 2 1 2
277 0 1 1 2
278 0 0 0 2
279 0 0 0 2
280 1 2 2 5
281 0 0 0 2
282 0 0 3 1
283 1 2 0 0
284 0 0 0 4
285 0 1 1 0
286 1 0 0 2
287 2 0 0 2
288 1 0 0 0
289 0 0 0 3
290 0 0 0 1
291 0 0 0 0
292 0 1 1 0
293 0 0 0 0
294 0 0 0 0
295 0 0 1 0
296 0 1 0 1
297 0 1 0 0
298 0 0 0 0
299 0 0 0 2
300 0 0 0 0
301 1 0 0 1
302 0 0 0 0
303 0 0 0 1
304 0 0 0 0
305 0 0 0 0
306 0 1 0 0
307 1 0 0 0
308 0 0 0 0
309 0 0 0 0
310 0 0 0 1
311 1 0 0 0
312 0 0 0 0
313 0 0 0 0
314 0 0 0 0
315 0 0 0 0
316 0 2 0 0
317 0 0 0 0
318 1 0 0 0
319 1 0 0 0
320 0 0 0 1
321 1 0 0 0
322 0 0 0 0
323 0 1 0 1
324 1 0 0 0
325 0 0 0 0
326 0 1 0 0
327 0 0 0 1
328 0 1 0 0
329 0 0 0 0
330 0 0 0 0
331 0 0 0 0
332 0 0 0 1
333 0 1 0 1
334 0 0 0 0
335 0 0 0 0
336 0 0 0 0
337 0 0 0 0
338 0 0 0 1
339 0 0 0 0
340 0 0 0 0
341 1 0 0 0
342 0 0 0 0
343 0 0 0 0
344 0 0 0 0
345 0 0 0 0
346 0 0 0 0
347 1 0 0 0
348 0 0 0 0
349 0 0 0 0
350 0 1 0 0
351 0 0 0 0
352 0 0 0 0
353 0 0 0 0
354 0 0 0 1
355 0 0 0 0
356 0 1 0 0
357 0 0 0 0
358 0 0 0 0
359 0 0 0 0
360 0 0 0 0
361 1 0 0 0
362 0 0 0 0
363 0 0 0 1
364 0 0 0 0
365 0 0 0 0
366 0 0 1 0
367 0 0 0 0
368 0 0 0 0
369 0 0 0 0
370 0 0 0 1
371 0 0 0 0
372 0 0 0 0
373 0 0 0 0
374 0 0 0 0
375 0 0 0 0
376 0 0 0 0
377 0 0 0 0
378 0 0 0 0
379 0 0 0 0
380 0 0 0 0
381 0 0 0 0
382 0 0 0 0
383 0 0 0 0
384 0 0 0 0
385 0 0 0 0
386 0 0 0 0
387 0 0 0 0
388 0 0 0 0
389 0 0 0 0
390 0 0 0 0
391 0 0 0 0
392 0 0 0 0
393 0 0 0 0
394 0 0 0 0
395 0 0 0 0
396 0 0 0 0
397 0 0 0 0
398 0 0 0 0
399 0 0 0 0
400 0 0 0 0
401 0 0 0 0
402 0 0 0 0
403 0 0 0 0
404 0 0 0 0
405 0 0 0 0
406 0 0 0 0
407 0 0 0 0
408 0 0 0 0
409 0 0 0 0
410 0 0 0 0
411 0 0 0 0
412 0 0 0 0
413 0 0 0 0
414 0 0 0 0
415 0 0 0 0
416 0 0 0 0
417 0 0 0 0
418 0 0 0 0
419 0 0 0 0
420 0 0 0 0
421 0 0 0 0
422 0 0 0 0
423 0 0 0 0
424 0 0 0 0
425 0 0 0 0
426 0 0 0 0
427 0 0 0 0
428 0 0 0 0
429 0 0 0 0
430 0 0 0 0
431 0 0 0 0
432 0 0 0 0
433 0 0 0 0
434 0 0 0 0
435 0 0 0 0
436 0 0 0 0
437 0 0 0 0
438 0 0 0 0
439 0 0 0 0
440 0 0 0 0
441 0 0 0 0
442 0 0 0 0
443 0 0 0 0
444 0 0 0 0
445 0 0 0 0
446 0 0 0 0
447 0 0 0 0
448 0 0 0 0
449 0 0 0 0
450 0 0 0 0
451 0 0 0 0
452 0 0 0 0
453 0 0 0 0
454 0 0 0 0
455 0 0 0 0
456 0 0 0 0
457 0 0 0 0
458 0 0 0 0
459 0 0 0 0
460 0 0 0 0
461 0 0 0 0
462 0 0 0 0
463 0 0 0 0
464 0 0 0 0
465 0 0 0 0
466 0 0 0 0
467 0 0 0 0
468 0 0 0 0
469 0 0 0 0
470 0 0 0 0
471 0 0 0 0
472 0 0 0 0
473 0 0 0 0
474 0 0 0 0
475 0 0 0 0
476 0 0 0 0
477 0 0 0 0
478 0 0 0 0
479 0 0 0 0
480 0 0 0 0
481 0 0 0 0
482 0 0 0 0
483 0 0 0 0
484 0 0 0 0
485 0 0 0 0
486 0 0 0 0
487 0 0 0 0
488 0 0 0 0
489 0 0 0 0
490 0 0 0 0
491 0 0 0 0
492 0 0 0 0
493 0 0 0 0
494 0 0 0 0
495 0 0 0 0
496 0 0 0 0
497 0 0 0 0
498 0 0 0 0
499 0 0 0 0
500 0 0 0 0
501 0 0 0 0
502 0 0 0 0
503 0 0 0 0
504 0 0 0 0
505 0 0 0 0
506 0 0 0 0
507 0 0 0 0
508 0 0 0 0
509 0 0 0 0
510 0 0 0 0
511 0 0 0 0
512 0 0 0 0
513 0 0 0 0
514 0 0 0 0
515 0 0 0 0
516 0 0 0 0
517 0 0 0 0
518 0 0 0 0
519 0 0 0 0
520 0 0 0 0
521 0 0 0 0
522 0 0 0 0
523 0 0 0 0
524 0 0 0 0
525 0 0 0 0
526 0 0 0 0
527 0 0 0 0
528 0 0 0 0
529 0 0 0 0
530 0 0 0 0
531 0 0 0 0
532 0 0 0 0
533 0 0 0 0
534 0 0 0 0
535 0 0 0 0
536 0 0 0 0
537 0 0 0 0
538 0 0 0 0
539 0 0 0 0
540 0 0 0 0
541 0 0 0 0
542 0 0 0 0
543 0 0 0 0
544 0 0 0 0
545 0 0 0 0
546 0 0 0 0
547 0 0 0 0
548 0 0 0 0
549 0 0 0 0
550 0 0 0 0
551 0 0 0 0
552 0 0 0 0
553 0 0 0 0
554 0 0 0 0
555 0 0 0 0
556 0 0 0 0
557 0 0 0 0
558 0 0 0 0
559 0 0 0 0
560 0 0 0 0
561 0 0 0 0
562 0 0 0 0
563 0 0 0 0
564 0 0 0 0
565 0 0 0 0
566 0 0 0 0
567 0 0 0 0
568 0 0 0 0
569 0 0 0 0
570 0 0 0 0
571 0 0 0 0
572 0 0 0 0
573 0 0 0 0
574 0 0 0 0
575 0 0 0 0
576 0 0 0 0
577 0 0 0 0
578 0 0 0 0
579 0 0 0 0
580 0 0 0 0
581 0 0 0 0
582 0 0 0 0
583 0 0 0 0
584 0 0 0 0
585 0 0 0 0
586 0 0 0 0
587 0 0 0 0
588 0 0 0 0
589 0 0 0 0
590 0 0 0 0
591 0 0 0 0
592 0 0 0 0
593 0 0 0 0
594 0 0 0 0
595 0 0 0 0
596 0 0 0 0
597 0 0 0 0
598 0 0 0 0
599 0 0 0 0
600 0 0 0 0
601 0 0 0 0
602 0 0 0 0
603 0 0 0 0
604 0 0 0 0
605 0 0 0 0
606 0 0 0 0
607 0 0 0 0
608 0 0 0 0
609 0 0 0 0
610 0 0 0 0
611 0 0 0 0
612 0 0 0 0
613 0 0 0 0
614 0 0 0 0
615 0 0 0 0
616 0 0 0 0
617 0 0 0 0
618 0 0 0 0
619 0 0 0 0
620 0 0 0 0
621 0 0 0 0
622 0 0 0 0
623 0 0 0 0
624 0 0 0 0
625 0 0 0 0
626 0 0 0 0
627 0 0 0 0
628 0 0 0 0
629 0 0 0 0
630 0 0 0 0
631 0 0 0 0
632 0 0 0 0
633 0 0 0 0
634 0 0 0 0
635 0 0 0 0
636 0 0 0 0
637 0 0 0 0
638 0 0 0 0
639 0 0 0 0
640 0 0 0 0
641 0 0 0 0
642 0 0 0 0
643 0 0 0 0
644 0 0 0 0
645 0 0 0 0
646 0 0 0 0
647 0 0 0 0
648 0 0 0 0
649 0 0 0 0
650 0 0 0 0
651 0 0 0 0
652 0 0 0 0
653 0 0 0 0
654 0 0 0 0
655 0 0 0 0
656 0 0 0 0
657 0 0 0 0
658 0 0 0 0
659 0 0 0 0
660 0 0 0 0
661 0 0 0 0
662 0 0 0 0
663 0 0 0 0
664 0 0 0 0
665 0 0 0 0
666 0 0 0 0
667 0 0 0 0
668 0 0 0 0
669 0 0 0 0
670 0 0 0 0
671 0 0 0 0
672 0 0 0 0
673 0 0 0 0
674 0 0 0 0
675 0 0 0 0
676 0 0 0 0
677 0 0 0 0
678 0 0 0 0
679 0 0 0 0
680 0 0 0 0
681 0 0 0 0
682 0 0 0 0
683 0 0 0 0
684 0 0 0 0
685 0 0 0 0
686 0 0 0 0
687 0 0 0 0
688 0 0 0 0
689 0 0 0 0
690 0 0 0 0
691 0 0 0 0
692 0 0 0 0
693 0 0 0 0
694 0 0 0 0
695 0 0 0 0
696 0 0 0 0
697 0 0 0 0
698 0 0 0 0
699 0 0 0 0
700 0 0 0 0
701 0 0 0 0
702 0 0 0 0
703 0 0 0 0
704 0 0 0 0
705 0 0 0 0
706 0 0 0 0
707 0 0 0 0
708 0 0 0 0
709 0 0 0 0
710 0 0 0 0
711 0 0 0 0
712 0 0 0 0
713 0 0 0 0
714 0 0 0 0
715 0 0 0 0
716 0 0 0 0
717 0 0 0 0
718 0 0 0 0
719 0 0 0 0
720 0 0 0 0
721 0 0 0 0
722 0 0 0 0
723 0 0 0 0
724 0 0 0 0
725 0 0 0 0
726 0 0 0 0
727 0 0 0 0
