0 0 0 0 0
1 0 0 0 0
2 0 0 0 0
3 0 0 0 0
4 0 0 0 0
5 0 1 1 0
6 0 0 0 0
7 0 0 0 0
8 0 0 0 0
9 0 3 0 2
10 0 0 0 0
11 0 0 0 0
12 0 0 0 0
13 0 0 0 0
14 0 0 0 0
15 1 0 0 0
16 0 0 0 3
17 0 0 0 0
18 0 0 0 0
19 0 0 0 0
20 0 0 0 0
21 1 0 0 0
22 1 0 0 0
23 0 0 0 0
24 0 0 1 0
25 0 0 0 0
26 1 1 0 0
27 0 0 0 0
28 1 0 0 0
29 0 0 0 0
30 0 0 0 1
31 0 0 1 1
32 2 0 0 0
33 0 0 1 0
34 1 0 0 0
35 0 1 0 0
36 1 0 0 0
37 1 1 0 1
38 0 0 0 1
39 2 1 0 0
40 1 0 0 0
41 0 1 1 1
42 1 0 0 1
43 0 0 0 0
44 2 0 1 0
45 1 0 0 2
46 2 0 1 1
47 0 0 0 0
48 0 1 0 1
49 0 0 3 0
50 1 0 1 1
51 0 2 0 0
52 0 0 0 0
53 0 0 0 1
54 1 0 0 0
55 0 1 1 2
56 0 0 0 2
57 0 0 0 1
58 0 0 0 1
59 0 1 0 0
60 0 0 0 0
61 1 0 0 0
62 3 0 0 2
63 2 0 0 1
64 1 0 0 0
65 2 0 0 0
66 2 0 1 0
67 3 1 0 0
68 1 0 2 0
69 0 1 0 0
70 0 0 2 1
71 2 2 2 0
72 2 1 0 1
73 2 0 1 1
74 0 0 0 2
75 2 0 0 2
76 0 2 1 0
77 1 1 0 1
78 1 1 0 3
79 1 0 0 1
80 1 1 1 1
81 0 0 1 2
82 0 1 1 1
83 3 0 0 1
84 1 2 0 0
85 0 0 0 1
86 1 0 1 0
87 3 1 0 2
88 0 1 1 2
89 3 1 0 2
90 1 0 0 1
91 2 0 0 1
92 3 1 2 0
93 2 0 0 0
94 2 1 0 1
95 1 1 1 2
96 1 1 1 2
97 4 2 0 0
98 3 1 1 1
99 2 0 2 2
100 1 1 1 2
101 1 0 0 0
102 3 3 1 3
103 4 2 1 2
104 0 0 0 2
105 3 2 0 1
106 2 2 1 3
107 2 1 2 5
108 3 4 0 0
109 3 0 0 1
110 2 1 2 2
111 2 1 0 2
112 1 3 0 4
113 1 1 0 2
114 2 1 1 2
115 1 3 0 1
116 4 0 1 2
117 2 2 0 2
118 3 2 0 1
119 3 0 1 4
120 1 1 1 0
121 3 0 3 3
122 3 1 1 3
123 3 2 3 2
124 5 2 1 1
125 6 2 1 2
126 4 2 2 2
127 2 1 1 5
128 3 1 1 2
129 4 3 2 3
130 1 3 1 5
131 4 2 0 2
132 3 1 1 1
133 4 3 1 4
134 4 0 2 6
135 6 2 1 2
136 7 1 3 2
137 10 2 1 3
138 2 4 1 2
139 3 1 1 3
140 3 4 1 3
141 4 2 1 2
142 4 2 3 4
143 5 2 1 2
144 3 3 1 7
145 0 2 4 7
146 2 4 6 2
147 5 1 0 2
148 6 1 0 2
149 1 2 2 5
150 3 1 1 5
151 4 4 1 4
152 4 6 2 4
153 7 3 0 8
154 5 0 0 3
155 8 0 1 1
156 4 0 4 5
157 4 6 1 1
158 6 3 4 4
159 8 4 0 5
160 5 1 5 4
161 9 3 1 1
162 8 2 0 5
163 5 2 7 4
164 8 7 1 9
165 7 0 1 7
166 5 5 1 1
167 8 4 3 6
168 5 3 4 4
169 4 4 5 1
170 4 2 4 9
171 8 3 4 9
172 12 7 0 2
173 7 7 1 10
174 9 4 2 6
175 9 4 0 9
176 7 6 2 6
177 12 7 4 10
178 5 5 2 7
179 8 2 2 4
180 13 3 5 8
181 6 7 2 8
182 11 4 5 5
183 9 4 3 6
184 10 2 6 12
185 6 8 2 8
186 14 3 4 7
187 12 7 2 5
188 11 6 1 8
189 6 8 4 11
190 12 3 3 9
191 10 5 8 7
192 12 4 10 5
193 10 8 3 9
194 15 5 3 7
195 14 7 6 12
196 12 8 1 11
197 13 6 3 11
198 19 7 6 12
199 12 10 3 13
200 10 7 6 8
201 13 8 4 9
202 9 6 3 15
203 13 13 9 9
204 8 11 2 13
205 12 5 5 10
206 12 6 4 14
207 6 3 5 21
208 10 10 1 9
209 7 7 4 7
210 10 13 4 16
211 10 6 3 14
212 8 6 4 11
213 12 9 2 8
214 10 3 3 11
215 11 9 5 11
216 6 8 2 8
217 3 5 2 16
218 7 6 4 9
219 9 4 4 12
220 10 4 5 12
221 1 3 2 3
222 3 6 1 11
223 8 6 3 11
224 4 5 2 10
225 8 7 1 6
226 7 1 1 7
227 5 6 1 11
228 2 4 4 6
229 5 5 3 7
230 8 3 1 4
231 8 2 2 8
232 3 6 1 5
233 8 1 1 6
234 4 4 4 6
235 6 7 3 9
236 4 2 1 9
237 5 2 0 1
238 4 1 5 9
239 3 1 3 9
240 3 6 3 2
241 5 3 0 1
242 1 6 1 6
243 4 6 1 5
244 7 5 2 4
245 3 2 3 6
246 2 3 3 3
247 3 0 1 9
248 3 1 1 4
249 1 1 1 6
250 2 0 1 9
251 2 1 0 4
252 2 2 1 4
253 5 2 5 4
254 4 0 3 0
255 6 2 0 1
256 6 0 2 1
257 9 2 1 3
258 8 2 1 3
259 6 3 2 4
260 7 6 1 6
261 5 2 2 3
262 4 3 3 3
263 1 4 3 6
264 5 0 1 5
265 0 3 5 4
266 0 4 4 3
267 1 2 3 7
268 1 1 5 1
269 2 4 2 7
270 0 1 1 5
271 0 0 1 5
272 0 1 0 6
273 0 2 1 9
274 1 0 0 2
275 0 0 0 5
276 1 0 0 3
277 2 0 0 3
278 2 2 0 0
279 6 1 0 0
280 2 0 0 1
281 1 0 0 0
282 1 0 2 1
283 2 2 0 1
284 0 3 1 0
285 3 2 0 1
286 0 0 0 2
287 1 0 0 1
288 0 1 2 1
289 1 0 0 1
290 0 3 0 1
291 0 0 1 3
292 0 1 1 1
293 0 0 0 0
294 0 0 2 2
295 0 0 0 2
296 1 0 1 2
297 1 0 0 2
298 1 0 0 2
299 0 0 0 0
300 1 0 0 2
301 1 0 0 0
302 0 1 0 0
303 0 1 0 0
304 1 0 0 0
305 1 1 0 0
306 0 1 0 0
307 0 0 0 0
308 1 0 0 0
309 1 1 0 2
310 0 0 0 2
311 0 0 0 0
312 0 0 0 0
313 0 1 1 0
314 0 1 1 0
315 0 0 0 0
316 0 0 0 1
317 0 0 0 1
318 0 0 0 1
319 0 0 0 0
320 0 0 0 1
321 0 0 0 1
322 0 0 0 0
323 0 0 0 0
324 0 0 0 0
325 0 0 0 0
326 0 0 0 0
327 0 0 0 0
328 2 0 0 0
329 0 0 0 0
330 1 0 0 0
331 0 0 0 0
332 0 0 0 0
333 0 0 2 0
334 1 0 0 0
335 0 0 0 0
336 0 0 0 0
337 0 0 0 1
338 0 0 0 0
339 0 1 0 0
340 0 0 0 1
341 0 0 0 0
342 0 0 0 0
343 0 0 1 0
344 0 0 0 1
345 0 0 0 0
346 0 0 0 0
347 0 0 0 0
348 0 0 0 0
349 0 0 0 0
350 0 0 0 1
351 0 0 0 0
352 0 0 0 0
353 0 0 0 0
354 0 0 0 0
355 0 0 0 0
356 0 0 0 0
357 0 0 0 0
358 0 0 0 0
359 0 0 0 0
360 0 0 0 0
361 0 0 0 0
362 0 0 0 0
363 0 0 0 0
364 0 0 0 0
365 0 0 0 0
366 0 0 0 0
367 0 0 0 0
368 0 0 0 0
369 0 0 0 0
370 0 0 0 0
371 0 0 0 0
372 0 0 0 0
373 0 0 0 0
374 0 0 0 0
375 0 0 0 0
376 0 0 0 0
377 0 0 0 0
378 0 0 0 0
379 0 0 0 0
380 0 0 0 0
381 0 0 0 0
382 0 0 0 0
383 0 0 0 0
384 0 0 0 0
385 0 0 0 0
386 0 0 0 0
387 0 0 0 0
388 0 0 0 0
389 0 0 0 0
390 0 0 0 0
391 0 0 0 0
392 0 0 0 0
393 0 0 0 0
394 0 0 0 0
395 0 0 0 0
396 0 0 0 0
397 0 0 0 0
398 0 0 0 0
399 0 0 0 0
400 0 0 0 0
401 0 0 0 0
402 0 0 0 0
403 0 0 0 0
404 0 0 0 0
405 0 0 0 0
406 0 0 0 0
407 0 0 0 0
408 0 0 0 0
409 0 0 0 0
410 0 0 0 0
411 0 0 0 0
412 0 0 0 0
413 0 0 0 0
414 0 0 0 0
415 0 0 0 0
416 0 0 0 0
417 0 0 0 0
418 0 0 0 0
419 0 0 0 0
420 0 0 0 0
421 0 0 0 0
422 0 0 0 0
423 0 0 0 0
424 0 0 0 0
425 0 0 0 0
426 0 0 0 0
427 0 0 0 0
428 0 0 0 0
429 0 0 0 0
430 0 0 0 0
431 0 0 0 0
432 0 0 0 0
433 0 0 0 0
434 0 0 0 0
435 0 0 0 0
436 0 0 0 0
437 0 0 0 0
438 0 0 0 0
439 0 0 0 0
440 0 0 0 0
441 0 0 0 0
442 0 0 0 0
443 0 0 0 0
444 0 0 0 0
445 0 0 0 0
446 0 0 0 0
447 0 0 0 0
448 0 0 0 0
449 0 0 0 0
450 0 0 0 0
451 0 0 0 0
452 0 0 0 0
453 0 0 0 0
454 0 0 0 0
455 0 0 0 0
456 0 0 0 0
457 0 0 0 0
458 0 0 0 0
459 0 0 0 0
460 0 0 0 0
461 0 0 0 0
462 0 0 0 0
463 0 0 0 0
464 0 0 0 0
465 0 0 0 0
466 0 0 0 0
467 0 0 0 0
468 0 0 0 0
469 0 0 0 0
470 0 0 0 0
471 0 0 0 0
472 0 0 0 0
473 0 0 0 0
474 0 0 0 0
475 0 0 0 0
476 0 0 0 0
477 0 0 0 0
478 0 0 0 0
479 0 0 0 0
480 0 0 0 0
481 0 0 0 0
482 0 0 0 0
483 0 0 0 0
484 0 0 0 0
485 0 0 0 0
486 0 0 0 0
487 0 0 0 0
488 0 0 0 0
489 0 0 0 0
490 0 0 0 0
491 0 0 0 0
492 0 0 0 0
493 0 0 0 0
494 0 0 0 0
495 0 0 0 0
496 0 0 0 0
497 0 0 0 0
498 0 0 0 0
499 0 0 0 0
500 0 0 0 0
501 0 0 0 0
502 0 0 0 0
503 0 0 0 0
504 0 0 0 0
505 0 0 0 0
506 0 0 0 0
507 0 0 0 0
508 0 0 0 0
509 0 0 0 0
510 0 0 0 0
511 0 0 0 0
512 0 0 0 0
513 0 0 0 0
514 0 0 0 0
515 0 0 0 0
516 0 0 0 0
517 0 0 0 0
518 0 0 0 0
519 0 0 0 0
520 0 0 0 0
521 0 0 0 0
522 0 0 0 0
523 0 0 0 0
524 0 0 0 0
525 0 0 0 0
526 0 0 0 0
527 0 0 0 0
528 0 0 0 0
529 0 0 0 0
530 0 0 0 0
531 0 0 0 0
532 0 0 0 0
533 0 0 0 0
534 0 0 0 0
535 0 0 0 0
536 0 0 0 0
537 0 0 0 0
538 0 0 0 0
539 0 0 0 0
540 0 0 0 0
541 0 0 0 0
542 0 0 0 0
543 0 0 0 0
544 0 0 0 0
545 0 0 0 0
546 0 0 0 0
547 0 0 0 0
548 0 0 0 0
549 0 0 0 0
550 0 0 0 0
551 0 0 0 0
552 0 0 0 0
553 0 0 0 0
554 0 0 0 0
555 0 0 0 0
556 0 0 0 0
557 0 0 0 0
558 0 0 0 0
559 0 0 0 0
560 0 0 0 0
561 0 0 0 0
562 0 0 0 0
563 0 0 0 0
564 0 0 0 0
565 0 0 0 0
566 0 0 0 0
567 0 0 0 0
568 0 0 0 0
569 0 0 0 0
570 0 0 0 0
571 0 0 0 0
572 0 0 0 0
573 0 0 0 0
574 0 0 0 0
575 0 0 0 0
576 0 0 0 0
577 0 0 0 0
578 0 0 0 0
579 0 0 0 0
580 0 0 0 0
581 0 0 0 0
582 0 0 0 0
583 0 0 0 0
584 0 0 0 0
585 0 0 0 0
586 0 0 0 0
587 0 0 0 0
588 0 0 0 0
589 0 0 0 0
590 0 0 0 0
591 0 0 0 0
592 0 0 0 0
593 0 0 0 0
594 0 0 0 0
595 0 0 0 0
596 0 0 0 0
597 0 0 0 0
598 0 0 0 0
599 0 0 0 0
600 0 0 0 0
601 0 0 0 0
602 0 0 0 0
603 0 0 0 0
604 0 0 0 0
605 0 0 0 0
606 0 0 0 0
607 0 0 0 0
608 0 0 0 0
609 0 0 0 0
610 0 0 0 0
611 0 0 0 0
612 0 0 0 0
613 0 0 0 0
614 0 0 0 0
615 0 0 0 0
616 0 0 0 0
617 0 0 0 0
618 0 0 0 0
619 0 0 0 0
620 0 0 0 0
621 0 0 0 0
622 0 0 0 0
623 0 0 0 0
624 0 0 0 0
625 0 0 0 0
626 0 0 0 0
627 0 0 0 0
628 0 0 0 0
629 0 0 0 0
630 0 0 0 0
631 0 0 0 0
632 0 0 0 0
633 0 0 0 0
634 0 0 0 0
635 0 0 0 0
636 0 0 0 0
637 0 0 0 0
638 0 0 0 0
639 0 0 0 0
640 0 0 0 0
641 0 0 0 0
642 0 0 0 0
643 0 0 0 0
644 0 0 0 0
645 0 0 0 0
646 0 0 0 0
647 0 0 0 0
648 0 0 0 0
649 0 0 0 0
650 0 0 0 0
651 0 0 0 0
652 0 0 0 0
653 0 0 0 0
654 0 0 0 0
655 0 0 0 0
656 0 0 0 0
657 0 0 0 0
658 0 0 0 0
659 0 0 0 0
660 0 0 0 0
661 0 0 0 0
662 0 0 0 0
663 0 0 0 0
664 0 0 0 0
665 0 0 0 0
666 0 0 0 0
667 0 0 0 0
668 0 0 0 0
669 0 0 0 0
670 0 0 0 0
671 0 0 0 0
672 0 0 0 0
673 0 0 0 0
674 0 0 0 0
675 0 0 0 0
676 0 0 0 0
677 0 0 0 0
678 0 0 0 0
679 0 0 0 0
680 0 0 0 0
681 0 0 0 0
682 0 0 0 0
683 0 0 0 0
684 0 0 0 0
685 0 0 0 0
686 0 0 0 0
687 0 0 0 0
688 0 0 0 0
689 0 0 0 0
690 0 0 0 0
691 0 0 0 0
692 0 0 0 0
693 0 0 0 0
694 0 0 0 0
695 0 0 0 0
696 0 0 0 0
697 0 0 0 0
698 0 0 0 0
699 0 0 0 0
700 0 0 0 0
701 0 0 0 0
702 0 0 0 0
703 0 0 0 0
704 0 0 0 0
705 0 0 0 0
706 0 0 0 0
707 0 0 0 0
708 0 0 0 0
709 0 0 0 0
710 0 0 0 0
711 0 0 0 0
712 0 0 0 0
713 0 0 0 0
714 0 0 0 0
715 0 0 0 0
716 0 0 0 0
717 0 0 0 0
718 0 0 0 0
719 0 0 0 0
720 0 0 0 0
721 0 0 0 0
722 0 0 0 0
723 0 0 0 0
724 0 0 0 0
725 0 0 0 0
726 0 0 0 0
727 0 0 0 0
