0 0 0 0 0
1 0 0 0 0
2 0 0 0 0
3 0 0 0 0
4 0 0 0 0
5 0 1 0 0
6 0 0 0 0
7 0 0 0 0
8 0 1 0 0
9 0 2 1 1
10 0 0 0 0
11 0 0 0 0
12 0 0 0 0
13 0 0 0 2
14 0 0 0 0
15 0 0 0 1
16 0 0 0 1
17 0 0 0 0
18 0 0 0 0
19 0 0 0 0
20 1 0 0 0
21 1 0 0 0
22 1 0 0 0
23 1 0 0 0
24 0 0 0 0
25 2 0 1 0
26 1 1 0 0
27 1 0 1 0
28 1 1 0 0
29 1 0 0 0
30 2 2 0 0
31 1 0 0 0
32 1 0 1 2
33 1 0 1 1
34 1 0 0 2
35 0 1 2 0
36 1 1 0 1
37 0 1 0 2
38 0 1 1 0
39 0 1 0 2
40 0 0 0 1
41 1 1 0 0
42 0 0 0 1
43 1 0 0 0
44 0 0 0 1
45 0 0 0 2
46 2 1 0 1
47 2 0 0 0
48 0 0 0 1
49 2 0 0 0
50 2 0 0 0
51 5 0 1 1
52 2 1 1 0
53 2 0 0 0
54 4 0 1 0
55 2 1 0 0
56 3 2 2 2
57 3 0 1 0
58 2 2 0 1
59 3 4 1 1
60 2 0 1 2
61 0 1 1 1
62 2 3 2 0
63 0 2 0 6
64 1 1 2 0
65 1 1 2 4
66 2 1 1 4
67 2 2 1 2
68 1 0 1 1
69 0 1 0 4
70 1 1 0 1
71 1 0 1 4
72 4 0 0 3
73 4 0 0 3
74 5 0 0 2
75 3 0 2 1
76 0 1 1 0
77 2 2 1 0
78 4 1 0 0
79 4 1 2 1
80 4 2 0 0
81 4 1 2 1
82 2 2 1 1
83 2 3 0 4
84 1 4 2 4
85 4 3 0 3
86 2 2 0 2
87 2 1 1 2
88 3 0 2 3
89 1 1 0 3
90 2 3 2 2
91 2 3 0 4
92 6 2 0 2
93 3 1 2 1
94 0 2 0 6
95 6 2 0 5
96 5 1 0 1
97 4 2 3 2
98 0 2 0 0
99 4 1 1 4
100 6 3 0 5
101 6 3 2 5
102 8 3 1 1
103 5 0 0 2
104 6 3 4 3
105 3 3 2 3
106 8 0 1 2
107 6 2 1 0
108 2 4 3 7
109 2 2 1 5
110 4 3 5 0
111 6 6 3 3
112 6 5 1 8
113 3 4 2 4
114 8 2 0 5
115 6 0 5 6
116 4 3 1 3
117 6 1 2 9
118 7 2 1 6
119 4 4 3 7
120 9 4 3 5
121 5 4 2 2
122 6 3 1 2
123 6 2 4 2
124 4 2 3 3
125 11 3 4 10
126 7 4 1 9
127 7 2 3 6
128 7 5 1 1
129 8 3 2 1
130 10 4 5 6
131 4 5 3 8
132 5 4 2 11
133 7 5 2 8
134 7 8 3 6
135 6 5 3 4
136 9 3 3 4
137 5 2 4 9
138 14 2 5 11
139 7 4 3 6
140 9 5 1 5
141 15 3 1 8
142 11 4 2 7
143 15 4 6 7
144 10 6 1 7
145 15 4 6 3
146 7 5 6 9
147 13 10 6 6
148 13 6 1 6
149 11 7 5 9
150 12 6 6 13
151 12 5 2 13
152 13 11 6 10
153 8 9 3 10
154 18 10 6 16
155 12 9 1 5
156 15 6 3 14
157 8 10 3 10
158 18 4 5 15
159 12 9 5 13
160 15 6 6 9
161 18 8 5 14
162 17 6 2 12
163 20 11 8 15
164 8 7 5 9
165 20 6 6 8
166 17 4 6 12
167 8 12 9 18
168 15 15 5 14
169 16 8 4 11
170 22 13 13 8
171 15 10 5 18
172 24 8 6 17
173 16 6 6 15
174 19 9 4 19
175 12 16 5 13
176 16 8 5 12
177 12 7 10 19
178 11 8 10 14
179 25 12 6 17
180 20 9 5 11
181 12 14 8 21
182 20 10 3 20
183 20 11 5 16
184 34 11 4 10
185 21 14 5 21
186 20 7 2 20
187 12 10 4 19
188 27 19 10 15
189 25 11 15 15
190 23 10 9 14
191 36 14 11 16
192 20 6 5 22
193 28 18 11 12
194 24 11 13 18
195 29 12 6 21
196 25 12 16 23
197 31 14 10 19
198 28 13 12 26
199 26 12 7 14
200 21 17 13 27
201 22 14 12 26
202 25 19 13 23
203 17 18 18 28
204 22 20 4 28
205 30 10 8 22
206 15 15 14 29
207 21 10 9 38
208 28 13 10 27
209 17 15 9 20
210 27 19 10 29
211 15 9 11 22
212 22 11 8 24
213 16 19 8 27
214 16 13 7 22
215 12 15 7 23
216 8 13 7 23
217 19 18 10 27
218 15 11 3 15
219 10 15 7 16
220 12 5 7 27
221 13 6 3 29
222 10 9 13 20
223 18 5 8 16
224 14 7 3 19
225 15 7 4 11
226 10 5 4 24
227 14 9 6 18
228 13 10 6 7
229 11 4 7 15
230 8 6 9 7
231 9 9 3 19
232 10 8 5 12
233 7 13 5 9
234 8 5 5 11
235 8 7 2 17
236 6 6 4 13
237 5 6 4 18
238 5 8 5 8
239 5 7 2 10
240 2 5 4 12
241 9 5 1 13
242 7 2 1 13
243 4 3 2 10
244 6 4 4 9
245 6 1 2 10
246 4 3 3 7
247 4 3 2 4
248 4 5 0 5
249 3 3 3 3
250 3 11 0 8
251 6 2 3 6
252 3 4 2 3
253 4 2 1 7
254 1 2 3 10
255 5 3 2 3
256 2 1 1 4
257 1 3 1 9
258 2 2 1 7
259 2 1 1 6
260 2 4 3 0
261 1 2 1 5
262 2 2 1 2
263 2 1 1 3
264 2 1 3 3
265 6 1 1 2
266 0 1 0 1
267 0 0 1 8
268 0 2 0 4
269 1 0 1 3
270 1 2 0 1
271 2 1 1 3
272 2 1 0 3
273 2 0 1 1
274 2 0 2 2
275 5 1 0 0
276 2 1 0 1
277 5 0 1 2
278 2 2 1 4
279 0 0 0 1
280 2 4 0 0
281 3 2 1 1
282 2 1 1 1
283 3 2 0 1
284 2 0 2 3
285 1 2 0 5
286 0 5 1 2
287 2 3 0 3
288 1 2 0 1
289 1 1 0 1
290 1 0 0 6
291 0 1 0 1
292 1 2 0 1
293 0 1 1 2
294 1 0 2 2
295 0 0 0 2
296 0 1 0 1
297 0 0 0 1
298 0 0 0 2
299 1 2 0 2
300 0 0 0 2
301 1 0 1 0
302 0 0 0 0
303 0 0 0 1
304 2 0 0 0
305 1 0 0 1
306 0 0 1 1
307 0 0 0 0
308 1 1 0 0
309 0 0 1 0
310 0 0 0 0
311 0 0 1 0
312 0 0 0 1
313 0 0 1 1
314 0 0 0 0
315 0 0 0 1
316 0 0 0 1
317 0 0 1 1
318 0 0 0 0
319 0 0 0 0
320 0 0 0 0
321 0 0 0 0
322 1 0 0 0
323 1 0 0 1
324 0 0 0 0
325 1 0 0 0
326 0 0 0 0
327 0 1 0 0
328 1 1 0 0
329 0 0 0 0
330 0 1 0 0
331 0 0 0 0
332 0 0 0 1
333 0 0 0 0
334 0 1 0 2
335 1 0 0 0
336 0 0 0 0
337 0 0 0 0
338 0 0 0 1
339 0 0 0 0
340 0 1 0 0
341 0 0 0 0
342 0 0 0 0
343 0 0 0 0
344 0 0 0 1
345 0 0 0 0
346 0 0 0 0
347 0 0 0 0
348 0 0 0 0
349 0 0 0 0
350 0 0 0 0
351 0 0 0 0
352 0 0 0 0
353 0 0 0 0
354 0 0 0 0
355 0 0 0 0
356 0 0 0 0
357 0 0 0 0
358 0 0 0 0
359 0 0 0 0
360 0 0 0 0
361 0 0 0 0
362 0 0 0 0
363 0 0 0 0
364 0 0 0 0
365 0 0 0 0
366 0 0 0 0
367 0 0 0 0
368 0 0 0 0
369 0 0 0 0
370 0 0 0 0
371 0 0 0 0
372 0 0 0 0
373 0 0 0 0
374 0 0 0 0
375 0 0 0 0
376 0 0 0 0
377 0 0 0 0
378 0 0 0 0
379 0 0 0 0
380 0 0 0 0
381 0 0 0 0
382 0 0 0 0
383 0 0 0 0
384 0 0 0 0
385 0 0 0 0
386 0 0 0 0
387 0 0 0 0
388 0 0 0 0
389 0 0 0 0
390 0 0 0 0
391 0 0 0 0
392 0 0 0 0
393 0 0 0 0
394 0 0 0 0
395 0 0 0 0
396 0 0 0 0
397 0 0 0 0
398 0 0 0 0
399 0 0 0 0
400 0 0 0 0
401 0 0 0 0
402 0 0 0 0
403 0 0 0 0
404 0 0 0 0
405 0 0 0 0
406 0 0 0 0
407 0 0 0 0
408 0 0 0 0
409 0 0 0 0
410 0 0 0 0
411 0 0 0 0
412 0 0 0 0
413 0 0 0 0
414 0 0 0 0
415 0 0 0 0
416 0 0 0 0
417 0 0 0 0
418 0 0 0 0
419 0 0 0 0
420 0 0 0 0
421 0 0 0 0
422 0 0 0 0
423 0 0 0 0
424 0 0 0 0
425 0 0 0 0
426 0 0 0 0
427 0 0 0 0
428 0 0 0 0
429 0 0 0 0
430 0 0 0 0
431 0 0 0 0
432 0 0 0 0
433 0 0 0 0
434 0 0 0 0
435 0 0 0 0
436 0 0 0 0
437 0 0 0 0
438 0 0 0 0
439 0 0 0 0
440 0 0 0 0
441 0 0 0 0
442 0 0 0 0
443 0 0 0 0
444 0 0 0 0
445 0 0 0 0
446 0 0 0 0
447 0 0 0 0
448 0 0 0 0
449 0 0 0 0
450 0 0 0 0
451 0 0 0 0
452 0 0 0 0
453 0 0 0 0
454 0 0 0 0
455 0 0 0 0
456 0 0 0 0
457 0 0 0 0
458 0 0 0 0
459 0 0 0 0
460 0 0 0 0
461 0 0 0 0
462 0 0 0 0
463 0 0 0 0
464 0 0 0 0
465 0 0 0 0
466 0 0 0 0
467 0 0 0 0
468 0 0 0 0
469 0 0 0 0
470 0 0 0 0
471 0 0 0 0
472 0 0 0 0
473 0 0 0 0
474 0 0 0 0
475 0 0 0 0
476 0 0 0 0
477 0 0 0 0
478 0 0 0 0
479 0 0 0 0
480 0 0 0 0
481 0 0 0 0
482 0 0 0 0
483 0 0 0 0
484 0 0 0 0
485 0 0 0 0
486 0 0 0 0
487 0 0 0 0
488 0 0 0 0
489 0 0 0 0
490 0 0 0 0
491 0 0 0 0
492 0 0 0 0
493 0 0 0 0
494 0 0 0 0
495 0 0 0 0
496 0 0 0 0
497 0 0 0 0
498 0 0 0 0
499 0 0 0 0
500 0 0 0 0
501 0 0 0 0
502 0 0 0 0
503 0 0 0 0
504 0 0 0 0
505 0 0 0 0
506 0 0 0 0
507 0 0 0 0
508 0 0 0 0
509 0 0 0 0
510 0 0 0 0
511 0 0 0 0
512 0 0 0 0
513 0 0 0 0
514 0 0 0 0
515 0 0 0 0
516 0 0 0 0
517 0 0 0 0
518 0 0 0 0
519 0 0 0 0
520 0 0 0 0
521 0 0 0 0
522 0 0 0 0
523 0 0 0 0
524 0 0 0 0
525 0 0 0 0
526 0 0 0 0
527 0 0 0 0
528 0 0 0 0
529 0 0 0 0
530 0 0 0 0
531 0 0 0 0
532 0 0 0 0
533 0 0 0 0
534 0 0 0 0
535 0 0 0 0
536 0 0 0 0
537 0 0 0 0
538 0 0 0 0
539 0 0 0 0
540 0 0 0 0
541 0 0 0 0
542 0 0 0 0
543 0 0 0 0
544 0 0 0 0
545 0 0 0 0
546 0 0 0 0
547 0 0 0 0
548 0 0 0 0
549 0 0 0 0
550 0 0 0 0
551 0 0 0 0
552 0 0 0 0
553 0 0 0 0
554 0 0 0 0
555 0 0 0 0
556 0 0 0 0
557 0 0 0 0
558 0 0 0 0
559 0 0 0 0
560 0 0 0 0
561 0 0 0 0
562 0 0 0 0
563 0 0 0 0
564 0 0 0 0
565 0 0 0 0
566 0 0 0 0
567 0 0 0 0
568 0 0 0 0
569 0 0 0 0
570 0 0 0 0
571 0 0 0 0
572 0 0 0 0
573 0 0 0 0
574 0 0 0 0
575 0 0 0 0
576 0 0 0 0
577 0 0 0 0
578 0 0 0 0
579 0 0 0 0
580 0 0 0 0
581 0 0 0 0
582 0 0 0 0
583 0 0 0 0
584 0 0 0 0
585 0 0 0 0
586 0 0 0 0
587 0 0 0 0
588 0 0 0 0
589 0 0 0 0
590 0 0 0 0
591 0 0 0 0
592 0 0 0 0
593 0 0 0 0
594 0 0 0 0
595 0 0 0 0
596 0 0 0 0
597 0 0 0 0
598 0 0 0 0
599 0 0 0 0
600 0 0 0 0
601 0 0 0 0
602 0 0 0 0
603 0 0 0 0
604 0 0 0 0
605 0 0 0 0
606 0 0 0 0
607 0 0 0 0
608 0 0 0 0
609 0 0 0 0
610 0 0 0 0
611 0 0 0 0
612 0 0 0 0
613 0 0 0 0
614 0 0 0 0
615 0 0 0 0
616 0 0 0 0
617 0 0 0 0
618 0 0 0 0
619 0 0 0 0
620 0 0 0 0
621 0 0 0 0
622 0 0 0 0
623 0 0 0 0
624 0 0 0 0
625 0 0 0 0
626 0 0 0 0
627 0 0 0 0
628 0 0 0 0
629 0 0 0 0
630 0 0 0 0
631 0 0 0 0
632 0 0 0 0
633 0 0 0 0
634 0 0 0 0
635 0 0 0 0
636 0 0 0 0
637 0 0 0 0
638 0 0 0 0
639 0 0 0 0
640 0 0 0 0
641 0 0 0 0
642 0 0 0 0
643 0 0 0 0
644 0 0 0 0
645 0 0 0 0
646 0 0 0 0
647 0 0 0 0
648 0 0 0 0
649 0 0 0 0
650 0 0 0 0
651 0 0 0 0
652 0 0 0 0
653 0 0 0 0
654 0 0 0 0
655 0 0 0 0
656 0 0 0 0
657 0 0 0 0
658 0 0 0 0
659 0 0 0 0
660 0 0 0 0
661 0 0 0 0
662 0 0 0 0
663 0 0 0 0
664 0 0 0 0
665 0 0 0 0
666 0 0 0 0
667 0 0 0 0
668 0 0 0 0
669 0 0 0 0
670 0 0 0 0
671 0 0 0 0
672 0 0 0 0
673 0 0 0 0
674 0 0 0 0
675 0 0 0 0
676 0 0 0 0
677 0 0 0 0
678 0 0 0 0
679 0 0 0 0
680 0 0 0 0
681 0 0 0 0
682 0 0 0 0
683 0 0 0 0
684 0 0 0 0
685 0 0 0 0
686 0 0 0 0
687 0 0 0 0
688 0 0 0 0
689 0 0 0 0
690 0 0 0 0
691 0 0 0 0
692 0 0 0 0
693 0 0 0 0
694 0 0 0 0
695 0 0 0 0
696 0 0 0 0
697 0 0 0 0
698 0 0 0 0
699 0 0 0 0
700 0 0 0 0
701 0 0 0 0
702 0 0 0 0
703 0 0 0 0
704 0 0 0 0
705 0 0 0 0
706 0 0 0 0
707 0 0 0 0
708 0 0 0 0
709 0 0 0 0
710 0 0 0 0
711 0 0 0 0
712 0 0 0 0
713 0 0 0 0
714 0 0 0 0
715 0 0 0 0
716 0 0 0 0
717 0 0 0 0
718 0 0 0 0
719 0 0 0 0
720 0 0 0 0
721 0 0 0 0
722 0 0 0 0
723 0 0 0 0
724 0 0 0 0
725 0 0 0 0
726 0 0 0 0
727 0 0 0 0
