0 0 0 0 0
1 0 0 0 0
2 0 0 0 0
3 0 0 0 0
4 0 0 0 0
5 0 2 2 0
6 0 0 0 0
7 0 0 0 0
8 0 0 0 0
9 0 1 0 2
10 1 0 0 0
11 1 0 0 0
12 0 0 0 2
13 0 0 0 1
14 0 0 0 0
15 0 1 0 0
16 1 1 0 0
17 1 0 0 0
18 2 0 0 0
19 0 0 0 0
20 1 0 0 1
21 0 0 0 0
22 2 0 0 1
23 3 2 0 0
24 1 0 0 0
25 1 0 2 0
26 2 1 0 0
27 2 1 0 0
28 2 0 0 0
29 1 0 1 0
30 1 0 0 3
31 2 1 3 1
32 1 0 2 1
33 1 0 2 0
34 5 2 0 1
35 2 1 0 3
36 1 3 1 3
37 2 0 1 1
38 1 0 0 2
39 1 0 1 1
40 0 0 0 1
41 3 2 0 1
42 1 0 2 0
43 2 3 1 5
44 1 0 2 1
45 2 0 0 0
46 0 2 2 1
47 1 0 0 0
48 3 2 0 4
49 3 0 0 1
50 3 2 0 4
51 2 0 0 1
52 2 1 1 1
53 2 2 1 3
54 2 2 0 2
55 2 1 2 1
56 4 1 2 1
57 2 0 3 2
58 3 2 0 2
59 2 0 1 1
60 4 0 0 3
61 0 0 2 2
62 3 1 0 4
63 1 1 3 2
64 1 2 2 1
65 3 3 2 2
66 4 1 0 0
67 2 2 0 1
68 2 0 0 4
69 3 1 1 3
70 1 1 0 5
71 4 1 0 2
72 4 1 1 2
73 3 0 2 1
74 3 4 0 1
75 1 3 2 1
76 3 1 2 3
77 6 3 1 1
78 6 0 4 1
79 3 0 1 4
80 5 3 0 2
81 3 1 1 8
82 3 0 4 3
83 3 3 3 3
84 4 0 3 2
85 6 2 2 4
86 5 1 4 1
87 5 2 1 4
88 4 2 1 1
89 11 2 3 6
90 4 2 2 5
91 5 5 0 4
92 3 2 0 3
93 3 1 3 7
94 4 3 3 1
95 4 2 2 4
96 3 2 4 1
97 3 0 2 7
98 4 4 3 5
99 4 2 3 4
100 4 3 2 5
101 3 3 2 4
102 4 3 1 5
103 8 2 1 6
104 6 2 2 4
105 10 1 0 7
106 6 3 3 2
107 9 2 1 3
108 5 5 1 5
109 5 4 3 4
110 6 2 4 6
111 4 3 3 3
112 5 8 3 1
113 10 3 0 5
114 7 5 3 6
115 7 5 3 11
116 4 4 0 8
117 6 1 5 4
118 8 3 1 6
119 5 1 3 9
120 7 4 1 2
121 7 3 1 6
122 7 6 7 7
123 6 5 3 4
124 6 2 2 4
125 11 4 4 4
126 13 0 2 12
127 8 6 4 7
128 9 4 2 4
129 9 2 4 8
130 8 9 2 5
131 10 5 7 9
132 7 4 4 7
133 10 4 4 5
134 6 5 4 12
135 10 3 4 10
136 13 4 6 9
137 11 3 1 9
138 14 8 4 7
139 8 5 3 8
140 14 6 2 8
141 10 9 3 5
142 17 6 1 8
143 13 8 3 9
144 15 5 2 7
145 13 10 7 14
146 19 8 2 7
147 9 9 5 9
148 10 5 8 7
149 8 9 4 13
150 11 14 4 12
151 14 10 4 7
152 18 7 3 16
153 13 11 4 10
154 16 3 4 17
155 20 13 2 12
156 7 6 4 13
157 16 9 7 22
158 14 5 7 10
159 19 10 7 16
160 13 13 8 14
161 12 4 4 9
162 16 3 6 10
163 19 10 6 9
164 21 11 10 20
165 28 9 3 10
166 19 7 10 14
167 19 4 7 19
168 20 13 7 17
169 17 7 7 9
170 19 13 8 18
171 15 9 5 13
172 23 8 7 18
173 22 18 7 16
174 26 15 6 21
175 25 14 12 14
176 25 7 11 15
177 18 13 9 17
178 17 7 14 15
179 23 13 8 19
180 24 8 9 21
181 19 15 5 32
182 17 10 9 28
183 23 16 9 20
184 20 12 14 12
185 25 13 12 21
186 21 13 9 23
187 26 10 6 20
188 32 10 11 24
189 31 11 6 20
190 24 13 9 23
191 31 11 8 21
192 32 16 7 20
193 27 18 12 19
194 30 19 10 17
195 36 8 9 20
196 33 17 12 22
197 28 18 14 23
198 29 16 10 23
199 23 17 16 23
200 18 22 16 33
201 30 23 15 31
202 18 16 11 19
203 31 17 8 24
204 25 17 10 37
205 19 14 4 32
206 19 16 11 34
207 13 14 11 29
208 13 13 8 35
209 14 13 11 29
210 20 25 8 25
211 13 10 10 24
212 13 13 13 12
213 19 17 5 26
214 15 12 5 37
215 15 12 9 25
216 11 9 2 22
217 10 7 5 26
218 10 12 5 20
219 12 7 9 23
220 13 7 8 13
221 12 5 7 13
222 9 9 3 18
223 13 5 6 12
224 17 7 4 15
225 9 9 4 14
226 10 7 4 12
227 8 5 5 14
228 5 3 8 8
229 7 4 3 14
230 10 2 9 9
231 6 3 8 13
232 10 10 0 13
233 5 12 6 9
234 8 6 2 14
235 4 8 2 13
236 5 4 3 11
237 6 6 2 12
238 4 3 1 8
239 8 6 3 7
240 5 5 2 12
241 7 3 4 9
242 7 2 5 9
243 4 2 2 6
244 6 3 3 6
245 3 2 2 5
246 7 2 3 12
247 1 2 2 10
248 2 5 0 4
249 2 3 4 4
250 2 4 1 4
251 5 4 3 5
252 4 1 1 3
253 6 2 1 4
254 4 1 1 6
255 5 2 3 7
256 0 1 1 5
257 2 1 2 3
258 3 1 4 4
259 0 3 1 6
260 3 2 5 3
261 2 1 1 3
262 2 3 1 4
263 2 2 1 3
264 1 3 0 4
265 1 0 1 3
266 1 1 0 5
267 2 2 2 6
268 0 1 0 2
269 1 2 1 2
270 0 1 0 2
271 3 2 0 3
272 1 0 1 0
273 1 0 0 1
274 2 0 1 3
275 2 0 0 1
276 1 0 1 3
277 2 1 0 0
278 1 1 1 3
279 0 0 0 0
280 1 3 0 1
281 0 0 2 0
282 0 0 1 1
283 1 2 0 0
284 0 1 0 2
285 0 0 1 3
286 1 1 0 1
287 0 0 1 3
288 0 0 0 1
289 1 0 0 1
290 2 0 0 1
291 0 0 0 1
292 1 0 1 0
293 1 0 0 1
294 0 0 0 0
295 0 0 2 0
296 0 0 0 1
297 0 0 0 0
298 0 2 0 0
299 0 1 0 1
300 0 0 0 0
301 0 0 1 0
302 0 0 0 2
303 0 0 0 0
304 0 0 0 0
305 0 0 0 1
306 0 0 0 1
307 0 0 0 0
308 0 0 0 1
309 0 0 0 0
310 0 0 0 0
311 0 0 0 0
312 0 0 0 0
313 0 0 0 0
314 0 0 0 0
315 0 0 0 0
316 0 0 0 0
317 0 0 0 0
318 0 0 0 0
319 0 0 0 0
320 0 0 0 0
321 0 0 0 0
322 0 0 0 0
323 0 0 0 0
324 0 0 0 0
325 0 0 0 0
326 0 0 0 0
327 0 0 0 0
328 0 0 0 0
329 0 0 0 0
330 0 0 0 0
331 0 0 0 0
332 0 0 0 0
333 0 0 0 0
334 0 0 0 0
335 0 0 0 0
336 0 0 0 0
337 0 0 0 0
338 0 0 0 0
339 0 0 0 0
340 0 0 0 0
341 0 0 0 0
342 0 0 0 0
343 0 0 0 0
344 0 0 0 0
345 0 0 0 0
346 0 0 0 0
347 0 0 0 0
348 0 0 0 0
349 0 0 0 0
350 0 0 0 0
351 0 0 0 0
352 0 0 0 0
353 0 0 0 0
354 0 0 0 0
355 0 0 0 0
356 0 0 0 0
357 0 0 0 0
358 0 0 0 0
359 0 0 0 0
360 0 0 0 0
361 0 0 0 0
362 0 0 0 0
363 0 0 0 0
364 0 0 0 0
365 0 0 0 0
366 0 0 0 0
367 0 0 0 0
368 0 0 0 0
369 0 0 0 0
370 0 0 0 0
371 0 0 0 0
372 0 0 0 0
373 0 0 0 0
374 0 0 0 0
375 0 0 0 0
376 0 0 0 0
377 0 0 0 0
378 0 0 0 0
379 0 0 0 0
380 0 0 0 0
381 0 0 0 0
382 0 0 0 0
383 0 0 0 0
384 0 0 0 0
385 0 0 0 0
386 0 0 0 0
387 0 0 0 0
388 0 0 0 0
389 0 0 0 0
390 0 0 0 0
391 0 0 0 0
392 0 0 0 0
393 0 0 0 0
394 0 0 0 0
395 0 0 0 0
396 0 0 0 0
397 0 0 0 0
398 0 0 0 0
399 0 0 0 0
400 0 0 0 0
401 0 0 0 0
402 0 0 0 0
403 0 0 0 0
404 0 0 0 0
405 0 0 0 0
406 0 0 0 0
407 0 0 0 0
408 0 0 0 0
409 0 0 0 0
410 0 0 0 0
411 0 0 0 0
412 0 0 0 0
413 0 0 0 0
414 0 0 0 0
415 0 0 0 0
416 0 0 0 0
417 0 0 0 0
418 0 0 0 0
419 0 0 0 0
420 0 0 0 0
421 0 0 0 0
422 0 0 0 0
423 0 0 0 0
424 0 0 0 0
425 0 0 0 0
426 0 0 0 0
427 0 0 0 0
428 0 0 0 0
429 0 0 0 0
430 0 0 0 0
431 0 0 0 0
432 0 0 0 0
433 0 0 0 0
434 0 0 0 0
435 0 0 0 0
436 0 0 0 0
437 0 0 0 0
438 0 0 0 0
439 0 0 0 0
440 0 0 0 0
441 0 0 0 0
442 0 0 0 0
443 0 0 0 0
444 0 0 0 0
445 0 0 0 0
446 0 0 0 0
447 0 0 0 0
448 0 0 0 0
449 0 0 0 0
450 0 0 0 0
451 0 0 0 0
452 0 0 0 0
453 0 0 0 0
454 0 0 0 0
455 0 0 0 0
456 0 0 0 0
457 0 0 0 0
458 0 0 0 0
459 0 0 0 0
460 0 0 0 0
461 0 0 0 0
462 0 0 0 0
463 0 0 0 0
464 0 0 0 0
465 0 0 0 0
466 0 0 0 0
467 0 0 0 0
468 0 0 0 0
469 0 0 0 0
470 0 0 0 0
471 0 0 0 0
472 0 0 0 0
473 0 0 0 0
474 0 0 0 0
475 0 0 0 0
476 0 0 0 0
477 0 0 0 0
478 0 0 0 0
479 0 0 0 0
480 0 0 0 0
481 0 0 0 0
482 0 0 0 0
483 0 0 0 0
484 0 0 0 0
485 0 0 0 0
486 0 0 0 0
487 0 0 0 0
488 0 0 0 0
489 0 0 0 0
490 0 0 0 0
491 0 0 0 0
492 0 0 0 0
493 0 0 0 0
494 0 0 0 0
495 0 0 0 0
496 0 0 0 0
497 0 0 0 0
498 0 0 0 0
499 0 0 0 0
500 0 0 0 0
501 0 0 0 0
502 0 0 0 0
503 0 0 0 0
504 0 0 0 0
505 0 0 0 0
506 0 0 0 0
507 0 0 0 0
508 0 0 0 0
509 0 0 0 0
510 0 0 0 0
511 0 0 0 0
512 0 0 0 0
513 0 0 0 0
514 0 0 0 0
515 0 0 0 0
516 0 0 0 0
517 0 0 0 0
518 0 0 0 0
519 0 0 0 0
520 0 0 0 0
521 0 0 0 0
522 0 0 0 0
523 0 0 0 0
524 0 0 0 0
525 0 0 0 0
526 0 0 0 0
527 0 0 0 0
528 0 0 0 0
529 0 0 0 0
530 0 0 0 0
531 0 0 0 0
532 0 0 0 0
533 0 0 0 0
534 0 0 0 0
535 0 0 0 0
536 0 0 0 0
537 0 0 0 0
538 0 0 0 0
539 0 0 0 0
540 0 0 0 0
541 0 0 0 0
542 0 0 0 0
543 0 0 0 0
544 0 0 0 0
545 0 0 0 0
546 0 0 0 0
547 0 0 0 0
548 0 0 0 0
549 0 0 0 0
550 0 0 0 0
551 0 0 0 0
552 0 0 0 0
553 0 0 0 0
554 0 0 0 0
555 0 0 0 0
556 0 0 0 0
557 0 0 0 0
558 0 0 0 0
559 0 0 0 0
560 0 0 0 0
561 0 0 0 0
562 0 0 0 0
563 0 0 0 0
564 0 0 0 0
565 0 0 0 0
566 0 0 0 0
567 0 0 0 0
568 0 0 0 0
569 0 0 0 0
570 0 0 0 0
571 0 0 0 0
572 0 0 0 0
573 0 0 0 0
574 0 0 0 0
575 0 0 0 0
576 0 0 0 0
577 0 0 0 0
578 0 0 0 0
579 0 0 0 0
580 0 0 0 0
581 0 0 0 0
582 0 0 0 0
583 0 0 0 0
584 0 0 0 0
585 0 0 0 0
586 0 0 0 0
587 0 0 0 0
588 0 0 0 0
589 0 0 0 0
590 0 0 0 0
591 0 0 0 0
592 0 0 0 0
593 0 0 0 0
594 0 0 0 0
595 0 0 0 0
596 0 0 0 0
597 0 0 0 0
598 0 0 0 0
599 0 0 0 0
600 0 0 0 0
601 0 0 0 0
602 0 0 0 0
603 0 0 0 0
604 0 0 0 0
605 0 0 0 0
606 0 0 0 0
607 0 0 0 0
608 0 0 0 0
609 0 0 0 0
610 0 0 0 0
611 0 0 0 0
612 0 0 0 0
613 0 0 0 0
614 0 0 0 0
615 0 0 0 0
616 0 0 0 0
617 0 0 0 0
618 0 0 0 0
619 0 0 0 0
620 0 0 0 0
621 0 0 0 0
622 0 0 0 0
623 0 0 0 0
624 0 0 0 0
625 0 0 0 0
626 0 0 0 0
627 0 0 0 0
628 0 0 0 0
629 0 0 0 0
630 0 0 0 0
631 0 0 0 0
632 0 0 0 0
633 0 0 0 0
634 0 0 0 0
635 0 0 0 0
636 0 0 0 0
637 0 0 0 0
638 0 0 0 0
639 0 0 0 0
640 0 0 0 0
641 0 0 0 0
642 0 0 0 0
643 0 0 0 0
644 0 0 0 0
645 0 0 0 0
646 0 0 0 0
647 0 0 0 0
648 0 0 0 0
649 0 0 0 0
650 0 0 0 0
651 0 0 0 0
652 0 0 0 0
653 0 0 0 0
654 0 0 0 0
655 0 0 0 0
656 0 0 0 0
657 0 0 0 0
658 0 0 0 0
659 0 0 0 0
660 0 0 0 0
661 0 0 0 0
662 0 0 0 0
663 0 0 0 0
664 0 0 0 0
665 0 0 0 0
666 0 0 0 0
667 0 0 0 0
668 0 0 0 0
669 0 0 0 0
670 0 0 0 0
671 0 0 0 0
672 0 0 0 0
673 0 0 0 0
674 0 0 0 0
675 0 0 0 0
676 0 0 0 0
677 0 0 0 0
678 0 0 0 0
679 0 0 0 0
680 0 0 0 0
681 0 0 0 0
682 0 0 0 0
683 0 0 0 0
684 0 0 0 0
685 0 0 0 0
686 0 0 0 0
687 0 0 0 0
688 0 0 0 0
689 0 0 0 0
690 0 0 0 0
691 0 0 0 0
692 0 0 0 0
693 0 0 0 0
694 0 0 0 0
695 0 0 0 0
696 0 0 0 0
697 0 0 0 0
698 0 0 0 0
699 0 0 0 0
700 0 0 0 0
701 0 0 0 0
702 0 0 0 0
703 0 0 0 0
704 0 0 0 0
705 0 0 0 0
706 0 0 0 0
707 0 0 0 0
708 0 0 0 0
709 0 0 0 0
710 0 0 0 0
711 0 0 0 0
712 0 0 0 0
713 0 0 0 0
714 0 0 0 0
715 0 0 0 0
716 0 0 0 0
717 0 0 0 0
718 0 0 0 0
719 0 0 0 0
720 0 0 0 0
721 0 0 0 0
722 0 0 0 0
723 0 0 0 0
724 0 0 0 0
725 0 0 0 0
726 0 0 0 0
727 0 0 0 0
