0 0 0 0 0
1 0 0 0 0
2 0 0 0 0
3 0 0 0 0
4 0 0 0 0
5 0 0 1 0
6 0 0 0 0
7 0 0 0 0
8 0 0 0 0
9 0 3 1 0
10 0 0 0 0
11 0 0 0 0
12 0 0 0 1
13 0 0 0 3
14 0 0 0 0
15 0 0 0 0
16 0 0 0 1
17 1 0 0 0
18 0 0 0 0
19 2 0 0 0
20 1 0 0 0
21 2 0 0 0
22 1 0 0 0
23 2 0 0 0
24 4 0 1 0
25 1 1 0 0
26 0 1 2 0
27 1 0 1 0
28 1 1 0 1
29 0 1 1 0
30 0 0 0 0
31 0 0 0 2
32 1 2 0 2
33 0 3 0 2
34 0 0 1 0
35 0 0 0 0
36 0 1 0 3
37 0 0 1 0
38 0 0 0 1
39 0 0 0 1
40 2 0 0 4
41 3 0 0 0
42 2 0 0 0
43 1 0 0 0
44 4 0 0 1
45 0 1 0 0
46 2 1 1 0
47 2 1 1 0
48 4 0 0 0
49 3 0 2 1
50 3 0 2 2
51 2 0 2 1
52 1 1 0 0
53 3 2 3 1
54 1 1 1 1
55 0 2 0 2
56 0 2 2 2
57 2 1 2 4
58 1 1 1 1
59 1 2 0 1
60 2 0 0 4
61 1 0 0 3
62 3 1 0 2
63 1 1 0 4
64 0 0 1 1
65 3 1 1 1
66 3 0 2 2
67 2 1 1 0
68 1 0 0 0
69 5 1 0 1
70 4 1 2 3
71 5 0 1 4
72 3 0 0 0
73 2 1 0 0
74 2 2 1 2
75 4 3 2 0
76 7 1 1 1
77 7 3 0 1
78 5 3 2 1
79 4 1 2 4
80 3 3 3 2
81 11 5 1 5
82 3 2 2 6
83 5 2 1 3
84 2 3 1 6
85 4 1 2 3
86 3 6 3 4
87 2 4 1 4
88 4 4 2 4
89 0 0 2 3
90 4 7 1 6
91 4 1 0 4
92 2 2 1 5
93 3 3 1 5
94 6 1 1 7
95 6 1 3 3
96 3 2 1 3
97 2 2 0 6
98 7 1 1 1
99 9 4 0 4
100 6 1 3 3
101 6 1 1 3
102 6 2 0 2
103 7 5 3 2
104 9 7 5 4
105 2 3 3 2
106 6 1 0 4
107 6 3 2 4
108 7 3 2 10
109 3 7 4 5
110 5 1 3 6
111 7 9 2 5
112 9 0 6 3
113 5 6 1 7
114 4 0 2 7
115 8 1 4 11
116 5 2 5 11
117 5 5 1 3
118 4 4 3 4
119 5 1 2 2
120 2 3 2 8
121 15 4 3 2
122 7 1 2 8
123 4 4 1 3
124 5 5 2 8
125 7 2 3 6
126 10 4 4 5
127 7 2 1 4
128 11 3 4 4
129 7 1 0 3
130 8 13 1 6
131 11 9 1 9
132 8 1 5 7
133 7 9 2 5
134 6 3 1 8
135 11 7 3 7
136 4 6 2 2
137 12 6 4 11
138 7 5 2 7
139 6 4 5 10
140 13 9 3 14
141 10 4 2 8
142 7 9 4 7
143 7 5 0 8
144 8 4 2 14
145 12 3 5 7
146 6 4 2 8
147 11 6 3 9
148 6 2 3 4
149 11 4 6 9
150 11 9 4 4
151 13 5 1 9
152 9 8 5 7
153 10 3 1 6
154 15 9 2 11
155 9 6 3 5
156 14 7 5 12
157 12 7 4 6
158 18 3 5 10
159 10 4 7 13
160 18 3 6 12
161 22 4 9 11
162 21 9 5 7
163 14 10 7 9
164 16 5 6 10
165 13 8 8 12
166 14 10 8 14
167 13 10 14 13
168 22 7 2 11
169 16 10 7 11
170 15 14 5 19
171 11 8 6 25
172 20 8 6 14
173 12 11 5 16
174 21 12 5 19
175 11 7 4 9
176 19 5 4 16
177 15 16 8 22
178 22 9 2 17
179 18 11 6 14
180 21 4 5 8
181 25 13 6 15
182 13 7 8 9
183 16 10 10 10
184 19 11 6 21
185 17 14 8 16
186 23 13 5 16
187 23 9 12 15
188 26 11 7 21
189 25 13 6 19
190 25 14 11 23
191 23 9 7 14
192 15 15 8 22
193 18 16 5 16
194 22 21 6 25
195 23 11 8 15
196 23 12 7 23
197 25 11 11 21
198 26 9 5 20
199 30 18 10 17
200 13 18 6 28
201 26 10 8 25
202 16 10 11 18
203 15 23 10 22
204 19 13 13 23
205 13 11 5 17
206 16 13 11 23
207 19 10 8 33
208 9 8 10 18
209 17 10 5 18
210 14 11 7 25
211 8 13 6 20
212 11 14 7 17
213 11 11 8 20
214 8 5 7 20
215 12 9 5 17
216 8 8 3 16
217 9 4 3 16
218 7 14 9 19
219 6 6 3 15
220 6 5 5 18
221 12 5 5 8
222 10 4 1 19
223 8 7 3 12
224 9 8 2 11
225 8 3 3 17
226 12 7 4 4
227 8 3 2 7
228 7 5 2 11
229 7 6 5 6
230 11 6 2 14
231 7 6 8 8
232 11 3 3 8
233 6 4 3 7
234 7 5 2 6
235 5 8 3 11
236 7 7 2 10
237 5 6 4 9
238 2 4 3 9
239 4 7 1 7
240 5 3 2 7
241 5 4 3 9
242 3 3 1 11
243 6 2 4 8
244 2 4 3 5
245 6 3 0 8
246 4 4 2 7
247 4 1 1 6
248 6 3 2 3
249 3 3 1 3
250 3 1 2 7
251 2 2 1 8
252 1 2 2 5
253 3 3 1 3
254 4 4 2 1
255 1 4 1 5
256 2 0 2 6
257 2 1 2 4
258 1 1 1 4
259 0 3 2 5
260 3 1 2 5
261 1 1 0 1
262 4 3 1 3
263 3 3 0 2
264 2 0 0 2
265 2 3 1 1
266 0 0 0 6
267 2 1 0 7
268 0 2 0 0
269 1 0 1 3
270 1 1 1 0
271 1 2 2 0
272 1 2 0 3
273 1 1 0 1
274 2 1 1 3
275 1 1 0 3
276 2 0 0 2
277 0 1 0 1
278 1 0 1 3
279 0 1 1 1
280 1 1 1 0
281 2 1 0 2
282 0 0 0 1
283 0 0 1 1
284 0 0 0 2
285 0 1 0 1
286 1 1 0 1
287 0 0 0 1
288 0 0 0 0
289 0 1 0 1
290 1 1 0 0
291 1 0 0 0
292 0 0 0 0
293 1 0 0 2
294 0 0 0 0
295 0 1 1 0
296 0 1 0 0
297 0 0 0 1
298 0 0 1 0
299 0 0 0 2
300 0 0 0 0
301 0 0 0 0
302 0 0 0 1
303 0 0 0 1
304 0 0 0 0
305 0 0 0 0
306 0 0 0 0
307 0 0 0 0
308 0 0 0 0
309 0 0 0 0
310 0 0 0 0
311 0 0 0 0
312 0 0 0 0
313 0 0 0 0
314 0 0 0 0
315 0 0 0 0
316 0 0 0 0
317 0 0 0 0
318 0 0 0 0
319 0 0 0 0
320 0 0 0 0
321 0 0 0 0
322 0 0 0 0
323 0 0 0 0
324 0 0 0 0
325 0 0 0 0
326 0 0 0 0
327 0 0 0 0
328 0 0 0 0
329 0 0 0 0
330 0 0 0 0
331 0 0 0 0
332 0 0 0 0
333 0 0 0 0
334 0 0 0 0
335 0 0 0 0
336 0 0 0 0
337 0 0 0 0
338 0 0 0 0
339 0 0 0 0
340 0 0 0 0
341 0 0 0 0
342 0 0 0 0
343 0 0 0 0
344 0 0 0 0
345 0 0 0 0
346 0 0 0 0
347 0 0 0 0
348 0 0 0 0
349 0 0 0 0
350 0 0 0 0
351 0 0 0 0
352 0 0 0 0
353 0 0 0 0
354 0 0 0 0
355 0 0 0 0
356 0 0 0 0
357 0 0 0 0
358 0 0 0 0
359 0 0 0 0
360 0 0 0 0
361 0 0 0 0
362 0 0 0 0
363 0 0 0 0
364 0 0 0 0
365 0 0 0 0
366 0 0 0 0
367 0 0 0 0
368 0 0 0 0
369 0 0 0 0
370 0 0 0 0
371 0 0 0 0
372 0 0 0 0
373 0 0 0 0
374 0 0 0 0
375 0 0 0 0
376 0 0 0 0
377 0 0 0 0
378 0 0 0 0
379 0 0 0 0
380 0 0 0 0
381 0 0 0 0
382 0 0 0 0
383 0 0 0 0
384 0 0 0 0
385 0 0 0 0
386 0 0 0 0
387 0 0 0 0
388 0 0 0 0
389 0 0 0 0
390 0 0 0 0
391 0 0 0 0
392 0 0 0 0
393 0 0 0 0
394 0 0 0 0
395 0 0 0 0
396 0 0 0 0
397 0 0 0 0
398 0 0 0 0
399 0 0 0 0
400 0 0 0 0
401 0 0 0 0
402 0 0 0 0
403 0 0 0 0
404 0 0 0 0
405 0 0 0 0
406 0 0 0 0
407 0 0 0 0
408 0 0 0 0
409 0 0 0 0
410 0 0 0 0
411 0 0 0 0
412 0 0 0 0
413 0 0 0 0
414 0 0 0 0
415 0 0 0 0
416 0 0 0 0
417 0 0 0 0
418 0 0 0 0
419 0 0 0 0
420 0 0 0 0
421 0 0 0 0
422 0 0 0 0
423 0 0 0 0
424 0 0 0 0
425 0 0 0 0
426 0 0 0 0
427 0 0 0 0
428 0 0 0 0
429 0 0 0 0
430 0 0 0 0
431 0 0 0 0
432 0 0 0 0
433 0 0 0 0
434 0 0 0 0
435 0 0 0 0
436 0 0 0 0
437 0 0 0 0
438 0 0 0 0
439 0 0 0 0
440 0 0 0 0
441 0 0 0 0
442 0 0 0 0
443 0 0 0 0
444 0 0 0 0
445 0 0 0 0
446 0 0 0 0
447 0 0 0 0
448 0 0 0 0
449 0 0 0 0
450 0 0 0 0
451 0 0 0 0
452 0 0 0 0
453 0 0 0 0
454 0 0 0 0
455 0 0 0 0
456 0 0 0 0
457 0 0 0 0
458 0 0 0 0
459 0 0 0 0
460 0 0 0 0
461 0 0 0 0
462 0 0 0 0
463 0 0 0 0
464 0 0 0 0
465 0 0 0 0
466 0 0 0 0
467 0 0 0 0
468 0 0 0 0
469 0 0 0 0
470 0 0 0 0
471 0 0 0 0
472 0 0 0 0
473 0 0 0 0
474 0 0 0 0
475 0 0 0 0
476 0 0 0 0
477 0 0 0 0
478 0 0 0 0
479 0 0 0 0
480 0 0 0 0
481 0 0 0 0
482 0 0 0 0
483 0 0 0 0
484 0 0 0 0
485 0 0 0 0
486 0 0 0 0
487 0 0 0 0
488 0 0 0 0
489 0 0 0 0
490 0 0 0 0
491 0 0 0 0
492 0 0 0 0
493 0 0 0 0
494 0 0 0 0
495 0 0 0 0
496 0 0 0 0
497 0 0 0 0
498 0 0 0 0
499 0 0 0 0
500 0 0 0 0
501 0 0 0 0
502 0 0 0 0
503 0 0 0 0
504 0 0 0 0
505 0 0 0 0
506 0 0 0 0
507 0 0 0 0
508 0 0 0 0
509 0 0 0 0
510 0 0 0 0
511 0 0 0 0
512 0 0 0 0
513 0 0 0 0
514 0 0 0 0
515 0 0 0 0
516 0 0 0 0
517 0 0 0 0
518 0 0 0 0
519 0 0 0 0
520 0 0 0 0
521 0 0 0 0
522 0 0 0 0
523 0 0 0 0
524 0 0 0 0
525 0 0 0 0
526 0 0 0 0
527 0 0 0 0
528 0 0 0 0
529 0 0 0 0
530 0 0 0 0
531 0 0 0 0
532 0 0 0 0
533 0 0 0 0
534 0 0 0 0
535 0 0 0 0
536 0 0 0 0
537 0 0 0 0
538 0 0 0 0
539 0 0 0 0
540 0 0 0 0
541 0 0 0 0
542 0 0 0 0
543 0 0 0 0
544 0 0 0 0
545 0 0 0 0
546 0 0 0 0
547 0 0 0 0
548 0 0 0 0
549 0 0 0 0
550 0 0 0 0
551 0 0 0 0
552 0 0 0 0
553 0 0 0 0
554 0 0 0 0
555 0 0 0 0
556 0 0 0 0
557 0 0 0 0
558 0 0 0 0
559 0 0 0 0
560 0 0 0 0
561 0 0 0 0
562 0 0 0 0
563 0 0 0 0
564 0 0 0 0
565 0 0 0 0
566 0 0 0 0
567 0 0 0 0
568 0 0 0 0
569 0 0 0 0
570 0 0 0 0
571 0 0 0 0
572 0 0 0 0
573 0 0 0 0
574 0 0 0 0
575 0 0 0 0
576 0 0 0 0
577 0 0 0 0
578 0 0 0 0
579 0 0 0 0
580 0 0 0 0
581 0 0 0 0
582 0 0 0 0
583 0 0 0 0
584 0 0 0 0
585 0 0 0 0
586 0 0 0 0
587 0 0 0 0
588 0 0 0 0
589 0 0 0 0
590 0 0 0 0
591 0 0 0 0
592 0 0 0 0
593 0 0 0 0
594 0 0 0 0
595 0 0 0 0
596 0 0 0 0
597 0 0 0 0
598 0 0 0 0
599 0 0 0 0
600 0 0 0 0
601 0 0 0 0
602 0 0 0 0
603 0 0 0 0
604 0 0 0 0
605 0 0 0 0
606 0 0 0 0
607 0 0 0 0
608 0 0 0 0
609 0 0 0 0
610 0 0 0 0
611 0 0 0 0
612 0 0 0 0
613 0 0 0 0
614 0 0 0 0
615 0 0 0 0
616 0 0 0 0
617 0 0 0 0
618 0 0 0 0
619 0 0 0 0
620 0 0 0 0
621 0 0 0 0
622 0 0 0 0
623 0 0 0 0
624 0 0 0 0
625 0 0 0 0
626 0 0 0 0
627 0 0 0 0
628 0 0 0 0
629 0 0 0 0
630 0 0 0 0
631 0 0 0 0
632 0 0 0 0
633 0 0 0 0
634 0 0 0 0
635 0 0 0 0
636 0 0 0 0
637 0 0 0 0
638 0 0 0 0
639 0 0 0 0
640 0 0 0 0
641 0 0 0 0
642 0 0 0 0
643 0 0 0 0
644 0 0 0 0
645 0 0 0 0
646 0 0 0 0
647 0 0 0 0
648 0 0 0 0
649 0 0 0 0
650 0 0 0 0
651 0 0 0 0
652 0 0 0 0
653 0 0 0 0
654 0 0 0 0
655 0 0 0 0
656 0 0 0 0
657 0 0 0 0
658 0 0 0 0
659 0 0 0 0
660 0 0 0 0
661 0 0 0 0
662 0 0 0 0
663 0 0 0 0
664 0 0 0 0
665 0 0 0 0
666 0 0 0 0
667 0 0 0 0
668 0 0 0 0
669 0 0 0 0
670 0 0 0 0
671 0 0 0 0
672 0 0 0 0
673 0 0 0 0
674 0 0 0 0
675 0 0 0 0
676 0 0 0 0
677 0 0 0 0
678 0 0 0 0
679 0 0 0 0
680 0 0 0 0
681 0 0 0 0
682 0 0 0 0
683 0 0 0 0
684 0 0 0 0
685 0 0 0 0
686 0 0 0 0
687 0 0 0 0
688 0 0 0 0
689 0 0 0 0
690 0 0 0 0
691 0 0 0 0
692 0 0 0 0
693 0 0 0 0
694 0 0 0 0
695 0 0 0 0
696 0 0 0 0
697 0 0 0 0
698 0 0 0 0
699 0 0 0 0
700 0 0 0 0
701 0 0 0 0
702 0 0 0 0
703 0 0 0 0
704 0 0 0 0
705 0 0 0 0
706 0 0 0 0
707 0 0 0 0
708 0 0 0 0
709 0 0 0 0
710 0 0 0 0
711 0 0 0 0
712 0 0 0 0
713 0 0 0 0
714 0 0 0 0
715 0 0 0 0
716 0 0 0 0
717 0 0 0 0
718 0 0 0 0
719 0 0 0 0
720 0 0 0 0
721 0 0 0 0
722 0 0 0 0
723 0 0 0 0
724 0 0 0 0
725 0 0 0 0
726 0 0 0 0
727 0 0 0 0
