0 0 0 0 0
1 0 0 0 0
2 0 0 0 0
3 0 0 0 0
4 0 0 0 0
5 0 2 0 0
6 0 0 0 0
7 0 0 0 0
8 0 0 0 0
9 0 1 2 1
10 0 0 0 1
11 0 0 0 0
12 0 0 0 0
13 0 0 0 1
14 0 0 0 0
15 0 0 0 0
16 0 0 0 2
17 0 0 0 0
18 0 0 0 0
19 1 0 0 0
20 0 0 0 0
21 0 0 0 0
22 0 0 0 0
23 0 0 0 0
24 1 0 0 0
25 1 0 0 0
26 1 0 0 0
27 1 0 0 0
28 1 0 1 0
29 0 1 0 0
30 0 0 0 0
31 0 1 0 0
32 1 0 1 0
33 0 0 0 1
34 0 0 1 0
35 1 0 0 2
36 0 0 0 0
37 0 1 0 0
38 0 0 0 0
39 0 0 0 1
40 0 1 0 0
41 0 0 1 1
42 0 0 0 0
43 0 0 0 0
44 0 0 0 2
45 1 0 0 0
46 1 0 0 0
47 0 0 0 0
48 0 0 0 1
49 0 0 0 0
50 0 0 0 0
51 0 0 0 0
52 1 0 0 0
53 3 0 0 0
54 0 1 0 0
55 0 1 0 0
56 1 0 0 0
57 1 1 0 0
58 0 1 0 1
59 0 0 0 0
60 0 0 0 0
61 1 0 1 0
62 0 1 2 1
63 1 0 0 0
64 1 0 0 1
65 2 0 0 1
66 1 0 1 2
67 2 0 0 0
68 2 0 1 1
69 1 0 0 1
70 0 1 1 1
71 0 0 1 0
72 2 0 0 0
73 0 0 1 1
74 2 0 0 1
75 1 0 0 0
76 1 0 2 0
77 2 1 2 1
78 1 1 0 1
79 0 2 0 0
80 1 0 0 1
81 0 1 1 3
82 2 0 0 0
83 1 1 0 3
84 1 2 0 1
85 1 0 0 2
86 4 0 1 0
87 2 1 0 0
88 4 0 0 3
89 1 1 2 0
90 1 0 0 1
91 3 2 3 0
92 3 2 0 0
93 2 1 2 4
94 1 1 1 1
95 0 0 0 3
96 3 2 0 1
97 1 1 1 2
98 0 1 0 3
99 3 0 1 1
100 2 0 1 2
101 2 2 2 3
102 3 1 1 0
103 1 0 1 2
104 2 1 1 0
105 2 1 1 2
106 3 0 1 0
107 3 2 0 1
108 3 0 1 4
109 2 1 0 3
110 1 3 0 2
111 1 1 2 2
112 4 2 1 2
113 3 1 2 0
114 4 1 2 4
115 3 1 0 2
116 4 1 0 1
117 2 2 1 2
118 7 1 1 3
119 3 1 3 4
120 4 3 1 2
121 4 2 1 3
122 3 3 0 2
123 4 2 3 2
124 2 2 1 1
125 4 5 1 2
126 4 2 0 3
127 6 3 2 7
128 2 2 1 4
129 4 0 1 7
130 3 0 3 3
131 3 1 2 3
132 5 3 2 2
133 1 3 0 0
134 2 1 4 5
135 3 3 3 3
136 2 2 3 4
137 2 0 2 1
138 2 1 2 3
139 3 1 1 7
140 2 0 2 7
141 3 4 1 4
142 6 1 0 2
143 4 0 1 3
144 5 1 2 2
145 7 0 2 4
146 7 3 0 2
147 8 2 1 2
148 8 2 3 4
149 4 1 1 2
150 9 4 2 3
151 5 4 3 4
152 5 4 2 1
153 3 5 2 0
154 4 3 1 4
155 7 4 5 8
156 4 4 1 6
157 8 3 2 5
158 9 2 1 7
159 2 4 2 6
160 3 2 4 5
161 3 3 4 5
162 1 4 2 8
163 6 5 3 9
164 4 3 0 2
165 8 4 1 5
166 8 4 1 8
167 9 1 1 7
168 6 2 2 2
169 8 2 0 3
170 6 3 2 10
171 8 3 4 3
172 10 6 1 5
173 7 3 4 3
174 11 5 7 3
175 9 2 2 6
176 10 4 6 3
177 8 10 2 7
178 11 4 4 12
179 11 3 2 5
180 8 4 3 4
181 14 5 2 5
182 11 3 2 7
183 12 7 7 11
184 7 5 7 14
185 6 5 3 7
186 9 8 4 7
187 13 7 5 9
188 11 12 4 7
189 11 3 1 6
190 8 9 3 14
191 12 6 7 13
192 13 7 3 10
193 15 9 1 8
194 16 3 1 13
195 13 3 4 19
196 12 9 1 7
197 16 7 4 12
198 8 15 5 7
199 19 8 6 8
200 9 10 3 10
201 7 10 3 5
202 12 7 8 14
203 8 7 3 12
204 10 7 6 15
205 10 5 2 14
206 6 6 3 17
207 12 5 2 13
208 15 3 11 13
209 6 8 5 10
210 6 6 3 7
211 8 4 10 12
212 8 6 3 13
213 6 7 5 9
214 10 6 2 7
215 7 3 2 10
216 10 3 8 13
217 6 6 2 12
218 13 5 1 12
219 7 5 4 3
220 8 5 3 9
221 4 11 2 6
222 10 4 3 8
223 9 3 8 13
224 10 6 4 13
225 1 3 3 13
226 7 1 2 7
227 11 6 4 3
228 3 3 3 9
229 6 7 1 6
230 5 5 0 11
231 3 8 3 8
232 3 5 5 6
233 3 5 2 4
234 6 2 3 10
235 9 2 0 12
236 10 3 2 12
237 5 3 0 7
238 5 5 1 4
239 7 3 2 4
240 4 4 0 4
241 5 1 3 4
242 4 2 2 1
243 1 5 1 5
244 4 3 6 2
245 3 5 5 7
246 5 2 3 4
247 5 1 4 7
248 5 2 2 9
249 2 3 1 7
250 2 2 0 5
251 0 2 5 5
252 4 2 3 6
253 4 2 2 4
254 4 3 1 3
255 2 1 1 7
256 3 0 1 5
257 4 1 2 3
258 1 2 2 6
259 1 2 0 4
260 2 0 1 4
261 2 1 1 4
262 1 1 1 3
263 2 1 3 1
264 2 2 0 0
265 3 2 0 3
266 2 2 4 2
267 0 0 0 3
268 2 0 2 2
269 3 3 0 3
270 2 0 2 6
271 2 0 2 0
272 2 0 0 2
273 2 3 0 5
274 1 3 0 1
275 1 1 1 1
276 2 1 0 0
277 2 0 0 3
278 2 3 0 3
279 0 1 1 1
280 0 0 1 2
281 0 2 1 2
282 3 1 0 2
283 1 0 2 1
284 0 0 1 1
285 0 1 0 4
286 1 1 0 1
287 1 0 2 2
288 1 1 0 1
289 0 0 0 2
290 1 0 0 0
291 2 1 0 1
292 1 0 0 0
293 0 0 0 1
294 0 0 0 1
295 0 0 1 2
296 0 3 0 0
297 0 1 1 0
298 0 0 0 0
299 0 1 0 0
300 1 0 0 3
301 1 0 0 2
302 0 0 0 1
303 0 0 0 1
304 0 0 0 0
305 0 0 1 0
306 0 0 1 0
307 0 0 0 0
308 0 0 0 0
309 0 0 0 1
310 0 0 0 0
311 0 0 0 0
312 1 0 0 0
313 0 0 0 1
314 0 0 0 0
315 0 0 0 0
316 0 0 0 0
317 0 1 0 0
318 0 0 0 0
319 0 0 0 0
320 0 0 0 0
321 0 0 0 1
322 0 0 0 0
323 0 0 0 0
324 0 0 0 0
325 0 0 0 0
326 0 0 0 0
327 0 0 0 0
328 0 0 0 0
329 0 0 0 0
330 0 0 0 0
331 0 0 0 0
332 0 0 0 0
333 0 0 0 0
334 0 0 0 0
335 0 0 0 0
336 0 0 0 0
337 0 0 0 0
338 0 0 0 0
339 0 0 0 0
340 0 0 0 0
341 0 0 0 0
342 0 0 0 0
343 0 0 0 0
344 0 0 0 0
345 0 0 0 0
346 0 0 0 0
347 0 0 0 0
348 0 0 0 0
349 0 0 0 0
350 0 0 0 0
351 0 0 0 0
352 0 0 0 0
353 0 0 0 0
354 0 0 0 0
355 0 0 0 0
356 0 0 0 0
357 0 0 0 0
358 0 0 0 0
359 0 0 0 0
360 0 0 0 0
361 0 0 0 0
362 0 0 0 0
363 0 0 0 0
364 0 0 0 0
365 0 0 0 0
366 0 0 0 0
367 0 0 0 0
368 0 0 0 0
369 0 0 0 0
370 0 0 0 0
371 0 0 0 0
372 0 0 0 0
373 0 0 0 0
374 0 0 0 0
375 0 0 0 0
376 0 0 0 0
377 0 0 0 0
378 0 0 0 0
379 0 0 0 0
380 0 0 0 0
381 0 0 0 0
382 0 0 0 0
383 0 0 0 0
384 0 0 0 0
385 0 0 0 0
386 0 0 0 0
387 0 0 0 0
388 0 0 0 0
389 0 0 0 0
390 0 0 0 0
391 0 0 0 0
392 0 0 0 0
393 0 0 0 0
394 0 0 0 0
395 0 0 0 0
396 0 0 0 0
397 0 0 0 0
398 0 0 0 0
399 0 0 0 0
400 0 0 0 0
401 0 0 0 0
402 0 0 0 0
403 0 0 0 0
404 0 0 0 0
405 0 0 0 0
406 0 0 0 0
407 0 0 0 0
408 0 0 0 0
409 0 0 0 0
410 0 0 0 0
411 0 0 0 0
412 0 0 0 0
413 0 0 0 0
414 0 0 0 0
415 0 0 0 0
416 0 0 0 0
417 0 0 0 0
418 0 0 0 0
419 0 0 0 0
420 0 0 0 0
421 0 0 0 0
422 0 0 0 0
423 0 0 0 0
424 0 0 0 0
425 0 0 0 0
426 0 0 0 0
427 0 0 0 0
428 0 0 0 0
429 0 0 0 0
430 0 0 0 0
431 0 0 0 0
432 0 0 0 0
433 0 0 0 0
434 0 0 0 0
435 0 0 0 0
436 0 0 0 0
437 0 0 0 0
438 0 0 0 0
439 0 0 0 0
440 0 0 0 0
441 0 0 0 0
442 0 0 0 0
443 0 0 0 0
444 0 0 0 0
445 0 0 0 0
446 0 0 0 0
447 0 0 0 0
448 0 0 0 0
449 0 0 0 0
450 0 0 0 0
451 0 0 0 0
452 0 0 0 0
453 0 0 0 0
454 0 0 0 0
455 0 0 0 0
456 0 0 0 0
457 0 0 0 0
458 0 0 0 0
459 0 0 0 0
460 0 0 0 0
461 0 0 0 0
462 0 0 0 0
463 0 0 0 0
464 0 0 0 0
465 0 0 0 0
466 0 0 0 0
467 0 0 0 0
468 0 0 0 0
469 0 0 0 0
470 0 0 0 0
471 0 0 0 0
472 0 0 0 0
473 0 0 0 0
474 0 0 0 0
475 0 0 0 0
476 0 0 0 0
477 0 0 0 0
478 0 0 0 0
479 0 0 0 0
480 0 0 0 0
481 0 0 0 0
482 0 0 0 0
483 0 0 0 0
484 0 0 0 0
485 0 0 0 0
486 0 0 0 0
487 0 0 0 0
488 0 0 0 0
489 0 0 0 0
490 0 0 0 0
491 0 0 0 0
492 0 0 0 0
493 0 0 0 0
494 0 0 0 0
495 0 0 0 0
496 0 0 0 0
497 0 0 0 0
498 0 0 0 0
499 0 0 0 0
500 0 0 0 0
501 0 0 0 0
502 0 0 0 0
503 0 0 0 0
504 0 0 0 0
505 0 0 0 0
506 0 0 0 0
507 0 0 0 0
508 0 0 0 0
509 0 0 0 0
510 0 0 0 0
511 0 0 0 0
512 0 0 0 0
513 0 0 0 0
514 0 0 0 0
515 0 0 0 0
516 0 0 0 0
517 0 0 0 0
518 0 0 0 0
519 0 0 0 0
520 0 0 0 0
521 0 0 0 0
522 0 0 0 0
523 0 0 0 0
524 0 0 0 0
525 0 0 0 0
526 0 0 0 0
527 0 0 0 0
528 0 0 0 0
529 0 0 0 0
530 0 0 0 0
531 0 0 0 0
532 0 0 0 0
533 0 0 0 0
534 0 0 0 0
535 0 0 0 0
536 0 0 0 0
537 0 0 0 0
538 0 0 0 0
539 0 0 0 0
540 0 0 0 0
541 0 0 0 0
542 0 0 0 0
543 0 0 0 0
544 0 0 0 0
545 0 0 0 0
546 0 0 0 0
547 0 0 0 0
548 0 0 0 0
549 0 0 0 0
550 0 0 0 0
551 0 0 0 0
552 0 0 0 0
553 0 0 0 0
554 0 0 0 0
555 0 0 0 0
556 0 0 0 0
557 0 0 0 0
558 0 0 0 0
559 0 0 0 0
560 0 0 0 0
561 0 0 0 0
562 0 0 0 0
563 0 0 0 0
564 0 0 0 0
565 0 0 0 0
566 0 0 0 0
567 0 0 0 0
568 0 0 0 0
569 0 0 0 0
570 0 0 0 0
571 0 0 0 0
572 0 0 0 0
573 0 0 0 0
574 0 0 0 0
575 0 0 0 0
576 0 0 0 0
577 0 0 0 0
578 0 0 0 0
579 0 0 0 0
580 0 0 0 0
581 0 0 0 0
582 0 0 0 0
583 0 0 0 0
584 0 0 0 0
585 0 0 0 0
586 0 0 0 0
587 0 0 0 0
588 0 0 0 0
589 0 0 0 0
590 0 0 0 0
591 0 0 0 0
592 0 0 0 0
593 0 0 0 0
594 0 0 0 0
595 0 0 0 0
596 0 0 0 0
597 0 0 0 0
598 0 0 0 0
599 0 0 0 0
600 0 0 0 0
601 0 0 0 0
602 0 0 0 0
603 0 0 0 0
604 0 0 0 0
605 0 0 0 0
606 0 0 0 0
607 0 0 0 0
608 0 0 0 0
609 0 0 0 0
610 0 0 0 0
611 0 0 0 0
612 0 0 0 0
613 0 0 0 0
614 0 0 0 0
615 0 0 0 0
616 0 0 0 0
617 0 0 0 0
618 0 0 0 0
619 0 0 0 0
620 0 0 0 0
621 0 0 0 0
622 0 0 0 0
623 0 0 0 0
624 0 0 0 0
625 0 0 0 0
626 0 0 0 0
627 0 0 0 0
628 0 0 0 0
629 0 0 0 0
630 0 0 0 0
631 0 0 0 0
632 0 0 0 0
633 0 0 0 0
634 0 0 0 0
635 0 0 0 0
636 0 0 0 0
637 0 0 0 0
638 0 0 0 0
639 0 0 0 0
640 0 0 0 0
641 0 0 0 0
642 0 0 0 0
643 0 0 0 0
644 0 0 0 0
645 0 0 0 0
646 0 0 0 0
647 0 0 0 0
648 0 0 0 0
649 0 0 0 0
650 0 0 0 0
651 0 0 0 0
652 0 0 0 0
653 0 0 0 0
654 0 0 0 0
655 0 0 0 0
656 0 0 0 0
657 0 0 0 0
658 0 0 0 0
659 0 0 0 0
660 0 0 0 0
661 0 0 0 0
662 0 0 0 0
663 0 0 0 0
664 0 0 0 0
665 0 0 0 0
666 0 0 0 0
667 0 0 0 0
668 0 0 0 0
669 0 0 0 0
670 0 0 0 0
671 0 0 0 0
672 0 0 0 0
673 0 0 0 0
674 0 0 0 0
675 0 0 0 0
676 0 0 0 0
677 0 0 0 0
678 0 0 0 0
679 0 0 0 0
680 0 0 0 0
681 0 0 0 0
682 0 0 0 0
683 0 0 0 0
684 0 0 0 0
685 0 0 0 0
686 0 0 0 0
687 0 0 0 0
688 0 0 0 0
689 0 0 0 0
690 0 0 0 0
691 0 0 0 0
692 0 0 0 0
693 0 0 0 0
694 0 0 0 0
695 0 0 0 0
696 0 0 0 0
697 0 0 0 0
698 0 0 0 0
699 0 0 0 0
700 0 0 0 0
701 0 0 0 0
702 0 0 0 0
703 0 0 0 0
704 0 0 0 0
705 0 0 0 0
706 0 0 0 0
707 0 0 0 0
708 0 0 0 0
709 0 0 0 0
710 0 0 0 0
711 0 0 0 0
712 0 0 0 0
713 0 0 0 0
714 0 0 0 0
715 0 0 0 0
716 0 0 0 0
717 0 0 0 0
718 0 0 0 0
719 0 0 0 0
720 0 0 0 0
721 0 0 0 0
722 0 0 0 0
723 0 0 0 0
724 0 0 0 0
725 0 0 0 0
726 0 0 0 0
727 0 0 0 0
