0 0 0 0 0
1 0 0 0 0
2 0 0 0 0
3 0 0 0 0
4 0 0 0 0
5 0 2 1 0
6 0 0 0 0
7 0 0 0 0
8 0 0 0 0
9 0 2 0 0
10 0 0 0 0
11 0 0 0 0
12 0 0 0 3
13 0 0 0 2
14 0 0 0 0
15 0 0 0 0
16 0 0 0 0
17 0 0 0 0
18 1 0 0 0
19 0 0 0 0
20 4 0 0 0
21 3 0 0 0
22 1 0 0 0
23 0 1 0 0
24 2 0 0 0
25 0 1 2 0
26 0 1 0 0
27 2 1 0 1
28 2 0 0 0
29 0 1 1 1
30 1 1 1 1
31 1 0 0 1
32 2 1 0 2
33 0 1 2 2
34 0 0 0 2
35 3 1 0 0
36 1 1 1 0
37 1 1 1 1
38 0 0 0 0
39 2 0 0 1
40 1 1 1 3
41 4 0 0 2
42 1 1 0 1
43 2 0 0 1
44 1 0 1 2
45 0 1 1 0
46 2 3 0 0
47 1 1 0 0
48 2 1 2 0
49 2 2 0 2
50 0 0 0 1
51 2 0 2 2
52 1 1 1 4
53 1 2 0 4
54 3 0 1 0
55 3 0 0 1
56 0 1 0 1
57 3 0 1 2
58 3 1 1 2
59 3 1 0 1
60 3 0 2 1
61 0 0 0 1
62 0 1 0 1
63 3 3 1 1
64 3 1 3 1
65 3 1 0 1
66 2 1 1 1
67 3 1 0 3
68 1 2 1 2
69 2 3 1 0
70 2 2 1 2
71 5 2 0 3
72 1 1 1 3
73 2 1 0 4
74 4 1 0 4
75 0 2 0 1
76 3 2 3 2
77 3 1 0 2
78 5 3 0 1
79 4 2 0 3
80 6 2 0 1
81 5 2 0 1
82 3 1 1 1
83 1 3 2 5
84 2 2 1 3
85 3 2 3 4
86 2 1 2 2
87 5 2 1 5
88 4 0 1 0
89 4 2 2 4
90 3 3 2 3
91 2 3 1 3
92 8 2 1 3
93 4 1 0 5
94 6 0 3 6
95 8 0 1 1
96 7 1 3 3
97 5 5 3 1
98 4 3 2 4
99 5 4 0 2
100 5 4 3 1
101 7 2 4 5
102 6 3 1 4
103 8 5 3 6
104 3 4 1 11
105 6 3 3 5
106 4 4 3 4
107 5 4 1 6
108 4 5 3 3
109 1 2 1 5
110 10 4 2 7
111 4 0 2 4
112 5 6 0 9
113 9 5 1 4
114 8 0 2 6
115 5 8 4 5
116 8 3 3 3
117 5 2 1 6
118 7 4 3 3
119 6 3 2 8
120 5 3 1 7
121 7 5 3 3
122 7 4 3 11
123 7 3 1 6
124 7 3 2 3
125 5 5 0 5
126 8 1 6 5
127 8 4 6 5
128 11 6 1 5
129 6 8 1 6
130 13 3 2 5
131 9 5 2 10
132 8 5 2 7
133 4 6 3 9
134 8 4 2 6
135 13 2 9 8
136 15 4 5 8
137 17 5 3 9
138 10 2 3 5
139 12 6 3 9
140 14 6 3 9
141 11 5 4 7
142 11 4 3 8
143 13 7 3 8
144 13 10 4 10
145 15 16 3 8
146 11 7 7 8
147 9 6 4 5
148 11 7 5 10
149 13 8 3 9
150 10 4 5 13
151 18 7 5 12
152 7 7 4 18
153 15 7 6 17
154 10 8 6 9
155 23 7 5 14
156 15 10 5 7
157 15 7 7 10
158 13 11 7 13
159 15 8 4 13
160 17 11 5 19
161 23 9 3 18
162 13 8 6 14
163 18 11 3 12
164 23 14 7 12
165 26 8 6 15
166 26 12 9 9
167 29 6 5 16
168 23 9 9 18
169 27 13 6 13
170 25 12 6 16
171 14 9 8 16
172 15 14 7 19
173 16 15 12 23
174 22 19 10 14
175 20 18 12 11
176 21 13 7 21
177 15 7 8 21
178 20 14 4 27
179 23 14 9 25
180 19 5 10 23
181 24 13 9 22
182 19 13 6 27
183 20 11 8 20
184 18 16 7 18
185 22 13 8 15
186 22 10 7 23
187 29 15 6 16
188 33 14 9 25
189 37 6 8 23
190 30 15 15 16
191 27 10 7 23
192 36 16 5 19
193 27 16 12 14
194 36 15 14 26
195 34 21 17 21
196 23 16 19 18
197 27 17 12 25
198 38 18 15 25
199 19 18 14 29
200 27 13 12 33
201 23 23 6 22
202 27 14 7 37
203 29 25 10 31
204 23 18 9 34
205 24 11 9 35
206 20 17 11 30
207 24 20 8 31
208 13 13 14 22
209 18 15 9 24
210 14 17 5 28
211 15 16 12 23
212 12 9 15 18
213 16 13 7 27
214 21 11 10 32
215 17 12 6 32
216 12 13 9 20
217 12 8 6 18
218 12 8 7 25
219 18 9 6 24
220 18 9 7 22
221 16 8 4 18
222 21 9 7 17
223 13 6 9 20
224 16 7 6 14
225 12 8 4 15
226 13 8 10 14
227 9 9 10 17
228 9 10 8 10
229 12 13 8 14
230 9 5 5 13
231 6 9 5 15
232 5 4 5 14
233 7 6 4 26
234 8 11 5 17
235 6 6 10 17
236 5 6 6 10
237 2 5 2 7
238 5 3 3 12
239 7 3 1 15
240 8 5 2 14
241 5 5 1 11
242 3 5 1 7
243 5 4 2 8
244 6 2 1 10
245 3 1 4 5
246 3 2 3 6
247 7 3 2 4
248 1 3 4 7
249 4 1 6 2
250 4 1 3 8
251 4 0 0 5
252 1 6 0 6
253 2 2 2 3
254 0 0 4 6
255 2 2 2 4
256 3 2 3 9
257 2 0 0 3
258 2 2 1 2
259 2 1 0 5
260 2 3 1 4
261 4 1 2 2
262 3 0 1 1
263 1 1 0 3
264 3 2 1 0
265 3 0 1 5
266 2 3 1 1
267 3 2 0 3
268 5 0 0 4
269 1 3 0 0
270 2 3 3 2
271 3 3 0 3
272 1 1 2 1
273 1 2 1 4
274 0 0 1 6
275 2 1 0 1
276 1 2 1 4
277 0 1 2 2
278 0 2 1 3
279 1 0 1 2
280 0 2 1 4
281 2 0 1 3
282 3 0 0 2
283 0 0 0 0
284 0 1 0 1
285 2 0 0 1
286 2 2 0 1
287 0 0 1 2
288 0 1 0 2
289 0 0 0 0
290 0 1 1 1
291 0 1 1 1
292 1 0 0 0
293 1 0 0 1
294 0 0 0 2
295 1 0 1 3
296 2 0 0 0
297 0 1 0 0
298 0 1 0 0
299 0 0 0 0
300 0 1 0 0
301 0 1 0 0
302 0 0 0 2
303 0 0 0 0
304 0 0 0 2
305 0 0 1 0
306 0 0 0 0
307 0 0 0 0
308 0 0 0 1
309 0 0 0 1
310 0 0 0 0
311 0 0 0 0
312 1 0 0 0
313 0 0 0 0
314 0 0 0 0
315 0 0 0 0
316 0 0 0 0
317 0 1 0 0
318 0 0 0 0
319 0 0 0 0
320 0 0 0 0
321 0 0 0 0
322 0 0 0 0
323 0 0 0 0
324 0 0 0 1
325 0 0 0 0
326 0 0 0 0
327 0 0 0 0
328 0 0 0 0
329 0 0 0 0
330 0 0 0 0
331 0 0 0 0
332 0 0 0 0
333 0 0 0 0
334 0 0 0 0
335 0 0 0 0
336 0 0 0 0
337 0 0 0 0
338 0 0 0 0
339 0 0 0 0
340 0 0 0 0
341 0 0 0 0
342 0 0 0 0
343 0 0 0 0
344 0 0 0 0
345 0 0 0 0
346 0 0 0 0
347 0 0 0 0
348 0 0 0 0
349 0 0 0 0
350 0 0 0 0
351 0 0 0 0
352 0 0 0 0
353 0 0 0 0
354 0 0 0 0
355 0 0 0 0
356 0 0 0 0
357 0 0 0 0
358 0 0 0 0
359 0 0 0 0
360 0 0 0 0
361 0 0 0 0
362 0 0 0 0
363 0 0 0 0
364 0 0 0 0
365 0 0 0 0
366 0 0 0 0
367 0 0 0 0
368 0 0 0 0
369 0 0 0 0
370 0 0 0 0
371 0 0 0 0
372 0 0 0 0
373 0 0 0 0
374 0 0 0 0
375 0 0 0 0
376 0 0 0 0
377 0 0 0 0
378 0 0 0 0
379 0 0 0 0
380 0 0 0 0
381 0 0 0 0
382 0 0 0 0
383 0 0 0 0
384 0 0 0 0
385 0 0 0 0
386 0 0 0 0
387 0 0 0 0
388 0 0 0 0
389 0 0 0 0
390 0 0 0 0
391 0 0 0 0
392 0 0 0 0
393 0 0 0 0
394 0 0 0 0
395 0 0 0 0
396 0 0 0 0
397 0 0 0 0
398 0 0 0 0
399 0 0 0 0
400 0 0 0 0
401 0 0 0 0
402 0 0 0 0
403 0 0 0 0
404 0 0 0 0
405 0 0 0 0
406 0 0 0 0
407 0 0 0 0
408 0 0 0 0
409 0 0 0 0
410 0 0 0 0
411 0 0 0 0
412 0 0 0 0
413 0 0 0 0
414 0 0 0 0
415 0 0 0 0
416 0 0 0 0
417 0 0 0 0
418 0 0 0 0
419 0 0 0 0
420 0 0 0 0
421 0 0 0 0
422 0 0 0 0
423 0 0 0 0
424 0 0 0 0
425 0 0 0 0
426 0 0 0 0
427 0 0 0 0
428 0 0 0 0
429 0 0 0 0
430 0 0 0 0
431 0 0 0 0
432 0 0 0 0
433 0 0 0 0
434 0 0 0 0
435 0 0 0 0
436 0 0 0 0
437 0 0 0 0
438 0 0 0 0
439 0 0 0 0
440 0 0 0 0
441 0 0 0 0
442 0 0 0 0
443 0 0 0 0
444 0 0 0 0
445 0 0 0 0
446 0 0 0 0
447 0 0 0 0
448 0 0 0 0
449 0 0 0 0
450 0 0 0 0
451 0 0 0 0
452 0 0 0 0
453 0 0 0 0
454 0 0 0 0
455 0 0 0 0
456 0 0 0 0
457 0 0 0 0
458 0 0 0 0
459 0 0 0 0
460 0 0 0 0
461 0 0 0 0
462 0 0 0 0
463 0 0 0 0
464 0 0 0 0
465 0 0 0 0
466 0 0 0 0
467 0 0 0 0
468 0 0 0 0
469 0 0 0 0
470 0 0 0 0
471 0 0 0 0
472 0 0 0 0
473 0 0 0 0
474 0 0 0 0
475 0 0 0 0
476 0 0 0 0
477 0 0 0 0
478 0 0 0 0
479 0 0 0 0
480 0 0 0 0
481 0 0 0 0
482 0 0 0 0
483 0 0 0 0
484 0 0 0 0
485 0 0 0 0
486 0 0 0 0
487 0 0 0 0
488 0 0 0 0
489 0 0 0 0
490 0 0 0 0
491 0 0 0 0
492 0 0 0 0
493 0 0 0 0
494 0 0 0 0
495 0 0 0 0
496 0 0 0 0
497 0 0 0 0
498 0 0 0 0
499 0 0 0 0
500 0 0 0 0
501 0 0 0 0
502 0 0 0 0
503 0 0 0 0
504 0 0 0 0
505 0 0 0 0
506 0 0 0 0
507 0 0 0 0
508 0 0 0 0
509 0 0 0 0
510 0 0 0 0
511 0 0 0 0
512 0 0 0 0
513 0 0 0 0
514 0 0 0 0
515 0 0 0 0
516 0 0 0 0
517 0 0 0 0
518 0 0 0 0
519 0 0 0 0
520 0 0 0 0
521 0 0 0 0
522 0 0 0 0
523 0 0 0 0
524 0 0 0 0
525 0 0 0 0
526 0 0 0 0
527 0 0 0 0
528 0 0 0 0
529 0 0 0 0
530 0 0 0 0
531 0 0 0 0
532 0 0 0 0
533 0 0 0 0
534 0 0 0 0
535 0 0 0 0
536 0 0 0 0
537 0 0 0 0
538 0 0 0 0
539 0 0 0 0
540 0 0 0 0
541 0 0 0 0
542 0 0 0 0
543 0 0 0 0
544 0 0 0 0
545 0 0 0 0
546 0 0 0 0
547 0 0 0 0
548 0 0 0 0
549 0 0 0 0
550 0 0 0 0
551 0 0 0 0
552 0 0 0 0
553 0 0 0 0
554 0 0 0 0
555 0 0 0 0
556 0 0 0 0
557 0 0 0 0
558 0 0 0 0
559 0 0 0 0
560 0 0 0 0
561 0 0 0 0
562 0 0 0 0
563 0 0 0 0
564 0 0 0 0
565 0 0 0 0
566 0 0 0 0
567 0 0 0 0
568 0 0 0 0
569 0 0 0 0
570 0 0 0 0
571 0 0 0 0
572 0 0 0 0
573 0 0 0 0
574 0 0 0 0
575 0 0 0 0
576 0 0 0 0
577 0 0 0 0
578 0 0 0 0
579 0 0 0 0
580 0 0 0 0
581 0 0 0 0
582 0 0 0 0
583 0 0 0 0
584 0 0 0 0
585 0 0 0 0
586 0 0 0 0
587 0 0 0 0
588 0 0 0 0
589 0 0 0 0
590 0 0 0 0
591 0 0 0 0
592 0 0 0 0
593 0 0 0 0
594 0 0 0 0
595 0 0 0 0
596 0 0 0 0
597 0 0 0 0
598 0 0 0 0
599 0 0 0 0
600 0 0 0 0
601 0 0 0 0
602 0 0 0 0
603 0 0 0 0
604 0 0 0 0
605 0 0 0 0
606 0 0 0 0
607 0 0 0 0
608 0 0 0 0
609 0 0 0 0
610 0 0 0 0
611 0 0 0 0
612 0 0 0 0
613 0 0 0 0
614 0 0 0 0
615 0 0 0 0
616 0 0 0 0
617 0 0 0 0
618 0 0 0 0
619 0 0 0 0
620 0 0 0 0
621 0 0 0 0
622 0 0 0 0
623 0 0 0 0
624 0 0 0 0
625 0 0 0 0
626 0 0 0 0
627 0 0 0 0
628 0 0 0 0
629 0 0 0 0
630 0 0 0 0
631 0 0 0 0
632 0 0 0 0
633 0 0 0 0
634 0 0 0 0
635 0 0 0 0
636 0 0 0 0
637 0 0 0 0
638 0 0 0 0
639 0 0 0 0
640 0 0 0 0
641 0 0 0 0
642 0 0 0 0
643 0 0 0 0
644 0 0 0 0
645 0 0 0 0
646 0 0 0 0
647 0 0 0 0
648 0 0 0 0
649 0 0 0 0
650 0 0 0 0
651 0 0 0 0
652 0 0 0 0
653 0 0 0 0
654 0 0 0 0
655 0 0 0 0
656 0 0 0 0
657 0 0 0 0
658 0 0 0 0
659 0 0 0 0
660 0 0 0 0
661 0 0 0 0
662 0 0 0 0
663 0 0 0 0
664 0 0 0 0
665 0 0 0 0
666 0 0 0 0
667 0 0 0 0
668 0 0 0 0
669 0 0 0 0
670 0 0 0 0
671 0 0 0 0
672 0 0 0 0
673 0 0 0 0
674 0 0 0 0
675 0 0 0 0
676 0 0 0 0
677 0 0 0 0
678 0 0 0 0
679 0 0 0 0
680 0 0 0 0
681 0 0 0 0
682 0 0 0 0
683 0 0 0 0
684 0 0 0 0
685 0 0 0 0
686 0 0 0 0
687 0 0 0 0
688 0 0 0 0
689 0 0 0 0
690 0 0 0 0
691 0 0 0 0
692 0 0 0 0
693 0 0 0 0
694 0 0 0 0
695 0 0 0 0
696 0 0 0 0
697 0 0 0 0
698 0 0 0 0
699 0 0 0 0
700 0 0 0 0
701 0 0 0 0
702 0 0 0 0
703 0 0 0 0
704 0 0 0 0
705 0 0 0 0
706 0 0 0 0
707 0 0 0 0
708 0 0 0 0
709 0 0 0 0
710 0 0 0 0
711 0 0 0 0
712 0 0 0 0
713 0 0 0 0
714 0 0 0 0
715 0 0 0 0
716 0 0 0 0
717 0 0 0 0
718 0 0 0 0
719 0 0 0 0
720 0 0 0 0
721 0 0 0 0
722 0 0 0 0
723 0 0 0 0
724 0 0 0 0
725 0 0 0 0
726 0 0 0 0
727 0 0 0 0
