0 0 0 0 0
1 0 0 0 0
2 0 0 0 0
3 0 0 0 0
4 0 0 0 0
5 0 1 3 0
6 0 0 0 0
7 0 1 0 0
8 0 0 0 0
9 0 0 0 3
10 0 0 0 0
11 0 0 0 1
12 0 0 0 1
13 0 0 0 0
14 0 0 0 0
15 0 0 0 0
16 1 0 0 0
17 1 0 0 0
18 3 0 0 0
19 2 0 0 0
20 3 0 0 0
21 3 0 0 0
22 4 0 0 0
23 1 0 0 0
24 2 1 0 0
25 1 2 1 0
26 0 1 2 0
27 1 2 2 0
28 1 1 0 0
29 0 2 1 0
30 1 1 0 1
31 0 1 2 4
32 0 2 0 4
33 0 0 0 5
34 1 1 0 1
35 0 0 0 0
36 0 0 0 1
37 0 1 0 1
38 0 0 0 3
39 0 0 1 1
40 0 0 0 0
41 0 0 0 1
42 1 0 0 0
43 0 1 0 1
44 1 0 0 1
45 1 0 0 0
46 2 0 0 0
47 1 0 0 1
48 3 0 0 0
49 0 0 1 0
50 2 1 0 0
51 2 3 0 0
52 0 0 0 0
53 1 0 1 0
54 1 0 0 0
55 3 0 0 0
56 0 1 1 2
57 1 1 1 2
58 2 0 1 2
59 3 3 0 0
60 2 3 1 2
61 2 0 0 0
62 0 0 0 1
63 2 0 0 1
64 1 1 0 4
65 2 1 0 1
66 0 0 3 2
67 1 1 1 1
68 1 2 1 0
69 2 1 1 0
70 5 1 0 2
71 5 0 0 3
72 0 1 1 2
73 3 0 0 2
74 1 1 1 1
75 3 3 2 2
76 3 0 2 2
77 0 0 0 0
78 1 2 1 1
79 2 1 0 3
80 1 3 2 0
81 1 0 1 1
82 3 1 0 4
83 3 1 0 2
84 2 1 1 3
85 3 2 0 2
86 6 0 1 0
87 3 3 0 4
88 5 0 2 1
89 4 1 1 3
90 3 2 1 1
91 1 3 1 3
92 4 2 1 3
93 1 2 2 2
94 3 1 0 2
95 1 3 1 2
96 0 3 0 2
97 2 2 1 2
98 5 3 0 3
99 2 1 2 4
100 4 1 0 5
101 6 2 0 1
102 4 0 1 4
103 1 4 2 3
104 3 2 0 2
105 4 1 2 3
106 4 3 2 2
107 2 1 3 3
108 2 1 0 2
109 5 2 0 3
110 5 4 2 4
111 4 1 2 3
112 6 2 0 2
113 5 1 2 3
114 3 3 1 5
115 3 3 1 0
116 4 2 1 3
117 3 3 1 5
118 5 5 2 5
119 2 2 1 4
120 4 3 1 1
121 6 4 1 3
122 5 0 3 3
123 4 5 1 3
124 3 1 1 4
125 2 2 1 9
126 4 2 3 4
127 6 1 2 7
128 8 3 1 2
129 6 4 1 5
130 2 1 2 5
131 9 3 2 2
132 12 3 2 2
133 11 2 4 5
134 6 3 1 3
135 10 2 0 2
136 7 5 2 6
137 7 6 4 5
138 7 7 0 5
139 7 4 0 4
140 8 6 4 10
141 8 5 3 7
142 7 6 5 3
143 8 5 1 2
144 7 7 2 10
145 12 4 5 7
146 8 2 5 7
147 6 7 2 8
148 10 5 3 10
149 7 3 2 10
150 11 5 3 6
151 7 2 1 12
152 11 4 3 7
153 10 6 3 4
154 12 6 6 6
155 9 5 7 9
156 13 3 3 8
157 21 6 5 9
158 12 4 3 6
159 17 9 5 11
160 23 7 1 6
161 11 5 8 14
162 8 10 7 7
163 14 7 4 9
164 17 9 5 10
165 12 12 7 14
166 12 9 9 18
167 13 6 5 9
168 13 6 6 11
169 15 11 6 16
170 17 6 2 13
171 13 6 5 13
172 19 10 3 18
173 12 11 8 23
174 10 11 6 11
175 14 7 4 7
176 14 5 3 15
177 16 8 7 13
178 16 12 5 13
179 14 4 10 11
180 22 11 7 8
181 19 9 6 18
182 23 11 5 15
183 20 11 6 12
184 14 10 2 14
185 22 14 6 14
186 19 7 7 16
187 27 14 2 17
188 35 12 7 15
189 20 8 9 22
190 16 9 10 16
191 22 7 11 11
192 21 16 7 17
193 24 17 5 19
194 32 12 10 19
195 28 11 7 19
196 29 22 6 14
197 28 20 11 19
198 23 15 9 25
199 30 18 12 21
200 31 12 6 20
201 23 17 6 29
202 25 16 10 22
203 11 17 13 30
204 21 19 13 19
205 18 15 17 23
206 13 10 11 31
207 19 17 8 27
208 9 12 7 30
209 19 17 8 31
210 8 14 8 23
211 17 11 12 28
212 23 11 3 25
213 15 8 7 25
214 19 8 5 23
215 13 6 3 24
216 13 8 7 16
217 9 8 5 20
218 13 17 6 14
219 16 4 7 11
220 12 11 11 15
221 17 10 6 15
222 10 4 5 18
223 10 8 8 12
224 11 8 3 14
225 15 11 6 16
226 13 10 7 11
227 11 7 5 23
228 6 7 6 17
229 6 4 4 11
230 12 6 7 21
231 9 4 4 14
232 7 4 4 15
233 7 5 3 8
234 7 6 6 8
235 8 12 2 12
236 4 7 4 9
237 4 7 3 10
238 7 3 4 8
239 5 6 4 9
240 6 2 6 12
241 7 1 2 10
242 3 5 2 11
243 5 4 1 11
244 4 5 5 8
245 6 3 4 4
246 3 4 2 9
247 5 3 1 7
248 4 3 3 8
249 6 4 1 6
250 1 2 5 9
251 4 3 0 6
252 3 2 2 5
253 1 2 3 6
254 3 2 0 7
255 2 1 0 5
256 2 1 4 1
257 4 3 0 4
258 1 4 2 2
259 3 2 1 3
260 0 0 1 4
261 1 2 0 5
262 3 0 0 4
263 1 1 0 5
264 3 2 1 0
265 3 1 0 3
266 1 3 2 2
267 1 4 0 2
268 3 0 1 5
269 0 1 0 1
270 4 0 1 2
271 2 0 0 3
272 4 1 0 0
273 1 2 2 4
274 1 2 0 1
275 1 3 0 1
276 1 1 2 0
277 1 4 0 1
278 1 0 0 1
279 3 3 0 3
280 2 1 0 6
281 2 1 0 3
282 0 1 0 1
283 4 1 0 3
284 1 1 0 3
285 2 1 1 0
286 1 1 0 0
287 1 0 0 2
288 0 3 2 2
289 0 2 0 2
290 3 2 0 1
291 1 0 0 0
292 2 0 1 4
293 1 0 0 2
294 2 2 0 2
295 1 2 1 2
296 0 0 2 0
297 0 0 0 0
298 0 1 0 1
299 3 0 1 1
300 0 1 0 0
301 0 2 0 2
302 0 0 0 2
303 1 1 1 2
304 2 1 0 1
305 1 0 0 1
306 0 0 0 1
307 0 0 0 1
308 1 0 2 2
309 1 1 0 0
310 0 0 0 1
311 0 0 0 1
312 0 1 0 1
313 0 0 1 1
314 0 0 1 0
315 0 0 0 1
316 0 0 0 0
317 0 0 1 1
318 1 0 1 1
319 0 0 0 1
320 0 0 0 0
321 0 0 0 0
322 1 0 0 0
323 1 0 0 0
324 1 0 0 2
325 0 1 0 0
326 0 0 0 0
327 2 1 0 0
328 0 1 0 0
329 1 0 1 0
330 0 0 0 0
331 0 0 0 0
332 0 1 0 2
333 0 0 0 0
334 0 0 0 1
335 0 0 0 0
336 0 0 1 2
337 0 0 0 0
338 0 0 1 0
339 1 0 0 0
340 0 0 0 1
341 1 0 0 0
342 0 0 0 0
343 1 0 0 0
344 0 0 1 1
345 0 0 0 0
346 0 0 0 0
347 0 0 0 0
348 0 0 0 0
349 0 0 0 0
350 0 1 0 0
351 0 0 0 1
352 0 0 1 0
353 0 0 0 0
354 0 0 0 1
355 0 0 0 0
356 0 0 0 1
357 0 0 0 0
358 0 0 0 0
359 0 0 0 0
360 0 0 0 0
361 0 0 0 0
362 0 0 0 0
363 0 0 0 0
364 0 0 0 0
365 0 0 0 0
366 0 0 0 0
367 0 0 0 0
368 0 0 0 0
369 0 0 0 0
370 0 0 0 0
371 0 0 0 0
372 0 0 0 0
373 0 0 0 0
374 0 0 0 0
375 0 0 0 0
376 0 0 0 0
377 0 0 0 0
378 0 0 0 0
379 0 0 0 0
380 0 0 0 0
381 0 0 0 0
382 0 0 0 0
383 0 0 0 0
384 0 0 0 0
385 0 0 0 0
386 0 0 0 0
387 0 0 0 0
388 0 0 0 0
389 0 0 0 0
390 0 0 0 0
391 0 0 0 0
392 0 0 0 0
393 0 0 0 0
394 0 0 0 0
395 0 0 0 0
396 0 0 0 0
397 0 0 0 0
398 0 0 0 0
399 0 0 0 0
400 0 0 0 0
401 0 0 0 0
402 0 0 0 0
403 0 0 0 0
404 0 0 0 0
405 0 0 0 0
406 0 0 0 0
407 0 0 0 0
408 0 0 0 0
409 0 0 0 0
410 0 0 0 0
411 0 0 0 0
412 0 0 0 0
413 0 0 0 0
414 0 0 0 0
415 0 0 0 0
416 0 0 0 0
417 0 0 0 0
418 0 0 0 0
419 0 0 0 0
420 0 0 0 0
421 0 0 0 0
422 0 0 0 0
423 0 0 0 0
424 0 0 0 0
425 0 0 0 0
426 0 0 0 0
427 0 0 0 0
428 0 0 0 0
429 0 0 0 0
430 0 0 0 0
431 0 0 0 0
432 0 0 0 0
433 0 0 0 0
434 0 0 0 0
435 0 0 0 0
436 0 0 0 0
437 0 0 0 0
438 0 0 0 0
439 0 0 0 0
440 0 0 0 0
441 0 0 0 0
442 0 0 0 0
443 0 0 0 0
444 0 0 0 0
445 0 0 0 0
446 0 0 0 0
447 0 0 0 0
448 0 0 0 0
449 0 0 0 0
450 0 0 0 0
451 0 0 0 0
452 0 0 0 0
453 0 0 0 0
454 0 0 0 0
455 0 0 0 0
456 0 0 0 0
457 0 0 0 0
458 0 0 0 0
459 0 0 0 0
460 0 0 0 0
461 0 0 0 0
462 0 0 0 0
463 0 0 0 0
464 0 0 0 0
465 0 0 0 0
466 0 0 0 0
467 0 0 0 0
468 0 0 0 0
469 0 0 0 0
470 0 0 0 0
471 0 0 0 0
472 0 0 0 0
473 0 0 0 0
474 0 0 0 0
475 0 0 0 0
476 0 0 0 0
477 0 0 0 0
478 0 0 0 0
479 0 0 0 0
480 0 0 0 0
481 0 0 0 0
482 0 0 0 0
483 0 0 0 0
484 0 0 0 0
485 0 0 0 0
486 0 0 0 0
487 0 0 0 0
488 0 0 0 0
489 0 0 0 0
490 0 0 0 0
491 0 0 0 0
492 0 0 0 0
493 0 0 0 0
494 0 0 0 0
495 0 0 0 0
496 0 0 0 0
497 0 0 0 0
498 0 0 0 0
499 0 0 0 0
500 0 0 0 0
501 0 0 0 0
502 0 0 0 0
503 0 0 0 0
504 0 0 0 0
505 0 0 0 0
506 0 0 0 0
507 0 0 0 0
508 0 0 0 0
509 0 0 0 0
510 0 0 0 0
511 0 0 0 0
512 0 0 0 0
513 0 0 0 0
514 0 0 0 0
515 0 0 0 0
516 0 0 0 0
517 0 0 0 0
518 0 0 0 0
519 0 0 0 0
520 0 0 0 0
521 0 0 0 0
522 0 0 0 0
523 0 0 0 0
524 0 0 0 0
525 0 0 0 0
526 0 0 0 0
527 0 0 0 0
528 0 0 0 0
529 0 0 0 0
530 0 0 0 0
531 0 0 0 0
532 0 0 0 0
533 0 0 0 0
534 0 0 0 0
535 0 0 0 0
536 0 0 0 0
537 0 0 0 0
538 0 0 0 0
539 0 0 0 0
540 0 0 0 0
541 0 0 0 0
542 0 0 0 0
543 0 0 0 0
544 0 0 0 0
545 0 0 0 0
546 0 0 0 0
547 0 0 0 0
548 0 0 0 0
549 0 0 0 0
550 0 0 0 0
551 0 0 0 0
552 0 0 0 0
553 0 0 0 0
554 0 0 0 0
555 0 0 0 0
556 0 0 0 0
557 0 0 0 0
558 0 0 0 0
559 0 0 0 0
560 0 0 0 0
561 0 0 0 0
562 0 0 0 0
563 0 0 0 0
564 0 0 0 0
565 0 0 0 0
566 0 0 0 0
567 0 0 0 0
568 0 0 0 0
569 0 0 0 0
570 0 0 0 0
571 0 0 0 0
572 0 0 0 0
573 0 0 0 0
574 0 0 0 0
575 0 0 0 0
576 0 0 0 0
577 0 0 0 0
578 0 0 0 0
579 0 0 0 0
580 0 0 0 0
581 0 0 0 0
582 0 0 0 0
583 0 0 0 0
584 0 0 0 0
585 0 0 0 0
586 0 0 0 0
587 0 0 0 0
588 0 0 0 0
589 0 0 0 0
590 0 0 0 0
591 0 0 0 0
592 0 0 0 0
593 0 0 0 0
594 0 0 0 0
595 0 0 0 0
596 0 0 0 0
597 0 0 0 0
598 0 0 0 0
599 0 0 0 0
600 0 0 0 0
601 0 0 0 0
602 0 0 0 0
603 0 0 0 0
604 0 0 0 0
605 0 0 0 0
606 0 0 0 0
607 0 0 0 0
608 0 0 0 0
609 0 0 0 0
610 0 0 0 0
611 0 0 0 0
612 0 0 0 0
613 0 0 0 0
614 0 0 0 0
615 0 0 0 0
616 0 0 0 0
617 0 0 0 0
618 0 0 0 0
619 0 0 0 0
620 0 0 0 0
621 0 0 0 0
622 0 0 0 0
623 0 0 0 0
624 0 0 0 0
625 0 0 0 0
626 0 0 0 0
627 0 0 0 0
628 0 0 0 0
629 0 0 0 0
630 0 0 0 0
631 0 0 0 0
632 0 0 0 0
633 0 0 0 0
634 0 0 0 0
635 0 0 0 0
636 0 0 0 0
637 0 0 0 0
638 0 0 0 0
639 0 0 0 0
640 0 0 0 0
641 0 0 0 0
642 0 0 0 0
643 0 0 0 0
644 0 0 0 0
645 0 0 0 0
646 0 0 0 0
647 0 0 0 0
648 0 0 0 0
649 0 0 0 0
650 0 0 0 0
651 0 0 0 0
652 0 0 0 0
653 0 0 0 0
654 0 0 0 0
655 0 0 0 0
656 0 0 0 0
657 0 0 0 0
658 0 0 0 0
659 0 0 0 0
660 0 0 0 0
661 0 0 0 0
662 0 0 0 0
663 0 0 0 0
664 0 0 0 0
665 0 0 0 0
666 0 0 0 0
667 0 0 0 0
668 0 0 0 0
669 0 0 0 0
670 0 0 0 0
671 0 0 0 0
672 0 0 0 0
673 0 0 0 0
674 0 0 0 0
675 0 0 0 0
676 0 0 0 0
677 0 0 0 0
678 0 0 0 0
679 0 0 0 0
680 0 0 0 0
681 0 0 0 0
682 0 0 0 0
683 0 0 0 0
684 0 0 0 0
685 0 0 0 0
686 0 0 0 0
687 0 0 0 0
688 0 0 0 0
689 0 0 0 0
690 0 0 0 0
691 0 0 0 0
692 0 0 0 0
693 0 0 0 0
694 0 0 0 0
695 0 0 0 0
696 0 0 0 0
697 0 0 0 0
698 0 0 0 0
699 0 0 0 0
700 0 0 0 0
701 0 0 0 0
702 0 0 0 0
703 0 0 0 0
704 0 0 0 0
705 0 0 0 0
706 0 0 0 0
707 0 0 0 0
708 0 0 0 0
709 0 0 0 0
710 0 0 0 0
711 0 0 0 0
712 0 0 0 0
713 0 0 0 0
714 0 0 0 0
715 0 0 0 0
716 0 0 0 0
717 0 0 0 0
718 0 0 0 0
719 0 0 0 0
720 0 0 0 0
721 0 0 0 0
722 0 0 0 0
723 0 0 0 0
724 0 0 0 0
725 0 0 0 0
726 0 0 0 0
727 0 0 0 0
