0 0 0 0 0
1 0 0 0 0
2 0 0 0 0
3 0 0 0 0
4 0 0 0 0
5 0 2 2 0
6 0 1 0 0
7 1 0 0 0
8 0 0 0 0
9 0 0 0 4
10 0 0 0 0
11 0 0 0 0
12 0 0 1 0
13 0 0 0 1
14 0 0 0 0
15 0 0 0 0
16 1 0 0 0
17 0 0 0 0
18 0 0 0 0
19 0 0 0 1
20 1 0 0 0
21 0 0 1 0
22 1 0 0 0
23 0 0 0 0
24 0 0 0 0
25 1 0 0 1
26 1 0 0 0
27 1 1 0 0
28 1 0 0 0
29 0 1 0 0
30 0 0 1 0
31 2 0 0 1
32 2 1 0 0
33 1 0 0 1
34 0 0 0 1
35 1 0 1 0
36 1 2 0 0
37 1 0 2 0
38 0 0 0 0
39 0 0 0 1
40 0 1 0 1
41 0 2 0 2
42 1 1 1 0
43 1 0 0 1
44 2 0 0 2
45 0 0 0 1
46 1 0 0 0
47 3 0 0 0
48 3 1 0 1
49 1 1 0 2
50 3 0 0 0
51 1 1 0 0
52 2 2 1 0
53 2 2 0 1
54 1 0 0 0
55 2 0 1 2
56 1 1 0 2
57 3 2 2 1
58 1 1 1 0
59 4 3 1 2
60 0 0 2 1
61 2 1 0 1
62 3 2 0 1
63 2 0 0 4
64 1 3 0 3
65 1 0 0 1
66 2 3 1 3
67 1 1 1 2
68 1 0 1 1
69 2 0 0 0
70 1 1 0 2
71 1 2 1 5
72 2 2 1 2
73 3 1 1 1
74 4 1 0 0
75 5 0 1 2
76 3 1 1 2
77 3 1 0 3
78 3 2 0 0
79 3 1 0 1
80 2 2 1 1
81 0 2 0 2
82 4 3 1 0
83 4 3 2 3
84 4 1 2 3
85 4 1 1 4
86 9 1 0 1
87 3 2 1 5
88 5 4 0 1
89 4 3 1 5
90 4 1 0 2
91 4 7 2 3
92 7 1 1 3
93 5 2 2 3
94 9 4 2 2
95 6 2 1 7
96 9 1 3 4
97 3 4 2 3
98 11 4 0 7
99 8 6 4 2
100 7 4 1 2
101 10 6 3 4
102 7 5 1 3
103 12 5 3 7
104 12 5 2 7
105 9 6 2 5
106 7 3 2 11
107 11 4 7 9
108 8 6 4 11
109 5 5 3 7
110 10 5 4 1
111 11 4 2 7
112 6 11 3 7
113 12 6 4 8
114 13 5 3 12
115 13 4 1 10
116 17 6 3 12
117 11 4 5 9
118 9 3 4 3
119 7 10 6 8
120 6 8 4 9
121 10 9 4 11
122 15 12 4 7
123 8 5 4 16
124 17 7 3 12
125 12 6 5 14
126 8 8 2 11
127 9 5 7 11
128 9 5 3 8
129 9 8 3 16
130 11 8 4 12
131 13 5 4 8
132 9 3 5 10
133 18 5 7 8
134 5 4 5 13
135 5 4 5 9
136 16 6 6 8
137 12 4 4 15
138 11 10 6 14
139 16 6 5 5
140 19 5 3 9
141 14 7 7 6
142 13 9 5 11
143 17 2 3 13
144 8 6 9 6
145 18 11 4 15
146 13 6 3 10
147 13 9 7 8
148 10 9 5 15
149 17 12 5 16
150 17 16 6 10
151 17 4 7 12
152 9 10 2 13
153 13 4 2 16
154 18 7 9 26
155 14 13 6 13
156 11 12 3 13
157 17 4 6 13
158 14 8 3 12
159 17 13 4 18
160 13 11 5 10
161 28 2 7 11
162 8 13 5 9
163 22 11 5 16
164 23 6 7 12
165 28 6 2 15
166 19 13 10 19
167 16 7 6 17
168 20 14 10 12
169 20 8 10 11
170 33 13 13 20
171 16 7 11 13
172 24 8 6 14
173 26 16 11 21
174 26 15 9 11
175 28 11 11 22
176 32 11 4 17
177 29 14 8 36
178 21 16 11 19
179 19 17 11 19
180 25 16 10 17
181 20 20 6 28
182 21 11 10 22
183 23 11 12 17
184 32 15 6 33
185 28 14 15 26
186 30 15 14 30
187 33 15 6 18
188 25 17 6 20
189 32 19 12 23
190 39 8 9 23
191 37 12 10 23
192 35 10 15 27
193 38 19 8 32
194 25 24 14 23
195 39 20 17 21
196 25 27 14 31
197 33 19 13 20
198 32 18 15 32
199 21 18 16 27
200 30 19 15 36
201 26 18 11 34
202 27 24 11 40
203 20 16 15 32
204 22 17 15 30
205 22 17 9 29
206 21 16 15 36
207 17 12 14 38
208 15 9 10 30
209 27 17 9 27
210 14 13 13 32
211 28 13 9 29
212 20 16 4 21
213 20 7 13 28
214 16 20 4 27
215 13 11 10 23
216 18 18 7 21
217 17 15 2 20
218 17 13 8 16
219 18 4 8 23
220 21 14 3 33
221 13 10 11 25
222 17 12 5 14
223 12 8 6 18
224 15 10 8 16
225 10 9 12 20
226 16 11 8 17
227 13 6 13 19
228 14 5 7 21
229 11 8 6 15
230 14 3 4 12
231 10 10 8 18
232 8 7 7 20
233 8 10 5 17
234 2 7 4 12
235 11 7 6 13
236 4 9 4 10
237 6 4 6 10
238 7 5 3 15
239 5 7 1 16
240 6 5 2 14
241 7 4 2 13
242 8 5 4 8
243 3 1 0 13
244 6 2 6 9
245 3 4 4 8
246 6 5 1 6
247 4 1 6 4
248 3 1 4 5
249 3 2 4 8
250 3 4 1 5
251 7 8 3 12
252 0 2 0 7
253 5 3 0 4
254 2 1 2 3
255 2 4 1 9
256 3 2 4 5
257 6 0 1 6
258 4 4 0 6
259 2 1 1 2
260 2 5 0 2
261 3 2 1 2
262 1 1 2 5
263 2 3 0 5
264 4 1 0 1
265 5 0 2 5
266 6 4 1 1
267 2 2 0 7
268 4 2 0 1
269 4 2 1 5
270 0 3 3 2
271 1 2 1 3
272 3 2 0 2
273 5 1 3 5
274 3 1 2 3
275 4 4 1 2
276 1 1 0 2
277 4 2 1 4
278 1 0 3 1
279 1 0 2 3
280 0 2 0 4
281 0 1 0 5
282 2 1 4 3
283 1 1 1 2
284 0 1 3 2
285 0 1 0 3
286 1 2 1 5
287 2 2 0 2
288 1 1 0 2
289 1 0 0 2
290 1 0 0 2
291 0 1 0 3
292 3 0 1 0
293 0 0 1 2
294 0 1 0 1
295 1 1 0 2
296 0 1 0 1
297 0 1 1 1
298 0 0 0 0
299 0 0 0 1
300 0 0 0 0
301 1 0 1 2
302 0 0 0 0
303 0 0 0 1
304 0 0 1 1
305 0 0 0 0
306 0 1 0 0
307 0 0 0 0
308 0 0 0 1
309 2 0 0 0
310 0 0 0 0
311 0 0 0 1
312 0 0 0 0
313 0 0 0 1
314 1 0 0 0
315 0 0 0 0
316 1 0 0 0
317 0 0 0 0
318 0 1 1 0
319 2 0 0 0
320 0 0 0 0
321 0 1 0 0
322 0 0 0 0
323 0 1 0 0
324 0 0 0 0
325 0 0 0 3
326 0 0 0 0
327 0 0 0 1
328 0 1 1 0
329 0 0 0 0
330 0 0 0 0
331 0 0 0 0
332 1 0 0 0
333 0 0 0 0
334 1 0 0 0
335 0 0 0 2
336 0 0 0 0
337 1 1 0 0
338 0 0 0 0
339 0 1 0 0
340 0 0 0 0
341 0 0 0 1
342 0 0 0 0
343 0 0 0 1
344 0 0 0 0
345 0 0 0 0
346 0 1 0 0
347 0 0 0 0
348 0 0 0 0
349 0 0 0 0
350 0 0 0 1
351 0 0 0 0
352 0 0 0 0
353 0 0 0 0
354 0 0 0 0
355 0 0 0 0
356 0 0 0 0
357 0 0 0 0
358 0 0 0 0
359 0 0 0 0
360 0 0 0 0
361 0 0 0 0
362 0 0 0 0
363 0 0 0 0
364 0 0 0 0
365 0 0 0 0
366 0 0 0 0
367 0 0 0 0
368 0 0 0 0
369 0 0 0 0
370 0 0 0 0
371 0 0 0 0
372 0 0 0 0
373 0 0 0 0
374 0 0 0 0
375 0 0 0 0
376 0 0 0 0
377 0 0 0 0
378 0 0 0 0
379 0 0 0 0
380 0 0 0 0
381 0 0 0 0
382 0 0 0 0
383 0 0 0 0
384 0 0 0 0
385 0 0 0 0
386 0 0 0 0
387 0 0 0 0
388 0 0 0 0
389 0 0 0 0
390 0 0 0 0
391 0 0 0 0
392 0 0 0 0
393 0 0 0 0
394 0 0 0 0
395 0 0 0 0
396 0 0 0 0
397 0 0 0 0
398 0 0 0 0
399 0 0 0 0
400 0 0 0 0
401 0 0 0 0
402 0 0 0 0
403 0 0 0 0
404 0 0 0 0
405 0 0 0 0
406 0 0 0 0
407 0 0 0 0
408 0 0 0 0
409 0 0 0 0
410 0 0 0 0
411 0 0 0 0
412 0 0 0 0
413 0 0 0 0
414 0 0 0 0
415 0 0 0 0
416 0 0 0 0
417 0 0 0 0
418 0 0 0 0
419 0 0 0 0
420 0 0 0 0
421 0 0 0 0
422 0 0 0 0
423 0 0 0 0
424 0 0 0 0
425 0 0 0 0
426 0 0 0 0
427 0 0 0 0
428 0 0 0 0
429 0 0 0 0
430 0 0 0 0
431 0 0 0 0
432 0 0 0 0
433 0 0 0 0
434 0 0 0 0
435 0 0 0 0
436 0 0 0 0
437 0 0 0 0
438 0 0 0 0
439 0 0 0 0
440 0 0 0 0
441 0 0 0 0
442 0 0 0 0
443 0 0 0 0
444 0 0 0 0
445 0 0 0 0
446 0 0 0 0
447 0 0 0 0
448 0 0 0 0
449 0 0 0 0
450 0 0 0 0
451 0 0 0 0
452 0 0 0 0
453 0 0 0 0
454 0 0 0 0
455 0 0 0 0
456 0 0 0 0
457 0 0 0 0
458 0 0 0 0
459 0 0 0 0
460 0 0 0 0
461 0 0 0 0
462 0 0 0 0
463 0 0 0 0
464 0 0 0 0
465 0 0 0 0
466 0 0 0 0
467 0 0 0 0
468 0 0 0 0
469 0 0 0 0
470 0 0 0 0
471 0 0 0 0
472 0 0 0 0
473 0 0 0 0
474 0 0 0 0
475 0 0 0 0
476 0 0 0 0
477 0 0 0 0
478 0 0 0 0
479 0 0 0 0
480 0 0 0 0
481 0 0 0 0
482 0 0 0 0
483 0 0 0 0
484 0 0 0 0
485 0 0 0 0
486 0 0 0 0
487 0 0 0 0
488 0 0 0 0
489 0 0 0 0
490 0 0 0 0
491 0 0 0 0
492 0 0 0 0
493 0 0 0 0
494 0 0 0 0
495 0 0 0 0
496 0 0 0 0
497 0 0 0 0
498 0 0 0 0
499 0 0 0 0
500 0 0 0 0
501 0 0 0 0
502 0 0 0 0
503 0 0 0 0
504 0 0 0 0
505 0 0 0 0
506 0 0 0 0
507 0 0 0 0
508 0 0 0 0
509 0 0 0 0
510 0 0 0 0
511 0 0 0 0
512 0 0 0 0
513 0 0 0 0
514 0 0 0 0
515 0 0 0 0
516 0 0 0 0
517 0 0 0 0
518 0 0 0 0
519 0 0 0 0
520 0 0 0 0
521 0 0 0 0
522 0 0 0 0
523 0 0 0 0
524 0 0 0 0
525 0 0 0 0
526 0 0 0 0
527 0 0 0 0
528 0 0 0 0
529 0 0 0 0
530 0 0 0 0
531 0 0 0 0
532 0 0 0 0
533 0 0 0 0
534 0 0 0 0
535 0 0 0 0
536 0 0 0 0
537 0 0 0 0
538 0 0 0 0
539 0 0 0 0
540 0 0 0 0
541 0 0 0 0
542 0 0 0 0
543 0 0 0 0
544 0 0 0 0
545 0 0 0 0
546 0 0 0 0
547 0 0 0 0
548 0 0 0 0
549 0 0 0 0
550 0 0 0 0
551 0 0 0 0
552 0 0 0 0
553 0 0 0 0
554 0 0 0 0
555 0 0 0 0
556 0 0 0 0
557 0 0 0 0
558 0 0 0 0
559 0 0 0 0
560 0 0 0 0
561 0 0 0 0
562 0 0 0 0
563 0 0 0 0
564 0 0 0 0
565 0 0 0 0
566 0 0 0 0
567 0 0 0 0
568 0 0 0 0
569 0 0 0 0
570 0 0 0 0
571 0 0 0 0
572 0 0 0 0
573 0 0 0 0
574 0 0 0 0
575 0 0 0 0
576 0 0 0 0
577 0 0 0 0
578 0 0 0 0
579 0 0 0 0
580 0 0 0 0
581 0 0 0 0
582 0 0 0 0
583 0 0 0 0
584 0 0 0 0
585 0 0 0 0
586 0 0 0 0
587 0 0 0 0
588 0 0 0 0
589 0 0 0 0
590 0 0 0 0
591 0 0 0 0
592 0 0 0 0
593 0 0 0 0
594 0 0 0 0
595 0 0 0 0
596 0 0 0 0
597 0 0 0 0
598 0 0 0 0
599 0 0 0 0
600 0 0 0 0
601 0 0 0 0
602 0 0 0 0
603 0 0 0 0
604 0 0 0 0
605 0 0 0 0
606 0 0 0 0
607 0 0 0 0
608 0 0 0 0
609 0 0 0 0
610 0 0 0 0
611 0 0 0 0
612 0 0 0 0
613 0 0 0 0
614 0 0 0 0
615 0 0 0 0
616 0 0 0 0
617 0 0 0 0
618 0 0 0 0
619 0 0 0 0
620 0 0 0 0
621 0 0 0 0
622 0 0 0 0
623 0 0 0 0
624 0 0 0 0
625 0 0 0 0
626 0 0 0 0
627 0 0 0 0
628 0 0 0 0
629 0 0 0 0
630 0 0 0 0
631 0 0 0 0
632 0 0 0 0
633 0 0 0 0
634 0 0 0 0
635 0 0 0 0
636 0 0 0 0
637 0 0 0 0
638 0 0 0 0
639 0 0 0 0
640 0 0 0 0
641 0 0 0 0
642 0 0 0 0
643 0 0 0 0
644 0 0 0 0
645 0 0 0 0
646 0 0 0 0
647 0 0 0 0
648 0 0 0 0
649 0 0 0 0
650 0 0 0 0
651 0 0 0 0
652 0 0 0 0
653 0 0 0 0
654 0 0 0 0
655 0 0 0 0
656 0 0 0 0
657 0 0 0 0
658 0 0 0 0
659 0 0 0 0
660 0 0 0 0
661 0 0 0 0
662 0 0 0 0
663 0 0 0 0
664 0 0 0 0
665 0 0 0 0
666 0 0 0 0
667 0 0 0 0
668 0 0 0 0
669 0 0 0 0
670 0 0 0 0
671 0 0 0 0
672 0 0 0 0
673 0 0 0 0
674 0 0 0 0
675 0 0 0 0
676 0 0 0 0
677 0 0 0 0
678 0 0 0 0
679 0 0 0 0
680 0 0 0 0
681 0 0 0 0
682 0 0 0 0
683 0 0 0 0
684 0 0 0 0
685 0 0 0 0
686 0 0 0 0
687 0 0 0 0
688 0 0 0 0
689 0 0 0 0
690 0 0 0 0
691 0 0 0 0
692 0 0 0 0
693 0 0 0 0
694 0 0 0 0
695 0 0 0 0
696 0 0 0 0
697 0 0 0 0
698 0 0 0 0
699 0 0 0 0
700 0 0 0 0
701 0 0 0 0
702 0 0 0 0
703 0 0 0 0
704 0 0 0 0
705 0 0 0 0
706 0 0 0 0
707 0 0 0 0
708 0 0 0 0
709 0 0 0 0
710 0 0 0 0
711 0 0 0 0
712 0 0 0 0
713 0 0 0 0
714 0 0 0 0
715 0 0 0 0
716 0 0 0 0
717 0 0 0 0
718 0 0 0 0
719 0 0 0 0
720 0 0 0 0
721 0 0 0 0
722 0 0 0 0
723 0 0 0 0
724 0 0 0 0
725 0 0 0 0
726 0 0 0 0
727 0 0 0 0
