0 0 0 0 0
1 0 0 0 0
2 0 0 0 0
3 0 0 0 0
4 0 0 0 0
5 0 2 3 0
6 0 0 0 0
7 0 0 0 0
8 0 0 0 0
9 0 0 0 4
10 0 0 0 0
11 0 0 0 0
12 0 0 0 1
13 0 0 0 0
14 0 0 0 0
15 0 0 0 0
16 1 0 0 0
17 1 0 0 0
18 1 0 0 0
19 1 0 0 0
20 1 0 0 0
21 0 0 0 0
22 0 1 0 0
23 1 0 0 0
24 0 0 1 0
25 0 0 2 0
26 1 0 0 1
27 0 1 0 0
28 1 1 0 1
29 0 0 0 1
30 1 0 0 0
31 1 0 1 1
32 2 0 0 1
33 0 0 0 0
34 3 0 0 0
35 1 0 0 2
36 1 0 0 0
37 1 1 1 0
38 1 1 0 0
39 2 2 0 0
40 0 1 0 0
41 3 0 1 0
42 1 0 0 1
43 1 2 1 0
44 1 1 1 3
45 2 1 0 0
46 0 1 0 2
47 0 0 0 2
48 0 0 1 2
49 1 0 0 1
50 0 3 2 2
51 2 0 1 1
52 1 0 0 0
53 0 1 0 0
54 1 1 0 5
55 4 0 0 0
56 0 0 0 0
57 4 0 0 1
58 2 0 0 2
59 2 1 0 0
60 3 3 2 1
61 2 0 1 0
62 0 1 0 0
63 2 1 0 0
64 3 1 1 2
65 2 1 2 1
66 0 3 1 1
67 1 0 1 4
68 0 1 1 0
69 2 1 2 3
70 2 2 0 1
71 0 0 0 3
72 2 1 1 3
73 2 0 0 3
74 2 1 2 1
75 2 0 1 0
76 1 0 0 3
77 3 1 0 2
78 4 1 0 1
79 4 1 1 2
80 2 2 1 0
81 3 2 0 2
82 0 2 1 1
83 2 2 0 1
84 4 1 0 3
85 0 0 1 1
86 5 3 0 3
87 2 0 2 1
88 3 3 1 0
89 1 1 1 3
90 3 2 0 3
91 3 1 1 2
92 4 2 0 0
93 3 2 2 3
94 0 1 0 3
95 2 3 2 5
96 4 1 2 3
97 4 3 1 2
98 2 1 1 1
99 6 0 1 3
100 4 1 2 3
101 3 0 3 2
102 6 3 0 4
103 6 0 1 2
104 3 5 1 3
105 3 4 0 3
106 5 4 1 1
107 3 3 1 2
108 8 1 4 3
109 4 2 1 4
110 4 2 1 3
111 6 1 4 6
112 10 0 2 5
113 4 3 3 5
114 8 1 1 3
115 11 2 3 6
116 6 4 2 3
117 8 6 2 6
118 3 4 2 4
119 7 5 0 2
120 10 6 9 4
121 6 4 1 5
122 9 5 2 6
123 11 3 3 7
124 3 5 3 11
125 9 6 2 7
126 3 3 3 4
127 4 4 1 7
128 10 5 2 6
129 2 4 1 8
130 4 4 6 9
131 5 6 2 7
132 10 4 2 7
133 10 3 8 7
134 10 2 2 11
135 10 3 1 7
136 10 2 3 5
137 13 6 3 7
138 12 2 2 8
139 16 6 1 4
140 6 4 2 7
141 15 3 2 4
142 8 7 5 4
143 9 7 3 8
144 16 4 9 8
145 12 6 3 5
146 11 8 6 9
147 7 9 2 10
148 12 5 3 13
149 14 11 6 9
150 17 11 2 12
151 13 5 6 11
152 11 3 8 8
153 6 9 5 14
154 16 9 7 9
155 15 6 6 9
156 19 6 5 11
157 13 4 5 18
158 13 6 3 19
159 19 7 9 13
160 15 5 5 12
161 15 12 8 8
162 15 2 6 10
163 20 12 4 17
164 19 11 8 10
165 22 12 5 14
166 20 8 5 8
167 18 11 1 14
168 21 12 6 20
169 22 11 2 10
170 23 15 5 14
171 22 8 9 17
172 19 15 8 13
173 16 13 10 19
174 24 21 6 16
175 16 13 4 20
176 19 11 9 16
177 29 9 10 22
178 24 12 5 25
179 15 15 15 20
180 28 13 5 21
181 21 14 7 22
182 24 11 7 12
183 18 16 5 27
184 32 8 5 19
185 25 15 8 24
186 22 21 8 20
187 28 15 10 22
188 22 11 8 14
189 26 19 6 17
190 29 19 8 22
191 25 14 4 19
192 27 21 12 24
193 25 16 11 29
194 37 12 12 31
195 26 19 11 19
196 33 8 8 25
197 35 13 9 24
198 30 16 9 17
199 28 22 10 36
200 26 14 16 22
201 31 20 14 27
202 25 24 14 26
203 24 17 16 22
204 34 11 12 31
205 22 13 11 27
206 20 24 4 43
207 16 16 13 28
208 18 23 9 24
209 19 19 11 30
210 19 12 12 27
211 12 16 6 30
212 17 8 5 23
213 22 14 13 34
214 15 14 10 28
215 19 12 6 25
216 10 7 8 20
217 13 11 8 25
218 20 7 12 25
219 8 13 6 14
220 15 17 3 21
221 10 5 8 17
222 14 7 10 22
223 11 9 10 17
224 10 6 3 22
225 7 8 4 14
226 9 8 3 18
227 6 10 6 22
228 9 6 2 11
229 10 7 6 12
230 8 7 2 12
231 10 6 6 16
232 7 7 3 10
233 3 2 4 13
234 11 6 2 7
235 11 7 2 12
236 6 9 1 11
237 6 5 7 10
238 3 3 4 11
239 1 4 5 12
240 10 5 4 9
241 7 4 3 10
242 3 2 3 9
243 3 5 1 7
244 3 3 0 8
245 7 2 1 8
246 3 4 4 6
247 6 2 2 6
248 6 1 0 4
249 5 5 4 6
250 6 5 3 7
251 5 1 2 3
252 2 5 3 1
253 2 4 1 11
254 2 3 2 6
255 2 1 5 0
256 5 1 3 5
257 2 2 1 6
258 1 0 3 6
259 1 2 1 6
260 3 0 1 7
261 1 1 3 2
262 2 1 1 6
263 4 0 0 3
264 7 0 2 4
265 3 2 2 2
266 4 1 1 3
267 4 1 1 0
268 2 1 1 4
269 3 3 2 1
270 3 1 0 2
271 2 2 1 2
272 3 3 2 4
273 3 2 1 3
274 3 1 1 1
275 0 3 1 3
276 0 3 0 3
277 1 2 3 3
278 3 0 4 4
279 2 2 1 7
280 0 2 0 4
281 1 0 0 0
282 3 0 0 2
283 2 4 0 1
284 2 0 1 6
285 0 0 0 3
286 5 0 1 2
287 1 1 2 4
288 3 1 0 1
289 2 1 0 0
290 0 1 1 1
291 3 3 2 2
292 1 0 2 0
293 2 1 3 2
294 0 2 0 1
295 0 1 0 5
296 1 0 0 0
297 1 0 0 4
298 0 0 1 3
299 1 0 0 2
300 1 2 1 2
301 0 2 0 0
302 1 1 0 1
303 0 0 0 0
304 0 0 1 3
305 2 0 0 1
306 0 0 1 0
307 0 1 0 0
308 2 0 0 2
309 0 1 0 1
310 0 2 0 1
311 0 0 0 1
312 2 0 0 0
313 0 1 0 0
314 1 0 0 1
315 0 0 0 1
316 0 0 0 1
317 0 0 2 2
318 1 0 0 0
319 0 0 1 0
320 0 0 0 0
321 0 0 1 2
322 0 0 0 0
323 0 0 1 1
324 0 0 0 0
325 0 0 0 0
326 1 0 0 0
327 1 0 0 0
328 0 0 0 1
329 1 0 0 0
330 0 0 0 1
331 0 1 0 0
332 0 0 0 0
333 0 0 0 0
334 0 0 0 0
335 0 0 0 0
336 0 1 0 0
337 0 0 0 0
338 0 0 1 1
339 0 0 0 0
340 0 0 0 1
341 0 0 0 0
342 1 0 0 0
343 0 0 0 1
344 0 0 0 0
345 0 0 0 0
346 0 0 0 0
347 0 1 0 0
348 0 0 0 0
349 0 0 0 0
350 1 0 0 0
351 0 0 0 1
352 0 0 0 0
353 0 0 0 0
354 0 0 0 0
355 0 1 0 0
356 0 0 0 0
357 0 0 0 0
358 0 0 0 0
359 0 0 0 1
360 0 0 0 0
361 0 0 0 0
362 0 0 0 0
363 0 0 0 0
364 0 0 0 0
365 0 0 0 0
366 0 0 0 0
367 0 0 0 0
368 0 0 0 0
369 0 0 0 0
370 0 0 0 0
371 0 0 0 0
372 0 0 0 0
373 0 0 0 0
374 0 0 0 0
375 0 0 0 0
376 0 0 0 0
377 0 0 0 0
378 0 0 0 0
379 0 0 0 0
380 0 0 0 0
381 0 0 0 0
382 0 0 0 0
383 0 0 0 0
384 0 0 0 0
385 0 0 0 0
386 0 0 0 0
387 0 0 0 0
388 0 0 0 0
389 0 0 0 0
390 0 0 0 0
391 0 0 0 0
392 0 0 0 0
393 0 0 0 0
394 0 0 0 0
395 0 0 0 0
396 0 0 0 0
397 0 0 0 0
398 0 0 0 0
399 0 0 0 0
400 0 0 0 0
401 0 0 0 0
402 0 0 0 0
403 0 0 0 0
404 0 0 0 0
405 0 0 0 0
406 0 0 0 0
407 0 0 0 0
408 0 0 0 0
409 0 0 0 0
410 0 0 0 0
411 0 0 0 0
412 0 0 0 0
413 0 0 0 0
414 0 0 0 0
415 0 0 0 0
416 0 0 0 0
417 0 0 0 0
418 0 0 0 0
419 0 0 0 0
420 0 0 0 0
421 0 0 0 0
422 0 0 0 0
423 0 0 0 0
424 0 0 0 0
425 0 0 0 0
426 0 0 0 0
427 0 0 0 0
428 0 0 0 0
429 0 0 0 0
430 0 0 0 0
431 0 0 0 0
432 0 0 0 0
433 0 0 0 0
434 0 0 0 0
435 0 0 0 0
436 0 0 0 0
437 0 0 0 0
438 0 0 0 0
439 0 0 0 0
440 0 0 0 0
441 0 0 0 0
442 0 0 0 0
443 0 0 0 0
444 0 0 0 0
445 0 0 0 0
446 0 0 0 0
447 0 0 0 0
448 0 0 0 0
449 0 0 0 0
450 0 0 0 0
451 0 0 0 0
452 0 0 0 0
453 0 0 0 0
454 0 0 0 0
455 0 0 0 0
456 0 0 0 0
457 0 0 0 0
458 0 0 0 0
459 0 0 0 0
460 0 0 0 0
461 0 0 0 0
462 0 0 0 0
463 0 0 0 0
464 0 0 0 0
465 0 0 0 0
466 0 0 0 0
467 0 0 0 0
468 0 0 0 0
469 0 0 0 0
470 0 0 0 0
471 0 0 0 0
472 0 0 0 0
473 0 0 0 0
474 0 0 0 0
475 0 0 0 0
476 0 0 0 0
477 0 0 0 0
478 0 0 0 0
479 0 0 0 0
480 0 0 0 0
481 0 0 0 0
482 0 0 0 0
483 0 0 0 0
484 0 0 0 0
485 0 0 0 0
486 0 0 0 0
487 0 0 0 0
488 0 0 0 0
489 0 0 0 0
490 0 0 0 0
491 0 0 0 0
492 0 0 0 0
493 0 0 0 0
494 0 0 0 0
495 0 0 0 0
496 0 0 0 0
497 0 0 0 0
498 0 0 0 0
499 0 0 0 0
500 0 0 0 0
501 0 0 0 0
502 0 0 0 0
503 0 0 0 0
504 0 0 0 0
505 0 0 0 0
506 0 0 0 0
507 0 0 0 0
508 0 0 0 0
509 0 0 0 0
510 0 0 0 0
511 0 0 0 0
512 0 0 0 0
513 0 0 0 0
514 0 0 0 0
515 0 0 0 0
516 0 0 0 0
517 0 0 0 0
518 0 0 0 0
519 0 0 0 0
520 0 0 0 0
521 0 0 0 0
522 0 0 0 0
523 0 0 0 0
524 0 0 0 0
525 0 0 0 0
526 0 0 0 0
527 0 0 0 0
528 0 0 0 0
529 0 0 0 0
530 0 0 0 0
531 0 0 0 0
532 0 0 0 0
533 0 0 0 0
534 0 0 0 0
535 0 0 0 0
536 0 0 0 0
537 0 0 0 0
538 0 0 0 0
539 0 0 0 0
540 0 0 0 0
541 0 0 0 0
542 0 0 0 0
543 0 0 0 0
544 0 0 0 0
545 0 0 0 0
546 0 0 0 0
547 0 0 0 0
548 0 0 0 0
549 0 0 0 0
550 0 0 0 0
551 0 0 0 0
552 0 0 0 0
553 0 0 0 0
554 0 0 0 0
555 0 0 0 0
556 0 0 0 0
557 0 0 0 0
558 0 0 0 0
559 0 0 0 0
560 0 0 0 0
561 0 0 0 0
562 0 0 0 0
563 0 0 0 0
564 0 0 0 0
565 0 0 0 0
566 0 0 0 0
567 0 0 0 0
568 0 0 0 0
569 0 0 0 0
570 0 0 0 0
571 0 0 0 0
572 0 0 0 0
573 0 0 0 0
574 0 0 0 0
575 0 0 0 0
576 0 0 0 0
577 0 0 0 0
578 0 0 0 0
579 0 0 0 0
580 0 0 0 0
581 0 0 0 0
582 0 0 0 0
583 0 0 0 0
584 0 0 0 0
585 0 0 0 0
586 0 0 0 0
587 0 0 0 0
588 0 0 0 0
589 0 0 0 0
590 0 0 0 0
591 0 0 0 0
592 0 0 0 0
593 0 0 0 0
594 0 0 0 0
595 0 0 0 0
596 0 0 0 0
597 0 0 0 0
598 0 0 0 0
599 0 0 0 0
600 0 0 0 0
601 0 0 0 0
602 0 0 0 0
603 0 0 0 0
604 0 0 0 0
605 0 0 0 0
606 0 0 0 0
607 0 0 0 0
608 0 0 0 0
609 0 0 0 0
610 0 0 0 0
611 0 0 0 0
612 0 0 0 0
613 0 0 0 0
614 0 0 0 0
615 0 0 0 0
616 0 0 0 0
617 0 0 0 0
618 0 0 0 0
619 0 0 0 0
620 0 0 0 0
621 0 0 0 0
622 0 0 0 0
623 0 0 0 0
624 0 0 0 0
625 0 0 0 0
626 0 0 0 0
627 0 0 0 0
628 0 0 0 0
629 0 0 0 0
630 0 0 0 0
631 0 0 0 0
632 0 0 0 0
633 0 0 0 0
634 0 0 0 0
635 0 0 0 0
636 0 0 0 0
637 0 0 0 0
638 0 0 0 0
639 0 0 0 0
640 0 0 0 0
641 0 0 0 0
642 0 0 0 0
643 0 0 0 0
644 0 0 0 0
645 0 0 0 0
646 0 0 0 0
647 0 0 0 0
648 0 0 0 0
649 0 0 0 0
650 0 0 0 0
651 0 0 0 0
652 0 0 0 0
653 0 0 0 0
654 0 0 0 0
655 0 0 0 0
656 0 0 0 0
657 0 0 0 0
658 0 0 0 0
659 0 0 0 0
660 0 0 0 0
661 0 0 0 0
662 0 0 0 0
663 0 0 0 0
664 0 0 0 0
665 0 0 0 0
666 0 0 0 0
667 0 0 0 0
668 0 0 0 0
669 0 0 0 0
670 0 0 0 0
671 0 0 0 0
672 0 0 0 0
673 0 0 0 0
674 0 0 0 0
675 0 0 0 0
676 0 0 0 0
677 0 0 0 0
678 0 0 0 0
679 0 0 0 0
680 0 0 0 0
681 0 0 0 0
682 0 0 0 0
683 0 0 0 0
684 0 0 0 0
685 0 0 0 0
686 0 0 0 0
687 0 0 0 0
688 0 0 0 0
689 0 0 0 0
690 0 0 0 0
691 0 0 0 0
692 0 0 0 0
693 0 0 0 0
694 0 0 0 0
695 0 0 0 0
696 0 0 0 0
697 0 0 0 0
698 0 0 0 0
699 0 0 0 0
700 0 0 0 0
701 0 0 0 0
702 0 0 0 0
703 0 0 0 0
704 0 0 0 0
705 0 0 0 0
706 0 0 0 0
707 0 0 0 0
708 0 0 0 0
709 0 0 0 0
710 0 0 0 0
711 0 0 0 0
712 0 0 0 0
713 0 0 0 0
714 0 0 0 0
715 0 0 0 0
716 0 0 0 0
717 0 0 0 0
718 0 0 0 0
719 0 0 0 0
720 0 0 0 0
721 0 0 0 0
722 0 0 0 0
723 0 0 0 0
724 0 0 0 0
725 0 0 0 0
726 0 0 0 0
727 0 0 0 0
