0 0 0 0 0
1 0 0 0 0
2 0 0 0 0
3 0 0 0 0
4 0 0 0 0
5 0 2 1 0
6 0 0 0 0
7 0 0 0 0
8 0 0 0 0
9 0 2 0 2
10 0 0 0 0
11 0 0 0 0
12 0 0 0 1
13 0 0 0 1
14 0 0 0 0
15 0 0 0 0
16 0 0 0 1
17 1 0 0 0
18 0 0 0 0
19 0 0 0 0
20 0 0 0 0
21 1 0 0 0
22 0 0 0 0
23 0 0 0 0
24 1 0 0 0
25 0 0 0 0
26 0 2 0 0
27 1 0 0 0
28 2 0 0 0
29 0 0 0 0
30 2 0 0 1
31 0 0 0 0
32 1 1 0 0
33 1 1 0 1
34 1 0 0 0
35 0 0 0 0
36 0 0 0 1
37 1 1 2 0
38 0 0 0 0
39 0 2 1 0
40 0 0 0 1
41 0 0 0 2
42 0 0 2 0
43 0 0 0 2
44 0 0 0 2
45 0 0 0 0
46 0 0 0 1
47 1 0 0 0
48 1 0 0 0
49 1 0 0 1
50 2 0 0 0
51 1 0 0 0
52 0 0 0 0
53 1 0 0 0
54 1 0 0 0
55 0 1 0 0
56 0 1 0 0
57 1 1 0 0
58 1 3 0 0
59 2 1 0 1
60 1 1 0 1
61 1 0 0 1
62 0 0 1 1
63 1 0 0 0
64 1 1 0 1
65 1 0 1 2
66 0 0 0 2
67 0 0 1 0
68 1 0 1 1
69 0 0 1 1
70 1 1 1 0
71 1 0 0 1
72 1 0 1 1
73 0 1 0 1
74 1 0 0 1
75 4 0 0 0
76 1 0 1 0
77 1 0 1 1
78 2 0 0 0
79 3 1 0 1
80 3 2 2 2
81 2 0 1 0
82 4 1 0 0
83 3 1 2 0
84 1 0 1 2
85 1 2 0 1
86 2 0 2 1
87 1 2 0 5
88 2 2 1 0
89 1 0 1 2
90 2 0 0 3
91 1 1 3 2
92 2 1 1 1
93 0 2 1 0
94 2 1 0 1
95 5 3 0 5
96 1 0 2 3
97 2 0 0 2
98 1 0 0 2
99 3 0 1 3
100 3 0 2 2
101 1 1 1 1
102 1 1 0 0
103 3 0 1 2
104 2 3 2 1
105 1 3 0 1
106 2 2 0 1
107 4 1 0 1
108 2 1 2 4
109 5 0 1 2
110 2 1 0 2
111 0 1 1 3
112 2 2 1 3
113 1 1 1 1
114 1 3 2 2
115 0 1 1 2
116 3 2 1 2
117 3 0 2 0
118 0 0 1 3
119 0 1 1 3
120 2 0 0 4
121 2 0 1 2
122 1 1 0 2
123 3 0 0 1
124 4 0 0 2
125 2 4 1 0
126 3 1 2 2
127 2 0 0 0
128 1 0 2 1
129 6 1 0 3
130 7 1 1 1
131 5 1 1 0
132 4 1 1 4
133 4 3 0 2
134 8 3 0 0
135 6 4 1 3
136 1 1 0 1
137 4 1 2 3
138 5 7 1 1
139 3 5 2 5
140 5 5 4 3
141 2 2 1 3
142 5 1 2 7
143 7 3 4 4
144 6 1 2 7
145 5 1 0 4
146 3 0 2 6
147 6 3 3 6
148 3 4 3 4
149 9 2 3 2
150 6 1 1 6
151 10 2 3 3
152 11 5 1 4
153 5 4 5 4
154 10 3 5 5
155 5 3 1 4
156 5 8 2 5
157 14 2 4 7
158 4 3 5 8
159 12 4 3 4
160 7 0 4 7
161 7 5 2 7
162 5 4 6 7
163 11 7 0 6
164 16 5 2 5
165 5 2 6 8
166 10 7 3 13
167 4 3 3 9
168 6 5 8 7
169 10 10 3 7
170 15 1 5 7
171 8 3 2 7
172 16 4 3 12
173 11 6 2 12
174 9 4 3 5
175 14 7 5 7
176 10 3 3 9
177 10 10 5 8
178 7 13 1 5
179 13 5 5 7
180 13 6 8 11
181 14 5 6 12
182 15 2 1 16
183 10 5 1 4
184 10 7 4 13
185 18 10 3 9
186 11 7 12 8
187 12 6 6 13
188 11 10 3 15
189 9 5 4 6
190 13 11 2 12
191 23 8 5 15
192 15 7 5 14
193 15 4 7 15
194 17 9 4 6
195 22 10 8 15
196 8 9 6 5
197 17 11 7 13
198 13 7 7 9
199 19 9 4 17
200 21 18 8 13
201 11 5 4 16
202 9 12 5 18
203 10 5 10 14
204 16 9 8 25
205 7 9 2 10
206 16 6 7 14
207 11 7 3 20
208 11 10 6 16
209 9 9 9 17
210 13 7 1 14
211 7 14 2 10
212 7 4 5 12
213 10 9 4 15
214 10 5 3 10
215 3 5 9 17
216 12 8 3 14
217 8 3 3 8
218 6 7 3 10
219 10 4 6 12
220 6 2 2 13
221 5 9 4 9
222 9 9 1 11
223 7 6 1 9
224 9 4 3 5
225 8 7 1 11
226 8 4 3 12
227 8 6 3 7
228 9 3 5 11
229 2 2 3 9
230 5 4 0 4
231 8 2 5 9
232 5 6 6 6
233 7 3 8 8
234 6 3 2 6
235 6 5 1 11
236 7 2 1 7
237 7 6 2 7
238 7 2 3 4
239 4 4 4 8
240 2 2 5 8
241 6 3 1 6
242 2 4 2 4
243 1 2 3 9
244 1 7 1 10
245 1 4 1 5
246 3 4 2 4
247 7 3 3 5
248 3 2 0 7
249 1 0 1 6
250 5 2 2 3
251 1 0 2 7
252 2 2 3 2
253 3 1 1 5
254 3 1 0 5
255 0 3 0 3
256 3 2 0 3
257 2 0 2 1
258 2 2 0 2
259 1 2 3 4
260 0 0 1 3
261 1 3 1 1
262 0 2 0 2
263 1 1 1 4
264 1 0 0 1
265 1 2 0 3
266 2 0 0 3
267 0 0 1 2
268 1 1 1 2
269 0 1 0 2
270 0 0 1 1
271 1 1 0 1
272 1 0 0 1
273 1 0 0 0
274 0 1 0 2
275 2 0 1 1
276 2 1 0 1
277 0 2 0 0
278 0 1 0 2
279 0 0 0 1
280 0 1 0 1
281 0 1 1 2
282 0 0 0 1
283 1 0 0 0
284 1 1 0 1
285 0 0 0 1
286 1 0 0 0
287 1 0 0 0
288 1 1 0 2
289 0 0 1 0
290 0 0 0 0
291 0 0 0 0
292 0 1 0 1
293 0 0 0 0
294 0 0 0 0
295 0 0 1 0
296 0 0 0 1
297 0 0 1 0
298 0 0 0 0
299 0 0 0 2
300 0 0 0 0
301 0 0 0 1
302 1 0 0 0
303 0 0 0 0
304 0 0 0 0
305 0 0 0 0
306 0 0 0 0
307 0 1 0 0
308 0 0 0 0
309 0 0 0 0
310 0 0 0 0
311 0 0 0 0
312 0 0 0 0
313 0 0 0 0
314 0 0 0 1
315 0 0 0 0
316 0 0 0 0
317 0 0 0 0
318 0 0 0 0
319 0 0 0 0
320 0 0 0 0
321 1 0 0 0
322 0 0 0 0
323 0 0 0 0
324 0 0 0 0
325 0 0 0 0
326 0 0 0 0
327 0 0 0 0
328 0 0 0 0
329 0 0 0 0
330 0 0 1 0
331 0 0 0 0
332 0 0 0 0
333 0 0 0 0
334 0 0 0 1
335 0 0 0 0
336 0 0 0 0
337 0 0 0 0
338 0 0 0 0
339 0 0 0 0
340 0 0 0 0
341 0 0 0 0
342 0 0 0 0
343 0 0 0 0
344 0 0 0 0
345 0 0 0 0
346 0 0 0 0
347 0 0 0 0
348 0 0 0 0
349 0 0 0 0
350 0 0 0 0
351 0 0 0 0
352 0 0 0 0
353 0 0 0 0
354 0 0 0 0
355 0 0 0 0
356 0 0 0 0
357 0 0 0 0
358 0 0 0 0
359 0 0 0 0
360 0 0 0 0
361 0 0 0 0
362 0 0 0 0
363 0 0 0 0
364 0 0 0 0
365 0 0 0 0
366 0 0 0 0
367 0 0 0 0
368 0 0 0 0
369 0 0 0 0
370 0 0 0 0
371 0 0 0 0
372 0 0 0 0
373 0 0 0 0
374 0 0 0 0
375 0 0 0 0
376 0 0 0 0
377 0 0 0 0
378 0 0 0 0
379 0 0 0 0
380 0 0 0 0
381 0 0 0 0
382 0 0 0 0
383 0 0 0 0
384 0 0 0 0
385 0 0 0 0
386 0 0 0 0
387 0 0 0 0
388 0 0 0 0
389 0 0 0 0
390 0 0 0 0
391 0 0 0 0
392 0 0 0 0
393 0 0 0 0
394 0 0 0 0
395 0 0 0 0
396 0 0 0 0
397 0 0 0 0
398 0 0 0 0
399 0 0 0 0
400 0 0 0 0
401 0 0 0 0
402 0 0 0 0
403 0 0 0 0
404 0 0 0 0
405 0 0 0 0
406 0 0 0 0
407 0 0 0 0
408 0 0 0 0
409 0 0 0 0
410 0 0 0 0
411 0 0 0 0
412 0 0 0 0
413 0 0 0 0
414 0 0 0 0
415 0 0 0 0
416 0 0 0 0
417 0 0 0 0
418 0 0 0 0
419 0 0 0 0
420 0 0 0 0
421 0 0 0 0
422 0 0 0 0
423 0 0 0 0
424 0 0 0 0
425 0 0 0 0
426 0 0 0 0
427 0 0 0 0
428 0 0 0 0
429 0 0 0 0
430 0 0 0 0
431 0 0 0 0
432 0 0 0 0
433 0 0 0 0
434 0 0 0 0
435 0 0 0 0
436 0 0 0 0
437 0 0 0 0
438 0 0 0 0
439 0 0 0 0
440 0 0 0 0
441 0 0 0 0
442 0 0 0 0
443 0 0 0 0
444 0 0 0 0
445 0 0 0 0
446 0 0 0 0
447 0 0 0 0
448 0 0 0 0
449 0 0 0 0
450 0 0 0 0
451 0 0 0 0
452 0 0 0 0
453 0 0 0 0
454 0 0 0 0
455 0 0 0 0
456 0 0 0 0
457 0 0 0 0
458 0 0 0 0
459 0 0 0 0
460 0 0 0 0
461 0 0 0 0
462 0 0 0 0
463 0 0 0 0
464 0 0 0 0
465 0 0 0 0
466 0 0 0 0
467 0 0 0 0
468 0 0 0 0
469 0 0 0 0
470 0 0 0 0
471 0 0 0 0
472 0 0 0 0
473 0 0 0 0
474 0 0 0 0
475 0 0 0 0
476 0 0 0 0
477 0 0 0 0
478 0 0 0 0
479 0 0 0 0
480 0 0 0 0
481 0 0 0 0
482 0 0 0 0
483 0 0 0 0
484 0 0 0 0
485 0 0 0 0
486 0 0 0 0
487 0 0 0 0
488 0 0 0 0
489 0 0 0 0
490 0 0 0 0
491 0 0 0 0
492 0 0 0 0
493 0 0 0 0
494 0 0 0 0
495 0 0 0 0
496 0 0 0 0
497 0 0 0 0
498 0 0 0 0
499 0 0 0 0
500 0 0 0 0
501 0 0 0 0
502 0 0 0 0
503 0 0 0 0
504 0 0 0 0
505 0 0 0 0
506 0 0 0 0
507 0 0 0 0
508 0 0 0 0
509 0 0 0 0
510 0 0 0 0
511 0 0 0 0
512 0 0 0 0
513 0 0 0 0
514 0 0 0 0
515 0 0 0 0
516 0 0 0 0
517 0 0 0 0
518 0 0 0 0
519 0 0 0 0
520 0 0 0 0
521 0 0 0 0
522 0 0 0 0
523 0 0 0 0
524 0 0 0 0
525 0 0 0 0
526 0 0 0 0
527 0 0 0 0
528 0 0 0 0
529 0 0 0 0
530 0 0 0 0
531 0 0 0 0
532 0 0 0 0
533 0 0 0 0
534 0 0 0 0
535 0 0 0 0
536 0 0 0 0
537 0 0 0 0
538 0 0 0 0
539 0 0 0 0
540 0 0 0 0
541 0 0 0 0
542 0 0 0 0
543 0 0 0 0
544 0 0 0 0
545 0 0 0 0
546 0 0 0 0
547 0 0 0 0
548 0 0 0 0
549 0 0 0 0
550 0 0 0 0
551 0 0 0 0
552 0 0 0 0
553 0 0 0 0
554 0 0 0 0
555 0 0 0 0
556 0 0 0 0
557 0 0 0 0
558 0 0 0 0
559 0 0 0 0
560 0 0 0 0
561 0 0 0 0
562 0 0 0 0
563 0 0 0 0
564 0 0 0 0
565 0 0 0 0
566 0 0 0 0
567 0 0 0 0
568 0 0 0 0
569 0 0 0 0
570 0 0 0 0
571 0 0 0 0
572 0 0 0 0
573 0 0 0 0
574 0 0 0 0
575 0 0 0 0
576 0 0 0 0
577 0 0 0 0
578 0 0 0 0
579 0 0 0 0
580 0 0 0 0
581 0 0 0 0
582 0 0 0 0
583 0 0 0 0
584 0 0 0 0
585 0 0 0 0
586 0 0 0 0
587 0 0 0 0
588 0 0 0 0
589 0 0 0 0
590 0 0 0 0
591 0 0 0 0
592 0 0 0 0
593 0 0 0 0
594 0 0 0 0
595 0 0 0 0
596 0 0 0 0
597 0 0 0 0
598 0 0 0 0
599 0 0 0 0
600 0 0 0 0
601 0 0 0 0
602 0 0 0 0
603 0 0 0 0
604 0 0 0 0
605 0 0 0 0
606 0 0 0 0
607 0 0 0 0
608 0 0 0 0
609 0 0 0 0
610 0 0 0 0
611 0 0 0 0
612 0 0 0 0
613 0 0 0 0
614 0 0 0 0
615 0 0 0 0
616 0 0 0 0
617 0 0 0 0
618 0 0 0 0
619 0 0 0 0
620 0 0 0 0
621 0 0 0 0
622 0 0 0 0
623 0 0 0 0
624 0 0 0 0
625 0 0 0 0
626 0 0 0 0
627 0 0 0 0
628 0 0 0 0
629 0 0 0 0
630 0 0 0 0
631 0 0 0 0
632 0 0 0 0
633 0 0 0 0
634 0 0 0 0
635 0 0 0 0
636 0 0 0 0
637 0 0 0 0
638 0 0 0 0
639 0 0 0 0
640 0 0 0 0
641 0 0 0 0
642 0 0 0 0
643 0 0 0 0
644 0 0 0 0
645 0 0 0 0
646 0 0 0 0
647 0 0 0 0
648 0 0 0 0
649 0 0 0 0
650 0 0 0 0
651 0 0 0 0
652 0 0 0 0
653 0 0 0 0
654 0 0 0 0
655 0 0 0 0
656 0 0 0 0
657 0 0 0 0
658 0 0 0 0
659 0 0 0 0
660 0 0 0 0
661 0 0 0 0
662 0 0 0 0
663 0 0 0 0
664 0 0 0 0
665 0 0 0 0
666 0 0 0 0
667 0 0 0 0
668 0 0 0 0
669 0 0 0 0
670 0 0 0 0
671 0 0 0 0
672 0 0 0 0
673 0 0 0 0
674 0 0 0 0
675 0 0 0 0
676 0 0 0 0
677 0 0 0 0
678 0 0 0 0
679 0 0 0 0
680 0 0 0 0
681 0 0 0 0
682 0 0 0 0
683 0 0 0 0
684 0 0 0 0
685 0 0 0 0
686 0 0 0 0
687 0 0 0 0
688 0 0 0 0
689 0 0 0 0
690 0 0 0 0
691 0 0 0 0
692 0 0 0 0
693 0 0 0 0
694 0 0 0 0
695 0 0 0 0
696 0 0 0 0
697 0 0 0 0
698 0 0 0 0
699 0 0 0 0
700 0 0 0 0
701 0 0 0 0
702 0 0 0 0
703 0 0 0 0
704 0 0 0 0
705 0 0 0 0
706 0 0 0 0
707 0 0 0 0
708 0 0 0 0
709 0 0 0 0
710 0 0 0 0
711 0 0 0 0
712 0 0 0 0
713 0 0 0 0
714 0 0 0 0
715 0 0 0 0
716 0 0 0 0
717 0 0 0 0
718 0 0 0 0
719 0 0 0 0
720 0 0 0 0
721 0 0 0 0
722 0 0 0 0
723 0 0 0 0
724 0 0 0 0
725 0 0 0 0
726 0 0 0 0
727 0 0 0 0
