0 0 0 0 0
1 0 0 0 0
2 0 0 0 0
3 0 0 0 0
4 0 0 0 0
5 0 2 1 0
6 0 0 0 0
7 0 0 0 0
8 0 0 0 0
9 0 1 1 1
10 0 0 0 0
11 0 0 0 0
12 0 0 0 2
13 0 0 0 0
14 0 0 0 1
15 0 0 0 0
16 0 0 0 1
17 1 0 0 0
18 3 0 0 0
19 0 0 0 0
20 2 0 0 0
21 3 0 0 0
22 0 0 0 0
23 3 1 1 0
24 1 0 0 0
25 1 2 0 0
26 1 3 1 0
27 0 1 0 1
28 2 1 2 0
29 4 0 0 0
30 2 0 1 2
31 0 1 0 0
32 2 0 0 5
33 0 1 2 2
34 1 4 0 1
35 0 1 0 2
36 2 0 0 0
37 2 0 1 3
38 3 0 0 2
39 1 0 1 1
40 2 0 0 1
41 1 1 1 2
42 1 0 0 0
43 1 0 1 0
44 2 0 0 1
45 2 1 1 2
46 0 2 0 1
47 2 3 1 1
48 4 0 1 0
49 0 2 0 2
50 1 0 2 1
51 2 0 0 2
52 1 1 1 1
53 1 2 1 2
54 1 0 1 4
55 2 0 0 0
56 1 2 2 3
57 0 0 1 1
58 2 0 0 0
59 3 2 0 0
60 1 1 0 4
61 2 2 1 1
62 1 0 0 0
63 1 1 0 4
64 5 1 1 2
65 0 0 0 2
66 2 0 0 0
67 0 0 2 1
68 3 1 2 2
69 1 1 3 0
70 3 1 1 0
71 0 2 0 1
72 2 0 1 2
73 3 0 2 3
74 2 0 0 2
75 1 0 0 4
76 1 1 0 0
77 3 2 2 2
78 1 3 0 1
79 1 3 0 1
80 2 0 0 2
81 1 0 1 1
82 3 1 0 2
83 7 1 0 1
84 4 1 1 3
85 3 0 2 2
86 2 1 1 3
87 6 2 1 1
88 4 1 0 0
89 3 2 1 1
90 7 2 1 2
91 3 1 2 4
92 6 4 6 1
93 1 3 1 2
94 4 3 1 3
95 5 2 3 2
96 7 4 0 5
97 6 1 3 3
98 4 0 0 6
99 6 4 0 9
100 5 0 2 3
101 7 2 3 3
102 5 3 1 2
103 7 3 0 6
104 8 3 3 4
105 7 4 6 3
106 2 6 3 2
107 9 3 2 2
108 6 6 2 5
109 3 3 1 5
110 2 6 2 8
111 9 1 1 4
112 8 5 3 10
113 5 3 4 4
114 5 2 2 6
115 11 3 0 6
116 3 4 4 10
117 9 5 4 11
118 12 0 2 4
119 7 4 2 3
120 5 6 4 6
121 5 4 0 5
122 11 8 2 5
123 6 3 3 6
124 5 6 3 9
125 7 2 1 4
126 6 3 2 12
127 8 6 6 4
128 5 5 2 4
129 8 4 3 3
130 10 3 0 7
131 10 8 2 14
132 4 4 2 3
133 7 4 0 8
134 6 3 7 7
135 10 3 4 10
136 6 7 4 6
137 8 1 3 0
138 4 4 5 10
139 11 2 5 5
140 6 4 5 11
141 5 5 1 6
142 10 6 4 5
143 11 2 4 7
144 12 4 5 9
145 8 5 3 11
146 9 2 3 11
147 13 2 3 9
148 14 8 4 5
149 10 6 1 6
150 12 4 3 5
151 10 5 6 8
152 14 8 5 11
153 8 6 6 8
154 13 5 2 5
155 11 8 4 12
156 11 8 2 7
157 17 12 5 9
158 10 7 4 8
159 11 7 4 11
160 9 3 5 11
161 9 8 3 14
162 8 9 7 11
163 11 6 8 12
164 9 3 9 15
165 8 9 3 13
166 15 5 6 12
167 12 3 3 8
168 4 9 3 11
169 15 4 1 16
170 12 4 1 17
171 15 7 6 11
172 14 6 4 13
173 16 4 6 4
174 11 7 2 4
175 18 12 3 10
176 18 10 6 9
177 18 2 6 8
178 17 12 5 11
179 11 8 5 11
180 7 16 3 12
181 13 10 3 7
182 9 7 6 12
183 19 7 7 14
184 14 6 4 15
185 15 12 5 17
186 15 11 7 15
187 6 9 6 17
188 19 12 10 15
189 8 7 2 19
190 8 11 5 16
191 11 6 6 15
192 11 3 1 19
193 20 8 8 14
194 15 3 3 11
195 21 4 6 15
196 18 5 4 1
197 17 9 8 14
198 13 5 10 10
199 15 5 7 9
200 16 15 7 15
201 19 7 8 11
202 19 10 8 13
203 21 7 4 10
204 18 10 5 25
205 15 6 9 14
206 6 11 7 17
207 15 9 9 12
208 13 9 7 14
209 13 11 9 14
210 9 10 10 14
211 10 9 4 18
212 8 7 12 20
213 6 10 5 20
214 1 6 5 18
215 9 2 3 9
216 9 8 8 17
217 7 7 4 20
218 10 4 3 16
219 6 3 3 12
220 7 3 5 11
221 10 6 1 13
222 6 4 3 12
223 3 4 0 13
224 5 3 5 6
225 10 5 3 4
226 8 5 1 3
227 7 9 1 5
228 7 1 2 6
229 7 5 3 10
230 6 10 4 5
231 6 3 2 12
232 3 4 1 6
233 5 1 4 8
234 5 4 6 9
235 4 6 4 4
236 3 2 4 4
237 8 2 1 10
238 5 0 2 8
239 4 1 3 10
240 3 3 2 2
241 3 3 0 6
242 2 4 3 7
243 1 3 4 8
244 5 2 4 3
245 3 2 2 2
246 1 6 1 5
247 2 1 1 9
248 2 1 1 5
249 1 2 1 5
250 3 2 1 4
251 3 2 0 4
252 0 1 0 4
253 1 4 1 6
254 2 2 0 3
255 2 1 0 1
256 2 0 1 2
257 1 0 0 4
258 2 1 0 3
259 3 4 0 1
260 0 1 3 2
261 2 2 0 0
262 1 0 0 0
263 0 1 0 2
264 1 0 1 5
265 0 0 0 3
266 0 1 0 2
267 0 2 0 0
268 1 2 1 0
269 1 0 0 1
270 1 1 1 0
271 0 0 0 1
272 0 0 0 2
273 0 0 2 1
274 1 1 0 3
275 0 0 0 1
276 1 0 0 0
277 0 0 0 2
278 1 0 0 1
279 0 0 2 0
280 0 0 0 1
281 0 0 0 0
282 0 0 0 0
283 0 1 0 1
284 0 0 0 0
285 0 0 1 0
286 0 0 0 1
287 1 0 0 0
288 0 0 0 0
289 1 0 0 1
290 0 0 0 1
291 0 0 0 0
292 0 0 0 0
293 0 0 0 0
294 0 1 0 0
295 0 0 0 0
296 0 1 0 0
297 0 0 0 0
298 1 0 0 0
299 0 0 0 0
300 0 0 0 0
301 0 0 0 1
302 0 0 0 0
303 0 0 0 1
304 0 1 0 0
305 0 0 0 0
306 0 0 0 0
307 0 0 0 0
308 0 0 0 0
309 0 0 0 0
310 0 0 0 0
311 0 0 0 1
312 0 0 0 0
313 0 0 0 0
314 0 0 0 0
315 0 0 0 0
316 0 0 0 0
317 0 0 0 0
318 0 0 0 0
319 0 0 0 0
320 0 0 0 0
321 0 0 0 0
322 0 0 0 0
323 0 0 0 0
324 0 0 0 0
325 0 0 0 0
326 0 0 0 0
327 0 0 0 0
328 0 0 0 0
329 0 0 0 0
330 0 0 0 0
331 0 0 0 0
332 0 0 0 0
333 0 0 0 0
334 0 0 0 0
335 0 0 0 0
336 0 0 0 0
337 0 0 0 0
338 0 0 0 0
339 0 0 0 0
340 0 0 0 0
341 0 0 0 0
342 0 0 0 0
343 0 0 0 0
344 0 0 0 0
345 0 0 0 0
346 0 0 0 0
347 0 0 0 0
348 0 0 0 0
349 0 0 0 0
350 0 0 0 0
351 0 0 0 0
352 0 0 0 0
353 0 0 0 0
354 0 0 0 0
355 0 0 0 0
356 0 0 0 0
357 0 0 0 0
358 0 0 0 0
359 0 0 0 0
360 0 0 0 0
361 0 0 0 0
362 0 0 0 0
363 0 0 0 0
364 0 0 0 0
365 0 0 0 0
366 0 0 0 0
367 0 0 0 0
368 0 0 0 0
369 0 0 0 0
370 0 0 0 0
371 0 0 0 0
372 0 0 0 0
373 0 0 0 0
374 0 0 0 0
375 0 0 0 0
376 0 0 0 0
377 0 0 0 0
378 0 0 0 0
379 0 0 0 0
380 0 0 0 0
381 0 0 0 0
382 0 0 0 0
383 0 0 0 0
384 0 0 0 0
385 0 0 0 0
386 0 0 0 0
387 0 0 0 0
388 0 0 0 0
389 0 0 0 0
390 0 0 0 0
391 0 0 0 0
392 0 0 0 0
393 0 0 0 0
394 0 0 0 0
395 0 0 0 0
396 0 0 0 0
397 0 0 0 0
398 0 0 0 0
399 0 0 0 0
400 0 0 0 0
401 0 0 0 0
402 0 0 0 0
403 0 0 0 0
404 0 0 0 0
405 0 0 0 0
406 0 0 0 0
407 0 0 0 0
408 0 0 0 0
409 0 0 0 0
410 0 0 0 0
411 0 0 0 0
412 0 0 0 0
413 0 0 0 0
414 0 0 0 0
415 0 0 0 0
416 0 0 0 0
417 0 0 0 0
418 0 0 0 0
419 0 0 0 0
420 0 0 0 0
421 0 0 0 0
422 0 0 0 0
423 0 0 0 0
424 0 0 0 0
425 0 0 0 0
426 0 0 0 0
427 0 0 0 0
428 0 0 0 0
429 0 0 0 0
430 0 0 0 0
431 0 0 0 0
432 0 0 0 0
433 0 0 0 0
434 0 0 0 0
435 0 0 0 0
436 0 0 0 0
437 0 0 0 0
438 0 0 0 0
439 0 0 0 0
440 0 0 0 0
441 0 0 0 0
442 0 0 0 0
443 0 0 0 0
444 0 0 0 0
445 0 0 0 0
446 0 0 0 0
447 0 0 0 0
448 0 0 0 0
449 0 0 0 0
450 0 0 0 0
451 0 0 0 0
452 0 0 0 0
453 0 0 0 0
454 0 0 0 0
455 0 0 0 0
456 0 0 0 0
457 0 0 0 0
458 0 0 0 0
459 0 0 0 0
460 0 0 0 0
461 0 0 0 0
462 0 0 0 0
463 0 0 0 0
464 0 0 0 0
465 0 0 0 0
466 0 0 0 0
467 0 0 0 0
468 0 0 0 0
469 0 0 0 0
470 0 0 0 0
471 0 0 0 0
472 0 0 0 0
473 0 0 0 0
474 0 0 0 0
475 0 0 0 0
476 0 0 0 0
477 0 0 0 0
478 0 0 0 0
479 0 0 0 0
480 0 0 0 0
481 0 0 0 0
482 0 0 0 0
483 0 0 0 0
484 0 0 0 0
485 0 0 0 0
486 0 0 0 0
487 0 0 0 0
488 0 0 0 0
489 0 0 0 0
490 0 0 0 0
491 0 0 0 0
492 0 0 0 0
493 0 0 0 0
494 0 0 0 0
495 0 0 0 0
496 0 0 0 0
497 0 0 0 0
498 0 0 0 0
499 0 0 0 0
500 0 0 0 0
501 0 0 0 0
502 0 0 0 0
503 0 0 0 0
504 0 0 0 0
505 0 0 0 0
506 0 0 0 0
507 0 0 0 0
508 0 0 0 0
509 0 0 0 0
510 0 0 0 0
511 0 0 0 0
512 0 0 0 0
513 0 0 0 0
514 0 0 0 0
515 0 0 0 0
516 0 0 0 0
517 0 0 0 0
518 0 0 0 0
519 0 0 0 0
520 0 0 0 0
521 0 0 0 0
522 0 0 0 0
523 0 0 0 0
524 0 0 0 0
525 0 0 0 0
526 0 0 0 0
527 0 0 0 0
528 0 0 0 0
529 0 0 0 0
530 0 0 0 0
531 0 0 0 0
532 0 0 0 0
533 0 0 0 0
534 0 0 0 0
535 0 0 0 0
536 0 0 0 0
537 0 0 0 0
538 0 0 0 0
539 0 0 0 0
540 0 0 0 0
541 0 0 0 0
542 0 0 0 0
543 0 0 0 0
544 0 0 0 0
545 0 0 0 0
546 0 0 0 0
547 0 0 0 0
548 0 0 0 0
549 0 0 0 0
550 0 0 0 0
551 0 0 0 0
552 0 0 0 0
553 0 0 0 0
554 0 0 0 0
555 0 0 0 0
556 0 0 0 0
557 0 0 0 0
558 0 0 0 0
559 0 0 0 0
560 0 0 0 0
561 0 0 0 0
562 0 0 0 0
563 0 0 0 0
564 0 0 0 0
565 0 0 0 0
566 0 0 0 0
567 0 0 0 0
568 0 0 0 0
569 0 0 0 0
570 0 0 0 0
571 0 0 0 0
572 0 0 0 0
573 0 0 0 0
574 0 0 0 0
575 0 0 0 0
576 0 0 0 0
577 0 0 0 0
578 0 0 0 0
579 0 0 0 0
580 0 0 0 0
581 0 0 0 0
582 0 0 0 0
583 0 0 0 0
584 0 0 0 0
585 0 0 0 0
586 0 0 0 0
587 0 0 0 0
588 0 0 0 0
589 0 0 0 0
590 0 0 0 0
591 0 0 0 0
592 0 0 0 0
593 0 0 0 0
594 0 0 0 0
595 0 0 0 0
596 0 0 0 0
597 0 0 0 0
598 0 0 0 0
599 0 0 0 0
600 0 0 0 0
601 0 0 0 0
602 0 0 0 0
603 0 0 0 0
604 0 0 0 0
605 0 0 0 0
606 0 0 0 0
607 0 0 0 0
608 0 0 0 0
609 0 0 0 0
610 0 0 0 0
611 0 0 0 0
612 0 0 0 0
613 0 0 0 0
614 0 0 0 0
615 0 0 0 0
616 0 0 0 0
617 0 0 0 0
618 0 0 0 0
619 0 0 0 0
620 0 0 0 0
621 0 0 0 0
622 0 0 0 0
623 0 0 0 0
624 0 0 0 0
625 0 0 0 0
626 0 0 0 0
627 0 0 0 0
628 0 0 0 0
629 0 0 0 0
630 0 0 0 0
631 0 0 0 0
632 0 0 0 0
633 0 0 0 0
634 0 0 0 0
635 0 0 0 0
636 0 0 0 0
637 0 0 0 0
638 0 0 0 0
639 0 0 0 0
640 0 0 0 0
641 0 0 0 0
642 0 0 0 0
643 0 0 0 0
644 0 0 0 0
645 0 0 0 0
646 0 0 0 0
647 0 0 0 0
648 0 0 0 0
649 0 0 0 0
650 0 0 0 0
651 0 0 0 0
652 0 0 0 0
653 0 0 0 0
654 0 0 0 0
655 0 0 0 0
656 0 0 0 0
657 0 0 0 0
658 0 0 0 0
659 0 0 0 0
660 0 0 0 0
661 0 0 0 0
662 0 0 0 0
663 0 0 0 0
664 0 0 0 0
665 0 0 0 0
666 0 0 0 0
667 0 0 0 0
668 0 0 0 0
669 0 0 0 0
670 0 0 0 0
671 0 0 0 0
672 0 0 0 0
673 0 0 0 0
674 0 0 0 0
675 0 0 0 0
676 0 0 0 0
677 0 0 0 0
678 0 0 0 0
679 0 0 0 0
680 0 0 0 0
681 0 0 0 0
682 0 0 0 0
683 0 0 0 0
684 0 0 0 0
685 0 0 0 0
686 0 0 0 0
687 0 0 0 0
688 0 0 0 0
689 0 0 0 0
690 0 0 0 0
691 0 0 0 0
692 0 0 0 0
693 0 0 0 0
694 0 0 0 0
695 0 0 0 0
696 0 0 0 0
697 0 0 0 0
698 0 0 0 0
699 0 0 0 0
700 0 0 0 0
701 0 0 0 0
702 0 0 0 0
703 0 0 0 0
704 0 0 0 0
705 0 0 0 0
706 0 0 0 0
707 0 0 0 0
708 0 0 0 0
709 0 0 0 0
710 0 0 0 0
711 0 0 0 0
712 0 0 0 0
713 0 0 0 0
714 0 0 0 0
715 0 0 0 0
716 0 0 0 0
717 0 0 0 0
718 0 0 0 0
719 0 0 0 0
720 0 0 0 0
721 0 0 0 0
722 0 0 0 0
723 0 0 0 0
724 0 0 0 0
725 0 0 0 0
726 0 0 0 0
727 0 0 0 0
