0 0 0 0 0
1 0 0 0 0
2 0 0 0 0
3 0 0 0 0
4 0 0 0 0
5 0 0 3 0
6 0 0 0 0
7 0 0 0 0
8 0 0 0 0
9 0 0 2 1
10 0 0 0 0
11 0 0 0 0
12 0 0 0 2
13 0 0 0 1
14 0 0 0 0
15 1 0 0 0
16 1 0 0 1
17 1 0 0 0
18 2 0 0 0
19 0 0 0 0
20 0 0 0 0
21 0 0 0 0
22 2 0 1 0
23 2 0 2 0
24 0 1 0 0
25 1 1 0 0
26 0 0 0 1
27 1 0 0 1
28 0 0 2 1
29 0 1 0 1
30 2 1 0 1
31 0 0 1 0
32 2 0 0 1
33 0 0 0 1
34 0 0 0 0
35 1 0 0 2
36 0 1 0 0
37 0 1 1 1
38 0 0 0 0
39 0 0 2 0
40 2 0 1 1
41 1 0 0 2
42 0 0 0 0
43 0 0 0 0
44 0 0 0 0
45 0 0 1 0
46 0 1 0 2
47 0 0 0 1
48 0 0 0 0
49 0 1 0 0
50 1 0 0 0
51 0 0 0 0
52 1 0 0 1
53 1 0 0 2
54 0 0 0 0
55 2 0 0 0
56 1 0 0 0
57 0 1 0 0
58 1 0 0 0
59 3 0 1 0
60 0 0 2 0
61 1 0 1 0
62 1 0 1 0
63 1 1 0 1
64 2 1 1 1
65 0 0 0 0
66 2 1 0 1
67 2 0 0 2
68 1 1 1 3
69 1 1 1 0
70 0 0 0 2
71 2 3 0 0
72 0 1 0 2
73 1 0 0 1
74 0 1 0 0
75 1 0 0 1
76 2 2 1 2
77 3 1 0 0
78 1 0 0 3
79 2 0 0 0
80 2 0 0 2
81 0 1 1 1
82 4 1 2 0
83 4 0 0 1
84 2 2 0 0
85 3 0 1 1
86 0 0 1 2
87 2 1 2 0
88 4 3 1 2
89 2 1 2 2
90 1 0 2 1
91 2 2 0 1
92 3 1 1 2
93 6 1 0 4
94 2 1 1 4
95 4 0 1 3
96 2 0 2 2
97 1 2 3 2
98 2 1 1 1
99 3 1 1 1
100 1 2 1 1
101 3 3 0 5
102 2 3 3 2
103 0 2 0 1
104 3 0 4 2
105 2 0 0 2
106 0 0 1 7
107 1 1 1 4
108 2 1 0 2
109 4 2 1 1
110 4 1 1 1
111 3 1 0 5
112 6 0 0 0
113 7 2 0 0
114 4 2 1 1
115 3 0 0 2
116 6 3 0 3
117 3 3 2 2
118 9 5 3 0
119 5 4 3 0
120 4 3 0 3
121 5 1 3 5
122 7 2 1 5
123 5 4 4 5
124 3 1 3 4
125 5 2 6 4
126 3 0 5 4
127 6 5 0 7
128 4 6 1 5
129 3 2 0 7
130 6 2 3 7
131 4 1 4 5
132 7 2 1 7
133 3 2 0 3
134 3 3 0 5
135 2 1 1 4
136 4 6 1 1
137 5 3 3 4
138 13 3 3 4
139 14 3 3 4
140 7 0 2 5
141 5 3 3 4
142 11 5 0 4
143 9 4 2 5
144 13 8 2 4
145 9 2 2 7
146 13 3 1 7
147 5 8 6 5
148 7 3 6 7
149 9 6 4 3
150 11 3 2 4
151 10 6 5 11
152 6 8 1 7
153 12 6 6 10
154 11 4 5 11
155 10 9 4 11
156 11 5 2 7
157 13 5 1 8
158 7 4 6 9
159 8 6 6 13
160 4 5 7 8
161 11 6 5 9
162 7 10 5 13
163 12 2 2 12
164 10 3 5 8
165 11 3 4 7
166 6 8 2 14
167 11 7 2 8
168 17 5 4 12
169 9 2 7 10
170 16 3 5 5
171 13 4 2 5
172 12 5 6 9
173 11 5 6 10
174 16 8 5 11
175 13 9 7 5
176 14 7 5 12
177 9 10 5 10
178 18 6 4 12
179 15 6 7 9
180 17 7 4 10
181 16 5 4 14
182 12 6 3 19
183 17 7 11 10
184 17 7 8 12
185 16 12 9 10
186 15 7 4 9
187 15 12 5 17
188 18 12 7 10
189 16 4 10 17
190 14 9 7 18
191 9 9 6 15
192 17 8 7 19
193 13 10 12 13
194 12 10 6 16
195 15 9 5 20
196 13 11 3 10
197 14 11 5 17
198 20 8 2 12
199 23 8 2 16
200 14 4 3 24
201 12 8 6 18
202 19 10 6 11
203 15 11 8 9
204 11 12 9 12
205 14 10 2 9
206 16 9 3 17
207 11 8 8 14
208 10 7 8 23
209 14 6 7 8
210 11 7 9 14
211 6 11 8 19
212 13 10 8 16
213 8 7 3 10
214 11 9 6 11
215 11 10 3 19
216 11 6 1 20
217 8 8 4 11
218 11 8 1 19
219 7 4 8 13
220 4 4 4 10
221 6 7 5 15
222 6 5 4 13
223 5 6 7 8
224 18 3 7 7
225 9 4 3 12
226 9 4 3 9
227 6 1 2 9
228 3 6 2 10
229 3 14 0 7
230 3 4 4 10
231 2 2 6 6
232 2 3 0 10
233 6 5 2 16
234 7 1 4 5
235 6 4 2 8
236 6 1 3 4
237 4 1 3 8
238 4 3 1 4
239 5 1 3 4
240 4 3 4 7
241 2 2 1 4
242 5 4 3 7
243 5 4 2 3
244 3 4 1 8
245 3 2 2 2
246 3 1 1 6
247 1 3 1 4
248 0 2 2 3
249 0 2 3 3
250 2 0 1 5
251 2 4 0 6
252 0 4 0 3
253 1 2 1 3
254 1 1 1 3
255 1 1 1 7
256 0 1 0 6
257 0 0 0 1
258 0 0 0 2
259 1 1 0 1
260 1 1 0 3
261 0 0 0 2
262 2 1 0 1
263 1 1 0 1
264 3 2 0 1
265 3 0 0 0
266 2 0 0 0
267 0 2 0 1
268 1 1 0 0
269 0 2 2 1
270 2 1 0 0
271 0 0 2 3
272 0 0 0 1
273 1 0 2 2
274 0 1 0 2
275 0 1 0 2
276 0 0 0 2
277 0 0 0 0
278 0 0 0 1
279 0 1 0 0
280 1 0 0 2
281 0 0 0 0
282 1 1 0 1
283 1 0 0 1
284 0 0 0 0
285 1 0 1 0
286 0 0 0 1
287 2 1 0 0
288 1 0 0 0
289 2 0 0 1
290 0 0 0 0
291 1 0 0 1
292 0 2 1 0
293 2 0 0 0
294 0 0 1 0
295 1 0 0 0
296 0 0 1 1
297 0 0 1 0
298 0 2 1 0
299 0 0 0 2
300 0 0 0 1
301 1 0 0 2
302 0 0 1 3
303 0 0 0 0
304 0 1 0 0
305 0 0 0 0
306 0 1 0 0
307 1 0 0 0
308 0 0 0 1
309 0 0 0 1
310 1 0 0 0
311 0 0 0 0
312 0 0 1 0
313 1 0 0 1
314 0 0 0 0
315 0 0 0 0
316 0 0 0 1
317 0 0 0 0
318 2 0 1 0
319 1 1 0 0
320 1 0 0 0
321 1 0 0 0
322 0 0 0 0
323 0 1 0 0
324 1 0 0 0
325 0 0 1 1
326 0 0 0 1
327 0 1 0 1
328 0 0 1 0
329 0 0 1 1
330 1 1 0 0
331 0 0 0 0
332 0 0 0 0
333 0 0 0 0
334 0 0 0 1
335 0 0 0 1
336 0 0 0 1
337 0 0 0 1
338 1 0 0 0
339 0 1 0 0
340 0 0 0 0
341 0 0 0 0
342 0 0 0 0
343 0 1 0 0
344 1 0 0 1
345 0 0 0 0
346 0 0 0 0
347 0 0 0 1
348 0 0 0 0
349 0 0 1 0
350 0 0 0 0
351 0 0 0 0
352 0 0 0 0
353 0 0 0 0
354 0 0 0 0
355 0 0 0 0
356 0 0 0 1
357 0 0 0 0
358 1 0 0 0
359 0 0 0 0
360 0 0 0 0
361 0 0 0 0
362 0 0 0 0
363 0 0 0 0
364 1 0 0 0
365 0 0 0 0
366 0 0 0 0
367 0 1 0 0
368 0 0 0 0
369 0 0 1 0
370 0 0 0 0
371 0 0 0 1
372 0 0 0 0
373 0 0 0 1
374 0 0 0 0
375 0 0 0 0
376 0 0 0 0
377 0 0 0 0
378 0 0 0 0
379 1 0 0 0
380 0 0 0 0
381 0 0 0 0
382 0 0 0 0
383 0 0 0 0
384 0 0 0 0
385 0 0 0 0
386 0 0 0 0
387 0 0 0 0
388 0 0 1 0
389 0 0 0 0
390 0 0 0 0
391 0 0 0 0
392 0 0 0 1
393 0 0 0 0
394 0 0 0 0
395 0 0 0 0
396 0 0 0 0
397 0 0 0 0
398 0 0 0 0
399 0 0 0 0
400 0 0 0 0
401 0 0 0 0
402 0 0 0 0
403 0 0 0 0
404 0 0 0 0
405 0 0 0 0
406 0 0 0 0
407 0 0 0 0
408 0 0 0 0
409 0 0 0 0
410 0 0 0 0
411 0 0 0 0
412 0 0 0 0
413 0 0 0 0
414 0 0 0 0
415 0 0 0 0
416 0 0 0 0
417 0 0 0 0
418 0 0 0 0
419 0 0 0 0
420 0 0 0 0
421 0 0 0 0
422 0 0 0 0
423 0 0 0 0
424 0 0 0 0
425 0 0 0 0
426 0 0 0 0
427 0 0 0 0
428 0 0 0 0
429 0 0 0 0
430 0 0 0 0
431 0 0 0 0
432 0 0 0 0
433 0 0 0 0
434 0 0 0 0
435 0 0 0 0
436 0 0 0 0
437 0 0 0 0
438 0 0 0 0
439 0 0 0 0
440 0 0 0 0
441 0 0 0 0
442 0 0 0 0
443 0 0 0 0
444 0 0 0 0
445 0 0 0 0
446 0 0 0 0
447 0 0 0 0
448 0 0 0 0
449 0 0 0 0
450 0 0 0 0
451 0 0 0 0
452 0 0 0 0
453 0 0 0 0
454 0 0 0 0
455 0 0 0 0
456 0 0 0 0
457 0 0 0 0
458 0 0 0 0
459 0 0 0 0
460 0 0 0 0
461 0 0 0 0
462 0 0 0 0
463 0 0 0 0
464 0 0 0 0
465 0 0 0 0
466 0 0 0 0
467 0 0 0 0
468 0 0 0 0
469 0 0 0 0
470 0 0 0 0
471 0 0 0 0
472 0 0 0 0
473 0 0 0 0
474 0 0 0 0
475 0 0 0 0
476 0 0 0 0
477 0 0 0 0
478 0 0 0 0
479 0 0 0 0
480 0 0 0 0
481 0 0 0 0
482 0 0 0 0
483 0 0 0 0
484 0 0 0 0
485 0 0 0 0
486 0 0 0 0
487 0 0 0 0
488 0 0 0 0
489 0 0 0 0
490 0 0 0 0
491 0 0 0 0
492 0 0 0 0
493 0 0 0 0
494 0 0 0 0
495 0 0 0 0
496 0 0 0 0
497 0 0 0 0
498 0 0 0 0
499 0 0 0 0
500 0 0 0 0
501 0 0 0 0
502 0 0 0 0
503 0 0 0 0
504 0 0 0 0
505 0 0 0 0
506 0 0 0 0
507 0 0 0 0
508 0 0 0 0
509 0 0 0 0
510 0 0 0 0
511 0 0 0 0
512 0 0 0 0
513 0 0 0 0
514 0 0 0 0
515 0 0 0 0
516 0 0 0 0
517 0 0 0 0
518 0 0 0 0
519 0 0 0 0
520 0 0 0 0
521 0 0 0 0
522 0 0 0 0
523 0 0 0 0
524 0 0 0 0
525 0 0 0 0
526 0 0 0 0
527 0 0 0 0
528 0 0 0 0
529 0 0 0 0
530 0 0 0 0
531 0 0 0 0
532 0 0 0 0
533 0 0 0 0
534 0 0 0 0
535 0 0 0 0
536 0 0 0 0
537 0 0 0 0
538 0 0 0 0
539 0 0 0 0
540 0 0 0 0
541 0 0 0 0
542 0 0 0 0
543 0 0 0 0
544 0 0 0 0
545 0 0 0 0
546 0 0 0 0
547 0 0 0 0
548 0 0 0 0
549 0 0 0 0
550 0 0 0 0
551 0 0 0 0
552 0 0 0 0
553 0 0 0 0
554 0 0 0 0
555 0 0 0 0
556 0 0 0 0
557 0 0 0 0
558 0 0 0 0
559 0 0 0 0
560 0 0 0 0
561 0 0 0 0
562 0 0 0 0
563 0 0 0 0
564 0 0 0 0
565 0 0 0 0
566 0 0 0 0
567 0 0 0 0
568 0 0 0 0
569 0 0 0 0
570 0 0 0 0
571 0 0 0 0
572 0 0 0 0
573 0 0 0 0
574 0 0 0 0
575 0 0 0 0
576 0 0 0 0
577 0 0 0 0
578 0 0 0 0
579 0 0 0 0
580 0 0 0 0
581 0 0 0 0
582 0 0 0 0
583 0 0 0 0
584 0 0 0 0
585 0 0 0 0
586 0 0 0 0
587 0 0 0 0
588 0 0 0 0
589 0 0 0 0
590 0 0 0 0
591 0 0 0 0
592 0 0 0 0
593 0 0 0 0
594 0 0 0 0
595 0 0 0 0
596 0 0 0 0
597 0 0 0 0
598 0 0 0 0
599 0 0 0 0
600 0 0 0 0
601 0 0 0 0
602 0 0 0 0
603 0 0 0 0
604 0 0 0 0
605 0 0 0 0
606 0 0 0 0
607 0 0 0 0
608 0 0 0 0
609 0 0 0 0
610 0 0 0 0
611 0 0 0 0
612 0 0 0 0
613 0 0 0 0
614 0 0 0 0
615 0 0 0 0
616 0 0 0 0
617 0 0 0 0
618 0 0 0 0
619 0 0 0 0
620 0 0 0 0
621 0 0 0 0
622 0 0 0 0
623 0 0 0 0
624 0 0 0 0
625 0 0 0 0
626 0 0 0 0
627 0 0 0 0
628 0 0 0 0
629 0 0 0 0
630 0 0 0 0
631 0 0 0 0
632 0 0 0 0
633 0 0 0 0
634 0 0 0 0
635 0 0 0 0
636 0 0 0 0
637 0 0 0 0
638 0 0 0 0
639 0 0 0 0
640 0 0 0 0
641 0 0 0 0
642 0 0 0 0
643 0 0 0 0
644 0 0 0 0
645 0 0 0 0
646 0 0 0 0
647 0 0 0 0
648 0 0 0 0
649 0 0 0 0
650 0 0 0 0
651 0 0 0 0
652 0 0 0 0
653 0 0 0 0
654 0 0 0 0
655 0 0 0 0
656 0 0 0 0
657 0 0 0 0
658 0 0 0 0
659 0 0 0 0
660 0 0 0 0
661 0 0 0 0
662 0 0 0 0
663 0 0 0 0
664 0 0 0 0
665 0 0 0 0
666 0 0 0 0
667 0 0 0 0
668 0 0 0 0
669 0 0 0 0
670 0 0 0 0
671 0 0 0 0
672 0 0 0 0
673 0 0 0 0
674 0 0 0 0
675 0 0 0 0
676 0 0 0 0
677 0 0 0 0
678 0 0 0 0
679 0 0 0 0
680 0 0 0 0
681 0 0 0 0
682 0 0 0 0
683 0 0 0 0
684 0 0 0 0
685 0 0 0 0
686 0 0 0 0
687 0 0 0 0
688 0 0 0 0
689 0 0 0 0
690 0 0 0 0
691 0 0 0 0
692 0 0 0 0
693 0 0 0 0
694 0 0 0 0
695 0 0 0 0
696 0 0 0 0
697 0 0 0 0
698 0 0 0 0
699 0 0 0 0
700 0 0 0 0
701 0 0 0 0
702 0 0 0 0
703 0 0 0 0
704 0 0 0 0
705 0 0 0 0
706 0 0 0 0
707 0 0 0 0
708 0 0 0 0
709 0 0 0 0
710 0 0 0 0
711 0 0 0 0
712 0 0 0 0
713 0 0 0 0
714 0 0 0 0
715 0 0 0 0
716 0 0 0 0
717 0 0 0 0
718 0 0 0 0
719 0 0 0 0
720 0 0 0 0
721 0 0 0 0
722 0 0 0 0
723 0 0 0 0
724 0 0 0 0
725 0 0 0 0
726 0 0 0 0
727 0 0 0 0
