0 0 0 0 0
1 0 0 0 0
2 0 0 0 0
3 0 0 0 0
4 0 0 0 0
5 0 1 2 0
6 0 0 0 0
7 0 0 0 0
8 0 0 0 0
9 0 0 2 2
10 0 0 0 0
11 0 0 0 0
12 0 0 0 1
13 0 0 0 1
14 0 0 0 0
15 1 0 0 0
16 1 0 0 1
17 0 0 0 0
18 1 0 0 0
19 1 0 0 0
20 0 0 0 0
21 0 0 0 0
22 0 0 0 0
23 1 0 1 0
24 0 0 1 0
25 4 1 0 0
26 0 0 0 0
27 0 1 0 0
28 0 0 1 0
29 1 0 0 1
30 1 3 1 1
31 2 0 0 1
32 0 0 0 2
33 0 0 0 0
34 2 0 0 2
35 2 1 0 0
36 1 2 0 0
37 2 0 0 2
38 1 0 0 0
39 1 0 0 1
40 0 0 3 1
41 4 0 0 0
42 4 0 0 0
43 1 2 1 1
44 1 0 0 2
45 2 1 0 0
46 4 4 1 0
47 3 2 1 3
48 0 1 1 0
49 2 1 0 0
50 3 0 1 3
51 1 3 1 3
52 1 1 1 1
53 3 0 0 4
54 0 3 1 0
55 2 3 0 5
56 0 0 1 0
57 0 1 0 1
58 1 1 2 2
59 2 1 0 3
60 3 0 0 2
61 3 0 0 4
62 4 1 0 3
63 5 0 1 0
64 3 3 1 0
65 1 1 1 1
66 3 1 0 2
67 4 0 1 1
68 7 1 3 2
69 2 2 0 1
70 6 2 0 1
71 3 4 1 3
72 3 0 4 2
73 0 5 1 1
74 1 1 2 0
75 2 4 2 6
76 2 3 0 3
77 3 1 2 6
78 4 0 0 3
79 5 0 2 6
80 3 2 0 4
81 1 3 2 3
82 7 0 0 2
83 4 3 1 4
84 2 0 4 2
85 6 0 0 4
86 4 1 1 0
87 3 2 3 2
88 2 2 1 3
89 7 1 2 0
90 3 4 1 3
91 3 5 2 6
92 3 4 0 3
93 4 1 1 3
94 1 6 1 5
95 1 3 0 5
96 5 1 3 3
97 3 1 3 3
98 1 2 1 5
99 7 0 1 5
100 5 3 0 3
101 2 4 1 7
102 4 3 0 4
103 11 0 2 2
104 8 4 1 2
105 6 1 0 5
106 8 1 1 3
107 3 1 0 1
108 6 6 2 4
109 2 3 6 0
110 5 3 2 4
111 7 4 4 2
112 4 6 2 6
113 7 6 2 7
114 6 2 2 5
115 6 4 2 5
116 5 3 1 7
117 4 2 1 7
118 6 4 1 6
119 5 1 3 7
120 1 3 4 4
121 4 2 2 5
122 4 2 2 6
123 6 6 1 4
124 7 3 1 4
125 7 2 2 4
126 6 4 2 3
127 4 3 0 8
128 6 4 4 3
129 9 1 2 6
130 6 2 3 7
131 8 5 1 5
132 8 2 2 5
133 6 5 5 3
134 8 4 3 4
135 4 6 2 7
136 6 1 7 6
137 10 2 1 8
138 7 5 3 8
139 4 4 2 8
140 11 1 2 9
141 16 6 3 3
142 10 4 3 6
143 11 4 3 6
144 6 4 2 2
145 7 4 6 7
146 7 9 6 9
147 8 3 4 5
148 4 3 4 7
149 8 9 2 9
150 7 10 1 14
151 12 2 6 6
152 11 6 5 8
153 8 1 0 10
154 12 5 5 11
155 14 6 2 10
156 13 10 4 11
157 11 6 2 4
158 8 1 4 9
159 14 8 3 9
160 13 2 5 8
161 9 7 5 5
162 13 4 6 8
163 10 5 2 12
164 12 9 6 7
165 9 7 6 7
166 9 9 4 10
167 18 8 5 10
168 25 7 7 14
169 8 7 3 14
170 15 2 4 13
171 14 3 7 16
172 19 7 4 13
173 9 11 8 7
174 20 6 4 6
175 15 8 4 11
176 5 13 6 13
177 9 10 8 13
178 20 6 0 10
179 13 13 8 10
180 17 12 3 16
181 22 8 7 13
182 15 10 3 8
183 20 9 11 17
184 23 7 5 20
185 17 5 2 13
186 15 7 2 22
187 20 7 10 19
188 17 12 7 12
189 15 17 6 9
190 12 15 9 11
191 17 6 9 15
192 21 9 8 13
193 26 10 11 16
194 18 8 5 23
195 20 9 8 18
196 24 8 5 16
197 18 12 5 23
198 17 12 14 18
199 11 9 6 16
200 19 13 9 12
201 15 18 10 15
202 16 16 7 25
203 8 4 9 17
204 15 4 9 17
205 6 12 12 25
206 12 11 4 17
207 13 10 5 20
208 15 6 4 20
209 17 9 5 30
210 13 6 4 15
211 11 10 8 15
212 15 4 5 14
213 14 9 5 10
214 16 6 5 10
215 10 5 4 11
216 11 7 4 11
217 8 9 7 18
218 15 8 5 17
219 5 13 5 10
220 9 5 7 12
221 11 7 7 14
222 5 8 4 14
223 9 6 8 17
224 9 5 0 9
225 4 4 4 12
226 7 7 5 10
227 15 6 4 15
228 8 6 2 12
229 7 4 5 8
230 5 7 3 13
231 6 4 2 8
232 7 9 1 9
233 7 5 1 10
234 5 5 1 12
235 4 3 2 4
236 4 9 6 8
237 7 6 2 10
238 5 4 0 8
239 5 4 2 7
240 4 3 1 8
241 8 0 5 8
242 6 4 5 6
243 8 3 2 11
244 4 3 2 4
245 6 3 1 4
246 3 4 1 10
247 4 4 1 7
248 2 6 2 2
249 5 4 0 5
250 4 5 5 4
251 6 3 0 6
252 7 5 1 5
253 1 3 2 6
254 2 2 0 12
255 6 1 2 4
256 2 4 1 4
257 4 4 1 4
258 2 3 2 3
259 2 2 0 3
260 4 3 2 4
261 3 3 0 3
262 6 2 1 8
263 1 1 2 5
264 1 2 3 4
265 1 2 2 2
266 1 1 1 2
267 2 3 0 5
268 1 0 0 2
269 2 2 1 4
270 1 2 1 2
271 3 0 3 5
272 2 2 1 1
273 0 0 0 5
274 2 0 0 4
275 1 1 1 2
276 0 1 1 1
277 1 1 1 1
278 1 2 0 1
279 1 1 0 3
280 1 1 1 0
281 0 0 1 2
282 1 0 1 1
283 1 0 2 2
284 1 0 0 1
285 0 0 0 2
286 0 0 0 1
287 1 0 0 2
288 0 0 2 0
289 0 1 0 1
290 1 0 0 2
291 1 0 1 0
292 1 0 0 1
293 0 0 1 1
294 2 0 0 0
295 1 0 0 2
296 0 2 0 0
297 1 0 0 1
298 1 0 0 0
299 0 1 1 0
300 1 0 0 1
301 0 1 0 0
302 0 0 1 0
303 1 2 0 1
304 1 1 0 0
305 0 0 0 0
306 1 0 0 2
307 0 0 0 1
308 0 0 0 2
309 0 0 2 1
310 0 0 0 1
311 0 0 0 0
312 0 0 1 0
313 0 0 0 0
314 2 0 0 0
315 1 0 1 0
316 0 0 0 2
317 0 0 0 0
318 0 0 0 0
319 0 0 0 1
320 0 0 1 0
321 0 0 0 0
322 0 0 0 1
323 1 1 1 0
324 0 0 0 1
325 1 0 0 0
326 0 0 0 0
327 1 0 0 0
328 0 1 0 0
329 0 0 0 1
330 0 0 0 1
331 0 0 0 0
332 0 1 0 1
333 0 0 0 0
334 0 1 0 0
335 0 0 0 0
336 0 0 0 0
337 0 0 0 0
338 0 0 0 0
339 0 0 0 1
340 0 0 0 0
341 0 0 0 1
342 0 0 0 0
343 0 0 0 0
344 1 0 0 0
345 0 0 0 0
346 0 0 0 0
347 0 0 0 0
348 0 0 0 0
349 0 0 0 0
350 0 0 0 0
351 0 0 0 0
352 0 0 0 0
353 0 1 0 0
354 0 0 0 0
355 0 0 0 0
356 0 0 0 0
357 0 0 0 1
358 0 0 0 0
359 0 0 0 0
360 0 0 0 0
361 0 0 0 0
362 0 0 0 0
363 0 0 0 0
364 0 0 0 0
365 0 0 0 0
366 0 0 0 0
367 0 0 0 0
368 0 0 0 0
369 0 0 0 0
370 0 0 0 0
371 0 0 0 0
372 0 0 0 0
373 0 0 0 0
374 0 0 0 0
375 0 0 0 0
376 0 0 0 0
377 0 0 0 0
378 0 0 0 0
379 0 0 0 0
380 0 0 0 0
381 0 0 0 0
382 0 0 0 0
383 0 0 0 0
384 0 0 0 0
385 0 0 0 0
386 0 0 0 0
387 0 0 0 0
388 0 0 0 0
389 0 0 0 0
390 0 0 0 0
391 0 0 0 0
392 0 0 0 0
393 0 0 0 0
394 0 0 0 0
395 0 0 0 0
396 0 0 0 0
397 0 0 0 0
398 0 0 0 0
399 0 0 0 0
400 0 0 0 0
401 0 0 0 0
402 0 0 0 0
403 0 0 0 0
404 0 0 0 0
405 0 0 0 0
406 0 0 0 0
407 0 0 0 0
408 0 0 0 0
409 0 0 0 0
410 0 0 0 0
411 0 0 0 0
412 0 0 0 0
413 0 0 0 0
414 0 0 0 0
415 0 0 0 0
416 0 0 0 0
417 0 0 0 0
418 0 0 0 0
419 0 0 0 0
420 0 0 0 0
421 0 0 0 0
422 0 0 0 0
423 0 0 0 0
424 0 0 0 0
425 0 0 0 0
426 0 0 0 0
427 0 0 0 0
428 0 0 0 0
429 0 0 0 0
430 0 0 0 0
431 0 0 0 0
432 0 0 0 0
433 0 0 0 0
434 0 0 0 0
435 0 0 0 0
436 0 0 0 0
437 0 0 0 0
438 0 0 0 0
439 0 0 0 0
440 0 0 0 0
441 0 0 0 0
442 0 0 0 0
443 0 0 0 0
444 0 0 0 0
445 0 0 0 0
446 0 0 0 0
447 0 0 0 0
448 0 0 0 0
449 0 0 0 0
450 0 0 0 0
451 0 0 0 0
452 0 0 0 0
453 0 0 0 0
454 0 0 0 0
455 0 0 0 0
456 0 0 0 0
457 0 0 0 0
458 0 0 0 0
459 0 0 0 0
460 0 0 0 0
461 0 0 0 0
462 0 0 0 0
463 0 0 0 0
464 0 0 0 0
465 0 0 0 0
466 0 0 0 0
467 0 0 0 0
468 0 0 0 0
469 0 0 0 0
470 0 0 0 0
471 0 0 0 0
472 0 0 0 0
473 0 0 0 0
474 0 0 0 0
475 0 0 0 0
476 0 0 0 0
477 0 0 0 0
478 0 0 0 0
479 0 0 0 0
480 0 0 0 0
481 0 0 0 0
482 0 0 0 0
483 0 0 0 0
484 0 0 0 0
485 0 0 0 0
486 0 0 0 0
487 0 0 0 0
488 0 0 0 0
489 0 0 0 0
490 0 0 0 0
491 0 0 0 0
492 0 0 0 0
493 0 0 0 0
494 0 0 0 0
495 0 0 0 0
496 0 0 0 0
497 0 0 0 0
498 0 0 0 0
499 0 0 0 0
500 0 0 0 0
501 0 0 0 0
502 0 0 0 0
503 0 0 0 0
504 0 0 0 0
505 0 0 0 0
506 0 0 0 0
507 0 0 0 0
508 0 0 0 0
509 0 0 0 0
510 0 0 0 0
511 0 0 0 0
512 0 0 0 0
513 0 0 0 0
514 0 0 0 0
515 0 0 0 0
516 0 0 0 0
517 0 0 0 0
518 0 0 0 0
519 0 0 0 0
520 0 0 0 0
521 0 0 0 0
522 0 0 0 0
523 0 0 0 0
524 0 0 0 0
525 0 0 0 0
526 0 0 0 0
527 0 0 0 0
528 0 0 0 0
529 0 0 0 0
530 0 0 0 0
531 0 0 0 0
532 0 0 0 0
533 0 0 0 0
534 0 0 0 0
535 0 0 0 0
536 0 0 0 0
537 0 0 0 0
538 0 0 0 0
539 0 0 0 0
540 0 0 0 0
541 0 0 0 0
542 0 0 0 0
543 0 0 0 0
544 0 0 0 0
545 0 0 0 0
546 0 0 0 0
547 0 0 0 0
548 0 0 0 0
549 0 0 0 0
550 0 0 0 0
551 0 0 0 0
552 0 0 0 0
553 0 0 0 0
554 0 0 0 0
555 0 0 0 0
556 0 0 0 0
557 0 0 0 0
558 0 0 0 0
559 0 0 0 0
560 0 0 0 0
561 0 0 0 0
562 0 0 0 0
563 0 0 0 0
564 0 0 0 0
565 0 0 0 0
566 0 0 0 0
567 0 0 0 0
568 0 0 0 0
569 0 0 0 0
570 0 0 0 0
571 0 0 0 0
572 0 0 0 0
573 0 0 0 0
574 0 0 0 0
575 0 0 0 0
576 0 0 0 0
577 0 0 0 0
578 0 0 0 0
579 0 0 0 0
580 0 0 0 0
581 0 0 0 0
582 0 0 0 0
583 0 0 0 0
584 0 0 0 0
585 0 0 0 0
586 0 0 0 0
587 0 0 0 0
588 0 0 0 0
589 0 0 0 0
590 0 0 0 0
591 0 0 0 0
592 0 0 0 0
593 0 0 0 0
594 0 0 0 0
595 0 0 0 0
596 0 0 0 0
597 0 0 0 0
598 0 0 0 0
599 0 0 0 0
600 0 0 0 0
601 0 0 0 0
602 0 0 0 0
603 0 0 0 0
604 0 0 0 0
605 0 0 0 0
606 0 0 0 0
607 0 0 0 0
608 0 0 0 0
609 0 0 0 0
610 0 0 0 0
611 0 0 0 0
612 0 0 0 0
613 0 0 0 0
614 0 0 0 0
615 0 0 0 0
616 0 0 0 0
617 0 0 0 0
618 0 0 0 0
619 0 0 0 0
620 0 0 0 0
621 0 0 0 0
622 0 0 0 0
623 0 0 0 0
624 0 0 0 0
625 0 0 0 0
626 0 0 0 0
627 0 0 0 0
628 0 0 0 0
629 0 0 0 0
630 0 0 0 0
631 0 0 0 0
632 0 0 0 0
633 0 0 0 0
634 0 0 0 0
635 0 0 0 0
636 0 0 0 0
637 0 0 0 0
638 0 0 0 0
639 0 0 0 0
640 0 0 0 0
641 0 0 0 0
642 0 0 0 0
643 0 0 0 0
644 0 0 0 0
645 0 0 0 0
646 0 0 0 0
647 0 0 0 0
648 0 0 0 0
649 0 0 0 0
650 0 0 0 0
651 0 0 0 0
652 0 0 0 0
653 0 0 0 0
654 0 0 0 0
655 0 0 0 0
656 0 0 0 0
657 0 0 0 0
658 0 0 0 0
659 0 0 0 0
660 0 0 0 0
661 0 0 0 0
662 0 0 0 0
663 0 0 0 0
664 0 0 0 0
665 0 0 0 0
666 0 0 0 0
667 0 0 0 0
668 0 0 0 0
669 0 0 0 0
670 0 0 0 0
671 0 0 0 0
672 0 0 0 0
673 0 0 0 0
674 0 0 0 0
675 0 0 0 0
676 0 0 0 0
677 0 0 0 0
678 0 0 0 0
679 0 0 0 0
680 0 0 0 0
681 0 0 0 0
682 0 0 0 0
683 0 0 0 0
684 0 0 0 0
685 0 0 0 0
686 0 0 0 0
687 0 0 0 0
688 0 0 0 0
689 0 0 0 0
690 0 0 0 0
691 0 0 0 0
692 0 0 0 0
693 0 0 0 0
694 0 0 0 0
695 0 0 0 0
696 0 0 0 0
697 0 0 0 0
698 0 0 0 0
699 0 0 0 0
700 0 0 0 0
701 0 0 0 0
702 0 0 0 0
703 0 0 0 0
704 0 0 0 0
705 0 0 0 0
706 0 0 0 0
707 0 0 0 0
708 0 0 0 0
709 0 0 0 0
710 0 0 0 0
711 0 0 0 0
712 0 0 0 0
713 0 0 0 0
714 0 0 0 0
715 0 0 0 0
716 0 0 0 0
717 0 0 0 0
718 0 0 0 0
719 0 0 0 0
720 0 0 0 0
721 0 0 0 0
722 0 0 0 0
723 0 0 0 0
724 0 0 0 0
725 0 0 0 0
726 0 0 0 0
727 0 0 0 0
