0 0 0 0 0
1 0 0 0 0
2 0 0 0 0
3 0 0 0 0
4 0 0 0 0
5 0 3 0 0
6 0 0 0 0
7 0 0 0 0
8 1 0 0 0
9 0 1 1 1
10 0 0 0 0
11 0 0 0 0
12 0 0 0 2
13 0 0 1 1
14 0 0 0 0
15 0 0 0 0
16 0 0 0 1
17 1 0 0 1
18 1 0 0 0
19 2 0 0 0
20 0 0 0 0
21 2 0 0 0
22 1 1 0 0
23 2 0 1 0
24 1 1 1 0
25 1 0 0 0
26 1 1 1 1
27 1 0 0 1
28 1 0 1 1
29 0 1 0 0
30 1 0 0 1
31 1 2 0 1
32 1 2 0 1
33 0 0 0 2
34 1 0 1 0
35 2 0 0 0
36 1 0 1 1
37 1 1 0 0
38 1 0 0 2
39 5 2 0 1
40 1 1 1 0
41 4 2 0 1
42 2 0 1 0
43 2 0 0 1
44 3 2 1 3
45 4 2 0 2
46 3 1 1 1
47 5 1 1 1
48 1 2 0 2
49 2 2 2 2
50 2 1 0 1
51 2 2 1 1
52 3 1 2 3
53 3 0 1 1
54 1 4 2 2
55 3 0 2 2
56 3 1 1 6
57 2 0 1 2
58 4 2 2 5
59 0 0 1 2
60 1 1 2 1
61 1 2 2 2
62 5 1 2 2
63 2 2 1 1
64 0 1 1 2
65 4 2 0 3
66 3 1 0 2
67 3 2 1 5
68 2 0 1 5
69 4 1 0 3
70 5 1 0 2
71 4 2 0 2
72 6 0 2 1
73 5 0 1 1
74 2 5 0 2
75 5 4 1 2
76 4 2 3 3
77 0 3 3 1
78 9 1 4 4
79 5 4 0 3
80 4 1 3 1
81 4 4 0 6
82 2 1 1 4
83 4 2 1 5
84 3 3 2 5
85 2 1 2 5
86 5 0 1 3
87 2 4 4 1
88 4 3 1 5
89 4 3 3 5
90 4 3 1 1
91 3 1 3 6
92 2 2 1 4
93 5 1 2 3
94 9 2 2 6
95 1 1 2 2
96 1 1 1 4
97 6 1 1 4
98 9 1 2 6
99 13 3 1 4
100 5 3 0 3
101 5 1 1 2
102 10 8 1 2
103 11 6 4 2
104 4 2 3 1
105 5 2 2 3
106 4 4 0 9
107 11 8 5 11
108 7 9 6 3
109 8 0 2 7
110 5 2 1 3
111 7 7 1 12
112 8 5 1 7
113 7 3 1 3
114 9 2 3 8
115 11 2 4 12
116 7 8 2 4
117 6 9 1 3
118 8 4 5 5
119 11 1 3 5
120 10 8 2 11
121 16 6 2 10
122 10 5 2 6
123 13 7 2 6
124 6 10 4 9
125 7 4 6 11
126 9 5 11 6
127 18 4 5 8
128 11 5 5 10
129 13 2 3 8
130 6 4 2 12
131 10 7 5 11
132 11 11 4 11
133 11 6 4 11
134 10 5 4 9
135 12 4 1 11
136 15 9 6 11
137 10 5 4 11
138 18 8 6 8
139 16 7 3 9
140 14 7 3 9
141 8 9 7 9
142 16 5 8 13
143 16 6 8 15
144 18 5 9 9
145 17 8 5 12
146 21 2 5 11
147 10 11 5 13
148 16 9 6 12
149 15 7 4 14
150 16 11 2 9
151 11 14 7 17
152 11 8 9 15
153 15 14 5 6
154 16 10 4 12
155 12 14 2 20
156 14 6 2 15
157 12 8 2 17
158 17 8 6 16
159 22 13 4 12
160 18 11 4 13
161 14 7 9 11
162 16 10 6 18
163 19 7 2 14
164 17 10 5 16
165 12 9 7 12
166 16 5 9 17
167 31 12 6 11
168 19 16 10 19
169 27 10 9 18
170 22 6 5 14
171 24 13 7 17
172 29 18 8 22
173 29 8 12 15
174 17 8 9 14
175 23 9 9 25
176 21 12 12 21
177 23 14 10 10
178 27 16 10 15
179 37 9 7 22
180 25 9 18 25
181 28 10 12 22
182 21 19 8 20
183 25 14 13 18
184 22 15 14 23
185 15 15 9 29
186 24 19 9 26
187 27 13 9 32
188 30 16 11 21
189 21 16 7 25
190 29 17 3 26
191 25 18 3 30
192 23 21 10 25
193 29 17 11 29
194 33 11 11 20
195 34 16 12 21
196 29 14 3 30
197 20 16 13 29
198 24 12 12 21
199 29 27 9 20
200 29 18 13 18
201 31 15 11 22
202 20 12 13 31
203 29 12 14 30
204 31 17 19 29
205 19 13 12 26
206 28 17 12 30
207 22 16 5 26
208 18 15 12 26
209 15 13 14 28
210 20 11 8 30
211 25 14 7 26
212 25 19 9 28
213 15 19 12 33
214 9 19 5 20
215 24 16 12 19
216 10 11 7 27
217 14 11 7 29
218 11 6 5 24
219 13 8 3 23
220 15 20 9 19
221 17 10 5 21
222 16 5 9 21
223 14 8 5 15
224 14 11 3 21
225 18 12 3 12
226 11 13 2 16
227 14 9 5 20
228 10 8 7 16
229 11 8 5 9
230 12 9 5 15
231 8 10 6 13
232 5 7 7 17
233 6 7 4 18
234 11 9 4 12
235 9 6 4 17
236 6 9 4 7
237 5 6 2 17
238 6 6 4 10
239 6 7 4 17
240 9 4 4 12
241 4 3 2 13
242 7 6 3 8
243 8 2 8 14
244 10 4 2 7
245 6 5 3 9
246 9 2 0 8
247 5 3 0 9
248 4 6 3 5
249 4 5 7 9
250 3 3 1 5
251 4 7 5 5
252 1 2 5 9
253 4 3 1 9
254 4 2 3 2
255 3 0 2 13
256 4 2 0 9
257 5 2 2 8
258 3 3 1 4
259 2 3 1 4
260 2 6 0 3
261 6 2 0 6
262 1 1 3 3
263 4 4 1 2
264 5 1 1 3
265 5 4 0 3
266 3 7 1 5
267 1 1 1 5
268 2 1 0 2
269 3 3 0 3
270 1 5 0 7
271 2 1 0 1
272 2 3 1 4
273 0 2 2 7
274 1 3 1 2
275 3 3 0 1
276 0 0 0 3
277 0 0 1 6
278 1 1 0 2
279 2 1 0 4
280 1 1 1 1
281 0 1 0 2
282 2 0 0 2
283 2 0 0 0
284 0 3 1 1
285 2 1 0 2
286 1 0 0 1
287 3 1 0 2
288 1 2 1 3
289 3 0 0 1
290 2 0 2 0
291 0 2 0 1
292 2 2 0 0
293 1 0 0 0
294 3 1 0 2
295 1 2 0 4
296 0 1 0 2
297 1 1 1 1
298 0 2 1 1
299 1 0 1 0
300 1 1 0 1
301 0 1 0 1
302 0 1 1 3
303 0 2 0 2
304 1 0 0 2
305 1 0 0 2
306 1 0 0 2
307 0 0 0 0
308 0 1 0 1
309 0 2 0 0
310 0 0 0 2
311 1 1 0 0
312 0 0 0 1
313 0 0 0 2
314 0 0 1 0
315 0 0 0 1
316 0 0 0 0
317 0 0 0 0
318 2 0 0 0
319 1 0 0 0
320 1 0 1 0
321 1 0 0 1
322 1 0 0 0
323 0 1 1 0
324 0 0 0 1
325 0 0 1 0
326 0 0 0 0
327 0 0 1 0
328 0 2 0 0
329 0 0 0 1
330 0 0 0 2
331 0 0 0 1
332 0 0 0 1
333 0 0 0 0
334 0 0 0 0
335 1 0 0 1
336 0 0 0 0
337 0 0 0 0
338 1 0 0 0
339 0 0 0 0
340 0 0 1 0
341 0 0 0 0
342 3 0 0 0
343 0 0 0 0
344 0 0 0 1
345 0 0 0 0
346 0 0 0 0
347 0 2 1 0
348 1 0 0 0
349 1 0 0 0
350 0 0 0 0
351 0 1 0 1
352 0 0 0 1
353 0 1 0 0
354 1 1 0 1
355 0 0 0 0
356 0 0 0 0
357 0 0 0 0
358 0 0 0 1
359 0 1 0 0
360 0 0 0 1
361 0 0 0 1
362 0 0 0 0
363 0 0 0 0
364 0 0 0 1
365 0 0 0 0
366 0 0 0 0
367 1 0 0 0
368 0 0 0 0
369 0 0 0 0
370 0 0 0 0
371 0 0 0 0
372 1 0 0 0
373 0 0 0 0
374 0 0 0 0
375 0 0 0 0
376 0 0 1 0
377 0 0 1 0
378 0 0 0 0
379 0 0 0 0
380 0 0 0 0
381 0 0 0 0
382 0 0 0 0
383 0 0 0 1
384 0 0 0 1
385 0 0 0 0
386 0 0 0 0
387 0 0 0 0
388 1 0 0 0
389 0 0 0 0
390 0 0 0 0
391 0 0 0 0
392 0 0 0 0
393 1 0 1 0
394 0 0 0 0
395 0 0 0 0
396 0 0 0 0
397 1 0 0 1
398 1 0 0 0
399 0 0 0 0
400 0 0 0 0
401 0 0 0 0
402 2 0 1 0
403 0 0 0 0
404 1 0 0 0
405 0 0 0 0
406 0 0 1 1
407 0 1 1 0
408 1 0 0 0
409 0 0 1 0
410 0 0 0 0
411 0 0 1 1
412 0 0 0 0
413 0 0 0 1
414 0 1 0 1
415 0 0 0 0
416 0 0 0 1
417 0 0 0 0
418 0 0 0 2
419 0 0 0 0
420 0 0 0 0
421 0 0 0 0
422 0 0 0 0
423 1 0 0 0
424 0 0 0 0
425 1 0 0 0
426 0 0 0 0
427 5 0 0 0
428 3 0 1 0
429 1 0 0 0
430 1 0 0 0
431 0 0 0 0
432 1 3 0 1
433 0 1 1 0
434 0 1 0 0
435 0 1 0 0
436 1 1 1 0
437 0 2 0 0
438 0 0 1 1
439 0 0 0 3
440 0 0 0 2
441 0 0 0 2
442 0 0 0 2
443 0 0 0 2
444 0 0 0 0
445 0 0 1 0
446 1 0 0 0
447 1 0 0 0
448 0 0 0 0
449 3 0 0 1
450 4 0 0 0
451 0 0 0 0
452 2 1 0 0
453 1 0 0 0
454 0 2 0 0
455 1 3 1 0
456 1 0 0 0
457 2 1 1 0
458 0 1 1 0
459 1 1 0 2
460 0 0 0 0
461 0 1 0 3
462 0 1 0 4
463 1 0 0 1
464 0 1 0 1
465 1 0 0 1
466 0 1 0 0
467 0 0 0 0
468 0 2 0 2
469 2 0 0 1
470 2 1 0 1
471 4 0 0 0
472 0 0 0 1
473 2 0 0 0
474 0 1 0 0
475 0 1 0 1
476 3 2 0 0
477 1 0 0 1
478 1 0 2 1
479 0 1 0 0
480 2 1 1 1
481 0 2 2 0
482 1 1 0 3
483 0 0 0 1
484 1 0 0 1
485 0 1 1 1
486 0 0 0 1
487 0 1 0 1
488 1 0 0 3
489 0 0 0 2
490 1 0 0 0
491 0 1 0 0
492 4 0 0 1
493 2 1 1 0
494 0 0 0 1
495 0 1 0 0
496 0 0 0 0
497 0 2 1 1
498 1 0 1 1
499 1 0 0 0
500 1 0 0 1
501 0 0 1 2
502 1 1 0 1
503 1 1 0 0
504 2 0 0 1
505 3 0 0 2
506 1 0 0 0
507 2 1 0 1
508 1 1 0 0
509 0 2 0 1
510 3 2 1 0
511 1 0 0 1
512 2 1 1 1
513 5 1 0 0
514 2 0 1 1
515 0 2 2 0
516 1 1 0 1
517 2 0 2 4
518 1 0 2 1
519 1 1 1 5
520 0 0 0 1
521 0 1 1 2
522 1 3 0 2
523 0 1 0 0
524 0 0 1 0
525 0 0 0 2
526 0 0 2 4
527 2 0 1 1
528 2 0 0 0
529 3 0 0 1
530 1 0 0 1
531 2 0 0 1
532 2 1 0 0
533 0 1 0 2
534 1 1 1 1
535 2 0 1 0
536 1 1 1 0
537 3 1 0 0
538 3 1 0 1
539 2 0 0 1
540 3 1 0 1
541 2 2 1 1
542 1 1 0 3
543 1 3 1 1
544 1 0 3 2
545 3 1 0 2
546 2 3 1 1
547 3 1 1 4
548 1 1 0 2
549 4 0 2 1
550 1 0 0 4
551 2 1 0 1
552 1 1 3 1
553 6 0 0 2
554 2 1 1 2
555 4 1 1 0
556 2 1 1 4
557 2 2 0 0
558 2 3 2 2
559 3 0 0 4
560 5 2 1 1
561 4 1 1 1
562 4 4 1 4
563 1 2 1 0
564 0 1 1 3
565 3 2 0 4
566 2 2 4 1
567 2 1 1 3
568 2 2 2 3
569 2 1 2 4
570 1 4 0 5
571 5 2 1 1
572 6 1 0 3
573 1 1 1 4
574 4 1 1 2
575 0 0 2 5
576 2 0 5 2
577 3 2 1 5
578 2 1 0 1
579 1 2 0 2
580 3 1 0 2
581 2 4 0 2
582 2 1 2 1
583 4 3 1 3
584 1 0 0 2
585 2 3 0 3
586 0 0 1 5
587 3 1 1 4
588 0 2 1 1
589 3 2 0 1
590 1 1 1 1
591 0 0 0 2
592 1 4 1 3
593 1 0 0 3
594 1 1 1 2
595 4 0 0 1
596 0 1 0 4
597 1 0 1 1
598 1 1 1 1
599 3 0 0 1
600 0 1 0 0
601 0 1 0 2
602 1 2 0 1
603 1 1 0 1
604 1 3 2 1
605 1 0 0 1
606 0 0 0 0
607 0 0 1 0
608 0 0 1 4
609 0 0 1 3
610 0 0 1 0
611 0 0 0 3
612 1 1 0 1
613 1 0 0 1
614 0 0 0 1
615 1 0 0 0
616 0 0 0 0
617 1 0 1 0
618 1 0 0 0
619 1 0 0 1
620 1 0 0 0
621 0 0 0 1
622 2 1 0 0
623 1 0 1 0
624 0 1 0 0
625 0 1 0 0
626 0 1 0 1
627 0 0 2 0
628 0 1 0 0
629 1 0 0 1
630 0 0 0 2
631 0 0 0 1
632 0 0 1 0
633 0 0 0 0
634 0 0 0 2
635 0 0 0 1
636 0 0 0 0
637 0 0 0 0
638 0 0 1 0
639 0 0 0 1
640 0 0 0 0
641 0 0 0 0
642 0 0 0 1
643 0 0 0 0
644 0 0 0 0
645 0 0 0 0
646 0 0 0 0
647 0 0 0 0
648 0 0 0 0
649 0 0 0 0
650 0 0 0 0
651 0 0 0 0
652 0 0 0 0
653 0 0 0 0
654 0 0 0 0
655 0 0 0 0
656 0 0 0 0
657 0 0 0 0
658 0 0 0 0
659 0 0 0 0
660 0 0 0 0
661 0 0 0 0
662 0 0 0 0
663 0 0 0 0
664 0 0 0 0
665 0 0 0 0
666 0 0 0 0
667 0 0 0 0
668 0 0 0 0
669 0 0 0 0
670 0 0 0 0
671 0 0 0 0
672 0 0 0 0
673 0 0 0 0
674 0 0 0 0
675 0 0 0 0
676 0 0 0 0
677 0 0 0 0
678 0 0 0 0
679 0 0 0 0
680 0 0 0 0
681 0 0 0 0
682 0 0 0 0
683 0 0 0 0
684 0 0 0 0
685 0 0 0 0
686 0 0 0 0
687 0 0 0 0
688 0 0 0 0
689 0 0 0 0
690 0 0 0 0
691 0 0 0 0
692 0 0 0 0
693 0 0 0 0
694 0 0 0 0
695 0 0 0 0
696 0 0 0 0
697 0 0 0 0
698 0 0 0 0
699 0 0 0 0
700 0 0 0 0
701 0 0 0 0
702 0 0 0 0
703 0 0 0 0
704 0 0 0 0
705 0 0 0 0
706 0 0 0 0
707 0 0 0 0
708 0 0 0 0
709 0 0 0 0
710 0 0 0 0
711 0 0 0 0
712 0 0 0 0
713 0 0 0 0
714 0 0 0 0
715 0 0 0 0
716 0 0 0 0
717 0 0 0 0
718 0 0 0 0
719 0 0 0 0
720 0 0 0 0
721 0 0 0 0
722 0 0 0 0
723 0 0 0 0
724 0 0 0 0
725 0 0 0 0
726 0 0 0 0
727 0 0 0 0
