0 0 0 0 0
1 0 0 0 0
2 0 0 0 0
3 0 0 0 0
4 0 0 0 0
5 0 5 0 0
6 0 0 0 0
7 0 0 0 0
8 0 0 0 0
9 0 0 0 3
10 0 0 0 0
11 0 0 0 0
12 0 0 0 2
13 0 0 0 0
14 0 0 0 0
15 0 0 0 0
16 0 0 0 0
17 1 0 0 0
18 1 0 0 0
19 1 0 0 0
20 0 0 0 0
21 1 0 0 0
22 1 0 0 0
23 2 0 0 0
24 0 1 0 0
25 1 0 0 0
26 0 1 1 0
27 3 0 1 0
28 2 0 1 0
29 0 0 0 0
30 2 0 1 2
31 0 1 0 2
32 0 0 1 0
33 0 2 0 0
34 0 0 0 1
35 2 0 0 2
36 1 2 1 1
37 1 0 0 1
38 1 0 0 0
39 1 1 1 0
40 3 0 0 3
41 0 0 0 0
42 1 0 0 0
43 1 1 0 2
44 1 2 0 0
45 2 1 0 0
46 1 0 1 1
47 0 1 1 0
48 1 2 0 1
49 0 0 2 1
50 2 0 0 1
51 1 0 0 3
52 1 1 0 2
53 1 0 0 2
54 1 1 1 0
55 2 2 0 0
56 1 0 0 1
57 0 2 0 0
58 0 0 1 1
59 1 1 0 3
60 0 0 1 0
61 1 0 0 1
62 0 0 0 0
63 2 0 1 1
64 1 2 1 3
65 1 0 1 0
66 1 0 0 1
67 1 0 0 1
68 1 0 0 1
69 1 0 0 1
70 1 0 2 0
71 1 1 0 2
72 2 1 2 0
73 0 1 0 0
74 2 1 0 1
75 0 1 0 1
76 1 1 0 2
77 4 1 0 2
78 3 0 0 1
79 1 0 0 1
80 1 0 0 0
81 4 1 1 0
82 2 1 1 1
83 0 2 1 1
84 2 0 0 1
85 3 2 0 0
86 0 1 1 1
87 2 3 0 3
88 3 0 1 2
89 2 0 0 3
90 0 4 2 1
91 0 0 2 2
92 4 0 0 1
93 5 3 1 1
94 5 1 0 5
95 2 0 1 1
96 3 1 0 0
97 3 1 2 4
98 3 2 1 1
99 3 0 2 0
100 4 1 2 3
101 0 1 1 3
102 4 3 1 3
103 3 2 2 1
104 8 0 2 3
105 2 1 2 2
106 3 0 1 4
107 6 1 2 3
108 2 1 4 1
109 6 6 3 3
110 5 1 0 2
111 3 2 2 4
112 3 5 1 3
113 6 0 2 5
114 5 5 1 2
115 1 4 1 4
116 4 2 2 6
117 3 1 1 2
118 2 2 4 5
119 4 1 1 7
120 1 2 0 1
121 6 5 1 6
122 6 2 0 6
123 5 2 2 3
124 6 1 1 2
125 7 1 0 4
126 6 1 1 3
127 8 4 1 3
128 6 1 4 5
129 8 5 0 1
130 4 5 1 2
131 4 5 0 5
132 7 5 4 5
133 4 4 1 2
134 7 4 4 5
135 6 3 2 5
136 5 4 2 10
137 9 4 5 5
138 6 5 2 6
139 10 5 0 7
140 7 0 4 4
141 5 5 1 8
142 4 3 7 5
143 11 2 3 4
144 7 8 3 8
145 11 4 0 6
146 9 4 3 6
147 6 2 3 5
148 9 3 5 11
149 16 5 2 9
150 11 3 6 6
151 10 5 4 6
152 8 4 4 4
153 11 5 4 7
154 9 6 3 7
155 15 7 3 12
156 13 7 1 10
157 11 3 4 8
158 13 8 8 7
159 13 3 5 7
160 10 11 5 9
161 6 3 6 9
162 16 7 2 14
163 10 5 8 12
164 13 7 1 9
165 18 5 6 11
166 15 7 3 7
167 18 7 5 16
168 6 4 7 8
169 10 9 2 9
170 12 7 4 14
171 13 13 4 10
172 10 11 4 10
173 12 4 7 13
174 13 6 8 14
175 12 7 7 12
176 15 11 4 10
177 15 7 3 12
178 16 8 3 17
179 8 6 7 10
180 13 11 6 12
181 12 8 7 12
182 18 9 6 20
183 11 11 3 13
184 15 2 6 14
185 25 5 8 14
186 22 7 6 9
187 20 5 13 15
188 20 5 5 9
189 13 8 6 18
190 18 3 12 12
191 21 12 9 13
192 16 11 7 9
193 24 9 8 12
194 13 14 4 17
195 15 13 4 16
196 15 12 6 20
197 24 9 6 16
198 26 16 4 24
199 21 13 7 19
200 24 9 8 14
201 27 8 10 13
202 20 15 8 10
203 17 13 4 22
204 9 13 8 23
205 16 13 8 22
206 14 16 7 17
207 11 17 10 16
208 17 12 7 20
209 14 12 4 23
210 11 16 10 14
211 10 12 7 28
212 10 8 4 21
213 9 9 3 24
214 10 12 6 27
215 8 3 5 15
216 7 7 2 12
217 9 8 4 18
218 11 5 5 15
219 9 5 6 10
220 3 7 2 15
221 12 7 3 19
222 15 4 2 12
223 8 5 6 8
224 6 5 2 10
225 10 3 0 8
226 6 9 3 10
227 12 9 5 12
228 5 3 2 5
229 10 5 1 2
230 5 6 5 10
231 6 6 4 13
232 5 5 6 4
233 9 3 2 7
234 4 5 6 14
235 4 6 0 10
236 7 6 6 8
237 2 1 5 9
238 2 5 4 9
239 3 2 2 9
240 2 5 0 9
241 2 2 4 10
242 3 3 1 10
243 1 1 0 7
244 3 2 1 7
245 2 3 1 4
246 5 3 0 3
247 4 2 2 2
248 2 2 0 4
249 3 1 3 1
250 2 1 1 2
251 2 2 1 5
252 4 1 0 5
253 3 0 1 2
254 4 0 2 2
255 2 2 2 4
256 1 2 1 3
257 1 2 3 1
258 1 2 2 2
259 2 2 1 0
260 1 0 1 3
261 2 1 1 4
262 0 0 1 8
263 0 0 2 3
264 0 1 2 3
265 0 0 0 2
266 2 1 2 2
267 1 0 0 2
268 3 1 0 2
269 2 1 0 0
270 1 0 0 0
271 4 0 1 1
272 2 0 1 1
273 1 1 0 4
274 1 0 0 0
275 1 2 0 1
276 2 2 0 0
277 2 2 1 1
278 2 1 1 0
279 1 2 0 2
280 2 1 0 1
281 0 1 2 1
282 0 1 2 1
283 2 1 1 3
284 0 1 1 2
285 1 1 0 3
286 0 0 0 3
287 1 0 0 3
288 1 1 1 3
289 0 1 0 0
290 0 1 0 0
291 0 0 0 1
292 0 0 0 2
293 1 1 0 1
294 1 0 0 2
295 3 0 0 0
296 1 1 0 0
297 2 0 0 0
298 0 1 0 0
299 0 0 0 0
300 1 1 1 2
301 0 0 0 0
302 0 1 0 0
303 0 1 0 0
304 0 1 0 2
305 0 1 1 1
306 0 1 0 0
307 1 0 0 0
308 0 0 0 1
309 0 0 0 2
310 0 0 0 1
311 1 0 0 0
312 0 1 0 1
313 0 0 0 1
314 0 0 0 0
315 0 0 0 0
316 1 1 0 1
317 0 0 0 0
318 0 0 0 0
319 0 0 0 0
320 0 0 0 0
321 0 0 0 0
322 1 0 0 0
323 0 0 0 1
324 0 0 0 0
325 0 0 1 0
326 0 0 0 0
327 0 0 0 0
328 0 0 0 0
329 0 0 0 0
330 0 0 0 0
331 0 1 0 0
332 0 0 0 1
333 0 0 0 0
334 0 0 0 0
335 0 0 0 0
336 0 0 0 0
337 0 0 0 0
338 0 0 0 1
339 0 0 0 0
340 0 0 0 0
341 0 0 0 0
342 0 0 0 0
343 0 0 0 0
344 0 0 0 0
345 0 0 0 0
346 0 0 0 0
347 0 0 0 0
348 0 0 0 0
349 0 0 0 0
350 0 0 0 0
351 0 0 0 0
352 0 0 0 0
353 0 0 0 0
354 0 0 0 0
355 0 0 0 0
356 0 0 0 0
357 0 0 0 0
358 0 0 0 0
359 0 0 0 0
360 0 0 0 0
361 0 0 0 0
362 0 0 0 0
363 0 0 0 0
364 0 0 0 0
365 0 0 0 0
366 0 0 0 0
367 0 0 0 0
368 0 0 0 0
369 0 0 0 0
370 0 0 0 0
371 0 0 0 0
372 0 0 0 0
373 0 0 0 0
374 0 0 0 0
375 0 0 0 0
376 0 0 0 0
377 0 0 0 0
378 0 0 0 0
379 0 0 0 0
380 0 0 0 0
381 0 0 0 0
382 0 0 0 0
383 0 0 0 0
384 0 0 0 0
385 0 0 0 0
386 0 0 0 0
387 0 0 0 0
388 0 0 0 0
389 0 0 0 0
390 0 0 0 0
391 0 0 0 0
392 0 0 0 0
393 0 0 0 0
394 0 0 0 0
395 0 0 0 0
396 0 0 0 0
397 0 0 0 0
398 0 0 0 0
399 0 0 0 0
400 0 0 0 0
401 0 0 0 0
402 0 0 0 0
403 0 0 0 0
404 0 0 0 0
405 0 0 0 0
406 0 0 0 0
407 0 0 0 0
408 0 0 0 0
409 0 0 0 0
410 0 0 0 0
411 0 0 0 0
412 0 0 0 0
413 0 0 0 0
414 0 0 0 0
415 0 0 0 0
416 0 0 0 0
417 0 0 0 0
418 0 0 0 0
419 0 0 0 0
420 0 0 0 0
421 0 0 0 0
422 0 0 0 0
423 0 0 0 0
424 0 0 0 0
425 0 0 0 0
426 0 0 0 0
427 0 0 0 0
428 0 0 0 0
429 0 0 0 0
430 0 0 0 0
431 0 0 0 0
432 0 0 0 0
433 0 0 0 0
434 0 0 0 0
435 0 0 0 0
436 0 0 0 0
437 0 0 0 0
438 0 0 0 0
439 0 0 0 0
440 0 0 0 0
441 0 0 0 0
442 0 0 0 0
443 0 0 0 0
444 0 0 0 0
445 0 0 0 0
446 0 0 0 0
447 0 0 0 0
448 0 0 0 0
449 0 0 0 0
450 0 0 0 0
451 0 0 0 0
452 0 0 0 0
453 0 0 0 0
454 0 0 0 0
455 0 0 0 0
456 0 0 0 0
457 0 0 0 0
458 0 0 0 0
459 0 0 0 0
460 0 0 0 0
461 0 0 0 0
462 0 0 0 0
463 0 0 0 0
464 0 0 0 0
465 0 0 0 0
466 0 0 0 0
467 0 0 0 0
468 0 0 0 0
469 0 0 0 0
470 0 0 0 0
471 0 0 0 0
472 0 0 0 0
473 0 0 0 0
474 0 0 0 0
475 0 0 0 0
476 0 0 0 0
477 0 0 0 0
478 0 0 0 0
479 0 0 0 0
480 0 0 0 0
481 0 0 0 0
482 0 0 0 0
483 0 0 0 0
484 0 0 0 0
485 0 0 0 0
486 0 0 0 0
487 0 0 0 0
488 0 0 0 0
489 0 0 0 0
490 0 0 0 0
491 0 0 0 0
492 0 0 0 0
493 0 0 0 0
494 0 0 0 0
495 0 0 0 0
496 0 0 0 0
497 0 0 0 0
498 0 0 0 0
499 0 0 0 0
500 0 0 0 0
501 0 0 0 0
502 0 0 0 0
503 0 0 0 0
504 0 0 0 0
505 0 0 0 0
506 0 0 0 0
507 0 0 0 0
508 0 0 0 0
509 0 0 0 0
510 0 0 0 0
511 0 0 0 0
512 0 0 0 0
513 0 0 0 0
514 0 0 0 0
515 0 0 0 0
516 0 0 0 0
517 0 0 0 0
518 0 0 0 0
519 0 0 0 0
520 0 0 0 0
521 0 0 0 0
522 0 0 0 0
523 0 0 0 0
524 0 0 0 0
525 0 0 0 0
526 0 0 0 0
527 0 0 0 0
528 0 0 0 0
529 0 0 0 0
530 0 0 0 0
531 0 0 0 0
532 0 0 0 0
533 0 0 0 0
534 0 0 0 0
535 0 0 0 0
536 0 0 0 0
537 0 0 0 0
538 0 0 0 0
539 0 0 0 0
540 0 0 0 0
541 0 0 0 0
542 0 0 0 0
543 0 0 0 0
544 0 0 0 0
545 0 0 0 0
546 0 0 0 0
547 0 0 0 0
548 0 0 0 0
549 0 0 0 0
550 0 0 0 0
551 0 0 0 0
552 0 0 0 0
553 0 0 0 0
554 0 0 0 0
555 0 0 0 0
556 0 0 0 0
557 0 0 0 0
558 0 0 0 0
559 0 0 0 0
560 0 0 0 0
561 0 0 0 0
562 0 0 0 0
563 0 0 0 0
564 0 0 0 0
565 0 0 0 0
566 0 0 0 0
567 0 0 0 0
568 0 0 0 0
569 0 0 0 0
570 0 0 0 0
571 0 0 0 0
572 0 0 0 0
573 0 0 0 0
574 0 0 0 0
575 0 0 0 0
576 0 0 0 0
577 0 0 0 0
578 0 0 0 0
579 0 0 0 0
580 0 0 0 0
581 0 0 0 0
582 0 0 0 0
583 0 0 0 0
584 0 0 0 0
585 0 0 0 0
586 0 0 0 0
587 0 0 0 0
588 0 0 0 0
589 0 0 0 0
590 0 0 0 0
591 0 0 0 0
592 0 0 0 0
593 0 0 0 0
594 0 0 0 0
595 0 0 0 0
596 0 0 0 0
597 0 0 0 0
598 0 0 0 0
599 0 0 0 0
600 0 0 0 0
601 0 0 0 0
602 0 0 0 0
603 0 0 0 0
604 0 0 0 0
605 0 0 0 0
606 0 0 0 0
607 0 0 0 0
608 0 0 0 0
609 0 0 0 0
610 0 0 0 0
611 0 0 0 0
612 0 0 0 0
613 0 0 0 0
614 0 0 0 0
615 0 0 0 0
616 0 0 0 0
617 0 0 0 0
618 0 0 0 0
619 0 0 0 0
620 0 0 0 0
621 0 0 0 0
622 0 0 0 0
623 0 0 0 0
624 0 0 0 0
625 0 0 0 0
626 0 0 0 0
627 0 0 0 0
628 0 0 0 0
629 0 0 0 0
630 0 0 0 0
631 0 0 0 0
632 0 0 0 0
633 0 0 0 0
634 0 0 0 0
635 0 0 0 0
636 0 0 0 0
637 0 0 0 0
638 0 0 0 0
639 0 0 0 0
640 0 0 0 0
641 0 0 0 0
642 0 0 0 0
643 0 0 0 0
644 0 0 0 0
645 0 0 0 0
646 0 0 0 0
647 0 0 0 0
648 0 0 0 0
649 0 0 0 0
650 0 0 0 0
651 0 0 0 0
652 0 0 0 0
653 0 0 0 0
654 0 0 0 0
655 0 0 0 0
656 0 0 0 0
657 0 0 0 0
658 0 0 0 0
659 0 0 0 0
660 0 0 0 0
661 0 0 0 0
662 0 0 0 0
663 0 0 0 0
664 0 0 0 0
665 0 0 0 0
666 0 0 0 0
667 0 0 0 0
668 0 0 0 0
669 0 0 0 0
670 0 0 0 0
671 0 0 0 0
672 0 0 0 0
673 0 0 0 0
674 0 0 0 0
675 0 0 0 0
676 0 0 0 0
677 0 0 0 0
678 0 0 0 0
679 0 0 0 0
680 0 0 0 0
681 0 0 0 0
682 0 0 0 0
683 0 0 0 0
684 0 0 0 0
685 0 0 0 0
686 0 0 0 0
687 0 0 0 0
688 0 0 0 0
689 0 0 0 0
690 0 0 0 0
691 0 0 0 0
692 0 0 0 0
693 0 0 0 0
694 0 0 0 0
695 0 0 0 0
696 0 0 0 0
697 0 0 0 0
698 0 0 0 0
699 0 0 0 0
700 0 0 0 0
701 0 0 0 0
702 0 0 0 0
703 0 0 0 0
704 0 0 0 0
705 0 0 0 0
706 0 0 0 0
707 0 0 0 0
708 0 0 0 0
709 0 0 0 0
710 0 0 0 0
711 0 0 0 0
712 0 0 0 0
713 0 0 0 0
714 0 0 0 0
715 0 0 0 0
716 0 0 0 0
717 0 0 0 0
718 0 0 0 0
719 0 0 0 0
720 0 0 0 0
721 0 0 0 0
722 0 0 0 0
723 0 0 0 0
724 0 0 0 0
725 0 0 0 0
726 0 0 0 0
727 0 0 0 0
