0 0 0 0 0
1 0 0 0 0
2 0 0 0 0
3 0 0 0 0
4 0 0 0 0
5 0 1 1 0
6 0 0 0 0
7 0 0 0 0
8 0 1 0 0
9 0 1 1 1
10 0 0 0 0
11 0 0 0 0
12 0 0 0 2
13 0 0 0 2
14 0 0 0 0
15 0 0 0 0
16 0 0 0 0
17 0 0 0 0
18 1 0 0 0
19 0 0 0 0
20 0 0 0 0
21 4 0 0 0
22 1 0 0 0
23 1 0 1 0
24 0 0 0 0
25 0 0 0 0
26 2 1 0 0
27 0 0 1 0
28 1 1 0 0
29 1 0 0 0
30 2 2 1 2
31 2 0 2 1
32 1 0 0 0
33 1 1 0 0
34 1 1 0 0
35 4 0 0 1
36 2 0 3 0
37 0 0 0 4
38 0 0 0 3
39 1 1 2 0
40 1 2 0 2
41 2 1 0 0
42 0 2 0 0
43 1 0 0 3
44 3 3 0 1
45 1 0 0 1
46 3 1 1 1
47 1 0 0 0
48 2 1 0 3
49 4 2 0 2
50 1 0 1 2
51 2 1 1 1
52 1 0 0 0
53 2 1 0 2
54 3 1 1 0
55 5 0 2 3
56 0 0 1 0
57 0 2 1 2
58 2 3 2 2
59 1 2 0 1
60 1 1 3 1
61 3 0 0 0
62 0 0 1 4
63 3 0 1 1
64 7 2 1 3
65 5 0 1 2
66 1 1 1 1
67 4 1 1 4
68 3 2 1 1
69 3 1 3 2
70 4 3 2 2
71 2 1 0 4
72 6 1 2 2
73 3 2 2 2
74 3 1 3 3
75 3 3 0 2
76 3 2 1 5
77 3 4 0 3
78 5 1 0 3
79 0 3 1 1
80 4 2 1 6
81 7 4 0 4
82 3 1 3 3
83 2 2 1 4
84 5 0 0 3
85 8 5 1 4
86 4 3 3 4
87 4 1 3 3
88 5 0 0 0
89 3 1 2 4
90 3 3 4 2
91 4 1 1 3
92 3 2 0 3
93 5 2 3 5
94 5 3 3 5
95 6 3 1 1
96 3 3 2 4
97 6 5 0 6
98 9 1 4 3
99 5 4 2 2
100 11 1 6 6
101 9 1 2 8
102 8 2 2 5
103 10 3 2 6
104 5 1 1 5
105 6 3 5 2
106 4 2 3 4
107 4 7 3 8
108 5 4 4 3
109 6 3 4 4
110 10 6 2 3
111 5 3 2 7
112 11 2 4 13
113 7 3 2 5
114 7 4 3 9
115 8 6 6 4
116 5 2 1 7
117 4 4 2 5
118 7 4 4 5
119 8 3 1 12
120 5 9 2 4
121 10 7 5 5
122 8 2 1 7
123 5 6 2 6
124 8 5 2 10
125 13 2 2 13
126 14 5 3 2
127 7 2 6 11
128 8 2 5 7
129 15 7 0 4
130 12 6 5 7
131 8 5 3 7
132 13 4 5 7
133 7 3 3 5
134 17 7 4 10
135 9 8 7 7
136 20 5 1 9
137 12 8 3 6
138 13 7 7 14
139 12 9 7 11
140 13 2 5 7
141 11 9 7 11
142 12 4 4 17
143 16 7 7 9
144 8 7 6 9
145 9 10 5 12
146 14 6 5 16
147 10 7 4 14
148 13 12 8 15
149 8 8 4 9
150 9 7 5 10
151 15 6 2 7
152 23 4 5 19
153 19 6 7 9
154 15 4 5 14
155 22 6 7 12
156 21 7 7 14
157 21 13 7 13
158 20 10 2 11
159 26 14 3 6
160 25 11 7 11
161 32 15 2 9
162 25 12 8 20
163 16 9 8 15
164 22 15 11 26
165 23 12 12 16
166 13 20 8 23
167 20 12 9 15
168 13 9 7 16
169 21 13 12 20
170 28 16 13 22
171 19 15 4 24
172 24 8 10 17
173 24 15 5 31
174 26 8 15 30
175 24 12 11 18
176 20 11 6 23
177 27 11 6 23
178 28 10 10 21
179 29 11 9 16
180 30 13 5 20
181 33 17 8 15
182 27 17 13 23
183 43 15 11 19
184 33 18 8 23
185 41 18 9 27
186 25 21 8 19
187 39 19 12 23
188 32 30 18 23
189 23 22 7 31
190 19 16 15 27
191 27 11 11 27
192 19 21 9 36
193 40 21 14 34
194 33 23 16 32
195 29 16 11 33
196 22 23 11 28
197 33 15 12 34
198 39 19 13 32
199 27 18 13 24
200 22 22 7 35
201 25 15 8 29
202 24 18 16 33
203 18 16 14 34
204 25 13 8 33
205 14 12 4 29
206 19 23 6 34
207 18 15 15 29
208 16 18 7 12
209 16 19 10 21
210 19 14 7 31
211 12 19 9 29
212 12 7 10 21
213 17 16 3 24
214 14 7 5 26
215 20 9 5 27
216 15 10 8 29
217 13 6 5 17
218 13 12 5 20
219 14 11 4 15
220 15 10 7 20
221 16 10 4 8
222 9 9 5 12
223 13 11 6 17
224 12 14 6 20
225 14 10 7 17
226 15 9 3 10
227 7 2 5 18
228 9 7 3 20
229 10 3 9 20
230 8 9 9 12
231 6 11 4 10
232 2 9 5 14
233 6 4 4 11
234 5 6 3 14
235 7 4 4 13
236 6 1 1 14
237 2 5 3 9
238 9 3 7 7
239 2 5 2 9
240 6 5 2 6
241 6 2 2 11
242 4 1 2 7
243 5 8 1 5
244 7 4 2 7
245 4 4 2 9
246 2 2 2 6
247 4 3 2 6
248 4 2 2 6
249 4 5 1 4
250 3 2 4 8
251 4 1 1 7
252 4 2 1 5
253 3 5 2 4
254 2 2 1 7
255 5 1 2 2
256 1 1 2 5
257 2 3 0 6
258 1 1 1 4
259 1 3 0 4
260 0 4 0 4
261 1 2 1 1
262 1 1 2 3
263 1 0 1 5
264 0 3 1 5
265 0 0 0 1
266 0 2 0 4
267 0 0 2 0
268 1 1 1 4
269 0 0 0 0
270 1 1 0 2
271 1 0 0 4
272 1 0 0 1
273 2 0 1 1
274 0 0 0 1
275 1 0 0 1
276 0 0 0 0
277 0 1 1 0
278 0 1 1 0
279 1 0 0 0
280 2 0 1 1
281 0 0 0 1
282 0 0 0 2
283 0 0 0 0
284 1 1 0 2
285 0 1 0 0
286 0 0 0 0
287 0 0 0 0
288 0 0 1 0
289 0 1 1 0
290 1 0 0 0
291 0 0 0 1
292 0 0 0 2
293 0 0 0 0
294 0 0 0 0
295 0 0 0 0
296 0 0 0 2
297 0 0 0 0
298 0 0 0 0
299 0 1 0 0
300 0 0 0 0
301 0 0 0 0
302 0 0 0 0
303 0 0 0 1
304 0 0 0 0
305 0 0 0 0
306 0 0 0 0
307 0 0 0 0
308 0 0 0 0
309 0 0 0 0
310 0 0 0 0
311 0 0 0 0
312 0 0 0 0
313 0 0 0 0
314 0 0 0 0
315 0 0 0 0
316 0 0 0 0
317 0 0 0 0
318 0 0 0 0
319 0 0 0 0
320 0 0 0 0
321 0 0 0 0
322 0 0 0 0
323 0 0 0 0
324 0 0 0 0
325 0 0 0 0
326 0 0 0 0
327 0 0 0 0
328 0 0 0 0
329 0 0 0 0
330 0 0 0 0
331 0 0 0 0
332 0 0 0 0
333 0 0 0 0
334 0 0 0 0
335 0 0 0 0
336 0 0 0 0
337 0 0 0 0
338 0 0 0 0
339 0 0 0 0
340 0 0 0 0
341 0 0 0 0
342 0 0 0 0
343 0 0 0 0
344 0 0 0 0
345 0 0 0 0
346 0 0 0 0
347 0 0 0 0
348 0 0 0 0
349 0 0 0 0
350 0 0 0 0
351 0 0 0 0
352 0 0 0 0
353 0 0 0 0
354 0 0 0 0
355 0 0 0 0
356 0 0 0 0
357 0 0 0 0
358 0 0 0 0
359 0 0 0 0
360 0 0 0 0
361 0 0 0 0
362 0 0 0 0
363 0 0 0 0
364 0 0 0 0
365 0 0 0 0
366 0 0 0 0
367 0 0 0 0
368 0 0 0 0
369 0 0 0 0
370 0 0 0 0
371 0 0 0 0
372 0 0 0 0
373 0 0 0 0
374 0 0 0 0
375 0 0 0 0
376 0 0 0 0
377 0 0 0 0
378 0 0 0 0
379 0 0 0 0
380 0 0 0 0
381 0 0 0 0
382 0 0 0 0
383 0 0 0 0
384 0 0 0 0
385 0 0 0 0
386 0 0 0 0
387 0 0 0 0
388 0 0 0 0
389 0 0 0 0
390 0 0 0 0
391 0 0 0 0
392 0 0 0 0
393 0 0 0 0
394 0 0 0 0
395 0 0 0 0
396 0 0 0 0
397 0 0 0 0
398 0 0 0 0
399 0 0 0 0
400 0 0 0 0
401 0 0 0 0
402 0 0 0 0
403 0 0 0 0
404 0 0 0 0
405 0 0 0 0
406 0 0 0 0
407 0 0 0 0
408 0 0 0 0
409 0 0 0 0
410 0 0 0 0
411 0 0 0 0
412 0 0 0 0
413 0 0 0 0
414 0 0 0 0
415 0 0 0 0
416 0 0 0 0
417 0 0 0 0
418 0 0 0 0
419 0 0 0 0
420 0 0 0 0
421 0 0 0 0
422 0 0 0 0
423 0 0 0 0
424 0 0 0 0
425 0 0 0 0
426 0 0 0 0
427 0 0 0 0
428 0 0 0 0
429 0 0 0 0
430 0 0 0 0
431 0 0 0 0
432 0 0 0 0
433 0 0 0 0
434 0 0 0 0
435 0 0 0 0
436 0 0 0 0
437 0 0 0 0
438 0 0 0 0
439 0 0 0 0
440 0 0 0 0
441 0 0 0 0
442 0 0 0 0
443 0 0 0 0
444 0 0 0 0
445 0 0 0 0
446 0 0 0 0
447 0 0 0 0
448 0 0 0 0
449 0 0 0 0
450 0 0 0 0
451 0 0 0 0
452 0 0 0 0
453 0 0 0 0
454 0 0 0 0
455 0 0 0 0
456 0 0 0 0
457 0 0 0 0
458 0 0 0 0
459 0 0 0 0
460 0 0 0 0
461 0 0 0 0
462 0 0 0 0
463 0 0 0 0
464 0 0 0 0
465 0 0 0 0
466 0 0 0 0
467 0 0 0 0
468 0 0 0 0
469 0 0 0 0
470 0 0 0 0
471 0 0 0 0
472 0 0 0 0
473 0 0 0 0
474 0 0 0 0
475 0 0 0 0
476 0 0 0 0
477 0 0 0 0
478 0 0 0 0
479 0 0 0 0
480 0 0 0 0
481 0 0 0 0
482 0 0 0 0
483 0 0 0 0
484 0 0 0 0
485 0 0 0 0
486 0 0 0 0
487 0 0 0 0
488 0 0 0 0
489 0 0 0 0
490 0 0 0 0
491 0 0 0 0
492 0 0 0 0
493 0 0 0 0
494 0 0 0 0
495 0 0 0 0
496 0 0 0 0
497 0 0 0 0
498 0 0 0 0
499 0 0 0 0
500 0 0 0 0
501 0 0 0 0
502 0 0 0 0
503 0 0 0 0
504 0 0 0 0
505 0 0 0 0
506 0 0 0 0
507 0 0 0 0
508 0 0 0 0
509 0 0 0 0
510 0 0 0 0
511 0 0 0 0
512 0 0 0 0
513 0 0 0 0
514 0 0 0 0
515 0 0 0 0
516 0 0 0 0
517 0 0 0 0
518 0 0 0 0
519 0 0 0 0
520 0 0 0 0
521 0 0 0 0
522 0 0 0 0
523 0 0 0 0
524 0 0 0 0
525 0 0 0 0
526 0 0 0 0
527 0 0 0 0
528 0 0 0 0
529 0 0 0 0
530 0 0 0 0
531 0 0 0 0
532 0 0 0 0
533 0 0 0 0
534 0 0 0 0
535 0 0 0 0
536 0 0 0 0
537 0 0 0 0
538 0 0 0 0
539 0 0 0 0
540 0 0 0 0
541 0 0 0 0
542 0 0 0 0
543 0 0 0 0
544 0 0 0 0
545 0 0 0 0
546 0 0 0 0
547 0 0 0 0
548 0 0 0 0
549 0 0 0 0
550 0 0 0 0
551 0 0 0 0
552 0 0 0 0
553 0 0 0 0
554 0 0 0 0
555 0 0 0 0
556 0 0 0 0
557 0 0 0 0
558 0 0 0 0
559 0 0 0 0
560 0 0 0 0
561 0 0 0 0
562 0 0 0 0
563 0 0 0 0
564 0 0 0 0
565 0 0 0 0
566 0 0 0 0
567 0 0 0 0
568 0 0 0 0
569 0 0 0 0
570 0 0 0 0
571 0 0 0 0
572 0 0 0 0
573 0 0 0 0
574 0 0 0 0
575 0 0 0 0
576 0 0 0 0
577 0 0 0 0
578 0 0 0 0
579 0 0 0 0
580 0 0 0 0
581 0 0 0 0
582 0 0 0 0
583 0 0 0 0
584 0 0 0 0
585 0 0 0 0
586 0 0 0 0
587 0 0 0 0
588 0 0 0 0
589 0 0 0 0
590 0 0 0 0
591 0 0 0 0
592 0 0 0 0
593 0 0 0 0
594 0 0 0 0
595 0 0 0 0
596 0 0 0 0
597 0 0 0 0
598 0 0 0 0
599 0 0 0 0
600 0 0 0 0
601 0 0 0 0
602 0 0 0 0
603 0 0 0 0
604 0 0 0 0
605 0 0 0 0
606 0 0 0 0
607 0 0 0 0
608 0 0 0 0
609 0 0 0 0
610 0 0 0 0
611 0 0 0 0
612 0 0 0 0
613 0 0 0 0
614 0 0 0 0
615 0 0 0 0
616 0 0 0 0
617 0 0 0 0
618 0 0 0 0
619 0 0 0 0
620 0 0 0 0
621 0 0 0 0
622 0 0 0 0
623 0 0 0 0
624 0 0 0 0
625 0 0 0 0
626 0 0 0 0
627 0 0 0 0
628 0 0 0 0
629 0 0 0 0
630 0 0 0 0
631 0 0 0 0
632 0 0 0 0
633 0 0 0 0
634 0 0 0 0
635 0 0 0 0
636 0 0 0 0
637 0 0 0 0
638 0 0 0 0
639 0 0 0 0
640 0 0 0 0
641 0 0 0 0
642 0 0 0 0
643 0 0 0 0
644 0 0 0 0
645 0 0 0 0
646 0 0 0 0
647 0 0 0 0
648 0 0 0 0
649 0 0 0 0
650 0 0 0 0
651 0 0 0 0
652 0 0 0 0
653 0 0 0 0
654 0 0 0 0
655 0 0 0 0
656 0 0 0 0
657 0 0 0 0
658 0 0 0 0
659 0 0 0 0
660 0 0 0 0
661 0 0 0 0
662 0 0 0 0
663 0 0 0 0
664 0 0 0 0
665 0 0 0 0
666 0 0 0 0
667 0 0 0 0
668 0 0 0 0
669 0 0 0 0
670 0 0 0 0
671 0 0 0 0
672 0 0 0 0
673 0 0 0 0
674 0 0 0 0
675 0 0 0 0
676 0 0 0 0
677 0 0 0 0
678 0 0 0 0
679 0 0 0 0
680 0 0 0 0
681 0 0 0 0
682 0 0 0 0
683 0 0 0 0
684 0 0 0 0
685 0 0 0 0
686 0 0 0 0
687 0 0 0 0
688 0 0 0 0
689 0 0 0 0
690 0 0 0 0
691 0 0 0 0
692 0 0 0 0
693 0 0 0 0
694 0 0 0 0
695 0 0 0 0
696 0 0 0 0
697 0 0 0 0
698 0 0 0 0
699 0 0 0 0
700 0 0 0 0
701 0 0 0 0
702 0 0 0 0
703 0 0 0 0
704 0 0 0 0
705 0 0 0 0
706 0 0 0 0
707 0 0 0 0
708 0 0 0 0
709 0 0 0 0
710 0 0 0 0
711 0 0 0 0
712 0 0 0 0
713 0 0 0 0
714 0 0 0 0
715 0 0 0 0
716 0 0 0 0
717 0 0 0 0
718 0 0 0 0
719 0 0 0 0
720 0 0 0 0
721 0 0 0 0
722 0 0 0 0
723 0 0 0 0
724 0 0 0 0
725 0 0 0 0
726 0 0 0 0
727 0 0 0 0
