0 0 0 0 0
1 0 0 0 0
2 0 0 0 0
3 0 0 0 0
4 0 0 0 0
5 0 2 1 0
6 0 0 0 0
7 0 0 0 0
8 0 0 1 0
9 0 1 0 1
10 0 0 0 0
11 0 0 0 0
12 0 0 0 2
13 0 0 0 1
14 0 0 0 0
15 0 0 0 1
16 1 0 0 0
17 0 0 0 0
18 0 0 0 0
19 1 0 0 0
20 1 0 0 0
21 2 1 0 0
22 0 0 0 0
23 0 0 0 0
24 0 1 0 0
25 1 1 0 1
26 0 1 1 0
27 2 0 0 0
28 0 0 0 1
29 1 0 0 0
30 0 0 0 1
31 0 0 0 0
32 0 1 1 1
33 0 0 0 1
34 0 1 1 0
35 1 0 0 0
36 1 0 0 2
37 1 0 0 0
38 0 0 0 2
39 0 0 0 0
40 0 1 0 0
41 0 0 1 0
42 0 1 0 0
43 1 0 0 0
44 0 0 0 0
45 1 0 0 1
46 2 0 0 1
47 3 0 0 1
48 1 1 0 0
49 2 0 0 0
50 1 0 0 0
51 1 0 0 0
52 2 1 1 0
53 2 0 1 0
54 2 1 1 0
55 3 1 1 1
56 3 1 1 1
57 1 1 0 0
58 0 1 1 0
59 1 1 0 2
60 1 1 0 1
61 1 1 1 2
62 1 2 0 2
63 0 1 1 3
64 3 2 0 1
65 1 2 1 0
66 1 0 0 2
67 4 2 0 2
68 2 0 0 3
69 2 1 0 3
70 0 1 0 1
71 1 1 0 3
72 2 1 1 1
73 1 1 1 0
74 2 1 2 1
75 4 0 1 1
76 4 2 0 3
77 2 2 0 2
78 4 1 0 3
79 4 0 1 1
80 3 1 0 2
81 3 2 3 2
82 0 0 0 1
83 2 3 1 0
84 4 3 3 1
85 0 1 2 4
86 1 3 2 2
87 2 0 0 3
88 0 2 2 3
89 1 1 0 3
90 0 1 0 3
91 1 0 0 3
92 0 1 0 2
93 1 1 2 4
94 0 0 0 0
95 0 0 1 1
96 1 1 0 2
97 1 0 0 3
98 0 0 1 0
99 1 0 1 1
100 3 0 0 1
101 3 0 1 0
102 3 0 1 0
103 3 0 0 2
104 3 0 1 0
105 2 1 1 2
106 1 0 2 0
107 2 2 1 0
108 4 0 0 1
109 1 1 0 1
110 5 2 2 1
111 2 1 0 1
112 5 2 3 1
113 4 2 1 3
114 1 0 1 4
115 0 1 1 1
116 2 0 0 1
117 1 2 5 4
118 4 1 2 1
119 4 2 2 5
120 2 1 1 1
121 4 2 1 3
122 4 1 1 3
123 4 0 2 4
124 3 2 2 5
125 6 1 2 2
126 4 1 2 2
127 4 2 2 2
128 5 2 0 2
129 2 1 0 1
130 5 2 2 5
131 6 3 2 6
132 3 3 2 2
133 2 4 1 1
134 4 2 3 3
135 5 1 3 1
136 3 4 1 3
137 3 4 1 5
138 8 1 1 6
139 4 3 0 5
140 5 5 1 5
141 8 1 1 6
142 6 1 0 3
143 5 2 4 5
144 6 3 1 5
145 7 3 3 1
146 4 5 2 2
147 7 4 1 8
148 9 2 1 3
149 10 4 2 3
150 6 2 4 5
151 6 3 3 6
152 3 8 1 2
153 11 2 4 6
154 5 7 1 6
155 8 3 4 6
156 4 2 3 7
157 10 4 4 6
158 8 9 3 5
159 7 3 2 8
160 11 4 2 7
161 8 1 2 9
162 6 6 1 13
163 9 4 2 6
164 8 5 6 9
165 10 4 5 4
166 8 8 5 3
167 9 6 1 6
168 6 4 4 10
169 9 5 3 7
170 8 4 2 11
171 12 7 2 7
172 6 5 1 11
173 9 3 1 7
174 10 7 2 8
175 10 8 1 6
176 12 8 5 7
177 11 4 3 5
178 14 3 4 11
179 20 4 4 10
180 14 5 2 7
181 15 5 4 9
182 15 9 4 3
183 10 8 4 12
184 9 14 6 8
185 18 6 5 8
186 9 5 6 11
187 18 9 8 5
188 13 9 7 18
189 7 8 8 11
190 7 12 8 15
191 9 4 4 20
192 22 4 6 12
193 19 6 6 10
194 20 5 5 18
195 12 5 5 13
196 21 11 3 15
197 16 14 4 13
198 19 6 5 7
199 21 9 6 9
200 16 4 9 14
201 20 11 4 18
202 18 9 11 13
203 24 8 8 17
204 15 11 7 14
205 12 13 11 9
206 9 10 5 17
207 16 9 9 11
208 11 14 6 18
209 21 9 6 18
210 15 11 6 20
211 14 10 7 23
212 13 13 7 24
213 15 6 5 11
214 10 10 6 19
215 12 8 1 17
216 5 11 5 16
217 8 6 4 14
218 13 8 3 20
219 6 4 9 13
220 4 6 8 9
221 8 7 2 14
222 10 8 8 10
223 7 11 4 18
224 8 5 4 9
225 11 4 2 7
226 8 5 2 12
227 7 6 2 21
228 9 4 1 11
229 8 4 2 12
230 4 9 1 15
231 5 8 2 7
232 2 6 4 3
233 3 4 6 4
234 6 4 4 9
235 4 5 0 9
236 6 3 1 7
237 5 1 3 10
238 4 4 3 10
239 5 6 1 8
240 5 4 2 5
241 1 2 1 4
242 5 4 1 6
243 4 4 0 7
244 4 2 1 8
245 2 5 2 6
246 6 3 1 6
247 2 3 3 5
248 2 4 0 1
249 1 0 4 5
250 2 2 0 5
251 2 4 1 5
252 1 2 1 7
253 1 2 0 2
254 1 1 0 4
255 2 1 3 2
256 3 1 0 5
257 1 3 1 2
258 3 1 0 2
259 4 1 0 3
260 0 1 0 1
261 2 0 2 3
262 4 0 1 3
263 3 1 1 1
264 2 3 2 3
265 3 1 0 1
266 1 0 2 2
267 1 1 2 3
268 1 2 1 3
269 0 1 0 0
270 0 3 1 1
271 1 1 0 2
272 1 1 1 5
273 0 1 1 2
274 0 0 0 4
275 0 1 0 1
276 0 1 0 0
277 1 0 0 3
278 1 0 0 1
279 0 0 0 3
280 0 0 0 1
281 0 1 0 0
282 1 0 0 0
283 2 0 0 0
284 1 1 0 0
285 1 0 0 1
286 0 1 0 0
287 0 1 0 0
288 0 2 0 0
289 0 1 0 0
290 1 1 0 0
291 0 0 0 2
292 0 0 0 1
293 0 0 0 2
294 0 0 0 1
295 0 1 0 1
296 0 0 0 0
297 0 0 0 0
298 0 0 0 0
299 0 0 0 0
300 0 0 0 0
301 0 0 0 0
302 1 0 0 1
303 0 0 0 0
304 0 0 0 0
305 0 0 0 0
306 0 0 0 0
307 0 1 0 0
308 0 0 0 0
309 0 0 0 0
310 0 0 0 0
311 0 0 0 0
312 0 0 0 0
313 0 0 0 0
314 0 0 0 1
315 0 0 0 0
316 0 0 0 0
317 0 0 0 0
318 0 0 0 0
319 0 0 0 0
320 0 0 0 0
321 0 0 0 0
322 0 0 0 0
323 0 0 0 0
324 0 0 0 0
325 0 0 0 0
326 0 0 0 0
327 0 0 0 0
328 0 0 0 0
329 0 0 0 0
330 0 0 0 0
331 0 0 0 0
332 0 0 0 0
333 0 0 0 0
334 0 0 0 0
335 0 0 0 0
336 0 0 0 0
337 0 0 0 0
338 0 0 0 0
339 0 0 0 0
340 0 0 0 0
341 0 0 0 0
342 0 0 0 0
343 0 0 0 0
344 0 0 0 0
345 0 0 0 0
346 0 0 0 0
347 0 0 0 0
348 0 0 0 0
349 0 0 0 0
350 0 0 0 0
351 0 0 0 0
352 0 0 0 0
353 0 0 0 0
354 0 0 0 0
355 0 0 0 0
356 0 0 0 0
357 0 0 0 0
358 0 0 0 0
359 0 0 0 0
360 0 0 0 0
361 0 0 0 0
362 0 0 0 0
363 0 0 0 0
364 0 0 0 0
365 0 0 0 0
366 0 0 0 0
367 0 0 0 0
368 0 0 0 0
369 0 0 0 0
370 0 0 0 0
371 0 0 0 0
372 0 0 0 0
373 0 0 0 0
374 0 0 0 0
375 0 0 0 0
376 0 0 0 0
377 0 0 0 0
378 0 0 0 0
379 0 0 0 0
380 0 0 0 0
381 0 0 0 0
382 0 0 0 0
383 0 0 0 0
384 0 0 0 0
385 0 0 0 0
386 0 0 0 0
387 0 0 0 0
388 0 0 0 0
389 0 0 0 0
390 0 0 0 0
391 0 0 0 0
392 0 0 0 0
393 0 0 0 0
394 0 0 0 0
395 0 0 0 0
396 0 0 0 0
397 0 0 0 0
398 0 0 0 0
399 0 0 0 0
400 0 0 0 0
401 0 0 0 0
402 0 0 0 0
403 0 0 0 0
404 0 0 0 0
405 0 0 0 0
406 0 0 0 0
407 0 0 0 0
408 0 0 0 0
409 0 0 0 0
410 0 0 0 0
411 0 0 0 0
412 0 0 0 0
413 0 0 0 0
414 0 0 0 0
415 0 0 0 0
416 0 0 0 0
417 0 0 0 0
418 0 0 0 0
419 0 0 0 0
420 0 0 0 0
421 0 0 0 0
422 0 0 0 0
423 0 0 0 0
424 0 0 0 0
425 0 0 0 0
426 0 0 0 0
427 0 0 0 0
428 0 0 0 0
429 0 0 0 0
430 0 0 0 0
431 0 0 0 0
432 0 0 0 0
433 0 0 0 0
434 0 0 0 0
435 0 0 0 0
436 0 0 0 0
437 0 0 0 0
438 0 0 0 0
439 0 0 0 0
440 0 0 0 0
441 0 0 0 0
442 0 0 0 0
443 0 0 0 0
444 0 0 0 0
445 0 0 0 0
446 0 0 0 0
447 0 0 0 0
448 0 0 0 0
449 0 0 0 0
450 0 0 0 0
451 0 0 0 0
452 0 0 0 0
453 0 0 0 0
454 0 0 0 0
455 0 0 0 0
456 0 0 0 0
457 0 0 0 0
458 0 0 0 0
459 0 0 0 0
460 0 0 0 0
461 0 0 0 0
462 0 0 0 0
463 0 0 0 0
464 0 0 0 0
465 0 0 0 0
466 0 0 0 0
467 0 0 0 0
468 0 0 0 0
469 0 0 0 0
470 0 0 0 0
471 0 0 0 0
472 0 0 0 0
473 0 0 0 0
474 0 0 0 0
475 0 0 0 0
476 0 0 0 0
477 0 0 0 0
478 0 0 0 0
479 0 0 0 0
480 0 0 0 0
481 0 0 0 0
482 0 0 0 0
483 0 0 0 0
484 0 0 0 0
485 0 0 0 0
486 0 0 0 0
487 0 0 0 0
488 0 0 0 0
489 0 0 0 0
490 0 0 0 0
491 0 0 0 0
492 0 0 0 0
493 0 0 0 0
494 0 0 0 0
495 0 0 0 0
496 0 0 0 0
497 0 0 0 0
498 0 0 0 0
499 0 0 0 0
500 0 0 0 0
501 0 0 0 0
502 0 0 0 0
503 0 0 0 0
504 0 0 0 0
505 0 0 0 0
506 0 0 0 0
507 0 0 0 0
508 0 0 0 0
509 0 0 0 0
510 0 0 0 0
511 0 0 0 0
512 0 0 0 0
513 0 0 0 0
514 0 0 0 0
515 0 0 0 0
516 0 0 0 0
517 0 0 0 0
518 0 0 0 0
519 0 0 0 0
520 0 0 0 0
521 0 0 0 0
522 0 0 0 0
523 0 0 0 0
524 0 0 0 0
525 0 0 0 0
526 0 0 0 0
527 0 0 0 0
528 0 0 0 0
529 0 0 0 0
530 0 0 0 0
531 0 0 0 0
532 0 0 0 0
533 0 0 0 0
534 0 0 0 0
535 0 0 0 0
536 0 0 0 0
537 0 0 0 0
538 0 0 0 0
539 0 0 0 0
540 0 0 0 0
541 0 0 0 0
542 0 0 0 0
543 0 0 0 0
544 0 0 0 0
545 0 0 0 0
546 0 0 0 0
547 0 0 0 0
548 0 0 0 0
549 0 0 0 0
550 0 0 0 0
551 0 0 0 0
552 0 0 0 0
553 0 0 0 0
554 0 0 0 0
555 0 0 0 0
556 0 0 0 0
557 0 0 0 0
558 0 0 0 0
559 0 0 0 0
560 0 0 0 0
561 0 0 0 0
562 0 0 0 0
563 0 0 0 0
564 0 0 0 0
565 0 0 0 0
566 0 0 0 0
567 0 0 0 0
568 0 0 0 0
569 0 0 0 0
570 0 0 0 0
571 0 0 0 0
572 0 0 0 0
573 0 0 0 0
574 0 0 0 0
575 0 0 0 0
576 0 0 0 0
577 0 0 0 0
578 0 0 0 0
579 0 0 0 0
580 0 0 0 0
581 0 0 0 0
582 0 0 0 0
583 0 0 0 0
584 0 0 0 0
585 0 0 0 0
586 0 0 0 0
587 0 0 0 0
588 0 0 0 0
589 0 0 0 0
590 0 0 0 0
591 0 0 0 0
592 0 0 0 0
593 0 0 0 0
594 0 0 0 0
595 0 0 0 0
596 0 0 0 0
597 0 0 0 0
598 0 0 0 0
599 0 0 0 0
600 0 0 0 0
601 0 0 0 0
602 0 0 0 0
603 0 0 0 0
604 0 0 0 0
605 0 0 0 0
606 0 0 0 0
607 0 0 0 0
608 0 0 0 0
609 0 0 0 0
610 0 0 0 0
611 0 0 0 0
612 0 0 0 0
613 0 0 0 0
614 0 0 0 0
615 0 0 0 0
616 0 0 0 0
617 0 0 0 0
618 0 0 0 0
619 0 0 0 0
620 0 0 0 0
621 0 0 0 0
622 0 0 0 0
623 0 0 0 0
624 0 0 0 0
625 0 0 0 0
626 0 0 0 0
627 0 0 0 0
628 0 0 0 0
629 0 0 0 0
630 0 0 0 0
631 0 0 0 0
632 0 0 0 0
633 0 0 0 0
634 0 0 0 0
635 0 0 0 0
636 0 0 0 0
637 0 0 0 0
638 0 0 0 0
639 0 0 0 0
640 0 0 0 0
641 0 0 0 0
642 0 0 0 0
643 0 0 0 0
644 0 0 0 0
645 0 0 0 0
646 0 0 0 0
647 0 0 0 0
648 0 0 0 0
649 0 0 0 0
650 0 0 0 0
651 0 0 0 0
652 0 0 0 0
653 0 0 0 0
654 0 0 0 0
655 0 0 0 0
656 0 0 0 0
657 0 0 0 0
658 0 0 0 0
659 0 0 0 0
660 0 0 0 0
661 0 0 0 0
662 0 0 0 0
663 0 0 0 0
664 0 0 0 0
665 0 0 0 0
666 0 0 0 0
667 0 0 0 0
668 0 0 0 0
669 0 0 0 0
670 0 0 0 0
671 0 0 0 0
672 0 0 0 0
673 0 0 0 0
674 0 0 0 0
675 0 0 0 0
676 0 0 0 0
677 0 0 0 0
678 0 0 0 0
679 0 0 0 0
680 0 0 0 0
681 0 0 0 0
682 0 0 0 0
683 0 0 0 0
684 0 0 0 0
685 0 0 0 0
686 0 0 0 0
687 0 0 0 0
688 0 0 0 0
689 0 0 0 0
690 0 0 0 0
691 0 0 0 0
692 0 0 0 0
693 0 0 0 0
694 0 0 0 0
695 0 0 0 0
696 0 0 0 0
697 0 0 0 0
698 0 0 0 0
699 0 0 0 0
700 0 0 0 0
701 0 0 0 0
702 0 0 0 0
703 0 0 0 0
704 0 0 0 0
705 0 0 0 0
706 0 0 0 0
707 0 0 0 0
708 0 0 0 0
709 0 0 0 0
710 0 0 0 0
711 0 0 0 0
712 0 0 0 0
713 0 0 0 0
714 0 0 0 0
715 0 0 0 0
716 0 0 0 0
717 0 0 0 0
718 0 0 0 0
719 0 0 0 0
720 0 0 0 0
721 0 0 0 0
722 0 0 0 0
723 0 0 0 0
724 0 0 0 0
725 0 0 0 0
726 0 0 0 0
727 0 0 0 0
