0 0 0 0 0
1 0 0 0 0
2 0 0 0 0
3 0 0 0 0
4 0 0 0 0
5 0 1 3 0
6 0 0 0 0
7 0 0 0 0
8 0 0 0 0
9 1 1 0 1
10 0 0 0 0
11 0 0 0 0
12 0 0 0 3
13 0 0 0 1
14 0 0 1 0
15 0 0 0 0
16 1 0 0 0
17 1 0 0 0
18 0 0 0 1
19 0 0 0 0
20 1 0 0 0
21 0 1 0 0
22 1 0 0 0
23 2 0 0 0
24 0 0 0 0
25 0 1 0 1
26 0 1 0 0
27 0 1 0 0
28 1 1 1 0
29 0 0 0 0
30 0 0 0 0
31 0 0 0 1
32 0 0 0 2
33 0 0 0 1
34 0 0 0 0
35 0 0 0 1
36 0 0 0 0
37 0 1 0 0
38 0 0 0 0
39 1 0 0 0
40 0 0 0 0
41 0 0 0 0
42 0 0 0 0
43 0 0 0 0
44 1 0 0 1
45 1 0 0 0
46 1 0 0 0
47 1 0 0 0
48 3 0 1 0
49 2 1 0 0
50 1 0 0 0
51 1 0 1 0
52 1 0 0 0
53 0 1 1 1
54 0 0 1 0
55 2 0 0 1
56 1 2 0 0
57 0 1 1 1
58 0 0 2 1
59 0 1 0 0
60 1 0 1 3
61 0 0 0 2
62 0 0 0 0
63 0 0 0 1
64 0 1 0 1
65 0 0 1 2
66 1 0 0 0
67 0 0 0 1
68 1 0 0 1
69 3 0 1 1
70 0 0 0 0
71 4 1 0 0
72 1 0 0 0
73 0 0 0 1
74 1 0 0 0
75 1 0 0 0
76 3 1 2 0
77 2 1 1 1
78 2 2 1 0
79 1 0 1 0
80 0 0 1 2
81 1 1 0 1
82 0 1 1 2
83 2 0 0 2
84 0 1 1 2
85 3 2 0 2
86 0 1 0 0
87 2 2 0 1
88 3 0 1 2
89 3 0 0 1
90 2 2 1 1
91 1 0 0 2
92 2 1 2 3
93 2 0 1 0
94 0 0 0 3
95 1 0 1 0
96 4 0 1 2
97 4 2 1 1
98 2 3 0 0
99 3 0 1 1
100 3 0 1 1
101 1 4 0 0
102 4 2 2 3
103 2 0 2 0
104 3 1 0 2
105 5 3 2 4
106 5 1 1 2
107 4 1 1 4
108 4 1 2 2
109 3 1 0 6
110 1 3 1 2
111 2 4 2 2
112 1 0 4 2
113 5 0 2 0
114 3 0 1 3
115 6 2 0 7
116 5 1 1 1
117 3 3 2 2
118 4 2 3 3
119 5 1 0 3
120 2 2 3 3
121 6 1 1 4
122 1 4 0 4
123 4 1 2 2
124 4 2 3 3
125 5 2 2 4
126 4 2 2 3
127 5 3 1 5
128 4 1 5 2
129 7 1 2 3
130 1 3 3 5
131 7 2 2 5
132 7 3 1 4
133 3 2 5 6
134 8 5 2 4
135 7 0 0 7
136 7 2 3 4
137 5 2 1 7
138 5 3 3 1
139 6 3 3 2
140 4 5 3 5
141 6 4 2 7
142 4 1 2 2
143 5 5 1 7
144 10 3 3 6
145 3 1 3 4
146 6 4 2 4
147 6 4 0 5
148 13 2 3 8
149 8 5 4 5
150 5 1 2 7
151 9 4 2 5
152 10 4 2 3
153 7 6 7 5
154 9 3 3 3
155 4 3 2 8
156 10 6 2 6
157 15 4 8 10
158 5 6 0 6
159 7 5 0 9
160 8 5 1 11
161 9 8 5 8
162 5 5 7 4
163 5 5 3 6
164 11 3 2 8
165 9 3 2 7
166 11 5 2 10
167 7 4 1 8
168 11 6 3 8
169 10 3 5 6
170 12 8 4 7
171 13 3 5 6
172 9 2 2 9
173 13 8 5 8
174 8 7 5 10
175 10 11 3 10
176 15 5 6 5
177 11 10 3 13
178 11 6 6 12
179 14 3 3 12
180 10 8 3 7
181 14 3 6 9
182 12 6 4 8
183 11 7 4 12
184 7 5 8 15
185 10 6 6 11
186 9 7 6 7
187 15 10 3 10
188 15 7 5 13
189 13 2 4 14
190 15 7 3 13
191 10 5 3 11
192 11 10 5 8
193 18 6 6 10
194 10 8 5 11
195 12 10 5 11
196 11 5 7 10
197 15 6 7 9
198 19 8 7 11
199 10 6 5 12
200 16 9 6 14
201 8 12 2 15
202 13 9 8 17
203 12 8 2 11
204 6 6 3 15
205 14 12 2 16
206 8 6 5 13
207 4 9 8 10
208 9 5 8 9
209 11 3 5 18
210 13 7 4 12
211 7 4 6 20
212 14 5 2 16
213 15 6 3 9
214 12 8 3 9
215 4 6 5 6
216 10 1 3 7
217 9 9 6 12
218 2 5 4 12
219 5 6 10 11
220 7 1 5 4
221 8 5 3 14
222 11 10 7 3
223 6 2 2 13
224 7 0 2 9
225 3 7 0 12
226 5 6 1 11
227 4 5 4 9
228 4 4 5 5
229 4 6 3 11
230 6 2 3 5
231 3 6 0 5
232 4 3 1 10
233 4 3 3 10
234 4 3 0 7
235 3 1 3 7
236 1 1 3 6
237 0 1 3 7
238 2 3 1 5
239 1 6 2 2
240 5 0 2 5
241 0 2 1 4
242 4 0 1 6
243 1 2 1 7
244 1 0 3 2
245 1 2 2 1
246 3 0 0 3
247 2 1 1 4
248 2 0 0 4
249 1 1 0 1
250 2 1 0 0
251 0 4 0 2
252 2 1 1 4
253 2 1 1 1
254 2 1 0 1
255 3 1 0 3
256 3 1 0 2
257 1 1 1 2
258 0 0 0 2
259 1 2 1 1
260 1 0 2 1
261 0 3 0 1
262 1 1 1 1
263 0 1 0 1
264 0 0 1 1
265 0 0 2 2
266 1 0 1 5
267 2 0 1 1
268 1 1 0 2
269 0 0 0 2
270 1 0 0 1
271 0 1 0 1
272 0 2 0 1
273 1 1 0 1
274 2 0 0 0
275 1 1 0 0
276 0 0 0 1
277 0 0 0 0
278 2 0 0 1
279 0 0 0 2
280 0 0 0 1
281 1 0 0 0
282 0 0 1 0
283 0 3 0 0
284 0 1 0 0
285 0 0 0 0
286 0 1 0 1
287 0 1 0 2
288 2 0 0 1
289 0 0 0 0
290 0 0 0 1
291 0 0 0 0
292 0 0 0 0
293 0 0 1 1
294 0 0 0 1
295 1 0 0 0
296 1 0 0 0
297 0 1 0 1
298 1 0 0 0
299 0 0 0 0
300 0 0 0 0
301 2 1 0 0
302 0 0 0 0
303 1 0 0 0
304 1 1 0 1
305 1 0 0 0
306 1 0 0 0
307 0 2 0 0
308 0 1 0 2
309 1 0 0 0
310 0 0 0 0
311 0 0 0 1
312 0 1 0 0
313 0 1 0 0
314 0 1 1 1
315 0 1 0 1
316 0 0 0 1
317 1 0 0 0
318 0 0 0 1
319 1 0 0 1
320 0 0 0 1
321 0 0 0 1
322 0 1 0 0
323 0 0 0 0
324 0 1 0 0
325 0 0 0 0
326 0 0 0 0
327 0 0 0 0
328 0 0 0 1
329 0 0 0 1
330 0 0 0 0
331 0 0 0 0
332 0 0 0 0
333 0 0 0 0
334 0 0 0 0
335 0 0 0 0
336 0 0 0 0
337 0 0 0 0
338 0 0 0 0
339 0 0 0 0
340 0 0 0 0
341 0 0 0 0
342 0 0 0 0
343 0 0 0 0
344 0 0 0 0
345 0 0 0 0
346 0 0 0 0
347 0 0 0 0
348 0 0 0 0
349 0 0 0 0
350 0 0 0 0
351 0 0 0 0
352 0 0 0 0
353 0 0 0 0
354 0 0 0 0
355 0 0 0 0
356 0 0 0 0
357 0 0 0 0
358 0 0 0 0
359 0 0 0 0
360 0 0 0 0
361 0 0 0 0
362 0 0 0 0
363 0 0 0 0
364 0 0 0 0
365 0 0 0 0
366 0 0 0 0
367 0 0 0 0
368 0 0 0 0
369 0 0 0 0
370 0 0 0 0
371 0 0 0 0
372 0 0 0 0
373 0 0 0 0
374 0 0 0 0
375 0 0 0 0
376 0 0 0 0
377 0 0 0 0
378 0 0 0 0
379 0 0 0 0
380 0 0 0 0
381 0 0 0 0
382 0 0 0 0
383 0 0 0 0
384 0 0 0 0
385 0 0 0 0
386 0 0 0 0
387 0 0 0 0
388 0 0 0 0
389 0 0 0 0
390 0 0 0 0
391 0 0 0 0
392 0 0 0 0
393 0 0 0 0
394 0 0 0 0
395 0 0 0 0
396 0 0 0 0
397 0 0 0 0
398 0 0 0 0
399 0 0 0 0
400 0 0 0 0
401 0 0 0 0
402 0 0 0 0
403 0 0 0 0
404 0 0 0 0
405 0 0 0 0
406 0 0 0 0
407 0 0 0 0
408 0 0 0 0
409 0 0 0 0
410 0 0 0 0
411 0 0 0 0
412 0 0 0 0
413 0 0 0 0
414 0 0 0 0
415 0 0 0 0
416 0 0 0 0
417 0 0 0 0
418 0 0 0 0
419 0 0 0 0
420 0 0 0 0
421 0 0 0 0
422 0 0 0 0
423 0 0 0 0
424 0 0 0 0
425 0 0 0 0
426 0 0 0 0
427 0 0 0 0
428 0 0 0 0
429 0 0 0 0
430 0 0 0 0
431 0 0 0 0
432 0 0 0 0
433 0 0 0 0
434 0 0 0 0
435 0 0 0 0
436 0 0 0 0
437 0 0 0 0
438 0 0 0 0
439 0 0 0 0
440 0 0 0 0
441 0 0 0 0
442 0 0 0 0
443 0 0 0 0
444 0 0 0 0
445 0 0 0 0
446 0 0 0 0
447 0 0 0 0
448 0 0 0 0
449 0 0 0 0
450 0 0 0 0
451 0 0 0 0
452 0 0 0 0
453 0 0 0 0
454 0 0 0 0
455 0 0 0 0
456 0 0 0 0
457 0 0 0 0
458 0 0 0 0
459 0 0 0 0
460 0 0 0 0
461 0 0 0 0
462 0 0 0 0
463 0 0 0 0
464 0 0 0 0
465 0 0 0 0
466 0 0 0 0
467 0 0 0 0
468 0 0 0 0
469 0 0 0 0
470 0 0 0 0
471 0 0 0 0
472 0 0 0 0
473 0 0 0 0
474 0 0 0 0
475 0 0 0 0
476 0 0 0 0
477 0 0 0 0
478 0 0 0 0
479 0 0 0 0
480 0 0 0 0
481 0 0 0 0
482 0 0 0 0
483 0 0 0 0
484 0 0 0 0
485 0 0 0 0
486 0 0 0 0
487 0 0 0 0
488 0 0 0 0
489 0 0 0 0
490 0 0 0 0
491 0 0 0 0
492 0 0 0 0
493 0 0 0 0
494 0 0 0 0
495 0 0 0 0
496 0 0 0 0
497 0 0 0 0
498 0 0 0 0
499 0 0 0 0
500 0 0 0 0
501 0 0 0 0
502 0 0 0 0
503 0 0 0 0
504 0 0 0 0
505 0 0 0 0
506 0 0 0 0
507 0 0 0 0
508 0 0 0 0
509 0 0 0 0
510 0 0 0 0
511 0 0 0 0
512 0 0 0 0
513 0 0 0 0
514 0 0 0 0
515 0 0 0 0
516 0 0 0 0
517 0 0 0 0
518 0 0 0 0
519 0 0 0 0
520 0 0 0 0
521 0 0 0 0
522 0 0 0 0
523 0 0 0 0
524 0 0 0 0
525 0 0 0 0
526 0 0 0 0
527 0 0 0 0
528 0 0 0 0
529 0 0 0 0
530 0 0 0 0
531 0 0 0 0
532 0 0 0 0
533 0 0 0 0
534 0 0 0 0
535 0 0 0 0
536 0 0 0 0
537 0 0 0 0
538 0 0 0 0
539 0 0 0 0
540 0 0 0 0
541 0 0 0 0
542 0 0 0 0
543 0 0 0 0
544 0 0 0 0
545 0 0 0 0
546 0 0 0 0
547 0 0 0 0
548 0 0 0 0
549 0 0 0 0
550 0 0 0 0
551 0 0 0 0
552 0 0 0 0
553 0 0 0 0
554 0 0 0 0
555 0 0 0 0
556 0 0 0 0
557 0 0 0 0
558 0 0 0 0
559 0 0 0 0
560 0 0 0 0
561 0 0 0 0
562 0 0 0 0
563 0 0 0 0
564 0 0 0 0
565 0 0 0 0
566 0 0 0 0
567 0 0 0 0
568 0 0 0 0
569 0 0 0 0
570 0 0 0 0
571 0 0 0 0
572 0 0 0 0
573 0 0 0 0
574 0 0 0 0
575 0 0 0 0
576 0 0 0 0
577 0 0 0 0
578 0 0 0 0
579 0 0 0 0
580 0 0 0 0
581 0 0 0 0
582 0 0 0 0
583 0 0 0 0
584 0 0 0 0
585 0 0 0 0
586 0 0 0 0
587 0 0 0 0
588 0 0 0 0
589 0 0 0 0
590 0 0 0 0
591 0 0 0 0
592 0 0 0 0
593 0 0 0 0
594 0 0 0 0
595 0 0 0 0
596 0 0 0 0
597 0 0 0 0
598 0 0 0 0
599 0 0 0 0
600 0 0 0 0
601 0 0 0 0
602 0 0 0 0
603 0 0 0 0
604 0 0 0 0
605 0 0 0 0
606 0 0 0 0
607 0 0 0 0
608 0 0 0 0
609 0 0 0 0
610 0 0 0 0
611 0 0 0 0
612 0 0 0 0
613 0 0 0 0
614 0 0 0 0
615 0 0 0 0
616 0 0 0 0
617 0 0 0 0
618 0 0 0 0
619 0 0 0 0
620 0 0 0 0
621 0 0 0 0
622 0 0 0 0
623 0 0 0 0
624 0 0 0 0
625 0 0 0 0
626 0 0 0 0
627 0 0 0 0
628 0 0 0 0
629 0 0 0 0
630 0 0 0 0
631 0 0 0 0
632 0 0 0 0
633 0 0 0 0
634 0 0 0 0
635 0 0 0 0
636 0 0 0 0
637 0 0 0 0
638 0 0 0 0
639 0 0 0 0
640 0 0 0 0
641 0 0 0 0
642 0 0 0 0
643 0 0 0 0
644 0 0 0 0
645 0 0 0 0
646 0 0 0 0
647 0 0 0 0
648 0 0 0 0
649 0 0 0 0
650 0 0 0 0
651 0 0 0 0
652 0 0 0 0
653 0 0 0 0
654 0 0 0 0
655 0 0 0 0
656 0 0 0 0
657 0 0 0 0
658 0 0 0 0
659 0 0 0 0
660 0 0 0 0
661 0 0 0 0
662 0 0 0 0
663 0 0 0 0
664 0 0 0 0
665 0 0 0 0
666 0 0 0 0
667 0 0 0 0
668 0 0 0 0
669 0 0 0 0
670 0 0 0 0
671 0 0 0 0
672 0 0 0 0
673 0 0 0 0
674 0 0 0 0
675 0 0 0 0
676 0 0 0 0
677 0 0 0 0
678 0 0 0 0
679 0 0 0 0
680 0 0 0 0
681 0 0 0 0
682 0 0 0 0
683 0 0 0 0
684 0 0 0 0
685 0 0 0 0
686 0 0 0 0
687 0 0 0 0
688 0 0 0 0
689 0 0 0 0
690 0 0 0 0
691 0 0 0 0
692 0 0 0 0
693 0 0 0 0
694 0 0 0 0
695 0 0 0 0
696 0 0 0 0
697 0 0 0 0
698 0 0 0 0
699 0 0 0 0
700 0 0 0 0
701 0 0 0 0
702 0 0 0 0
703 0 0 0 0
704 0 0 0 0
705 0 0 0 0
706 0 0 0 0
707 0 0 0 0
708 0 0 0 0
709 0 0 0 0
710 0 0 0 0
711 0 0 0 0
712 0 0 0 0
713 0 0 0 0
714 0 0 0 0
715 0 0 0 0
716 0 0 0 0
717 0 0 0 0
718 0 0 0 0
719 0 0 0 0
720 0 0 0 0
721 0 0 0 0
722 0 0 0 0
723 0 0 0 0
724 0 0 0 0
725 0 0 0 0
726 0 0 0 0
727 0 0 0 0
