0 0 0 0 0
1 0 0 0 0
2 0 0 0 0
3 0 0 0 0
4 0 0 0 0
5 0 2 1 0
6 0 0 0 0
7 0 0 0 0
8 0 0 0 0
9 0 2 0 1
10 0 0 0 0
11 0 0 0 0
12 0 0 0 2
13 0 0 0 0
14 0 0 0 0
15 0 0 0 0
16 1 0 0 2
17 0 0 0 0
18 0 0 0 0
19 0 0 0 0
20 2 0 0 0
21 1 1 0 0
22 0 0 0 0
23 1 0 0 0
24 0 0 0 0
25 0 0 1 0
26 2 0 0 0
27 0 0 0 0
28 2 1 0 1
29 0 0 1 0
30 2 0 1 0
31 0 1 0 0
32 0 0 0 2
33 1 0 0 0
34 2 0 0 0
35 0 0 1 1
36 0 0 0 1
37 0 1 1 1
38 0 1 0 0
39 0 2 1 1
40 0 0 0 0
41 1 0 0 0
42 1 0 1 1
43 2 0 0 3
44 1 0 0 2
45 1 0 0 0
46 1 1 0 1
47 1 0 0 0
48 0 0 1 0
49 0 0 1 0
50 0 1 0 1
51 0 0 2 0
52 2 1 1 1
53 2 0 0 1
54 0 0 0 0
55 0 0 0 1
56 1 0 0 2
57 2 0 1 1
58 1 1 1 1
59 3 1 0 0
60 0 0 0 0
61 3 0 0 0
62 1 0 0 1
63 1 1 0 0
64 2 1 0 0
65 1 2 0 2
66 0 1 2 1
67 1 1 0 1
68 0 2 0 0
69 3 1 1 1
70 1 1 1 3
71 3 0 0 1
72 1 1 1 3
73 2 0 0 1
74 0 2 0 3
75 1 0 0 0
76 2 1 0 1
77 2 1 0 1
78 2 0 1 0
79 1 0 1 1
80 1 1 2 0
81 1 1 1 2
82 0 0 1 0
83 1 0 0 1
84 0 0 1 2
85 1 0 1 2
86 3 2 1 2
87 0 0 2 2
88 3 0 1 2
89 1 1 0 0
90 0 1 0 1
91 3 0 0 0
92 2 0 0 1
93 1 3 0 3
94 1 0 0 3
95 2 3 0 1
96 3 0 0 0
97 2 0 1 2
98 2 2 0 0
99 1 0 0 1
100 0 2 2 1
101 3 1 1 1
102 4 1 0 3
103 4 1 1 0
104 2 0 2 1
105 3 0 2 3
106 1 2 1 1
107 1 2 1 5
108 3 1 1 1
109 1 0 0 2
110 4 1 1 2
111 4 2 1 2
112 3 2 1 1
113 4 3 1 1
114 4 1 2 2
115 3 3 1 2
116 5 0 1 2
117 2 1 1 3
118 4 2 1 2
119 3 2 2 4
120 3 5 0 3
121 4 1 2 5
122 1 0 3 2
123 3 0 1 3
124 4 1 2 1
125 5 3 2 4
126 3 1 1 3
127 6 1 2 5
128 2 4 2 3
129 6 3 1 3
130 6 1 3 0
131 3 1 0 3
132 4 0 1 5
133 4 2 1 2
134 3 3 2 2
135 5 5 3 6
136 2 6 2 4
137 6 2 1 5
138 5 3 1 2
139 4 1 1 5
140 7 1 1 5
141 9 1 0 5
142 6 3 3 5
143 8 1 1 4
144 4 5 2 2
145 6 5 2 4
146 9 5 2 6
147 9 5 4 2
148 5 2 2 3
149 5 2 2 5
150 4 4 4 6
151 5 3 3 8
152 8 5 5 6
153 10 3 2 5
154 4 0 4 11
155 11 5 2 5
156 7 1 4 4
157 7 2 4 6
158 10 7 4 6
159 9 2 3 9
160 7 4 6 2
161 9 4 1 3
162 12 3 3 13
163 11 6 4 5
164 11 5 5 11
165 13 5 3 6
166 11 6 3 7
167 10 6 4 10
168 13 11 2 9
169 9 2 7 7
170 12 8 5 11
171 11 6 4 8
172 14 8 2 7
173 15 5 6 8
174 12 5 2 13
175 11 5 4 12
176 9 6 4 11
177 10 10 8 9
178 11 6 7 9
179 15 11 4 8
180 18 1 6 12
181 14 4 3 12
182 18 6 9 13
183 17 7 3 10
184 13 9 8 15
185 15 10 7 12
186 19 8 5 14
187 17 12 6 8
188 21 11 4 10
189 23 8 5 19
190 22 7 6 12
191 24 9 9 20
192 18 8 5 14
193 22 11 6 15
194 20 15 5 15
195 17 16 4 15
196 21 18 11 15
197 23 13 5 12
198 23 12 7 21
199 14 12 7 16
200 19 4 9 21
201 20 15 9 16
202 21 13 12 21
203 15 15 9 29
204 13 10 6 16
205 13 14 6 19
206 20 14 6 18
207 17 7 11 23
208 14 8 9 21
209 10 14 1 23
210 8 13 6 23
211 10 11 8 20
212 15 8 4 14
213 17 6 5 15
214 7 4 4 13
215 9 11 7 20
216 9 8 5 14
217 13 10 10 16
218 8 10 7 14
219 7 2 5 14
220 5 4 5 13
221 6 6 2 10
222 8 10 6 21
223 10 4 2 12
224 8 10 2 15
225 11 5 3 13
226 6 4 3 8
227 8 2 5 9
228 4 3 3 11
229 5 3 3 14
230 6 6 3 3
231 6 4 3 9
232 5 5 4 7
233 1 3 4 8
234 6 5 4 7
235 5 2 3 6
236 2 4 2 9
237 3 1 2 6
238 6 2 1 10
239 5 4 3 5
240 5 5 4 9
241 1 1 1 2
242 3 1 1 7
243 6 4 2 6
244 4 0 2 9
245 2 2 2 1
246 5 1 1 4
247 4 4 1 6
248 3 5 3 2
249 3 1 3 6
250 1 1 0 1
251 4 3 0 5
252 1 3 1 3
253 2 2 2 4
254 2 2 0 2
255 1 1 3 6
256 3 3 1 3
257 2 2 0 2
258 0 2 1 3
259 1 2 0 6
260 1 2 1 6
261 1 1 0 2
262 0 1 0 1
263 1 0 0 1
264 2 1 0 1
265 1 1 3 3
266 1 1 2 2
267 1 0 0 3
268 1 1 0 0
269 0 1 0 1
270 0 1 0 2
271 0 0 0 1
272 0 1 0 4
273 1 0 1 2
274 1 0 0 1
275 0 0 1 1
276 1 0 0 1
277 2 1 0 0
278 1 0 0 0
279 1 0 1 0
280 1 0 0 1
281 0 0 0 1
282 0 0 2 1
283 0 0 0 1
284 0 0 0 0
285 0 2 0 0
286 0 1 0 0
287 0 1 0 0
288 0 0 0 0
289 1 0 1 4
290 0 0 0 1
291 0 0 0 0
292 0 0 0 0
293 0 0 0 0
294 0 0 0 1
295 0 0 0 0
296 0 0 0 1
297 0 0 0 0
298 0 1 0 0
299 0 0 0 0
300 0 0 0 0
301 0 0 0 0
302 0 0 0 1
303 0 0 0 0
304 0 0 0 0
305 0 0 0 0
306 0 0 0 0
307 0 0 0 0
308 0 0 0 0
309 0 0 0 0
310 0 0 0 0
311 0 0 0 0
312 0 0 0 0
313 0 0 0 0
314 0 0 0 0
315 0 0 0 0
316 0 0 0 0
317 0 0 0 0
318 0 0 0 0
319 0 0 0 0
320 0 0 0 0
321 0 0 0 0
322 0 0 0 0
323 0 0 0 0
324 0 0 0 0
325 0 0 0 0
326 0 0 0 0
327 0 0 0 0
328 0 0 0 0
329 0 0 0 0
330 0 0 0 0
331 0 0 0 0
332 0 0 0 0
333 0 0 0 0
334 0 0 0 0
335 0 0 0 0
336 0 0 0 0
337 0 0 0 0
338 0 0 0 0
339 0 0 0 0
340 0 0 0 0
341 0 0 0 0
342 0 0 0 0
343 0 0 0 0
344 0 0 0 0
345 0 0 0 0
346 0 0 0 0
347 0 0 0 0
348 0 0 0 0
349 0 0 0 0
350 0 0 0 0
351 0 0 0 0
352 0 0 0 0
353 0 0 0 0
354 0 0 0 0
355 0 0 0 0
356 0 0 0 0
357 0 0 0 0
358 0 0 0 0
359 0 0 0 0
360 0 0 0 0
361 0 0 0 0
362 0 0 0 0
363 0 0 0 0
364 0 0 0 0
365 0 0 0 0
366 0 0 0 0
367 0 0 0 0
368 0 0 0 0
369 0 0 0 0
370 0 0 0 0
371 0 0 0 0
372 0 0 0 0
373 0 0 0 0
374 0 0 0 0
375 0 0 0 0
376 0 0 0 0
377 0 0 0 0
378 0 0 0 0
379 0 0 0 0
380 0 0 0 0
381 0 0 0 0
382 0 0 0 0
383 0 0 0 0
384 0 0 0 0
385 0 0 0 0
386 0 0 0 0
387 0 0 0 0
388 0 0 0 0
389 0 0 0 0
390 0 0 0 0
391 0 0 0 0
392 0 0 0 0
393 0 0 0 0
394 0 0 0 0
395 0 0 0 0
396 0 0 0 0
397 0 0 0 0
398 0 0 0 0
399 0 0 0 0
400 0 0 0 0
401 0 0 0 0
402 0 0 0 0
403 0 0 0 0
404 0 0 0 0
405 0 0 0 0
406 0 0 0 0
407 0 0 0 0
408 0 0 0 0
409 0 0 0 0
410 0 0 0 0
411 0 0 0 0
412 0 0 0 0
413 0 0 0 0
414 0 0 0 0
415 0 0 0 0
416 0 0 0 0
417 0 0 0 0
418 0 0 0 0
419 0 0 0 0
420 0 0 0 0
421 0 0 0 0
422 0 0 0 0
423 0 0 0 0
424 0 0 0 0
425 0 0 0 0
426 0 0 0 0
427 0 0 0 0
428 0 0 0 0
429 0 0 0 0
430 0 0 0 0
431 0 0 0 0
432 0 0 0 0
433 0 0 0 0
434 0 0 0 0
435 0 0 0 0
436 0 0 0 0
437 0 0 0 0
438 0 0 0 0
439 0 0 0 0
440 0 0 0 0
441 0 0 0 0
442 0 0 0 0
443 0 0 0 0
444 0 0 0 0
445 0 0 0 0
446 0 0 0 0
447 0 0 0 0
448 0 0 0 0
449 0 0 0 0
450 0 0 0 0
451 0 0 0 0
452 0 0 0 0
453 0 0 0 0
454 0 0 0 0
455 0 0 0 0
456 0 0 0 0
457 0 0 0 0
458 0 0 0 0
459 0 0 0 0
460 0 0 0 0
461 0 0 0 0
462 0 0 0 0
463 0 0 0 0
464 0 0 0 0
465 0 0 0 0
466 0 0 0 0
467 0 0 0 0
468 0 0 0 0
469 0 0 0 0
470 0 0 0 0
471 0 0 0 0
472 0 0 0 0
473 0 0 0 0
474 0 0 0 0
475 0 0 0 0
476 0 0 0 0
477 0 0 0 0
478 0 0 0 0
479 0 0 0 0
480 0 0 0 0
481 0 0 0 0
482 0 0 0 0
483 0 0 0 0
484 0 0 0 0
485 0 0 0 0
486 0 0 0 0
487 0 0 0 0
488 0 0 0 0
489 0 0 0 0
490 0 0 0 0
491 0 0 0 0
492 0 0 0 0
493 0 0 0 0
494 0 0 0 0
495 0 0 0 0
496 0 0 0 0
497 0 0 0 0
498 0 0 0 0
499 0 0 0 0
500 0 0 0 0
501 0 0 0 0
502 0 0 0 0
503 0 0 0 0
504 0 0 0 0
505 0 0 0 0
506 0 0 0 0
507 0 0 0 0
508 0 0 0 0
509 0 0 0 0
510 0 0 0 0
511 0 0 0 0
512 0 0 0 0
513 0 0 0 0
514 0 0 0 0
515 0 0 0 0
516 0 0 0 0
517 0 0 0 0
518 0 0 0 0
519 0 0 0 0
520 0 0 0 0
521 0 0 0 0
522 0 0 0 0
523 0 0 0 0
524 0 0 0 0
525 0 0 0 0
526 0 0 0 0
527 0 0 0 0
528 0 0 0 0
529 0 0 0 0
530 0 0 0 0
531 0 0 0 0
532 0 0 0 0
533 0 0 0 0
534 0 0 0 0
535 0 0 0 0
536 0 0 0 0
537 0 0 0 0
538 0 0 0 0
539 0 0 0 0
540 0 0 0 0
541 0 0 0 0
542 0 0 0 0
543 0 0 0 0
544 0 0 0 0
545 0 0 0 0
546 0 0 0 0
547 0 0 0 0
548 0 0 0 0
549 0 0 0 0
550 0 0 0 0
551 0 0 0 0
552 0 0 0 0
553 0 0 0 0
554 0 0 0 0
555 0 0 0 0
556 0 0 0 0
557 0 0 0 0
558 0 0 0 0
559 0 0 0 0
560 0 0 0 0
561 0 0 0 0
562 0 0 0 0
563 0 0 0 0
564 0 0 0 0
565 0 0 0 0
566 0 0 0 0
567 0 0 0 0
568 0 0 0 0
569 0 0 0 0
570 0 0 0 0
571 0 0 0 0
572 0 0 0 0
573 0 0 0 0
574 0 0 0 0
575 0 0 0 0
576 0 0 0 0
577 0 0 0 0
578 0 0 0 0
579 0 0 0 0
580 0 0 0 0
581 0 0 0 0
582 0 0 0 0
583 0 0 0 0
584 0 0 0 0
585 0 0 0 0
586 0 0 0 0
587 0 0 0 0
588 0 0 0 0
589 0 0 0 0
590 0 0 0 0
591 0 0 0 0
592 0 0 0 0
593 0 0 0 0
594 0 0 0 0
595 0 0 0 0
596 0 0 0 0
597 0 0 0 0
598 0 0 0 0
599 0 0 0 0
600 0 0 0 0
601 0 0 0 0
602 0 0 0 0
603 0 0 0 0
604 0 0 0 0
605 0 0 0 0
606 0 0 0 0
607 0 0 0 0
608 0 0 0 0
609 0 0 0 0
610 0 0 0 0
611 0 0 0 0
612 0 0 0 0
613 0 0 0 0
614 0 0 0 0
615 0 0 0 0
616 0 0 0 0
617 0 0 0 0
618 0 0 0 0
619 0 0 0 0
620 0 0 0 0
621 0 0 0 0
622 0 0 0 0
623 0 0 0 0
624 0 0 0 0
625 0 0 0 0
626 0 0 0 0
627 0 0 0 0
628 0 0 0 0
629 0 0 0 0
630 0 0 0 0
631 0 0 0 0
632 0 0 0 0
633 0 0 0 0
634 0 0 0 0
635 0 0 0 0
636 0 0 0 0
637 0 0 0 0
638 0 0 0 0
639 0 0 0 0
640 0 0 0 0
641 0 0 0 0
642 0 0 0 0
643 0 0 0 0
644 0 0 0 0
645 0 0 0 0
646 0 0 0 0
647 0 0 0 0
648 0 0 0 0
649 0 0 0 0
650 0 0 0 0
651 0 0 0 0
652 0 0 0 0
653 0 0 0 0
654 0 0 0 0
655 0 0 0 0
656 0 0 0 0
657 0 0 0 0
658 0 0 0 0
659 0 0 0 0
660 0 0 0 0
661 0 0 0 0
662 0 0 0 0
663 0 0 0 0
664 0 0 0 0
665 0 0 0 0
666 0 0 0 0
667 0 0 0 0
668 0 0 0 0
669 0 0 0 0
670 0 0 0 0
671 0 0 0 0
672 0 0 0 0
673 0 0 0 0
674 0 0 0 0
675 0 0 0 0
676 0 0 0 0
677 0 0 0 0
678 0 0 0 0
679 0 0 0 0
680 0 0 0 0
681 0 0 0 0
682 0 0 0 0
683 0 0 0 0
684 0 0 0 0
685 0 0 0 0
686 0 0 0 0
687 0 0 0 0
688 0 0 0 0
689 0 0 0 0
690 0 0 0 0
691 0 0 0 0
692 0 0 0 0
693 0 0 0 0
694 0 0 0 0
695 0 0 0 0
696 0 0 0 0
697 0 0 0 0
698 0 0 0 0
699 0 0 0 0
700 0 0 0 0
701 0 0 0 0
702 0 0 0 0
703 0 0 0 0
704 0 0 0 0
705 0 0 0 0
706 0 0 0 0
707 0 0 0 0
708 0 0 0 0
709 0 0 0 0
710 0 0 0 0
711 0 0 0 0
712 0 0 0 0
713 0 0 0 0
714 0 0 0 0
715 0 0 0 0
716 0 0 0 0
717 0 0 0 0
718 0 0 0 0
719 0 0 0 0
720 0 0 0 0
721 0 0 0 0
722 0 0 0 0
723 0 0 0 0
724 0 0 0 0
725 0 0 0 0
726 0 0 0 0
727 0 0 0 0
