0 0 0 0 0
1 0 0 0 0
2 0 0 0 0
3 0 0 0 0
4 0 0 0 0
5 0 2 2 0
6 0 0 0 0
7 0 0 0 0
8 0 0 0 0
9 0 1 0 2
10 0 0 0 0
11 0 0 0 0
12 0 0 0 2
13 0 0 0 1
14 0 0 0 0
15 0 0 0 0
16 1 0 0 0
17 2 0 0 0
18 1 0 0 0
19 1 0 0 0
20 1 0 0 0
21 2 1 0 0
22 4 1 0 0
23 1 0 0 0
24 0 0 1 0
25 1 0 0 1
26 0 1 0 0
27 3 3 1 0
28 0 1 0 0
29 3 1 0 1
30 2 1 1 0
31 1 0 1 3
32 1 0 2 1
33 2 0 0 2
34 0 0 1 3
35 0 0 1 0
36 1 2 1 2
37 1 0 1 0
38 0 2 1 2
39 1 1 0 2
40 0 0 0 3
41 2 1 0 0
42 3 1 1 1
43 3 0 0 1
44 4 1 0 2
45 1 0 0 1
46 5 0 2 1
47 2 0 0 0
48 2 1 1 2
49 1 0 1 1
50 5 0 0 1
51 2 4 3 0
52 1 0 1 1
53 3 2 2 2
54 5 1 0 0
55 2 0 4 5
56 1 2 1 2
57 0 1 0 3
58 5 2 0 1
59 2 2 2 4
60 1 1 1 4
61 6 2 0 2
62 0 2 0 2
63 1 5 1 2
64 2 1 1 2
65 1 2 0 1
66 3 1 1 4
67 4 2 0 1
68 2 0 0 4
69 0 0 0 2
70 1 3 2 5
71 2 0 1 1
72 5 1 2 1
73 6 3 0 1
74 4 0 0 3
75 2 0 1 1
76 3 3 0 1
77 3 1 2 4
78 2 2 2 0
79 6 1 2 4
80 7 1 2 4
81 4 2 2 1
82 3 1 2 3
83 5 1 1 1
84 6 3 2 3
85 6 3 3 3
86 5 1 2 4
87 6 0 2 2
88 3 2 3 3
89 4 5 1 5
90 5 2 3 2
91 3 4 2 5
92 5 3 2 5
93 5 1 2 5
94 2 4 0 5
95 2 4 1 5
96 3 5 1 4
97 6 2 1 4
98 7 3 5 5
99 4 1 1 6
100 9 1 1 4
101 3 2 3 3
102 5 3 2 7
103 3 4 4 4
104 3 2 0 2
105 4 6 1 5
106 9 1 2 6
107 5 1 4 6
108 8 4 2 6
109 8 3 1 3
110 9 1 1 4
111 7 3 3 3
112 11 3 1 7
113 6 6 0 6
114 8 3 2 5
115 7 9 4 6
116 12 5 3 5
117 7 7 4 4
118 11 9 3 4
119 11 2 3 8
120 9 4 2 8
121 7 7 3 7
122 5 0 3 7
123 13 8 3 5
124 11 2 7 11
125 7 8 3 13
126 9 7 2 5
127 9 3 3 5
128 6 7 4 13
129 9 8 4 6
130 11 5 2 11
131 16 6 0 6
132 12 10 2 14
133 15 3 3 8
134 17 7 2 7
135 17 6 7 6
136 13 4 4 11
137 13 6 6 7
138 15 4 7 9
139 11 9 3 13
140 10 10 11 7
141 13 6 6 14
142 12 7 5 14
143 14 11 3 11
144 9 10 6 12
145 12 5 4 12
146 13 10 6 10
147 8 11 4 17
148 15 7 2 10
149 13 6 3 14
150 14 9 3 16
151 18 4 8 17
152 17 4 6 8
153 15 12 7 12
154 19 7 5 16
155 17 8 7 11
156 12 9 4 8
157 23 9 4 13
158 16 6 5 12
159 23 12 3 12
160 19 7 8 17
161 25 12 3 10
162 26 16 7 14
163 17 9 7 16
164 33 14 9 16
165 18 12 6 15
166 29 14 8 18
167 25 14 8 16
168 19 8 10 14
169 27 16 11 18
170 29 16 5 19
171 23 19 5 23
172 21 11 9 22
173 26 15 10 24
174 29 12 12 26
175 27 13 15 18
176 28 17 13 24
177 32 8 15 24
178 31 19 11 25
179 27 19 14 28
180 28 15 7 30
181 25 13 6 29
182 28 15 13 23
183 46 20 12 27
184 31 13 13 20
185 31 16 14 24
186 24 16 12 28
187 33 14 13 24
188 34 25 13 27
189 31 19 10 36
190 37 18 11 35
191 33 15 9 23
192 37 30 15 32
193 47 25 10 23
194 31 20 12 25
195 36 20 8 34
196 32 21 10 41
197 29 23 10 36
198 23 21 21 24
199 32 21 13 37
200 31 22 14 35
201 31 20 15 30
202 20 22 12 32
203 30 19 9 31
204 23 18 12 43
205 32 12 18 40
206 32 21 14 38
207 22 10 10 22
208 27 13 12 25
209 20 20 8 30
210 19 21 12 32
211 15 19 12 31
212 16 17 13 27
213 22 13 13 32
214 20 15 9 30
215 17 12 8 25
216 14 12 5 34
217 13 13 7 23
218 11 16 5 28
219 18 9 10 26
220 20 12 4 21
221 16 13 4 27
222 14 14 5 13
223 15 11 2 22
224 8 11 6 14
225 9 12 7 21
226 14 8 9 16
227 12 9 5 16
228 9 11 6 17
229 11 5 4 22
230 11 5 5 16
231 6 8 3 15
232 5 6 1 13
233 11 6 6 13
234 6 8 1 15
235 4 7 9 19
236 7 8 5 7
237 6 2 2 10
238 4 6 6 6
239 4 7 1 11
240 10 2 3 13
241 2 4 6 10
242 9 5 3 14
243 4 5 2 5
244 4 1 2 7
245 4 7 0 12
246 5 2 1 8
247 4 7 2 6
248 5 4 0 7
249 6 3 3 8
250 6 1 1 5
251 5 2 2 4
252 2 1 5 4
253 4 4 1 3
254 5 2 1 6
255 1 4 1 3
256 5 1 2 9
257 5 2 1 3
258 1 4 1 5
259 5 4 2 3
260 5 2 1 4
261 4 3 1 4
262 1 1 4 7
263 3 2 1 5
264 0 3 1 2
265 0 2 2 4
266 2 4 1 6
267 0 1 1 2
268 1 2 2 5
269 3 0 3 3
270 0 1 1 5
271 1 0 0 2
272 2 1 0 6
273 1 0 0 3
274 4 0 0 1
275 2 1 1 1
276 4 1 0 2
277 2 1 1 1
278 3 3 0 0
279 2 2 1 2
280 3 1 0 0
281 1 4 0 1
282 1 0 1 3
283 1 1 2 2
284 0 1 0 2
285 0 2 1 3
286 2 1 2 2
287 0 1 0 3
288 2 1 1 2
289 2 1 0 2
290 0 1 0 1
291 0 1 1 2
292 0 0 1 2
293 0 1 0 3
294 1 1 1 0
295 0 0 0 2
296 0 0 0 2
297 0 1 0 1
298 1 0 0 2
299 0 0 0 0
300 1 0 0 1
301 0 0 0 1
302 1 0 0 0
303 1 2 0 0
304 0 0 0 1
305 1 1 0 0
306 1 0 0 0
307 1 1 0 1
308 1 0 0 0
309 0 0 0 0
310 0 0 0 1
311 0 1 1 0
312 0 1 1 1
313 0 1 0 0
314 0 0 0 1
315 0 0 0 1
316 0 0 0 2
317 0 0 0 1
318 0 0 0 1
319 0 0 0 0
320 0 0 0 0
321 0 0 0 0
322 0 0 0 0
323 1 0 0 0
324 0 0 0 0
325 0 0 0 0
326 0 0 0 0
327 0 0 0 0
328 0 0 0 0
329 0 0 0 0
330 0 0 0 0
331 0 0 0 0
332 0 0 1 0
333 0 0 0 0
334 0 0 0 0
335 0 0 0 0
336 0 0 0 1
337 0 0 0 0
338 0 0 0 0
339 0 0 0 0
340 0 0 0 0
341 0 0 0 0
342 0 0 0 0
343 0 0 0 0
344 0 0 0 0
345 0 0 0 0
346 0 0 0 0
347 0 0 0 0
348 0 0 0 0
349 0 0 0 0
350 0 0 0 0
351 0 0 0 0
352 0 0 0 0
353 0 0 0 0
354 0 0 0 0
355 0 0 0 0
356 0 0 0 0
357 0 0 0 0
358 0 0 0 0
359 0 0 0 0
360 0 0 0 0
361 0 0 0 0
362 0 0 0 0
363 0 0 0 0
364 0 0 0 0
365 0 0 0 0
366 0 0 0 0
367 0 0 0 0
368 0 0 0 0
369 0 0 0 0
370 0 0 0 0
371 0 0 0 0
372 0 0 0 0
373 0 0 0 0
374 0 0 0 0
375 0 0 0 0
376 0 0 0 0
377 0 0 0 0
378 0 0 0 0
379 0 0 0 0
380 0 0 0 0
381 0 0 0 0
382 0 0 0 0
383 0 0 0 0
384 0 0 0 0
385 0 0 0 0
386 0 0 0 0
387 0 0 0 0
388 0 0 0 0
389 0 0 0 0
390 0 0 0 0
391 0 0 0 0
392 0 0 0 0
393 0 0 0 0
394 0 0 0 0
395 0 0 0 0
396 0 0 0 0
397 0 0 0 0
398 0 0 0 0
399 0 0 0 0
400 0 0 0 0
401 0 0 0 0
402 0 0 0 0
403 0 0 0 0
404 0 0 0 0
405 0 0 0 0
406 0 0 0 0
407 0 0 0 0
408 0 0 0 0
409 0 0 0 0
410 0 0 0 0
411 0 0 0 0
412 0 0 0 0
413 0 0 0 0
414 0 0 0 0
415 0 0 0 0
416 0 0 0 0
417 0 0 0 0
418 0 0 0 0
419 0 0 0 0
420 0 0 0 0
421 0 0 0 0
422 0 0 0 0
423 0 0 0 0
424 0 0 0 0
425 0 0 0 0
426 0 0 0 0
427 0 0 0 0
428 0 0 0 0
429 0 0 0 0
430 0 0 0 0
431 0 0 0 0
432 0 0 0 0
433 0 0 0 0
434 0 0 0 0
435 0 0 0 0
436 0 0 0 0
437 0 0 0 0
438 0 0 0 0
439 0 0 0 0
440 0 0 0 0
441 0 0 0 0
442 0 0 0 0
443 0 0 0 0
444 0 0 0 0
445 0 0 0 0
446 0 0 0 0
447 0 0 0 0
448 0 0 0 0
449 0 0 0 0
450 0 0 0 0
451 0 0 0 0
452 0 0 0 0
453 0 0 0 0
454 0 0 0 0
455 0 0 0 0
456 0 0 0 0
457 0 0 0 0
458 0 0 0 0
459 0 0 0 0
460 0 0 0 0
461 0 0 0 0
462 0 0 0 0
463 0 0 0 0
464 0 0 0 0
465 0 0 0 0
466 0 0 0 0
467 0 0 0 0
468 0 0 0 0
469 0 0 0 0
470 0 0 0 0
471 0 0 0 0
472 0 0 0 0
473 0 0 0 0
474 0 0 0 0
475 0 0 0 0
476 0 0 0 0
477 0 0 0 0
478 0 0 0 0
479 0 0 0 0
480 0 0 0 0
481 0 0 0 0
482 0 0 0 0
483 0 0 0 0
484 0 0 0 0
485 0 0 0 0
486 0 0 0 0
487 0 0 0 0
488 0 0 0 0
489 0 0 0 0
490 0 0 0 0
491 0 0 0 0
492 0 0 0 0
493 0 0 0 0
494 0 0 0 0
495 0 0 0 0
496 0 0 0 0
497 0 0 0 0
498 0 0 0 0
499 0 0 0 0
500 0 0 0 0
501 0 0 0 0
502 0 0 0 0
503 0 0 0 0
504 0 0 0 0
505 0 0 0 0
506 0 0 0 0
507 0 0 0 0
508 0 0 0 0
509 0 0 0 0
510 0 0 0 0
511 0 0 0 0
512 0 0 0 0
513 0 0 0 0
514 0 0 0 0
515 0 0 0 0
516 0 0 0 0
517 0 0 0 0
518 0 0 0 0
519 0 0 0 0
520 0 0 0 0
521 0 0 0 0
522 0 0 0 0
523 0 0 0 0
524 0 0 0 0
525 0 0 0 0
526 0 0 0 0
527 0 0 0 0
528 0 0 0 0
529 0 0 0 0
530 0 0 0 0
531 0 0 0 0
532 0 0 0 0
533 0 0 0 0
534 0 0 0 0
535 0 0 0 0
536 0 0 0 0
537 0 0 0 0
538 0 0 0 0
539 0 0 0 0
540 0 0 0 0
541 0 0 0 0
542 0 0 0 0
543 0 0 0 0
544 0 0 0 0
545 0 0 0 0
546 0 0 0 0
547 0 0 0 0
548 0 0 0 0
549 0 0 0 0
550 0 0 0 0
551 0 0 0 0
552 0 0 0 0
553 0 0 0 0
554 0 0 0 0
555 0 0 0 0
556 0 0 0 0
557 0 0 0 0
558 0 0 0 0
559 0 0 0 0
560 0 0 0 0
561 0 0 0 0
562 0 0 0 0
563 0 0 0 0
564 0 0 0 0
565 0 0 0 0
566 0 0 0 0
567 0 0 0 0
568 0 0 0 0
569 0 0 0 0
570 0 0 0 0
571 0 0 0 0
572 0 0 0 0
573 0 0 0 0
574 0 0 0 0
575 0 0 0 0
576 0 0 0 0
577 0 0 0 0
578 0 0 0 0
579 0 0 0 0
580 0 0 0 0
581 0 0 0 0
582 0 0 0 0
583 0 0 0 0
584 0 0 0 0
585 0 0 0 0
586 0 0 0 0
587 0 0 0 0
588 0 0 0 0
589 0 0 0 0
590 0 0 0 0
591 0 0 0 0
592 0 0 0 0
593 0 0 0 0
594 0 0 0 0
595 0 0 0 0
596 0 0 0 0
597 0 0 0 0
598 0 0 0 0
599 0 0 0 0
600 0 0 0 0
601 0 0 0 0
602 0 0 0 0
603 0 0 0 0
604 0 0 0 0
605 0 0 0 0
606 0 0 0 0
607 0 0 0 0
608 0 0 0 0
609 0 0 0 0
610 0 0 0 0
611 0 0 0 0
612 0 0 0 0
613 0 0 0 0
614 0 0 0 0
615 0 0 0 0
616 0 0 0 0
617 0 0 0 0
618 0 0 0 0
619 0 0 0 0
620 0 0 0 0
621 0 0 0 0
622 0 0 0 0
623 0 0 0 0
624 0 0 0 0
625 0 0 0 0
626 0 0 0 0
627 0 0 0 0
628 0 0 0 0
629 0 0 0 0
630 0 0 0 0
631 0 0 0 0
632 0 0 0 0
633 0 0 0 0
634 0 0 0 0
635 0 0 0 0
636 0 0 0 0
637 0 0 0 0
638 0 0 0 0
639 0 0 0 0
640 0 0 0 0
641 0 0 0 0
642 0 0 0 0
643 0 0 0 0
644 0 0 0 0
645 0 0 0 0
646 0 0 0 0
647 0 0 0 0
648 0 0 0 0
649 0 0 0 0
650 0 0 0 0
651 0 0 0 0
652 0 0 0 0
653 0 0 0 0
654 0 0 0 0
655 0 0 0 0
656 0 0 0 0
657 0 0 0 0
658 0 0 0 0
659 0 0 0 0
660 0 0 0 0
661 0 0 0 0
662 0 0 0 0
663 0 0 0 0
664 0 0 0 0
665 0 0 0 0
666 0 0 0 0
667 0 0 0 0
668 0 0 0 0
669 0 0 0 0
670 0 0 0 0
671 0 0 0 0
672 0 0 0 0
673 0 0 0 0
674 0 0 0 0
675 0 0 0 0
676 0 0 0 0
677 0 0 0 0
678 0 0 0 0
679 0 0 0 0
680 0 0 0 0
681 0 0 0 0
682 0 0 0 0
683 0 0 0 0
684 0 0 0 0
685 0 0 0 0
686 0 0 0 0
687 0 0 0 0
688 0 0 0 0
689 0 0 0 0
690 0 0 0 0
691 0 0 0 0
692 0 0 0 0
693 0 0 0 0
694 0 0 0 0
695 0 0 0 0
696 0 0 0 0
697 0 0 0 0
698 0 0 0 0
699 0 0 0 0
700 0 0 0 0
701 0 0 0 0
702 0 0 0 0
703 0 0 0 0
704 0 0 0 0
705 0 0 0 0
706 0 0 0 0
707 0 0 0 0
708 0 0 0 0
709 0 0 0 0
710 0 0 0 0
711 0 0 0 0
712 0 0 0 0
713 0 0 0 0
714 0 0 0 0
715 0 0 0 0
716 0 0 0 0
717 0 0 0 0
718 0 0 0 0
719 0 0 0 0
720 0 0 0 0
721 0 0 0 0
722 0 0 0 0
723 0 0 0 0
724 0 0 0 0
725 0 0 0 0
726 0 0 0 0
727 0 0 0 0
