0 0 0 0 0
1 0 0 0 0
2 0 0 0 0
3 0 0 0 0
4 0 0 0 0
5 0 0 3 0
6 0 0 0 0
7 0 0 0 0
8 0 0 0 0
9 0 1 1 2
10 0 0 0 0
11 0 0 0 0
12 0 0 0 1
13 0 0 0 2
14 0 0 0 0
15 0 0 0 0
16 0 0 0 0
17 0 0 0 0
18 3 0 0 0
19 1 0 0 0
20 0 0 0 0
21 1 0 0 0
22 1 0 0 0
23 1 1 0 0
24 0 0 1 0
25 2 0 0 0
26 2 0 0 0
27 1 0 2 0
28 0 1 0 0
29 0 0 0 0
30 0 1 1 1
31 0 1 1 1
32 0 0 1 0
33 0 0 0 0
34 0 1 0 5
35 0 1 0 0
36 0 0 0 0
37 2 0 0 0
38 1 0 0 3
39 0 0 0 2
40 0 0 0 0
41 2 0 0 0
42 0 1 0 0
43 0 0 1 0
44 1 0 0 0
45 4 0 0 0
46 2 3 0 0
47 1 0 0 0
48 2 0 0 0
49 4 0 0 1
50 1 1 3 2
51 4 1 0 0
52 1 0 1 1
53 2 0 1 1
54 3 1 1 1
55 1 1 1 0
56 0 2 1 1
57 1 1 1 4
58 1 1 1 3
59 1 1 1 1
60 1 2 0 1
61 1 0 1 1
62 1 3 0 2
63 0 2 0 3
64 1 0 1 2
65 2 0 0 1
66 1 1 0 4
67 3 0 0 2
68 2 0 0 1
69 0 2 0 0
70 2 0 0 2
71 4 2 0 1
72 5 1 1 0
73 2 0 1 1
74 3 0 2 0
75 2 2 0 0
76 3 2 2 2
77 6 2 1 0
78 7 1 0 3
79 3 0 1 1
80 2 1 2 4
81 4 3 1 3
82 2 1 3 2
83 4 3 2 2
84 1 1 2 2
85 1 2 1 2
86 1 0 5 4
87 4 3 1 5
88 4 1 3 2
89 5 1 0 3
90 3 2 0 4
91 4 0 2 4
92 7 6 0 3
93 5 1 1 4
94 5 3 1 4
95 3 1 0 3
96 4 1 4 3
97 6 4 2 2
98 8 4 0 2
99 6 2 2 3
100 7 2 0 5
101 6 3 2 8
102 3 4 2 4
103 3 4 2 5
104 5 5 2 2
105 1 3 2 5
106 3 4 3 5
107 4 2 3 1
108 4 2 1 4
109 10 4 1 3
110 3 1 1 10
111 8 2 2 6
112 5 4 0 6
113 5 3 1 4
114 6 2 2 4
115 9 3 1 5
116 10 5 4 7
117 6 1 3 3
118 8 8 3 3
119 8 1 2 1
120 2 3 4 8
121 5 8 4 3
122 9 1 2 7
123 7 5 3 5
124 8 4 2 3
125 6 3 2 13
126 6 2 3 4
127 5 2 5 12
128 8 8 2 9
129 8 3 1 4
130 10 3 2 5
131 5 2 1 6
132 8 5 1 7
133 9 8 1 4
134 13 5 2 6
135 7 8 2 6
136 9 3 3 6
137 8 3 2 8
138 7 5 5 4
139 6 10 5 7
140 7 3 2 7
141 9 6 3 6
142 6 6 3 14
143 9 5 3 11
144 5 3 3 5
145 12 6 5 4
146 10 7 2 14
147 5 3 1 6
148 15 1 4 9
149 11 4 0 7
150 10 8 5 10
151 6 6 5 5
152 12 5 2 10
153 15 10 4 5
154 17 7 2 8
155 16 8 1 11
156 18 4 4 8
157 15 10 2 14
158 18 7 8 9
159 18 9 3 3
160 13 10 3 12
161 23 11 6 7
162 14 11 4 13
163 14 11 5 6
164 12 9 4 13
165 12 13 3 19
166 16 12 9 18
167 10 10 6 18
168 10 13 7 15
169 16 8 4 14
170 11 7 10 17
171 11 9 5 15
172 9 5 7 23
173 23 6 6 14
174 18 8 2 14
175 25 4 8 14
176 16 5 3 12
177 15 4 4 18
178 16 11 9 10
179 29 9 10 11
180 20 9 8 9
181 34 8 6 9
182 27 10 8 17
183 21 6 3 20
184 21 15 15 12
185 25 11 10 13
186 20 13 15 18
187 20 12 15 14
188 21 12 12 18
189 27 11 7 15
190 20 18 9 21
191 27 17 9 32
192 21 11 9 32
193 14 17 10 20
194 24 18 7 27
195 32 7 9 17
196 17 11 13 20
197 25 10 8 28
198 14 8 10 27
199 19 10 8 18
200 25 21 12 22
201 22 14 1 27
202 18 19 6 19
203 17 14 10 21
204 15 14 7 22
205 16 11 4 17
206 14 17 10 22
207 10 9 8 29
208 16 8 9 19
209 11 16 12 15
210 13 7 8 18
211 21 14 1 22
212 10 7 7 23
213 18 6 7 32
214 10 7 4 13
215 16 9 6 13
216 16 13 7 21
217 17 9 4 13
218 15 10 8 13
219 17 6 4 10
220 15 13 3 17
221 9 6 6 14
222 12 10 8 20
223 14 8 7 19
224 16 10 6 15
225 7 9 5 13
226 10 6 2 11
227 9 8 4 20
228 9 11 4 13
229 6 9 9 15
230 9 10 1 8
231 7 7 1 13
232 8 6 3 17
233 7 5 5 14
234 7 3 4 12
235 7 10 3 8
236 4 6 2 13
237 6 5 4 10
238 7 6 2 9
239 4 3 4 8
240 3 8 3 11
241 2 5 1 7
242 7 6 1 12
243 4 4 3 6
244 5 3 0 11
245 5 4 1 7
246 3 1 1 8
247 3 7 1 7
248 7 2 3 3
249 9 3 1 8
250 5 3 2 6
251 2 3 1 6
252 3 1 0 7
253 1 2 3 4
254 8 5 4 6
255 2 3 0 1
256 3 1 0 1
257 4 3 3 6
258 3 3 1 6
259 3 2 5 3
260 1 3 0 2
261 4 1 0 9
262 2 1 0 2
263 2 4 2 7
264 1 2 0 5
265 3 2 0 1
266 5 4 0 1
267 1 2 0 4
268 6 1 2 2
269 4 0 1 2
270 1 3 2 8
271 3 3 2 3
272 3 0 0 2
273 1 2 1 1
274 1 2 1 1
275 0 1 1 5
276 0 2 1 0
277 1 4 2 5
278 0 2 0 4
279 2 1 1 2
280 2 0 1 2
281 2 0 1 7
282 0 0 1 3
283 0 0 0 3
284 2 0 1 0
285 0 1 0 0
286 0 2 0 2
287 1 0 0 1
288 2 1 0 1
289 0 0 1 0
290 1 0 1 2
291 0 0 0 1
292 0 0 0 1
293 1 2 2 1
294 1 0 0 0
295 1 1 0 1
296 2 1 0 0
297 2 0 0 3
298 2 0 1 0
299 2 0 0 0
300 3 1 0 3
301 0 2 0 0
302 1 0 1 1
303 1 1 0 0
304 1 1 0 0
305 0 1 1 1
306 0 0 0 0
307 1 2 1 2
308 3 1 1 3
309 1 2 0 2
310 0 0 0 0
311 0 0 0 1
312 0 0 0 2
313 0 0 3 0
314 0 0 1 2
315 0 0 0 1
316 0 1 0 2
317 0 0 1 2
318 1 0 0 1
319 0 0 0 1
320 1 0 0 1
321 0 0 0 0
322 2 0 0 0
323 1 1 0 0
324 1 0 0 1
325 1 0 1 0
326 0 0 0 0
327 1 1 1 0
328 2 0 0 0
329 0 0 1 0
330 1 0 1 1
331 0 0 0 0
332 1 2 0 1
333 1 2 0 1
334 1 0 0 2
335 2 0 0 0
336 2 0 0 0
337 0 0 1 4
338 1 0 0 0
339 0 1 0 1
340 1 2 0 0
341 0 0 1 0
342 0 1 0 0
343 0 0 1 0
344 0 0 0 3
345 0 1 1 0
346 1 0 0 1
347 0 1 0 1
348 0 0 0 1
349 0 0 0 3
350 0 0 0 0
351 0 0 0 0
352 0 0 0 0
353 0 0 0 0
354 1 0 0 1
355 0 1 0 0
356 0 0 0 0
357 0 0 0 0
358 0 0 0 0
359 1 1 0 1
360 1 0 0 0
361 0 0 0 0
362 0 0 0 0
363 0 0 0 1
364 0 0 0 0
365 0 0 1 0
366 0 0 0 0
367 0 0 0 0
368 0 1 0 0
369 0 0 0 0
370 0 0 0 0
371 0 0 0 0
372 0 0 0 2
373 0 0 0 0
374 0 0 0 0
375 0 0 0 0
376 0 0 0 0
377 0 0 0 0
378 0 0 0 0
379 0 0 0 0
380 0 0 0 0
381 0 0 0 0
382 0 0 0 0
383 0 0 0 0
384 0 0 0 0
385 0 0 0 0
386 0 0 0 0
387 0 0 0 0
388 0 0 0 0
389 0 0 0 0
390 0 0 0 0
391 0 0 0 0
392 0 0 0 0
393 0 0 0 0
394 0 0 0 0
395 0 0 0 0
396 0 0 0 0
397 0 0 0 0
398 0 0 0 0
399 0 0 0 0
400 0 0 0 0
401 0 0 0 0
402 0 0 0 0
403 0 0 0 0
404 0 0 0 0
405 0 0 0 0
406 0 0 0 0
407 0 0 0 0
408 0 0 0 0
409 0 0 0 0
410 0 0 0 0
411 0 0 0 0
412 0 0 0 0
413 0 0 0 0
414 0 0 0 0
415 0 0 0 0
416 0 0 0 0
417 0 0 0 0
418 0 0 0 0
419 0 0 0 0
420 0 0 0 0
421 0 0 0 0
422 0 0 0 0
423 0 0 0 0
424 0 0 0 0
425 0 0 0 0
426 0 0 0 0
427 0 0 0 0
428 0 0 0 0
429 0 0 0 0
430 0 0 0 0
431 0 0 0 0
432 0 0 0 0
433 0 0 0 0
434 0 0 0 0
435 0 0 0 0
436 0 0 0 0
437 0 0 0 0
438 0 0 0 0
439 0 0 0 0
440 0 0 0 0
441 0 0 0 0
442 0 0 0 0
443 0 0 0 0
444 0 0 0 0
445 0 0 0 0
446 0 0 0 0
447 0 0 0 0
448 0 0 0 0
449 0 0 0 0
450 0 0 0 0
451 0 0 0 0
452 0 0 0 0
453 0 0 0 0
454 0 0 0 0
455 0 0 0 0
456 0 0 0 0
457 0 0 0 0
458 0 0 0 0
459 0 0 0 0
460 0 0 0 0
461 0 0 0 0
462 0 0 0 0
463 0 0 0 0
464 0 0 0 0
465 0 0 0 0
466 0 0 0 0
467 0 0 0 0
468 0 0 0 0
469 0 0 0 0
470 0 0 0 0
471 0 0 0 0
472 0 0 0 0
473 0 0 0 0
474 0 0 0 0
475 0 0 0 0
476 0 0 0 0
477 0 0 0 0
478 0 0 0 0
479 0 0 0 0
480 0 0 0 0
481 0 0 0 0
482 0 0 0 0
483 0 0 0 0
484 0 0 0 0
485 0 0 0 0
486 0 0 0 0
487 0 0 0 0
488 0 0 0 0
489 0 0 0 0
490 0 0 0 0
491 0 0 0 0
492 0 0 0 0
493 0 0 0 0
494 0 0 0 0
495 0 0 0 0
496 0 0 0 0
497 0 0 0 0
498 0 0 0 0
499 0 0 0 0
500 0 0 0 0
501 0 0 0 0
502 0 0 0 0
503 0 0 0 0
504 0 0 0 0
505 0 0 0 0
506 0 0 0 0
507 0 0 0 0
508 0 0 0 0
509 0 0 0 0
510 0 0 0 0
511 0 0 0 0
512 0 0 0 0
513 0 0 0 0
514 0 0 0 0
515 0 0 0 0
516 0 0 0 0
517 0 0 0 0
518 0 0 0 0
519 0 0 0 0
520 0 0 0 0
521 0 0 0 0
522 0 0 0 0
523 0 0 0 0
524 0 0 0 0
525 0 0 0 0
526 0 0 0 0
527 0 0 0 0
528 0 0 0 0
529 0 0 0 0
530 0 0 0 0
531 0 0 0 0
532 0 0 0 0
533 0 0 0 0
534 0 0 0 0
535 0 0 0 0
536 0 0 0 0
537 0 0 0 0
538 0 0 0 0
539 0 0 0 0
540 0 0 0 0
541 0 0 0 0
542 0 0 0 0
543 0 0 0 0
544 0 0 0 0
545 0 0 0 0
546 0 0 0 0
547 0 0 0 0
548 0 0 0 0
549 0 0 0 0
550 0 0 0 0
551 0 0 0 0
552 0 0 0 0
553 0 0 0 0
554 0 0 0 0
555 0 0 0 0
556 0 0 0 0
557 0 0 0 0
558 0 0 0 0
559 0 0 0 0
560 0 0 0 0
561 0 0 0 0
562 0 0 0 0
563 0 0 0 0
564 0 0 0 0
565 0 0 0 0
566 0 0 0 0
567 0 0 0 0
568 0 0 0 0
569 0 0 0 0
570 0 0 0 0
571 0 0 0 0
572 0 0 0 0
573 0 0 0 0
574 0 0 0 0
575 0 0 0 0
576 0 0 0 0
577 0 0 0 0
578 0 0 0 0
579 0 0 0 0
580 0 0 0 0
581 0 0 0 0
582 0 0 0 0
583 0 0 0 0
584 0 0 0 0
585 0 0 0 0
586 0 0 0 0
587 0 0 0 0
588 0 0 0 0
589 0 0 0 0
590 0 0 0 0
591 0 0 0 0
592 0 0 0 0
593 0 0 0 0
594 0 0 0 0
595 0 0 0 0
596 0 0 0 0
597 0 0 0 0
598 0 0 0 0
599 0 0 0 0
600 0 0 0 0
601 0 0 0 0
602 0 0 0 0
603 0 0 0 0
604 0 0 0 0
605 0 0 0 0
606 0 0 0 0
607 0 0 0 0
608 0 0 0 0
609 0 0 0 0
610 0 0 0 0
611 0 0 0 0
612 0 0 0 0
613 0 0 0 0
614 0 0 0 0
615 0 0 0 0
616 0 0 0 0
617 0 0 0 0
618 0 0 0 0
619 0 0 0 0
620 0 0 0 0
621 0 0 0 0
622 0 0 0 0
623 0 0 0 0
624 0 0 0 0
625 0 0 0 0
626 0 0 0 0
627 0 0 0 0
628 0 0 0 0
629 0 0 0 0
630 0 0 0 0
631 0 0 0 0
632 0 0 0 0
633 0 0 0 0
634 0 0 0 0
635 0 0 0 0
636 0 0 0 0
637 0 0 0 0
638 0 0 0 0
639 0 0 0 0
640 0 0 0 0
641 0 0 0 0
642 0 0 0 0
643 0 0 0 0
644 0 0 0 0
645 0 0 0 0
646 0 0 0 0
647 0 0 0 0
648 0 0 0 0
649 0 0 0 0
650 0 0 0 0
651 0 0 0 0
652 0 0 0 0
653 0 0 0 0
654 0 0 0 0
655 0 0 0 0
656 0 0 0 0
657 0 0 0 0
658 0 0 0 0
659 0 0 0 0
660 0 0 0 0
661 0 0 0 0
662 0 0 0 0
663 0 0 0 0
664 0 0 0 0
665 0 0 0 0
666 0 0 0 0
667 0 0 0 0
668 0 0 0 0
669 0 0 0 0
670 0 0 0 0
671 0 0 0 0
672 0 0 0 0
673 0 0 0 0
674 0 0 0 0
675 0 0 0 0
676 0 0 0 0
677 0 0 0 0
678 0 0 0 0
679 0 0 0 0
680 0 0 0 0
681 0 0 0 0
682 0 0 0 0
683 0 0 0 0
684 0 0 0 0
685 0 0 0 0
686 0 0 0 0
687 0 0 0 0
688 0 0 0 0
689 0 0 0 0
690 0 0 0 0
691 0 0 0 0
692 0 0 0 0
693 0 0 0 0
694 0 0 0 0
695 0 0 0 0
696 0 0 0 0
697 0 0 0 0
698 0 0 0 0
699 0 0 0 0
700 0 0 0 0
701 0 0 0 0
702 0 0 0 0
703 0 0 0 0
704 0 0 0 0
705 0 0 0 0
706 0 0 0 0
707 0 0 0 0
708 0 0 0 0
709 0 0 0 0
710 0 0 0 0
711 0 0 0 0
712 0 0 0 0
713 0 0 0 0
714 0 0 0 0
715 0 0 0 0
716 0 0 0 0
717 0 0 0 0
718 0 0 0 0
719 0 0 0 0
720 0 0 0 0
721 0 0 0 0
722 0 0 0 0
723 0 0 0 0
724 0 0 0 0
725 0 0 0 0
726 0 0 0 0
727 0 0 0 0
