0 0 0 0 0
1 0 0 0 0
2 0 0 0 0
3 0 0 0 0
4 0 0 0 0
5 0 1 0 0
6 0 0 0 0
7 0 0 0 0
8 0 0 0 0
9 0 3 1 1
10 0 0 0 0
11 0 0 0 0
12 0 0 0 0
13 0 0 0 1
14 0 0 0 0
15 0 0 0 0
16 0 0 0 3
17 0 0 0 0
18 0 0 0 0
19 0 0 0 0
20 1 0 0 0
21 1 0 0 0
22 1 0 0 0
23 1 0 0 0
24 1 0 0 0
25 1 0 0 0
26 0 0 0 0
27 1 0 0 0
28 0 1 0 0
29 3 1 0 0
30 0 1 1 0
31 0 1 0 0
32 0 0 1 1
33 1 1 0 1
34 0 0 3 0
35 1 0 0 0
36 0 0 0 1
37 0 0 0 3
38 0 0 0 2
39 0 0 0 0
40 0 1 0 0
41 1 0 0 2
42 2 1 0 0
43 1 0 0 0
44 1 0 0 0
45 0 0 0 0
46 1 0 0 1
47 1 0 0 1
48 0 1 0 0
49 2 0 0 0
50 1 1 0 0
51 0 0 1 0
52 3 2 0 1
53 0 1 0 0
54 1 0 1 1
55 1 1 1 1
56 3 0 0 2
57 0 1 2 1
58 0 0 1 1
59 0 1 0 2
60 1 1 0 0
61 0 0 1 2
62 1 1 0 0
63 3 0 0 1
64 0 0 0 2
65 1 0 1 1
66 0 0 0 1
67 2 1 0 0
68 2 0 2 0
69 0 0 1 1
70 2 0 0 0
71 3 0 0 1
72 3 0 1 3
73 3 2 0 0
74 2 0 1 0
75 3 0 2 0
76 2 3 1 2
77 0 0 1 2
78 1 2 1 1
79 0 1 1 1
80 2 2 2 0
81 0 3 1 0
82 2 0 0 3
83 4 1 0 6
84 1 0 0 3
85 4 0 2 3
86 3 0 0 0
87 1 0 1 3
88 2 2 2 2
89 1 0 0 0
90 3 1 1 0
91 1 1 1 2
92 3 0 1 4
93 4 1 1 0
94 1 0 2 2
95 3 4 1 2
96 3 1 1 1
97 4 1 0 1
98 5 1 1 1
99 2 1 0 4
100 2 1 1 2
101 4 2 2 3
102 1 5 1 4
103 2 2 1 1
104 2 1 0 1
105 4 1 0 4
106 4 1 1 5
107 5 1 1 3
108 3 2 0 1
109 3 1 2 1
110 4 1 4 2
111 5 2 1 0
112 4 2 2 2
113 3 3 2 3
114 2 1 2 5
115 1 2 0 2
116 3 3 2 3
117 2 1 2 3
118 4 3 1 3
119 8 2 2 5
120 4 2 1 6
121 5 1 0 4
122 2 1 2 3
123 3 5 1 4
124 4 3 0 4
125 6 2 4 1
126 5 3 3 2
127 4 2 0 4
128 3 3 3 4
129 5 0 1 2
130 3 2 0 7
131 4 1 0 0
132 5 3 0 8
133 10 5 0 4
134 5 4 2 4
135 8 2 3 4
136 9 2 3 1
137 8 2 2 1
138 5 6 3 3
139 5 3 1 5
140 11 3 4 6
141 6 2 4 5
142 10 2 4 6
143 8 4 3 6
144 12 4 2 5
145 5 6 4 10
146 6 7 1 3
147 8 6 4 6
148 7 3 2 5
149 9 6 4 10
150 10 3 3 10
151 6 4 5 11
152 9 4 4 5
153 6 6 4 10
154 12 4 3 7
155 12 4 2 5
156 7 5 1 9
157 7 8 3 7
158 5 5 2 10
159 8 6 4 5
160 8 7 7 6
161 8 2 1 9
162 11 7 4 8
163 6 7 2 11
164 11 5 7 12
165 6 6 3 3
166 14 3 3 13
167 11 4 3 10
168 8 3 2 8
169 10 6 2 7
170 9 2 2 10
171 11 14 2 11
172 10 1 5 7
173 14 7 4 4
174 9 3 4 3
175 13 5 3 16
176 7 7 7 9
177 12 6 4 5
178 10 8 6 10
179 12 9 1 5
180 17 6 2 17
181 17 6 5 6
182 12 6 3 15
183 12 7 4 12
184 16 6 7 9
185 11 9 3 9
186 15 8 4 10
187 7 7 4 14
188 18 6 8 11
189 11 13 9 8
190 8 7 11 7
191 14 4 7 12
192 16 4 3 15
193 14 12 1 22
194 13 9 6 15
195 20 4 7 11
196 18 12 4 9
197 16 8 7 17
198 25 5 6 18
199 19 5 5 7
200 17 9 7 12
201 17 11 8 14
202 13 7 8 13
203 16 10 11 13
204 14 8 7 15
205 10 7 10 13
206 8 14 3 14
207 5 13 4 21
208 12 14 7 19
209 17 9 6 16
210 8 10 2 14
211 6 5 2 17
212 10 9 2 15
213 6 8 4 17
214 10 6 5 16
215 11 4 5 16
216 7 1 3 14
217 8 6 6 14
218 5 6 8 8
219 7 7 2 8
220 9 8 3 5
221 6 5 5 14
222 11 1 3 11
223 11 4 3 6
224 6 3 3 12
225 5 2 1 10
226 8 7 2 8
227 3 6 4 8
228 7 5 5 10
229 2 6 3 1
230 6 2 4 11
231 3 6 5 10
232 5 6 2 8
233 0 3 4 6
234 2 1 1 5
235 7 8 0 7
236 2 1 0 11
237 7 4 2 6
238 1 1 1 9
239 3 1 0 6
240 2 4 3 6
241 5 2 0 4
242 4 1 2 6
243 1 2 0 1
244 4 2 1 6
245 3 3 0 2
246 3 2 4 1
247 1 3 1 4
248 4 3 0 4
249 3 2 1 4
250 2 3 2 5
251 5 1 1 4
252 1 1 0 2
253 0 4 1 6
254 1 2 1 2
255 4 1 1 3
256 3 1 1 0
257 2 0 1 7
258 2 1 1 1
259 2 1 2 1
260 2 1 2 2
261 1 0 2 3
262 2 0 0 2
263 2 2 1 3
264 1 3 2 3
265 3 1 0 2
266 2 2 1 1
267 0 0 2 2
268 0 3 0 4
269 2 0 1 2
270 1 0 0 3
271 0 0 1 3
272 1 0 0 3
273 0 1 0 2
274 0 2 2 1
275 0 2 0 0
276 1 0 0 0
277 0 0 1 1
278 0 0 0 4
279 1 0 1 0
280 2 0 0 0
281 0 0 0 2
282 1 0 0 2
283 2 0 0 1
284 2 1 0 0
285 2 3 0 0
286 0 0 0 0
287 0 0 1 0
288 0 1 0 1
289 0 1 0 2
290 1 2 0 0
291 1 0 0 1
292 0 0 1 1
293 1 0 1 0
294 0 0 0 0
295 0 1 0 1
296 0 1 0 2
297 0 0 0 2
298 0 1 0 0
299 1 0 0 1
300 0 0 0 1
301 0 0 0 0
302 1 0 0 1
303 0 0 0 1
304 0 1 0 0
305 0 0 0 0
306 0 0 0 0
307 0 0 0 0
308 0 0 0 1
309 1 0 0 0
310 1 0 0 0
311 0 1 0 0
312 0 0 0 0
313 0 0 0 0
314 0 1 0 0
315 0 0 0 1
316 0 0 0 0
317 0 0 0 0
318 0 0 0 1
319 0 1 0 0
320 0 0 0 0
321 0 0 0 0
322 0 0 0 0
323 0 0 0 0
324 0 0 0 0
325 0 0 0 0
326 0 0 0 1
327 0 0 0 0
328 0 0 0 0
329 0 0 0 0
330 0 0 0 0
331 0 0 0 0
332 0 0 0 0
333 0 0 0 0
334 0 0 0 0
335 0 0 0 0
336 0 0 0 0
337 1 0 0 0
338 0 0 0 0
339 0 0 0 0
340 0 0 0 0
341 0 0 0 0
342 0 0 0 0
343 0 0 0 0
344 0 0 0 0
345 0 0 0 0
346 0 1 0 0
347 0 0 0 0
348 0 0 0 0
349 0 0 0 0
350 0 0 0 1
351 0 0 0 0
352 0 0 0 0
353 0 0 0 0
354 0 0 0 0
355 0 0 0 0
356 0 0 0 0
357 0 0 0 0
358 0 0 0 0
359 0 0 0 0
360 0 0 0 0
361 0 0 0 0
362 0 0 0 0
363 0 0 0 0
364 0 0 0 0
365 0 0 0 0
366 0 0 0 0
367 0 0 0 0
368 0 0 0 0
369 0 0 0 0
370 0 0 0 0
371 0 0 0 0
372 0 0 0 0
373 0 0 0 0
374 0 0 0 0
375 0 0 0 0
376 0 0 0 0
377 0 0 0 0
378 0 0 0 0
379 0 0 0 0
380 0 0 0 0
381 0 0 0 0
382 0 0 0 0
383 0 0 0 0
384 0 0 0 0
385 0 0 0 0
386 0 0 0 0
387 0 0 0 0
388 0 0 0 0
389 0 0 0 0
390 0 0 0 0
391 0 0 0 0
392 0 0 0 0
393 0 0 0 0
394 0 0 0 0
395 0 0 0 0
396 0 0 0 0
397 0 0 0 0
398 0 0 0 0
399 0 0 0 0
400 0 0 0 0
401 0 0 0 0
402 0 0 0 0
403 0 0 0 0
404 0 0 0 0
405 0 0 0 0
406 0 0 0 0
407 0 0 0 0
408 0 0 0 0
409 0 0 0 0
410 0 0 0 0
411 0 0 0 0
412 0 0 0 0
413 0 0 0 0
414 0 0 0 0
415 0 0 0 0
416 0 0 0 0
417 0 0 0 0
418 0 0 0 0
419 0 0 0 0
420 0 0 0 0
421 0 0 0 0
422 0 0 0 0
423 0 0 0 0
424 0 0 0 0
425 0 0 0 0
426 0 0 0 0
427 0 0 0 0
428 0 0 0 0
429 0 0 0 0
430 0 0 0 0
431 0 0 0 0
432 0 0 0 0
433 0 0 0 0
434 0 0 0 0
435 0 0 0 0
436 0 0 0 0
437 0 0 0 0
438 0 0 0 0
439 0 0 0 0
440 0 0 0 0
441 0 0 0 0
442 0 0 0 0
443 0 0 0 0
444 0 0 0 0
445 0 0 0 0
446 0 0 0 0
447 0 0 0 0
448 0 0 0 0
449 0 0 0 0
450 0 0 0 0
451 0 0 0 0
452 0 0 0 0
453 0 0 0 0
454 0 0 0 0
455 0 0 0 0
456 0 0 0 0
457 0 0 0 0
458 0 0 0 0
459 0 0 0 0
460 0 0 0 0
461 0 0 0 0
462 0 0 0 0
463 0 0 0 0
464 0 0 0 0
465 0 0 0 0
466 0 0 0 0
467 0 0 0 0
468 0 0 0 0
469 0 0 0 0
470 0 0 0 0
471 0 0 0 0
472 0 0 0 0
473 0 0 0 0
474 0 0 0 0
475 0 0 0 0
476 0 0 0 0
477 0 0 0 0
478 0 0 0 0
479 0 0 0 0
480 0 0 0 0
481 0 0 0 0
482 0 0 0 0
483 0 0 0 0
484 0 0 0 0
485 0 0 0 0
486 0 0 0 0
487 0 0 0 0
488 0 0 0 0
489 0 0 0 0
490 0 0 0 0
491 0 0 0 0
492 0 0 0 0
493 0 0 0 0
494 0 0 0 0
495 0 0 0 0
496 0 0 0 0
497 0 0 0 0
498 0 0 0 0
499 0 0 0 0
500 0 0 0 0
501 0 0 0 0
502 0 0 0 0
503 0 0 0 0
504 0 0 0 0
505 0 0 0 0
506 0 0 0 0
507 0 0 0 0
508 0 0 0 0
509 0 0 0 0
510 0 0 0 0
511 0 0 0 0
512 0 0 0 0
513 0 0 0 0
514 0 0 0 0
515 0 0 0 0
516 0 0 0 0
517 0 0 0 0
518 0 0 0 0
519 0 0 0 0
520 0 0 0 0
521 0 0 0 0
522 0 0 0 0
523 0 0 0 0
524 0 0 0 0
525 0 0 0 0
526 0 0 0 0
527 0 0 0 0
528 0 0 0 0
529 0 0 0 0
530 0 0 0 0
531 0 0 0 0
532 0 0 0 0
533 0 0 0 0
534 0 0 0 0
535 0 0 0 0
536 0 0 0 0
537 0 0 0 0
538 0 0 0 0
539 0 0 0 0
540 0 0 0 0
541 0 0 0 0
542 0 0 0 0
543 0 0 0 0
544 0 0 0 0
545 0 0 0 0
546 0 0 0 0
547 0 0 0 0
548 0 0 0 0
549 0 0 0 0
550 0 0 0 0
551 0 0 0 0
552 0 0 0 0
553 0 0 0 0
554 0 0 0 0
555 0 0 0 0
556 0 0 0 0
557 0 0 0 0
558 0 0 0 0
559 0 0 0 0
560 0 0 0 0
561 0 0 0 0
562 0 0 0 0
563 0 0 0 0
564 0 0 0 0
565 0 0 0 0
566 0 0 0 0
567 0 0 0 0
568 0 0 0 0
569 0 0 0 0
570 0 0 0 0
571 0 0 0 0
572 0 0 0 0
573 0 0 0 0
574 0 0 0 0
575 0 0 0 0
576 0 0 0 0
577 0 0 0 0
578 0 0 0 0
579 0 0 0 0
580 0 0 0 0
581 0 0 0 0
582 0 0 0 0
583 0 0 0 0
584 0 0 0 0
585 0 0 0 0
586 0 0 0 0
587 0 0 0 0
588 0 0 0 0
589 0 0 0 0
590 0 0 0 0
591 0 0 0 0
592 0 0 0 0
593 0 0 0 0
594 0 0 0 0
595 0 0 0 0
596 0 0 0 0
597 0 0 0 0
598 0 0 0 0
599 0 0 0 0
600 0 0 0 0
601 0 0 0 0
602 0 0 0 0
603 0 0 0 0
604 0 0 0 0
605 0 0 0 0
606 0 0 0 0
607 0 0 0 0
608 0 0 0 0
609 0 0 0 0
610 0 0 0 0
611 0 0 0 0
612 0 0 0 0
613 0 0 0 0
614 0 0 0 0
615 0 0 0 0
616 0 0 0 0
617 0 0 0 0
618 0 0 0 0
619 0 0 0 0
620 0 0 0 0
621 0 0 0 0
622 0 0 0 0
623 0 0 0 0
624 0 0 0 0
625 0 0 0 0
626 0 0 0 0
627 0 0 0 0
628 0 0 0 0
629 0 0 0 0
630 0 0 0 0
631 0 0 0 0
632 0 0 0 0
633 0 0 0 0
634 0 0 0 0
635 0 0 0 0
636 0 0 0 0
637 0 0 0 0
638 0 0 0 0
639 0 0 0 0
640 0 0 0 0
641 0 0 0 0
642 0 0 0 0
643 0 0 0 0
644 0 0 0 0
645 0 0 0 0
646 0 0 0 0
647 0 0 0 0
648 0 0 0 0
649 0 0 0 0
650 0 0 0 0
651 0 0 0 0
652 0 0 0 0
653 0 0 0 0
654 0 0 0 0
655 0 0 0 0
656 0 0 0 0
657 0 0 0 0
658 0 0 0 0
659 0 0 0 0
660 0 0 0 0
661 0 0 0 0
662 0 0 0 0
663 0 0 0 0
664 0 0 0 0
665 0 0 0 0
666 0 0 0 0
667 0 0 0 0
668 0 0 0 0
669 0 0 0 0
670 0 0 0 0
671 0 0 0 0
672 0 0 0 0
673 0 0 0 0
674 0 0 0 0
675 0 0 0 0
676 0 0 0 0
677 0 0 0 0
678 0 0 0 0
679 0 0 0 0
680 0 0 0 0
681 0 0 0 0
682 0 0 0 0
683 0 0 0 0
684 0 0 0 0
685 0 0 0 0
686 0 0 0 0
687 0 0 0 0
688 0 0 0 0
689 0 0 0 0
690 0 0 0 0
691 0 0 0 0
692 0 0 0 0
693 0 0 0 0
694 0 0 0 0
695 0 0 0 0
696 0 0 0 0
697 0 0 0 0
698 0 0 0 0
699 0 0 0 0
700 0 0 0 0
701 0 0 0 0
702 0 0 0 0
703 0 0 0 0
704 0 0 0 0
705 0 0 0 0
706 0 0 0 0
707 0 0 0 0
708 0 0 0 0
709 0 0 0 0
710 0 0 0 0
711 0 0 0 0
712 0 0 0 0
713 0 0 0 0
714 0 0 0 0
715 0 0 0 0
716 0 0 0 0
717 0 0 0 0
718 0 0 0 0
719 0 0 0 0
720 0 0 0 0
721 0 0 0 0
722 0 0 0 0
723 0 0 0 0
724 0 0 0 0
725 0 0 0 0
726 0 0 0 0
727 0 0 0 0
