0 0 0 0 0
1 0 0 0 0
2 0 0 0 0
3 0 0 0 0
4 0 0 0 0
5 0 2 0 0
6 0 0 0 0
7 0 0 0 0
8 0 0 0 0
9 0 1 2 1
10 0 0 0 0
11 0 0 0 0
12 0 0 0 1
13 0 0 0 0
14 0 0 0 0
15 0 0 0 0
16 0 0 0 3
17 0 0 0 0
18 0 0 0 0
19 0 0 0 0
20 2 0 0 0
21 0 0 0 0
22 1 0 0 0
23 1 0 0 0
24 0 0 0 0
25 0 1 0 0
26 1 0 0 0
27 0 0 0 0
28 2 0 0 0
29 1 1 0 0
30 0 0 0 0
31 0 0 1 0
32 1 0 1 1
33 0 0 0 1
34 0 0 0 0
35 0 0 1 0
36 1 0 0 1
37 1 2 2 0
38 0 0 0 1
39 1 0 0 0
40 0 0 0 0
41 1 0 1 1
42 0 1 0 3
43 0 0 0 0
44 1 0 1 1
45 1 0 0 0
46 0 0 0 1
47 1 0 0 0
48 0 0 0 2
49 2 1 0 0
50 1 1 0 0
51 2 0 0 0
52 1 0 0 0
53 1 0 1 1
54 4 2 0 0
55 0 0 0 0
56 1 0 2 0
57 1 0 1 2
58 0 1 0 0
59 0 1 2 0
60 1 0 1 1
61 1 1 0 1
62 0 1 0 0
63 0 1 1 3
64 2 0 0 2
65 1 0 0 1
66 0 1 0 3
67 1 0 0 1
68 1 0 0 1
69 0 1 0 0
70 1 0 0 2
71 2 0 1 0
72 2 1 0 0
73 2 3 0 0
74 1 0 0 0
75 1 0 0 0
76 1 1 1 1
77 1 1 0 1
78 1 1 0 1
79 1 1 1 1
80 3 1 0 4
81 1 1 1 1
82 0 0 1 0
83 1 0 1 1
84 1 1 0 0
85 4 0 1 3
86 0 1 0 2
87 3 0 0 1
88 5 0 1 1
89 2 1 2 1
90 1 1 1 2
91 0 0 0 0
92 0 1 0 0
93 2 2 2 1
94 1 4 1 0
95 1 1 0 1
96 0 0 1 3
97 4 0 1 2
98 2 2 1 2
99 3 0 0 1
100 1 0 0 7
101 2 0 0 1
102 2 0 1 2
103 3 3 0 0
104 0 1 1 1
105 0 1 0 1
106 1 2 2 1
107 5 2 0 1
108 1 1 4 0
109 4 0 0 0
110 1 0 0 6
111 0 1 1 3
112 1 2 0 5
113 1 0 0 0
114 4 2 1 1
115 0 0 0 2
116 1 2 1 0
117 2 0 1 0
118 2 0 2 2
119 2 1 2 2
120 6 0 0 1
121 6 2 0 2
122 2 1 0 2
123 3 2 1 4
124 1 0 1 1
125 3 2 2 0
126 6 1 0 1
127 2 2 1 2
128 2 2 1 2
129 0 0 2 3
130 5 6 2 2
131 0 2 2 3
132 3 2 0 2
133 2 1 1 1
134 0 1 0 5
135 2 5 1 6
136 4 1 0 2
137 1 3 1 6
138 2 0 1 1
139 3 1 0 5
140 4 1 0 1
141 3 1 1 2
142 4 2 0 2
143 1 2 0 0
144 4 1 1 3
145 1 1 3 2
146 4 1 2 2
147 3 1 1 3
148 7 0 2 1
149 5 3 2 3
150 4 0 0 2
151 3 2 3 3
152 3 2 0 3
153 6 2 3 2
154 9 3 0 1
155 4 3 2 3
156 6 2 1 4
157 7 4 1 2
158 3 4 3 5
159 6 1 2 6
160 6 5 0 4
161 7 1 3 4
162 5 1 2 3
163 4 6 3 4
164 4 1 2 4
165 2 5 3 8
166 6 7 2 2
167 4 0 2 5
168 4 3 3 4
169 7 4 0 7
170 6 3 1 10
171 8 3 2 1
172 3 4 1 7
173 8 4 1 8
174 2 3 2 2
175 6 4 1 5
176 10 3 3 8
177 4 2 1 4
178 8 3 2 5
179 3 3 1 2
180 3 3 7 7
181 4 3 2 4
182 6 3 7 8
183 6 2 2 4
184 6 0 0 5
185 9 3 2 4
186 10 2 3 7
187 15 6 2 10
188 6 4 3 1
189 11 2 2 8
190 8 2 3 3
191 7 11 0 3
192 11 7 2 4
193 13 5 3 4
194 11 5 5 7
195 9 3 5 9
196 6 5 4 7
197 6 5 5 7
198 10 11 4 12
199 7 6 3 11
200 7 6 3 10
201 5 3 0 8
202 4 5 7 13
203 9 6 8 4
204 7 2 5 9
205 4 6 4 7
206 1 4 0 12
207 6 1 3 14
208 6 3 4 4
209 4 4 2 10
210 5 4 1 7
211 5 0 3 6
212 6 2 4 12
213 3 5 4 2
214 4 3 1 6
215 2 1 0 4
216 8 4 4 9
217 6 1 2 3
218 5 1 1 6
219 10 6 1 1
220 4 1 1 13
221 4 4 3 2
222 5 4 4 2
223 6 3 0 10
224 6 2 4 3
225 3 2 3 6
226 3 4 1 4
227 2 2 3 3
228 3 5 6 3
229 4 4 0 7
230 3 1 2 2
231 2 2 1 7
232 1 2 1 9
233 1 5 0 4
234 1 4 2 6
235 0 1 4 5
236 0 0 1 3
237 1 0 2 6
238 0 0 0 5
239 3 0 0 4
240 1 0 1 1
241 3 0 0 3
242 2 1 0 3
243 4 0 1 1
244 0 1 1 2
245 4 0 0 0
246 2 2 0 1
247 3 1 0 2
248 2 1 1 1
249 1 0 1 0
250 2 4 0 0
251 0 2 1 2
252 1 2 3 2
253 1 0 2 3
254 1 0 1 3
255 1 0 0 1
256 1 1 1 2
257 1 0 0 2
258 0 1 0 2
259 0 1 2 3
260 3 2 0 2
261 1 0 1 2
262 2 0 0 0
263 2 0 0 0
264 2 0 0 1
265 1 2 0 2
266 1 2 0 2
267 0 2 0 2
268 0 1 0 0
269 3 3 0 1
270 1 0 1 2
271 2 1 0 1
272 0 0 1 2
273 4 0 1 2
274 1 1 0 2
275 0 1 0 1
276 3 0 0 2
277 1 0 0 1
278 2 1 2 0
279 1 0 2 0
280 0 1 1 0
281 2 0 1 1
282 2 2 0 3
283 0 1 1 1
284 0 0 0 2
285 0 1 1 1
286 1 2 1 2
287 1 1 1 1
288 2 0 1 1
289 1 0 0 2
290 3 0 0 3
291 1 0 0 1
292 0 0 1 1
293 1 0 1 2
294 1 0 0 0
295 1 3 1 1
296 3 0 1 1
297 1 1 0 1
298 0 1 1 0
299 0 1 0 1
300 0 0 0 0
301 0 0 1 1
302 2 1 0 4
303 0 0 0 2
304 0 0 1 0
305 1 1 1 2
306 1 0 0 0
307 0 1 0 0
308 0 0 0 1
309 0 0 0 3
310 2 0 0 0
311 0 0 2 1
312 0 0 0 0
313 0 0 0 0
314 0 1 0 0
315 1 0 1 0
316 0 0 0 0
317 0 0 0 0
318 0 0 0 2
319 0 0 1 0
320 0 0 0 1
321 1 0 0 1
322 0 0 0 0
323 0 0 0 1
324 0 1 0 0
325 0 0 0 0
326 1 0 1 0
327 0 0 0 0
328 1 0 0 0
329 0 0 0 0
330 0 0 0 1
331 1 0 1 1
332 0 0 0 0
333 0 1 0 0
334 0 0 0 0
335 0 0 0 1
336 0 0 0 0
337 0 0 0 0
338 0 0 0 0
339 1 0 0 0
340 0 0 1 1
341 0 0 0 0
342 0 0 0 0
343 0 0 0 0
344 0 1 0 1
345 0 0 0 0
346 0 0 0 0
347 0 0 0 0
348 0 0 0 0
349 0 0 0 0
350 0 0 0 0
351 0 0 0 1
352 0 0 0 0
353 0 0 0 0
354 0 0 0 0
355 0 0 0 0
356 0 0 0 0
357 0 0 0 0
358 0 0 0 0
359 0 0 0 0
360 0 0 0 0
361 0 0 0 0
362 0 0 0 0
363 0 0 0 0
364 0 0 0 0
365 0 0 0 0
366 0 0 0 0
367 0 0 0 0
368 0 0 0 0
369 0 0 0 0
370 0 0 0 0
371 0 0 0 0
372 0 0 0 0
373 0 0 0 0
374 0 0 0 0
375 0 0 0 0
376 0 0 0 0
377 0 0 0 0
378 0 0 0 0
379 0 0 0 0
380 0 0 0 0
381 0 0 0 0
382 0 0 0 0
383 0 0 0 0
384 0 0 0 0
385 0 0 0 0
386 0 0 0 0
387 0 0 0 0
388 0 0 0 0
389 0 0 0 0
390 0 0 0 0
391 0 0 0 0
392 0 0 0 0
393 0 0 0 0
394 0 0 0 0
395 0 0 0 0
396 0 0 0 0
397 0 0 0 0
398 0 0 0 0
399 0 0 0 0
400 0 0 0 0
401 0 0 0 0
402 0 0 0 0
403 0 0 0 0
404 0 0 0 0
405 0 0 0 0
406 0 0 0 0
407 0 0 0 0
408 0 0 0 0
409 0 0 0 0
410 0 0 0 0
411 0 0 0 0
412 0 0 0 0
413 0 0 0 0
414 0 0 0 0
415 0 0 0 0
416 0 0 0 0
417 0 0 0 0
418 0 0 0 0
419 0 0 0 0
420 0 0 0 0
421 0 0 0 0
422 0 0 0 0
423 0 0 0 0
424 0 0 0 0
425 0 0 0 0
426 0 0 0 0
427 0 0 0 0
428 0 0 0 0
429 0 0 0 0
430 0 0 0 0
431 0 0 0 0
432 0 0 0 0
433 0 0 0 0
434 0 0 0 0
435 0 0 0 0
436 0 0 0 0
437 0 0 0 0
438 0 0 0 0
439 0 0 0 0
440 0 0 0 0
441 0 0 0 0
442 0 0 0 0
443 0 0 0 0
444 0 0 0 0
445 0 0 0 0
446 0 0 0 0
447 0 0 0 0
448 0 0 0 0
449 0 0 0 0
450 0 0 0 0
451 0 0 0 0
452 0 0 0 0
453 0 0 0 0
454 0 0 0 0
455 0 0 0 0
456 0 0 0 0
457 0 0 0 0
458 0 0 0 0
459 0 0 0 0
460 0 0 0 0
461 0 0 0 0
462 0 0 0 0
463 0 0 0 0
464 0 0 0 0
465 0 0 0 0
466 0 0 0 0
467 0 0 0 0
468 0 0 0 0
469 0 0 0 0
470 0 0 0 0
471 0 0 0 0
472 0 0 0 0
473 0 0 0 0
474 0 0 0 0
475 0 0 0 0
476 0 0 0 0
477 0 0 0 0
478 0 0 0 0
479 0 0 0 0
480 0 0 0 0
481 0 0 0 0
482 0 0 0 0
483 0 0 0 0
484 0 0 0 0
485 0 0 0 0
486 0 0 0 0
487 0 0 0 0
488 0 0 0 0
489 0 0 0 0
490 0 0 0 0
491 0 0 0 0
492 0 0 0 0
493 0 0 0 0
494 0 0 0 0
495 0 0 0 0
496 0 0 0 0
497 0 0 0 0
498 0 0 0 0
499 0 0 0 0
500 0 0 0 0
501 0 0 0 0
502 0 0 0 0
503 0 0 0 0
504 0 0 0 0
505 0 0 0 0
506 0 0 0 0
507 0 0 0 0
508 0 0 0 0
509 0 0 0 0
510 0 0 0 0
511 0 0 0 0
512 0 0 0 0
513 0 0 0 0
514 0 0 0 0
515 0 0 0 0
516 0 0 0 0
517 0 0 0 0
518 0 0 0 0
519 0 0 0 0
520 0 0 0 0
521 0 0 0 0
522 0 0 0 0
523 0 0 0 0
524 0 0 0 0
525 0 0 0 0
526 0 0 0 0
527 0 0 0 0
528 0 0 0 0
529 0 0 0 0
530 0 0 0 0
531 0 0 0 0
532 0 0 0 0
533 0 0 0 0
534 0 0 0 0
535 0 0 0 0
536 0 0 0 0
537 0 0 0 0
538 0 0 0 0
539 0 0 0 0
540 0 0 0 0
541 0 0 0 0
542 0 0 0 0
543 0 0 0 0
544 0 0 0 0
545 0 0 0 0
546 0 0 0 0
547 0 0 0 0
548 0 0 0 0
549 0 0 0 0
550 0 0 0 0
551 0 0 0 0
552 0 0 0 0
553 0 0 0 0
554 0 0 0 0
555 0 0 0 0
556 0 0 0 0
557 0 0 0 0
558 0 0 0 0
559 0 0 0 0
560 0 0 0 0
561 0 0 0 0
562 0 0 0 0
563 0 0 0 0
564 0 0 0 0
565 0 0 0 0
566 0 0 0 0
567 0 0 0 0
568 0 0 0 0
569 0 0 0 0
570 0 0 0 0
571 0 0 0 0
572 0 0 0 0
573 0 0 0 0
574 0 0 0 0
575 0 0 0 0
576 0 0 0 0
577 0 0 0 0
578 0 0 0 0
579 0 0 0 0
580 0 0 0 0
581 0 0 0 0
582 0 0 0 0
583 0 0 0 0
584 0 0 0 0
585 0 0 0 0
586 0 0 0 0
587 0 0 0 0
588 0 0 0 0
589 0 0 0 0
590 0 0 0 0
591 0 0 0 0
592 0 0 0 0
593 0 0 0 0
594 0 0 0 0
595 0 0 0 0
596 0 0 0 0
597 0 0 0 0
598 0 0 0 0
599 0 0 0 0
600 0 0 0 0
601 0 0 0 0
602 0 0 0 0
603 0 0 0 0
604 0 0 0 0
605 0 0 0 0
606 0 0 0 0
607 0 0 0 0
608 0 0 0 0
609 0 0 0 0
610 0 0 0 0
611 0 0 0 0
612 0 0 0 0
613 0 0 0 0
614 0 0 0 0
615 0 0 0 0
616 0 0 0 0
617 0 0 0 0
618 0 0 0 0
619 0 0 0 0
620 0 0 0 0
621 0 0 0 0
622 0 0 0 0
623 0 0 0 0
624 0 0 0 0
625 0 0 0 0
626 0 0 0 0
627 0 0 0 0
628 0 0 0 0
629 0 0 0 0
630 0 0 0 0
631 0 0 0 0
632 0 0 0 0
633 0 0 0 0
634 0 0 0 0
635 0 0 0 0
636 0 0 0 0
637 0 0 0 0
638 0 0 0 0
639 0 0 0 0
640 0 0 0 0
641 0 0 0 0
642 0 0 0 0
643 0 0 0 0
644 0 0 0 0
645 0 0 0 0
646 0 0 0 0
647 0 0 0 0
648 0 0 0 0
649 0 0 0 0
650 0 0 0 0
651 0 0 0 0
652 0 0 0 0
653 0 0 0 0
654 0 0 0 0
655 0 0 0 0
656 0 0 0 0
657 0 0 0 0
658 0 0 0 0
659 0 0 0 0
660 0 0 0 0
661 0 0 0 0
662 0 0 0 0
663 0 0 0 0
664 0 0 0 0
665 0 0 0 0
666 0 0 0 0
667 0 0 0 0
668 0 0 0 0
669 0 0 0 0
670 0 0 0 0
671 0 0 0 0
672 0 0 0 0
673 0 0 0 0
674 0 0 0 0
675 0 0 0 0
676 0 0 0 0
677 0 0 0 0
678 0 0 0 0
679 0 0 0 0
680 0 0 0 0
681 0 0 0 0
682 0 0 0 0
683 0 0 0 0
684 0 0 0 0
685 0 0 0 0
686 0 0 0 0
687 0 0 0 0
688 0 0 0 0
689 0 0 0 0
690 0 0 0 0
691 0 0 0 0
692 0 0 0 0
693 0 0 0 0
694 0 0 0 0
695 0 0 0 0
696 0 0 0 0
697 0 0 0 0
698 0 0 0 0
699 0 0 0 0
700 0 0 0 0
701 0 0 0 0
702 0 0 0 0
703 0 0 0 0
704 0 0 0 0
705 0 0 0 0
706 0 0 0 0
707 0 0 0 0
708 0 0 0 0
709 0 0 0 0
710 0 0 0 0
711 0 0 0 0
712 0 0 0 0
713 0 0 0 0
714 0 0 0 0
715 0 0 0 0
716 0 0 0 0
717 0 0 0 0
718 0 0 0 0
719 0 0 0 0
720 0 0 0 0
721 0 0 0 0
722 0 0 0 0
723 0 0 0 0
724 0 0 0 0
725 0 0 0 0
726 0 0 0 0
727 0 0 0 0
