0 0 0 0 0
1 0 0 0 0
2 0 0 0 0
3 0 0 0 0
4 0 0 0 0
5 0 1 1 0
6 0 0 0 0
7 0 0 0 0
8 0 0 0 0
9 0 2 1 0
10 0 0 0 0
11 0 0 0 0
12 0 0 0 2
13 0 0 0 2
14 0 0 0 0
15 0 0 0 0
16 0 0 0 1
17 0 0 0 0
18 0 0 0 0
19 0 0 0 0
20 1 0 0 0
21 1 0 0 0
22 1 0 0 0
23 1 0 0 0
24 2 0 0 0
25 2 0 0 0
26 0 1 0 0
27 1 1 0 0
28 3 0 0 0
29 1 1 1 0
30 2 1 0 1
31 2 0 0 1
32 1 1 0 0
33 0 3 0 0
34 1 0 1 0
35 1 1 0 0
36 0 1 2 2
37 1 0 2 2
38 0 0 1 2
39 0 1 0 1
40 0 1 0 4
41 0 0 0 1
42 0 0 1 1
43 1 1 0 1
44 1 0 0 2
45 1 0 0 0
46 3 0 0 2
47 2 0 0 1
48 2 1 0 0
49 2 1 0 0
50 2 0 0 0
51 0 2 0 0
52 2 0 1 1
53 3 1 1 1
54 4 1 1 0
55 1 1 0 0
56 1 1 0 1
57 0 0 0 2
58 3 2 0 3
59 1 2 2 0
60 0 0 0 0
61 0 0 2 1
62 2 2 0 2
63 2 3 1 1
64 1 1 1 0
65 3 1 0 3
66 2 0 0 3
67 2 2 0 4
68 2 1 1 2
69 2 0 0 3
70 2 0 0 0
71 1 1 2 2
72 0 0 0 2
73 3 0 2 0
74 1 1 3 1
75 3 2 0 1
76 3 1 1 0
77 0 1 1 1
78 4 2 2 5
79 3 0 0 1
80 5 2 0 4
81 1 2 0 2
82 4 0 0 5
83 5 3 2 0
84 6 1 1 2
85 4 3 1 1
86 5 0 1 0
87 6 2 1 2
88 2 2 2 3
89 3 3 1 3
90 3 1 1 4
91 6 2 2 1
92 4 5 2 4
93 5 3 3 2
94 2 0 3 3
95 4 2 2 4
96 5 1 3 3
97 4 2 3 6
98 4 1 1 4
99 4 1 1 8
100 2 4 1 2
101 4 4 0 5
102 2 4 3 1
103 3 1 2 4
104 6 1 3 3
105 3 3 0 3
106 7 1 0 3
107 7 0 4 4
108 5 3 2 6
109 6 2 3 4
110 12 3 2 2
111 5 4 1 4
112 5 3 2 6
113 3 2 3 3
114 8 3 0 4
115 13 5 6 5
116 9 4 2 7
117 7 3 3 8
118 6 4 1 2
119 6 3 3 7
120 11 9 3 2
121 11 4 2 6
122 11 5 0 8
123 11 7 1 9
124 6 3 3 7
125 8 8 2 5
126 7 4 6 4
127 9 2 6 15
128 11 3 4 8
129 5 6 6 4
130 8 7 1 9
131 5 6 4 5
132 6 6 2 7
133 7 9 4 6
134 12 5 2 6
135 12 3 1 12
136 13 5 3 14
137 13 3 1 13
138 16 2 2 8
139 14 7 2 6
140 14 3 4 11
141 11 8 3 5
142 23 5 4 6
143 14 9 10 6
144 16 5 10 7
145 13 8 6 6
146 19 16 6 10
147 14 10 10 14
148 11 4 9 13
149 15 12 3 11
150 19 2 5 17
151 13 13 9 17
152 9 10 3 18
153 15 5 2 19
154 19 10 5 12
155 16 10 8 22
156 10 8 7 11
157 23 4 7 8
158 20 12 7 12
159 19 11 5 18
160 17 10 5 12
161 22 4 7 16
162 21 13 4 14
163 21 10 7 13
164 19 10 7 14
165 21 2 14 21
166 14 15 12 14
167 21 7 12 17
168 20 11 11 12
169 28 9 7 18
170 22 10 7 20
171 34 12 5 17
172 20 12 10 21
173 19 9 13 22
174 18 18 11 19
175 20 14 7 19
176 20 19 12 19
177 27 9 6 21
178 24 11 10 24
179 27 11 3 20
180 30 14 7 22
181 34 12 6 18
182 27 13 7 22
183 35 18 7 25
184 25 13 15 19
185 28 23 10 18
186 25 17 16 16
187 39 15 10 25
188 36 20 8 23
189 32 12 10 31
190 36 17 14 31
191 31 13 16 32
192 30 24 13 32
193 27 25 15 26
194 37 15 8 23
195 29 22 13 22
196 30 21 17 28
197 36 17 9 38
198 24 21 8 30
199 27 23 14 36
200 23 11 14 41
201 29 16 10 23
202 31 21 20 32
203 28 20 10 30
204 24 19 16 30
205 27 18 4 23
206 27 16 11 42
207 27 19 10 27
208 27 14 13 39
209 25 16 12 27
210 21 16 16 30
211 16 15 12 30
212 22 11 10 29
213 17 14 13 26
214 17 17 8 31
215 24 11 12 27
216 19 14 11 24
217 18 11 9 26
218 20 12 11 20
219 11 10 6 25
220 14 14 7 35
221 22 13 13 22
222 16 11 8 27
223 14 11 5 19
224 7 7 8 16
225 7 7 6 19
226 11 13 7 17
227 9 11 9 23
228 13 8 5 21
229 10 5 5 13
230 8 9 4 16
231 13 8 6 23
232 13 4 6 14
233 12 6 3 14
234 5 2 4 14
235 11 5 3 11
236 7 3 7 9
237 6 14 3 14
238 8 6 5 10
239 6 5 2 10
240 7 6 4 7
241 7 5 5 12
242 6 8 2 9
243 6 4 1 9
244 6 9 3 13
245 8 6 4 11
246 4 5 1 9
247 4 2 4 7
248 5 2 0 11
249 3 5 2 9
250 3 5 4 8
251 8 4 3 10
252 4 6 1 7
253 4 2 2 6
254 5 4 0 6
255 2 0 2 6
256 4 4 2 9
257 6 1 3 4
258 2 2 2 6
259 4 2 3 2
260 2 3 1 3
261 5 2 5 3
262 4 2 1 4
263 1 1 3 6
264 3 1 4 5
265 0 1 0 4
266 2 6 1 2
267 3 3 1 7
268 2 2 0 6
269 2 2 1 2
270 1 1 1 3
271 1 0 0 5
272 1 2 1 2
273 3 1 0 7
274 0 0 0 1
275 1 1 2 1
276 1 0 1 3
277 1 2 1 1
278 1 1 1 0
279 1 1 0 4
280 2 0 0 1
281 2 1 0 2
282 0 2 1 2
283 0 0 0 1
284 2 0 0 1
285 2 1 1 1
286 0 0 2 3
287 0 1 0 0
288 1 0 1 1
289 0 1 0 3
290 1 0 1 0
291 1 0 0 0
292 0 0 0 0
293 0 1 2 2
294 1 0 1 1
295 0 0 0 1
296 1 1 0 1
297 0 0 0 3
298 1 0 0 1
299 0 0 1 0
300 0 0 0 2
301 1 1 0 0
302 0 0 0 0
303 0 2 0 0
304 0 0 0 0
305 0 0 0 1
306 1 0 0 1
307 0 0 0 1
308 0 0 0 0
309 0 0 0 0
310 0 1 0 1
311 0 1 0 0
312 0 0 0 0
313 0 0 0 0
314 0 0 0 0
315 1 0 0 0
316 0 0 0 0
317 0 0 0 1
318 0 0 0 1
319 0 0 0 0
320 0 0 0 0
321 0 0 0 0
322 0 0 0 0
323 0 0 0 0
324 0 1 0 0
325 0 0 0 0
326 0 0 0 0
327 0 0 0 0
328 0 0 0 1
329 0 0 0 0
330 0 0 0 0
331 0 0 0 0
332 0 0 0 0
333 0 0 0 0
334 0 0 0 0
335 0 0 0 0
336 0 0 0 0
337 0 0 0 0
338 0 0 0 0
339 0 0 0 0
340 0 0 0 0
341 0 0 0 0
342 0 0 0 0
343 0 0 0 0
344 0 0 0 0
345 0 0 0 0
346 0 0 0 0
347 0 0 0 0
348 0 0 0 0
349 0 0 0 0
350 0 0 0 0
351 0 0 0 0
352 0 0 0 0
353 0 0 0 0
354 0 0 0 0
355 0 0 0 0
356 0 0 0 0
357 0 0 0 0
358 0 0 0 0
359 0 0 0 0
360 0 0 0 0
361 0 0 0 0
362 0 0 0 0
363 0 0 0 0
364 0 0 0 0
365 0 0 0 0
366 0 0 0 0
367 0 0 0 0
368 0 0 0 0
369 0 0 0 0
370 0 0 0 0
371 0 0 0 0
372 0 0 0 0
373 0 0 0 0
374 0 0 0 0
375 0 0 0 0
376 0 0 0 0
377 0 0 0 0
378 0 0 0 0
379 0 0 0 0
380 0 0 0 0
381 0 0 0 0
382 0 0 0 0
383 0 0 0 0
384 0 0 0 0
385 0 0 0 0
386 0 0 0 0
387 0 0 0 0
388 0 0 0 0
389 0 0 0 0
390 0 0 0 0
391 0 0 0 0
392 0 0 0 0
393 0 0 0 0
394 0 0 0 0
395 0 0 0 0
396 0 0 0 0
397 0 0 0 0
398 0 0 0 0
399 0 0 0 0
400 0 0 0 0
401 0 0 0 0
402 0 0 0 0
403 0 0 0 0
404 0 0 0 0
405 0 0 0 0
406 0 0 0 0
407 0 0 0 0
408 0 0 0 0
409 0 0 0 0
410 0 0 0 0
411 0 0 0 0
412 0 0 0 0
413 0 0 0 0
414 0 0 0 0
415 0 0 0 0
416 0 0 0 0
417 0 0 0 0
418 0 0 0 0
419 0 0 0 0
420 0 0 0 0
421 0 0 0 0
422 0 0 0 0
423 0 0 0 0
424 0 0 0 0
425 0 0 0 0
426 0 0 0 0
427 0 0 0 0
428 0 0 0 0
429 0 0 0 0
430 0 0 0 0
431 0 0 0 0
432 0 0 0 0
433 0 0 0 0
434 0 0 0 0
435 0 0 0 0
436 0 0 0 0
437 0 0 0 0
438 0 0 0 0
439 0 0 0 0
440 0 0 0 0
441 0 0 0 0
442 0 0 0 0
443 0 0 0 0
444 0 0 0 0
445 0 0 0 0
446 0 0 0 0
447 0 0 0 0
448 0 0 0 0
449 0 0 0 0
450 0 0 0 0
451 0 0 0 0
452 0 0 0 0
453 0 0 0 0
454 0 0 0 0
455 0 0 0 0
456 0 0 0 0
457 0 0 0 0
458 0 0 0 0
459 0 0 0 0
460 0 0 0 0
461 0 0 0 0
462 0 0 0 0
463 0 0 0 0
464 0 0 0 0
465 0 0 0 0
466 0 0 0 0
467 0 0 0 0
468 0 0 0 0
469 0 0 0 0
470 0 0 0 0
471 0 0 0 0
472 0 0 0 0
473 0 0 0 0
474 0 0 0 0
475 0 0 0 0
476 0 0 0 0
477 0 0 0 0
478 0 0 0 0
479 0 0 0 0
480 0 0 0 0
481 0 0 0 0
482 0 0 0 0
483 0 0 0 0
484 0 0 0 0
485 0 0 0 0
486 0 0 0 0
487 0 0 0 0
488 0 0 0 0
489 0 0 0 0
490 0 0 0 0
491 0 0 0 0
492 0 0 0 0
493 0 0 0 0
494 0 0 0 0
495 0 0 0 0
496 0 0 0 0
497 0 0 0 0
498 0 0 0 0
499 0 0 0 0
500 0 0 0 0
501 0 0 0 0
502 0 0 0 0
503 0 0 0 0
504 0 0 0 0
505 0 0 0 0
506 0 0 0 0
507 0 0 0 0
508 0 0 0 0
509 0 0 0 0
510 0 0 0 0
511 0 0 0 0
512 0 0 0 0
513 0 0 0 0
514 0 0 0 0
515 0 0 0 0
516 0 0 0 0
517 0 0 0 0
518 0 0 0 0
519 0 0 0 0
520 0 0 0 0
521 0 0 0 0
522 0 0 0 0
523 0 0 0 0
524 0 0 0 0
525 0 0 0 0
526 0 0 0 0
527 0 0 0 0
528 0 0 0 0
529 0 0 0 0
530 0 0 0 0
531 0 0 0 0
532 0 0 0 0
533 0 0 0 0
534 0 0 0 0
535 0 0 0 0
536 0 0 0 0
537 0 0 0 0
538 0 0 0 0
539 0 0 0 0
540 0 0 0 0
541 0 0 0 0
542 0 0 0 0
543 0 0 0 0
544 0 0 0 0
545 0 0 0 0
546 0 0 0 0
547 0 0 0 0
548 0 0 0 0
549 0 0 0 0
550 0 0 0 0
551 0 0 0 0
552 0 0 0 0
553 0 0 0 0
554 0 0 0 0
555 0 0 0 0
556 0 0 0 0
557 0 0 0 0
558 0 0 0 0
559 0 0 0 0
560 0 0 0 0
561 0 0 0 0
562 0 0 0 0
563 0 0 0 0
564 0 0 0 0
565 0 0 0 0
566 0 0 0 0
567 0 0 0 0
568 0 0 0 0
569 0 0 0 0
570 0 0 0 0
571 0 0 0 0
572 0 0 0 0
573 0 0 0 0
574 0 0 0 0
575 0 0 0 0
576 0 0 0 0
577 0 0 0 0
578 0 0 0 0
579 0 0 0 0
580 0 0 0 0
581 0 0 0 0
582 0 0 0 0
583 0 0 0 0
584 0 0 0 0
585 0 0 0 0
586 0 0 0 0
587 0 0 0 0
588 0 0 0 0
589 0 0 0 0
590 0 0 0 0
591 0 0 0 0
592 0 0 0 0
593 0 0 0 0
594 0 0 0 0
595 0 0 0 0
596 0 0 0 0
597 0 0 0 0
598 0 0 0 0
599 0 0 0 0
600 0 0 0 0
601 0 0 0 0
602 0 0 0 0
603 0 0 0 0
604 0 0 0 0
605 0 0 0 0
606 0 0 0 0
607 0 0 0 0
608 0 0 0 0
609 0 0 0 0
610 0 0 0 0
611 0 0 0 0
612 0 0 0 0
613 0 0 0 0
614 0 0 0 0
615 0 0 0 0
616 0 0 0 0
617 0 0 0 0
618 0 0 0 0
619 0 0 0 0
620 0 0 0 0
621 0 0 0 0
622 0 0 0 0
623 0 0 0 0
624 0 0 0 0
625 0 0 0 0
626 0 0 0 0
627 0 0 0 0
628 0 0 0 0
629 0 0 0 0
630 0 0 0 0
631 0 0 0 0
632 0 0 0 0
633 0 0 0 0
634 0 0 0 0
635 0 0 0 0
636 0 0 0 0
637 0 0 0 0
638 0 0 0 0
639 0 0 0 0
640 0 0 0 0
641 0 0 0 0
642 0 0 0 0
643 0 0 0 0
644 0 0 0 0
645 0 0 0 0
646 0 0 0 0
647 0 0 0 0
648 0 0 0 0
649 0 0 0 0
650 0 0 0 0
651 0 0 0 0
652 0 0 0 0
653 0 0 0 0
654 0 0 0 0
655 0 0 0 0
656 0 0 0 0
657 0 0 0 0
658 0 0 0 0
659 0 0 0 0
660 0 0 0 0
661 0 0 0 0
662 0 0 0 0
663 0 0 0 0
664 0 0 0 0
665 0 0 0 0
666 0 0 0 0
667 0 0 0 0
668 0 0 0 0
669 0 0 0 0
670 0 0 0 0
671 0 0 0 0
672 0 0 0 0
673 0 0 0 0
674 0 0 0 0
675 0 0 0 0
676 0 0 0 0
677 0 0 0 0
678 0 0 0 0
679 0 0 0 0
680 0 0 0 0
681 0 0 0 0
682 0 0 0 0
683 0 0 0 0
684 0 0 0 0
685 0 0 0 0
686 0 0 0 0
687 0 0 0 0
688 0 0 0 0
689 0 0 0 0
690 0 0 0 0
691 0 0 0 0
692 0 0 0 0
693 0 0 0 0
694 0 0 0 0
695 0 0 0 0
696 0 0 0 0
697 0 0 0 0
698 0 0 0 0
699 0 0 0 0
700 0 0 0 0
701 0 0 0 0
702 0 0 0 0
703 0 0 0 0
704 0 0 0 0
705 0 0 0 0
706 0 0 0 0
707 0 0 0 0
708 0 0 0 0
709 0 0 0 0
710 0 0 0 0
711 0 0 0 0
712 0 0 0 0
713 0 0 0 0
714 0 0 0 0
715 0 0 0 0
716 0 0 0 0
717 0 0 0 0
718 0 0 0 0
719 0 0 0 0
720 0 0 0 0
721 0 0 0 0
722 0 0 0 0
723 0 0 0 0
724 0 0 0 0
725 0 0 0 0
726 0 0 0 0
727 0 0 0 0
