0 0 0 0 0
1 0 0 0 0
2 0 0 0 0
3 0 0 0 0
4 0 0 0 0
5 0 2 1 0
6 0 0 0 0
7 0 0 0 0
8 0 0 0 0
9 0 2 0 2
10 0 0 0 0
11 0 0 0 0
12 0 0 0 1
13 0 0 0 1
14 0 0 0 0
15 1 0 0 0
16 1 0 0 1
17 0 0 0 0
18 0 0 0 0
19 1 0 0 0
20 0 1 0 0
21 0 0 0 0
22 1 0 0 0
23 0 0 0 0
24 1 1 0 0
25 1 1 0 0
26 0 0 0 0
27 0 0 0 1
28 1 0 0 0
29 0 1 0 1
30 0 1 0 0
31 1 1 0 1
32 1 0 0 0
33 0 1 0 1
34 0 0 0 0
35 1 0 0 1
36 0 0 0 0
37 1 1 0 1
38 0 0 0 0
39 0 0 0 0
40 2 2 0 1
41 0 0 0 1
42 0 0 0 0
43 0 0 0 0
44 2 0 0 1
45 0 0 0 0
46 1 1 0 0
47 3 0 0 1
48 2 0 0 0
49 2 2 1 0
50 0 0 0 0
51 2 0 0 0
52 2 0 2 1
53 2 2 0 1
54 1 1 1 0
55 2 0 1 0
56 2 0 1 3
57 2 2 1 2
58 1 0 0 1
59 2 0 0 2
60 4 1 2 1
61 1 1 0 3
62 2 3 1 0
63 2 1 1 0
64 4 1 1 2
65 1 2 1 0
66 1 0 1 2
67 1 0 1 3
68 3 2 2 2
69 2 4 1 3
70 1 0 1 2
71 0 1 0 2
72 3 0 0 4
73 4 1 1 3
74 1 1 0 1
75 1 0 0 3
76 2 0 1 2
77 3 3 1 0
78 1 3 0 0
79 2 0 2 0
80 3 0 1 2
81 3 0 1 2
82 2 4 1 1
83 3 1 0 1
84 3 0 0 4
85 0 3 1 4
86 2 3 0 1
87 1 1 1 1
88 3 3 1 0
89 4 1 2 7
90 4 0 0 4
91 3 0 1 1
92 4 2 0 1
93 2 2 0 3
94 3 3 0 0
95 2 1 0 5
96 3 1 1 2
97 4 3 2 0
98 1 1 1 1
99 4 4 3 2
100 5 1 1 4
101 6 0 2 5
102 3 2 2 1
103 5 0 1 5
104 5 3 0 2
105 5 3 2 1
106 4 1 3 3
107 1 2 1 3
108 4 2 1 3
109 4 3 0 7
110 4 7 1 4
111 6 3 0 4
112 6 3 2 3
113 5 2 2 2
114 5 3 1 6
115 8 2 1 3
116 7 1 1 5
117 6 4 2 6
118 7 1 1 1
119 6 2 2 4
120 3 6 3 2
121 3 2 5 5
122 5 7 3 1
123 6 6 2 3
124 7 3 4 12
125 6 4 1 5
126 7 1 1 8
127 5 4 3 6
128 3 3 2 9
129 5 3 2 7
130 4 4 1 4
131 4 4 0 5
132 7 5 0 5
133 4 2 2 5
134 10 2 2 7
135 9 5 1 4
136 12 0 4 5
137 9 2 2 3
138 12 4 0 3
139 12 5 1 6
140 9 6 4 5
141 10 8 1 4
142 12 7 2 6
143 11 7 5 6
144 10 3 5 6
145 8 6 6 5
146 7 5 3 3
147 11 6 5 10
148 7 8 4 10
149 10 4 5 14
150 8 5 0 11
151 6 8 4 11
152 6 3 5 14
153 8 5 3 11
154 9 8 4 8
155 13 5 3 12
156 7 9 2 6
157 9 4 6 6
158 7 4 5 12
159 13 5 2 6
160 13 4 6 7
161 16 6 2 8
162 12 6 4 13
163 14 5 5 13
164 11 7 6 9
165 10 5 4 5
166 9 4 7 13
167 20 3 3 7
168 9 9 3 10
169 18 8 6 6
170 15 5 8 12
171 10 6 2 12
172 16 12 6 14
173 23 6 4 14
174 10 12 4 9
175 14 9 6 6
176 13 6 9 11
177 11 4 4 13
178 20 10 13 12
179 17 9 1 18
180 19 6 3 17
181 16 9 8 10
182 18 12 6 18
183 13 11 7 11
184 24 11 11 16
185 14 9 5 19
186 21 9 6 17
187 21 11 10 10
188 18 7 5 23
189 22 10 8 10
190 15 5 6 15
191 21 7 4 18
192 17 9 7 14
193 19 14 12 14
194 21 14 5 14
195 16 14 10 15
196 18 15 8 24
197 15 9 9 14
198 21 17 5 17
199 19 9 6 24
200 18 15 2 32
201 17 9 7 19
202 20 10 6 16
203 19 11 6 17
204 17 10 9 16
205 14 12 5 16
206 19 9 10 15
207 13 12 11 15
208 19 8 10 17
209 7 16 5 16
210 10 8 5 20
211 11 11 11 21
212 13 12 5 19
213 7 12 5 16
214 10 7 2 22
215 6 10 3 13
216 16 4 7 21
217 14 7 7 15
218 8 4 6 18
219 9 5 4 14
220 13 6 1 18
221 9 6 5 14
222 11 4 5 15
223 9 3 4 10
224 6 2 3 8
225 8 9 10 8
226 11 7 5 6
227 14 9 4 7
228 10 7 6 6
229 9 3 4 18
230 9 4 4 13
231 5 6 4 9
232 7 6 6 11
233 7 5 4 7
234 8 7 0 11
235 11 6 8 10
236 5 7 2 10
237 6 9 1 11
238 10 5 5 10
239 8 2 6 11
240 4 5 3 5
241 4 4 1 10
242 2 4 2 15
243 2 5 2 14
244 5 7 5 9
245 1 2 1 8
246 1 3 0 4
247 4 3 4 7
248 3 3 0 7
249 4 2 2 2
250 5 2 2 6
251 2 0 1 10
252 3 3 1 4
253 6 3 2 3
254 1 1 0 5
255 2 2 0 2
256 0 1 1 3
257 1 2 0 3
258 2 5 1 1
259 2 2 1 4
260 6 1 2 4
261 3 0 1 2
262 2 1 3 3
263 5 1 1 3
264 4 1 0 1
265 2 2 1 4
266 0 0 2 3
267 0 1 1 4
268 3 1 1 2
269 0 4 2 5
270 0 2 1 1
271 3 1 0 2
272 4 2 1 2
273 0 1 2 6
274 1 0 0 2
275 1 0 0 0
276 2 0 2 5
277 2 4 2 3
278 3 0 0 2
279 3 1 0 0
280 2 2 0 1
281 2 0 1 5
282 2 1 1 0
283 3 1 1 1
284 3 0 1 3
285 1 0 2 1
286 1 0 1 2
287 0 1 0 0
288 1 2 2 1
289 0 0 1 2
290 1 1 0 4
291 1 1 1 0
292 1 0 1 2
293 2 1 2 1
294 1 0 2 2
295 2 0 2 3
296 1 0 1 0
297 1 1 0 2
298 1 1 0 2
299 0 1 0 2
300 0 0 1 1
301 1 0 0 2
302 0 1 1 1
303 0 1 0 2
304 0 0 1 1
305 0 1 0 1
306 2 0 0 1
307 0 0 0 1
308 1 0 0 0
309 0 0 0 1
310 0 1 0 0
311 1 0 0 1
312 0 0 0 1
313 0 0 1 0
314 0 0 0 1
315 0 2 0 0
316 1 1 0 0
317 1 0 0 1
318 2 0 0 0
319 1 0 0 1
320 0 0 0 1
321 0 1 0 0
322 2 0 0 1
323 2 0 0 0
324 1 0 1 0
325 1 0 0 0
326 2 0 1 0
327 1 1 2 0
328 0 0 0 2
329 1 1 0 0
330 1 0 0 1
331 1 1 0 2
332 0 2 0 0
333 0 0 0 0
334 0 2 0 1
335 0 2 1 0
336 0 1 0 1
337 1 0 0 0
338 1 0 0 2
339 0 0 0 2
340 0 0 1 0
341 0 0 0 1
342 0 0 1 3
343 0 0 0 1
344 0 0 0 1
345 1 0 0 0
346 0 0 0 1
347 1 0 1 0
348 1 0 0 0
349 2 0 0 0
350 1 0 1 0
351 2 0 0 0
352 1 1 0 0
353 3 0 0 0
354 0 1 0 1
355 1 0 0 0
356 2 0 1 1
357 1 0 2 1
358 0 1 2 0
359 1 1 0 0
360 0 1 1 1
361 0 0 1 1
362 1 0 2 2
363 0 0 0 0
364 0 0 0 5
365 0 0 1 2
366 1 0 0 0
367 0 0 1 0
368 0 0 1 0
369 0 0 0 2
370 0 0 0 0
371 1 1 0 1
372 1 0 0 1
373 0 0 0 0
374 1 0 0 1
375 0 0 0 1
376 1 0 0 0
377 1 1 0 0
378 1 0 0 0
379 0 1 0 0
380 1 0 1 0
381 0 1 0 0
382 0 0 0 0
383 0 0 0 0
384 0 0 0 1
385 0 1 0 0
386 2 1 0 1
387 1 0 1 1
388 0 0 0 1
389 0 0 0 0
390 0 0 0 0
391 0 0 0 0
392 0 0 0 1
393 0 0 0 1
394 2 0 0 1
395 0 2 1 0
396 0 0 0 0
397 0 0 0 0
398 1 0 0 0
399 1 0 0 2
400 0 0 0 0
401 0 0 0 0
402 0 0 0 1
403 1 2 1 0
404 0 1 0 0
405 0 0 0 0
406 0 0 0 0
407 0 0 0 0
408 0 0 0 1
409 2 0 1 0
410 0 0 0 3
411 0 0 0 0
412 0 0 0 0
413 0 0 0 1
414 0 0 1 0
415 0 0 0 0
416 1 0 0 0
417 2 0 0 0
418 1 0 1 0
419 0 0 0 0
420 0 0 0 0
421 1 0 1 1
422 2 1 0 0
423 0 0 0 0
424 0 0 0 0
425 0 0 0 1
426 0 1 1 0
427 0 2 0 0
428 0 0 0 1
429 0 0 0 1
430 0 0 0 1
431 0 0 1 1
432 0 0 0 0
433 1 0 0 1
434 1 0 0 1
435 2 0 0 1
436 1 0 0 0
437 2 0 0 0
438 1 0 0 0
439 2 0 0 0
440 1 1 0 0
441 2 0 0 0
442 1 0 3 0
443 1 2 0 0
444 1 1 1 0
445 1 2 0 0
446 3 0 0 3
447 3 0 0 2
448 1 0 2 0
449 1 0 1 1
450 0 1 2 2
451 0 2 0 2
452 0 0 1 2
453 1 0 1 0
454 0 0 0 0
455 1 1 2 0
456 0 1 0 1
457 1 0 0 4
458 0 0 1 2
459 3 0 0 2
460 0 0 1 0
461 0 0 0 0
462 2 0 1 3
463 2 0 0 1
464 1 0 0 0
465 0 0 0 0
466 1 0 1 1
467 3 0 0 1
468 1 2 1 0
469 2 1 0 0
470 1 0 0 0
471 0 2 0 0
472 1 1 4 2
473 1 0 1 1
474 1 2 0 0
475 4 2 0 3
476 0 0 0 3
477 0 1 0 1
478 1 0 0 2
479 0 0 0 4
480 1 3 0 0
481 0 0 0 1
482 1 1 0 1
483 2 1 0 0
484 2 0 1 2
485 3 0 0 0
486 2 0 0 0
487 2 1 1 2
488 2 0 2 1
489 3 3 0 1
490 1 0 3 0
491 0 1 1 1
492 1 0 1 1
493 1 2 0 2
494 0 1 1 2
495 1 0 2 1
496 1 0 0 1
497 2 0 1 2
498 2 1 0 4
499 1 0 0 2
500 1 0 0 2
501 1 0 1 1
502 3 0 2 1
503 2 1 0 0
504 1 1 0 0
505 3 0 0 2
506 1 0 1 1
507 4 1 1 0
508 3 1 2 0
509 0 1 0 1
510 2 2 2 1
511 1 2 1 1
512 6 1 1 2
513 3 0 0 3
514 3 0 1 3
515 3 2 0 1
516 2 2 1 2
517 0 6 2 3
518 1 2 1 3
519 2 1 1 1
520 2 2 0 2
521 3 1 3 4
522 2 0 0 3
523 3 0 1 3
524 3 1 2 4
525 1 1 0 3
526 2 2 0 2
527 1 1 1 2
528 0 2 0 2
529 3 2 1 0
530 4 2 0 1
531 2 0 1 3
532 2 1 1 2
533 1 0 0 3
534 1 1 0 1
535 4 0 4 1
536 3 1 0 3
537 3 1 0 2
538 1 3 0 1
539 2 2 1 1
540 1 1 2 1
541 3 2 1 3
542 2 1 0 3
543 2 0 0 2
544 1 0 2 3
545 2 1 1 2
546 2 1 4 1
547 0 1 1 1
548 4 2 2 3
549 4 1 0 2
550 1 3 0 1
551 3 0 0 2
552 2 0 0 4
553 2 3 1 3
554 2 1 1 2
555 2 1 1 2
556 1 1 1 2
557 4 1 0 4
558 2 3 0 2
559 4 0 1 1
560 2 2 0 1
561 1 2 0 1
562 3 4 0 3
563 3 1 1 2
564 3 3 2 1
565 2 1 0 2
566 4 2 1 4
567 2 2 1 3
568 2 1 1 6
569 4 1 1 1
570 2 1 0 1
571 0 5 0 1
572 0 0 1 1
573 1 0 2 5
574 2 3 0 4
575 1 1 2 4
576 2 1 1 1
577 6 0 1 0
578 0 1 2 3
579 2 0 0 1
580 2 0 0 4
581 0 0 0 2
582 3 3 0 4
583 4 0 2 0
584 1 1 0 0
585 2 1 2 1
586 1 0 3 3
587 2 1 1 0
588 2 2 0 1
589 1 0 1 0
590 2 1 1 2
591 3 1 0 1
592 0 3 1 4
593 0 1 0 2
594 0 1 1 3
595 0 1 0 2
596 0 5 1 1
597 1 1 0 1
598 1 0 0 3
599 0 0 0 5
600 1 0 1 3
601 1 0 0 0
602 1 1 0 0
603 1 0 0 3
604 2 0 0 1
605 2 0 0 0
606 0 0 0 1
607 1 1 1 1
608 0 1 0 0
609 0 1 0 0
610 0 1 1 0
611 1 0 0 2
612 1 1 0 0
613 0 1 1 1
614 0 0 1 1
615 1 0 0 1
616 1 0 0 0
617 1 0 0 2
618 0 0 0 1
619 2 0 0 1
620 1 1 1 1
621 0 0 2 0
622 1 1 0 0
623 1 0 0 0
624 1 0 1 1
625 0 0 1 0
626 0 0 0 0
627 0 1 0 1
628 1 1 0 2
629 0 0 0 2
630 0 0 0 0
631 0 0 0 2
632 1 1 0 0
633 0 1 1 1
634 0 0 0 0
635 0 0 0 0
636 0 0 0 0
637 0 0 0 0
638 1 0 0 0
639 1 0 0 1
640 0 0 0 2
641 1 0 1 0
642 1 0 0 0
643 0 0 0 0
644 0 1 0 0
645 0 0 0 1
646 0 0 0 0
647 1 2 0 0
648 1 0 0 0
649 0 0 0 0
650 1 1 0 0
651 1 0 0 2
652 1 0 1 0
653 1 0 0 0
654 1 0 0 2
655 1 0 0 0
656 0 0 0 1
657 0 0 1 0
658 0 0 0 0
659 0 2 0 0
660 0 0 1 0
661 1 1 0 0
662 0 1 0 0
663 1 1 0 1
664 0 0 0 2
665 1 0 0 1
666 0 1 0 2
667 0 0 0 0
668 0 0 0 0
669 0 0 0 0
670 1 1 0 2
671 0 0 0 0
672 1 1 0 0
673 0 0 0 0
674 0 0 0 1
675 1 0 1 0
676 0 0 0 1
677 0 0 0 0
678 0 0 0 0
679 0 0 0 1
680 0 1 0 0
681 0 0 1 0
682 0 0 0 0
683 0 0 0 0
684 0 0 0 1
685 0 0 0 1
686 0 0 0 0
687 0 0 0 0
688 0 0 0 0
689 0 0 0 0
690 0 0 0 0
691 0 0 0 0
692 0 0 0 0
693 0 0 0 0
694 0 0 0 0
695 0 0 0 0
696 0 0 0 0
697 0 0 0 0
698 0 0 0 0
699 0 0 0 0
700 0 0 0 0
701 0 0 0 0
702 0 0 0 0
703 0 0 0 0
704 0 0 0 0
705 0 0 0 0
706 0 0 0 0
707 0 0 0 0
708 0 0 0 0
709 0 0 0 0
710 0 0 0 0
711 0 0 0 0
712 0 0 0 0
713 0 0 0 0
714 0 0 0 0
715 0 0 0 0
716 0 0 0 0
717 0 0 0 0
718 0 0 0 0
719 0 0 0 0
720 0 0 0 0
721 0 0 0 0
722 0 0 0 0
723 0 0 0 0
724 0 0 0 0
725 0 0 0 0
726 0 0 0 0
727 0 0 0 0
