0 0 0 0 0
1 0 0 0 0
2 0 0 0 0
3 0 0 0 0
4 0 0 0 0
5 0 3 0 0
6 0 1 0 0
7 0 0 0 0
8 0 0 0 0
9 0 0 1 0
10 0 0 0 0
11 0 0 0 0
12 0 0 0 3
13 0 0 0 1
14 0 0 0 0
15 0 0 0 0
16 0 0 0 1
17 0 0 0 0
18 1 0 0 0
19 1 0 0 0
20 1 0 0 0
21 3 0 0 0
22 2 0 0 0
23 3 0 1 0
24 2 1 0 0
25 1 0 1 0
26 2 0 1 0
27 1 1 0 0
28 0 1 1 1
29 1 0 1 1
30 0 0 2 1
31 3 2 1 1
32 2 0 1 1
33 1 1 0 2
34 1 0 1 0
35 2 0 0 3
36 1 1 1 1
37 1 2 0 3
38 2 2 0 1
39 1 1 0 0
40 4 3 0 1
41 3 1 0 1
42 2 1 1 1
43 4 2 0 2
44 2 1 0 4
45 5 3 0 1
46 3 1 0 1
47 1 0 2 1
48 3 1 2 2
49 1 2 0 3
50 1 4 0 3
51 1 0 2 1
52 1 1 0 1
53 1 2 1 2
54 3 2 2 4
55 3 1 1 3
56 2 0 1 2
57 9 2 1 4
58 3 0 0 3
59 6 0 0 1
60 4 0 0 0
61 1 0 0 2
62 6 1 1 1
63 3 2 3 1
64 4 2 3 3
65 3 3 2 0
66 2 7 3 1
67 3 2 2 3
68 3 4 1 3
69 5 3 2 4
70 8 1 1 10
71 5 1 2 5
72 4 2 0 5
73 3 1 2 6
74 4 1 3 2
75 2 4 1 2
76 2 3 1 1
77 3 0 2 5
78 4 3 0 4
79 6 2 3 3
80 4 1 2 1
81 8 3 1 3
82 3 2 2 5
83 3 4 2 6
84 6 5 2 2
85 9 4 0 5
86 3 2 2 5
87 6 1 3 5
88 7 1 0 6
89 10 3 1 6
90 5 3 6 4
91 9 2 2 4
92 5 2 5 1
93 7 4 2 3
94 4 8 2 7
95 9 2 0 5
96 9 5 2 6
97 8 5 1 8
98 10 5 4 7
99 7 4 1 4
100 4 5 6 5
101 4 4 2 4
102 7 8 2 2
103 15 3 3 10
104 8 4 1 12
105 7 4 3 11
106 5 2 3 4
107 9 6 1 6
108 7 3 8 3
109 10 6 1 12
110 5 5 1 6
111 11 3 4 6
112 10 4 6 9
113 11 4 3 7
114 8 4 4 6
115 13 1 5 9
116 10 5 5 10
117 14 3 5 8
118 14 6 5 6
119 15 0 5 5
120 17 8 3 7
121 10 8 6 9
122 13 13 6 9
123 17 5 7 9
124 13 8 8 13
125 14 8 4 10
126 13 2 0 14
127 16 8 5 11
128 13 9 3 19
129 13 10 5 15
130 13 11 5 5
131 17 11 8 12
132 18 12 7 10
133 11 4 7 11
134 9 10 7 14
135 17 7 2 12
136 19 10 3 17
137 14 13 5 15
138 15 5 3 22
139 21 4 5 13
140 16 11 5 9
141 15 10 5 12
142 18 12 5 8
143 18 11 4 12
144 20 16 7 23
145 16 9 9 12
146 21 5 8 10
147 17 10 7 13
148 19 10 5 16
149 16 10 7 23
150 24 9 7 12
151 26 8 9 25
152 25 10 10 19
153 25 14 7 18
154 27 7 7 14
155 15 18 13 9
156 23 16 7 18
157 33 14 6 18
158 26 15 11 21
159 24 12 7 24
160 26 8 9 31
161 22 16 8 14
162 22 17 13 24
163 20 21 10 19
164 27 12 4 19
165 30 14 9 27
166 21 18 11 25
167 24 11 12 20
168 32 17 13 22
169 34 14 7 23
170 36 21 7 37
171 25 15 7 21
172 19 11 9 29
173 19 15 15 21
174 27 19 10 22
175 26 17 14 27
176 49 11 12 25
177 44 12 17 32
178 36 13 15 23
179 42 15 13 18
180 34 15 7 21
181 39 20 19 24
182 35 20 15 39
183 41 28 10 27
184 43 26 6 37
185 28 27 13 30
186 45 22 19 35
187 29 18 13 23
188 52 29 13 37
189 42 24 18 37
190 35 20 11 43
191 36 23 23 32
192 29 18 13 32
193 39 25 16 41
194 33 18 14 27
195 39 25 15 46
196 26 19 16 34
197 36 22 14 35
198 39 29 14 47
199 37 24 6 43
200 38 19 15 38
201 30 20 11 25
202 38 24 17 44
203 35 25 15 31
204 25 23 21 39
205 25 21 13 39
206 23 15 12 35
207 21 21 17 38
208 32 24 9 36
209 18 20 15 39
210 17 20 8 28
211 14 21 9 34
212 23 19 9 33
213 16 20 9 35
214 19 14 8 39
215 22 10 6 30
216 19 9 7 32
217 21 12 14 26
218 24 10 8 29
219 16 13 5 23
220 13 12 10 21
221 19 10 9 22
222 19 18 5 17
223 19 13 9 16
224 7 6 8 19
225 12 9 6 27
226 16 16 5 22
227 6 13 9 24
228 9 10 5 15
229 14 5 6 16
230 14 11 6 21
231 5 12 4 19
232 4 9 5 15
233 10 5 4 15
234 10 7 5 15
235 6 6 6 15
236 10 2 2 14
237 5 1 5 19
238 9 2 7 10
239 4 12 5 10
240 6 4 2 3
241 3 2 5 12
242 5 4 1 10
243 8 3 2 10
244 7 3 2 8
245 1 2 6 7
246 8 3 3 10
247 4 7 1 8
248 3 3 3 8
249 7 4 1 8
250 1 2 1 2
251 4 5 5 6
252 2 3 3 5
253 2 3 1 9
254 4 1 3 5
255 2 1 2 7
256 3 1 3 6
257 2 1 2 4
258 3 4 2 7
259 4 0 1 4
260 3 1 1 4
261 4 3 1 4
262 2 0 0 5
263 4 4 2 1
264 2 2 1 2
265 2 0 3 6
266 0 2 4 1
267 2 0 0 5
268 4 2 4 4
269 1 1 0 2
270 4 1 0 6
271 3 2 0 1
272 4 1 1 3
273 5 1 1 1
274 2 0 2 2
275 2 0 2 5
276 4 1 2 1
277 1 1 1 3
278 1 2 2 1
279 1 4 2 1
280 1 1 0 0
281 0 4 2 2
282 2 0 1 4
283 1 1 0 3
284 0 2 0 2
285 2 1 0 6
286 0 1 0 5
287 0 1 0 1
288 0 1 1 3
289 0 1 0 3
290 2 1 0 1
291 0 0 0 1
292 0 0 0 1
293 0 0 0 1
294 0 1 0 1
295 1 0 1 1
296 1 0 0 1
297 0 0 0 0
298 0 0 0 0
299 0 1 0 1
300 0 1 0 0
301 0 1 0 1
302 0 0 0 0
303 0 0 0 0
304 0 0 0 1
305 0 0 0 1
306 0 0 0 1
307 0 0 0 0
308 0 0 0 0
309 0 0 0 0
310 0 0 0 0
311 0 0 0 0
312 0 0 0 0
313 0 0 0 0
314 0 0 0 0
315 0 0 0 0
316 0 0 0 0
317 0 0 0 0
318 0 0 0 0
319 0 0 0 0
320 0 0 0 0
321 0 0 0 0
322 0 0 0 0
323 0 0 0 0
324 0 0 0 0
325 0 0 0 0
326 0 0 0 0
327 0 0 0 0
328 0 0 0 0
329 0 0 0 0
330 0 0 0 0
331 0 0 0 0
332 0 0 0 0
333 0 0 0 0
334 0 0 0 0
335 0 0 0 0
336 0 0 0 0
337 0 0 0 0
338 0 0 0 0
339 0 0 0 0
340 0 0 0 0
341 0 0 0 0
342 0 0 0 0
343 0 0 0 0
344 0 0 0 0
345 0 0 0 0
346 0 0 0 0
347 0 0 0 0
348 0 0 0 0
349 0 0 0 0
350 0 0 0 0
351 0 0 0 0
352 0 0 0 0
353 0 0 0 0
354 0 0 0 0
355 0 0 0 0
356 0 0 0 0
357 0 0 0 0
358 0 0 0 0
359 0 0 0 0
360 0 0 0 0
361 0 0 0 0
362 0 0 0 0
363 0 0 0 0
364 0 0 0 0
365 0 0 0 0
366 0 0 0 0
367 0 0 0 0
368 0 0 0 0
369 0 0 0 0
370 0 0 0 0
371 0 0 0 0
372 0 0 0 0
373 0 0 0 0
374 0 0 0 0
375 0 0 0 0
376 0 0 0 0
377 0 0 0 0
378 0 0 0 0
379 0 0 0 0
380 0 0 0 0
381 0 0 0 0
382 0 0 0 0
383 0 0 0 0
384 0 0 0 0
385 0 0 0 0
386 0 0 0 0
387 0 0 0 0
388 0 0 0 0
389 0 0 0 0
390 0 0 0 0
391 0 0 0 0
392 0 0 0 0
393 0 0 0 0
394 0 0 0 0
395 0 0 0 0
396 0 0 0 0
397 0 0 0 0
398 0 0 0 0
399 0 0 0 0
400 0 0 0 0
401 0 0 0 0
402 0 0 0 0
403 0 0 0 0
404 0 0 0 0
405 0 0 0 0
406 0 0 0 0
407 0 0 0 0
408 0 0 0 0
409 0 0 0 0
410 0 0 0 0
411 0 0 0 0
412 0 0 0 0
413 0 0 0 0
414 0 0 0 0
415 0 0 0 0
416 0 0 0 0
417 0 0 0 0
418 0 0 0 0
419 0 0 0 0
420 0 0 0 0
421 0 0 0 0
422 0 0 0 0
423 0 0 0 0
424 0 0 0 0
425 0 0 0 0
426 0 0 0 0
427 0 0 0 0
428 0 0 0 0
429 0 0 0 0
430 0 0 0 0
431 0 0 0 0
432 0 0 0 0
433 0 0 0 0
434 0 0 0 0
435 0 0 0 0
436 0 0 0 0
437 0 0 0 0
438 0 0 0 0
439 0 0 0 0
440 0 0 0 0
441 0 0 0 0
442 0 0 0 0
443 0 0 0 0
444 0 0 0 0
445 0 0 0 0
446 0 0 0 0
447 0 0 0 0
448 0 0 0 0
449 0 0 0 0
450 0 0 0 0
451 0 0 0 0
452 0 0 0 0
453 0 0 0 0
454 0 0 0 0
455 0 0 0 0
456 0 0 0 0
457 0 0 0 0
458 0 0 0 0
459 0 0 0 0
460 0 0 0 0
461 0 0 0 0
462 0 0 0 0
463 0 0 0 0
464 0 0 0 0
465 0 0 0 0
466 0 0 0 0
467 0 0 0 0
468 0 0 0 0
469 0 0 0 0
470 0 0 0 0
471 0 0 0 0
472 0 0 0 0
473 0 0 0 0
474 0 0 0 0
475 0 0 0 0
476 0 0 0 0
477 0 0 0 0
478 0 0 0 0
479 0 0 0 0
480 0 0 0 0
481 0 0 0 0
482 0 0 0 0
483 0 0 0 0
484 0 0 0 0
485 0 0 0 0
486 0 0 0 0
487 0 0 0 0
488 0 0 0 0
489 0 0 0 0
490 0 0 0 0
491 0 0 0 0
492 0 0 0 0
493 0 0 0 0
494 0 0 0 0
495 0 0 0 0
496 0 0 0 0
497 0 0 0 0
498 0 0 0 0
499 0 0 0 0
500 0 0 0 0
501 0 0 0 0
502 0 0 0 0
503 0 0 0 0
504 0 0 0 0
505 0 0 0 0
506 0 0 0 0
507 0 0 0 0
508 0 0 0 0
509 0 0 0 0
510 0 0 0 0
511 0 0 0 0
512 0 0 0 0
513 0 0 0 0
514 0 0 0 0
515 0 0 0 0
516 0 0 0 0
517 0 0 0 0
518 0 0 0 0
519 0 0 0 0
520 0 0 0 0
521 0 0 0 0
522 0 0 0 0
523 0 0 0 0
524 0 0 0 0
525 0 0 0 0
526 0 0 0 0
527 0 0 0 0
528 0 0 0 0
529 0 0 0 0
530 0 0 0 0
531 0 0 0 0
532 0 0 0 0
533 0 0 0 0
534 0 0 0 0
535 0 0 0 0
536 0 0 0 0
537 0 0 0 0
538 0 0 0 0
539 0 0 0 0
540 0 0 0 0
541 0 0 0 0
542 0 0 0 0
543 0 0 0 0
544 0 0 0 0
545 0 0 0 0
546 0 0 0 0
547 0 0 0 0
548 0 0 0 0
549 0 0 0 0
550 0 0 0 0
551 0 0 0 0
552 0 0 0 0
553 0 0 0 0
554 0 0 0 0
555 0 0 0 0
556 0 0 0 0
557 0 0 0 0
558 0 0 0 0
559 0 0 0 0
560 0 0 0 0
561 0 0 0 0
562 0 0 0 0
563 0 0 0 0
564 0 0 0 0
565 0 0 0 0
566 0 0 0 0
567 0 0 0 0
568 0 0 0 0
569 0 0 0 0
570 0 0 0 0
571 0 0 0 0
572 0 0 0 0
573 0 0 0 0
574 0 0 0 0
575 0 0 0 0
576 0 0 0 0
577 0 0 0 0
578 0 0 0 0
579 0 0 0 0
580 0 0 0 0
581 0 0 0 0
582 0 0 0 0
583 0 0 0 0
584 0 0 0 0
585 0 0 0 0
586 0 0 0 0
587 0 0 0 0
588 0 0 0 0
589 0 0 0 0
590 0 0 0 0
591 0 0 0 0
592 0 0 0 0
593 0 0 0 0
594 0 0 0 0
595 0 0 0 0
596 0 0 0 0
597 0 0 0 0
598 0 0 0 0
599 0 0 0 0
600 0 0 0 0
601 0 0 0 0
602 0 0 0 0
603 0 0 0 0
604 0 0 0 0
605 0 0 0 0
606 0 0 0 0
607 0 0 0 0
608 0 0 0 0
609 0 0 0 0
610 0 0 0 0
611 0 0 0 0
612 0 0 0 0
613 0 0 0 0
614 0 0 0 0
615 0 0 0 0
616 0 0 0 0
617 0 0 0 0
618 0 0 0 0
619 0 0 0 0
620 0 0 0 0
621 0 0 0 0
622 0 0 0 0
623 0 0 0 0
624 0 0 0 0
625 0 0 0 0
626 0 0 0 0
627 0 0 0 0
628 0 0 0 0
629 0 0 0 0
630 0 0 0 0
631 0 0 0 0
632 0 0 0 0
633 0 0 0 0
634 0 0 0 0
635 0 0 0 0
636 0 0 0 0
637 0 0 0 0
638 0 0 0 0
639 0 0 0 0
640 0 0 0 0
641 0 0 0 0
642 0 0 0 0
643 0 0 0 0
644 0 0 0 0
645 0 0 0 0
646 0 0 0 0
647 0 0 0 0
648 0 0 0 0
649 0 0 0 0
650 0 0 0 0
651 0 0 0 0
652 0 0 0 0
653 0 0 0 0
654 0 0 0 0
655 0 0 0 0
656 0 0 0 0
657 0 0 0 0
658 0 0 0 0
659 0 0 0 0
660 0 0 0 0
661 0 0 0 0
662 0 0 0 0
663 0 0 0 0
664 0 0 0 0
665 0 0 0 0
666 0 0 0 0
667 0 0 0 0
668 0 0 0 0
669 0 0 0 0
670 0 0 0 0
671 0 0 0 0
672 0 0 0 0
673 0 0 0 0
674 0 0 0 0
675 0 0 0 0
676 0 0 0 0
677 0 0 0 0
678 0 0 0 0
679 0 0 0 0
680 0 0 0 0
681 0 0 0 0
682 0 0 0 0
683 0 0 0 0
684 0 0 0 0
685 0 0 0 0
686 0 0 0 0
687 0 0 0 0
688 0 0 0 0
689 0 0 0 0
690 0 0 0 0
691 0 0 0 0
692 0 0 0 0
693 0 0 0 0
694 0 0 0 0
695 0 0 0 0
696 0 0 0 0
697 0 0 0 0
698 0 0 0 0
699 0 0 0 0
700 0 0 0 0
701 0 0 0 0
702 0 0 0 0
703 0 0 0 0
704 0 0 0 0
705 0 0 0 0
706 0 0 0 0
707 0 0 0 0
708 0 0 0 0
709 0 0 0 0
710 0 0 0 0
711 0 0 0 0
712 0 0 0 0
713 0 0 0 0
714 0 0 0 0
715 0 0 0 0
716 0 0 0 0
717 0 0 0 0
718 0 0 0 0
719 0 0 0 0
720 0 0 0 0
721 0 0 0 0
722 0 0 0 0
723 0 0 0 0
724 0 0 0 0
725 0 0 0 0
726 0 0 0 0
727 0 0 0 0
