0 0 0 0 0
1 0 0 0 0
2 0 0 0 0
3 0 0 0 0
4 0 0 0 0
5 0 0 2 0
6 0 0 1 0
7 0 0 0 0
8 0 0 0 0
9 0 1 1 2
10 0 0 0 1
11 0 0 0 0
12 0 0 0 0
13 0 0 0 1
14 0 0 0 0
15 0 0 0 0
16 0 0 0 1
17 0 0 0 0
18 2 0 0 0
19 0 0 0 0
20 0 0 0 0
21 0 0 0 0
22 0 0 0 0
23 2 2 0 0
24 0 0 0 0
25 0 0 0 0
26 0 0 0 0
27 0 0 0 0
28 1 0 1 0
29 0 0 0 0
30 0 0 0 2
31 1 0 0 0
32 0 0 1 0
33 0 0 0 0
34 1 0 0 0
35 1 0 0 1
36 0 0 0 1
37 0 0 1 0
38 0 0 0 0
39 0 0 0 0
40 0 1 0 0
41 2 0 0 0
42 1 0 0 0
43 0 1 0 0
44 0 1 0 2
45 1 0 0 0
46 0 0 1 0
47 0 0 1 1
48 0 0 0 0
49 1 0 0 0
50 0 1 1 1
51 1 0 0 2
52 1 0 0 0
53 0 0 0 0
54 1 0 1 1
55 0 0 0 0
56 3 0 0 0
57 2 0 0 1
58 2 0 0 1
59 1 0 0 0
60 1 1 0 0
61 1 1 0 0
62 1 0 0 0
63 2 1 2 0
64 1 0 0 1
65 3 1 2 1
66 2 1 2 0
67 0 0 1 1
68 0 1 1 0
69 2 1 0 2
70 2 0 0 4
71 1 0 0 1
72 1 0 1 1
73 2 0 1 2
74 1 2 2 0
75 2 2 2 2
76 2 2 0 1
77 1 0 0 1
78 3 0 1 2
79 1 0 0 1
80 2 0 0 2
81 0 2 0 2
82 0 1 0 3
83 0 1 2 0
84 1 2 1 1
85 1 2 0 1
86 3 0 1 1
87 1 0 1 0
88 2 0 0 4
89 3 2 0 0
90 3 1 0 4
91 4 0 0 2
92 0 0 0 1
93 5 0 1 1
94 6 0 2 1
95 4 2 1 1
96 3 2 1 0
97 2 1 1 0
98 1 2 3 1
99 4 4 1 2
100 3 3 1 3
101 4 2 0 2
102 2 2 1 3
103 0 0 3 3
104 1 2 2 4
105 1 2 2 5
106 2 0 1 3
107 3 0 0 4
108 1 2 1 1
109 4 1 1 4
110 1 3 1 1
111 3 1 1 3
112 2 1 1 3
113 4 1 0 0
114 2 3 1 3
115 1 0 1 4
116 2 2 1 1
117 2 0 0 3
118 3 4 1 4
119 0 2 1 2
120 1 1 0 1
121 2 3 0 2
122 3 1 0 1
123 5 2 1 4
124 5 0 0 1
125 6 0 1 5
126 2 2 0 2
127 2 3 0 2
128 3 4 0 2
129 3 3 1 0
130 2 2 0 2
131 4 2 2 2
132 4 3 0 4
133 2 3 0 2
134 2 2 4 2
135 2 1 0 4
136 2 1 1 6
137 2 2 2 3
138 3 2 1 5
139 1 1 0 1
140 3 1 2 2
141 2 1 3 4
142 2 0 1 1
143 0 2 1 2
144 3 1 0 5
145 5 3 1 4
146 4 2 1 0
147 1 0 0 3
148 7 0 1 3
149 4 0 0 3
150 7 3 0 4
151 5 3 2 0
152 4 0 0 2
153 3 4 1 0
154 6 4 1 2
155 8 3 2 2
156 8 3 1 0
157 8 3 5 3
158 3 1 1 6
159 7 5 4 3
160 6 8 1 4
161 6 5 1 8
162 2 5 1 4
163 8 0 0 9
164 5 4 1 8
165 5 6 3 6
166 4 3 4 4
167 5 2 1 3
168 6 5 2 4
169 5 6 0 8
170 6 2 4 3
171 5 2 1 3
172 10 5 1 8
173 10 2 1 9
174 6 2 2 6
175 10 5 2 5
176 5 3 1 5
177 11 6 2 3
178 10 2 6 2
179 9 3 2 8
180 12 6 3 4
181 8 7 1 5
182 12 7 5 8
183 11 3 3 7
184 8 7 3 10
185 7 3 2 5
186 9 4 5 7
187 8 6 3 7
188 8 1 4 12
189 12 9 5 8
190 9 4 6 7
191 9 5 5 9
192 3 9 4 2
193 12 4 5 11
194 13 8 4 9
195 8 4 7 13
196 11 3 2 12
197 15 3 1 13
198 10 9 2 7
199 11 5 6 13
200 14 7 3 9
201 9 5 3 8
202 16 9 4 13
203 10 6 6 6
204 8 5 4 7
205 10 10 6 9
206 11 5 4 10
207 14 10 4 9
208 12 2 4 10
209 9 6 5 14
210 7 7 5 13
211 12 6 7 12
212 5 8 4 15
213 8 8 1 10
214 6 7 4 11
215 13 2 5 8
216 3 8 6 8
217 9 8 3 8
218 3 6 3 13
219 9 4 3 11
220 3 6 3 12
221 3 1 2 12
222 1 3 2 9
223 4 1 3 10
224 2 7 7 7
225 3 1 1 6
226 5 5 3 6
227 2 0 2 11
228 7 3 4 9
229 4 3 0 2
230 4 1 1 5
231 7 4 1 7
232 3 2 1 6
233 7 7 0 6
234 2 1 4 1
235 4 2 0 4
236 1 1 2 3
237 2 1 0 6
238 2 3 1 7
239 4 5 1 1
240 1 4 0 6
241 2 2 1 2
242 4 2 5 1
243 3 0 1 6
244 1 3 1 2
245 2 2 1 5
246 3 2 0 4
247 4 1 2 3
248 2 5 0 4
249 2 0 1 5
250 2 1 1 2
251 2 2 2 4
252 5 1 0 3
253 2 1 0 2
254 2 0 2 2
255 1 1 1 5
256 1 1 4 0
257 5 1 3 2
258 2 0 1 3
259 3 0 1 3
260 1 0 0 1
261 2 1 2 1
262 1 5 1 0
263 1 2 1 4
264 1 3 0 4
265 1 1 0 3
266 2 1 2 6
267 0 0 0 1
268 1 2 0 3
269 1 0 0 2
270 0 0 0 5
271 0 2 0 1
272 2 0 0 2
273 1 0 1 0
274 2 1 1 0
275 0 1 0 2
276 0 0 0 0
277 0 1 0 1
278 0 0 1 2
279 0 1 0 0
280 2 0 0 0
281 1 1 1 1
282 1 0 0 1
283 1 1 0 1
284 0 0 0 0
285 0 0 1 1
286 0 1 0 0
287 1 0 1 1
288 2 0 1 2
289 0 1 0 1
290 0 0 0 0
291 0 0 0 0
292 1 0 0 0
293 1 1 0 1
294 0 0 0 1
295 1 0 0 1
296 0 1 0 1
297 0 2 0 0
298 0 1 0 0
299 0 0 0 0
300 0 1 0 2
301 1 0 0 0
302 1 0 0 0
303 1 0 0 0
304 0 0 0 2
305 0 0 0 1
306 3 1 0 0
307 2 0 1 1
308 1 0 1 0
309 1 0 0 0
310 3 0 0 0
311 1 2 1 1
312 2 0 0 1
313 1 0 1 1
314 2 0 1 0
315 0 1 1 1
316 0 3 0 0
317 0 0 1 2
318 0 0 1 1
319 0 2 1 1
320 0 0 0 3
321 0 1 0 2
322 0 0 0 1
323 0 0 0 2
324 0 0 0 0
325 0 0 0 1
326 0 0 0 1
327 0 0 0 0
328 0 0 0 1
329 1 0 0 0
330 1 0 0 0
331 0 0 0 0
332 1 0 0 0
333 0 0 0 0
334 0 0 0 0
335 1 0 0 0
336 0 0 0 0
337 1 1 0 0
338 0 1 0 0
339 0 1 0 0
340 1 0 0 0
341 0 0 0 0
342 1 0 0 0
343 0 0 0 1
344 1 1 0 1
345 0 0 1 1
346 0 1 0 0
347 0 0 0 0
348 0 0 0 0
349 0 0 0 1
350 0 0 0 1
351 0 0 1 0
352 0 0 0 1
353 0 1 0 0
354 0 0 0 0
355 0 0 0 1
356 0 0 0 0
357 1 0 0 0
358 0 0 0 0
359 0 0 0 0
360 1 0 0 1
361 0 0 0 0
362 0 0 1 0
363 0 0 0 0
364 1 0 0 0
365 0 0 0 0
366 0 0 0 1
367 1 0 0 0
368 0 0 0 0
369 0 0 1 0
370 0 0 0 0
371 1 0 0 0
372 0 0 1 0
373 0 1 0 1
374 0 0 0 0
375 1 0 0 0
376 0 0 0 0
377 0 0 0 0
378 0 0 0 0
379 0 0 0 1
380 0 1 0 1
381 0 0 0 0
382 0 0 0 0
383 0 0 0 0
384 0 1 0 1
385 0 0 0 0
386 0 0 0 0
387 0 0 0 0
388 0 0 0 0
389 0 0 0 0
390 0 0 0 0
391 0 0 0 1
392 0 0 0 0
393 0 0 0 0
394 0 0 0 0
395 0 0 0 0
396 0 0 0 0
397 0 0 0 0
398 0 0 0 0
399 1 0 0 0
400 0 0 0 0
401 0 0 0 0
402 0 0 0 0
403 0 0 0 0
404 2 1 0 0
405 0 0 0 0
406 0 0 0 0
407 0 0 0 0
408 0 0 0 1
409 0 0 0 0
410 0 0 0 0
411 0 0 0 0
412 0 0 0 0
413 0 1 1 0
414 0 0 0 0
415 0 0 0 0
416 0 0 0 0
417 0 0 0 1
418 1 0 0 0
419 0 0 0 0
420 1 0 0 1
421 0 0 0 0
422 0 0 0 0
423 1 0 0 0
424 1 0 0 0
425 1 0 1 0
426 0 0 0 0
427 1 1 0 0
428 1 0 0 0
429 0 1 0 1
430 0 1 0 0
431 1 0 0 0
432 0 2 0 0
433 0 0 0 1
434 1 0 0 2
435 0 0 0 0
436 0 0 1 1
437 0 1 0 0
438 1 0 0 0
439 0 1 0 1
440 0 0 0 0
441 1 0 0 1
442 0 0 0 0
443 1 0 1 2
444 0 0 0 0
445 0 0 0 0
446 0 1 0 0
447 0 0 0 1
448 0 0 0 0
449 1 0 1 0
450 0 0 0 0
451 0 0 0 1
452 1 0 0 0
453 0 0 0 0
454 0 0 1 0
455 0 0 0 0
456 0 0 0 1
457 0 0 1 0
458 1 0 0 1
459 1 0 0 0
460 0 0 0 0
461 0 0 0 0
462 0 0 0 0
463 1 0 0 0
464 0 1 0 1
465 0 0 0 0
466 0 0 0 0
467 1 1 0 0
468 1 1 0 1
469 0 0 0 0
470 1 0 0 0
471 0 0 0 0
472 1 1 0 0
473 0 1 0 0
474 0 0 0 1
475 1 0 1 1
476 0 0 0 1
477 0 0 0 1
478 0 0 0 0
479 0 0 0 0
480 0 1 0 0
481 0 1 0 0
482 0 0 0 1
483 0 0 0 0
484 2 0 0 0
485 1 0 0 1
486 1 0 0 0
487 3 0 0 1
488 0 0 0 0
489 2 0 0 0
490 0 0 0 0
491 1 0 0 0
492 0 1 1 0
493 2 1 1 0
494 0 1 1 0
495 0 0 1 0
496 0 1 0 2
497 0 0 0 2
498 0 2 0 0
499 1 0 0 1
500 0 1 0 0
501 0 0 0 2
502 0 1 0 1
503 0 0 0 1
504 0 0 1 0
505 2 0 0 1
506 1 0 0 1
507 1 0 0 1
508 2 0 0 1
509 1 0 0 0
510 2 0 1 0
511 0 0 0 0
512 0 0 0 0
513 0 0 0 0
514 0 1 1 1
515 0 1 1 0
516 1 1 0 0
517 2 1 1 0
518 1 0 0 2
519 1 1 0 2
520 0 0 0 1
521 0 0 0 2
522 1 1 0 0
523 0 1 0 1
524 1 0 1 0
525 1 1 0 0
526 0 1 0 1
527 0 0 0 0
528 1 0 0 1
529 2 1 0 0
530 0 0 0 2
531 2 0 1 0
532 1 0 0 1
533 0 1 0 1
534 0 1 2 0
535 2 0 0 1
536 0 1 0 0
537 1 0 0 0
538 0 0 0 4
539 1 0 0 0
540 1 1 2 0
541 1 0 1 0
542 0 0 1 0
543 0 0 0 1
544 0 1 0 0
545 0 0 1 0
546 1 1 0 0
547 3 0 0 3
548 1 0 0 1
549 2 0 0 1
550 0 0 0 1
551 0 0 0 1
552 3 1 1 1
553 3 1 0 0
554 2 0 0 0
555 1 0 1 0
556 2 1 0 1
557 0 2 1 1
558 1 3 0 0
559 0 0 0 2
560 0 0 0 1
561 1 0 1 3
562 2 3 0 2
563 1 1 1 0
564 2 0 0 0
565 0 2 0 2
566 1 0 0 2
567 1 0 0 2
568 0 0 0 0
569 1 1 1 2
570 0 1 0 0
571 0 1 2 0
572 1 1 1 1
573 0 0 0 2
574 0 1 0 1
575 0 0 0 1
576 0 0 0 1
577 2 0 0 1
578 0 0 0 2
579 0 0 0 1
580 1 0 0 0
581 0 1 0 0
582 0 1 1 0
583 0 0 0 0
584 0 0 0 0
585 0 1 0 1
586 0 0 0 0
587 0 0 0 0
588 0 0 0 0
589 0 0 0 2
590 0 0 0 0
591 1 0 0 1
592 0 0 0 0
593 1 0 0 0
594 0 0 0 0
595 1 0 0 0
596 0 1 0 0
597 1 0 0 0
598 1 1 0 0
599 1 0 0 0
600 1 1 0 1
601 0 0 0 0
602 0 0 1 0
603 0 0 0 0
604 0 0 1 1
605 0 1 0 1
606 0 0 0 0
607 0 0 1 0
608 0 0 0 0
609 0 0 0 1
610 0 0 0 0
611 0 0 0 2
612 1 0 0 1
613 1 0 0 0
614 0 0 0 0
615 0 0 0 0
616 0 0 0 0
617 0 0 0 0
618 0 0 1 0
619 0 0 0 0
620 0 0 0 0
621 0 0 0 0
622 0 1 0 0
623 0 0 0 0
624 0 0 0 0
625 0 0 0 1
626 0 0 0 0
627 0 0 0 0
628 0 0 0 0
629 0 0 0 1
630 0 0 0 0
631 0 0 0 0
632 0 0 0 0
633 0 0 0 0
634 0 0 0 0
635 0 0 0 0
636 0 0 0 0
637 0 0 0 0
638 0 0 0 0
639 0 0 0 0
640 0 0 0 0
641 0 0 0 0
642 0 0 0 0
643 0 0 0 0
644 0 0 0 0
645 0 0 0 0
646 0 0 0 0
647 0 0 0 0
648 0 0 0 0
649 0 0 0 0
650 0 0 0 0
651 0 0 0 0
652 0 0 0 0
653 0 0 0 0
654 0 0 0 0
655 0 0 0 0
656 0 0 0 0
657 0 0 0 0
658 0 0 0 0
659 0 0 0 0
660 0 0 0 0
661 0 0 0 0
662 0 0 0 0
663 0 0 0 0
664 0 0 0 0
665 0 0 0 0
666 0 0 0 0
667 0 0 0 0
668 0 0 0 0
669 0 0 0 0
670 0 0 0 0
671 0 0 0 0
672 0 0 0 0
673 0 0 0 0
674 0 0 0 0
675 0 0 0 0
676 0 0 0 0
677 0 0 0 0
678 0 0 0 0
679 0 0 0 0
680 0 0 0 0
681 0 0 0 0
682 0 0 0 0
683 0 0 0 0
684 0 0 0 0
685 0 0 0 0
686 0 0 0 0
687 0 0 0 0
688 0 0 0 0
689 0 0 0 0
690 0 0 0 0
691 0 0 0 0
692 0 0 0 0
693 0 0 0 0
694 0 0 0 0
695 0 0 0 0
696 0 0 0 0
697 0 0 0 0
698 0 0 0 0
699 0 0 0 0
700 0 0 0 0
701 0 0 0 0
702 0 0 0 0
703 0 0 0 0
704 0 0 0 0
705 0 0 0 0
706 0 0 0 0
707 0 0 0 0
708 0 0 0 0
709 0 0 0 0
710 0 0 0 0
711 0 0 0 0
712 0 0 0 0
713 0 0 0 0
714 0 0 0 0
715 0 0 0 0
716 0 0 0 0
717 0 0 0 0
718 0 0 0 0
719 0 0 0 0
720 0 0 0 0
721 0 0 0 0
722 0 0 0 0
723 0 0 0 0
724 0 0 0 0
725 0 0 0 0
726 0 0 0 0
727 0 0 0 0
