0 0 0 0 0
1 0 0 0 0
2 0 0 0 0
3 0 0 0 0
4 0 0 0 0
5 0 1 1 0
6 0 0 0 0
7 0 0 0 0
8 0 0 0 0
9 0 3 0 1
10 0 0 0 0
11 0 0 0 0
12 0 0 0 1
13 0 0 0 1
14 0 0 0 0
15 0 0 0 0
16 0 0 0 2
17 0 0 0 0
18 0 0 0 0
19 0 0 0 0
20 0 0 0 0
21 0 0 0 0
22 0 0 0 0
23 1 0 0 0
24 0 0 0 0
25 1 0 0 0
26 1 0 0 0
27 0 0 0 0
28 1 0 1 0
29 0 0 0 0
30 0 0 0 0
31 1 1 0 0
32 1 0 0 1
33 0 1 0 0
34 0 1 0 0
35 2 0 0 1
36 0 0 0 0
37 0 0 0 0
38 0 0 0 0
39 0 0 0 0
40 0 0 1 1
41 0 0 1 1
42 0 0 0 0
43 1 0 0 0
44 1 1 1 0
45 0 0 0 1
46 0 0 0 0
47 0 0 0 1
48 0 0 0 1
49 0 1 0 0
50 0 0 0 0
51 0 0 0 1
52 0 1 0 0
53 0 0 0 0
54 1 0 0 0
55 1 0 0 0
56 1 0 0 1
57 1 0 0 0
58 0 0 0 0
59 1 0 1 1
60 2 1 0 0
61 2 0 0 0
62 1 1 0 0
63 0 0 0 1
64 1 0 0 0
65 1 1 1 0
66 1 1 0 0
67 1 0 0 1
68 0 1 0 0
69 0 0 1 3
70 0 1 1 1
71 0 0 1 0
72 0 0 1 0
73 0 1 0 0
74 1 0 0 0
75 0 0 1 1
76 1 0 0 1
77 1 0 0 3
78 0 0 0 1
79 0 0 1 1
80 2 0 0 0
81 1 0 0 0
82 0 0 0 1
83 1 0 0 1
84 1 0 0 0
85 1 0 2 0
86 0 0 1 0
87 1 1 0 0
88 0 1 0 0
89 2 0 0 1
90 2 0 1 1
91 2 0 0 1
92 0 0 0 1
93 0 1 0 0
94 0 1 1 1
95 0 1 0 1
96 1 2 0 0
97 0 0 0 1
98 0 0 1 1
99 0 1 0 0
100 0 0 1 0
101 0 0 1 2
102 0 0 0 0
103 1 0 0 2
104 0 0 0 1
105 1 0 0 1
106 0 0 0 1
107 0 0 0 0
108 0 0 0 1
109 1 0 0 0
110 0 0 1 0
111 2 0 0 0
112 2 1 0 0
113 2 0 0 0
114 1 1 0 0
115 0 0 0 0
116 1 1 1 0
117 1 1 0 1
118 1 1 1 1
119 1 0 1 1
120 2 0 0 2
121 1 1 1 1
122 2 0 0 1
123 0 1 0 0
124 1 0 1 0
125 0 0 2 3
126 2 0 1 1
127 2 0 0 1
128 3 0 0 0
129 5 1 0 0
130 1 0 2 0
131 0 1 1 1
132 2 1 1 2
133 1 0 0 2
134 5 1 1 0
135 1 1 1 1
136 3 0 0 0
137 3 1 2 2
138 3 2 1 1
139 5 1 1 4
140 2 0 1 0
141 4 1 3 4
142 4 1 1 2
143 3 3 2 0
144 3 1 1 3
145 1 2 0 2
146 2 0 3 2
147 2 3 1 2
148 3 2 3 4
149 4 2 1 3
150 4 2 0 6
151 1 1 0 3
152 2 0 1 3
153 1 4 2 3
154 1 3 2 4
155 3 0 1 3
156 3 2 1 0
157 2 1 0 3
158 3 0 1 2
159 5 3 1 1
160 3 1 2 4
161 6 2 1 3
162 6 0 0 1
163 5 0 1 3
164 9 0 2 4
165 0 2 2 4
166 5 3 2 2
167 4 1 4 1
168 7 4 3 1
169 5 2 3 2
170 3 3 0 3
171 6 3 3 3
172 2 2 2 7
173 5 5 3 5
174 4 2 1 6
175 4 3 2 5
176 6 2 3 4
177 7 2 2 9
178 4 2 2 5
179 7 1 1 5
180 5 1 4 5
181 2 2 2 3
182 12 2 3 3
183 4 0 4 2
184 4 3 1 5
185 6 3 1 4
186 2 2 4 5
187 5 7 3 4
188 6 5 3 3
189 6 5 2 5
190 5 1 2 5
191 7 6 1 7
192 10 0 3 7
193 5 1 2 6
194 7 5 1 6
195 7 0 3 8
196 11 1 2 3
197 7 5 4 3
198 16 4 5 6
199 9 4 3 5
200 10 6 3 3
201 6 8 3 7
202 12 5 2 5
203 5 5 6 1
204 9 7 2 6
205 6 4 3 13
206 7 4 2 13
207 7 10 6 9
208 5 6 1 8
209 1 6 4 5
210 5 4 1 10
211 3 6 3 10
212 8 2 3 7
213 4 5 4 12
214 3 1 2 15
215 4 3 0 6
216 5 4 2 7
217 6 3 3 9
218 7 0 2 6
219 6 5 0 3
220 8 2 2 5
221 2 1 2 5
222 5 2 1 3
223 4 1 3 6
224 2 5 1 4
225 5 5 5 3
226 5 4 1 2
227 5 2 5 3
228 0 3 2 8
229 1 4 1 9
230 0 5 0 6
231 2 5 2 4
232 3 3 1 6
233 2 1 0 4
234 0 1 0 7
235 1 0 1 9
236 4 3 1 3
237 2 0 1 2
238 3 0 0 1
239 1 0 0 3
240 2 0 0 3
241 2 2 3 2
242 2 2 1 0
243 2 1 1 2
244 3 1 1 0
245 2 0 1 3
246 3 0 3 2
247 2 2 1 0
248 1 1 0 2
249 1 3 1 2
250 2 1 1 3
251 1 2 0 4
252 0 1 1 1
253 0 0 2 4
254 2 0 0 3
255 3 1 1 2
256 1 1 0 3
257 0 0 0 1
258 0 0 1 0
259 1 1 2 3
260 0 1 2 2
261 2 0 0 0
262 0 0 0 0
263 3 0 0 1
264 0 1 0 2
265 0 0 1 1
266 1 2 0 2
267 1 0 0 1
268 0 2 2 0
269 0 0 0 0
270 0 0 0 0
271 3 1 0 2
272 0 0 0 2
273 1 0 0 1
274 0 0 0 0
275 0 0 0 4
276 0 3 0 0
277 0 0 0 0
278 0 0 0 0
279 0 0 0 0
280 0 1 0 3
281 0 0 0 0
282 0 0 1 0
283 0 0 0 0
284 0 0 0 1
285 0 0 0 0
286 0 0 0 1
287 0 0 0 0
288 0 0 0 0
289 0 0 0 0
290 0 0 0 0
291 0 0 0 0
292 0 0 0 0
293 0 0 0 0
294 1 0 0 0
295 1 0 0 0
296 0 0 0 0
297 0 0 0 0
298 0 0 0 0
299 0 1 0 0
300 0 0 0 0
301 1 0 0 0
302 1 0 0 0
303 0 0 0 1
304 0 0 1 0
305 0 0 0 0
306 0 0 0 0
307 0 0 1 0
308 0 0 0 0
309 0 0 0 0
310 0 1 0 0
311 0 0 0 1
312 0 0 0 0
313 0 0 0 0
314 0 0 0 1
315 0 0 0 0
316 0 0 0 0
317 0 0 0 1
318 0 0 0 0
319 1 0 0 0
320 1 0 0 0
321 1 0 0 0
322 1 0 0 0
323 0 0 0 0
324 0 1 0 0
325 1 1 0 0
326 0 0 1 0
327 1 0 0 0
328 0 0 0 1
329 0 0 0 0
330 0 0 0 1
331 0 1 0 0
332 0 1 0 1
333 0 0 0 0
334 0 1 0 0
335 0 0 0 0
336 0 0 0 0
337 0 0 0 0
338 1 0 0 2
339 0 0 0 1
340 0 0 0 0
341 0 0 0 0
342 0 0 0 0
343 0 0 0 0
344 0 0 0 0
345 1 0 0 0
346 0 0 0 0
347 1 1 0 0
348 0 0 0 0
349 2 0 0 0
350 0 0 0 0
351 0 0 0 1
352 0 1 0 0
353 1 0 0 0
354 0 2 0 0
355 1 0 0 0
356 0 0 0 0
357 0 0 0 0
358 0 1 0 1
359 0 0 0 1
360 0 0 0 0
361 0 0 0 1
362 0 1 0 1
363 0 0 0 0
364 0 0 1 0
365 0 0 0 0
366 0 0 0 0
367 0 0 0 0
368 0 0 0 1
369 1 0 0 1
370 0 0 0 0
371 0 0 0 0
372 1 0 0 0
373 0 0 0 0
374 0 0 1 0
375 1 0 0 0
376 0 0 0 0
377 0 1 0 0
378 0 0 0 1
379 0 0 0 0
380 0 0 1 0
381 0 0 0 1
382 0 0 0 0
383 0 0 0 0
384 0 0 0 1
385 0 0 0 0
386 0 0 0 0
387 0 0 0 0
388 0 0 0 0
389 0 0 0 0
390 0 0 0 0
391 0 0 0 0
392 0 0 0 0
393 0 0 0 0
394 0 0 0 0
395 0 0 0 0
396 0 0 0 0
397 0 0 0 0
398 0 0 0 0
399 0 0 0 0
400 0 0 0 0
401 0 0 0 0
402 0 0 0 0
403 0 0 0 0
404 0 0 0 0
405 0 0 0 0
406 0 0 0 0
407 0 0 0 0
408 0 0 0 0
409 0 0 0 0
410 0 0 0 0
411 0 0 0 0
412 0 0 0 0
413 0 0 0 0
414 0 0 0 0
415 0 0 0 0
416 0 0 0 0
417 0 0 0 0
418 0 0 0 0
419 0 0 0 0
420 0 0 0 0
421 0 0 0 0
422 0 0 0 0
423 0 0 0 0
424 0 0 0 0
425 0 0 0 0
426 0 0 0 0
427 0 0 0 0
428 0 0 0 0
429 0 0 0 0
430 0 0 0 0
431 0 0 0 0
432 0 0 0 0
433 0 0 0 0
434 0 0 0 0
435 0 0 0 0
436 0 0 0 0
437 0 0 0 0
438 0 0 0 0
439 0 0 0 0
440 0 0 0 0
441 0 0 0 0
442 0 0 0 0
443 0 0 0 0
444 0 0 0 0
445 0 0 0 0
446 0 0 0 0
447 0 0 0 0
448 0 0 0 0
449 0 0 0 0
450 0 0 0 0
451 0 0 0 0
452 0 0 0 0
453 0 0 0 0
454 0 0 0 0
455 0 0 0 0
456 0 0 0 0
457 0 0 0 0
458 0 0 0 0
459 0 0 0 0
460 0 0 0 0
461 0 0 0 0
462 0 0 0 0
463 0 0 0 0
464 0 0 0 0
465 0 0 0 0
466 0 0 0 0
467 0 0 0 0
468 0 0 0 0
469 0 0 0 0
470 0 0 0 0
471 0 0 0 0
472 0 0 0 0
473 0 0 0 0
474 0 0 0 0
475 0 0 0 0
476 0 0 0 0
477 0 0 0 0
478 0 0 0 0
479 0 0 0 0
480 0 0 0 0
481 0 0 0 0
482 0 0 0 0
483 0 0 0 0
484 0 0 0 0
485 0 0 0 0
486 0 0 0 0
487 0 0 0 0
488 0 0 0 0
489 0 0 0 0
490 0 0 0 0
491 0 0 0 0
492 0 0 0 0
493 0 0 0 0
494 0 0 0 0
495 0 0 0 0
496 0 0 0 0
497 0 0 0 0
498 0 0 0 0
499 0 0 0 0
500 0 0 0 0
501 0 0 0 0
502 0 0 0 0
503 0 0 0 0
504 0 0 0 0
505 0 0 0 0
506 0 0 0 0
507 0 0 0 0
508 0 0 0 0
509 0 0 0 0
510 0 0 0 0
511 0 0 0 0
512 0 0 0 0
513 0 0 0 0
514 0 0 0 0
515 0 0 0 0
516 0 0 0 0
517 0 0 0 0
518 0 0 0 0
519 0 0 0 0
520 0 0 0 0
521 0 0 0 0
522 0 0 0 0
523 0 0 0 0
524 0 0 0 0
525 0 0 0 0
526 0 0 0 0
527 0 0 0 0
528 0 0 0 0
529 0 0 0 0
530 0 0 0 0
531 0 0 0 0
532 0 0 0 0
533 0 0 0 0
534 0 0 0 0
535 0 0 0 0
536 0 0 0 0
537 0 0 0 0
538 0 0 0 0
539 0 0 0 0
540 0 0 0 0
541 0 0 0 0
542 0 0 0 0
543 0 0 0 0
544 0 0 0 0
545 0 0 0 0
546 0 0 0 0
547 0 0 0 0
548 0 0 0 0
549 0 0 0 0
550 0 0 0 0
551 0 0 0 0
552 0 0 0 0
553 0 0 0 0
554 0 0 0 0
555 0 0 0 0
556 0 0 0 0
557 0 0 0 0
558 0 0 0 0
559 0 0 0 0
560 0 0 0 0
561 0 0 0 0
562 0 0 0 0
563 0 0 0 0
564 0 0 0 0
565 0 0 0 0
566 0 0 0 0
567 0 0 0 0
568 0 0 0 0
569 0 0 0 0
570 0 0 0 0
571 0 0 0 0
572 0 0 0 0
573 0 0 0 0
574 0 0 0 0
575 0 0 0 0
576 0 0 0 0
577 0 0 0 0
578 0 0 0 0
579 0 0 0 0
580 0 0 0 0
581 0 0 0 0
582 0 0 0 0
583 0 0 0 0
584 0 0 0 0
585 0 0 0 0
586 0 0 0 0
587 0 0 0 0
588 0 0 0 0
589 0 0 0 0
590 0 0 0 0
591 0 0 0 0
592 0 0 0 0
593 0 0 0 0
594 0 0 0 0
595 0 0 0 0
596 0 0 0 0
597 0 0 0 0
598 0 0 0 0
599 0 0 0 0
600 0 0 0 0
601 0 0 0 0
602 0 0 0 0
603 0 0 0 0
604 0 0 0 0
605 0 0 0 0
606 0 0 0 0
607 0 0 0 0
608 0 0 0 0
609 0 0 0 0
610 0 0 0 0
611 0 0 0 0
612 0 0 0 0
613 0 0 0 0
614 0 0 0 0
615 0 0 0 0
616 0 0 0 0
617 0 0 0 0
618 0 0 0 0
619 0 0 0 0
620 0 0 0 0
621 0 0 0 0
622 0 0 0 0
623 0 0 0 0
624 0 0 0 0
625 0 0 0 0
626 0 0 0 0
627 0 0 0 0
628 0 0 0 0
629 0 0 0 0
630 0 0 0 0
631 0 0 0 0
632 0 0 0 0
633 0 0 0 0
634 0 0 0 0
635 0 0 0 0
636 0 0 0 0
637 0 0 0 0
638 0 0 0 0
639 0 0 0 0
640 0 0 0 0
641 0 0 0 0
642 0 0 0 0
643 0 0 0 0
644 0 0 0 0
645 0 0 0 0
646 0 0 0 0
647 0 0 0 0
648 0 0 0 0
649 0 0 0 0
650 0 0 0 0
651 0 0 0 0
652 0 0 0 0
653 0 0 0 0
654 0 0 0 0
655 0 0 0 0
656 0 0 0 0
657 0 0 0 0
658 0 0 0 0
659 0 0 0 0
660 0 0 0 0
661 0 0 0 0
662 0 0 0 0
663 0 0 0 0
664 0 0 0 0
665 0 0 0 0
666 0 0 0 0
667 0 0 0 0
668 0 0 0 0
669 0 0 0 0
670 0 0 0 0
671 0 0 0 0
672 0 0 0 0
673 0 0 0 0
674 0 0 0 0
675 0 0 0 0
676 0 0 0 0
677 0 0 0 0
678 0 0 0 0
679 0 0 0 0
680 0 0 0 0
681 0 0 0 0
682 0 0 0 0
683 0 0 0 0
684 0 0 0 0
685 0 0 0 0
686 0 0 0 0
687 0 0 0 0
688 0 0 0 0
689 0 0 0 0
690 0 0 0 0
691 0 0 0 0
692 0 0 0 0
693 0 0 0 0
694 0 0 0 0
695 0 0 0 0
696 0 0 0 0
697 0 0 0 0
698 0 0 0 0
699 0 0 0 0
700 0 0 0 0
701 0 0 0 0
702 0 0 0 0
703 0 0 0 0
704 0 0 0 0
705 0 0 0 0
706 0 0 0 0
707 0 0 0 0
708 0 0 0 0
709 0 0 0 0
710 0 0 0 0
711 0 0 0 0
712 0 0 0 0
713 0 0 0 0
714 0 0 0 0
715 0 0 0 0
716 0 0 0 0
717 0 0 0 0
718 0 0 0 0
719 0 0 0 0
720 0 0 0 0
721 0 0 0 0
722 0 0 0 0
723 0 0 0 0
724 0 0 0 0
725 0 0 0 0
726 0 0 0 0
727 0 0 0 0
