0 0 0 0 0
1 0 0 0 0
2 0 0 0 0
3 0 0 0 0
4 0 0 0 0
5 0 2 1 0
6 0 0 0 0
7 0 0 1 0
8 0 0 0 0
9 0 1 0 1
10 0 0 0 0
11 0 0 0 0
12 0 0 0 2
13 0 0 0 0
14 0 0 0 1
15 0 0 0 0
16 0 0 0 1
17 0 0 0 0
18 0 0 0 0
19 0 0 0 0
20 0 0 0 0
21 0 0 0 0
22 1 0 0 0
23 1 0 0 0
24 0 0 0 0
25 0 0 0 0
26 0 0 0 0
27 0 0 1 0
28 1 0 0 0
29 1 0 0 0
30 0 0 0 0
31 0 0 0 0
32 2 0 1 0
33 1 0 0 0
34 2 1 0 1
35 0 0 0 0
36 0 0 0 1
37 1 1 1 0
38 1 0 1 0
39 0 1 0 0
40 0 0 0 0
41 0 0 1 3
42 1 0 1 1
43 1 0 2 0
44 0 0 0 0
45 1 0 0 0
46 1 0 0 2
47 1 1 0 2
48 0 1 0 1
49 2 0 0 0
50 0 0 0 0
51 0 0 1 0
52 1 0 1 1
53 1 1 0 0
54 0 1 1 1
55 0 0 0 1
56 1 0 0 1
57 1 0 0 1
58 0 1 0 2
59 0 0 0 0
60 2 0 0 0
61 2 2 0 0
62 0 0 0 0
63 2 0 0 0
64 2 0 0 0
65 1 0 1 2
66 1 1 1 0
67 1 0 0 0
68 0 0 2 1
69 1 2 0 1
70 0 1 0 1
71 0 0 0 0
72 0 1 0 1
73 0 1 0 2
74 0 1 0 1
75 0 1 0 1
76 2 0 0 0
77 1 0 0 1
78 2 1 0 0
79 4 0 0 1
80 1 0 0 1
81 0 0 1 1
82 0 1 0 2
83 2 3 0 0
84 1 0 1 0
85 4 0 0 0
86 3 0 0 0
87 3 0 0 2
88 1 2 3 1
89 3 0 1 1
90 0 1 2 1
91 0 0 1 1
92 0 1 0 2
93 0 1 1 1
94 2 1 1 0
95 2 1 1 2
96 2 1 1 1
97 2 0 0 3
98 2 1 1 1
99 0 0 2 2
100 3 0 1 2
101 1 0 1 2
102 1 0 2 2
103 1 0 0 2
104 1 0 1 1
105 2 1 1 4
106 2 1 0 1
107 2 2 1 0
108 2 0 0 0
109 0 2 1 3
110 4 0 0 1
111 1 0 1 3
112 4 2 1 0
113 2 0 0 1
114 5 1 1 1
115 0 3 1 0
116 2 0 0 4
117 3 3 1 0
118 1 1 1 3
119 4 1 3 2
120 5 1 0 0
121 4 3 0 3
122 3 1 1 4
123 4 1 1 2
124 0 1 2 1
125 3 1 2 4
126 2 0 1 1
127 2 0 2 3
128 1 3 0 2
129 4 3 1 3
130 3 4 3 0
131 4 1 1 4
132 2 2 0 4
133 4 0 1 4
134 3 1 3 2
135 2 2 0 2
136 5 3 1 2
137 3 0 0 6
138 1 0 3 3
139 1 1 2 3
140 2 1 0 3
141 9 1 3 1
142 3 2 1 2
143 4 2 0 3
144 4 2 0 2
145 7 3 1 1
146 5 2 2 3
147 5 3 0 2
148 6 2 2 5
149 3 2 1 4
150 5 7 3 3
151 4 2 1 3
152 3 1 1 6
153 3 1 3 4
154 6 4 2 6
155 4 4 0 2
156 11 2 1 2
157 4 6 1 5
158 3 2 2 4
159 6 3 2 2
160 5 4 4 5
161 9 5 0 8
162 6 3 0 5
163 2 2 3 4
164 6 4 2 8
165 6 4 4 2
166 4 3 3 3
167 6 3 3 4
168 6 3 1 7
169 3 4 2 8
170 7 4 4 5
171 6 1 2 6
172 4 2 3 2
173 7 4 1 5
174 7 5 1 8
175 7 1 6 6
176 6 2 2 7
177 5 4 2 6
178 8 3 2 6
179 13 6 0 2
180 12 4 2 6
181 10 3 4 5
182 12 3 5 9
183 8 3 4 4
184 5 5 5 5
185 7 6 2 4
186 8 4 5 7
187 6 6 6 6
188 15 7 4 9
189 8 4 3 10
190 10 6 2 11
191 10 6 4 13
192 15 4 2 12
193 16 10 5 7
194 10 2 1 8
195 7 2 3 10
196 13 4 3 5
197 11 5 5 13
198 17 5 8 5
199 12 10 5 4
200 12 4 5 9
201 13 9 4 9
202 11 9 3 7
203 17 11 4 12
204 10 6 3 7
205 5 10 7 17
206 6 7 10 14
207 9 4 6 12
208 5 7 14 8
209 11 4 2 15
210 6 0 2 16
211 4 5 4 13
212 8 5 5 17
213 6 1 7 14
214 4 8 1 5
215 7 5 1 13
216 5 5 3 4
217 10 3 6 3
218 8 5 3 12
219 5 3 1 12
220 5 2 2 8
221 5 6 1 11
222 3 4 2 2
223 4 5 3 7
224 7 3 2 5
225 4 3 2 8
226 3 7 2 6
227 4 2 1 5
228 4 2 2 7
229 4 7 0 4
230 1 1 1 11
231 2 1 3 6
232 4 4 2 6
233 2 1 2 6
234 3 6 1 1
235 3 1 2 3
236 6 2 1 8
237 2 2 4 4
238 4 0 1 6
239 2 0 2 2
240 1 1 2 3
241 1 3 0 7
242 1 1 2 2
243 1 1 1 1
244 2 0 2 5
245 4 2 2 2
246 4 2 0 2
247 5 2 1 2
248 2 1 0 3
249 2 0 3 3
250 1 2 1 2
251 4 1 2 1
252 3 2 1 4
253 3 2 0 4
254 1 1 1 4
255 3 2 0 3
256 3 2 2 2
257 2 0 2 0
258 1 1 2 1
259 0 0 1 3
260 0 4 0 1
261 2 2 1 3
262 1 1 1 4
263 0 1 0 4
264 3 0 1 2
265 0 1 0 3
266 0 0 2 2
267 0 0 0 4
268 1 0 1 2
269 0 1 1 1
270 5 0 1 0
271 1 1 0 1
272 2 0 0 2
273 0 0 2 1
274 2 0 0 0
275 1 4 0 0
276 2 0 0 2
277 1 0 0 3
278 1 0 0 0
279 2 1 2 2
280 1 2 0 1
281 2 1 1 0
282 0 1 0 2
283 0 0 0 1
284 0 1 0 2
285 0 2 0 1
286 1 0 1 2
287 0 1 0 1
288 0 2 0 2
289 1 1 0 1
290 0 0 0 0
291 2 1 0 1
292 1 0 0 3
293 2 0 0 2
294 2 0 0 0
295 0 0 0 1
296 0 0 1 0
297 0 0 0 0
298 0 0 2 0
299 0 0 0 0
300 0 1 0 0
301 0 1 0 0
302 0 1 0 1
303 0 2 0 1
304 1 0 0 1
305 0 0 0 2
306 1 0 0 0
307 0 0 0 2
308 1 0 0 0
309 0 0 0 1
310 0 0 0 0
311 0 0 1 0
312 1 0 0 0
313 1 1 1 0
314 2 0 0 0
315 1 0 0 0
316 0 0 0 0
317 1 0 0 2
318 0 1 0 1
319 0 1 0 0
320 0 0 0 0
321 1 1 0 0
322 0 1 0 0
323 0 0 1 1
324 0 1 0 0
325 0 0 0 1
326 0 1 0 0
327 0 0 0 0
328 0 0 0 1
329 1 0 0 1
330 1 0 0 2
331 1 0 0 1
332 0 0 0 0
333 0 0 0 0
334 2 0 0 0
335 1 1 0 0
336 1 1 0 0
337 0 1 0 0
338 2 0 0 0
339 0 2 0 0
340 0 0 0 1
341 0 1 0 1
342 1 0 0 1
343 0 1 1 1
344 1 1 0 0
345 1 0 0 1
346 0 0 0 1
347 1 0 1 0
348 0 0 0 1
349 1 0 0 0
350 0 0 1 2
351 1 0 0 0
352 0 0 0 0
353 0 0 1 0
354 0 0 0 1
355 0 0 0 0
356 1 1 2 0
357 0 0 0 1
358 0 0 0 0
359 0 0 0 0
360 0 0 0 3
361 0 0 0 0
362 0 0 0 0
363 1 0 0 1
364 0 0 0 0
365 1 0 1 0
366 0 0 0 0
367 0 0 0 0
368 0 0 1 0
369 1 0 0 1
370 0 0 0 0
371 1 0 0 0
372 0 0 0 1
373 0 0 0 0
374 0 0 1 0
375 0 0 0 0
376 0 0 1 0
377 0 0 0 0
378 0 0 1 1
379 0 0 0 0
380 0 0 0 0
381 0 0 0 0
382 0 0 0 0
383 0 0 0 1
384 0 0 0 0
385 0 0 0 1
386 0 0 0 0
387 0 0 0 0
388 0 0 0 0
389 1 0 0 0
390 1 0 0 0
391 0 0 0 0
392 0 0 0 0
393 1 0 0 0
394 2 1 0 0
395 0 0 0 0
396 1 0 0 0
397 2 0 0 0
398 1 0 1 1
399 0 0 2 0
400 0 0 0 0
401 0 0 0 0
402 0 0 0 0
403 1 0 1 1
404 0 0 0 0
405 0 1 0 1
406 0 1 1 1
407 1 1 0 0
408 0 0 0 0
409 0 0 0 1
410 1 0 0 3
411 0 0 0 1
412 0 2 0 0
413 1 0 0 0
414 0 0 0 0
415 0 0 0 0
416 0 0 1 2
417 0 0 0 0
418 1 0 0 0
419 1 0 0 0
420 0 0 0 0
421 0 0 0 0
422 1 0 1 0
423 1 0 0 1
424 2 0 0 0
425 1 0 0 0
426 2 0 0 1
427 1 1 0 0
428 1 0 1 0
429 0 1 0 0
430 2 0 0 0
431 0 1 1 0
432 0 1 1 1
433 0 0 1 0
434 0 1 0 1
435 0 1 2 2
436 0 0 0 1
437 1 1 0 0
438 0 0 0 2
439 0 0 0 2
440 0 0 0 1
441 1 0 0 0
442 0 0 1 2
443 1 0 0 0
444 0 0 0 1
445 1 0 0 0
446 1 1 0 1
447 0 0 0 0
448 2 0 1 0
449 4 0 0 0
450 0 1 0 0
451 2 0 1 0
452 2 0 0 1
453 0 0 1 1
454 1 0 2 0
455 1 0 0 0
456 0 1 0 0
457 0 0 1 1
458 3 0 2 2
459 2 1 0 0
460 1 2 1 2
461 0 1 0 2
462 0 0 0 0
463 1 1 1 1
464 1 0 1 2
465 2 0 1 1
466 2 0 0 0
467 0 1 0 3
468 0 1 1 2
469 1 1 0 0
470 2 1 0 1
471 2 1 0 1
472 1 0 0 1
473 0 0 0 2
474 0 1 1 1
475 2 2 1 1
476 2 1 0 0
477 1 0 0 0
478 5 0 0 2
479 2 0 0 1
480 2 2 1 1
481 1 1 0 1
482 2 0 1 2
483 0 3 1 0
484 2 1 1 1
485 2 1 1 1
486 1 0 0 1
487 0 1 0 5
488 1 0 1 2
489 1 1 2 2
490 3 0 1 1
491 1 2 0 0
492 2 1 0 1
493 2 0 1 1
494 1 0 1 1
495 3 3 1 1
496 1 1 0 4
497 2 1 0 2
498 0 0 1 1
499 2 0 2 2
500 0 0 1 2
501 5 2 0 1
502 1 1 1 1
503 1 0 0 0
504 3 3 0 1
505 3 0 0 3
506 2 3 0 4
507 2 0 0 0
508 3 1 1 1
509 1 1 0 0
510 2 3 2 3
511 1 2 0 2
512 1 1 1 1
513 0 3 1 0
514 1 1 0 3
515 1 1 1 2
516 3 2 0 3
517 1 2 0 3
518 3 0 0 1
519 3 1 0 2
520 2 0 1 3
521 2 1 0 3
522 0 0 0 1
523 3 3 0 1
524 5 0 1 0
525 2 3 0 0
526 1 2 1 1
527 2 0 1 3
528 2 3 1 1
529 3 1 3 2
530 2 2 0 3
531 3 0 0 1
532 4 1 1 1
533 4 3 1 4
534 2 1 0 2
535 2 0 2 3
536 5 1 1 4
537 3 3 1 3
538 1 3 0 1
539 2 0 2 2
540 7 4 0 2
541 3 1 0 1
542 2 1 1 0
543 5 1 1 3
544 5 0 0 5
545 3 9 1 4
546 10 1 3 3
547 4 1 0 3
548 7 4 2 0
549 2 3 2 5
550 5 1 2 2
551 2 6 1 1
552 3 1 1 6
553 5 5 1 6
554 4 2 1 4
555 5 1 4 7
556 3 4 1 3
557 5 4 1 5
558 2 3 1 6
559 3 6 1 3
560 3 1 3 6
561 4 2 0 2
562 6 6 1 5
563 5 0 1 6
564 2 3 0 5
565 4 2 2 2
566 2 0 1 7
567 2 3 4 2
568 3 4 1 3
569 5 0 2 5
570 2 2 4 0
571 3 2 0 6
572 4 3 1 5
573 4 0 2 2
574 4 0 2 4
575 3 2 0 4
576 6 2 0 5
577 3 0 3 4
578 7 2 2 2
579 2 1 3 1
580 2 2 2 3
581 4 5 2 2
582 2 5 0 6
583 4 5 2 4
584 2 2 0 4
585 1 0 3 4
586 3 2 2 2
587 4 1 1 5
588 3 1 2 3
589 4 1 0 5
590 1 1 1 5
591 4 2 0 4
592 1 1 3 5
593 3 1 1 2
594 2 2 2 0
595 1 3 0 1
596 3 3 1 2
597 2 0 1 2
598 2 1 1 3
599 1 0 1 5
600 2 2 0 4
601 2 1 2 2
602 1 3 1 2
603 0 1 2 3
604 1 1 1 2
605 1 1 0 2
606 3 1 1 1
607 1 1 0 2
608 1 0 0 4
609 1 0 2 4
610 0 0 0 1
611 0 3 0 1
612 2 0 1 2
613 1 2 0 2
614 0 1 1 0
615 1 0 0 2
616 1 0 0 2
617 1 1 1 2
618 0 0 0 2
619 2 0 0 0
620 1 0 0 0
621 0 0 0 3
622 0 0 2 0
623 2 0 0 0
624 0 1 1 0
625 0 0 1 0
626 2 1 0 0
627 0 0 0 0
628 0 1 0 1
629 1 0 0 2
630 1 0 0 1
631 0 0 0 1
632 2 1 1 1
633 2 0 0 0
634 0 0 1 0
635 1 1 2 1
636 1 0 0 0
637 0 0 0 0
638 1 2 0 0
639 1 0 0 4
640 0 1 0 0
641 0 1 1 1
642 0 0 0 2
643 1 1 0 0
644 0 0 0 0
645 0 1 0 2
646 0 0 0 0
647 0 0 0 2
648 0 2 0 1
649 0 0 0 1
650 0 0 0 0
651 0 0 0 0
652 0 0 0 0
653 0 0 0 0
654 0 0 0 0
655 1 0 0 2
656 0 0 0 0
657 0 0 0 0
658 1 0 0 0
659 0 0 0 0
660 2 0 0 0
661 0 0 0 0
662 1 0 0 0
663 0 0 1 0
664 1 0 1 0
665 0 0 0 0
666 0 0 0 0
667 1 0 0 1
668 1 0 0 0
669 0 1 1 0
670 0 0 0 0
671 0 0 1 1
672 0 0 0 0
673 0 0 1 2
674 0 0 0 0
675 0 0 0 0
676 0 0 1 0
677 0 0 1 0
678 0 0 0 1
679 0 0 0 0
680 0 0 0 1
681 0 0 0 1
682 0 0 0 0
683 0 0 0 1
684 0 0 0 0
685 1 0 0 0
686 1 0 0 0
687 0 0 0 0
688 0 0 0 0
689 1 0 0 0
690 1 0 0 0
691 0 0 0 0
692 0 0 0 0
693 0 0 0 0
694 1 2 1 0
695 0 0 0 0
696 1 0 0 0
697 0 0 0 0
698 0 0 0 2
699 0 1 1 0
700 1 0 0 0
701 0 0 1 1
702 0 0 0 0
703 0 0 0 0
704 0 0 0 0
705 0 0 0 2
706 0 0 0 1
707 0 0 0 0
708 0 0 0 0
709 0 1 0 0
710 0 0 0 0
711 0 0 0 0
712 0 0 0 0
713 0 0 0 0
714 1 0 0 0
715 0 0 0 0
716 0 0 0 1
717 0 0 0 0
718 0 0 0 0
719 0 0 0 0
720 0 0 0 0
721 0 0 0 0
722 0 0 0 0
723 0 1 0 0
724 0 0 0 0
725 0 0 0 0
726 0 0 0 0
727 0 0 0 0
