0 0 0 0 0
1 0 0 0 0
2 0 0 0 0
3 0 0 0 0
4 0 0 0 0
5 0 2 2 0
6 0 0 0 0
7 0 0 0 0
8 0 0 0 0
9 0 1 0 1
10 0 0 0 0
11 0 0 0 0
12 0 0 0 3
13 0 0 0 0
14 0 0 0 0
15 0 0 0 0
16 0 0 0 1
17 0 0 0 0
18 0 0 0 0
19 0 0 0 0
20 1 0 0 0
21 0 0 0 0
22 1 0 0 0
23 0 0 0 0
24 0 0 0 0
25 1 1 0 0
26 0 0 0 0
27 3 0 0 0
28 2 0 0 0
29 1 0 0 1
30 0 1 0 0
31 1 1 0 0
32 1 2 0 0
33 0 0 0 0
34 2 0 0 0
35 1 0 0 1
36 1 0 1 1
37 0 2 1 1
38 1 1 1 0
39 1 0 1 1
40 0 0 0 0
41 0 0 0 1
42 0 0 0 1
43 1 1 1 1
44 2 0 1 2
45 1 1 0 1
46 1 0 0 1
47 1 0 0 1
48 3 2 0 1
49 0 0 0 0
50 1 0 0 1
51 1 0 0 0
52 2 0 0 2
53 3 3 1 0
54 3 1 0 0
55 3 1 0 1
56 6 0 1 0
57 3 2 0 0
58 2 0 1 0
59 6 2 1 0
60 4 1 2 5
61 3 3 1 2
62 1 3 2 2
63 1 1 0 1
64 1 1 4 4
65 2 2 3 2
66 4 1 1 3
67 2 1 0 0
68 1 2 1 6
69 5 2 1 6
70 3 1 1 3
71 4 2 1 2
72 7 1 0 3
73 4 0 1 0
74 4 1 2 1
75 2 2 1 3
76 4 3 0 4
77 5 2 1 2
78 5 2 5 4
79 5 1 5 2
80 4 3 0 3
81 6 3 3 2
82 4 2 2 2
83 8 3 1 4
84 7 4 1 4
85 4 2 2 10
86 7 4 1 4
87 9 3 1 4
88 5 4 3 5
89 12 1 2 4
90 6 3 1 5
91 5 1 2 6
92 7 8 2 4
93 8 7 3 3
94 7 4 3 4
95 5 4 4 5
96 6 4 3 7
97 8 2 2 6
98 4 10 2 5
99 14 2 4 11
100 9 3 0 9
101 9 5 2 6
102 8 5 1 9
103 7 2 3 6
104 7 9 4 4
105 3 5 2 7
106 5 5 4 6
107 6 2 3 4
108 10 7 3 9
109 14 4 2 6
110 9 5 2 9
111 10 5 1 11
112 11 2 7 8
113 11 5 3 6
114 13 6 2 4
115 13 4 2 6
116 12 2 3 6
117 16 13 4 10
118 15 7 5 11
119 13 6 9 10
120 16 8 4 8
121 22 3 6 11
122 17 11 5 9
123 20 7 6 7
124 6 6 6 17
125 14 9 2 10
126 9 14 8 17
127 16 9 9 12
128 7 9 9 13
129 15 8 4 11
130 14 7 10 20
131 21 7 3 16
132 17 10 8 15
133 10 6 2 11
134 15 6 6 18
135 13 6 4 12
136 18 10 5 19
137 21 6 6 11
138 18 7 7 14
139 16 9 4 14
140 29 8 14 12
141 20 8 10 13
142 19 5 8 11
143 23 11 3 15
144 15 7 6 15
145 24 14 10 16
146 24 11 9 12
147 17 16 8 18
148 28 9 16 13
149 25 12 8 18
150 31 12 5 18
151 20 13 8 19
152 25 9 7 21
153 25 12 6 18
154 21 10 17 20
155 19 13 12 32
156 27 15 7 18
157 27 19 16 23
158 28 15 9 18
159 28 10 14 18
160 21 14 6 18
161 26 12 12 32
162 19 24 9 23
163 19 18 11 23
164 27 18 8 29
165 29 15 7 32
166 33 13 9 29
167 24 6 12 27
168 22 10 11 18
169 39 14 13 22
170 30 19 8 25
171 41 16 15 26
172 29 11 12 26
173 25 15 10 18
174 32 17 19 25
175 31 18 8 26
176 34 24 14 22
177 31 17 8 28
178 34 18 13 35
179 25 20 7 33
180 41 21 13 27
181 36 20 12 28
182 41 18 11 26
183 39 26 16 33
184 33 18 7 34
185 28 20 12 38
186 39 20 17 24
187 37 21 11 39
188 35 18 11 19
189 44 23 17 31
190 30 22 11 31
191 53 21 19 36
192 53 27 14 27
193 24 18 12 38
194 41 22 14 30
195 31 19 16 36
196 44 28 17 41
197 41 33 20 33
198 32 24 9 44
199 36 20 14 39
200 42 29 7 32
201 33 33 14 45
202 40 23 13 37
203 30 18 21 40
204 29 23 15 46
205 30 27 17 32
206 21 18 12 39
207 19 17 16 37
208 22 14 20 47
209 26 15 14 33
210 27 22 14 34
211 27 16 15 37
212 20 12 14 46
213 26 18 4 32
214 18 16 16 35
215 22 16 9 28
216 15 13 12 25
217 19 18 2 24
218 21 12 4 35
219 10 11 12 24
220 16 15 7 29
221 23 12 8 29
222 21 18 8 27
223 10 12 9 20
224 17 9 6 21
225 13 9 3 15
226 16 7 11 20
227 13 14 9 20
228 10 8 4 16
229 9 10 7 23
230 7 12 5 23
231 7 11 5 19
232 11 2 3 11
233 4 9 5 15
234 6 12 4 18
235 8 7 4 11
236 6 9 5 13
237 5 9 2 13
238 7 4 2 16
239 7 2 4 7
240 7 7 0 14
241 5 6 4 17
242 6 2 2 8
243 6 5 1 12
244 3 3 4 5
245 2 5 1 7
246 8 5 0 4
247 4 4 2 7
248 3 5 2 9
249 6 4 1 3
250 2 3 1 6
251 1 6 3 8
252 2 3 1 10
253 5 1 1 4
254 3 3 3 3
255 4 0 3 8
256 1 3 1 8
257 3 2 2 5
258 3 3 3 5
259 5 1 2 2
260 2 1 1 5
261 2 0 0 6
262 3 1 1 6
263 3 1 0 1
264 0 2 2 3
265 1 2 0 2
266 1 2 0 3
267 3 4 2 1
268 3 2 2 2
269 2 1 1 2
270 1 1 0 0
271 0 0 2 3
272 1 3 0 3
273 2 1 0 3
274 1 0 0 5
275 1 0 0 2
276 2 1 0 2
277 1 3 0 1
278 3 1 3 2
279 2 1 1 2
280 2 1 0 2
281 0 0 2 1
282 1 0 0 1
283 1 2 0 3
284 0 1 0 2
285 1 2 0 3
286 1 1 0 0
287 1 1 0 3
288 0 3 0 1
289 0 0 0 0
290 1 0 1 1
291 1 0 1 2
292 0 1 0 5
293 0 0 0 0
294 2 0 0 0
295 1 0 0 0
296 0 1 0 1
297 0 0 0 1
298 1 0 0 1
299 0 2 0 0
300 1 0 0 1
301 1 0 0 0
302 0 0 0 0
303 2 1 1 1
304 0 0 1 0
305 0 1 0 0
306 0 1 0 1
307 0 0 0 1
308 1 1 0 1
309 0 0 0 0
310 1 0 0 2
311 0 0 0 0
312 0 1 0 1
313 0 1 0 0
314 0 0 0 0
315 0 0 0 1
316 0 0 0 1
317 0 0 0 1
318 0 0 0 0
319 1 1 0 0
320 0 0 0 0
321 0 0 0 0
322 0 0 0 0
323 0 0 0 0
324 1 0 0 0
325 0 0 0 0
326 1 0 0 1
327 0 0 0 0
328 0 1 0 0
329 0 0 0 0
330 0 0 0 0
331 0 1 0 0
332 0 0 0 1
333 0 1 0 0
334 0 0 0 0
335 0 0 0 1
336 0 0 0 0
337 0 0 0 0
338 0 0 0 0
339 0 0 0 0
340 0 0 0 1
341 0 0 0 0
342 0 0 0 0
343 0 0 0 0
344 0 0 0 0
345 0 0 0 0
346 0 0 0 0
347 0 0 0 0
348 0 0 0 0
349 0 0 0 0
350 0 0 0 0
351 0 0 0 0
352 0 0 0 0
353 0 0 0 0
354 0 0 0 0
355 0 0 0 0
356 0 0 0 0
357 0 0 0 0
358 0 0 0 0
359 0 0 0 0
360 0 0 0 0
361 0 0 0 0
362 0 0 0 0
363 0 0 0 0
364 0 0 0 0
365 0 0 0 0
366 0 0 0 0
367 0 0 0 0
368 0 0 0 0
369 0 0 0 0
370 0 0 0 0
371 0 0 0 0
372 0 0 0 0
373 0 0 0 0
374 0 0 0 0
375 0 0 0 0
376 0 0 0 0
377 0 0 0 0
378 0 0 0 0
379 0 0 0 0
380 0 0 0 0
381 0 0 0 0
382 0 0 0 0
383 0 0 0 0
384 0 0 0 0
385 0 0 0 0
386 0 0 0 0
387 0 0 0 0
388 0 0 0 0
389 0 0 0 0
390 0 0 0 0
391 0 0 0 0
392 0 0 0 0
393 0 0 0 0
394 0 0 0 0
395 0 0 0 0
396 0 0 0 0
397 0 0 0 0
398 0 0 0 0
399 0 0 0 0
400 0 0 0 0
401 0 0 0 0
402 0 0 0 0
403 0 0 0 0
404 0 0 0 0
405 0 0 0 0
406 0 0 0 0
407 0 0 0 0
408 0 0 0 0
409 0 0 0 0
410 0 0 0 0
411 0 0 0 0
412 0 0 0 0
413 0 0 0 0
414 0 0 0 0
415 0 0 0 0
416 0 0 0 0
417 0 0 0 0
418 0 0 0 0
419 0 0 0 0
420 0 0 0 0
421 0 0 0 0
422 0 0 0 0
423 0 0 0 0
424 0 0 0 0
425 0 0 0 0
426 0 0 0 0
427 0 0 0 0
428 0 0 0 0
429 0 0 0 0
430 0 0 0 0
431 0 0 0 0
432 0 0 0 0
433 0 0 0 0
434 0 0 0 0
435 0 0 0 0
436 0 0 0 0
437 0 0 0 0
438 0 0 0 0
439 0 0 0 0
440 0 0 0 0
441 0 0 0 0
442 0 0 0 0
443 0 0 0 0
444 0 0 0 0
445 0 0 0 0
446 0 0 0 0
447 0 0 0 0
448 0 0 0 0
449 0 0 0 0
450 0 0 0 0
451 0 0 0 0
452 0 0 0 0
453 0 0 0 0
454 0 0 0 0
455 0 0 0 0
456 0 0 0 0
457 0 0 0 0
458 0 0 0 0
459 0 0 0 0
460 0 0 0 0
461 0 0 0 0
462 0 0 0 0
463 0 0 0 0
464 0 0 0 0
465 0 0 0 0
466 0 0 0 0
467 0 0 0 0
468 0 0 0 0
469 0 0 0 0
470 0 0 0 0
471 0 0 0 0
472 0 0 0 0
473 0 0 0 0
474 0 0 0 0
475 0 0 0 0
476 0 0 0 0
477 0 0 0 0
478 0 0 0 0
479 0 0 0 0
480 0 0 0 0
481 0 0 0 0
482 0 0 0 0
483 0 0 0 0
484 0 0 0 0
485 0 0 0 0
486 0 0 0 0
487 0 0 0 0
488 0 0 0 0
489 0 0 0 0
490 0 0 0 0
491 0 0 0 0
492 0 0 0 0
493 0 0 0 0
494 0 0 0 0
495 0 0 0 0
496 0 0 0 0
497 0 0 0 0
498 0 0 0 0
499 0 0 0 0
500 0 0 0 0
501 0 0 0 0
502 0 0 0 0
503 0 0 0 0
504 0 0 0 0
505 0 0 0 0
506 0 0 0 0
507 0 0 0 0
508 0 0 0 0
509 0 0 0 0
510 0 0 0 0
511 0 0 0 0
512 0 0 0 0
513 0 0 0 0
514 0 0 0 0
515 0 0 0 0
516 0 0 0 0
517 0 0 0 0
518 0 0 0 0
519 0 0 0 0
520 0 0 0 0
521 0 0 0 0
522 0 0 0 0
523 0 0 0 0
524 0 0 0 0
525 0 0 0 0
526 0 0 0 0
527 0 0 0 0
528 0 0 0 0
529 0 0 0 0
530 0 0 0 0
531 0 0 0 0
532 0 0 0 0
533 0 0 0 0
534 0 0 0 0
535 0 0 0 0
536 0 0 0 0
537 0 0 0 0
538 0 0 0 0
539 0 0 0 0
540 0 0 0 0
541 0 0 0 0
542 0 0 0 0
543 0 0 0 0
544 0 0 0 0
545 0 0 0 0
546 0 0 0 0
547 0 0 0 0
548 0 0 0 0
549 0 0 0 0
550 0 0 0 0
551 0 0 0 0
552 0 0 0 0
553 0 0 0 0
554 0 0 0 0
555 0 0 0 0
556 0 0 0 0
557 0 0 0 0
558 0 0 0 0
559 0 0 0 0
560 0 0 0 0
561 0 0 0 0
562 0 0 0 0
563 0 0 0 0
564 0 0 0 0
565 0 0 0 0
566 0 0 0 0
567 0 0 0 0
568 0 0 0 0
569 0 0 0 0
570 0 0 0 0
571 0 0 0 0
572 0 0 0 0
573 0 0 0 0
574 0 0 0 0
575 0 0 0 0
576 0 0 0 0
577 0 0 0 0
578 0 0 0 0
579 0 0 0 0
580 0 0 0 0
581 0 0 0 0
582 0 0 0 0
583 0 0 0 0
584 0 0 0 0
585 0 0 0 0
586 0 0 0 0
587 0 0 0 0
588 0 0 0 0
589 0 0 0 0
590 0 0 0 0
591 0 0 0 0
592 0 0 0 0
593 0 0 0 0
594 0 0 0 0
595 0 0 0 0
596 0 0 0 0
597 0 0 0 0
598 0 0 0 0
599 0 0 0 0
600 0 0 0 0
601 0 0 0 0
602 0 0 0 0
603 0 0 0 0
604 0 0 0 0
605 0 0 0 0
606 0 0 0 0
607 0 0 0 0
608 0 0 0 0
609 0 0 0 0
610 0 0 0 0
611 0 0 0 0
612 0 0 0 0
613 0 0 0 0
614 0 0 0 0
615 0 0 0 0
616 0 0 0 0
617 0 0 0 0
618 0 0 0 0
619 0 0 0 0
620 0 0 0 0
621 0 0 0 0
622 0 0 0 0
623 0 0 0 0
624 0 0 0 0
625 0 0 0 0
626 0 0 0 0
627 0 0 0 0
628 0 0 0 0
629 0 0 0 0
630 0 0 0 0
631 0 0 0 0
632 0 0 0 0
633 0 0 0 0
634 0 0 0 0
635 0 0 0 0
636 0 0 0 0
637 0 0 0 0
638 0 0 0 0
639 0 0 0 0
640 0 0 0 0
641 0 0 0 0
642 0 0 0 0
643 0 0 0 0
644 0 0 0 0
645 0 0 0 0
646 0 0 0 0
647 0 0 0 0
648 0 0 0 0
649 0 0 0 0
650 0 0 0 0
651 0 0 0 0
652 0 0 0 0
653 0 0 0 0
654 0 0 0 0
655 0 0 0 0
656 0 0 0 0
657 0 0 0 0
658 0 0 0 0
659 0 0 0 0
660 0 0 0 0
661 0 0 0 0
662 0 0 0 0
663 0 0 0 0
664 0 0 0 0
665 0 0 0 0
666 0 0 0 0
667 0 0 0 0
668 0 0 0 0
669 0 0 0 0
670 0 0 0 0
671 0 0 0 0
672 0 0 0 0
673 0 0 0 0
674 0 0 0 0
675 0 0 0 0
676 0 0 0 0
677 0 0 0 0
678 0 0 0 0
679 0 0 0 0
680 0 0 0 0
681 0 0 0 0
682 0 0 0 0
683 0 0 0 0
684 0 0 0 0
685 0 0 0 0
686 0 0 0 0
687 0 0 0 0
688 0 0 0 0
689 0 0 0 0
690 0 0 0 0
691 0 0 0 0
692 0 0 0 0
693 0 0 0 0
694 0 0 0 0
695 0 0 0 0
696 0 0 0 0
697 0 0 0 0
698 0 0 0 0
699 0 0 0 0
700 0 0 0 0
701 0 0 0 0
702 0 0 0 0
703 0 0 0 0
704 0 0 0 0
705 0 0 0 0
706 0 0 0 0
707 0 0 0 0
708 0 0 0 0
709 0 0 0 0
710 0 0 0 0
711 0 0 0 0
712 0 0 0 0
713 0 0 0 0
714 0 0 0 0
715 0 0 0 0
716 0 0 0 0
717 0 0 0 0
718 0 0 0 0
719 0 0 0 0
720 0 0 0 0
721 0 0 0 0
722 0 0 0 0
723 0 0 0 0
724 0 0 0 0
725 0 0 0 0
726 0 0 0 0
727 0 0 0 0
