0 0 0 0 0
1 0 0 0 0
2 0 0 0 0
3 0 0 0 0
4 0 0 0 0
5 0 1 3 0
6 0 0 0 0
7 0 0 0 0
8 0 0 0 0
9 0 0 1 1
10 0 0 0 0
11 0 0 0 0
12 0 0 0 3
13 0 0 0 1
14 0 0 0 0
15 0 0 0 0
16 0 0 0 0
17 0 0 0 0
18 1 0 0 0
19 1 0 0 0
20 0 0 0 0
21 2 0 0 0
22 1 0 0 0
23 1 1 0 0
24 2 0 1 0
25 1 0 0 0
26 1 1 0 0
27 1 0 0 1
28 1 0 0 1
29 1 0 0 0
30 0 0 1 0
31 1 1 1 0
32 0 0 1 0
33 1 0 3 1
34 0 2 0 0
35 1 0 0 1
36 1 1 1 1
37 0 0 0 3
38 0 1 0 2
39 0 0 0 0
40 0 1 0 3
41 0 1 0 1
42 0 0 0 1
43 0 0 0 0
44 0 0 0 0
45 2 0 0 0
46 0 0 0 0
47 3 0 0 1
48 3 0 0 1
49 2 0 0 0
50 0 1 0 0
51 3 0 0 0
52 1 0 1 0
53 0 2 1 0
54 2 2 1 1
55 0 0 0 0
56 1 4 1 0
57 0 0 0 3
58 0 0 0 1
59 0 0 1 1
60 0 0 0 4
61 0 1 0 2
62 0 0 0 0
63 0 0 1 1
64 0 0 0 0
65 0 1 0 1
66 1 0 0 1
67 0 0 0 1
68 0 0 0 0
69 0 0 0 1
70 2 0 0 0
71 0 0 0 0
72 1 1 0 0
73 0 0 0 0
74 3 0 0 0
75 2 1 0 0
76 1 0 0 1
77 0 0 1 0
78 4 0 0 0
79 1 1 1 0
80 1 1 0 0
81 1 0 0 0
82 2 0 0 1
83 1 3 2 2
84 2 0 1 2
85 1 2 0 0
86 3 1 0 0
87 0 1 1 4
88 0 1 0 1
89 0 1 0 1
90 2 1 0 2
91 2 2 0 2
92 2 1 0 1
93 0 1 0 0
94 3 0 1 1
95 1 1 1 2
96 3 1 0 2
97 3 1 0 0
98 1 0 0 2
99 3 0 2 2
100 3 1 0 1
101 5 3 0 0
102 0 0 1 0
103 2 1 1 3
104 2 1 1 2
105 1 1 2 1
106 0 5 1 1
107 4 1 0 1
108 2 2 1 3
109 4 0 2 2
110 3 1 0 4
111 3 0 0 2
112 2 2 2 1
113 4 2 1 4
114 3 2 2 1
115 2 1 0 3
116 1 0 1 5
117 5 2 1 0
118 4 0 1 1
119 5 1 2 0
120 6 2 1 3
121 7 1 0 6
122 2 3 3 2
123 4 3 2 2
124 7 1 3 1
125 6 4 1 1
126 4 2 4 3
127 3 2 0 5
128 3 3 2 3
129 1 5 2 7
130 2 5 2 4
131 2 0 2 2
132 5 2 0 5
133 3 1 2 7
134 0 1 2 8
135 2 4 0 1
136 7 1 0 5
137 6 3 3 3
138 4 0 1 3
139 9 1 1 5
140 6 3 0 2
141 12 1 4 5
142 7 2 1 1
143 11 1 1 3
144 7 3 4 5
145 11 2 3 3
146 8 6 6 1
147 11 2 2 1
148 12 2 10 6
149 9 3 2 4
150 6 9 3 8
151 6 3 4 7
152 10 10 2 9
153 4 6 4 9
154 6 6 3 7
155 2 7 1 9
156 4 4 2 15
157 5 4 9 12
158 11 4 3 5
159 6 1 5 2
160 8 2 2 5
161 7 5 3 14
162 9 3 2 13
163 16 3 6 7
164 6 2 2 4
165 9 1 3 4
166 9 6 1 8
167 10 5 4 8
168 15 9 3 8
169 11 1 3 3
170 17 2 5 8
171 17 6 0 7
172 15 7 5 9
173 11 7 5 5
174 8 4 7 9
175 12 8 9 8
176 8 10 4 7
177 11 11 4 11
178 12 3 6 8
179 13 8 6 11
180 16 9 4 16
181 15 6 5 14
182 13 9 5 15
183 15 7 3 8
184 9 6 6 10
185 8 5 5 13
186 14 8 5 18
187 12 8 4 14
188 14 11 5 9
189 11 11 4 13
190 15 4 6 15
191 15 9 4 8
192 19 6 7 17
193 19 4 12 12
194 26 4 3 15
195 15 9 4 14
196 16 1 7 15
197 18 8 5 18
198 17 10 11 7
199 26 18 9 7
200 18 10 7 8
201 19 11 6 11
202 13 10 4 17
203 13 14 3 17
204 14 16 7 12
205 10 6 9 21
206 14 14 7 14
207 16 9 10 19
208 16 7 7 23
209 14 6 9 25
210 17 11 5 16
211 12 11 3 18
212 7 7 6 9
213 11 8 6 18
214 16 7 6 16
215 9 9 6 16
216 11 9 10 16
217 8 7 7 16
218 10 9 4 11
219 14 8 7 15
220 11 7 2 18
221 7 4 3 18
222 10 4 7 14
223 4 10 6 17
224 9 6 3 10
225 8 2 9 9
226 4 5 2 16
227 3 6 1 11
228 9 6 6 5
229 6 7 2 9
230 4 1 5 12
231 3 3 4 11
232 6 1 2 12
233 4 4 6 9
234 6 5 4 5
235 3 1 1 7
236 5 1 1 5
237 6 3 3 7
238 7 3 0 9
239 5 6 2 5
240 7 3 1 7
241 5 5 0 4
242 7 6 1 2
243 3 7 2 6
244 4 3 0 6
245 2 3 2 3
246 2 2 1 6
247 1 6 1 6
248 5 3 2 6
249 2 1 5 5
250 1 3 1 9
251 1 1 0 4
252 1 2 0 5
253 1 3 5 4
254 4 3 0 7
255 0 0 1 2
256 3 1 0 5
257 0 1 1 7
258 2 0 0 2
259 1 1 1 2
260 3 0 0 3
261 1 0 0 2
262 0 2 0 0
263 0 3 1 2
264 0 1 0 0
265 1 1 3 0
266 0 0 0 1
267 8 0 0 3
268 2 0 0 0
269 0 2 0 6
270 2 1 1 1
271 0 0 0 1
272 1 4 2 0
273 2 0 2 1
274 3 0 0 2
275 3 1 0 0
276 1 1 1 5
277 1 1 0 2
278 0 2 0 0
279 1 2 0 2
280 1 1 0 1
281 0 0 0 1
282 0 1 0 2
283 1 1 1 2
284 1 0 3 1
285 1 1 1 1
286 0 0 0 1
287 0 0 0 1
288 1 0 1 3
289 1 0 0 2
290 0 0 1 1
291 1 0 0 0
292 1 0 0 2
293 0 1 0 0
294 1 0 0 0
295 0 0 0 0
296 0 0 0 0
297 1 1 1 1
298 0 1 0 0
299 0 0 1 0
300 2 1 0 1
301 1 0 0 1
302 0 1 0 0
303 0 0 0 1
304 1 0 0 1
305 0 0 2 1
306 1 1 0 0
307 1 0 0 1
308 0 0 0 0
309 0 1 0 1
310 0 0 0 1
311 0 1 0 0
312 0 0 0 2
313 0 0 0 0
314 0 0 0 1
315 0 0 0 0
316 0 1 0 0
317 0 0 0 0
318 0 0 0 1
319 1 0 0 0
320 0 0 0 1
321 0 0 0 0
322 0 0 0 0
323 0 0 0 0
324 0 0 0 0
325 0 0 0 0
326 1 0 0 0
327 0 0 0 0
328 0 1 0 0
329 0 0 0 0
330 0 0 0 0
331 0 1 0 0
332 0 0 0 1
333 0 0 0 0
334 0 0 0 0
335 0 0 0 1
336 0 0 0 0
337 0 0 0 0
338 0 0 0 0
339 0 0 0 0
340 0 0 0 0
341 0 0 0 0
342 0 0 0 0
343 0 0 0 0
344 0 0 0 0
345 0 0 0 0
346 0 0 0 0
347 0 0 0 0
348 0 0 0 0
349 0 0 0 0
350 0 0 0 0
351 0 0 0 0
352 0 0 0 0
353 0 0 0 0
354 0 0 0 0
355 0 0 0 0
356 0 0 0 0
357 0 0 0 0
358 0 0 0 0
359 0 0 0 0
360 0 0 0 0
361 0 0 0 0
362 0 0 0 0
363 0 0 0 0
364 0 0 0 0
365 0 0 0 0
366 0 0 0 0
367 0 0 0 0
368 0 0 0 0
369 0 0 0 0
370 0 0 0 0
371 0 0 0 0
372 0 0 0 0
373 0 0 0 0
374 0 0 0 0
375 0 0 0 0
376 0 0 0 0
377 0 0 0 0
378 0 0 0 0
379 0 0 0 0
380 0 0 0 0
381 0 0 0 0
382 0 0 0 0
383 0 0 0 0
384 0 0 0 0
385 0 0 0 0
386 0 0 0 0
387 0 0 0 0
388 0 0 0 0
389 0 0 0 0
390 0 0 0 0
391 0 0 0 0
392 0 0 0 0
393 0 0 0 0
394 0 0 0 0
395 0 0 0 0
396 0 0 0 0
397 0 0 0 0
398 0 0 0 0
399 0 0 0 0
400 0 0 0 0
401 0 0 0 0
402 0 0 0 0
403 0 0 0 0
404 0 0 0 0
405 0 0 0 0
406 0 0 0 0
407 0 0 0 0
408 0 0 0 0
409 0 0 0 0
410 0 0 0 0
411 0 0 0 0
412 0 0 0 0
413 0 0 0 0
414 0 0 0 0
415 0 0 0 0
416 0 0 0 0
417 0 0 0 0
418 0 0 0 0
419 0 0 0 0
420 0 0 0 0
421 0 0 0 0
422 0 0 0 0
423 0 0 0 0
424 0 0 0 0
425 0 0 0 0
426 0 0 0 0
427 0 0 0 0
428 0 0 0 0
429 0 0 0 0
430 0 0 0 0
431 0 0 0 0
432 0 0 0 0
433 0 0 0 0
434 0 0 0 0
435 0 0 0 0
436 0 0 0 0
437 0 0 0 0
438 0 0 0 0
439 0 0 0 0
440 0 0 0 0
441 0 0 0 0
442 0 0 0 0
443 0 0 0 0
444 0 0 0 0
445 0 0 0 0
446 0 0 0 0
447 0 0 0 0
448 0 0 0 0
449 0 0 0 0
450 0 0 0 0
451 0 0 0 0
452 0 0 0 0
453 0 0 0 0
454 0 0 0 0
455 0 0 0 0
456 0 0 0 0
457 0 0 0 0
458 0 0 0 0
459 0 0 0 0
460 0 0 0 0
461 0 0 0 0
462 0 0 0 0
463 0 0 0 0
464 0 0 0 0
465 0 0 0 0
466 0 0 0 0
467 0 0 0 0
468 0 0 0 0
469 0 0 0 0
470 0 0 0 0
471 0 0 0 0
472 0 0 0 0
473 0 0 0 0
474 0 0 0 0
475 0 0 0 0
476 0 0 0 0
477 0 0 0 0
478 0 0 0 0
479 0 0 0 0
480 0 0 0 0
481 0 0 0 0
482 0 0 0 0
483 0 0 0 0
484 0 0 0 0
485 0 0 0 0
486 0 0 0 0
487 0 0 0 0
488 0 0 0 0
489 0 0 0 0
490 0 0 0 0
491 0 0 0 0
492 0 0 0 0
493 0 0 0 0
494 0 0 0 0
495 0 0 0 0
496 0 0 0 0
497 0 0 0 0
498 0 0 0 0
499 0 0 0 0
500 0 0 0 0
501 0 0 0 0
502 0 0 0 0
503 0 0 0 0
504 0 0 0 0
505 0 0 0 0
506 0 0 0 0
507 0 0 0 0
508 0 0 0 0
509 0 0 0 0
510 0 0 0 0
511 0 0 0 0
512 0 0 0 0
513 0 0 0 0
514 0 0 0 0
515 0 0 0 0
516 0 0 0 0
517 0 0 0 0
518 0 0 0 0
519 0 0 0 0
520 0 0 0 0
521 0 0 0 0
522 0 0 0 0
523 0 0 0 0
524 0 0 0 0
525 0 0 0 0
526 0 0 0 0
527 0 0 0 0
528 0 0 0 0
529 0 0 0 0
530 0 0 0 0
531 0 0 0 0
532 0 0 0 0
533 0 0 0 0
534 0 0 0 0
535 0 0 0 0
536 0 0 0 0
537 0 0 0 0
538 0 0 0 0
539 0 0 0 0
540 0 0 0 0
541 0 0 0 0
542 0 0 0 0
543 0 0 0 0
544 0 0 0 0
545 0 0 0 0
546 0 0 0 0
547 0 0 0 0
548 0 0 0 0
549 0 0 0 0
550 0 0 0 0
551 0 0 0 0
552 0 0 0 0
553 0 0 0 0
554 0 0 0 0
555 0 0 0 0
556 0 0 0 0
557 0 0 0 0
558 0 0 0 0
559 0 0 0 0
560 0 0 0 0
561 0 0 0 0
562 0 0 0 0
563 0 0 0 0
564 0 0 0 0
565 0 0 0 0
566 0 0 0 0
567 0 0 0 0
568 0 0 0 0
569 0 0 0 0
570 0 0 0 0
571 0 0 0 0
572 0 0 0 0
573 0 0 0 0
574 0 0 0 0
575 0 0 0 0
576 0 0 0 0
577 0 0 0 0
578 0 0 0 0
579 0 0 0 0
580 0 0 0 0
581 0 0 0 0
582 0 0 0 0
583 0 0 0 0
584 0 0 0 0
585 0 0 0 0
586 0 0 0 0
587 0 0 0 0
588 0 0 0 0
589 0 0 0 0
590 0 0 0 0
591 0 0 0 0
592 0 0 0 0
593 0 0 0 0
594 0 0 0 0
595 0 0 0 0
596 0 0 0 0
597 0 0 0 0
598 0 0 0 0
599 0 0 0 0
600 0 0 0 0
601 0 0 0 0
602 0 0 0 0
603 0 0 0 0
604 0 0 0 0
605 0 0 0 0
606 0 0 0 0
607 0 0 0 0
608 0 0 0 0
609 0 0 0 0
610 0 0 0 0
611 0 0 0 0
612 0 0 0 0
613 0 0 0 0
614 0 0 0 0
615 0 0 0 0
616 0 0 0 0
617 0 0 0 0
618 0 0 0 0
619 0 0 0 0
620 0 0 0 0
621 0 0 0 0
622 0 0 0 0
623 0 0 0 0
624 0 0 0 0
625 0 0 0 0
626 0 0 0 0
627 0 0 0 0
628 0 0 0 0
629 0 0 0 0
630 0 0 0 0
631 0 0 0 0
632 0 0 0 0
633 0 0 0 0
634 0 0 0 0
635 0 0 0 0
636 0 0 0 0
637 0 0 0 0
638 0 0 0 0
639 0 0 0 0
640 0 0 0 0
641 0 0 0 0
642 0 0 0 0
643 0 0 0 0
644 0 0 0 0
645 0 0 0 0
646 0 0 0 0
647 0 0 0 0
648 0 0 0 0
649 0 0 0 0
650 0 0 0 0
651 0 0 0 0
652 0 0 0 0
653 0 0 0 0
654 0 0 0 0
655 0 0 0 0
656 0 0 0 0
657 0 0 0 0
658 0 0 0 0
659 0 0 0 0
660 0 0 0 0
661 0 0 0 0
662 0 0 0 0
663 0 0 0 0
664 0 0 0 0
665 0 0 0 0
666 0 0 0 0
667 0 0 0 0
668 0 0 0 0
669 0 0 0 0
670 0 0 0 0
671 0 0 0 0
672 0 0 0 0
673 0 0 0 0
674 0 0 0 0
675 0 0 0 0
676 0 0 0 0
677 0 0 0 0
678 0 0 0 0
679 0 0 0 0
680 0 0 0 0
681 0 0 0 0
682 0 0 0 0
683 0 0 0 0
684 0 0 0 0
685 0 0 0 0
686 0 0 0 0
687 0 0 0 0
688 0 0 0 0
689 0 0 0 0
690 0 0 0 0
691 0 0 0 0
692 0 0 0 0
693 0 0 0 0
694 0 0 0 0
695 0 0 0 0
696 0 0 0 0
697 0 0 0 0
698 0 0 0 0
699 0 0 0 0
700 0 0 0 0
701 0 0 0 0
702 0 0 0 0
703 0 0 0 0
704 0 0 0 0
705 0 0 0 0
706 0 0 0 0
707 0 0 0 0
708 0 0 0 0
709 0 0 0 0
710 0 0 0 0
711 0 0 0 0
712 0 0 0 0
713 0 0 0 0
714 0 0 0 0
715 0 0 0 0
716 0 0 0 0
717 0 0 0 0
718 0 0 0 0
719 0 0 0 0
720 0 0 0 0
721 0 0 0 0
722 0 0 0 0
723 0 0 0 0
724 0 0 0 0
725 0 0 0 0
726 0 0 0 0
727 0 0 0 0
