0 0 0 0 0
1 0 0 0 0
2 0 0 0 0
3 0 0 0 0
4 0 0 0 0
5 0 3 1 0
6 0 0 0 0
7 0 0 0 0
8 0 0 0 0
9 1 1 0 2
10 0 0 0 0
11 0 0 0 0
12 0 0 0 2
13 0 0 0 1
14 0 1 0 0
15 0 0 0 0
16 1 0 0 0
17 1 0 0 0
18 0 0 0 1
19 0 0 0 0
20 0 0 0 0
21 1 0 0 0
22 0 0 0 0
23 1 0 0 0
24 3 0 1 0
25 0 0 0 0
26 0 2 0 0
27 1 0 0 0
28 0 0 0 1
29 0 2 0 0
30 1 0 0 1
31 1 0 0 0
32 0 1 1 0
33 1 0 1 2
34 0 0 0 0
35 0 1 0 0
36 0 1 0 3
37 0 0 0 1
38 0 0 0 0
39 0 0 0 0
40 0 0 0 0
41 0 0 0 0
42 1 1 0 1
43 1 0 0 1
44 3 0 0 0
45 1 0 0 0
46 3 0 0 0
47 0 0 1 0
48 2 0 1 0
49 1 1 0 1
50 1 0 0 0
51 1 0 0 0
52 2 0 1 0
53 1 2 0 0
54 1 1 1 1
55 1 2 0 1
56 0 0 0 1
57 1 1 1 1
58 1 1 1 1
59 1 1 0 1
60 0 1 0 1
61 0 1 0 2
62 1 1 0 4
63 0 1 1 1
64 0 0 1 2
65 1 0 0 1
66 2 0 1 0
67 1 0 1 1
68 0 0 0 0
69 2 0 0 1
70 1 0 0 1
71 1 0 0 2
72 3 0 1 0
73 2 0 0 1
74 3 3 0 0
75 1 3 0 0
76 1 0 0 0
77 1 0 1 0
78 1 1 0 1
79 0 1 1 4
80 2 2 0 0
81 2 2 1 2
82 0 1 0 1
83 2 0 1 1
84 2 0 0 0
85 1 2 0 3
86 2 2 1 2
87 2 0 1 3
88 1 0 1 0
89 1 1 1 2
90 5 0 0 3
91 4 0 0 0
92 4 2 0 1
93 2 0 0 3
94 2 0 1 1
95 0 4 1 0
96 3 2 1 1
97 5 1 2 0
98 4 0 3 0
99 3 1 2 2
100 5 1 1 2
101 5 2 2 2
102 5 2 2 7
103 2 2 2 3
104 2 1 2 1
105 1 2 2 3
106 4 0 1 1
107 2 3 0 5
108 4 2 0 4
109 5 1 3 5
110 6 2 2 2
111 3 3 2 2
112 7 1 0 4
113 3 2 1 1
114 2 2 2 4
115 4 5 1 2
116 8 3 1 4
117 7 3 1 6
118 3 0 4 4
119 8 3 0 4
120 5 1 3 2
121 6 5 4 6
122 5 2 1 5
123 8 2 2 5
124 6 2 2 1
125 9 2 3 8
126 3 4 3 0
127 3 1 2 7
128 4 3 3 3
129 7 4 3 6
130 4 4 3 5
131 8 1 2 4
132 6 6 3 7
133 2 3 3 7
134 8 4 7 6
135 10 4 1 2
136 8 2 2 9
137 8 0 3 6
138 11 2 0 8
139 8 3 8 7
140 12 5 3 5
141 8 3 4 6
142 11 5 0 2
143 9 4 3 9
144 6 4 4 4
145 6 7 4 4
146 11 2 5 8
147 8 7 3 9
148 11 9 1 7
149 10 4 3 7
150 13 7 2 8
151 12 8 6 10
152 14 7 3 10
153 12 7 3 9
154 8 4 3 11
155 7 5 3 13
156 13 7 4 8
157 13 5 5 10
158 8 1 11 9
159 16 6 5 11
160 11 5 4 12
161 6 10 6 9
162 15 6 5 7
163 14 6 4 10
164 18 8 4 7
165 15 4 6 16
166 13 7 2 7
167 14 9 7 13
168 14 10 2 15
169 15 10 4 14
170 19 7 2 5
171 14 5 4 14
172 16 11 5 10
173 18 13 6 13
174 17 9 8 12
175 14 9 9 9
176 15 11 4 17
177 18 10 2 16
178 16 13 7 12
179 18 13 5 19
180 24 7 5 10
181 20 6 9 19
182 19 13 5 17
183 28 8 6 14
184 19 15 5 14
185 16 14 7 18
186 16 11 8 19
187 17 7 7 9
188 21 15 7 24
189 20 13 7 14
190 24 6 9 23
191 27 12 10 11
192 26 13 9 22
193 21 13 6 21
194 22 9 6 17
195 27 9 7 24
196 21 13 7 19
197 15 23 4 19
198 21 18 12 16
199 18 21 7 20
200 18 13 7 17
201 19 14 11 18
202 16 7 7 23
203 16 15 7 23
204 17 18 7 31
205 13 10 8 26
206 17 10 6 24
207 11 10 9 19
208 19 11 6 16
209 8 8 4 22
210 18 8 3 17
211 9 4 8 25
212 11 13 5 22
213 14 9 9 11
214 14 9 4 14
215 14 14 7 10
216 9 4 5 13
217 13 11 6 12
218 11 10 4 13
219 7 10 6 22
220 3 6 6 19
221 13 5 5 14
222 9 8 0 17
223 10 6 8 16
224 10 7 5 11
225 7 6 1 13
226 11 8 6 9
227 7 5 8 13
228 8 5 4 11
229 9 1 1 5
230 7 8 4 16
231 5 1 2 14
232 10 9 1 10
233 7 5 7 7
234 2 5 4 7
235 5 10 4 6
236 6 3 1 5
237 6 5 3 13
238 2 6 4 6
239 4 2 2 14
240 1 2 1 12
241 3 6 1 12
242 2 4 2 10
243 3 1 1 3
244 3 2 3 2
245 3 2 2 11
246 2 2 1 7
247 7 1 0 4
248 2 2 2 5
249 6 3 0 4
250 2 1 4 4
251 4 2 1 1
252 1 2 1 3
253 3 1 0 1
254 2 1 4 4
255 2 1 0 1
256 1 3 3 3
257 2 2 1 2
258 2 1 2 4
259 2 1 1 3
260 2 1 2 6
261 0 1 0 4
262 0 2 2 2
263 1 2 1 2
264 1 3 0 3
265 2 1 0 1
266 3 0 0 3
267 2 0 0 5
268 4 0 1 3
269 1 2 0 4
270 2 1 0 0
271 2 0 0 1
272 0 1 0 0
273 0 2 2 2
274 2 3 0 1
275 1 0 3 1
276 0 2 0 1
277 1 0 0 2
278 2 0 0 2
279 0 2 0 4
280 0 1 0 2
281 0 0 0 1
282 2 0 0 0
283 0 0 3 2
284 0 1 0 1
285 2 0 0 0
286 0 1 0 1
287 1 1 1 0
288 2 0 0 0
289 0 0 0 0
290 1 1 0 4
291 1 0 0 2
292 0 0 0 0
293 1 0 0 0
294 2 1 0 2
295 0 0 0 0
296 0 2 0 0
297 0 1 1 0
298 0 1 0 0
299 0 1 0 1
300 0 0 0 1
301 0 0 0 2
302 0 0 1 1
303 0 1 0 1
304 0 0 0 1
305 1 0 0 0
306 1 0 0 1
307 0 0 0 0
308 0 0 0 0
309 0 0 0 0
310 1 1 0 1
311 0 1 0 0
312 0 0 0 0
313 0 0 0 0
314 0 0 0 1
315 0 0 0 1
316 0 0 0 0
317 0 0 0 0
318 0 0 0 0
319 0 0 1 0
320 0 0 0 0
321 0 0 0 0
322 0 0 0 0
323 0 0 0 1
324 0 0 0 0
325 0 0 0 0
326 0 0 0 0
327 0 0 0 0
328 0 0 0 0
329 0 0 0 0
330 0 0 0 0
331 0 0 0 0
332 0 0 0 0
333 0 0 0 0
334 0 0 0 0
335 0 0 0 0
336 0 0 0 0
337 0 0 0 0
338 0 0 0 0
339 0 0 0 0
340 0 0 0 0
341 0 0 0 0
342 0 0 0 0
343 0 0 0 0
344 0 0 0 0
345 0 0 0 0
346 0 0 0 0
347 0 0 0 0
348 0 0 0 0
349 0 0 0 0
350 0 0 0 0
351 0 0 0 0
352 0 0 0 0
353 0 0 0 0
354 0 0 0 0
355 0 0 0 0
356 0 0 0 0
357 0 0 0 0
358 0 0 0 0
359 0 0 0 0
360 0 0 0 0
361 0 0 0 0
362 0 0 0 0
363 0 0 0 0
364 0 0 0 0
365 0 0 0 0
366 0 0 0 0
367 0 0 0 0
368 0 0 0 0
369 0 0 0 0
370 0 0 0 0
371 0 0 0 0
372 0 0 0 0
373 0 0 0 0
374 0 0 0 0
375 0 0 0 0
376 0 0 0 0
377 0 0 0 0
378 0 0 0 0
379 0 0 0 0
380 0 0 0 0
381 0 0 0 0
382 0 0 0 0
383 0 0 0 0
384 0 0 0 0
385 0 0 0 0
386 0 0 0 0
387 0 0 0 0
388 0 0 0 0
389 0 0 0 0
390 0 0 0 0
391 0 0 0 0
392 0 0 0 0
393 0 0 0 0
394 0 0 0 0
395 0 0 0 0
396 0 0 0 0
397 0 0 0 0
398 0 0 0 0
399 0 0 0 0
400 0 0 0 0
401 0 0 0 0
402 0 0 0 0
403 0 0 0 0
404 0 0 0 0
405 0 0 0 0
406 0 0 0 0
407 0 0 0 0
408 0 0 0 0
409 0 0 0 0
410 0 0 0 0
411 0 0 0 0
412 0 0 0 0
413 0 0 0 0
414 0 0 0 0
415 0 0 0 0
416 0 0 0 0
417 0 0 0 0
418 0 0 0 0
419 0 0 0 0
420 0 0 0 0
421 0 0 0 0
422 0 0 0 0
423 0 0 0 0
424 0 0 0 0
425 0 0 0 0
426 0 0 0 0
427 0 0 0 0
428 0 0 0 0
429 0 0 0 0
430 0 0 0 0
431 0 0 0 0
432 0 0 0 0
433 0 0 0 0
434 0 0 0 0
435 0 0 0 0
436 0 0 0 0
437 0 0 0 0
438 0 0 0 0
439 0 0 0 0
440 0 0 0 0
441 0 0 0 0
442 0 0 0 0
443 0 0 0 0
444 0 0 0 0
445 0 0 0 0
446 0 0 0 0
447 0 0 0 0
448 0 0 0 0
449 0 0 0 0
450 0 0 0 0
451 0 0 0 0
452 0 0 0 0
453 0 0 0 0
454 0 0 0 0
455 0 0 0 0
456 0 0 0 0
457 0 0 0 0
458 0 0 0 0
459 0 0 0 0
460 0 0 0 0
461 0 0 0 0
462 0 0 0 0
463 0 0 0 0
464 0 0 0 0
465 0 0 0 0
466 0 0 0 0
467 0 0 0 0
468 0 0 0 0
469 0 0 0 0
470 0 0 0 0
471 0 0 0 0
472 0 0 0 0
473 0 0 0 0
474 0 0 0 0
475 0 0 0 0
476 0 0 0 0
477 0 0 0 0
478 0 0 0 0
479 0 0 0 0
480 0 0 0 0
481 0 0 0 0
482 0 0 0 0
483 0 0 0 0
484 0 0 0 0
485 0 0 0 0
486 0 0 0 0
487 0 0 0 0
488 0 0 0 0
489 0 0 0 0
490 0 0 0 0
491 0 0 0 0
492 0 0 0 0
493 0 0 0 0
494 0 0 0 0
495 0 0 0 0
496 0 0 0 0
497 0 0 0 0
498 0 0 0 0
499 0 0 0 0
500 0 0 0 0
501 0 0 0 0
502 0 0 0 0
503 0 0 0 0
504 0 0 0 0
505 0 0 0 0
506 0 0 0 0
507 0 0 0 0
508 0 0 0 0
509 0 0 0 0
510 0 0 0 0
511 0 0 0 0
512 0 0 0 0
513 0 0 0 0
514 0 0 0 0
515 0 0 0 0
516 0 0 0 0
517 0 0 0 0
518 0 0 0 0
519 0 0 0 0
520 0 0 0 0
521 0 0 0 0
522 0 0 0 0
523 0 0 0 0
524 0 0 0 0
525 0 0 0 0
526 0 0 0 0
527 0 0 0 0
528 0 0 0 0
529 0 0 0 0
530 0 0 0 0
531 0 0 0 0
532 0 0 0 0
533 0 0 0 0
534 0 0 0 0
535 0 0 0 0
536 0 0 0 0
537 0 0 0 0
538 0 0 0 0
539 0 0 0 0
540 0 0 0 0
541 0 0 0 0
542 0 0 0 0
543 0 0 0 0
544 0 0 0 0
545 0 0 0 0
546 0 0 0 0
547 0 0 0 0
548 0 0 0 0
549 0 0 0 0
550 0 0 0 0
551 0 0 0 0
552 0 0 0 0
553 0 0 0 0
554 0 0 0 0
555 0 0 0 0
556 0 0 0 0
557 0 0 0 0
558 0 0 0 0
559 0 0 0 0
560 0 0 0 0
561 0 0 0 0
562 0 0 0 0
563 0 0 0 0
564 0 0 0 0
565 0 0 0 0
566 0 0 0 0
567 0 0 0 0
568 0 0 0 0
569 0 0 0 0
570 0 0 0 0
571 0 0 0 0
572 0 0 0 0
573 0 0 0 0
574 0 0 0 0
575 0 0 0 0
576 0 0 0 0
577 0 0 0 0
578 0 0 0 0
579 0 0 0 0
580 0 0 0 0
581 0 0 0 0
582 0 0 0 0
583 0 0 0 0
584 0 0 0 0
585 0 0 0 0
586 0 0 0 0
587 0 0 0 0
588 0 0 0 0
589 0 0 0 0
590 0 0 0 0
591 0 0 0 0
592 0 0 0 0
593 0 0 0 0
594 0 0 0 0
595 0 0 0 0
596 0 0 0 0
597 0 0 0 0
598 0 0 0 0
599 0 0 0 0
600 0 0 0 0
601 0 0 0 0
602 0 0 0 0
603 0 0 0 0
604 0 0 0 0
605 0 0 0 0
606 0 0 0 0
607 0 0 0 0
608 0 0 0 0
609 0 0 0 0
610 0 0 0 0
611 0 0 0 0
612 0 0 0 0
613 0 0 0 0
614 0 0 0 0
615 0 0 0 0
616 0 0 0 0
617 0 0 0 0
618 0 0 0 0
619 0 0 0 0
620 0 0 0 0
621 0 0 0 0
622 0 0 0 0
623 0 0 0 0
624 0 0 0 0
625 0 0 0 0
626 0 0 0 0
627 0 0 0 0
628 0 0 0 0
629 0 0 0 0
630 0 0 0 0
631 0 0 0 0
632 0 0 0 0
633 0 0 0 0
634 0 0 0 0
635 0 0 0 0
636 0 0 0 0
637 0 0 0 0
638 0 0 0 0
639 0 0 0 0
640 0 0 0 0
641 0 0 0 0
642 0 0 0 0
643 0 0 0 0
644 0 0 0 0
645 0 0 0 0
646 0 0 0 0
647 0 0 0 0
648 0 0 0 0
649 0 0 0 0
650 0 0 0 0
651 0 0 0 0
652 0 0 0 0
653 0 0 0 0
654 0 0 0 0
655 0 0 0 0
656 0 0 0 0
657 0 0 0 0
658 0 0 0 0
659 0 0 0 0
660 0 0 0 0
661 0 0 0 0
662 0 0 0 0
663 0 0 0 0
664 0 0 0 0
665 0 0 0 0
666 0 0 0 0
667 0 0 0 0
668 0 0 0 0
669 0 0 0 0
670 0 0 0 0
671 0 0 0 0
672 0 0 0 0
673 0 0 0 0
674 0 0 0 0
675 0 0 0 0
676 0 0 0 0
677 0 0 0 0
678 0 0 0 0
679 0 0 0 0
680 0 0 0 0
681 0 0 0 0
682 0 0 0 0
683 0 0 0 0
684 0 0 0 0
685 0 0 0 0
686 0 0 0 0
687 0 0 0 0
688 0 0 0 0
689 0 0 0 0
690 0 0 0 0
691 0 0 0 0
692 0 0 0 0
693 0 0 0 0
694 0 0 0 0
695 0 0 0 0
696 0 0 0 0
697 0 0 0 0
698 0 0 0 0
699 0 0 0 0
700 0 0 0 0
701 0 0 0 0
702 0 0 0 0
703 0 0 0 0
704 0 0 0 0
705 0 0 0 0
706 0 0 0 0
707 0 0 0 0
708 0 0 0 0
709 0 0 0 0
710 0 0 0 0
711 0 0 0 0
712 0 0 0 0
713 0 0 0 0
714 0 0 0 0
715 0 0 0 0
716 0 0 0 0
717 0 0 0 0
718 0 0 0 0
719 0 0 0 0
720 0 0 0 0
721 0 0 0 0
722 0 0 0 0
723 0 0 0 0
724 0 0 0 0
725 0 0 0 0
726 0 0 0 0
727 0 0 0 0
