0 0 0 0 0
1 0 0 0 0
2 0 0 0 0
3 0 0 0 0
4 0 0 0 0
5 0 1 1 0
6 0 0 0 0
7 0 0 0 0
8 0 0 0 0
9 0 3 0 1
10 1 0 0 0
11 0 0 0 0
12 0 0 0 1
13 0 0 0 2
14 0 0 0 0
15 1 1 0 0
16 1 0 0 1
17 0 0 0 0
18 1 0 0 0
19 0 0 0 1
20 1 0 0 0
21 1 0 1 0
22 1 0 0 0
23 0 1 0 0
24 1 1 0 0
25 1 1 0 0
26 0 1 0 0
27 0 0 0 0
28 0 0 0 1
29 0 0 0 0
30 1 0 1 2
31 1 0 1 1
32 0 0 0 1
33 0 1 0 0
34 0 0 0 1
35 0 0 1 1
36 0 0 0 0
37 2 0 0 1
38 1 0 0 0
39 0 0 0 1
40 0 0 1 0
41 1 0 0 0
42 2 1 0 0
43 0 0 0 0
44 0 0 0 1
45 1 0 0 0
46 0 2 0 1
47 1 1 1 0
48 1 0 0 0
49 1 0 0 0
50 0 1 0 0
51 1 1 0 1
52 2 1 0 0
53 1 1 0 2
54 1 0 0 1
55 0 0 0 1
56 1 0 0 1
57 1 1 0 2
58 1 0 1 0
59 4 0 0 0
60 2 1 0 0
61 0 2 0 0
62 0 1 0 0
63 1 0 1 0
64 2 2 1 2
65 1 0 0 2
66 1 0 2 1
67 1 0 0 1
68 2 2 0 1
69 1 2 1 0
70 3 0 1 3
71 2 0 0 2
72 3 0 0 1
73 0 2 1 1
74 4 1 0 0
75 1 2 2 1
76 2 1 0 2
77 3 1 0 3
78 5 1 0 1
79 4 3 1 2
80 2 1 1 2
81 3 1 3 1
82 5 0 2 2
83 3 1 1 2
84 4 2 1 1
85 2 1 1 2
86 3 1 2 2
87 4 3 3 3
88 3 0 2 5
89 3 3 0 2
90 2 1 2 2
91 2 2 1 3
92 3 2 2 2
93 2 4 0 4
94 4 1 0 5
95 1 0 4 4
96 2 2 0 5
97 4 3 0 3
98 2 2 1 1
99 6 2 2 0
100 3 1 0 4
101 5 1 0 1
102 6 1 2 4
103 5 0 3 5
104 7 0 4 3
105 8 2 3 3
106 5 4 0 3
107 4 4 1 1
108 6 2 2 4
109 4 1 4 5
110 10 5 2 5
111 3 4 4 2
112 6 2 2 4
113 4 5 2 4
114 12 5 2 9
115 5 2 4 7
116 7 2 2 4
117 6 5 1 5
118 10 1 2 7
119 2 8 4 5
120 9 1 2 5
121 7 1 3 5
122 3 2 1 5
123 10 5 4 10
124 6 1 3 3
125 8 7 4 5
126 11 3 3 7
127 7 3 4 6
128 13 6 5 5
129 5 1 3 6
130 7 4 4 7
131 9 5 0 6
132 10 3 1 9
133 10 7 6 5
134 5 2 1 8
135 7 7 7 9
136 13 3 6 4
137 11 9 3 6
138 15 3 4 4
139 9 4 0 13
140 9 7 1 10
141 15 4 3 6
142 9 7 5 10
143 13 7 3 9
144 13 5 4 11
145 21 7 6 8
146 15 7 6 9
147 14 8 7 12
148 23 4 2 4
149 21 9 6 11
150 19 10 10 13
151 21 9 3 15
152 17 9 8 6
153 16 7 5 12
154 17 12 9 19
155 19 9 7 9
156 15 6 13 15
157 14 13 10 15
158 13 16 6 18
159 11 13 7 15
160 18 7 8 14
161 19 9 8 25
162 12 6 5 21
163 13 6 7 17
164 15 10 8 15
165 21 11 2 24
166 11 10 8 16
167 22 8 3 19
168 19 8 4 16
169 25 9 9 13
170 18 11 9 13
171 23 8 5 14
172 27 12 5 12
173 29 15 6 23
174 33 21 4 18
175 25 10 7 10
176 38 10 11 16
177 21 10 8 16
178 20 10 12 25
179 25 17 9 15
180 26 17 9 19
181 37 24 15 19
182 30 19 7 20
183 20 13 10 25
184 23 21 9 23
185 14 13 14 30
186 26 17 11 18
187 23 13 17 29
188 33 11 11 31
189 22 15 10 27
190 31 12 12 18
191 35 12 12 29
192 27 10 9 25
193 34 12 12 31
194 25 13 5 33
195 22 17 12 27
196 20 18 13 20
197 34 23 13 22
198 32 25 10 20
199 36 19 10 32
200 26 18 7 30
201 28 13 9 29
202 33 21 7 33
203 25 15 10 25
204 27 21 12 33
205 27 13 13 25
206 23 19 11 30
207 28 27 10 20
208 32 20 9 28
209 21 19 12 28
210 16 20 8 27
211 24 16 15 31
212 15 19 10 24
213 11 18 8 30
214 8 13 9 35
215 17 10 4 30
216 12 14 12 34
217 16 13 5 29
218 15 6 10 27
219 17 6 6 20
220 14 8 8 24
221 14 10 7 27
222 14 11 3 17
223 9 7 1 18
224 13 11 7 11
225 8 6 1 14
226 12 12 3 12
227 13 8 7 13
228 12 10 3 17
229 16 9 6 9
230 13 8 2 14
231 17 10 6 17
232 10 5 5 12
233 12 6 7 11
234 8 13 3 15
235 7 6 9 12
236 10 5 10 15
237 5 6 7 5
238 4 5 6 22
239 2 2 6 12
240 7 6 4 18
241 7 3 4 8
242 3 9 2 15
243 2 5 3 10
244 5 4 0 14
245 5 3 5 7
246 4 5 4 9
247 3 1 1 8
248 3 3 1 9
249 6 3 4 11
250 5 3 1 6
251 3 2 3 2
252 4 2 0 7
253 6 3 1 6
254 5 3 2 4
255 6 1 0 5
256 5 2 1 7
257 4 2 2 2
258 5 5 2 4
259 2 1 3 1
260 3 2 3 4
261 6 2 1 4
262 2 3 3 7
263 2 3 2 3
264 2 3 2 5
265 3 2 3 1
266 1 0 1 6
267 2 4 1 5
268 1 1 0 7
269 1 1 1 6
270 0 3 2 3
271 2 1 0 5
272 1 1 1 2
273 2 1 0 3
274 2 2 1 3
275 2 1 0 1
276 2 2 0 0
277 1 1 1 4
278 1 2 0 2
279 1 0 0 2
280 2 3 1 2
281 1 0 1 1
282 1 1 2 2
283 1 1 0 0
284 0 1 0 3
285 0 0 0 2
286 1 1 0 1
287 1 2 0 4
288 0 1 0 0
289 1 0 1 2
290 0 0 0 0
291 1 0 0 2
292 1 0 1 0
293 0 0 0 1
294 1 0 0 1
295 2 0 1 1
296 1 1 1 2
297 1 0 0 0
298 0 0 1 0
299 0 1 0 1
300 0 1 0 1
301 0 2 0 0
302 3 0 0 0
303 0 0 0 2
304 0 1 0 0
305 0 0 0 1
306 0 1 0 0
307 0 1 1 1
308 0 0 0 3
309 0 0 0 0
310 0 0 0 0
311 0 1 0 0
312 0 0 0 0
313 0 0 0 1
314 0 0 0 2
315 0 0 0 0
316 0 0 0 0
317 0 0 0 0
318 1 0 0 1
319 2 0 0 0
320 1 0 0 0
321 1 0 0 0
322 0 0 0 0
323 0 1 0 0
324 0 1 0 0
325 0 1 0 0
326 0 0 1 0
327 0 0 0 1
328 0 1 0 1
329 0 0 0 1
330 0 0 0 0
331 0 0 0 0
332 0 0 0 1
333 0 0 0 1
334 0 0 0 0
335 0 0 0 0
336 0 0 0 0
337 0 0 0 0
338 0 0 0 0
339 0 0 0 0
340 0 0 0 0
341 0 0 0 0
342 0 0 0 0
343 0 0 0 0
344 0 0 0 0
345 0 0 0 0
346 0 0 0 0
347 0 0 0 0
348 0 0 0 0
349 0 0 0 0
350 0 0 0 0
351 0 0 0 0
352 0 0 0 0
353 0 0 0 0
354 0 0 0 0
355 0 0 0 0
356 0 0 0 0
357 0 0 0 0
358 0 0 0 0
359 0 0 0 0
360 0 0 0 0
361 0 0 0 0
362 0 0 0 0
363 0 0 0 0
364 0 0 0 0
365 0 0 0 0
366 0 0 0 0
367 0 0 0 0
368 0 0 0 0
369 0 0 0 0
370 0 0 0 0
371 0 0 0 0
372 0 0 0 0
373 0 0 0 0
374 0 0 0 0
375 0 0 0 0
376 0 0 0 0
377 0 0 0 0
378 0 0 0 0
379 0 0 0 0
380 0 0 0 0
381 0 0 0 0
382 0 0 0 0
383 0 0 0 0
384 0 0 0 0
385 0 0 0 0
386 0 0 0 0
387 0 0 0 0
388 0 0 0 0
389 0 0 0 0
390 0 0 0 0
391 0 0 0 0
392 0 0 0 0
393 0 0 0 0
394 0 0 0 0
395 0 0 0 0
396 0 0 0 0
397 0 0 0 0
398 0 0 0 0
399 0 0 0 0
400 0 0 0 0
401 0 0 0 0
402 0 0 0 0
403 0 0 0 0
404 0 0 0 0
405 0 0 0 0
406 0 0 0 0
407 0 0 0 0
408 0 0 0 0
409 0 0 0 0
410 0 0 0 0
411 0 0 0 0
412 0 0 0 0
413 0 0 0 0
414 0 0 0 0
415 0 0 0 0
416 0 0 0 0
417 0 0 0 0
418 0 0 0 0
419 0 0 0 0
420 0 0 0 0
421 0 0 0 0
422 0 0 0 0
423 0 0 0 0
424 0 0 0 0
425 0 0 0 0
426 0 0 0 0
427 0 0 0 0
428 0 0 0 0
429 0 0 0 0
430 0 0 0 0
431 0 0 0 0
432 0 0 0 0
433 0 0 0 0
434 0 0 0 0
435 0 0 0 0
436 0 0 0 0
437 0 0 0 0
438 0 0 0 0
439 0 0 0 0
440 0 0 0 0
441 0 0 0 0
442 0 0 0 0
443 0 0 0 0
444 0 0 0 0
445 0 0 0 0
446 0 0 0 0
447 0 0 0 0
448 0 0 0 0
449 0 0 0 0
450 0 0 0 0
451 0 0 0 0
452 0 0 0 0
453 0 0 0 0
454 0 0 0 0
455 0 0 0 0
456 0 0 0 0
457 0 0 0 0
458 0 0 0 0
459 0 0 0 0
460 0 0 0 0
461 0 0 0 0
462 0 0 0 0
463 0 0 0 0
464 0 0 0 0
465 0 0 0 0
466 0 0 0 0
467 0 0 0 0
468 0 0 0 0
469 0 0 0 0
470 0 0 0 0
471 0 0 0 0
472 0 0 0 0
473 0 0 0 0
474 0 0 0 0
475 0 0 0 0
476 0 0 0 0
477 0 0 0 0
478 0 0 0 0
479 0 0 0 0
480 0 0 0 0
481 0 0 0 0
482 0 0 0 0
483 0 0 0 0
484 0 0 0 0
485 0 0 0 0
486 0 0 0 0
487 0 0 0 0
488 0 0 0 0
489 0 0 0 0
490 0 0 0 0
491 0 0 0 0
492 0 0 0 0
493 0 0 0 0
494 0 0 0 0
495 0 0 0 0
496 0 0 0 0
497 0 0 0 0
498 0 0 0 0
499 0 0 0 0
500 0 0 0 0
501 0 0 0 0
502 0 0 0 0
503 0 0 0 0
504 0 0 0 0
505 0 0 0 0
506 0 0 0 0
507 0 0 0 0
508 0 0 0 0
509 0 0 0 0
510 0 0 0 0
511 0 0 0 0
512 0 0 0 0
513 0 0 0 0
514 0 0 0 0
515 0 0 0 0
516 0 0 0 0
517 0 0 0 0
518 0 0 0 0
519 0 0 0 0
520 0 0 0 0
521 0 0 0 0
522 0 0 0 0
523 0 0 0 0
524 0 0 0 0
525 0 0 0 0
526 0 0 0 0
527 0 0 0 0
528 0 0 0 0
529 0 0 0 0
530 0 0 0 0
531 0 0 0 0
532 0 0 0 0
533 0 0 0 0
534 0 0 0 0
535 0 0 0 0
536 0 0 0 0
537 0 0 0 0
538 0 0 0 0
539 0 0 0 0
540 0 0 0 0
541 0 0 0 0
542 0 0 0 0
543 0 0 0 0
544 0 0 0 0
545 0 0 0 0
546 0 0 0 0
547 0 0 0 0
548 0 0 0 0
549 0 0 0 0
550 0 0 0 0
551 0 0 0 0
552 0 0 0 0
553 0 0 0 0
554 0 0 0 0
555 0 0 0 0
556 0 0 0 0
557 0 0 0 0
558 0 0 0 0
559 0 0 0 0
560 0 0 0 0
561 0 0 0 0
562 0 0 0 0
563 0 0 0 0
564 0 0 0 0
565 0 0 0 0
566 0 0 0 0
567 0 0 0 0
568 0 0 0 0
569 0 0 0 0
570 0 0 0 0
571 0 0 0 0
572 0 0 0 0
573 0 0 0 0
574 0 0 0 0
575 0 0 0 0
576 0 0 0 0
577 0 0 0 0
578 0 0 0 0
579 0 0 0 0
580 0 0 0 0
581 0 0 0 0
582 0 0 0 0
583 0 0 0 0
584 0 0 0 0
585 0 0 0 0
586 0 0 0 0
587 0 0 0 0
588 0 0 0 0
589 0 0 0 0
590 0 0 0 0
591 0 0 0 0
592 0 0 0 0
593 0 0 0 0
594 0 0 0 0
595 0 0 0 0
596 0 0 0 0
597 0 0 0 0
598 0 0 0 0
599 0 0 0 0
600 0 0 0 0
601 0 0 0 0
602 0 0 0 0
603 0 0 0 0
604 0 0 0 0
605 0 0 0 0
606 0 0 0 0
607 0 0 0 0
608 0 0 0 0
609 0 0 0 0
610 0 0 0 0
611 0 0 0 0
612 0 0 0 0
613 0 0 0 0
614 0 0 0 0
615 0 0 0 0
616 0 0 0 0
617 0 0 0 0
618 0 0 0 0
619 0 0 0 0
620 0 0 0 0
621 0 0 0 0
622 0 0 0 0
623 0 0 0 0
624 0 0 0 0
625 0 0 0 0
626 0 0 0 0
627 0 0 0 0
628 0 0 0 0
629 0 0 0 0
630 0 0 0 0
631 0 0 0 0
632 0 0 0 0
633 0 0 0 0
634 0 0 0 0
635 0 0 0 0
636 0 0 0 0
637 0 0 0 0
638 0 0 0 0
639 0 0 0 0
640 0 0 0 0
641 0 0 0 0
642 0 0 0 0
643 0 0 0 0
644 0 0 0 0
645 0 0 0 0
646 0 0 0 0
647 0 0 0 0
648 0 0 0 0
649 0 0 0 0
650 0 0 0 0
651 0 0 0 0
652 0 0 0 0
653 0 0 0 0
654 0 0 0 0
655 0 0 0 0
656 0 0 0 0
657 0 0 0 0
658 0 0 0 0
659 0 0 0 0
660 0 0 0 0
661 0 0 0 0
662 0 0 0 0
663 0 0 0 0
664 0 0 0 0
665 0 0 0 0
666 0 0 0 0
667 0 0 0 0
668 0 0 0 0
669 0 0 0 0
670 0 0 0 0
671 0 0 0 0
672 0 0 0 0
673 0 0 0 0
674 0 0 0 0
675 0 0 0 0
676 0 0 0 0
677 0 0 0 0
678 0 0 0 0
679 0 0 0 0
680 0 0 0 0
681 0 0 0 0
682 0 0 0 0
683 0 0 0 0
684 0 0 0 0
685 0 0 0 0
686 0 0 0 0
687 0 0 0 0
688 0 0 0 0
689 0 0 0 0
690 0 0 0 0
691 0 0 0 0
692 0 0 0 0
693 0 0 0 0
694 0 0 0 0
695 0 0 0 0
696 0 0 0 0
697 0 0 0 0
698 0 0 0 0
699 0 0 0 0
700 0 0 0 0
701 0 0 0 0
702 0 0 0 0
703 0 0 0 0
704 0 0 0 0
705 0 0 0 0
706 0 0 0 0
707 0 0 0 0
708 0 0 0 0
709 0 0 0 0
710 0 0 0 0
711 0 0 0 0
712 0 0 0 0
713 0 0 0 0
714 0 0 0 0
715 0 0 0 0
716 0 0 0 0
717 0 0 0 0
718 0 0 0 0
719 0 0 0 0
720 0 0 0 0
721 0 0 0 0
722 0 0 0 0
723 0 0 0 0
724 0 0 0 0
725 0 0 0 0
726 0 0 0 0
727 0 0 0 0
