0 0 0 0 0
1 0 0 0 0
2 0 0 0 0
3 0 0 0 0
4 0 0 0 0
5 0 2 0 0
6 0 0 0 0
7 0 0 0 0
8 0 0 0 0
9 0 2 1 1
10 0 0 0 0
11 0 0 0 0
12 0 0 0 1
13 0 0 0 1
14 0 0 0 0
15 0 0 0 0
16 0 0 0 2
17 0 0 0 0
18 0 0 0 0
19 1 0 0 0
20 0 0 0 0
21 0 0 0 0
22 1 0 0 0
23 1 0 0 0
24 0 0 0 0
25 1 0 0 0
26 1 0 0 0
27 1 0 1 0
28 0 1 0 0
29 1 0 0 0
30 0 0 1 0
31 1 0 0 0
32 1 0 1 1
33 1 0 0 0
34 0 0 0 2
35 0 1 0 0
36 1 2 0 1
37 1 0 1 0
38 1 1 0 0
39 0 0 0 1
40 0 0 0 0
41 0 0 0 1
42 1 0 1 1
43 1 1 0 2
44 0 0 0 0
45 2 0 1 0
46 0 0 1 0
47 0 0 1 1
48 0 0 0 0
49 0 0 0 2
50 0 0 0 0
51 0 0 0 0
52 0 0 1 0
53 0 0 0 1
54 0 2 0 1
55 1 0 0 0
56 0 0 0 0
57 0 0 0 0
58 1 0 0 2
59 0 0 0 0
60 2 0 0 0
61 1 0 0 1
62 2 0 0 0
63 0 1 0 0
64 0 1 0 0
65 0 0 1 0
66 1 1 0 0
67 1 1 0 1
68 0 0 0 0
69 1 1 0 1
70 1 0 0 1
71 0 2 0 1
72 0 1 0 0
73 0 0 0 0
74 0 0 1 1
75 1 0 0 1
76 0 0 0 2
77 2 0 0 0
78 2 0 0 1
79 0 1 0 0
80 1 1 0 0
81 2 0 0 1
82 2 0 1 0
83 1 1 0 1
84 0 0 0 0
85 0 0 0 0
86 1 1 1 1
87 1 2 1 2
88 0 0 1 0
89 2 0 1 0
90 2 1 0 2
91 1 0 1 2
92 0 0 0 1
93 0 0 0 0
94 1 0 0 0
95 1 2 0 2
96 0 1 0 2
97 0 0 0 0
98 0 1 1 0
99 1 0 0 0
100 1 0 2 1
101 3 0 0 0
102 1 0 0 4
103 0 1 0 0
104 1 0 0 1
105 0 0 0 1
106 0 0 1 0
107 0 0 0 1
108 0 1 1 0
109 1 0 1 0
110 0 0 1 0
111 1 0 1 1
112 6 0 0 0
113 2 0 1 0
114 1 0 0 1
115 0 0 0 3
116 0 1 0 1
117 0 3 2 0
118 2 1 0 0
119 0 0 0 0
120 0 0 0 1
121 2 1 0 1
122 1 2 0 0
123 3 1 0 2
124 0 0 0 3
125 5 0 0 1
126 2 2 0 2
127 2 2 1 1
128 1 1 1 1
129 2 0 0 0
130 2 3 0 2
131 2 1 0 2
132 5 1 0 1
133 3 0 0 0
134 2 2 1 4
135 0 2 1 1
136 2 4 0 0
137 3 2 0 0
138 4 1 1 4
139 4 1 0 2
140 5 0 0 2
141 6 3 3 1
142 4 3 1 4
143 2 1 3 2
144 2 1 2 1
145 2 3 0 3
146 6 1 4 2
147 2 2 0 2
148 5 2 1 3
149 3 2 1 5
150 3 1 4 4
151 4 1 4 3
152 4 1 0 4
153 4 1 1 6
154 3 2 0 5
155 4 3 2 3
156 3 1 2 2
157 2 4 2 2
158 4 2 2 3
159 2 2 1 4
160 7 3 0 2
161 4 2 1 6
162 4 1 2 6
163 5 4 0 2
164 2 3 0 3
165 4 5 1 1
166 4 2 2 3
167 5 2 1 2
168 2 3 3 3
169 5 3 0 3
170 5 1 1 4
171 9 2 1 4
172 4 4 2 6
173 5 1 1 4
174 3 0 5 3
175 5 4 2 6
176 6 1 3 6
177 7 1 1 1
178 6 4 2 1
179 3 2 2 7
180 11 5 4 5
181 10 2 2 5
182 5 3 3 5
183 7 3 3 4
184 7 3 3 5
185 9 6 3 3
186 7 5 5 6
187 8 2 1 10
188 11 1 3 3
189 5 6 5 8
190 13 5 2 8
191 5 3 4 6
192 7 6 2 8
193 4 7 4 5
194 14 4 2 5
195 8 7 5 7
196 7 2 0 10
197 9 3 5 9
198 8 1 2 6
199 8 5 6 14
200 9 5 0 4
201 5 6 3 7
202 8 5 5 6
203 7 7 6 6
204 5 3 7 7
205 9 1 5 7
206 8 1 1 12
207 15 5 4 7
208 7 5 4 8
209 6 6 1 7
210 3 5 7 7
211 10 4 3 13
212 10 7 5 10
213 12 4 1 7
214 6 4 1 10
215 3 5 0 8
216 2 6 4 6
217 4 3 4 7
218 5 6 5 7
219 1 6 0 12
220 3 3 5 6
221 3 3 3 5
222 2 2 3 5
223 2 4 1 7
224 3 1 1 6
225 6 2 1 11
226 4 3 1 7
227 2 4 2 5
228 2 0 1 4
229 4 2 1 5
230 3 2 1 6
231 1 2 2 2
232 1 3 0 1
233 5 1 0 4
234 6 5 1 5
235 3 0 0 3
236 5 2 0 3
237 4 2 0 3
238 2 2 3 4
239 1 5 3 1
240 4 1 0 1
241 4 2 3 5
242 2 4 1 5
243 1 1 0 4
244 1 1 1 2
245 0 2 1 4
246 2 0 0 7
247 1 3 1 1
248 0 0 1 3
249 0 2 1 3
250 0 3 0 0
251 1 0 1 4
252 2 1 1 2
253 1 0 0 1
254 2 0 0 2
255 3 1 1 1
256 2 0 1 3
257 1 0 0 2
258 1 0 1 1
259 0 1 0 2
260 0 1 1 1
261 1 1 1 0
262 0 0 0 1
263 0 1 0 1
264 1 1 0 1
265 0 1 1 1
266 3 1 0 0
267 0 1 0 2
268 0 0 0 3
269 0 0 0 1
270 0 0 1 0
271 0 0 1 1
272 0 0 0 1
273 2 1 0 1
274 0 0 0 1
275 1 2 0 0
276 1 0 0 0
277 2 0 0 0
278 1 1 1 1
279 0 0 0 1
280 0 0 1 1
281 1 1 0 0
282 0 0 0 2
283 0 0 0 0
284 0 0 0 0
285 1 0 0 2
286 0 2 1 0
287 0 0 1 1
288 0 0 0 0
289 0 0 0 0
290 0 0 1 1
291 0 0 0 0
292 0 0 0 0
293 0 0 0 2
294 0 0 0 1
295 0 0 0 0
296 1 0 0 0
297 1 0 0 1
298 1 0 0 0
299 1 0 0 0
300 0 0 0 0
301 2 0 0 0
302 1 0 1 0
303 1 0 0 0
304 1 0 0 0
305 2 0 1 0
306 1 0 2 0
307 1 1 0 0
308 0 0 1 0
309 0 0 0 1
310 1 1 1 1
311 0 1 1 2
312 0 1 0 0
313 0 0 0 1
314 0 1 0 1
315 0 1 0 2
316 0 0 1 0
317 0 0 0 1
318 0 0 0 2
319 0 0 0 2
320 0 0 0 0
321 0 0 0 0
322 0 0 0 1
323 0 0 0 0
324 0 0 0 0
325 2 0 0 0
326 1 0 0 0
327 0 0 0 0
328 0 0 0 0
329 1 0 0 0
330 0 0 0 0
331 0 0 0 0
332 1 0 0 0
333 0 0 0 0
334 0 1 1 0
335 1 1 0 0
336 0 0 0 0
337 1 1 0 0
338 1 1 0 1
339 1 0 0 0
340 1 0 0 0
341 0 0 0 3
342 0 0 0 0
343 1 0 0 0
344 0 0 1 0
345 0 0 0 1
346 0 0 1 0
347 0 1 0 0
348 0 1 0 1
349 1 1 0 0
350 1 0 0 1
351 0 0 0 0
352 0 1 0 1
353 0 0 0 1
354 0 0 0 1
355 0 1 0 0
356 0 0 0 1
357 0 0 0 0
358 0 1 0 0
359 0 0 0 1
360 0 0 0 0
361 0 0 0 0
362 0 0 0 1
363 0 0 0 0
364 2 0 0 0
365 2 0 0 0
366 1 0 0 0
367 0 0 0 0
368 0 0 0 0
369 0 0 1 0
370 0 1 0 0
371 1 0 0 0
372 0 0 0 0
373 0 1 0 0
374 0 0 1 1
375 0 0 1 0
376 0 1 0 1
377 0 0 0 0
378 0 0 0 1
379 0 0 0 1
380 0 0 0 1
381 0 0 0 0
382 0 0 0 0
383 0 0 0 1
384 0 0 0 0
385 0 0 0 0
386 0 0 0 0
387 1 0 0 0
388 0 0 0 0
389 0 0 0 0
390 0 0 0 0
391 0 0 0 0
392 0 0 0 0
393 1 0 0 0
394 0 0 0 0
395 0 0 0 0
396 0 1 0 0
397 0 0 0 0
398 1 0 0 0
399 0 0 0 0
400 0 0 0 0
401 0 0 0 0
402 0 0 1 0
403 0 0 1 1
404 0 0 0 0
405 0 0 0 0
406 0 0 0 0
407 0 0 0 0
408 0 0 0 0
409 0 0 0 1
410 0 0 0 1
411 0 0 0 0
412 1 0 0 0
413 1 0 0 0
414 0 0 0 0
415 0 0 0 0
416 1 0 0 0
417 0 0 0 0
418 1 0 0 0
419 0 0 0 0
420 1 0 0 0
421 0 1 1 0
422 0 1 0 0
423 0 0 1 0
424 0 0 0 0
425 0 0 0 0
426 0 0 0 1
427 1 0 0 0
428 1 0 0 2
429 0 1 0 0
430 0 0 0 1
431 0 0 0 0
432 1 0 0 0
433 0 1 0 1
434 0 0 0 0
435 0 0 0 0
436 1 0 1 0
437 1 1 0 1
438 1 0 0 0
439 0 0 0 0
440 0 0 0 1
441 0 0 0 0
442 0 0 0 0
443 0 0 1 0
444 0 0 0 1
445 0 0 1 0
446 1 1 0 0
447 2 0 0 0
448 1 0 0 0
449 1 0 0 1
450 1 0 0 1
451 2 0 0 0
452 0 0 1 0
453 1 0 1 1
454 4 1 0 0
455 0 0 1 0
456 1 2 1 1
457 1 0 0 1
458 3 1 0 0
459 2 0 1 1
460 3 1 0 3
461 0 1 0 0
462 2 0 1 2
463 1 3 2 0
464 0 1 0 1
465 2 0 0 0
466 1 0 0 2
467 0 0 1 4
468 1 1 1 2
469 2 2 1 0
470 0 0 0 1
471 2 2 0 0
472 1 0 0 0
473 2 1 0 2
474 1 4 0 1
475 1 1 0 4
476 1 1 0 1
477 3 0 0 1
478 1 0 1 3
479 0 0 0 1
480 1 0 1 1
481 1 1 1 1
482 0 1 0 1
483 0 1 0 0
484 0 1 0 0
485 1 0 0 0
486 0 2 2 0
487 0 1 0 2
488 2 0 0 2
489 0 1 0 1
490 1 1 0 1
491 2 0 0 2
492 0 0 0 1
493 0 1 0 2
494 4 0 0 1
495 4 1 0 0
496 3 0 0 1
497 6 0 1 0
498 2 0 0 0
499 3 2 0 0
500 2 4 1 1
501 4 2 1 1
502 3 2 0 1
503 2 1 2 1
504 5 2 0 5
505 2 1 0 3
506 2 5 1 0
507 3 2 1 2
508 4 3 2 1
509 2 2 2 3
510 5 3 1 5
511 4 0 0 2
512 1 0 1 1
513 2 2 1 7
514 2 1 0 4
515 3 5 0 5
516 1 4 2 2
517 1 2 1 2
518 5 1 2 1
519 2 2 2 3
520 0 1 0 4
521 2 1 0 1
522 5 0 1 4
523 3 3 2 5
524 3 3 1 2
525 4 0 0 2
526 3 2 0 3
527 7 2 1 4
528 3 1 0 1
529 6 0 0 0
530 7 0 3 4
531 7 2 1 3
532 3 1 5 0
533 5 5 0 0
534 7 4 0 5
535 3 3 1 2
536 4 4 2 4
537 7 3 2 6
538 5 3 2 5
539 9 8 1 4
540 7 1 3 4
541 7 2 1 5
542 6 8 2 6
543 4 4 3 5
544 4 2 5 4
545 7 0 1 3
546 5 3 1 11
547 6 1 2 5
548 11 3 2 5
549 7 5 3 5
550 7 4 4 5
551 4 3 2 4
552 6 4 5 3
553 8 7 2 8
554 9 6 1 9
555 6 4 3 6
556 9 2 2 8
557 5 6 2 4
558 6 1 3 6
559 12 5 3 6
560 3 2 3 8
561 7 6 3 9
562 11 3 4 6
563 6 3 6 5
564 4 7 2 7
565 5 4 2 6
566 5 6 2 9
567 3 3 3 6
568 4 4 4 9
569 5 3 0 6
570 7 4 1 9
571 9 7 4 8
572 7 1 4 8
573 4 3 2 6
574 5 1 3 5
575 6 3 4 8
576 6 3 4 4
577 6 2 2 4
578 7 2 1 7
579 7 2 1 9
580 1 8 0 6
581 3 5 4 5
582 2 1 4 4
583 7 6 3 6
584 3 3 2 5
585 2 0 2 3
586 1 4 1 3
587 2 3 1 10
588 5 5 0 10
589 2 3 0 3
590 6 3 1 6
591 0 2 0 1
592 1 3 1 3
593 2 3 1 5
594 5 1 1 5
595 2 2 0 2
596 3 0 1 4
597 5 2 0 6
598 2 2 1 2
599 1 4 4 1
600 3 0 1 1
601 4 2 0 3
602 1 2 1 4
603 1 0 0 4
604 0 1 1 2
605 1 2 1 3
606 3 5 0 6
607 2 2 1 0
608 2 1 0 0
609 4 0 1 5
610 2 1 0 2
611 4 1 1 3
612 2 2 1 0
613 1 0 0 4
614 5 2 2 3
615 3 2 0 2
616 1 2 2 2
617 1 2 1 1
618 1 2 0 1
619 0 2 1 3
620 1 1 1 2
621 1 0 2 4
622 2 0 0 1
623 0 2 1 3
624 0 0 2 2
625 0 1 0 2
626 0 2 0 2
627 0 1 0 4
628 1 0 0 2
629 1 0 0 1
630 1 0 0 2
631 0 0 1 2
632 0 0 0 0
633 2 0 0 1
634 1 1 0 0
635 1 0 1 1
636 5 0 0 0
637 1 1 0 0
638 0 1 0 1
639 3 1 0 0
640 3 0 1 0
641 1 2 0 1
642 2 1 0 2
643 2 0 0 0
644 1 1 1 0
645 0 4 1 1
646 0 1 1 2
647 0 0 1 1
648 0 1 0 2
649 1 1 1 1
650 0 0 0 0
651 1 0 1 1
652 1 0 2 4
653 0 0 0 2
654 1 1 0 1
655 0 0 0 1
656 1 0 1 4
657 1 0 0 0
658 2 0 0 2
659 0 0 1 0
660 0 0 0 1
661 0 0 1 0
662 0 1 0 0
663 0 1 0 1
664 0 0 0 0
665 0 0 1 1
666 0 0 0 1
667 0 1 0 0
668 0 0 0 0
669 0 0 0 2
670 0 0 0 0
671 0 0 0 1
672 0 0 0 0
673 0 0 0 0
674 1 0 0 0
675 1 0 0 0
676 0 0 0 0
677 1 0 0 0
678 0 0 0 0
679 1 0 0 0
680 2 0 0 0
681 0 0 0 0
682 0 0 0 0
683 0 1 1 0
684 0 2 0 0
685 0 1 0 0
686 0 0 0 0
687 0 0 0 1
688 0 0 0 2
689 0 1 0 1
690 0 0 0 1
691 0 0 0 0
692 0 0 0 0
693 0 0 0 1
694 0 0 0 0
695 0 0 0 0
696 0 0 0 0
697 0 0 0 0
698 0 0 0 0
699 0 0 0 0
700 0 0 0 0
701 0 0 0 0
702 0 0 0 0
703 0 0 0 0
704 0 0 0 0
705 0 0 0 0
706 0 0 0 0
707 0 0 0 0
708 0 0 0 0
709 0 0 0 0
710 0 0 0 0
711 0 0 0 0
712 0 0 0 0
713 0 0 0 0
714 0 0 0 0
715 0 0 0 0
716 0 0 0 0
717 0 0 0 0
718 0 0 0 0
719 0 0 0 0
720 0 0 0 0
721 0 0 0 0
722 0 0 0 0
723 0 0 0 0
724 0 0 0 0
725 0 0 0 0
726 0 0 0 0
727 0 0 0 0
