0 0 0 0 0
1 0 0 0 0
2 0 0 0 0
3 0 0 0 0
4 0 0 0 0
5 0 4 0 0
6 0 0 0 0
7 0 0 0 0
8 0 0 0 0
9 0 0 1 2
10 1 0 0 0
11 0 0 0 0
12 0 0 0 2
13 0 0 0 1
14 0 0 0 0
15 0 0 0 0
16 0 0 0 0
17 0 0 0 0
18 0 0 0 0
19 1 1 0 0
20 1 0 0 0
21 1 0 0 0
22 1 0 0 0
23 1 0 0 1
24 1 1 0 0
25 1 0 0 0
26 0 0 1 0
27 1 0 0 0
28 0 1 0 1
29 0 1 0 0
30 1 0 0 0
31 1 0 0 0
32 0 0 2 0
33 0 1 0 1
34 0 1 0 0
35 1 0 0 1
36 1 0 0 2
37 0 0 0 1
38 3 0 0 1
39 0 0 1 1
40 0 2 0 0
41 2 0 0 0
42 0 1 0 0
43 0 1 0 0
44 1 0 0 0
45 0 0 0 0
46 0 2 0 2
47 0 2 0 3
48 3 0 0 0
49 2 1 0 0
50 0 0 0 1
51 1 0 0 0
52 1 0 0 0
53 0 1 0 2
54 1 0 0 2
55 2 0 0 0
56 0 1 0 0
57 0 2 1 1
58 0 0 2 0
59 0 0 0 0
60 1 1 1 1
61 2 0 0 2
62 1 0 0 1
63 0 1 0 0
64 0 0 0 2
65 0 1 0 1
66 0 1 1 0
67 1 1 0 1
68 2 0 0 0
69 1 0 0 1
70 0 0 0 1
71 1 0 0 1
72 2 0 0 1
73 3 0 1 1
74 1 0 1 0
75 1 0 0 0
76 1 2 0 0
77 1 1 0 0
78 1 1 0 1
79 1 0 0 0
80 1 0 1 2
81 3 1 0 0
82 0 3 1 1
83 0 0 0 1
84 1 0 1 2
85 2 1 0 1
86 1 0 2 2
87 1 0 0 0
88 0 1 0 1
89 1 1 1 2
90 2 1 2 2
91 2 1 0 0
92 1 0 0 1
93 2 0 0 1
94 1 0 1 2
95 3 2 0 1
96 1 2 0 1
97 3 0 0 1
98 2 2 0 2
99 1 0 1 0
100 0 2 2 1
101 0 1 0 0
102 3 0 1 2
103 1 0 1 1
104 4 0 0 1
105 3 0 1 3
106 1 1 2 2
107 2 3 0 3
108 4 0 1 0
109 2 0 1 1
110 1 2 1 4
111 1 1 0 0
112 1 1 0 0
113 4 4 1 1
114 2 1 0 4
115 4 2 0 2
116 0 2 1 1
117 3 1 0 3
118 4 0 1 1
119 0 0 0 2
120 4 1 1 4
121 4 1 0 1
122 3 3 1 1
123 1 1 5 1
124 4 2 1 3
125 2 1 0 1
126 4 7 0 3
127 6 0 0 4
128 4 1 0 0
129 6 4 2 2
130 5 2 0 6
131 4 3 1 2
132 8 2 1 1
133 7 0 2 7
134 3 3 1 2
135 2 5 1 4
136 5 7 0 6
137 2 3 3 0
138 2 4 4 2
139 8 1 2 2
140 2 1 0 6
141 8 3 3 6
142 7 2 1 6
143 10 1 2 6
144 4 4 1 4
145 7 1 3 8
146 9 2 3 1
147 9 4 0 3
148 6 6 2 7
149 6 1 2 6
150 9 5 3 4
151 5 6 3 3
152 3 8 3 3
153 4 4 4 2
154 7 3 2 6
155 5 8 2 9
156 9 5 0 7
157 4 4 1 9
158 9 2 3 6
159 5 4 3 10
160 13 2 2 4
161 11 2 2 7
162 10 2 3 8
163 7 5 3 7
164 10 2 4 2
165 7 8 3 4
166 14 4 3 9
167 16 6 3 8
168 10 4 2 6
169 15 11 5 7
170 8 4 5 8
171 16 10 6 5
172 16 14 2 10
173 13 6 6 9
174 15 10 2 13
175 12 4 4 11
176 11 7 7 17
177 10 9 4 8
178 9 9 4 12
179 9 8 5 14
180 10 3 7 14
181 12 6 3 16
182 12 8 4 8
183 12 8 4 15
184 13 6 3 9
185 15 10 3 8
186 6 5 2 14
187 20 7 4 12
188 15 4 8 7
189 7 8 5 12
190 11 9 5 11
191 15 3 3 10
192 16 13 9 15
193 19 5 9 11
194 17 8 1 14
195 18 5 3 4
196 19 5 9 24
197 23 10 5 13
198 25 9 8 6
199 24 8 6 9
200 15 10 5 17
201 14 12 9 12
202 14 9 4 12
203 14 15 9 11
204 12 18 11 21
205 12 8 11 23
206 10 11 3 14
207 12 10 11 16
208 11 9 7 23
209 19 6 8 15
210 10 11 3 25
211 7 6 3 25
212 9 5 7 15
213 12 9 4 5
214 14 7 10 19
215 9 5 7 13
216 10 3 6 12
217 10 4 1 11
218 12 12 7 16
219 15 5 5 20
220 11 4 3 11
221 12 10 3 7
222 11 7 3 16
223 9 6 3 12
224 6 9 5 6
225 5 6 5 13
226 10 6 5 10
227 5 7 2 9
228 4 5 4 14
229 5 3 4 6
230 5 6 2 12
231 6 10 4 11
232 7 5 0 16
233 6 3 4 5
234 3 2 2 8
235 5 4 5 9
236 5 7 2 7
237 4 5 1 10
238 4 0 2 11
239 5 4 0 7
240 2 2 2 7
241 3 4 3 4
242 2 7 1 4
243 1 2 2 8
244 2 2 3 4
245 5 0 1 5
246 5 2 0 4
247 4 0 3 6
248 3 2 1 5
249 3 2 1 5
250 0 3 0 2
251 2 3 1 6
252 1 2 0 2
253 2 1 0 1
254 6 3 2 2
255 3 1 1 5
256 2 4 1 3
257 3 1 2 1
258 1 0 2 3
259 1 1 2 3
260 1 1 1 3
261 3 0 1 4
262 1 1 1 2
263 0 3 1 5
264 3 1 1 1
265 3 3 0 1
266 3 2 0 3
267 0 0 0 3
268 1 0 0 2
269 2 1 0 4
270 2 0 3 1
271 2 2 1 2
272 0 1 0 0
273 3 1 1 3
274 1 3 0 0
275 0 2 0 4
276 1 1 0 1
277 2 0 0 3
278 2 0 2 2
279 2 0 1 2
280 1 1 0 1
281 0 1 0 1
282 1 2 1 0
283 1 0 1 2
284 2 1 0 2
285 1 0 0 1
286 1 2 0 0
287 0 0 2 1
288 3 0 1 2
289 1 1 0 3
290 0 0 1 2
291 1 1 0 2
292 1 0 1 1
293 2 1 3 0
294 1 0 1 1
295 0 0 0 1
296 1 0 0 0
297 0 2 0 1
298 0 2 0 1
299 0 0 1 1
300 0 0 1 3
301 1 0 0 2
302 2 0 0 1
303 1 0 0 0
304 1 0 0 1
305 1 1 0 1
306 0 0 0 1
307 3 2 0 1
308 1 0 0 0
309 0 1 0 0
310 2 1 1 0
311 1 0 0 1
312 3 3 0 1
313 0 0 0 1
314 0 0 0 2
315 1 0 1 0
316 2 0 2 0
317 0 3 1 1
318 0 0 0 0
319 0 1 0 4
320 2 0 0 1
321 0 1 1 1
322 1 0 0 0
323 1 0 0 3
324 0 1 0 2
325 1 0 1 1
326 1 0 0 0
327 0 0 0 0
328 1 1 0 2
329 0 0 1 1
330 0 0 1 0
331 0 2 0 0
332 0 0 0 0
333 0 0 0 0
334 0 0 0 1
335 0 0 0 1
336 1 0 0 1
337 1 1 0 0
338 0 0 0 2
339 1 0 0 0
340 2 0 0 0
341 0 0 0 0
342 0 0 0 1
343 1 0 0 0
344 1 0 0 0
345 1 2 1 0
346 0 0 1 0
347 0 0 0 0
348 0 2 0 0
349 1 0 1 2
350 0 1 0 1
351 0 0 0 0
352 0 0 0 3
353 0 0 0 0
354 1 0 0 0
355 1 0 0 0
356 0 0 0 1
357 0 0 0 1
358 0 0 1 0
359 1 0 0 0
360 1 0 0 0
361 0 0 0 0
362 0 0 0 0
363 0 0 1 0
364 0 2 0 0
365 0 0 0 1
366 0 0 0 0
367 0 0 0 1
368 0 0 0 1
369 0 0 1 0
370 0 0 0 0
371 0 0 0 1
372 0 0 0 0
373 0 0 0 0
374 0 0 0 0
375 0 0 0 0
376 0 0 0 1
377 1 0 0 0
378 1 0 0 0
379 0 0 0 0
380 0 0 0 0
381 0 0 0 0
382 0 0 0 0
383 0 0 1 0
384 0 0 0 0
385 1 0 0 0
386 0 1 0 0
387 0 0 0 0
388 0 0 0 0
389 0 0 0 0
390 0 1 0 2
391 0 0 0 0
392 0 0 0 0
393 0 0 0 0
394 0 0 0 1
395 1 0 0 0
396 0 0 0 0
397 0 0 0 0
398 0 0 0 0
399 0 0 0 0
400 0 0 0 0
401 1 0 0 0
402 0 0 0 0
403 0 0 0 0
404 0 1 0 0
405 0 0 0 0
406 0 1 0 0
407 0 0 0 0
408 0 0 0 1
409 0 0 0 0
410 0 0 0 1
411 0 0 0 0
412 0 0 0 0
413 0 0 0 0
414 0 0 0 0
415 0 0 0 0
416 0 0 0 0
417 0 0 0 0
418 0 0 0 0
419 0 0 0 0
420 0 0 0 0
421 0 0 0 0
422 0 0 0 0
423 0 0 0 0
424 0 0 0 0
425 0 0 0 0
426 0 0 0 0
427 0 0 0 0
428 1 0 0 0
429 0 0 0 0
430 0 0 0 0
431 0 0 0 0
432 0 0 0 0
433 0 1 0 0
434 0 0 0 0
435 0 0 0 0
436 0 0 0 0
437 0 0 0 1
438 0 0 0 0
439 0 0 0 0
440 0 0 0 0
441 0 0 0 0
442 0 0 0 0
443 0 0 0 0
444 0 0 0 0
445 0 0 0 0
446 0 0 0 0
447 0 0 0 0
448 0 0 0 0
449 0 0 0 0
450 0 0 0 0
451 0 0 0 0
452 0 0 0 0
453 0 0 0 0
454 0 0 0 0
455 0 0 0 0
456 0 0 0 0
457 0 0 0 0
458 0 0 0 0
459 0 0 0 0
460 0 0 0 0
461 0 0 0 0
462 0 0 0 0
463 0 0 0 0
464 0 0 0 0
465 0 0 0 0
466 0 0 0 0
467 0 0 0 0
468 0 0 0 0
469 0 0 0 0
470 0 0 0 0
471 0 0 0 0
472 0 0 0 0
473 0 0 0 0
474 0 0 0 0
475 0 0 0 0
476 0 0 0 0
477 0 0 0 0
478 0 0 0 0
479 0 0 0 0
480 0 0 0 0
481 0 0 0 0
482 0 0 0 0
483 0 0 0 0
484 0 0 0 0
485 0 0 0 0
486 0 0 0 0
487 0 0 0 0
488 0 0 0 0
489 0 0 0 0
490 0 0 0 0
491 0 0 0 0
492 0 0 0 0
493 0 0 0 0
494 0 0 0 0
495 0 0 0 0
496 0 0 0 0
497 0 0 0 0
498 0 0 0 0
499 0 0 0 0
500 0 0 0 0
501 0 0 0 0
502 0 0 0 0
503 0 0 0 0
504 0 0 0 0
505 0 0 0 0
506 0 0 0 0
507 0 0 0 0
508 0 0 0 0
509 0 0 0 0
510 0 0 0 0
511 0 0 0 0
512 0 0 0 0
513 0 0 0 0
514 0 0 0 0
515 0 0 0 0
516 0 0 0 0
517 0 0 0 0
518 0 0 0 0
519 0 0 0 0
520 0 0 0 0
521 0 0 0 0
522 0 0 0 0
523 0 0 0 0
524 0 0 0 0
525 0 0 0 0
526 0 0 0 0
527 0 0 0 0
528 0 0 0 0
529 0 0 0 0
530 0 0 0 0
531 0 0 0 0
532 0 0 0 0
533 0 0 0 0
534 0 0 0 0
535 0 0 0 0
536 0 0 0 0
537 0 0 0 0
538 0 0 0 0
539 0 0 0 0
540 0 0 0 0
541 0 0 0 0
542 0 0 0 0
543 0 0 0 0
544 0 0 0 0
545 0 0 0 0
546 0 0 0 0
547 0 0 0 0
548 0 0 0 0
549 0 0 0 0
550 0 0 0 0
551 0 0 0 0
552 0 0 0 0
553 0 0 0 0
554 0 0 0 0
555 0 0 0 0
556 0 0 0 0
557 0 0 0 0
558 0 0 0 0
559 0 0 0 0
560 0 0 0 0
561 0 0 0 0
562 0 0 0 0
563 0 0 0 0
564 0 0 0 0
565 0 0 0 0
566 0 0 0 0
567 0 0 0 0
568 0 0 0 0
569 0 0 0 0
570 0 0 0 0
571 0 0 0 0
572 0 0 0 0
573 0 0 0 0
574 0 0 0 0
575 0 0 0 0
576 0 0 0 0
577 0 0 0 0
578 0 0 0 0
579 0 0 0 0
580 0 0 0 0
581 0 0 0 0
582 0 0 0 0
583 0 0 0 0
584 0 0 0 0
585 0 0 0 0
586 0 0 0 0
587 0 0 0 0
588 0 0 0 0
589 0 0 0 0
590 0 0 0 0
591 0 0 0 0
592 0 0 0 0
593 0 0 0 0
594 0 0 0 0
595 0 0 0 0
596 0 0 0 0
597 0 0 0 0
598 0 0 0 0
599 0 0 0 0
600 0 0 0 0
601 0 0 0 0
602 0 0 0 0
603 0 0 0 0
604 0 0 0 0
605 0 0 0 0
606 0 0 0 0
607 0 0 0 0
608 0 0 0 0
609 0 0 0 0
610 0 0 0 0
611 0 0 0 0
612 0 0 0 0
613 0 0 0 0
614 0 0 0 0
615 0 0 0 0
616 0 0 0 0
617 0 0 0 0
618 0 0 0 0
619 0 0 0 0
620 0 0 0 0
621 0 0 0 0
622 0 0 0 0
623 0 0 0 0
624 0 0 0 0
625 0 0 0 0
626 0 0 0 0
627 0 0 0 0
628 0 0 0 0
629 0 0 0 0
630 0 0 0 0
631 0 0 0 0
632 0 0 0 0
633 0 0 0 0
634 0 0 0 0
635 0 0 0 0
636 0 0 0 0
637 0 0 0 0
638 0 0 0 0
639 0 0 0 0
640 0 0 0 0
641 0 0 0 0
642 0 0 0 0
643 0 0 0 0
644 0 0 0 0
645 0 0 0 0
646 0 0 0 0
647 0 0 0 0
648 0 0 0 0
649 0 0 0 0
650 0 0 0 0
651 0 0 0 0
652 0 0 0 0
653 0 0 0 0
654 0 0 0 0
655 0 0 0 0
656 0 0 0 0
657 0 0 0 0
658 0 0 0 0
659 0 0 0 0
660 0 0 0 0
661 0 0 0 0
662 0 0 0 0
663 0 0 0 0
664 0 0 0 0
665 0 0 0 0
666 0 0 0 0
667 0 0 0 0
668 0 0 0 0
669 0 0 0 0
670 0 0 0 0
671 0 0 0 0
672 0 0 0 0
673 0 0 0 0
674 0 0 0 0
675 0 0 0 0
676 0 0 0 0
677 0 0 0 0
678 0 0 0 0
679 0 0 0 0
680 0 0 0 0
681 0 0 0 0
682 0 0 0 0
683 0 0 0 0
684 0 0 0 0
685 0 0 0 0
686 0 0 0 0
687 0 0 0 0
688 0 0 0 0
689 0 0 0 0
690 0 0 0 0
691 0 0 0 0
692 0 0 0 0
693 0 0 0 0
694 0 0 0 0
695 0 0 0 0
696 0 0 0 0
697 0 0 0 0
698 0 0 0 0
699 0 0 0 0
700 0 0 0 0
701 0 0 0 0
702 0 0 0 0
703 0 0 0 0
704 0 0 0 0
705 0 0 0 0
706 0 0 0 0
707 0 0 0 0
708 0 0 0 0
709 0 0 0 0
710 0 0 0 0
711 0 0 0 0
712 0 0 0 0
713 0 0 0 0
714 0 0 0 0
715 0 0 0 0
716 0 0 0 0
717 0 0 0 0
718 0 0 0 0
719 0 0 0 0
720 0 0 0 0
721 0 0 0 0
722 0 0 0 0
723 0 0 0 0
724 0 0 0 0
725 0 0 0 0
726 0 0 0 0
727 0 0 0 0
