0 0 0 0 0
1 0 0 0 0
2 0 0 0 0
3 0 0 0 0
4 0 0 0 0
5 0 1 2 0
6 0 0 0 0
7 0 0 0 0
8 1 0 0 0
9 0 2 0 2
10 0 0 0 0
11 0 0 0 0
12 0 0 0 1
13 0 1 0 2
14 0 0 0 0
15 0 0 0 0
16 0 0 0 0
17 0 0 0 1
18 0 0 0 0
19 0 0 0 0
20 0 0 0 0
21 1 0 0 0
22 1 0 0 0
23 0 0 0 0
24 0 0 0 0
25 1 0 0 0
26 0 0 1 0
27 0 0 0 0
28 0 0 0 0
29 0 0 0 0
30 0 1 0 0
31 0 1 0 0
32 0 0 0 1
33 0 0 0 0
34 0 0 0 0
35 0 0 0 1
36 0 0 0 0
37 0 0 0 0
38 1 0 0 1
39 0 0 0 0
40 0 0 0 0
41 1 0 0 0
42 1 0 0 0
43 2 0 0 0
44 1 0 0 0
45 1 0 0 0
46 0 1 0 0
47 1 1 1 0
48 0 0 2 0
49 1 1 0 0
50 0 0 0 1
51 0 0 0 0
52 0 1 0 2
53 0 0 0 1
54 0 1 0 2
55 0 0 0 0
56 0 0 0 1
57 1 0 0 0
58 0 0 1 1
59 0 0 0 0
60 2 0 0 0
61 3 0 0 0
62 0 1 0 0
63 1 0 0 1
64 1 0 0 0
65 1 0 1 0
66 0 1 1 0
67 3 0 0 0
68 2 1 0 0
69 1 0 1 1
70 0 1 1 2
71 2 0 0 0
72 2 3 0 2
73 2 1 1 0
74 0 0 0 2
75 1 0 0 0
76 2 0 1 4
77 1 1 1 1
78 1 0 2 0
79 2 0 1 1
80 0 0 2 0
81 2 1 0 1
82 0 2 0 1
83 2 1 0 1
84 2 1 0 2
85 2 0 1 1
86 2 0 1 2
87 3 0 0 1
88 1 0 1 2
89 1 1 0 1
90 1 1 1 1
91 0 0 0 0
92 2 3 2 1
93 1 2 0 2
94 1 0 2 1
95 1 2 1 1
96 3 0 0 3
97 2 0 1 3
98 1 1 0 1
99 0 1 0 5
100 2 1 0 0
101 8 0 2 1
102 5 1 0 0
103 3 0 0 1
104 2 0 0 2
105 6 2 2 3
106 3 4 2 0
107 1 2 2 0
108 6 1 1 0
109 2 0 1 4
110 3 4 2 0
111 1 2 2 2
112 1 1 0 2
113 2 1 2 6
114 2 4 0 4
115 2 1 2 4
116 0 1 1 2
117 1 5 0 5
118 1 1 1 2
119 3 3 0 2
120 4 0 0 4
121 2 0 0 4
122 2 0 1 1
123 2 1 0 0
124 1 4 0 5
125 4 1 1 2
126 0 1 0 2
127 3 0 0 0
128 7 2 1 0
129 3 2 0 2
130 4 1 2 1
131 7 1 1 4
132 2 1 1 4
133 1 2 1 3
134 6 3 0 2
135 3 2 0 1
136 5 5 0 2
137 4 3 3 2
138 3 2 0 2
139 3 4 2 1
140 3 4 3 4
141 2 1 2 4
142 3 2 3 4
143 2 3 1 6
144 3 1 0 5
145 6 2 2 3
146 2 1 0 5
147 4 1 1 6
148 4 2 0 1
149 4 0 2 5
150 6 1 2 3
151 4 2 1 3
152 10 3 0 2
153 5 7 1 1
154 10 3 2 3
155 8 0 2 4
156 6 1 0 4
157 8 1 4 5
158 5 4 2 4
159 2 4 5 0
160 4 4 5 3
161 9 4 2 5
162 7 4 2 7
163 7 8 2 6
164 6 3 2 8
165 9 3 4 4
166 5 9 2 8
167 7 4 3 5
168 5 3 3 7
169 7 2 3 8
170 2 4 2 13
171 7 1 2 6
172 8 3 3 4
173 12 3 3 6
174 6 7 6 10
175 10 1 2 4
176 7 3 2 4
177 7 4 1 5
178 12 4 4 9
179 14 3 2 5
180 7 5 3 5
181 9 4 4 9
182 12 3 6 5
183 9 6 6 3
184 16 7 4 6
185 12 3 3 8
186 11 5 3 6
187 11 5 8 14
188 11 7 8 15
189 14 11 3 10
190 9 7 4 5
191 12 4 6 8
192 12 4 2 9
193 8 6 5 14
194 12 9 5 15
195 9 6 5 10
196 23 9 4 8
197 13 5 5 9
198 11 4 6 13
199 14 9 2 8
200 12 6 6 11
201 10 9 4 12
202 13 6 5 13
203 12 5 3 14
204 11 7 4 11
205 13 10 11 13
206 7 7 2 12
207 9 9 6 10
208 11 9 6 10
209 15 6 4 17
210 15 7 6 9
211 13 1 5 16
212 18 5 4 16
213 8 10 6 6
214 4 5 6 10
215 5 3 9 10
216 9 5 9 13
217 7 8 5 17
218 9 7 7 5
219 4 6 5 12
220 4 3 5 15
221 6 6 4 10
222 7 3 7 16
223 7 1 5 10
224 5 2 4 13
225 10 1 5 9
226 7 1 3 13
227 7 6 2 7
228 4 0 4 10
229 6 4 2 6
230 7 8 2 4
231 9 5 1 7
232 9 6 1 6
233 6 2 2 5
234 9 2 3 9
235 1 4 4 4
236 2 1 5 6
237 2 7 1 7
238 7 4 1 7
239 8 4 5 8
240 2 3 2 5
241 3 3 1 7
242 1 5 2 7
243 5 0 7 6
244 1 3 1 5
245 4 4 0 4
246 3 1 1 9
247 1 2 2 8
248 3 5 3 3
249 1 1 0 7
250 0 4 2 4
251 1 1 0 5
252 2 1 0 4
253 2 1 0 1
254 2 0 1 5
255 2 2 1 4
256 2 0 2 0
257 5 0 3 4
258 2 1 1 1
259 5 0 0 3
260 4 1 1 0
261 3 1 0 2
262 1 3 1 2
263 1 2 2 1
264 4 0 2 3
265 0 5 1 2
266 2 1 2 2
267 0 1 0 4
268 0 1 1 2
269 1 3 1 6
270 0 0 0 3
271 3 1 0 1
272 1 1 0 4
273 0 1 0 5
274 3 1 0 0
275 0 2 0 0
276 3 1 1 1
277 2 1 0 0
278 0 0 0 2
279 1 1 0 3
280 1 0 2 3
281 1 0 1 0
282 0 0 0 0
283 1 1 0 0
284 2 0 0 1
285 0 3 0 0
286 0 0 2 2
287 1 0 0 2
288 1 1 0 1
289 1 1 0 1
290 1 1 0 0
291 1 0 0 0
292 1 2 0 3
293 4 0 1 2
294 0 0 0 1
295 1 0 0 0
296 0 0 1 2
297 0 1 0 0
298 2 2 0 0
299 1 1 0 1
300 0 0 0 2
301 2 1 0 1
302 1 2 1 1
303 2 0 1 1
304 1 2 0 0
305 0 0 0 2
306 1 0 1 1
307 0 0 1 0
308 0 2 0 1
309 1 1 0 2
310 0 0 1 1
311 1 1 1 2
312 0 0 0 1
313 0 0 0 2
314 1 0 1 1
315 1 0 0 3
316 1 1 0 0
317 0 0 0 0
318 0 0 0 0
319 0 0 0 0
320 0 1 0 0
321 0 0 1 1
322 0 0 0 0
323 0 1 0 1
324 0 0 0 1
325 0 0 0 1
326 0 0 0 0
327 0 0 0 0
328 0 0 0 0
329 0 0 0 0
330 0 0 0 1
331 0 0 0 0
332 0 0 0 0
333 0 0 0 0
334 0 0 0 0
335 0 0 0 0
336 0 0 0 0
337 0 0 0 0
338 0 0 0 0
339 0 0 0 0
340 0 0 0 0
341 0 0 0 0
342 0 0 0 0
343 0 0 0 0
344 0 0 0 0
345 0 0 0 0
346 0 0 0 0
347 0 0 0 0
348 0 0 0 0
349 0 0 0 0
350 1 0 0 0
351 0 0 0 0
352 0 0 0 0
353 0 0 0 0
354 0 0 0 0
355 0 0 1 0
356 0 0 0 0
357 0 0 0 0
358 0 0 0 0
359 0 0 0 1
360 0 0 0 0
361 0 0 0 0
362 0 0 0 0
363 0 0 0 0
364 0 0 0 0
365 0 0 0 0
366 0 0 0 0
367 0 0 0 0
368 0 0 0 0
369 0 0 0 0
370 0 0 0 0
371 0 0 0 0
372 0 0 0 0
373 0 0 0 0
374 0 0 0 0
375 0 0 0 0
376 0 0 0 0
377 0 0 0 0
378 0 0 0 0
379 0 0 0 0
380 0 0 0 0
381 0 0 0 0
382 0 0 0 0
383 0 0 0 0
384 0 0 0 0
385 0 0 0 0
386 0 0 0 0
387 0 0 0 0
388 0 0 0 0
389 0 0 0 0
390 0 0 0 0
391 0 0 0 0
392 0 0 0 0
393 0 0 0 0
394 0 0 0 0
395 0 0 0 0
396 0 0 0 0
397 0 0 0 0
398 0 0 0 0
399 0 0 0 0
400 0 0 0 0
401 0 0 0 0
402 0 0 0 0
403 0 0 0 0
404 0 0 0 0
405 0 0 0 0
406 0 0 0 0
407 0 0 0 0
408 0 0 0 0
409 0 0 0 0
410 0 0 0 0
411 0 0 0 0
412 0 0 0 0
413 0 0 0 0
414 0 0 0 0
415 0 0 0 0
416 0 0 0 0
417 0 0 0 0
418 0 0 0 0
419 0 0 0 0
420 0 0 0 0
421 0 0 0 0
422 0 0 0 0
423 0 0 0 0
424 0 0 0 0
425 0 0 0 0
426 0 0 0 0
427 0 0 0 0
428 0 0 0 0
429 0 0 0 0
430 0 0 0 0
431 0 0 0 0
432 0 0 0 0
433 0 0 0 0
434 0 0 0 0
435 0 0 0 0
436 0 0 0 0
437 0 0 0 0
438 0 0 0 0
439 0 0 0 0
440 0 0 0 0
441 0 0 0 0
442 0 0 0 0
443 0 0 0 0
444 0 0 0 0
445 0 0 0 0
446 0 0 0 0
447 0 0 0 0
448 0 0 0 0
449 0 0 0 0
450 0 0 0 0
451 0 0 0 0
452 0 0 0 0
453 0 0 0 0
454 0 0 0 0
455 0 0 0 0
456 0 0 0 0
457 0 0 0 0
458 0 0 0 0
459 0 0 0 0
460 0 0 0 0
461 0 0 0 0
462 0 0 0 0
463 0 0 0 0
464 0 0 0 0
465 0 0 0 0
466 0 0 0 0
467 0 0 0 0
468 0 0 0 0
469 0 0 0 0
470 0 0 0 0
471 0 0 0 0
472 0 0 0 0
473 0 0 0 0
474 0 0 0 0
475 0 0 0 0
476 0 0 0 0
477 0 0 0 0
478 0 0 0 0
479 0 0 0 0
480 0 0 0 0
481 0 0 0 0
482 0 0 0 0
483 0 0 0 0
484 0 0 0 0
485 0 0 0 0
486 0 0 0 0
487 0 0 0 0
488 0 0 0 0
489 0 0 0 0
490 0 0 0 0
491 0 0 0 0
492 0 0 0 0
493 0 0 0 0
494 0 0 0 0
495 0 0 0 0
496 0 0 0 0
497 0 0 0 0
498 0 0 0 0
499 0 0 0 0
500 0 0 0 0
501 0 0 0 0
502 0 0 0 0
503 0 0 0 0
504 0 0 0 0
505 0 0 0 0
506 0 0 0 0
507 0 0 0 0
508 0 0 0 0
509 0 0 0 0
510 0 0 0 0
511 0 0 0 0
512 0 0 0 0
513 0 0 0 0
514 0 0 0 0
515 0 0 0 0
516 0 0 0 0
517 0 0 0 0
518 0 0 0 0
519 0 0 0 0
520 0 0 0 0
521 0 0 0 0
522 0 0 0 0
523 0 0 0 0
524 0 0 0 0
525 0 0 0 0
526 0 0 0 0
527 0 0 0 0
528 0 0 0 0
529 0 0 0 0
530 0 0 0 0
531 0 0 0 0
532 0 0 0 0
533 0 0 0 0
534 0 0 0 0
535 0 0 0 0
536 0 0 0 0
537 0 0 0 0
538 0 0 0 0
539 0 0 0 0
540 0 0 0 0
541 0 0 0 0
542 0 0 0 0
543 0 0 0 0
544 0 0 0 0
545 0 0 0 0
546 0 0 0 0
547 0 0 0 0
548 0 0 0 0
549 0 0 0 0
550 0 0 0 0
551 0 0 0 0
552 0 0 0 0
553 0 0 0 0
554 0 0 0 0
555 0 0 0 0
556 0 0 0 0
557 0 0 0 0
558 0 0 0 0
559 0 0 0 0
560 0 0 0 0
561 0 0 0 0
562 0 0 0 0
563 0 0 0 0
564 0 0 0 0
565 0 0 0 0
566 0 0 0 0
567 0 0 0 0
568 0 0 0 0
569 0 0 0 0
570 0 0 0 0
571 0 0 0 0
572 0 0 0 0
573 0 0 0 0
574 0 0 0 0
575 0 0 0 0
576 0 0 0 0
577 0 0 0 0
578 0 0 0 0
579 0 0 0 0
580 0 0 0 0
581 0 0 0 0
582 0 0 0 0
583 0 0 0 0
584 0 0 0 0
585 0 0 0 0
586 0 0 0 0
587 0 0 0 0
588 0 0 0 0
589 0 0 0 0
590 0 0 0 0
591 0 0 0 0
592 0 0 0 0
593 0 0 0 0
594 0 0 0 0
595 0 0 0 0
596 0 0 0 0
597 0 0 0 0
598 0 0 0 0
599 0 0 0 0
600 0 0 0 0
601 0 0 0 0
602 0 0 0 0
603 0 0 0 0
604 0 0 0 0
605 0 0 0 0
606 0 0 0 0
607 0 0 0 0
608 0 0 0 0
609 0 0 0 0
610 0 0 0 0
611 0 0 0 0
612 0 0 0 0
613 0 0 0 0
614 0 0 0 0
615 0 0 0 0
616 0 0 0 0
617 0 0 0 0
618 0 0 0 0
619 0 0 0 0
620 0 0 0 0
621 0 0 0 0
622 0 0 0 0
623 0 0 0 0
624 0 0 0 0
625 0 0 0 0
626 0 0 0 0
627 0 0 0 0
628 0 0 0 0
629 0 0 0 0
630 0 0 0 0
631 0 0 0 0
632 0 0 0 0
633 0 0 0 0
634 0 0 0 0
635 0 0 0 0
636 0 0 0 0
637 0 0 0 0
638 0 0 0 0
639 0 0 0 0
640 0 0 0 0
641 0 0 0 0
642 0 0 0 0
643 0 0 0 0
644 0 0 0 0
645 0 0 0 0
646 0 0 0 0
647 0 0 0 0
648 0 0 0 0
649 0 0 0 0
650 0 0 0 0
651 0 0 0 0
652 0 0 0 0
653 0 0 0 0
654 0 0 0 0
655 0 0 0 0
656 0 0 0 0
657 0 0 0 0
658 0 0 0 0
659 0 0 0 0
660 0 0 0 0
661 0 0 0 0
662 0 0 0 0
663 0 0 0 0
664 0 0 0 0
665 0 0 0 0
666 0 0 0 0
667 0 0 0 0
668 0 0 0 0
669 0 0 0 0
670 0 0 0 0
671 0 0 0 0
672 0 0 0 0
673 0 0 0 0
674 0 0 0 0
675 0 0 0 0
676 0 0 0 0
677 0 0 0 0
678 0 0 0 0
679 0 0 0 0
680 0 0 0 0
681 0 0 0 0
682 0 0 0 0
683 0 0 0 0
684 0 0 0 0
685 0 0 0 0
686 0 0 0 0
687 0 0 0 0
688 0 0 0 0
689 0 0 0 0
690 0 0 0 0
691 0 0 0 0
692 0 0 0 0
693 0 0 0 0
694 0 0 0 0
695 0 0 0 0
696 0 0 0 0
697 0 0 0 0
698 0 0 0 0
699 0 0 0 0
700 0 0 0 0
701 0 0 0 0
702 0 0 0 0
703 0 0 0 0
704 0 0 0 0
705 0 0 0 0
706 0 0 0 0
707 0 0 0 0
708 0 0 0 0
709 0 0 0 0
710 0 0 0 0
711 0 0 0 0
712 0 0 0 0
713 0 0 0 0
714 0 0 0 0
715 0 0 0 0
716 0 0 0 0
717 0 0 0 0
718 0 0 0 0
719 0 0 0 0
720 0 0 0 0
721 0 0 0 0
722 0 0 0 0
723 0 0 0 0
724 0 0 0 0
725 0 0 0 0
726 0 0 0 0
727 0 0 0 0
