0 0 0 0 0
1 0 0 0 0
2 0 0 0 0
3 0 0 0 0
4 0 0 0 0
5 0 3 0 0
6 0 0 0 0
7 0 0 0 0
8 0 0 0 0
9 0 1 1 2
10 0 0 0 0
11 0 0 0 0
12 0 0 0 1
13 0 0 0 0
14 0 0 0 0
15 1 0 0 0
16 1 0 0 2
17 0 0 0 0
18 0 0 0 0
19 1 0 0 0
20 0 0 0 0
21 0 0 0 0
22 0 0 0 0
23 0 0 0 0
24 0 2 0 0
25 1 0 1 0
26 2 0 0 0
27 2 0 0 0
28 1 0 0 1
29 0 0 0 1
30 0 0 1 0
31 1 0 0 1
32 0 1 0 0
33 0 1 0 0
34 0 0 0 0
35 1 0 1 0
36 0 2 0 1
37 2 0 1 1
38 0 0 0 0
39 1 0 0 0
40 1 0 0 3
41 0 0 0 1
42 2 0 1 1
43 2 0 1 0
44 2 0 1 0
45 1 0 0 0
46 1 0 0 1
47 0 1 1 1
48 1 2 1 0
49 0 1 1 0
50 1 0 0 1
51 1 1 0 2
52 3 0 0 1
53 2 0 1 0
54 2 1 0 0
55 1 0 0 2
56 3 0 0 2
57 2 3 1 0
58 4 0 0 2
59 1 1 0 0
60 2 1 0 1
61 5 1 0 3
62 3 1 2 0
63 3 2 3 0
64 8 1 0 2
65 2 2 2 1
66 3 2 1 3
67 7 0 2 2
68 3 3 2 2
69 3 1 3 3
70 1 4 1 3
71 4 2 1 1
72 5 1 2 5
73 4 3 5 4
74 1 1 1 5
75 5 1 1 4
76 2 1 4 3
77 4 2 0 7
78 2 3 0 2
79 2 0 1 2
80 5 3 3 7
81 6 1 3 3
82 5 4 0 1
83 6 0 1 3
84 5 1 1 4
85 3 1 4 2
86 4 3 0 4
87 2 3 0 3
88 10 3 3 4
89 8 2 1 3
90 6 5 2 4
91 3 3 3 3
92 6 0 2 5
93 4 5 3 4
94 3 2 2 4
95 5 1 0 6
96 0 1 1 2
97 2 6 2 4
98 5 4 4 3
99 6 4 4 2
100 6 3 3 7
101 6 1 1 5
102 4 1 1 7
103 7 3 2 6
104 9 1 2 6
105 7 3 0 4
106 4 5 0 3
107 6 1 2 7
108 6 7 2 2
109 14 3 4 7
110 18 4 2 3
111 5 3 2 2
112 9 5 1 5
113 8 6 4 7
114 5 2 8 5
115 14 5 6 7
116 8 6 1 8
117 8 4 4 6
118 2 5 8 11
119 5 8 1 6
120 15 7 2 9
121 9 1 4 4
122 8 2 4 15
123 8 1 2 12
124 8 3 5 11
125 10 7 2 4
126 8 4 4 8
127 7 4 3 6
128 7 2 6 8
129 17 10 6 8
130 9 4 8 4
131 14 6 3 9
132 12 7 4 5
133 20 2 2 16
134 18 7 11 8
135 14 4 3 10
136 12 8 0 12
137 13 2 6 5
138 9 8 5 15
139 7 8 9 5
140 9 6 6 6
141 14 9 5 14
142 14 9 7 15
143 12 9 1 13
144 15 5 5 12
145 20 12 3 13
146 17 10 6 16
147 14 8 5 7
148 20 9 2 10
149 20 4 8 18
150 19 11 4 17
151 18 10 7 10
152 18 7 3 9
153 18 9 11 16
154 21 13 8 14
155 19 7 4 14
156 25 10 6 10
157 19 9 9 14
158 20 11 7 19
159 17 13 12 8
160 23 9 8 24
161 16 15 8 18
162 17 9 11 15
163 16 14 5 24
164 20 13 7 15
165 30 13 9 20
166 18 4 6 19
167 18 8 6 22
168 22 9 7 22
169 23 14 11 22
170 23 15 7 16
171 30 14 8 17
172 24 10 9 20
173 26 11 8 20
174 24 19 16 18
175 26 11 7 20
176 29 18 9 22
177 20 13 9 17
178 23 17 12 29
179 33 16 8 18
180 21 15 12 20
181 28 16 8 27
182 37 14 2 24
183 25 13 12 31
184 24 19 6 24
185 26 14 9 25
186 28 15 7 19
187 31 20 14 25
188 26 21 10 24
189 32 16 13 20
190 19 18 10 24
191 30 17 15 36
192 28 14 14 20
193 28 10 15 28
194 25 20 13 30
195 30 15 6 36
196 30 19 7 31
197 38 15 11 24
198 30 17 12 32
199 19 12 12 16
200 30 28 14 23
201 20 16 15 26
202 26 20 11 35
203 25 16 9 24
204 23 14 8 38
205 18 18 11 26
206 23 10 16 31
207 23 16 12 30
208 20 12 4 28
209 21 16 14 38
210 15 17 6 24
211 20 15 12 23
212 20 19 7 15
213 26 16 6 32
214 21 12 9 29
215 11 11 5 23
216 17 14 5 21
217 13 4 10 28
218 16 14 10 21
219 15 10 8 18
220 14 10 6 16
221 18 12 11 20
222 21 13 5 22
223 11 16 8 21
224 21 4 9 15
225 13 5 8 17
226 16 8 5 21
227 8 12 3 20
228 6 7 5 21
229 12 8 10 14
230 9 6 9 16
231 4 10 7 16
232 3 6 2 15
233 11 13 4 16
234 9 9 4 16
235 8 7 7 18
236 5 6 0 11
237 6 4 0 13
238 6 3 7 15
239 3 2 3 9
240 6 3 1 14
241 3 1 1 5
242 3 9 3 12
243 6 6 4 4
244 4 2 4 4
245 4 3 4 4
246 6 2 0 12
247 6 2 2 10
248 3 3 3 6
249 4 1 2 9
250 9 3 1 3
251 3 2 4 4
252 1 3 1 8
253 4 3 1 1
254 1 2 2 2
255 3 3 5 4
256 1 5 2 3
257 1 3 0 7
258 4 2 1 4
259 1 2 2 5
260 1 0 2 3
261 1 1 0 3
262 2 0 1 8
263 2 2 0 10
264 2 2 1 4
265 2 0 0 1
266 0 1 1 0
267 4 2 2 1
268 2 1 0 4
269 1 2 1 1
270 1 1 1 1
271 2 0 0 2
272 0 2 1 0
273 0 1 1 3
274 1 0 1 2
275 0 1 0 1
276 3 0 3 4
277 1 0 0 3
278 2 0 0 1
279 2 0 0 1
280 0 1 0 4
281 0 2 0 0
282 0 1 0 1
283 0 1 0 0
284 1 1 0 1
285 0 0 1 1
286 2 0 0 1
287 1 2 0 1
288 1 1 0 2
289 1 0 0 0
290 0 0 0 0
291 1 0 0 2
292 0 0 1 2
293 0 0 2 0
294 0 1 0 0
295 0 1 1 0
296 0 0 0 0
297 0 0 0 1
298 3 0 0 0
299 2 0 0 3
300 1 1 0 1
301 1 0 0 1
302 0 0 0 0
303 0 2 1 0
304 1 0 0 0
305 0 1 0 0
306 0 0 0 0
307 0 0 0 2
308 0 2 0 0
309 2 0 1 1
310 0 1 0 2
311 0 0 0 0
312 0 0 0 1
313 0 0 0 0
314 0 0 1 1
315 1 0 0 1
316 1 0 0 1
317 2 0 0 0
318 3 0 1 0
319 0 0 0 0
320 0 0 1 0
321 0 0 0 1
322 1 1 0 1
323 1 1 0 0
324 0 0 0 1
325 0 1 0 0
326 0 0 1 1
327 0 0 2 1
328 1 0 0 0
329 1 0 0 1
330 0 0 0 1
331 1 1 0 1
332 1 1 0 0
333 0 0 1 0
334 0 1 0 1
335 1 0 0 1
336 0 1 0 0
337 1 0 0 0
338 0 0 0 1
339 0 0 0 1
340 0 0 1 2
341 0 0 1 0
342 0 1 0 0
343 0 0 0 0
344 0 0 0 1
345 1 0 0 1
346 1 0 0 0
347 0 0 0 0
348 0 0 0 0
349 0 0 0 1
350 0 0 0 0
351 0 0 0 0
352 0 0 0 0
353 0 0 0 0
354 0 0 1 0
355 0 1 0 0
356 0 0 0 0
357 0 0 0 0
358 0 0 0 1
359 0 0 0 1
360 0 0 0 0
361 0 0 0 0
362 0 0 0 0
363 0 0 0 0
364 1 0 0 0
365 0 0 0 0
366 0 0 0 0
367 0 0 0 0
368 0 0 0 0
369 0 0 0 0
370 0 0 0 0
371 0 0 0 0
372 0 0 0 0
373 0 1 0 0
374 0 0 0 0
375 0 0 0 0
376 0 0 0 0
377 0 0 0 0
378 0 0 0 0
379 0 0 0 0
380 0 0 0 1
381 0 0 0 0
382 0 0 0 0
383 0 0 0 0
384 0 0 0 0
385 0 0 0 0
386 0 0 0 0
387 0 0 0 0
388 0 0 0 0
389 0 0 0 0
390 0 0 0 0
391 0 0 0 0
392 0 0 0 0
393 0 0 0 0
394 0 0 0 0
395 0 0 0 0
396 0 0 0 0
397 0 0 0 0
398 0 0 0 0
399 0 0 0 0
400 0 0 0 0
401 0 0 0 0
402 0 0 0 0
403 0 0 0 0
404 0 0 0 0
405 0 0 0 0
406 0 0 0 0
407 0 0 0 0
408 0 0 0 0
409 0 0 0 0
410 0 0 0 0
411 0 0 0 0
412 0 0 0 0
413 0 0 0 0
414 0 0 0 0
415 0 0 0 0
416 0 0 0 0
417 0 0 0 0
418 0 0 0 0
419 0 0 0 0
420 0 0 0 0
421 0 0 0 0
422 0 0 0 0
423 0 0 0 0
424 0 0 0 0
425 0 0 0 0
426 0 0 0 0
427 0 0 0 0
428 0 0 0 0
429 0 0 0 0
430 0 0 0 0
431 0 0 0 0
432 0 0 0 0
433 0 0 0 0
434 0 0 0 0
435 0 0 0 0
436 0 0 0 0
437 0 0 0 0
438 0 0 0 0
439 0 0 0 0
440 0 0 0 0
441 0 0 0 0
442 0 0 0 0
443 0 0 0 0
444 0 0 0 0
445 0 0 0 0
446 0 0 0 0
447 0 0 0 0
448 0 0 0 0
449 0 0 0 0
450 0 0 0 0
451 0 0 0 0
452 0 0 0 0
453 0 0 0 0
454 0 0 0 0
455 0 0 0 0
456 0 0 0 0
457 0 0 0 0
458 0 0 0 0
459 0 0 0 0
460 0 0 0 0
461 0 0 0 0
462 0 0 0 0
463 0 0 0 0
464 0 0 0 0
465 0 0 0 0
466 0 0 0 0
467 0 0 0 0
468 0 0 0 0
469 0 0 0 0
470 0 0 0 0
471 0 0 0 0
472 0 0 0 0
473 0 0 0 0
474 0 0 0 0
475 0 0 0 0
476 0 0 0 0
477 0 0 0 0
478 0 0 0 0
479 0 0 0 0
480 0 0 0 0
481 0 0 0 0
482 0 0 0 0
483 0 0 0 0
484 0 0 0 0
485 0 0 0 0
486 0 0 0 0
487 0 0 0 0
488 0 0 0 0
489 0 0 0 0
490 0 0 0 0
491 0 0 0 0
492 0 0 0 0
493 0 0 0 0
494 0 0 0 0
495 0 0 0 0
496 0 0 0 0
497 0 0 0 0
498 0 0 0 0
499 0 0 0 0
500 0 0 0 0
501 0 0 0 0
502 0 0 0 0
503 0 0 0 0
504 0 0 0 0
505 0 0 0 0
506 0 0 0 0
507 0 0 0 0
508 0 0 0 0
509 0 0 0 0
510 0 0 0 0
511 0 0 0 0
512 0 0 0 0
513 0 0 0 0
514 0 0 0 0
515 0 0 0 0
516 0 0 0 0
517 0 0 0 0
518 0 0 0 0
519 0 0 0 0
520 0 0 0 0
521 0 0 0 0
522 0 0 0 0
523 0 0 0 0
524 0 0 0 0
525 0 0 0 0
526 0 0 0 0
527 0 0 0 0
528 0 0 0 0
529 0 0 0 0
530 0 0 0 0
531 0 0 0 0
532 0 0 0 0
533 0 0 0 0
534 0 0 0 0
535 0 0 0 0
536 0 0 0 0
537 0 0 0 0
538 0 0 0 0
539 0 0 0 0
540 0 0 0 0
541 0 0 0 0
542 0 0 0 0
543 0 0 0 0
544 0 0 0 0
545 0 0 0 0
546 0 0 0 0
547 0 0 0 0
548 0 0 0 0
549 0 0 0 0
550 0 0 0 0
551 0 0 0 0
552 0 0 0 0
553 0 0 0 0
554 0 0 0 0
555 0 0 0 0
556 0 0 0 0
557 0 0 0 0
558 0 0 0 0
559 0 0 0 0
560 0 0 0 0
561 0 0 0 0
562 0 0 0 0
563 0 0 0 0
564 0 0 0 0
565 0 0 0 0
566 0 0 0 0
567 0 0 0 0
568 0 0 0 0
569 0 0 0 0
570 0 0 0 0
571 0 0 0 0
572 0 0 0 0
573 0 0 0 0
574 0 0 0 0
575 0 0 0 0
576 0 0 0 0
577 0 0 0 0
578 0 0 0 0
579 0 0 0 0
580 0 0 0 0
581 0 0 0 0
582 0 0 0 0
583 0 0 0 0
584 0 0 0 0
585 0 0 0 0
586 0 0 0 0
587 0 0 0 0
588 0 0 0 0
589 0 0 0 0
590 0 0 0 0
591 0 0 0 0
592 0 0 0 0
593 0 0 0 0
594 0 0 0 0
595 0 0 0 0
596 0 0 0 0
597 0 0 0 0
598 0 0 0 0
599 0 0 0 0
600 0 0 0 0
601 0 0 0 0
602 0 0 0 0
603 0 0 0 0
604 0 0 0 0
605 0 0 0 0
606 0 0 0 0
607 0 0 0 0
608 0 0 0 0
609 0 0 0 0
610 0 0 0 0
611 0 0 0 0
612 0 0 0 0
613 0 0 0 0
614 0 0 0 0
615 0 0 0 0
616 0 0 0 0
617 0 0 0 0
618 0 0 0 0
619 0 0 0 0
620 0 0 0 0
621 0 0 0 0
622 0 0 0 0
623 0 0 0 0
624 0 0 0 0
625 0 0 0 0
626 0 0 0 0
627 0 0 0 0
628 0 0 0 0
629 0 0 0 0
630 0 0 0 0
631 0 0 0 0
632 0 0 0 0
633 0 0 0 0
634 0 0 0 0
635 0 0 0 0
636 0 0 0 0
637 0 0 0 0
638 0 0 0 0
639 0 0 0 0
640 0 0 0 0
641 0 0 0 0
642 0 0 0 0
643 0 0 0 0
644 0 0 0 0
645 0 0 0 0
646 0 0 0 0
647 0 0 0 0
648 0 0 0 0
649 0 0 0 0
650 0 0 0 0
651 0 0 0 0
652 0 0 0 0
653 0 0 0 0
654 0 0 0 0
655 0 0 0 0
656 0 0 0 0
657 0 0 0 0
658 0 0 0 0
659 0 0 0 0
660 0 0 0 0
661 0 0 0 0
662 0 0 0 0
663 0 0 0 0
664 0 0 0 0
665 0 0 0 0
666 0 0 0 0
667 0 0 0 0
668 0 0 0 0
669 0 0 0 0
670 0 0 0 0
671 0 0 0 0
672 0 0 0 0
673 0 0 0 0
674 0 0 0 0
675 0 0 0 0
676 0 0 0 0
677 0 0 0 0
678 0 0 0 0
679 0 0 0 0
680 0 0 0 0
681 0 0 0 0
682 0 0 0 0
683 0 0 0 0
684 0 0 0 0
685 0 0 0 0
686 0 0 0 0
687 0 0 0 0
688 0 0 0 0
689 0 0 0 0
690 0 0 0 0
691 0 0 0 0
692 0 0 0 0
693 0 0 0 0
694 0 0 0 0
695 0 0 0 0
696 0 0 0 0
697 0 0 0 0
698 0 0 0 0
699 0 0 0 0
700 0 0 0 0
701 0 0 0 0
702 0 0 0 0
703 0 0 0 0
704 0 0 0 0
705 0 0 0 0
706 0 0 0 0
707 0 0 0 0
708 0 0 0 0
709 0 0 0 0
710 0 0 0 0
711 0 0 0 0
712 0 0 0 0
713 0 0 0 0
714 0 0 0 0
715 0 0 0 0
716 0 0 0 0
717 0 0 0 0
718 0 0 0 0
719 0 0 0 0
720 0 0 0 0
721 0 0 0 0
722 0 0 0 0
723 0 0 0 0
724 0 0 0 0
725 0 0 0 0
726 0 0 0 0
727 0 0 0 0
