0 0 0 0 0
1 0 0 0 0
2 0 0 0 0
3 0 0 0 0
4 0 0 0 0
5 0 0 2 0
6 0 0 0 0
7 0 0 0 0
8 0 0 0 0
9 0 3 0 1
10 0 0 0 0
11 0 0 0 0
12 0 0 0 1
13 0 0 0 1
14 0 0 0 0
15 0 0 0 0
16 0 0 0 2
17 0 0 0 0
18 0 0 0 0
19 0 0 0 0
20 0 0 0 0
21 1 0 0 0
22 0 0 0 0
23 0 0 0 0
24 1 0 0 0
25 1 0 0 0
26 0 1 0 0
27 0 0 0 0
28 1 0 0 0
29 1 1 0 0
30 2 0 0 0
31 1 0 0 0
32 1 0 0 0
33 0 0 1 2
34 0 1 0 0
35 2 0 1 0
36 1 0 1 0
37 0 0 0 1
38 0 0 1 1
39 2 1 0 1
40 2 1 0 0
41 1 1 0 0
42 0 0 0 0
43 1 0 0 2
44 1 3 0 0
45 2 1 1 1
46 0 0 1 0
47 0 0 0 1
48 1 0 0 1
49 2 1 1 0
50 0 2 0 0
51 0 0 0 3
52 0 1 0 2
53 0 0 0 3
54 1 1 1 2
55 3 0 0 0
56 0 0 0 1
57 0 0 1 0
58 2 0 0 1
59 2 1 0 0
60 3 2 0 0
61 3 0 0 2
62 0 0 0 0
63 4 0 0 0
64 3 2 0 1
65 3 1 2 0
66 2 1 1 1
67 3 0 1 1
68 1 2 1 1
69 1 2 1 2
70 1 1 0 2
71 2 0 1 1
72 1 3 2 3
73 4 2 0 2
74 0 1 2 2
75 1 1 0 2
76 2 0 0 4
77 1 0 1 1
78 1 3 1 1
79 1 1 0 4
80 2 2 0 1
81 1 1 1 2
82 3 0 2 3
83 5 0 0 0
84 1 1 0 1
85 6 1 1 2
86 4 0 0 3
87 5 1 2 1
88 4 0 3 2
89 4 1 0 0
90 3 3 1 0
91 3 0 4 0
92 1 3 2 3
93 1 0 1 0
94 5 1 3 4
95 2 1 1 6
96 4 0 3 4
97 3 2 2 3
98 2 2 2 4
99 1 2 4 3
100 3 1 3 2
101 4 1 1 3
102 2 1 0 2
103 4 1 1 6
104 5 1 1 5
105 7 1 2 3
106 7 2 1 2
107 4 2 0 2
108 4 1 1 2
109 2 0 3 4
110 1 4 2 1
111 0 2 2 2
112 2 2 3 1
113 5 2 2 5
114 2 2 4 4
115 4 3 2 3
116 8 1 0 6
117 4 2 2 6
118 3 1 3 7
119 4 1 0 2
120 4 2 1 1
121 6 2 5 3
122 5 2 1 5
123 6 2 1 2
124 6 4 1 4
125 5 3 2 5
126 6 2 3 1
127 8 2 1 3
128 4 1 1 5
129 7 1 3 5
130 5 2 3 6
131 11 2 3 5
132 4 5 4 4
133 9 2 3 2
134 5 3 4 5
135 5 4 2 1
136 9 4 3 3
137 5 3 2 6
138 11 5 3 8
139 3 3 4 12
140 9 3 6 5
141 4 3 1 7
142 7 4 3 5
143 8 4 6 6
144 2 2 1 7
145 4 6 5 5
146 5 5 0 9
147 7 5 1 9
148 12 4 1 5
149 10 2 2 9
150 11 0 3 9
151 8 3 4 3
152 12 4 4 7
153 12 3 3 2
154 18 6 3 6
155 10 9 5 7
156 11 9 1 7
157 13 8 5 4
158 8 6 3 5
159 10 3 7 8
160 10 5 1 11
161 12 5 6 9
162 11 7 8 14
163 8 7 6 8
164 9 11 2 13
165 8 8 5 10
166 11 6 3 11
167 14 7 4 15
168 12 5 5 12
169 11 4 3 14
170 12 8 7 8
171 11 5 4 10
172 8 5 4 11
173 11 6 6 9
174 18 6 2 13
175 10 9 3 10
176 23 8 9 10
177 19 7 6 15
178 15 3 5 7
179 16 8 4 9
180 12 6 2 13
181 19 9 6 13
182 25 10 7 11
183 17 7 6 13
184 18 5 5 11
185 26 8 11 12
186 17 10 6 13
187 19 16 9 9
188 26 9 3 13
189 13 10 5 16
190 20 13 11 18
191 18 10 11 22
192 21 14 11 17
193 16 15 6 14
194 17 11 10 20
195 20 7 9 17
196 16 10 9 18
197 20 10 11 19
198 16 11 5 20
199 14 12 9 22
200 16 8 7 19
201 23 11 10 22
202 17 7 5 17
203 16 9 10 21
204 16 10 7 20
205 17 9 7 19
206 13 16 8 19
207 16 15 3 15
208 17 8 9 18
209 7 10 5 14
210 10 14 9 25
211 11 6 7 21
212 5 10 5 16
213 12 6 8 15
214 14 7 5 14
215 6 6 4 15
216 12 7 6 16
217 9 8 5 21
218 13 8 3 10
219 10 5 6 16
220 13 3 3 13
221 8 7 1 17
222 10 6 3 6
223 12 7 6 8
224 8 5 4 8
225 8 4 6 10
226 8 5 4 14
227 7 9 5 11
228 4 7 3 11
229 9 5 3 10
230 7 6 0 7
231 9 6 3 9
232 9 6 6 9
233 9 6 3 8
234 3 4 3 13
235 5 5 4 10
236 4 8 0 11
237 5 4 4 7
238 5 5 4 8
239 9 1 5 13
240 4 4 3 7
241 4 2 2 6
242 6 1 4 9
243 4 1 1 10
244 5 3 4 7
245 5 1 2 6
246 7 3 5 6
247 4 5 4 5
248 2 3 3 7
249 2 3 6 4
250 5 0 2 4
251 1 2 1 8
252 4 2 3 3
253 2 2 0 9
254 4 1 2 4
255 3 3 4 6
256 1 1 1 7
257 0 3 0 4
258 2 2 0 0
259 0 4 0 5
260 4 0 1 3
261 1 0 1 3
262 1 1 1 5
263 0 2 0 3
264 2 2 1 1
265 1 2 1 1
266 0 2 1 2
267 3 0 1 2
268 1 0 0 3
269 2 0 2 4
270 4 0 0 3
271 1 1 0 2
272 2 2 0 0
273 2 2 0 2
274 1 0 2 0
275 2 1 0 1
276 0 1 1 2
277 1 1 0 0
278 4 1 0 1
279 0 3 1 1
280 1 1 0 3
281 0 0 1 1
282 0 1 2 2
283 1 1 1 3
284 1 1 0 3
285 2 1 0 1
286 1 0 0 1
287 1 0 1 1
288 0 0 0 3
289 0 1 2 2
290 0 1 0 0
291 0 1 0 0
292 1 0 0 1
293 0 0 0 1
294 0 0 1 1
295 1 0 0 0
296 1 0 1 2
297 1 0 1 1
298 0 0 0 1
299 0 0 0 0
300 0 0 0 2
301 2 0 0 1
302 2 1 0 0
303 0 0 0 0
304 1 1 0 0
305 1 1 0 0
306 1 0 0 0
307 2 1 1 1
308 1 0 0 0
309 0 0 1 0
310 0 1 1 0
311 0 0 0 1
312 0 1 0 2
313 0 0 0 1
314 0 0 1 2
315 0 1 0 0
316 0 1 0 1
317 0 1 0 1
318 0 0 0 1
319 0 0 0 0
320 0 0 0 1
321 0 0 0 1
322 0 0 0 1
323 0 0 0 0
324 0 0 0 0
325 0 0 0 0
326 0 0 0 0
327 0 0 0 0
328 0 0 0 0
329 0 0 0 0
330 0 0 0 0
331 0 0 0 0
332 1 0 0 0
333 1 0 0 0
334 0 0 0 0
335 0 0 0 0
336 0 0 0 0
337 0 1 0 0
338 0 1 0 0
339 0 0 0 0
340 0 0 0 0
341 0 0 0 1
342 0 0 0 1
343 0 0 0 0
344 0 0 0 0
345 0 0 0 0
346 0 0 0 0
347 0 0 0 0
348 0 0 0 0
349 0 0 0 0
350 0 0 0 0
351 0 0 0 0
352 0 0 0 0
353 0 0 0 0
354 1 0 0 0
355 1 0 0 0
356 0 0 0 0
357 0 0 0 0
358 0 0 0 0
359 0 0 1 0
360 0 0 0 0
361 0 0 0 0
362 0 0 0 0
363 0 0 0 0
364 0 1 0 0
365 0 0 0 0
366 0 0 0 1
367 0 0 0 0
368 0 0 0 0
369 0 0 0 0
370 1 0 0 0
371 1 0 0 1
372 0 0 0 0
373 0 0 0 0
374 0 0 0 0
375 0 0 1 0
376 0 0 1 0
377 1 0 0 0
378 1 0 0 0
379 0 0 0 0
380 0 0 0 1
381 1 0 0 0
382 1 0 1 1
383 0 0 1 0
384 0 0 0 0
385 0 0 0 0
386 2 0 1 0
387 1 0 0 1
388 0 0 0 0
389 2 0 0 1
390 1 0 0 1
391 1 1 2 0
392 1 0 0 0
393 0 0 0 0
394 0 0 0 0
395 0 1 0 1
396 0 0 1 0
397 1 0 0 0
398 0 1 1 2
399 1 0 0 0
400 1 0 1 1
401 0 1 0 0
402 0 0 0 3
403 0 0 0 0
404 0 0 0 1
405 1 1 0 0
406 0 1 0 0
407 0 0 0 0
408 1 1 0 1
409 0 0 0 1
410 1 0 0 1
411 0 0 0 0
412 0 0 0 1
413 1 1 0 0
414 1 0 1 0
415 0 1 0 0
416 1 0 0 0
417 1 0 0 1
418 0 0 1 1
419 0 0 1 0
420 0 0 0 0
421 2 0 0 0
422 1 0 1 1
423 1 0 0 0
424 1 0 0 0
425 2 0 1 1
426 2 0 2 2
427 1 0 0 0
428 0 1 0 0
429 0 1 0 0
430 0 1 0 1
431 0 0 2 0
432 0 1 0 1
433 0 0 0 2
434 2 1 0 0
435 0 0 0 2
436 1 1 0 0
437 0 0 0 2
438 2 0 0 1
439 0 0 2 0
440 1 0 0 1
441 0 1 0 1
442 2 0 0 0
443 2 0 0 2
444 1 0 0 0
445 1 0 1 0
446 2 0 0 0
447 0 3 1 0
448 0 0 0 1
449 2 0 0 0
450 3 0 0 0
451 1 0 1 1
452 2 0 3 1
453 2 0 1 0
454 0 1 1 3
455 2 2 0 1
456 1 1 0 1
457 0 1 0 2
458 1 1 1 1
459 0 0 0 2
460 2 0 1 0
461 0 1 1 1
462 1 0 1 3
463 1 0 1 1
464 1 0 1 2
465 0 0 1 2
466 4 0 0 1
467 4 0 1 1
468 3 0 0 1
469 2 2 1 0
470 1 0 0 0
471 1 0 3 0
472 2 0 2 1
473 2 1 1 1
474 4 2 0 1
475 2 0 1 2
476 3 4 0 3
477 3 1 1 0
478 1 2 0 3
479 3 3 1 1
480 0 0 0 4
481 3 1 0 1
482 1 2 1 1
483 1 0 2 4
484 2 3 1 2
485 1 0 1 2
486 1 1 3 3
487 1 0 0 1
488 1 0 1 0
489 4 0 0 2
490 3 1 1 2
491 3 1 0 4
492 4 1 1 2
493 2 1 2 3
494 4 2 0 0
495 2 1 1 1
496 3 1 1 0
497 3 3 0 3
498 4 2 2 2
499 1 3 0 2
500 4 2 1 2
501 1 1 1 1
502 3 0 2 4
503 3 1 2 5
504 1 1 2 3
505 6 2 1 3
506 1 1 1 1
507 6 2 4 3
508 6 0 1 1
509 3 3 0 3
510 6 3 0 4
511 4 0 1 5
512 0 5 1 1
513 1 2 2 3
514 1 4 1 6
515 3 1 3 1
516 2 3 0 6
517 1 0 2 2
518 5 1 0 5
519 2 3 0 3
520 1 2 2 2
521 6 0 2 2
522 2 1 2 1
523 3 0 1 4
524 4 1 1 3
525 3 1 0 2
526 4 4 1 3
527 7 2 4 3
528 7 0 1 1
529 4 1 1 3
530 2 3 1 2
531 4 2 1 2
532 4 5 2 1
533 3 5 1 6
534 6 2 1 8
535 4 1 1 2
536 2 3 0 8
537 3 3 0 5
538 4 2 1 2
539 6 2 3 2
540 3 2 1 3
541 7 3 3 3
542 5 3 1 3
543 6 2 1 3
544 4 6 1 4
545 9 2 2 4
546 4 3 1 5
547 4 2 2 3
548 7 4 2 9
549 2 2 1 4
550 5 4 4 3
551 8 3 4 4
552 10 1 4 4
553 5 3 1 2
554 5 4 3 6
555 6 2 0 7
556 6 3 1 4
557 8 4 3 4
558 4 2 1 7
559 8 3 3 5
560 3 4 3 4
561 8 6 5 10
562 10 3 3 2
563 11 4 1 8
564 7 6 2 5
565 3 1 0 5
566 1 7 2 7
567 7 4 5 6
568 9 6 5 11
569 6 5 1 2
570 6 1 3 4
571 5 3 3 7
572 7 5 3 7
573 2 8 1 10
574 6 2 4 9
575 3 1 1 8
576 8 3 1 6
577 2 5 2 4
578 1 1 1 6
579 4 6 3 6
580 2 2 2 6
581 4 5 5 7
582 2 4 0 3
583 4 2 0 7
584 1 2 2 4
585 2 2 2 7
586 1 2 2 5
587 0 1 1 4
588 2 1 1 5
589 1 0 2 4
590 2 0 0 4
591 2 0 0 3
592 2 3 0 5
593 1 1 0 3
594 2 2 0 2
595 3 1 1 0
596 0 2 0 1
597 4 1 2 0
598 2 1 0 1
599 1 1 2 3
600 1 1 1 4
601 3 0 0 2
602 2 2 1 2
603 1 0 1 2
604 1 1 0 3
605 0 1 0 0
606 1 1 3 3
607 0 0 0 0
608 1 0 1 0
609 0 0 1 2
610 0 0 1 3
611 1 3 0 0
612 0 0 1 2
613 1 2 0 3
614 0 0 0 1
615 0 0 0 1
616 0 1 0 0
617 0 0 0 1
618 0 0 1 2
619 0 0 0 1
620 0 0 0 1
621 0 0 0 0
622 0 0 0 1
623 1 0 0 1
624 0 0 0 0
625 0 0 0 0
626 0 0 0 0
627 0 0 0 0
628 1 1 0 0
629 0 0 0 0
630 0 0 0 0
631 1 0 0 0
632 0 0 0 1
633 0 1 0 0
634 0 0 0 0
635 0 0 0 0
636 0 1 0 0
637 0 0 0 1
638 0 0 0 0
639 0 0 0 0
640 0 0 0 0
641 0 0 0 0
642 0 0 0 0
643 0 0 0 1
644 0 0 0 0
645 0 0 0 0
646 0 0 0 0
647 0 0 0 0
648 1 0 0 0
649 1 0 0 0
650 0 0 0 0
651 1 0 0 0
652 0 0 0 0
653 1 1 0 0
654 0 0 0 0
655 0 0 0 0
656 0 0 1 0
657 1 0 0 1
658 0 0 1 0
659 0 0 0 0
660 1 0 0 1
661 0 0 0 0
662 0 0 1 0
663 0 0 0 0
664 0 0 0 0
665 0 0 1 1
666 0 1 0 1
667 0 0 0 0
668 1 0 0 0
669 1 0 0 1
670 0 0 0 1
671 1 0 0 0
672 1 0 0 0
673 0 0 1 0
674 0 0 0 0
675 2 0 0 0
676 2 0 1 0
677 0 0 1 1
678 0 0 0 0
679 0 0 0 0
680 1 2 0 0
681 1 1 1 1
682 0 0 0 0
683 2 0 0 1
684 1 0 0 1
685 0 0 2 1
686 0 0 0 0
687 0 0 0 1
688 0 1 0 1
689 0 0 0 2
690 0 1 0 0
691 0 0 0 0
692 0 0 1 0
693 0 1 0 0
694 0 0 0 1
695 1 0 0 1
696 0 0 0 0
697 0 0 0 1
698 0 0 0 0
699 0 0 0 1
700 0 1 0 0
701 0 0 0 0
702 0 0 0 0
703 0 0 0 0
704 0 0 0 1
705 0 0 0 0
706 0 0 0 0
707 0 0 0 0
708 0 0 0 0
709 0 0 0 0
710 0 0 0 0
711 0 0 0 0
712 0 0 0 0
713 0 0 0 0
714 0 0 0 0
715 0 0 0 0
716 0 0 0 0
717 0 0 0 0
718 0 0 0 0
719 0 0 0 0
720 0 0 0 0
721 0 0 0 0
722 0 0 0 0
723 0 0 0 0
724 0 0 0 0
725 0 0 0 0
726 0 0 0 0
727 0 0 0 0
