0 0 0 0 0
1 0 0 0 0
2 0 0 0 0
3 0 0 0 0
4 0 0 0 0
5 0 1 0 0
6 0 0 0 0
7 0 0 1 0
8 0 0 0 0
9 0 1 2 0
10 0 0 0 0
11 0 0 0 0
12 0 0 0 1
13 0 0 0 0
14 0 0 0 1
15 0 0 0 0
16 0 0 0 3
17 1 0 0 0
18 0 0 0 0
19 0 0 0 0
20 0 0 0 0
21 0 0 0 0
22 0 0 0 0
23 0 0 0 0
24 1 0 0 0
25 1 0 0 0
26 0 1 0 0
27 1 0 0 0
28 0 0 0 0
29 1 0 0 0
30 0 1 0 0
31 0 0 0 0
32 0 0 0 0
33 0 1 0 1
34 0 0 0 0
35 0 0 0 1
36 0 0 1 0
37 0 0 0 1
38 0 1 0 0
39 0 0 0 0
40 0 0 0 0
41 1 0 0 0
42 0 0 0 1
43 0 0 0 1
44 1 0 0 0
45 1 0 0 0
46 1 0 0 0
47 0 0 0 0
48 0 0 0 0
49 0 0 0 0
50 1 1 1 0
51 0 1 0 0
52 0 0 0 0
53 0 0 1 0
54 0 0 0 1
55 0 1 0 1
56 0 0 0 0
57 0 0 0 1
58 1 0 0 0
59 0 0 0 0
60 0 0 0 1
61 0 0 0 0
62 1 0 0 1
63 0 1 0 0
64 1 0 0 0
65 0 0 0 0
66 1 0 0 0
67 0 0 0 1
68 0 0 0 0
69 0 0 0 0
70 2 0 0 0
71 3 1 1 0
72 3 0 0 0
73 2 1 0 0
74 0 0 0 0
75 1 0 0 2
76 1 2 0 0
77 0 0 0 1
78 0 1 1 0
79 0 1 1 0
80 0 1 0 0
81 1 1 3 0
82 0 0 0 0
83 1 0 0 4
84 0 0 1 0
85 1 0 0 4
86 1 0 1 1
87 0 0 0 1
88 0 0 0 2
89 1 0 0 0
90 1 0 0 1
91 2 1 0 0
92 1 0 1 0
93 0 0 0 0
94 3 1 0 0
95 2 1 0 0
96 2 1 0 0
97 2 0 0 0
98 3 1 0 1
99 3 0 2 2
100 1 2 0 2
101 3 2 0 0
102 2 1 0 1
103 1 2 1 2
104 1 3 0 0
105 2 0 1 1
106 0 1 0 1
107 1 0 2 4
108 1 0 2 4
109 2 1 0 0
110 1 1 2 0
111 1 0 1 3
112 1 0 0 1
113 4 1 1 1
114 1 0 3 3
115 1 0 0 3
116 1 0 1 1
117 0 0 0 1
118 0 3 1 0
119 3 2 0 0
120 2 1 0 1
121 1 1 1 3
122 0 0 1 0
123 2 0 0 3
124 2 2 1 1
125 4 0 0 6
126 1 0 1 0
127 3 0 0 0
128 0 1 1 3
129 2 1 1 1
130 2 1 0 0
131 3 0 0 0
132 1 3 1 0
133 3 1 1 2
134 2 3 0 1
135 0 1 1 2
136 0 2 0 2
137 3 0 0 1
138 3 1 2 3
139 3 1 1 3
140 1 1 1 2
141 3 1 0 0
142 3 0 1 4
143 4 0 3 1
144 3 1 1 2
145 5 1 0 2
146 8 1 3 2
147 7 2 2 2
148 3 1 2 0
149 4 1 0 2
150 3 3 3 2
151 4 0 1 5
152 2 2 4 1
153 1 4 0 3
154 5 1 3 5
155 2 6 2 3
156 2 5 1 3
157 3 1 0 4
158 4 1 0 0
159 4 3 0 11
160 5 1 1 4
161 4 2 1 4
162 4 2 1 2
163 3 6 2 7
164 3 2 2 1
165 2 0 2 1
166 5 0 2 2
167 3 2 1 3
168 4 0 2 5
169 3 4 0 3
170 4 3 1 6
171 6 4 2 6
172 5 2 2 0
173 7 2 4 3
174 5 0 0 2
175 6 3 0 8
176 4 4 1 6
177 8 1 3 5
178 8 3 2 0
179 7 3 3 3
180 9 2 2 7
181 4 2 3 4
182 8 2 5 6
183 8 5 2 4
184 1 2 2 1
185 7 4 2 3
186 6 4 2 6
187 8 4 4 7
188 3 5 7 4
189 7 4 2 5
190 3 4 4 5
191 10 4 3 7
192 6 2 3 12
193 6 2 0 5
194 14 3 1 6
195 9 3 2 9
196 13 6 7 6
197 11 2 3 7
198 10 2 6 6
199 13 6 1 6
200 9 2 4 7
201 6 5 4 5
202 8 5 3 3
203 7 5 6 5
204 10 6 8 5
205 4 6 3 12
206 7 2 5 14
207 8 3 7 7
208 7 6 1 12
209 9 6 3 9
210 8 4 3 9
211 5 6 2 12
212 5 5 7 9
213 8 5 3 3
214 6 4 3 11
215 5 5 2 4
216 8 2 3 13
217 8 2 3 4
218 5 8 4 9
219 7 3 5 12
220 5 3 2 8
221 7 3 3 6
222 3 1 4 9
223 7 4 3 7
224 7 3 2 4
225 5 5 5 8
226 6 3 2 6
227 6 1 2 10
228 3 5 1 6
229 1 3 2 5
230 3 7 2 5
231 2 1 3 4
232 2 4 3 9
233 5 3 1 2
234 4 1 2 7
235 2 3 0 5
236 3 0 5 10
237 5 0 2 7
238 4 1 2 2
239 2 1 1 2
240 1 2 1 3
241 3 0 3 4
242 5 5 1 3
243 2 4 2 4
244 5 1 1 3
245 3 0 2 4
246 1 3 0 6
247 0 1 1 4
248 2 0 1 3
249 4 2 1 1
250 1 2 1 3
251 2 3 2 0
252 0 0 1 2
253 1 4 0 4
254 2 2 1 5
255 3 0 0 5
256 2 0 0 1
257 3 1 0 1
258 3 3 0 2
259 0 3 0 1
260 0 1 2 3
261 2 0 1 3
262 1 2 0 1
263 1 3 0 1
264 1 1 1 2
265 1 0 1 3
266 1 2 0 3
267 1 0 0 1
268 3 0 0 1
269 1 1 0 1
270 0 0 1 4
271 1 1 1 1
272 1 1 1 1
273 1 2 1 1
274 1 2 0 0
275 1 0 0 2
276 1 0 0 2
277 2 1 0 1
278 1 0 0 3
279 0 0 1 1
280 1 2 0 2
281 2 0 1 1
282 1 2 0 0
283 1 0 0 1
284 0 0 0 1
285 1 0 0 1
286 1 1 1 1
287 1 1 0 0
288 0 1 0 1
289 2 1 0 1
290 0 0 1 0
291 0 1 1 1
292 0 2 0 0
293 0 0 0 3
294 0 0 0 1
295 0 0 0 2
296 0 0 0 0
297 0 0 0 0
298 1 1 1 2
299 0 0 0 1
300 1 0 0 0
301 0 0 0 0
302 0 0 0 1
303 0 1 0 0
304 0 0 0 0
305 1 0 0 1
306 1 0 0 0
307 0 0 0 1
308 0 0 0 0
309 0 0 1 0
310 0 1 0 0
311 0 0 1 0
312 0 0 0 0
313 0 0 0 1
314 1 0 0 1
315 0 0 0 0
316 1 0 0 0
317 0 0 0 0
318 0 0 0 1
319 0 0 0 0
320 0 0 0 0
321 0 0 1 0
322 0 0 0 0
323 0 1 0 0
324 0 0 0 0
325 0 0 0 1
326 0 0 0 0
327 0 0 0 1
328 0 0 0 0
329 0 0 0 0
330 0 0 0 0
331 0 0 0 0
332 0 0 0 0
333 0 0 0 0
334 0 0 0 0
335 0 0 0 0
336 0 0 0 0
337 0 0 0 0
338 0 0 0 0
339 0 0 0 0
340 0 0 0 0
341 0 0 0 0
342 0 0 0 0
343 0 0 0 0
344 0 0 0 0
345 0 0 0 0
346 0 0 0 0
347 0 0 0 0
348 0 0 0 0
349 0 0 0 0
350 0 0 0 0
351 0 0 0 0
352 0 0 0 0
353 0 0 0 0
354 0 0 0 0
355 0 0 0 0
356 0 0 0 0
357 0 0 0 0
358 0 0 0 0
359 0 0 0 0
360 0 0 0 0
361 0 0 0 0
362 0 0 0 0
363 0 0 0 0
364 0 0 0 0
365 0 0 0 0
366 0 0 0 0
367 0 0 0 0
368 0 0 0 0
369 0 0 0 0
370 0 0 0 0
371 0 0 0 0
372 0 0 0 0
373 0 0 0 0
374 0 0 0 0
375 0 0 0 0
376 0 0 0 0
377 0 0 0 0
378 0 0 0 0
379 0 0 0 0
380 0 0 0 0
381 0 0 0 0
382 0 0 0 0
383 0 0 0 0
384 0 0 0 0
385 0 0 0 0
386 0 0 0 0
387 0 0 0 0
388 0 0 0 0
389 0 0 0 0
390 0 0 0 0
391 0 0 0 0
392 0 0 0 0
393 0 0 0 0
394 0 0 0 0
395 0 0 0 0
396 0 0 0 0
397 0 0 0 0
398 0 0 0 0
399 0 0 0 0
400 0 0 0 0
401 0 0 0 0
402 0 0 0 0
403 0 0 0 0
404 0 0 0 0
405 0 0 0 0
406 0 0 0 0
407 0 0 0 0
408 0 0 0 0
409 0 0 0 0
410 0 0 0 0
411 0 0 0 0
412 0 0 0 0
413 0 0 0 0
414 0 0 0 0
415 0 0 0 0
416 0 0 0 0
417 0 0 0 0
418 0 0 0 0
419 0 0 0 0
420 0 0 0 0
421 0 0 0 0
422 0 0 0 0
423 0 0 0 0
424 0 0 0 0
425 0 0 0 0
426 0 0 0 0
427 0 0 0 0
428 0 0 0 0
429 0 0 0 0
430 0 0 0 0
431 0 0 0 0
432 0 0 0 0
433 0 0 0 0
434 0 0 0 0
435 0 0 0 0
436 0 0 0 0
437 0 0 0 0
438 0 0 0 0
439 0 0 0 0
440 0 0 0 0
441 0 0 0 0
442 0 0 0 0
443 0 0 0 0
444 0 0 0 0
445 0 0 0 0
446 0 0 0 0
447 0 0 0 0
448 0 0 0 0
449 0 0 0 0
450 0 0 0 0
451 0 0 0 0
452 0 0 0 0
453 0 0 0 0
454 0 0 0 0
455 0 0 0 0
456 0 0 0 0
457 0 0 0 0
458 0 0 0 0
459 0 0 0 0
460 0 0 0 0
461 0 0 0 0
462 0 0 0 0
463 0 0 0 0
464 0 0 0 0
465 0 0 0 0
466 0 0 0 0
467 0 0 0 0
468 0 0 0 0
469 0 0 0 0
470 0 0 0 0
471 0 0 0 0
472 0 0 0 0
473 0 0 0 0
474 0 0 0 0
475 0 0 0 0
476 0 0 0 0
477 0 0 0 0
478 0 0 0 0
479 0 0 0 0
480 0 0 0 0
481 0 0 0 0
482 0 0 0 0
483 0 0 0 0
484 0 0 0 0
485 0 0 0 0
486 0 0 0 0
487 0 0 0 0
488 0 0 0 0
489 0 0 0 0
490 0 0 0 0
491 0 0 0 0
492 0 0 0 0
493 0 0 0 0
494 0 0 0 0
495 0 0 0 0
496 0 0 0 0
497 0 0 0 0
498 0 0 0 0
499 0 0 0 0
500 0 0 0 0
501 0 0 0 0
502 0 0 0 0
503 0 0 0 0
504 0 0 0 0
505 0 0 0 0
506 0 0 0 0
507 0 0 0 0
508 0 0 0 0
509 0 0 0 0
510 0 0 0 0
511 0 0 0 0
512 0 0 0 0
513 0 0 0 0
514 0 0 0 0
515 0 0 0 0
516 0 0 0 0
517 0 0 0 0
518 0 0 0 0
519 0 0 0 0
520 0 0 0 0
521 0 0 0 0
522 0 0 0 0
523 0 0 0 0
524 0 0 0 0
525 0 0 0 0
526 0 0 0 0
527 0 0 0 0
528 0 0 0 0
529 0 0 0 0
530 0 0 0 0
531 0 0 0 0
532 0 0 0 0
533 0 0 0 0
534 0 0 0 0
535 0 0 0 0
536 0 0 0 0
537 0 0 0 0
538 0 0 0 0
539 0 0 0 0
540 0 0 0 0
541 0 0 0 0
542 0 0 0 0
543 0 0 0 0
544 0 0 0 0
545 0 0 0 0
546 0 0 0 0
547 0 0 0 0
548 0 0 0 0
549 0 0 0 0
550 0 0 0 0
551 0 0 0 0
552 0 0 0 0
553 0 0 0 0
554 0 0 0 0
555 0 0 0 0
556 0 0 0 0
557 0 0 0 0
558 0 0 0 0
559 0 0 0 0
560 0 0 0 0
561 0 0 0 0
562 0 0 0 0
563 0 0 0 0
564 0 0 0 0
565 0 0 0 0
566 0 0 0 0
567 0 0 0 0
568 0 0 0 0
569 0 0 0 0
570 0 0 0 0
571 0 0 0 0
572 0 0 0 0
573 0 0 0 0
574 0 0 0 0
575 0 0 0 0
576 0 0 0 0
577 0 0 0 0
578 0 0 0 0
579 0 0 0 0
580 0 0 0 0
581 0 0 0 0
582 0 0 0 0
583 0 0 0 0
584 0 0 0 0
585 0 0 0 0
586 0 0 0 0
587 0 0 0 0
588 0 0 0 0
589 0 0 0 0
590 0 0 0 0
591 0 0 0 0
592 0 0 0 0
593 0 0 0 0
594 0 0 0 0
595 0 0 0 0
596 0 0 0 0
597 0 0 0 0
598 0 0 0 0
599 0 0 0 0
600 0 0 0 0
601 0 0 0 0
602 0 0 0 0
603 0 0 0 0
604 0 0 0 0
605 0 0 0 0
606 0 0 0 0
607 0 0 0 0
608 0 0 0 0
609 0 0 0 0
610 0 0 0 0
611 0 0 0 0
612 0 0 0 0
613 0 0 0 0
614 0 0 0 0
615 0 0 0 0
616 0 0 0 0
617 0 0 0 0
618 0 0 0 0
619 0 0 0 0
620 0 0 0 0
621 0 0 0 0
622 0 0 0 0
623 0 0 0 0
624 0 0 0 0
625 0 0 0 0
626 0 0 0 0
627 0 0 0 0
628 0 0 0 0
629 0 0 0 0
630 0 0 0 0
631 0 0 0 0
632 0 0 0 0
633 0 0 0 0
634 0 0 0 0
635 0 0 0 0
636 0 0 0 0
637 0 0 0 0
638 0 0 0 0
639 0 0 0 0
640 0 0 0 0
641 0 0 0 0
642 0 0 0 0
643 0 0 0 0
644 0 0 0 0
645 0 0 0 0
646 0 0 0 0
647 0 0 0 0
648 0 0 0 0
649 0 0 0 0
650 0 0 0 0
651 0 0 0 0
652 0 0 0 0
653 0 0 0 0
654 0 0 0 0
655 0 0 0 0
656 0 0 0 0
657 0 0 0 0
658 0 0 0 0
659 0 0 0 0
660 0 0 0 0
661 0 0 0 0
662 0 0 0 0
663 0 0 0 0
664 0 0 0 0
665 0 0 0 0
666 0 0 0 0
667 0 0 0 0
668 0 0 0 0
669 0 0 0 0
670 0 0 0 0
671 0 0 0 0
672 0 0 0 0
673 0 0 0 0
674 0 0 0 0
675 0 0 0 0
676 0 0 0 0
677 0 0 0 0
678 0 0 0 0
679 0 0 0 0
680 0 0 0 0
681 0 0 0 0
682 0 0 0 0
683 0 0 0 0
684 0 0 0 0
685 0 0 0 0
686 0 0 0 0
687 0 0 0 0
688 0 0 0 0
689 0 0 0 0
690 0 0 0 0
691 0 0 0 0
692 0 0 0 0
693 0 0 0 0
694 0 0 0 0
695 0 0 0 0
696 0 0 0 0
697 0 0 0 0
698 0 0 0 0
699 0 0 0 0
700 0 0 0 0
701 0 0 0 0
702 0 0 0 0
703 0 0 0 0
704 0 0 0 0
705 0 0 0 0
706 0 0 0 0
707 0 0 0 0
708 0 0 0 0
709 0 0 0 0
710 0 0 0 0
711 0 0 0 0
712 0 0 0 0
713 0 0 0 0
714 0 0 0 0
715 0 0 0 0
716 0 0 0 0
717 0 0 0 0
718 0 0 0 0
719 0 0 0 0
720 0 0 0 0
721 0 0 0 0
722 0 0 0 0
723 0 0 0 0
724 0 0 0 0
725 0 0 0 0
726 0 0 0 0
727 0 0 0 0
