0 0 0 0 0
1 0 0 0 0
2 0 0 0 0
3 0 0 0 0
4 0 0 0 0
5 0 2 1 0
6 0 0 0 0
7 0 0 0 0
8 1 0 0 0
9 0 2 0 3
10 0 0 0 0
11 0 0 0 0
12 0 0 0 0
13 0 0 0 2
14 0 0 0 0
15 0 0 0 0
16 0 0 0 0
17 1 0 1 0
18 0 0 0 0
19 1 0 0 0
20 0 0 0 0
21 0 0 0 1
22 0 1 0 0
23 0 0 0 0
24 1 0 0 0
25 0 0 0 0
26 0 0 0 1
27 1 0 0 0
28 0 1 0 0
29 1 1 0 0
30 0 0 0 0
31 0 0 0 0
32 2 0 1 0
33 1 0 0 1
34 0 1 0 0
35 0 0 0 1
36 0 0 0 1
37 0 0 2 0
38 0 0 1 0
39 1 0 0 0
40 0 0 0 0
41 0 0 0 3
42 1 0 0 0
43 1 0 0 0
44 3 1 0 0
45 3 0 0 1
46 0 0 0 0
47 1 0 1 0
48 2 0 0 0
49 0 1 1 0
50 1 1 0 0
51 2 0 0 1
52 1 0 1 0
53 0 2 1 2
54 0 1 2 1
55 0 0 0 0
56 1 1 0 1
57 1 0 0 3
58 1 1 0 3
59 0 1 0 0
60 1 1 0 1
61 0 0 1 0
62 0 0 1 0
63 1 1 0 2
64 0 0 0 0
65 2 0 0 1
66 0 0 0 1
67 1 0 0 2
68 0 0 1 1
69 0 1 0 0
70 0 1 0 0
71 0 0 0 0
72 2 0 0 1
73 2 0 0 1
74 1 1 0 1
75 0 0 0 0
76 1 1 0 0
77 0 1 0 0
78 2 1 1 0
79 1 0 1 0
80 0 0 0 0
81 0 2 0 2
82 0 0 0 2
83 0 1 0 1
84 0 0 0 0
85 0 0 0 0
86 0 0 0 1
87 2 1 0 1
88 1 1 0 2
89 1 0 0 0
90 1 0 0 0
91 0 0 0 1
92 0 0 1 1
93 0 1 0 0
94 1 1 0 0
95 2 0 0 0
96 0 1 0 0
97 0 0 0 1
98 1 0 0 0
99 0 2 0 1
100 2 0 1 0
101 3 1 0 2
102 1 0 0 0
103 0 0 0 1
104 3 0 0 0
105 0 1 0 1
106 1 1 0 1
107 1 1 0 1
108 2 0 0 0
109 0 2 0 0
110 0 1 1 1
111 1 0 2 0
112 3 0 1 1
113 1 2 1 1
114 1 0 0 2
115 2 0 0 2
116 2 1 0 2
117 1 2 2 3
118 0 0 0 0
119 0 0 0 0
120 0 0 0 1
121 0 1 0 2
122 2 1 0 0
123 0 1 0 1
124 3 1 1 2
125 1 0 1 1
126 0 0 1 0
127 3 1 0 0
128 0 0 0 1
129 2 2 0 2
130 1 0 1 1
131 0 1 0 2
132 0 1 1 0
133 4 0 1 1
134 1 0 1 0
135 0 0 2 1
136 3 0 0 2
137 6 0 0 2
138 2 2 0 0
139 2 1 0 3
140 4 0 0 1
141 2 0 1 0
142 2 6 1 3
143 2 0 1 0
144 2 1 0 0
145 3 3 2 0
146 2 1 2 7
147 5 2 0 0
148 2 1 1 1
149 2 1 0 5
150 3 1 1 2
151 3 0 2 1
152 2 2 1 3
153 3 1 2 2
154 3 2 1 2
155 3 0 2 1
156 2 3 3 4
157 8 1 1 3
158 4 2 0 4
159 3 3 1 1
160 3 3 0 4
161 2 2 1 2
162 2 5 4 4
163 2 3 2 3
164 7 1 0 3
165 5 0 1 3
166 5 1 2 9
167 5 2 0 3
168 6 2 1 2
169 6 2 6 3
170 0 0 3 5
171 3 3 0 1
172 2 4 1 2
173 6 4 0 6
174 6 2 5 3
175 6 0 2 5
176 4 2 1 5
177 3 3 1 5
178 5 5 0 5
179 3 1 1 2
180 6 4 3 3
181 5 3 1 3
182 7 3 1 4
183 7 4 3 2
184 4 0 1 8
185 6 1 0 2
186 8 2 2 5
187 8 2 1 6
188 12 7 1 3
189 12 3 4 3
190 9 6 0 3
191 10 3 5 2
192 11 3 3 5
193 9 2 3 7
194 4 2 6 5
195 10 4 4 9
196 8 6 1 5
197 8 6 8 5
198 8 7 3 6
199 8 7 3 6
200 8 8 4 8
201 3 7 4 16
202 5 5 3 8
203 7 2 1 9
204 7 6 0 10
205 7 7 3 14
206 7 5 0 7
207 5 5 1 9
208 4 7 2 8
209 7 6 4 9
210 7 4 4 1
211 9 2 4 7
212 5 4 2 9
213 7 3 1 9
214 5 3 4 6
215 5 4 2 4
216 7 5 2 9
217 6 3 1 8
218 7 5 4 5
219 4 3 4 7
220 8 6 2 3
221 3 2 4 7
222 7 2 2 7
223 9 2 3 9
224 5 4 1 7
225 5 5 3 10
226 4 3 1 4
227 2 5 2 4
228 2 3 1 3
229 7 4 3 6
230 2 1 2 6
231 2 4 3 9
232 3 4 3 6
233 1 0 2 7
234 3 4 3 5
235 0 2 0 4
236 3 2 0 4
237 5 4 0 6
238 3 1 1 9
239 3 2 2 3
240 2 0 1 0
241 2 3 0 5
242 3 3 2 2
243 3 3 1 3
244 4 0 1 2
245 1 2 0 0
246 3 0 0 6
247 3 3 1 1
248 5 5 0 4
249 2 3 1 3
250 2 1 1 3
251 1 0 1 3
252 1 1 1 3
253 0 1 1 3
254 1 3 0 2
255 1 1 2 3
256 1 1 1 2
257 2 3 2 2
258 0 0 0 2
259 4 2 0 3
260 2 0 0 3
261 1 1 0 6
262 3 0 0 1
263 1 0 0 2
264 2 2 1 1
265 3 1 0 0
266 0 3 0 0
267 1 2 0 0
268 2 2 1 2
269 0 1 1 0
270 2 1 0 2
271 2 1 0 3
272 1 0 0 3
273 1 1 0 1
274 0 1 1 2
275 0 1 0 2
276 0 1 2 1
277 1 2 1 1
278 0 0 0 0
279 1 1 0 0
280 1 0 0 4
281 0 0 0 3
282 1 0 1 1
283 0 0 0 1
284 0 0 1 1
285 0 1 0 0
286 0 1 0 1
287 1 0 0 0
288 0 0 0 0
289 0 0 0 2
290 1 0 0 2
291 1 0 1 0
292 2 0 1 0
293 0 0 0 0
294 0 0 0 0
295 1 0 0 1
296 2 0 0 1
297 1 2 0 0
298 2 0 0 0
299 0 0 1 0
300 0 0 2 0
301 2 1 0 1
302 0 0 1 0
303 0 0 1 1
304 1 0 0 2
305 0 1 0 1
306 0 0 1 0
307 0 1 0 1
308 0 0 0 1
309 1 0 1 1
310 0 0 1 2
311 0 0 0 0
312 0 0 0 0
313 0 0 0 0
314 1 1 0 2
315 1 0 0 0
316 0 0 0 1
317 1 0 0 0
318 0 0 0 0
319 0 0 0 1
320 0 0 0 0
321 0 0 0 0
322 0 0 1 0
323 0 0 1 0
324 0 1 0 0
325 0 0 0 0
326 0 0 0 0
327 1 0 0 0
328 0 0 0 1
329 0 0 0 1
330 0 0 0 1
331 0 0 0 0
332 1 0 0 0
333 1 0 0 0
334 0 0 0 0
335 0 0 0 0
336 1 0 1 0
337 1 1 0 0
338 0 1 0 0
339 0 0 0 0
340 2 0 0 0
341 0 0 0 0
342 1 1 0 1
343 2 0 0 1
344 1 0 0 1
345 0 2 0 0
346 0 0 0 0
347 0 0 1 0
348 0 2 0 0
349 0 1 0 1
350 0 0 0 0
351 2 0 0 0
352 0 0 0 4
353 0 1 0 0
354 1 0 0 1
355 0 0 0 0
356 2 0 1 1
357 2 0 0 0
358 1 0 0 0
359 1 1 0 0
360 3 0 1 2
361 0 1 1 0
362 2 0 1 0
363 0 0 0 1
364 1 0 1 1
365 2 0 0 1
366 1 1 1 1
367 0 0 1 0
368 0 0 0 1
369 0 2 1 0
370 0 1 0 1
371 0 1 1 1
372 1 0 0 0
373 0 1 0 4
374 1 1 0 2
375 0 0 0 1
376 0 0 0 0
377 0 1 0 0
378 1 0 0 1
379 1 1 0 1
380 1 0 0 1
381 1 0 0 0
382 1 0 0 0
383 0 0 0 0
384 0 0 0 1
385 1 0 0 0
386 3 1 0 1
387 0 1 1 0
388 1 1 0 0
389 0 1 0 0
390 2 1 0 1
391 1 0 2 2
392 0 0 0 1
393 0 0 0 1
394 0 0 0 1
395 0 2 0 2
396 3 0 1 0
397 3 0 1 0
398 0 0 0 0
399 1 0 1 1
400 0 0 0 0
401 1 1 0 0
402 0 0 0 1
403 1 1 0 2
404 0 1 0 1
405 1 1 0 1
406 1 3 1 0
407 0 0 0 0
408 0 0 0 0
409 1 0 0 1
410 1 0 0 3
411 2 1 0 1
412 1 0 1 0
413 1 0 0 2
414 0 0 1 0
415 1 1 0 1
416 2 0 0 0
417 1 0 0 0
418 4 2 0 0
419 4 0 0 1
420 4 2 0 0
421 2 1 1 1
422 2 1 0 3
423 3 1 1 0
424 2 4 0 1
425 2 1 2 1
426 3 2 1 1
427 2 2 0 3
428 2 4 0 5
429 3 1 1 0
430 1 1 0 2
431 2 1 1 1
432 0 0 1 7
433 3 2 0 1
434 4 2 1 2
435 1 1 1 1
436 3 2 1 1
437 2 1 1 2
438 5 1 1 2
439 7 0 2 1
440 7 0 1 3
441 1 0 1 4
442 4 1 3 2
443 3 0 2 3
444 3 0 0 1
445 3 4 1 1
446 2 0 1 3
447 8 8 1 2
448 5 7 2 1
449 3 4 1 4
450 5 1 1 0
451 4 0 2 5
452 1 2 2 7
453 4 2 2 5
454 6 3 0 6
455 2 4 1 6
456 2 5 2 2
457 4 1 2 1
458 2 1 1 3
459 4 3 2 5
460 2 2 0 7
461 2 0 1 4
462 2 5 1 3
463 3 2 1 6
464 3 3 3 1
465 2 1 3 3
466 3 1 1 4
467 6 1 1 4
468 5 2 2 1
469 2 1 0 5
470 7 1 2 3
471 8 0 1 6
472 5 2 1 4
473 7 2 3 0
474 4 2 0 3
475 3 3 2 3
476 2 5 1 1
477 10 4 0 4
478 5 2 0 2
479 4 4 3 2
480 7 4 2 5
481 4 4 2 4
482 3 6 5 6
483 3 3 0 7
484 0 3 1 6
485 2 3 2 5
486 2 3 3 8
487 6 4 1 4
488 6 4 0 3
489 4 1 2 6
490 3 1 1 4
491 4 0 0 5
492 4 1 2 7
493 3 0 5 6
494 9 1 2 3
495 6 1 0 1
496 12 5 2 3
497 7 2 2 4
498 6 3 1 1
499 7 5 2 2
500 6 2 2 3
501 8 2 7 4
502 5 9 1 2
503 4 2 2 7
504 5 7 3 5
505 3 7 2 7
506 7 3 2 9
507 7 2 3 2
508 5 5 0 15
509 4 4 0 10
510 4 5 1 5
511 7 6 1 4
512 8 3 1 6
513 4 3 2 5
514 8 1 1 3
515 6 2 3 9
516 4 3 5 6
517 9 5 0 6
518 7 3 1 2
519 12 4 4 7
520 4 3 2 5
521 5 7 1 4
522 7 5 2 3
523 10 7 0 9
524 8 7 3 6
525 10 3 1 7
526 8 5 3 5
527 9 5 2 5
528 11 8 5 10
529 10 2 6 7
530 11 2 2 9
531 4 5 2 9
532 5 5 3 10
533 12 4 2 4
534 7 6 8 6
535 12 6 3 6
536 12 6 1 10
537 8 3 4 4
538 13 5 6 13
539 8 4 5 9
540 5 5 4 6
541 10 10 4 10
542 8 4 4 11
543 10 5 7 6
544 10 4 6 7
545 9 1 3 10
546 15 8 4 12
547 16 3 4 12
548 12 5 5 12
549 8 3 4 6
550 9 3 3 12
551 12 7 4 9
552 9 8 4 4
553 11 9 3 8
554 10 8 3 5
555 13 7 4 10
556 13 8 7 12
557 12 4 4 4
558 17 6 2 11
559 17 8 5 12
560 11 6 3 20
561 13 10 3 10
562 14 7 5 10
563 13 7 8 10
564 12 13 6 11
565 11 7 6 10
566 23 6 6 13
567 15 9 4 12
568 11 9 3 18
569 14 6 4 11
570 6 9 4 11
571 5 13 12 16
572 9 12 6 14
573 7 9 6 14
574 12 6 8 13
575 6 3 4 24
576 10 3 4 14
577 10 4 2 13
578 10 4 4 14
579 7 6 3 13
580 8 2 3 9
581 8 4 5 10
582 7 4 4 8
583 15 7 3 11
584 11 6 3 6
585 3 3 7 8
586 11 6 3 7
587 5 5 4 8
588 12 6 3 10
589 7 10 5 8
590 5 2 2 7
591 9 5 7 8
592 5 3 8 9
593 4 1 9 13
594 7 3 3 7
595 9 2 5 14
596 5 2 3 13
597 3 4 4 8
598 2 2 1 8
599 2 4 5 10
600 3 6 3 4
601 4 3 0 6
602 4 3 2 5
603 0 1 1 8
604 2 5 1 11
605 4 3 1 3
606 0 3 1 6
607 6 2 1 3
608 3 1 0 4
609 4 2 1 6
610 3 1 2 6
611 3 3 0 5
612 1 3 3 0
613 3 1 0 3
614 0 5 1 1
615 4 2 0 2
616 3 0 3 6
617 1 1 1 3
618 0 0 1 6
619 3 1 0 3
620 3 1 0 3
621 2 0 1 3
622 1 1 1 1
623 0 0 0 1
624 0 2 3 2
625 1 3 1 0
626 1 1 1 2
627 0 0 1 0
628 1 0 1 4
629 0 2 0 2
630 1 0 1 1
631 1 0 0 3
632 1 0 0 2
633 1 0 1 2
634 0 2 0 1
635 1 0 1 1
636 0 0 1 1
637 0 1 0 0
638 1 1 0 0
639 1 0 0 1
640 0 0 0 1
641 0 0 0 2
642 0 0 0 1
643 1 0 0 0
644 0 1 0 1
645 0 0 0 1
646 0 0 0 0
647 0 0 1 0
648 1 0 1 1
649 0 0 0 0
650 0 0 0 0
651 0 0 0 1
652 0 0 1 1
653 0 0 1 0
654 0 0 0 0
655 1 0 0 0
656 1 0 0 0
657 0 0 0 0
658 0 0 0 0
659 0 0 0 1
660 0 1 0 1
661 0 0 0 0
662 0 0 0 0
663 0 0 0 0
664 0 0 0 0
665 0 1 0 1
666 0 0 0 0
667 1 0 0 0
668 0 0 0 0
669 0 0 0 1
670 0 0 0 0
671 0 0 0 0
672 0 1 0 0
673 0 0 0 0
674 0 0 0 0
675 1 0 0 0
676 0 0 0 0
677 0 0 0 1
678 0 0 0 0
679 0 0 0 0
680 0 0 0 0
681 0 0 0 0
682 0 0 0 0
683 0 0 0 0
684 0 1 0 0
685 0 0 0 0
686 0 0 0 0
687 0 0 0 0
688 0 0 0 1
689 0 0 0 0
690 0 0 0 0
691 0 0 0 0
692 0 0 0 0
693 0 0 0 0
694 0 0 0 0
695 0 0 0 0
696 0 0 0 0
697 0 0 0 0
698 0 0 0 0
699 0 0 0 0
700 0 0 0 0
701 0 0 0 0
702 0 0 0 0
703 0 0 0 0
704 0 0 0 0
705 0 0 0 0
706 0 0 0 0
707 0 0 0 0
708 0 0 0 0
709 0 0 0 0
710 0 0 0 0
711 0 0 0 0
712 0 0 0 0
713 0 0 0 0
714 0 0 0 0
715 0 0 0 0
716 0 0 0 0
717 0 0 0 0
718 0 0 0 0
719 0 0 0 0
720 0 0 0 0
721 0 0 0 0
722 0 0 0 0
723 0 0 0 0
724 0 0 0 0
725 0 0 0 0
726 0 0 0 0
727 0 0 0 0
