0 0 0 0 0
1 0 0 0 0
2 0 0 0 0
3 0 0 0 0
4 0 0 0 0
5 0 2 0 0
6 0 0 0 0
7 0 0 0 0
8 0 0 1 0
9 0 2 0 2
10 0 0 0 0
11 0 0 0 0
12 0 0 0 0
13 0 0 0 2
14 0 0 0 0
15 0 0 0 1
16 0 0 0 0
17 1 0 0 0
18 1 0 0 0
19 0 0 0 0
20 2 0 0 0
21 0 0 0 0
22 1 0 0 0
23 1 1 0 0
24 0 0 0 0
25 4 0 1 0
26 1 1 0 0
27 2 0 0 1
28 2 1 0 0
29 2 0 1 0
30 2 2 0 0
31 0 1 0 0
32 0 0 0 1
33 1 0 0 1
34 1 2 1 1
35 1 1 0 1
36 0 2 1 1
37 1 1 0 1
38 2 1 0 1
39 1 0 2 1
40 2 0 0 2
41 1 0 0 4
42 2 2 0 0
43 2 1 0 3
44 1 0 1 0
45 1 0 1 1
46 1 0 0 1
47 1 2 0 0
48 1 1 1 1
49 2 2 0 2
50 1 1 1 1
51 2 2 1 1
52 1 0 1 2
53 1 0 0 1
54 1 2 0 1
55 1 1 0 3
56 3 2 1 2
57 2 1 1 2
58 2 1 0 1
59 3 1 0 1
60 1 0 0 2
61 3 1 1 3
62 3 0 1 0
63 1 1 0 2
64 3 2 0 0
65 1 2 0 1
66 2 0 1 0
67 1 2 1 0
68 2 2 0 3
69 0 0 0 3
70 1 2 2 2
71 2 2 1 3
72 4 0 2 1
73 1 2 1 0
74 2 0 0 3
75 1 0 0 2
76 0 0 1 1
77 3 4 0 4
78 3 0 0 1
79 4 3 0 2
80 3 2 0 1
81 1 0 0 2
82 1 0 1 0
83 1 3 0 3
84 4 2 2 2
85 3 3 0 0
86 3 3 0 3
87 7 1 1 3
88 2 0 1 2
89 5 1 2 3
90 1 4 0 3
91 1 2 0 1
92 3 2 2 2
93 2 1 1 4
94 5 1 0 4
95 3 1 0 0
96 3 4 1 1
97 2 2 1 4
98 3 3 1 3
99 4 3 1 3
100 0 1 0 2
101 3 4 0 1
102 5 1 0 3
103 5 1 4 4
104 2 4 0 2
105 6 0 1 3
106 6 0 3 4
107 5 1 2 3
108 7 2 1 5
109 2 1 0 0
110 5 5 1 4
111 4 2 3 4
112 9 3 3 4
113 3 3 2 2
114 8 4 0 4
115 6 2 1 4
116 4 2 3 5
117 3 7 2 6
118 6 2 1 2
119 9 5 2 6
120 9 1 2 6
121 8 4 4 7
122 3 3 2 2
123 10 3 5 5
124 10 6 4 5
125 3 3 1 6
126 13 2 3 8
127 4 3 1 4
128 7 3 2 8
129 6 10 1 3
130 14 3 3 8
131 7 4 3 10
132 9 10 1 2
133 7 6 3 5
134 6 6 3 7
135 9 6 4 7
136 9 6 2 14
137 8 6 3 6
138 10 3 2 7
139 9 8 3 8
140 11 2 1 11
141 15 4 5 9
142 17 4 2 7
143 14 3 4 8
144 12 7 6 6
145 15 4 6 9
146 15 5 7 8
147 15 6 9 6
148 14 13 1 12
149 19 5 5 8
150 12 8 5 7
151 14 8 8 12
152 12 5 6 11
153 12 7 8 13
154 14 9 8 17
155 12 10 5 17
156 11 9 6 10
157 10 7 3 14
158 14 10 9 12
159 12 8 2 12
160 23 7 3 17
161 17 6 4 16
162 12 8 4 17
163 14 10 4 15
164 21 7 4 9
165 21 15 8 16
166 13 5 3 10
167 18 8 6 8
168 23 10 3 6
169 21 9 8 14
170 21 16 9 13
171 24 8 7 15
172 25 9 9 23
173 32 14 8 18
174 16 10 5 14
175 31 9 8 12
176 16 9 9 14
177 15 18 8 30
178 26 21 13 16
179 23 11 8 14
180 32 20 7 20
181 17 13 8 23
182 27 8 14 29
183 34 18 4 21
184 28 15 15 21
185 25 19 8 24
186 29 9 4 19
187 35 18 7 30
188 22 16 15 26
189 22 13 9 28
190 30 14 4 13
191 22 11 15 26
192 21 18 13 27
193 34 17 14 18
194 34 20 9 21
195 30 20 10 28
196 29 19 11 33
197 33 15 7 25
198 29 14 11 20
199 27 20 12 29
200 27 13 9 30
201 21 17 9 28
202 32 25 10 24
203 25 17 14 30
204 27 17 10 22
205 19 15 10 22
206 27 17 13 37
207 24 15 18 27
208 25 22 4 34
209 30 17 14 24
210 15 12 5 34
211 18 15 14 24
212 21 16 11 25
213 18 19 7 31
214 18 14 11 30
215 6 12 5 29
216 12 11 8 36
217 13 12 7 18
218 24 16 8 27
219 10 12 10 15
220 19 9 5 27
221 14 5 6 23
222 13 9 9 26
223 12 9 7 17
224 11 2 5 16
225 10 8 9 19
226 15 9 4 23
227 14 17 8 10
228 15 6 6 11
229 7 7 8 11
230 13 7 3 12
231 9 9 7 14
232 8 10 5 15
233 11 13 3 21
234 7 8 5 16
235 8 7 5 17
236 7 5 4 9
237 6 7 1 15
238 11 2 3 14
239 7 5 5 14
240 7 6 3 15
241 6 4 4 9
242 4 5 4 8
243 5 7 2 9
244 3 1 1 10
245 5 3 3 6
246 5 4 4 9
247 4 5 3 7
248 2 6 3 3
249 8 4 4 8
250 7 0 4 11
251 3 1 2 7
252 2 3 1 9
253 3 0 0 8
254 1 6 2 5
255 10 5 1 4
256 3 1 1 4
257 2 4 1 2
258 3 3 0 6
259 2 5 2 4
260 0 5 4 0
261 0 1 1 8
262 3 0 0 6
263 4 1 0 5
264 0 3 1 5
265 3 1 0 4
266 3 1 1 4
267 3 3 1 6
268 3 1 1 2
269 1 0 0 1
270 4 0 1 2
271 1 1 3 2
272 2 4 0 1
273 2 1 3 0
274 0 2 0 3
275 1 2 2 5
276 0 1 1 3
277 3 1 0 5
278 2 1 1 2
279 2 0 0 3
280 1 0 1 2
281 1 2 0 1
282 0 1 0 3
283 0 1 0 0
284 0 1 0 2
285 1 0 0 2
286 1 1 1 1
287 2 1 0 2
288 1 1 0 1
289 1 1 0 0
290 3 1 1 0
291 1 0 1 0
292 1 0 0 1
293 0 0 1 3
294 1 0 0 2
295 0 1 0 1
296 0 1 2 0
297 0 1 1 2
298 1 0 1 0
299 0 1 1 0
300 1 0 0 0
301 0 0 0 2
302 1 0 0 3
303 0 0 1 3
304 0 0 0 1
305 0 0 0 0
306 1 0 0 0
307 1 1 0 1
308 0 0 0 0
309 2 0 1 0
310 1 0 0 0
311 1 0 0 1
312 2 0 1 0
313 2 0 0 1
314 2 0 1 0
315 1 0 1 0
316 1 0 0 0
317 2 1 0 0
318 1 1 1 1
319 1 1 1 1
320 1 1 1 0
321 0 1 0 2
322 0 0 2 1
323 0 0 1 2
324 0 1 0 1
325 1 2 0 2
326 0 1 0 2
327 1 1 0 1
328 0 0 0 2
329 0 0 0 1
330 0 0 0 1
331 1 0 0 0
332 1 0 0 1
333 1 0 0 0
334 2 1 0 1
335 0 0 0 0
336 0 0 1 0
337 2 1 0 0
338 3 0 0 0
339 1 2 0 0
340 0 1 0 1
341 1 0 0 1
342 0 1 1 0
343 1 1 0 0
344 1 0 0 1
345 0 0 0 0
346 0 0 1 3
347 0 2 0 2
348 0 2 0 0
349 0 0 0 1
350 0 1 0 1
351 0 0 0 1
352 0 0 0 1
353 1 1 0 0
354 0 0 0 1
355 0 0 0 1
356 1 0 0 0
357 0 0 0 1
358 0 0 0 0
359 1 0 0 0
360 0 0 0 1
361 0 0 0 0
362 0 1 0 0
363 0 0 0 0
364 0 0 0 0
365 0 0 1 0
366 0 1 0 1
367 0 0 0 0
368 0 0 0 0
369 0 0 0 0
370 0 0 0 1
371 0 0 0 0
372 1 0 0 0
373 1 0 0 1
374 0 0 0 0
375 0 0 0 0
376 0 0 0 0
377 0 1 0 0
378 0 1 0 0
379 0 0 0 0
380 0 0 0 0
381 1 0 0 1
382 1 0 0 0
383 0 0 0 0
384 0 0 0 0
385 0 0 0 1
386 0 0 1 0
387 1 0 0 0
388 0 0 0 0
389 0 0 0 0
390 0 0 0 0
391 2 0 1 0
392 0 0 0 0
393 0 0 0 1
394 0 0 0 0
395 0 0 0 0
396 1 2 0 0
397 0 0 0 0
398 0 1 0 1
399 1 0 0 0
400 0 0 0 1
401 0 0 0 0
402 0 0 0 1
403 0 0 0 1
404 0 0 0 0
405 0 0 1 0
406 0 0 0 0
407 0 0 0 0
408 0 1 0 0
409 0 0 0 0
410 0 0 0 0
411 2 0 0 0
412 0 0 0 2
413 0 0 0 0
414 0 0 0 0
415 0 0 0 0
416 0 1 1 0
417 1 0 0 0
418 0 0 0 0
419 1 0 0 0
420 0 0 0 2
421 0 0 0 0
422 0 0 1 0
423 0 0 0 0
424 0 0 0 0
425 1 0 0 0
426 0 0 0 1
427 1 0 0 0
428 0 0 1 0
429 0 0 0 0
430 0 0 0 0
431 0 0 0 0
432 0 0 0 1
433 0 1 0 0
434 0 0 0 0
435 0 0 0 0
436 0 1 0 0
437 0 0 0 1
438 0 0 0 0
439 0 0 0 0
440 0 0 0 0
441 0 0 0 0
442 0 0 0 0
443 0 0 0 1
444 0 0 0 0
445 0 0 0 0
446 0 0 0 0
447 0 0 0 0
448 0 0 0 0
449 0 0 0 0
450 0 0 0 0
451 0 0 0 0
452 0 0 0 0
453 0 0 0 0
454 0 0 0 0
455 0 0 0 0
456 0 0 0 0
457 0 0 0 0
458 0 0 0 0
459 0 0 0 0
460 0 0 0 0
461 0 0 0 0
462 0 0 0 0
463 0 0 0 0
464 0 0 0 0
465 0 0 0 0
466 0 0 0 0
467 0 0 0 0
468 0 0 0 0
469 0 0 0 0
470 0 0 0 0
471 0 0 0 0
472 0 0 0 0
473 0 0 0 0
474 0 0 0 0
475 0 0 0 0
476 0 0 0 0
477 0 0 0 0
478 0 0 0 0
479 0 0 0 0
480 0 0 0 0
481 0 0 0 0
482 0 0 0 0
483 0 0 0 0
484 0 0 0 0
485 0 0 0 0
486 0 0 0 0
487 0 0 0 0
488 0 0 0 0
489 0 0 0 0
490 0 0 0 0
491 0 0 0 0
492 0 0 0 0
493 0 0 0 0
494 0 0 0 0
495 0 0 0 0
496 0 0 0 0
497 0 0 0 0
498 0 0 0 0
499 0 0 0 0
500 0 0 0 0
501 0 0 0 0
502 0 0 0 0
503 0 0 0 0
504 0 0 0 0
505 0 0 0 0
506 0 0 0 0
507 0 0 0 0
508 0 0 0 0
509 0 0 0 0
510 0 0 0 0
511 0 0 0 0
512 0 0 0 0
513 0 0 0 0
514 0 0 0 0
515 0 0 0 0
516 0 0 0 0
517 0 0 0 0
518 0 0 0 0
519 0 0 0 0
520 0 0 0 0
521 0 0 0 0
522 0 0 0 0
523 0 0 0 0
524 0 0 0 0
525 0 0 0 0
526 0 0 0 0
527 0 0 0 0
528 0 0 0 0
529 0 0 0 0
530 0 0 0 0
531 0 0 0 0
532 0 0 0 0
533 0 0 0 0
534 0 0 0 0
535 0 0 0 0
536 0 0 0 0
537 0 0 0 0
538 0 0 0 0
539 0 0 0 0
540 0 0 0 0
541 0 0 0 0
542 0 0 0 0
543 0 0 0 0
544 0 0 0 0
545 0 0 0 0
546 0 0 0 0
547 0 0 0 0
548 0 0 0 0
549 0 0 0 0
550 0 0 0 0
551 0 0 0 0
552 0 0 0 0
553 0 0 0 0
554 0 0 0 0
555 0 0 0 0
556 0 0 0 0
557 0 0 0 0
558 0 0 0 0
559 0 0 0 0
560 0 0 0 0
561 0 0 0 0
562 0 0 0 0
563 0 0 0 0
564 0 0 0 0
565 0 0 0 0
566 0 0 0 0
567 0 0 0 0
568 0 0 0 0
569 0 0 0 0
570 0 0 0 0
571 0 0 0 0
572 0 0 0 0
573 0 0 0 0
574 0 0 0 0
575 0 0 0 0
576 0 0 0 0
577 0 0 0 0
578 0 0 0 0
579 0 0 0 0
580 0 0 0 0
581 0 0 0 0
582 0 0 0 0
583 0 0 0 0
584 0 0 0 0
585 0 0 0 0
586 0 0 0 0
587 0 0 0 0
588 0 0 0 0
589 0 0 0 0
590 0 0 0 0
591 0 0 0 0
592 0 0 0 0
593 0 0 0 0
594 0 0 0 0
595 0 0 0 0
596 0 0 0 0
597 0 0 0 0
598 0 0 0 0
599 0 0 0 0
600 0 0 0 0
601 0 0 0 0
602 0 0 0 0
603 0 0 0 0
604 0 0 0 0
605 0 0 0 0
606 0 0 0 0
607 0 0 0 0
608 0 0 0 0
609 0 0 0 0
610 0 0 0 0
611 0 0 0 0
612 0 0 0 0
613 0 0 0 0
614 0 0 0 0
615 0 0 0 0
616 0 0 0 0
617 0 0 0 0
618 0 0 0 0
619 0 0 0 0
620 0 0 0 0
621 0 0 0 0
622 0 0 0 0
623 0 0 0 0
624 0 0 0 0
625 0 0 0 0
626 0 0 0 0
627 0 0 0 0
628 0 0 0 0
629 0 0 0 0
630 0 0 0 0
631 0 0 0 0
632 0 0 0 0
633 0 0 0 0
634 0 0 0 0
635 0 0 0 0
636 0 0 0 0
637 0 0 0 0
638 0 0 0 0
639 0 0 0 0
640 0 0 0 0
641 0 0 0 0
642 0 0 0 0
643 0 0 0 0
644 0 0 0 0
645 0 0 0 0
646 0 0 0 0
647 0 0 0 0
648 0 0 0 0
649 0 0 0 0
650 0 0 0 0
651 0 0 0 0
652 0 0 0 0
653 0 0 0 0
654 0 0 0 0
655 0 0 0 0
656 0 0 0 0
657 0 0 0 0
658 0 0 0 0
659 0 0 0 0
660 0 0 0 0
661 0 0 0 0
662 0 0 0 0
663 0 0 0 0
664 0 0 0 0
665 0 0 0 0
666 0 0 0 0
667 0 0 0 0
668 0 0 0 0
669 0 0 0 0
670 0 0 0 0
671 0 0 0 0
672 0 0 0 0
673 0 0 0 0
674 0 0 0 0
675 0 0 0 0
676 0 0 0 0
677 0 0 0 0
678 0 0 0 0
679 0 0 0 0
680 0 0 0 0
681 0 0 0 0
682 0 0 0 0
683 0 0 0 0
684 0 0 0 0
685 0 0 0 0
686 0 0 0 0
687 0 0 0 0
688 0 0 0 0
689 0 0 0 0
690 0 0 0 0
691 0 0 0 0
692 0 0 0 0
693 0 0 0 0
694 0 0 0 0
695 0 0 0 0
696 0 0 0 0
697 0 0 0 0
698 0 0 0 0
699 0 0 0 0
700 0 0 0 0
701 0 0 0 0
702 0 0 0 0
703 0 0 0 0
704 0 0 0 0
705 0 0 0 0
706 0 0 0 0
707 0 0 0 0
708 0 0 0 0
709 0 0 0 0
710 0 0 0 0
711 0 0 0 0
712 0 0 0 0
713 0 0 0 0
714 0 0 0 0
715 0 0 0 0
716 0 0 0 0
717 0 0 0 0
718 0 0 0 0
719 0 0 0 0
720 0 0 0 0
721 0 0 0 0
722 0 0 0 0
723 0 0 0 0
724 0 0 0 0
725 0 0 0 0
726 0 0 0 0
727 0 0 0 0
