0 0 0 0 0
1 0 0 0 0
2 0 0 0 0
3 0 0 0 0
4 0 0 0 0
5 0 1 1 0
6 0 0 0 0
7 0 0 0 0
8 0 0 0 0
9 0 0 3 1
10 0 0 0 0
11 0 0 0 0
12 0 0 0 1
13 0 0 0 0
14 0 0 0 0
15 0 0 0 0
16 0 0 0 3
17 0 0 0 0
18 0 0 0 0
19 0 0 0 0
20 0 0 0 0
21 0 0 0 0
22 0 0 0 0
23 1 0 0 0
24 1 0 0 0
25 0 0 0 0
26 0 0 0 0
27 1 0 0 0
28 2 0 1 0
29 3 0 0 0
30 1 0 0 0
31 0 0 0 0
32 2 0 0 0
33 0 1 1 0
34 1 1 0 0
35 2 0 0 1
36 0 1 0 0
37 0 2 1 2
38 1 2 0 1
39 0 1 1 0
40 0 0 2 1
41 0 0 0 1
42 0 0 0 1
43 0 1 0 2
44 1 0 0 4
45 0 0 0 0
46 1 0 0 0
47 0 0 0 1
48 1 0 0 0
49 1 0 1 0
50 1 0 0 1
51 2 1 0 0
52 1 0 0 0
53 3 0 0 1
54 0 1 0 0
55 0 0 0 1
56 2 1 0 0
57 3 1 0 0
58 1 1 0 0
59 0 1 0 0
60 1 1 0 0
61 3 2 1 2
62 1 1 4 1
63 0 0 0 1
64 0 0 0 2
65 0 0 0 2
66 0 1 0 3
67 0 1 0 0
68 1 0 0 1
69 0 1 0 2
70 0 1 1 1
71 1 1 0 1
72 3 0 0 0
73 0 0 1 0
74 2 0 0 1
75 0 0 0 1
76 2 0 0 1
77 1 0 2 2
78 2 0 0 0
79 2 0 0 0
80 4 1 0 0
81 2 3 1 1
82 1 1 0 0
83 4 0 1 0
84 2 0 0 2
85 2 1 0 2
86 2 1 1 1
87 2 1 1 1
88 1 2 1 2
89 2 2 0 0
90 3 1 1 2
91 0 2 0 2
92 1 3 1 3
93 0 1 1 2
94 3 2 0 2
95 2 0 4 2
96 3 0 0 4
97 2 1 1 2
98 3 1 0 1
99 2 1 1 4
100 2 1 1 0
101 2 1 1 2
102 3 0 2 1
103 2 2 1 1
104 3 0 1 2
105 0 2 1 2
106 0 1 2 2
107 3 1 1 2
108 3 0 1 0
109 1 0 1 5
110 0 0 0 4
111 2 1 1 1
112 2 2 2 0
113 3 3 1 1
114 6 1 0 2
115 3 0 0 2
116 3 0 1 2
117 6 1 1 1
118 4 3 0 2
119 6 2 2 4
120 2 2 1 2
121 2 2 1 2
122 2 3 0 2
123 4 2 0 3
124 5 4 2 3
125 3 2 1 2
126 3 4 2 2
127 4 4 1 2
128 4 4 0 5
129 3 3 1 5
130 1 1 1 7
131 2 3 0 5
132 3 2 2 3
133 2 0 3 2
134 5 4 0 2
135 1 0 1 2
136 6 1 2 5
137 4 3 0 5
138 4 1 0 2
139 9 2 0 2
140 6 0 0 4
141 6 4 2 4
142 3 3 1 1
143 4 2 2 1
144 3 4 4 2
145 6 4 1 4
146 5 5 2 4
147 3 4 1 1
148 5 2 2 6
149 4 2 2 5
150 4 1 1 6
151 8 2 0 9
152 5 3 1 4
153 7 3 2 6
154 7 2 5 3
155 4 3 1 1
156 7 4 1 3
157 9 2 2 4
158 8 4 4 4
159 5 3 5 8
160 9 2 4 5
161 4 3 4 6
162 3 4 5 6
163 8 3 2 5
164 8 4 2 5
165 6 5 3 6
166 7 4 1 11
167 9 3 5 6
168 8 3 1 6
169 8 4 4 5
170 7 4 2 6
171 9 3 1 9
172 13 7 5 8
173 16 8 1 5
174 14 4 2 4
175 7 6 2 4
176 13 3 2 11
177 10 5 5 7
178 5 8 5 6
179 11 11 3 6
180 7 6 2 9
181 13 8 6 6
182 9 6 3 13
183 11 6 3 7
184 7 7 3 10
185 11 3 5 12
186 12 8 5 15
187 7 5 0 11
188 9 9 2 13
189 16 5 4 9
190 8 5 7 10
191 11 11 4 9
192 13 7 4 8
193 9 4 3 8
194 20 8 5 6
195 11 4 1 13
196 15 6 3 12
197 13 5 5 11
198 22 9 2 15
199 16 8 8 10
200 17 6 3 7
201 10 11 6 15
202 15 9 7 5
203 19 11 4 11
204 11 8 3 8
205 14 7 5 12
206 16 3 4 15
207 11 14 8 10
208 12 14 11 15
209 4 11 3 15
210 15 6 9 11
211 8 9 6 17
212 8 10 6 13
213 6 6 5 15
214 4 3 4 20
215 5 7 9 25
216 7 7 1 12
217 10 7 3 15
218 15 3 4 9
219 8 7 2 16
220 7 3 1 8
221 13 6 3 8
222 9 6 2 14
223 9 7 3 11
224 10 3 4 9
225 14 3 1 5
226 15 7 5 8
227 5 7 4 5
228 7 9 2 9
229 5 7 4 3
230 6 4 5 14
231 8 5 7 9
232 3 3 0 5
233 7 6 6 11
234 7 5 5 13
235 5 7 3 13
236 3 7 2 8
237 4 0 1 6
238 3 6 4 14
239 2 4 2 4
240 2 4 5 11
241 3 1 1 3
242 9 1 1 12
243 4 2 1 10
244 5 1 0 7
245 2 2 1 2
246 4 3 1 2
247 2 7 3 6
248 1 3 0 4
249 2 3 2 3
250 5 3 0 1
251 4 3 3 7
252 1 2 1 3
253 6 3 0 6
254 1 0 0 7
255 4 2 1 4
256 3 4 0 2
257 3 0 0 1
258 2 2 4 3
259 1 3 1 3
260 3 2 1 3
261 3 0 1 0
262 6 2 1 4
263 3 1 0 6
264 4 1 1 2
265 2 1 4 5
266 1 3 1 4
267 3 4 1 1
268 1 0 2 1
269 0 2 2 6
270 2 2 0 2
271 2 3 1 1
272 2 2 0 0
273 2 1 0 5
274 0 2 0 7
275 1 2 0 5
276 0 1 2 4
277 0 1 0 0
278 1 1 1 2
279 1 0 0 0
280 0 1 0 2
281 3 0 1 2
282 1 0 0 3
283 0 0 1 2
284 1 1 0 1
285 1 0 0 2
286 0 2 0 0
287 0 0 0 0
288 1 1 0 1
289 2 1 0 0
290 1 2 0 2
291 1 1 0 0
292 0 0 0 0
293 1 1 0 1
294 1 2 0 1
295 0 1 0 2
296 0 0 0 1
297 0 0 0 1
298 1 0 0 1
299 0 0 1 0
300 0 0 1 2
301 1 0 0 1
302 0 1 0 0
303 0 0 0 1
304 0 0 0 1
305 0 0 0 0
306 0 1 0 0
307 0 1 0 0
308 0 0 0 0
309 0 0 0 1
310 0 0 0 0
311 0 0 0 1
312 1 0 0 0
313 0 0 0 1
314 1 0 0 0
315 1 0 0 0
316 0 0 0 0
317 1 1 0 0
318 1 0 0 0
319 0 0 1 0
320 0 0 1 0
321 0 0 0 0
322 0 0 0 0
323 0 1 0 0
324 0 0 0 2
325 0 0 0 0
326 0 0 1 1
327 0 0 0 0
328 0 0 0 0
329 0 0 0 0
330 0 0 0 1
331 1 0 0 0
332 0 0 0 0
333 0 0 0 1
334 1 0 0 0
335 2 0 0 0
336 0 0 0 0
337 2 0 0 0
338 1 0 0 0
339 0 0 1 0
340 0 1 2 0
341 0 0 0 0
342 0 0 0 0
343 0 0 0 1
344 0 0 0 0
345 0 0 0 0
346 0 0 2 1
347 0 1 0 2
348 0 0 0 0
349 0 0 0 0
350 0 0 0 1
351 0 0 0 1
352 0 0 0 0
353 0 0 0 1
354 0 0 0 0
355 0 0 0 0
356 0 0 0 0
357 0 0 0 0
358 1 0 0 0
359 0 0 0 0
360 0 0 0 0
361 0 0 0 0
362 0 0 0 0
363 1 0 1 0
364 0 0 0 0
365 0 0 0 0
366 0 0 0 0
367 0 0 0 1
368 0 0 1 0
369 1 0 0 0
370 0 0 0 0
371 0 0 0 0
372 0 0 0 1
373 0 0 0 0
374 0 0 0 0
375 0 0 0 0
376 0 1 0 0
377 0 0 0 0
378 0 0 0 0
379 0 0 0 0
380 0 0 0 1
381 0 0 0 0
382 0 0 0 0
383 0 0 0 0
384 0 0 0 0
385 0 0 0 0
386 0 0 0 0
387 0 0 0 0
388 1 0 0 0
389 0 0 0 0
390 1 0 0 0
391 0 0 0 0
392 0 0 0 0
393 0 0 0 0
394 0 0 0 0
395 0 0 0 0
396 0 0 0 0
397 0 0 1 0
398 0 0 0 0
399 0 0 1 0
400 0 0 0 0
401 0 0 0 1
402 0 0 0 0
403 0 0 0 0
404 0 0 0 0
405 0 0 0 0
406 0 0 0 1
407 0 0 0 0
408 0 0 0 0
409 0 0 0 0
410 0 0 0 0
411 0 0 0 0
412 0 0 0 0
413 0 0 0 0
414 0 0 0 0
415 1 0 0 0
416 0 0 0 0
417 0 0 0 0
418 0 0 0 0
419 0 0 0 0
420 0 0 0 0
421 0 0 0 0
422 0 0 0 0
423 0 0 0 0
424 0 1 0 0
425 0 0 0 0
426 0 0 0 0
427 0 0 0 0
428 0 0 0 1
429 0 0 0 0
430 0 0 0 0
431 0 0 0 0
432 0 0 0 0
433 0 0 0 0
434 0 0 0 0
435 0 0 0 0
436 0 0 0 0
437 0 0 0 0
438 0 0 0 0
439 0 0 0 0
440 0 0 0 0
441 0 0 0 0
442 0 0 0 0
443 0 0 0 0
444 0 0 0 0
445 0 0 0 0
446 0 0 0 0
447 0 0 0 0
448 0 0 0 0
449 0 0 0 0
450 0 0 0 0
451 0 0 0 0
452 0 0 0 0
453 0 0 0 0
454 0 0 0 0
455 0 0 0 0
456 0 0 0 0
457 0 0 0 0
458 0 0 0 0
459 0 0 0 0
460 0 0 0 0
461 0 0 0 0
462 0 0 0 0
463 0 0 0 0
464 0 0 0 0
465 0 0 0 0
466 0 0 0 0
467 0 0 0 0
468 0 0 0 0
469 0 0 0 0
470 0 0 0 0
471 0 0 0 0
472 0 0 0 0
473 0 0 0 0
474 0 0 0 0
475 0 0 0 0
476 0 0 0 0
477 0 0 0 0
478 0 0 0 0
479 0 0 0 0
480 0 0 0 0
481 0 0 0 0
482 0 0 0 0
483 0 0 0 0
484 0 0 0 0
485 0 0 0 0
486 0 0 0 0
487 0 0 0 0
488 0 0 0 0
489 0 0 0 0
490 0 0 0 0
491 0 0 0 0
492 0 0 0 0
493 0 0 0 0
494 0 0 0 0
495 0 0 0 0
496 0 0 0 0
497 0 0 0 0
498 0 0 0 0
499 0 0 0 0
500 0 0 0 0
501 0 0 0 0
502 0 0 0 0
503 0 0 0 0
504 0 0 0 0
505 0 0 0 0
506 0 0 0 0
507 0 0 0 0
508 0 0 0 0
509 0 0 0 0
510 0 0 0 0
511 0 0 0 0
512 0 0 0 0
513 0 0 0 0
514 0 0 0 0
515 0 0 0 0
516 0 0 0 0
517 0 0 0 0
518 0 0 0 0
519 0 0 0 0
520 0 0 0 0
521 0 0 0 0
522 0 0 0 0
523 0 0 0 0
524 0 0 0 0
525 0 0 0 0
526 0 0 0 0
527 0 0 0 0
528 0 0 0 0
529 0 0 0 0
530 0 0 0 0
531 0 0 0 0
532 0 0 0 0
533 0 0 0 0
534 0 0 0 0
535 0 0 0 0
536 0 0 0 0
537 0 0 0 0
538 0 0 0 0
539 0 0 0 0
540 0 0 0 0
541 0 0 0 0
542 0 0 0 0
543 0 0 0 0
544 0 0 0 0
545 0 0 0 0
546 0 0 0 0
547 0 0 0 0
548 0 0 0 0
549 0 0 0 0
550 0 0 0 0
551 0 0 0 0
552 0 0 0 0
553 0 0 0 0
554 0 0 0 0
555 0 0 0 0
556 0 0 0 0
557 0 0 0 0
558 0 0 0 0
559 0 0 0 0
560 0 0 0 0
561 0 0 0 0
562 0 0 0 0
563 0 0 0 0
564 0 0 0 0
565 0 0 0 0
566 0 0 0 0
567 0 0 0 0
568 0 0 0 0
569 0 0 0 0
570 0 0 0 0
571 0 0 0 0
572 0 0 0 0
573 0 0 0 0
574 0 0 0 0
575 0 0 0 0
576 0 0 0 0
577 0 0 0 0
578 0 0 0 0
579 0 0 0 0
580 0 0 0 0
581 0 0 0 0
582 0 0 0 0
583 0 0 0 0
584 0 0 0 0
585 0 0 0 0
586 0 0 0 0
587 0 0 0 0
588 0 0 0 0
589 0 0 0 0
590 0 0 0 0
591 0 0 0 0
592 0 0 0 0
593 0 0 0 0
594 0 0 0 0
595 0 0 0 0
596 0 0 0 0
597 0 0 0 0
598 0 0 0 0
599 0 0 0 0
600 0 0 0 0
601 0 0 0 0
602 0 0 0 0
603 0 0 0 0
604 0 0 0 0
605 0 0 0 0
606 0 0 0 0
607 0 0 0 0
608 0 0 0 0
609 0 0 0 0
610 0 0 0 0
611 0 0 0 0
612 0 0 0 0
613 0 0 0 0
614 0 0 0 0
615 0 0 0 0
616 0 0 0 0
617 0 0 0 0
618 0 0 0 0
619 0 0 0 0
620 0 0 0 0
621 0 0 0 0
622 0 0 0 0
623 0 0 0 0
624 0 0 0 0
625 0 0 0 0
626 0 0 0 0
627 0 0 0 0
628 0 0 0 0
629 0 0 0 0
630 0 0 0 0
631 0 0 0 0
632 0 0 0 0
633 0 0 0 0
634 0 0 0 0
635 0 0 0 0
636 0 0 0 0
637 0 0 0 0
638 0 0 0 0
639 0 0 0 0
640 0 0 0 0
641 0 0 0 0
642 0 0 0 0
643 0 0 0 0
644 0 0 0 0
645 0 0 0 0
646 0 0 0 0
647 0 0 0 0
648 0 0 0 0
649 0 0 0 0
650 0 0 0 0
651 0 0 0 0
652 0 0 0 0
653 0 0 0 0
654 0 0 0 0
655 0 0 0 0
656 0 0 0 0
657 0 0 0 0
658 0 0 0 0
659 0 0 0 0
660 0 0 0 0
661 0 0 0 0
662 0 0 0 0
663 0 0 0 0
664 0 0 0 0
665 0 0 0 0
666 0 0 0 0
667 0 0 0 0
668 0 0 0 0
669 0 0 0 0
670 0 0 0 0
671 0 0 0 0
672 0 0 0 0
673 0 0 0 0
674 0 0 0 0
675 0 0 0 0
676 0 0 0 0
677 0 0 0 0
678 0 0 0 0
679 0 0 0 0
680 0 0 0 0
681 0 0 0 0
682 0 0 0 0
683 0 0 0 0
684 0 0 0 0
685 0 0 0 0
686 0 0 0 0
687 0 0 0 0
688 0 0 0 0
689 0 0 0 0
690 0 0 0 0
691 0 0 0 0
692 0 0 0 0
693 0 0 0 0
694 0 0 0 0
695 0 0 0 0
696 0 0 0 0
697 0 0 0 0
698 0 0 0 0
699 0 0 0 0
700 0 0 0 0
701 0 0 0 0
702 0 0 0 0
703 0 0 0 0
704 0 0 0 0
705 0 0 0 0
706 0 0 0 0
707 0 0 0 0
708 0 0 0 0
709 0 0 0 0
710 0 0 0 0
711 0 0 0 0
712 0 0 0 0
713 0 0 0 0
714 0 0 0 0
715 0 0 0 0
716 0 0 0 0
717 0 0 0 0
718 0 0 0 0
719 0 0 0 0
720 0 0 0 0
721 0 0 0 0
722 0 0 0 0
723 0 0 0 0
724 0 0 0 0
725 0 0 0 0
726 0 0 0 0
727 0 0 0 0
