0 0 0 0 0
1 0 0 0 0
2 0 0 0 0
3 0 0 0 0
4 0 0 0 0
5 0 3 0 0
6 0 0 0 0
7 0 0 0 0
8 0 0 0 0
9 0 2 0 2
10 0 0 0 0
11 0 0 0 0
12 0 0 0 1
13 0 0 0 1
14 0 0 0 0
15 0 0 0 0
16 0 0 0 1
17 0 0 0 0
18 0 0 0 0
19 1 0 0 0
20 0 0 0 0
21 2 0 0 0
22 1 0 0 0
23 0 0 0 0
24 1 1 0 0
25 2 0 0 0
26 1 1 1 0
27 1 1 0 0
28 2 0 0 1
29 1 1 0 0
30 1 0 0 2
31 0 1 0 1
32 0 0 0 0
33 0 1 0 0
34 1 0 2 0
35 2 0 1 1
36 1 1 0 1
37 2 1 0 1
38 2 1 0 1
39 1 0 0 1
40 0 2 0 0
41 2 0 1 1
42 1 1 0 0
43 2 1 1 1
44 1 1 0 3
45 0 0 0 1
46 3 1 1 0
47 1 0 1 1
48 1 0 1 1
49 1 1 0 1
50 1 0 1 3
51 1 0 1 1
52 0 1 0 1
53 1 0 1 1
54 3 0 0 2
55 1 3 1 1
56 2 1 0 1
57 1 0 0 1
58 5 1 1 0
59 2 2 1 2
60 2 1 0 1
61 2 0 1 0
62 4 0 0 2
63 1 2 0 2
64 3 0 1 1
65 1 1 1 2
66 4 2 1 1
67 3 1 3 2
68 2 1 1 0
69 1 3 0 1
70 2 1 0 2
71 1 3 4 3
72 3 1 2 3
73 1 2 0 4
74 1 1 0 2
75 0 0 1 4
76 0 1 0 5
77 0 0 1 3
78 1 0 2 1
79 2 2 0 1
80 1 0 0 2
81 4 0 3 2
82 2 0 0 2
83 7 0 0 1
84 5 0 1 0
85 5 0 1 1
86 3 0 0 1
87 7 0 2 1
88 5 2 1 2
89 6 2 1 0
90 4 5 3 0
91 2 2 1 2
92 2 2 5 3
93 3 4 3 3
94 5 2 1 3
95 3 3 1 4
96 1 2 2 5
97 3 1 1 9
98 3 3 2 3
99 2 4 2 3
100 1 2 1 6
101 3 1 1 1
102 2 1 3 7
103 1 2 0 3
104 3 4 0 3
105 2 1 0 3
106 9 1 1 6
107 7 0 1 3
108 2 0 0 2
109 5 0 3 2
110 8 2 1 0
111 9 6 0 4
112 9 4 2 0
113 3 0 0 4
114 7 1 2 1
115 9 7 4 3
116 9 2 2 1
117 7 6 1 2
118 4 3 2 4
119 5 3 4 10
120 6 3 6 1
121 8 7 3 3
122 3 3 2 11
123 6 3 1 6
124 10 5 4 10
125 8 3 3 4
126 7 6 5 9
127 7 2 2 6
128 8 3 1 10
129 8 7 1 7
130 9 7 1 7
131 8 2 2 9
132 8 5 2 5
133 10 5 4 10
134 12 1 5 5
135 11 7 1 5
136 10 4 3 6
137 11 9 1 6
138 6 5 2 3
139 8 6 6 12
140 4 7 3 9
141 13 5 1 10
142 14 7 7 3
143 15 7 3 13
144 10 8 4 10
145 6 6 2 7
146 10 6 5 13
147 16 6 4 11
148 9 7 5 11
149 11 3 6 6
150 8 5 3 12
151 14 8 2 11
152 11 9 5 12
153 11 4 5 8
154 16 3 4 5
155 9 3 4 10
156 15 11 6 9
157 17 2 4 11
158 20 7 6 11
159 10 10 6 12
160 16 5 1 12
161 8 10 11 5
162 15 9 3 8
163 13 12 5 13
164 19 6 3 6
165 17 10 2 19
166 20 8 5 17
167 14 12 9 13
168 16 9 4 15
169 12 10 8 12
170 24 6 4 17
171 13 7 8 15
172 25 4 9 16
173 19 12 7 12
174 21 11 6 13
175 19 15 8 11
176 14 7 9 16
177 16 10 10 17
178 14 15 5 18
179 22 11 14 20
180 23 8 5 17
181 14 10 5 19
182 23 7 6 22
183 14 11 6 17
184 11 13 9 18
185 15 11 9 14
186 25 7 11 18
187 15 8 8 17
188 18 11 8 15
189 12 9 8 21
190 18 8 5 11
191 21 12 13 25
192 20 7 4 16
193 18 7 7 23
194 14 7 6 13
195 22 17 5 23
196 17 13 4 15
197 19 11 7 17
198 23 10 10 17
199 24 6 4 8
200 19 13 14 10
201 21 9 12 18
202 17 9 8 27
203 19 15 10 14
204 22 12 8 22
205 17 8 8 21
206 19 14 7 14
207 17 9 8 26
208 12 15 10 19
209 11 14 8 21
210 10 10 10 20
211 11 10 11 22
212 6 8 5 17
213 11 10 7 22
214 11 8 4 15
215 7 9 1 24
216 10 8 8 20
217 16 4 4 21
218 13 7 5 13
219 15 8 5 10
220 12 4 3 17
221 13 5 3 13
222 11 7 6 8
223 8 7 4 13
224 6 7 2 6
225 8 11 1 15
226 7 8 3 16
227 9 7 7 11
228 7 12 1 4
229 10 0 4 11
230 10 7 2 10
231 4 6 4 12
232 0 5 3 9
233 6 8 2 8
234 6 8 3 14
235 3 2 3 14
236 4 6 1 5
237 4 1 2 8
238 6 4 3 12
239 3 8 3 8
240 5 2 1 12
241 7 1 1 3
242 6 5 2 7
243 8 5 3 4
244 5 2 1 3
245 5 4 0 3
246 5 5 1 13
247 3 3 2 3
248 4 5 2 3
249 6 4 1 6
250 2 1 2 7
251 4 3 1 4
252 3 1 3 5
253 4 3 3 7
254 0 4 4 4
255 6 2 1 6
256 1 4 2 2
257 4 3 0 5
258 2 3 1 5
259 0 2 0 3
260 5 0 2 6
261 6 0 1 7
262 3 3 1 5
263 1 0 0 4
264 7 4 0 3
265 1 4 2 2
266 3 3 0 4
267 4 2 1 1
268 0 0 0 2
269 1 3 0 6
270 4 2 1 2
271 0 5 1 3
272 3 4 0 1
273 0 4 1 3
274 0 1 0 4
275 2 3 0 1
276 2 0 1 5
277 2 2 0 3
278 0 1 0 5
279 1 1 0 2
280 1 0 0 3
281 1 2 0 3
282 0 0 1 2
283 0 0 0 2
284 0 2 1 0
285 1 0 2 0
286 1 0 0 1
287 1 0 0 0
288 0 0 0 3
289 1 0 1 2
290 0 1 0 0
291 2 0 0 2
292 0 0 0 0
293 1 0 0 1
294 0 1 1 1
295 0 1 0 0
296 0 0 2 0
297 1 0 0 0
298 3 1 0 0
299 1 0 0 0
300 1 1 0 2
301 0 0 0 2
302 0 0 0 1
303 0 2 0 0
304 1 1 0 0
305 0 0 1 1
306 0 0 0 0
307 0 1 1 2
308 0 0 0 1
309 1 0 1 0
310 0 0 0 1
311 0 0 0 2
312 0 0 0 0
313 0 0 0 0
314 0 0 0 1
315 0 0 0 0
316 0 0 0 1
317 1 0 0 0
318 1 1 0 0
319 1 0 0 0
320 0 0 0 0
321 0 0 0 0
322 0 0 0 1
323 0 1 0 0
324 0 2 0 0
325 0 0 0 0
326 0 0 0 0
327 0 0 0 1
328 0 0 0 1
329 0 0 0 0
330 0 0 0 0
331 0 0 0 1
332 0 0 0 0
333 0 0 0 0
334 0 0 0 0
335 0 0 0 0
336 0 0 0 0
337 0 0 0 0
338 0 0 0 0
339 0 0 0 0
340 0 0 0 0
341 1 0 0 0
342 0 0 0 0
343 1 0 0 0
344 1 0 0 0
345 0 0 0 0
346 0 1 0 0
347 0 0 0 0
348 1 0 0 0
349 1 0 1 0
350 0 0 0 1
351 0 0 0 0
352 0 1 0 0
353 0 0 0 1
354 0 1 0 0
355 0 0 0 0
356 0 0 0 1
357 0 1 0 0
358 0 0 0 1
359 0 0 0 0
360 0 0 0 0
361 0 0 0 0
362 0 0 0 0
363 0 0 0 0
364 0 0 0 1
365 0 0 0 0
366 0 0 0 0
367 0 0 0 0
368 0 0 0 0
369 0 0 0 0
370 0 0 0 0
371 0 0 0 0
372 0 0 0 0
373 1 0 0 0
374 0 0 0 0
375 0 0 0 0
376 0 0 0 0
377 0 0 0 0
378 0 0 1 0
379 0 0 0 0
380 0 0 0 0
381 0 0 0 0
382 0 0 0 1
383 0 0 0 0
384 0 0 0 0
385 0 0 0 0
386 0 0 0 0
387 0 0 0 0
388 0 0 0 0
389 0 0 0 0
390 0 0 0 0
391 0 0 0 0
392 0 0 0 0
393 0 0 0 0
394 0 0 0 0
395 0 0 0 0
396 0 0 0 0
397 0 0 0 0
398 0 0 0 0
399 0 0 0 0
400 0 0 0 0
401 0 0 0 0
402 0 0 0 0
403 0 0 0 0
404 0 0 0 0
405 0 0 0 0
406 0 0 0 0
407 0 0 0 0
408 0 0 0 0
409 0 0 0 0
410 0 0 0 0
411 0 0 0 0
412 0 0 0 0
413 0 0 0 0
414 0 0 0 0
415 0 0 0 0
416 0 0 0 0
417 0 0 0 0
418 0 0 0 0
419 0 0 0 0
420 0 0 0 0
421 0 0 0 0
422 0 0 0 0
423 0 0 0 0
424 0 0 0 0
425 0 0 0 0
426 0 0 0 0
427 0 0 0 0
428 0 0 0 0
429 0 0 0 0
430 0 0 0 0
431 0 0 0 0
432 0 0 0 0
433 0 0 0 0
434 0 0 0 0
435 0 0 0 0
436 0 0 0 0
437 0 0 0 0
438 0 0 0 0
439 0 0 0 0
440 0 0 0 0
441 0 0 0 0
442 0 0 0 0
443 0 0 0 0
444 0 0 0 0
445 0 0 0 0
446 0 0 0 0
447 0 0 0 0
448 0 0 0 0
449 0 0 0 0
450 0 0 0 0
451 0 0 0 0
452 0 0 0 0
453 0 0 0 0
454 0 0 0 0
455 0 0 0 0
456 0 0 0 0
457 0 0 0 0
458 0 0 0 0
459 0 0 0 0
460 0 0 0 0
461 0 0 0 0
462 0 0 0 0
463 0 0 0 0
464 0 0 0 0
465 0 0 0 0
466 0 0 0 0
467 0 0 0 0
468 0 0 0 0
469 0 0 0 0
470 0 0 0 0
471 0 0 0 0
472 0 0 0 0
473 0 0 0 0
474 0 0 0 0
475 0 0 0 0
476 0 0 0 0
477 0 0 0 0
478 0 0 0 0
479 0 0 0 0
480 0 0 0 0
481 0 0 0 0
482 0 0 0 0
483 0 0 0 0
484 0 0 0 0
485 0 0 0 0
486 0 0 0 0
487 0 0 0 0
488 0 0 0 0
489 0 0 0 0
490 0 0 0 0
491 0 0 0 0
492 0 0 0 0
493 0 0 0 0
494 0 0 0 0
495 0 0 0 0
496 0 0 0 0
497 0 0 0 0
498 0 0 0 0
499 0 0 0 0
500 0 0 0 0
501 0 0 0 0
502 0 0 0 0
503 0 0 0 0
504 0 0 0 0
505 0 0 0 0
506 0 0 0 0
507 0 0 0 0
508 0 0 0 0
509 0 0 0 0
510 0 0 0 0
511 0 0 0 0
512 0 0 0 0
513 0 0 0 0
514 0 0 0 0
515 0 0 0 0
516 0 0 0 0
517 0 0 0 0
518 0 0 0 0
519 0 0 0 0
520 0 0 0 0
521 0 0 0 0
522 0 0 0 0
523 0 0 0 0
524 0 0 0 0
525 0 0 0 0
526 0 0 0 0
527 0 0 0 0
528 0 0 0 0
529 0 0 0 0
530 0 0 0 0
531 0 0 0 0
532 0 0 0 0
533 0 0 0 0
534 0 0 0 0
535 0 0 0 0
536 0 0 0 0
537 0 0 0 0
538 0 0 0 0
539 0 0 0 0
540 0 0 0 0
541 0 0 0 0
542 0 0 0 0
543 0 0 0 0
544 0 0 0 0
545 0 0 0 0
546 0 0 0 0
547 0 0 0 0
548 0 0 0 0
549 0 0 0 0
550 0 0 0 0
551 0 0 0 0
552 0 0 0 0
553 0 0 0 0
554 0 0 0 0
555 0 0 0 0
556 0 0 0 0
557 0 0 0 0
558 0 0 0 0
559 0 0 0 0
560 0 0 0 0
561 0 0 0 0
562 0 0 0 0
563 0 0 0 0
564 0 0 0 0
565 0 0 0 0
566 0 0 0 0
567 0 0 0 0
568 0 0 0 0
569 0 0 0 0
570 0 0 0 0
571 0 0 0 0
572 0 0 0 0
573 0 0 0 0
574 0 0 0 0
575 0 0 0 0
576 0 0 0 0
577 0 0 0 0
578 0 0 0 0
579 0 0 0 0
580 0 0 0 0
581 0 0 0 0
582 0 0 0 0
583 0 0 0 0
584 0 0 0 0
585 0 0 0 0
586 0 0 0 0
587 0 0 0 0
588 0 0 0 0
589 0 0 0 0
590 0 0 0 0
591 0 0 0 0
592 0 0 0 0
593 0 0 0 0
594 0 0 0 0
595 0 0 0 0
596 0 0 0 0
597 0 0 0 0
598 0 0 0 0
599 0 0 0 0
600 0 0 0 0
601 0 0 0 0
602 0 0 0 0
603 0 0 0 0
604 0 0 0 0
605 0 0 0 0
606 0 0 0 0
607 0 0 0 0
608 0 0 0 0
609 0 0 0 0
610 0 0 0 0
611 0 0 0 0
612 0 0 0 0
613 0 0 0 0
614 0 0 0 0
615 0 0 0 0
616 0 0 0 0
617 0 0 0 0
618 0 0 0 0
619 0 0 0 0
620 0 0 0 0
621 0 0 0 0
622 0 0 0 0
623 0 0 0 0
624 0 0 0 0
625 0 0 0 0
626 0 0 0 0
627 0 0 0 0
628 0 0 0 0
629 0 0 0 0
630 0 0 0 0
631 0 0 0 0
632 0 0 0 0
633 0 0 0 0
634 0 0 0 0
635 0 0 0 0
636 0 0 0 0
637 0 0 0 0
638 0 0 0 0
639 0 0 0 0
640 0 0 0 0
641 0 0 0 0
642 0 0 0 0
643 0 0 0 0
644 0 0 0 0
645 0 0 0 0
646 0 0 0 0
647 0 0 0 0
648 0 0 0 0
649 0 0 0 0
650 0 0 0 0
651 0 0 0 0
652 0 0 0 0
653 0 0 0 0
654 0 0 0 0
655 0 0 0 0
656 0 0 0 0
657 0 0 0 0
658 0 0 0 0
659 0 0 0 0
660 0 0 0 0
661 0 0 0 0
662 0 0 0 0
663 0 0 0 0
664 0 0 0 0
665 0 0 0 0
666 0 0 0 0
667 0 0 0 0
668 0 0 0 0
669 0 0 0 0
670 0 0 0 0
671 0 0 0 0
672 0 0 0 0
673 0 0 0 0
674 0 0 0 0
675 0 0 0 0
676 0 0 0 0
677 0 0 0 0
678 0 0 0 0
679 0 0 0 0
680 0 0 0 0
681 0 0 0 0
682 0 0 0 0
683 0 0 0 0
684 0 0 0 0
685 0 0 0 0
686 0 0 0 0
687 0 0 0 0
688 0 0 0 0
689 0 0 0 0
690 0 0 0 0
691 0 0 0 0
692 0 0 0 0
693 0 0 0 0
694 0 0 0 0
695 0 0 0 0
696 0 0 0 0
697 0 0 0 0
698 0 0 0 0
699 0 0 0 0
700 0 0 0 0
701 0 0 0 0
702 0 0 0 0
703 0 0 0 0
704 0 0 0 0
705 0 0 0 0
706 0 0 0 0
707 0 0 0 0
708 0 0 0 0
709 0 0 0 0
710 0 0 0 0
711 0 0 0 0
712 0 0 0 0
713 0 0 0 0
714 0 0 0 0
715 0 0 0 0
716 0 0 0 0
717 0 0 0 0
718 0 0 0 0
719 0 0 0 0
720 0 0 0 0
721 0 0 0 0
722 0 0 0 0
723 0 0 0 0
724 0 0 0 0
725 0 0 0 0
726 0 0 0 0
727 0 0 0 0
