0 0 0 0 0
1 0 0 0 0
2 0 0 0 0
3 0 0 0 0
4 0 0 0 0
5 0 2 1 0
6 0 0 0 0
7 0 0 0 0
8 0 0 0 0
9 0 1 1 1
10 0 0 0 0
11 0 0 0 1
12 0 0 0 1
13 0 0 0 2
14 0 0 0 0
15 0 0 0 0
16 0 0 0 0
17 1 0 0 0
18 0 0 0 0
19 1 0 0 0
20 0 0 0 0
21 0 0 0 0
22 1 0 0 0
23 1 0 0 0
24 0 0 1 0
25 0 0 0 0
26 0 1 0 0
27 0 1 0 0
28 0 1 0 1
29 0 0 0 0
30 0 0 0 1
31 0 0 0 0
32 0 0 0 1
33 0 0 0 0
34 0 0 0 1
35 0 0 0 0
36 0 0 0 0
37 0 0 0 0
38 0 0 0 0
39 2 0 0 0
40 1 0 0 0
41 1 0 0 0
42 1 0 0 0
43 0 0 0 0
44 1 1 1 0
45 1 0 1 0
46 1 0 0 0
47 0 1 0 0
48 0 0 0 2
49 0 0 1 1
50 0 1 0 0
51 0 1 0 1
52 1 0 0 0
53 0 0 0 0
54 0 1 0 0
55 0 0 0 0
56 0 0 0 1
57 0 0 0 1
58 2 0 0 1
59 0 0 0 0
60 0 0 0 0
61 0 0 1 1
62 1 0 0 0
63 0 1 0 0
64 0 1 0 0
65 3 0 0 1
66 0 0 0 0
67 0 0 0 1
68 1 0 0 0
69 1 0 0 0
70 0 1 0 0
71 1 0 1 1
72 1 0 0 0
73 2 0 0 0
74 2 1 1 0
75 1 0 0 0
76 4 0 0 0
77 5 0 1 1
78 2 1 2 2
79 1 0 1 0
80 0 1 1 0
81 2 1 0 1
82 0 1 1 1
83 2 2 0 1
84 2 0 0 2
85 2 5 0 2
86 0 2 0 2
87 0 2 0 1
88 2 1 1 1
89 2 2 0 1
90 0 2 0 2
91 2 0 0 0
92 1 1 0 5
93 1 2 0 3
94 0 2 0 4
95 2 0 0 1
96 2 1 1 1
97 2 1 0 0
98 3 2 0 1
99 1 0 0 1
100 2 1 0 5
101 2 0 0 1
102 3 1 0 1
103 4 1 0 0
104 1 1 0 2
105 3 0 2 0
106 3 1 0 0
107 3 3 1 1
108 1 1 1 0
109 4 1 2 2
110 5 2 1 0
111 7 2 2 3
112 5 4 0 2
113 3 0 1 1
114 4 1 4 5
115 7 2 1 4
116 3 6 0 4
117 3 1 2 2
118 3 0 2 5
119 3 0 4 3
120 1 2 4 5
121 0 3 0 2
122 6 2 0 4
123 5 4 1 2
124 1 1 4 4
125 7 2 2 3
126 3 0 1 4
127 5 1 3 6
128 5 2 2 2
129 3 0 0 4
130 2 3 2 2
131 4 3 2 6
132 3 1 3 3
133 7 3 3 1
134 5 1 3 7
135 5 0 0 3
136 1 4 2 0
137 4 1 1 5
138 4 3 1 3
139 5 2 2 4
140 1 4 3 5
141 4 0 4 5
142 4 3 0 4
143 5 4 1 6
144 2 4 0 3
145 4 2 0 4
146 4 3 2 3
147 7 1 1 6
148 2 3 2 4
149 5 1 2 2
150 7 1 0 5
151 11 4 3 3
152 8 4 3 4
153 9 0 1 5
154 13 2 3 0
155 10 3 0 5
156 6 6 2 5
157 7 2 5 2
158 9 3 3 8
159 14 10 3 6
160 7 9 5 3
161 6 4 2 4
162 8 6 2 2
163 6 10 2 11
164 6 7 4 11
165 8 3 2 7
166 10 6 0 9
167 2 5 4 13
168 4 6 3 12
169 10 5 2 8
170 7 4 2 7
171 6 2 3 8
172 8 4 2 5
173 4 4 0 10
174 8 8 3 6
175 6 7 3 6
176 10 4 1 8
177 9 4 1 8
178 8 2 3 11
179 12 4 2 8
180 5 5 3 2
181 11 8 3 10
182 13 3 3 5
183 7 5 5 8
184 13 6 4 3
185 10 3 3 6
186 9 7 1 4
187 13 5 1 13
188 8 5 6 11
189 11 8 4 9
190 11 7 7 9
191 12 6 4 10
192 11 6 4 8
193 9 4 2 8
194 12 9 2 5
195 12 8 2 11
196 13 5 4 8
197 11 9 3 14
198 9 5 8 9
199 15 5 8 14
200 9 9 4 8
201 15 7 4 13
202 9 5 5 11
203 11 8 3 9
204 8 6 6 14
205 9 7 3 11
206 15 10 7 11
207 11 5 5 13
208 7 11 6 9
209 5 7 2 7
210 9 4 2 14
211 5 2 7 14
212 6 7 1 15
213 8 5 3 9
214 8 4 4 11
215 7 9 5 13
216 10 4 3 9
217 7 5 2 6
218 7 2 1 8
219 3 5 2 11
220 8 3 3 7
221 11 4 4 7
222 7 9 3 8
223 6 2 4 8
224 5 5 1 9
225 8 6 2 6
226 5 4 2 9
227 6 6 4 4
228 5 2 3 7
229 4 6 0 12
230 6 5 8 7
231 6 2 2 9
232 4 5 0 4
233 2 5 1 4
234 1 3 3 8
235 4 5 1 6
236 2 3 4 6
237 4 3 3 10
238 4 2 0 7
239 5 1 1 5
240 4 2 2 5
241 4 0 1 5
242 5 3 0 4
243 3 3 1 7
244 5 1 4 4
245 2 1 1 2
246 5 3 1 2
247 2 3 2 5
248 2 4 1 1
249 1 3 2 2
250 1 1 1 2
251 3 4 0 6
252 1 3 0 1
253 0 3 0 7
254 2 1 2 5
255 1 2 1 7
256 4 1 0 3
257 0 0 1 1
258 2 0 0 4
259 1 0 1 5
260 2 1 1 3
261 3 1 1 1
262 1 0 0 0
263 0 0 2 0
264 0 2 0 3
265 2 2 3 1
266 1 0 1 1
267 2 2 0 1
268 1 0 0 1
269 1 0 0 3
270 1 2 2 3
271 0 1 0 3
272 0 1 0 1
273 1 1 0 0
274 1 0 0 3
275 1 0 0 1
276 0 1 0 1
277 1 0 0 3
278 1 1 0 0
279 0 1 0 0
280 1 0 0 0
281 3 0 0 0
282 0 1 0 1
283 1 0 1 1
284 2 1 0 0
285 2 1 0 0
286 1 2 2 1
287 1 1 0 0
288 1 0 1 0
289 1 0 1 1
290 0 1 0 3
291 0 0 0 1
292 2 1 0 1
293 1 2 0 2
294 0 1 1 2
295 0 0 1 1
296 0 0 0 1
297 0 1 1 1
298 0 0 0 2
299 0 0 0 1
300 1 0 0 1
301 0 0 0 0
302 2 0 1 1
303 0 0 0 0
304 0 0 0 2
305 0 1 0 0
306 0 0 0 1
307 2 0 1 0
308 2 0 0 0
309 2 0 0 0
310 1 0 0 0
311 1 1 0 0
312 1 1 1 1
313 0 1 1 0
314 1 1 1 1
315 0 0 0 1
316 0 0 0 1
317 1 0 0 0
318 0 0 0 2
319 0 1 0 1
320 0 1 0 1
321 0 0 1 1
322 0 0 0 0
323 1 1 0 0
324 0 0 0 0
325 1 0 0 2
326 1 1 0 0
327 0 0 0 1
328 0 0 1 0
329 0 0 0 0
330 0 0 1 2
331 0 1 0 0
332 0 0 0 0
333 0 0 0 0
334 0 0 0 1
335 1 0 0 1
336 0 0 0 0
337 0 0 0 0
338 0 0 0 1
339 0 0 0 0
340 1 1 0 0
341 0 0 0 0
342 1 0 0 0
343 0 0 0 0
344 1 0 0 1
345 1 1 0 0
346 0 0 0 0
347 0 1 0 0
348 1 0 0 0
349 1 0 0 1
350 0 0 0 0
351 1 0 0 0
352 0 0 0 0
353 0 1 0 0
354 0 1 0 1
355 1 0 0 0
356 0 0 0 0
357 0 1 0 0
358 0 0 1 0
359 1 0 0 0
360 0 1 1 1
361 0 0 0 2
362 1 0 0 0
363 0 0 0 0
364 0 0 0 1
365 0 0 0 1
366 0 0 0 0
367 0 0 0 1
368 1 1 0 0
369 0 0 0 0
370 0 0 0 0
371 0 1 0 0
372 0 0 0 1
373 1 0 1 0
374 0 0 0 0
375 0 0 0 0
376 1 0 0 0
377 0 0 0 1
378 0 1 0 1
379 0 0 0 0
380 1 0 0 0
381 1 0 0 0
382 0 0 0 0
383 0 0 0 0
384 0 0 0 0
385 0 1 1 1
386 0 0 0 0
387 0 0 0 0
388 0 0 0 0
389 0 0 0 2
390 0 0 1 0
391 2 0 0 0
392 0 0 0 0
393 0 0 0 0
394 0 0 0 0
395 0 0 0 0
396 0 1 0 0
397 1 0 0 1
398 0 0 0 0
399 1 0 0 0
400 0 1 0 1
401 0 0 0 0
402 0 1 0 0
403 1 0 0 0
404 1 1 0 1
405 2 0 0 0
406 1 0 0 0
407 0 0 0 0
408 1 0 1 1
409 0 0 0 1
410 0 2 0 0
411 0 0 0 0
412 1 0 0 0
413 0 1 1 0
414 1 0 0 2
415 1 0 0 1
416 1 0 0 0
417 2 1 0 1
418 0 0 0 0
419 0 1 0 0
420 1 1 0 1
421 0 0 2 1
422 0 1 1 0
423 1 0 0 1
424 0 0 0 1
425 0 1 0 0
426 0 0 0 0
427 1 0 0 0
428 0 1 0 2
429 0 0 0 2
430 0 0 0 0
431 0 0 0 0
432 4 0 0 2
433 1 0 0 0
434 2 0 0 0
435 2 0 0 0
436 0 0 1 0
437 0 2 0 0
438 1 0 0 0
439 0 1 1 0
440 2 1 0 0
441 0 1 1 1
442 0 0 1 0
443 0 0 0 2
444 0 1 0 2
445 1 0 1 2
446 0 0 0 0
447 0 1 0 0
448 1 0 0 2
449 2 0 1 1
450 0 0 1 0
451 0 0 0 0
452 0 0 0 1
453 0 1 0 0
454 1 1 0 2
455 1 0 0 0
456 0 0 0 1
457 0 0 0 1
458 1 1 0 1
459 0 1 0 0
460 1 0 1 0
461 0 0 0 0
462 1 0 0 1
463 2 0 1 1
464 2 0 0 0
465 1 1 0 0
466 1 0 0 0
467 1 1 0 2
468 0 1 0 0
469 1 0 0 1
470 0 0 0 0
471 1 0 0 1
472 2 1 1 1
473 2 1 1 0
474 1 1 1 0
475 0 1 0 0
476 1 0 0 2
477 1 0 0 2
478 1 0 0 2
479 1 1 0 1
480 1 0 1 0
481 0 0 2 0
482 1 2 1 0
483 0 0 1 1
484 2 1 0 0
485 0 1 1 3
486 1 0 0 1
487 1 1 0 1
488 1 0 0 0
489 2 1 1 3
490 0 0 0 0
491 0 0 0 2
492 0 1 0 1
493 0 0 0 1
494 1 0 0 0
495 1 1 0 0
496 1 0 0 2
497 2 0 1 0
498 1 2 0 0
499 1 0 1 0
500 1 0 1 0
501 5 1 0 1
502 2 0 1 2
503 2 0 1 1
504 1 0 1 0
505 1 0 0 2
506 1 3 0 1
507 0 1 0 2
508 0 1 0 0
509 1 1 0 0
510 0 2 1 2
511 0 0 1 1
512 1 0 1 1
513 0 1 0 1
514 0 2 0 3
515 0 1 0 0
516 2 0 0 1
517 2 0 1 2
518 1 0 0 2
519 3 0 0 2
520 1 0 0 0
521 3 2 0 2
522 1 0 1 0
523 2 0 1 0
524 1 2 0 0
525 1 1 0 2
526 3 1 1 0
527 1 1 0 0
528 3 1 1 2
529 0 0 0 1
530 3 2 0 2
531 0 1 0 1
532 2 0 1 3
533 1 1 1 1
534 2 1 1 1
535 2 0 1 1
536 0 1 0 0
537 0 2 1 3
538 1 0 0 0
539 2 2 2 1
540 2 0 0 1
541 2 0 1 4
542 3 0 1 1
543 1 1 1 1
544 2 1 3 1
545 0 1 0 2
546 3 2 0 3
547 1 1 0 0
548 3 1 0 2
549 1 2 1 2
550 2 0 0 2
551 2 1 3 3
552 2 1 0 1
553 1 1 1 2
554 3 0 0 1
555 3 1 0 2
556 3 0 1 2
557 3 2 1 1
558 4 1 0 3
559 1 4 1 1
560 3 2 2 1
561 1 2 1 1
562 1 0 0 0
563 1 3 1 3
564 4 1 0 3
565 2 2 0 2
566 3 2 1 3
567 2 1 2 2
568 2 0 0 2
569 3 2 1 2
570 1 2 0 6
571 0 2 0 1
572 3 1 1 0
573 1 1 0 2
574 4 1 1 3
575 0 0 1 2
576 1 0 1 2
577 1 1 2 2
578 0 1 2 2
579 0 2 1 3
580 1 0 0 0
581 1 1 1 4
582 1 0 0 1
583 1 2 0 3
584 0 0 0 1
585 0 0 1 2
586 0 2 0 1
587 1 0 1 1
588 1 0 0 1
589 2 0 1 0
590 0 0 0 2
591 0 0 0 1
592 0 0 1 1
593 0 1 0 2
594 0 2 0 0
595 2 0 0 0
596 0 0 1 1
597 1 0 0 0
598 1 0 0 0
599 3 0 0 0
600 2 0 1 2
601 0 0 0 2
602 0 1 0 0
603 0 1 0 0
604 0 0 1 1
605 0 0 0 0
606 3 0 0 1
607 1 0 0 1
608 0 3 0 0
609 1 1 1 0
610 1 0 0 0
611 1 1 1 1
612 3 1 0 0
613 1 0 0 2
614 0 1 0 0
615 1 2 0 4
616 0 0 0 2
617 0 2 1 0
618 0 0 0 0
619 0 0 0 0
620 0 0 2 0
621 3 0 0 4
622 1 1 0 2
623 2 0 0 0
624 0 0 0 2
625 2 0 0 0
626 0 0 0 0
627 1 0 0 0
628 1 1 0 0
629 1 0 0 1
630 1 3 1 0
631 0 1 0 0
632 2 1 0 1
633 1 0 1 0
634 1 0 1 2
635 1 1 1 1
636 0 1 0 0
637 1 1 0 3
638 1 0 0 0
639 0 0 0 1
640 1 0 0 0
641 0 0 1 1
642 0 1 1 2
643 0 0 1 1
644 1 0 1 1
645 0 1 0 1
646 0 0 0 1
647 0 1 0 0
648 0 0 0 1
649 1 0 0 1
650 2 0 0 1
651 0 0 0 0
652 0 0 0 1
653 1 1 0 0
654 0 0 0 1
655 0 0 1 0
656 0 1 0 0
657 0 0 0 0
658 0 2 0 0
659 0 0 0 0
660 0 0 0 1
661 1 0 0 0
662 0 0 0 1
663 0 0 0 1
664 0 0 0 0
665 0 0 0 2
666 0 1 0 0
667 0 0 0 0
668 0 0 0 0
669 0 0 0 0
670 0 0 0 0
671 0 0 0 0
672 0 0 0 0
673 0 0 0 1
674 0 0 0 0
675 0 0 0 0
676 0 0 0 0
677 0 0 0 0
678 0 0 0 0
679 0 0 0 0
680 0 0 0 0
681 0 0 0 0
682 1 0 0 0
683 0 0 0 0
684 0 0 0 0
685 0 0 0 0
686 0 0 0 0
687 0 1 0 0
688 0 0 0 0
689 0 0 0 0
690 0 0 0 0
691 0 0 0 0
692 0 0 0 1
693 0 0 0 0
694 0 0 0 0
695 0 0 0 0
696 0 0 0 0
697 0 0 0 0
698 0 0 0 0
699 0 0 0 0
700 0 0 0 0
701 0 0 0 0
702 0 0 0 0
703 0 0 0 0
704 0 0 0 0
705 0 0 0 0
706 0 0 0 0
707 0 0 0 0
708 1 0 0 0
709 0 0 0 0
710 0 0 0 0
711 0 0 0 0
712 0 0 0 0
713 0 1 0 0
714 0 0 0 0
715 0 0 0 0
716 0 0 0 0
717 0 0 0 1
718 0 0 0 0
719 0 0 0 0
720 0 0 0 0
721 0 0 0 0
722 0 0 0 0
723 0 0 0 0
724 0 0 0 0
725 0 0 0 0
726 0 0 0 0
727 0 0 0 0
