0 0 0 0 0
1 0 0 0 0
2 0 0 0 0
3 0 0 0 0
4 0 0 0 0
5 0 2 2 0
6 0 0 0 0
7 0 0 0 0
8 0 0 0 0
9 1 1 0 1
10 0 0 0 0
11 0 0 0 0
12 0 0 0 3
13 0 0 0 0
14 0 1 0 0
15 0 0 0 0
16 0 0 0 1
17 0 0 0 0
18 0 0 0 0
19 0 0 0 0
20 1 0 0 0
21 3 0 0 1
22 0 0 0 0
23 2 0 0 0
24 1 0 0 0
25 1 0 0 0
26 3 0 0 0
27 1 0 0 0
28 1 1 0 0
29 1 2 0 0
30 1 2 1 0
31 0 0 2 0
32 0 1 0 0
33 0 0 0 1
34 0 0 0 1
35 0 0 2 2
36 0 1 0 1
37 0 0 1 2
38 0 0 1 1
39 0 0 1 1
40 0 0 0 1
41 1 0 0 1
42 0 0 0 3
43 1 0 0 1
44 1 0 0 0
45 0 0 0 0
46 0 0 0 0
47 2 0 0 0
48 1 1 0 0
49 2 0 0 0
50 0 0 1 0
51 3 0 0 0
52 1 1 0 0
53 2 1 0 0
54 1 1 0 1
55 2 0 0 1
56 2 2 1 1
57 0 1 0 0
58 1 2 0 1
59 0 1 0 0
60 0 1 1 2
61 0 1 0 1
62 0 1 0 0
63 1 0 0 2
64 0 2 0 1
65 1 2 0 3
66 0 0 0 3
67 2 0 0 0
68 2 0 1 2
69 2 0 0 1
70 1 1 0 0
71 2 0 0 1
72 1 0 0 0
73 3 0 0 0
74 2 0 0 1
75 0 2 0 1
76 2 1 1 0
77 1 1 2 0
78 0 2 2 0
79 0 1 0 1
80 0 0 1 1
81 1 0 1 2
82 1 2 0 3
83 0 1 0 2
84 1 0 0 2
85 2 0 1 2
86 1 1 0 0
87 0 1 0 1
88 2 0 0 1
89 1 0 0 1
90 3 1 0 1
91 2 0 0 1
92 3 0 0 1
93 6 1 1 1
94 4 1 1 0
95 2 0 1 0
96 0 1 0 0
97 2 2 2 2
98 1 3 1 1
99 2 5 0 1
100 2 0 2 1
101 1 0 0 4
102 0 1 0 4
103 1 1 2 4
104 1 1 2 2
105 4 2 0 0
106 1 1 1 3
107 1 0 0 2
108 2 0 1 1
109 2 0 0 1
110 3 3 0 3
111 1 0 0 2
112 1 1 0 2
113 2 1 0 1
114 0 1 1 1
115 1 3 2 0
116 2 2 0 1
117 1 1 0 3
118 0 2 1 1
119 4 0 0 2
120 1 1 0 0
121 3 1 2 1
122 4 1 0 4
123 3 0 0 2
124 1 1 0 1
125 2 1 0 3
126 1 1 2 0
127 1 1 1 1
128 3 3 2 2
129 1 2 0 2
130 0 2 0 2
131 2 1 1 3
132 2 0 0 3
133 2 2 0 1
134 2 2 0 1
135 3 0 1 4
136 2 0 0 2
137 3 4 0 1
138 3 0 0 2
139 4 1 1 1
140 3 3 2 1
141 6 2 0 3
142 2 2 2 0
143 6 0 0 1
144 1 1 0 4
145 8 0 1 2
146 3 4 2 4
147 5 4 0 3
148 6 4 2 1
149 8 4 0 2
150 3 3 1 3
151 4 3 0 2
152 7 5 1 4
153 6 0 4 6
154 7 7 5 4
155 9 2 1 3
156 4 1 2 5
157 6 0 6 3
158 9 2 2 7
159 3 1 5 4
160 7 5 3 3
161 12 2 2 8
162 8 4 4 3
163 3 6 1 6
164 5 1 1 8
165 5 5 3 7
166 5 5 4 9
167 7 4 4 7
168 5 3 1 2
169 2 4 0 7
170 5 7 0 8
171 4 4 2 6
172 5 3 3 6
173 6 5 1 6
174 9 2 1 5
175 10 4 4 7
176 4 0 5 7
177 11 3 3 7
178 13 3 0 2
179 10 4 2 5
180 9 4 2 7
181 8 2 3 4
182 12 8 4 5
183 9 8 2 5
184 12 8 2 6
185 10 5 0 5
186 8 3 2 8
187 11 9 7 6
188 12 4 7 6
189 13 8 4 10
190 11 9 6 11
191 7 6 2 10
192 10 6 2 6
193 9 4 3 9
194 12 3 3 19
195 8 4 5 11
196 7 6 3 7
197 9 10 3 13
198 7 10 4 9
199 6 7 7 9
200 10 3 3 5
201 11 7 2 10
202 8 3 3 11
203 10 4 4 12
204 8 5 3 9
205 8 4 5 9
206 16 4 6 11
207 4 8 1 10
208 9 5 4 9
209 6 6 1 7
210 7 5 4 10
211 3 8 3 7
212 5 4 5 12
213 5 8 2 7
214 3 6 5 9
215 2 7 4 8
216 2 2 1 8
217 3 2 2 9
218 5 2 1 11
219 7 1 3 11
220 4 0 1 9
221 2 6 0 5
222 7 4 4 5
223 7 2 1 5
224 6 4 2 1
225 6 0 0 4
226 6 0 0 6
227 6 4 3 2
228 7 3 3 8
229 3 4 2 4
230 3 4 4 2
231 1 5 2 8
232 2 3 5 5
233 2 8 1 4
234 5 1 1 5
235 4 2 0 5
236 3 2 0 6
237 1 3 1 10
238 1 4 0 4
239 1 2 3 6
240 2 1 0 4
241 1 2 1 1
242 0 0 1 3
243 2 2 1 3
244 2 2 1 5
245 0 0 0 3
246 0 2 0 3
247 0 0 0 2
248 2 2 0 3
249 1 1 3 0
250 4 0 0 2
251 2 0 0 1
252 4 1 0 1
253 3 0 1 3
254 3 1 0 0
255 1 0 2 1
256 2 1 0 4
257 1 0 3 1
258 1 1 0 1
259 1 2 2 2
260 1 2 0 0
261 0 1 1 3
262 1 2 0 1
263 2 2 0 2
264 0 0 0 2
265 2 2 1 0
266 1 1 0 4
267 1 0 0 2
268 1 1 0 2
269 0 0 0 3
270 0 1 0 1
271 1 2 0 0
272 0 2 1 1
273 0 1 0 0
274 2 0 1 0
275 1 0 0 1
276 0 0 0 2
277 0 0 0 1
278 2 0 0 3
279 2 2 0 1
280 2 1 0 1
281 0 0 0 0
282 0 0 0 0
283 1 1 0 1
284 1 1 1 1
285 0 1 0 0
286 0 0 0 1
287 0 0 1 1
288 0 1 1 1
289 0 1 0 1
290 0 0 0 0
291 0 0 0 1
292 0 0 0 0
293 0 1 0 1
294 1 0 0 1
295 0 0 0 1
296 0 0 0 1
297 0 0 0 0
298 1 0 0 0
299 1 0 0 0
300 0 0 0 1
301 0 0 0 0
302 0 0 0 0
303 0 1 1 0
304 1 0 0 0
305 0 0 0 0
306 0 0 0 0
307 0 0 0 0
308 0 0 1 0
309 0 0 1 0
310 1 0 0 2
311 0 0 0 0
312 0 0 0 0
313 0 0 0 1
314 0 0 0 0
315 0 1 0 1
316 0 0 0 0
317 0 0 0 0
318 0 0 0 0
319 0 0 0 1
320 0 0 0 0
321 0 0 0 0
322 0 0 0 0
323 1 0 0 0
324 0 0 0 0
325 0 0 0 0
326 0 0 0 0
327 0 0 0 0
328 0 1 0 0
329 0 0 0 0
330 0 0 0 0
331 0 0 0 0
332 0 0 0 0
333 1 0 0 0
334 1 0 0 0
335 0 0 0 1
336 0 0 0 0
337 0 0 0 0
338 0 0 0 0
339 0 1 0 0
340 0 0 0 0
341 0 0 0 0
342 0 1 0 0
343 0 0 0 0
344 0 0 0 0
345 0 0 0 0
346 0 0 0 1
347 0 0 0 0
348 0 0 0 0
349 0 0 0 1
350 0 0 0 0
351 0 0 0 0
352 0 0 0 0
353 0 0 0 0
354 0 0 0 0
355 0 0 0 0
356 0 0 0 0
357 0 0 0 0
358 0 0 0 0
359 0 0 0 0
360 0 0 0 0
361 0 0 0 0
362 0 0 0 0
363 0 0 0 0
364 0 0 0 0
365 0 0 0 0
366 0 0 0 0
367 0 0 0 0
368 0 0 0 0
369 0 0 0 0
370 0 0 0 0
371 0 0 0 0
372 0 0 0 0
373 0 0 0 0
374 0 0 0 0
375 0 0 0 0
376 0 0 0 0
377 0 0 0 0
378 0 0 0 0
379 0 0 0 0
380 0 0 0 0
381 0 0 0 0
382 0 0 0 0
383 0 0 0 0
384 0 0 0 0
385 0 0 0 0
386 0 0 0 0
387 0 0 0 0
388 0 0 0 0
389 0 0 0 0
390 0 0 0 0
391 0 0 0 0
392 0 0 0 0
393 0 0 0 0
394 0 0 0 0
395 0 0 0 0
396 0 0 0 0
397 0 0 0 0
398 0 0 0 0
399 0 0 0 0
400 0 0 0 0
401 0 0 0 0
402 0 0 0 0
403 0 0 0 0
404 0 0 0 0
405 0 0 0 0
406 0 0 0 0
407 0 0 0 0
408 0 0 0 0
409 0 0 0 0
410 0 0 0 0
411 0 0 0 0
412 0 0 0 0
413 0 0 0 0
414 0 0 0 0
415 0 0 0 0
416 0 0 0 0
417 0 0 0 0
418 0 0 0 0
419 0 0 0 0
420 0 0 0 0
421 0 0 0 0
422 0 0 0 0
423 0 0 0 0
424 0 0 0 0
425 0 0 0 0
426 0 0 0 0
427 0 0 0 0
428 0 0 0 0
429 0 0 0 0
430 0 0 0 0
431 0 0 0 0
432 0 0 0 0
433 0 0 0 0
434 0 0 0 0
435 0 0 0 0
436 0 0 0 0
437 0 0 0 0
438 0 0 0 0
439 0 0 0 0
440 0 0 0 0
441 0 0 0 0
442 0 0 0 0
443 0 0 0 0
444 0 0 0 0
445 0 0 0 0
446 0 0 0 0
447 0 0 0 0
448 0 0 0 0
449 0 0 0 0
450 0 0 0 0
451 0 0 0 0
452 0 0 0 0
453 0 0 0 0
454 0 0 0 0
455 0 0 0 0
456 0 0 0 0
457 0 0 0 0
458 0 0 0 0
459 0 0 0 0
460 0 0 0 0
461 0 0 0 0
462 0 0 0 0
463 0 0 0 0
464 0 0 0 0
465 0 0 0 0
466 0 0 0 0
467 0 0 0 0
468 0 0 0 0
469 0 0 0 0
470 0 0 0 0
471 0 0 0 0
472 0 0 0 0
473 0 0 0 0
474 0 0 0 0
475 0 0 0 0
476 0 0 0 0
477 0 0 0 0
478 0 0 0 0
479 0 0 0 0
480 0 0 0 0
481 0 0 0 0
482 0 0 0 0
483 0 0 0 0
484 0 0 0 0
485 0 0 0 0
486 0 0 0 0
487 0 0 0 0
488 0 0 0 0
489 0 0 0 0
490 0 0 0 0
491 0 0 0 0
492 0 0 0 0
493 0 0 0 0
494 0 0 0 0
495 0 0 0 0
496 0 0 0 0
497 0 0 0 0
498 0 0 0 0
499 0 0 0 0
500 0 0 0 0
501 0 0 0 0
502 0 0 0 0
503 0 0 0 0
504 0 0 0 0
505 0 0 0 0
506 0 0 0 0
507 0 0 0 0
508 0 0 0 0
509 0 0 0 0
510 0 0 0 0
511 0 0 0 0
512 0 0 0 0
513 0 0 0 0
514 0 0 0 0
515 0 0 0 0
516 0 0 0 0
517 0 0 0 0
518 0 0 0 0
519 0 0 0 0
520 0 0 0 0
521 0 0 0 0
522 0 0 0 0
523 0 0 0 0
524 0 0 0 0
525 0 0 0 0
526 0 0 0 0
527 0 0 0 0
528 0 0 0 0
529 0 0 0 0
530 0 0 0 0
531 0 0 0 0
532 0 0 0 0
533 0 0 0 0
534 0 0 0 0
535 0 0 0 0
536 0 0 0 0
537 0 0 0 0
538 0 0 0 0
539 0 0 0 0
540 0 0 0 0
541 0 0 0 0
542 0 0 0 0
543 0 0 0 0
544 0 0 0 0
545 0 0 0 0
546 0 0 0 0
547 0 0 0 0
548 0 0 0 0
549 0 0 0 0
550 0 0 0 0
551 0 0 0 0
552 0 0 0 0
553 0 0 0 0
554 0 0 0 0
555 0 0 0 0
556 0 0 0 0
557 0 0 0 0
558 0 0 0 0
559 0 0 0 0
560 0 0 0 0
561 0 0 0 0
562 0 0 0 0
563 0 0 0 0
564 0 0 0 0
565 0 0 0 0
566 0 0 0 0
567 0 0 0 0
568 0 0 0 0
569 0 0 0 0
570 0 0 0 0
571 0 0 0 0
572 0 0 0 0
573 0 0 0 0
574 0 0 0 0
575 0 0 0 0
576 0 0 0 0
577 0 0 0 0
578 0 0 0 0
579 0 0 0 0
580 0 0 0 0
581 0 0 0 0
582 0 0 0 0
583 0 0 0 0
584 0 0 0 0
585 0 0 0 0
586 0 0 0 0
587 0 0 0 0
588 0 0 0 0
589 0 0 0 0
590 0 0 0 0
591 0 0 0 0
592 0 0 0 0
593 0 0 0 0
594 0 0 0 0
595 0 0 0 0
596 0 0 0 0
597 0 0 0 0
598 0 0 0 0
599 0 0 0 0
600 0 0 0 0
601 0 0 0 0
602 0 0 0 0
603 0 0 0 0
604 0 0 0 0
605 0 0 0 0
606 0 0 0 0
607 0 0 0 0
608 0 0 0 0
609 0 0 0 0
610 0 0 0 0
611 0 0 0 0
612 0 0 0 0
613 0 0 0 0
614 0 0 0 0
615 0 0 0 0
616 0 0 0 0
617 0 0 0 0
618 0 0 0 0
619 0 0 0 0
620 0 0 0 0
621 0 0 0 0
622 0 0 0 0
623 0 0 0 0
624 0 0 0 0
625 0 0 0 0
626 0 0 0 0
627 0 0 0 0
628 0 0 0 0
629 0 0 0 0
630 0 0 0 0
631 0 0 0 0
632 0 0 0 0
633 0 0 0 0
634 0 0 0 0
635 0 0 0 0
636 0 0 0 0
637 0 0 0 0
638 0 0 0 0
639 0 0 0 0
640 0 0 0 0
641 0 0 0 0
642 0 0 0 0
643 0 0 0 0
644 0 0 0 0
645 0 0 0 0
646 0 0 0 0
647 0 0 0 0
648 0 0 0 0
649 0 0 0 0
650 0 0 0 0
651 0 0 0 0
652 0 0 0 0
653 0 0 0 0
654 0 0 0 0
655 0 0 0 0
656 0 0 0 0
657 0 0 0 0
658 0 0 0 0
659 0 0 0 0
660 0 0 0 0
661 0 0 0 0
662 0 0 0 0
663 0 0 0 0
664 0 0 0 0
665 0 0 0 0
666 0 0 0 0
667 0 0 0 0
668 0 0 0 0
669 0 0 0 0
670 0 0 0 0
671 0 0 0 0
672 0 0 0 0
673 0 0 0 0
674 0 0 0 0
675 0 0 0 0
676 0 0 0 0
677 0 0 0 0
678 0 0 0 0
679 0 0 0 0
680 0 0 0 0
681 0 0 0 0
682 0 0 0 0
683 0 0 0 0
684 0 0 0 0
685 0 0 0 0
686 0 0 0 0
687 0 0 0 0
688 0 0 0 0
689 0 0 0 0
690 0 0 0 0
691 0 0 0 0
692 0 0 0 0
693 0 0 0 0
694 0 0 0 0
695 0 0 0 0
696 0 0 0 0
697 0 0 0 0
698 0 0 0 0
699 0 0 0 0
700 0 0 0 0
701 0 0 0 0
702 0 0 0 0
703 0 0 0 0
704 0 0 0 0
705 0 0 0 0
706 0 0 0 0
707 0 0 0 0
708 0 0 0 0
709 0 0 0 0
710 0 0 0 0
711 0 0 0 0
712 0 0 0 0
713 0 0 0 0
714 0 0 0 0
715 0 0 0 0
716 0 0 0 0
717 0 0 0 0
718 0 0 0 0
719 0 0 0 0
720 0 0 0 0
721 0 0 0 0
722 0 0 0 0
723 0 0 0 0
724 0 0 0 0
725 0 0 0 0
726 0 0 0 0
727 0 0 0 0
