0 0 0 0 0
1 0 0 0 0
2 0 0 0 0
3 0 0 0 0
4 0 0 0 0
5 0 2 0 0
6 0 0 0 0
7 0 0 0 0
8 0 0 0 0
9 0 2 1 0
10 0 0 0 0
11 0 0 0 0
12 0 0 0 2
13 0 0 0 2
14 0 0 0 0
15 0 0 0 0
16 0 0 0 1
17 0 0 0 0
18 0 0 0 0
19 0 0 0 0
20 1 0 0 0
21 0 0 0 0
22 1 0 0 0
23 1 0 0 0
24 2 0 0 0
25 2 0 0 0
26 0 0 0 0
27 2 1 0 0
28 0 0 0 0
29 0 2 1 0
30 0 0 0 0
31 1 0 0 1
32 1 1 1 0
33 0 0 0 1
34 1 1 1 0
35 0 0 0 0
36 0 0 2 4
37 1 0 0 0
38 1 0 0 2
39 2 0 0 0
40 2 0 0 1
41 1 0 1 0
42 0 0 0 0
43 0 1 1 1
44 2 0 0 0
45 1 1 0 1
46 0 1 1 0
47 3 0 0 2
48 2 2 0 0
49 3 1 0 1
50 0 1 0 1
51 1 0 0 0
52 1 1 0 0
53 3 1 2 1
54 0 1 1 0
55 2 0 0 2
56 2 1 2 2
57 0 1 0 3
58 2 0 2 2
59 2 0 0 0
60 0 2 0 3
61 3 2 1 0
62 3 2 0 1
63 3 0 0 1
64 1 2 1 2
65 0 0 0 2
66 2 0 0 1
67 1 3 0 1
68 0 1 2 4
69 2 0 0 1
70 4 2 1 1
71 1 0 0 1
72 2 1 0 3
73 1 0 1 0
74 2 0 1 4
75 3 3 1 0
76 2 2 0 1
77 4 1 0 1
78 3 0 1 1
79 2 3 2 3
80 3 0 1 1
81 2 1 1 0
82 7 0 1 2
83 2 0 0 4
84 4 2 0 1
85 4 1 1 2
86 4 4 2 3
87 2 4 1 1
88 4 2 1 2
89 4 0 2 2
90 5 1 1 2
91 5 4 4 4
92 4 1 1 1
93 3 5 1 4
94 4 1 0 3
95 4 2 1 6
96 3 1 2 3
97 2 1 1 4
98 4 7 0 5
99 3 3 2 1
100 6 2 1 3
101 4 4 3 2
102 2 0 0 6
103 5 2 3 6
104 4 2 3 2
105 4 3 0 6
106 4 4 1 2
107 6 2 2 3
108 3 0 3 8
109 4 3 1 1
110 4 4 0 6
111 5 3 2 3
112 4 3 3 3
113 9 4 0 4
114 4 1 2 3
115 10 3 1 5
116 5 2 4 6
117 4 2 0 3
118 4 3 1 4
119 5 1 2 8
120 10 4 2 6
121 6 5 3 1
122 2 6 4 4
123 11 3 0 5
124 8 4 4 4
125 5 3 2 6
126 6 4 2 6
127 11 3 1 5
128 7 3 4 8
129 7 1 6 8
130 9 1 3 6
131 9 2 3 4
132 10 8 5 6
133 8 4 2 5
134 6 3 1 5
135 14 4 2 7
136 9 9 3 14
137 6 7 7 4
138 4 5 3 2
139 9 3 6 7
140 7 6 2 10
141 3 5 3 11
142 7 7 2 8
143 8 4 2 9
144 5 12 5 10
145 8 2 4 5
146 11 2 1 8
147 5 2 2 9
148 11 2 1 17
149 10 2 2 9
150 14 6 2 3
151 9 6 4 8
152 12 4 5 3
153 9 8 3 3
154 10 5 3 6
155 11 9 2 7
156 10 8 2 9
157 10 8 4 8
158 13 4 7 9
159 12 7 4 14
160 12 5 6 14
161 12 4 1 9
162 12 8 5 9
163 13 4 5 5
164 8 3 3 14
165 6 10 4 5
166 13 6 6 14
167 14 5 6 7
168 13 8 7 5
169 15 8 6 10
170 12 5 3 13
171 14 7 3 15
172 8 7 4 16
173 9 9 1 9
174 18 6 4 9
175 8 6 5 17
176 13 9 5 15
177 14 6 3 6
178 21 8 3 8
179 16 12 6 10
180 26 5 7 13
181 20 6 5 10
182 11 6 6 10
183 18 12 10 12
184 17 12 2 12
185 18 9 8 9
186 27 14 6 18
187 20 9 6 13
188 13 6 8 14
189 21 15 10 10
190 19 13 8 21
191 23 8 9 18
192 20 13 9 22
193 16 6 4 22
194 26 10 10 18
195 21 15 9 13
196 11 10 7 22
197 18 4 10 17
198 17 12 6 22
199 16 12 6 21
200 21 18 6 12
201 16 8 8 17
202 17 12 6 29
203 10 17 10 16
204 20 9 14 15
205 23 12 9 17
206 15 9 10 15
207 16 8 3 31
208 15 6 5 19
209 22 6 10 23
210 11 8 7 21
211 18 12 5 16
212 17 6 5 11
213 12 14 6 19
214 11 19 6 14
215 20 7 8 17
216 14 11 7 11
217 12 10 7 20
218 12 11 6 23
219 10 5 8 13
220 11 8 10 13
221 10 6 8 23
222 9 5 4 13
223 11 5 2 16
224 8 9 7 14
225 10 7 6 18
226 6 7 4 15
227 6 7 7 10
228 8 6 2 16
229 9 4 2 6
230 9 7 6 12
231 5 1 3 14
232 8 7 5 16
233 6 5 3 6
234 4 5 2 11
235 3 4 5 5
236 5 4 1 9
237 5 5 7 11
238 4 7 5 6
239 3 4 4 14
240 5 0 1 7
241 3 5 1 9
242 2 4 0 11
243 7 1 1 6
244 5 3 1 7
245 3 1 3 8
246 3 1 1 4
247 2 0 3 2
248 2 4 3 3
249 3 3 3 4
250 2 2 2 1
251 5 1 2 2
252 4 2 2 9
253 3 0 1 4
254 2 0 2 5
255 3 1 1 5
256 7 2 4 7
257 2 0 3 1
258 5 4 2 0
259 2 3 1 0
260 3 2 0 3
261 2 2 3 3
262 0 1 0 4
263 3 2 3 5
264 1 1 2 4
265 1 4 2 7
266 1 1 1 1
267 1 0 0 5
268 1 1 1 4
269 4 0 1 3
270 2 1 1 3
271 2 0 1 2
272 0 2 0 4
273 3 1 0 1
274 2 0 1 1
275 1 1 0 1
276 0 2 0 2
277 1 0 0 1
278 5 3 1 2
279 1 0 1 2
280 0 0 1 2
281 0 0 0 0
282 1 1 2 2
283 1 1 2 2
284 1 1 0 1
285 0 0 0 2
286 0 1 0 2
287 0 3 2 3
288 0 0 0 1
289 0 0 0 1
290 0 0 0 1
291 0 0 0 3
292 0 1 0 0
293 0 1 0 0
294 1 0 0 2
295 2 0 0 0
296 1 0 0 1
297 2 0 0 0
298 0 0 0 0
299 0 0 0 0
300 1 0 0 1
301 1 0 1 0
302 1 0 1 0
303 0 0 1 0
304 1 1 1 0
305 0 1 0 1
306 0 0 1 0
307 1 1 0 0
308 0 0 0 1
309 0 0 0 2
310 0 0 1 2
311 0 0 0 2
312 0 0 0 0
313 0 1 0 0
314 0 0 0 1
315 0 0 0 0
316 0 1 0 0
317 0 0 0 1
318 0 0 0 0
319 0 0 0 0
320 0 0 0 1
321 1 0 0 0
322 0 0 0 0
323 0 0 0 0
324 0 0 0 0
325 1 0 0 0
326 0 0 1 0
327 0 0 0 0
328 0 0 0 0
329 0 0 0 0
330 0 1 0 0
331 0 0 0 0
332 0 0 0 0
333 0 0 0 1
334 0 0 0 1
335 0 0 0 0
336 0 0 0 0
337 0 0 0 0
338 0 0 0 0
339 0 0 0 0
340 0 0 0 0
341 0 0 0 0
342 0 0 0 0
343 0 0 0 0
344 0 0 0 0
345 0 0 0 0
346 0 0 0 0
347 0 0 0 0
348 0 0 0 0
349 0 0 0 0
350 0 0 0 0
351 0 0 0 0
352 0 0 0 0
353 0 0 0 0
354 0 0 0 0
355 0 0 0 0
356 0 0 0 0
357 0 0 0 0
358 0 0 0 0
359 0 0 0 0
360 0 0 0 0
361 0 0 0 0
362 0 0 0 0
363 0 0 0 0
364 0 0 0 0
365 0 0 0 0
366 0 0 0 0
367 0 0 0 0
368 0 0 0 0
369 0 0 0 0
370 0 0 0 0
371 0 0 0 0
372 0 0 0 0
373 0 0 0 0
374 0 0 0 0
375 0 0 0 0
376 0 0 0 0
377 0 0 0 0
378 0 0 0 0
379 0 0 0 0
380 0 0 0 0
381 0 0 0 0
382 0 0 0 0
383 0 0 0 0
384 0 0 0 0
385 0 0 0 0
386 0 0 0 0
387 0 0 0 0
388 0 0 0 0
389 0 0 0 0
390 0 0 0 0
391 0 0 0 0
392 0 0 0 0
393 0 0 0 0
394 0 0 0 0
395 0 0 0 0
396 0 0 0 0
397 0 0 0 0
398 0 0 0 0
399 0 0 0 0
400 0 0 0 0
401 0 0 0 0
402 0 0 0 0
403 0 0 0 0
404 0 0 0 0
405 0 0 0 0
406 0 0 0 0
407 0 0 0 0
408 0 0 0 0
409 0 0 0 0
410 0 0 0 0
411 0 0 0 0
412 0 0 0 0
413 0 0 0 0
414 0 0 0 0
415 0 0 0 0
416 0 0 0 0
417 0 0 0 0
418 0 0 0 0
419 0 0 0 0
420 0 0 0 0
421 0 0 0 0
422 0 0 0 0
423 0 0 0 0
424 0 0 0 0
425 0 0 0 0
426 0 0 0 0
427 0 0 0 0
428 0 0 0 0
429 0 0 0 0
430 0 0 0 0
431 0 0 0 0
432 0 0 0 0
433 0 0 0 0
434 0 0 0 0
435 0 0 0 0
436 0 0 0 0
437 0 0 0 0
438 0 0 0 0
439 0 0 0 0
440 0 0 0 0
441 0 0 0 0
442 0 0 0 0
443 0 0 0 0
444 0 0 0 0
445 0 0 0 0
446 0 0 0 0
447 0 0 0 0
448 0 0 0 0
449 0 0 0 0
450 0 0 0 0
451 0 0 0 0
452 0 0 0 0
453 0 0 0 0
454 0 0 0 0
455 0 0 0 0
456 0 0 0 0
457 0 0 0 0
458 0 0 0 0
459 0 0 0 0
460 0 0 0 0
461 0 0 0 0
462 0 0 0 0
463 0 0 0 0
464 0 0 0 0
465 0 0 0 0
466 0 0 0 0
467 0 0 0 0
468 0 0 0 0
469 0 0 0 0
470 0 0 0 0
471 0 0 0 0
472 0 0 0 0
473 0 0 0 0
474 0 0 0 0
475 0 0 0 0
476 0 0 0 0
477 0 0 0 0
478 0 0 0 0
479 0 0 0 0
480 0 0 0 0
481 0 0 0 0
482 0 0 0 0
483 0 0 0 0
484 0 0 0 0
485 0 0 0 0
486 0 0 0 0
487 0 0 0 0
488 0 0 0 0
489 0 0 0 0
490 0 0 0 0
491 0 0 0 0
492 0 0 0 0
493 0 0 0 0
494 0 0 0 0
495 0 0 0 0
496 0 0 0 0
497 0 0 0 0
498 0 0 0 0
499 0 0 0 0
500 0 0 0 0
501 0 0 0 0
502 0 0 0 0
503 0 0 0 0
504 0 0 0 0
505 0 0 0 0
506 0 0 0 0
507 0 0 0 0
508 0 0 0 0
509 0 0 0 0
510 0 0 0 0
511 0 0 0 0
512 0 0 0 0
513 0 0 0 0
514 0 0 0 0
515 0 0 0 0
516 0 0 0 0
517 0 0 0 0
518 0 0 0 0
519 0 0 0 0
520 0 0 0 0
521 0 0 0 0
522 0 0 0 0
523 0 0 0 0
524 0 0 0 0
525 0 0 0 0
526 0 0 0 0
527 0 0 0 0
528 0 0 0 0
529 0 0 0 0
530 0 0 0 0
531 0 0 0 0
532 0 0 0 0
533 0 0 0 0
534 0 0 0 0
535 0 0 0 0
536 0 0 0 0
537 0 0 0 0
538 0 0 0 0
539 0 0 0 0
540 0 0 0 0
541 0 0 0 0
542 0 0 0 0
543 0 0 0 0
544 0 0 0 0
545 0 0 0 0
546 0 0 0 0
547 0 0 0 0
548 0 0 0 0
549 0 0 0 0
550 0 0 0 0
551 0 0 0 0
552 0 0 0 0
553 0 0 0 0
554 0 0 0 0
555 0 0 0 0
556 0 0 0 0
557 0 0 0 0
558 0 0 0 0
559 0 0 0 0
560 0 0 0 0
561 0 0 0 0
562 0 0 0 0
563 0 0 0 0
564 0 0 0 0
565 0 0 0 0
566 0 0 0 0
567 0 0 0 0
568 0 0 0 0
569 0 0 0 0
570 0 0 0 0
571 0 0 0 0
572 0 0 0 0
573 0 0 0 0
574 0 0 0 0
575 0 0 0 0
576 0 0 0 0
577 0 0 0 0
578 0 0 0 0
579 0 0 0 0
580 0 0 0 0
581 0 0 0 0
582 0 0 0 0
583 0 0 0 0
584 0 0 0 0
585 0 0 0 0
586 0 0 0 0
587 0 0 0 0
588 0 0 0 0
589 0 0 0 0
590 0 0 0 0
591 0 0 0 0
592 0 0 0 0
593 0 0 0 0
594 0 0 0 0
595 0 0 0 0
596 0 0 0 0
597 0 0 0 0
598 0 0 0 0
599 0 0 0 0
600 0 0 0 0
601 0 0 0 0
602 0 0 0 0
603 0 0 0 0
604 0 0 0 0
605 0 0 0 0
606 0 0 0 0
607 0 0 0 0
608 0 0 0 0
609 0 0 0 0
610 0 0 0 0
611 0 0 0 0
612 0 0 0 0
613 0 0 0 0
614 0 0 0 0
615 0 0 0 0
616 0 0 0 0
617 0 0 0 0
618 0 0 0 0
619 0 0 0 0
620 0 0 0 0
621 0 0 0 0
622 0 0 0 0
623 0 0 0 0
624 0 0 0 0
625 0 0 0 0
626 0 0 0 0
627 0 0 0 0
628 0 0 0 0
629 0 0 0 0
630 0 0 0 0
631 0 0 0 0
632 0 0 0 0
633 0 0 0 0
634 0 0 0 0
635 0 0 0 0
636 0 0 0 0
637 0 0 0 0
638 0 0 0 0
639 0 0 0 0
640 0 0 0 0
641 0 0 0 0
642 0 0 0 0
643 0 0 0 0
644 0 0 0 0
645 0 0 0 0
646 0 0 0 0
647 0 0 0 0
648 0 0 0 0
649 0 0 0 0
650 0 0 0 0
651 0 0 0 0
652 0 0 0 0
653 0 0 0 0
654 0 0 0 0
655 0 0 0 0
656 0 0 0 0
657 0 0 0 0
658 0 0 0 0
659 0 0 0 0
660 0 0 0 0
661 0 0 0 0
662 0 0 0 0
663 0 0 0 0
664 0 0 0 0
665 0 0 0 0
666 0 0 0 0
667 0 0 0 0
668 0 0 0 0
669 0 0 0 0
670 0 0 0 0
671 0 0 0 0
672 0 0 0 0
673 0 0 0 0
674 0 0 0 0
675 0 0 0 0
676 0 0 0 0
677 0 0 0 0
678 0 0 0 0
679 0 0 0 0
680 0 0 0 0
681 0 0 0 0
682 0 0 0 0
683 0 0 0 0
684 0 0 0 0
685 0 0 0 0
686 0 0 0 0
687 0 0 0 0
688 0 0 0 0
689 0 0 0 0
690 0 0 0 0
691 0 0 0 0
692 0 0 0 0
693 0 0 0 0
694 0 0 0 0
695 0 0 0 0
696 0 0 0 0
697 0 0 0 0
698 0 0 0 0
699 0 0 0 0
700 0 0 0 0
701 0 0 0 0
702 0 0 0 0
703 0 0 0 0
704 0 0 0 0
705 0 0 0 0
706 0 0 0 0
707 0 0 0 0
708 0 0 0 0
709 0 0 0 0
710 0 0 0 0
711 0 0 0 0
712 0 0 0 0
713 0 0 0 0
714 0 0 0 0
715 0 0 0 0
716 0 0 0 0
717 0 0 0 0
718 0 0 0 0
719 0 0 0 0
720 0 0 0 0
721 0 0 0 0
722 0 0 0 0
723 0 0 0 0
724 0 0 0 0
725 0 0 0 0
726 0 0 0 0
727 0 0 0 0
