0 0 0 0 0
1 0 0 0 0
2 0 0 0 0
3 0 0 0 0
4 0 0 0 0
5 0 2 0 0
6 0 0 0 0
7 0 0 0 0
8 0 0 0 0
9 0 3 0 1
10 0 0 0 0
11 0 0 0 0
12 0 0 0 1
13 0 0 0 1
14 0 0 0 0
15 0 0 0 0
16 0 0 0 2
17 0 0 0 0
18 0 0 0 0
19 1 0 0 0
20 2 0 0 0
21 2 0 0 0
22 0 0 0 0
23 0 0 0 0
24 1 1 0 0
25 1 0 0 0
26 0 1 0 0
27 1 0 0 0
28 1 0 0 0
29 0 1 1 0
30 0 0 1 0
31 0 0 0 1
32 0 0 0 0
33 1 1 1 1
34 0 0 1 0
35 1 0 1 0
36 1 0 0 2
37 0 0 0 2
38 0 0 0 1
39 0 0 0 0
40 1 0 1 1
41 0 1 0 0
42 1 1 0 1
43 0 0 0 0
44 0 0 0 0
45 0 0 0 1
46 1 0 0 0
47 2 0 0 1
48 0 0 0 0
49 1 1 0 1
50 1 0 0 0
51 2 2 0 0
52 1 2 0 0
53 2 0 0 1
54 1 1 0 0
55 0 1 0 2
56 1 1 1 1
57 1 0 0 0
58 1 2 0 0
59 2 1 0 2
60 0 0 0 0
61 1 0 2 1
62 0 0 0 1
63 0 0 0 3
64 1 1 0 0
65 0 0 0 2
66 0 1 0 0
67 1 1 0 0
68 1 1 0 1
69 1 0 0 0
70 0 1 0 0
71 1 0 0 1
72 0 0 0 0
73 0 0 1 1
74 1 0 0 1
75 1 0 0 1
76 0 1 0 0
77 0 0 1 1
78 1 0 1 0
79 0 1 0 1
80 1 0 1 1
81 2 0 0 1
82 3 0 0 1
83 1 1 0 0
84 0 1 0 1
85 1 0 0 0
86 3 1 0 1
87 1 2 1 1
88 3 0 0 0
89 1 1 0 0
90 1 2 0 0
91 1 1 2 3
92 0 1 0 0
93 1 0 2 2
94 0 0 0 1
95 0 0 0 2
96 0 1 1 1
97 1 0 1 1
98 1 1 1 1
99 3 1 0 2
100 0 0 0 2
101 2 0 0 1
102 1 0 0 1
103 1 0 1 2
104 1 1 1 0
105 3 0 0 1
106 3 2 0 0
107 2 0 1 0
108 2 1 0 0
109 6 0 0 0
110 3 1 1 2
111 4 1 0 2
112 2 1 3 0
113 2 1 1 1
114 3 4 1 2
115 0 1 2 3
116 4 1 1 2
117 2 2 0 1
118 2 1 2 2
119 4 0 2 3
120 3 1 2 2
121 3 2 2 4
122 5 3 0 4
123 4 2 0 2
124 4 0 2 3
125 1 3 1 5
126 8 0 1 2
127 6 4 1 2
128 4 1 2 0
129 2 0 2 4
130 3 3 2 3
131 4 2 1 4
132 5 4 2 2
133 8 2 2 1
134 4 1 0 6
135 5 4 4 5
136 2 5 1 5
137 2 2 3 4
138 4 1 3 1
139 3 3 2 8
140 2 3 1 4
141 3 1 1 3
142 7 4 1 3
143 1 3 1 8
144 1 2 2 4
145 5 1 1 2
146 6 2 1 3
147 6 2 2 3
148 7 0 1 7
149 6 1 1 3
150 11 2 1 5
151 9 3 4 4
152 8 2 3 1
153 7 1 2 3
154 9 4 3 3
155 7 6 3 4
156 7 4 1 2
157 8 3 6 2
158 5 3 2 8
159 12 4 5 10
160 6 8 1 7
161 11 7 3 9
162 10 5 4 4
163 11 7 2 3
164 7 8 0 8
165 3 2 3 10
166 9 4 5 11
167 5 3 0 9
168 6 8 6 6
169 11 1 6 8
170 4 1 3 6
171 12 8 2 7
172 14 4 1 8
173 8 3 4 9
174 13 6 6 3
175 10 7 2 11
176 13 5 1 5
177 10 10 2 8
178 9 1 5 12
179 15 7 0 8
180 12 8 5 7
181 14 9 6 10
182 13 7 7 7
183 12 7 2 7
184 7 8 5 15
185 10 5 5 9
186 14 7 5 11
187 11 7 5 8
188 12 10 4 16
189 13 6 5 12
190 13 4 3 11
191 12 4 8 13
192 16 9 2 13
193 15 5 6 13
194 15 7 5 8
195 15 9 7 8
196 14 4 6 13
197 14 7 8 12
198 18 7 7 19
199 14 8 5 13
200 21 8 7 6
201 10 9 10 7
202 8 9 9 15
203 9 7 8 12
204 15 9 3 19
205 11 7 7 20
206 12 3 6 11
207 12 6 5 11
208 20 7 7 10
209 12 11 6 19
210 10 8 7 15
211 12 8 2 17
212 9 5 4 16
213 9 12 4 11
214 8 6 6 13
215 11 7 7 15
216 7 7 5 16
217 9 9 6 14
218 6 4 5 10
219 4 6 2 9
220 12 8 0 13
221 6 4 6 18
222 6 5 3 7
223 6 4 0 11
224 12 6 4 6
225 9 7 6 12
226 7 5 2 7
227 6 6 2 9
228 6 3 0 8
229 2 3 2 10
230 6 4 5 7
231 5 7 0 9
232 4 4 4 6
233 0 6 5 5
234 5 4 0 9
235 4 3 1 1
236 3 5 1 8
237 4 4 2 10
238 1 1 1 10
239 5 5 5 5
240 3 0 4 10
241 2 1 0 4
242 0 1 3 4
243 3 0 2 6
244 2 3 1 8
245 3 1 2 0
246 5 1 1 6
247 1 0 0 1
248 3 3 1 4
249 1 1 2 5
250 0 1 1 2
251 1 3 0 2
252 3 1 1 4
253 3 2 2 2
254 2 2 0 0
255 2 0 2 4
256 3 0 2 2
257 2 0 1 5
258 2 1 0 0
259 5 0 0 2
260 2 0 0 2
261 5 3 2 3
262 4 2 2 1
263 2 2 1 1
264 2 4 0 0
265 1 2 0 3
266 4 2 0 4
267 0 3 1 2
268 3 2 1 5
269 0 1 0 2
270 1 2 2 1
271 1 0 3 5
272 0 1 2 2
273 0 0 1 3
274 0 0 0 4
275 0 2 0 2
276 2 0 0 3
277 1 0 3 2
278 1 0 0 2
279 0 0 0 1
280 2 1 0 0
281 1 0 2 3
282 2 0 0 1
283 1 0 0 0
284 1 0 0 1
285 1 0 1 1
286 0 1 0 0
287 0 1 0 0
288 0 0 0 1
289 2 1 0 1
290 1 2 0 1
291 0 1 1 1
292 0 1 0 0
293 0 0 1 0
294 0 0 0 2
295 0 0 0 0
296 0 0 0 2
297 0 0 0 1
298 0 1 1 2
299 0 1 0 0
300 0 0 0 0
301 0 0 0 0
302 0 0 0 1
303 1 0 0 1
304 0 0 0 0
305 0 0 0 1
306 0 0 0 0
307 0 0 0 0
308 0 1 0 0
309 0 0 0 0
310 0 0 0 0
311 0 0 0 0
312 0 0 0 1
313 0 0 0 0
314 0 0 0 0
315 0 0 0 0
316 0 0 0 0
317 0 0 0 0
318 0 0 0 0
319 0 0 0 0
320 0 0 0 0
321 0 0 0 0
322 0 0 0 0
323 0 0 0 0
324 0 0 0 0
325 0 0 0 0
326 0 0 0 0
327 0 0 0 0
328 0 0 0 0
329 0 0 0 0
330 0 0 0 0
331 0 0 0 0
332 0 0 0 0
333 0 0 0 0
334 0 0 0 0
335 0 0 0 0
336 0 0 0 0
337 0 0 0 0
338 0 0 0 0
339 0 0 0 0
340 0 0 0 0
341 0 0 0 0
342 0 0 0 0
343 0 0 0 0
344 0 0 0 0
345 0 0 0 0
346 0 0 0 0
347 0 0 0 0
348 0 0 0 0
349 0 0 0 0
350 0 0 0 0
351 0 0 0 0
352 0 0 0 0
353 0 0 0 0
354 0 0 0 0
355 0 0 0 0
356 0 0 0 0
357 0 0 0 0
358 0 0 0 0
359 0 0 0 0
360 0 0 0 0
361 0 0 0 0
362 0 0 0 0
363 0 0 0 0
364 0 0 0 0
365 0 0 0 0
366 0 0 0 0
367 0 0 0 0
368 0 0 0 0
369 0 0 0 0
370 0 0 0 0
371 0 0 0 0
372 0 0 0 0
373 0 0 0 0
374 0 0 0 0
375 0 0 0 0
376 0 0 0 0
377 0 0 0 0
378 0 0 0 0
379 0 0 0 0
380 0 0 0 0
381 0 0 0 0
382 0 0 0 0
383 0 0 0 0
384 0 0 0 0
385 0 0 0 0
386 0 0 0 0
387 0 0 0 0
388 0 0 0 0
389 0 0 0 0
390 0 0 0 0
391 0 0 0 0
392 0 0 0 0
393 0 0 0 0
394 0 0 0 0
395 0 0 0 0
396 0 0 0 0
397 0 0 0 0
398 0 0 0 0
399 0 0 0 0
400 0 0 0 0
401 0 0 0 0
402 0 0 0 0
403 0 0 0 0
404 0 0 0 0
405 0 0 0 0
406 0 0 0 0
407 0 0 0 0
408 0 0 0 0
409 0 0 0 0
410 0 0 0 0
411 0 0 0 0
412 0 0 0 0
413 0 0 0 0
414 0 0 0 0
415 0 0 0 0
416 0 0 0 0
417 0 0 0 0
418 0 0 0 0
419 0 0 0 0
420 0 0 0 0
421 0 0 0 0
422 0 0 0 0
423 0 0 0 0
424 0 0 0 0
425 0 0 0 0
426 0 0 0 0
427 0 0 0 0
428 0 0 0 0
429 0 0 0 0
430 0 0 0 0
431 0 0 0 0
432 0 0 0 0
433 0 0 0 0
434 0 0 0 0
435 0 0 0 0
436 0 0 0 0
437 0 0 0 0
438 0 0 0 0
439 0 0 0 0
440 0 0 0 0
441 0 0 0 0
442 0 0 0 0
443 0 0 0 0
444 0 0 0 0
445 0 0 0 0
446 0 0 0 0
447 0 0 0 0
448 0 0 0 0
449 0 0 0 0
450 0 0 0 0
451 0 0 0 0
452 0 0 0 0
453 0 0 0 0
454 0 0 0 0
455 0 0 0 0
456 0 0 0 0
457 0 0 0 0
458 0 0 0 0
459 0 0 0 0
460 0 0 0 0
461 0 0 0 0
462 0 0 0 0
463 0 0 0 0
464 0 0 0 0
465 0 0 0 0
466 0 0 0 0
467 0 0 0 0
468 0 0 0 0
469 0 0 0 0
470 0 0 0 0
471 0 0 0 0
472 0 0 0 0
473 0 0 0 0
474 0 0 0 0
475 0 0 0 0
476 0 0 0 0
477 0 0 0 0
478 0 0 0 0
479 0 0 0 0
480 0 0 0 0
481 0 0 0 0
482 0 0 0 0
483 0 0 0 0
484 0 0 0 0
485 0 0 0 0
486 0 0 0 0
487 0 0 0 0
488 0 0 0 0
489 0 0 0 0
490 0 0 0 0
491 0 0 0 0
492 0 0 0 0
493 0 0 0 0
494 0 0 0 0
495 0 0 0 0
496 0 0 0 0
497 0 0 0 0
498 0 0 0 0
499 0 0 0 0
500 0 0 0 0
501 0 0 0 0
502 0 0 0 0
503 0 0 0 0
504 0 0 0 0
505 0 0 0 0
506 0 0 0 0
507 0 0 0 0
508 0 0 0 0
509 0 0 0 0
510 0 0 0 0
511 0 0 0 0
512 0 0 0 0
513 0 0 0 0
514 0 0 0 0
515 0 0 0 0
516 0 0 0 0
517 0 0 0 0
518 0 0 0 0
519 0 0 0 0
520 0 0 0 0
521 0 0 0 0
522 0 0 0 0
523 0 0 0 0
524 0 0 0 0
525 0 0 0 0
526 0 0 0 0
527 0 0 0 0
528 0 0 0 0
529 0 0 0 0
530 0 0 0 0
531 0 0 0 0
532 0 0 0 0
533 0 0 0 0
534 0 0 0 0
535 0 0 0 0
536 0 0 0 0
537 0 0 0 0
538 0 0 0 0
539 0 0 0 0
540 0 0 0 0
541 0 0 0 0
542 0 0 0 0
543 0 0 0 0
544 0 0 0 0
545 0 0 0 0
546 0 0 0 0
547 0 0 0 0
548 0 0 0 0
549 0 0 0 0
550 0 0 0 0
551 0 0 0 0
552 0 0 0 0
553 0 0 0 0
554 0 0 0 0
555 0 0 0 0
556 0 0 0 0
557 0 0 0 0
558 0 0 0 0
559 0 0 0 0
560 0 0 0 0
561 0 0 0 0
562 0 0 0 0
563 0 0 0 0
564 0 0 0 0
565 0 0 0 0
566 0 0 0 0
567 0 0 0 0
568 0 0 0 0
569 0 0 0 0
570 0 0 0 0
571 0 0 0 0
572 0 0 0 0
573 0 0 0 0
574 0 0 0 0
575 0 0 0 0
576 0 0 0 0
577 0 0 0 0
578 0 0 0 0
579 0 0 0 0
580 0 0 0 0
581 0 0 0 0
582 0 0 0 0
583 0 0 0 0
584 0 0 0 0
585 0 0 0 0
586 0 0 0 0
587 0 0 0 0
588 0 0 0 0
589 0 0 0 0
590 0 0 0 0
591 0 0 0 0
592 0 0 0 0
593 0 0 0 0
594 0 0 0 0
595 0 0 0 0
596 0 0 0 0
597 0 0 0 0
598 0 0 0 0
599 0 0 0 0
600 0 0 0 0
601 0 0 0 0
602 0 0 0 0
603 0 0 0 0
604 0 0 0 0
605 0 0 0 0
606 0 0 0 0
607 0 0 0 0
608 0 0 0 0
609 0 0 0 0
610 0 0 0 0
611 0 0 0 0
612 0 0 0 0
613 0 0 0 0
614 0 0 0 0
615 0 0 0 0
616 0 0 0 0
617 0 0 0 0
618 0 0 0 0
619 0 0 0 0
620 0 0 0 0
621 0 0 0 0
622 0 0 0 0
623 0 0 0 0
624 0 0 0 0
625 0 0 0 0
626 0 0 0 0
627 0 0 0 0
628 0 0 0 0
629 0 0 0 0
630 0 0 0 0
631 0 0 0 0
632 0 0 0 0
633 0 0 0 0
634 0 0 0 0
635 0 0 0 0
636 0 0 0 0
637 0 0 0 0
638 0 0 0 0
639 0 0 0 0
640 0 0 0 0
641 0 0 0 0
642 0 0 0 0
643 0 0 0 0
644 0 0 0 0
645 0 0 0 0
646 0 0 0 0
647 0 0 0 0
648 0 0 0 0
649 0 0 0 0
650 0 0 0 0
651 0 0 0 0
652 0 0 0 0
653 0 0 0 0
654 0 0 0 0
655 0 0 0 0
656 0 0 0 0
657 0 0 0 0
658 0 0 0 0
659 0 0 0 0
660 0 0 0 0
661 0 0 0 0
662 0 0 0 0
663 0 0 0 0
664 0 0 0 0
665 0 0 0 0
666 0 0 0 0
667 0 0 0 0
668 0 0 0 0
669 0 0 0 0
670 0 0 0 0
671 0 0 0 0
672 0 0 0 0
673 0 0 0 0
674 0 0 0 0
675 0 0 0 0
676 0 0 0 0
677 0 0 0 0
678 0 0 0 0
679 0 0 0 0
680 0 0 0 0
681 0 0 0 0
682 0 0 0 0
683 0 0 0 0
684 0 0 0 0
685 0 0 0 0
686 0 0 0 0
687 0 0 0 0
688 0 0 0 0
689 0 0 0 0
690 0 0 0 0
691 0 0 0 0
692 0 0 0 0
693 0 0 0 0
694 0 0 0 0
695 0 0 0 0
696 0 0 0 0
697 0 0 0 0
698 0 0 0 0
699 0 0 0 0
700 0 0 0 0
701 0 0 0 0
702 0 0 0 0
703 0 0 0 0
704 0 0 0 0
705 0 0 0 0
706 0 0 0 0
707 0 0 0 0
708 0 0 0 0
709 0 0 0 0
710 0 0 0 0
711 0 0 0 0
712 0 0 0 0
713 0 0 0 0
714 0 0 0 0
715 0 0 0 0
716 0 0 0 0
717 0 0 0 0
718 0 0 0 0
719 0 0 0 0
720 0 0 0 0
721 0 0 0 0
722 0 0 0 0
723 0 0 0 0
724 0 0 0 0
725 0 0 0 0
726 0 0 0 0
727 0 0 0 0
