0 0 0 0 0
1 0 0 0 0
2 0 0 0 0
3 0 0 0 0
4 0 0 0 0
5 0 2 2 0
6 0 0 0 0
7 0 0 0 0
8 0 0 0 0
9 0 0 1 1
10 0 0 0 0
11 0 0 0 0
12 0 0 0 3
13 0 0 0 0
14 0 0 0 0
15 0 0 0 0
16 1 0 0 1
17 0 0 0 0
18 0 0 0 0
19 2 0 0 0
20 0 0 0 0
21 1 0 0 0
22 1 0 0 0
23 1 0 0 0
24 2 1 0 0
25 2 0 1 0
26 2 0 0 0
27 1 0 0 0
28 0 0 1 0
29 2 1 1 0
30 2 2 1 1
31 1 1 0 1
32 0 2 0 0
33 1 0 0 2
34 0 0 1 1
35 0 1 2 1
36 0 0 0 2
37 0 0 0 2
38 0 1 0 1
39 1 1 0 0
40 0 1 0 0
41 1 0 0 1
42 0 1 0 4
43 0 0 0 1
44 1 0 1 1
45 0 0 0 0
46 1 0 1 1
47 2 0 0 0
48 1 0 0 1
49 0 0 0 0
50 0 0 0 1
51 2 0 0 0
52 1 1 1 0
53 1 1 0 0
54 0 0 0 0
55 2 1 0 0
56 2 1 0 0
57 0 1 0 0
58 3 0 1 0
59 2 1 0 2
60 2 2 0 2
61 1 0 0 1
62 1 0 0 1
63 1 0 1 2
64 2 2 1 1
65 1 2 2 0
66 0 1 0 0
67 0 3 0 1
68 3 0 1 2
69 0 0 2 1
70 2 1 0 2
71 3 0 0 2
72 4 0 0 3
73 2 1 1 1
74 4 0 0 2
75 1 2 0 1
76 3 0 1 1
77 3 1 1 1
78 0 1 1 0
79 3 2 1 0
80 3 1 2 3
81 5 1 4 2
82 1 0 1 4
83 2 1 0 1
84 3 3 1 2
85 2 1 0 3
86 4 3 2 3
87 1 1 0 1
88 2 1 1 3
89 1 4 0 1
90 3 1 2 3
91 3 1 1 4
92 4 0 1 0
93 3 0 1 6
94 5 1 1 3
95 2 3 1 3
96 5 0 0 1
97 4 2 2 1
98 3 0 2 3
99 1 1 2 3
100 1 2 3 1
101 7 4 1 2
102 5 1 2 1
103 5 3 1 2
104 6 1 0 5
105 3 2 1 6
106 4 4 3 3
107 7 1 2 3
108 3 1 3 2
109 8 1 1 3
110 5 4 0 7
111 2 3 3 1
112 3 3 5 4
113 0 3 3 4
114 3 4 2 6
115 6 2 1 3
116 10 2 2 5
117 3 2 1 3
118 6 2 1 7
119 5 4 0 6
120 5 1 0 7
121 4 3 2 5
122 7 1 1 1
123 6 2 2 4
124 12 6 2 2
125 8 3 6 2
126 11 1 3 4
127 8 3 3 2
128 6 3 4 7
129 8 7 1 5
130 7 4 3 5
131 6 3 3 7
132 11 6 1 6
133 8 4 4 6
134 6 2 5 7
135 11 8 2 8
136 6 3 2 8
137 11 5 4 6
138 7 5 4 5
139 8 4 2 8
140 14 8 4 9
141 6 4 3 10
142 12 7 3 8
143 9 5 4 7
144 11 7 1 10
145 14 3 5 11
146 15 5 3 8
147 9 7 4 7
148 11 6 1 5
149 13 11 2 9
150 11 7 7 11
151 14 9 3 9
152 17 7 4 7
153 11 8 1 12
154 10 7 5 9
155 12 10 7 10
156 13 5 6 8
157 11 14 3 15
158 12 7 4 13
159 12 5 1 18
160 15 7 6 12
161 16 6 9 16
162 13 4 3 10
163 14 12 6 10
164 12 10 5 9
165 15 4 4 9
166 21 7 8 8
167 19 2 8 18
168 21 8 6 17
169 19 13 3 6
170 21 9 6 18
171 24 15 3 16
172 29 7 3 12
173 18 11 8 17
174 25 16 6 13
175 19 15 8 16
176 23 15 9 11
177 22 10 11 11
178 14 8 5 24
179 12 8 14 16
180 28 17 5 20
181 22 17 12 20
182 20 14 9 22
183 23 12 6 28
184 22 5 8 16
185 16 21 10 13
186 23 14 4 23
187 13 8 6 21
188 19 10 8 26
189 29 16 7 31
190 25 10 8 19
191 29 18 12 10
192 30 11 8 20
193 28 13 8 24
194 31 10 11 13
195 33 12 10 29
196 29 16 4 19
197 43 17 9 24
198 27 17 12 24
199 25 22 6 18
200 21 16 14 25
201 34 19 3 22
202 26 14 18 24
203 18 22 13 19
204 18 18 10 29
205 20 22 13 29
206 21 32 13 30
207 23 11 9 34
208 19 15 8 20
209 25 8 4 33
210 13 17 7 40
211 20 15 13 30
212 19 11 9 28
213 16 16 7 24
214 16 14 6 20
215 18 3 8 29
216 14 19 4 20
217 15 11 8 26
218 9 18 4 17
219 10 7 7 14
220 11 10 7 17
221 13 7 11 24
222 12 11 4 17
223 13 9 6 21
224 9 9 6 17
225 12 3 3 18
226 9 6 8 20
227 10 6 5 17
228 8 7 5 18
229 10 6 2 8
230 6 7 1 14
231 8 1 5 13
232 2 8 5 7
233 5 6 7 14
234 5 9 7 7
235 3 10 3 13
236 8 6 5 11
237 4 2 0 11
238 5 4 1 6
239 5 1 2 12
240 10 3 2 12
241 2 2 3 10
242 6 3 2 7
243 6 3 1 6
244 4 1 3 5
245 7 8 4 5
246 3 2 1 5
247 3 6 2 2
248 4 2 2 4
249 4 3 2 8
250 3 5 1 5
251 1 2 2 7
252 1 5 0 9
253 1 2 1 5
254 2 2 0 8
255 1 2 1 4
256 1 0 3 2
257 3 3 0 3
258 1 3 1 2
259 2 1 1 6
260 3 0 0 3
261 2 1 0 4
262 0 2 0 3
263 3 1 1 3
264 0 1 2 3
265 0 2 0 1
266 3 3 0 0
267 0 0 0 2
268 1 2 0 1
269 1 2 0 3
270 1 0 1 1
271 2 1 0 3
272 0 1 0 2
273 1 0 0 3
274 2 1 0 1
275 1 1 1 1
276 1 1 1 2
277 1 0 1 0
278 2 0 0 2
279 1 1 1 1
280 1 0 0 2
281 2 1 0 0
282 1 1 0 2
283 1 1 1 0
284 0 2 0 0
285 1 1 0 1
286 0 0 2 3
287 1 0 2 1
288 0 0 0 2
289 2 0 0 0
290 0 0 1 1
291 0 0 0 2
292 0 1 1 2
293 1 0 0 1
294 0 1 1 1
295 0 0 0 0
296 1 0 0 1
297 0 0 0 0
298 0 1 1 2
299 1 0 0 1
300 0 0 0 0
301 0 0 1 0
302 1 0 0 2
303 0 0 0 0
304 1 0 0 0
305 0 0 0 0
306 0 0 0 0
307 0 0 0 0
308 0 1 0 1
309 0 0 0 0
310 2 0 0 0
311 0 1 0 0
312 0 1 0 0
313 0 0 0 0
314 1 0 0 0
315 1 0 1 2
316 2 0 0 0
317 0 0 0 0
318 1 0 0 0
319 1 1 1 1
320 0 0 0 0
321 0 0 0 0
322 0 0 0 1
323 0 0 0 0
324 1 2 0 0
325 0 0 2 0
326 0 0 0 2
327 0 1 0 0
328 0 0 0 1
329 0 0 0 2
330 0 0 0 0
331 0 0 0 1
332 0 0 0 0
333 0 0 1 0
334 0 0 0 1
335 0 0 0 0
336 0 0 0 0
337 0 0 0 0
338 0 0 0 0
339 1 0 0 0
340 0 0 0 1
341 0 0 0 0
342 0 0 0 0
343 0 0 0 0
344 0 1 0 0
345 0 0 0 0
346 0 0 0 0
347 0 0 0 0
348 0 0 0 0
349 0 0 0 0
350 0 0 0 0
351 0 0 0 1
352 0 0 0 0
353 0 0 0 0
354 0 0 0 0
355 0 0 0 0
356 0 0 0 0
357 0 0 0 0
358 0 0 0 0
359 0 0 0 0
360 0 0 0 0
361 0 0 0 0
362 0 0 0 0
363 0 0 0 0
364 0 0 0 0
365 0 0 0 0
366 0 0 0 0
367 0 0 0 0
368 0 0 0 0
369 0 0 0 0
370 0 0 0 0
371 0 0 0 0
372 0 0 0 0
373 0 0 0 0
374 0 0 0 0
375 0 0 0 0
376 0 0 0 0
377 0 0 0 0
378 0 0 0 0
379 0 0 0 0
380 0 0 0 0
381 0 0 0 0
382 0 0 0 0
383 0 0 0 0
384 0 0 0 0
385 0 0 0 0
386 0 0 0 0
387 0 0 0 0
388 0 0 0 0
389 0 0 0 0
390 0 0 0 0
391 0 0 0 0
392 0 0 0 0
393 0 0 0 0
394 0 0 0 0
395 0 0 0 0
396 0 0 0 0
397 0 0 0 0
398 0 0 0 0
399 0 0 0 0
400 0 0 0 0
401 0 0 0 0
402 0 0 0 0
403 0 0 0 0
404 0 0 0 0
405 0 0 0 0
406 0 0 0 0
407 0 0 0 0
408 0 0 0 0
409 0 0 0 0
410 0 0 0 0
411 0 0 0 0
412 0 0 0 0
413 0 0 0 0
414 0 0 0 0
415 0 0 0 0
416 0 0 0 0
417 0 0 0 0
418 0 0 0 0
419 0 0 0 0
420 0 0 0 0
421 0 0 0 0
422 0 0 0 0
423 0 0 0 0
424 0 0 0 0
425 0 0 0 0
426 0 0 0 0
427 0 0 0 0
428 0 0 0 0
429 0 0 0 0
430 0 0 0 0
431 0 0 0 0
432 0 0 0 0
433 0 0 0 0
434 0 0 0 0
435 0 0 0 0
436 0 0 0 0
437 0 0 0 0
438 0 0 0 0
439 0 0 0 0
440 0 0 0 0
441 0 0 0 0
442 0 0 0 0
443 0 0 0 0
444 0 0 0 0
445 0 0 0 0
446 0 0 0 0
447 0 0 0 0
448 0 0 0 0
449 0 0 0 0
450 0 0 0 0
451 0 0 0 0
452 0 0 0 0
453 0 0 0 0
454 0 0 0 0
455 0 0 0 0
456 0 0 0 0
457 0 0 0 0
458 0 0 0 0
459 0 0 0 0
460 0 0 0 0
461 0 0 0 0
462 0 0 0 0
463 0 0 0 0
464 0 0 0 0
465 0 0 0 0
466 0 0 0 0
467 0 0 0 0
468 0 0 0 0
469 0 0 0 0
470 0 0 0 0
471 0 0 0 0
472 0 0 0 0
473 0 0 0 0
474 0 0 0 0
475 0 0 0 0
476 0 0 0 0
477 0 0 0 0
478 0 0 0 0
479 0 0 0 0
480 0 0 0 0
481 0 0 0 0
482 0 0 0 0
483 0 0 0 0
484 0 0 0 0
485 0 0 0 0
486 0 0 0 0
487 0 0 0 0
488 0 0 0 0
489 0 0 0 0
490 0 0 0 0
491 0 0 0 0
492 0 0 0 0
493 0 0 0 0
494 0 0 0 0
495 0 0 0 0
496 0 0 0 0
497 0 0 0 0
498 0 0 0 0
499 0 0 0 0
500 0 0 0 0
501 0 0 0 0
502 0 0 0 0
503 0 0 0 0
504 0 0 0 0
505 0 0 0 0
506 0 0 0 0
507 0 0 0 0
508 0 0 0 0
509 0 0 0 0
510 0 0 0 0
511 0 0 0 0
512 0 0 0 0
513 0 0 0 0
514 0 0 0 0
515 0 0 0 0
516 0 0 0 0
517 0 0 0 0
518 0 0 0 0
519 0 0 0 0
520 0 0 0 0
521 0 0 0 0
522 0 0 0 0
523 0 0 0 0
524 0 0 0 0
525 0 0 0 0
526 0 0 0 0
527 0 0 0 0
528 0 0 0 0
529 0 0 0 0
530 0 0 0 0
531 0 0 0 0
532 0 0 0 0
533 0 0 0 0
534 0 0 0 0
535 0 0 0 0
536 0 0 0 0
537 0 0 0 0
538 0 0 0 0
539 0 0 0 0
540 0 0 0 0
541 0 0 0 0
542 0 0 0 0
543 0 0 0 0
544 0 0 0 0
545 0 0 0 0
546 0 0 0 0
547 0 0 0 0
548 0 0 0 0
549 0 0 0 0
550 0 0 0 0
551 0 0 0 0
552 0 0 0 0
553 0 0 0 0
554 0 0 0 0
555 0 0 0 0
556 0 0 0 0
557 0 0 0 0
558 0 0 0 0
559 0 0 0 0
560 0 0 0 0
561 0 0 0 0
562 0 0 0 0
563 0 0 0 0
564 0 0 0 0
565 0 0 0 0
566 0 0 0 0
567 0 0 0 0
568 0 0 0 0
569 0 0 0 0
570 0 0 0 0
571 0 0 0 0
572 0 0 0 0
573 0 0 0 0
574 0 0 0 0
575 0 0 0 0
576 0 0 0 0
577 0 0 0 0
578 0 0 0 0
579 0 0 0 0
580 0 0 0 0
581 0 0 0 0
582 0 0 0 0
583 0 0 0 0
584 0 0 0 0
585 0 0 0 0
586 0 0 0 0
587 0 0 0 0
588 0 0 0 0
589 0 0 0 0
590 0 0 0 0
591 0 0 0 0
592 0 0 0 0
593 0 0 0 0
594 0 0 0 0
595 0 0 0 0
596 0 0 0 0
597 0 0 0 0
598 0 0 0 0
599 0 0 0 0
600 0 0 0 0
601 0 0 0 0
602 0 0 0 0
603 0 0 0 0
604 0 0 0 0
605 0 0 0 0
606 0 0 0 0
607 0 0 0 0
608 0 0 0 0
609 0 0 0 0
610 0 0 0 0
611 0 0 0 0
612 0 0 0 0
613 0 0 0 0
614 0 0 0 0
615 0 0 0 0
616 0 0 0 0
617 0 0 0 0
618 0 0 0 0
619 0 0 0 0
620 0 0 0 0
621 0 0 0 0
622 0 0 0 0
623 0 0 0 0
624 0 0 0 0
625 0 0 0 0
626 0 0 0 0
627 0 0 0 0
628 0 0 0 0
629 0 0 0 0
630 0 0 0 0
631 0 0 0 0
632 0 0 0 0
633 0 0 0 0
634 0 0 0 0
635 0 0 0 0
636 0 0 0 0
637 0 0 0 0
638 0 0 0 0
639 0 0 0 0
640 0 0 0 0
641 0 0 0 0
642 0 0 0 0
643 0 0 0 0
644 0 0 0 0
645 0 0 0 0
646 0 0 0 0
647 0 0 0 0
648 0 0 0 0
649 0 0 0 0
650 0 0 0 0
651 0 0 0 0
652 0 0 0 0
653 0 0 0 0
654 0 0 0 0
655 0 0 0 0
656 0 0 0 0
657 0 0 0 0
658 0 0 0 0
659 0 0 0 0
660 0 0 0 0
661 0 0 0 0
662 0 0 0 0
663 0 0 0 0
664 0 0 0 0
665 0 0 0 0
666 0 0 0 0
667 0 0 0 0
668 0 0 0 0
669 0 0 0 0
670 0 0 0 0
671 0 0 0 0
672 0 0 0 0
673 0 0 0 0
674 0 0 0 0
675 0 0 0 0
676 0 0 0 0
677 0 0 0 0
678 0 0 0 0
679 0 0 0 0
680 0 0 0 0
681 0 0 0 0
682 0 0 0 0
683 0 0 0 0
684 0 0 0 0
685 0 0 0 0
686 0 0 0 0
687 0 0 0 0
688 0 0 0 0
689 0 0 0 0
690 0 0 0 0
691 0 0 0 0
692 0 0 0 0
693 0 0 0 0
694 0 0 0 0
695 0 0 0 0
696 0 0 0 0
697 0 0 0 0
698 0 0 0 0
699 0 0 0 0
700 0 0 0 0
701 0 0 0 0
702 0 0 0 0
703 0 0 0 0
704 0 0 0 0
705 0 0 0 0
706 0 0 0 0
707 0 0 0 0
708 0 0 0 0
709 0 0 0 0
710 0 0 0 0
711 0 0 0 0
712 0 0 0 0
713 0 0 0 0
714 0 0 0 0
715 0 0 0 0
716 0 0 0 0
717 0 0 0 0
718 0 0 0 0
719 0 0 0 0
720 0 0 0 0
721 0 0 0 0
722 0 0 0 0
723 0 0 0 0
724 0 0 0 0
725 0 0 0 0
726 0 0 0 0
727 0 0 0 0
