0 0 0 0 0
1 0 0 0 0
2 0 0 0 0
3 0 0 0 0
4 0 0 0 0
5 0 3 1 0
6 0 0 0 0
7 0 0 0 0
8 0 0 0 0
9 0 1 0 2
10 0 0 0 0
11 0 0 0 1
12 0 0 0 1
13 0 0 0 0
14 0 0 0 0
15 0 0 0 0
16 0 0 0 1
17 0 0 0 0
18 0 0 0 0
19 0 0 0 0
20 0 0 0 0
21 1 0 0 0
22 0 0 0 0
23 2 0 0 0
24 0 0 0 0
25 1 0 0 0
26 1 0 0 0
27 0 0 0 0
28 0 0 0 0
29 0 1 0 0
30 0 0 0 0
31 1 0 0 0
32 0 1 1 0
33 0 0 0 0
34 0 1 0 0
35 0 1 0 0
36 0 0 1 2
37 0 0 0 0
38 0 0 0 0
39 0 0 0 2
40 1 0 0 1
41 0 0 0 1
42 1 0 0 0
43 0 0 0 0
44 0 0 0 0
45 1 0 0 0
46 2 1 0 0
47 0 0 0 0
48 1 0 0 0
49 1 1 0 0
50 2 0 0 1
51 0 0 2 0
52 0 0 0 0
53 1 0 1 0
54 1 1 0 0
55 1 0 1 2
56 0 0 0 1
57 1 0 0 1
58 1 1 0 1
59 1 2 0 1
60 2 0 0 0
61 2 0 0 0
62 0 0 1 1
63 0 1 0 0
64 0 1 1 0
65 0 2 0 0
66 0 2 1 2
67 1 0 0 0
68 0 0 0 0
69 0 0 0 3
70 2 0 0 4
71 2 0 0 1
72 1 0 1 1
73 0 0 0 0
74 2 0 0 0
75 2 1 0 0
76 0 0 1 0
77 1 0 1 0
78 1 0 0 0
79 3 1 0 1
80 0 1 1 1
81 2 0 1 0
82 1 0 0 1
83 2 1 1 1
84 1 2 1 1
85 3 0 0 0
86 1 1 1 0
87 2 0 0 3
88 2 2 0 4
89 2 1 0 0
90 0 3 0 1
91 4 0 1 0
92 0 1 0 1
93 0 1 1 2
94 1 0 2 1
95 2 1 0 1
96 0 3 2 2
97 2 0 1 4
98 0 1 0 1
99 1 1 0 1
100 1 1 0 4
101 1 0 0 3
102 2 1 0 0
103 0 0 0 2
104 1 0 1 0
105 1 0 1 1
106 1 1 1 0
107 1 1 1 2
108 1 1 0 1
109 2 1 0 0
110 6 0 0 1
111 2 0 0 1
112 4 0 1 2
113 2 0 0 1
114 3 3 0 1
115 1 3 2 0
116 2 0 0 2
117 3 3 0 0
118 2 0 0 1
119 2 1 2 4
120 6 0 1 0
121 3 2 2 2
122 3 3 1 1
123 2 3 1 2
124 2 1 0 4
125 4 3 2 3
126 2 1 1 1
127 4 0 0 4
128 1 3 1 1
129 0 2 2 7
130 2 1 3 1
131 1 2 2 2
132 2 1 1 2
133 7 0 0 2
134 4 1 0 3
135 9 3 1 5
136 2 0 2 3
137 2 0 2 2
138 4 2 2 2
139 9 1 2 5
140 6 4 4 1
141 1 0 1 1
142 1 2 3 4
143 3 2 2 2
144 2 7 1 5
145 3 3 4 1
146 3 1 0 4
147 6 0 2 6
148 3 1 2 6
149 3 1 2 7
150 8 0 1 2
151 6 3 1 4
152 4 3 3 4
153 2 1 3 2
154 6 0 0 2
155 8 5 1 4
156 9 2 0 3
157 3 2 0 1
158 4 1 4 2
159 5 7 1 9
160 7 5 3 5
161 3 4 5 0
162 1 2 0 6
163 3 3 2 3
164 3 5 2 8
165 4 3 2 5
166 4 3 2 5
167 6 0 3 8
168 3 2 0 8
169 7 2 3 4
170 8 2 1 3
171 6 4 0 5
172 13 3 3 3
173 12 1 2 6
174 9 3 3 3
175 9 3 3 2
176 9 1 3 4
177 10 5 2 2
178 10 6 3 8
179 12 4 5 5
180 7 8 2 4
181 10 8 3 7
182 8 5 4 9
183 10 6 0 9
184 4 5 6 7
185 8 5 4 8
186 7 11 3 10
187 6 10 2 8
188 9 3 8 14
189 7 4 3 6
190 13 0 3 9
191 7 3 1 13
192 13 5 1 11
193 9 3 1 10
194 9 10 2 4
195 8 5 6 8
196 5 5 2 7
197 11 10 4 6
198 13 1 3 9
199 14 9 1 9
200 11 4 2 2
201 12 5 2 12
202 7 6 8 5
203 9 5 4 10
204 9 7 5 13
205 12 10 3 5
206 8 7 2 12
207 9 6 7 8
208 6 9 4 8
209 7 5 1 15
210 4 8 4 9
211 5 5 4 11
212 2 5 1 9
213 7 5 2 6
214 6 5 6 13
215 5 1 4 13
216 4 6 2 7
217 4 5 0 10
218 4 3 3 13
219 6 4 2 8
220 8 1 2 5
221 2 3 1 7
222 5 1 2 4
223 6 4 2 4
224 5 2 6 9
225 10 1 3 4
226 6 1 1 4
227 7 2 3 5
228 4 3 5 5
229 5 5 0 6
230 4 6 1 4
231 2 2 4 6
232 3 2 4 4
233 2 3 0 3
234 3 5 3 10
235 1 3 1 10
236 2 4 2 5
237 2 4 0 0
238 1 2 1 5
239 3 2 1 3
240 0 1 0 7
241 2 4 0 7
242 4 1 0 6
243 2 1 0 4
244 0 0 3 1
245 3 1 0 4
246 3 1 0 2
247 1 1 1 2
248 0 3 0 2
249 4 0 0 1
250 2 2 1 1
251 4 4 0 2
252 1 1 1 3
253 2 0 0 0
254 4 3 0 5
255 3 2 1 2
256 2 3 1 1
257 0 1 0 0
258 0 3 0 2
259 1 2 1 1
260 1 1 2 3
261 2 1 0 3
262 3 1 0 5
263 1 0 1 3
264 1 2 1 1
265 3 1 0 1
266 5 1 0 3
267 5 1 1 4
268 1 0 0 0
269 4 1 0 1
270 1 2 1 0
271 1 2 3 4
272 2 0 2 1
273 0 3 0 2
274 0 4 0 3
275 2 1 1 1
276 3 3 1 2
277 1 0 1 3
278 1 0 1 3
279 1 0 0 2
280 0 1 0 1
281 0 3 1 4
282 1 0 1 2
283 1 0 1 3
284 0 1 1 2
285 1 0 0 2
286 0 0 0 0
287 0 1 0 1
288 1 0 0 4
289 1 0 0 1
290 0 0 0 0
291 1 0 1 1
292 1 0 0 0
293 0 0 0 0
294 0 1 1 0
295 1 0 0 1
296 1 0 0 0
297 1 0 3 0
298 0 0 0 2
299 0 0 0 0
300 1 0 0 0
301 0 0 0 2
302 0 0 1 0
303 0 0 0 0
304 0 1 0 1
305 0 1 0 0
306 0 0 0 1
307 0 0 0 0
308 0 0 0 1
309 0 1 0 1
310 0 0 0 0
311 0 0 0 0
312 0 0 0 0
313 0 0 0 1
314 0 0 0 0
315 1 0 0 0
316 0 0 0 0
317 0 0 0 0
318 0 0 0 0
319 0 0 0 0
320 0 0 0 0
321 0 0 0 0
322 0 0 0 0
323 0 0 0 0
324 0 0 1 0
325 0 0 0 0
326 0 0 0 0
327 0 0 0 0
328 0 0 0 1
329 0 0 0 0
330 0 0 0 0
331 0 0 0 0
332 0 0 0 0
333 0 0 0 0
334 0 0 0 0
335 1 0 0 0
336 0 0 0 0
337 1 0 0 0
338 0 0 0 0
339 0 0 0 0
340 0 1 0 0
341 0 0 0 0
342 0 0 0 0
343 0 0 0 0
344 0 0 0 1
345 0 0 0 0
346 0 0 1 0
347 0 0 0 0
348 0 0 0 0
349 0 0 0 0
350 0 0 0 0
351 0 0 0 0
352 0 0 0 0
353 0 0 0 1
354 1 0 0 0
355 1 0 0 0
356 1 0 0 0
357 0 0 0 0
358 0 0 0 0
359 0 0 0 0
360 0 1 0 0
361 1 1 0 0
362 0 0 0 0
363 0 0 1 0
364 0 0 0 1
365 0 0 0 1
366 0 0 0 0
367 0 0 0 0
368 0 0 0 0
369 0 0 0 0
370 0 0 1 1
371 0 0 0 0
372 1 0 0 0
373 0 0 0 0
374 0 0 0 0
375 0 0 0 0
376 0 0 0 0
377 0 0 0 1
378 0 0 0 0
379 1 0 0 0
380 0 0 0 0
381 0 0 1 0
382 0 0 0 0
383 0 0 0 0
384 0 0 0 0
385 0 0 0 0
386 0 0 0 0
387 0 0 0 0
388 0 0 1 1
389 0 0 0 0
390 0 0 0 0
391 0 0 0 0
392 0 0 0 1
393 0 0 0 0
394 0 0 0 0
395 0 0 0 0
396 0 0 0 0
397 0 0 0 0
398 1 0 0 0
399 1 0 0 0
400 0 0 0 0
401 0 0 0 0
402 0 0 0 0
403 0 0 0 0
404 0 0 0 0
405 0 0 0 0
406 0 0 0 0
407 1 1 0 0
408 0 0 1 0
409 1 0 0 0
410 1 0 0 0
411 1 0 0 0
412 0 0 0 1
413 0 0 0 0
414 1 1 0 1
415 0 0 1 0
416 0 2 0 0
417 0 0 0 0
418 0 0 0 0
419 0 0 0 1
420 1 0 0 0
421 1 0 0 1
422 0 0 0 0
423 0 1 0 2
424 0 0 0 0
425 0 0 0 0
426 0 0 0 0
427 1 0 0 0
428 0 0 0 1
429 0 1 0 0
430 0 1 0 0
431 0 0 0 0
432 0 1 0 0
433 0 0 0 1
434 0 0 0 0
435 0 0 0 0
436 0 0 0 1
437 1 0 0 1
438 1 0 0 0
439 0 0 0 0
440 0 0 0 0
441 1 0 0 0
442 0 0 0 0
443 0 0 1 0
444 0 0 0 0
445 0 0 0 0
446 0 1 1 0
447 0 0 0 1
448 0 0 0 0
449 0 0 0 0
450 0 0 0 1
451 1 0 0 0
452 0 0 0 0
453 1 0 0 1
454 1 0 0 0
455 1 0 0 0
456 0 0 1 0
457 1 0 0 0
458 1 1 0 0
459 0 0 0 0
460 0 1 0 1
461 0 0 0 0
462 0 0 0 0
463 0 2 0 0
464 0 0 0 0
465 0 0 0 1
466 0 1 0 0
467 0 0 0 2
468 0 0 0 0
469 0 0 0 0
470 0 0 0 2
471 2 0 0 0
472 0 0 0 0
473 0 0 0 0
474 1 0 0 0
475 1 0 0 0
476 0 1 0 0
477 0 0 0 0
478 1 0 0 0
479 0 0 0 0
480 0 0 1 1
481 1 0 0 0
482 2 0 0 0
483 0 2 0 0
484 0 0 1 0
485 0 0 0 0
486 1 1 0 0
487 0 1 0 2
488 0 0 0 1
489 0 0 0 0
490 0 0 0 1
491 0 0 1 1
492 0 0 0 0
493 0 0 0 1
494 0 0 0 0
495 0 0 1 1
496 0 0 0 0
497 1 0 0 0
498 0 0 0 0
499 1 0 0 1
500 2 0 0 0
501 0 0 0 0
502 1 1 0 0
503 2 0 0 0
504 0 0 0 0
505 0 2 0 0
506 0 0 0 0
507 1 1 0 0
508 1 3 0 0
509 0 0 0 1
510 1 0 0 0
511 0 0 0 0
512 1 0 0 2
513 0 0 0 0
514 1 0 0 1
515 0 1 0 3
516 0 1 0 0
517 1 1 1 0
518 1 0 0 0
519 1 0 0 0
520 1 0 0 1
521 2 0 0 1
522 1 0 0 1
523 1 1 1 0
524 2 0 1 1
525 2 0 0 0
526 1 1 1 0
527 0 1 0 0
528 1 0 0 0
529 1 2 0 0
530 0 0 1 2
531 1 0 0 2
532 1 0 1 1
533 1 1 1 2
534 0 1 1 1
535 1 1 0 0
536 1 1 0 2
537 0 0 0 1
538 0 1 1 2
539 0 0 0 1
540 1 0 0 2
541 4 1 1 0
542 1 0 0 1
543 0 0 0 0
544 2 0 1 0
545 3 0 1 1
546 0 2 1 0
547 5 0 0 0
548 0 0 0 3
549 2 1 0 0
550 1 1 1 1
551 0 1 0 0
552 2 3 0 1
553 2 1 0 3
554 1 1 2 1
555 1 1 0 1
556 3 1 1 3
557 3 0 0 2
558 0 2 1 0
559 2 0 0 0
560 0 0 0 1
561 1 2 1 3
562 1 0 0 3
563 0 0 2 1
564 0 1 1 0
565 2 2 1 3
566 0 0 1 0
567 1 0 1 2
568 1 1 0 2
569 1 0 0 2
570 1 1 0 0
571 2 0 0 1
572 2 1 0 1
573 3 1 0 1
574 0 3 0 1
575 1 0 1 1
576 1 0 1 0
577 0 1 0 1
578 1 0 0 2
579 1 0 0 3
580 1 1 1 2
581 2 0 2 1
582 0 3 0 0
583 1 0 1 0
584 1 1 0 0
585 3 1 0 1
586 0 0 0 2
587 2 0 0 2
588 0 1 0 2
589 1 0 0 1
590 0 3 0 1
591 0 0 0 0
592 0 2 0 1
593 0 1 1 0
594 2 1 1 2
595 0 0 0 1
596 1 0 0 1
597 1 0 0 3
598 0 0 0 2
599 0 0 0 0
600 0 0 0 1
601 0 0 0 0
602 0 1 0 0
603 0 0 2 0
604 0 0 0 0
605 0 1 0 0
606 0 0 0 1
607 0 0 0 0
608 0 0 0 1
609 0 0 0 0
610 0 0 0 1
611 0 0 0 0
612 0 0 0 1
613 0 0 0 0
614 0 0 0 0
615 0 0 0 0
616 0 0 0 0
617 0 0 0 0
618 0 0 0 0
619 0 0 0 0
620 0 0 0 0
621 0 0 0 0
622 0 0 0 0
623 0 0 0 0
624 0 0 0 0
625 0 0 0 0
626 0 0 0 0
627 0 0 0 0
628 0 0 0 0
629 0 0 0 0
630 0 0 0 0
631 0 0 0 0
632 0 0 0 0
633 0 0 0 0
634 0 0 0 0
635 0 0 0 0
636 0 0 0 0
637 0 0 0 0
638 0 0 0 0
639 0 0 0 0
640 0 0 0 0
641 0 0 0 0
642 0 0 0 0
643 0 0 0 0
644 0 0 0 0
645 0 0 0 0
646 0 0 0 0
647 0 0 0 0
648 0 0 0 0
649 0 0 0 0
650 0 0 0 0
651 0 0 0 0
652 0 0 0 0
653 0 0 0 0
654 0 0 0 0
655 0 0 0 0
656 0 0 0 0
657 0 0 0 0
658 0 0 0 0
659 0 0 0 0
660 0 0 0 0
661 0 0 0 0
662 0 0 0 0
663 0 0 0 0
664 0 0 0 0
665 0 0 0 0
666 0 0 0 0
667 0 0 0 0
668 0 0 0 0
669 0 0 0 0
670 0 0 0 0
671 0 0 0 0
672 0 0 0 0
673 0 0 0 0
674 0 0 0 0
675 0 0 0 0
676 0 0 0 0
677 0 0 0 0
678 0 0 0 0
679 0 0 0 0
680 0 0 0 0
681 0 0 0 0
682 0 0 0 0
683 0 0 0 0
684 0 0 0 0
685 0 0 0 0
686 0 0 0 0
687 0 0 0 0
688 0 0 0 0
689 0 0 0 0
690 0 0 0 0
691 0 0 0 0
692 0 0 0 0
693 0 0 0 0
694 0 0 0 0
695 0 0 0 0
696 0 0 0 0
697 0 0 0 0
698 0 0 0 0
699 0 0 0 0
700 0 0 0 0
701 0 0 0 0
702 0 0 0 0
703 0 0 0 0
704 0 0 0 0
705 0 0 0 0
706 0 0 0 0
707 0 0 0 0
708 0 0 0 0
709 0 0 0 0
710 0 0 0 0
711 0 0 0 0
712 0 0 0 0
713 0 0 0 0
714 0 0 0 0
715 0 0 0 0
716 0 0 0 0
717 0 0 0 0
718 0 0 0 0
719 0 0 0 0
720 0 0 0 0
721 0 0 0 0
722 0 0 0 0
723 0 0 0 0
724 0 0 0 0
725 0 0 0 0
726 0 0 0 0
727 0 0 0 0
