0 0 0 0 0
1 0 0 0 0
2 0 0 0 0
3 0 0 0 0
4 0 0 0 0
5 0 2 1 0
6 0 0 0 0
7 0 0 0 0
8 0 0 0 0
9 0 1 1 1
10 0 0 0 0
11 0 0 0 1
12 0 0 0 1
13 0 0 0 1
14 0 0 0 0
15 0 0 0 0
16 0 0 0 1
17 0 0 0 0
18 1 0 0 0
19 2 0 0 0
20 0 0 0 0
21 0 0 0 0
22 2 0 0 0
23 0 0 1 0
24 2 0 0 0
25 0 0 0 0
26 1 0 0 0
27 0 1 1 0
28 2 1 1 0
29 1 1 0 0
30 2 0 0 1
31 0 1 0 1
32 0 0 0 0
33 1 1 1 1
34 1 1 0 2
35 0 1 0 1
36 0 0 0 0
37 1 1 0 1
38 0 1 0 2
39 2 0 1 0
40 1 0 0 1
41 1 0 0 1
42 0 1 0 1
43 1 0 0 0
44 1 1 0 0
45 3 0 0 1
46 1 2 0 2
47 0 0 0 0
48 0 1 0 1
49 1 1 1 0
50 1 1 1 0
51 1 1 0 0
52 0 0 1 1
53 1 0 0 3
54 0 0 1 1
55 2 1 0 1
56 1 1 0 2
57 2 0 0 1
58 0 0 0 0
59 0 1 0 1
60 0 0 0 1
61 0 1 0 1
62 1 1 1 0
63 3 0 0 1
64 1 1 1 0
65 0 0 0 0
66 2 1 0 0
67 1 0 0 0
68 0 1 0 2
69 0 0 0 2
70 0 0 0 1
71 0 2 0 1
72 1 2 1 1
73 2 1 0 0
74 1 0 0 0
75 0 1 0 2
76 2 0 0 2
77 0 0 0 1
78 2 0 0 0
79 2 1 0 2
80 2 0 0 0
81 3 0 1 0
82 3 0 2 0
83 1 0 2 0
84 2 0 0 0
85 1 3 0 0
86 1 1 1 2
87 0 0 2 2
88 2 0 2 1
89 0 1 0 3
90 0 1 0 1
91 2 1 0 2
92 2 0 1 1
93 2 1 1 1
94 0 2 0 1
95 1 1 0 3
96 1 0 0 1
97 2 1 1 2
98 2 1 0 1
99 3 0 0 1
100 2 0 3 0
101 2 0 1 2
102 4 1 0 1
103 3 2 0 0
104 0 2 1 3
105 1 1 1 1
106 1 3 1 1
107 3 1 0 2
108 2 1 1 2
109 4 0 1 2
110 1 0 0 2
111 2 1 1 3
112 4 4 1 1
113 0 1 1 4
114 0 1 1 0
115 1 1 2 1
116 2 1 0 3
117 6 2 1 1
118 2 0 2 3
119 3 0 0 5
120 4 0 1 1
121 1 0 1 1
122 2 0 1 3
123 0 2 0 1
124 5 3 1 2
125 4 3 1 2
126 3 5 1 0
127 4 0 0 1
128 2 1 0 1
129 3 5 1 4
130 5 0 0 4
131 4 0 1 1
132 6 2 1 1
133 2 2 0 7
134 6 3 2 0
135 4 3 4 1
136 3 0 3 7
137 3 4 1 0
138 3 2 0 3
139 4 2 2 2
140 5 2 0 2
141 4 2 1 6
142 5 3 1 5
143 3 2 4 6
144 6 6 1 3
145 9 1 4 4
146 12 1 2 4
147 4 2 0 2
148 6 0 1 4
149 7 4 1 2
150 4 2 4 8
151 7 1 4 5
152 9 2 4 5
153 5 2 3 3
154 6 6 1 4
155 7 10 5 4
156 3 0 2 5
157 7 4 6 3
158 3 3 3 3
159 6 2 2 14
160 3 9 3 3
161 5 2 4 9
162 6 3 3 8
163 8 2 2 7
164 7 1 0 10
165 4 1 1 8
166 4 5 2 2
167 12 2 1 10
168 9 6 5 3
169 9 1 5 5
170 8 5 1 6
171 5 6 0 1
172 7 7 2 6
173 11 6 2 6
174 11 4 5 7
175 10 3 1 12
176 13 2 2 7
177 7 6 3 7
178 8 3 5 7
179 7 9 3 5
180 12 6 3 3
181 13 5 2 7
182 11 5 4 6
183 14 4 7 9
184 11 4 5 12
185 7 9 5 9
186 8 6 4 11
187 6 6 3 8
188 8 6 5 4
189 14 8 3 15
190 5 7 3 12
191 14 5 1 11
192 17 4 4 8
193 11 6 6 9
194 9 8 2 7
195 12 8 1 13
196 9 7 5 8
197 10 10 2 10
198 12 6 5 4
199 10 4 1 8
200 13 5 6 12
201 8 9 6 16
202 7 3 6 9
203 5 8 4 10
204 5 8 4 11
205 6 12 3 19
206 7 8 3 9
207 5 6 3 13
208 8 3 5 7
209 9 3 2 9
210 5 3 1 5
211 4 4 5 13
212 3 1 4 13
213 7 3 5 9
214 5 3 1 6
215 4 4 1 9
216 5 3 1 5
217 8 2 2 6
218 6 5 7 9
219 3 3 3 7
220 0 3 1 5
221 4 4 1 4
222 4 5 3 9
223 5 1 5 6
224 3 2 2 6
225 3 1 1 7
226 6 3 1 5
227 4 2 2 4
228 4 1 3 5
229 4 1 1 5
230 2 1 0 5
231 3 5 0 4
232 4 4 1 3
233 4 2 1 1
234 3 2 1 1
235 1 4 1 7
236 3 2 1 5
237 1 3 3 3
238 3 6 1 4
239 1 1 1 6
240 0 1 2 2
241 2 1 1 2
242 2 1 0 7
243 1 1 1 3
244 1 0 0 5
245 2 1 0 3
246 4 1 1 1
247 2 1 1 4
248 3 0 2 1
249 0 0 0 1
250 1 0 1 2
251 1 4 0 2
252 0 0 0 2
253 2 1 1 0
254 2 0 2 1
255 0 1 2 3
256 0 1 1 0
257 2 2 0 1
258 6 1 1 2
259 1 1 1 2
260 2 0 1 1
261 1 0 0 2
262 1 1 1 3
263 1 1 0 1
264 0 1 0 1
265 1 0 0 1
266 1 0 1 2
267 0 4 2 2
268 1 1 0 1
269 0 1 1 2
270 0 1 0 0
271 0 0 0 6
272 1 0 0 1
273 0 0 0 2
274 0 0 0 1
275 0 1 0 0
276 0 0 0 1
277 0 1 1 0
278 0 0 0 0
279 0 0 0 0
280 0 0 0 0
281 0 0 0 1
282 0 0 0 1
283 1 0 0 0
284 0 0 0 1
285 0 0 0 0
286 0 0 0 0
287 0 0 0 0
288 0 1 0 0
289 0 0 0 0
290 0 0 0 0
291 0 0 0 0
292 0 0 0 0
293 0 0 0 0
294 0 0 0 1
295 0 0 0 0
296 0 0 0 0
297 0 0 0 0
298 0 0 0 0
299 0 0 0 0
300 0 0 0 0
301 0 0 0 0
302 0 0 0 0
303 0 0 0 0
304 0 0 0 0
305 1 0 0 0
306 0 0 0 0
307 0 0 0 0
308 0 0 0 0
309 0 0 0 0
310 0 0 0 0
311 0 0 0 0
312 0 0 0 0
313 0 0 0 0
314 0 1 0 0
315 0 0 0 0
316 0 0 0 0
317 0 0 0 0
318 0 0 0 0
319 0 0 0 0
320 0 0 0 0
321 0 0 0 1
322 0 0 0 0
323 0 0 0 0
324 0 0 0 0
325 0 0 0 0
326 0 0 0 0
327 0 0 0 0
328 0 0 0 0
329 0 0 0 0
330 0 0 0 0
331 0 0 0 0
332 0 0 0 0
333 0 0 0 0
334 0 0 0 0
335 0 0 0 0
336 0 0 0 0
337 0 0 0 0
338 0 0 0 0
339 0 0 0 0
340 0 0 0 0
341 0 0 0 0
342 0 0 0 0
343 0 0 0 0
344 0 0 0 0
345 0 0 0 0
346 0 0 0 0
347 0 0 0 0
348 0 0 0 0
349 0 0 0 0
350 0 0 0 0
351 0 0 0 0
352 0 0 0 0
353 0 0 0 0
354 0 0 0 0
355 0 0 0 0
356 0 0 0 0
357 0 0 0 0
358 0 0 0 0
359 0 0 0 0
360 0 0 0 0
361 0 0 0 0
362 0 0 0 0
363 0 0 0 0
364 0 0 0 0
365 0 0 0 0
366 0 0 0 0
367 0 0 0 0
368 0 0 0 0
369 0 0 0 0
370 0 0 0 0
371 0 0 0 0
372 0 0 0 0
373 0 0 0 0
374 0 0 0 0
375 0 0 0 0
376 0 0 0 0
377 0 0 0 0
378 0 0 0 0
379 0 0 0 0
380 0 0 0 0
381 0 0 0 0
382 0 0 0 0
383 0 0 0 0
384 0 0 0 0
385 0 0 0 0
386 0 0 0 0
387 0 0 0 0
388 0 0 0 0
389 0 0 0 0
390 0 0 0 0
391 0 0 0 0
392 0 0 0 0
393 0 0 0 0
394 0 0 0 0
395 0 0 0 0
396 0 0 0 0
397 0 0 0 0
398 0 0 0 0
399 0 0 0 0
400 0 0 0 0
401 0 0 0 0
402 0 0 0 0
403 0 0 0 0
404 0 0 0 0
405 0 0 0 0
406 0 0 0 0
407 0 0 0 0
408 0 0 0 0
409 0 0 0 0
410 0 0 0 0
411 0 0 0 0
412 0 0 0 0
413 0 0 0 0
414 0 0 0 0
415 0 0 0 0
416 0 0 0 0
417 0 0 0 0
418 0 0 0 0
419 0 0 0 0
420 0 0 0 0
421 0 0 0 0
422 0 0 0 0
423 0 0 0 0
424 0 0 0 0
425 0 0 0 0
426 0 0 0 0
427 0 0 0 0
428 0 0 0 0
429 0 0 0 0
430 0 0 0 0
431 0 0 0 0
432 0 0 0 0
433 0 0 0 0
434 0 0 0 0
435 0 0 0 0
436 0 0 0 0
437 0 0 0 0
438 0 0 0 0
439 0 0 0 0
440 0 0 0 0
441 0 0 0 0
442 0 0 0 0
443 0 0 0 0
444 0 0 0 0
445 0 0 0 0
446 0 0 0 0
447 0 0 0 0
448 0 0 0 0
449 0 0 0 0
450 0 0 0 0
451 0 0 0 0
452 0 0 0 0
453 0 0 0 0
454 0 0 0 0
455 0 0 0 0
456 0 0 0 0
457 0 0 0 0
458 0 0 0 0
459 0 0 0 0
460 0 0 0 0
461 0 0 0 0
462 0 0 0 0
463 0 0 0 0
464 0 0 0 0
465 0 0 0 0
466 0 0 0 0
467 0 0 0 0
468 0 0 0 0
469 0 0 0 0
470 0 0 0 0
471 0 0 0 0
472 0 0 0 0
473 0 0 0 0
474 0 0 0 0
475 0 0 0 0
476 0 0 0 0
477 0 0 0 0
478 0 0 0 0
479 0 0 0 0
480 0 0 0 0
481 0 0 0 0
482 0 0 0 0
483 0 0 0 0
484 0 0 0 0
485 0 0 0 0
486 0 0 0 0
487 0 0 0 0
488 0 0 0 0
489 0 0 0 0
490 0 0 0 0
491 0 0 0 0
492 0 0 0 0
493 0 0 0 0
494 0 0 0 0
495 0 0 0 0
496 0 0 0 0
497 0 0 0 0
498 0 0 0 0
499 0 0 0 0
500 0 0 0 0
501 0 0 0 0
502 0 0 0 0
503 0 0 0 0
504 0 0 0 0
505 0 0 0 0
506 0 0 0 0
507 0 0 0 0
508 0 0 0 0
509 0 0 0 0
510 0 0 0 0
511 0 0 0 0
512 0 0 0 0
513 0 0 0 0
514 0 0 0 0
515 0 0 0 0
516 0 0 0 0
517 0 0 0 0
518 0 0 0 0
519 0 0 0 0
520 0 0 0 0
521 0 0 0 0
522 0 0 0 0
523 0 0 0 0
524 0 0 0 0
525 0 0 0 0
526 0 0 0 0
527 0 0 0 0
528 0 0 0 0
529 0 0 0 0
530 0 0 0 0
531 0 0 0 0
532 0 0 0 0
533 0 0 0 0
534 0 0 0 0
535 0 0 0 0
536 0 0 0 0
537 0 0 0 0
538 0 0 0 0
539 0 0 0 0
540 0 0 0 0
541 0 0 0 0
542 0 0 0 0
543 0 0 0 0
544 0 0 0 0
545 0 0 0 0
546 0 0 0 0
547 0 0 0 0
548 0 0 0 0
549 0 0 0 0
550 0 0 0 0
551 0 0 0 0
552 0 0 0 0
553 0 0 0 0
554 0 0 0 0
555 0 0 0 0
556 0 0 0 0
557 0 0 0 0
558 0 0 0 0
559 0 0 0 0
560 0 0 0 0
561 0 0 0 0
562 0 0 0 0
563 0 0 0 0
564 0 0 0 0
565 0 0 0 0
566 0 0 0 0
567 0 0 0 0
568 0 0 0 0
569 0 0 0 0
570 0 0 0 0
571 0 0 0 0
572 0 0 0 0
573 0 0 0 0
574 0 0 0 0
575 0 0 0 0
576 0 0 0 0
577 0 0 0 0
578 0 0 0 0
579 0 0 0 0
580 0 0 0 0
581 0 0 0 0
582 0 0 0 0
583 0 0 0 0
584 0 0 0 0
585 0 0 0 0
586 0 0 0 0
587 0 0 0 0
588 0 0 0 0
589 0 0 0 0
590 0 0 0 0
591 0 0 0 0
592 0 0 0 0
593 0 0 0 0
594 0 0 0 0
595 0 0 0 0
596 0 0 0 0
597 0 0 0 0
598 0 0 0 0
599 0 0 0 0
600 0 0 0 0
601 0 0 0 0
602 0 0 0 0
603 0 0 0 0
604 0 0 0 0
605 0 0 0 0
606 0 0 0 0
607 0 0 0 0
608 0 0 0 0
609 0 0 0 0
610 0 0 0 0
611 0 0 0 0
612 0 0 0 0
613 0 0 0 0
614 0 0 0 0
615 0 0 0 0
616 0 0 0 0
617 0 0 0 0
618 0 0 0 0
619 0 0 0 0
620 0 0 0 0
621 0 0 0 0
622 0 0 0 0
623 0 0 0 0
624 0 0 0 0
625 0 0 0 0
626 0 0 0 0
627 0 0 0 0
628 0 0 0 0
629 0 0 0 0
630 0 0 0 0
631 0 0 0 0
632 0 0 0 0
633 0 0 0 0
634 0 0 0 0
635 0 0 0 0
636 0 0 0 0
637 0 0 0 0
638 0 0 0 0
639 0 0 0 0
640 0 0 0 0
641 0 0 0 0
642 0 0 0 0
643 0 0 0 0
644 0 0 0 0
645 0 0 0 0
646 0 0 0 0
647 0 0 0 0
648 0 0 0 0
649 0 0 0 0
650 0 0 0 0
651 0 0 0 0
652 0 0 0 0
653 0 0 0 0
654 0 0 0 0
655 0 0 0 0
656 0 0 0 0
657 0 0 0 0
658 0 0 0 0
659 0 0 0 0
660 0 0 0 0
661 0 0 0 0
662 0 0 0 0
663 0 0 0 0
664 0 0 0 0
665 0 0 0 0
666 0 0 0 0
667 0 0 0 0
668 0 0 0 0
669 0 0 0 0
670 0 0 0 0
671 0 0 0 0
672 0 0 0 0
673 0 0 0 0
674 0 0 0 0
675 0 0 0 0
676 0 0 0 0
677 0 0 0 0
678 0 0 0 0
679 0 0 0 0
680 0 0 0 0
681 0 0 0 0
682 0 0 0 0
683 0 0 0 0
684 0 0 0 0
685 0 0 0 0
686 0 0 0 0
687 0 0 0 0
688 0 0 0 0
689 0 0 0 0
690 0 0 0 0
691 0 0 0 0
692 0 0 0 0
693 0 0 0 0
694 0 0 0 0
695 0 0 0 0
696 0 0 0 0
697 0 0 0 0
698 0 0 0 0
699 0 0 0 0
700 0 0 0 0
701 0 0 0 0
702 0 0 0 0
703 0 0 0 0
704 0 0 0 0
705 0 0 0 0
706 0 0 0 0
707 0 0 0 0
708 0 0 0 0
709 0 0 0 0
710 0 0 0 0
711 0 0 0 0
712 0 0 0 0
713 0 0 0 0
714 0 0 0 0
715 0 0 0 0
716 0 0 0 0
717 0 0 0 0
718 0 0 0 0
719 0 0 0 0
720 0 0 0 0
721 0 0 0 0
722 0 0 0 0
723 0 0 0 0
724 0 0 0 0
725 0 0 0 0
726 0 0 0 0
727 0 0 0 0
