0 0 0 0 0
1 0 0 0 0
2 0 0 0 0
3 0 0 0 0
4 0 0 0 0
5 0 0 1 0
6 0 0 0 0
7 0 0 0 0
8 0 0 0 0
9 0 4 0 0
10 0 0 0 0
11 0 0 0 0
12 0 0 0 1
13 0 0 0 1
14 0 0 0 0
15 0 0 0 0
16 0 0 0 3
17 0 0 0 0
18 0 0 0 0
19 0 0 0 0
20 1 0 0 0
21 0 0 0 0
22 2 0 0 0
23 0 0 0 0
24 2 0 0 0
25 1 0 0 0
26 0 0 0 0
27 0 0 0 0
28 0 0 0 0
29 0 1 1 0
30 1 0 0 0
31 1 1 1 0
32 0 0 1 0
33 0 1 0 2
34 0 0 0 0
35 0 1 0 1
36 0 1 0 0
37 0 0 0 0
38 0 0 0 1
39 0 0 0 2
40 0 0 0 1
41 1 0 0 0
42 0 0 0 0
43 0 0 0 1
44 0 0 0 0
45 0 0 0 0
46 0 0 0 0
47 0 0 0 0
48 3 0 0 0
49 1 0 0 0
50 0 1 0 0
51 1 0 0 0
52 1 0 0 0
53 0 2 0 0
54 0 0 0 1
55 1 0 0 0
56 0 0 0 0
57 0 1 0 2
58 0 0 1 0
59 1 0 0 0
60 0 1 0 0
61 1 1 0 1
62 1 0 0 0
63 0 0 0 0
64 2 0 1 0
65 1 0 0 1
66 1 0 0 1
67 1 0 1 0
68 2 1 0 1
69 0 0 2 0
70 0 0 1 0
71 1 0 1 1
72 0 0 0 1
73 0 0 0 1
74 1 1 0 1
75 1 0 0 1
76 2 1 1 1
77 2 2 0 1
78 1 0 0 0
79 3 0 1 1
80 1 0 0 0
81 2 0 0 1
82 0 1 0 0
83 3 1 0 2
84 1 2 0 1
85 2 0 3 0
86 2 1 1 2
87 5 0 0 1
88 5 3 1 1
89 1 1 0 0
90 1 2 0 1
91 4 1 0 1
92 2 1 3 5
93 1 1 1 1
94 2 1 0 3
95 2 2 0 3
96 2 2 2 1
97 1 2 3 1
98 2 2 0 0
99 3 0 0 5
100 2 1 1 2
101 3 2 0 5
102 1 0 1 1
103 2 1 2 3
104 3 1 1 3
105 2 1 1 3
106 4 1 1 1
107 3 2 0 2
108 0 1 1 1
109 4 1 1 1
110 3 2 1 2
111 4 0 0 2
112 3 2 0 4
113 3 2 0 3
114 7 1 3 2
115 2 4 0 0
116 4 3 2 1
117 3 1 1 3
118 3 2 1 2
119 5 2 5 4
120 3 0 2 4
121 1 1 0 3
122 4 2 2 2
123 3 4 0 4
124 1 5 0 2
125 2 1 4 2
126 7 0 0 6
127 4 2 2 4
128 4 1 0 5
129 7 1 2 3
130 4 1 2 3
131 6 2 1 3
132 8 0 2 4
133 7 2 1 2
134 7 2 3 1
135 5 4 4 1
136 3 3 4 3
137 1 2 4 5
138 5 1 5 4
139 4 3 4 4
140 11 2 0 2
141 9 4 1 8
142 9 3 0 6
143 4 3 2 6
144 7 2 6 2
145 3 7 1 7
146 6 3 4 6
147 7 5 1 4
148 4 2 1 6
149 2 5 6 8
150 1 3 3 5
151 5 4 6 8
152 5 3 1 5
153 3 3 2 9
154 7 1 0 3
155 9 0 2 7
156 12 5 3 9
157 11 3 1 8
158 8 1 2 6
159 7 0 4 4
160 12 2 5 7
161 7 5 4 2
162 9 2 5 2
163 14 6 6 4
164 11 5 2 6
165 11 7 4 8
166 11 6 4 6
167 12 3 3 9
168 7 7 5 4
169 12 5 3 12
170 11 9 1 8
171 7 6 3 8
172 8 8 5 9
173 9 6 1 12
174 10 9 3 6
175 6 8 6 10
176 9 6 4 10
177 15 6 3 10
178 10 4 5 10
179 17 4 4 14
180 12 4 4 5
181 15 7 3 14
182 14 8 7 13
183 5 8 3 14
184 18 6 3 8
185 11 6 4 8
186 11 6 6 11
187 5 6 5 8
188 16 4 7 10
189 18 12 7 9
190 14 9 2 9
191 15 6 2 11
192 20 3 3 15
193 17 8 7 13
194 18 15 1 13
195 14 9 7 8
196 21 7 3 16
197 10 10 9 7
198 14 8 9 10
199 11 8 9 12
200 14 11 6 17
201 13 7 10 16
202 16 5 6 17
203 17 8 3 15
204 15 5 6 19
205 10 14 7 14
206 11 9 5 12
207 21 9 8 16
208 15 5 8 18
209 11 9 7 19
210 13 5 5 14
211 20 7 5 14
212 16 11 10 14
213 11 5 9 16
214 9 3 8 13
215 4 2 8 9
216 9 12 3 22
217 9 8 5 15
218 4 10 7 13
219 7 5 5 11
220 9 12 3 12
221 6 9 7 15
222 12 4 4 10
223 8 4 2 11
224 5 3 0 17
225 4 8 4 17
226 5 4 5 9
227 6 5 4 12
228 6 3 5 9
229 8 5 2 6
230 8 1 2 6
231 5 3 6 7
232 5 2 2 13
233 6 5 0 8
234 7 6 2 4
235 5 2 3 9
236 8 3 3 5
237 7 1 3 4
238 3 2 3 6
239 3 6 5 3
240 0 4 2 6
241 6 5 4 8
242 2 3 5 5
243 1 3 2 9
244 1 2 0 5
245 4 2 1 5
246 3 2 2 11
247 3 0 0 6
248 4 2 1 6
249 2 0 0 5
250 5 5 2 5
251 3 3 1 2
252 3 0 1 2
253 4 0 2 2
254 1 3 1 5
255 2 1 2 3
256 2 2 1 1
257 2 1 1 3
258 1 1 2 1
259 3 3 1 1
260 1 3 2 2
261 2 3 0 5
262 1 3 0 4
263 0 0 1 4
264 1 2 1 6
265 3 2 0 2
266 2 1 1 5
267 1 1 0 1
268 1 0 1 3
269 2 0 0 1
270 1 0 1 3
271 0 0 1 1
272 1 0 0 1
273 0 0 0 0
274 0 1 1 2
275 3 3 1 2
276 0 0 1 0
277 1 1 1 0
278 0 1 0 2
279 0 0 0 2
280 2 1 0 0
281 0 0 0 1
282 0 0 0 2
283 1 1 0 1
284 1 1 1 1
285 1 1 0 1
286 0 0 0 0
287 0 0 0 1
288 1 0 0 1
289 1 1 0 0
290 1 1 0 2
291 0 0 0 0
292 1 1 0 1
293 0 2 0 0
294 3 0 0 1
295 0 0 0 0
296 1 0 0 2
297 3 1 0 0
298 0 0 1 0
299 2 3 0 1
300 0 0 0 1
301 0 0 1 0
302 0 2 0 0
303 2 2 0 2
304 1 0 1 1
305 1 1 0 1
306 0 0 0 2
307 0 0 0 1
308 1 0 1 1
309 0 0 0 2
310 0 0 1 1
311 0 0 0 1
312 1 1 0 0
313 0 1 1 0
314 0 0 0 1
315 1 0 0 0
316 0 0 0 1
317 0 0 1 1
318 0 0 0 0
319 0 0 0 0
320 2 0 0 2
321 1 0 0 0
322 1 0 0 0
323 1 0 0 0
324 0 0 1 1
325 1 0 2 0
326 0 1 0 0
327 1 0 0 0
328 0 1 0 1
329 1 0 0 2
330 0 1 0 1
331 0 0 1 0
332 0 0 1 1
333 0 0 0 0
334 0 1 0 1
335 0 0 0 1
336 0 0 0 1
337 0 0 0 0
338 1 0 0 1
339 0 0 0 0
340 0 0 0 0
341 1 0 0 0
342 0 0 0 0
343 0 0 0 0
344 0 0 0 0
345 1 0 0 0
346 1 0 0 0
347 0 0 1 0
348 0 0 0 0
349 0 0 0 0
350 0 1 0 0
351 0 1 0 1
352 0 0 0 0
353 0 0 0 0
354 0 1 0 1
355 0 0 0 0
356 0 0 0 0
357 0 0 0 0
358 0 0 0 2
359 0 0 0 0
360 0 0 0 0
361 0 0 0 0
362 0 0 0 0
363 0 0 0 0
364 0 0 0 0
365 0 0 0 0
366 0 0 0 0
367 0 0 0 0
368 1 0 0 0
369 1 0 0 0
370 0 0 0 0
371 0 0 0 0
372 0 0 0 0
373 0 0 0 0
374 0 1 0 0
375 0 0 0 0
376 0 0 0 0
377 0 0 1 0
378 0 0 0 1
379 0 0 0 0
380 0 0 0 0
381 0 0 0 1
382 0 0 0 0
383 0 0 0 0
384 0 0 0 0
385 0 0 0 0
386 0 0 0 0
387 0 0 0 0
388 0 0 0 0
389 0 0 0 0
390 1 0 0 0
391 0 0 0 0
392 0 0 0 0
393 0 0 0 0
394 0 0 0 0
395 0 0 1 0
396 0 0 0 0
397 2 0 0 0
398 0 0 0 0
399 0 0 0 0
400 0 0 0 0
401 1 0 0 0
402 0 1 1 1
403 0 0 0 0
404 0 0 0 0
405 1 0 0 0
406 0 0 1 1
407 0 0 0 0
408 0 0 0 0
409 0 0 0 1
410 0 1 0 1
411 1 0 0 0
412 0 0 0 0
413 1 0 0 0
414 1 0 0 0
415 1 0 0 0
416 0 1 0 1
417 0 0 0 0
418 0 0 1 0
419 1 0 0 0
420 1 1 0 1
421 0 0 0 0
422 0 0 0 1
423 1 1 0 0
424 0 1 0 1
425 2 1 0 0
426 1 0 0 0
427 0 0 0 1
428 1 0 0 1
429 1 0 0 1
430 0 1 0 0
431 0 0 0 0
432 0 0 1 0
433 0 1 0 0
434 0 2 0 1
435 0 0 1 0
436 0 0 0 0
437 0 0 0 1
438 1 0 0 1
439 0 0 0 2
440 0 0 0 0
441 0 0 0 1
442 1 0 0 0
443 0 1 0 0
444 0 0 0 0
445 0 0 0 0
446 0 0 0 0
447 0 0 0 0
448 1 0 0 0
449 0 0 0 0
450 0 0 0 1
451 0 1 0 0
452 0 0 0 0
453 0 1 0 0
454 2 0 0 0
455 0 0 0 0
456 0 0 0 0
457 0 0 0 1
458 0 0 0 1
459 1 0 0 0
460 1 0 0 0
461 0 0 0 0
462 0 0 0 0
463 1 1 1 0
464 1 0 0 0
465 0 0 0 0
466 0 0 0 0
467 0 0 0 2
468 0 1 0 0
469 0 1 0 0
470 0 0 0 0
471 0 0 0 0
472 0 0 1 1
473 0 0 1 1
474 0 0 0 0
475 0 0 0 0
476 0 0 0 1
477 0 0 0 1
478 1 0 0 0
479 0 0 0 0
480 0 0 0 0
481 1 0 0 0
482 0 0 0 0
483 0 1 0 0
484 0 0 0 0
485 0 0 0 0
486 0 0 0 0
487 0 0 0 0
488 0 0 0 0
489 1 0 0 0
490 0 1 0 1
491 1 0 0 0
492 0 0 0 0
493 0 0 0 0
494 1 0 0 0
495 0 0 0 0
496 1 0 0 0
497 1 0 1 1
498 0 1 0 0
499 0 0 0 0
500 0 1 0 0
501 1 0 0 0
502 0 1 0 1
503 1 0 0 0
504 0 0 0 2
505 1 1 0 0
506 2 0 0 1
507 0 0 0 0
508 0 1 0 0
509 0 0 0 0
510 0 2 0 0
511 0 1 0 0
512 0 0 0 1
513 1 0 0 0
514 0 0 0 0
515 0 1 0 2
516 0 0 0 0
517 0 0 0 2
518 0 0 1 0
519 0 0 0 0
520 0 0 0 0
521 0 0 0 0
522 2 0 0 1
523 1 0 0 0
524 1 0 0 0
525 0 0 0 1
526 0 0 0 0
527 0 0 0 0
528 0 0 0 0
529 1 0 0 0
530 0 0 0 0
531 0 1 1 0
532 0 0 1 0
533 0 0 1 0
534 0 1 0 0
535 0 0 0 1
536 0 0 0 0
537 0 0 0 1
538 0 0 0 1
539 0 0 0 1
540 0 0 0 0
541 0 0 0 1
542 0 0 0 0
543 0 0 0 0
544 0 0 0 0
545 0 0 0 0
546 0 0 0 0
547 0 0 0 0
548 1 0 0 0
549 0 0 0 0
550 0 0 0 0
551 1 0 0 0
552 0 0 0 0
553 1 1 0 0
554 1 0 0 0
555 0 0 0 0
556 1 0 1 0
557 1 0 0 0
558 0 0 0 0
559 0 0 0 0
560 0 0 0 2
561 0 1 0 0
562 0 1 1 0
563 0 1 0 0
564 0 0 0 0
565 0 0 0 0
566 0 0 0 0
567 0 0 0 1
568 0 0 0 1
569 0 0 0 2
570 0 0 0 0
571 0 0 0 0
572 0 0 0 0
573 1 0 0 0
574 1 0 0 0
575 0 0 0 0
576 1 0 0 0
577 0 0 0 0
578 0 0 0 0
579 0 0 1 0
580 1 0 0 0
581 2 0 1 0
582 1 0 1 0
583 0 0 0 0
584 0 0 0 0
585 0 0 1 1
586 0 0 0 2
587 0 1 0 0
588 0 0 0 0
589 0 0 0 0
590 0 2 0 0
591 0 0 0 1
592 0 0 0 1
593 0 0 0 0
594 0 0 0 2
595 0 0 0 0
596 0 0 0 0
597 0 0 0 0
598 0 0 0 0
599 0 0 0 0
600 0 0 0 0
601 0 0 0 0
602 0 0 0 0
603 0 0 0 0
604 0 0 0 0
605 0 0 0 0
606 0 0 0 0
607 0 0 0 0
608 1 0 0 0
609 0 0 0 0
610 0 0 0 0
611 0 0 0 0
612 0 0 0 0
613 0 0 0 0
614 0 0 0 0
615 0 0 0 0
616 0 0 0 0
617 0 1 0 0
618 0 0 0 0
619 0 0 0 0
620 0 0 0 0
621 0 0 0 1
622 0 0 0 0
623 0 0 0 0
624 0 0 0 0
625 0 0 0 0
626 0 0 0 0
627 0 0 0 0
628 0 0 0 0
629 0 0 0 0
630 0 0 0 0
631 0 0 0 0
632 0 0 0 0
633 0 0 0 0
634 0 0 0 0
635 0 0 0 0
636 0 0 0 0
637 0 0 0 0
638 0 0 0 0
639 0 0 0 0
640 0 0 0 0
641 0 0 0 0
642 0 0 0 0
643 0 0 0 0
644 0 0 0 0
645 0 0 0 0
646 0 0 0 0
647 0 0 0 0
648 0 0 0 0
649 0 0 0 0
650 0 0 0 0
651 0 0 0 0
652 0 0 0 0
653 0 0 0 0
654 0 0 0 0
655 0 0 0 0
656 0 0 0 0
657 0 0 0 0
658 0 0 0 0
659 0 0 0 0
660 0 0 0 0
661 0 0 0 0
662 0 0 0 0
663 0 0 0 0
664 0 0 0 0
665 0 0 0 0
666 0 0 0 0
667 0 0 0 0
668 0 0 0 0
669 0 0 0 0
670 0 0 0 0
671 0 0 0 0
672 0 0 0 0
673 0 0 0 0
674 0 0 0 0
675 0 0 0 0
676 0 0 0 0
677 0 0 0 0
678 0 0 0 0
679 0 0 0 0
680 0 0 0 0
681 0 0 0 0
682 0 0 0 0
683 0 0 0 0
684 0 0 0 0
685 0 0 0 0
686 0 0 0 0
687 0 0 0 0
688 0 0 0 0
689 0 0 0 0
690 0 0 0 0
691 0 0 0 0
692 0 0 0 0
693 0 0 0 0
694 0 0 0 0
695 0 0 0 0
696 0 0 0 0
697 0 0 0 0
698 0 0 0 0
699 0 0 0 0
700 0 0 0 0
701 0 0 0 0
702 0 0 0 0
703 0 0 0 0
704 0 0 0 0
705 0 0 0 0
706 0 0 0 0
707 0 0 0 0
708 0 0 0 0
709 0 0 0 0
710 0 0 0 0
711 0 0 0 0
712 0 0 0 0
713 0 0 0 0
714 0 0 0 0
715 0 0 0 0
716 0 0 0 0
717 0 0 0 0
718 0 0 0 0
719 0 0 0 0
720 0 0 0 0
721 0 0 0 0
722 0 0 0 0
723 0 0 0 0
724 0 0 0 0
725 0 0 0 0
726 0 0 0 0
727 0 0 0 0
