0 0 0 0 0
1 0 0 0 0
2 0 0 0 0
3 0 0 0 0
4 0 0 0 0
5 0 1 1 0
6 0 0 0 0
7 0 0 0 0
8 0 1 0 0
9 0 0 2 0
10 0 0 0 0
11 0 0 0 0
12 0 0 0 2
13 0 0 0 1
14 0 0 0 1
15 0 0 0 0
16 0 0 0 1
17 0 0 0 0
18 1 0 0 0
19 0 0 0 0
20 1 0 0 0
21 0 0 0 0
22 1 0 0 0
23 1 1 0 0
24 1 0 0 0
25 2 0 0 0
26 0 0 0 0
27 0 0 0 0
28 0 0 0 0
29 2 1 1 0
30 1 1 0 1
31 0 1 0 0
32 1 1 0 0
33 0 0 0 1
34 1 2 0 0
35 1 0 1 1
36 0 0 0 1
37 0 0 0 1
38 1 0 1 1
39 0 0 0 1
40 0 0 0 0
41 1 0 1 1
42 1 0 1 2
43 0 2 0 0
44 0 0 0 0
45 2 0 0 1
46 0 0 0 0
47 1 1 0 1
48 2 0 0 0
49 1 0 0 1
50 1 2 0 1
51 1 0 0 1
52 1 1 0 0
53 1 0 1 0
54 3 2 0 1
55 1 0 1 0
56 0 0 1 1
57 3 2 0 1
58 1 0 0 2
59 2 0 2 0
60 1 0 0 2
61 2 0 0 1
62 1 2 0 1
63 0 1 1 1
64 0 0 3 1
65 0 0 0 0
66 0 0 2 1
67 4 0 1 1
68 4 0 0 1
69 0 1 0 3
70 2 2 0 1
71 0 0 0 2
72 0 4 0 0
73 0 1 0 1
74 1 0 0 2
75 2 1 1 0
76 4 0 0 4
77 3 2 1 1
78 2 0 0 0
79 4 1 0 3
80 5 2 0 1
81 3 1 2 1
82 0 1 1 0
83 1 0 1 1
84 0 1 1 3
85 1 2 1 0
86 2 1 2 3
87 2 2 0 2
88 0 2 0 2
89 3 2 0 1
90 2 0 1 3
91 1 0 0 3
92 0 3 0 3
93 1 0 0 1
94 2 2 0 1
95 3 2 1 1
96 3 1 0 2
97 4 0 0 1
98 2 1 0 1
99 2 2 0 2
100 5 3 1 0
101 3 0 1 2
102 2 1 2 2
103 1 1 1 2
104 3 1 0 4
105 5 1 5 1
106 5 1 2 4
107 4 0 1 1
108 2 0 2 1
109 5 2 0 1
110 3 3 2 2
111 3 1 2 1
112 5 3 3 5
113 4 3 0 2
114 3 3 1 4
115 1 3 1 4
116 5 2 0 6
117 1 4 0 3
118 3 3 1 3
119 2 0 4 5
120 6 2 0 2
121 1 3 2 4
122 10 4 0 3
123 9 0 1 4
124 7 1 0 1
125 9 5 1 8
126 10 1 0 4
127 9 3 4 2
128 3 3 3 1
129 5 2 2 5
130 3 2 3 0
131 12 7 5 5
132 5 7 2 7
133 8 5 3 2
134 10 5 3 5
135 12 5 2 7
136 10 4 3 8
137 9 2 2 7
138 5 5 1 13
139 5 4 2 7
140 10 10 4 6
141 7 0 4 6
142 9 2 5 6
143 10 5 2 9
144 5 6 2 8
145 11 8 8 6
146 6 5 4 6
147 8 4 3 9
148 15 4 3 4
149 13 2 3 8
150 12 4 5 13
151 12 8 2 11
152 5 8 2 14
153 13 3 5 3
154 3 5 4 7
155 10 4 4 8
156 13 8 2 10
157 12 9 2 6
158 11 8 6 11
159 11 4 3 8
160 9 10 3 10
161 9 7 2 9
162 8 5 4 13
163 16 7 2 9
164 18 6 4 13
165 11 7 6 13
166 9 10 6 8
167 8 0 4 7
168 17 11 3 7
169 12 6 2 10
170 13 6 3 13
171 11 9 3 8
172 13 9 4 13
173 11 7 11 13
174 9 8 3 7
175 12 7 3 16
176 15 4 6 6
177 10 9 6 14
178 14 7 5 10
179 15 3 4 16
180 23 5 9 17
181 13 10 9 11
182 26 7 4 8
183 17 9 4 8
184 20 9 6 17
185 27 13 7 14
186 15 11 1 7
187 16 10 11 18
188 19 4 7 21
189 23 8 5 19
190 22 11 5 9
191 29 14 8 16
192 23 7 9 12
193 27 18 7 12
194 21 15 13 15
195 20 11 7 16
196 16 14 6 17
197 22 12 8 20
198 9 18 12 27
199 12 11 8 20
200 16 18 9 28
201 13 8 9 20
202 19 12 8 18
203 17 14 10 14
204 12 9 6 19
205 15 9 8 28
206 20 12 6 24
207 21 7 6 29
208 20 8 6 16
209 19 11 6 23
210 19 11 4 19
211 20 8 5 13
212 12 10 9 13
213 16 9 5 19
214 15 7 6 13
215 11 13 10 15
216 9 11 7 21
217 13 11 6 12
218 12 18 1 9
219 17 15 7 21
220 15 14 7 18
221 9 3 7 16
222 12 10 6 17
223 8 7 3 18
224 9 8 6 20
225 7 11 1 17
226 4 6 5 20
227 8 7 3 17
228 6 2 8 15
229 2 5 8 12
230 11 6 1 13
231 6 6 3 11
232 5 4 1 12
233 7 3 2 13
234 5 3 1 7
235 7 4 1 9
236 7 6 3 4
237 6 4 4 6
238 1 4 4 7
239 5 5 2 4
240 6 6 2 5
241 4 3 2 6
242 7 2 2 8
243 4 2 2 10
244 5 2 2 10
245 3 3 4 6
246 2 1 3 4
247 4 3 3 4
248 3 5 0 7
249 1 3 2 6
250 0 2 2 4
251 2 3 2 2
252 1 5 0 6
253 0 3 1 7
254 1 2 0 7
255 2 1 0 4
256 3 0 0 2
257 2 1 1 4
258 0 0 0 4
259 2 1 0 3
260 3 3 0 1
261 3 2 1 4
262 3 0 1 0
263 3 0 0 1
264 1 3 0 3
265 0 2 0 1
266 2 2 0 1
267 0 2 0 0
268 0 0 0 4
269 0 0 1 1
270 0 2 0 2
271 1 1 1 3
272 0 2 1 1
273 1 1 0 1
274 0 0 0 1
275 0 1 0 1
276 0 1 0 2
277 1 0 0 1
278 0 0 1 1
279 1 0 0 2
280 0 0 0 2
281 0 0 0 0
282 0 1 0 1
283 0 0 0 0
284 1 0 0 0
285 0 0 0 0
286 1 0 0 1
287 2 0 0 0
288 0 1 0 0
289 2 0 0 0
290 0 0 0 0
291 2 0 0 0
292 0 2 0 0
293 1 1 0 0
294 0 1 0 0
295 2 1 0 1
296 0 0 1 1
297 1 0 0 1
298 1 1 0 0
299 0 0 0 1
300 0 1 2 1
301 0 0 0 1
302 0 1 1 2
303 0 1 0 0
304 1 0 0 2
305 0 0 0 0
306 0 0 0 2
307 0 0 0 1
308 0 0 0 0
309 1 0 1 0
310 0 0 0 1
311 1 0 0 0
312 0 0 0 0
313 0 0 0 1
314 1 0 1 0
315 0 0 0 0
316 0 0 0 0
317 0 0 0 0
318 0 0 0 1
319 0 1 0 0
320 1 1 0 0
321 1 0 0 0
322 1 0 0 0
323 0 0 0 0
324 0 0 0 2
325 0 1 0 0
326 0 0 1 0
327 0 0 0 0
328 0 0 0 0
329 0 0 0 0
330 0 0 0 0
331 0 0 1 0
332 0 0 0 1
333 0 0 0 1
334 0 0 0 0
335 0 0 0 0
336 0 0 0 0
337 0 0 0 0
338 0 0 0 1
339 0 0 0 0
340 0 0 0 0
341 0 0 0 0
342 1 0 0 0
343 0 0 0 0
344 0 0 0 0
345 0 0 0 0
346 1 0 0 0
347 0 0 1 0
348 0 0 0 0
349 0 0 0 0
350 0 0 0 0
351 0 1 0 1
352 0 0 0 0
353 0 0 0 0
354 0 0 0 0
355 0 0 0 1
356 0 0 0 0
357 0 0 0 0
358 0 0 0 0
359 0 0 0 0
360 0 0 0 0
361 0 0 0 0
362 0 0 0 0
363 0 0 0 0
364 1 0 0 0
365 0 0 0 0
366 0 0 0 0
367 0 0 0 0
368 0 0 0 0
369 0 1 0 0
370 0 0 0 0
371 0 0 0 0
372 0 0 0 0
373 0 0 0 0
374 0 0 0 0
375 0 0 0 0
376 0 0 0 1
377 0 0 0 0
378 0 0 0 0
379 0 0 0 0
380 0 0 0 0
381 0 0 0 0
382 0 0 0 0
383 0 0 0 0
384 0 0 0 0
385 0 0 0 0
386 0 0 0 0
387 0 0 0 0
388 0 0 0 0
389 0 0 0 0
390 0 0 0 0
391 0 0 0 0
392 1 0 0 0
393 0 0 0 0
394 1 0 0 0
395 1 0 0 0
396 0 0 0 0
397 0 0 0 0
398 1 0 0 0
399 0 0 0 0
400 0 1 0 0
401 0 0 1 0
402 0 0 0 0
403 0 1 1 0
404 0 0 0 1
405 0 0 0 0
406 0 0 0 0
407 0 0 0 2
408 0 0 0 1
409 0 0 0 0
410 0 0 0 0
411 0 0 0 0
412 0 0 0 0
413 0 0 0 0
414 1 0 0 0
415 0 0 0 0
416 0 0 0 0
417 0 0 0 0
418 1 0 0 0
419 0 1 0 0
420 1 0 0 0
421 1 0 0 0
422 0 0 0 0
423 0 1 0 1
424 0 0 0 0
425 0 0 0 0
426 2 0 1 0
427 0 0 1 1
428 1 0 0 0
429 0 0 0 0
430 0 0 0 0
431 1 0 2 0
432 0 0 0 0
433 0 0 0 1
434 0 0 0 1
435 0 0 0 2
436 0 0 1 0
437 1 0 1 0
438 0 0 0 0
439 0 0 0 0
440 0 0 0 1
441 0 0 0 1
442 0 0 1 0
443 0 0 0 0
444 0 0 0 0
445 1 0 0 0
446 0 0 0 1
447 1 0 0 0
448 0 0 0 0
449 1 0 0 0
450 0 1 0 0
451 1 0 0 0
452 0 0 0 0
453 0 0 0 0
454 0 1 0 0
455 0 0 0 0
456 0 0 1 0
457 0 0 0 1
458 0 0 0 1
459 0 0 0 0
460 1 1 0 0
461 0 0 0 0
462 0 0 0 0
463 0 0 0 1
464 0 0 0 0
465 0 0 0 0
466 0 0 0 0
467 0 0 0 1
468 0 0 0 0
469 0 1 0 0
470 1 0 0 0
471 0 0 0 0
472 0 0 0 0
473 0 0 0 0
474 1 0 0 0
475 1 0 0 0
476 0 0 0 1
477 2 0 0 0
478 0 0 0 0
479 1 0 1 0
480 0 1 0 0
481 0 0 0 0
482 0 1 0 0
483 0 1 0 0
484 0 0 1 1
485 0 0 0 0
486 0 1 0 2
487 1 0 0 0
488 0 0 0 2
489 0 0 0 0
490 0 0 0 0
491 0 0 0 1
492 0 0 1 0
493 0 0 0 0
494 0 0 0 0
495 0 0 0 0
496 3 0 0 1
497 0 0 0 0
498 1 0 0 0
499 0 0 0 0
500 0 0 0 0
501 0 0 2 0
502 1 0 0 0
503 1 0 0 0
504 0 0 0 0
505 0 1 0 2
506 1 0 0 0
507 1 0 1 0
508 0 0 0 0
509 0 0 0 0
510 0 0 0 0
511 0 1 0 0
512 0 1 1 1
513 1 0 0 0
514 1 0 0 1
515 0 1 0 0
516 1 0 0 2
517 0 0 0 0
518 0 1 0 1
519 1 0 0 0
520 1 0 0 0
521 0 1 0 0
522 1 0 0 1
523 3 1 0 1
524 0 0 0 0
525 2 0 0 1
526 1 0 0 0
527 1 0 1 0
528 3 1 0 0
529 1 1 0 0
530 1 1 1 1
531 0 1 0 0
532 0 2 2 1
533 2 0 0 0
534 0 1 0 3
535 1 1 0 2
536 0 0 0 2
537 0 0 3 1
538 1 0 0 1
539 0 0 0 1
540 0 0 0 0
541 1 0 0 1
542 4 2 0 1
543 0 0 0 0
544 1 0 1 2
545 0 0 0 0
546 0 1 0 0
547 1 1 0 0
548 0 1 1 1
549 0 0 1 2
550 0 0 0 1
551 3 1 1 0
552 3 1 0 2
553 1 0 0 1
554 2 0 0 1
555 0 0 0 2
556 1 2 0 1
557 0 1 1 0
558 1 0 0 0
559 0 0 1 0
560 1 1 0 1
561 0 2 0 0
562 0 1 0 0
563 1 1 1 2
564 0 0 0 3
565 0 0 0 1
566 0 0 0 0
567 1 0 0 1
568 0 0 1 1
569 1 1 0 1
570 0 0 0 1
571 1 0 0 0
572 1 0 0 1
573 2 0 0 0
574 3 1 0 0
575 2 0 0 0
576 1 1 1 1
577 1 0 0 0
578 0 0 0 0
579 0 1 0 0
580 1 1 0 1
581 0 1 0 1
582 0 1 1 0
583 0 1 1 2
584 2 2 0 1
585 1 2 0 1
586 0 0 0 2
587 0 0 0 1
588 0 0 0 1
589 1 0 0 0
590 1 1 0 2
591 0 0 0 1
592 0 0 0 1
593 1 1 1 0
594 1 0 0 1
595 0 0 0 0
596 0 0 0 0
597 0 0 0 2
598 1 1 1 0
599 0 2 0 0
600 0 0 0 0
601 0 0 0 0
602 0 0 0 2
603 0 1 0 1
604 0 0 0 0
605 0 0 0 0
606 0 0 0 1
607 0 0 0 0
608 0 0 0 0
609 0 0 0 0
610 0 0 0 1
611 0 0 0 0
612 0 0 0 0
613 1 0 0 0
614 0 0 0 0
615 0 0 0 0
616 0 0 0 0
617 0 0 0 0
618 0 0 0 0
619 0 0 0 0
620 0 0 0 0
621 0 0 0 0
622 0 1 0 0
623 0 0 0 0
624 0 0 0 0
625 0 0 0 0
626 0 0 0 0
627 0 0 0 0
628 0 0 0 0
629 0 0 0 1
630 0 0 0 0
631 0 0 0 0
632 0 0 0 0
633 0 0 0 0
634 0 0 0 0
635 0 0 0 0
636 0 0 0 0
637 0 0 0 0
638 0 0 0 0
639 0 0 0 0
640 0 0 0 0
641 0 0 0 0
642 0 0 0 0
643 0 0 0 0
644 0 0 0 0
645 0 0 0 0
646 0 0 0 0
647 0 0 0 0
648 0 0 0 0
649 0 0 0 0
650 0 0 0 0
651 0 0 0 0
652 0 0 0 0
653 0 0 0 0
654 0 0 0 0
655 0 0 0 0
656 0 0 0 0
657 0 0 0 0
658 0 0 0 0
659 0 0 0 0
660 0 0 0 0
661 0 0 0 0
662 0 0 0 0
663 0 0 0 0
664 0 0 0 0
665 0 0 0 0
666 0 0 0 0
667 0 0 0 0
668 0 0 0 0
669 0 0 0 0
670 0 0 0 0
671 0 0 0 0
672 0 0 0 0
673 0 0 0 0
674 0 0 0 0
675 0 0 0 0
676 0 0 0 0
677 0 0 0 0
678 0 0 0 0
679 0 0 0 0
680 0 0 0 0
681 0 0 0 0
682 0 0 0 0
683 0 0 0 0
684 0 0 0 0
685 0 0 0 0
686 0 0 0 0
687 0 0 0 0
688 0 0 0 0
689 0 0 0 0
690 0 0 0 0
691 0 0 0 0
692 0 0 0 0
693 0 0 0 0
694 0 0 0 0
695 0 0 0 0
696 0 0 0 0
697 0 0 0 0
698 0 0 0 0
699 0 0 0 0
700 0 0 0 0
701 0 0 0 0
702 0 0 0 0
703 0 0 0 0
704 0 0 0 0
705 0 0 0 0
706 0 0 0 0
707 0 0 0 0
708 0 0 0 0
709 0 0 0 0
710 0 0 0 0
711 0 0 0 0
712 0 0 0 0
713 0 0 0 0
714 0 0 0 0
715 0 0 0 0
716 0 0 0 0
717 0 0 0 0
718 0 0 0 0
719 0 0 0 0
720 0 0 0 0
721 0 0 0 0
722 0 0 0 0
723 0 0 0 0
724 0 0 0 0
725 0 0 0 0
726 0 0 0 0
727 0 0 0 0
