0 0 0 0 0
1 0 0 0 0
2 0 0 0 0
3 0 0 0 0
4 0 0 0 0
5 0 0 3 0
6 0 0 0 0
7 0 0 0 0
8 0 0 0 0
9 0 0 2 1
10 0 0 0 1
11 0 0 0 0
12 0 0 0 1
13 0 0 0 1
14 0 0 0 0
15 0 0 0 0
16 0 0 0 1
17 0 0 0 0
18 0 0 0 0
19 0 0 0 0
20 0 0 0 0
21 1 0 0 0
22 0 0 0 0
23 3 0 0 0
24 2 0 0 0
25 2 0 0 0
26 0 0 1 0
27 0 0 0 0
28 0 0 2 0
29 1 1 0 0
30 1 0 2 0
31 0 0 0 0
32 0 0 1 1
33 2 0 1 2
34 2 1 0 2
35 2 0 1 1
36 0 0 0 1
37 0 0 0 0
38 1 0 0 1
39 1 0 1 1
40 1 0 1 1
41 1 0 0 0
42 2 2 0 0
43 0 0 1 0
44 4 1 0 0
45 1 0 0 1
46 2 0 0 2
47 0 1 1 0
48 1 0 1 1
49 3 2 1 1
50 0 3 0 1
51 2 1 1 1
52 2 1 0 0
53 2 0 0 2
54 1 2 0 2
55 1 1 0 2
56 2 1 0 1
57 2 2 1 2
58 1 2 1 1
59 1 0 1 2
60 1 0 0 1
61 2 0 0 5
62 2 1 1 1
63 1 1 0 1
64 1 1 0 0
65 1 1 1 2
66 0 2 0 0
67 1 1 0 0
68 2 1 0 1
69 1 1 1 4
70 0 2 0 2
71 1 0 1 0
72 0 1 0 2
73 2 1 0 1
74 2 0 0 3
75 2 0 0 1
76 1 1 0 2
77 2 1 0 1
78 4 3 0 0
79 3 0 0 0
80 2 1 0 1
81 2 1 0 0
82 1 1 0 1
83 7 5 0 0
84 5 3 1 1
85 3 0 1 3
86 3 0 1 1
87 4 1 1 2
88 2 2 2 2
89 2 2 1 2
90 1 1 1 3
91 5 3 0 3
92 2 5 2 2
93 4 2 1 3
94 5 1 4 2
95 6 1 0 3
96 2 3 2 4
97 1 2 0 2
98 0 2 2 5
99 3 1 3 4
100 3 1 2 4
101 3 1 0 2
102 2 1 0 3
103 4 0 1 6
104 0 3 2 3
105 2 1 2 3
106 2 3 0 1
107 4 2 0 2
108 4 3 0 0
109 7 1 1 3
110 4 1 1 2
111 3 0 1 8
112 5 3 2 2
113 7 1 3 2
114 3 3 3 2
115 7 0 2 1
116 4 1 1 5
117 4 3 0 1
118 9 4 2 2
119 2 2 4 2
120 5 7 0 4
121 3 4 1 7
122 5 2 4 4
123 7 5 1 4
124 6 1 2 5
125 8 1 0 6
126 3 1 1 7
127 4 5 3 6
128 5 1 2 3
129 6 6 3 3
130 3 3 3 5
131 8 3 1 9
132 11 4 1 3
133 15 1 2 2
134 12 5 4 6
135 10 2 0 3
136 8 5 4 9
137 5 4 3 4
138 7 7 3 6
139 11 4 3 3
140 11 2 2 6
141 14 5 7 11
142 9 6 5 5
143 7 4 5 8
144 5 8 3 4
145 4 1 6 11
146 9 5 4 8
147 12 8 2 8
148 9 4 6 12
149 12 3 6 10
150 10 7 1 13
151 10 10 3 8
152 13 8 2 7
153 7 5 3 6
154 13 6 2 11
155 12 6 2 12
156 11 8 2 13
157 14 6 5 7
158 15 7 3 10
159 10 6 4 8
160 5 6 2 8
161 14 8 6 7
162 9 5 7 6
163 12 8 3 11
164 9 7 4 12
165 10 6 1 13
166 13 7 6 11
167 13 11 3 4
168 14 8 3 13
169 10 4 4 11
170 9 11 7 17
171 10 3 5 18
172 11 7 3 8
173 19 5 7 8
174 10 7 2 8
175 14 12 8 13
176 17 9 2 10
177 11 6 7 17
178 12 7 5 4
179 21 5 3 13
180 20 10 5 11
181 18 5 6 13
182 19 7 7 22
183 17 8 4 10
184 20 12 6 17
185 23 11 6 10
186 23 7 6 12
187 17 9 7 9
188 24 10 4 15
189 21 12 10 16
190 24 12 9 10
191 17 12 8 16
192 16 8 14 11
193 15 12 11 19
194 13 8 6 22
195 21 16 12 20
196 24 10 4 24
197 14 12 5 18
198 13 12 15 15
199 18 10 7 25
200 19 12 8 19
201 13 11 13 19
202 14 14 3 26
203 26 7 6 18
204 17 16 5 20
205 18 11 11 21
206 18 8 1 20
207 20 5 6 16
208 22 16 6 23
209 20 9 6 16
210 17 15 6 7
211 17 10 8 15
212 13 11 11 28
213 13 11 5 17
214 9 9 5 17
215 10 7 8 16
216 9 12 8 16
217 11 8 11 18
218 7 4 8 21
219 5 12 3 18
220 14 6 7 18
221 7 9 3 17
222 8 10 4 12
223 10 5 3 14
224 8 3 4 12
225 7 8 4 12
226 8 5 3 13
227 6 4 4 12
228 6 3 3 14
229 8 6 6 14
230 13 4 3 8
231 9 5 3 7
232 5 6 4 8
233 2 5 1 9
234 10 4 5 9
235 9 5 4 8
236 8 7 0 10
237 8 2 4 5
238 5 4 1 11
239 4 7 7 7
240 7 4 3 9
241 5 3 5 8
242 5 1 4 8
243 5 3 2 7
244 2 4 4 5
245 5 4 1 9
246 5 4 4 11
247 2 4 4 5
248 3 5 1 8
249 2 2 1 5
250 1 4 0 7
251 3 1 1 5
252 2 2 0 8
253 2 2 1 3
254 5 0 2 9
255 2 3 2 1
256 2 1 1 2
257 2 3 1 4
258 1 1 1 4
259 2 2 3 1
260 1 3 0 3
261 2 0 1 2
262 3 2 1 5
263 2 0 1 3
264 1 0 2 5
265 4 1 0 1
266 3 1 2 4
267 1 0 0 2
268 2 3 0 1
269 2 1 1 3
270 2 1 0 2
271 2 3 1 1
272 0 1 0 1
273 1 1 0 2
274 0 3 1 1
275 1 1 2 5
276 0 1 1 2
277 0 0 1 0
278 1 1 1 3
279 2 0 0 3
280 1 1 0 2
281 0 0 0 2
282 0 0 0 2
283 0 0 1 0
284 0 1 1 2
285 0 0 0 1
286 0 0 0 0
287 0 0 0 1
288 0 0 1 0
289 0 0 1 1
290 0 0 0 0
291 0 0 0 1
292 0 0 0 0
293 0 0 0 0
294 0 0 0 0
295 1 0 0 1
296 0 0 0 1
297 0 0 0 0
298 0 0 0 0
299 0 0 0 0
300 0 1 0 0
301 0 0 0 0
302 0 0 0 0
303 0 0 0 0
304 0 0 0 0
305 0 0 0 0
306 0 0 0 0
307 0 0 0 1
308 0 0 0 0
309 0 0 0 0
310 0 0 0 0
311 0 0 0 0
312 0 0 0 0
313 0 0 0 0
314 0 0 0 0
315 0 0 0 0
316 0 0 0 0
317 0 0 0 0
318 0 0 0 0
319 0 0 0 0
320 0 0 0 0
321 0 0 0 0
322 0 0 0 0
323 0 0 0 0
324 0 0 0 0
325 0 0 0 0
326 0 0 0 0
327 0 0 0 0
328 0 0 0 0
329 0 0 0 0
330 0 0 0 0
331 0 0 0 0
332 0 0 0 0
333 0 0 0 0
334 0 0 0 0
335 0 0 0 0
336 0 0 0 0
337 0 0 0 0
338 0 0 0 0
339 0 0 0 0
340 0 0 0 0
341 0 0 0 0
342 0 0 0 0
343 0 0 0 0
344 0 0 0 0
345 0 0 0 0
346 0 0 0 0
347 0 0 0 0
348 0 0 0 0
349 0 0 0 0
350 0 0 0 0
351 0 0 0 0
352 0 0 0 0
353 0 0 0 0
354 0 0 0 0
355 0 0 0 0
356 0 0 0 0
357 0 0 0 0
358 0 0 0 0
359 0 0 0 0
360 0 0 0 0
361 0 0 0 0
362 0 0 0 0
363 0 0 0 0
364 0 0 0 0
365 0 0 0 0
366 0 0 0 0
367 0 0 0 0
368 0 0 0 0
369 0 0 0 0
370 0 0 0 0
371 0 0 0 0
372 0 0 0 0
373 0 0 0 0
374 0 0 0 0
375 0 0 0 0
376 0 0 0 0
377 0 0 0 0
378 0 0 0 0
379 0 0 0 0
380 0 0 0 0
381 0 0 0 0
382 0 0 0 0
383 0 0 0 0
384 0 0 0 0
385 0 0 0 0
386 0 0 0 0
387 0 0 0 0
388 0 0 0 0
389 0 0 0 0
390 0 0 0 0
391 0 0 0 0
392 0 0 0 0
393 0 0 0 0
394 0 0 0 0
395 0 0 0 0
396 0 0 0 0
397 0 0 0 0
398 0 0 0 0
399 0 0 0 0
400 0 0 0 0
401 0 0 0 0
402 0 0 0 0
403 0 0 0 0
404 0 0 0 0
405 0 0 0 0
406 0 0 0 0
407 0 0 0 0
408 0 0 0 0
409 0 0 0 0
410 0 0 0 0
411 0 0 0 0
412 0 0 0 0
413 0 0 0 0
414 0 0 0 0
415 0 0 0 0
416 0 0 0 0
417 0 0 0 0
418 0 0 0 0
419 0 0 0 0
420 0 0 0 0
421 0 0 0 0
422 0 0 0 0
423 0 0 0 0
424 0 0 0 0
425 0 0 0 0
426 0 0 0 0
427 0 0 0 0
428 0 0 0 0
429 0 0 0 0
430 0 0 0 0
431 0 0 0 0
432 0 0 0 0
433 0 0 0 0
434 0 0 0 0
435 0 0 0 0
436 0 0 0 0
437 0 0 0 0
438 0 0 0 0
439 0 0 0 0
440 0 0 0 0
441 0 0 0 0
442 0 0 0 0
443 0 0 0 0
444 0 0 0 0
445 0 0 0 0
446 0 0 0 0
447 0 0 0 0
448 0 0 0 0
449 0 0 0 0
450 0 0 0 0
451 0 0 0 0
452 0 0 0 0
453 0 0 0 0
454 0 0 0 0
455 0 0 0 0
456 0 0 0 0
457 0 0 0 0
458 0 0 0 0
459 0 0 0 0
460 0 0 0 0
461 0 0 0 0
462 0 0 0 0
463 0 0 0 0
464 0 0 0 0
465 0 0 0 0
466 0 0 0 0
467 0 0 0 0
468 0 0 0 0
469 0 0 0 0
470 0 0 0 0
471 0 0 0 0
472 0 0 0 0
473 0 0 0 0
474 0 0 0 0
475 0 0 0 0
476 0 0 0 0
477 0 0 0 0
478 0 0 0 0
479 0 0 0 0
480 0 0 0 0
481 0 0 0 0
482 0 0 0 0
483 0 0 0 0
484 0 0 0 0
485 0 0 0 0
486 0 0 0 0
487 0 0 0 0
488 0 0 0 0
489 0 0 0 0
490 0 0 0 0
491 0 0 0 0
492 0 0 0 0
493 0 0 0 0
494 0 0 0 0
495 0 0 0 0
496 0 0 0 0
497 0 0 0 0
498 0 0 0 0
499 0 0 0 0
500 0 0 0 0
501 0 0 0 0
502 0 0 0 0
503 0 0 0 0
504 0 0 0 0
505 0 0 0 0
506 0 0 0 0
507 0 0 0 0
508 0 0 0 0
509 0 0 0 0
510 0 0 0 0
511 0 0 0 0
512 0 0 0 0
513 0 0 0 0
514 0 0 0 0
515 0 0 0 0
516 0 0 0 0
517 0 0 0 0
518 0 0 0 0
519 0 0 0 0
520 0 0 0 0
521 0 0 0 0
522 0 0 0 0
523 0 0 0 0
524 0 0 0 0
525 0 0 0 0
526 0 0 0 0
527 0 0 0 0
528 0 0 0 0
529 0 0 0 0
530 0 0 0 0
531 0 0 0 0
532 0 0 0 0
533 0 0 0 0
534 0 0 0 0
535 0 0 0 0
536 0 0 0 0
537 0 0 0 0
538 0 0 0 0
539 0 0 0 0
540 0 0 0 0
541 0 0 0 0
542 0 0 0 0
543 0 0 0 0
544 0 0 0 0
545 0 0 0 0
546 0 0 0 0
547 0 0 0 0
548 0 0 0 0
549 0 0 0 0
550 0 0 0 0
551 0 0 0 0
552 0 0 0 0
553 0 0 0 0
554 0 0 0 0
555 0 0 0 0
556 0 0 0 0
557 0 0 0 0
558 0 0 0 0
559 0 0 0 0
560 0 0 0 0
561 0 0 0 0
562 0 0 0 0
563 0 0 0 0
564 0 0 0 0
565 0 0 0 0
566 0 0 0 0
567 0 0 0 0
568 0 0 0 0
569 0 0 0 0
570 0 0 0 0
571 0 0 0 0
572 0 0 0 0
573 0 0 0 0
574 0 0 0 0
575 0 0 0 0
576 0 0 0 0
577 0 0 0 0
578 0 0 0 0
579 0 0 0 0
580 0 0 0 0
581 0 0 0 0
582 0 0 0 0
583 0 0 0 0
584 0 0 0 0
585 0 0 0 0
586 0 0 0 0
587 0 0 0 0
588 0 0 0 0
589 0 0 0 0
590 0 0 0 0
591 0 0 0 0
592 0 0 0 0
593 0 0 0 0
594 0 0 0 0
595 0 0 0 0
596 0 0 0 0
597 0 0 0 0
598 0 0 0 0
599 0 0 0 0
600 0 0 0 0
601 0 0 0 0
602 0 0 0 0
603 0 0 0 0
604 0 0 0 0
605 0 0 0 0
606 0 0 0 0
607 0 0 0 0
608 0 0 0 0
609 0 0 0 0
610 0 0 0 0
611 0 0 0 0
612 0 0 0 0
613 0 0 0 0
614 0 0 0 0
615 0 0 0 0
616 0 0 0 0
617 0 0 0 0
618 0 0 0 0
619 0 0 0 0
620 0 0 0 0
621 0 0 0 0
622 0 0 0 0
623 0 0 0 0
624 0 0 0 0
625 0 0 0 0
626 0 0 0 0
627 0 0 0 0
628 0 0 0 0
629 0 0 0 0
630 0 0 0 0
631 0 0 0 0
632 0 0 0 0
633 0 0 0 0
634 0 0 0 0
635 0 0 0 0
636 0 0 0 0
637 0 0 0 0
638 0 0 0 0
639 0 0 0 0
640 0 0 0 0
641 0 0 0 0
642 0 0 0 0
643 0 0 0 0
644 0 0 0 0
645 0 0 0 0
646 0 0 0 0
647 0 0 0 0
648 0 0 0 0
649 0 0 0 0
650 0 0 0 0
651 0 0 0 0
652 0 0 0 0
653 0 0 0 0
654 0 0 0 0
655 0 0 0 0
656 0 0 0 0
657 0 0 0 0
658 0 0 0 0
659 0 0 0 0
660 0 0 0 0
661 0 0 0 0
662 0 0 0 0
663 0 0 0 0
664 0 0 0 0
665 0 0 0 0
666 0 0 0 0
667 0 0 0 0
668 0 0 0 0
669 0 0 0 0
670 0 0 0 0
671 0 0 0 0
672 0 0 0 0
673 0 0 0 0
674 0 0 0 0
675 0 0 0 0
676 0 0 0 0
677 0 0 0 0
678 0 0 0 0
679 0 0 0 0
680 0 0 0 0
681 0 0 0 0
682 0 0 0 0
683 0 0 0 0
684 0 0 0 0
685 0 0 0 0
686 0 0 0 0
687 0 0 0 0
688 0 0 0 0
689 0 0 0 0
690 0 0 0 0
691 0 0 0 0
692 0 0 0 0
693 0 0 0 0
694 0 0 0 0
695 0 0 0 0
696 0 0 0 0
697 0 0 0 0
698 0 0 0 0
699 0 0 0 0
700 0 0 0 0
701 0 0 0 0
702 0 0 0 0
703 0 0 0 0
704 0 0 0 0
705 0 0 0 0
706 0 0 0 0
707 0 0 0 0
708 0 0 0 0
709 0 0 0 0
710 0 0 0 0
711 0 0 0 0
712 0 0 0 0
713 0 0 0 0
714 0 0 0 0
715 0 0 0 0
716 0 0 0 0
717 0 0 0 0
718 0 0 0 0
719 0 0 0 0
720 0 0 0 0
721 0 0 0 0
722 0 0 0 0
723 0 0 0 0
724 0 0 0 0
725 0 0 0 0
726 0 0 0 0
727 0 0 0 0
