0 0 0 0 0
1 0 0 0 0
2 0 0 0 0
3 0 0 0 0
4 0 0 0 0
5 0 2 1 0
6 0 0 0 0
7 0 0 0 0
8 0 0 0 0
9 0 1 1 3
10 0 0 0 0
11 0 0 0 0
12 0 0 0 0
13 0 0 0 2
14 0 0 0 0
15 0 0 0 0
16 1 0 0 0
17 0 0 0 0
18 1 0 0 0
19 0 0 0 0
20 0 0 0 0
21 0 0 0 0
22 2 0 0 0
23 1 0 0 0
24 1 0 0 0
25 0 1 0 0
26 0 0 0 0
27 2 1 0 0
28 0 1 1 0
29 1 0 0 1
30 1 0 0 0
31 0 0 1 1
32 0 0 2 1
33 0 0 1 0
34 0 0 1 0
35 0 1 0 2
36 0 0 0 2
37 0 0 0 1
38 0 0 0 1
39 1 0 0 1
40 1 0 0 0
41 0 0 0 0
42 1 0 0 0
43 0 0 0 0
44 0 0 1 0
45 2 0 0 0
46 1 0 0 0
47 0 0 0 0
48 1 0 0 1
49 0 1 1 0
50 0 0 0 0
51 0 0 0 0
52 1 0 0 0
53 0 0 1 2
54 1 2 0 0
55 0 1 0 0
56 0 0 0 0
57 0 0 0 0
58 0 0 0 2
59 1 1 0 1
60 0 1 0 1
61 0 0 0 0
62 0 0 0 0
63 0 0 0 0
64 1 1 0 1
65 0 0 0 0
66 0 0 0 1
67 0 0 0 0
68 2 0 0 1
69 0 0 0 0
70 1 0 0 0
71 1 0 0 0
72 0 0 0 0
73 1 2 1 0
74 1 0 0 0
75 1 1 0 0
76 0 0 0 0
77 0 0 0 1
78 4 1 1 0
79 1 1 0 0
80 0 0 0 2
81 0 0 0 0
82 0 0 0 1
83 2 1 0 0
84 1 0 1 0
85 2 0 0 2
86 1 0 0 1
87 1 2 1 0
88 2 1 2 2
89 2 0 0 0
90 0 0 1 0
91 3 0 0 1
92 5 1 1 2
93 3 1 0 1
94 2 1 1 2
95 2 0 1 1
96 1 2 0 1
97 3 3 1 1
98 2 2 0 1
99 2 1 0 1
100 0 0 1 1
101 1 3 0 3
102 0 0 0 3
103 1 2 0 2
104 1 2 2 2
105 2 1 0 2
106 2 3 1 0
107 2 1 1 1
108 3 0 0 2
109 2 0 0 0
110 4 0 1 3
111 5 1 0 4
112 2 0 2 1
113 2 3 0 3
114 3 2 0 2
115 2 1 1 0
116 3 2 2 2
117 3 2 2 2
118 7 2 0 2
119 5 3 1 1
120 6 3 0 3
121 3 0 0 3
122 4 2 2 2
123 5 2 1 4
124 3 3 0 4
125 5 5 2 1
126 5 0 2 4
127 10 5 4 2
128 9 4 2 1
129 5 3 1 9
130 5 3 1 2
131 6 0 2 7
132 4 5 1 6
133 10 3 3 3
134 7 3 3 5
135 3 3 2 2
136 5 6 2 4
137 6 7 1 8
138 6 4 3 5
139 5 5 3 5
140 4 1 3 6
141 3 3 0 8
142 12 4 4 9
143 2 4 2 7
144 5 5 1 6
145 9 1 4 5
146 7 2 0 9
147 10 5 4 3
148 7 1 1 5
149 10 2 2 6
150 9 5 2 5
151 13 6 6 7
152 14 2 3 5
153 14 7 1 3
154 9 7 2 5
155 5 3 2 6
156 10 8 6 3
157 11 9 2 7
158 10 9 5 13
159 13 6 2 7
160 7 4 2 12
161 11 6 6 7
162 13 6 7 6
163 5 5 7 11
164 9 3 2 10
165 6 8 1 16
166 7 5 3 8
167 13 7 3 10
168 11 9 6 5
169 7 6 4 10
170 9 6 4 11
171 8 11 0 11
172 8 5 1 20
173 13 4 9 11
174 10 2 4 7
175 19 4 2 7
176 14 4 4 7
177 13 3 3 10
178 10 4 6 9
179 9 6 4 7
180 18 11 5 9
181 20 7 4 8
182 21 11 2 6
183 17 8 2 12
184 14 5 6 10
185 10 12 6 6
186 14 9 9 9
187 15 13 6 12
188 14 8 5 20
189 16 5 8 19
190 17 8 8 18
191 12 7 10 11
192 24 8 9 11
193 11 12 5 16
194 16 7 5 17
195 16 5 9 17
196 9 8 4 13
197 16 9 6 20
198 24 11 5 16
199 20 11 8 12
200 14 7 6 14
201 10 10 9 14
202 13 10 6 18
203 15 10 5 15
204 26 7 12 11
205 17 10 2 19
206 17 12 2 20
207 11 9 8 14
208 9 8 7 18
209 8 14 11 14
210 17 9 7 16
211 16 9 8 19
212 11 12 4 14
213 9 7 4 21
214 12 6 3 17
215 9 11 5 13
216 17 4 9 16
217 8 4 6 13
218 7 2 4 13
219 4 11 4 15
220 10 6 7 11
221 7 11 4 10
222 11 8 5 13
223 5 6 2 13
224 8 4 2 10
225 7 6 5 16
226 0 4 3 12
227 11 2 4 13
228 8 5 3 2
229 2 8 3 13
230 4 2 3 9
231 4 2 3 9
232 8 5 3 14
233 4 4 2 7
234 8 3 3 6
235 5 1 2 3
236 9 0 3 8
237 4 4 1 6
238 9 5 1 5
239 6 4 3 4
240 4 3 3 4
241 1 1 9 7
242 4 3 2 5
243 5 4 7 8
244 2 4 3 5
245 4 2 2 9
246 0 0 0 4
247 3 3 0 6
248 1 4 1 10
249 2 3 3 8
250 4 2 0 4
251 2 3 0 2
252 2 2 0 6
253 1 0 0 2
254 1 2 1 3
255 2 2 1 3
256 4 3 0 5
257 1 1 0 1
258 2 2 1 1
259 3 4 0 2
260 3 1 0 2
261 2 1 1 3
262 2 1 0 4
263 2 1 0 4
264 0 1 1 0
265 2 3 3 2
266 2 0 1 2
267 0 1 0 2
268 1 0 2 1
269 0 1 0 4
270 2 1 1 2
271 2 3 0 2
272 1 1 1 3
273 0 0 1 1
274 0 1 1 1
275 0 0 2 3
276 0 0 0 2
277 0 0 0 1
278 1 0 0 3
279 1 0 0 2
280 1 1 1 1
281 1 1 0 0
282 1 0 0 0
283 2 0 0 0
284 2 1 0 2
285 3 1 0 0
286 2 1 0 0
287 1 1 0 0
288 4 0 0 1
289 0 1 2 1
290 1 2 0 0
291 2 1 0 2
292 0 2 1 0
293 0 2 1 3
294 0 1 0 1
295 1 1 0 0
296 0 0 0 4
297 0 1 0 3
298 2 0 0 2
299 0 1 0 1
300 0 0 2 1
301 0 0 0 0
302 1 0 0 0
303 0 1 1 0
304 0 0 1 2
305 0 0 0 0
306 1 0 0 1
307 0 0 0 3
308 1 0 0 1
309 0 0 1 0
310 1 0 0 0
311 0 0 1 0
312 0 0 0 0
313 1 0 1 1
314 0 0 0 0
315 0 1 0 0
316 0 0 0 0
317 2 0 0 1
318 0 1 0 1
319 0 0 0 1
320 0 0 0 0
321 0 0 0 0
322 0 0 1 0
323 1 0 0 0
324 0 0 0 0
325 0 0 0 1
326 0 0 1 0
327 0 0 0 0
328 0 0 0 0
329 0 0 0 1
330 0 0 0 1
331 0 0 0 0
332 0 1 0 0
333 0 0 0 0
334 0 0 0 0
335 0 0 0 0
336 0 0 0 1
337 0 0 0 0
338 0 0 0 0
339 0 0 0 0
340 0 0 0 0
341 0 0 0 0
342 0 0 0 0
343 0 0 0 0
344 0 0 0 0
345 0 0 0 0
346 0 0 0 0
347 0 0 0 0
348 0 0 0 0
349 0 0 0 0
350 0 0 0 0
351 0 0 0 0
352 0 0 0 0
353 0 0 0 0
354 0 0 0 0
355 0 0 0 0
356 0 0 0 0
357 0 0 0 0
358 0 0 0 0
359 0 0 0 0
360 0 0 0 0
361 0 0 0 0
362 0 0 0 0
363 0 0 0 0
364 0 0 0 0
365 0 0 0 0
366 0 0 0 0
367 0 0 0 0
368 0 0 0 0
369 0 0 0 0
370 0 0 0 0
371 0 0 0 0
372 0 0 0 0
373 0 0 0 0
374 0 0 0 0
375 0 0 0 0
376 0 0 0 0
377 0 0 0 0
378 0 0 0 0
379 0 0 0 0
380 0 0 0 0
381 0 0 0 0
382 0 0 0 0
383 0 0 0 0
384 0 0 0 0
385 0 0 0 0
386 0 0 0 0
387 0 0 0 0
388 0 0 0 0
389 0 0 0 0
390 0 0 0 0
391 0 0 0 0
392 0 0 0 0
393 0 0 0 0
394 0 0 0 0
395 0 0 0 0
396 0 0 0 0
397 0 0 0 0
398 0 0 0 0
399 0 0 0 0
400 0 0 0 0
401 0 0 0 0
402 0 0 0 0
403 0 0 0 0
404 0 0 0 0
405 0 0 0 0
406 0 0 0 0
407 0 0 0 0
408 0 0 0 0
409 0 0 0 0
410 0 0 0 0
411 0 0 0 0
412 0 0 0 0
413 0 0 0 0
414 0 0 0 0
415 0 0 0 0
416 0 0 0 0
417 0 0 0 0
418 0 0 0 0
419 0 0 0 0
420 0 0 0 0
421 0 0 0 0
422 0 0 0 0
423 0 0 0 0
424 0 0 0 0
425 0 0 0 0
426 0 0 0 0
427 0 0 0 0
428 0 0 0 0
429 0 0 0 0
430 0 0 0 0
431 0 0 0 0
432 0 0 0 0
433 0 0 0 0
434 0 0 0 0
435 0 0 0 0
436 0 0 0 0
437 0 0 0 0
438 0 0 0 0
439 0 0 0 0
440 0 0 0 0
441 0 0 0 0
442 0 0 0 0
443 0 0 0 0
444 0 0 0 0
445 0 0 0 0
446 0 0 0 0
447 0 0 0 0
448 0 0 0 0
449 0 0 0 0
450 0 0 0 0
451 0 0 0 0
452 0 0 0 0
453 0 0 0 0
454 0 0 0 0
455 0 0 0 0
456 0 0 0 0
457 0 0 0 0
458 0 0 0 0
459 0 0 0 0
460 0 0 0 0
461 0 0 0 0
462 0 0 0 0
463 0 0 0 0
464 0 0 0 0
465 0 0 0 0
466 0 0 0 0
467 0 0 0 0
468 0 0 0 0
469 0 0 0 0
470 0 0 0 0
471 0 0 0 0
472 0 0 0 0
473 0 0 0 0
474 0 0 0 0
475 0 0 0 0
476 0 0 0 0
477 0 0 0 0
478 0 0 0 0
479 0 0 0 0
480 0 0 0 0
481 0 0 0 0
482 0 0 0 0
483 0 0 0 0
484 0 0 0 0
485 0 0 0 0
486 0 0 0 0
487 0 0 0 0
488 0 0 0 0
489 0 0 0 0
490 0 0 0 0
491 0 0 0 0
492 0 0 0 0
493 0 0 0 0
494 0 0 0 0
495 0 0 0 0
496 0 0 0 0
497 0 0 0 0
498 0 0 0 0
499 0 0 0 0
500 0 0 0 0
501 0 0 0 0
502 0 0 0 0
503 0 0 0 0
504 0 0 0 0
505 0 0 0 0
506 0 0 0 0
507 0 0 0 0
508 0 0 0 0
509 0 0 0 0
510 0 0 0 0
511 0 0 0 0
512 0 0 0 0
513 0 0 0 0
514 0 0 0 0
515 0 0 0 0
516 0 0 0 0
517 0 0 0 0
518 0 0 0 0
519 0 0 0 0
520 0 0 0 0
521 0 0 0 0
522 0 0 0 0
523 0 0 0 0
524 0 0 0 0
525 0 0 0 0
526 0 0 0 0
527 0 0 0 0
528 0 0 0 0
529 0 0 0 0
530 0 0 0 0
531 0 0 0 0
532 0 0 0 0
533 0 0 0 0
534 0 0 0 0
535 0 0 0 0
536 0 0 0 0
537 0 0 0 0
538 0 0 0 0
539 0 0 0 0
540 0 0 0 0
541 0 0 0 0
542 0 0 0 0
543 0 0 0 0
544 0 0 0 0
545 0 0 0 0
546 0 0 0 0
547 0 0 0 0
548 0 0 0 0
549 0 0 0 0
550 0 0 0 0
551 0 0 0 0
552 0 0 0 0
553 0 0 0 0
554 0 0 0 0
555 0 0 0 0
556 0 0 0 0
557 0 0 0 0
558 0 0 0 0
559 0 0 0 0
560 0 0 0 0
561 0 0 0 0
562 0 0 0 0
563 0 0 0 0
564 0 0 0 0
565 0 0 0 0
566 0 0 0 0
567 0 0 0 0
568 0 0 0 0
569 0 0 0 0
570 0 0 0 0
571 0 0 0 0
572 0 0 0 0
573 0 0 0 0
574 0 0 0 0
575 0 0 0 0
576 0 0 0 0
577 0 0 0 0
578 0 0 0 0
579 0 0 0 0
580 0 0 0 0
581 0 0 0 0
582 0 0 0 0
583 0 0 0 0
584 0 0 0 0
585 0 0 0 0
586 0 0 0 0
587 0 0 0 0
588 0 0 0 0
589 0 0 0 0
590 0 0 0 0
591 0 0 0 0
592 0 0 0 0
593 0 0 0 0
594 0 0 0 0
595 0 0 0 0
596 0 0 0 0
597 0 0 0 0
598 0 0 0 0
599 0 0 0 0
600 0 0 0 0
601 0 0 0 0
602 0 0 0 0
603 0 0 0 0
604 0 0 0 0
605 0 0 0 0
606 0 0 0 0
607 0 0 0 0
608 0 0 0 0
609 0 0 0 0
610 0 0 0 0
611 0 0 0 0
612 0 0 0 0
613 0 0 0 0
614 0 0 0 0
615 0 0 0 0
616 0 0 0 0
617 0 0 0 0
618 0 0 0 0
619 0 0 0 0
620 0 0 0 0
621 0 0 0 0
622 0 0 0 0
623 0 0 0 0
624 0 0 0 0
625 0 0 0 0
626 0 0 0 0
627 0 0 0 0
628 0 0 0 0
629 0 0 0 0
630 0 0 0 0
631 0 0 0 0
632 0 0 0 0
633 0 0 0 0
634 0 0 0 0
635 0 0 0 0
636 0 0 0 0
637 0 0 0 0
638 0 0 0 0
639 0 0 0 0
640 0 0 0 0
641 0 0 0 0
642 0 0 0 0
643 0 0 0 0
644 0 0 0 0
645 0 0 0 0
646 0 0 0 0
647 0 0 0 0
648 0 0 0 0
649 0 0 0 0
650 0 0 0 0
651 0 0 0 0
652 0 0 0 0
653 0 0 0 0
654 0 0 0 0
655 0 0 0 0
656 0 0 0 0
657 0 0 0 0
658 0 0 0 0
659 0 0 0 0
660 0 0 0 0
661 0 0 0 0
662 0 0 0 0
663 0 0 0 0
664 0 0 0 0
665 0 0 0 0
666 0 0 0 0
667 0 0 0 0
668 0 0 0 0
669 0 0 0 0
670 0 0 0 0
671 0 0 0 0
672 0 0 0 0
673 0 0 0 0
674 0 0 0 0
675 0 0 0 0
676 0 0 0 0
677 0 0 0 0
678 0 0 0 0
679 0 0 0 0
680 0 0 0 0
681 0 0 0 0
682 0 0 0 0
683 0 0 0 0
684 0 0 0 0
685 0 0 0 0
686 0 0 0 0
687 0 0 0 0
688 0 0 0 0
689 0 0 0 0
690 0 0 0 0
691 0 0 0 0
692 0 0 0 0
693 0 0 0 0
694 0 0 0 0
695 0 0 0 0
696 0 0 0 0
697 0 0 0 0
698 0 0 0 0
699 0 0 0 0
700 0 0 0 0
701 0 0 0 0
702 0 0 0 0
703 0 0 0 0
704 0 0 0 0
705 0 0 0 0
706 0 0 0 0
707 0 0 0 0
708 0 0 0 0
709 0 0 0 0
710 0 0 0 0
711 0 0 0 0
712 0 0 0 0
713 0 0 0 0
714 0 0 0 0
715 0 0 0 0
716 0 0 0 0
717 0 0 0 0
718 0 0 0 0
719 0 0 0 0
720 0 0 0 0
721 0 0 0 0
722 0 0 0 0
723 0 0 0 0
724 0 0 0 0
725 0 0 0 0
726 0 0 0 0
727 0 0 0 0
