0 0 0 0 0
1 0 0 0 0
2 0 0 0 0
3 0 0 0 0
4 0 0 0 0
5 0 3 0 0
6 1 0 0 0
7 0 0 0 0
8 0 0 0 0
9 0 0 2 2
10 0 0 0 0
11 0 0 0 0
12 0 0 0 1
13 0 0 0 0
14 0 0 0 1
15 0 0 1 0
16 0 0 0 1
17 2 0 0 0
18 0 0 0 0
19 0 0 0 1
20 0 0 0 0
21 0 0 0 0
22 1 1 1 0
23 0 0 0 0
24 1 0 0 0
25 1 0 0 0
26 0 0 0 1
27 0 1 0 0
28 1 0 0 0
29 1 0 0 1
30 0 1 0 0
31 1 0 0 1
32 0 0 0 0
33 0 0 1 0
34 1 0 1 1
35 0 0 0 0
36 1 0 0 0
37 0 1 0 1
38 1 0 0 0
39 1 0 1 0
40 0 1 0 0
41 0 0 0 2
42 1 0 0 0
43 1 0 0 0
44 0 0 0 0
45 1 1 0 0
46 1 0 0 2
47 0 1 0 0
48 1 1 0 0
49 0 0 0 0
50 1 0 0 0
51 0 2 0 0
52 0 1 0 2
53 0 0 1 0
54 1 0 1 1
55 0 1 0 1
56 0 0 0 1
57 0 0 0 1
58 0 0 0 1
59 1 0 0 0
60 4 0 0 0
61 1 0 0 1
62 1 0 0 1
63 3 0 1 0
64 0 0 0 0
65 2 2 1 0
66 2 0 1 0
67 1 0 0 1
68 0 0 3 0
69 1 0 1 2
70 3 1 0 1
71 0 2 0 0
72 0 1 0 2
73 0 0 0 0
74 0 1 0 1
75 0 3 1 2
76 0 0 1 2
77 0 0 0 0
78 0 0 0 3
79 2 0 1 2
80 1 0 0 1
81 3 0 0 0
82 2 0 0 1
83 5 0 0 2
84 4 0 0 0
85 3 1 0 0
86 2 1 0 0
87 2 1 0 0
88 4 3 2 0
89 4 0 0 1
90 1 1 0 1
91 3 3 1 0
92 4 2 1 1
93 3 4 1 1
94 3 2 1 2
95 3 0 0 6
96 4 2 1 2
97 0 6 0 2
98 2 2 3 2
99 1 2 1 1
100 0 0 2 6
101 1 2 1 5
102 2 1 1 5
103 3 3 0 3
104 7 0 2 3
105 3 0 2 3
106 2 0 0 2
107 3 1 0 3
108 4 3 0 0
109 3 0 1 2
110 3 1 3 1
111 4 2 1 4
112 6 1 0 2
113 2 5 2 0
114 7 2 0 1
115 3 2 0 2
116 5 3 2 2
117 9 3 2 8
118 3 3 0 4
119 4 2 2 0
120 9 1 1 4
121 7 4 1 3
122 5 5 0 3
123 7 0 6 3
124 7 2 2 4
125 7 3 4 5
126 4 4 4 5
127 6 0 3 4
128 8 2 3 4
129 6 6 5 6
130 7 7 1 9
131 5 2 2 3
132 8 4 3 7
133 8 4 2 9
134 5 4 3 4
135 10 3 3 5
136 7 4 1 7
137 3 6 2 10
138 9 4 4 4
139 12 3 5 10
140 9 3 4 4
141 9 3 5 6
142 8 4 2 10
143 6 3 3 6
144 10 6 4 8
145 11 6 1 7
146 9 3 2 5
147 10 6 4 5
148 9 3 5 10
149 11 5 5 7
150 10 7 1 6
151 10 7 2 8
152 10 7 5 10
153 7 2 7 6
154 10 10 6 9
155 16 5 5 9
156 9 5 3 11
157 15 7 2 9
158 15 5 2 14
159 6 6 1 12
160 10 9 5 12
161 15 7 2 10
162 15 6 9 9
163 18 6 10 4
164 15 5 5 11
165 17 6 5 8
166 11 12 4 11
167 14 4 5 13
168 17 8 5 11
169 21 8 2 12
170 11 7 6 18
171 23 7 8 10
172 12 10 5 16
173 26 10 5 10
174 12 12 12 11
175 17 4 4 9
176 18 13 10 11
177 19 13 2 18
178 21 9 9 20
179 24 8 8 15
180 24 8 10 18
181 13 11 3 19
182 17 15 6 8
183 20 7 10 18
184 26 16 8 16
185 24 16 12 20
186 18 16 4 18
187 28 11 10 19
188 23 13 7 19
189 21 14 11 29
190 22 8 10 17
191 32 10 5 22
192 23 10 13 20
193 32 12 10 27
194 29 6 9 21
195 30 15 6 22
196 28 17 8 19
197 30 10 9 19
198 27 21 15 12
199 29 14 13 27
200 29 16 14 22
201 34 18 11 17
202 26 21 11 25
203 22 15 13 25
204 23 20 9 23
205 21 20 10 36
206 24 22 10 29
207 18 20 11 32
208 24 15 10 30
209 17 14 11 30
210 17 14 10 39
211 17 11 15 27
212 17 13 10 25
213 16 15 10 27
214 13 8 4 26
215 17 11 3 20
216 13 10 2 22
217 11 11 10 28
218 24 12 11 21
219 16 9 5 16
220 8 11 8 19
221 15 11 6 16
222 9 8 6 22
223 16 10 9 9
224 21 8 5 24
225 15 5 5 16
226 16 6 3 17
227 12 13 7 20
228 10 6 11 17
229 9 9 7 13
230 6 10 6 10
231 4 7 3 16
232 15 10 5 13
233 8 10 7 15
234 3 11 2 13
235 8 6 5 18
236 6 2 5 15
237 4 4 3 17
238 3 5 1 5
239 5 2 3 11
240 1 2 2 12
241 7 9 5 17
242 4 6 3 7
243 5 3 0 7
244 3 6 2 4
245 7 0 0 11
246 4 2 0 5
247 5 5 1 4
248 2 3 3 12
249 5 3 0 4
250 4 3 5 3
251 4 1 0 7
252 4 2 2 2
253 1 2 2 3
254 5 5 0 6
255 2 3 1 5
256 6 1 1 6
257 6 3 0 7
258 3 4 0 3
259 1 6 0 4
260 3 4 1 1
261 5 3 1 2
262 3 2 1 4
263 0 1 2 5
264 0 1 1 5
265 3 2 1 4
266 1 6 1 5
267 4 1 2 4
268 1 1 0 3
269 1 2 0 2
270 3 3 2 4
271 1 3 0 2
272 1 1 1 1
273 1 0 0 6
274 0 1 0 3
275 1 2 0 1
276 2 1 2 0
277 4 1 0 3
278 3 0 1 4
279 1 1 0 2
280 2 0 0 2
281 1 0 2 0
282 3 0 2 2
283 1 0 1 2
284 1 0 2 1
285 2 0 2 2
286 1 2 1 1
287 1 1 4 1
288 1 0 0 3
289 1 1 0 3
290 1 2 1 0
291 1 0 0 4
292 1 1 0 0
293 0 1 0 1
294 0 0 1 5
295 0 1 1 0
296 1 2 0 1
297 0 0 1 2
298 0 0 0 0
299 0 0 0 3
300 1 0 0 1
301 1 0 1 2
302 0 0 0 0
303 1 0 0 1
304 2 0 0 0
305 1 0 0 1
306 0 1 0 0
307 0 0 0 0
308 0 1 0 0
309 0 1 0 0
310 1 0 0 1
311 0 0 0 0
312 0 0 0 1
313 0 0 2 0
314 0 0 1 0
315 0 0 0 0
316 0 0 0 1
317 0 0 0 1
318 0 0 0 1
319 0 0 1 0
320 0 0 0 1
321 0 0 0 0
322 0 0 0 0
323 0 0 0 0
324 1 0 0 0
325 0 0 0 0
326 0 0 0 1
327 0 0 0 0
328 0 0 0 0
329 1 0 0 0
330 1 0 0 0
331 0 0 0 0
332 0 0 0 0
333 1 1 0 0
334 0 0 0 0
335 0 0 1 0
336 0 0 0 0
337 0 0 0 0
338 0 1 1 0
339 0 0 0 0
340 1 0 0 1
341 0 0 0 0
342 0 0 0 1
343 0 0 0 0
344 0 0 0 0
345 0 1 0 2
346 0 0 0 0
347 0 0 0 0
348 1 0 0 0
349 0 0 0 0
350 0 0 0 0
351 0 0 0 0
352 0 0 0 1
353 0 1 0 0
354 0 0 0 0
355 0 0 0 0
356 0 0 0 0
357 1 0 0 0
358 2 0 0 0
359 1 0 0 0
360 0 0 0 1
361 1 0 0 0
362 1 0 0 0
363 1 1 0 0
364 1 0 0 0
365 0 0 0 0
366 0 1 0 0
367 0 1 0 0
368 1 1 0 0
369 0 1 0 0
370 1 1 0 2
371 0 1 0 1
372 0 0 0 0
373 0 0 1 1
374 0 0 0 1
375 0 0 1 2
376 0 0 0 0
377 0 1 0 0
378 0 0 0 0
379 0 0 0 0
380 0 0 0 1
381 0 0 0 1
382 0 0 0 1
383 0 0 0 0
384 0 0 0 0
385 0 0 0 0
386 0 0 0 0
387 1 0 0 0
388 0 0 0 0
389 0 0 0 0
390 0 0 0 0
391 1 0 0 0
392 0 0 0 0
393 1 0 0 0
394 0 0 0 0
395 0 0 0 0
396 0 0 2 0
397 0 0 0 0
398 1 0 0 0
399 0 0 0 0
400 0 0 0 2
401 1 0 0 0
402 1 1 0 0
403 0 0 0 0
404 0 0 0 0
405 0 0 0 0
406 0 1 0 1
407 0 0 1 0
408 0 0 0 0
409 0 0 0 0
410 0 0 0 0
411 0 1 0 0
412 0 0 0 0
413 0 0 0 1
414 0 0 0 1
415 0 0 0 1
416 0 0 0 0
417 0 0 0 0
418 0 0 0 0
419 0 0 0 0
420 0 0 0 0
421 0 0 0 0
422 0 0 0 0
423 0 0 0 0
424 0 0 0 0
425 0 0 0 0
426 0 0 0 0
427 0 0 0 0
428 0 0 0 0
429 0 0 0 0
430 1 0 0 0
431 1 0 0 0
432 0 0 0 0
433 0 0 0 0
434 0 0 0 0
435 0 1 0 0
436 0 1 0 0
437 0 0 0 0
438 0 0 0 0
439 0 0 0 0
440 0 0 0 0
441 0 0 0 0
442 0 0 0 1
443 0 0 0 1
444 0 0 0 0
445 0 0 0 0
446 0 0 0 0
447 0 0 0 0
448 0 0 0 0
449 0 0 0 0
450 0 0 0 0
451 1 0 0 0
452 0 0 0 0
453 0 0 0 0
454 0 0 0 0
455 0 0 0 0
456 1 1 0 0
457 0 0 0 0
458 0 0 0 0
459 0 0 0 0
460 0 0 0 1
461 0 1 0 0
462 0 0 0 0
463 0 0 0 0
464 0 0 0 0
465 0 0 0 0
466 0 0 0 0
467 0 0 0 1
468 0 0 0 0
469 0 0 0 0
470 0 0 0 0
471 1 0 0 0
472 0 0 0 0
473 0 0 0 0
474 1 0 0 0
475 0 0 0 0
476 0 1 0 0
477 0 0 0 0
478 0 0 0 0
479 1 0 1 0
480 0 0 0 1
481 0 0 0 0
482 0 0 0 0
483 0 0 0 0
484 0 1 0 0
485 1 0 0 0
486 0 0 0 1
487 0 0 0 0
488 0 0 0 1
489 0 0 0 0
490 0 0 0 0
491 0 0 0 0
492 0 0 0 0
493 0 0 0 0
494 0 1 0 0
495 0 0 0 0
496 1 0 0 0
497 0 0 0 0
498 0 0 0 1
499 0 0 0 0
500 0 0 0 0
501 0 0 0 0
502 0 0 0 0
503 0 0 0 0
504 0 0 0 0
505 1 1 0 0
506 1 0 0 0
507 0 0 0 0
508 1 0 0 0
509 0 0 0 1
510 0 0 0 0
511 0 1 0 0
512 0 0 0 0
513 0 1 0 0
514 0 1 0 0
515 0 0 0 1
516 0 0 0 0
517 0 0 0 0
518 0 0 0 1
519 0 0 0 0
520 0 0 0 1
521 0 0 0 0
522 0 0 0 0
523 0 0 0 0
524 0 0 0 0
525 0 0 0 0
526 1 0 0 0
527 1 0 0 0
528 0 0 0 0
529 0 0 0 0
530 0 0 0 0
531 0 0 0 0
532 0 1 0 0
533 1 0 0 0
534 1 0 0 0
535 1 1 0 0
536 1 0 0 0
537 1 0 0 0
538 1 0 0 0
539 0 0 0 1
540 1 1 0 0
541 0 1 1 1
542 0 0 0 0
543 0 0 0 0
544 0 0 0 1
545 0 1 1 0
546 0 1 0 0
547 0 1 0 0
548 0 0 0 2
549 0 0 0 2
550 1 0 0 0
551 1 0 0 0
552 1 0 0 0
553 1 0 0 1
554 0 0 0 1
555 1 1 0 0
556 0 0 0 0
557 0 0 0 0
558 0 2 0 0
559 1 0 0 0
560 1 0 1 0
561 0 0 0 0
562 0 0 0 3
563 1 0 0 0
564 1 1 0 0
565 1 0 0 0
566 2 0 0 0
567 1 0 0 1
568 0 1 0 1
569 0 0 1 0
570 0 1 1 0
571 0 0 1 0
572 1 1 0 0
573 0 0 0 0
574 0 0 0 2
575 0 2 0 1
576 0 0 0 2
577 0 0 1 0
578 0 0 0 1
579 0 0 0 1
580 0 0 0 0
581 0 0 0 1
582 0 0 0 1
583 0 0 0 0
584 0 0 0 0
585 0 0 0 0
586 0 0 0 0
587 0 0 0 0
588 0 0 0 0
589 1 0 0 0
590 0 0 0 0
591 1 0 0 0
592 0 0 0 0
593 1 0 0 0
594 0 0 0 0
595 0 0 0 0
596 0 1 0 0
597 0 0 0 0
598 0 0 1 0
599 0 0 0 0
600 0 0 0 1
601 0 0 0 0
602 0 1 0 0
603 0 0 0 0
604 0 0 0 0
605 0 0 0 1
606 0 0 0 1
607 0 0 0 0
608 0 0 0 0
609 0 0 0 0
610 0 0 0 0
611 0 0 0 0
612 0 0 0 0
613 0 0 0 0
614 0 0 0 0
615 0 0 0 0
616 0 0 0 0
617 0 0 0 0
618 0 0 0 0
619 0 0 0 0
620 0 0 0 0
621 0 0 0 0
622 0 0 0 0
623 0 0 0 0
624 0 0 0 0
625 0 0 0 0
626 0 0 0 0
627 0 0 0 0
628 0 0 0 0
629 0 0 0 0
630 0 0 0 0
631 0 0 0 0
632 0 0 0 0
633 0 0 0 0
634 0 0 0 0
635 0 0 0 0
636 0 0 0 0
637 0 0 0 0
638 0 0 0 0
639 0 0 0 0
640 0 0 0 0
641 0 0 0 0
642 0 0 0 0
643 0 0 0 0
644 0 0 0 0
645 0 0 0 0
646 0 0 0 0
647 0 0 0 0
648 0 0 0 0
649 0 0 0 0
650 0 0 0 0
651 0 0 0 0
652 0 0 0 0
653 0 0 0 0
654 0 0 0 0
655 0 0 0 0
656 0 0 0 0
657 0 0 0 0
658 0 0 0 0
659 0 0 0 0
660 0 0 0 0
661 0 0 0 0
662 0 0 0 0
663 0 0 0 0
664 0 0 0 0
665 0 0 0 0
666 0 0 0 0
667 0 0 0 0
668 0 0 0 0
669 0 0 0 0
670 0 0 0 0
671 0 0 0 0
672 0 0 0 0
673 0 0 0 0
674 0 0 0 0
675 0 0 0 0
676 0 0 0 0
677 0 0 0 0
678 0 0 0 0
679 0 0 0 0
680 0 0 0 0
681 0 0 0 0
682 0 0 0 0
683 0 0 0 0
684 0 0 0 0
685 0 0 0 0
686 0 0 0 0
687 0 0 0 0
688 0 0 0 0
689 0 0 0 0
690 0 0 0 0
691 0 0 0 0
692 0 0 0 0
693 0 0 0 0
694 0 0 0 0
695 0 0 0 0
696 0 0 0 0
697 0 0 0 0
698 0 0 0 0
699 0 0 0 0
700 0 0 0 0
701 0 0 0 0
702 0 0 0 0
703 0 0 0 0
704 0 0 0 0
705 0 0 0 0
706 0 0 0 0
707 0 0 0 0
708 0 0 0 0
709 0 0 0 0
710 0 0 0 0
711 0 0 0 0
712 0 0 0 0
713 0 0 0 0
714 0 0 0 0
715 0 0 0 0
716 0 0 0 0
717 0 0 0 0
718 0 0 0 0
719 0 0 0 0
720 0 0 0 0
721 0 0 0 0
722 0 0 0 0
723 0 0 0 0
724 0 0 0 0
725 0 0 0 0
726 0 0 0 0
727 0 0 0 0
