0 0 0 0 0
1 0 0 0 0
2 0 0 0 0
3 0 0 0 0
4 0 0 0 0
5 0 1 0 0
6 0 0 0 0
7 0 0 0 0
8 0 0 0 0
9 0 3 1 1
10 0 0 0 0
11 0 0 0 0
12 0 0 0 0
13 0 0 0 2
14 0 0 0 0
15 0 0 0 0
16 0 0 0 2
17 0 0 0 0
18 0 0 0 0
19 0 0 0 0
20 1 0 0 0
21 0 0 0 0
22 1 0 0 0
23 0 0 0 0
24 1 0 0 0
25 1 0 0 0
26 0 0 0 0
27 1 0 0 0
28 0 0 0 0
29 1 0 1 0
30 0 0 0 0
31 0 1 0 0
32 0 0 0 0
33 0 0 1 0
34 0 0 2 0
35 0 0 0 0
36 0 1 0 1
37 0 0 0 0
38 0 0 0 1
39 0 0 0 0
40 0 0 0 1
41 0 0 0 2
42 0 0 0 0
43 0 0 0 1
44 1 0 0 0
45 1 0 0 0
46 0 0 0 0
47 0 0 0 0
48 0 0 0 0
49 2 0 0 0
50 0 0 0 0
51 0 0 0 0
52 0 0 1 0
53 1 0 0 0
54 0 3 0 0
55 0 0 0 0
56 0 0 0 1
57 1 0 0 0
58 0 0 0 3
59 0 0 0 0
60 0 0 0 0
61 1 0 1 0
62 0 0 0 0
63 0 0 0 0
64 1 0 0 0
65 1 0 0 0
66 1 1 0 0
67 1 0 0 0
68 2 0 0 1
69 1 0 0 0
70 1 2 0 0
71 2 0 1 0
72 3 0 0 0
73 1 2 1 1
74 0 1 0 0
75 1 0 0 0
76 1 2 1 0
77 2 1 1 5
78 1 0 0 2
79 0 0 1 0
80 2 0 0 1
81 0 2 0 0
82 1 1 0 0
83 1 0 0 2
84 3 0 1 2
85 1 0 1 0
86 0 2 0 2
87 0 0 1 0
88 2 0 0 2
89 3 1 2 0
90 5 0 1 1
91 3 1 0 2
92 2 0 1 1
93 5 1 0 2
94 4 0 0 0
95 2 0 1 1
96 2 1 1 3
97 2 0 2 2
98 1 2 2 0
99 3 5 1 0
100 4 2 1 1
101 2 2 1 0
102 1 3 1 3
103 3 1 1 7
104 2 2 0 5
105 1 2 1 4
106 0 2 1 1
107 2 1 1 2
108 2 1 2 3
109 1 3 1 5
110 1 0 1 3
111 2 0 0 2
112 2 2 0 3
113 1 0 1 2
114 2 1 0 1
115 2 0 0 1
116 1 1 3 3
117 4 0 1 1
118 2 0 1 0
119 6 1 1 1
120 4 1 1 5
121 4 0 2 0
122 4 1 1 1
123 3 2 0 0
124 6 1 2 2
125 5 1 1 2
126 5 6 0 4
127 3 3 0 2
128 1 4 0 1
129 1 4 1 1
130 3 1 2 5
131 3 3 2 5
132 4 4 2 1
133 7 4 0 3
134 1 2 1 1
135 3 2 2 8
136 3 0 1 9
137 2 2 0 3
138 4 3 0 2
139 2 1 1 5
140 1 0 2 2
141 2 4 1 4
142 6 5 1 1
143 8 1 0 2
144 6 3 2 1
145 3 0 0 6
146 9 1 0 2
147 8 4 2 1
148 7 3 1 5
149 4 2 2 5
150 9 1 3 3
151 2 4 1 4
152 4 5 3 3
153 7 6 3 3
154 3 4 2 5
155 5 4 7 5
156 6 1 2 5
157 7 3 1 6
158 4 4 1 8
159 5 6 1 11
160 4 1 2 7
161 4 2 3 2
162 6 4 1 7
163 9 2 2 4
164 4 3 3 4
165 6 2 3 2
166 8 3 3 7
167 7 0 1 4
168 8 2 5 7
169 5 1 2 3
170 5 1 6 5
171 10 5 4 4
172 6 7 4 8
173 8 5 3 4
174 8 2 1 3
175 5 3 4 8
176 5 4 1 6
177 8 5 2 8
178 10 2 3 7
179 9 5 4 7
180 6 9 2 7
181 12 1 3 3
182 8 6 5 8
183 7 6 1 8
184 13 6 1 11
185 8 5 0 6
186 12 6 4 7
187 12 7 5 10
188 9 4 2 5
189 11 4 6 9
190 11 6 5 7
191 8 3 2 10
192 14 9 5 6
193 12 4 4 9
194 7 5 1 10
195 11 11 7 6
196 8 5 2 12
197 15 8 4 12
198 11 5 7 6
199 10 6 1 16
200 10 4 4 6
201 11 3 7 8
202 12 7 9 13
203 9 9 3 7
204 7 7 4 9
205 8 8 3 15
206 12 12 2 11
207 5 10 2 10
208 6 5 4 8
209 1 5 2 12
210 5 5 3 16
211 7 8 2 14
212 9 4 3 14
213 8 2 6 8
214 2 3 1 9
215 8 4 5 12
216 5 2 2 5
217 7 3 4 7
218 3 1 4 5
219 9 1 0 10
220 7 3 3 7
221 4 2 2 6
222 1 4 4 6
223 2 1 1 3
224 1 9 4 2
225 2 4 5 4
226 1 5 0 5
227 6 3 0 6
228 4 0 2 9
229 4 2 0 7
230 2 0 3 5
231 3 0 0 8
232 3 3 3 5
233 3 2 2 2
234 3 0 4 4
235 0 1 2 1
236 3 4 0 5
237 1 2 1 1
238 3 3 1 2
239 0 2 1 5
240 1 0 0 5
241 1 2 1 4
242 0 0 1 4
243 1 0 1 1
244 2 0 0 1
245 1 1 1 2
246 2 1 0 3
247 2 1 1 0
248 1 0 0 3
249 0 0 0 1
250 3 0 2 1
251 1 1 0 1
252 1 2 1 2
253 1 1 2 1
254 3 0 0 2
255 1 2 1 0
256 1 1 0 2
257 1 0 0 3
258 3 0 0 1
259 0 2 0 3
260 0 0 0 2
261 3 3 0 0
262 1 0 2 1
263 0 4 1 1
264 1 0 0 0
265 1 0 0 1
266 0 1 0 2
267 0 0 1 2
268 1 0 0 2
269 2 0 1 1
270 1 1 1 4
271 0 0 0 0
272 0 0 0 0
273 3 0 0 0
274 1 1 0 2
275 0 1 0 0
276 2 0 0 1
277 2 0 1 1
278 3 3 1 1
279 3 0 0 1
280 1 0 0 0
281 0 2 0 1
282 0 1 1 1
283 2 1 1 0
284 1 0 0 0
285 0 1 0 5
286 0 1 0 0
287 0 2 0 1
288 1 1 2 1
289 0 1 0 3
290 0 0 0 0
291 0 0 0 2
292 0 0 2 1
293 0 0 0 2
294 0 0 0 0
295 0 0 0 2
296 0 0 0 0
297 0 1 0 0
298 0 0 0 0
299 0 0 0 2
300 0 0 0 0
301 0 0 0 1
302 1 0 0 0
303 1 0 0 0
304 0 0 0 0
305 0 0 0 0
306 0 0 0 0
307 0 1 0 0
308 1 1 0 0
309 0 0 0 0
310 0 0 0 0
311 0 0 0 0
312 1 0 0 0
313 0 0 0 0
314 0 0 0 1
315 0 0 0 1
316 0 0 0 0
317 0 0 2 0
318 0 0 0 0
319 0 0 0 0
320 0 0 0 0
321 0 0 0 1
322 0 0 0 0
323 0 0 0 0
324 0 0 0 1
325 0 0 0 0
326 0 0 0 0
327 0 0 0 0
328 0 0 0 0
329 0 0 0 0
330 0 0 0 0
331 0 0 0 0
332 0 0 0 0
333 0 0 0 0
334 0 0 0 0
335 0 0 0 0
336 0 0 0 0
337 0 0 0 0
338 0 0 0 0
339 0 0 0 0
340 0 0 0 0
341 0 0 0 0
342 0 0 0 0
343 1 0 0 0
344 0 0 0 0
345 0 0 0 0
346 0 0 0 0
347 0 0 0 0
348 0 0 0 0
349 0 0 0 0
350 0 0 0 0
351 0 0 0 0
352 0 1 0 0
353 0 0 0 0
354 0 0 0 0
355 0 0 0 0
356 0 0 0 1
357 0 0 0 0
358 0 0 0 0
359 0 0 0 0
360 0 0 0 0
361 0 0 0 0
362 0 0 0 0
363 0 0 0 0
364 0 0 0 0
365 1 0 0 0
366 0 0 0 0
367 0 0 0 0
368 0 0 0 0
369 0 0 0 0
370 0 0 0 0
371 0 0 0 0
372 0 0 0 0
373 0 0 0 0
374 0 0 1 0
375 0 0 0 0
376 0 0 0 0
377 0 0 0 0
378 0 0 0 1
379 0 0 0 0
380 0 0 0 0
381 0 0 0 0
382 0 0 0 0
383 0 0 0 0
384 0 0 0 0
385 1 0 0 0
386 0 0 0 0
387 1 0 0 0
388 0 0 0 0
389 0 0 0 0
390 1 0 0 0
391 0 0 0 0
392 0 0 1 0
393 1 0 0 0
394 0 1 0 0
395 0 0 0 0
396 0 0 0 1
397 0 0 0 0
398 0 0 0 1
399 0 0 1 0
400 0 0 0 0
401 0 0 0 0
402 0 1 0 0
403 0 0 0 1
404 0 0 0 0
405 0 0 0 0
406 0 0 0 0
407 0 0 0 0
408 0 0 0 0
409 0 0 0 1
410 0 0 0 0
411 0 0 0 0
412 0 0 0 0
413 0 0 0 0
414 0 0 0 0
415 0 0 0 0
416 0 0 0 0
417 0 0 0 0
418 1 0 0 0
419 0 0 0 0
420 0 0 0 0
421 1 0 0 0
422 0 0 0 0
423 0 0 1 0
424 0 0 0 0
425 0 0 0 0
426 0 1 0 0
427 0 0 0 0
428 0 0 0 0
429 0 0 0 0
430 0 0 0 1
431 0 0 0 0
432 0 0 0 0
433 0 0 0 1
434 0 0 0 0
435 0 0 0 0
436 0 0 0 0
437 0 0 0 0
438 0 0 0 0
439 0 0 0 0
440 0 0 0 0
441 0 0 0 0
442 0 0 0 0
443 0 0 0 0
444 0 0 0 0
445 0 0 0 0
446 0 0 0 0
447 0 0 0 0
448 0 0 0 0
449 0 0 0 0
450 0 0 0 0
451 0 0 0 0
452 0 0 0 0
453 0 0 0 0
454 0 0 0 0
455 0 0 0 0
456 0 0 0 0
457 0 0 0 0
458 0 0 0 0
459 0 0 0 0
460 0 0 0 0
461 0 0 0 0
462 0 0 0 0
463 0 0 0 0
464 0 0 0 0
465 0 0 0 0
466 0 0 0 0
467 0 0 0 0
468 0 0 0 0
469 0 0 0 0
470 0 0 0 0
471 0 0 0 0
472 0 0 0 0
473 0 0 0 0
474 0 0 0 0
475 0 0 0 0
476 0 0 0 0
477 0 0 0 0
478 0 0 0 0
479 0 0 0 0
480 0 0 0 0
481 0 0 0 0
482 0 0 0 0
483 0 0 0 0
484 0 0 0 0
485 0 0 0 0
486 0 0 0 0
487 0 0 0 0
488 0 0 0 0
489 0 0 0 0
490 0 0 0 0
491 0 0 0 0
492 0 0 0 0
493 0 0 0 0
494 0 0 0 0
495 0 0 0 0
496 0 0 0 0
497 0 0 0 0
498 0 0 0 0
499 0 0 0 0
500 0 0 0 0
501 0 0 0 0
502 0 0 0 0
503 0 0 0 0
504 0 0 0 0
505 0 0 0 0
506 0 0 0 0
507 0 0 0 0
508 0 0 0 0
509 0 0 0 0
510 0 0 0 0
511 0 0 0 0
512 0 0 0 0
513 0 0 0 0
514 0 0 0 0
515 0 0 0 0
516 0 0 0 0
517 0 0 0 0
518 0 0 0 0
519 0 0 0 0
520 0 0 0 0
521 0 0 0 0
522 0 0 0 0
523 0 0 0 0
524 0 0 0 0
525 0 0 0 0
526 0 0 0 0
527 0 0 0 0
528 0 0 0 0
529 0 0 0 0
530 0 0 0 0
531 0 0 0 0
532 0 0 0 0
533 0 0 0 0
534 0 0 0 0
535 0 0 0 0
536 0 0 0 0
537 0 0 0 0
538 0 0 0 0
539 0 0 0 0
540 0 0 0 0
541 0 0 0 0
542 0 0 0 0
543 0 0 0 0
544 0 0 0 0
545 0 0 0 0
546 0 0 0 0
547 0 0 0 0
548 0 0 0 0
549 0 0 0 0
550 0 0 0 0
551 0 0 0 0
552 0 0 0 0
553 0 0 0 0
554 0 0 0 0
555 0 0 0 0
556 0 0 0 0
557 0 0 0 0
558 0 0 0 0
559 0 0 0 0
560 0 0 0 0
561 0 0 0 0
562 0 0 0 0
563 0 0 0 0
564 0 0 0 0
565 0 0 0 0
566 0 0 0 0
567 0 0 0 0
568 0 0 0 0
569 0 0 0 0
570 0 0 0 0
571 0 0 0 0
572 0 0 0 0
573 0 0 0 0
574 0 0 0 0
575 0 0 0 0
576 0 0 0 0
577 0 0 0 0
578 0 0 0 0
579 0 0 0 0
580 0 0 0 0
581 0 0 0 0
582 0 0 0 0
583 0 0 0 0
584 0 0 0 0
585 0 0 0 0
586 0 0 0 0
587 0 0 0 0
588 0 0 0 0
589 0 0 0 0
590 0 0 0 0
591 0 0 0 0
592 0 0 0 0
593 0 0 0 0
594 0 0 0 0
595 0 0 0 0
596 0 0 0 0
597 0 0 0 0
598 0 0 0 0
599 0 0 0 0
600 0 0 0 0
601 0 0 0 0
602 0 0 0 0
603 0 0 0 0
604 0 0 0 0
605 0 0 0 0
606 0 0 0 0
607 0 0 0 0
608 0 0 0 0
609 0 0 0 0
610 0 0 0 0
611 0 0 0 0
612 0 0 0 0
613 0 0 0 0
614 0 0 0 0
615 0 0 0 0
616 0 0 0 0
617 0 0 0 0
618 0 0 0 0
619 0 0 0 0
620 0 0 0 0
621 0 0 0 0
622 0 0 0 0
623 0 0 0 0
624 0 0 0 0
625 0 0 0 0
626 0 0 0 0
627 0 0 0 0
628 0 0 0 0
629 0 0 0 0
630 0 0 0 0
631 0 0 0 0
632 0 0 0 0
633 0 0 0 0
634 0 0 0 0
635 0 0 0 0
636 0 0 0 0
637 0 0 0 0
638 0 0 0 0
639 0 0 0 0
640 0 0 0 0
641 0 0 0 0
642 0 0 0 0
643 0 0 0 0
644 0 0 0 0
645 0 0 0 0
646 0 0 0 0
647 0 0 0 0
648 0 0 0 0
649 0 0 0 0
650 0 0 0 0
651 0 0 0 0
652 0 0 0 0
653 0 0 0 0
654 0 0 0 0
655 0 0 0 0
656 0 0 0 0
657 0 0 0 0
658 0 0 0 0
659 0 0 0 0
660 0 0 0 0
661 0 0 0 0
662 0 0 0 0
663 0 0 0 0
664 0 0 0 0
665 0 0 0 0
666 0 0 0 0
667 0 0 0 0
668 0 0 0 0
669 0 0 0 0
670 0 0 0 0
671 0 0 0 0
672 0 0 0 0
673 0 0 0 0
674 0 0 0 0
675 0 0 0 0
676 0 0 0 0
677 0 0 0 0
678 0 0 0 0
679 0 0 0 0
680 0 0 0 0
681 0 0 0 0
682 0 0 0 0
683 0 0 0 0
684 0 0 0 0
685 0 0 0 0
686 0 0 0 0
687 0 0 0 0
688 0 0 0 0
689 0 0 0 0
690 0 0 0 0
691 0 0 0 0
692 0 0 0 0
693 0 0 0 0
694 0 0 0 0
695 0 0 0 0
696 0 0 0 0
697 0 0 0 0
698 0 0 0 0
699 0 0 0 0
700 0 0 0 0
701 0 0 0 0
702 0 0 0 0
703 0 0 0 0
704 0 0 0 0
705 0 0 0 0
706 0 0 0 0
707 0 0 0 0
708 0 0 0 0
709 0 0 0 0
710 0 0 0 0
711 0 0 0 0
712 0 0 0 0
713 0 0 0 0
714 0 0 0 0
715 0 0 0 0
716 0 0 0 0
717 0 0 0 0
718 0 0 0 0
719 0 0 0 0
720 0 0 0 0
721 0 0 0 0
722 0 0 0 0
723 0 0 0 0
724 0 0 0 0
725 0 0 0 0
726 0 0 0 0
727 0 0 0 0
