0 0 0 0 0
1 0 0 0 0
2 0 0 0 0
3 0 0 0 0
4 0 0 0 0
5 0 1 0 0
6 0 0 0 0
7 0 0 0 0
8 0 0 0 0
9 0 3 1 0
10 0 0 0 0
11 0 0 0 0
12 0 0 0 1
13 0 0 0 1
14 0 0 0 0
15 0 0 0 0
16 0 0 0 3
17 0 0 0 0
18 0 0 0 0
19 1 0 0 0
20 2 0 0 0
21 1 0 0 0
22 0 0 0 0
23 2 0 0 0
24 1 1 0 0
25 1 0 1 0
26 3 0 0 0
27 1 0 0 0
28 0 2 0 0
29 1 2 0 1
30 1 2 0 0
31 1 0 3 1
32 0 1 0 1
33 0 0 0 2
34 0 0 1 2
35 0 0 0 3
36 0 1 0 1
37 0 0 0 0
38 1 0 0 1
39 1 0 1 0
40 1 0 0 1
41 1 0 0 1
42 1 0 0 0
43 3 0 0 0
44 2 1 0 0
45 1 0 1 0
46 0 0 0 1
47 0 0 1 0
48 2 3 1 0
49 2 1 0 1
50 2 1 1 0
51 2 0 0 1
52 2 0 0 2
53 1 1 0 1
54 1 0 0 3
55 0 1 0 2
56 3 0 0 0
57 1 1 1 0
58 2 1 1 0
59 1 1 1 1
60 4 2 0 1
61 1 4 1 2
62 0 0 1 0
63 2 1 0 2
64 1 0 0 2
65 2 2 2 2
66 3 1 1 1
67 2 0 1 2
68 1 1 1 3
69 0 0 0 3
70 1 0 2 1
71 2 0 2 1
72 5 1 0 3
73 6 1 1 1
74 2 0 0 0
75 6 2 0 2
76 1 1 3 0
77 3 0 3 5
78 1 1 2 1
79 3 2 0 2
80 5 1 1 3
81 1 2 1 3
82 0 2 3 0
83 5 0 1 1
84 4 2 2 1
85 2 2 1 4
86 4 1 0 5
87 0 0 1 1
88 4 4 1 5
89 3 2 3 3
90 1 1 1 2
91 8 0 2 2
92 5 0 1 3
93 4 1 2 4
94 6 3 0 0
95 6 1 2 6
96 7 0 1 2
97 5 5 1 3
98 6 2 1 1
99 1 2 2 3
100 4 4 5 2
101 7 5 1 6
102 1 2 4 2
103 7 1 6 2
104 4 3 3 5
105 9 2 2 3
106 7 3 4 5
107 8 1 0 9
108 8 2 0 7
109 6 5 1 7
110 9 5 1 10
111 10 2 3 4
112 10 7 3 1
113 9 2 2 5
114 7 3 2 4
115 10 4 4 5
116 9 8 6 9
117 10 5 5 4
118 6 4 3 5
119 10 3 5 7
120 7 5 2 9
121 7 5 3 10
122 11 7 4 7
123 8 2 5 10
124 7 7 2 6
125 12 5 5 10
126 7 5 0 11
127 16 2 3 8
128 12 5 1 8
129 14 5 1 12
130 16 8 5 5
131 18 8 7 6
132 13 6 10 5
133 10 5 2 6
134 14 3 6 12
135 12 7 5 11
136 17 9 5 10
137 17 8 6 6
138 14 7 5 12
139 14 11 3 12
140 7 11 8 14
141 9 6 11 13
142 14 5 9 15
143 18 9 8 12
144 12 4 5 14
145 21 6 3 14
146 16 8 6 15
147 13 9 7 19
148 10 6 8 12
149 14 7 2 9
150 22 11 8 17
151 21 3 4 12
152 21 8 12 10
153 21 5 7 14
154 19 5 8 18
155 19 12 11 17
156 18 7 4 10
157 27 7 7 16
158 26 15 6 8
159 27 18 6 24
160 14 12 8 10
161 29 9 12 14
162 22 18 10 17
163 17 12 6 14
164 25 13 12 17
165 26 7 2 26
166 21 19 9 29
167 19 19 13 19
168 19 14 5 18
169 22 16 10 21
170 28 10 13 23
171 26 11 10 30
172 28 11 9 13
173 22 13 9 30
174 29 21 7 25
175 35 17 8 17
176 31 18 8 21
177 23 11 9 25
178 25 13 5 31
179 32 12 10 25
180 32 20 9 23
181 30 20 10 19
182 34 15 12 21
183 26 18 7 22
184 27 23 18 29
185 24 18 13 24
186 38 8 14 34
187 34 16 17 24
188 15 16 10 30
189 34 14 12 26
190 35 16 12 21
191 49 20 16 33
192 40 15 14 30
193 34 13 10 27
194 27 21 13 38
195 39 25 12 31
196 32 24 19 25
197 40 13 12 26
198 45 12 13 34
199 27 15 14 35
200 34 32 13 33
201 40 27 18 28
202 39 32 14 29
203 34 22 10 35
204 23 18 19 35
205 31 12 9 35
206 21 20 14 37
207 23 28 21 44
208 21 20 11 44
209 9 17 15 34
210 20 31 8 21
211 26 14 9 49
212 12 11 13 27
213 14 11 10 43
214 21 8 9 37
215 13 16 6 27
216 20 17 13 24
217 17 10 7 28
218 16 7 3 23
219 16 11 7 23
220 10 9 9 18
221 12 11 7 18
222 11 10 4 16
223 11 12 7 34
224 17 11 4 14
225 10 12 2 10
226 9 10 6 16
227 10 10 5 22
228 8 6 5 18
229 5 10 3 13
230 5 6 5 18
231 5 3 4 15
232 12 6 6 10
233 8 6 10 12
234 11 2 7 13
235 8 4 5 9
236 11 5 3 15
237 4 8 4 9
238 7 3 3 10
239 7 5 3 8
240 8 5 1 13
241 7 5 6 13
242 5 5 2 8
243 5 5 4 9
244 3 3 6 8
245 4 4 2 11
246 4 2 3 7
247 2 4 3 7
248 3 4 2 9
249 2 2 3 9
250 2 3 2 6
251 0 1 4 10
252 3 2 0 1
253 7 3 1 4
254 2 2 0 4
255 1 2 0 9
256 4 1 0 4
257 5 1 1 4
258 4 3 0 3
259 1 0 0 2
260 1 0 0 2
261 2 4 0 1
262 1 6 2 4
263 3 3 1 0
264 0 1 1 2
265 0 1 1 4
266 0 2 0 3
267 1 4 0 2
268 2 1 1 1
269 1 0 0 6
270 0 1 0 2
271 1 0 0 2
272 1 1 1 3
273 1 0 0 2
274 1 0 1 2
275 1 0 0 1
276 2 2 0 1
277 2 2 1 1
278 1 0 1 0
279 1 0 1 1
280 3 0 0 0
281 1 0 0 3
282 1 1 1 0
283 1 1 0 3
284 2 1 1 1
285 2 2 0 1
286 0 0 1 0
287 2 0 0 1
288 1 1 1 0
289 0 2 1 3
290 0 0 0 1
291 2 0 1 2
292 0 1 0 3
293 1 0 1 0
294 1 1 1 0
295 1 0 0 1
296 2 1 2 3
297 1 0 1 0
298 0 1 0 1
299 0 1 0 1
300 1 0 1 3
301 0 0 0 1
302 0 1 0 0
303 1 0 0 1
304 0 0 0 1
305 0 2 0 1
306 0 0 0 2
307 1 0 0 1
308 0 1 0 0
309 1 1 0 2
310 0 0 0 0
311 0 0 0 0
312 0 0 0 0
313 0 0 0 0
314 1 1 0 0
315 1 0 0 1
316 0 0 1 1
317 0 0 0 0
318 0 0 0 1
319 0 0 1 0
320 1 0 0 0
321 0 0 0 0
322 1 1 0 0
323 0 0 0 1
324 0 0 0 0
325 0 0 0 0
326 1 0 0 2
327 1 1 0 0
328 1 0 0 0
329 1 1 0 0
330 2 0 0 0
331 0 1 0 0
332 1 0 1 0
333 0 1 0 1
334 0 1 0 1
335 0 1 1 1
336 0 0 0 0
337 0 0 0 1
338 0 0 0 0
339 0 0 0 3
340 0 0 0 0
341 0 1 0 1
342 0 0 0 0
343 0 0 0 0
344 0 0 0 0
345 0 0 0 1
346 0 0 0 0
347 0 0 0 0
348 0 0 0 0
349 0 0 0 0
350 0 0 0 0
351 0 0 0 0
352 0 0 0 0
353 0 0 0 0
354 0 0 0 0
355 0 0 0 0
356 0 0 0 0
357 0 0 0 0
358 0 0 0 0
359 0 0 0 0
360 0 0 0 0
361 0 0 0 0
362 0 0 0 0
363 0 0 0 0
364 0 0 0 0
365 0 0 0 0
366 0 0 0 0
367 0 0 0 0
368 0 0 0 0
369 0 0 0 0
370 0 0 0 0
371 0 0 0 0
372 0 0 0 0
373 0 0 0 0
374 0 0 0 0
375 0 0 0 0
376 0 0 0 0
377 0 0 0 0
378 0 0 0 0
379 0 0 0 0
380 0 0 0 0
381 0 0 0 0
382 0 0 0 0
383 0 0 0 0
384 0 0 0 0
385 0 0 0 0
386 0 0 0 0
387 0 0 0 0
388 0 0 0 0
389 0 0 0 0
390 0 0 0 0
391 0 0 0 0
392 0 0 0 0
393 0 0 0 0
394 0 0 0 0
395 0 0 0 0
396 0 0 0 0
397 0 0 0 0
398 0 0 0 0
399 0 0 0 0
400 0 0 0 0
401 0 0 0 0
402 0 0 0 0
403 0 0 0 0
404 0 0 0 0
405 0 0 0 0
406 0 0 0 0
407 0 0 0 0
408 0 0 0 0
409 0 0 0 0
410 0 0 0 0
411 0 0 0 0
412 0 0 0 0
413 0 0 0 0
414 0 0 0 0
415 0 0 0 0
416 0 0 0 0
417 0 0 0 0
418 0 0 0 0
419 0 0 0 0
420 0 0 0 0
421 0 0 0 0
422 0 0 0 0
423 0 0 0 0
424 0 0 0 0
425 0 0 0 0
426 0 0 0 0
427 0 0 0 0
428 0 0 0 0
429 0 0 0 0
430 0 0 0 0
431 0 0 0 0
432 0 0 0 0
433 0 0 0 0
434 0 0 0 0
435 0 0 0 0
436 0 0 0 0
437 0 0 0 0
438 0 0 0 0
439 0 0 0 0
440 0 0 0 0
441 0 0 0 0
442 0 0 0 0
443 0 0 0 0
444 0 0 0 0
445 0 0 0 0
446 0 0 0 0
447 0 0 0 0
448 0 0 0 0
449 0 0 0 0
450 0 0 0 0
451 0 0 0 0
452 0 0 0 0
453 0 0 0 0
454 0 0 0 0
455 0 0 0 0
456 0 0 0 0
457 0 0 0 0
458 0 0 0 0
459 0 0 0 0
460 0 0 0 0
461 0 0 0 0
462 0 0 0 0
463 0 0 0 0
464 0 0 0 0
465 0 0 0 0
466 0 0 0 0
467 0 0 0 0
468 0 0 0 0
469 0 0 0 0
470 0 0 0 0
471 0 0 0 0
472 0 0 0 0
473 0 0 0 0
474 0 0 0 0
475 0 0 0 0
476 0 0 0 0
477 0 0 0 0
478 0 0 0 0
479 0 0 0 0
480 0 0 0 0
481 0 0 0 0
482 0 0 0 0
483 0 0 0 0
484 0 0 0 0
485 0 0 0 0
486 0 0 0 0
487 0 0 0 0
488 0 0 0 0
489 0 0 0 0
490 0 0 0 0
491 0 0 0 0
492 0 0 0 0
493 0 0 0 0
494 0 0 0 0
495 0 0 0 0
496 0 0 0 0
497 0 0 0 0
498 0 0 0 0
499 0 0 0 0
500 0 0 0 0
501 0 0 0 0
502 0 0 0 0
503 0 0 0 0
504 0 0 0 0
505 0 0 0 0
506 0 0 0 0
507 0 0 0 0
508 0 0 0 0
509 0 0 0 0
510 0 0 0 0
511 0 0 0 0
512 0 0 0 0
513 0 0 0 0
514 0 0 0 0
515 0 0 0 0
516 0 0 0 0
517 0 0 0 0
518 0 0 0 0
519 0 0 0 0
520 0 0 0 0
521 0 0 0 0
522 0 0 0 0
523 0 0 0 0
524 0 0 0 0
525 0 0 0 0
526 0 0 0 0
527 0 0 0 0
528 0 0 0 0
529 0 0 0 0
530 0 0 0 0
531 0 0 0 0
532 0 0 0 0
533 0 0 0 0
534 0 0 0 0
535 0 0 0 0
536 0 0 0 0
537 0 0 0 0
538 0 0 0 0
539 0 0 0 0
540 0 0 0 0
541 0 0 0 0
542 0 0 0 0
543 0 0 0 0
544 0 0 0 0
545 0 0 0 0
546 0 0 0 0
547 0 0 0 0
548 0 0 0 0
549 0 0 0 0
550 0 0 0 0
551 0 0 0 0
552 0 0 0 0
553 0 0 0 0
554 0 0 0 0
555 0 0 0 0
556 0 0 0 0
557 0 0 0 0
558 0 0 0 0
559 0 0 0 0
560 0 0 0 0
561 0 0 0 0
562 0 0 0 0
563 0 0 0 0
564 0 0 0 0
565 0 0 0 0
566 0 0 0 0
567 0 0 0 0
568 0 0 0 0
569 0 0 0 0
570 0 0 0 0
571 0 0 0 0
572 0 0 0 0
573 0 0 0 0
574 0 0 0 0
575 0 0 0 0
576 0 0 0 0
577 0 0 0 0
578 0 0 0 0
579 0 0 0 0
580 0 0 0 0
581 0 0 0 0
582 0 0 0 0
583 0 0 0 0
584 0 0 0 0
585 0 0 0 0
586 0 0 0 0
587 0 0 0 0
588 0 0 0 0
589 0 0 0 0
590 0 0 0 0
591 0 0 0 0
592 0 0 0 0
593 0 0 0 0
594 0 0 0 0
595 0 0 0 0
596 0 0 0 0
597 0 0 0 0
598 0 0 0 0
599 0 0 0 0
600 0 0 0 0
601 0 0 0 0
602 0 0 0 0
603 0 0 0 0
604 0 0 0 0
605 0 0 0 0
606 0 0 0 0
607 0 0 0 0
608 0 0 0 0
609 0 0 0 0
610 0 0 0 0
611 0 0 0 0
612 0 0 0 0
613 0 0 0 0
614 0 0 0 0
615 0 0 0 0
616 0 0 0 0
617 0 0 0 0
618 0 0 0 0
619 0 0 0 0
620 0 0 0 0
621 0 0 0 0
622 0 0 0 0
623 0 0 0 0
624 0 0 0 0
625 0 0 0 0
626 0 0 0 0
627 0 0 0 0
628 0 0 0 0
629 0 0 0 0
630 0 0 0 0
631 0 0 0 0
632 0 0 0 0
633 0 0 0 0
634 0 0 0 0
635 0 0 0 0
636 0 0 0 0
637 0 0 0 0
638 0 0 0 0
639 0 0 0 0
640 0 0 0 0
641 0 0 0 0
642 0 0 0 0
643 0 0 0 0
644 0 0 0 0
645 0 0 0 0
646 0 0 0 0
647 0 0 0 0
648 0 0 0 0
649 0 0 0 0
650 0 0 0 0
651 0 0 0 0
652 0 0 0 0
653 0 0 0 0
654 0 0 0 0
655 0 0 0 0
656 0 0 0 0
657 0 0 0 0
658 0 0 0 0
659 0 0 0 0
660 0 0 0 0
661 0 0 0 0
662 0 0 0 0
663 0 0 0 0
664 0 0 0 0
665 0 0 0 0
666 0 0 0 0
667 0 0 0 0
668 0 0 0 0
669 0 0 0 0
670 0 0 0 0
671 0 0 0 0
672 0 0 0 0
673 0 0 0 0
674 0 0 0 0
675 0 0 0 0
676 0 0 0 0
677 0 0 0 0
678 0 0 0 0
679 0 0 0 0
680 0 0 0 0
681 0 0 0 0
682 0 0 0 0
683 0 0 0 0
684 0 0 0 0
685 0 0 0 0
686 0 0 0 0
687 0 0 0 0
688 0 0 0 0
689 0 0 0 0
690 0 0 0 0
691 0 0 0 0
692 0 0 0 0
693 0 0 0 0
694 0 0 0 0
695 0 0 0 0
696 0 0 0 0
697 0 0 0 0
698 0 0 0 0
699 0 0 0 0
700 0 0 0 0
701 0 0 0 0
702 0 0 0 0
703 0 0 0 0
704 0 0 0 0
705 0 0 0 0
706 0 0 0 0
707 0 0 0 0
708 0 0 0 0
709 0 0 0 0
710 0 0 0 0
711 0 0 0 0
712 0 0 0 0
713 0 0 0 0
714 0 0 0 0
715 0 0 0 0
716 0 0 0 0
717 0 0 0 0
718 0 0 0 0
719 0 0 0 0
720 0 0 0 0
721 0 0 0 0
722 0 0 0 0
723 0 0 0 0
724 0 0 0 0
725 0 0 0 0
726 0 0 0 0
727 0 0 0 0
