0 0 0 0 0
1 0 0 0 0
2 0 0 0 0
3 0 0 0 0
4 0 0 0 0
5 0 2 1 0
6 0 0 0 0
7 0 0 0 0
8 0 0 0 0
9 0 2 0 1
10 0 0 0 0
11 0 0 0 0
12 0 0 0 2
13 0 0 0 1
14 0 0 0 0
15 0 0 0 1
16 0 0 0 0
17 0 0 0 0
18 0 0 0 0
19 0 0 0 0
20 0 0 0 0
21 0 0 0 0
22 0 0 0 0
23 1 0 0 0
24 1 0 0 0
25 2 0 0 0
26 0 0 0 0
27 1 0 0 0
28 0 1 0 0
29 0 1 0 0
30 0 1 0 0
31 0 0 0 0
32 0 1 0 0
33 1 0 0 1
34 0 1 0 1
35 0 0 0 1
36 1 0 0 1
37 0 0 0 0
38 1 0 1 0
39 0 0 0 0
40 1 0 0 0
41 0 1 0 1
42 1 0 0 0
43 0 0 0 0
44 0 0 0 0
45 0 0 1 1
46 0 0 0 0
47 0 1 0 0
48 0 0 0 1
49 1 0 0 0
50 0 0 0 0
51 0 1 0 0
52 0 0 0 1
53 0 0 0 0
54 0 0 0 1
55 0 0 0 1
56 0 0 0 0
57 0 0 0 0
58 1 1 0 0
59 0 0 0 0
60 0 0 0 0
61 1 0 0 0
62 1 0 0 0
63 1 0 1 0
64 2 0 0 1
65 1 0 0 0
66 1 1 0 0
67 2 0 0 0
68 0 0 1 0
69 1 2 0 0
70 2 1 0 2
71 0 0 1 0
72 0 0 0 1
73 0 1 0 2
74 0 1 0 0
75 0 1 1 1
76 0 1 0 0
77 1 0 0 1
78 1 0 0 0
79 2 1 0 2
80 2 0 0 1
81 0 0 0 1
82 0 0 0 0
83 1 0 0 2
84 0 2 1 0
85 1 1 0 0
86 0 1 0 0
87 1 0 0 0
88 0 0 1 0
89 2 1 0 0
90 1 0 0 2
91 1 0 0 2
92 0 0 0 2
93 1 0 0 1
94 2 2 1 0
95 3 1 0 0
96 1 2 0 0
97 2 0 0 0
98 1 0 0 1
99 1 0 1 1
100 1 1 0 1
101 1 0 0 2
102 2 1 1 0
103 0 1 0 2
104 0 2 1 1
105 2 1 0 0
106 1 0 1 0
107 0 1 1 0
108 1 0 0 1
109 0 1 0 3
110 2 0 1 1
111 2 1 1 3
112 0 0 0 0
113 1 0 0 2
114 3 0 2 2
115 2 1 1 1
116 4 3 0 0
117 0 0 0 0
118 2 0 0 1
119 1 0 0 1
120 1 3 0 2
121 4 3 1 2
122 0 1 0 1
123 1 2 2 1
124 3 0 0 1
125 3 0 1 3
126 2 1 1 1
127 1 0 0 5
128 2 0 2 2
129 1 1 0 0
130 0 1 2 1
131 4 1 0 1
132 1 0 1 1
133 4 2 0 2
134 2 2 1 3
135 2 0 1 1
136 3 1 0 1
137 2 2 0 1
138 5 0 1 3
139 5 0 1 0
140 4 4 1 1
141 4 1 1 3
142 7 3 2 2
143 3 4 2 1
144 5 3 0 2
145 5 3 2 1
146 5 2 0 5
147 4 0 4 7
148 3 3 1 3
149 2 1 1 4
150 2 4 0 3
151 1 2 4 5
152 5 5 0 3
153 5 0 6 1
154 6 4 0 3
155 3 1 2 5
156 7 0 1 5
157 1 3 1 6
158 5 2 2 6
159 7 4 2 4
160 4 0 0 1
161 4 3 3 4
162 3 1 1 5
163 11 2 2 5
164 5 4 1 1
165 2 4 1 5
166 2 3 0 3
167 6 3 1 1
168 5 5 5 3
169 8 2 3 4
170 8 3 0 5
171 4 1 1 5
172 8 6 2 7
173 7 4 1 7
174 10 6 0 5
175 14 2 3 4
176 8 2 1 6
177 5 5 0 4
178 3 4 3 4
179 7 4 4 5
180 9 7 6 5
181 9 6 4 5
182 12 5 2 8
183 7 5 2 7
184 8 5 3 11
185 5 6 1 7
186 10 2 3 5
187 0 7 2 7
188 11 4 4 8
189 10 8 2 9
190 7 6 3 8
191 4 6 3 12
192 8 3 1 4
193 6 8 2 9
194 7 3 4 5
195 4 6 6 9
196 13 1 0 6
197 13 5 2 11
198 13 4 4 13
199 12 3 1 8
200 9 4 3 3
201 12 8 3 4
202 4 5 6 8
203 9 10 4 2
204 10 4 4 9
205 9 5 5 12
206 13 4 10 8
207 8 4 1 9
208 10 5 6 12
209 7 4 3 10
210 6 8 3 15
211 5 6 2 3
212 5 5 3 8
213 4 9 2 8
214 10 5 1 11
215 6 6 3 10
216 7 3 3 9
217 2 5 3 10
218 4 4 3 10
219 4 8 3 8
220 7 2 4 9
221 9 3 2 3
222 6 3 1 4
223 8 2 2 8
224 2 3 2 12
225 4 6 2 8
226 4 6 2 8
227 6 1 1 4
228 4 4 1 6
229 5 2 1 8
230 3 3 2 6
231 4 5 3 3
232 2 4 4 5
233 5 2 1 5
234 3 1 2 2
235 2 2 1 6
236 4 2 2 8
237 5 3 1 4
238 3 6 3 5
239 4 1 0 3
240 4 3 0 4
241 3 2 1 5
242 2 1 1 6
243 3 3 1 2
244 1 2 1 2
245 2 0 2 7
246 0 2 1 1
247 2 2 0 7
248 2 2 0 2
249 1 2 1 2
250 3 2 2 1
251 0 0 2 3
252 0 2 1 3
253 0 0 3 4
254 2 1 1 1
255 2 0 3 2
256 0 1 0 3
257 2 0 0 6
258 4 0 0 2
259 0 1 0 3
260 3 1 0 1
261 0 0 0 0
262 4 1 1 1
263 1 3 1 2
264 3 0 1 0
265 2 2 1 0
266 2 0 0 1
267 2 3 0 4
268 3 1 0 0
269 0 2 1 2
270 1 1 0 2
271 0 0 4 1
272 2 0 1 3
273 2 0 1 2
274 0 1 0 2
275 1 0 0 3
276 1 1 0 1
277 2 0 2 2
278 0 0 1 1
279 0 1 0 1
280 0 0 0 0
281 0 2 1 2
282 2 1 1 1
283 1 0 0 1
284 3 2 0 1
285 1 0 0 2
286 2 0 0 2
287 0 0 2 0
288 2 0 0 1
289 0 1 0 1
290 2 1 0 0
291 1 1 1 4
292 1 1 0 0
293 0 2 1 1
294 3 0 0 1
295 1 2 0 1
296 1 0 0 1
297 0 1 1 1
298 0 0 0 1
299 0 0 2 0
300 0 2 1 2
301 1 0 1 0
302 1 0 0 2
303 0 0 0 0
304 0 0 0 3
305 0 0 0 1
306 2 0 0 2
307 1 0 0 2
308 1 0 0 0
309 0 1 0 0
310 1 0 1 0
311 0 2 0 0
312 0 0 0 0
313 1 0 1 1
314 0 0 0 1
315 0 0 1 1
316 0 1 0 0
317 0 0 0 1
318 0 1 0 1
319 0 0 0 1
320 0 0 0 0
321 0 0 0 0
322 1 0 0 1
323 0 0 0 1
324 0 0 0 0
325 0 0 0 0
326 0 0 0 0
327 0 0 0 0
328 0 0 0 0
329 0 0 0 0
330 0 0 0 0
331 0 0 1 0
332 0 0 0 0
333 0 0 0 0
334 0 0 0 0
335 0 0 0 0
336 0 0 0 1
337 0 0 0 0
338 0 0 0 0
339 0 0 0 0
340 0 0 0 0
341 0 0 0 0
342 0 0 0 0
343 0 0 0 0
344 0 0 0 0
345 0 0 0 0
346 0 0 0 0
347 0 0 0 0
348 0 0 0 0
349 0 0 0 0
350 0 0 0 0
351 0 0 0 0
352 0 0 0 0
353 0 0 0 0
354 0 0 0 0
355 0 0 0 0
356 0 0 0 0
357 0 0 0 0
358 0 0 0 0
359 0 0 0 0
360 0 0 0 0
361 0 0 0 0
362 0 0 0 0
363 0 0 0 0
364 0 0 0 0
365 0 0 0 0
366 0 0 0 0
367 0 0 0 0
368 0 0 0 0
369 0 0 0 0
370 0 0 0 0
371 0 0 0 0
372 0 0 0 0
373 0 0 0 0
374 0 0 0 0
375 0 0 0 0
376 0 0 0 0
377 0 0 0 0
378 0 0 0 0
379 0 0 0 0
380 0 0 0 0
381 0 0 0 0
382 0 0 0 0
383 0 0 0 0
384 0 0 0 0
385 0 0 0 0
386 0 0 0 0
387 0 0 0 0
388 0 0 0 0
389 0 0 0 0
390 0 0 0 0
391 0 0 0 0
392 0 0 0 0
393 0 0 0 0
394 0 0 0 0
395 0 0 0 0
396 0 0 0 0
397 0 0 0 0
398 0 0 0 0
399 0 0 0 0
400 0 0 0 0
401 0 0 0 0
402 0 0 0 0
403 0 0 0 0
404 0 0 0 0
405 0 0 0 0
406 0 0 0 0
407 0 0 0 0
408 0 0 0 0
409 0 0 0 0
410 0 0 0 0
411 0 0 0 0
412 0 0 0 0
413 0 0 0 0
414 0 0 0 0
415 0 0 0 0
416 0 0 0 0
417 0 0 0 0
418 0 0 0 0
419 0 0 0 0
420 0 0 0 0
421 0 0 0 0
422 0 0 0 0
423 0 0 0 0
424 0 0 0 0
425 0 0 0 0
426 0 0 0 0
427 0 0 0 0
428 0 0 0 0
429 0 0 0 0
430 0 0 0 0
431 0 0 0 0
432 0 0 0 0
433 0 0 0 0
434 0 0 0 0
435 0 0 0 0
436 0 0 0 0
437 0 0 0 0
438 0 0 0 0
439 0 0 0 0
440 0 0 0 0
441 0 0 0 0
442 0 0 0 0
443 0 0 0 0
444 0 0 0 0
445 0 0 0 0
446 0 0 0 0
447 0 0 0 0
448 0 0 0 0
449 0 0 0 0
450 0 0 0 0
451 0 0 0 0
452 0 0 0 0
453 0 0 0 0
454 0 0 0 0
455 0 0 0 0
456 0 0 0 0
457 0 0 0 0
458 0 0 0 0
459 0 0 0 0
460 0 0 0 0
461 0 0 0 0
462 0 0 0 0
463 0 0 0 0
464 0 0 0 0
465 0 0 0 0
466 0 0 0 0
467 0 0 0 0
468 0 0 0 0
469 0 0 0 0
470 0 0 0 0
471 0 0 0 0
472 0 0 0 0
473 0 0 0 0
474 0 0 0 0
475 0 0 0 0
476 0 0 0 0
477 0 0 0 0
478 0 0 0 0
479 0 0 0 0
480 0 0 0 0
481 0 0 0 0
482 0 0 0 0
483 0 0 0 0
484 0 0 0 0
485 0 0 0 0
486 0 0 0 0
487 0 0 0 0
488 0 0 0 0
489 0 0 0 0
490 0 0 0 0
491 0 0 0 0
492 0 0 0 0
493 0 0 0 0
494 0 0 0 0
495 0 0 0 0
496 0 0 0 0
497 0 0 0 0
498 0 0 0 0
499 0 0 0 0
500 0 0 0 0
501 0 0 0 0
502 0 0 0 0
503 0 0 0 0
504 0 0 0 0
505 0 0 0 0
506 0 0 0 0
507 0 0 0 0
508 0 0 0 0
509 0 0 0 0
510 0 0 0 0
511 0 0 0 0
512 0 0 0 0
513 0 0 0 0
514 0 0 0 0
515 0 0 0 0
516 0 0 0 0
517 0 0 0 0
518 0 0 0 0
519 0 0 0 0
520 0 0 0 0
521 0 0 0 0
522 0 0 0 0
523 0 0 0 0
524 0 0 0 0
525 0 0 0 0
526 0 0 0 0
527 0 0 0 0
528 0 0 0 0
529 0 0 0 0
530 0 0 0 0
531 0 0 0 0
532 0 0 0 0
533 0 0 0 0
534 0 0 0 0
535 0 0 0 0
536 0 0 0 0
537 0 0 0 0
538 0 0 0 0
539 0 0 0 0
540 0 0 0 0
541 0 0 0 0
542 0 0 0 0
543 0 0 0 0
544 0 0 0 0
545 0 0 0 0
546 0 0 0 0
547 0 0 0 0
548 0 0 0 0
549 0 0 0 0
550 0 0 0 0
551 0 0 0 0
552 0 0 0 0
553 0 0 0 0
554 0 0 0 0
555 0 0 0 0
556 0 0 0 0
557 0 0 0 0
558 0 0 0 0
559 0 0 0 0
560 0 0 0 0
561 0 0 0 0
562 0 0 0 0
563 0 0 0 0
564 0 0 0 0
565 0 0 0 0
566 0 0 0 0
567 0 0 0 0
568 0 0 0 0
569 0 0 0 0
570 0 0 0 0
571 0 0 0 0
572 0 0 0 0
573 0 0 0 0
574 0 0 0 0
575 0 0 0 0
576 0 0 0 0
577 0 0 0 0
578 0 0 0 0
579 0 0 0 0
580 0 0 0 0
581 0 0 0 0
582 0 0 0 0
583 0 0 0 0
584 0 0 0 0
585 0 0 0 0
586 0 0 0 0
587 0 0 0 0
588 0 0 0 0
589 0 0 0 0
590 0 0 0 0
591 0 0 0 0
592 0 0 0 0
593 0 0 0 0
594 0 0 0 0
595 0 0 0 0
596 0 0 0 0
597 0 0 0 0
598 0 0 0 0
599 0 0 0 0
600 0 0 0 0
601 0 0 0 0
602 0 0 0 0
603 0 0 0 0
604 0 0 0 0
605 0 0 0 0
606 0 0 0 0
607 0 0 0 0
608 0 0 0 0
609 0 0 0 0
610 0 0 0 0
611 0 0 0 0
612 0 0 0 0
613 0 0 0 0
614 0 0 0 0
615 0 0 0 0
616 0 0 0 0
617 0 0 0 0
618 0 0 0 0
619 0 0 0 0
620 0 0 0 0
621 0 0 0 0
622 0 0 0 0
623 0 0 0 0
624 0 0 0 0
625 0 0 0 0
626 0 0 0 0
627 0 0 0 0
628 0 0 0 0
629 0 0 0 0
630 0 0 0 0
631 0 0 0 0
632 0 0 0 0
633 0 0 0 0
634 0 0 0 0
635 0 0 0 0
636 0 0 0 0
637 0 0 0 0
638 0 0 0 0
639 0 0 0 0
640 0 0 0 0
641 0 0 0 0
642 0 0 0 0
643 0 0 0 0
644 0 0 0 0
645 0 0 0 0
646 0 0 0 0
647 0 0 0 0
648 0 0 0 0
649 0 0 0 0
650 0 0 0 0
651 0 0 0 0
652 0 0 0 0
653 0 0 0 0
654 0 0 0 0
655 0 0 0 0
656 0 0 0 0
657 0 0 0 0
658 0 0 0 0
659 0 0 0 0
660 0 0 0 0
661 0 0 0 0
662 0 0 0 0
663 0 0 0 0
664 0 0 0 0
665 0 0 0 0
666 0 0 0 0
667 0 0 0 0
668 0 0 0 0
669 0 0 0 0
670 0 0 0 0
671 0 0 0 0
672 0 0 0 0
673 0 0 0 0
674 0 0 0 0
675 0 0 0 0
676 0 0 0 0
677 0 0 0 0
678 0 0 0 0
679 0 0 0 0
680 0 0 0 0
681 0 0 0 0
682 0 0 0 0
683 0 0 0 0
684 0 0 0 0
685 0 0 0 0
686 0 0 0 0
687 0 0 0 0
688 0 0 0 0
689 0 0 0 0
690 0 0 0 0
691 0 0 0 0
692 0 0 0 0
693 0 0 0 0
694 0 0 0 0
695 0 0 0 0
696 0 0 0 0
697 0 0 0 0
698 0 0 0 0
699 0 0 0 0
700 0 0 0 0
701 0 0 0 0
702 0 0 0 0
703 0 0 0 0
704 0 0 0 0
705 0 0 0 0
706 0 0 0 0
707 0 0 0 0
708 0 0 0 0
709 0 0 0 0
710 0 0 0 0
711 0 0 0 0
712 0 0 0 0
713 0 0 0 0
714 0 0 0 0
715 0 0 0 0
716 0 0 0 0
717 0 0 0 0
718 0 0 0 0
719 0 0 0 0
720 0 0 0 0
721 0 0 0 0
722 0 0 0 0
723 0 0 0 0
724 0 0 0 0
725 0 0 0 0
726 0 0 0 0
727 0 0 0 0
