0 0 0 0 0
1 0 0 0 0
2 0 0 0 0
3 0 0 0 0
4 0 0 0 0
5 0 2 0 0
6 1 0 0 0
7 0 1 0 0
8 0 0 0 0
9 0 1 1 0
10 0 0 0 0
11 0 1 0 0
12 0 0 0 2
13 0 0 0 1
14 0 0 0 2
15 0 0 0 1
16 0 0 0 0
17 0 0 0 0
18 0 0 0 0
19 0 0 0 0
20 2 0 0 0
21 2 0 0 0
22 2 0 0 0
23 1 0 0 0
24 2 0 0 0
25 0 0 2 0
26 0 0 2 0
27 0 0 1 0
28 1 0 0 0
29 0 1 0 2
30 0 0 0 1
31 2 0 1 1
32 0 1 0 0
33 1 0 2 2
34 0 0 0 0
35 0 0 0 0
36 0 2 0 1
37 0 0 0 1
38 0 0 1 2
39 0 0 0 0
40 0 0 0 1
41 0 0 0 0
42 1 0 0 1
43 0 0 0 1
44 0 0 0 0
45 2 0 0 0
46 1 0 0 0
47 2 0 1 0
48 2 0 0 0
49 0 0 0 0
50 0 1 0 0
51 0 0 1 1
52 0 0 0 0
53 0 0 1 0
54 0 1 1 0
55 0 0 0 1
56 0 1 1 0
57 0 0 0 2
58 0 0 0 1
59 0 0 0 0
60 0 0 0 1
61 0 0 0 1
62 0 0 0 0
63 0 0 0 1
64 0 0 0 0
65 0 0 0 0
66 0 0 0 0
67 0 0 0 0
68 1 0 0 0
69 0 0 0 0
70 2 0 0 0
71 0 0 0 0
72 1 0 0 0
73 1 0 1 0
74 0 0 0 0
75 2 1 1 0
76 1 0 0 0
77 0 0 0 0
78 0 1 0 0
79 1 0 0 1
80 0 1 0 1
81 0 2 0 0
82 2 0 0 1
83 1 0 0 0
84 0 1 0 0
85 1 0 0 2
86 0 0 0 0
87 0 1 1 1
88 0 2 0 1
89 0 0 0 0
90 0 1 0 0
91 2 0 0 1
92 1 0 0 2
93 0 0 0 0
94 1 0 0 3
95 1 0 0 0
96 2 2 0 0
97 0 0 0 0
98 2 0 0 0
99 1 0 1 0
100 0 1 0 1
101 1 0 1 0
102 3 0 0 0
103 2 2 0 2
104 1 1 0 0
105 0 1 1 0
106 1 0 1 0
107 0 2 0 3
108 0 1 0 2
109 0 0 1 1
110 0 0 0 0
111 0 1 0 1
112 1 1 0 2
113 1 0 0 1
114 1 0 0 1
115 2 0 1 1
116 1 0 0 1
117 2 0 0 0
118 1 0 1 0
119 1 0 0 2
120 1 1 0 0
121 0 1 0 0
122 1 0 1 1
123 2 2 0 0
124 3 2 1 0
125 0 1 0 0
126 0 1 0 0
127 1 0 0 3
128 2 1 1 2
129 1 1 1 2
130 1 0 0 1
131 1 1 0 2
132 2 0 0 2
133 4 1 1 1
134 3 1 0 0
135 4 0 0 1
136 0 1 1 1
137 0 0 2 2
138 2 2 0 0
139 2 1 1 0
140 1 0 3 0
141 1 1 1 2
142 3 1 1 2
143 1 1 1 3
144 0 1 0 2
145 4 0 1 2
146 0 1 0 2
147 1 4 0 3
148 2 1 2 0
149 2 0 0 2
150 3 2 0 1
151 3 0 0 4
152 3 0 1 2
153 4 0 2 0
154 3 0 2 4
155 3 0 2 1
156 4 0 1 0
157 3 0 1 0
158 4 4 1 1
159 1 1 2 1
160 3 2 0 2
161 4 3 3 1
162 2 3 0 6
163 3 2 2 3
164 4 1 1 1
165 2 1 2 4
166 2 1 1 3
167 4 1 2 1
168 2 2 1 6
169 3 1 1 4
170 1 1 4 4
171 2 1 0 2
172 1 3 2 0
173 7 3 0 4
174 2 0 1 4
175 6 1 1 3
176 2 2 0 3
177 3 2 0 4
178 6 4 2 1
179 6 0 3 3
180 4 3 2 4
181 5 0 2 1
182 7 2 0 5
183 6 1 2 0
184 3 4 2 4
185 10 0 3 4
186 8 2 4 4
187 6 5 0 5
188 3 3 1 2
189 8 5 0 5
190 7 6 1 3
191 9 3 5 6
192 8 3 4 4
193 8 3 0 7
194 6 2 3 6
195 13 6 2 4
196 4 8 1 5
197 8 3 3 4
198 6 8 5 7
199 7 3 1 6
200 6 9 2 9
201 6 3 2 6
202 6 4 1 14
203 7 5 3 5
204 5 6 2 7
205 6 3 0 7
206 9 5 4 4
207 4 6 0 10
208 3 5 3 7
209 3 4 4 5
210 4 2 2 5
211 6 2 4 4
212 4 2 4 4
213 5 3 1 12
214 5 7 1 7
215 5 4 2 9
216 4 4 3 8
217 4 3 0 5
218 2 1 3 5
219 2 4 2 4
220 8 1 3 5
221 7 1 3 6
222 4 4 0 7
223 7 1 1 8
224 2 1 1 2
225 5 4 2 4
226 4 4 1 3
227 0 1 1 5
228 3 2 2 2
229 4 2 4 5
230 1 4 2 3
231 7 0 5 2
232 3 2 0 6
233 3 3 0 4
234 3 6 1 6
235 4 2 2 3
236 1 4 2 4
237 5 4 0 5
238 3 0 2 8
239 3 1 1 3
240 3 2 0 5
241 5 1 0 3
242 0 1 2 4
243 3 1 2 2
244 1 0 3 4
245 3 1 1 1
246 3 2 2 2
247 0 1 1 2
248 2 2 0 3
249 1 0 2 2
250 1 6 1 3
251 0 1 1 1
252 0 2 0 4
253 1 1 0 4
254 1 0 0 3
255 3 0 1 0
256 1 0 0 1
257 1 0 2 6
258 3 1 0 2
259 0 2 0 2
260 0 2 1 0
261 1 0 0 2
262 2 1 0 1
263 2 0 1 0
264 1 0 0 2
265 2 0 1 1
266 1 1 0 3
267 2 1 1 0
268 1 1 0 0
269 1 0 0 2
270 1 0 2 2
271 1 1 1 0
272 1 0 1 1
273 1 1 0 0
274 0 0 1 3
275 0 1 0 1
276 0 2 1 0
277 2 1 0 1
278 0 0 2 2
279 1 1 0 1
280 0 0 0 2
281 1 1 0 0
282 2 0 1 1
283 0 0 0 3
284 2 1 0 1
285 4 0 0 3
286 0 1 1 0
287 1 0 0 0
288 0 0 0 0
289 1 2 0 1
290 0 3 0 2
291 0 1 1 1
292 0 0 0 0
293 0 0 0 1
294 1 0 1 3
295 0 0 0 0
296 1 1 0 1
297 0 0 0 0
298 0 1 0 2
299 0 0 1 0
300 0 0 0 0
301 2 0 0 1
302 1 0 0 0
303 1 0 0 2
304 0 0 0 0
305 0 0 1 1
306 1 1 0 0
307 0 0 0 0
308 1 0 0 0
309 0 0 0 1
310 0 1 0 0
311 1 1 0 0
312 0 0 1 0
313 2 1 1 1
314 0 0 0 0
315 0 0 0 2
316 0 0 0 0
317 0 0 0 3
318 0 0 0 0
319 0 0 0 0
320 0 2 0 0
321 0 0 0 0
322 0 1 0 0
323 0 0 0 0
324 0 0 0 2
325 0 0 0 0
326 0 0 0 1
327 0 0 0 0
328 0 0 0 0
329 0 0 0 0
330 0 0 0 0
331 0 0 0 0
332 0 0 0 0
333 0 0 0 0
334 1 0 0 0
335 0 0 0 0
336 1 0 0 0
337 1 0 0 0
338 0 0 0 0
339 0 1 0 0
340 1 0 0 0
341 0 0 0 0
342 0 1 0 0
343 0 0 0 1
344 0 0 0 0
345 0 1 0 0
346 0 0 0 1
347 0 0 0 0
348 0 0 0 0
349 0 1 0 1
350 0 0 0 0
351 0 0 0 0
352 0 0 0 0
353 0 0 0 0
354 0 0 0 0
355 0 0 0 0
356 0 0 0 1
357 0 0 0 0
358 0 0 0 0
359 0 0 0 0
360 1 0 0 0
361 0 0 0 0
362 0 0 0 0
363 0 0 0 0
364 0 0 0 0
365 0 1 0 0
366 0 0 0 0
367 0 0 0 0
368 0 0 0 0
369 0 0 0 0
370 0 0 0 0
371 0 0 0 0
372 0 0 0 1
373 0 0 0 0
374 0 0 0 0
375 0 0 0 0
376 0 0 0 0
377 0 0 0 0
378 0 0 0 0
379 1 0 0 0
380 0 0 0 0
381 1 0 0 0
382 0 0 0 0
383 0 0 0 0
384 1 0 0 0
385 0 0 0 0
386 0 1 0 0
387 0 0 0 0
388 0 1 0 0
389 0 1 0 0
390 0 0 0 0
391 1 0 0 0
392 1 0 0 0
393 0 0 0 2
394 0 0 0 0
395 0 0 0 1
396 0 1 0 0
397 0 0 0 0
398 1 0 0 0
399 1 0 0 0
400 0 0 0 0
401 0 0 1 0
402 0 0 0 0
403 0 1 0 1
404 0 0 1 0
405 0 0 0 0
406 0 0 0 0
407 0 0 0 1
408 0 0 0 2
409 0 0 0 0
410 1 0 0 0
411 0 0 0 0
412 0 0 0 0
413 1 0 0 0
414 0 0 0 0
415 1 1 0 0
416 0 0 0 0
417 1 0 0 0
418 1 0 0 0
419 1 0 0 1
420 0 0 0 0
421 0 0 0 0
422 0 2 0 0
423 0 1 0 0
424 0 1 0 0
425 0 0 0 0
426 0 0 0 1
427 0 0 0 1
428 1 1 0 0
429 0 0 0 1
430 0 0 0 0
431 0 0 0 1
432 0 0 0 0
433 0 0 0 0
434 0 0 0 0
435 0 0 0 1
436 0 0 0 0
437 0 0 1 0
438 1 0 0 0
439 0 0 0 0
440 0 0 0 0
441 0 0 0 1
442 0 0 0 0
443 1 0 1 0
444 1 0 0 0
445 1 0 0 0
446 1 0 0 0
447 0 0 0 0
448 1 0 0 0
449 1 1 0 0
450 0 0 1 1
451 1 1 0 0
452 0 0 1 0
453 0 0 0 1
454 0 1 0 1
455 0 0 0 0
456 0 1 0 0
457 0 1 0 0
458 0 0 0 2
459 0 0 0 1
460 0 0 0 0
461 0 0 0 1
462 0 0 0 0
463 1 0 0 1
464 0 0 0 0
465 0 0 0 0
466 0 0 0 0
467 0 0 0 0
468 1 1 0 0
469 0 0 0 0
470 0 0 0 0
471 0 0 0 0
472 1 0 0 1
473 1 0 0 0
474 0 0 0 0
475 0 0 0 0
476 0 0 0 0
477 0 0 1 0
478 0 0 1 0
479 1 0 0 0
480 1 0 0 0
481 0 0 1 0
482 0 0 0 1
483 1 0 0 0
484 1 0 0 1
485 0 0 0 0
486 0 0 0 0
487 0 0 0 0
488 1 0 2 1
489 0 0 1 0
490 0 0 0 0
491 0 0 0 0
492 0 0 0 1
493 0 2 0 0
494 0 0 0 0
495 1 0 0 1
496 0 0 0 1
497 0 0 0 2
498 0 0 0 0
499 0 0 0 0
500 0 1 0 0
501 0 0 0 0
502 0 0 0 0
503 0 0 0 0
504 1 0 0 1
505 0 0 0 0
506 0 0 0 0
507 0 0 0 0
508 0 0 0 0
509 0 0 0 0
510 0 0 0 0
511 1 0 0 0
512 0 0 0 0
513 0 1 0 0
514 0 0 0 0
515 1 0 0 0
516 0 0 0 0
517 0 0 0 0
518 0 0 0 0
519 0 0 0 0
520 0 2 0 1
521 0 0 0 0
522 0 0 0 0
523 0 0 0 0
524 0 0 0 2
525 0 0 0 0
526 0 0 0 0
527 0 0 0 0
528 0 0 0 0
529 0 0 0 0
530 1 0 0 0
531 1 0 0 0
532 1 0 0 0
533 1 0 0 0
534 0 0 0 0
535 0 0 0 0
536 1 0 0 0
537 1 0 1 0
538 1 0 0 0
539 2 1 0 0
540 1 1 0 0
541 0 1 0 1
542 0 0 2 0
543 1 1 0 0
544 0 0 0 1
545 0 0 0 1
546 0 0 0 1
547 0 0 0 0
548 0 1 2 0
549 0 1 0 2
550 0 0 0 1
551 0 0 0 0
552 0 0 0 1
553 0 0 0 1
554 0 0 0 0
555 1 0 0 2
556 0 0 0 0
557 0 0 0 0
558 1 0 0 0
559 0 0 0 0
560 1 0 0 0
561 1 0 0 0
562 1 0 0 0
563 1 0 0 0
564 1 1 0 0
565 0 0 0 0
566 0 0 0 0
567 0 0 1 0
568 1 0 1 0
569 0 1 0 0
570 0 1 0 0
571 0 1 0 1
572 0 0 0 1
573 0 1 1 0
574 0 0 0 2
575 0 0 0 0
576 0 0 0 1
577 0 0 0 1
578 0 0 0 1
579 0 0 0 0
580 0 0 0 1
581 0 0 0 0
582 0 0 0 0
583 0 0 0 0
584 0 0 0 0
585 0 0 0 0
586 0 0 0 0
587 0 0 0 0
588 0 0 0 0
589 0 0 0 0
590 0 0 0 0
591 1 0 0 0
592 0 0 0 0
593 0 0 0 0
594 0 0 0 0
595 0 0 0 0
596 0 1 0 0
597 0 0 0 0
598 0 0 0 0
599 0 0 0 0
600 0 0 0 0
601 0 0 0 0
602 0 0 0 0
603 0 0 0 1
604 0 0 0 0
605 0 0 0 0
606 0 0 0 0
607 0 0 0 0
608 0 0 0 0
609 0 0 0 0
610 0 0 0 0
611 0 0 0 0
612 0 0 0 0
613 0 0 0 0
614 0 0 0 0
615 0 0 0 0
616 0 0 0 0
617 0 0 0 0
618 0 0 0 0
619 0 0 0 0
620 0 0 0 0
621 0 0 0 0
622 0 0 0 0
623 0 0 0 0
624 0 0 0 0
625 0 0 0 0
626 0 0 0 0
627 0 0 0 0
628 0 0 0 0
629 0 0 0 0
630 0 0 0 0
631 0 0 0 0
632 0 0 0 0
633 0 0 0 0
634 0 0 0 0
635 0 0 0 0
636 0 0 0 0
637 0 0 0 0
638 0 0 0 0
639 0 0 0 0
640 0 0 0 0
641 0 0 0 0
642 0 0 0 0
643 0 0 0 0
644 0 0 0 0
645 0 0 0 0
646 0 0 0 0
647 0 0 0 0
648 0 0 0 0
649 0 0 0 0
650 0 0 0 0
651 0 0 0 0
652 0 0 0 0
653 0 0 0 0
654 0 0 0 0
655 0 0 0 0
656 0 0 0 0
657 0 0 0 0
658 0 0 0 0
659 0 0 0 0
660 0 0 0 0
661 0 0 0 0
662 0 0 0 0
663 0 0 0 0
664 0 0 0 0
665 0 0 0 0
666 0 0 0 0
667 0 0 0 0
668 0 0 0 0
669 0 0 0 0
670 0 0 0 0
671 0 0 0 0
672 0 0 0 0
673 0 0 0 0
674 0 0 0 0
675 0 0 0 0
676 0 0 0 0
677 0 0 0 0
678 0 0 0 0
679 0 0 0 0
680 0 0 0 0
681 0 0 0 0
682 0 0 0 0
683 0 0 0 0
684 0 0 0 0
685 0 0 0 0
686 0 0 0 0
687 0 0 0 0
688 0 0 0 0
689 0 0 0 0
690 0 0 0 0
691 0 0 0 0
692 0 0 0 0
693 0 0 0 0
694 0 0 0 0
695 0 0 0 0
696 0 0 0 0
697 0 0 0 0
698 0 0 0 0
699 0 0 0 0
700 0 0 0 0
701 0 0 0 0
702 0 0 0 0
703 0 0 0 0
704 0 0 0 0
705 0 0 0 0
706 0 0 0 0
707 0 0 0 0
708 0 0 0 0
709 0 0 0 0
710 0 0 0 0
711 0 0 0 0
712 0 0 0 0
713 0 0 0 0
714 0 0 0 0
715 0 0 0 0
716 0 0 0 0
717 0 0 0 0
718 0 0 0 0
719 0 0 0 0
720 0 0 0 0
721 0 0 0 0
722 0 0 0 0
723 0 0 0 0
724 0 0 0 0
725 0 0 0 0
726 0 0 0 0
727 0 0 0 0
