0 0 0 0 0
1 0 0 0 0
2 0 0 0 0
3 0 0 0 0
4 0 0 0 0
5 0 1 1 0
6 0 0 0 0
7 0 0 0 0
8 0 0 0 0
9 0 2 1 1
10 0 0 0 0
11 0 0 0 0
12 0 0 0 1
13 0 0 0 2
14 0 0 0 0
15 0 0 0 0
16 0 0 0 1
17 0 0 0 0
18 0 0 0 0
19 1 0 0 0
20 0 0 0 0
21 0 0 0 0
22 1 0 0 0
23 1 0 0 0
24 0 0 1 0
25 0 0 0 0
26 0 0 0 0
27 1 0 0 0
28 0 0 0 0
29 0 0 0 0
30 0 1 0 0
31 0 1 0 1
32 0 1 0 0
33 0 0 0 0
34 0 0 0 0
35 0 0 0 0
36 0 0 0 0
37 0 0 0 1
38 0 0 0 1
39 0 0 0 1
40 0 0 0 0
41 0 0 0 0
42 0 0 0 0
43 0 0 0 0
44 1 0 0 0
45 1 0 0 0
46 2 0 0 0
47 0 0 0 0
48 0 0 0 0
49 2 0 0 0
50 0 0 0 0
51 0 2 0 0
52 0 0 0 0
53 1 1 0 0
54 0 2 1 0
55 0 0 0 0
56 0 0 0 0
57 1 0 0 1
58 1 0 0 4
59 0 0 0 0
60 1 0 0 0
61 0 0 0 1
62 0 0 1 0
63 0 0 1 0
64 0 0 1 0
65 0 0 0 0
66 0 0 0 1
67 0 0 0 1
68 1 0 0 0
69 0 1 0 0
70 0 0 0 1
71 1 0 0 0
72 1 0 0 0
73 4 1 0 1
74 1 0 0 0
75 0 0 0 0
76 0 0 1 0
77 1 0 0 0
78 0 2 0 0
79 0 1 0 0
80 0 0 0 1
81 0 0 1 0
82 0 2 1 1
83 0 0 0 1
84 0 0 0 0
85 1 0 0 1
86 0 0 0 2
87 1 0 0 0
88 2 0 0 1
89 0 0 0 2
90 1 1 0 0
91 1 0 0 0
92 1 0 1 0
93 2 1 0 0
94 0 1 0 0
95 0 1 0 0
96 1 0 0 1
97 1 1 0 1
98 0 1 0 1
99 1 0 0 1
100 0 1 0 1
101 0 0 1 0
102 2 1 1 1
103 1 0 0 0
104 1 0 0 1
105 0 0 0 1
106 0 0 0 2
107 0 0 0 1
108 1 1 1 0
109 1 1 0 0
110 0 0 0 0
111 1 1 1 0
112 1 0 0 1
113 0 0 1 0
114 1 1 0 0
115 2 0 0 2
116 1 0 1 1
117 0 0 0 1
118 0 0 0 2
119 1 0 1 0
120 0 1 0 1
121 0 0 1 0
122 0 0 0 0
123 3 0 0 0
124 0 0 2 1
125 2 0 1 1
126 3 0 0 1
127 0 0 0 0
128 0 1 1 1
129 0 0 0 1
130 0 0 0 0
131 1 0 2 1
132 0 1 0 2
133 0 0 0 0
134 1 1 1 0
135 1 1 0 2
136 0 0 0 0
137 1 0 0 0
138 0 0 0 2
139 1 0 0 2
140 0 2 0 0
141 3 0 0 0
142 1 1 0 0
143 0 0 1 0
144 2 1 0 1
145 0 0 0 0
146 0 0 0 1
147 1 1 1 1
148 2 0 0 1
149 1 0 1 0
150 0 0 2 1
151 0 0 0 1
152 1 0 0 0
153 1 2 0 1
154 0 0 1 2
155 0 0 0 1
156 3 1 0 0
157 4 2 0 2
158 4 0 0 0
159 3 0 0 0
160 1 0 0 0
161 3 0 2 3
162 1 4 0 0
163 2 3 1 1
164 3 1 1 0
165 0 1 0 1
166 2 3 0 1
167 1 1 0 2
168 0 1 0 2
169 0 1 2 3
170 2 2 0 5
171 0 1 0 2
172 3 1 2 2
173 3 0 0 2
174 1 0 0 2
175 1 1 0 1
176 3 0 0 3
177 4 0 3 1
178 4 1 1 0
179 3 2 0 1
180 5 1 0 0
181 3 1 2 2
182 4 2 3 2
183 2 1 1 1
184 4 2 1 1
185 1 3 1 0
186 2 1 0 5
187 0 0 3 3
188 4 0 2 3
189 2 4 0 3
190 2 2 0 2
191 2 3 2 3
192 5 0 1 3
193 3 1 3 4
194 3 2 0 3
195 5 0 0 4
196 2 0 1 1
197 2 3 2 0
198 3 1 2 4
199 3 1 3 1
200 2 2 0 4
201 9 2 0 4
202 6 0 1 2
203 6 2 1 2
204 3 4 3 1
205 5 1 1 2
206 3 2 3 3
207 1 1 3 6
208 1 0 1 2
209 0 1 2 2
210 2 5 3 3
211 0 6 0 9
212 0 6 1 1
213 0 1 1 3
214 2 1 0 5
215 0 2 0 5
216 1 0 0 5
217 3 1 0 4
218 3 0 0 3
219 3 1 1 4
220 5 0 0 1
221 2 1 0 1
222 2 1 0 2
223 2 1 1 2
224 2 2 0 0
225 5 1 0 1
226 6 2 2 1
227 2 2 0 1
228 2 1 0 2
229 3 2 3 1
230 1 6 0 4
231 2 2 1 1
232 4 1 1 3
233 1 1 1 2
234 2 3 2 5
235 0 1 2 1
236 0 0 1 4
237 2 1 1 1
238 0 0 0 6
239 0 2 0 3
240 1 2 0 2
241 3 1 1 2
242 1 1 1 1
243 2 0 2 3
244 1 0 0 2
245 0 0 0 1
246 0 2 0 2
247 0 0 0 1
248 0 0 1 1
249 0 1 1 0
250 0 1 0 3
251 0 1 0 0
252 0 1 0 0
253 1 0 0 3
254 0 0 0 1
255 1 0 0 2
256 0 0 0 1
257 1 0 0 0
258 0 1 0 0
259 1 0 0 0
260 1 1 0 0
261 0 0 0 0
262 1 0 1 1
263 1 0 0 0
264 0 0 1 0
265 0 0 0 0
266 0 0 0 0
267 0 0 0 1
268 0 0 1 1
269 0 1 0 1
270 0 0 0 0
271 0 0 1 0
272 3 0 0 0
273 0 0 0 0
274 1 0 0 0
275 0 0 0 2
276 0 0 0 1
277 0 0 0 0
278 0 0 0 0
279 1 1 0 0
280 0 0 0 0
281 0 2 1 0
282 0 0 0 0
283 0 0 0 0
284 0 0 0 0
285 1 0 0 0
286 0 0 0 1
287 0 0 0 0
288 0 1 0 3
289 0 0 0 0
290 0 0 0 0
291 0 0 0 0
292 1 0 0 0
293 0 0 0 0
294 0 1 0 0
295 1 0 0 1
296 1 0 0 0
297 1 0 0 0
298 2 0 0 0
299 0 0 0 0
300 1 0 0 0
301 0 1 1 1
302 1 0 1 0
303 0 1 0 0
304 0 0 0 0
305 0 0 0 1
306 0 0 1 0
307 0 1 1 0
308 0 0 0 1
309 0 1 0 1
310 0 0 0 2
311 0 0 0 2
312 0 0 0 0
313 0 0 0 1
314 1 0 0 0
315 1 0 0 0
316 0 0 0 0
317 0 0 0 0
318 1 0 0 0
319 0 0 0 0
320 0 0 1 0
321 0 0 0 0
322 0 0 0 0
323 0 1 0 0
324 0 0 0 0
325 0 0 0 0
326 0 0 0 0
327 0 0 1 1
328 0 0 0 0
329 0 0 0 0
330 0 0 0 1
331 0 0 0 0
332 1 0 0 0
333 0 0 0 0
334 1 0 0 1
335 0 0 0 0
336 0 0 0 0
337 0 1 0 0
338 0 0 0 0
339 0 0 0 0
340 1 0 0 0
341 0 0 0 0
342 1 0 0 0
343 1 1 0 0
344 0 0 0 1
345 1 0 1 0
346 0 0 0 0
347 0 1 0 1
348 0 0 1 0
349 0 0 0 1
350 0 0 0 0
351 1 0 0 0
352 0 0 0 1
353 0 0 0 0
354 0 1 0 1
355 0 0 0 0
356 0 0 0 0
357 1 0 0 0
358 0 0 0 1
359 0 0 0 0
360 1 1 0 0
361 1 0 0 0
362 0 0 0 0
363 0 0 0 0
364 0 0 0 0
365 0 0 0 0
366 0 1 0 0
367 1 0 0 1
368 0 1 0 0
369 0 0 1 0
370 0 0 0 0
371 0 0 0 0
372 0 0 0 1
373 0 0 0 2
374 0 0 0 0
375 0 0 0 0
376 0 1 0 0
377 0 0 0 0
378 0 0 0 0
379 0 0 0 0
380 0 0 0 1
381 0 0 0 0
382 0 0 0 0
383 0 0 0 0
384 0 0 0 0
385 0 0 0 0
386 0 0 0 0
387 0 0 0 0
388 0 0 0 0
389 1 0 0 0
390 0 0 0 0
391 0 0 0 0
392 0 0 0 0
393 0 0 0 0
394 0 0 0 0
395 0 0 0 0
396 1 0 0 0
397 0 0 0 0
398 0 0 1 0
399 2 0 0 0
400 0 0 0 0
401 0 1 0 0
402 0 0 0 0
403 1 0 0 0
404 0 1 0 0
405 0 0 0 2
406 0 0 0 0
407 0 0 0 0
408 0 1 0 0
409 0 0 0 0
410 0 0 0 0
411 0 0 0 1
412 0 0 1 1
413 0 0 0 0
414 0 0 0 0
415 0 0 0 0
416 0 0 0 1
417 1 0 0 0
418 0 0 0 0
419 0 0 0 0
420 0 0 0 0
421 0 0 0 0
422 0 1 0 0
423 0 0 0 0
424 0 0 0 0
425 0 0 0 0
426 0 0 0 0
427 0 0 0 0
428 0 0 0 0
429 0 0 0 1
430 0 0 0 0
431 0 0 0 0
432 0 0 0 0
433 0 0 0 0
434 0 0 0 0
435 0 0 0 0
436 0 0 0 0
437 0 0 0 0
438 1 0 0 0
439 1 0 0 0
440 0 0 0 0
441 1 0 0 0
442 0 0 0 0
443 1 0 0 0
444 0 0 1 0
445 0 0 0 0
446 0 0 1 0
447 0 1 0 0
448 0 0 0 1
449 0 0 0 0
450 0 0 0 0
451 0 0 0 1
452 0 1 0 0
453 0 0 0 1
454 0 0 0 0
455 0 0 0 0
456 0 0 0 0
457 1 0 0 0
458 0 0 0 0
459 0 0 0 1
460 1 0 0 0
461 0 0 0 0
462 0 0 0 0
463 1 0 0 0
464 0 0 0 0
465 0 0 1 0
466 0 0 1 0
467 0 0 0 0
468 1 1 0 0
469 0 0 0 1
470 1 0 0 1
471 0 0 0 0
472 0 0 0 1
473 0 0 0 0
474 0 0 0 0
475 0 0 1 0
476 0 0 0 0
477 0 1 0 0
478 2 0 0 0
479 1 0 0 1
480 0 0 0 0
481 3 0 0 0
482 0 0 0 0
483 0 1 0 0
484 2 1 1 1
485 0 0 0 0
486 1 1 2 0
487 1 0 0 1
488 2 0 0 1
489 0 1 1 0
490 0 0 0 2
491 2 0 0 1
492 1 1 0 0
493 2 1 0 2
494 2 0 0 0
495 0 0 1 0
496 0 0 0 1
497 0 0 2 0
498 0 0 0 0
499 1 0 1 2
500 0 2 0 1
501 0 0 0 2
502 2 0 2 0
503 2 0 1 0
504 1 1 0 0
505 2 0 0 0
506 2 0 0 2
507 3 1 0 2
508 2 2 0 1
509 2 1 0 1
510 2 1 0 1
511 2 3 0 0
512 1 0 1 1
513 3 1 1 0
514 2 0 2 2
515 1 0 1 2
516 3 2 1 2
517 2 1 0 1
518 1 4 0 2
519 3 1 1 2
520 2 1 0 3
521 2 0 0 1
522 0 0 0 3
523 2 1 1 2
524 2 2 1 2
525 3 1 2 1
526 1 4 0 1
527 2 0 0 1
528 2 1 0 2
529 4 1 2 3
530 2 1 1 2
531 2 1 0 1
532 1 3 0 0
533 0 0 2 4
534 4 2 2 1
535 3 0 0 2
536 2 2 0 3
537 1 0 1 2
538 2 1 0 2
539 4 3 3 2
540 0 4 0 2
541 1 0 2 2
542 3 1 0 0
543 3 1 0 4
544 9 0 1 4
545 5 1 0 3
546 2 0 1 4
547 4 0 2 1
548 2 4 1 1
549 2 3 0 1
550 4 1 2 2
551 3 3 0 2
552 3 1 3 1
553 4 5 3 2
554 4 3 1 2
555 6 2 1 5
556 3 2 2 3
557 6 1 1 7
558 5 1 1 4
559 4 2 0 4
560 2 3 1 3
561 4 1 0 3
562 6 4 2 2
563 2 2 2 3
564 6 3 4 2
565 6 1 1 2
566 4 3 0 5
567 2 5 2 3
568 3 0 2 3
569 4 4 1 4
570 3 4 1 6
571 4 1 4 9
572 4 2 2 2
573 2 2 2 5
574 6 3 2 5
575 2 4 0 3
576 4 1 2 4
577 1 1 4 3
578 1 1 2 6
579 4 5 1 3
580 3 1 1 4
581 2 3 1 7
582 1 3 0 4
583 3 0 1 5
584 1 1 2 2
585 2 2 1 2
586 4 2 0 5
587 2 2 0 2
588 3 1 1 4
589 3 0 1 1
590 2 0 1 1
591 1 0 1 1
592 1 1 2 3
593 0 3 1 1
594 0 1 3 3
595 0 2 1 3
596 2 0 1 2
597 0 1 0 0
598 0 1 1 2
599 0 0 0 2
600 1 0 0 4
601 1 2 0 3
602 2 0 0 4
603 0 0 0 1
604 3 0 0 0
605 2 0 1 1
606 2 0 0 0
607 1 1 0 0
608 2 0 0 2
609 2 1 1 1
610 2 0 2 0
611 1 1 0 0
612 1 0 1 0
613 2 3 0 2
614 2 0 2 3
615 0 2 0 0
616 3 0 0 1
617 1 0 2 1
618 0 1 1 1
619 0 2 1 1
620 1 1 0 3
621 0 1 1 2
622 0 1 0 2
623 1 0 0 1
624 0 0 0 2
625 0 1 1 2
626 1 1 0 2
627 1 0 0 0
628 1 0 0 1
629 2 1 0 2
630 0 0 0 1
631 0 1 0 0
632 2 1 0 1
633 1 1 0 0
634 0 0 1 0
635 0 0 0 1
636 0 0 1 1
637 0 1 0 0
638 1 1 1 0
639 2 0 0 1
640 0 0 0 1
641 0 1 0 2
642 0 0 0 1
643 0 0 0 1
644 1 1 1 0
645 0 0 0 2
646 1 0 0 0
647 0 1 0 0
648 1 0 0 0
649 0 1 0 0
650 0 0 0 0
651 0 0 1 3
652 1 0 0 0
653 1 0 1 1
654 0 0 0 0
655 1 0 0 0
656 0 0 0 0
657 0 0 0 1
658 1 0 1 1
659 0 0 0 0
660 1 1 1 0
661 1 0 0 0
662 0 0 0 1
663 1 0 0 0
664 0 0 0 2
665 0 0 1 0
666 1 0 1 0
667 0 1 0 0
668 0 0 1 0
669 0 0 0 0
670 1 0 0 1
671 0 0 0 1
672 0 0 0 1
673 0 0 0 0
674 0 0 0 0
675 0 1 1 1
676 0 0 0 0
677 0 0 0 0
678 0 0 0 0
679 0 0 0 0
680 0 0 0 0
681 0 0 0 0
682 0 0 0 2
683 0 0 0 0
684 0 0 0 0
685 0 0 0 0
686 0 0 0 0
687 0 0 0 0
688 0 0 0 0
689 0 0 0 0
690 0 0 0 0
691 0 0 0 0
692 0 0 0 0
693 0 0 0 0
694 0 0 0 0
695 0 0 0 0
696 0 0 0 0
697 0 0 0 0
698 0 0 0 0
699 0 0 0 0
700 0 0 0 0
701 0 0 0 0
702 0 0 0 0
703 0 0 0 0
704 0 0 0 0
705 0 0 0 0
706 0 0 0 0
707 0 0 0 0
708 0 0 0 0
709 0 0 0 0
710 0 0 0 0
711 0 0 0 0
712 0 0 0 0
713 0 0 0 0
714 0 0 0 0
715 0 0 0 0
716 0 0 0 0
717 0 0 0 0
718 0 0 0 0
719 0 0 0 0
720 0 0 0 0
721 0 0 0 0
722 0 0 0 0
723 0 0 0 0
724 0 0 0 0
725 0 0 0 0
726 0 0 0 0
727 0 0 0 0
