0 0 0 0 0
1 0 0 0 0
2 0 0 0 0
3 0 0 0 0
4 0 0 0 0
5 0 1 1 0
6 0 0 0 0
7 0 0 0 0
8 0 0 0 0
9 0 0 3 2
10 0 0 0 0
11 0 0 0 0
12 0 0 0 0
13 0 0 0 1
14 0 0 0 0
15 1 0 0 0
16 0 0 0 2
17 0 0 0 0
18 1 0 0 0
19 0 0 0 0
20 1 0 0 0
21 0 0 0 0
22 1 0 0 0
23 0 0 0 0
24 1 0 1 0
25 0 0 0 0
26 1 0 0 0
27 2 1 1 0
28 0 0 0 0
29 1 2 0 0
30 0 0 0 0
31 1 0 0 2
32 0 1 0 0
33 0 1 0 0
34 0 1 0 1
35 1 0 1 0
36 0 0 1 2
37 0 0 0 1
38 0 0 0 1
39 0 0 0 1
40 0 0 0 0
41 0 0 0 0
42 0 0 0 1
43 0 0 0 1
44 0 1 0 0
45 1 0 0 0
46 2 0 0 0
47 3 0 0 0
48 1 0 0 0
49 1 0 0 0
50 1 1 0 0
51 1 1 0 1
52 1 1 1 0
53 1 1 0 0
54 0 0 0 0
55 1 1 0 2
56 3 1 0 0
57 0 0 0 0
58 1 2 0 0
59 0 0 1 3
60 0 1 0 2
61 0 1 2 0
62 1 0 0 2
63 0 0 1 0
64 0 1 0 1
65 1 0 0 2
66 0 0 0 0
67 2 0 1 1
68 1 0 0 1
69 1 0 0 0
70 1 0 0 1
71 3 1 0 1
72 0 0 2 0
73 1 0 0 1
74 2 0 1 0
75 2 1 0 0
76 2 2 1 1
77 1 0 1 0
78 2 1 0 1
79 2 0 1 2
80 3 3 0 1
81 1 1 0 1
82 1 1 0 1
83 1 2 0 3
84 4 2 0 1
85 1 3 0 2
86 1 0 0 1
87 4 0 1 4
88 2 1 0 0
89 1 3 1 2
90 2 0 2 0
91 1 0 1 2
92 2 2 1 1
93 3 1 1 1
94 3 0 0 2
95 1 1 1 1
96 3 2 0 5
97 4 1 2 2
98 3 1 1 1
99 0 2 0 3
100 3 1 0 1
101 5 2 0 1
102 3 3 0 2
103 5 0 3 4
104 3 0 0 3
105 3 3 0 1
106 3 3 2 3
107 3 1 2 2
108 6 2 1 1
109 2 3 0 2
110 2 4 1 3
111 3 1 2 3
112 3 0 1 2
113 2 3 1 4
114 1 4 0 5
115 3 2 2 4
116 2 1 3 2
117 2 2 2 3
118 1 0 2 4
119 2 1 1 3
120 3 3 2 3
121 4 1 0 4
122 1 0 0 2
123 3 1 0 2
124 3 1 0 6
125 4 3 1 2
126 0 3 1 3
127 4 0 0 0
128 8 2 1 1
129 3 2 0 2
130 3 2 2 2
131 5 0 1 0
132 7 3 0 4
133 2 3 3 5
134 7 2 2 0
135 7 1 1 1
136 5 2 2 2
137 5 4 3 9
138 9 2 0 4
139 5 3 3 2
140 7 8 0 3
141 8 4 2 5
142 10 1 1 2
143 9 1 3 8
144 7 4 3 7
145 6 6 1 7
146 4 6 5 1
147 5 6 5 5
148 5 5 3 2
149 7 8 0 4
150 9 5 2 8
151 7 3 5 8
152 7 2 1 11
153 5 3 1 7
154 5 5 0 11
155 5 3 1 8
156 8 4 3 6
157 6 2 2 6
158 9 5 3 8
159 10 7 1 5
160 11 2 4 4
161 14 6 4 2
162 9 3 3 4
163 18 4 3 9
164 12 1 5 7
165 12 6 5 13
166 16 9 4 5
167 14 2 9 6
168 9 9 4 8
169 11 6 5 11
170 9 0 6 13
171 9 3 6 6
172 8 10 5 11
173 11 8 4 8
174 8 10 6 4
175 15 7 5 12
176 7 6 4 20
177 10 6 1 11
178 15 4 6 15
179 22 6 5 11
180 23 6 7 11
181 13 2 5 7
182 19 10 5 10
183 12 5 3 7
184 19 9 10 8
185 15 11 5 11
186 9 8 2 18
187 15 10 5 11
188 15 11 7 13
189 13 11 8 12
190 21 10 7 12
191 16 13 5 17
192 18 8 6 18
193 16 14 7 13
194 23 12 1 18
195 18 7 7 18
196 23 8 8 18
197 13 12 6 15
198 14 9 4 17
199 12 7 10 15
200 16 9 8 22
201 16 11 8 13
202 18 10 6 13
203 19 13 8 15
204 18 8 7 17
205 21 8 9 18
206 26 9 8 14
207 15 8 6 18
208 19 11 6 14
209 20 14 6 22
210 10 10 7 19
211 11 8 13 16
212 16 10 8 11
213 18 10 9 18
214 12 11 10 14
215 18 15 4 21
216 15 5 7 20
217 8 12 5 22
218 13 10 8 24
219 10 5 6 13
220 8 7 8 11
221 8 7 8 20
222 11 8 6 23
223 10 9 9 12
224 9 5 2 15
225 15 6 2 12
226 14 4 2 13
227 6 5 4 15
228 8 8 8 12
229 7 6 3 11
230 11 9 4 15
231 8 6 7 7
232 7 6 1 15
233 6 5 4 6
234 3 5 7 12
235 7 7 6 15
236 3 3 3 9
237 7 2 4 11
238 3 3 2 6
239 5 4 2 11
240 8 5 2 9
241 4 2 2 13
242 3 4 2 7
243 2 4 2 6
244 3 4 3 7
245 7 4 3 5
246 2 3 4 7
247 3 2 0 5
248 3 2 1 2
249 3 3 1 7
250 1 4 0 10
251 6 2 0 6
252 2 0 0 3
253 5 3 0 4
254 3 5 1 0
255 3 3 0 4
256 3 1 3 2
257 5 2 1 4
258 4 1 2 5
259 2 1 0 3
260 2 5 2 5
261 2 0 0 3
262 2 6 0 2
263 2 2 0 3
264 4 1 0 7
265 2 2 1 0
266 1 2 1 4
267 1 4 0 4
268 1 1 1 0
269 1 3 0 4
270 0 0 1 1
271 0 0 3 4
272 1 2 1 1
273 0 2 1 4
274 2 1 0 1
275 0 0 0 3
276 0 0 0 2
277 1 0 2 4
278 1 1 0 3
279 0 1 0 2
280 1 0 0 0
281 1 0 0 1
282 1 0 0 0
283 1 1 1 0
284 1 0 0 1
285 0 1 0 1
286 1 1 1 1
287 0 0 0 1
288 0 0 0 0
289 1 0 0 1
290 0 0 0 2
291 0 2 0 0
292 0 1 0 0
293 0 0 1 1
294 0 1 0 0
295 0 0 0 1
296 1 0 0 1
297 0 0 0 0
298 0 0 0 2
299 0 0 0 0
300 0 0 0 1
301 0 0 1 0
302 0 0 0 0
303 1 0 0 0
304 0 0 0 0
305 2 0 0 1
306 1 0 0 0
307 0 0 0 0
308 0 0 0 0
309 2 0 0 0
310 0 1 1 0
311 1 0 0 0
312 0 1 0 0
313 0 0 0 0
314 0 2 0 1
315 0 0 1 0
316 0 0 0 1
317 0 0 0 1
318 0 0 0 1
319 0 0 0 0
320 0 1 0 0
321 0 0 0 1
322 0 0 0 1
323 0 0 0 0
324 0 0 0 0
325 0 0 0 0
326 0 0 0 0
327 0 0 0 1
328 0 0 0 0
329 1 0 0 0
330 0 0 0 0
331 0 0 0 0
332 1 0 0 0
333 0 0 0 0
334 0 0 1 0
335 0 0 0 0
336 0 0 0 0
337 0 0 0 0
338 0 0 0 0
339 0 1 0 0
340 0 0 0 0
341 0 0 0 1
342 0 0 0 0
343 0 0 0 1
344 0 0 0 0
345 0 0 0 0
346 1 0 0 0
347 0 0 0 0
348 0 0 0 0
349 0 0 0 0
350 0 0 0 0
351 0 0 0 0
352 0 0 0 0
353 0 0 0 0
354 0 0 0 0
355 0 1 0 0
356 0 0 0 0
357 0 0 0 0
358 0 0 0 0
359 0 0 0 0
360 0 0 0 0
361 0 0 0 0
362 0 0 0 1
363 0 0 0 0
364 0 0 0 0
365 0 0 0 0
366 0 0 0 0
367 0 0 0 0
368 0 0 0 0
369 0 0 0 0
370 0 0 0 0
371 0 0 0 0
372 0 0 0 0
373 0 0 0 0
374 1 0 0 0
375 0 0 0 0
376 1 0 0 0
377 0 0 0 0
378 0 0 0 0
379 0 1 0 0
380 0 0 0 0
381 0 1 0 0
382 1 0 0 0
383 1 0 0 0
384 0 0 0 0
385 0 0 0 0
386 0 0 0 1
387 0 0 0 0
388 0 0 1 1
389 0 0 0 0
390 0 0 0 0
391 0 1 0 0
392 0 0 0 0
393 0 0 0 0
394 0 0 0 0
395 0 0 0 1
396 0 0 0 0
397 0 0 0 0
398 0 0 0 1
399 0 0 0 0
400 0 0 0 0
401 0 0 0 0
402 0 0 0 0
403 0 0 0 0
404 1 0 0 0
405 1 0 0 0
406 1 0 0 0
407 0 0 0 0
408 0 0 0 0
409 0 0 1 0
410 1 0 0 0
411 0 0 0 0
412 0 0 0 0
413 0 0 0 1
414 1 0 1 0
415 0 0 2 0
416 1 0 0 0
417 0 0 0 0
418 0 0 0 1
419 0 0 1 2
420 0 0 0 0
421 0 0 0 0
422 0 0 0 0
423 0 1 0 1
424 0 0 0 0
425 0 0 0 0
426 0 0 0 0
427 1 0 0 1
428 0 0 0 0
429 0 0 0 0
430 1 0 0 0
431 0 0 0 0
432 0 0 1 0
433 0 0 0 0
434 1 0 0 0
435 0 1 0 0
436 1 0 0 1
437 1 0 0 0
438 1 0 0 0
439 0 0 0 0
440 1 0 0 0
441 0 0 0 0
442 0 0 1 1
443 0 1 0 0
444 0 0 0 0
445 0 1 1 0
446 0 0 0 1
447 0 0 1 1
448 0 0 0 0
449 0 0 0 1
450 0 0 0 0
451 0 0 0 2
452 0 0 0 0
453 0 0 0 0
454 0 0 0 0
455 0 0 0 0
456 0 0 0 0
457 0 0 0 0
458 1 0 0 0
459 0 0 0 0
460 1 0 0 0
461 0 0 0 0
462 1 0 0 0
463 1 0 0 0
464 1 0 0 0
465 1 0 1 0
466 0 0 0 0
467 0 1 0 0
468 0 0 1 0
469 1 1 0 1
470 2 0 0 0
471 0 1 0 0
472 0 0 0 0
473 0 0 0 0
474 0 1 1 1
475 0 0 0 1
476 1 0 1 1
477 1 0 0 1
478 1 0 0 1
479 1 0 1 0
480 1 0 0 1
481 0 0 0 1
482 0 1 0 0
483 0 0 1 0
484 0 0 0 0
485 0 1 1 1
486 1 0 0 1
487 1 0 0 1
488 1 1 0 0
489 2 0 0 2
490 1 0 0 0
491 1 0 1 0
492 0 1 0 1
493 1 0 0 0
494 1 0 1 0
495 2 1 0 1
496 1 0 1 0
497 1 1 0 0
498 1 0 1 1
499 1 1 1 1
500 1 1 1 0
501 1 0 1 0
502 3 1 0 2
503 2 0 0 2
504 2 0 0 2
505 2 0 0 0
506 1 0 0 2
507 1 2 2 1
508 1 2 0 1
509 2 2 0 0
510 3 2 0 0
511 2 1 0 3
512 3 0 2 2
513 2 2 0 1
514 0 0 2 2
515 1 1 1 0
516 2 0 0 1
517 0 1 0 2
518 1 0 2 2
519 0 1 0 3
520 1 2 0 1
521 4 0 4 2
522 2 0 1 2
523 4 0 0 1
524 2 0 1 1
525 0 0 1 4
526 1 1 1 0
527 0 2 0 1
528 2 2 2 1
529 4 2 2 1
530 3 1 0 1
531 1 0 1 2
532 3 0 0 3
533 7 0 1 3
534 3 1 1 1
535 0 0 0 2
536 1 1 1 2
537 2 0 0 2
538 2 3 2 2
539 1 1 3 0
540 2 1 0 0
541 7 3 2 1
542 1 1 2 3
543 1 2 1 3
544 0 0 2 0
545 3 2 0 4
546 3 3 4 3
547 3 1 0 4
548 2 1 0 6
549 2 0 0 3
550 4 3 0 3
551 1 0 2 3
552 3 2 0 2
553 3 1 0 2
554 2 0 2 2
555 6 1 2 0
556 4 0 0 1
557 5 2 3 2
558 6 2 1 3
559 4 2 0 1
560 8 4 1 1
561 3 1 0 3
562 6 1 2 5
563 5 3 5 1
564 0 4 1 7
565 4 5 2 0
566 2 3 3 4
567 5 3 1 6
568 0 2 3 3
569 5 0 2 4
570 3 3 0 6
571 1 1 4 4
572 3 1 3 5
573 2 0 0 4
574 3 2 3 5
575 6 1 1 8
576 2 1 2 4
577 3 0 2 0
578 3 0 4 3
579 5 1 2 2
580 3 2 0 2
581 4 2 0 2
582 2 0 2 4
583 4 0 2 3
584 1 3 4 4
585 5 2 3 3
586 0 1 2 2
587 1 2 1 2
588 3 2 0 5
589 2 0 0 5
590 1 2 5 2
591 2 1 0 4
592 2 3 0 1
593 0 1 2 1
594 0 3 0 5
595 0 1 1 2
596 1 1 0 2
597 0 0 0 5
598 2 0 0 3
599 2 0 0 2
600 2 0 1 3
601 1 1 1 1
602 0 0 0 1
603 0 0 0 0
604 3 1 0 1
605 0 1 1 0
606 0 1 0 1
607 1 1 1 0
608 0 1 0 2
609 0 3 0 2
610 0 0 0 1
611 2 0 0 2
612 0 0 1 1
613 1 0 1 3
614 2 0 0 0
615 2 0 0 0
616 0 0 1 0
617 1 0 0 1
618 0 0 0 0
619 0 1 0 1
620 0 0 2 1
621 1 0 0 0
622 0 0 1 0
623 0 0 1 1
624 2 0 1 0
625 1 0 0 0
626 0 2 0 0
627 0 0 0 2
628 1 0 0 2
629 1 0 0 0
630 1 0 0 2
631 0 0 0 0
632 0 0 0 0
633 0 2 0 1
634 1 2 0 0
635 0 1 0 0
636 0 0 0 0
637 0 1 0 2
638 0 0 0 0
639 0 0 0 1
640 0 0 0 0
641 0 0 0 3
642 0 0 0 0
643 0 1 0 0
644 1 0 0 0
645 0 0 0 0
646 0 0 0 0
647 0 0 0 1
648 0 0 0 0
649 1 0 0 0
650 0 0 0 0
651 0 0 0 0
652 1 0 0 0
653 0 0 1 0
654 0 1 0 0
655 0 0 0 0
656 0 0 0 0
657 0 0 0 1
658 0 0 0 1
659 0 0 0 0
660 0 0 0 0
661 0 1 0 0
662 0 0 0 0
663 0 0 0 0
664 0 0 0 0
665 0 0 0 0
666 1 0 0 0
667 0 0 0 0
668 0 0 0 1
669 0 0 0 0
670 0 0 0 0
671 0 0 0 0
672 0 0 0 0
673 0 0 0 0
674 0 0 0 0
675 0 1 0 0
676 0 0 0 0
677 0 0 0 0
678 0 0 0 0
679 0 0 0 1
680 0 0 0 0
681 0 0 0 0
682 0 0 0 0
683 0 0 0 0
684 0 0 0 0
685 0 0 0 0
686 0 0 0 0
687 0 0 0 0
688 0 0 0 0
689 0 0 0 0
690 0 0 0 0
691 0 0 0 0
692 0 0 0 0
693 0 0 0 0
694 0 0 0 0
695 0 0 0 0
696 0 0 0 0
697 0 0 0 0
698 0 0 0 0
699 0 0 0 0
700 0 0 0 0
701 0 0 0 0
702 0 0 0 0
703 0 0 0 0
704 0 0 0 0
705 0 0 0 0
706 0 0 0 0
707 0 0 0 0
708 0 0 0 0
709 0 0 0 0
710 0 0 0 0
711 0 0 0 0
712 0 0 0 0
713 0 0 0 0
714 0 0 0 0
715 0 0 0 0
716 0 0 0 0
717 0 0 0 0
718 0 0 0 0
719 0 0 0 0
720 0 0 0 0
721 0 0 0 0
722 0 0 0 0
723 0 0 0 0
724 0 0 0 0
725 0 0 0 0
726 0 0 0 0
727 0 0 0 0
