0 0 0 0 0
1 0 0 0 0
2 0 0 0 0
3 0 0 0 0
4 0 0 0 0
5 0 2 2 0
6 0 0 0 0
7 0 0 0 0
8 0 0 0 0
9 0 1 0 3
10 0 0 0 0
11 0 0 0 0
12 0 0 0 1
13 0 0 0 0
14 0 0 0 0
15 0 0 0 0
16 0 0 0 1
17 0 0 0 0
18 2 0 0 0
19 0 0 0 0
20 1 0 0 0
21 0 0 0 0
22 0 0 0 0
23 0 0 1 0
24 4 0 0 0
25 0 1 0 0
26 1 0 0 0
27 0 1 0 0
28 1 0 0 0
29 0 2 0 0
30 0 0 0 1
31 0 0 1 1
32 0 0 0 1
33 0 0 2 1
34 0 0 0 0
35 0 0 0 1
36 1 0 0 1
37 1 0 1 0
38 1 0 0 0
39 1 0 0 0
40 1 0 0 2
41 0 0 0 0
42 0 1 0 0
43 1 0 0 0
44 2 0 0 1
45 1 0 2 0
46 1 0 0 1
47 1 1 0 0
48 1 0 1 0
49 2 0 2 2
50 2 1 0 0
51 0 0 1 0
52 1 1 1 1
53 2 0 0 1
54 0 1 0 2
55 0 1 0 0
56 1 0 0 2
57 2 0 2 0
58 1 1 0 2
59 1 0 1 2
60 0 0 0 0
61 1 1 0 1
62 1 0 2 0
63 1 0 1 1
64 2 0 0 0
65 3 0 0 1
66 0 1 2 2
67 1 0 0 1
68 0 0 1 1
69 0 1 1 1
70 1 1 1 2
71 1 0 1 0
72 1 2 0 1
73 1 0 1 3
74 0 0 0 1
75 1 1 0 1
76 2 0 0 1
77 4 1 0 1
78 0 0 0 0
79 1 0 0 1
80 2 2 0 1
81 2 1 0 0
82 2 0 3 2
83 1 0 0 0
84 3 1 0 1
85 2 1 2 1
86 4 1 2 1
87 3 0 0 1
88 2 0 0 0
89 0 1 0 5
90 3 2 1 2
91 1 1 2 1
92 4 3 1 0
93 4 2 1 1
94 4 1 0 0
95 2 3 0 3
96 2 1 0 1
97 0 2 1 6
98 3 2 0 0
99 1 4 0 5
100 2 1 0 1
101 2 2 1 4
102 1 1 1 3
103 2 1 3 3
104 5 1 1 0
105 2 1 2 3
106 4 1 1 2
107 2 1 0 3
108 4 0 3 2
109 2 0 1 2
110 1 1 0 4
111 0 1 1 1
112 4 2 0 3
113 2 4 2 0
114 2 3 0 2
115 3 0 3 3
116 5 1 0 2
117 3 1 1 3
118 3 0 0 4
119 1 1 1 4
120 2 1 1 3
121 1 3 3 2
122 4 2 0 0
123 1 3 0 2
124 3 2 0 1
125 2 1 1 4
126 3 2 2 2
127 3 2 0 1
128 6 0 0 5
129 3 2 2 1
130 3 2 0 4
131 1 3 3 2
132 3 3 1 2
133 7 1 1 6
134 3 1 2 2
135 2 2 0 1
136 4 1 0 0
137 5 4 2 0
138 3 2 2 7
139 2 0 2 4
140 3 2 0 3
141 2 3 0 7
142 1 2 4 3
143 3 0 2 1
144 4 1 1 1
145 8 2 2 4
146 6 3 1 4
147 8 0 1 2
148 4 1 2 3
149 9 3 2 5
150 6 4 4 3
151 6 0 4 0
152 12 4 4 5
153 9 1 2 2
154 6 3 2 5
155 5 2 2 4
156 5 1 3 10
157 11 5 1 4
158 4 8 2 4
159 7 4 2 7
160 4 5 0 3
161 9 5 3 7
162 6 5 6 5
163 8 3 2 6
164 4 3 4 5
165 6 4 1 10
166 11 8 1 9
167 8 3 2 5
168 7 4 4 7
169 4 4 1 6
170 11 7 3 5
171 11 5 2 7
172 12 2 3 5
173 9 4 0 9
174 21 3 1 8
175 14 7 5 6
176 14 9 4 5
177 14 5 4 8
178 9 5 1 9
179 12 12 5 8
180 10 7 6 7
181 14 9 8 6
182 15 8 3 10
183 11 10 6 16
184 9 8 1 12
185 10 6 4 11
186 13 9 4 11
187 10 6 2 15
188 12 9 5 15
189 12 5 5 12
190 10 13 2 14
191 13 7 4 7
192 18 8 4 10
193 15 7 5 11
194 12 5 5 13
195 15 9 8 12
196 15 5 8 10
197 15 5 7 9
198 11 11 4 15
199 8 8 3 12
200 12 6 8 19
201 17 14 6 10
202 10 8 8 19
203 14 8 2 10
204 8 8 2 9
205 13 13 3 18
206 15 8 8 12
207 14 9 3 15
208 10 2 8 14
209 10 4 2 23
210 15 7 8 12
211 10 6 6 13
212 15 10 5 8
213 7 8 2 11
214 9 3 6 11
215 8 9 4 11
216 7 5 4 11
217 1 5 8 10
218 6 4 4 11
219 5 6 7 15
220 4 4 8 13
221 3 9 2 13
222 5 4 1 9
223 7 9 1 10
224 5 2 4 11
225 6 0 4 6
226 5 3 0 9
227 3 2 2 7
228 4 4 2 13
229 7 3 0 6
230 7 1 2 7
231 3 3 2 4
232 6 2 2 7
233 6 3 3 2
234 4 5 2 2
235 9 4 2 5
236 1 2 3 6
237 6 3 3 6
238 5 3 1 5
239 3 3 2 2
240 3 1 2 6
241 1 0 1 5
242 4 4 3 6
243 2 4 1 6
244 2 6 4 5
245 0 1 0 2
246 3 1 4 6
247 2 4 2 5
248 1 2 0 7
249 2 3 0 3
250 2 0 0 6
251 2 2 0 7
252 0 1 0 2
253 1 0 2 3
254 0 1 0 3
255 2 2 1 3
256 2 1 2 2
257 2 0 0 1
258 5 2 0 0
259 2 0 0 1
260 2 0 0 3
261 1 2 0 1
262 4 0 1 1
263 3 1 2 2
264 2 2 1 0
265 1 2 0 2
266 3 1 1 0
267 0 4 0 3
268 2 4 0 5
269 0 1 0 2
270 4 0 0 1
271 1 3 0 1
272 0 0 0 2
273 2 0 2 2
274 0 1 0 3
275 0 5 1 5
276 0 1 0 0
277 3 0 0 1
278 0 1 0 1
279 1 1 0 6
280 0 0 0 3
281 0 0 0 0
282 0 1 1 0
283 0 0 0 1
284 0 0 1 0
285 0 0 0 1
286 1 0 2 1
287 1 0 0 0
288 1 0 0 0
289 1 0 0 1
290 0 0 0 0
291 0 0 0 1
292 0 0 1 0
293 0 1 0 2
294 0 1 0 0
295 0 0 1 0
296 0 0 0 1
297 1 0 0 1
298 0 0 0 0
299 1 0 0 0
300 0 0 0 0
301 1 0 0 1
302 0 1 0 1
303 1 0 0 0
304 0 0 1 0
305 0 0 0 0
306 0 0 0 1
307 0 0 0 0
308 0 0 0 1
309 1 0 0 0
310 0 0 1 0
311 0 0 0 0
312 1 1 0 0
313 0 0 0 0
314 0 0 0 1
315 0 0 0 0
316 0 0 0 0
317 0 0 0 0
318 1 1 0 0
319 0 0 0 1
320 0 0 0 0
321 1 1 0 0
322 1 0 0 0
323 0 1 0 0
324 0 0 0 0
325 0 0 0 1
326 0 0 1 0
327 1 0 1 1
328 1 0 0 1
329 0 0 0 0
330 0 0 0 0
331 2 0 0 1
332 0 0 0 0
333 0 1 0 1
334 0 0 0 0
335 1 0 0 0
336 1 3 0 0
337 0 0 0 1
338 0 0 0 0
339 0 0 0 0
340 0 1 0 0
341 0 1 0 0
342 0 0 0 1
343 0 0 0 2
344 0 0 0 0
345 0 0 0 1
346 0 0 0 0
347 0 0 0 1
348 0 0 0 0
349 0 0 0 0
350 0 0 0 0
351 0 0 0 0
352 0 0 0 0
353 1 0 0 0
354 0 0 0 0
355 0 0 0 0
356 1 0 0 0
357 0 0 0 0
358 0 0 1 0
359 0 0 0 0
360 0 0 0 0
361 0 1 0 0
362 0 0 0 1
363 0 0 0 0
364 0 0 0 0
365 0 0 0 0
366 0 0 0 0
367 0 0 0 0
368 0 0 0 1
369 0 0 0 0
370 0 0 0 0
371 0 0 0 0
372 0 0 0 0
373 0 0 0 0
374 0 0 0 0
375 0 0 0 0
376 0 0 0 0
377 0 0 0 0
378 0 0 0 0
379 0 0 0 0
380 0 0 0 0
381 0 0 0 0
382 0 0 0 0
383 0 0 0 0
384 0 0 0 0
385 0 0 0 0
386 0 0 0 0
387 0 0 0 0
388 0 0 0 0
389 0 0 0 0
390 0 0 0 0
391 0 0 0 0
392 0 0 0 0
393 0 0 0 0
394 0 0 0 0
395 0 0 0 0
396 0 0 0 0
397 0 0 0 0
398 0 0 0 0
399 0 0 0 0
400 0 0 0 0
401 0 0 0 0
402 0 0 0 0
403 0 0 0 0
404 0 0 0 0
405 0 0 0 0
406 0 0 0 0
407 0 0 0 0
408 0 0 0 0
409 0 0 0 0
410 0 0 0 0
411 0 0 0 0
412 0 0 0 0
413 0 0 0 0
414 0 0 0 0
415 0 0 0 0
416 0 0 0 0
417 0 0 0 0
418 0 0 0 0
419 0 0 0 0
420 0 0 0 0
421 0 0 0 0
422 0 0 0 0
423 0 0 0 0
424 0 0 0 0
425 0 0 0 0
426 0 0 0 0
427 0 0 0 0
428 0 0 0 0
429 0 0 0 0
430 0 0 0 0
431 0 0 0 0
432 0 0 0 0
433 0 0 0 0
434 0 0 0 0
435 0 0 0 0
436 0 0 0 0
437 0 0 0 0
438 0 0 0 0
439 0 0 0 0
440 0 0 0 0
441 0 0 0 0
442 0 0 0 0
443 0 0 0 0
444 0 0 0 0
445 0 0 0 0
446 0 0 0 0
447 0 0 0 0
448 0 0 0 0
449 0 0 0 0
450 0 0 0 0
451 0 0 0 0
452 0 0 0 0
453 0 0 0 0
454 0 0 0 0
455 0 0 0 0
456 0 0 0 0
457 0 0 0 0
458 0 0 0 0
459 0 0 0 0
460 0 0 0 0
461 0 0 0 0
462 0 0 0 0
463 0 0 0 0
464 0 0 0 0
465 0 0 0 0
466 0 0 0 0
467 0 0 0 0
468 0 0 0 0
469 0 0 0 0
470 0 0 0 0
471 0 0 0 0
472 0 0 0 0
473 0 0 0 0
474 0 0 0 0
475 0 0 0 0
476 0 0 0 0
477 0 0 0 0
478 0 0 0 0
479 0 0 0 0
480 0 0 0 0
481 0 0 0 0
482 0 0 0 0
483 0 0 0 0
484 0 0 0 0
485 0 0 0 0
486 0 0 0 0
487 0 0 0 0
488 0 0 0 0
489 0 0 0 0
490 0 0 0 0
491 0 0 0 0
492 0 0 0 0
493 0 0 0 0
494 0 0 0 0
495 0 0 0 0
496 0 0 0 0
497 0 0 0 0
498 0 0 0 0
499 0 0 0 0
500 0 0 0 0
501 0 0 0 0
502 0 0 0 0
503 0 0 0 0
504 0 0 0 0
505 0 0 0 0
506 0 0 0 0
507 0 0 0 0
508 0 0 0 0
509 0 0 0 0
510 0 0 0 0
511 0 0 0 0
512 0 0 0 0
513 0 0 0 0
514 0 0 0 0
515 0 0 0 0
516 0 0 0 0
517 0 0 0 0
518 0 0 0 0
519 0 0 0 0
520 0 0 0 0
521 0 0 0 0
522 0 0 0 0
523 0 0 0 0
524 0 0 0 0
525 0 0 0 0
526 0 0 0 0
527 0 0 0 0
528 0 0 0 0
529 0 0 0 0
530 0 0 0 0
531 0 0 0 0
532 0 0 0 0
533 0 0 0 0
534 0 0 0 0
535 0 0 0 0
536 0 0 0 0
537 0 0 0 0
538 0 0 0 0
539 0 0 0 0
540 0 0 0 0
541 0 0 0 0
542 0 0 0 0
543 0 0 0 0
544 0 0 0 0
545 0 0 0 0
546 0 0 0 0
547 0 0 0 0
548 0 0 0 0
549 0 0 0 0
550 0 0 0 0
551 0 0 0 0
552 0 0 0 0
553 0 0 0 0
554 0 0 0 0
555 0 0 0 0
556 0 0 0 0
557 0 0 0 0
558 0 0 0 0
559 0 0 0 0
560 0 0 0 0
561 0 0 0 0
562 0 0 0 0
563 0 0 0 0
564 0 0 0 0
565 0 0 0 0
566 0 0 0 0
567 0 0 0 0
568 0 0 0 0
569 0 0 0 0
570 0 0 0 0
571 0 0 0 0
572 0 0 0 0
573 0 0 0 0
574 0 0 0 0
575 0 0 0 0
576 0 0 0 0
577 0 0 0 0
578 0 0 0 0
579 0 0 0 0
580 0 0 0 0
581 0 0 0 0
582 0 0 0 0
583 0 0 0 0
584 0 0 0 0
585 0 0 0 0
586 0 0 0 0
587 0 0 0 0
588 0 0 0 0
589 0 0 0 0
590 0 0 0 0
591 0 0 0 0
592 0 0 0 0
593 0 0 0 0
594 0 0 0 0
595 0 0 0 0
596 0 0 0 0
597 0 0 0 0
598 0 0 0 0
599 0 0 0 0
600 0 0 0 0
601 0 0 0 0
602 0 0 0 0
603 0 0 0 0
604 0 0 0 0
605 0 0 0 0
606 0 0 0 0
607 0 0 0 0
608 0 0 0 0
609 0 0 0 0
610 0 0 0 0
611 0 0 0 0
612 0 0 0 0
613 0 0 0 0
614 0 0 0 0
615 0 0 0 0
616 0 0 0 0
617 0 0 0 0
618 0 0 0 0
619 0 0 0 0
620 0 0 0 0
621 0 0 0 0
622 0 0 0 0
623 0 0 0 0
624 0 0 0 0
625 0 0 0 0
626 0 0 0 0
627 0 0 0 0
628 0 0 0 0
629 0 0 0 0
630 0 0 0 0
631 0 0 0 0
632 0 0 0 0
633 0 0 0 0
634 0 0 0 0
635 0 0 0 0
636 0 0 0 0
637 0 0 0 0
638 0 0 0 0
639 0 0 0 0
640 0 0 0 0
641 0 0 0 0
642 0 0 0 0
643 0 0 0 0
644 0 0 0 0
645 0 0 0 0
646 0 0 0 0
647 0 0 0 0
648 0 0 0 0
649 0 0 0 0
650 0 0 0 0
651 0 0 0 0
652 0 0 0 0
653 0 0 0 0
654 0 0 0 0
655 0 0 0 0
656 0 0 0 0
657 0 0 0 0
658 0 0 0 0
659 0 0 0 0
660 0 0 0 0
661 0 0 0 0
662 0 0 0 0
663 0 0 0 0
664 0 0 0 0
665 0 0 0 0
666 0 0 0 0
667 0 0 0 0
668 0 0 0 0
669 0 0 0 0
670 0 0 0 0
671 0 0 0 0
672 0 0 0 0
673 0 0 0 0
674 0 0 0 0
675 0 0 0 0
676 0 0 0 0
677 0 0 0 0
678 0 0 0 0
679 0 0 0 0
680 0 0 0 0
681 0 0 0 0
682 0 0 0 0
683 0 0 0 0
684 0 0 0 0
685 0 0 0 0
686 0 0 0 0
687 0 0 0 0
688 0 0 0 0
689 0 0 0 0
690 0 0 0 0
691 0 0 0 0
692 0 0 0 0
693 0 0 0 0
694 0 0 0 0
695 0 0 0 0
696 0 0 0 0
697 0 0 0 0
698 0 0 0 0
699 0 0 0 0
700 0 0 0 0
701 0 0 0 0
702 0 0 0 0
703 0 0 0 0
704 0 0 0 0
705 0 0 0 0
706 0 0 0 0
707 0 0 0 0
708 0 0 0 0
709 0 0 0 0
710 0 0 0 0
711 0 0 0 0
712 0 0 0 0
713 0 0 0 0
714 0 0 0 0
715 0 0 0 0
716 0 0 0 0
717 0 0 0 0
718 0 0 0 0
719 0 0 0 0
720 0 0 0 0
721 0 0 0 0
722 0 0 0 0
723 0 0 0 0
724 0 0 0 0
725 0 0 0 0
726 0 0 0 0
727 0 0 0 0
