0 0 0 0 0
1 0 0 0 0
2 0 0 0 0
3 0 0 0 0
4 0 0 0 0
5 0 3 1 0
6 0 0 0 0
7 0 0 0 0
8 0 0 0 0
9 0 0 1 2
10 0 0 0 0
11 0 0 0 0
12 0 0 0 2
13 0 0 0 1
14 0 0 0 0
15 0 0 0 0
16 0 0 0 0
17 1 0 0 0
18 0 0 0 0
19 0 0 0 0
20 1 0 0 0
21 3 0 0 0
22 1 0 1 0
23 3 0 0 0
24 1 0 0 0
25 1 0 1 0
26 0 0 2 0
27 0 0 0 0
28 1 0 3 0
29 0 0 1 2
30 0 1 0 0
31 1 1 0 0
32 2 0 0 0
33 0 0 0 3
34 1 1 0 1
35 0 0 0 3
36 1 0 0 0
37 1 2 0 0
38 1 0 0 2
39 0 1 0 0
40 0 1 0 0
41 1 1 0 1
42 1 0 1 0
43 1 0 1 0
44 4 0 0 2
45 2 1 0 1
46 1 1 0 1
47 1 1 0 1
48 1 0 0 0
49 0 3 1 2
50 1 1 0 1
51 0 0 0 0
52 0 1 0 0
53 1 0 0 1
54 2 0 1 2
55 2 0 1 0
56 0 0 1 3
57 1 1 0 0
58 0 1 0 0
59 1 2 1 1
60 3 0 1 0
61 3 0 0 1
62 0 1 0 1
63 1 0 0 4
64 1 2 0 1
65 1 1 1 1
66 0 0 0 0
67 0 0 0 1
68 4 0 1 1
69 2 1 0 3
70 0 1 2 0
71 0 0 0 1
72 2 1 0 1
73 0 1 1 1
74 0 2 0 1
75 1 0 0 0
76 1 0 0 2
77 0 2 2 3
78 2 1 0 2
79 4 0 0 0
80 2 0 1 0
81 3 0 0 2
82 1 0 0 1
83 3 0 2 0
84 2 1 2 2
85 3 1 1 0
86 6 0 0 0
87 5 0 0 1
88 1 1 2 3
89 5 1 0 2
90 3 4 2 2
91 2 1 2 0
92 3 4 1 2
93 0 1 0 0
94 0 4 1 1
95 1 4 1 4
96 1 3 0 3
97 2 1 2 5
98 2 1 0 4
99 2 1 0 5
100 5 0 1 4
101 2 1 1 3
102 3 0 0 2
103 1 1 0 2
104 1 0 1 2
105 2 2 1 1
106 5 3 1 0
107 2 3 0 0
108 4 2 0 3
109 3 3 0 2
110 4 1 0 2
111 7 2 2 3
112 4 0 2 2
113 3 1 1 2
114 7 1 2 3
115 4 1 3 3
116 8 2 4 4
117 5 3 2 2
118 3 0 3 4
119 7 3 2 1
120 7 1 2 5
121 4 2 1 5
122 5 1 3 5
123 3 2 2 6
124 5 1 5 4
125 4 5 5 1
126 4 2 4 2
127 7 5 1 2
128 6 5 3 8
129 3 4 1 6
130 7 2 1 2
131 6 2 3 5
132 7 1 2 11
133 3 3 1 7
134 6 0 1 4
135 6 5 1 5
136 4 4 3 4
137 7 6 2 5
138 11 3 2 3
139 9 4 1 2
140 11 5 2 5
141 10 3 3 9
142 9 4 2 6
143 7 7 3 7
144 11 5 0 3
145 6 8 2 7
146 6 4 2 5
147 6 7 4 9
148 12 4 5 6
149 10 6 5 10
150 12 4 6 7
151 7 4 2 7
152 7 3 4 5
153 5 6 1 9
154 9 1 1 13
155 6 3 5 12
156 14 8 2 10
157 10 7 4 5
158 15 7 6 2
159 9 8 4 7
160 10 3 4 10
161 16 3 7 7
162 12 3 4 8
163 14 7 4 13
164 15 3 6 9
165 18 8 5 17
166 10 4 4 8
167 14 6 8 8
168 12 5 6 9
169 11 4 7 8
170 15 10 7 12
171 15 8 6 9
172 15 7 5 12
173 11 5 8 9
174 16 8 8 15
175 15 5 5 10
176 12 11 3 9
177 21 12 4 16
178 15 5 6 19
179 18 7 5 13
180 18 10 4 11
181 10 10 1 13
182 16 5 11 14
183 19 11 10 14
184 21 7 6 16
185 13 8 7 11
186 16 10 6 14
187 11 10 6 16
188 21 19 9 12
189 20 12 8 13
190 21 9 1 22
191 21 9 6 10
192 20 8 3 23
193 19 13 9 19
194 16 11 9 20
195 10 9 8 21
196 14 12 3 13
197 13 17 8 17
198 18 13 5 15
199 23 13 5 13
200 18 6 8 15
201 16 10 2 21
202 14 9 7 18
203 24 12 7 21
204 14 7 8 21
205 20 10 10 14
206 16 7 6 13
207 14 9 4 18
208 12 15 12 14
209 9 10 5 21
210 17 11 7 15
211 18 12 8 19
212 7 9 4 25
213 5 9 4 16
214 16 13 3 12
215 17 8 6 18
216 8 7 5 15
217 6 7 3 17
218 9 3 4 19
219 13 10 5 14
220 16 12 9 13
221 9 5 3 10
222 10 3 2 9
223 7 8 8 12
224 7 8 7 20
225 6 3 6 9
226 5 7 3 8
227 6 4 2 15
228 4 8 5 12
229 8 8 3 11
230 5 4 1 16
231 7 5 5 9
232 6 1 1 10
233 7 4 2 9
234 7 6 3 5
235 5 6 1 12
236 2 5 3 7
237 4 4 4 4
238 6 2 4 9
239 4 3 4 4
240 1 3 3 5
241 2 0 3 9
242 3 3 4 8
243 7 2 1 9
244 7 3 1 5
245 3 2 0 4
246 6 0 2 7
247 7 2 4 4
248 3 4 1 4
249 4 2 3 7
250 3 2 2 2
251 2 3 1 5
252 2 5 2 3
253 1 3 0 5
254 6 2 1 4
255 2 1 4 6
256 0 2 2 4
257 0 1 1 3
258 1 1 1 4
259 1 2 2 4
260 1 2 0 4
261 1 1 1 2
262 3 0 0 5
263 1 1 2 5
264 2 0 2 1
265 1 1 0 3
266 3 1 0 1
267 1 2 0 2
268 0 0 0 1
269 0 0 1 1
270 1 0 0 2
271 2 1 1 3
272 2 0 1 0
273 2 1 0 0
274 1 0 1 1
275 3 0 4 1
276 1 1 1 1
277 0 1 0 1
278 1 1 0 1
279 1 0 0 4
280 1 1 2 1
281 3 1 0 1
282 2 1 0 2
283 2 2 0 2
284 1 1 0 3
285 2 0 1 1
286 1 1 1 0
287 1 1 1 1
288 2 1 0 2
289 0 1 1 1
290 0 1 0 1
291 1 0 1 2
292 1 0 2 2
293 0 0 2 1
294 1 0 1 1
295 0 1 0 0
296 0 1 1 3
297 1 0 1 0
298 1 0 0 1
299 0 0 0 2
300 1 0 0 3
301 2 0 0 2
302 1 1 1 0
303 1 1 0 1
304 1 0 0 0
305 0 1 0 0
306 0 1 0 1
307 1 0 1 1
308 1 0 0 0
309 0 0 0 1
310 1 1 0 1
311 0 0 0 0
312 1 1 1 1
313 0 1 0 0
314 0 0 0 1
315 0 1 0 0
316 0 0 0 0
317 1 1 1 1
318 1 0 0 0
319 0 0 0 2
320 1 0 0 1
321 0 0 0 0
322 0 0 0 1
323 0 0 1 0
324 0 0 0 2
325 0 1 0 0
326 0 0 1 0
327 0 0 0 1
328 0 0 0 0
329 1 0 0 0
330 0 0 0 0
331 0 0 0 0
332 0 0 0 1
333 0 0 0 1
334 0 0 0 0
335 2 0 0 0
336 1 0 0 0
337 1 0 0 0
338 0 0 1 0
339 0 0 0 0
340 0 0 0 0
341 1 1 0 0
342 0 0 0 1
343 0 0 0 0
344 0 1 1 0
345 0 0 0 0
346 0 1 0 0
347 0 0 0 0
348 0 0 0 1
349 0 0 0 0
350 0 0 1 1
351 0 0 0 2
352 0 0 0 0
353 0 0 0 0
354 0 0 0 1
355 0 0 0 0
356 0 0 0 0
357 0 0 0 0
358 0 0 0 0
359 0 0 0 0
360 0 0 0 0
361 0 0 0 0
362 0 0 0 0
363 0 0 0 0
364 0 0 0 0
365 0 0 0 0
366 0 0 0 0
367 0 0 0 0
368 0 0 0 0
369 0 0 0 0
370 0 0 0 0
371 0 0 0 0
372 0 0 0 0
373 0 0 0 0
374 0 0 0 0
375 0 0 0 0
376 0 0 0 0
377 0 0 0 0
378 0 0 0 0
379 0 0 0 0
380 0 0 0 0
381 0 0 0 0
382 0 0 0 0
383 0 0 0 0
384 0 0 0 0
385 0 0 0 0
386 0 0 0 0
387 0 0 0 0
388 0 0 0 0
389 0 0 0 0
390 0 0 0 0
391 0 0 0 0
392 0 0 0 0
393 0 0 0 0
394 0 0 0 0
395 0 0 0 0
396 0 0 0 0
397 0 0 0 0
398 0 0 0 0
399 0 0 0 0
400 0 0 0 0
401 0 0 0 0
402 0 0 0 0
403 0 0 0 0
404 0 0 0 0
405 0 0 0 0
406 0 0 0 0
407 0 0 0 0
408 0 0 0 0
409 0 0 0 0
410 0 0 0 0
411 0 0 0 0
412 0 0 0 0
413 0 0 0 0
414 0 0 0 0
415 0 0 0 0
416 0 0 0 0
417 0 0 0 0
418 0 0 0 0
419 0 0 0 0
420 0 0 0 0
421 0 0 0 0
422 0 0 0 0
423 0 0 0 0
424 0 0 0 0
425 0 0 0 0
426 0 0 0 0
427 0 0 0 0
428 0 0 0 0
429 0 0 0 0
430 0 0 0 0
431 0 0 0 0
432 0 0 0 0
433 0 0 0 0
434 0 0 0 0
435 0 0 0 0
436 0 0 0 0
437 0 0 0 0
438 0 0 0 0
439 0 0 0 0
440 0 0 0 0
441 0 0 0 0
442 0 0 0 0
443 0 0 0 0
444 0 0 0 0
445 0 0 0 0
446 0 0 0 0
447 0 0 0 0
448 0 0 0 0
449 0 0 0 0
450 0 0 0 0
451 0 0 0 0
452 0 0 0 0
453 0 0 0 0
454 0 0 0 0
455 0 0 0 0
456 0 0 0 0
457 0 0 0 0
458 0 0 0 0
459 0 0 0 0
460 0 0 0 0
461 0 0 0 0
462 0 0 0 0
463 0 0 0 0
464 0 0 0 0
465 0 0 0 0
466 0 0 0 0
467 0 0 0 0
468 0 0 0 0
469 0 0 0 0
470 0 0 0 0
471 0 0 0 0
472 0 0 0 0
473 0 0 0 0
474 0 0 0 0
475 0 0 0 0
476 0 0 0 0
477 0 0 0 0
478 0 0 0 0
479 0 0 0 0
480 0 0 0 0
481 0 0 0 0
482 0 0 0 0
483 0 0 0 0
484 0 0 0 0
485 0 0 0 0
486 0 0 0 0
487 0 0 0 0
488 0 0 0 0
489 0 0 0 0
490 0 0 0 0
491 0 0 0 0
492 0 0 0 0
493 0 0 0 0
494 0 0 0 0
495 0 0 0 0
496 0 0 0 0
497 0 0 0 0
498 0 0 0 0
499 0 0 0 0
500 0 0 0 0
501 0 0 0 0
502 0 0 0 0
503 0 0 0 0
504 0 0 0 0
505 0 0 0 0
506 0 0 0 0
507 0 0 0 0
508 0 0 0 0
509 0 0 0 0
510 0 0 0 0
511 0 0 0 0
512 0 0 0 0
513 0 0 0 0
514 0 0 0 0
515 0 0 0 0
516 0 0 0 0
517 0 0 0 0
518 0 0 0 0
519 0 0 0 0
520 0 0 0 0
521 0 0 0 0
522 0 0 0 0
523 0 0 0 0
524 0 0 0 0
525 0 0 0 0
526 0 0 0 0
527 0 0 0 0
528 0 0 0 0
529 0 0 0 0
530 0 0 0 0
531 0 0 0 0
532 0 0 0 0
533 0 0 0 0
534 0 0 0 0
535 0 0 0 0
536 0 0 0 0
537 0 0 0 0
538 0 0 0 0
539 0 0 0 0
540 0 0 0 0
541 0 0 0 0
542 0 0 0 0
543 0 0 0 0
544 0 0 0 0
545 0 0 0 0
546 0 0 0 0
547 0 0 0 0
548 0 0 0 0
549 0 0 0 0
550 0 0 0 0
551 0 0 0 0
552 0 0 0 0
553 0 0 0 0
554 0 0 0 0
555 0 0 0 0
556 0 0 0 0
557 0 0 0 0
558 0 0 0 0
559 0 0 0 0
560 0 0 0 0
561 0 0 0 0
562 0 0 0 0
563 0 0 0 0
564 0 0 0 0
565 0 0 0 0
566 0 0 0 0
567 0 0 0 0
568 0 0 0 0
569 0 0 0 0
570 0 0 0 0
571 0 0 0 0
572 0 0 0 0
573 0 0 0 0
574 0 0 0 0
575 0 0 0 0
576 0 0 0 0
577 0 0 0 0
578 0 0 0 0
579 0 0 0 0
580 0 0 0 0
581 0 0 0 0
582 0 0 0 0
583 0 0 0 0
584 0 0 0 0
585 0 0 0 0
586 0 0 0 0
587 0 0 0 0
588 0 0 0 0
589 0 0 0 0
590 0 0 0 0
591 0 0 0 0
592 0 0 0 0
593 0 0 0 0
594 0 0 0 0
595 0 0 0 0
596 0 0 0 0
597 0 0 0 0
598 0 0 0 0
599 0 0 0 0
600 0 0 0 0
601 0 0 0 0
602 0 0 0 0
603 0 0 0 0
604 0 0 0 0
605 0 0 0 0
606 0 0 0 0
607 0 0 0 0
608 0 0 0 0
609 0 0 0 0
610 0 0 0 0
611 0 0 0 0
612 0 0 0 0
613 0 0 0 0
614 0 0 0 0
615 0 0 0 0
616 0 0 0 0
617 0 0 0 0
618 0 0 0 0
619 0 0 0 0
620 0 0 0 0
621 0 0 0 0
622 0 0 0 0
623 0 0 0 0
624 0 0 0 0
625 0 0 0 0
626 0 0 0 0
627 0 0 0 0
628 0 0 0 0
629 0 0 0 0
630 0 0 0 0
631 0 0 0 0
632 0 0 0 0
633 0 0 0 0
634 0 0 0 0
635 0 0 0 0
636 0 0 0 0
637 0 0 0 0
638 0 0 0 0
639 0 0 0 0
640 0 0 0 0
641 0 0 0 0
642 0 0 0 0
643 0 0 0 0
644 0 0 0 0
645 0 0 0 0
646 0 0 0 0
647 0 0 0 0
648 0 0 0 0
649 0 0 0 0
650 0 0 0 0
651 0 0 0 0
652 0 0 0 0
653 0 0 0 0
654 0 0 0 0
655 0 0 0 0
656 0 0 0 0
657 0 0 0 0
658 0 0 0 0
659 0 0 0 0
660 0 0 0 0
661 0 0 0 0
662 0 0 0 0
663 0 0 0 0
664 0 0 0 0
665 0 0 0 0
666 0 0 0 0
667 0 0 0 0
668 0 0 0 0
669 0 0 0 0
670 0 0 0 0
671 0 0 0 0
672 0 0 0 0
673 0 0 0 0
674 0 0 0 0
675 0 0 0 0
676 0 0 0 0
677 0 0 0 0
678 0 0 0 0
679 0 0 0 0
680 0 0 0 0
681 0 0 0 0
682 0 0 0 0
683 0 0 0 0
684 0 0 0 0
685 0 0 0 0
686 0 0 0 0
687 0 0 0 0
688 0 0 0 0
689 0 0 0 0
690 0 0 0 0
691 0 0 0 0
692 0 0 0 0
693 0 0 0 0
694 0 0 0 0
695 0 0 0 0
696 0 0 0 0
697 0 0 0 0
698 0 0 0 0
699 0 0 0 0
700 0 0 0 0
701 0 0 0 0
702 0 0 0 0
703 0 0 0 0
704 0 0 0 0
705 0 0 0 0
706 0 0 0 0
707 0 0 0 0
708 0 0 0 0
709 0 0 0 0
710 0 0 0 0
711 0 0 0 0
712 0 0 0 0
713 0 0 0 0
714 0 0 0 0
715 0 0 0 0
716 0 0 0 0
717 0 0 0 0
718 0 0 0 0
719 0 0 0 0
720 0 0 0 0
721 0 0 0 0
722 0 0 0 0
723 0 0 0 0
724 0 0 0 0
725 0 0 0 0
726 0 0 0 0
727 0 0 0 0
