0 0 0 0 0
1 0 0 0 0
2 0 0 0 0
3 0 0 0 0
4 0 0 0 0
5 0 2 1 0
6 0 0 0 0
7 0 0 0 0
8 0 0 0 0
9 0 2 0 1
10 0 0 0 0
11 0 0 0 0
12 0 0 0 2
13 0 0 0 0
14 0 0 0 0
15 0 0 0 0
16 1 0 0 2
17 1 0 0 0
18 1 0 0 0
19 0 0 0 0
20 1 0 0 0
21 1 0 0 0
22 1 0 1 0
23 0 0 0 0
24 0 0 0 0
25 0 1 1 0
26 1 0 1 0
27 1 1 0 0
28 0 0 0 0
29 1 0 0 1
30 0 0 0 0
31 1 0 1 0
32 0 0 1 2
33 1 0 0 1
34 2 1 0 1
35 0 1 0 1
36 0 1 0 0
37 0 0 0 0
38 1 0 0 0
39 0 1 1 2
40 1 0 0 1
41 0 0 0 1
42 0 1 0 0
43 0 1 0 1
44 2 0 0 0
45 1 0 1 0
46 2 0 0 2
47 2 0 0 0
48 3 0 0 0
49 0 1 0 1
50 0 0 1 1
51 1 0 2 0
52 3 0 0 0
53 1 2 0 1
54 1 0 0 1
55 1 0 0 0
56 0 2 1 0
57 1 3 1 1
58 2 1 0 2
59 0 1 0 0
60 1 0 0 2
61 3 0 1 1
62 2 0 0 1
63 4 1 1 3
64 4 0 1 3
65 3 0 1 1
66 1 2 1 0
67 0 0 2 2
68 1 1 0 1
69 3 4 1 0
70 1 1 1 2
71 0 0 1 1
72 0 0 2 2
73 0 0 0 2
74 1 2 0 3
75 0 3 0 0
76 1 0 0 4
77 1 1 0 0
78 2 1 0 2
79 2 1 0 4
80 2 0 0 0
81 3 0 0 2
82 3 1 0 2
83 4 0 1 0
84 6 2 0 0
85 3 1 2 0
86 4 2 0 1
87 6 1 1 1
88 3 1 1 1
89 2 2 2 1
90 0 1 1 0
91 2 4 1 4
92 4 2 3 3
93 1 2 1 3
94 1 1 1 2
95 1 1 1 4
96 2 1 2 4
97 1 1 2 4
98 1 0 2 4
99 1 1 0 3
100 2 0 1 1
101 5 2 2 2
102 1 1 1 4
103 3 1 0 2
104 2 1 0 1
105 5 3 0 2
106 2 2 2 2
107 7 0 0 2
108 8 1 2 3
109 2 1 0 3
110 5 5 0 2
111 6 2 2 0
112 4 5 1 3
113 3 5 2 2
114 8 0 1 3
115 5 1 2 2
116 1 1 2 5
117 1 2 2 6
118 6 2 1 6
119 2 5 1 4
120 4 4 3 3
121 5 2 3 3
122 3 2 0 2
123 7 2 3 5
124 1 1 1 2
125 6 0 1 4
126 2 2 0 6
127 2 2 4 7
128 3 3 3 5
129 5 2 1 1
130 4 6 2 2
131 6 0 2 5
132 2 3 2 3
133 5 2 0 2
134 7 0 2 6
135 3 1 3 3
136 10 5 0 4
137 1 3 0 6
138 7 3 5 3
139 9 3 2 5
140 5 2 1 0
141 3 3 2 4
142 5 2 0 3
143 1 3 2 10
144 3 4 2 2
145 6 5 4 9
146 6 0 1 2
147 6 6 2 4
148 8 2 2 6
149 5 3 1 5
150 9 3 1 4
151 3 6 1 5
152 4 3 1 7
153 6 2 2 2
154 9 6 0 9
155 8 4 4 2
156 9 2 1 3
157 10 3 3 3
158 10 6 0 9
159 18 7 3 5
160 10 4 2 5
161 8 5 2 7
162 14 4 4 7
163 7 8 3 9
164 8 6 4 6
165 11 4 3 6
166 10 6 3 3
167 8 5 7 11
168 14 12 3 9
169 10 7 2 11
170 10 8 5 8
171 8 9 9 12
172 9 6 3 12
173 9 11 2 11
174 6 1 4 13
175 9 4 2 15
176 19 5 1 8
177 11 6 5 10
178 9 9 3 11
179 15 6 3 10
180 14 4 2 10
181 17 10 5 5
182 16 3 2 13
183 11 9 2 8
184 16 9 4 10
185 12 7 7 8
186 20 10 7 5
187 15 7 2 10
188 12 8 8 15
189 17 12 4 11
190 27 8 7 14
191 15 14 6 11
192 20 7 7 17
193 17 5 9 18
194 22 6 5 11
195 20 13 11 13
196 10 7 6 11
197 11 6 3 15
198 21 15 8 18
199 15 17 12 19
200 16 14 7 15
201 11 10 12 10
202 19 9 1 21
203 20 12 8 21
204 20 10 3 17
205 16 6 8 29
206 21 7 2 17
207 21 6 5 20
208 9 9 7 14
209 10 11 9 14
210 14 11 6 13
211 13 15 8 13
212 9 9 7 14
213 16 9 5 15
214 11 4 3 15
215 10 10 10 18
216 14 13 11 15
217 16 5 2 15
218 10 10 5 16
219 12 9 3 19
220 15 7 5 22
221 17 7 5 10
222 14 12 6 15
223 11 7 5 15
224 7 4 9 6
225 12 9 6 14
226 8 9 4 17
227 7 4 6 15
228 13 7 2 14
229 9 4 4 15
230 9 9 6 11
231 7 7 6 12
232 7 9 2 11
233 6 7 8 12
234 9 7 3 14
235 7 3 4 8
236 3 1 5 8
237 4 4 3 17
238 3 4 3 13
239 7 7 2 11
240 6 1 2 4
241 5 5 1 10
242 3 5 1 7
243 6 1 4 7
244 6 5 4 6
245 8 4 1 6
246 9 3 2 10
247 3 2 3 4
248 2 5 1 9
249 3 3 2 6
250 2 2 3 4
251 3 5 3 6
252 6 5 0 3
253 0 1 3 4
254 6 4 2 6
255 6 2 1 8
256 3 0 4 6
257 2 3 1 3
258 1 1 0 6
259 2 3 3 4
260 4 2 2 4
261 5 3 0 7
262 3 1 0 2
263 2 1 0 7
264 2 2 1 4
265 4 3 1 1
266 0 1 4 2
267 3 1 1 2
268 3 2 2 3
269 2 4 2 1
270 7 3 0 4
271 5 0 1 3
272 3 0 1 5
273 2 1 1 7
274 2 1 3 3
275 3 1 3 1
276 0 5 1 2
277 2 0 3 3
278 3 0 0 3
279 0 3 1 3
280 1 0 2 6
281 2 0 1 2
282 4 1 2 2
283 3 2 1 3
284 2 0 2 2
285 1 1 0 1
286 1 1 0 5
287 1 2 0 5
288 0 1 2 0
289 2 2 1 1
290 0 2 0 1
291 1 4 0 3
292 0 1 0 1
293 1 0 0 4
294 2 0 2 1
295 2 0 0 3
296 2 0 0 0
297 1 0 0 2
298 1 0 1 4
299 0 0 1 0
300 0 2 1 0
301 1 0 1 1
302 3 0 0 1
303 2 2 0 1
304 0 0 0 3
305 1 0 1 1
306 1 1 1 0
307 1 1 1 1
308 0 2 0 0
309 0 0 0 1
310 0 0 0 3
311 1 1 1 2
312 0 0 0 1
313 0 0 0 0
314 1 0 1 0
315 0 0 0 3
316 1 2 0 0
317 1 0 0 0
318 1 0 0 0
319 0 1 0 0
320 0 0 0 1
321 0 0 1 0
322 0 0 1 0
323 2 0 1 3
324 1 0 0 0
325 0 0 0 1
326 2 0 0 1
327 0 0 0 0
328 2 0 0 0
329 0 0 0 0
330 0 0 0 1
331 1 1 1 0
332 0 2 0 0
333 1 3 0 0
334 2 0 0 0
335 2 0 0 1
336 0 0 0 1
337 0 0 0 3
338 0 1 0 0
339 1 1 1 1
340 0 2 0 1
341 1 0 0 0
342 0 0 0 1
343 1 0 0 2
344 0 1 0 2
345 0 0 0 0
346 0 0 0 0
347 0 0 0 0
348 0 2 0 0
349 0 0 0 0
350 0 0 1 0
351 0 0 0 1
352 1 0 0 2
353 0 0 0 0
354 1 0 0 1
355 0 0 0 0
356 0 0 0 0
357 0 0 0 0
358 0 0 0 0
359 0 0 0 0
360 0 0 0 0
361 0 0 1 0
362 1 0 0 0
363 1 1 0 0
364 0 0 0 0
365 0 0 0 1
366 0 0 0 0
367 0 0 0 0
368 0 0 1 0
369 0 0 0 0
370 0 0 0 1
371 0 0 1 0
372 0 0 0 1
373 0 0 0 0
374 0 0 0 0
375 0 0 0 0
376 0 0 0 0
377 0 0 0 0
378 0 0 0 1
379 0 0 0 0
380 0 0 0 0
381 0 0 0 0
382 0 0 0 0
383 0 0 0 0
384 0 0 0 0
385 1 0 0 0
386 0 0 0 0
387 2 0 0 0
388 2 0 0 0
389 0 0 0 0
390 1 1 0 0
391 1 0 0 0
392 1 2 0 0
393 1 0 1 0
394 0 0 0 1
395 0 0 0 0
396 1 0 1 2
397 0 1 1 1
398 0 1 0 0
399 0 1 0 0
400 0 0 0 0
401 0 1 0 0
402 2 0 0 0
403 0 0 0 1
404 1 0 0 2
405 1 0 0 2
406 0 0 0 1
407 1 1 0 0
408 1 0 0 0
409 1 0 1 0
410 3 0 0 0
411 1 1 0 1
412 0 0 0 0
413 2 0 0 1
414 0 1 1 0
415 2 2 1 0
416 1 2 0 0
417 2 1 0 0
418 2 1 0 2
419 1 0 0 4
420 2 0 1 1
421 3 0 0 0
422 0 0 1 0
423 2 1 1 1
424 0 1 0 2
425 1 1 0 1
426 1 2 1 0
427 1 0 0 1
428 0 2 0 1
429 3 1 1 2
430 1 3 0 2
431 3 0 0 0
432 0 2 0 1
433 2 0 0 2
434 2 1 0 1
435 0 2 0 2
436 1 1 0 2
437 0 0 0 2
438 0 2 1 1
439 1 1 0 3
440 0 1 1 0
441 2 0 0 0
442 3 1 0 1
443 4 1 0 2
444 3 0 0 0
445 4 0 1 1
446 6 1 0 2
447 1 1 0 3
448 2 2 1 0
449 0 0 1 1
450 2 2 2 0
451 2 2 3 0
452 2 0 2 4
453 2 1 1 0
454 4 0 1 2
455 0 3 2 4
456 1 0 1 3
457 1 2 1 4
458 2 1 0 2
459 1 2 1 1
460 2 1 0 2
461 2 1 0 2
462 2 1 0 4
463 2 3 2 1
464 2 0 1 1
465 2 1 0 2
466 2 2 0 3
467 2 1 1 3
468 1 1 0 1
469 3 1 1 1
470 5 3 1 5
471 4 0 1 2
472 2 1 0 1
473 3 0 1 0
474 2 1 2 2
475 3 0 3 1
476 4 2 1 1
477 3 1 1 2
478 2 1 1 3
479 3 2 2 4
480 1 2 3 0
481 1 3 2 3
482 0 1 2 3
483 2 1 1 5
484 1 1 1 3
485 1 0 0 3
486 0 2 0 6
487 7 0 0 3
488 0 1 2 3
489 4 1 1 0
490 0 1 0 3
491 3 0 0 0
492 6 2 2 1
493 1 0 0 1
494 3 2 0 1
495 4 0 0 2
496 2 4 2 2
497 3 4 0 0
498 3 2 1 1
499 3 1 1 3
500 7 1 1 2
501 4 1 2 4
502 2 1 1 2
503 1 0 2 5
504 4 3 1 1
505 4 1 1 2
506 3 3 3 1
507 3 2 1 3
508 4 1 1 7
509 4 2 3 3
510 1 2 2 5
511 4 2 1 2
512 1 1 1 2
513 3 1 2 6
514 2 2 1 3
515 3 1 1 0
516 1 1 3 2
517 5 3 2 3
518 4 3 1 5
519 8 0 1 3
520 9 4 0 5
521 5 0 0 4
522 6 1 1 1
523 4 0 1 2
524 3 5 1 6
525 5 5 4 3
526 8 4 2 0
527 4 4 2 0
528 3 4 4 3
529 4 3 0 7
530 7 4 1 4
531 1 6 2 4
532 5 1 1 9
533 6 2 2 6
534 7 3 1 7
535 6 5 1 6
536 9 0 2 4
537 6 3 1 5
538 8 2 3 6
539 9 3 4 5
540 5 0 3 3
541 6 5 2 4
542 6 4 3 2
543 10 4 3 6
544 6 2 6 4
545 7 3 6 7
546 6 2 4 6
547 7 4 4 2
548 10 7 3 9
549 5 5 2 3
550 4 4 2 9
551 5 3 2 9
552 5 6 3 14
553 6 4 2 7
554 7 3 4 7
555 8 4 2 6
556 5 5 1 6
557 4 5 2 6
558 1 4 2 9
559 4 1 2 8
560 4 2 3 5
561 6 4 3 5
562 9 2 0 8
563 10 2 3 5
564 6 4 2 6
565 7 4 0 7
566 9 5 2 2
567 2 4 1 5
568 7 4 1 7
569 8 1 2 2
570 7 6 2 5
571 3 5 2 6
572 5 3 3 2
573 2 3 4 6
574 3 4 3 6
575 2 7 3 8
576 7 1 3 5
577 6 4 1 6
578 4 4 1 9
579 6 4 2 7
580 1 2 2 6
581 5 4 1 4
582 3 0 1 7
583 0 2 0 4
584 2 3 1 3
585 1 4 2 4
586 5 6 0 5
587 2 2 4 6
588 4 3 0 4
589 3 1 1 3
590 5 1 1 4
591 1 1 2 5
592 3 0 1 5
593 3 0 1 4
594 3 1 1 4
595 1 2 5 2
596 2 3 0 1
597 4 4 0 0
598 2 2 2 5
599 2 1 1 6
600 2 0 1 1
601 1 0 1 4
602 1 1 3 5
603 0 0 2 2
604 1 1 0 2
605 2 1 0 2
606 2 1 0 1
607 1 2 1 2
608 0 2 0 3
609 1 1 2 3
610 0 2 0 0
611 1 1 1 1
612 1 1 0 3
613 1 0 0 2
614 0 1 0 5
615 1 0 0 1
616 3 0 0 1
617 1 0 0 0
618 0 1 0 2
619 0 0 0 0
620 2 1 1 0
621 0 1 1 1
622 2 0 2 0
623 2 2 0 0
624 1 0 0 2
625 1 1 1 1
626 1 0 0 2
627 1 0 0 2
628 1 0 0 2
629 1 0 0 0
630 1 1 1 1
631 0 1 1 0
632 0 2 0 1
633 0 1 1 0
634 0 1 0 1
635 0 1 1 1
636 0 0 0 1
637 0 0 0 1
638 1 0 0 1
639 0 0 0 2
640 1 0 0 2
641 0 0 0 1
642 0 0 0 1
643 0 0 0 0
644 0 0 0 0
645 0 0 0 0
646 0 0 0 0
647 0 1 0 0
648 1 0 0 0
649 1 1 0 0
650 1 0 0 0
651 1 0 0 1
652 0 0 0 0
653 0 0 1 0
654 0 0 0 0
655 0 0 0 0
656 0 0 1 1
657 1 0 0 0
658 1 0 1 0
659 1 0 1 0
660 1 0 0 2
661 0 0 0 0
662 0 0 1 0
663 1 0 0 1
664 0 0 0 0
665 1 0 0 1
666 0 0 0 1
667 0 1 0 0
668 1 1 1 0
669 1 0 1 0
670 0 1 0 0
671 1 0 0 0
672 0 0 0 1
673 0 0 1 2
674 1 0 0 1
675 1 0 0 1
676 0 0 0 0
677 0 0 0 1
678 1 0 1 0
679 0 0 1 0
680 0 1 0 0
681 1 0 0 0
682 0 0 0 0
683 0 0 0 1
684 0 0 1 0
685 0 0 0 1
686 0 1 0 0
687 0 0 1 1
688 0 0 0 1
689 0 0 0 0
690 0 0 0 0
691 0 0 0 0
692 0 0 0 0
693 0 0 0 1
694 0 0 0 1
695 0 0 0 0
696 0 0 0 0
697 0 0 0 0
698 0 0 0 0
699 0 0 0 0
700 0 0 0 0
701 0 0 0 0
702 0 0 0 0
703 0 0 0 0
704 0 0 0 0
705 0 0 0 0
706 0 0 0 0
707 0 0 0 0
708 0 0 0 0
709 0 0 0 0
710 0 0 0 0
711 0 0 0 0
712 0 0 0 0
713 0 0 0 0
714 0 0 0 0
715 0 0 0 0
716 0 0 0 0
717 0 0 0 0
718 0 0 0 0
719 0 0 0 0
720 0 0 0 0
721 0 0 0 0
722 0 0 0 0
723 0 0 0 0
724 0 0 0 0
725 0 0 0 0
726 0 0 0 0
727 0 0 0 0
