0 0 0 0 0
1 0 0 0 0
2 0 0 0 0
3 0 0 0 0
4 0 0 0 0
5 0 0 1 0
6 0 0 0 0
7 0 0 0 0
8 0 0 0 0
9 0 3 1 0
10 0 0 0 0
11 0 0 0 0
12 0 0 0 1
13 0 0 0 1
14 0 0 0 0
15 0 0 0 1
16 0 0 0 2
17 0 0 0 0
18 0 0 0 0
19 0 0 0 0
20 0 0 0 0
21 1 0 0 0
22 1 0 0 0
23 2 0 0 0
24 0 0 0 0
25 1 0 0 0
26 4 0 1 0
27 1 0 0 0
28 1 0 1 0
29 2 0 0 0
30 1 1 0 0
31 2 1 2 0
32 1 1 1 1
33 0 1 0 1
34 1 0 0 0
35 0 2 0 0
36 1 2 0 0
37 1 0 0 2
38 1 2 0 3
39 1 2 0 2
40 0 0 0 2
41 0 1 0 0
42 1 0 0 3
43 1 1 0 1
44 2 1 0 0
45 1 0 1 2
46 0 1 0 1
47 0 0 1 1
48 2 0 1 1
49 2 2 0 1
50 2 0 0 1
51 1 0 0 0
52 4 0 0 1
53 1 1 0 1
54 2 2 1 1
55 2 0 1 0
56 0 0 0 1
57 1 2 0 1
58 1 0 0 1
59 2 0 3 0
60 0 2 0 1
61 0 3 1 3
62 1 0 1 1
63 0 1 0 1
64 0 1 1 1
65 0 0 0 2
66 2 0 1 2
67 1 0 1 1
68 1 0 0 3
69 2 0 0 2
70 2 0 0 1
71 1 0 2 2
72 3 0 0 0
73 2 0 0 0
74 3 1 1 0
75 2 0 1 1
76 3 1 0 0
77 4 1 2 0
78 1 0 1 2
79 3 2 2 1
80 2 1 1 0
81 1 1 2 2
82 1 2 1 2
83 3 0 1 1
84 3 1 1 2
85 2 2 0 1
86 2 0 2 6
87 0 1 0 0
88 2 4 0 4
89 2 2 1 2
90 2 0 3 2
91 1 2 1 1
92 1 0 0 6
93 2 0 0 1
94 3 1 1 3
95 4 2 0 1
96 5 0 1 2
97 4 1 1 1
98 4 2 0 3
99 3 3 0 1
100 2 2 0 1
101 5 3 1 3
102 6 2 2 2
103 5 1 3 3
104 3 0 3 1
105 3 1 1 2
106 6 2 3 2
107 6 4 2 4
108 4 3 1 3
109 4 3 1 5
110 4 0 1 4
111 4 2 0 5
112 8 3 2 5
113 6 2 1 5
114 3 4 0 2
115 5 6 1 2
116 4 3 3 3
117 8 3 3 2
118 4 3 1 2
119 4 2 2 5
120 6 4 2 7
121 6 5 3 8
122 4 5 3 6
123 5 2 0 2
124 5 3 0 3
125 8 2 0 7
126 7 2 5 6
127 2 5 0 7
128 9 1 3 4
129 8 2 4 5
130 4 5 3 4
131 5 3 0 3
132 5 2 2 2
133 9 4 4 6
134 10 7 2 7
135 3 4 4 3
136 12 2 1 6
137 4 2 2 9
138 6 6 5 4
139 7 3 5 7
140 7 3 2 6
141 13 5 7 7
142 8 2 1 10
143 11 3 2 5
144 8 6 2 6
145 5 3 3 9
146 10 8 1 5
147 8 7 2 7
148 6 4 4 10
149 5 2 4 7
150 12 4 4 6
151 7 5 7 9
152 11 5 4 5
153 6 5 4 4
154 11 4 3 11
155 18 3 5 10
156 12 4 4 9
157 13 5 1 10
158 4 4 1 10
159 13 2 7 9
160 8 11 4 7
161 11 8 5 7
162 10 7 4 7
163 9 9 3 7
164 9 9 2 9
165 18 2 8 8
166 8 6 4 11
167 17 5 2 18
168 13 7 5 13
169 16 4 1 8
170 14 8 6 6
171 22 6 4 11
172 14 5 6 13
173 15 9 6 8
174 15 8 5 9
175 13 7 2 9
176 22 13 10 7
177 18 7 6 11
178 12 13 8 12
179 21 7 9 12
180 24 11 4 27
181 21 11 7 12
182 17 10 8 14
183 17 6 5 19
184 20 10 11 17
185 24 7 13 18
186 21 14 5 16
187 17 7 12 11
188 25 9 7 19
189 16 17 7 18
190 13 11 8 20
191 39 14 6 18
192 23 15 6 20
193 13 15 8 21
194 20 11 8 20
195 22 8 7 17
196 25 18 12 19
197 21 17 8 23
198 21 9 7 22
199 23 9 6 18
200 20 14 15 29
201 23 11 11 23
202 21 11 4 16
203 21 15 8 20
204 21 14 8 27
205 14 13 8 18
206 19 18 9 11
207 20 15 6 19
208 18 11 7 25
209 22 11 5 26
210 17 10 8 22
211 12 13 8 20
212 17 10 7 19
213 9 14 11 23
214 15 10 5 20
215 14 12 9 19
216 10 12 3 16
217 11 10 7 27
218 9 12 5 19
219 12 6 7 20
220 9 8 6 17
221 6 7 7 15
222 12 8 4 18
223 8 10 4 15
224 9 11 3 14
225 13 1 4 15
226 9 2 4 12
227 12 6 4 13
228 12 8 3 9
229 5 10 2 9
230 8 9 3 11
231 9 5 5 15
232 7 6 4 7
233 9 6 3 5
234 4 5 3 11
235 3 5 6 7
236 3 8 3 12
237 8 7 5 15
238 8 2 6 16
239 5 5 0 9
240 4 2 1 7
241 5 1 2 6
242 6 5 4 11
243 3 4 1 6
244 8 3 1 10
245 6 1 1 5
246 3 3 3 7
247 5 5 3 4
248 5 4 2 4
249 2 6 2 8
250 1 5 1 6
251 1 2 0 7
252 6 2 2 3
253 2 3 3 6
254 2 2 2 8
255 1 1 3 4
256 2 1 0 7
257 4 1 3 4
258 2 2 1 2
259 4 1 0 1
260 3 0 2 4
261 1 3 2 5
262 2 2 0 6
263 0 1 1 1
264 4 2 1 5
265 2 0 1 3
266 1 2 0 4
267 3 2 0 1
268 1 0 0 2
269 1 3 1 2
270 4 0 2 1
271 3 0 1 3
272 3 1 1 0
273 2 2 2 5
274 2 1 0 0
275 1 3 1 0
276 0 2 2 1
277 0 0 1 6
278 0 3 0 1
279 0 1 0 6
280 1 1 1 2
281 0 1 1 2
282 0 0 0 2
283 1 1 0 2
284 0 0 0 1
285 1 1 0 2
286 0 0 0 1
287 0 0 0 1
288 1 0 0 1
289 1 0 0 1
290 0 0 0 1
291 0 0 0 0
292 0 1 0 0
293 1 0 1 0
294 0 0 0 0
295 0 0 0 0
296 1 0 0 1
297 0 1 0 1
298 0 2 0 0
299 0 0 0 0
300 1 0 0 0
301 0 0 0 0
302 0 0 0 1
303 0 0 0 0
304 1 0 0 1
305 0 1 1 1
306 0 0 0 0
307 0 0 0 0
308 0 0 0 0
309 1 0 1 1
310 0 0 0 0
311 0 0 0 0
312 0 0 0 1
313 0 0 0 1
314 0 1 0 0
315 0 0 0 0
316 0 0 0 0
317 0 0 0 0
318 0 0 0 0
319 0 0 0 0
320 0 0 0 0
321 0 0 0 1
322 0 0 0 0
323 0 0 0 0
324 0 0 0 0
325 0 0 0 0
326 0 0 0 0
327 0 0 0 0
328 0 0 0 0
329 0 0 0 0
330 0 0 0 0
331 0 0 0 0
332 0 0 0 0
333 0 0 0 0
334 0 0 0 0
335 0 0 0 0
336 0 0 0 0
337 0 0 0 0
338 0 0 0 0
339 0 0 0 0
340 0 0 0 0
341 0 0 0 0
342 0 0 0 0
343 0 0 0 0
344 0 0 0 0
345 0 0 0 0
346 0 0 0 0
347 0 0 0 0
348 0 0 0 0
349 0 0 0 0
350 0 0 0 0
351 0 0 0 0
352 0 0 0 0
353 0 0 0 0
354 0 0 0 0
355 0 0 0 0
356 0 0 0 0
357 0 0 0 0
358 0 0 0 0
359 0 0 0 0
360 0 0 0 0
361 0 0 0 0
362 0 0 0 0
363 0 0 0 0
364 0 0 0 0
365 0 0 0 0
366 0 0 0 0
367 0 0 0 0
368 0 0 0 0
369 0 0 0 0
370 0 0 0 0
371 0 0 0 0
372 0 0 0 0
373 0 0 0 0
374 0 0 0 0
375 0 0 0 0
376 0 0 0 0
377 0 0 0 0
378 0 0 0 0
379 0 0 0 0
380 0 0 0 0
381 0 0 0 0
382 0 0 0 0
383 0 0 0 0
384 0 0 0 0
385 0 0 0 0
386 0 0 0 0
387 0 0 0 0
388 0 0 0 0
389 0 0 0 0
390 0 0 0 0
391 0 0 0 0
392 0 0 0 0
393 0 0 0 0
394 0 0 0 0
395 0 0 0 0
396 0 0 0 0
397 0 0 0 0
398 0 0 0 0
399 0 0 0 0
400 0 0 0 0
401 0 0 0 0
402 0 0 0 0
403 0 0 0 0
404 0 0 0 0
405 0 0 0 0
406 0 0 0 0
407 0 0 0 0
408 0 0 0 0
409 0 0 0 0
410 0 0 0 0
411 0 0 0 0
412 0 0 0 0
413 0 0 0 0
414 0 0 0 0
415 0 0 0 0
416 0 0 0 0
417 0 0 0 0
418 0 0 0 0
419 0 0 0 0
420 0 0 0 0
421 0 0 0 0
422 0 0 0 0
423 0 0 0 0
424 0 0 0 0
425 0 0 0 0
426 0 0 0 0
427 0 0 0 0
428 0 0 0 0
429 0 0 0 0
430 0 0 0 0
431 0 0 0 0
432 0 0 0 0
433 0 0 0 0
434 0 0 0 0
435 0 0 0 0
436 0 0 0 0
437 0 0 0 0
438 0 0 0 0
439 0 0 0 0
440 0 0 0 0
441 0 0 0 0
442 0 0 0 0
443 0 0 0 0
444 0 0 0 0
445 0 0 0 0
446 0 0 0 0
447 0 0 0 0
448 0 0 0 0
449 0 0 0 0
450 0 0 0 0
451 0 0 0 0
452 0 0 0 0
453 0 0 0 0
454 0 0 0 0
455 0 0 0 0
456 0 0 0 0
457 0 0 0 0
458 0 0 0 0
459 0 0 0 0
460 0 0 0 0
461 0 0 0 0
462 0 0 0 0
463 0 0 0 0
464 0 0 0 0
465 0 0 0 0
466 0 0 0 0
467 0 0 0 0
468 0 0 0 0
469 0 0 0 0
470 0 0 0 0
471 0 0 0 0
472 0 0 0 0
473 0 0 0 0
474 0 0 0 0
475 0 0 0 0
476 0 0 0 0
477 0 0 0 0
478 0 0 0 0
479 0 0 0 0
480 0 0 0 0
481 0 0 0 0
482 0 0 0 0
483 0 0 0 0
484 0 0 0 0
485 0 0 0 0
486 0 0 0 0
487 0 0 0 0
488 0 0 0 0
489 0 0 0 0
490 0 0 0 0
491 0 0 0 0
492 0 0 0 0
493 0 0 0 0
494 0 0 0 0
495 0 0 0 0
496 0 0 0 0
497 0 0 0 0
498 0 0 0 0
499 0 0 0 0
500 0 0 0 0
501 0 0 0 0
502 0 0 0 0
503 0 0 0 0
504 0 0 0 0
505 0 0 0 0
506 0 0 0 0
507 0 0 0 0
508 0 0 0 0
509 0 0 0 0
510 0 0 0 0
511 0 0 0 0
512 0 0 0 0
513 0 0 0 0
514 0 0 0 0
515 0 0 0 0
516 0 0 0 0
517 0 0 0 0
518 0 0 0 0
519 0 0 0 0
520 0 0 0 0
521 0 0 0 0
522 0 0 0 0
523 0 0 0 0
524 0 0 0 0
525 0 0 0 0
526 0 0 0 0
527 0 0 0 0
528 0 0 0 0
529 0 0 0 0
530 0 0 0 0
531 0 0 0 0
532 0 0 0 0
533 0 0 0 0
534 0 0 0 0
535 0 0 0 0
536 0 0 0 0
537 0 0 0 0
538 0 0 0 0
539 0 0 0 0
540 0 0 0 0
541 0 0 0 0
542 0 0 0 0
543 0 0 0 0
544 0 0 0 0
545 0 0 0 0
546 0 0 0 0
547 0 0 0 0
548 0 0 0 0
549 0 0 0 0
550 0 0 0 0
551 0 0 0 0
552 0 0 0 0
553 0 0 0 0
554 0 0 0 0
555 0 0 0 0
556 0 0 0 0
557 0 0 0 0
558 0 0 0 0
559 0 0 0 0
560 0 0 0 0
561 0 0 0 0
562 0 0 0 0
563 0 0 0 0
564 0 0 0 0
565 0 0 0 0
566 0 0 0 0
567 0 0 0 0
568 0 0 0 0
569 0 0 0 0
570 0 0 0 0
571 0 0 0 0
572 0 0 0 0
573 0 0 0 0
574 0 0 0 0
575 0 0 0 0
576 0 0 0 0
577 0 0 0 0
578 0 0 0 0
579 0 0 0 0
580 0 0 0 0
581 0 0 0 0
582 0 0 0 0
583 0 0 0 0
584 0 0 0 0
585 0 0 0 0
586 0 0 0 0
587 0 0 0 0
588 0 0 0 0
589 0 0 0 0
590 0 0 0 0
591 0 0 0 0
592 0 0 0 0
593 0 0 0 0
594 0 0 0 0
595 0 0 0 0
596 0 0 0 0
597 0 0 0 0
598 0 0 0 0
599 0 0 0 0
600 0 0 0 0
601 0 0 0 0
602 0 0 0 0
603 0 0 0 0
604 0 0 0 0
605 0 0 0 0
606 0 0 0 0
607 0 0 0 0
608 0 0 0 0
609 0 0 0 0
610 0 0 0 0
611 0 0 0 0
612 0 0 0 0
613 0 0 0 0
614 0 0 0 0
615 0 0 0 0
616 0 0 0 0
617 0 0 0 0
618 0 0 0 0
619 0 0 0 0
620 0 0 0 0
621 0 0 0 0
622 0 0 0 0
623 0 0 0 0
624 0 0 0 0
625 0 0 0 0
626 0 0 0 0
627 0 0 0 0
628 0 0 0 0
629 0 0 0 0
630 0 0 0 0
631 0 0 0 0
632 0 0 0 0
633 0 0 0 0
634 0 0 0 0
635 0 0 0 0
636 0 0 0 0
637 0 0 0 0
638 0 0 0 0
639 0 0 0 0
640 0 0 0 0
641 0 0 0 0
642 0 0 0 0
643 0 0 0 0
644 0 0 0 0
645 0 0 0 0
646 0 0 0 0
647 0 0 0 0
648 0 0 0 0
649 0 0 0 0
650 0 0 0 0
651 0 0 0 0
652 0 0 0 0
653 0 0 0 0
654 0 0 0 0
655 0 0 0 0
656 0 0 0 0
657 0 0 0 0
658 0 0 0 0
659 0 0 0 0
660 0 0 0 0
661 0 0 0 0
662 0 0 0 0
663 0 0 0 0
664 0 0 0 0
665 0 0 0 0
666 0 0 0 0
667 0 0 0 0
668 0 0 0 0
669 0 0 0 0
670 0 0 0 0
671 0 0 0 0
672 0 0 0 0
673 0 0 0 0
674 0 0 0 0
675 0 0 0 0
676 0 0 0 0
677 0 0 0 0
678 0 0 0 0
679 0 0 0 0
680 0 0 0 0
681 0 0 0 0
682 0 0 0 0
683 0 0 0 0
684 0 0 0 0
685 0 0 0 0
686 0 0 0 0
687 0 0 0 0
688 0 0 0 0
689 0 0 0 0
690 0 0 0 0
691 0 0 0 0
692 0 0 0 0
693 0 0 0 0
694 0 0 0 0
695 0 0 0 0
696 0 0 0 0
697 0 0 0 0
698 0 0 0 0
699 0 0 0 0
700 0 0 0 0
701 0 0 0 0
702 0 0 0 0
703 0 0 0 0
704 0 0 0 0
705 0 0 0 0
706 0 0 0 0
707 0 0 0 0
708 0 0 0 0
709 0 0 0 0
710 0 0 0 0
711 0 0 0 0
712 0 0 0 0
713 0 0 0 0
714 0 0 0 0
715 0 0 0 0
716 0 0 0 0
717 0 0 0 0
718 0 0 0 0
719 0 0 0 0
720 0 0 0 0
721 0 0 0 0
722 0 0 0 0
723 0 0 0 0
724 0 0 0 0
725 0 0 0 0
726 0 0 0 0
727 0 0 0 0
