0 0 0 0 0
1 0 0 0 0
2 0 0 0 0
3 0 0 0 0
4 0 0 0 0
5 0 1 0 0
6 0 1 0 0
7 0 0 0 0
8 0 1 0 0
9 0 2 0 1
10 0 0 0 1
11 0 0 0 0
12 0 0 0 1
13 1 0 0 1
14 0 0 0 1
15 0 0 0 0
16 0 0 0 0
17 0 0 0 0
18 0 1 0 0
19 0 0 0 0
20 1 0 0 0
21 0 0 0 0
22 1 0 0 1
23 0 0 0 0
24 0 0 0 0
25 0 1 0 0
26 0 0 0 0
27 0 0 0 0
28 0 0 0 0
29 1 0 0 1
30 0 0 0 0
31 0 1 0 0
32 0 0 0 0
33 1 0 0 0
34 1 0 0 0
35 0 0 0 1
36 0 0 0 0
37 0 0 0 0
38 0 0 2 0
39 0 0 1 0
40 0 0 0 0
41 0 0 0 0
42 0 0 0 1
43 0 0 0 1
44 1 0 0 0
45 0 0 0 1
46 1 0 0 0
47 0 0 0 0
48 0 0 0 0
49 0 1 0 0
50 0 0 0 0
51 0 0 0 0
52 0 0 0 0
53 2 0 0 0
54 0 0 0 0
55 3 0 1 0
56 2 0 0 1
57 1 0 0 0
58 1 1 0 0
59 1 0 0 0
60 1 0 3 0
61 1 2 0 0
62 0 1 0 1
63 1 0 0 0
64 0 0 0 2
65 0 0 0 3
66 1 1 1 1
67 0 1 0 1
68 0 1 1 0
69 0 0 1 0
70 0 0 0 1
71 0 0 0 0
72 0 0 0 1
73 2 0 0 2
74 0 0 0 1
75 2 1 0 0
76 0 0 0 1
77 0 0 0 0
78 1 1 1 0
79 0 0 0 0
80 2 1 1 0
81 0 0 0 0
82 1 0 0 1
83 2 0 0 0
84 2 0 0 2
85 2 1 0 2
86 3 0 0 0
87 2 1 0 0
88 2 1 0 0
89 0 1 0 0
90 1 0 0 0
91 3 3 0 1
92 3 0 2 2
93 0 1 3 0
94 0 1 1 0
95 2 0 1 1
96 0 1 3 2
97 0 2 0 3
98 0 0 0 4
99 0 0 0 2
100 1 1 1 4
101 1 0 2 1
102 0 0 0 0
103 3 0 0 1
104 3 0 0 2
105 1 0 1 1
106 3 0 0 0
107 4 0 0 1
108 5 2 1 1
109 2 0 0 0
110 5 1 1 0
111 2 1 1 0
112 3 0 0 2
113 3 7 1 0
114 2 0 1 2
115 3 0 2 4
116 2 2 2 0
117 3 3 1 5
118 3 1 3 0
119 2 5 0 0
120 1 1 2 5
121 2 0 1 3
122 3 3 1 5
123 3 0 0 4
124 1 1 1 2
125 4 1 1 2
126 1 1 1 5
127 2 2 1 3
128 6 1 0 1
129 4 1 2 3
130 5 2 1 1
131 4 1 1 4
132 6 3 1 1
133 5 0 3 3
134 7 4 2 1
135 5 1 1 2
136 5 0 2 2
137 7 3 2 3
138 4 1 2 4
139 6 2 3 4
140 3 2 1 4
141 3 3 2 4
142 7 3 3 2
143 3 4 3 5
144 4 7 1 5
145 8 3 2 7
146 6 3 1 4
147 6 2 3 3
148 6 2 1 5
149 5 3 1 4
150 5 2 4 8
151 7 5 3 4
152 10 6 1 7
153 5 3 3 5
154 8 4 4 5
155 7 3 1 5
156 7 5 0 7
157 10 7 2 4
158 8 4 1 8
159 6 5 2 2
160 11 4 5 7
161 3 2 3 6
162 5 3 4 6
163 6 6 2 7
164 6 4 1 11
165 8 5 2 3
166 8 3 3 10
167 7 5 2 8
168 5 5 2 6
169 16 7 5 5
170 12 6 1 5
171 12 5 3 7
172 11 4 1 7
173 10 6 2 13
174 10 7 2 10
175 10 5 4 10
176 11 4 4 5
177 18 5 3 4
178 10 10 4 4
179 6 5 3 10
180 16 9 4 8
181 19 6 4 12
182 12 6 8 9
183 14 7 6 8
184 10 6 5 10
185 14 9 4 14
186 14 14 5 12
187 11 10 3 10
188 13 9 1 12
189 12 7 6 14
190 14 10 4 13
191 12 7 5 12
192 12 6 6 11
193 13 4 7 20
194 14 8 2 14
195 13 8 5 12
196 15 5 4 9
197 14 5 6 12
198 18 11 9 12
199 14 5 9 12
200 13 9 8 14
201 14 7 3 8
202 14 2 6 20
203 15 7 5 9
204 10 8 5 18
205 8 14 5 13
206 10 8 10 11
207 11 9 8 10
208 10 10 5 11
209 8 9 1 11
210 3 3 6 16
211 13 8 5 14
212 5 11 4 19
213 6 5 3 13
214 6 7 2 14
215 9 4 0 12
216 8 6 5 18
217 4 6 3 9
218 7 3 4 14
219 16 3 1 5
220 5 8 3 10
221 6 6 3 8
222 13 2 1 8
223 9 4 5 5
224 7 6 4 7
225 11 1 2 7
226 6 5 4 3
227 5 5 2 12
228 6 9 5 12
229 4 3 4 3
230 5 1 3 7
231 8 8 2 6
232 3 6 4 14
233 4 3 2 11
234 3 3 6 6
235 1 1 4 7
236 1 6 3 7
237 2 3 1 6
238 1 3 3 9
239 1 1 4 9
240 3 1 1 6
241 3 1 1 5
242 1 1 0 5
243 1 1 0 7
244 1 1 0 3
245 2 1 2 2
246 3 0 2 5
247 4 0 0 2
248 1 0 0 3
249 4 2 0 1
250 7 2 2 1
251 1 0 3 0
252 4 1 2 2
253 3 0 1 3
254 3 0 3 3
255 3 5 1 2
256 1 2 1 1
257 0 1 0 2
258 3 3 1 2
259 1 4 2 4
260 1 1 0 1
261 1 2 0 2
262 2 0 0 7
263 1 1 1 5
264 1 1 1 1
265 1 2 1 3
266 1 1 0 3
267 1 2 0 1
268 1 0 0 2
269 1 0 1 2
270 1 0 0 1
271 2 1 1 2
272 1 0 1 1
273 2 2 0 1
274 1 1 1 1
275 2 1 0 1
276 1 1 0 1
277 1 0 1 1
278 0 0 1 2
279 1 2 0 2
280 0 1 1 1
281 2 0 1 2
282 0 0 2 0
283 0 0 0 3
284 1 1 0 2
285 1 0 0 2
286 0 1 0 0
287 0 0 0 0
288 0 1 0 0
289 0 0 0 2
290 1 0 1 1
291 0 0 0 1
292 0 0 0 1
293 0 1 0 0
294 2 1 0 0
295 0 0 0 0
296 0 0 0 0
297 1 0 0 2
298 0 0 0 0
299 0 1 1 0
300 1 0 0 0
301 0 0 0 1
302 0 0 1 0
303 0 1 0 2
304 0 0 0 0
305 1 0 0 0
306 0 0 0 0
307 0 0 0 1
308 1 0 0 0
309 1 1 0 1
310 0 0 1 0
311 1 0 0 0
312 0 0 0 0
313 0 0 1 0
314 0 1 0 0
315 0 0 0 0
316 0 0 0 1
317 0 0 0 1
318 0 1 0 1
319 0 0 0 0
320 0 0 0 1
321 0 0 0 0
322 0 0 0 0
323 0 0 0 0
324 0 0 0 0
325 0 0 0 1
326 0 0 0 0
327 0 0 0 0
328 0 0 0 0
329 0 0 0 0
330 0 0 0 0
331 0 0 0 0
332 0 0 0 0
333 0 0 0 0
334 0 0 0 0
335 0 0 0 0
336 0 0 0 0
337 0 0 0 0
338 0 0 0 0
339 0 0 0 0
340 0 0 0 0
341 0 0 0 0
342 0 0 0 0
343 0 0 0 0
344 0 0 0 0
345 0 0 0 0
346 0 0 0 0
347 0 0 0 0
348 0 0 0 0
349 0 0 0 0
350 0 0 0 0
351 0 0 0 0
352 0 0 0 0
353 0 0 0 0
354 0 0 0 0
355 0 0 0 0
356 0 0 0 0
357 0 0 0 0
358 0 0 0 0
359 0 0 0 0
360 0 0 0 0
361 0 0 0 0
362 0 0 0 0
363 0 0 0 0
364 0 0 0 0
365 0 0 0 0
366 0 0 0 0
367 0 0 0 0
368 0 0 0 0
369 0 0 0 0
370 0 0 0 0
371 0 0 0 0
372 0 0 0 0
373 0 0 0 0
374 0 0 0 0
375 0 0 0 0
376 0 0 0 0
377 0 0 0 0
378 0 0 0 0
379 0 0 0 0
380 0 0 0 0
381 0 0 0 0
382 0 0 0 0
383 0 0 0 0
384 0 0 0 0
385 0 0 0 0
386 0 0 0 0
387 0 0 0 0
388 0 0 0 0
389 0 0 0 0
390 0 0 0 0
391 0 0 0 0
392 0 0 0 0
393 0 0 0 0
394 0 0 0 0
395 0 0 0 0
396 0 0 0 0
397 0 0 0 0
398 0 0 0 0
399 0 0 0 0
400 0 0 0 0
401 0 0 0 0
402 0 0 0 0
403 0 0 0 0
404 0 0 0 0
405 0 0 0 0
406 0 0 0 0
407 0 0 0 0
408 0 0 0 0
409 0 0 0 0
410 0 0 0 0
411 0 0 0 0
412 0 0 0 0
413 0 0 0 0
414 0 0 0 0
415 0 0 0 0
416 0 0 0 0
417 0 0 0 0
418 0 0 0 0
419 0 0 0 0
420 0 0 0 0
421 0 0 0 0
422 0 0 0 0
423 0 0 0 0
424 0 0 0 0
425 0 0 0 0
426 0 0 0 0
427 0 0 0 0
428 0 0 0 0
429 0 0 0 0
430 0 0 0 0
431 0 0 0 0
432 0 0 0 0
433 0 0 0 0
434 0 0 0 0
435 0 0 0 0
436 0 0 0 0
437 0 0 0 0
438 0 0 0 0
439 0 0 0 0
440 0 0 0 0
441 0 0 0 0
442 0 0 0 0
443 0 0 0 0
444 0 0 0 0
445 0 0 0 0
446 0 0 0 0
447 0 0 0 0
448 0 0 0 0
449 0 0 0 0
450 0 0 0 0
451 0 0 0 0
452 0 0 0 0
453 0 0 0 0
454 0 0 0 0
455 0 0 0 0
456 0 0 0 0
457 0 0 0 0
458 0 0 0 0
459 0 0 0 0
460 0 0 0 0
461 0 0 0 0
462 0 0 0 0
463 0 0 0 0
464 0 0 0 0
465 0 0 0 0
466 0 0 0 0
467 0 0 0 0
468 0 0 0 0
469 0 0 0 0
470 0 0 0 0
471 0 0 0 0
472 0 0 0 0
473 0 0 0 0
474 0 0 0 0
475 0 0 0 0
476 0 0 0 0
477 0 0 0 0
478 0 0 0 0
479 0 0 0 0
480 0 0 0 0
481 0 0 0 0
482 0 0 0 0
483 0 0 0 0
484 0 0 0 0
485 0 0 0 0
486 0 0 0 0
487 0 0 0 0
488 0 0 0 0
489 0 0 0 0
490 0 0 0 0
491 0 0 0 0
492 0 0 0 0
493 0 0 0 0
494 0 0 0 0
495 0 0 0 0
496 0 0 0 0
497 0 0 0 0
498 0 0 0 0
499 0 0 0 0
500 0 0 0 0
501 0 0 0 0
502 0 0 0 0
503 0 0 0 0
504 0 0 0 0
505 0 0 0 0
506 0 0 0 0
507 0 0 0 0
508 0 0 0 0
509 0 0 0 0
510 0 0 0 0
511 0 0 0 0
512 0 0 0 0
513 0 0 0 0
514 0 0 0 0
515 0 0 0 0
516 0 0 0 0
517 0 0 0 0
518 0 0 0 0
519 0 0 0 0
520 0 0 0 0
521 0 0 0 0
522 0 0 0 0
523 0 0 0 0
524 0 0 0 0
525 0 0 0 0
526 0 0 0 0
527 0 0 0 0
528 0 0 0 0
529 0 0 0 0
530 0 0 0 0
531 0 0 0 0
532 0 0 0 0
533 0 0 0 0
534 0 0 0 0
535 0 0 0 0
536 0 0 0 0
537 0 0 0 0
538 0 0 0 0
539 0 0 0 0
540 0 0 0 0
541 0 0 0 0
542 0 0 0 0
543 0 0 0 0
544 0 0 0 0
545 0 0 0 0
546 0 0 0 0
547 0 0 0 0
548 0 0 0 0
549 0 0 0 0
550 0 0 0 0
551 0 0 0 0
552 0 0 0 0
553 0 0 0 0
554 0 0 0 0
555 0 0 0 0
556 0 0 0 0
557 0 0 0 0
558 0 0 0 0
559 0 0 0 0
560 0 0 0 0
561 0 0 0 0
562 0 0 0 0
563 0 0 0 0
564 0 0 0 0
565 0 0 0 0
566 0 0 0 0
567 0 0 0 0
568 0 0 0 0
569 0 0 0 0
570 0 0 0 0
571 0 0 0 0
572 0 0 0 0
573 0 0 0 0
574 0 0 0 0
575 0 0 0 0
576 0 0 0 0
577 0 0 0 0
578 0 0 0 0
579 0 0 0 0
580 0 0 0 0
581 0 0 0 0
582 0 0 0 0
583 0 0 0 0
584 0 0 0 0
585 0 0 0 0
586 0 0 0 0
587 0 0 0 0
588 0 0 0 0
589 0 0 0 0
590 0 0 0 0
591 0 0 0 0
592 0 0 0 0
593 0 0 0 0
594 0 0 0 0
595 0 0 0 0
596 0 0 0 0
597 0 0 0 0
598 0 0 0 0
599 0 0 0 0
600 0 0 0 0
601 0 0 0 0
602 0 0 0 0
603 0 0 0 0
604 0 0 0 0
605 0 0 0 0
606 0 0 0 0
607 0 0 0 0
608 0 0 0 0
609 0 0 0 0
610 0 0 0 0
611 0 0 0 0
612 0 0 0 0
613 0 0 0 0
614 0 0 0 0
615 0 0 0 0
616 0 0 0 0
617 0 0 0 0
618 0 0 0 0
619 0 0 0 0
620 0 0 0 0
621 0 0 0 0
622 0 0 0 0
623 0 0 0 0
624 0 0 0 0
625 0 0 0 0
626 0 0 0 0
627 0 0 0 0
628 0 0 0 0
629 0 0 0 0
630 0 0 0 0
631 0 0 0 0
632 0 0 0 0
633 0 0 0 0
634 0 0 0 0
635 0 0 0 0
636 0 0 0 0
637 0 0 0 0
638 0 0 0 0
639 0 0 0 0
640 0 0 0 0
641 0 0 0 0
642 0 0 0 0
643 0 0 0 0
644 0 0 0 0
645 0 0 0 0
646 0 0 0 0
647 0 0 0 0
648 0 0 0 0
649 0 0 0 0
650 0 0 0 0
651 0 0 0 0
652 0 0 0 0
653 0 0 0 0
654 0 0 0 0
655 0 0 0 0
656 0 0 0 0
657 0 0 0 0
658 0 0 0 0
659 0 0 0 0
660 0 0 0 0
661 0 0 0 0
662 0 0 0 0
663 0 0 0 0
664 0 0 0 0
665 0 0 0 0
666 0 0 0 0
667 0 0 0 0
668 0 0 0 0
669 0 0 0 0
670 0 0 0 0
671 0 0 0 0
672 0 0 0 0
673 0 0 0 0
674 0 0 0 0
675 0 0 0 0
676 0 0 0 0
677 0 0 0 0
678 0 0 0 0
679 0 0 0 0
680 0 0 0 0
681 0 0 0 0
682 0 0 0 0
683 0 0 0 0
684 0 0 0 0
685 0 0 0 0
686 0 0 0 0
687 0 0 0 0
688 0 0 0 0
689 0 0 0 0
690 0 0 0 0
691 0 0 0 0
692 0 0 0 0
693 0 0 0 0
694 0 0 0 0
695 0 0 0 0
696 0 0 0 0
697 0 0 0 0
698 0 0 0 0
699 0 0 0 0
700 0 0 0 0
701 0 0 0 0
702 0 0 0 0
703 0 0 0 0
704 0 0 0 0
705 0 0 0 0
706 0 0 0 0
707 0 0 0 0
708 0 0 0 0
709 0 0 0 0
710 0 0 0 0
711 0 0 0 0
712 0 0 0 0
713 0 0 0 0
714 0 0 0 0
715 0 0 0 0
716 0 0 0 0
717 0 0 0 0
718 0 0 0 0
719 0 0 0 0
720 0 0 0 0
721 0 0 0 0
722 0 0 0 0
723 0 0 0 0
724 0 0 0 0
725 0 0 0 0
726 0 0 0 0
727 0 0 0 0
