0 0 0 0 0
1 0 0 0 0
2 0 0 0 0
3 0 0 0 0
4 0 0 0 0
5 0 1 3 0
6 1 0 0 0
7 0 0 0 0
8 0 0 0 0
9 0 0 1 2
10 0 0 0 0
11 0 1 0 0
12 0 0 0 2
13 0 0 0 0
14 0 0 0 0
15 0 0 0 1
16 0 0 0 1
17 0 0 0 0
18 1 0 0 0
19 1 0 0 0
20 2 0 0 0
21 1 0 0 0
22 0 0 0 0
23 1 1 0 0
24 1 0 0 0
25 3 0 2 0
26 0 0 1 0
27 1 0 0 0
28 1 1 0 0
29 1 1 0 2
30 2 2 0 2
31 2 0 0 0
32 2 1 1 1
33 0 1 0 1
34 0 0 1 1
35 0 0 1 0
36 0 2 0 1
37 0 1 0 1
38 1 1 0 0
39 0 0 1 2
40 1 0 0 2
41 3 0 1 1
42 1 0 0 1
43 0 0 0 2
44 1 0 0 1
45 4 0 1 1
46 2 1 0 0
47 0 1 0 0
48 2 0 0 0
49 2 0 0 1
50 3 3 1 1
51 3 0 1 0
52 0 0 0 0
53 2 0 1 1
54 1 2 1 3
55 2 2 1 1
56 2 0 3 0
57 2 0 2 1
58 2 1 0 2
59 1 0 2 3
60 2 0 0 1
61 1 0 1 2
62 4 0 2 1
63 3 2 0 4
64 2 1 2 1
65 3 1 1 1
66 6 2 0 2
67 0 2 1 1
68 4 1 0 2
69 4 3 0 1
70 2 2 1 3
71 5 3 2 2
72 7 2 0 1
73 3 0 1 1
74 2 3 0 3
75 5 2 1 4
76 3 1 1 5
77 2 3 3 3
78 6 2 2 2
79 3 2 2 2
80 3 2 2 3
81 0 2 1 5
82 4 3 0 4
83 3 1 1 1
84 6 5 2 6
85 4 2 2 3
86 9 0 0 5
87 4 3 3 2
88 6 1 3 3
89 10 1 1 1
90 7 1 0 0
91 5 7 0 11
92 6 2 2 4
93 8 4 4 2
94 13 8 4 2
95 8 4 3 8
96 6 3 0 5
97 8 4 1 4
98 5 3 5 4
99 4 7 2 4
100 4 2 4 8
101 10 7 1 11
102 7 6 1 10
103 7 8 1 7
104 4 5 2 3
105 4 4 2 5
106 11 6 3 8
107 8 4 2 10
108 13 5 3 7
109 12 2 0 8
110 7 6 1 7
111 8 5 4 10
112 8 3 3 5
113 10 8 2 4
114 15 3 2 3
115 16 7 2 12
116 12 6 2 5
117 14 8 4 9
118 16 7 6 5
119 11 8 4 4
120 12 9 6 12
121 13 5 4 7
122 12 10 3 12
123 12 7 8 9
124 11 5 2 17
125 11 8 2 11
126 17 9 4 13
127 15 7 10 16
128 9 7 4 6
129 16 8 3 10
130 14 9 3 14
131 17 10 5 18
132 19 11 4 11
133 22 4 5 12
134 13 10 7 7
135 21 10 5 11
136 17 11 10 13
137 20 13 5 16
138 19 8 7 18
139 22 8 5 13
140 17 7 5 17
141 15 13 4 18
142 20 14 11 14
143 22 10 6 14
144 18 13 8 14
145 18 9 8 20
146 15 6 7 22
147 12 16 5 8
148 22 12 11 20
149 25 8 10 18
150 27 12 10 17
151 32 6 8 22
152 29 11 8 21
153 28 8 8 19
154 17 19 5 17
155 30 12 8 13
156 23 9 7 17
157 31 14 14 22
158 15 12 13 22
159 27 13 15 23
160 33 22 14 14
161 23 18 6 17
162 23 14 6 22
163 25 8 6 27
164 23 22 7 39
165 23 15 12 24
166 26 21 12 19
167 38 4 11 29
168 21 12 7 32
169 25 18 15 23
170 32 19 8 20
171 32 18 10 18
172 27 20 12 24
173 30 9 14 32
174 37 9 9 19
175 32 16 11 25
176 32 28 11 33
177 39 14 9 23
178 35 22 13 23
179 47 18 18 24
180 40 21 12 37
181 30 17 10 19
182 40 26 7 35
183 40 21 19 36
184 34 25 12 34
185 27 28 7 30
186 33 22 13 34
187 41 26 15 33
188 30 24 17 35
189 31 27 15 35
190 50 19 12 38
191 35 19 10 38
192 42 22 20 36
193 35 17 9 31
194 41 14 8 35
195 37 23 18 35
196 33 21 19 46
197 50 23 14 32
198 35 22 11 25
199 40 28 21 43
200 45 25 17 32
201 43 22 13 31
202 33 26 18 29
203 35 24 17 54
204 35 23 12 44
205 15 25 13 33
206 18 23 22 39
207 25 22 13 38
208 29 19 19 40
209 27 23 16 49
210 17 16 11 40
211 23 12 10 33
212 15 21 11 36
213 16 19 17 41
214 18 15 8 36
215 15 9 4 31
216 13 13 9 35
217 20 11 8 23
218 18 12 9 19
219 22 14 9 20
220 19 9 10 34
221 18 13 4 22
222 10 13 5 17
223 11 11 8 22
224 12 11 10 16
225 18 11 3 25
226 12 8 13 22
227 8 8 4 22
228 9 2 8 12
229 12 13 3 20
230 10 7 8 18
231 14 7 4 20
232 12 4 5 10
233 11 8 5 15
234 7 14 2 14
235 10 6 2 9
236 9 7 9 14
237 9 7 6 15
238 6 7 4 17
239 5 5 4 9
240 5 3 4 13
241 5 5 3 11
242 4 8 2 10
243 8 4 3 15
244 12 5 4 11
245 2 3 2 6
246 8 5 2 6
247 5 6 1 8
248 7 3 3 10
249 6 7 4 9
250 8 2 1 5
251 6 3 1 9
252 5 6 3 4
253 7 7 2 11
254 4 5 1 5
255 7 4 2 7
256 3 2 3 8
257 7 1 4 7
258 6 4 1 4
259 2 4 1 8
260 6 2 3 7
261 5 1 4 2
262 1 3 3 7
263 3 7 1 3
264 1 4 2 8
265 2 3 3 5
266 3 2 5 8
267 1 2 1 7
268 3 1 0 4
269 1 0 1 5
270 3 2 2 3
271 1 1 2 5
272 0 2 0 3
273 2 3 1 6
274 1 0 0 4
275 3 1 1 3
276 3 2 0 1
277 1 1 0 4
278 3 2 0 1
279 2 2 0 3
280 2 0 2 4
281 2 1 0 1
282 2 0 1 1
283 2 1 1 2
284 1 1 1 1
285 1 3 0 2
286 2 3 1 2
287 2 1 1 3
288 0 1 1 1
289 2 0 2 2
290 0 0 0 1
291 1 3 0 2
292 0 0 1 1
293 2 0 0 4
294 0 2 1 1
295 1 0 0 5
296 0 1 1 1
297 0 0 0 0
298 1 0 1 1
299 0 0 0 1
300 0 1 0 1
301 0 0 0 2
302 0 0 1 1
303 0 0 0 1
304 0 0 0 1
305 0 0 0 0
306 0 0 0 1
307 0 0 1 0
308 0 0 0 0
309 0 0 0 0
310 0 0 0 0
311 0 0 0 1
312 0 0 0 0
313 1 0 0 0
314 0 0 0 0
315 0 0 0 0
316 0 0 0 0
317 0 0 0 0
318 0 0 0 0
319 0 0 0 0
320 0 0 0 0
321 0 0 0 0
322 0 1 0 0
323 0 0 0 0
324 0 0 0 0
325 0 0 0 0
326 0 0 0 0
327 0 0 0 0
328 0 0 0 0
329 0 0 0 1
330 0 0 0 0
331 0 0 0 0
332 0 0 0 0
333 0 0 0 0
334 0 0 0 0
335 0 0 0 0
336 0 0 0 0
337 0 0 0 0
338 0 0 0 0
339 0 0 0 0
340 0 0 0 0
341 0 0 0 0
342 0 0 0 0
343 0 0 0 0
344 1 0 0 0
345 0 0 0 0
346 0 0 0 0
347 0 0 0 0
348 0 0 0 0
349 0 1 0 0
350 0 0 0 0
351 0 0 0 0
352 0 0 0 0
353 0 0 0 1
354 0 0 0 0
355 0 0 0 0
356 0 0 0 0
357 0 0 0 0
358 0 0 0 0
359 0 0 0 0
360 0 0 0 0
361 0 0 0 0
362 0 0 0 0
363 0 0 0 0
364 0 0 0 0
365 0 0 0 0
366 0 0 0 0
367 0 0 0 0
368 0 0 0 0
369 0 0 0 0
370 0 0 0 0
371 0 0 0 0
372 0 0 0 0
373 0 0 0 0
374 0 0 0 0
375 0 0 0 0
376 0 0 0 0
377 0 0 0 0
378 0 0 0 0
379 0 0 0 0
380 0 0 0 0
381 0 0 0 0
382 0 0 0 0
383 0 0 0 0
384 0 0 0 0
385 0 0 0 0
386 0 0 0 0
387 0 0 0 0
388 0 0 0 0
389 0 0 0 0
390 0 0 0 0
391 0 0 0 0
392 0 0 0 0
393 0 0 0 0
394 0 0 0 0
395 0 0 0 0
396 0 0 0 0
397 0 0 0 0
398 0 0 0 0
399 0 0 0 0
400 0 0 0 0
401 0 0 0 0
402 0 0 0 0
403 0 0 0 0
404 0 0 0 0
405 0 0 0 0
406 0 0 0 0
407 0 0 0 0
408 0 0 0 0
409 0 0 0 0
410 0 0 0 0
411 0 0 0 0
412 0 0 0 0
413 0 0 0 0
414 0 0 0 0
415 0 0 0 0
416 0 0 0 0
417 0 0 0 0
418 0 0 0 0
419 0 0 0 0
420 0 0 0 0
421 0 0 0 0
422 0 0 0 0
423 0 0 0 0
424 0 0 0 0
425 0 0 0 0
426 0 0 0 0
427 0 0 0 0
428 0 0 0 0
429 0 0 0 0
430 0 0 0 0
431 0 0 0 0
432 0 0 0 0
433 0 0 0 0
434 0 0 0 0
435 0 0 0 0
436 0 0 0 0
437 0 0 0 0
438 0 0 0 0
439 0 0 0 0
440 0 0 0 0
441 0 0 0 0
442 0 0 0 0
443 0 0 0 0
444 0 0 0 0
445 0 0 0 0
446 0 0 0 0
447 0 0 0 0
448 0 0 0 0
449 0 0 0 0
450 0 0 0 0
451 0 0 0 0
452 0 0 0 0
453 0 0 0 0
454 0 0 0 0
455 0 0 0 0
456 0 0 0 0
457 0 0 0 0
458 0 0 0 0
459 0 0 0 0
460 0 0 0 0
461 0 0 0 0
462 0 0 0 0
463 0 0 0 0
464 0 0 0 0
465 0 0 0 0
466 0 0 0 0
467 0 0 0 0
468 0 0 0 0
469 0 0 0 0
470 0 0 0 0
471 0 0 0 0
472 0 0 0 0
473 0 0 0 0
474 0 0 0 0
475 0 0 0 0
476 0 0 0 0
477 0 0 0 0
478 0 0 0 0
479 0 0 0 0
480 0 0 0 0
481 0 0 0 0
482 0 0 0 0
483 0 0 0 0
484 0 0 0 0
485 0 0 0 0
486 0 0 0 0
487 0 0 0 0
488 0 0 0 0
489 0 0 0 0
490 0 0 0 0
491 0 0 0 0
492 0 0 0 0
493 0 0 0 0
494 0 0 0 0
495 0 0 0 0
496 0 0 0 0
497 0 0 0 0
498 0 0 0 0
499 0 0 0 0
500 0 0 0 0
501 0 0 0 0
502 0 0 0 0
503 0 0 0 0
504 0 0 0 0
505 0 0 0 0
506 0 0 0 0
507 0 0 0 0
508 0 0 0 0
509 0 0 0 0
510 0 0 0 0
511 0 0 0 0
512 0 0 0 0
513 0 0 0 0
514 0 0 0 0
515 0 0 0 0
516 0 0 0 0
517 0 0 0 0
518 0 0 0 0
519 0 0 0 0
520 0 0 0 0
521 0 0 0 0
522 0 0 0 0
523 0 0 0 0
524 0 0 0 0
525 0 0 0 0
526 0 0 0 0
527 0 0 0 0
528 0 0 0 0
529 0 0 0 0
530 0 0 0 0
531 0 0 0 0
532 0 0 0 0
533 0 0 0 0
534 0 0 0 0
535 0 0 0 0
536 0 0 0 0
537 0 0 0 0
538 0 0 0 0
539 0 0 0 0
540 0 0 0 0
541 0 0 0 0
542 0 0 0 0
543 0 0 0 0
544 0 0 0 0
545 0 0 0 0
546 0 0 0 0
547 0 0 0 0
548 0 0 0 0
549 0 0 0 0
550 0 0 0 0
551 0 0 0 0
552 0 0 0 0
553 0 0 0 0
554 0 0 0 0
555 0 0 0 0
556 0 0 0 0
557 0 0 0 0
558 0 0 0 0
559 0 0 0 0
560 0 0 0 0
561 0 0 0 0
562 0 0 0 0
563 0 0 0 0
564 0 0 0 0
565 0 0 0 0
566 0 0 0 0
567 0 0 0 0
568 0 0 0 0
569 0 0 0 0
570 0 0 0 0
571 0 0 0 0
572 0 0 0 0
573 0 0 0 0
574 0 0 0 0
575 0 0 0 0
576 0 0 0 0
577 0 0 0 0
578 0 0 0 0
579 0 0 0 0
580 0 0 0 0
581 0 0 0 0
582 0 0 0 0
583 0 0 0 0
584 0 0 0 0
585 0 0 0 0
586 0 0 0 0
587 0 0 0 0
588 0 0 0 0
589 0 0 0 0
590 0 0 0 0
591 0 0 0 0
592 0 0 0 0
593 0 0 0 0
594 0 0 0 0
595 0 0 0 0
596 0 0 0 0
597 0 0 0 0
598 0 0 0 0
599 0 0 0 0
600 0 0 0 0
601 0 0 0 0
602 0 0 0 0
603 0 0 0 0
604 0 0 0 0
605 0 0 0 0
606 0 0 0 0
607 0 0 0 0
608 0 0 0 0
609 0 0 0 0
610 0 0 0 0
611 0 0 0 0
612 0 0 0 0
613 0 0 0 0
614 0 0 0 0
615 0 0 0 0
616 0 0 0 0
617 0 0 0 0
618 0 0 0 0
619 0 0 0 0
620 0 0 0 0
621 0 0 0 0
622 0 0 0 0
623 0 0 0 0
624 0 0 0 0
625 0 0 0 0
626 0 0 0 0
627 0 0 0 0
628 0 0 0 0
629 0 0 0 0
630 0 0 0 0
631 0 0 0 0
632 0 0 0 0
633 0 0 0 0
634 0 0 0 0
635 0 0 0 0
636 0 0 0 0
637 0 0 0 0
638 0 0 0 0
639 0 0 0 0
640 0 0 0 0
641 0 0 0 0
642 0 0 0 0
643 0 0 0 0
644 0 0 0 0
645 0 0 0 0
646 0 0 0 0
647 0 0 0 0
648 0 0 0 0
649 0 0 0 0
650 0 0 0 0
651 0 0 0 0
652 0 0 0 0
653 0 0 0 0
654 0 0 0 0
655 0 0 0 0
656 0 0 0 0
657 0 0 0 0
658 0 0 0 0
659 0 0 0 0
660 0 0 0 0
661 0 0 0 0
662 0 0 0 0
663 0 0 0 0
664 0 0 0 0
665 0 0 0 0
666 0 0 0 0
667 0 0 0 0
668 0 0 0 0
669 0 0 0 0
670 0 0 0 0
671 0 0 0 0
672 0 0 0 0
673 0 0 0 0
674 0 0 0 0
675 0 0 0 0
676 0 0 0 0
677 0 0 0 0
678 0 0 0 0
679 0 0 0 0
680 0 0 0 0
681 0 0 0 0
682 0 0 0 0
683 0 0 0 0
684 0 0 0 0
685 0 0 0 0
686 0 0 0 0
687 0 0 0 0
688 0 0 0 0
689 0 0 0 0
690 0 0 0 0
691 0 0 0 0
692 0 0 0 0
693 0 0 0 0
694 0 0 0 0
695 0 0 0 0
696 0 0 0 0
697 0 0 0 0
698 0 0 0 0
699 0 0 0 0
700 0 0 0 0
701 0 0 0 0
702 0 0 0 0
703 0 0 0 0
704 0 0 0 0
705 0 0 0 0
706 0 0 0 0
707 0 0 0 0
708 0 0 0 0
709 0 0 0 0
710 0 0 0 0
711 0 0 0 0
712 0 0 0 0
713 0 0 0 0
714 0 0 0 0
715 0 0 0 0
716 0 0 0 0
717 0 0 0 0
718 0 0 0 0
719 0 0 0 0
720 0 0 0 0
721 0 0 0 0
722 0 0 0 0
723 0 0 0 0
724 0 0 0 0
725 0 0 0 0
726 0 0 0 0
727 0 0 0 0
