0 0 0 0 0
1 0 0 0 0
2 0 0 0 0
3 0 0 0 0
4 0 0 0 0
5 0 3 1 0
6 0 0 0 0
7 0 0 0 0
8 0 0 0 0
9 0 1 0 1
10 0 0 0 0
11 0 0 0 0
12 0 0 0 3
13 0 0 0 0
14 0 0 0 0
15 0 0 0 0
16 0 0 0 1
17 0 0 0 0
18 1 0 0 0
19 0 0 0 0
20 1 0 0 0
21 0 0 0 0
22 0 0 0 0
23 0 0 0 0
24 0 0 0 0
25 0 0 0 0
26 0 0 0 0
27 2 1 0 0
28 1 0 0 0
29 1 1 0 0
30 1 0 0 0
31 1 0 0 0
32 1 1 0 0
33 0 0 1 0
34 1 0 1 1
35 0 0 0 0
36 0 1 1 1
37 0 0 0 1
38 0 0 0 1
39 1 2 0 1
40 0 0 0 1
41 0 0 1 0
42 0 0 0 0
43 2 0 0 1
44 0 1 0 0
45 0 0 0 0
46 2 0 0 2
47 0 0 0 0
48 1 0 0 2
49 0 0 0 0
50 1 0 0 0
51 1 1 0 0
52 2 1 1 0
53 3 1 0 0
54 0 0 0 0
55 1 2 0 1
56 1 0 0 1
57 2 2 0 0
58 1 2 1 0
59 1 0 0 2
60 1 2 0 1
61 1 1 0 1
62 2 1 0 2
63 1 1 0 0
64 2 0 1 3
65 1 0 0 2
66 2 1 1 0
67 2 1 0 0
68 4 0 0 1
69 2 1 2 1
70 2 0 0 1
71 3 1 1 2
72 3 2 2 0
73 3 1 0 4
74 0 1 0 0
75 0 1 2 3
76 0 2 0 0
77 2 2 2 1
78 3 2 2 0
79 4 0 0 3
80 0 1 1 2
81 2 0 0 4
82 5 1 1 6
83 5 0 1 1
84 3 3 0 2
85 6 0 1 1
86 4 1 0 0
87 3 1 3 2
88 3 3 2 4
89 1 3 0 2
90 0 4 0 1
91 6 4 2 2
92 2 1 2 5
93 0 0 1 3
94 4 3 0 5
95 5 1 0 2
96 4 3 3 1
97 4 1 1 2
98 3 0 1 7
99 4 1 1 2
100 6 4 1 1
101 3 3 0 2
102 9 1 2 3
103 5 1 2 4
104 7 1 1 3
105 5 3 4 1
106 6 2 1 2
107 3 5 1 5
108 5 3 0 3
109 8 7 2 8
110 5 1 2 3
111 7 4 4 2
112 6 4 2 5
113 6 3 1 8
114 5 4 3 6
115 7 6 1 7
116 8 5 1 3
117 7 1 4 2
118 6 3 6 8
119 10 1 2 7
120 8 6 2 7
121 10 3 3 5
122 5 3 2 8
123 6 2 5 3
124 6 4 6 7
125 4 7 4 8
126 4 7 2 3
127 6 3 3 6
128 10 5 1 8
129 8 4 1 12
130 8 7 0 7
131 14 3 1 8
132 6 5 1 5
133 5 5 4 10
134 13 1 4 3
135 11 2 3 5
136 13 10 3 4
137 9 2 2 13
138 9 5 0 5
139 11 10 3 7
140 9 4 7 11
141 8 10 4 5
142 8 5 4 5
143 10 5 7 12
144 13 3 2 4
145 12 8 5 9
146 13 7 2 8
147 13 2 2 17
148 11 7 9 10
149 10 4 4 15
150 10 4 3 10
151 12 6 7 4
152 17 5 3 11
153 15 7 5 11
154 15 6 5 4
155 11 9 2 9
156 12 8 6 8
157 15 12 4 11
158 14 10 5 14
159 16 5 3 9
160 19 6 5 17
161 21 9 4 12
162 20 8 9 17
163 14 6 9 7
164 17 8 7 13
165 20 10 5 11
166 22 12 8 14
167 18 14 4 14
168 16 7 5 10
169 21 11 10 17
170 21 12 7 21
171 15 17 4 19
172 14 12 8 15
173 14 8 8 16
174 15 9 6 18
175 15 13 5 13
176 20 8 7 21
177 17 10 6 16
178 23 12 8 19
179 20 13 8 20
180 21 8 5 18
181 27 11 7 13
182 24 10 9 21
183 26 12 7 13
184 16 11 5 19
185 19 14 6 19
186 17 10 11 19
187 19 19 10 17
188 33 9 16 20
189 30 2 13 21
190 25 14 8 25
191 31 12 7 18
192 23 12 6 25
193 27 14 13 15
194 33 14 11 26
195 37 17 5 21
196 24 15 9 12
197 25 14 12 34
198 33 19 11 20
199 31 14 17 24
200 29 16 24 18
201 26 12 10 26
202 22 18 6 23
203 20 17 15 26
204 21 21 16 35
205 23 19 9 28
206 11 16 9 27
207 17 19 8 37
208 16 12 7 29
209 13 10 16 23
210 9 17 7 29
211 15 9 5 32
212 10 17 4 22
213 12 12 6 25
214 17 12 11 26
215 18 11 3 18
216 13 6 6 20
217 8 4 6 21
218 16 5 4 16
219 11 7 5 20
220 19 18 4 13
221 15 7 4 16
222 10 6 3 12
223 8 14 5 14
224 8 6 7 22
225 9 6 7 13
226 5 10 4 13
227 7 6 4 12
228 11 3 2 14
229 12 9 8 9
230 5 7 4 19
231 5 4 3 9
232 6 1 10 9
233 5 8 2 12
234 2 6 2 14
235 8 6 1 8
236 8 3 1 16
237 5 6 1 9
238 4 10 1 5
239 3 2 0 8
240 5 4 3 8
241 3 4 6 9
242 7 1 2 9
243 5 1 0 2
244 4 3 4 9
245 7 4 2 11
246 6 3 1 3
247 5 5 1 1
248 7 3 1 8
249 3 0 3 3
250 2 4 3 4
251 4 4 2 7
252 3 2 1 6
253 5 5 3 4
254 2 3 2 6
255 3 2 3 5
256 1 4 1 3
257 0 5 0 7
258 3 2 1 3
259 2 0 0 3
260 5 2 3 6
261 2 1 0 7
262 1 0 3 4
263 2 2 1 3
264 1 0 1 6
265 1 1 1 2
266 1 0 1 1
267 3 1 0 4
268 1 2 1 0
269 1 1 4 2
270 3 1 0 3
271 0 1 1 2
272 1 1 1 3
273 2 1 0 3
274 1 0 1 1
275 1 1 0 1
276 0 1 0 5
277 2 0 0 1
278 1 1 2 2
279 0 1 1 1
280 0 0 1 0
281 2 0 1 0
282 1 1 0 1
283 0 1 0 2
284 0 0 0 0
285 0 0 0 3
286 0 1 1 2
287 1 1 1 1
288 1 0 0 0
289 0 0 0 0
290 1 1 0 3
291 1 0 0 0
292 0 1 0 0
293 0 0 0 1
294 0 0 0 2
295 1 1 0 0
296 1 0 0 1
297 1 1 0 0
298 1 0 0 0
299 0 0 0 1
300 0 1 0 0
301 2 1 0 0
302 0 0 1 0
303 0 1 0 0
304 0 1 0 1
305 0 0 0 1
306 0 0 1 0
307 1 0 0 2
308 0 0 0 1
309 0 0 0 1
310 0 0 1 1
311 0 0 0 0
312 0 0 0 0
313 0 0 0 0
314 0 0 0 0
315 0 0 0 0
316 0 1 0 0
317 0 0 0 1
318 0 0 0 0
319 0 0 0 0
320 0 0 0 0
321 0 0 0 0
322 0 0 0 0
323 0 0 0 1
324 0 0 0 0
325 0 0 0 0
326 1 0 0 0
327 0 0 0 0
328 0 0 0 0
329 0 0 0 0
330 0 0 0 0
331 0 1 0 0
332 0 0 0 0
333 0 0 0 0
334 0 0 0 0
335 0 0 0 0
336 0 0 0 0
337 0 0 0 0
338 0 0 0 1
339 0 0 0 0
340 0 0 0 0
341 0 0 0 0
342 0 0 0 0
343 0 0 0 0
344 0 0 0 0
345 0 0 0 0
346 0 0 0 0
347 0 0 0 0
348 0 0 0 0
349 0 0 0 0
350 0 0 0 0
351 0 0 0 0
352 0 0 0 0
353 0 0 0 0
354 0 0 0 0
355 0 0 0 0
356 0 0 0 0
357 0 0 0 0
358 0 0 0 0
359 0 0 0 0
360 0 0 0 0
361 0 0 0 0
362 0 0 0 0
363 0 0 0 0
364 0 0 0 0
365 0 0 0 0
366 0 0 0 0
367 0 0 0 0
368 0 0 0 0
369 0 0 0 0
370 0 0 0 0
371 0 0 0 0
372 0 0 0 0
373 0 0 0 0
374 0 0 0 0
375 0 0 0 0
376 0 0 0 0
377 0 0 0 0
378 0 0 0 0
379 0 0 0 0
380 0 0 0 0
381 0 0 0 0
382 0 0 0 0
383 0 0 0 0
384 0 0 0 0
385 0 0 0 0
386 0 0 0 0
387 0 0 0 0
388 0 0 0 0
389 0 0 0 0
390 0 0 0 0
391 0 0 0 0
392 0 0 0 0
393 0 0 0 0
394 0 0 0 0
395 0 0 0 0
396 0 0 0 0
397 0 0 0 0
398 0 0 0 0
399 0 0 0 0
400 0 0 0 0
401 0 0 0 0
402 0 0 0 0
403 0 0 0 0
404 0 0 0 0
405 0 0 0 0
406 0 0 0 0
407 0 0 0 0
408 0 0 0 0
409 0 0 0 0
410 0 0 0 0
411 0 0 0 0
412 0 0 0 0
413 0 0 0 0
414 0 0 0 0
415 0 0 0 0
416 0 0 0 0
417 0 0 0 0
418 0 0 0 0
419 0 0 0 0
420 0 0 0 0
421 0 0 0 0
422 0 0 0 0
423 0 0 0 0
424 0 0 0 0
425 0 0 0 0
426 0 0 0 0
427 0 0 0 0
428 0 0 0 0
429 0 0 0 0
430 0 0 0 0
431 0 0 0 0
432 0 0 0 0
433 0 0 0 0
434 0 0 0 0
435 0 0 0 0
436 0 0 0 0
437 0 0 0 0
438 0 0 0 0
439 0 0 0 0
440 0 0 0 0
441 0 0 0 0
442 0 0 0 0
443 0 0 0 0
444 0 0 0 0
445 0 0 0 0
446 0 0 0 0
447 0 0 0 0
448 0 0 0 0
449 0 0 0 0
450 0 0 0 0
451 0 0 0 0
452 0 0 0 0
453 0 0 0 0
454 0 0 0 0
455 0 0 0 0
456 0 0 0 0
457 0 0 0 0
458 0 0 0 0
459 0 0 0 0
460 0 0 0 0
461 0 0 0 0
462 0 0 0 0
463 0 0 0 0
464 0 0 0 0
465 0 0 0 0
466 0 0 0 0
467 0 0 0 0
468 0 0 0 0
469 0 0 0 0
470 0 0 0 0
471 0 0 0 0
472 0 0 0 0
473 0 0 0 0
474 0 0 0 0
475 0 0 0 0
476 0 0 0 0
477 0 0 0 0
478 0 0 0 0
479 0 0 0 0
480 0 0 0 0
481 0 0 0 0
482 0 0 0 0
483 0 0 0 0
484 0 0 0 0
485 0 0 0 0
486 0 0 0 0
487 0 0 0 0
488 0 0 0 0
489 0 0 0 0
490 0 0 0 0
491 0 0 0 0
492 0 0 0 0
493 0 0 0 0
494 0 0 0 0
495 0 0 0 0
496 0 0 0 0
497 0 0 0 0
498 0 0 0 0
499 0 0 0 0
500 0 0 0 0
501 0 0 0 0
502 0 0 0 0
503 0 0 0 0
504 0 0 0 0
505 0 0 0 0
506 0 0 0 0
507 0 0 0 0
508 0 0 0 0
509 0 0 0 0
510 0 0 0 0
511 0 0 0 0
512 0 0 0 0
513 0 0 0 0
514 0 0 0 0
515 0 0 0 0
516 0 0 0 0
517 0 0 0 0
518 0 0 0 0
519 0 0 0 0
520 0 0 0 0
521 0 0 0 0
522 0 0 0 0
523 0 0 0 0
524 0 0 0 0
525 0 0 0 0
526 0 0 0 0
527 0 0 0 0
528 0 0 0 0
529 0 0 0 0
530 0 0 0 0
531 0 0 0 0
532 0 0 0 0
533 0 0 0 0
534 0 0 0 0
535 0 0 0 0
536 0 0 0 0
537 0 0 0 0
538 0 0 0 0
539 0 0 0 0
540 0 0 0 0
541 0 0 0 0
542 0 0 0 0
543 0 0 0 0
544 0 0 0 0
545 0 0 0 0
546 0 0 0 0
547 0 0 0 0
548 0 0 0 0
549 0 0 0 0
550 0 0 0 0
551 0 0 0 0
552 0 0 0 0
553 0 0 0 0
554 0 0 0 0
555 0 0 0 0
556 0 0 0 0
557 0 0 0 0
558 0 0 0 0
559 0 0 0 0
560 0 0 0 0
561 0 0 0 0
562 0 0 0 0
563 0 0 0 0
564 0 0 0 0
565 0 0 0 0
566 0 0 0 0
567 0 0 0 0
568 0 0 0 0
569 0 0 0 0
570 0 0 0 0
571 0 0 0 0
572 0 0 0 0
573 0 0 0 0
574 0 0 0 0
575 0 0 0 0
576 0 0 0 0
577 0 0 0 0
578 0 0 0 0
579 0 0 0 0
580 0 0 0 0
581 0 0 0 0
582 0 0 0 0
583 0 0 0 0
584 0 0 0 0
585 0 0 0 0
586 0 0 0 0
587 0 0 0 0
588 0 0 0 0
589 0 0 0 0
590 0 0 0 0
591 0 0 0 0
592 0 0 0 0
593 0 0 0 0
594 0 0 0 0
595 0 0 0 0
596 0 0 0 0
597 0 0 0 0
598 0 0 0 0
599 0 0 0 0
600 0 0 0 0
601 0 0 0 0
602 0 0 0 0
603 0 0 0 0
604 0 0 0 0
605 0 0 0 0
606 0 0 0 0
607 0 0 0 0
608 0 0 0 0
609 0 0 0 0
610 0 0 0 0
611 0 0 0 0
612 0 0 0 0
613 0 0 0 0
614 0 0 0 0
615 0 0 0 0
616 0 0 0 0
617 0 0 0 0
618 0 0 0 0
619 0 0 0 0
620 0 0 0 0
621 0 0 0 0
622 0 0 0 0
623 0 0 0 0
624 0 0 0 0
625 0 0 0 0
626 0 0 0 0
627 0 0 0 0
628 0 0 0 0
629 0 0 0 0
630 0 0 0 0
631 0 0 0 0
632 0 0 0 0
633 0 0 0 0
634 0 0 0 0
635 0 0 0 0
636 0 0 0 0
637 0 0 0 0
638 0 0 0 0
639 0 0 0 0
640 0 0 0 0
641 0 0 0 0
642 0 0 0 0
643 0 0 0 0
644 0 0 0 0
645 0 0 0 0
646 0 0 0 0
647 0 0 0 0
648 0 0 0 0
649 0 0 0 0
650 0 0 0 0
651 0 0 0 0
652 0 0 0 0
653 0 0 0 0
654 0 0 0 0
655 0 0 0 0
656 0 0 0 0
657 0 0 0 0
658 0 0 0 0
659 0 0 0 0
660 0 0 0 0
661 0 0 0 0
662 0 0 0 0
663 0 0 0 0
664 0 0 0 0
665 0 0 0 0
666 0 0 0 0
667 0 0 0 0
668 0 0 0 0
669 0 0 0 0
670 0 0 0 0
671 0 0 0 0
672 0 0 0 0
673 0 0 0 0
674 0 0 0 0
675 0 0 0 0
676 0 0 0 0
677 0 0 0 0
678 0 0 0 0
679 0 0 0 0
680 0 0 0 0
681 0 0 0 0
682 0 0 0 0
683 0 0 0 0
684 0 0 0 0
685 0 0 0 0
686 0 0 0 0
687 0 0 0 0
688 0 0 0 0
689 0 0 0 0
690 0 0 0 0
691 0 0 0 0
692 0 0 0 0
693 0 0 0 0
694 0 0 0 0
695 0 0 0 0
696 0 0 0 0
697 0 0 0 0
698 0 0 0 0
699 0 0 0 0
700 0 0 0 0
701 0 0 0 0
702 0 0 0 0
703 0 0 0 0
704 0 0 0 0
705 0 0 0 0
706 0 0 0 0
707 0 0 0 0
708 0 0 0 0
709 0 0 0 0
710 0 0 0 0
711 0 0 0 0
712 0 0 0 0
713 0 0 0 0
714 0 0 0 0
715 0 0 0 0
716 0 0 0 0
717 0 0 0 0
718 0 0 0 0
719 0 0 0 0
720 0 0 0 0
721 0 0 0 0
722 0 0 0 0
723 0 0 0 0
724 0 0 0 0
725 0 0 0 0
726 0 0 0 0
727 0 0 0 0
