0 0 0 0 0
1 0 0 0 0
2 0 0 0 0
3 0 0 0 0
4 0 0 0 0
5 0 1 2 0
6 0 0 0 0
7 0 0 0 0
8 0 0 0 0
9 0 1 1 2
10 0 0 0 0
11 0 0 0 0
12 0 0 0 1
13 0 0 0 2
14 0 0 0 0
15 1 0 0 0
16 1 0 0 0
17 1 0 0 0
18 1 0 0 0
19 1 0 0 0
20 1 1 0 0
21 1 0 1 0
22 0 1 0 0
23 0 0 0 0
24 2 0 1 0
25 0 0 1 0
26 1 0 1 1
27 0 0 1 1
28 1 0 0 2
29 1 1 1 0
30 0 0 0 1
31 0 0 1 1
32 0 0 0 1
33 0 0 0 2
34 0 0 0 0
35 0 0 0 0
36 0 0 0 0
37 1 0 1 0
38 0 0 1 1
39 2 0 0 0
40 0 0 0 0
41 1 0 0 1
42 0 1 0 0
43 1 0 0 0
44 2 0 1 0
45 1 0 0 1
46 0 0 1 1
47 0 0 0 0
48 1 0 1 0
49 1 0 0 0
50 1 1 0 1
51 1 0 0 1
52 2 1 0 1
53 4 2 0 0
54 2 0 0 0
55 1 1 0 0
56 2 0 0 0
57 2 1 1 3
58 2 0 2 0
59 0 3 0 2
60 0 0 2 0
61 2 1 1 1
62 2 1 0 2
63 1 1 1 0
64 2 0 0 3
65 1 1 0 1
66 1 1 2 3
67 1 0 1 1
68 2 0 0 1
69 0 0 1 2
70 2 0 2 3
71 1 1 2 0
72 2 0 2 0
73 2 1 0 3
74 2 0 0 2
75 2 1 0 2
76 6 1 0 0
77 2 1 1 1
78 3 0 0 1
79 3 2 0 3
80 2 2 1 1
81 3 3 2 1
82 6 2 1 0
83 2 2 0 0
84 2 0 0 3
85 4 1 3 2
86 0 1 0 4
87 6 1 1 2
88 5 4 4 2
89 0 1 1 1
90 3 1 3 3
91 3 1 1 2
92 4 2 1 8
93 4 2 1 2
94 4 3 0 3
95 3 3 0 3
96 8 0 4 1
97 6 4 1 3
98 9 1 3 4
99 3 1 1 6
100 2 2 2 3
101 3 3 3 3
102 4 3 1 4
103 4 6 1 5
104 7 1 1 3
105 4 1 3 4
106 3 4 0 3
107 4 2 4 5
108 5 3 2 3
109 3 3 3 6
110 6 2 1 5
111 6 2 2 5
112 5 0 2 2
113 4 3 2 6
114 7 1 2 4
115 4 2 2 5
116 9 5 2 5
117 3 4 2 2
118 7 2 3 4
119 6 6 3 3
120 6 3 1 6
121 9 4 2 3
122 4 1 2 6
123 9 2 1 6
124 5 5 1 4
125 10 4 5 4
126 6 5 1 7
127 6 5 2 6
128 13 3 2 7
129 7 5 2 8
130 8 5 5 3
131 7 3 2 6
132 9 6 1 7
133 4 6 3 9
134 7 6 1 9
135 10 4 4 6
136 13 1 6 6
137 8 9 4 9
138 14 4 2 6
139 10 4 2 9
140 8 3 4 8
141 9 5 5 7
142 9 3 2 7
143 12 7 5 6
144 8 5 5 10
145 6 7 2 6
146 7 9 1 10
147 10 9 3 11
148 13 6 6 10
149 6 5 2 5
150 9 3 2 8
151 8 2 5 11
152 6 8 5 10
153 11 7 10 7
154 9 6 4 8
155 16 5 1 12
156 18 6 2 12
157 13 3 1 9
158 13 3 4 10
159 22 4 6 8
160 13 6 4 15
161 14 10 6 8
162 10 8 5 7
163 10 2 6 11
164 16 17 5 7
165 18 6 7 11
166 14 8 4 7
167 11 7 7 7
168 14 10 8 18
169 15 9 4 16
170 16 5 8 9
171 15 11 3 22
172 6 5 5 14
173 14 7 7 14
174 13 10 13 10
175 12 11 3 16
176 12 10 2 16
177 18 8 5 15
178 15 6 6 16
179 21 5 5 9
180 19 8 3 15
181 18 7 3 18
182 15 7 8 12
183 16 9 5 8
184 16 23 3 13
185 22 11 4 14
186 30 6 14 12
187 30 4 8 11
188 28 7 6 17
189 18 14 6 18
190 19 16 7 18
191 25 16 6 19
192 25 13 9 13
193 22 11 10 22
194 15 7 5 16
195 17 17 10 16
196 25 21 13 20
197 21 16 8 22
198 20 14 11 19
199 20 10 7 23
200 21 11 5 28
201 19 11 13 21
202 15 11 9 22
203 19 11 5 30
204 19 8 7 17
205 21 9 19 27
206 20 14 10 19
207 6 14 6 18
208 23 16 8 17
209 13 13 4 18
210 12 10 8 20
211 16 9 7 18
212 22 11 2 33
213 12 10 4 17
214 9 13 7 15
215 12 7 13 20
216 12 2 6 19
217 13 18 5 19
218 12 6 5 20
219 14 4 1 17
220 15 8 6 9
221 8 10 5 20
222 8 8 6 12
223 16 6 9 6
224 11 10 5 14
225 11 11 6 13
226 10 5 4 14
227 5 8 1 14
228 8 9 5 22
229 3 5 4 13
230 10 4 6 14
231 5 6 4 8
232 6 6 5 13
233 6 4 7 8
234 6 5 2 11
235 5 6 4 12
236 6 3 2 10
237 3 3 2 11
238 1 2 2 9
239 4 5 3 9
240 3 5 0 8
241 3 6 0 8
242 3 3 3 7
243 1 3 1 8
244 3 3 2 2
245 5 4 1 5
246 3 0 3 3
247 5 2 0 6
248 4 2 1 7
249 4 1 0 8
250 3 2 2 5
251 4 1 0 2
252 6 2 0 4
253 3 4 3 1
254 1 2 1 4
255 3 2 1 2
256 2 3 4 2
257 2 1 2 4
258 2 3 2 2
259 2 2 2 3
260 2 1 0 9
261 2 2 2 1
262 0 1 1 3
263 1 0 3 2
264 2 4 0 3
265 1 1 0 5
266 1 1 2 3
267 2 0 0 4
268 1 0 0 6
269 2 2 0 2
270 0 1 0 1
271 1 0 0 1
272 1 1 2 0
273 2 2 0 4
274 1 1 1 0
275 0 1 0 0
276 1 0 0 2
277 0 1 0 2
278 0 3 0 2
279 0 0 0 2
280 1 0 0 0
281 0 0 1 2
282 1 0 0 2
283 0 1 0 0
284 0 0 0 0
285 1 1 0 1
286 0 0 0 0
287 1 0 0 0
288 0 0 0 1
289 1 0 1 0
290 0 1 0 1
291 0 0 0 0
292 0 0 0 1
293 0 0 0 1
294 1 0 0 0
295 0 0 0 0
296 1 1 0 0
297 0 0 0 1
298 1 0 1 0
299 0 0 0 0
300 0 0 0 0
301 1 0 1 0
302 0 0 0 1
303 0 1 0 1
304 0 0 0 0
305 0 0 0 1
306 0 0 1 0
307 0 0 1 0
308 0 0 0 0
309 0 0 0 0
310 1 0 0 1
311 0 0 0 0
312 0 0 0 0
313 0 0 0 1
314 1 0 0 1
315 0 1 0 0
316 1 0 0 0
317 0 0 0 0
318 0 0 0 0
319 1 1 0 1
320 0 0 0 0
321 0 1 0 0
322 1 0 0 0
323 0 0 0 1
324 0 1 0 0
325 0 0 0 0
326 0 0 0 0
327 0 0 0 0
328 0 0 0 1
329 0 0 0 0
330 0 0 0 0
331 0 1 0 1
332 0 0 0 0
333 0 0 0 0
334 0 0 0 0
335 0 0 0 1
336 0 0 0 0
337 0 0 0 0
338 0 0 0 0
339 0 0 0 0
340 0 0 0 0
341 0 0 0 0
342 0 0 0 0
343 0 0 0 0
344 0 0 0 0
345 0 0 0 0
346 0 0 0 0
347 0 0 0 0
348 0 0 0 0
349 0 0 0 0
350 0 0 0 0
351 0 0 0 0
352 0 0 0 0
353 0 0 0 0
354 0 0 0 0
355 0 0 0 0
356 0 0 0 0
357 0 0 0 0
358 0 0 0 0
359 0 0 0 0
360 0 0 0 0
361 0 0 0 0
362 0 0 0 0
363 0 0 0 0
364 0 0 0 0
365 0 0 0 0
366 0 0 0 0
367 0 0 0 0
368 0 0 0 0
369 0 0 0 0
370 0 0 0 0
371 0 0 0 0
372 0 0 0 0
373 0 0 0 0
374 0 0 0 0
375 0 0 0 0
376 0 0 0 0
377 0 0 0 0
378 0 0 0 0
379 0 0 0 0
380 0 0 0 0
381 0 0 0 0
382 0 0 0 0
383 0 0 0 0
384 0 0 0 0
385 0 0 0 0
386 0 0 0 0
387 0 0 0 0
388 0 0 0 0
389 0 0 0 0
390 0 0 0 0
391 0 0 0 0
392 0 0 0 0
393 0 0 0 0
394 0 0 0 0
395 0 0 0 0
396 0 0 0 0
397 0 0 0 0
398 0 0 0 0
399 0 0 0 0
400 0 0 0 0
401 0 0 0 0
402 0 0 0 0
403 0 0 0 0
404 0 0 0 0
405 0 0 0 0
406 0 0 0 0
407 0 0 0 0
408 0 0 0 0
409 0 0 0 0
410 0 0 0 0
411 0 0 0 0
412 0 0 0 0
413 0 0 0 0
414 0 0 0 0
415 0 0 0 0
416 0 0 0 0
417 0 0 0 0
418 0 0 0 0
419 0 0 0 0
420 0 0 0 0
421 0 0 0 0
422 0 0 0 0
423 0 0 0 0
424 0 0 0 0
425 0 0 0 0
426 0 0 0 0
427 0 0 0 0
428 0 0 0 0
429 0 0 0 0
430 0 0 0 0
431 0 0 0 0
432 0 0 0 0
433 0 0 0 0
434 0 0 0 0
435 0 0 0 0
436 0 0 0 0
437 0 0 0 0
438 0 0 0 0
439 0 0 0 0
440 0 0 0 0
441 0 0 0 0
442 0 0 0 0
443 0 0 0 0
444 0 0 0 0
445 0 0 0 0
446 0 0 0 0
447 0 0 0 0
448 0 0 0 0
449 0 0 0 0
450 0 0 0 0
451 0 0 0 0
452 0 0 0 0
453 0 0 0 0
454 0 0 0 0
455 0 0 0 0
456 0 0 0 0
457 0 0 0 0
458 0 0 0 0
459 0 0 0 0
460 0 0 0 0
461 0 0 0 0
462 0 0 0 0
463 0 0 0 0
464 0 0 0 0
465 0 0 0 0
466 0 0 0 0
467 0 0 0 0
468 0 0 0 0
469 0 0 0 0
470 0 0 0 0
471 0 0 0 0
472 0 0 0 0
473 0 0 0 0
474 0 0 0 0
475 0 0 0 0
476 0 0 0 0
477 0 0 0 0
478 0 0 0 0
479 0 0 0 0
480 0 0 0 0
481 0 0 0 0
482 0 0 0 0
483 0 0 0 0
484 0 0 0 0
485 0 0 0 0
486 0 0 0 0
487 0 0 0 0
488 0 0 0 0
489 0 0 0 0
490 0 0 0 0
491 0 0 0 0
492 0 0 0 0
493 0 0 0 0
494 0 0 0 0
495 0 0 0 0
496 0 0 0 0
497 0 0 0 0
498 0 0 0 0
499 0 0 0 0
500 0 0 0 0
501 0 0 0 0
502 0 0 0 0
503 0 0 0 0
504 0 0 0 0
505 0 0 0 0
506 0 0 0 0
507 0 0 0 0
508 0 0 0 0
509 0 0 0 0
510 0 0 0 0
511 0 0 0 0
512 0 0 0 0
513 0 0 0 0
514 0 0 0 0
515 0 0 0 0
516 0 0 0 0
517 0 0 0 0
518 0 0 0 0
519 0 0 0 0
520 0 0 0 0
521 0 0 0 0
522 0 0 0 0
523 0 0 0 0
524 0 0 0 0
525 0 0 0 0
526 0 0 0 0
527 0 0 0 0
528 0 0 0 0
529 0 0 0 0
530 0 0 0 0
531 0 0 0 0
532 0 0 0 0
533 0 0 0 0
534 0 0 0 0
535 0 0 0 0
536 0 0 0 0
537 0 0 0 0
538 0 0 0 0
539 0 0 0 0
540 0 0 0 0
541 0 0 0 0
542 0 0 0 0
543 0 0 0 0
544 0 0 0 0
545 0 0 0 0
546 0 0 0 0
547 0 0 0 0
548 0 0 0 0
549 0 0 0 0
550 0 0 0 0
551 0 0 0 0
552 0 0 0 0
553 0 0 0 0
554 0 0 0 0
555 0 0 0 0
556 0 0 0 0
557 0 0 0 0
558 0 0 0 0
559 0 0 0 0
560 0 0 0 0
561 0 0 0 0
562 0 0 0 0
563 0 0 0 0
564 0 0 0 0
565 0 0 0 0
566 0 0 0 0
567 0 0 0 0
568 0 0 0 0
569 0 0 0 0
570 0 0 0 0
571 0 0 0 0
572 0 0 0 0
573 0 0 0 0
574 0 0 0 0
575 0 0 0 0
576 0 0 0 0
577 0 0 0 0
578 0 0 0 0
579 0 0 0 0
580 0 0 0 0
581 0 0 0 0
582 0 0 0 0
583 0 0 0 0
584 0 0 0 0
585 0 0 0 0
586 0 0 0 0
587 0 0 0 0
588 0 0 0 0
589 0 0 0 0
590 0 0 0 0
591 0 0 0 0
592 0 0 0 0
593 0 0 0 0
594 0 0 0 0
595 0 0 0 0
596 0 0 0 0
597 0 0 0 0
598 0 0 0 0
599 0 0 0 0
600 0 0 0 0
601 0 0 0 0
602 0 0 0 0
603 0 0 0 0
604 0 0 0 0
605 0 0 0 0
606 0 0 0 0
607 0 0 0 0
608 0 0 0 0
609 0 0 0 0
610 0 0 0 0
611 0 0 0 0
612 0 0 0 0
613 0 0 0 0
614 0 0 0 0
615 0 0 0 0
616 0 0 0 0
617 0 0 0 0
618 0 0 0 0
619 0 0 0 0
620 0 0 0 0
621 0 0 0 0
622 0 0 0 0
623 0 0 0 0
624 0 0 0 0
625 0 0 0 0
626 0 0 0 0
627 0 0 0 0
628 0 0 0 0
629 0 0 0 0
630 0 0 0 0
631 0 0 0 0
632 0 0 0 0
633 0 0 0 0
634 0 0 0 0
635 0 0 0 0
636 0 0 0 0
637 0 0 0 0
638 0 0 0 0
639 0 0 0 0
640 0 0 0 0
641 0 0 0 0
642 0 0 0 0
643 0 0 0 0
644 0 0 0 0
645 0 0 0 0
646 0 0 0 0
647 0 0 0 0
648 0 0 0 0
649 0 0 0 0
650 0 0 0 0
651 0 0 0 0
652 0 0 0 0
653 0 0 0 0
654 0 0 0 0
655 0 0 0 0
656 0 0 0 0
657 0 0 0 0
658 0 0 0 0
659 0 0 0 0
660 0 0 0 0
661 0 0 0 0
662 0 0 0 0
663 0 0 0 0
664 0 0 0 0
665 0 0 0 0
666 0 0 0 0
667 0 0 0 0
668 0 0 0 0
669 0 0 0 0
670 0 0 0 0
671 0 0 0 0
672 0 0 0 0
673 0 0 0 0
674 0 0 0 0
675 0 0 0 0
676 0 0 0 0
677 0 0 0 0
678 0 0 0 0
679 0 0 0 0
680 0 0 0 0
681 0 0 0 0
682 0 0 0 0
683 0 0 0 0
684 0 0 0 0
685 0 0 0 0
686 0 0 0 0
687 0 0 0 0
688 0 0 0 0
689 0 0 0 0
690 0 0 0 0
691 0 0 0 0
692 0 0 0 0
693 0 0 0 0
694 0 0 0 0
695 0 0 0 0
696 0 0 0 0
697 0 0 0 0
698 0 0 0 0
699 0 0 0 0
700 0 0 0 0
701 0 0 0 0
702 0 0 0 0
703 0 0 0 0
704 0 0 0 0
705 0 0 0 0
706 0 0 0 0
707 0 0 0 0
708 0 0 0 0
709 0 0 0 0
710 0 0 0 0
711 0 0 0 0
712 0 0 0 0
713 0 0 0 0
714 0 0 0 0
715 0 0 0 0
716 0 0 0 0
717 0 0 0 0
718 0 0 0 0
719 0 0 0 0
720 0 0 0 0
721 0 0 0 0
722 0 0 0 0
723 0 0 0 0
724 0 0 0 0
725 0 0 0 0
726 0 0 0 0
727 0 0 0 0
