0 0 0 0 0
1 0 0 0 0
2 0 0 0 0
3 0 0 0 0
4 0 0 0 0
5 0 3 1 0
6 0 0 0 0
7 0 0 0 0
8 0 0 0 0
9 0 0 1 1
10 0 0 0 0
11 0 0 0 0
12 0 0 0 3
13 0 0 0 0
14 0 0 0 0
15 0 0 0 0
16 0 0 0 1
17 1 0 0 0
18 1 0 0 0
19 1 0 0 0
20 1 0 0 0
21 1 0 0 0
22 0 0 0 0
23 1 0 1 0
24 0 0 0 0
25 0 0 0 0
26 0 1 0 0
27 1 0 0 0
28 0 0 1 0
29 0 1 0 0
30 0 1 0 1
31 0 0 0 0
32 0 1 0 1
33 0 0 0 1
34 0 0 0 1
35 0 0 0 0
36 0 0 1 1
37 1 0 0 0
38 1 0 0 0
39 0 0 0 1
40 0 0 0 0
41 1 0 0 0
42 2 1 0 1
43 0 0 0 0
44 1 0 0 0
45 0 0 0 0
46 1 1 0 1
47 0 0 2 0
48 1 0 0 0
49 3 0 0 0
50 1 0 0 1
51 0 1 0 1
52 0 0 0 0
53 0 1 1 0
54 2 0 0 1
55 1 1 1 1
56 0 0 0 0
57 1 0 0 1
58 1 3 0 0
59 2 0 0 1
60 1 0 0 1
61 2 0 0 0
62 2 0 0 2
63 2 0 2 0
64 0 2 1 0
65 1 0 1 2
66 2 1 0 0
67 3 2 1 1
68 4 2 0 0
69 1 0 0 0
70 2 1 2 2
71 2 0 1 4
72 1 0 2 2
73 2 0 3 0
74 2 1 0 3
75 6 2 1 1
76 2 3 0 1
77 3 0 1 5
78 1 0 0 1
79 2 1 0 3
80 1 2 3 0
81 1 1 0 2
82 1 3 1 1
83 2 1 0 3
84 2 1 1 3
85 3 1 1 1
86 1 0 1 4
87 4 1 1 2
88 5 2 1 2
89 3 1 1 1
90 3 0 1 0
91 3 1 0 2
92 6 2 2 3
93 5 1 1 3
94 4 4 2 1
95 3 1 2 2
96 5 1 2 4
97 4 2 3 2
98 5 1 2 4
99 8 1 1 3
100 7 3 1 2
101 4 1 3 5
102 3 1 4 4
103 3 3 2 3
104 2 6 1 6
105 5 4 4 2
106 2 3 1 3
107 4 1 1 3
108 4 5 0 4
109 2 1 0 5
110 6 6 0 5
111 1 3 1 7
112 5 2 0 6
113 2 0 4 3
114 4 2 0 2
115 6 3 1 4
116 3 3 1 1
117 4 4 2 4
118 2 1 0 5
119 6 2 2 2
120 10 3 2 6
121 5 2 2 3
122 8 3 0 3
123 9 1 2 8
124 6 3 2 5
125 9 1 1 4
126 7 4 1 1
127 5 3 3 4
128 4 5 3 2
129 7 7 5 2
130 6 4 2 3
131 10 3 6 7
132 4 4 5 6
133 9 1 2 11
134 11 4 3 6
135 9 7 1 10
136 8 2 4 10
137 8 8 0 4
138 7 7 4 7
139 10 4 4 6
140 9 3 4 5
141 6 1 1 6
142 5 3 5 8
143 5 6 2 8
144 9 5 4 9
145 9 7 4 8
146 11 5 2 6
147 9 4 1 7
148 9 4 4 6
149 13 5 2 11
150 10 5 1 8
151 10 5 2 5
152 8 4 4 11
153 11 8 5 8
154 7 7 5 9
155 14 5 5 9
156 10 5 3 4
157 14 3 3 8
158 14 6 4 6
159 11 8 3 9
160 12 9 4 9
161 11 7 3 11
162 19 6 5 13
163 15 6 7 9
164 20 8 5 10
165 16 9 3 10
166 10 8 4 10
167 12 11 3 15
168 19 9 6 13
169 19 9 4 14
170 13 13 6 14
171 9 6 5 13
172 16 14 4 9
173 9 12 10 7
174 19 10 4 16
175 24 10 5 17
176 22 4 4 19
177 10 11 8 20
178 16 7 7 14
179 29 10 5 13
180 26 9 5 18
181 17 10 4 15
182 13 6 2 11
183 16 5 11 14
184 21 20 10 20
185 23 13 20 14
186 16 10 2 7
187 25 10 5 15
188 21 11 11 23
189 20 11 11 23
190 28 11 8 16
191 14 12 6 18
192 12 7 8 29
193 18 8 8 19
194 30 12 15 17
195 24 7 9 17
196 16 14 6 17
197 13 14 7 14
198 26 10 7 22
199 27 24 11 18
200 25 10 6 21
201 18 6 5 18
202 12 10 7 15
203 14 11 11 28
204 14 16 7 26
205 15 13 11 15
206 16 13 8 26
207 16 12 10 14
208 15 13 7 12
209 19 8 8 18
210 14 13 6 25
211 19 7 7 27
212 21 11 4 27
213 20 9 8 15
214 14 10 4 13
215 7 4 7 20
216 13 10 11 21
217 8 12 7 19
218 7 9 9 14
219 10 12 7 11
220 7 11 7 24
221 6 12 2 18
222 5 8 6 14
223 9 3 0 22
224 7 6 2 14
225 9 8 3 14
226 11 4 3 14
227 9 5 2 10
228 6 3 2 12
229 7 1 2 12
230 4 4 2 6
231 9 8 2 7
232 7 6 7 9
233 7 6 3 5
234 7 5 3 6
235 6 5 2 6
236 2 7 2 7
237 6 2 4 6
238 7 4 3 11
239 5 3 3 10
240 2 2 5 10
241 0 2 2 5
242 5 5 0 9
243 5 2 4 8
244 2 3 2 6
245 3 2 1 6
246 4 1 3 8
247 3 7 4 4
248 3 3 1 5
249 7 1 2 4
250 4 1 0 9
251 1 2 1 6
252 1 3 2 1
253 1 0 0 1
254 1 4 3 7
255 2 1 2 5
256 1 1 0 4
257 1 2 1 0
258 1 2 1 6
259 3 1 2 4
260 1 1 1 0
261 1 0 1 3
262 1 0 1 4
263 1 0 0 3
264 2 1 0 4
265 3 1 0 1
266 2 0 0 1
267 2 1 0 0
268 3 2 1 1
269 2 0 2 2
270 2 0 1 0
271 0 2 1 2
272 1 1 0 0
273 1 3 1 2
274 0 3 1 1
275 0 1 1 2
276 2 2 0 1
277 1 1 0 2
278 0 0 0 5
279 0 0 0 2
280 0 1 0 3
281 0 0 1 3
282 0 1 0 1
283 0 0 0 1
284 0 0 0 0
285 0 1 0 1
286 0 0 0 1
287 2 0 0 1
288 0 0 0 0
289 1 0 0 1
290 0 0 0 0
291 1 0 0 0
292 1 1 0 0
293 0 0 0 0
294 3 0 0 0
295 1 1 0 0
296 1 2 0 1
297 0 1 0 0
298 0 0 0 0
299 0 2 1 1
300 0 0 0 1
301 0 0 0 0
302 0 0 0 0
303 0 0 0 3
304 0 0 1 1
305 0 0 1 0
306 0 0 0 1
307 0 0 0 0
308 0 0 0 1
309 1 0 0 1
310 1 0 0 0
311 0 0 0 0
312 0 0 0 0
313 0 0 0 0
314 0 0 1 0
315 1 0 1 0
316 0 0 0 0
317 0 0 0 0
318 0 0 0 0
319 0 0 0 1
320 0 0 1 0
321 0 0 0 1
322 0 0 0 0
323 0 0 0 0
324 0 0 0 0
325 0 0 0 0
326 0 0 0 0
327 0 0 0 1
328 0 0 0 0
329 0 0 0 0
330 0 0 0 0
331 0 0 0 0
332 0 0 0 0
333 0 0 0 0
334 0 0 0 0
335 0 0 0 0
336 0 0 0 0
337 0 0 0 0
338 0 0 0 0
339 0 0 0 0
340 0 0 0 0
341 0 0 0 0
342 0 0 0 0
343 0 0 0 0
344 0 0 0 0
345 0 0 0 0
346 0 0 0 0
347 0 0 0 0
348 0 0 0 0
349 0 0 0 0
350 0 0 0 0
351 0 0 0 0
352 0 0 0 0
353 0 0 0 0
354 0 0 0 0
355 0 0 0 0
356 0 0 0 0
357 0 0 0 0
358 0 0 0 0
359 0 0 0 0
360 0 0 0 0
361 0 0 0 0
362 0 0 0 0
363 0 0 0 0
364 0 0 0 0
365 0 0 0 0
366 0 0 0 0
367 0 0 0 0
368 0 0 0 0
369 0 0 0 0
370 0 0 0 0
371 0 0 0 0
372 0 0 0 0
373 0 0 0 0
374 0 0 0 0
375 0 0 0 0
376 0 0 0 0
377 0 0 0 0
378 0 0 0 0
379 0 0 0 0
380 0 0 0 0
381 0 0 0 0
382 0 0 0 0
383 0 0 0 0
384 0 0 0 0
385 0 0 0 0
386 0 0 0 0
387 0 0 0 0
388 0 0 0 0
389 0 0 0 0
390 0 0 0 0
391 0 0 0 0
392 0 0 0 0
393 0 0 0 0
394 0 0 0 0
395 0 0 0 0
396 0 0 0 0
397 0 0 0 0
398 0 0 0 0
399 0 0 0 0
400 0 0 0 0
401 0 0 0 0
402 0 0 0 0
403 0 0 0 0
404 0 0 0 0
405 0 0 0 0
406 0 0 0 0
407 0 0 0 0
408 0 0 0 0
409 0 0 0 0
410 0 0 0 0
411 0 0 0 0
412 0 0 0 0
413 0 0 0 0
414 0 0 0 0
415 0 0 0 0
416 0 0 0 0
417 0 0 0 0
418 0 0 0 0
419 0 0 0 0
420 0 0 0 0
421 0 0 0 0
422 0 0 0 0
423 0 0 0 0
424 0 0 0 0
425 0 0 0 0
426 0 0 0 0
427 0 0 0 0
428 0 0 0 0
429 0 0 0 0
430 0 0 0 0
431 0 0 0 0
432 0 0 0 0
433 0 0 0 0
434 0 0 0 0
435 0 0 0 0
436 0 0 0 0
437 0 0 0 0
438 0 0 0 0
439 0 0 0 0
440 0 0 0 0
441 0 0 0 0
442 0 0 0 0
443 0 0 0 0
444 0 0 0 0
445 0 0 0 0
446 0 0 0 0
447 0 0 0 0
448 0 0 0 0
449 0 0 0 0
450 0 0 0 0
451 0 0 0 0
452 0 0 0 0
453 0 0 0 0
454 0 0 0 0
455 0 0 0 0
456 0 0 0 0
457 0 0 0 0
458 0 0 0 0
459 0 0 0 0
460 0 0 0 0
461 0 0 0 0
462 0 0 0 0
463 0 0 0 0
464 0 0 0 0
465 0 0 0 0
466 0 0 0 0
467 0 0 0 0
468 0 0 0 0
469 0 0 0 0
470 0 0 0 0
471 0 0 0 0
472 0 0 0 0
473 0 0 0 0
474 0 0 0 0
475 0 0 0 0
476 0 0 0 0
477 0 0 0 0
478 0 0 0 0
479 0 0 0 0
480 0 0 0 0
481 0 0 0 0
482 0 0 0 0
483 0 0 0 0
484 0 0 0 0
485 0 0 0 0
486 0 0 0 0
487 0 0 0 0
488 0 0 0 0
489 0 0 0 0
490 0 0 0 0
491 0 0 0 0
492 0 0 0 0
493 0 0 0 0
494 0 0 0 0
495 0 0 0 0
496 0 0 0 0
497 0 0 0 0
498 0 0 0 0
499 0 0 0 0
500 0 0 0 0
501 0 0 0 0
502 0 0 0 0
503 0 0 0 0
504 0 0 0 0
505 0 0 0 0
506 0 0 0 0
507 0 0 0 0
508 0 0 0 0
509 0 0 0 0
510 0 0 0 0
511 0 0 0 0
512 0 0 0 0
513 0 0 0 0
514 0 0 0 0
515 0 0 0 0
516 0 0 0 0
517 0 0 0 0
518 0 0 0 0
519 0 0 0 0
520 0 0 0 0
521 0 0 0 0
522 0 0 0 0
523 0 0 0 0
524 0 0 0 0
525 0 0 0 0
526 0 0 0 0
527 0 0 0 0
528 0 0 0 0
529 0 0 0 0
530 0 0 0 0
531 0 0 0 0
532 0 0 0 0
533 0 0 0 0
534 0 0 0 0
535 0 0 0 0
536 0 0 0 0
537 0 0 0 0
538 0 0 0 0
539 0 0 0 0
540 0 0 0 0
541 0 0 0 0
542 0 0 0 0
543 0 0 0 0
544 0 0 0 0
545 0 0 0 0
546 0 0 0 0
547 0 0 0 0
548 0 0 0 0
549 0 0 0 0
550 0 0 0 0
551 0 0 0 0
552 0 0 0 0
553 0 0 0 0
554 0 0 0 0
555 0 0 0 0
556 0 0 0 0
557 0 0 0 0
558 0 0 0 0
559 0 0 0 0
560 0 0 0 0
561 0 0 0 0
562 0 0 0 0
563 0 0 0 0
564 0 0 0 0
565 0 0 0 0
566 0 0 0 0
567 0 0 0 0
568 0 0 0 0
569 0 0 0 0
570 0 0 0 0
571 0 0 0 0
572 0 0 0 0
573 0 0 0 0
574 0 0 0 0
575 0 0 0 0
576 0 0 0 0
577 0 0 0 0
578 0 0 0 0
579 0 0 0 0
580 0 0 0 0
581 0 0 0 0
582 0 0 0 0
583 0 0 0 0
584 0 0 0 0
585 0 0 0 0
586 0 0 0 0
587 0 0 0 0
588 0 0 0 0
589 0 0 0 0
590 0 0 0 0
591 0 0 0 0
592 0 0 0 0
593 0 0 0 0
594 0 0 0 0
595 0 0 0 0
596 0 0 0 0
597 0 0 0 0
598 0 0 0 0
599 0 0 0 0
600 0 0 0 0
601 0 0 0 0
602 0 0 0 0
603 0 0 0 0
604 0 0 0 0
605 0 0 0 0
606 0 0 0 0
607 0 0 0 0
608 0 0 0 0
609 0 0 0 0
610 0 0 0 0
611 0 0 0 0
612 0 0 0 0
613 0 0 0 0
614 0 0 0 0
615 0 0 0 0
616 0 0 0 0
617 0 0 0 0
618 0 0 0 0
619 0 0 0 0
620 0 0 0 0
621 0 0 0 0
622 0 0 0 0
623 0 0 0 0
624 0 0 0 0
625 0 0 0 0
626 0 0 0 0
627 0 0 0 0
628 0 0 0 0
629 0 0 0 0
630 0 0 0 0
631 0 0 0 0
632 0 0 0 0
633 0 0 0 0
634 0 0 0 0
635 0 0 0 0
636 0 0 0 0
637 0 0 0 0
638 0 0 0 0
639 0 0 0 0
640 0 0 0 0
641 0 0 0 0
642 0 0 0 0
643 0 0 0 0
644 0 0 0 0
645 0 0 0 0
646 0 0 0 0
647 0 0 0 0
648 0 0 0 0
649 0 0 0 0
650 0 0 0 0
651 0 0 0 0
652 0 0 0 0
653 0 0 0 0
654 0 0 0 0
655 0 0 0 0
656 0 0 0 0
657 0 0 0 0
658 0 0 0 0
659 0 0 0 0
660 0 0 0 0
661 0 0 0 0
662 0 0 0 0
663 0 0 0 0
664 0 0 0 0
665 0 0 0 0
666 0 0 0 0
667 0 0 0 0
668 0 0 0 0
669 0 0 0 0
670 0 0 0 0
671 0 0 0 0
672 0 0 0 0
673 0 0 0 0
674 0 0 0 0
675 0 0 0 0
676 0 0 0 0
677 0 0 0 0
678 0 0 0 0
679 0 0 0 0
680 0 0 0 0
681 0 0 0 0
682 0 0 0 0
683 0 0 0 0
684 0 0 0 0
685 0 0 0 0
686 0 0 0 0
687 0 0 0 0
688 0 0 0 0
689 0 0 0 0
690 0 0 0 0
691 0 0 0 0
692 0 0 0 0
693 0 0 0 0
694 0 0 0 0
695 0 0 0 0
696 0 0 0 0
697 0 0 0 0
698 0 0 0 0
699 0 0 0 0
700 0 0 0 0
701 0 0 0 0
702 0 0 0 0
703 0 0 0 0
704 0 0 0 0
705 0 0 0 0
706 0 0 0 0
707 0 0 0 0
708 0 0 0 0
709 0 0 0 0
710 0 0 0 0
711 0 0 0 0
712 0 0 0 0
713 0 0 0 0
714 0 0 0 0
715 0 0 0 0
716 0 0 0 0
717 0 0 0 0
718 0 0 0 0
719 0 0 0 0
720 0 0 0 0
721 0 0 0 0
722 0 0 0 0
723 0 0 0 0
724 0 0 0 0
725 0 0 0 0
726 0 0 0 0
727 0 0 0 0
