0 0 0 0 0
1 0 0 0 0
2 0 0 0 0
3 0 0 0 0
4 0 0 0 0
5 0 2 0 0
6 0 0 0 0
7 0 0 0 0
8 0 0 0 0
9 0 0 3 1
10 0 0 0 0
11 0 0 0 0
12 0 0 0 1
13 0 0 0 2
14 0 0 0 0
15 0 0 0 0
16 0 0 0 1
17 0 0 0 0
18 0 0 0 0
19 1 0 0 0
20 0 0 0 0
21 0 0 0 0
22 0 0 0 0
23 0 0 0 0
24 2 0 1 0
25 1 0 0 0
26 0 0 0 0
27 1 0 0 0
28 0 0 0 1
29 0 1 0 0
30 0 0 0 0
31 0 0 0 0
32 1 0 0 0
33 0 0 2 0
34 0 0 0 0
35 1 0 0 0
36 0 1 0 1
37 0 0 1 2
38 0 0 0 0
39 0 0 0 0
40 0 0 0 1
41 2 0 0 1
42 0 0 0 0
43 0 0 0 0
44 0 0 1 0
45 0 0 0 0
46 1 0 0 0
47 1 0 0 0
48 0 0 0 0
49 1 0 0 0
50 0 1 1 0
51 1 0 0 1
52 0 0 0 0
53 1 0 0 0
54 2 1 0 1
55 0 0 1 0
56 1 1 1 0
57 0 0 0 1
58 1 1 0 0
59 1 1 0 1
60 2 0 0 1
61 1 1 0 1
62 2 0 0 0
63 0 1 1 2
64 1 0 1 0
65 1 1 0 1
66 0 0 0 0
67 0 1 1 1
68 0 0 0 2
69 2 1 1 1
70 2 1 1 1
71 1 0 0 1
72 0 0 0 0
73 1 0 0 1
74 2 0 1 2
75 1 0 0 0
76 3 0 0 1
77 2 0 0 1
78 2 1 0 1
79 0 3 1 0
80 2 2 0 0
81 4 1 1 0
82 2 3 0 1
83 3 1 0 1
84 1 0 0 1
85 3 1 1 0
86 3 2 0 6
87 3 2 0 2
88 2 1 0 2
89 3 0 3 0
90 2 2 2 1
91 1 1 1 0
92 1 2 2 2
93 2 0 0 3
94 1 1 1 4
95 1 0 2 2
96 2 1 2 3
97 1 0 2 2
98 4 3 1 1
99 2 0 0 2
100 1 0 0 2
101 2 2 0 4
102 4 1 0 4
103 2 1 0 1
104 2 2 1 0
105 1 1 0 2
106 3 0 0 0
107 3 3 1 1
108 1 1 1 3
109 6 2 0 0
110 9 1 2 1
111 6 6 0 4
112 3 3 0 1
113 4 1 0 1
114 5 0 3 4
115 3 3 3 5
116 5 4 2 1
117 5 0 2 2
118 4 5 1 6
119 5 4 2 5
120 4 3 2 4
121 4 2 1 2
122 3 1 4 8
123 2 3 1 5
124 8 1 1 1
125 0 5 1 3
126 5 2 1 5
127 6 1 1 8
128 4 3 2 3
129 3 2 2 5
130 2 3 0 1
131 2 1 4 2
132 7 1 3 7
133 4 6 3 4
134 5 0 1 2
135 4 1 2 6
136 8 2 1 3
137 9 3 3 8
138 2 1 4 1
139 4 3 1 6
140 12 3 1 4
141 12 5 2 3
142 6 7 2 3
143 12 2 1 3
144 8 1 1 8
145 14 3 6 5
146 10 4 3 7
147 13 1 2 3
148 16 2 5 6
149 11 5 4 8
150 10 8 7 6
151 5 8 2 2
152 11 12 4 7
153 7 7 6 8
154 8 6 7 9
155 10 3 3 7
156 7 7 0 11
157 10 5 8 14
158 9 8 2 17
159 12 2 8 10
160 4 3 2 8
161 13 5 5 13
162 10 5 1 8
163 8 4 5 13
164 15 7 3 7
165 13 2 2 11
166 12 10 4 4
167 13 8 2 7
168 12 8 3 10
169 11 7 6 7
170 16 5 7 8
171 13 7 4 11
172 21 6 6 6
173 17 5 6 18
174 20 11 5 12
175 14 7 10 5
176 11 12 4 12
177 12 11 4 13
178 13 7 2 19
179 14 11 6 14
180 18 8 3 14
181 17 9 8 17
182 11 12 4 13
183 13 7 6 14
184 16 7 4 9
185 18 10 8 14
186 24 8 3 21
187 17 4 8 9
188 18 12 10 16
189 20 13 3 17
190 13 9 6 12
191 17 14 4 8
192 14 7 8 17
193 21 10 7 21
194 22 19 5 13
195 17 15 5 19
196 24 13 6 12
197 23 4 7 13
198 21 14 8 25
199 23 6 10 18
200 14 9 6 24
201 14 15 5 15
202 26 9 9 22
203 21 8 14 16
204 10 15 8 10
205 13 8 12 20
206 15 5 14 20
207 17 14 15 21
208 16 15 10 26
209 14 9 2 11
210 15 7 3 23
211 14 7 10 23
212 18 6 8 25
213 14 9 5 19
214 12 14 1 17
215 13 7 6 20
216 16 13 3 11
217 12 9 4 12
218 8 9 6 11
219 12 10 6 17
220 6 7 5 12
221 7 15 4 14
222 15 9 4 14
223 11 6 3 18
224 10 6 8 17
225 4 4 6 15
226 14 4 6 17
227 5 10 1 10
228 12 6 4 18
229 6 7 1 6
230 8 4 2 11
231 5 8 4 11
232 7 4 6 15
233 4 8 2 8
234 6 2 1 7
235 3 4 8 10
236 8 1 2 8
237 9 7 3 8
238 6 6 2 5
239 4 4 3 14
240 6 1 4 6
241 4 7 4 7
242 8 1 2 7
243 9 0 7 7
244 9 1 3 8
245 7 3 2 14
246 6 4 5 2
247 7 6 1 8
248 4 2 3 4
249 5 3 3 6
250 4 1 1 8
251 3 4 0 9
252 3 4 4 2
253 5 3 4 6
254 3 5 2 2
255 5 6 2 6
256 6 4 2 6
257 2 2 3 5
258 5 2 3 6
259 2 1 2 11
260 2 2 1 3
261 5 2 4 5
262 2 3 1 6
263 5 1 4 5
264 0 4 0 5
265 6 3 1 7
266 3 1 2 6
267 4 2 1 1
268 0 2 0 4
269 2 0 0 3
270 3 3 4 5
271 5 2 2 4
272 3 3 3 1
273 2 0 0 3
274 3 2 2 4
275 0 2 0 5
276 3 3 1 5
277 0 1 0 4
278 3 1 0 3
279 1 2 0 3
280 3 2 0 1
281 4 2 0 2
282 4 1 0 1
283 1 2 0 4
284 5 1 0 0
285 1 1 3 2
286 3 2 0 1
287 0 1 2 3
288 3 0 0 1
289 1 3 2 3
290 0 2 1 1
291 0 3 4 2
292 0 0 1 2
293 0 2 2 6
294 1 2 0 3
295 0 0 0 2
296 0 0 0 2
297 1 0 0 3
298 0 0 0 5
299 0 1 0 0
300 0 0 0 2
301 2 0 0 2
302 0 0 0 0
303 1 0 0 0
304 3 0 0 1
305 1 0 0 0
306 0 2 1 0
307 0 0 0 0
308 1 1 0 0
309 0 1 1 0
310 0 1 0 2
311 0 0 0 0
312 0 0 0 0
313 0 1 1 3
314 0 0 0 1
315 1 0 0 1
316 0 0 0 0
317 1 0 0 1
318 1 0 0 0
319 0 0 0 0
320 0 1 0 1
321 0 0 0 0
322 0 0 0 0
323 0 0 1 0
324 0 0 0 1
325 0 0 0 0
326 0 0 1 0
327 1 0 0 1
328 0 0 0 0
329 1 0 0 0
330 0 0 0 1
331 0 0 0 0
332 0 1 0 0
333 1 0 0 0
334 0 1 0 0
335 0 0 0 0
336 0 0 0 0
337 0 0 0 0
338 0 1 0 0
339 0 0 0 2
340 0 0 0 0
341 0 0 0 0
342 0 0 0 1
343 0 0 0 0
344 0 0 0 0
345 0 0 0 0
346 0 0 0 0
347 0 0 0 0
348 0 0 0 0
349 0 0 0 0
350 0 0 0 0
351 0 0 0 0
352 0 0 0 0
353 0 0 0 0
354 0 0 0 0
355 0 0 0 0
356 0 0 0 0
357 0 0 0 0
358 0 0 0 0
359 0 0 0 0
360 0 0 0 0
361 0 0 0 0
362 0 0 0 0
363 0 0 0 0
364 0 0 0 0
365 0 0 0 0
366 0 0 0 0
367 0 0 0 0
368 0 0 0 0
369 0 0 0 0
370 0 0 0 0
371 0 0 0 0
372 0 0 0 0
373 0 0 0 0
374 0 0 0 0
375 0 0 0 0
376 0 0 0 0
377 0 0 0 0
378 0 0 0 0
379 0 0 0 0
380 0 0 0 0
381 0 0 0 0
382 0 0 0 0
383 0 0 0 0
384 0 0 0 0
385 0 0 0 0
386 0 0 0 0
387 0 0 0 0
388 0 0 0 0
389 0 0 0 0
390 0 0 0 0
391 0 0 0 0
392 0 0 0 0
393 0 0 0 0
394 0 0 0 0
395 0 0 0 0
396 0 0 0 0
397 0 0 0 0
398 0 0 0 0
399 0 0 0 0
400 0 0 0 0
401 0 0 0 0
402 0 0 0 0
403 0 0 0 0
404 0 0 0 0
405 0 0 0 0
406 0 0 0 0
407 0 0 0 0
408 0 0 0 0
409 0 0 0 0
410 0 0 0 0
411 0 0 0 0
412 0 0 0 0
413 0 0 0 0
414 0 0 0 0
415 0 0 0 0
416 0 0 0 0
417 0 0 0 0
418 0 0 0 0
419 0 0 0 0
420 0 0 0 0
421 0 0 0 0
422 0 0 0 0
423 0 0 0 0
424 0 0 0 0
425 0 0 0 0
426 0 0 0 0
427 0 0 0 0
428 0 0 0 0
429 0 0 0 0
430 0 0 0 0
431 0 0 0 0
432 0 0 0 0
433 0 0 0 0
434 0 0 0 0
435 0 0 0 0
436 0 0 0 0
437 0 0 0 0
438 0 0 0 0
439 0 0 0 0
440 0 0 0 0
441 0 0 0 0
442 0 0 0 0
443 0 0 0 0
444 0 0 0 0
445 0 0 0 0
446 0 0 0 0
447 0 0 0 0
448 0 0 0 0
449 0 0 0 0
450 0 0 0 0
451 0 0 0 0
452 0 0 0 0
453 0 0 0 0
454 0 0 0 0
455 0 0 0 0
456 0 0 0 0
457 0 0 0 0
458 0 0 0 0
459 0 0 0 0
460 0 0 0 0
461 0 0 0 0
462 0 0 0 0
463 0 0 0 0
464 0 0 0 0
465 0 0 0 0
466 0 0 0 0
467 0 0 0 0
468 0 0 0 0
469 0 0 0 0
470 0 0 0 0
471 0 0 0 0
472 0 0 0 0
473 0 0 0 0
474 0 0 0 0
475 0 0 0 0
476 0 0 0 0
477 0 0 0 0
478 0 0 0 0
479 0 0 0 0
480 0 0 0 0
481 0 0 0 0
482 0 0 0 0
483 0 0 0 0
484 0 0 0 0
485 0 0 0 0
486 0 0 0 0
487 0 0 0 0
488 0 0 0 0
489 0 0 0 0
490 0 0 0 0
491 0 0 0 0
492 0 0 0 0
493 0 0 0 0
494 0 0 0 0
495 0 0 0 0
496 0 0 0 0
497 0 0 0 0
498 0 0 0 0
499 0 0 0 0
500 0 0 0 0
501 0 0 0 0
502 0 0 0 0
503 0 0 0 0
504 0 0 0 0
505 0 0 0 0
506 0 0 0 0
507 0 0 0 0
508 0 0 0 0
509 0 0 0 0
510 0 0 0 0
511 0 0 0 0
512 0 0 0 0
513 0 0 0 0
514 0 0 0 0
515 0 0 0 0
516 0 0 0 0
517 0 0 0 0
518 0 0 0 0
519 0 0 0 0
520 0 0 0 0
521 0 0 0 0
522 0 0 0 0
523 0 0 0 0
524 0 0 0 0
525 0 0 0 0
526 0 0 0 0
527 0 0 0 0
528 0 0 0 0
529 0 0 0 0
530 0 0 0 0
531 0 0 0 0
532 0 0 0 0
533 0 0 0 0
534 0 0 0 0
535 0 0 0 0
536 0 0 0 0
537 0 0 0 0
538 0 0 0 0
539 0 0 0 0
540 0 0 0 0
541 0 0 0 0
542 0 0 0 0
543 0 0 0 0
544 0 0 0 0
545 0 0 0 0
546 0 0 0 0
547 0 0 0 0
548 0 0 0 0
549 0 0 0 0
550 0 0 0 0
551 0 0 0 0
552 0 0 0 0
553 0 0 0 0
554 0 0 0 0
555 0 0 0 0
556 0 0 0 0
557 0 0 0 0
558 0 0 0 0
559 0 0 0 0
560 0 0 0 0
561 0 0 0 0
562 0 0 0 0
563 0 0 0 0
564 0 0 0 0
565 0 0 0 0
566 0 0 0 0
567 0 0 0 0
568 0 0 0 0
569 0 0 0 0
570 0 0 0 0
571 0 0 0 0
572 0 0 0 0
573 0 0 0 0
574 0 0 0 0
575 0 0 0 0
576 0 0 0 0
577 0 0 0 0
578 0 0 0 0
579 0 0 0 0
580 0 0 0 0
581 0 0 0 0
582 0 0 0 0
583 0 0 0 0
584 0 0 0 0
585 0 0 0 0
586 0 0 0 0
587 0 0 0 0
588 0 0 0 0
589 0 0 0 0
590 0 0 0 0
591 0 0 0 0
592 0 0 0 0
593 0 0 0 0
594 0 0 0 0
595 0 0 0 0
596 0 0 0 0
597 0 0 0 0
598 0 0 0 0
599 0 0 0 0
600 0 0 0 0
601 0 0 0 0
602 0 0 0 0
603 0 0 0 0
604 0 0 0 0
605 0 0 0 0
606 0 0 0 0
607 0 0 0 0
608 0 0 0 0
609 0 0 0 0
610 0 0 0 0
611 0 0 0 0
612 0 0 0 0
613 0 0 0 0
614 0 0 0 0
615 0 0 0 0
616 0 0 0 0
617 0 0 0 0
618 0 0 0 0
619 0 0 0 0
620 0 0 0 0
621 0 0 0 0
622 0 0 0 0
623 0 0 0 0
624 0 0 0 0
625 0 0 0 0
626 0 0 0 0
627 0 0 0 0
628 0 0 0 0
629 0 0 0 0
630 0 0 0 0
631 0 0 0 0
632 0 0 0 0
633 0 0 0 0
634 0 0 0 0
635 0 0 0 0
636 0 0 0 0
637 0 0 0 0
638 0 0 0 0
639 0 0 0 0
640 0 0 0 0
641 0 0 0 0
642 0 0 0 0
643 0 0 0 0
644 0 0 0 0
645 0 0 0 0
646 0 0 0 0
647 0 0 0 0
648 0 0 0 0
649 0 0 0 0
650 0 0 0 0
651 0 0 0 0
652 0 0 0 0
653 0 0 0 0
654 0 0 0 0
655 0 0 0 0
656 0 0 0 0
657 0 0 0 0
658 0 0 0 0
659 0 0 0 0
660 0 0 0 0
661 0 0 0 0
662 0 0 0 0
663 0 0 0 0
664 0 0 0 0
665 0 0 0 0
666 0 0 0 0
667 0 0 0 0
668 0 0 0 0
669 0 0 0 0
670 0 0 0 0
671 0 0 0 0
672 0 0 0 0
673 0 0 0 0
674 0 0 0 0
675 0 0 0 0
676 0 0 0 0
677 0 0 0 0
678 0 0 0 0
679 0 0 0 0
680 0 0 0 0
681 0 0 0 0
682 0 0 0 0
683 0 0 0 0
684 0 0 0 0
685 0 0 0 0
686 0 0 0 0
687 0 0 0 0
688 0 0 0 0
689 0 0 0 0
690 0 0 0 0
691 0 0 0 0
692 0 0 0 0
693 0 0 0 0
694 0 0 0 0
695 0 0 0 0
696 0 0 0 0
697 0 0 0 0
698 0 0 0 0
699 0 0 0 0
700 0 0 0 0
701 0 0 0 0
702 0 0 0 0
703 0 0 0 0
704 0 0 0 0
705 0 0 0 0
706 0 0 0 0
707 0 0 0 0
708 0 0 0 0
709 0 0 0 0
710 0 0 0 0
711 0 0 0 0
712 0 0 0 0
713 0 0 0 0
714 0 0 0 0
715 0 0 0 0
716 0 0 0 0
717 0 0 0 0
718 0 0 0 0
719 0 0 0 0
720 0 0 0 0
721 0 0 0 0
722 0 0 0 0
723 0 0 0 0
724 0 0 0 0
725 0 0 0 0
726 0 0 0 0
727 0 0 0 0
