0 0 0 0 0
1 0 0 0 0
2 0 0 0 0
3 0 0 0 0
4 0 0 0 0
5 0 1 0 0
6 0 0 0 0
7 0 0 0 0
8 0 0 0 0
9 0 2 2 1
10 0 0 0 0
11 0 0 0 0
12 0 0 0 0
13 0 0 0 1
14 0 0 0 0
15 0 0 0 0
16 0 0 0 3
17 0 0 0 0
18 1 0 0 0
19 0 0 0 0
20 1 0 0 0
21 0 0 0 0
22 0 0 0 0
23 1 1 0 0
24 1 0 0 0
25 0 0 1 0
26 0 0 0 0
27 0 0 0 0
28 1 0 1 0
29 1 0 1 0
30 0 0 0 1
31 0 0 0 0
32 0 0 0 1
33 1 1 0 0
34 0 0 0 0
35 0 0 0 1
36 0 0 0 1
37 0 0 0 0
38 0 1 1 0
39 1 0 0 0
40 1 0 0 1
41 0 0 0 0
42 0 0 0 2
43 1 0 0 0
44 1 1 0 0
45 0 0 0 0
46 0 0 0 0
47 0 0 0 0
48 1 1 0 1
49 1 1 0 0
50 0 0 0 0
51 0 0 0 0
52 0 1 0 0
53 0 0 1 1
54 0 0 0 0
55 0 0 0 1
56 0 0 0 0
57 1 0 0 0
58 0 1 0 0
59 0 0 0 1
60 1 0 0 1
61 0 0 0 0
62 0 1 0 1
63 0 0 0 0
64 1 0 0 0
65 0 0 1 0
66 0 0 0 0
67 2 0 0 0
68 1 0 0 0
69 4 0 0 2
70 3 0 0 0
71 0 0 0 0
72 0 0 1 0
73 2 2 0 0
74 1 0 1 0
75 3 2 0 0
76 1 1 0 0
77 1 0 0 1
78 2 3 2 1
79 2 1 1 2
80 3 0 1 2
81 2 0 1 0
82 1 0 1 3
83 1 2 0 2
84 1 3 0 0
85 0 1 1 4
86 3 1 0 1
87 1 0 0 2
88 3 2 0 1
89 1 0 0 2
90 3 1 0 2
91 1 3 1 2
92 3 1 0 2
93 2 1 0 0
94 3 1 0 1
95 3 2 0 3
96 1 1 1 1
97 4 4 2 1
98 2 0 1 1
99 4 1 1 1
100 4 3 1 2
101 1 0 1 3
102 2 1 1 1
103 2 0 1 3
104 4 1 0 6
105 3 2 0 1
106 3 2 2 3
107 1 2 2 2
108 4 1 2 0
109 3 2 2 1
110 2 1 0 3
111 2 1 2 3
112 2 1 0 3
113 0 2 3 2
114 4 3 2 4
115 0 1 0 3
116 1 3 0 2
117 3 0 3 2
118 4 0 1 5
119 5 2 0 0
120 3 0 0 4
121 1 1 0 3
122 1 1 1 2
123 4 2 3 4
124 2 1 1 2
125 1 0 1 0
126 6 0 2 1
127 3 0 2 4
128 4 3 2 1
129 5 3 1 2
130 5 1 1 3
131 3 1 3 4
132 1 3 1 1
133 1 0 4 3
134 6 3 0 2
135 4 4 2 7
136 3 1 0 5
137 4 0 0 2
138 8 1 2 1
139 3 2 2 2
140 1 6 1 2
141 1 1 1 3
142 6 1 0 6
143 4 5 1 3
144 3 4 0 4
145 6 1 2 2
146 6 2 1 3
147 5 5 3 6
148 5 2 0 3
149 4 1 1 1
150 6 2 2 5
151 4 3 1 7
152 7 4 0 1
153 7 2 4 4
154 4 2 2 7
155 8 5 2 1
156 5 5 0 1
157 7 3 3 4
158 5 2 2 7
159 6 3 3 7
160 3 3 2 5
161 4 3 4 4
162 4 5 3 5
163 8 3 2 8
164 6 3 2 6
165 5 0 3 3
166 4 3 2 5
167 7 2 2 5
168 3 4 3 8
169 7 1 3 4
170 11 3 3 7
171 3 3 2 5
172 4 2 6 7
173 6 5 1 4
174 4 4 2 2
175 5 5 3 4
176 5 3 0 6
177 9 1 3 9
178 8 2 2 5
179 8 2 2 10
180 12 5 0 4
181 10 4 4 6
182 5 5 6 5
183 6 4 4 2
184 6 4 4 5
185 6 6 3 7
186 6 4 5 10
187 8 5 1 4
188 7 4 2 9
189 6 3 4 8
190 7 2 4 9
191 9 4 1 6
192 14 4 3 8
193 12 5 2 11
194 10 4 4 4
195 11 3 4 5
196 6 5 6 5
197 8 5 2 4
198 7 5 2 5
199 8 4 6 6
200 13 4 4 10
201 6 6 6 11
202 3 8 2 7
203 9 5 5 12
204 5 7 0 6
205 9 6 4 9
206 5 3 6 11
207 5 3 0 9
208 5 3 5 14
209 6 4 2 6
210 4 4 3 8
211 6 1 1 3
212 6 4 3 9
213 5 6 0 12
214 6 6 4 5
215 7 4 2 6
216 4 3 1 3
217 4 3 2 8
218 9 1 2 7
219 1 5 2 9
220 4 5 2 6
221 3 4 3 4
222 4 2 2 3
223 1 3 3 4
224 2 2 4 8
225 4 4 0 8
226 5 1 1 7
227 0 1 6 6
228 4 0 1 5
229 2 3 1 6
230 2 3 2 3
231 0 2 4 7
232 2 0 0 2
233 1 2 0 1
234 1 2 0 5
235 2 1 1 3
236 2 0 0 4
237 3 1 1 2
238 3 1 1 5
239 2 1 1 0
240 1 2 0 1
241 2 2 2 1
242 1 1 0 3
243 2 1 0 0
244 3 1 1 2
245 4 1 0 2
246 2 2 1 2
247 3 2 0 2
248 3 0 1 5
249 3 2 0 2
250 2 4 1 2
251 2 1 1 1
252 0 1 1 0
253 0 2 1 1
254 0 0 1 4
255 0 2 0 3
256 1 1 1 2
257 0 1 0 3
258 1 2 0 1
259 2 1 0 3
260 0 1 1 3
261 0 0 0 1
262 1 0 0 1
263 0 0 0 1
264 1 0 2 1
265 1 0 1 2
266 1 0 0 1
267 0 2 0 1
268 2 0 0 1
269 1 1 0 1
270 2 0 1 0
271 1 1 0 3
272 1 0 0 0
273 0 1 1 0
274 2 0 0 1
275 2 1 1 1
276 0 0 0 1
277 1 0 0 1
278 0 1 0 0
279 1 0 1 2
280 0 2 1 1
281 0 1 0 0
282 0 0 1 1
283 0 1 0 1
284 1 1 0 2
285 1 0 0 0
286 0 0 0 1
287 0 0 0 1
288 0 0 0 2
289 1 0 1 0
290 0 1 0 1
291 1 0 0 0
292 1 0 0 0
293 0 0 0 1
294 1 0 1 1
295 1 0 0 0
296 0 0 0 0
297 2 1 0 0
298 0 0 0 1
299 0 0 0 0
300 0 1 1 0
301 0 0 0 0
302 0 1 0 0
303 0 0 1 0
304 0 0 0 2
305 0 0 0 0
306 0 0 1 0
307 0 0 0 2
308 0 0 0 0
309 1 0 0 1
310 0 0 0 1
311 0 0 0 0
312 1 0 0 0
313 0 0 0 0
314 0 0 0 0
315 0 0 0 0
316 0 0 0 0
317 0 1 0 0
318 0 1 0 0
319 0 0 0 0
320 0 0 0 0
321 0 0 0 1
322 0 0 0 0
323 0 0 0 0
324 0 0 0 0
325 0 0 0 1
326 0 0 0 0
327 0 0 0 0
328 0 0 0 0
329 0 0 0 0
330 0 0 0 0
331 0 0 0 0
332 0 0 0 0
333 1 0 0 0
334 0 0 0 0
335 0 0 0 0
336 0 0 0 0
337 0 0 0 0
338 0 1 0 0
339 0 0 0 0
340 0 0 0 0
341 0 0 0 0
342 0 0 0 1
343 0 0 0 0
344 0 0 0 0
345 0 0 0 0
346 0 0 0 0
347 0 0 0 0
348 0 0 0 0
349 0 0 0 0
350 0 0 0 0
351 0 0 0 0
352 0 0 0 0
353 0 0 0 0
354 0 0 0 0
355 0 0 0 0
356 0 0 0 0
357 0 0 0 0
358 1 0 0 0
359 0 0 0 0
360 0 0 0 0
361 0 0 0 0
362 0 0 0 0
363 0 0 0 0
364 0 0 0 0
365 0 0 0 0
366 0 0 0 0
367 0 1 0 0
368 0 0 0 0
369 0 0 0 0
370 0 0 0 0
371 0 0 0 1
372 0 0 0 0
373 0 0 0 0
374 0 0 0 0
375 0 0 0 0
376 0 0 0 0
377 0 0 0 0
378 0 0 0 0
379 0 0 0 0
380 0 0 0 0
381 0 0 0 0
382 0 0 0 0
383 0 0 0 0
384 0 0 0 0
385 0 0 0 0
386 1 0 0 0
387 0 0 0 0
388 0 0 0 0
389 0 0 0 0
390 0 0 0 0
391 0 0 1 0
392 0 0 0 0
393 0 0 0 0
394 0 0 0 0
395 0 0 0 1
396 1 0 0 0
397 1 0 0 0
398 0 0 0 0
399 0 0 0 0
400 0 0 0 0
401 0 1 0 0
402 0 0 0 0
403 0 0 0 0
404 0 0 0 0
405 0 0 0 1
406 0 1 0 0
407 0 0 0 0
408 0 0 0 0
409 0 0 0 0
410 0 0 0 0
411 0 0 0 0
412 0 0 0 0
413 0 0 0 1
414 1 0 0 0
415 0 0 0 0
416 0 0 0 0
417 1 0 0 0
418 0 0 0 0
419 0 0 1 0
420 1 0 0 0
421 0 0 0 0
422 2 0 0 0
423 1 0 0 0
424 0 0 0 0
425 1 1 0 0
426 1 1 0 1
427 0 0 1 0
428 0 1 0 0
429 0 0 0 1
430 1 0 0 0
431 1 0 1 0
432 1 0 0 1
433 0 0 0 1
434 0 1 0 1
435 1 0 2 0
436 0 0 0 0
437 0 0 0 0
438 1 0 0 1
439 1 0 0 1
440 1 1 1 0
441 1 0 1 1
442 0 0 0 1
443 1 0 0 0
444 0 0 1 2
445 0 0 0 0
446 0 0 0 0
447 1 1 0 0
448 0 0 1 1
449 0 0 1 0
450 1 0 1 0
451 1 0 0 1
452 0 1 0 0
453 0 0 0 0
454 1 0 0 2
455 1 0 0 1
456 0 0 1 2
457 1 0 0 0
458 2 0 0 0
459 0 1 1 0
460 1 0 0 1
461 1 0 0 0
462 0 0 0 0
463 1 2 0 0
464 2 0 1 0
465 0 0 0 0
466 1 2 0 2
467 1 0 0 1
468 0 0 0 1
469 2 2 0 0
470 0 0 0 1
471 0 1 0 1
472 1 2 0 0
473 2 0 0 3
474 0 2 0 0
475 0 1 0 1
476 2 0 0 2
477 0 0 0 0
478 2 3 0 2
479 2 0 0 1
480 2 0 0 0
481 2 0 1 0
482 4 0 0 1
483 4 1 0 0
484 2 0 1 0
485 2 1 0 3
486 2 0 0 0
487 1 2 2 1
488 1 2 2 0
489 1 4 0 1
490 2 1 1 0
491 2 1 1 4
492 2 2 0 1
493 3 0 0 3
494 2 3 0 3
495 1 1 0 3
496 1 0 1 2
497 1 2 0 1
498 2 0 1 1
499 0 2 1 2
500 4 1 0 1
501 2 0 1 2
502 4 1 1 1
503 4 0 2 3
504 2 2 0 3
505 5 0 2 2
506 1 0 1 2
507 2 0 1 1
508 3 2 0 1
509 5 3 2 2
510 3 2 3 2
511 2 1 2 1
512 3 2 1 1
513 4 0 0 4
514 2 3 4 4
515 4 2 2 3
516 5 1 1 3
517 2 3 0 2
518 1 1 2 4
519 5 2 0 1
520 3 2 0 1
521 2 1 2 4
522 4 2 2 5
523 5 1 0 2
524 4 3 1 4
525 6 2 2 4
526 6 2 0 4
527 5 1 1 0
528 3 2 3 3
529 4 5 0 3
530 4 3 3 3
531 7 2 3 4
532 7 3 3 7
533 5 1 2 3
534 3 3 0 2
535 1 4 2 3
536 6 4 3 7
537 5 2 0 6
538 5 2 3 5
539 7 3 2 7
540 4 2 0 5
541 6 4 4 1
542 5 5 1 3
543 9 4 1 6
544 4 4 1 3
545 6 5 0 7
546 10 2 1 4
547 10 4 0 3
548 3 4 2 7
549 2 2 4 9
550 2 6 3 4
551 5 4 2 4
552 7 6 4 3
553 5 1 1 4
554 5 0 2 6
555 7 3 5 5
556 7 4 0 10
557 5 1 6 6
558 3 4 2 6
559 10 2 2 8
560 4 5 2 3
561 4 3 3 4
562 7 3 1 7
563 6 1 1 1
564 4 5 4 7
565 8 1 4 6
566 6 0 4 7
567 2 3 6 4
568 0 6 0 8
569 7 4 2 3
570 6 2 2 4
571 2 4 0 7
572 4 3 2 6
573 4 0 1 4
574 6 9 1 6
575 4 4 2 4
576 7 0 2 7
577 2 2 0 4
578 4 3 2 9
579 2 4 2 3
580 2 3 1 1
581 2 5 1 6
582 3 3 2 8
583 2 3 2 4
584 4 2 0 3
585 5 1 1 7
586 2 1 1 6
587 5 3 0 3
588 5 3 0 1
589 0 3 1 4
590 3 3 1 4
591 1 1 0 4
592 2 1 0 2
593 1 4 2 3
594 0 0 1 4
595 1 2 0 2
596 0 4 2 2
597 1 1 1 5
598 0 0 1 1
599 0 0 2 2
600 3 2 0 4
601 0 1 0 1
602 0 1 0 2
603 0 0 0 5
604 0 0 0 1
605 0 0 2 1
606 0 0 0 2
607 0 0 0 2
608 0 0 0 0
609 0 0 1 2
610 0 0 0 0
611 2 0 0 0
612 2 0 0 0
613 1 0 0 1
614 1 0 0 0
615 1 0 0 0
616 0 1 0 0
617 4 1 0 0
618 2 0 1 0
619 1 0 0 0
620 0 1 0 1
621 0 1 0 0
622 0 1 3 0
623 0 1 1 0
624 0 0 0 2
625 0 0 0 1
626 1 0 1 4
627 0 1 0 0
628 1 1 0 0
629 0 0 0 1
630 0 0 0 2
631 0 0 1 0
632 0 0 0 0
633 0 1 0 1
634 0 0 0 1
635 1 0 0 2
636 0 0 0 0
637 0 0 0 0
638 0 0 0 0
639 0 0 0 0
640 0 1 0 1
641 0 0 0 0
642 0 0 0 0
643 0 0 0 0
644 0 0 0 0
645 0 0 0 0
646 0 0 0 0
647 0 0 0 1
648 0 0 0 0
649 0 0 0 0
650 0 0 0 0
651 0 0 0 0
652 0 0 0 0
653 0 0 0 0
654 0 0 0 0
655 1 0 0 0
656 1 0 0 0
657 0 0 0 0
658 0 0 0 0
659 0 0 0 0
660 0 0 0 0
661 0 0 1 0
662 0 0 0 0
663 0 0 0 0
664 0 1 0 0
665 0 0 0 0
666 0 0 0 0
667 0 0 0 0
668 0 0 0 1
669 0 0 0 0
670 0 0 0 0
671 0 0 0 1
672 0 0 0 0
673 0 0 0 0
674 0 0 0 0
675 0 0 0 0
676 0 0 0 0
677 0 0 0 0
678 0 0 0 0
679 0 0 0 0
680 0 0 0 0
681 0 0 0 0
682 0 0 0 0
683 0 0 0 0
684 0 0 0 0
685 0 0 0 0
686 0 0 0 0
687 0 0 0 0
688 0 0 0 0
689 0 0 0 0
690 0 0 0 0
691 0 0 0 0
692 0 0 0 0
693 0 0 0 0
694 0 0 0 0
695 0 0 0 0
696 0 0 0 0
697 0 0 0 0
698 0 0 0 0
699 0 0 0 0
700 0 0 0 0
701 0 0 0 0
702 0 0 0 0
703 0 0 0 0
704 0 0 0 0
705 0 0 0 0
706 0 0 0 0
707 0 0 0 0
708 0 0 0 0
709 0 0 0 0
710 0 0 0 0
711 0 0 0 0
712 0 0 0 0
713 0 0 0 0
714 0 0 0 0
715 0 0 0 0
716 0 0 0 0
717 0 0 0 0
718 0 0 0 0
719 0 0 0 0
720 0 0 0 0
721 0 0 0 0
722 0 0 0 0
723 0 0 0 0
724 0 0 0 0
725 0 0 0 0
726 0 0 0 0
727 0 0 0 0
