0 0 0 0 0
1 0 0 0 0
2 0 0 0 0
3 0 0 0 0
4 0 0 0 0
5 0 2 2 0
6 0 0 0 0
7 0 0 0 0
8 0 0 0 0
9 0 1 0 2
10 0 0 0 0
11 0 0 0 0
12 0 0 0 2
13 0 0 0 0
14 0 0 0 0
15 0 0 0 0
16 1 0 0 1
17 1 0 0 0
18 0 0 0 0
19 1 0 0 0
20 0 0 0 0
21 4 0 1 0
22 1 0 0 0
23 0 0 0 0
24 2 1 0 0
25 2 0 0 0
26 2 2 0 0
27 1 0 1 0
28 1 0 0 1
29 0 2 0 0
30 1 2 1 2
31 0 0 1 1
32 0 0 0 0
33 1 0 1 2
34 0 2 0 3
35 0 0 1 0
36 2 1 0 0
37 1 0 0 1
38 0 1 0 3
39 0 0 1 1
40 2 0 0 2
41 1 0 0 0
42 1 1 0 0
43 2 0 0 0
44 1 0 0 0
45 1 0 3 1
46 2 0 0 2
47 2 1 1 0
48 4 0 0 0
49 1 0 1 1
50 2 0 0 0
51 3 1 0 1
52 4 1 1 2
53 1 2 0 0
54 3 0 2 1
55 4 1 0 1
56 0 2 3 2
57 0 5 1 2
58 3 1 0 1
59 2 3 1 2
60 3 1 1 2
61 3 0 1 3
62 2 0 0 1
63 0 1 0 5
64 1 2 2 6
65 1 2 0 0
66 1 0 1 2
67 3 2 2 1
68 2 0 0 4
69 1 2 1 1
70 0 0 3 0
71 2 1 0 3
72 0 1 0 1
73 1 1 0 3
74 1 0 1 4
75 1 0 0 1
76 0 3 0 1
77 4 0 1 2
78 2 0 1 1
79 3 0 0 0
80 1 1 1 2
81 2 0 0 1
82 4 1 0 0
83 4 0 2 1
84 4 1 0 2
85 5 1 0 1
86 4 1 2 0
87 3 3 1 4
88 1 3 2 1
89 2 2 0 1
90 4 2 1 0
91 2 2 1 2
92 3 1 2 3
93 4 2 1 4
94 1 3 2 3
95 2 4 1 5
96 7 1 0 3
97 2 1 0 4
98 5 2 1 1
99 3 2 1 5
100 0 1 1 2
101 0 2 3 4
102 4 4 1 3
103 5 2 0 3
104 4 2 2 1
105 3 2 0 4
106 2 1 0 3
107 5 3 2 2
108 7 4 0 4
109 2 2 0 3
110 4 1 0 3
111 6 1 2 6
112 8 0 3 5
113 7 6 1 0
114 9 2 2 1
115 4 1 1 2
116 11 6 0 5
117 2 3 4 7
118 8 5 1 3
119 6 6 3 2
120 10 2 2 2
121 11 5 3 5
122 10 1 1 2
123 7 4 5 8
124 10 2 2 7
125 11 8 4 7
126 15 4 5 5
127 10 3 3 8
128 7 1 8 6
129 8 9 1 9
130 9 6 5 7
131 10 4 7 6
132 15 3 4 10
133 12 6 5 10
134 13 3 6 9
135 15 9 5 11
136 9 5 4 12
137 13 8 7 10
138 11 5 6 11
139 12 3 5 6
140 15 6 6 6
141 18 2 5 12
142 17 5 3 14
143 12 8 4 12
144 18 10 7 15
145 7 9 4 9
146 12 11 10 9
147 9 6 9 11
148 11 9 4 15
149 16 15 5 12
150 15 7 4 17
151 7 11 5 11
152 19 3 1 10
153 10 8 4 18
154 15 11 6 15
155 15 4 5 11
156 16 6 4 12
157 16 7 11 14
158 20 7 4 17
159 22 6 7 8
160 11 6 5 11
161 13 12 5 16
162 18 6 6 7
163 17 12 8 11
164 26 10 8 20
165 19 10 3 19
166 15 5 6 13
167 23 7 8 16
168 25 12 6 17
169 17 11 11 11
170 24 16 7 13
171 23 11 11 13
172 18 11 8 16
173 17 6 11 14
174 30 6 7 17
175 24 10 4 16
176 24 16 8 23
177 23 17 11 20
178 23 16 4 22
179 31 17 14 19
180 22 14 5 24
181 22 14 8 19
182 17 8 8 19
183 24 14 17 22
184 30 19 11 25
185 25 12 7 20
186 24 16 8 25
187 27 14 9 25
188 25 12 10 32
189 36 16 13 21
190 25 13 8 28
191 32 13 9 25
192 35 16 13 16
193 29 19 14 22
194 37 20 14 25
195 38 14 9 17
196 36 18 9 28
197 32 19 12 27
198 28 16 14 35
199 31 14 15 26
200 25 21 17 34
201 20 16 16 27
202 25 25 7 26
203 26 25 9 25
204 26 18 14 35
205 16 20 11 27
206 23 12 12 28
207 28 15 11 40
208 21 22 10 33
209 23 17 8 37
210 21 14 3 24
211 18 16 9 35
212 11 10 8 27
213 14 16 12 30
214 14 14 10 16
215 19 14 6 28
216 16 15 10 19
217 23 7 6 27
218 16 7 7 26
219 12 13 7 21
220 7 8 7 24
221 9 17 1 18
222 14 18 4 17
223 16 6 8 22
224 10 6 11 12
225 7 5 5 17
226 9 6 9 20
227 14 7 6 17
228 9 7 5 20
229 6 8 1 17
230 7 7 1 11
231 7 2 8 15
232 5 7 6 11
233 5 3 6 14
234 6 8 2 8
235 9 6 6 9
236 9 8 3 11
237 5 5 1 11
238 4 3 0 11
239 7 3 1 13
240 3 5 3 9
241 4 3 3 7
242 4 3 2 5
243 8 1 5 7
244 2 9 2 9
245 2 3 4 3
246 3 3 2 3
247 2 3 2 6
248 5 2 1 13
249 2 2 1 9
250 4 1 1 4
251 3 1 1 6
252 1 2 4 4
253 1 1 0 5
254 2 0 2 3
255 2 3 1 1
256 1 3 0 5
257 4 3 3 2
258 0 0 1 4
259 1 1 2 3
260 3 4 0 1
261 4 1 0 4
262 3 1 1 4
263 2 0 0 1
264 3 0 1 6
265 2 0 1 1
266 4 3 2 4
267 2 0 1 1
268 4 0 0 2
269 3 4 0 1
270 5 2 3 3
271 0 1 3 1
272 3 2 0 0
273 2 2 1 3
274 1 2 0 2
275 2 1 2 3
276 3 0 0 4
277 0 1 1 5
278 0 3 1 3
279 2 3 1 1
280 0 0 1 2
281 0 2 4 1
282 1 0 0 3
283 0 1 0 1
284 0 1 0 3
285 1 1 0 3
286 0 0 0 3
287 1 0 0 2
288 0 1 0 4
289 0 0 0 0
290 1 0 0 0
291 2 1 0 1
292 0 1 0 1
293 0 0 0 0
294 0 0 1 0
295 0 0 1 2
296 0 0 0 1
297 1 0 0 0
298 0 0 0 0
299 0 0 0 1
300 0 1 1 0
301 0 0 0 1
302 1 0 1 0
303 1 0 0 0
304 1 0 0 1
305 0 0 0 1
306 0 0 0 1
307 0 0 0 0
308 0 1 0 0
309 0 1 0 0
310 1 0 0 0
311 0 0 1 0
312 0 0 0 0
313 0 0 0 1
314 0 0 0 0
315 1 0 0 2
316 0 0 0 0
317 0 0 0 0
318 0 0 0 0
319 0 0 1 0
320 0 1 0 0
321 0 0 0 0
322 0 0 0 0
323 0 0 0 1
324 0 0 0 1
325 0 0 0 0
326 0 0 0 0
327 0 0 0 0
328 0 0 0 0
329 0 0 0 0
330 0 0 0 0
331 0 0 0 0
332 0 0 0 0
333 0 0 0 0
334 0 0 0 0
335 0 0 0 0
336 0 0 0 0
337 0 0 0 0
338 0 0 0 0
339 0 0 0 0
340 0 0 0 0
341 0 0 0 0
342 0 0 0 0
343 0 0 0 0
344 0 0 0 0
345 0 0 0 0
346 0 0 0 0
347 0 0 0 0
348 0 0 0 0
349 0 0 0 0
350 0 0 0 0
351 0 0 0 0
352 0 0 0 0
353 0 0 0 0
354 0 0 0 0
355 0 0 0 0
356 0 0 0 0
357 0 0 0 0
358 0 0 0 0
359 0 0 0 0
360 0 0 0 0
361 0 0 0 0
362 0 0 0 0
363 0 0 0 0
364 0 0 0 0
365 0 0 0 0
366 0 0 0 0
367 0 0 0 0
368 0 0 0 0
369 0 0 0 0
370 0 0 0 0
371 0 0 0 0
372 0 0 0 0
373 0 0 0 0
374 0 0 0 0
375 0 0 0 0
376 0 0 0 0
377 0 0 0 0
378 0 0 0 0
379 0 0 0 0
380 0 0 0 0
381 0 0 0 0
382 0 0 0 0
383 0 0 0 0
384 0 0 0 0
385 0 0 0 0
386 0 0 0 0
387 0 0 0 0
388 0 0 0 0
389 0 0 0 0
390 0 0 0 0
391 0 0 0 0
392 0 0 0 0
393 0 0 0 0
394 0 0 0 0
395 0 0 0 0
396 0 0 0 0
397 0 0 0 0
398 0 0 0 0
399 0 0 0 0
400 0 0 0 0
401 0 0 0 0
402 0 0 0 0
403 0 0 0 0
404 0 0 0 0
405 0 0 0 0
406 0 0 0 0
407 0 0 0 0
408 0 0 0 0
409 0 0 0 0
410 0 0 0 0
411 0 0 0 0
412 0 0 0 0
413 0 0 0 0
414 0 0 0 0
415 0 0 0 0
416 0 0 0 0
417 0 0 0 0
418 0 0 0 0
419 0 0 0 0
420 0 0 0 0
421 0 0 0 0
422 0 0 0 0
423 0 0 0 0
424 0 0 0 0
425 0 0 0 0
426 0 0 0 0
427 0 0 0 0
428 0 0 0 0
429 0 0 0 0
430 0 0 0 0
431 0 0 0 0
432 0 0 0 0
433 0 0 0 0
434 0 0 0 0
435 0 0 0 0
436 0 0 0 0
437 0 0 0 0
438 0 0 0 0
439 0 0 0 0
440 0 0 0 0
441 0 0 0 0
442 0 0 0 0
443 0 0 0 0
444 0 0 0 0
445 0 0 0 0
446 0 0 0 0
447 0 0 0 0
448 0 0 0 0
449 0 0 0 0
450 0 0 0 0
451 0 0 0 0
452 0 0 0 0
453 0 0 0 0
454 0 0 0 0
455 0 0 0 0
456 0 0 0 0
457 0 0 0 0
458 0 0 0 0
459 0 0 0 0
460 0 0 0 0
461 0 0 0 0
462 0 0 0 0
463 0 0 0 0
464 0 0 0 0
465 0 0 0 0
466 0 0 0 0
467 0 0 0 0
468 0 0 0 0
469 0 0 0 0
470 0 0 0 0
471 0 0 0 0
472 0 0 0 0
473 0 0 0 0
474 0 0 0 0
475 0 0 0 0
476 0 0 0 0
477 0 0 0 0
478 0 0 0 0
479 0 0 0 0
480 0 0 0 0
481 0 0 0 0
482 0 0 0 0
483 0 0 0 0
484 0 0 0 0
485 0 0 0 0
486 0 0 0 0
487 0 0 0 0
488 0 0 0 0
489 0 0 0 0
490 0 0 0 0
491 0 0 0 0
492 0 0 0 0
493 0 0 0 0
494 0 0 0 0
495 0 0 0 0
496 0 0 0 0
497 0 0 0 0
498 0 0 0 0
499 0 0 0 0
500 0 0 0 0
501 0 0 0 0
502 0 0 0 0
503 0 0 0 0
504 0 0 0 0
505 0 0 0 0
506 0 0 0 0
507 0 0 0 0
508 0 0 0 0
509 0 0 0 0
510 0 0 0 0
511 0 0 0 0
512 0 0 0 0
513 0 0 0 0
514 0 0 0 0
515 0 0 0 0
516 0 0 0 0
517 0 0 0 0
518 0 0 0 0
519 0 0 0 0
520 0 0 0 0
521 0 0 0 0
522 0 0 0 0
523 0 0 0 0
524 0 0 0 0
525 0 0 0 0
526 0 0 0 0
527 0 0 0 0
528 0 0 0 0
529 0 0 0 0
530 0 0 0 0
531 0 0 0 0
532 0 0 0 0
533 0 0 0 0
534 0 0 0 0
535 0 0 0 0
536 0 0 0 0
537 0 0 0 0
538 0 0 0 0
539 0 0 0 0
540 0 0 0 0
541 0 0 0 0
542 0 0 0 0
543 0 0 0 0
544 0 0 0 0
545 0 0 0 0
546 0 0 0 0
547 0 0 0 0
548 0 0 0 0
549 0 0 0 0
550 0 0 0 0
551 0 0 0 0
552 0 0 0 0
553 0 0 0 0
554 0 0 0 0
555 0 0 0 0
556 0 0 0 0
557 0 0 0 0
558 0 0 0 0
559 0 0 0 0
560 0 0 0 0
561 0 0 0 0
562 0 0 0 0
563 0 0 0 0
564 0 0 0 0
565 0 0 0 0
566 0 0 0 0
567 0 0 0 0
568 0 0 0 0
569 0 0 0 0
570 0 0 0 0
571 0 0 0 0
572 0 0 0 0
573 0 0 0 0
574 0 0 0 0
575 0 0 0 0
576 0 0 0 0
577 0 0 0 0
578 0 0 0 0
579 0 0 0 0
580 0 0 0 0
581 0 0 0 0
582 0 0 0 0
583 0 0 0 0
584 0 0 0 0
585 0 0 0 0
586 0 0 0 0
587 0 0 0 0
588 0 0 0 0
589 0 0 0 0
590 0 0 0 0
591 0 0 0 0
592 0 0 0 0
593 0 0 0 0
594 0 0 0 0
595 0 0 0 0
596 0 0 0 0
597 0 0 0 0
598 0 0 0 0
599 0 0 0 0
600 0 0 0 0
601 0 0 0 0
602 0 0 0 0
603 0 0 0 0
604 0 0 0 0
605 0 0 0 0
606 0 0 0 0
607 0 0 0 0
608 0 0 0 0
609 0 0 0 0
610 0 0 0 0
611 0 0 0 0
612 0 0 0 0
613 0 0 0 0
614 0 0 0 0
615 0 0 0 0
616 0 0 0 0
617 0 0 0 0
618 0 0 0 0
619 0 0 0 0
620 0 0 0 0
621 0 0 0 0
622 0 0 0 0
623 0 0 0 0
624 0 0 0 0
625 0 0 0 0
626 0 0 0 0
627 0 0 0 0
628 0 0 0 0
629 0 0 0 0
630 0 0 0 0
631 0 0 0 0
632 0 0 0 0
633 0 0 0 0
634 0 0 0 0
635 0 0 0 0
636 0 0 0 0
637 0 0 0 0
638 0 0 0 0
639 0 0 0 0
640 0 0 0 0
641 0 0 0 0
642 0 0 0 0
643 0 0 0 0
644 0 0 0 0
645 0 0 0 0
646 0 0 0 0
647 0 0 0 0
648 0 0 0 0
649 0 0 0 0
650 0 0 0 0
651 0 0 0 0
652 0 0 0 0
653 0 0 0 0
654 0 0 0 0
655 0 0 0 0
656 0 0 0 0
657 0 0 0 0
658 0 0 0 0
659 0 0 0 0
660 0 0 0 0
661 0 0 0 0
662 0 0 0 0
663 0 0 0 0
664 0 0 0 0
665 0 0 0 0
666 0 0 0 0
667 0 0 0 0
668 0 0 0 0
669 0 0 0 0
670 0 0 0 0
671 0 0 0 0
672 0 0 0 0
673 0 0 0 0
674 0 0 0 0
675 0 0 0 0
676 0 0 0 0
677 0 0 0 0
678 0 0 0 0
679 0 0 0 0
680 0 0 0 0
681 0 0 0 0
682 0 0 0 0
683 0 0 0 0
684 0 0 0 0
685 0 0 0 0
686 0 0 0 0
687 0 0 0 0
688 0 0 0 0
689 0 0 0 0
690 0 0 0 0
691 0 0 0 0
692 0 0 0 0
693 0 0 0 0
694 0 0 0 0
695 0 0 0 0
696 0 0 0 0
697 0 0 0 0
698 0 0 0 0
699 0 0 0 0
700 0 0 0 0
701 0 0 0 0
702 0 0 0 0
703 0 0 0 0
704 0 0 0 0
705 0 0 0 0
706 0 0 0 0
707 0 0 0 0
708 0 0 0 0
709 0 0 0 0
710 0 0 0 0
711 0 0 0 0
712 0 0 0 0
713 0 0 0 0
714 0 0 0 0
715 0 0 0 0
716 0 0 0 0
717 0 0 0 0
718 0 0 0 0
719 0 0 0 0
720 0 0 0 0
721 0 0 0 0
722 0 0 0 0
723 0 0 0 0
724 0 0 0 0
725 0 0 0 0
726 0 0 0 0
727 0 0 0 0
