0 0 0 0 0
1 0 0 0 0
2 0 0 0 0
3 0 0 0 0
4 0 0 0 0
5 0 1 2 0
6 0 0 0 0
7 0 0 0 0
8 0 0 0 0
9 0 2 0 2
10 0 0 0 0
11 1 0 0 0
12 0 0 0 1
13 0 0 0 2
14 0 0 0 0
15 0 0 0 0
16 0 1 0 0
17 2 0 0 0
18 2 0 0 0
19 0 0 0 0
20 0 0 0 0
21 3 0 0 0
22 0 1 0 0
23 0 1 0 1
24 1 0 0 0
25 0 0 0 0
26 0 2 0 1
27 0 1 0 1
28 0 0 0 0
29 0 0 0 0
30 1 1 1 0
31 0 0 0 1
32 0 0 0 0
33 1 1 0 2
34 0 0 0 1
35 1 0 0 0
36 0 0 0 0
37 0 0 0 1
38 1 0 1 0
39 2 0 1 0
40 2 1 0 1
41 2 0 0 0
42 3 0 0 1
43 0 1 0 1
44 2 1 0 0
45 3 2 0 0
46 0 1 1 0
47 0 0 1 2
48 1 1 0 0
49 2 1 0 2
50 2 0 0 2
51 1 2 0 2
52 1 0 0 1
53 2 1 1 1
54 0 1 3 0
55 2 0 0 1
56 1 0 1 0
57 2 0 0 1
58 1 2 0 4
59 2 1 1 0
60 2 1 1 1
61 2 1 1 1
62 1 0 1 1
63 1 1 0 3
64 4 0 0 2
65 0 0 1 1
66 1 2 0 2
67 0 1 0 0
68 3 0 3 1
69 1 1 3 1
70 2 1 1 2
71 4 0 0 1
72 2 0 0 2
73 0 0 2 2
74 0 0 0 1
75 1 1 1 1
76 2 2 0 3
77 0 2 2 2
78 3 1 0 0
79 1 1 0 1
80 2 1 2 1
81 2 0 1 4
82 3 0 0 2
83 4 2 1 3
84 1 1 0 2
85 1 1 0 1
86 2 0 1 0
87 6 0 0 2
88 1 4 0 0
89 1 1 1 1
90 2 1 2 2
91 2 2 1 0
92 1 4 1 2
93 4 1 0 3
94 2 0 0 3
95 3 0 1 5
96 2 1 1 3
97 2 0 3 0
98 3 2 2 1
99 2 0 3 3
100 3 2 1 1
101 1 0 0 1
102 4 2 0 2
103 4 1 2 5
104 6 2 1 4
105 5 2 1 2
106 5 1 1 1
107 7 2 0 1
108 3 2 0 1
109 3 3 3 3
110 4 1 2 4
111 5 0 3 4
112 3 4 1 2
113 0 3 0 3
114 2 2 2 3
115 6 3 3 2
116 4 3 0 8
117 1 2 0 3
118 2 1 1 3
119 7 2 2 4
120 5 1 7 3
121 4 0 4 3
122 7 0 1 5
123 5 1 1 5
124 5 4 0 5
125 7 4 1 2
126 6 1 2 2
127 8 4 1 5
128 4 2 4 3
129 6 2 0 5
130 4 4 3 2
131 8 4 6 6
132 5 4 5 4
133 6 5 2 1
134 5 4 2 4
135 2 0 1 9
136 6 6 2 5
137 7 3 1 8
138 6 3 2 7
139 4 2 4 5
140 9 2 1 9
141 11 3 5 6
142 8 3 5 3
143 7 3 2 4
144 8 0 0 4
145 8 1 5 8
146 12 6 2 7
147 7 3 3 5
148 14 4 5 4
149 8 7 2 7
150 8 5 3 6
151 4 8 4 4
152 7 4 3 6
153 9 9 1 9
154 7 9 0 4
155 8 6 3 11
156 9 1 2 7
157 11 6 5 10
158 13 7 3 14
159 14 4 3 7
160 11 4 2 7
161 11 7 1 8
162 11 5 4 13
163 7 8 2 6
164 7 8 3 6
165 12 6 5 8
166 11 8 1 6
167 12 8 6 10
168 17 9 3 10
169 19 3 5 11
170 18 6 3 5
171 8 6 5 17
172 13 5 3 12
173 12 12 5 10
174 18 11 4 5
175 13 10 3 12
176 16 7 6 8
177 19 8 4 17
178 16 9 8 10
179 16 12 7 9
180 15 9 3 16
181 15 11 3 21
182 20 11 7 15
183 10 9 3 11
184 17 7 5 11
185 16 9 11 14
186 20 9 4 19
187 17 10 9 13
188 15 7 6 16
189 20 7 5 22
190 23 9 9 10
191 13 18 8 17
192 18 9 2 11
193 24 14 8 14
194 23 8 9 16
195 24 7 5 20
196 19 4 12 12
197 30 7 9 20
198 23 9 11 23
199 29 15 11 11
200 20 11 4 19
201 26 7 12 17
202 26 17 13 11
203 15 15 11 23
204 16 18 10 21
205 23 10 8 22
206 23 21 14 25
207 18 14 11 16
208 24 13 8 25
209 11 11 6 25
210 14 11 9 28
211 11 19 6 32
212 17 18 3 19
213 12 13 12 30
214 18 10 5 16
215 18 6 6 25
216 17 8 6 14
217 10 8 7 21
218 10 7 6 25
219 11 10 7 16
220 9 7 4 17
221 19 14 5 18
222 13 5 4 11
223 9 8 8 19
224 11 13 8 12
225 7 8 6 21
226 12 8 5 11
227 15 9 1 12
228 12 1 6 14
229 11 1 3 12
230 9 10 5 16
231 8 10 5 16
232 3 7 7 8
233 8 13 6 6
234 10 6 3 21
235 5 4 0 13
236 7 4 5 7
237 5 4 2 14
238 6 9 3 11
239 7 8 5 12
240 8 3 2 14
241 1 3 2 7
242 3 4 2 5
243 5 5 4 9
244 4 2 3 5
245 3 4 3 12
246 4 3 1 14
247 2 1 1 6
248 2 5 2 2
249 5 2 3 7
250 4 0 0 6
251 4 3 2 4
252 1 1 4 6
253 2 1 1 4
254 7 3 2 0
255 4 2 0 7
256 7 3 0 8
257 2 0 2 0
258 1 1 3 4
259 1 3 5 0
260 6 2 4 5
261 2 1 3 4
262 2 3 0 4
263 4 2 0 3
264 3 0 1 3
265 3 6 0 5
266 1 1 0 6
267 2 3 0 5
268 2 2 1 1
269 2 2 1 6
270 1 1 1 1
271 0 1 1 3
272 2 0 1 4
273 3 1 2 2
274 1 2 0 3
275 2 1 1 2
276 2 1 1 2
277 1 1 1 2
278 1 1 2 3
279 1 1 1 1
280 2 1 0 3
281 3 0 0 0
282 2 1 0 1
283 0 0 0 2
284 1 1 1 3
285 3 2 0 3
286 0 1 1 2
287 2 1 0 0
288 1 0 0 0
289 1 2 1 1
290 0 3 2 0
291 1 1 1 4
292 2 2 0 1
293 1 1 0 3
294 1 0 1 3
295 1 0 0 0
296 3 0 1 4
297 1 2 0 3
298 1 0 1 1
299 2 1 0 0
300 3 1 0 1
301 1 1 1 2
302 0 0 0 0
303 1 1 0 1
304 1 1 0 2
305 1 1 1 3
306 1 0 1 0
307 0 0 1 1
308 1 0 1 1
309 0 1 1 1
310 1 0 1 1
311 2 0 0 0
312 1 1 0 2
313 1 0 0 1
314 1 1 0 2
315 1 1 0 0
316 1 1 0 2
317 1 2 0 0
318 0 1 0 0
319 1 0 2 1
320 2 0 1 0
321 0 0 1 3
322 0 1 0 0
323 1 0 0 2
324 0 0 2 0
325 0 1 1 0
326 1 0 0 3
327 0 0 0 1
328 1 0 1 1
329 1 0 0 2
330 0 0 0 0
331 0 1 0 2
332 0 0 0 0
333 0 1 0 0
334 1 0 0 0
335 0 0 0 1
336 0 0 0 0
337 0 0 0 1
338 0 0 1 1
339 1 0 0 0
340 0 0 0 0
341 0 0 1 0
342 0 0 0 0
343 0 0 0 0
344 0 0 0 0
345 0 0 0 2
346 0 0 0 0
347 0 0 0 0
348 0 1 0 0
349 0 0 0 0
350 0 0 0 0
351 0 0 0 0
352 0 0 0 1
353 1 0 0 0
354 0 0 0 0
355 0 0 0 0
356 0 0 0 0
357 0 0 0 0
358 1 0 0 0
359 0 0 0 0
360 1 0 0 0
361 0 0 0 0
362 0 1 0 0
363 0 1 0 0
364 0 0 0 0
365 0 0 0 0
366 1 0 0 1
367 0 0 0 1
368 0 0 0 0
369 0 1 0 0
370 0 0 0 0
371 0 0 0 0
372 0 0 0 0
373 0 0 0 1
374 0 0 0 0
375 0 1 0 0
376 0 0 0 0
377 0 0 0 0
378 0 0 0 0
379 0 0 0 0
380 0 0 0 0
381 0 0 0 0
382 1 0 0 1
383 0 0 0 0
384 1 0 0 0
385 0 0 0 0
386 0 0 0 0
387 0 0 1 0
388 0 0 0 0
389 0 0 0 0
390 1 0 0 0
391 0 0 0 0
392 0 0 0 0
393 0 0 1 0
394 0 0 0 1
395 0 0 0 0
396 0 0 0 0
397 0 0 0 1
398 0 0 0 0
399 0 0 1 0
400 0 0 0 0
401 0 0 0 0
402 0 0 0 0
403 0 0 0 0
404 0 0 0 0
405 0 0 0 0
406 0 0 0 1
407 0 0 0 0
408 0 0 0 0
409 0 0 0 0
410 0 0 0 0
411 0 0 0 0
412 0 0 0 0
413 0 0 0 0
414 0 0 0 0
415 0 0 0 0
416 0 0 0 0
417 0 0 0 0
418 0 0 0 0
419 0 0 0 0
420 0 0 0 0
421 0 0 0 0
422 0 0 0 0
423 0 0 0 0
424 0 0 0 0
425 0 0 0 0
426 0 0 0 0
427 0 0 0 0
428 0 0 0 0
429 0 0 0 0
430 0 0 0 0
431 0 0 0 0
432 0 0 0 0
433 0 0 0 0
434 0 0 0 0
435 0 0 0 0
436 0 0 0 0
437 0 0 0 0
438 0 0 0 0
439 0 0 0 0
440 0 0 0 0
441 0 0 0 0
442 0 0 0 0
443 0 0 0 0
444 0 0 0 0
445 0 0 0 0
446 0 0 0 0
447 0 0 0 0
448 0 0 0 0
449 0 0 0 0
450 0 0 0 0
451 0 0 0 0
452 0 0 0 0
453 0 0 0 0
454 0 0 0 0
455 0 0 0 0
456 0 0 0 0
457 0 0 0 0
458 0 0 0 0
459 0 0 0 0
460 0 0 0 0
461 0 0 0 0
462 0 0 0 0
463 0 0 0 0
464 0 0 0 0
465 0 0 0 0
466 0 0 0 0
467 0 0 0 0
468 0 0 0 0
469 0 0 0 0
470 0 0 0 0
471 0 0 0 0
472 0 0 0 0
473 0 0 0 0
474 0 0 0 0
475 0 0 0 0
476 0 0 0 0
477 0 0 0 0
478 0 0 0 0
479 0 0 0 0
480 0 0 0 0
481 0 0 0 0
482 0 0 0 0
483 0 0 0 0
484 0 0 0 0
485 0 0 0 0
486 0 0 0 0
487 0 0 0 0
488 0 0 0 0
489 0 0 0 0
490 0 0 0 0
491 0 0 0 0
492 0 0 0 0
493 0 0 0 0
494 0 0 0 0
495 0 0 0 0
496 0 0 0 0
497 0 0 0 0
498 0 0 0 0
499 0 0 0 0
500 0 0 0 0
501 0 0 0 0
502 0 0 0 0
503 0 0 0 0
504 0 0 0 0
505 0 0 0 0
506 0 0 0 0
507 0 0 0 0
508 0 0 0 0
509 0 0 0 0
510 0 0 0 0
511 0 0 0 0
512 0 0 0 0
513 0 0 0 0
514 0 0 0 0
515 0 0 0 0
516 0 0 0 0
517 0 0 0 0
518 0 0 0 0
519 0 0 0 0
520 0 0 0 0
521 0 0 0 0
522 0 0 0 0
523 0 0 0 0
524 0 0 0 0
525 0 0 0 0
526 0 0 0 0
527 0 0 0 0
528 0 0 0 0
529 0 0 0 0
530 0 0 0 0
531 0 0 0 0
532 0 0 0 0
533 0 0 0 0
534 0 0 0 0
535 0 0 0 0
536 0 0 0 0
537 0 0 0 0
538 0 0 0 0
539 0 0 0 0
540 0 0 0 0
541 0 0 0 0
542 0 0 0 0
543 0 0 0 0
544 0 0 0 0
545 0 0 0 0
546 0 0 0 0
547 0 0 0 0
548 0 0 0 0
549 0 0 0 0
550 0 0 0 0
551 0 0 0 0
552 0 0 0 0
553 0 0 0 0
554 0 0 0 0
555 0 0 0 0
556 0 0 0 0
557 0 0 0 0
558 0 0 0 0
559 0 0 0 0
560 0 0 0 0
561 0 0 0 0
562 0 0 0 0
563 0 0 0 0
564 0 0 0 0
565 0 0 0 0
566 0 0 0 0
567 0 0 0 0
568 0 0 0 0
569 0 0 0 0
570 0 0 0 0
571 0 0 0 0
572 0 0 0 0
573 0 0 0 0
574 0 0 0 0
575 0 0 0 0
576 0 0 0 0
577 0 0 0 0
578 0 0 0 0
579 0 0 0 0
580 0 0 0 0
581 0 0 0 0
582 0 0 0 0
583 0 0 0 0
584 0 0 0 0
585 0 0 0 0
586 0 0 0 0
587 0 0 0 0
588 0 0 0 0
589 0 0 0 0
590 0 0 0 0
591 0 0 0 0
592 0 0 0 0
593 0 0 0 0
594 0 0 0 0
595 0 0 0 0
596 0 0 0 0
597 0 0 0 0
598 0 0 0 0
599 0 0 0 0
600 0 0 0 0
601 0 0 0 0
602 0 0 0 0
603 0 0 0 0
604 0 0 0 0
605 0 0 0 0
606 0 0 0 0
607 0 0 0 0
608 0 0 0 0
609 0 0 0 0
610 0 0 0 0
611 0 0 0 0
612 0 0 0 0
613 0 0 0 0
614 0 0 0 0
615 0 0 0 0
616 0 0 0 0
617 0 0 0 0
618 0 0 0 0
619 0 0 0 0
620 0 0 0 0
621 0 0 0 0
622 0 0 0 0
623 0 0 0 0
624 0 0 0 0
625 0 0 0 0
626 0 0 0 0
627 0 0 0 0
628 0 0 0 0
629 0 0 0 0
630 0 0 0 0
631 0 0 0 0
632 0 0 0 0
633 0 0 0 0
634 0 0 0 0
635 0 0 0 0
636 0 0 0 0
637 0 0 0 0
638 0 0 0 0
639 0 0 0 0
640 0 0 0 0
641 0 0 0 0
642 0 0 0 0
643 0 0 0 0
644 0 0 0 0
645 0 0 0 0
646 0 0 0 0
647 0 0 0 0
648 0 0 0 0
649 0 0 0 0
650 0 0 0 0
651 0 0 0 0
652 0 0 0 0
653 0 0 0 0
654 0 0 0 0
655 0 0 0 0
656 0 0 0 0
657 0 0 0 0
658 0 0 0 0
659 0 0 0 0
660 0 0 0 0
661 0 0 0 0
662 0 0 0 0
663 0 0 0 0
664 0 0 0 0
665 0 0 0 0
666 0 0 0 0
667 0 0 0 0
668 0 0 0 0
669 0 0 0 0
670 0 0 0 0
671 0 0 0 0
672 0 0 0 0
673 0 0 0 0
674 0 0 0 0
675 0 0 0 0
676 0 0 0 0
677 0 0 0 0
678 0 0 0 0
679 0 0 0 0
680 0 0 0 0
681 0 0 0 0
682 0 0 0 0
683 0 0 0 0
684 0 0 0 0
685 0 0 0 0
686 0 0 0 0
687 0 0 0 0
688 0 0 0 0
689 0 0 0 0
690 0 0 0 0
691 0 0 0 0
692 0 0 0 0
693 0 0 0 0
694 0 0 0 0
695 0 0 0 0
696 0 0 0 0
697 0 0 0 0
698 0 0 0 0
699 0 0 0 0
700 0 0 0 0
701 0 0 0 0
702 0 0 0 0
703 0 0 0 0
704 0 0 0 0
705 0 0 0 0
706 0 0 0 0
707 0 0 0 0
708 0 0 0 0
709 0 0 0 0
710 0 0 0 0
711 0 0 0 0
712 0 0 0 0
713 0 0 0 0
714 0 0 0 0
715 0 0 0 0
716 0 0 0 0
717 0 0 0 0
718 0 0 0 0
719 0 0 0 0
720 0 0 0 0
721 0 0 0 0
722 0 0 0 0
723 0 0 0 0
724 0 0 0 0
725 0 0 0 0
726 0 0 0 0
727 0 0 0 0
