0 0 0 0 0
1 0 0 0 0
2 0 0 0 0
3 0 0 0 0
4 0 0 0 0
5 0 3 0 0
6 0 0 0 0
7 0 0 0 0
8 0 0 0 0
9 0 1 1 1
10 0 0 0 0
11 0 0 0 0
12 0 0 0 2
13 0 0 0 2
14 0 0 0 0
15 0 0 0 0
16 0 0 0 0
17 0 0 0 0
18 0 0 0 0
19 1 0 0 0
20 0 0 0 0
21 1 0 0 0
22 0 0 0 0
23 0 0 0 0
24 2 0 0 0
25 0 0 0 0
26 2 0 0 0
27 1 0 0 0
28 0 0 1 0
29 0 2 0 0
30 0 1 0 0
31 0 2 0 0
32 0 1 0 1
33 0 0 0 2
34 0 0 0 1
35 0 0 0 0
36 0 0 0 0
37 0 0 0 0
38 0 0 0 2
39 0 0 0 1
40 1 0 0 0
41 1 0 0 0
42 1 0 0 0
43 0 0 0 0
44 1 0 0 0
45 0 0 0 0
46 0 0 0 0
47 0 0 0 0
48 2 0 0 0
49 1 1 1 0
50 1 0 1 0
51 1 0 1 0
52 0 0 0 0
53 1 1 0 2
54 0 1 0 0
55 0 0 1 1
56 0 0 0 0
57 0 1 0 2
58 0 0 0 1
59 0 0 0 1
60 0 0 1 0
61 0 0 0 1
62 0 1 0 0
63 0 0 0 0
64 0 0 0 1
65 0 0 0 0
66 2 0 0 0
67 0 0 0 0
68 1 0 0 0
69 1 0 0 1
70 3 0 0 0
71 2 0 0 0
72 1 0 0 0
73 2 1 0 0
74 2 0 0 0
75 0 4 1 0
76 1 1 1 0
77 0 0 0 1
78 0 2 0 0
79 0 1 1 5
80 0 0 0 0
81 0 2 0 0
82 0 1 0 2
83 0 0 0 2
84 0 0 0 0
85 1 0 0 2
86 0 0 0 2
87 0 0 0 0
88 1 0 0 0
89 2 0 0 1
90 1 1 0 0
91 0 0 0 0
92 0 0 0 0
93 1 1 0 0
94 1 0 0 1
95 2 1 0 0
96 2 0 0 0
97 2 0 1 1
98 2 2 0 0
99 2 0 0 1
100 1 1 1 0
101 0 1 1 0
102 1 0 0 0
103 1 1 1 0
104 0 1 1 2
105 2 1 0 4
106 2 2 0 0
107 1 1 0 1
108 2 0 1 2
109 3 1 0 0
110 0 1 1 3
111 4 0 0 1
112 4 0 0 2
113 2 1 0 1
114 3 1 1 1
115 0 1 1 1
116 3 1 1 1
117 3 1 2 0
118 4 2 0 0
119 1 1 2 2
120 2 2 1 2
121 3 2 1 4
122 4 0 2 2
123 4 2 0 3
124 6 0 1 2
125 3 2 1 2
126 3 4 0 2
127 5 3 1 3
128 5 1 0 2
129 3 3 1 2
130 2 2 0 3
131 2 2 3 2
132 2 5 3 4
133 4 0 3 2
134 3 2 0 3
135 3 0 1 2
136 6 1 0 7
137 3 3 4 3
138 6 3 2 3
139 3 1 1 5
140 3 4 0 2
141 5 4 3 7
142 10 2 1 3
143 5 6 0 1
144 7 1 1 3
145 2 3 0 6
146 5 3 0 3
147 2 1 4 4
148 10 2 2 6
149 2 2 2 5
150 8 1 3 5
151 6 6 5 1
152 9 2 2 1
153 5 7 4 2
154 8 1 2 7
155 2 3 3 12
156 9 3 2 5
157 10 5 0 4
158 10 4 2 3
159 3 4 3 4
160 6 3 0 10
161 3 7 4 4
162 11 4 3 7
163 8 4 3 5
164 8 1 2 6
165 6 5 1 12
166 5 3 3 9
167 6 9 2 3
168 12 2 1 5
169 9 6 1 6
170 8 4 2 5
171 12 8 1 5
172 6 7 3 4
173 11 3 6 9
174 7 7 0 10
175 14 3 4 9
176 11 5 4 4
177 13 4 5 6
178 8 9 3 7
179 11 4 3 13
180 7 7 4 10
181 9 8 3 6
182 11 8 0 9
183 6 5 4 8
184 14 5 7 12
185 8 3 3 11
186 13 9 4 6
187 16 2 3 11
188 19 2 4 10
189 15 7 3 9
190 10 6 2 11
191 18 8 7 10
192 12 9 5 6
193 17 9 9 9
194 23 9 3 7
195 14 8 2 11
196 20 8 6 13
197 14 7 9 15
198 13 8 6 17
199 14 12 7 9
200 22 9 7 15
201 18 10 5 13
202 14 5 12 15
203 14 14 6 16
204 15 9 5 20
205 9 11 10 14
206 9 9 8 15
207 8 12 4 16
208 11 8 7 10
209 13 9 8 16
210 8 9 6 18
211 9 6 3 21
212 12 8 2 22
213 10 9 6 16
214 9 6 4 15
215 8 3 4 15
216 11 7 1 9
217 11 6 2 13
218 5 7 5 9
219 13 7 2 8
220 9 4 5 11
221 4 11 4 8
222 9 3 8 8
223 8 4 3 11
224 12 8 4 7
225 9 10 2 15
226 6 7 1 9
227 7 2 5 10
228 7 2 3 15
229 3 10 2 9
230 4 1 2 7
231 5 4 3 10
232 8 10 1 12
233 5 3 4 13
234 5 7 2 4
235 5 6 0 3
236 4 2 3 8
237 4 5 2 4
238 9 3 1 8
239 3 1 2 12
240 4 2 2 7
241 5 2 2 10
242 3 3 2 4
243 4 5 3 5
244 2 3 1 3
245 1 5 2 5
246 1 1 2 2
247 1 4 3 7
248 2 3 0 2
249 4 0 2 7
250 5 2 1 6
251 2 0 1 6
252 1 1 1 4
253 4 2 0 3
254 0 2 0 6
255 2 2 3 1
256 3 1 1 3
257 4 2 0 1
258 5 4 1 3
259 4 0 2 2
260 4 1 1 2
261 3 1 0 2
262 3 1 2 5
263 3 1 1 2
264 0 2 2 1
265 1 4 1 3
266 1 0 2 4
267 1 3 1 1
268 0 1 1 2
269 4 1 1 2
270 4 1 2 3
271 0 2 1 7
272 3 0 1 3
273 2 0 0 2
274 2 3 0 4
275 2 0 1 3
276 2 1 0 1
277 0 1 1 1
278 2 0 4 4
279 1 4 0 0
280 4 0 1 0
281 2 2 0 2
282 0 0 0 4
283 2 2 0 4
284 1 0 1 0
285 1 2 1 2
286 1 0 1 1
287 5 0 1 3
288 2 3 0 2
289 1 3 0 2
290 2 0 1 1
291 1 0 0 0
292 0 3 0 2
293 1 0 0 2
294 0 1 1 2
295 3 3 0 2
296 1 2 1 3
297 0 2 0 0
298 1 1 0 2
299 0 0 0 2
300 1 2 1 2
301 1 0 0 0
302 2 0 0 4
303 1 0 1 1
304 0 0 0 2
305 0 0 1 0
306 0 0 0 0
307 1 0 1 3
308 2 1 0 0
309 1 0 1 0
310 1 1 0 0
311 2 0 1 0
312 0 0 0 1
313 0 2 0 1
314 0 0 0 2
315 0 0 0 1
316 1 3 0 0
317 2 0 0 1
318 0 0 1 1
319 1 1 0 0
320 0 0 0 3
321 1 0 0 0
322 1 2 0 0
323 3 0 0 1
324 2 0 0 0
325 0 1 0 1
326 1 0 1 2
327 1 0 0 0
328 2 3 0 0
329 2 1 0 1
330 0 0 0 0
331 1 2 0 0
332 0 1 0 1
333 1 2 0 2
334 0 1 0 0
335 0 0 0 4
336 1 0 1 1
337 0 0 1 1
338 0 2 0 1
339 0 0 0 0
340 0 1 0 2
341 0 1 0 1
342 1 0 0 1
343 1 0 0 0
344 0 0 0 2
345 1 0 0 2
346 0 0 0 0
347 0 1 0 0
348 0 0 0 0
349 0 0 0 0
350 0 1 0 0
351 0 0 0 0
352 0 0 1 0
353 0 0 0 0
354 0 0 0 1
355 0 0 0 0
356 0 0 0 1
357 0 0 0 1
358 0 0 0 0
359 0 0 0 0
360 0 0 0 0
361 0 0 0 0
362 0 0 0 0
363 1 0 0 0
364 0 0 0 0
365 0 0 0 0
366 2 0 0 0
367 1 0 0 0
368 0 1 0 0
369 0 0 0 0
370 0 0 0 0
371 0 2 0 0
372 0 0 0 1
373 0 0 0 0
374 0 0 0 0
375 0 0 0 1
376 0 0 1 0
377 0 0 0 0
378 0 0 0 1
379 0 0 0 0
380 0 0 0 1
381 0 0 0 0
382 0 0 0 0
383 0 0 0 0
384 0 0 0 0
385 0 0 0 0
386 0 0 0 0
387 0 0 0 0
388 0 0 0 0
389 0 0 0 0
390 0 0 0 0
391 0 0 0 0
392 1 0 0 0
393 0 0 0 0
394 0 0 0 0
395 0 0 0 0
396 0 0 0 0
397 0 1 0 0
398 0 0 0 0
399 0 0 0 0
400 0 0 0 0
401 0 0 0 1
402 0 0 0 0
403 0 0 0 0
404 0 0 0 0
405 0 0 0 0
406 0 0 0 0
407 0 0 0 0
408 0 0 0 0
409 0 0 0 0
410 0 0 0 0
411 0 0 0 0
412 0 0 0 0
413 0 0 0 0
414 0 0 0 0
415 0 0 0 0
416 0 0 0 0
417 0 0 0 0
418 0 0 0 0
419 0 0 0 0
420 0 0 0 0
421 0 0 0 0
422 0 0 0 0
423 0 0 0 0
424 0 0 0 0
425 0 0 0 0
426 0 0 0 0
427 0 0 0 0
428 0 0 0 0
429 0 0 0 0
430 0 0 0 0
431 0 0 0 0
432 0 0 0 0
433 0 0 0 0
434 0 0 0 0
435 0 0 0 0
436 0 0 0 0
437 0 0 0 0
438 0 0 0 0
439 0 0 0 0
440 0 0 0 0
441 0 0 0 0
442 0 0 0 0
443 0 0 0 0
444 0 0 0 0
445 0 0 0 0
446 0 0 0 0
447 0 0 0 0
448 0 0 0 0
449 0 0 0 0
450 0 0 0 0
451 0 0 0 0
452 0 0 0 0
453 0 0 0 0
454 0 0 0 0
455 0 0 0 0
456 0 0 0 0
457 0 0 0 0
458 0 0 0 0
459 0 0 0 0
460 0 0 0 0
461 0 0 0 0
462 0 0 0 0
463 0 0 0 0
464 0 0 0 0
465 0 0 0 0
466 0 0 0 0
467 0 0 0 0
468 0 0 0 0
469 0 0 0 0
470 0 0 0 0
471 0 0 0 0
472 0 0 0 0
473 0 0 0 0
474 0 0 0 0
475 0 0 0 0
476 0 0 0 0
477 0 0 0 0
478 0 0 0 0
479 0 0 0 0
480 0 0 0 0
481 0 0 0 0
482 0 0 0 0
483 0 0 0 0
484 0 0 0 0
485 0 0 0 0
486 0 0 0 0
487 0 0 0 0
488 0 0 0 0
489 0 0 0 0
490 0 0 0 0
491 0 0 0 0
492 0 0 0 0
493 0 0 0 0
494 0 0 0 0
495 0 0 0 0
496 0 0 0 0
497 0 0 0 0
498 0 0 0 0
499 0 0 0 0
500 0 0 0 0
501 0 0 0 0
502 0 0 0 0
503 0 0 0 0
504 0 0 0 0
505 0 0 0 0
506 0 0 0 0
507 0 0 0 0
508 0 0 0 0
509 0 0 0 0
510 0 0 0 0
511 0 0 0 0
512 0 0 0 0
513 0 0 0 0
514 0 0 0 0
515 0 0 0 0
516 0 0 0 0
517 0 0 0 0
518 0 0 0 0
519 0 0 0 0
520 0 0 0 0
521 0 0 0 0
522 0 0 0 0
523 0 0 0 0
524 0 0 0 0
525 0 0 0 0
526 0 0 0 0
527 0 0 0 0
528 0 0 0 0
529 0 0 0 0
530 0 0 0 0
531 0 0 0 0
532 0 0 0 0
533 0 0 0 0
534 0 0 0 0
535 0 0 0 0
536 0 0 0 0
537 0 0 0 0
538 0 0 0 0
539 0 0 0 0
540 0 0 0 0
541 0 0 0 0
542 0 0 0 0
543 0 0 0 0
544 0 0 0 0
545 0 0 0 0
546 0 0 0 0
547 0 0 0 0
548 0 0 0 0
549 0 0 0 0
550 0 0 0 0
551 0 0 0 0
552 0 0 0 0
553 0 0 0 0
554 0 0 0 0
555 0 0 0 0
556 0 0 0 0
557 0 0 0 0
558 0 0 0 0
559 0 0 0 0
560 0 0 0 0
561 0 0 0 0
562 0 0 0 0
563 0 0 0 0
564 0 0 0 0
565 0 0 0 0
566 0 0 0 0
567 0 0 0 0
568 0 0 0 0
569 0 0 0 0
570 0 0 0 0
571 0 0 0 0
572 0 0 0 0
573 0 0 0 0
574 0 0 0 0
575 0 0 0 0
576 0 0 0 0
577 0 0 0 0
578 0 0 0 0
579 0 0 0 0
580 0 0 0 0
581 0 0 0 0
582 0 0 0 0
583 0 0 0 0
584 0 0 0 0
585 0 0 0 0
586 0 0 0 0
587 0 0 0 0
588 0 0 0 0
589 0 0 0 0
590 0 0 0 0
591 0 0 0 0
592 0 0 0 0
593 0 0 0 0
594 0 0 0 0
595 0 0 0 0
596 0 0 0 0
597 0 0 0 0
598 0 0 0 0
599 0 0 0 0
600 0 0 0 0
601 0 0 0 0
602 0 0 0 0
603 0 0 0 0
604 0 0 0 0
605 0 0 0 0
606 0 0 0 0
607 0 0 0 0
608 0 0 0 0
609 0 0 0 0
610 0 0 0 0
611 0 0 0 0
612 0 0 0 0
613 0 0 0 0
614 0 0 0 0
615 0 0 0 0
616 0 0 0 0
617 0 0 0 0
618 0 0 0 0
619 0 0 0 0
620 0 0 0 0
621 0 0 0 0
622 0 0 0 0
623 0 0 0 0
624 0 0 0 0
625 0 0 0 0
626 0 0 0 0
627 0 0 0 0
628 0 0 0 0
629 0 0 0 0
630 0 0 0 0
631 0 0 0 0
632 0 0 0 0
633 0 0 0 0
634 0 0 0 0
635 0 0 0 0
636 0 0 0 0
637 0 0 0 0
638 0 0 0 0
639 0 0 0 0
640 0 0 0 0
641 0 0 0 0
642 0 0 0 0
643 0 0 0 0
644 0 0 0 0
645 0 0 0 0
646 0 0 0 0
647 0 0 0 0
648 0 0 0 0
649 0 0 0 0
650 0 0 0 0
651 0 0 0 0
652 0 0 0 0
653 0 0 0 0
654 0 0 0 0
655 0 0 0 0
656 0 0 0 0
657 0 0 0 0
658 0 0 0 0
659 0 0 0 0
660 0 0 0 0
661 0 0 0 0
662 0 0 0 0
663 0 0 0 0
664 0 0 0 0
665 0 0 0 0
666 0 0 0 0
667 0 0 0 0
668 0 0 0 0
669 0 0 0 0
670 0 0 0 0
671 0 0 0 0
672 0 0 0 0
673 0 0 0 0
674 0 0 0 0
675 0 0 0 0
676 0 0 0 0
677 0 0 0 0
678 0 0 0 0
679 0 0 0 0
680 0 0 0 0
681 0 0 0 0
682 0 0 0 0
683 0 0 0 0
684 0 0 0 0
685 0 0 0 0
686 0 0 0 0
687 0 0 0 0
688 0 0 0 0
689 0 0 0 0
690 0 0 0 0
691 0 0 0 0
692 0 0 0 0
693 0 0 0 0
694 0 0 0 0
695 0 0 0 0
696 0 0 0 0
697 0 0 0 0
698 0 0 0 0
699 0 0 0 0
700 0 0 0 0
701 0 0 0 0
702 0 0 0 0
703 0 0 0 0
704 0 0 0 0
705 0 0 0 0
706 0 0 0 0
707 0 0 0 0
708 0 0 0 0
709 0 0 0 0
710 0 0 0 0
711 0 0 0 0
712 0 0 0 0
713 0 0 0 0
714 0 0 0 0
715 0 0 0 0
716 0 0 0 0
717 0 0 0 0
718 0 0 0 0
719 0 0 0 0
720 0 0 0 0
721 0 0 0 0
722 0 0 0 0
723 0 0 0 0
724 0 0 0 0
725 0 0 0 0
726 0 0 0 0
727 0 0 0 0
