0 0 0 0 0
1 0 0 0 0
2 0 0 0 0
3 0 0 0 0
4 0 0 0 0
5 0 1 0 0
6 0 0 0 0
7 0 0 0 0
8 0 0 0 0
9 0 1 3 1
10 0 0 0 0
11 0 0 0 0
12 0 0 0 0
13 0 0 0 4
14 0 0 0 0
15 0 0 0 0
16 0 0 0 0
17 0 0 0 0
18 0 0 0 0
19 0 0 0 0
20 0 0 0 0
21 0 0 0 0
22 0 0 0 0
23 0 0 0 0
24 0 0 0 0
25 0 0 0 0
26 1 0 0 0
27 0 0 0 0
28 1 0 0 0
29 0 0 0 0
30 0 0 0 0
31 1 0 0 0
32 0 0 0 0
33 0 1 0 0
34 0 0 0 0
35 0 1 0 0
36 0 1 0 0
37 0 0 0 1
38 0 0 0 0
39 0 0 0 0
40 0 0 0 0
41 0 0 0 0
42 0 0 0 1
43 1 0 0 1
44 0 0 0 0
45 0 0 0 0
46 0 0 0 0
47 0 0 0 0
48 1 0 0 0
49 0 0 0 0
50 0 0 0 0
51 0 0 0 0
52 0 1 0 0
53 0 1 0 0
54 0 0 0 0
55 1 0 0 0
56 0 0 0 1
57 0 0 0 1
58 0 0 0 0
59 0 0 0 0
60 1 0 0 0
61 0 0 0 0
62 1 0 0 0
63 1 0 0 0
64 2 1 0 0
65 0 0 0 0
66 1 0 0 0
67 0 1 0 0
68 1 0 0 0
69 0 2 0 0
70 1 0 0 1
71 0 0 0 1
72 1 0 1 0
73 1 2 0 0
74 1 0 0 0
75 0 0 1 0
76 0 0 0 2
77 0 1 0 2
78 2 0 1 0
79 1 1 0 2
80 2 0 0 0
81 1 0 0 1
82 1 0 0 0
83 2 1 1 1
84 1 1 0 0
85 1 0 1 1
86 1 0 0 0
87 0 1 0 2
88 1 1 0 1
89 0 0 1 0
90 0 0 2 0
91 1 1 0 1
92 1 0 0 0
93 5 0 2 1
94 0 1 0 1
95 1 0 1 1
96 1 1 0 1
97 2 0 0 2
98 0 1 0 2
99 1 0 0 1
100 1 0 1 1
101 1 2 0 0
102 0 2 2 0
103 1 0 0 1
104 2 1 0 0
105 4 0 1 1
106 1 2 0 3
107 5 0 0 1
108 4 0 1 3
109 4 1 1 1
110 4 3 1 1
111 7 0 0 0
112 3 1 0 1
113 2 0 3 2
114 1 1 1 2
115 2 2 1 1
116 3 2 4 1
117 0 3 1 4
118 2 1 2 0
119 2 2 0 3
120 4 2 4 4
121 4 1 2 2
122 5 0 1 2
123 2 1 0 6
124 5 3 0 6
125 6 2 0 3
126 1 0 1 1
127 5 3 3 3
128 4 2 0 4
129 3 2 2 2
130 6 3 2 2
131 6 1 0 5
132 4 5 1 3
133 3 2 4 2
134 5 5 1 3
135 8 0 1 0
136 10 5 0 7
137 4 5 0 5
138 4 2 0 5
139 5 5 3 1
140 11 4 2 5
141 6 5 0 5
142 13 3 1 3
143 1 1 3 7
144 6 5 4 7
145 6 6 4 4
146 7 3 3 6
147 3 5 4 5
148 10 2 1 7
149 7 4 4 7
150 6 3 1 2
151 7 7 2 9
152 6 1 0 5
153 7 6 4 8
154 7 5 3 6
155 9 2 4 6
156 7 4 3 6
157 4 4 0 4
158 8 2 2 10
159 6 4 4 3
160 7 2 3 12
161 9 7 2 7
162 12 5 3 4
163 12 5 5 6
164 15 3 6 2
165 17 3 4 8
166 16 3 4 9
167 11 5 3 12
168 11 2 2 10
169 16 6 4 9
170 9 10 5 8
171 8 11 5 5
172 8 13 2 2
173 10 5 6 10
174 9 8 9 10
175 17 11 2 12
176 16 8 2 9
177 17 10 3 15
178 12 6 3 16
179 10 4 2 12
180 16 4 5 11
181 11 3 3 15
182 19 10 9 11
183 13 10 4 6
184 15 10 6 15
185 15 9 13 7
186 26 10 4 11
187 17 5 7 4
188 19 10 2 16
189 21 11 2 24
190 19 5 8 19
191 22 11 11 15
192 17 7 9 16
193 19 13 5 13
194 16 10 7 8
195 23 11 10 16
196 18 13 9 15
197 22 7 7 17
198 26 16 4 18
199 9 14 8 20
200 11 10 12 21
201 20 13 6 15
202 26 12 8 22
203 15 15 3 24
204 11 13 3 17
205 27 6 6 18
206 17 13 9 21
207 10 20 12 20
208 17 6 4 23
209 14 10 2 14
210 5 12 10 19
211 10 9 8 23
212 12 5 10 13
213 13 8 6 13
214 8 13 5 25
215 13 6 5 16
216 11 9 3 12
217 10 10 2 20
218 9 10 6 15
219 6 5 5 12
220 14 5 4 9
221 7 8 7 20
222 15 8 4 17
223 10 1 1 13
224 9 4 4 9
225 10 6 5 17
226 6 1 4 9
227 8 10 8 5
228 9 4 2 8
229 9 10 3 13
230 9 5 4 3
231 12 4 2 14
232 10 6 7 9
233 11 8 2 15
234 6 4 5 15
235 6 5 5 2
236 3 6 2 6
237 6 8 1 9
238 8 8 4 10
239 3 2 3 13
240 4 4 5 8
241 3 2 5 9
242 6 3 5 10
243 4 5 2 8
244 5 1 3 8
245 2 2 1 12
246 7 4 2 6
247 5 4 4 8
248 7 3 1 3
249 1 2 3 7
250 4 1 0 8
251 2 4 2 4
252 4 2 3 2
253 6 4 3 9
254 5 1 1 4
255 4 2 2 6
256 1 3 0 3
257 0 2 3 7
258 1 3 1 3
259 3 1 3 4
260 5 1 0 2
261 1 4 0 1
262 4 1 2 3
263 2 2 1 5
264 2 3 2 6
265 1 0 2 4
266 1 1 0 2
267 2 2 1 2
268 0 0 3 6
269 3 2 3 5
270 0 0 0 1
271 0 1 1 3
272 1 0 2 2
273 2 0 0 4
274 1 1 3 1
275 0 1 0 2
276 2 0 0 1
277 0 0 1 0
278 0 0 1 6
279 1 0 0 1
280 0 0 0 0
281 0 1 1 2
282 3 0 1 2
283 1 0 1 0
284 1 0 0 0
285 3 0 0 1
286 3 0 0 0
287 0 0 1 1
288 1 1 0 1
289 0 1 0 0
290 1 2 0 1
291 0 1 3 0
292 1 0 1 0
293 0 1 0 1
294 0 0 0 3
295 1 2 0 4
296 1 0 0 1
297 0 0 1 1
298 0 0 0 1
299 0 0 0 1
300 0 1 0 0
301 1 1 0 1
302 0 0 0 1
303 2 0 0 0
304 0 0 0 1
305 1 1 0 0
306 0 1 0 0
307 1 0 0 0
308 0 0 1 1
309 0 0 0 1
310 1 0 1 1
311 0 0 0 0
312 0 0 2 0
313 0 0 0 0
314 0 0 0 0
315 0 0 0 1
316 0 0 0 0
317 0 0 0 1
318 1 0 0 0
319 0 0 1 2
320 0 0 0 0
321 0 0 0 0
322 0 0 0 0
323 0 0 0 1
324 0 0 0 0
325 0 0 0 0
326 0 0 0 0
327 0 1 0 0
328 0 0 0 0
329 0 0 0 0
330 0 0 0 0
331 0 0 0 1
332 0 0 0 0
333 0 0 0 0
334 0 0 0 0
335 0 0 0 0
336 0 0 0 0
337 0 0 0 0
338 0 0 0 0
339 0 0 0 0
340 0 0 0 0
341 0 0 0 0
342 0 0 0 0
343 0 0 0 0
344 0 0 0 0
345 0 0 0 0
346 0 0 0 0
347 0 0 0 0
348 0 0 0 0
349 0 0 0 0
350 0 0 0 0
351 0 0 0 0
352 0 0 0 0
353 0 0 0 0
354 0 0 0 0
355 0 0 0 0
356 0 0 0 0
357 0 0 0 0
358 0 0 0 0
359 0 0 0 0
360 0 0 0 0
361 0 0 0 0
362 0 0 0 0
363 0 0 0 0
364 0 0 0 0
365 0 0 0 0
366 0 0 0 0
367 0 0 0 0
368 0 0 0 0
369 0 0 0 0
370 0 0 0 0
371 0 0 0 0
372 0 0 0 0
373 0 0 0 0
374 0 0 0 0
375 0 0 0 0
376 0 0 0 0
377 0 0 0 0
378 0 0 0 0
379 0 0 0 0
380 0 0 0 0
381 0 0 0 0
382 0 0 0 0
383 0 0 0 0
384 0 0 0 0
385 0 0 0 0
386 0 0 0 0
387 0 0 0 0
388 0 0 0 0
389 0 0 0 0
390 0 0 0 0
391 0 0 0 0
392 0 0 0 0
393 0 0 0 0
394 0 0 0 0
395 0 0 0 0
396 0 0 0 0
397 0 0 0 0
398 0 0 0 0
399 0 0 0 0
400 0 0 0 0
401 0 0 0 0
402 0 0 0 0
403 0 0 0 0
404 0 0 0 0
405 0 0 0 0
406 0 0 0 0
407 0 0 0 0
408 0 0 0 0
409 0 0 0 0
410 0 0 0 0
411 0 0 0 0
412 0 0 0 0
413 0 0 0 0
414 0 0 0 0
415 0 0 0 0
416 0 0 0 0
417 0 0 0 0
418 0 0 0 0
419 0 0 0 0
420 0 0 0 0
421 0 0 0 0
422 0 0 0 0
423 0 0 0 0
424 0 0 0 0
425 0 0 0 0
426 0 0 0 0
427 0 0 0 0
428 0 0 0 0
429 0 0 0 0
430 0 0 0 0
431 0 0 0 0
432 0 0 0 0
433 0 0 0 0
434 0 0 0 0
435 0 0 0 0
436 0 0 0 0
437 0 0 0 0
438 0 0 0 0
439 0 0 0 0
440 0 0 0 0
441 0 0 0 0
442 0 0 0 0
443 0 0 0 0
444 0 0 0 0
445 0 0 0 0
446 0 0 0 0
447 0 0 0 0
448 0 0 0 0
449 0 0 0 0
450 0 0 0 0
451 0 0 0 0
452 0 0 0 0
453 0 0 0 0
454 0 0 0 0
455 0 0 0 0
456 0 0 0 0
457 0 0 0 0
458 0 0 0 0
459 0 0 0 0
460 0 0 0 0
461 0 0 0 0
462 0 0 0 0
463 0 0 0 0
464 0 0 0 0
465 0 0 0 0
466 0 0 0 0
467 0 0 0 0
468 0 0 0 0
469 0 0 0 0
470 0 0 0 0
471 0 0 0 0
472 0 0 0 0
473 0 0 0 0
474 0 0 0 0
475 0 0 0 0
476 0 0 0 0
477 0 0 0 0
478 0 0 0 0
479 0 0 0 0
480 0 0 0 0
481 0 0 0 0
482 0 0 0 0
483 0 0 0 0
484 0 0 0 0
485 0 0 0 0
486 0 0 0 0
487 0 0 0 0
488 0 0 0 0
489 0 0 0 0
490 0 0 0 0
491 0 0 0 0
492 0 0 0 0
493 0 0 0 0
494 0 0 0 0
495 0 0 0 0
496 0 0 0 0
497 0 0 0 0
498 0 0 0 0
499 0 0 0 0
500 0 0 0 0
501 0 0 0 0
502 0 0 0 0
503 0 0 0 0
504 0 0 0 0
505 0 0 0 0
506 0 0 0 0
507 0 0 0 0
508 0 0 0 0
509 0 0 0 0
510 0 0 0 0
511 0 0 0 0
512 0 0 0 0
513 0 0 0 0
514 0 0 0 0
515 0 0 0 0
516 0 0 0 0
517 0 0 0 0
518 0 0 0 0
519 0 0 0 0
520 0 0 0 0
521 0 0 0 0
522 0 0 0 0
523 0 0 0 0
524 0 0 0 0
525 0 0 0 0
526 0 0 0 0
527 0 0 0 0
528 0 0 0 0
529 0 0 0 0
530 0 0 0 0
531 0 0 0 0
532 0 0 0 0
533 0 0 0 0
534 0 0 0 0
535 0 0 0 0
536 0 0 0 0
537 0 0 0 0
538 0 0 0 0
539 0 0 0 0
540 0 0 0 0
541 0 0 0 0
542 0 0 0 0
543 0 0 0 0
544 0 0 0 0
545 0 0 0 0
546 0 0 0 0
547 0 0 0 0
548 0 0 0 0
549 0 0 0 0
550 0 0 0 0
551 0 0 0 0
552 0 0 0 0
553 0 0 0 0
554 0 0 0 0
555 0 0 0 0
556 0 0 0 0
557 0 0 0 0
558 0 0 0 0
559 0 0 0 0
560 0 0 0 0
561 0 0 0 0
562 0 0 0 0
563 0 0 0 0
564 0 0 0 0
565 0 0 0 0
566 0 0 0 0
567 0 0 0 0
568 0 0 0 0
569 0 0 0 0
570 0 0 0 0
571 0 0 0 0
572 0 0 0 0
573 0 0 0 0
574 0 0 0 0
575 0 0 0 0
576 0 0 0 0
577 0 0 0 0
578 0 0 0 0
579 0 0 0 0
580 0 0 0 0
581 0 0 0 0
582 0 0 0 0
583 0 0 0 0
584 0 0 0 0
585 0 0 0 0
586 0 0 0 0
587 0 0 0 0
588 0 0 0 0
589 0 0 0 0
590 0 0 0 0
591 0 0 0 0
592 0 0 0 0
593 0 0 0 0
594 0 0 0 0
595 0 0 0 0
596 0 0 0 0
597 0 0 0 0
598 0 0 0 0
599 0 0 0 0
600 0 0 0 0
601 0 0 0 0
602 0 0 0 0
603 0 0 0 0
604 0 0 0 0
605 0 0 0 0
606 0 0 0 0
607 0 0 0 0
608 0 0 0 0
609 0 0 0 0
610 0 0 0 0
611 0 0 0 0
612 0 0 0 0
613 0 0 0 0
614 0 0 0 0
615 0 0 0 0
616 0 0 0 0
617 0 0 0 0
618 0 0 0 0
619 0 0 0 0
620 0 0 0 0
621 0 0 0 0
622 0 0 0 0
623 0 0 0 0
624 0 0 0 0
625 0 0 0 0
626 0 0 0 0
627 0 0 0 0
628 0 0 0 0
629 0 0 0 0
630 0 0 0 0
631 0 0 0 0
632 0 0 0 0
633 0 0 0 0
634 0 0 0 0
635 0 0 0 0
636 0 0 0 0
637 0 0 0 0
638 0 0 0 0
639 0 0 0 0
640 0 0 0 0
641 0 0 0 0
642 0 0 0 0
643 0 0 0 0
644 0 0 0 0
645 0 0 0 0
646 0 0 0 0
647 0 0 0 0
648 0 0 0 0
649 0 0 0 0
650 0 0 0 0
651 0 0 0 0
652 0 0 0 0
653 0 0 0 0
654 0 0 0 0
655 0 0 0 0
656 0 0 0 0
657 0 0 0 0
658 0 0 0 0
659 0 0 0 0
660 0 0 0 0
661 0 0 0 0
662 0 0 0 0
663 0 0 0 0
664 0 0 0 0
665 0 0 0 0
666 0 0 0 0
667 0 0 0 0
668 0 0 0 0
669 0 0 0 0
670 0 0 0 0
671 0 0 0 0
672 0 0 0 0
673 0 0 0 0
674 0 0 0 0
675 0 0 0 0
676 0 0 0 0
677 0 0 0 0
678 0 0 0 0
679 0 0 0 0
680 0 0 0 0
681 0 0 0 0
682 0 0 0 0
683 0 0 0 0
684 0 0 0 0
685 0 0 0 0
686 0 0 0 0
687 0 0 0 0
688 0 0 0 0
689 0 0 0 0
690 0 0 0 0
691 0 0 0 0
692 0 0 0 0
693 0 0 0 0
694 0 0 0 0
695 0 0 0 0
696 0 0 0 0
697 0 0 0 0
698 0 0 0 0
699 0 0 0 0
700 0 0 0 0
701 0 0 0 0
702 0 0 0 0
703 0 0 0 0
704 0 0 0 0
705 0 0 0 0
706 0 0 0 0
707 0 0 0 0
708 0 0 0 0
709 0 0 0 0
710 0 0 0 0
711 0 0 0 0
712 0 0 0 0
713 0 0 0 0
714 0 0 0 0
715 0 0 0 0
716 0 0 0 0
717 0 0 0 0
718 0 0 0 0
719 0 0 0 0
720 0 0 0 0
721 0 0 0 0
722 0 0 0 0
723 0 0 0 0
724 0 0 0 0
725 0 0 0 0
726 0 0 0 0
727 0 0 0 0
