0 0 0 0 0
1 0 0 0 0
2 0 0 0 0
3 0 0 0 0
4 0 0 0 0
5 0 1 0 0
6 0 0 0 0
7 0 0 0 0
8 0 0 0 0
9 0 2 2 1
10 0 0 0 0
11 0 0 0 0
12 0 0 0 0
13 0 0 0 2
14 0 0 0 0
15 0 0 0 0
16 0 0 0 2
17 0 0 0 0
18 0 0 0 0
19 0 0 0 0
20 0 0 0 0
21 1 0 0 0
22 0 0 0 0
23 1 0 0 0
24 0 0 0 0
25 0 0 0 0
26 0 0 0 0
27 1 0 0 0
28 0 0 0 0
29 1 0 0 0
30 0 0 1 0
31 0 0 0 0
32 2 0 1 0
33 1 0 0 0
34 0 0 1 0
35 1 0 0 0
36 0 1 0 1
37 0 1 0 1
38 1 0 0 0
39 0 0 0 0
40 1 1 1 1
41 0 0 0 1
42 0 1 0 0
43 0 0 0 0
44 1 0 0 3
45 0 0 0 0
46 0 0 0 1
47 0 0 1 0
48 0 0 0 0
49 1 0 2 0
50 0 0 0 0
51 1 0 0 0
52 1 0 0 0
53 3 0 0 1
54 0 0 0 1
55 0 0 0 1
56 1 1 0 0
57 1 0 0 0
58 1 1 2 0
59 1 0 0 0
60 2 0 0 1
61 0 2 0 0
62 1 1 0 2
63 0 0 1 0
64 3 0 0 0
65 1 1 1 3
66 0 1 0 1
67 1 0 0 1
68 1 0 1 0
69 0 1 2 2
70 0 1 0 0
71 2 1 0 1
72 0 1 0 0
73 2 0 0 3
74 1 0 0 1
75 1 0 0 1
76 1 0 0 0
77 1 1 0 0
78 1 1 0 1
79 0 0 1 1
80 1 1 1 0
81 2 1 0 1
82 1 2 0 1
83 1 0 0 1
84 1 1 0 1
85 0 0 0 0
86 0 2 0 1
87 0 1 1 1
88 1 0 0 1
89 1 1 0 1
90 0 0 0 2
91 0 0 0 1
92 0 1 0 0
93 0 1 0 1
94 0 0 1 2
95 0 0 0 0
96 0 0 0 1
97 1 0 1 1
98 1 0 0 1
99 0 0 0 0
100 1 0 0 0
101 1 0 0 1
102 0 0 0 0
103 1 1 0 0
104 1 0 0 0
105 0 1 0 0
106 1 1 1 0
107 0 0 0 1
108 0 1 0 0
109 1 1 0 0
110 1 0 0 0
111 0 1 0 0
112 2 0 0 2
113 1 0 0 2
114 2 0 1 0
115 1 0 0 1
116 3 0 0 1
117 0 1 0 0
118 2 0 1 1
119 2 2 0 0
120 0 0 1 0
121 0 1 1 1
122 1 0 0 1
123 2 0 1 0
124 0 2 0 0
125 2 2 0 3
126 4 0 0 1
127 4 1 1 1
128 3 0 1 1
129 2 0 0 2
130 2 1 0 1
131 1 3 0 3
132 2 2 1 1
133 1 1 2 0
134 1 2 0 0
135 2 1 1 1
136 1 1 1 2
137 1 2 0 4
138 0 1 1 4
139 5 1 2 1
140 2 1 0 1
141 2 0 0 2
142 3 1 0 3
143 4 0 0 3
144 3 4 3 1
145 3 1 1 1
146 2 1 0 2
147 1 3 0 0
148 4 1 1 5
149 2 0 1 1
150 4 1 2 0
151 3 2 0 4
152 1 1 2 3
153 2 2 1 1
154 5 1 0 4
155 2 1 1 1
156 5 0 2 3
157 3 4 0 2
158 4 2 0 2
159 4 3 1 2
160 3 2 0 1
161 5 3 2 2
162 6 2 2 3
163 4 4 1 5
164 4 1 4 2
165 4 0 0 2
166 7 4 1 1
167 3 3 1 5
168 2 3 1 3
169 10 2 5 4
170 3 0 1 5
171 1 6 4 7
172 7 4 1 2
173 5 0 2 4
174 7 7 2 3
175 5 2 0 5
176 5 1 1 9
177 2 1 1 1
178 4 3 3 10
179 6 3 2 3
180 6 3 2 1
181 5 5 2 7
182 10 4 1 6
183 4 3 2 4
184 6 3 1 3
185 7 4 3 6
186 7 3 0 6
187 9 2 3 4
188 11 4 3 4
189 9 4 3 7
190 11 4 2 5
191 12 4 4 4
192 12 4 0 3
193 13 4 6 9
194 9 3 6 6
195 9 7 3 10
196 4 10 6 2
197 3 8 6 7
198 8 11 4 5
199 10 6 4 9
200 4 5 2 15
201 10 3 1 9
202 11 1 2 10
203 7 3 0 14
204 6 3 6 14
205 8 1 3 9
206 7 3 4 8
207 10 4 5 6
208 10 3 6 8
209 8 1 2 4
210 11 7 4 4
211 8 5 4 8
212 7 3 3 9
213 7 9 3 3
214 5 5 2 10
215 5 9 3 6
216 5 6 5 6
217 4 5 3 12
218 6 4 3 7
219 4 5 4 11
220 4 3 2 10
221 5 2 5 7
222 3 3 3 11
223 6 2 1 7
224 3 4 3 9
225 5 4 2 6
226 7 3 0 10
227 5 4 0 4
228 2 5 1 7
229 3 2 0 5
230 3 4 3 2
231 7 4 1 2
232 5 2 4 7
233 6 0 2 3
234 3 1 2 8
235 2 5 0 5
236 2 2 2 4
237 2 1 2 4
238 2 1 4 4
239 2 2 2 5
240 3 1 2 3
241 2 3 2 3
242 4 2 2 5
243 4 1 1 3
244 0 1 0 2
245 1 1 1 5
246 6 2 1 5
247 0 2 0 4
248 1 4 1 3
249 1 0 1 3
250 0 1 0 4
251 0 3 3 1
252 0 0 0 1
253 3 0 1 0
254 0 1 0 2
255 0 1 2 6
256 2 0 0 1
257 0 0 0 3
258 3 2 0 4
259 1 0 0 3
260 2 0 0 0
261 0 1 0 0
262 0 0 1 1
263 1 0 0 0
264 2 0 0 0
265 2 1 1 2
266 1 0 0 0
267 2 2 1 0
268 2 2 0 0
269 1 3 0 2
270 1 2 0 0
271 1 0 0 1
272 0 0 0 2
273 1 1 0 2
274 0 1 0 3
275 1 2 0 1
276 0 2 1 1
277 0 1 0 1
278 0 1 0 1
279 2 0 0 2
280 1 0 0 2
281 0 0 0 1
282 1 0 0 1
283 0 0 0 2
284 1 2 1 0
285 0 0 0 0
286 0 0 0 0
287 1 0 0 0
288 1 0 0 2
289 0 0 1 0
290 2 0 0 0
291 2 1 0 1
292 2 1 0 0
293 0 0 1 0
294 1 0 0 0
295 2 0 0 0
296 2 1 0 1
297 0 0 2 0
298 0 0 0 1
299 0 1 1 1
300 3 0 1 2
301 1 1 2 0
302 0 0 0 1
303 0 1 0 1
304 0 2 0 2
305 1 1 0 3
306 1 0 0 1
307 0 0 0 1
308 0 0 0 1
309 0 2 0 0
310 2 1 1 0
311 0 1 0 1
312 0 0 0 1
313 0 0 0 1
314 0 0 0 1
315 1 0 1 1
316 1 0 0 1
317 0 0 0 1
318 1 0 0 0
319 0 0 1 0
320 0 0 0 0
321 1 1 0 0
322 0 0 0 1
323 1 0 1 0
324 1 0 1 0
325 0 0 0 0
326 0 1 0 1
327 0 0 0 0
328 0 0 0 1
329 0 1 1 0
330 0 0 0 2
331 0 0 0 1
332 0 0 0 0
333 0 0 0 2
334 0 0 0 0
335 1 0 0 0
336 0 0 0 0
337 0 0 0 0
338 0 0 0 0
339 0 0 0 0
340 0 0 0 0
341 1 0 0 0
342 1 0 0 0
343 0 0 0 0
344 0 1 0 0
345 1 0 0 0
346 0 0 0 0
347 0 0 0 0
348 0 1 0 1
349 0 0 0 0
350 1 1 0 0
351 0 0 0 0
352 0 0 0 1
353 0 0 0 0
354 0 1 0 1
355 0 0 1 0
356 0 0 0 0
357 0 0 0 0
358 0 0 0 0
359 0 0 0 0
360 0 0 0 1
361 0 0 0 1
362 0 0 0 0
363 0 0 0 0
364 0 0 0 0
365 0 0 0 0
366 0 0 0 0
367 0 0 0 0
368 0 0 0 0
369 1 0 0 0
370 0 0 0 0
371 0 0 0 0
372 0 0 0 0
373 0 0 0 0
374 0 1 0 0
375 1 0 0 0
376 1 0 0 0
377 0 0 0 0
378 0 0 0 1
379 0 0 0 0
380 0 0 0 0
381 0 0 0 0
382 1 0 0 0
383 0 0 0 0
384 0 1 0 0
385 0 1 0 0
386 0 0 0 0
387 0 0 0 0
388 0 0 0 0
389 0 0 0 0
390 1 0 0 0
391 1 1 0 1
392 0 0 0 1
393 0 0 0 0
394 1 0 0 0
395 0 0 0 0
396 0 0 0 0
397 0 0 0 0
398 2 0 0 1
399 0 1 1 0
400 2 1 0 0
401 1 0 0 0
402 0 0 0 0
403 0 0 0 1
404 0 0 0 0
405 1 0 0 0
406 1 0 1 1
407 1 1 1 1
408 0 0 0 0
409 1 0 2 0
410 1 1 0 0
411 1 0 1 1
412 1 0 0 0
413 0 0 0 1
414 1 1 0 2
415 0 0 0 0
416 0 0 1 2
417 1 0 0 0
418 0 0 0 2
419 1 1 0 0
420 0 0 1 0
421 1 1 0 0
422 1 0 0 0
423 1 0 1 1
424 0 1 0 1
425 0 0 0 1
426 0 1 1 1
427 0 1 0 0
428 0 1 0 0
429 0 0 0 0
430 0 0 0 2
431 0 0 0 2
432 0 0 0 0
433 1 0 0 1
434 0 0 0 0
435 1 0 0 1
436 1 0 0 0
437 0 0 0 0
438 0 1 0 0
439 0 0 0 0
440 1 1 0 0
441 0 0 0 0
442 1 0 0 0
443 0 0 0 0
444 0 0 0 1
445 1 0 1 0
446 0 0 0 0
447 0 0 0 1
448 0 0 0 0
449 0 0 1 0
450 1 0 0 0
451 0 1 0 0
452 0 0 0 1
453 0 0 0 1
454 0 0 1 0
455 0 0 0 1
456 0 0 0 0
457 0 0 0 0
458 1 0 0 0
459 1 1 0 0
460 0 0 0 0
461 1 0 0 1
462 1 0 0 0
463 0 0 0 1
464 0 0 0 0
465 1 1 0 0
466 1 0 1 0
467 2 1 0 0
468 0 0 1 0
469 2 0 0 0
470 0 0 0 2
471 2 1 0 0
472 1 2 0 0
473 0 0 0 0
474 0 1 1 1
475 1 0 0 2
476 0 1 0 1
477 0 1 0 0
478 0 0 1 2
479 1 0 0 1
480 0 1 1 1
481 0 0 0 0
482 0 0 0 0
483 0 0 0 0
484 0 0 0 2
485 0 0 0 1
486 0 0 0 0
487 0 0 0 1
488 0 0 1 0
489 1 0 0 0
490 1 0 0 0
491 0 0 0 0
492 1 0 0 0
493 1 0 0 0
494 0 0 1 0
495 3 1 0 1
496 1 0 0 0
497 0 0 0 0
498 0 1 0 0
499 0 0 0 0
500 1 0 2 0
501 0 0 1 1
502 0 0 0 2
503 0 0 0 0
504 0 0 1 1
505 0 1 1 1
506 0 0 0 0
507 0 0 0 1
508 1 0 0 0
509 1 0 0 0
510 1 0 0 0
511 1 0 0 1
512 1 0 0 2
513 1 0 0 0
514 2 0 0 0
515 0 0 0 0
516 0 1 1 0
517 1 0 0 0
518 0 0 0 0
519 0 1 1 0
520 0 1 0 1
521 0 1 0 0
522 1 2 0 0
523 0 0 1 2
524 2 0 0 2
525 1 0 0 0
526 1 0 0 1
527 2 1 0 0
528 0 0 0 1
529 0 0 1 1
530 1 0 1 1
531 2 0 1 1
532 2 0 1 0
533 2 1 0 1
534 0 0 0 1
535 1 0 0 0
536 0 1 1 1
537 0 1 1 0
538 0 0 0 1
539 2 0 1 0
540 2 1 0 1
541 2 0 0 2
542 0 2 0 0
543 1 0 0 3
544 3 1 2 1
545 3 1 1 0
546 3 1 0 2
547 0 0 0 0
548 2 0 0 1
549 4 2 0 1
550 4 2 0 0
551 1 1 2 2
552 2 2 0 1
553 2 2 0 2
554 2 2 1 0
555 2 0 1 0
556 0 0 0 3
557 1 1 1 4
558 2 3 2 4
559 0 3 1 1
560 2 1 0 0
561 4 1 0 3
562 4 0 1 1
563 1 0 0 1
564 3 1 1 2
565 2 0 2 4
566 4 1 1 2
567 1 1 3 1
568 3 1 0 1
569 2 1 1 1
570 4 3 1 0
571 2 3 1 6
572 3 1 0 2
573 1 1 2 2
574 2 2 0 0
575 3 1 3 2
576 3 0 2 3
577 1 1 1 4
578 2 0 0 4
579 3 1 1 3
580 2 2 1 5
581 1 3 2 3
582 1 0 1 1
583 0 1 1 0
584 2 0 4 2
585 0 1 0 3
586 3 0 1 2
587 1 1 2 2
588 2 0 0 3
589 0 0 0 1
590 4 0 1 1
591 2 0 2 4
592 2 0 0 1
593 2 3 0 0
594 1 0 0 3
595 2 0 1 0
596 0 1 1 0
597 0 1 0 1
598 0 0 1 2
599 1 1 3 1
600 0 1 1 3
601 0 1 1 0
602 0 1 0 1
603 0 1 0 4
604 0 0 2 3
605 0 0 0 1
606 0 0 0 2
607 0 0 0 1
608 1 0 0 4
609 1 0 0 0
610 1 0 0 0
611 1 0 0 0
612 0 0 0 0
613 2 0 0 0
614 0 0 0 0
615 3 1 0 0
616 2 0 0 0
617 1 1 0 0
618 1 1 0 0
619 0 0 0 1
620 0 2 0 0
621 0 2 0 1
622 0 2 0 0
623 0 0 0 0
624 0 1 1 1
625 0 0 0 1
626 0 0 1 2
627 0 1 0 2
628 0 0 0 2
629 0 0 0 0
630 0 0 0 1
631 0 0 0 2
632 0 0 0 0
633 0 0 0 0
634 1 0 0 0
635 0 0 0 0
636 0 0 0 0
637 1 0 0 0
638 1 0 0 0
639 0 0 1 0
640 1 0 0 0
641 0 0 0 0
642 0 0 0 0
643 0 0 0 1
644 0 0 0 0
645 0 1 0 0
646 1 1 0 0
647 0 0 1 0
648 0 0 0 0
649 0 0 0 1
650 0 0 0 0
651 0 0 0 0
652 0 0 0 0
653 0 0 0 1
654 0 0 0 1
655 0 0 1 0
656 0 0 0 0
657 0 0 0 0
658 0 0 0 0
659 0 0 0 0
660 2 0 0 0
661 2 0 0 0
662 0 0 0 1
663 0 0 0 0
664 0 0 0 0
665 0 0 0 0
666 0 0 0 0
667 0 0 0 0
668 0 0 0 0
669 0 0 2 0
670 0 1 1 0
671 0 0 0 0
672 0 0 0 0
673 0 0 0 2
674 0 0 0 1
675 0 0 0 0
676 0 0 0 0
677 0 0 0 1
678 0 0 0 0
679 0 0 0 0
680 0 0 0 0
681 0 0 0 0
682 0 0 0 0
683 0 0 0 0
684 0 0 0 0
685 0 0 0 0
686 0 0 0 0
687 0 0 0 0
688 0 0 0 0
689 0 0 0 0
690 0 0 0 0
691 0 0 0 0
692 0 0 0 0
693 0 0 0 0
694 0 0 0 0
695 0 0 0 0
696 0 0 0 0
697 0 0 0 0
698 0 0 0 0
699 0 0 0 0
700 0 0 0 0
701 0 0 0 0
702 0 0 0 0
703 0 0 0 0
704 0 0 0 0
705 0 0 0 0
706 0 0 0 0
707 0 0 0 0
708 0 0 0 0
709 0 0 0 0
710 0 0 0 0
711 0 0 0 0
712 0 0 0 0
713 0 0 0 0
714 0 0 0 0
715 0 0 0 0
716 0 0 0 0
717 0 0 0 0
718 0 0 0 0
719 0 0 0 0
720 0 0 0 0
721 0 0 0 0
722 0 0 0 0
723 0 0 0 0
724 0 0 0 0
725 0 0 0 0
726 0 0 0 0
727 0 0 0 0
