0 0 0 0 0
1 0 0 0 0
2 0 0 0 0
3 0 0 0 0
4 0 0 0 0
5 0 1 0 0
6 0 0 0 0
7 0 0 0 0
8 0 0 0 0
9 0 3 1 0
10 0 0 0 0
11 0 0 0 0
12 0 0 0 1
13 0 0 0 0
14 0 0 0 0
15 0 0 0 1
16 0 0 0 3
17 1 0 0 0
18 0 0 0 0
19 1 0 0 0
20 2 0 0 0
21 0 0 0 0
22 3 1 0 0
23 0 0 0 0
24 1 0 1 0
25 1 0 0 0
26 0 0 0 1
27 0 1 1 0
28 1 0 0 1
29 0 1 1 0
30 1 0 0 0
31 0 1 1 1
32 0 0 0 0
33 0 1 0 0
34 0 1 0 3
35 1 0 0 0
36 0 0 0 0
37 1 0 0 0
38 1 0 0 2
39 1 0 1 0
40 1 1 0 1
41 0 0 0 1
42 1 0 0 0
43 1 0 0 0
44 0 0 0 1
45 1 0 0 0
46 0 0 1 1
47 2 2 0 0
48 1 1 0 0
49 1 1 0 0
50 1 1 0 1
51 2 0 0 2
52 2 1 0 1
53 0 0 0 0
54 2 0 1 1
55 1 0 0 0
56 0 0 2 1
57 0 2 0 0
58 1 0 0 0
59 1 3 0 1
60 2 1 1 0
61 0 1 0 2
62 1 0 0 0
63 1 0 0 4
64 1 2 0 1
65 0 0 1 2
66 0 0 0 1
67 1 2 0 1
68 2 0 0 1
69 1 2 0 0
70 1 1 0 0
71 1 0 0 1
72 3 1 0 1
73 3 0 1 1
74 1 0 0 2
75 2 1 0 0
76 2 0 0 2
77 4 3 1 2
78 3 1 3 0
79 1 1 0 1
80 3 1 1 0
81 1 0 0 3
82 5 0 0 2
83 1 1 0 1
84 2 2 0 1
85 2 4 1 2
86 0 2 3 0
87 3 2 0 2
88 2 1 0 0
89 0 2 0 4
90 1 0 1 5
91 1 2 2 4
92 1 1 1 2
93 2 2 0 2
94 4 1 0 1
95 2 1 0 2
96 1 2 1 2
97 3 0 1 2
98 2 1 0 3
99 4 1 2 2
100 1 1 0 2
101 4 2 0 1
102 1 2 2 1
103 2 3 0 3
104 3 0 1 0
105 6 0 0 0
106 5 0 1 4
107 7 0 0 3
108 4 2 3 2
109 0 1 1 1
110 4 5 2 2
111 2 3 0 1
112 5 2 1 2
113 5 2 1 1
114 1 2 0 4
115 2 3 3 7
116 5 3 2 2
117 2 3 3 4
118 1 0 0 3
119 5 2 0 4
120 5 2 0 3
121 2 5 0 4
122 3 6 1 3
123 4 0 0 5
124 8 3 0 1
125 4 3 1 5
126 6 2 0 5
127 7 1 1 2
128 5 3 2 2
129 3 3 4 3
130 8 1 0 2
131 4 3 2 2
132 7 4 1 6
133 1 5 2 4
134 4 3 1 2
135 10 4 4 3
136 7 4 1 7
137 5 2 3 4
138 8 1 2 8
139 6 4 0 7
140 13 3 3 7
141 9 3 4 6
142 5 4 2 3
143 11 4 5 3
144 10 5 2 3
145 6 10 3 9
146 5 3 4 6
147 4 4 0 8
148 7 12 2 7
149 8 5 0 8
150 11 4 2 6
151 9 3 2 4
152 4 3 0 13
153 5 9 5 6
154 6 2 3 6
155 11 2 3 8
156 10 4 5 5
157 11 3 2 11
158 10 7 1 5
159 16 7 5 6
160 7 6 2 10
161 14 6 2 5
162 5 4 4 7
163 6 2 2 13
164 9 11 6 7
165 6 5 2 4
166 10 12 2 10
167 17 4 3 6
168 16 5 2 12
169 15 10 1 5
170 18 4 5 13
171 14 3 6 12
172 12 6 7 7
173 14 8 3 12
174 12 10 5 6
175 12 7 9 10
176 21 9 5 11
177 13 7 11 13
178 9 6 7 12
179 7 4 9 12
180 14 8 6 10
181 11 10 6 19
182 14 5 5 21
183 9 5 8 12
184 15 3 5 15
185 11 12 5 9
186 14 5 6 13
187 14 6 4 16
188 21 0 5 15
189 19 10 4 15
190 19 10 6 8
191 23 11 5 7
192 13 9 5 8
193 18 11 7 14
194 13 4 6 15
195 25 8 6 10
196 18 15 5 12
197 16 8 9 19
198 24 11 10 13
199 12 7 7 16
200 16 13 12 15
201 16 9 4 14
202 18 12 5 23
203 17 16 3 19
204 15 11 6 23
205 13 15 5 17
206 11 12 4 14
207 15 16 7 13
208 11 12 3 15
209 12 14 5 13
210 11 9 3 17
211 18 8 4 14
212 12 9 3 18
213 12 5 5 28
214 6 9 5 24
215 9 8 4 14
216 8 15 5 15
217 9 6 5 9
218 6 8 5 13
219 4 8 3 9
220 4 6 5 18
221 3 3 6 12
222 6 4 2 13
223 4 5 2 12
224 4 2 6 14
225 4 7 0 9
226 5 3 2 8
227 7 3 1 7
228 7 1 2 13
229 6 3 3 5
230 9 5 0 7
231 2 6 1 4
232 8 2 4 7
233 7 3 3 7
234 2 3 2 5
235 6 2 3 6
236 4 4 1 4
237 4 5 4 1
238 3 5 3 8
239 4 4 4 5
240 5 0 2 8
241 4 3 1 4
242 3 2 2 6
243 2 1 0 8
244 7 3 2 6
245 5 3 1 7
246 2 2 2 5
247 3 1 3 2
248 0 4 0 5
249 3 3 2 4
250 4 1 3 1
251 2 2 0 3
252 2 2 0 5
253 4 2 2 7
254 0 2 3 2
255 2 4 1 3
256 0 4 0 2
257 0 0 0 6
258 0 2 2 5
259 4 0 0 3
260 4 1 1 3
261 1 0 2 2
262 1 0 1 5
263 2 0 0 1
264 1 1 1 1
265 4 2 1 4
266 1 1 0 1
267 1 0 1 1
268 0 3 1 0
269 2 0 1 2
270 0 2 2 1
271 0 0 1 2
272 3 0 1 3
273 1 0 0 0
274 0 0 2 3
275 1 0 0 2
276 2 1 0 1
277 1 2 1 2
278 0 0 0 3
279 2 0 0 1
280 0 0 0 0
281 1 1 0 1
282 0 2 0 0
283 0 0 0 1
284 2 3 0 2
285 2 1 0 0
286 0 0 0 1
287 0 0 0 1
288 0 0 0 1
289 1 0 0 2
290 0 1 1 0
291 1 0 0 2
292 3 0 0 0
293 1 1 1 0
294 1 0 1 2
295 0 1 0 0
296 1 0 0 0
297 1 0 0 2
298 0 1 0 0
299 0 1 0 0
300 1 1 0 0
301 0 2 1 1
302 0 0 0 1
303 1 0 1 1
304 0 0 0 1
305 0 1 0 2
306 0 0 1 0
307 0 0 0 0
308 0 0 0 2
309 0 0 0 1
310 0 0 0 2
311 1 0 0 0
312 0 1 0 0
313 1 0 0 0
314 0 0 0 0
315 0 0 0 0
316 0 0 0 1
317 1 0 0 0
318 1 0 1 0
319 1 0 0 0
320 0 1 0 0
321 0 0 0 0
322 0 0 0 0
323 0 0 1 0
324 0 1 0 0
325 0 0 0 1
326 0 1 0 0
327 0 0 0 2
328 0 0 0 0
329 0 0 0 0
330 0 0 0 1
331 0 0 0 1
332 0 0 0 0
333 0 0 0 0
334 0 0 0 0
335 0 0 0 0
336 0 0 0 0
337 1 0 0 0
338 0 0 0 0
339 0 0 0 0
340 0 0 0 0
341 0 0 0 0
342 0 1 0 0
343 0 0 0 0
344 0 0 0 0
345 0 0 0 0
346 0 0 0 0
347 0 0 0 0
348 0 0 0 0
349 0 0 0 1
350 0 0 0 0
351 0 0 0 0
352 0 0 0 0
353 0 0 0 0
354 0 0 0 0
355 0 0 0 0
356 0 0 0 0
357 0 0 0 0
358 0 0 0 0
359 0 0 0 0
360 0 0 0 0
361 0 0 0 0
362 0 0 0 0
363 0 0 0 0
364 0 0 0 0
365 0 0 0 0
366 0 0 0 0
367 0 0 0 0
368 0 0 0 0
369 0 0 0 0
370 0 0 0 0
371 0 0 0 0
372 0 0 0 0
373 0 0 0 0
374 0 0 0 0
375 0 0 0 0
376 0 0 0 0
377 0 0 0 0
378 0 0 0 0
379 0 0 0 0
380 0 0 0 0
381 0 0 0 0
382 0 0 0 0
383 0 0 0 0
384 0 0 0 0
385 0 0 0 0
386 0 0 0 0
387 0 0 0 0
388 0 0 0 0
389 0 0 0 0
390 0 0 0 0
391 0 0 0 0
392 0 0 0 0
393 0 0 0 0
394 0 0 0 0
395 0 0 0 0
396 0 0 0 0
397 0 0 0 0
398 0 0 0 0
399 0 0 0 0
400 0 0 0 0
401 0 0 0 0
402 0 0 0 0
403 0 0 0 0
404 0 0 0 0
405 0 0 0 0
406 0 0 0 0
407 0 0 0 0
408 0 0 0 0
409 0 0 0 0
410 0 0 0 0
411 0 0 0 0
412 0 0 0 0
413 0 0 0 0
414 0 0 0 0
415 0 0 0 0
416 0 0 0 0
417 0 0 0 0
418 0 0 0 0
419 0 0 0 0
420 0 0 0 0
421 0 0 0 0
422 0 0 0 0
423 0 0 0 0
424 0 0 0 0
425 0 0 0 0
426 0 0 0 0
427 0 0 0 0
428 0 0 0 0
429 0 0 0 0
430 0 0 0 0
431 0 0 0 0
432 0 0 0 0
433 0 0 0 0
434 0 0 0 0
435 0 0 0 0
436 0 0 0 0
437 0 0 0 0
438 0 0 0 0
439 0 0 0 0
440 0 0 0 0
441 0 0 0 0
442 0 0 0 0
443 0 0 0 0
444 0 0 0 0
445 0 0 0 0
446 0 0 0 0
447 0 0 0 0
448 0 0 0 0
449 0 0 0 0
450 0 0 0 0
451 0 0 0 0
452 0 0 0 0
453 0 0 0 0
454 0 0 0 0
455 0 0 0 0
456 0 0 0 0
457 0 0 0 0
458 0 0 0 0
459 0 0 0 0
460 0 0 0 0
461 0 0 0 0
462 0 0 0 0
463 0 0 0 0
464 0 0 0 0
465 0 0 0 0
466 0 0 0 0
467 0 0 0 0
468 0 0 0 0
469 0 0 0 0
470 0 0 0 0
471 0 0 0 0
472 0 0 0 0
473 0 0 0 0
474 0 0 0 0
475 0 0 0 0
476 0 0 0 0
477 0 0 0 0
478 0 0 0 0
479 0 0 0 0
480 0 0 0 0
481 0 0 0 0
482 0 0 0 0
483 0 0 0 0
484 0 0 0 0
485 0 0 0 0
486 0 0 0 0
487 0 0 0 0
488 0 0 0 0
489 0 0 0 0
490 0 0 0 0
491 0 0 0 0
492 0 0 0 0
493 0 0 0 0
494 0 0 0 0
495 0 0 0 0
496 0 0 0 0
497 0 0 0 0
498 0 0 0 0
499 0 0 0 0
500 0 0 0 0
501 0 0 0 0
502 0 0 0 0
503 0 0 0 0
504 0 0 0 0
505 0 0 0 0
506 0 0 0 0
507 0 0 0 0
508 0 0 0 0
509 0 0 0 0
510 0 0 0 0
511 0 0 0 0
512 0 0 0 0
513 0 0 0 0
514 0 0 0 0
515 0 0 0 0
516 0 0 0 0
517 0 0 0 0
518 0 0 0 0
519 0 0 0 0
520 0 0 0 0
521 0 0 0 0
522 0 0 0 0
523 0 0 0 0
524 0 0 0 0
525 0 0 0 0
526 0 0 0 0
527 0 0 0 0
528 0 0 0 0
529 0 0 0 0
530 0 0 0 0
531 0 0 0 0
532 0 0 0 0
533 0 0 0 0
534 0 0 0 0
535 0 0 0 0
536 0 0 0 0
537 0 0 0 0
538 0 0 0 0
539 0 0 0 0
540 0 0 0 0
541 0 0 0 0
542 0 0 0 0
543 0 0 0 0
544 0 0 0 0
545 0 0 0 0
546 0 0 0 0
547 0 0 0 0
548 0 0 0 0
549 0 0 0 0
550 0 0 0 0
551 0 0 0 0
552 0 0 0 0
553 0 0 0 0
554 0 0 0 0
555 0 0 0 0
556 0 0 0 0
557 0 0 0 0
558 0 0 0 0
559 0 0 0 0
560 0 0 0 0
561 0 0 0 0
562 0 0 0 0
563 0 0 0 0
564 0 0 0 0
565 0 0 0 0
566 0 0 0 0
567 0 0 0 0
568 0 0 0 0
569 0 0 0 0
570 0 0 0 0
571 0 0 0 0
572 0 0 0 0
573 0 0 0 0
574 0 0 0 0
575 0 0 0 0
576 0 0 0 0
577 0 0 0 0
578 0 0 0 0
579 0 0 0 0
580 0 0 0 0
581 0 0 0 0
582 0 0 0 0
583 0 0 0 0
584 0 0 0 0
585 0 0 0 0
586 0 0 0 0
587 0 0 0 0
588 0 0 0 0
589 0 0 0 0
590 0 0 0 0
591 0 0 0 0
592 0 0 0 0
593 0 0 0 0
594 0 0 0 0
595 0 0 0 0
596 0 0 0 0
597 0 0 0 0
598 0 0 0 0
599 0 0 0 0
600 0 0 0 0
601 0 0 0 0
602 0 0 0 0
603 0 0 0 0
604 0 0 0 0
605 0 0 0 0
606 0 0 0 0
607 0 0 0 0
608 0 0 0 0
609 0 0 0 0
610 0 0 0 0
611 0 0 0 0
612 0 0 0 0
613 0 0 0 0
614 0 0 0 0
615 0 0 0 0
616 0 0 0 0
617 0 0 0 0
618 0 0 0 0
619 0 0 0 0
620 0 0 0 0
621 0 0 0 0
622 0 0 0 0
623 0 0 0 0
624 0 0 0 0
625 0 0 0 0
626 0 0 0 0
627 0 0 0 0
628 0 0 0 0
629 0 0 0 0
630 0 0 0 0
631 0 0 0 0
632 0 0 0 0
633 0 0 0 0
634 0 0 0 0
635 0 0 0 0
636 0 0 0 0
637 0 0 0 0
638 0 0 0 0
639 0 0 0 0
640 0 0 0 0
641 0 0 0 0
642 0 0 0 0
643 0 0 0 0
644 0 0 0 0
645 0 0 0 0
646 0 0 0 0
647 0 0 0 0
648 0 0 0 0
649 0 0 0 0
650 0 0 0 0
651 0 0 0 0
652 0 0 0 0
653 0 0 0 0
654 0 0 0 0
655 0 0 0 0
656 0 0 0 0
657 0 0 0 0
658 0 0 0 0
659 0 0 0 0
660 0 0 0 0
661 0 0 0 0
662 0 0 0 0
663 0 0 0 0
664 0 0 0 0
665 0 0 0 0
666 0 0 0 0
667 0 0 0 0
668 0 0 0 0
669 0 0 0 0
670 0 0 0 0
671 0 0 0 0
672 0 0 0 0
673 0 0 0 0
674 0 0 0 0
675 0 0 0 0
676 0 0 0 0
677 0 0 0 0
678 0 0 0 0
679 0 0 0 0
680 0 0 0 0
681 0 0 0 0
682 0 0 0 0
683 0 0 0 0
684 0 0 0 0
685 0 0 0 0
686 0 0 0 0
687 0 0 0 0
688 0 0 0 0
689 0 0 0 0
690 0 0 0 0
691 0 0 0 0
692 0 0 0 0
693 0 0 0 0
694 0 0 0 0
695 0 0 0 0
696 0 0 0 0
697 0 0 0 0
698 0 0 0 0
699 0 0 0 0
700 0 0 0 0
701 0 0 0 0
702 0 0 0 0
703 0 0 0 0
704 0 0 0 0
705 0 0 0 0
706 0 0 0 0
707 0 0 0 0
708 0 0 0 0
709 0 0 0 0
710 0 0 0 0
711 0 0 0 0
712 0 0 0 0
713 0 0 0 0
714 0 0 0 0
715 0 0 0 0
716 0 0 0 0
717 0 0 0 0
718 0 0 0 0
719 0 0 0 0
720 0 0 0 0
721 0 0 0 0
722 0 0 0 0
723 0 0 0 0
724 0 0 0 0
725 0 0 0 0
726 0 0 0 0
727 0 0 0 0
