0 0 0 0 0
1 0 0 0 0
2 0 0 0 0
3 0 0 0 0
4 0 0 0 0
5 0 3 0 0
6 1 0 0 0
7 0 0 0 0
8 0 0 0 0
9 0 2 0 1
10 0 0 0 0
11 0 0 0 0
12 0 0 0 2
13 0 0 0 1
14 0 0 0 0
15 0 0 1 0
16 1 0 0 1
17 0 0 0 0
18 0 0 0 0
19 1 0 0 0
20 3 0 0 0
21 1 0 0 0
22 2 0 0 1
23 1 0 0 0
24 1 1 0 0
25 1 1 1 0
26 0 1 0 0
27 1 0 0 0
28 3 0 2 0
29 1 2 1 1
30 0 0 1 0
31 0 0 1 1
32 0 0 0 2
33 0 0 0 2
34 0 0 0 0
35 0 0 0 1
36 0 1 0 2
37 0 3 0 1
38 0 1 0 1
39 2 0 0 0
40 1 0 0 0
41 1 0 0 2
42 1 0 0 0
43 1 0 0 1
44 2 0 2 1
45 1 1 0 1
46 0 0 0 0
47 2 1 0 0
48 1 0 0 1
49 1 1 0 1
50 1 1 1 0
51 0 0 0 2
52 0 1 1 0
53 0 1 1 1
54 0 1 0 0
55 1 0 0 0
56 0 1 0 2
57 0 0 1 2
58 0 0 0 2
59 0 0 0 0
60 1 0 0 2
61 1 0 0 0
62 0 0 0 0
63 1 0 0 0
64 2 0 1 1
65 1 1 0 0
66 0 0 1 0
67 1 0 0 0
68 0 0 0 1
69 2 1 1 1
70 1 1 0 0
71 1 0 0 0
72 1 1 0 0
73 1 0 0 2
74 0 1 1 1
75 1 0 0 0
76 0 0 2 2
77 1 1 0 0
78 0 1 0 2
79 0 0 1 0
80 0 1 0 0
81 0 0 0 1
82 0 0 1 0
83 0 0 0 3
84 1 0 0 0
85 1 0 0 1
86 2 0 0 0
87 2 0 0 1
88 2 0 0 0
89 1 1 0 1
90 3 0 0 0
91 1 1 0 0
92 1 0 1 0
93 1 0 1 0
94 2 2 0 0
95 1 1 1 0
96 1 1 1 2
97 1 0 0 0
98 1 2 0 2
99 2 3 1 0
100 1 0 1 2
101 2 2 0 1
102 1 0 0 2
103 0 1 0 3
104 2 1 1 2
105 1 0 1 3
106 0 2 1 1
107 3 0 0 1
108 1 0 0 3
109 2 0 0 1
110 2 0 1 1
111 1 1 0 0
112 0 0 1 0
113 1 1 0 2
114 8 1 2 0
115 2 1 0 1
116 1 2 1 0
117 3 0 1 2
118 4 1 0 1
119 3 5 0 2
120 2 0 0 2
121 0 0 1 2
122 5 2 0 1
123 2 3 2 4
124 0 2 1 2
125 1 0 2 2
126 2 2 0 1
127 2 4 3 3
128 7 2 1 1
129 2 0 0 2
130 3 1 0 4
131 3 1 1 6
132 3 1 2 3
133 1 4 0 1
134 3 1 1 3
135 4 1 1 3
136 2 0 1 1
137 0 3 1 4
138 5 0 1 1
139 4 2 0 3
140 1 4 3 1
141 3 2 0 4
142 6 0 0 1
143 5 1 3 1
144 6 0 2 7
145 4 2 1 1
146 5 2 1 1
147 2 6 2 5
148 4 1 1 3
149 8 3 2 1
150 4 2 0 2
151 3 0 1 4
152 6 4 1 4
153 9 3 1 1
154 5 4 2 7
155 6 2 3 2
156 3 2 2 7
157 3 4 1 0
158 5 9 0 5
159 5 1 3 6
160 8 3 3 3
161 7 3 1 2
162 8 3 1 10
163 5 5 2 6
164 4 2 1 9
165 5 5 2 2
166 7 3 3 3
167 3 6 2 4
168 6 3 3 4
169 8 1 2 4
170 7 2 3 8
171 13 4 5 6
172 9 3 2 8
173 7 2 3 6
174 13 7 3 7
175 8 2 3 6
176 7 1 2 3
177 14 5 2 3
178 11 2 3 10
179 8 4 5 7
180 9 9 3 7
181 7 6 3 7
182 4 8 4 3
183 12 7 6 9
184 7 5 4 10
185 8 3 1 8
186 9 3 3 9
187 11 5 6 16
188 10 10 3 8
189 13 7 4 5
190 9 8 7 6
191 7 3 2 12
192 8 8 2 9
193 9 7 1 10
194 12 3 4 10
195 14 4 3 9
196 15 8 3 8
197 15 4 3 15
198 14 8 2 4
199 10 7 6 11
200 10 6 2 8
201 18 7 8 11
202 14 8 7 10
203 11 5 6 13
204 9 9 3 6
205 10 8 4 6
206 12 10 7 15
207 9 7 7 13
208 17 5 6 17
209 8 5 3 12
210 6 4 7 11
211 9 6 5 16
212 9 6 3 11
213 11 4 7 14
214 7 6 4 9
215 9 6 2 14
216 10 3 6 6
217 4 8 6 10
218 10 6 4 8
219 6 4 2 8
220 6 8 4 10
221 5 3 6 15
222 6 3 5 11
223 6 7 3 8
224 2 7 3 12
225 3 6 2 11
226 10 2 1 5
227 4 8 1 9
228 7 4 1 11
229 5 2 3 11
230 4 2 3 6
231 6 3 2 6
232 5 3 0 3
233 7 3 2 5
234 4 3 2 8
235 6 4 6 6
236 1 2 2 3
237 5 3 2 8
238 5 2 3 4
239 7 4 1 5
240 6 4 4 5
241 3 2 0 7
242 2 6 2 7
243 3 1 1 4
244 2 4 4 5
245 1 2 2 2
246 4 2 2 7
247 5 3 1 6
248 4 2 2 7
249 1 2 1 4
250 3 0 0 5
251 1 2 1 5
252 2 1 2 3
253 2 1 0 1
254 7 1 1 2
255 0 2 1 3
256 3 2 1 5
257 4 3 1 0
258 3 1 0 5
259 2 5 2 2
260 2 2 0 2
261 3 2 0 4
262 1 1 2 0
263 1 2 0 7
264 1 0 0 3
265 2 3 1 3
266 2 2 1 3
267 2 2 1 0
268 2 1 2 1
269 1 1 0 3
270 1 2 2 4
271 1 2 1 3
272 1 0 0 4
273 2 1 0 3
274 2 0 0 3
275 1 0 0 3
276 3 2 0 0
277 0 0 1 2
278 1 1 1 1
279 0 1 0 0
280 2 1 0 1
281 0 1 1 1
282 4 2 0 1
283 2 2 1 0
284 1 0 1 1
285 1 2 1 2
286 1 0 0 1
287 2 1 0 2
288 1 0 1 2
289 3 1 0 5
290 0 0 1 1
291 1 1 3 1
292 3 1 0 0
293 1 1 0 0
294 1 1 1 1
295 0 0 0 2
296 0 1 1 2
297 0 0 0 1
298 1 1 2 3
299 0 0 0 0
300 0 0 0 3
301 0 2 1 2
302 0 0 0 2
303 1 2 0 0
304 0 0 0 0
305 0 0 0 4
306 0 0 0 0
307 1 0 0 1
308 1 0 1 0
309 2 0 0 1
310 0 0 0 0
311 2 0 0 0
312 0 0 0 1
313 2 0 0 0
314 0 0 1 0
315 1 0 0 0
316 0 1 0 0
317 0 0 1 0
318 0 1 1 1
319 0 0 0 0
320 0 2 0 1
321 0 0 0 0
322 0 1 0 1
323 0 0 0 0
324 0 1 0 3
325 0 0 0 1
326 0 0 0 1
327 0 0 0 0
328 0 0 0 1
329 0 0 0 0
330 0 0 0 0
331 1 0 0 0
332 0 0 0 0
333 0 0 0 0
334 0 0 0 0
335 0 0 0 0
336 0 0 0 0
337 0 0 0 0
338 0 0 0 0
339 0 0 0 0
340 0 1 0 0
341 0 0 0 0
342 0 0 0 0
343 0 0 0 0
344 0 0 0 0
345 0 0 0 0
346 0 0 0 1
347 0 0 0 0
348 0 0 0 0
349 0 0 0 0
350 0 0 0 0
351 0 0 0 0
352 0 0 0 0
353 0 0 0 0
354 0 0 0 0
355 0 0 0 0
356 0 0 0 0
357 0 0 0 0
358 0 0 0 0
359 0 0 0 0
360 0 0 0 0
361 0 0 0 0
362 0 0 0 0
363 0 0 0 0
364 0 0 0 0
365 0 0 0 0
366 0 0 0 0
367 0 0 0 0
368 0 0 0 0
369 0 0 0 0
370 0 0 0 0
371 0 0 0 0
372 0 0 0 0
373 0 0 0 0
374 0 0 0 0
375 0 0 0 0
376 0 0 0 0
377 0 0 0 0
378 0 0 0 0
379 0 0 0 0
380 0 0 0 0
381 0 0 0 0
382 0 0 0 0
383 0 0 0 0
384 0 0 0 0
385 0 0 0 0
386 0 0 0 0
387 0 0 0 0
388 0 0 0 0
389 0 0 0 0
390 0 0 0 0
391 0 0 0 0
392 0 0 0 0
393 0 0 0 0
394 0 0 0 0
395 0 0 0 0
396 0 0 0 0
397 0 0 0 0
398 0 0 0 0
399 0 0 0 0
400 0 0 0 0
401 0 0 0 0
402 0 0 0 0
403 0 0 0 0
404 0 0 0 0
405 0 0 0 0
406 0 0 0 0
407 0 0 0 0
408 0 0 0 0
409 0 0 0 0
410 0 0 0 0
411 0 0 0 0
412 0 0 0 0
413 0 0 0 0
414 0 0 0 0
415 0 0 0 0
416 0 0 0 0
417 0 0 0 0
418 0 0 0 0
419 0 0 0 0
420 0 0 0 0
421 0 0 0 0
422 0 0 0 0
423 0 0 0 0
424 0 0 0 0
425 0 0 0 0
426 0 0 0 0
427 0 0 0 0
428 0 0 0 0
429 0 0 0 0
430 0 0 0 0
431 0 0 0 0
432 0 0 0 0
433 0 0 0 0
434 0 0 0 0
435 0 0 0 0
436 0 0 0 0
437 0 0 0 0
438 0 0 0 0
439 0 0 0 0
440 0 0 0 0
441 0 0 0 0
442 0 0 0 0
443 0 0 0 0
444 0 0 0 0
445 0 0 0 0
446 0 0 0 0
447 0 0 0 0
448 0 0 0 0
449 0 0 0 0
450 0 0 0 0
451 0 0 0 0
452 0 0 0 0
453 0 0 0 0
454 0 0 0 0
455 0 0 0 0
456 0 0 0 0
457 0 0 0 0
458 0 0 0 0
459 0 0 0 0
460 0 0 0 0
461 0 0 0 0
462 0 0 0 0
463 0 0 0 0
464 0 0 0 0
465 0 0 0 0
466 0 0 0 0
467 0 0 0 0
468 0 0 0 0
469 0 0 0 0
470 0 0 0 0
471 0 0 0 0
472 0 0 0 0
473 0 0 0 0
474 0 0 0 0
475 0 0 0 0
476 0 0 0 0
477 0 0 0 0
478 0 0 0 0
479 0 0 0 0
480 0 0 0 0
481 0 0 0 0
482 0 0 0 0
483 0 0 0 0
484 0 0 0 0
485 0 0 0 0
486 0 0 0 0
487 0 0 0 0
488 0 0 0 0
489 0 0 0 0
490 0 0 0 0
491 0 0 0 0
492 0 0 0 0
493 0 0 0 0
494 0 0 0 0
495 0 0 0 0
496 0 0 0 0
497 0 0 0 0
498 0 0 0 0
499 0 0 0 0
500 0 0 0 0
501 0 0 0 0
502 0 0 0 0
503 0 0 0 0
504 0 0 0 0
505 0 0 0 0
506 0 0 0 0
507 0 0 0 0
508 0 0 0 0
509 0 0 0 0
510 0 0 0 0
511 0 0 0 0
512 0 0 0 0
513 0 0 0 0
514 0 0 0 0
515 0 0 0 0
516 0 0 0 0
517 0 0 0 0
518 0 0 0 0
519 0 0 0 0
520 0 0 0 0
521 0 0 0 0
522 0 0 0 0
523 0 0 0 0
524 0 0 0 0
525 0 0 0 0
526 0 0 0 0
527 0 0 0 0
528 0 0 0 0
529 0 0 0 0
530 0 0 0 0
531 0 0 0 0
532 0 0 0 0
533 0 0 0 0
534 0 0 0 0
535 0 0 0 0
536 0 0 0 0
537 0 0 0 0
538 0 0 0 0
539 0 0 0 0
540 0 0 0 0
541 0 0 0 0
542 0 0 0 0
543 0 0 0 0
544 0 0 0 0
545 0 0 0 0
546 0 0 0 0
547 0 0 0 0
548 0 0 0 0
549 0 0 0 0
550 0 0 0 0
551 0 0 0 0
552 0 0 0 0
553 0 0 0 0
554 0 0 0 0
555 0 0 0 0
556 0 0 0 0
557 0 0 0 0
558 0 0 0 0
559 0 0 0 0
560 0 0 0 0
561 0 0 0 0
562 0 0 0 0
563 0 0 0 0
564 0 0 0 0
565 0 0 0 0
566 0 0 0 0
567 0 0 0 0
568 0 0 0 0
569 0 0 0 0
570 0 0 0 0
571 0 0 0 0
572 0 0 0 0
573 0 0 0 0
574 0 0 0 0
575 0 0 0 0
576 0 0 0 0
577 0 0 0 0
578 0 0 0 0
579 0 0 0 0
580 0 0 0 0
581 0 0 0 0
582 0 0 0 0
583 0 0 0 0
584 0 0 0 0
585 0 0 0 0
586 0 0 0 0
587 0 0 0 0
588 0 0 0 0
589 0 0 0 0
590 0 0 0 0
591 0 0 0 0
592 0 0 0 0
593 0 0 0 0
594 0 0 0 0
595 0 0 0 0
596 0 0 0 0
597 0 0 0 0
598 0 0 0 0
599 0 0 0 0
600 0 0 0 0
601 0 0 0 0
602 0 0 0 0
603 0 0 0 0
604 0 0 0 0
605 0 0 0 0
606 0 0 0 0
607 0 0 0 0
608 0 0 0 0
609 0 0 0 0
610 0 0 0 0
611 0 0 0 0
612 0 0 0 0
613 0 0 0 0
614 0 0 0 0
615 0 0 0 0
616 0 0 0 0
617 0 0 0 0
618 0 0 0 0
619 0 0 0 0
620 0 0 0 0
621 0 0 0 0
622 0 0 0 0
623 0 0 0 0
624 0 0 0 0
625 0 0 0 0
626 0 0 0 0
627 0 0 0 0
628 0 0 0 0
629 0 0 0 0
630 0 0 0 0
631 0 0 0 0
632 0 0 0 0
633 0 0 0 0
634 0 0 0 0
635 0 0 0 0
636 0 0 0 0
637 0 0 0 0
638 0 0 0 0
639 0 0 0 0
640 0 0 0 0
641 0 0 0 0
642 0 0 0 0
643 0 0 0 0
644 0 0 0 0
645 0 0 0 0
646 0 0 0 0
647 0 0 0 0
648 0 0 0 0
649 0 0 0 0
650 0 0 0 0
651 0 0 0 0
652 0 0 0 0
653 0 0 0 0
654 0 0 0 0
655 0 0 0 0
656 0 0 0 0
657 0 0 0 0
658 0 0 0 0
659 0 0 0 0
660 0 0 0 0
661 0 0 0 0
662 0 0 0 0
663 0 0 0 0
664 0 0 0 0
665 0 0 0 0
666 0 0 0 0
667 0 0 0 0
668 0 0 0 0
669 0 0 0 0
670 0 0 0 0
671 0 0 0 0
672 0 0 0 0
673 0 0 0 0
674 0 0 0 0
675 0 0 0 0
676 0 0 0 0
677 0 0 0 0
678 0 0 0 0
679 0 0 0 0
680 0 0 0 0
681 0 0 0 0
682 0 0 0 0
683 0 0 0 0
684 0 0 0 0
685 0 0 0 0
686 0 0 0 0
687 0 0 0 0
688 0 0 0 0
689 0 0 0 0
690 0 0 0 0
691 0 0 0 0
692 0 0 0 0
693 0 0 0 0
694 0 0 0 0
695 0 0 0 0
696 0 0 0 0
697 0 0 0 0
698 0 0 0 0
699 0 0 0 0
700 0 0 0 0
701 0 0 0 0
702 0 0 0 0
703 0 0 0 0
704 0 0 0 0
705 0 0 0 0
706 0 0 0 0
707 0 0 0 0
708 0 0 0 0
709 0 0 0 0
710 0 0 0 0
711 0 0 0 0
712 0 0 0 0
713 0 0 0 0
714 0 0 0 0
715 0 0 0 0
716 0 0 0 0
717 0 0 0 0
718 0 0 0 0
719 0 0 0 0
720 0 0 0 0
721 0 0 0 0
722 0 0 0 0
723 0 0 0 0
724 0 0 0 0
725 0 0 0 0
726 0 0 0 0
727 0 0 0 0
