0 0 0 0 0
1 0 0 0 0
2 0 0 0 0
3 0 0 0 0
4 0 0 0 0
5 0 1 1 0
6 0 0 0 0
7 0 0 0 0
8 0 0 0 0
9 0 2 1 1
10 0 0 0 0
11 0 0 0 0
12 0 0 0 1
13 0 0 0 1
14 0 0 0 0
15 0 0 0 0
16 0 0 0 2
17 0 0 0 0
18 0 0 0 0
19 0 0 0 0
20 0 0 0 0
21 0 0 0 0
22 1 0 0 0
23 0 0 0 0
24 1 0 0 0
25 1 0 0 0
26 0 0 0 0
27 2 1 0 0
28 2 0 0 0
29 1 1 0 0
30 0 0 0 0
31 0 0 0 1
32 1 0 0 0
33 0 2 0 1
34 0 1 0 0
35 0 0 0 0
36 1 1 1 0
37 0 0 0 1
38 0 1 0 0
39 1 0 0 0
40 2 0 0 2
41 1 0 1 1
42 0 0 0 0
43 0 0 0 1
44 2 1 0 0
45 0 1 1 2
46 0 2 0 0
47 1 0 0 0
48 0 0 0 0
49 0 0 1 2
50 1 0 0 1
51 1 0 0 1
52 1 1 0 0
53 0 1 0 1
54 0 0 0 0
55 0 0 0 0
56 1 1 0 1
57 2 1 1 0
58 0 0 0 0
59 0 0 0 1
60 1 0 0 2
61 1 0 1 1
62 1 1 0 0
63 0 0 0 0
64 1 1 0 1
65 1 0 1 0
66 2 0 0 1
67 2 1 0 0
68 1 0 0 2
69 1 0 0 1
70 0 1 0 0
71 1 2 0 0
72 2 1 0 0
73 0 1 0 0
74 3 1 0 1
75 1 0 0 0
76 0 1 1 1
77 1 1 1 2
78 0 1 0 2
79 0 2 0 0
80 0 0 0 1
81 0 0 1 2
82 0 1 0 1
83 1 1 0 2
84 0 1 0 1
85 2 0 0 1
86 0 0 0 2
87 0 0 0 0
88 0 0 1 1
89 2 0 0 0
90 0 0 2 1
91 2 0 0 0
92 2 0 0 0
93 2 0 0 0
94 3 1 0 1
95 1 0 0 1
96 2 1 0 0
97 2 1 0 1
98 3 2 1 1
99 2 0 1 0
100 2 0 2 0
101 2 1 1 1
102 0 1 0 1
103 1 3 0 2
104 1 1 0 1
105 1 1 1 2
106 1 1 0 1
107 2 2 0 3
108 0 0 1 3
109 2 1 1 1
110 2 1 2 1
111 1 0 0 1
112 0 1 1 1
113 2 0 0 2
114 2 0 0 2
115 2 3 0 1
116 2 1 0 2
117 1 0 1 2
118 1 2 1 1
119 1 1 0 2
120 2 1 0 1
121 1 1 1 1
122 1 1 1 1
123 2 1 1 1
124 2 1 0 1
125 3 0 0 5
126 3 0 0 0
127 4 0 0 1
128 2 0 2 0
129 2 2 1 2
130 3 2 1 1
131 5 2 2 1
132 2 3 1 1
133 7 0 1 1
134 8 2 2 1
135 3 1 1 5
136 3 1 2 3
137 2 0 2 3
138 2 1 2 3
139 4 2 1 3
140 3 1 5 2
141 5 2 0 2
142 6 5 0 3
143 2 5 1 4
144 2 1 2 3
145 0 2 2 3
146 2 3 1 3
147 5 1 3 7
148 4 2 1 4
149 6 3 0 5
150 1 1 0 3
151 4 3 2 3
152 3 1 0 3
153 1 3 0 3
154 6 1 0 3
155 4 0 1 4
156 5 5 2 3
157 5 3 0 1
158 3 2 2 4
159 7 4 2 0
160 11 3 1 7
161 5 0 4 1
162 9 2 1 3
163 10 1 1 5
164 6 1 4 3
165 7 7 5 5
166 8 2 2 5
167 7 4 1 3
168 6 6 5 4
169 4 5 3 9
170 5 4 4 2
171 7 5 4 4
172 8 3 5 11
173 3 2 4 10
174 8 2 3 6
175 11 7 2 12
176 7 5 3 6
177 7 2 1 10
178 4 1 1 5
179 10 4 2 8
180 5 1 1 6
181 5 5 7 6
182 6 3 4 5
183 11 4 3 6
184 11 9 5 1
185 14 0 2 7
186 9 3 1 4
187 2 1 2 6
188 6 12 2 13
189 11 9 2 5
190 9 8 6 7
191 8 5 5 8
192 8 1 1 9
193 5 5 3 3
194 8 3 7 8
195 11 8 2 14
196 8 3 3 10
197 15 3 1 9
198 8 4 2 6
199 8 6 1 6
200 11 6 5 7
201 11 2 6 12
202 12 6 6 7
203 9 7 2 9
204 8 5 3 4
205 12 7 5 7
206 9 10 4 8
207 8 7 3 14
208 9 7 0 10
209 5 5 2 12
210 5 2 5 9
211 8 7 7 8
212 5 5 0 10
213 5 6 3 9
214 1 5 5 8
215 7 3 2 9
216 4 6 2 9
217 6 6 2 10
218 7 1 3 10
219 2 4 0 5
220 3 5 5 6
221 9 2 1 11
222 3 3 4 4
223 3 3 3 6
224 6 4 1 10
225 3 3 1 2
226 9 3 3 2
227 5 3 0 7
228 3 0 2 5
229 6 4 1 11
230 4 4 2 5
231 4 4 1 6
232 3 2 2 0
233 3 3 2 5
234 2 4 2 7
235 4 1 5 5
236 6 2 1 6
237 1 1 2 1
238 3 1 1 6
239 4 2 4 5
240 2 5 1 7
241 2 3 1 4
242 4 3 1 1
243 1 1 0 6
244 3 0 2 4
245 2 3 1 4
246 4 1 0 4
247 1 2 1 4
248 4 1 3 3
249 1 0 3 3
250 1 1 1 0
251 1 2 2 0
252 2 1 0 7
253 2 4 0 4
254 1 0 1 3
255 3 2 2 1
256 3 0 1 1
257 2 1 0 4
258 1 0 2 3
259 2 0 0 3
260 2 2 2 2
261 2 2 2 1
262 2 0 1 4
263 1 1 0 0
264 0 2 0 1
265 0 1 2 1
266 0 2 1 1
267 1 2 0 4
268 1 1 0 6
269 1 0 0 2
270 0 0 0 1
271 1 1 0 1
272 0 0 1 1
273 1 0 0 2
274 1 1 0 1
275 0 0 0 1
276 0 1 0 1
277 0 0 1 0
278 2 0 0 2
279 1 0 1 0
280 0 0 0 1
281 0 0 0 0
282 1 0 1 0
283 0 0 1 0
284 0 1 0 1
285 0 0 0 0
286 0 0 0 1
287 2 1 0 0
288 1 0 0 0
289 1 0 0 1
290 0 0 0 1
291 0 1 0 2
292 0 0 0 0
293 0 1 0 0
294 2 0 1 0
295 0 0 0 0
296 2 0 2 0
297 2 0 0 0
298 1 0 0 1
299 1 0 0 0
300 0 0 0 2
301 0 0 0 1
302 0 0 1 0
303 0 3 0 1
304 0 1 0 0
305 1 1 0 0
306 0 0 1 1
307 0 1 0 2
308 0 0 0 1
309 1 0 0 0
310 2 0 1 2
311 0 0 0 1
312 0 0 0 1
313 0 0 0 0
314 0 1 0 1
315 0 1 0 0
316 0 0 0 0
317 0 0 0 0
318 0 0 0 1
319 1 1 0 0
320 0 0 0 0
321 0 0 0 0
322 0 0 0 1
323 0 0 0 1
324 0 0 0 0
325 0 0 0 0
326 0 0 0 0
327 0 0 0 0
328 0 0 1 0
329 0 0 0 0
330 0 0 0 0
331 0 0 0 0
332 0 0 0 1
333 0 0 0 0
334 1 0 0 0
335 0 0 0 0
336 0 0 0 0
337 0 0 0 0
338 0 0 0 0
339 0 0 0 0
340 0 0 0 0
341 0 0 0 0
342 0 0 0 0
343 0 0 1 0
344 0 0 0 0
345 0 0 0 0
346 0 0 0 0
347 0 0 0 0
348 0 0 0 0
349 1 0 0 0
350 0 0 0 1
351 0 0 0 0
352 1 0 0 0
353 1 0 0 0
354 0 1 0 0
355 1 0 0 0
356 0 0 0 0
357 0 0 1 0
358 0 0 0 0
359 0 0 0 0
360 0 0 1 0
361 0 0 0 1
362 0 1 0 0
363 0 0 0 0
364 0 0 0 1
365 0 0 0 0
366 0 0 0 1
367 0 0 0 1
368 0 0 0 0
369 0 0 0 0
370 0 0 0 0
371 0 0 0 0
372 0 0 0 0
373 0 0 0 0
374 0 0 0 0
375 0 0 0 0
376 0 0 0 0
377 0 0 0 0
378 1 0 0 0
379 0 0 0 0
380 0 0 0 0
381 1 0 0 0
382 1 0 0 0
383 0 0 0 0
384 0 0 0 0
385 0 0 0 0
386 0 0 0 0
387 0 0 1 0
388 0 0 0 0
389 0 0 0 0
390 0 0 1 0
391 0 0 1 0
392 0 0 0 0
393 0 0 0 0
394 0 0 0 1
395 0 0 0 0
396 0 0 0 0
397 0 0 0 1
398 0 0 0 1
399 0 0 0 0
400 0 0 0 0
401 2 0 0 0
402 0 0 0 0
403 1 0 0 0
404 0 0 0 0
405 0 0 0 0
406 2 0 1 0
407 0 0 0 0
408 2 1 0 0
409 0 0 0 0
410 1 1 0 0
411 0 0 1 0
412 2 0 0 0
413 2 1 0 1
414 0 0 0 1
415 0 0 1 2
416 0 0 0 0
417 1 0 2 0
418 1 1 2 0
419 0 0 0 1
420 1 0 0 1
421 1 1 0 0
422 0 0 0 2
423 0 0 1 0
424 1 0 0 2
425 1 0 0 2
426 1 1 1 0
427 0 0 0 0
428 0 0 0 0
429 0 1 1 0
430 2 1 0 2
431 2 1 0 0
432 1 0 0 0
433 3 0 0 2
434 1 0 0 0
435 3 1 1 1
436 2 0 1 0
437 3 1 0 1
438 1 3 0 1
439 3 0 1 1
440 0 2 2 0
441 1 0 1 1
442 1 0 0 3
443 1 1 1 2
444 2 3 0 1
445 0 1 0 2
446 1 2 0 0
447 2 0 0 5
448 4 0 0 1
449 2 0 2 1
450 1 0 1 2
451 2 1 0 2
452 2 1 1 0
453 6 3 0 2
454 2 1 0 1
455 5 1 0 1
456 6 1 1 0
457 3 1 0 3
458 4 1 3 2
459 5 1 2 2
460 3 2 3 2
461 1 4 3 1
462 3 1 2 3
463 2 3 0 0
464 3 3 1 1
465 2 1 1 4
466 1 1 2 6
467 0 2 0 6
468 2 3 1 7
469 1 3 0 1
470 0 2 0 3
471 3 3 0 2
472 4 0 1 3
473 2 3 1 1
474 6 0 1 4
475 4 0 0 3
476 2 1 0 3
477 3 2 0 3
478 4 0 1 3
479 4 3 0 0
480 6 1 3 2
481 2 2 2 0
482 4 1 2 1
483 4 2 3 2
484 5 2 1 4
485 7 2 1 1
486 4 1 0 3
487 1 2 3 6
488 1 3 1 5
489 2 3 3 2
490 5 4 2 1
491 1 3 1 3
492 3 3 1 4
493 3 3 0 4
494 4 3 2 9
495 3 1 4 5
496 6 0 1 3
497 4 1 0 2
498 3 1 0 3
499 1 2 2 5
500 1 1 0 4
501 5 3 1 4
502 5 2 4 3
503 3 2 0 1
504 4 3 2 1
505 5 1 0 2
506 5 2 2 4
507 5 3 1 2
508 5 0 1 4
509 5 0 3 7
510 3 1 2 3
511 5 4 0 5
512 2 2 1 1
513 4 2 3 3
514 3 3 4 3
515 4 4 2 1
516 4 5 2 3
517 4 2 0 3
518 2 2 0 6
519 10 1 3 3
520 7 5 1 5
521 5 0 1 5
522 5 5 1 5
523 1 0 0 7
524 6 2 3 4
525 6 9 1 1
526 3 3 0 4
527 4 4 0 4
528 7 3 2 3
529 4 3 1 7
530 10 4 5 1
531 8 2 3 4
532 9 1 2 9
533 7 5 3 5
534 8 4 0 7
535 5 3 2 4
536 4 6 2 3
537 5 6 2 9
538 10 1 2 3
539 3 6 4 9
540 5 6 2 7
541 2 3 4 6
542 9 2 3 6
543 9 5 4 7
544 12 3 1 6
545 9 3 0 5
546 4 2 3 10
547 6 7 2 5
548 7 0 3 6
549 9 4 8 3
550 10 4 3 9
551 6 2 4 8
552 10 4 4 4
553 7 4 4 10
554 11 7 2 4
555 7 5 3 5
556 8 4 3 10
557 5 2 2 7
558 5 3 2 9
559 11 3 6 9
560 13 8 2 9
561 6 7 3 5
562 15 3 3 6
563 5 9 2 6
564 14 6 4 9
565 6 6 3 7
566 6 5 1 8
567 10 6 2 13
568 9 4 2 8
569 6 9 5 9
570 8 6 1 5
571 5 9 3 9
572 8 5 4 6
573 4 7 7 11
574 7 6 0 10
575 5 3 2 6
576 6 4 1 11
577 7 5 5 11
578 5 4 1 14
579 4 4 3 3
580 7 4 1 8
581 3 2 4 4
582 5 4 2 7
583 7 3 4 6
584 7 2 2 11
585 1 1 4 5
586 4 5 1 7
587 5 2 2 8
588 6 4 1 6
589 4 3 3 5
590 8 1 1 6
591 5 2 2 2
592 4 1 4 5
593 8 5 2 4
594 2 3 0 4
595 4 1 4 6
596 4 4 2 7
597 3 3 2 2
598 5 5 3 3
599 5 6 3 3
600 4 2 2 8
601 3 1 1 5
602 1 0 3 8
603 4 3 1 9
604 3 3 0 7
605 3 1 4 4
606 4 3 2 3
607 2 2 1 2
608 2 3 2 2
609 3 2 1 4
610 4 1 2 7
611 3 2 0 3
612 1 4 0 7
613 1 0 2 2
614 3 2 0 1
615 2 1 3 1
616 2 1 1 2
617 1 1 0 3
618 2 1 2 3
619 0 3 2 5
620 2 1 1 5
621 3 1 0 1
622 1 0 1 4
623 0 1 0 2
624 2 0 1 1
625 2 1 0 1
626 0 1 0 3
627 2 0 3 1
628 1 0 0 1
629 1 2 1 1
630 0 3 0 1
631 0 0 0 2
632 0 0 1 1
633 1 1 1 4
634 2 1 0 4
635 2 0 0 0
636 0 1 0 1
637 1 0 0 2
638 1 2 0 0
639 0 2 0 0
640 0 1 0 1
641 1 0 0 1
642 1 0 0 1
643 0 0 0 2
644 1 0 1 0
645 1 1 0 1
646 0 1 0 1
647 0 0 2 1
648 0 0 0 0
649 1 1 0 1
650 1 0 0 1
651 1 0 0 3
652 2 0 0 0
653 0 0 0 0
654 2 0 2 0
655 1 0 0 0
656 0 0 0 1
657 1 0 0 0
658 1 0 0 1
659 1 0 1 0
660 0 1 0 0
661 0 1 1 1
662 0 0 0 0
663 0 3 0 0
664 0 0 2 0
665 1 0 0 2
666 0 1 0 1
667 0 0 0 3
668 0 0 0 1
669 0 0 0 0
670 0 0 1 1
671 0 0 0 1
672 0 0 0 0
673 0 0 0 1
674 0 0 0 1
675 0 0 0 0
676 0 0 0 0
677 0 0 0 0
678 0 0 0 0
679 0 0 0 0
680 0 0 0 0
681 0 0 0 0
682 1 0 0 0
683 0 0 0 0
684 0 0 0 0
685 1 0 0 0
686 0 0 0 0
687 0 0 0 0
688 0 0 0 0
689 0 0 0 0
690 0 0 1 0
691 0 0 1 0
692 0 0 0 0
693 1 0 0 0
694 1 0 0 1
695 0 0 0 0
696 0 0 0 0
697 0 0 0 0
698 0 0 0 1
699 0 1 0 0
700 0 0 0 0
701 0 0 0 0
702 0 1 0 0
703 0 0 0 0
704 0 0 0 0
705 0 0 0 0
706 0 0 0 2
707 0 0 0 0
708 0 0 0 0
709 0 0 0 0
710 0 0 0 0
711 0 0 0 0
712 0 0 0 0
713 0 0 0 0
714 0 0 0 0
715 0 0 0 0
716 0 0 0 0
717 0 0 0 0
718 0 0 0 0
719 0 0 0 0
720 0 0 0 0
721 0 0 0 0
722 0 0 0 0
723 0 0 0 0
724 0 0 0 0
725 0 0 0 0
726 0 0 0 0
727 0 0 0 0
