0 0 0 0 0
1 0 0 0 0
2 0 0 0 0
3 0 0 0 0
4 0 0 0 0
5 0 2 0 0
6 0 0 0 0
7 0 0 1 0
8 0 0 0 0
9 0 0 2 1
10 0 0 0 0
11 0 0 0 1
12 0 0 0 1
13 0 0 0 2
14 0 0 0 0
15 1 0 0 0
16 2 0 0 0
17 1 0 0 0
18 0 0 0 0
19 0 0 0 0
20 0 1 0 0
21 0 0 0 0
22 1 1 0 0
23 0 0 0 0
24 1 0 0 0
25 1 2 0 0
26 0 0 0 0
27 2 1 0 1
28 0 0 0 1
29 2 0 0 2
30 2 0 1 0
31 1 0 0 0
32 0 1 0 0
33 1 1 0 0
34 1 1 0 2
35 0 1 1 0
36 1 1 0 1
37 0 0 0 0
38 0 1 1 1
39 1 1 0 1
40 1 1 0 2
41 0 0 0 0
42 0 0 0 2
43 1 0 0 0
44 1 1 0 1
45 1 1 0 1
46 0 0 0 1
47 0 0 0 0
48 1 1 0 0
49 0 2 0 1
50 2 0 0 0
51 0 0 0 1
52 2 0 0 0
53 1 1 0 2
54 1 0 1 0
55 2 2 0 1
56 2 0 0 0
57 0 0 1 1
58 0 0 0 1
59 0 0 0 1
60 2 2 0 0
61 0 1 0 1
62 2 1 1 1
63 1 1 0 0
64 4 0 0 1
65 1 1 2 0
66 1 0 0 0
67 1 0 2 1
68 1 0 1 1
69 0 0 1 4
70 1 1 0 1
71 2 1 0 1
72 0 0 0 2
73 1 2 1 0
74 0 0 1 3
75 0 0 0 1
76 0 1 0 0
77 2 0 1 3
78 1 0 0 1
79 2 1 0 0
80 2 1 0 1
81 2 0 0 1
82 1 2 1 0
83 1 0 0 1
84 3 1 0 0
85 1 2 0 0
86 3 1 1 2
87 2 1 1 1
88 1 1 0 0
89 1 1 1 2
90 2 2 0 1
91 2 0 0 2
92 1 2 0 1
93 1 2 0 2
94 0 1 0 2
95 1 3 1 1
96 2 0 1 3
97 4 0 1 2
98 3 0 0 1
99 1 0 0 2
100 3 2 0 1
101 3 0 0 1
102 4 2 1 2
103 1 0 1 1
104 4 1 2 1
105 4 1 2 0
106 3 2 1 3
107 0 3 1 1
108 7 0 0 2
109 0 1 4 1
110 4 3 1 3
111 1 1 2 2
112 1 1 0 2
113 2 0 0 3
114 1 2 0 6
115 0 3 1 2
116 1 0 1 4
117 2 3 3 1
118 5 1 0 3
119 3 2 0 2
120 3 1 0 1
121 5 1 0 6
122 1 2 1 3
123 3 2 1 2
124 1 1 1 1
125 2 1 3 1
126 3 2 0 1
127 3 2 1 2
128 2 1 1 0
129 4 1 0 4
130 2 4 0 3
131 6 2 1 4
132 2 0 2 3
133 4 1 1 1
134 2 1 1 3
135 0 0 3 3
136 3 4 1 2
137 6 2 0 3
138 1 3 2 1
139 5 1 1 1
140 5 2 1 4
141 3 0 2 3
142 8 2 4 4
143 7 1 0 2
144 4 3 0 3
145 3 1 2 4
146 3 3 2 2
147 2 1 2 2
148 5 4 4 7
149 3 5 2 4
150 6 1 1 2
151 10 5 1 0
152 6 1 1 9
153 6 3 1 6
154 9 3 2 3
155 5 4 3 5
156 8 5 2 7
157 5 1 3 3
158 4 2 2 3
159 7 4 2 5
160 4 6 1 5
161 6 3 4 4
162 11 4 1 7
163 8 6 1 7
164 16 4 0 6
165 6 4 1 7
166 8 4 1 6
167 13 3 8 6
168 13 5 6 5
169 7 9 3 7
170 7 1 5 6
171 6 8 1 4
172 7 7 3 10
173 11 6 5 7
174 8 8 2 10
175 10 4 3 6
176 7 6 4 15
177 9 4 5 10
178 12 2 3 10
179 15 3 2 7
180 11 2 4 11
181 13 3 5 6
182 12 8 1 3
183 6 11 5 8
184 13 7 6 8
185 16 8 4 8
186 11 6 3 6
187 11 7 4 15
188 14 7 4 10
189 8 4 3 9
190 10 12 8 10
191 7 7 4 11
192 9 4 3 10
193 10 10 4 9
194 8 3 5 12
195 12 5 6 15
196 9 10 2 7
197 11 5 5 25
198 14 6 3 7
199 13 5 1 7
200 13 7 6 13
201 10 7 5 8
202 11 6 5 11
203 9 7 5 8
204 15 6 4 11
205 13 3 7 12
206 11 6 6 7
207 5 8 4 16
208 14 7 2 9
209 16 11 4 12
210 17 4 7 14
211 7 10 3 16
212 6 4 4 10
213 11 6 4 9
214 9 4 7 8
215 5 10 3 8
216 3 2 5 13
217 5 10 4 14
218 8 7 10 10
219 7 10 6 13
220 4 2 2 8
221 12 3 1 12
222 3 3 2 17
223 6 3 3 13
224 6 4 2 7
225 8 1 3 4
226 7 3 3 11
227 4 4 3 5
228 5 4 2 5
229 5 2 2 7
230 8 10 4 6
231 5 2 0 8
232 12 3 5 5
233 3 5 3 4
234 1 2 3 14
235 7 3 2 1
236 0 0 3 5
237 4 7 6 10
238 8 4 1 4
239 4 3 3 8
240 4 1 5 4
241 2 2 2 11
242 5 3 0 5
243 3 1 2 4
244 5 6 0 9
245 2 2 1 4
246 1 3 1 3
247 2 3 3 3
248 6 2 0 5
249 2 3 0 5
250 2 0 1 4
251 2 1 1 7
252 0 2 0 3
253 3 7 0 4
254 1 1 0 1
255 1 3 0 1
256 3 0 1 2
257 0 1 2 5
258 1 1 2 1
259 4 1 0 4
260 3 0 2 4
261 1 1 0 1
262 5 1 1 3
263 0 1 0 2
264 0 2 1 2
265 2 4 1 1
266 1 0 0 3
267 1 2 2 2
268 4 2 0 3
269 0 0 0 4
270 1 1 2 0
271 0 2 0 4
272 4 0 0 3
273 1 1 0 0
274 2 0 0 2
275 0 0 0 1
276 2 2 0 1
277 2 2 4 2
278 1 1 0 0
279 1 1 0 0
280 0 0 0 1
281 0 1 0 2
282 2 1 1 1
283 1 3 0 3
284 2 1 0 4
285 1 1 0 0
286 0 0 0 1
287 0 1 0 2
288 0 0 0 2
289 0 0 0 2
290 0 1 0 1
291 1 0 1 0
292 0 0 1 0
293 1 2 0 0
294 1 0 0 2
295 3 0 0 1
296 0 0 1 1
297 0 0 0 2
298 1 0 0 0
299 1 1 0 0
300 1 2 0 0
301 1 0 0 0
302 0 0 1 0
303 0 0 1 1
304 0 1 0 1
305 0 1 0 0
306 0 0 0 1
307 0 0 0 2
308 0 0 1 0
309 0 0 0 2
310 0 0 1 0
311 0 0 0 1
312 0 0 0 0
313 1 0 0 0
314 1 0 0 0
315 0 0 0 1
316 0 0 0 0
317 0 0 0 1
318 0 1 0 0
319 0 0 0 0
320 0 0 0 0
321 0 0 0 0
322 0 0 0 0
323 1 1 0 0
324 1 0 0 0
325 1 0 0 1
326 0 0 0 0
327 0 0 0 1
328 0 0 1 0
329 0 0 1 0
330 1 1 0 0
331 0 0 0 0
332 0 0 0 1
333 0 0 0 0
334 0 0 0 1
335 0 1 0 0
336 0 0 0 1
337 0 0 0 0
338 0 0 0 0
339 0 0 0 1
340 0 0 0 0
341 0 0 0 0
342 0 0 0 0
343 0 0 0 0
344 1 0 0 0
345 0 0 0 0
346 0 0 0 0
347 0 0 0 0
348 0 0 0 0
349 0 0 0 0
350 0 0 0 0
351 0 0 0 0
352 0 0 1 0
353 1 0 0 0
354 0 0 0 0
355 0 0 0 0
356 0 0 0 1
357 1 0 0 0
358 0 0 1 0
359 0 0 0 0
360 0 0 0 0
361 0 0 0 0
362 0 0 0 1
363 0 0 0 0
364 0 0 0 0
365 0 0 0 0
366 0 1 0 0
367 0 0 0 0
368 0 0 0 0
369 0 0 0 0
370 0 0 0 0
371 0 0 0 0
372 0 0 0 0
373 0 0 0 1
374 0 0 0 0
375 0 0 0 0
376 0 0 0 0
377 0 0 0 0
378 0 0 0 0
379 0 0 0 0
380 0 0 0 0
381 1 0 0 0
382 0 0 0 0
383 0 0 0 0
384 1 0 0 0
385 1 0 0 0
386 0 0 0 0
387 0 0 0 0
388 0 0 0 0
389 0 0 0 0
390 0 1 2 0
391 0 0 0 0
392 0 0 0 0
393 0 0 0 0
394 0 0 0 3
395 0 0 0 0
396 0 0 0 0
397 0 0 0 0
398 0 0 0 0
399 0 0 0 0
400 0 0 0 0
401 0 0 0 0
402 2 0 0 0
403 0 0 0 0
404 0 0 0 0
405 0 0 0 0
406 1 0 0 0
407 0 1 1 0
408 0 0 0 0
409 0 0 0 0
410 0 0 0 0
411 0 0 1 1
412 1 0 0 0
413 0 0 0 0
414 0 0 0 1
415 0 0 0 0
416 0 0 0 0
417 0 0 0 0
418 0 0 0 1
419 0 0 0 0
420 1 0 0 0
421 1 0 1 0
422 1 0 0 0
423 2 0 0 0
424 2 0 0 0
425 0 1 0 0
426 0 0 1 0
427 0 0 0 0
428 0 0 0 1
429 0 1 0 1
430 0 0 0 1
431 1 0 1 0
432 0 1 1 0
433 1 1 0 1
434 2 0 0 0
435 0 0 0 1
436 1 0 0 0
437 3 0 0 0
438 1 1 0 0
439 2 1 0 2
440 0 1 0 1
441 2 0 0 0
442 1 2 0 1
443 1 1 1 1
444 0 1 1 0
445 1 1 0 0
446 1 1 0 1
447 0 0 0 2
448 0 0 0 3
449 0 0 0 1
450 1 1 1 0
451 0 0 1 1
452 0 0 1 1
453 0 1 0 0
454 0 1 0 2
455 1 1 0 0
456 0 0 0 0
457 1 0 0 0
458 1 0 0 2
459 1 0 0 1
460 1 0 0 1
461 3 0 0 0
462 3 1 0 1
463 2 0 0 0
464 3 1 0 0
465 0 0 1 0
466 2 2 1 1
467 1 1 1 0
468 2 1 0 1
469 1 1 0 0
470 1 1 0 1
471 0 0 3 1
472 1 1 0 2
473 2 3 0 3
474 1 0 0 1
475 2 1 1 0
476 1 1 0 2
477 0 1 1 2
478 0 3 0 2
479 1 0 0 1
480 1 0 0 2
481 0 1 0 0
482 2 0 0 2
483 1 1 0 1
484 1 3 0 2
485 1 0 0 2
486 1 0 0 0
487 0 0 1 1
488 2 0 0 4
489 2 0 1 0
490 1 0 0 0
491 0 1 1 1
492 1 1 0 0
493 4 0 1 1
494 5 2 0 0
495 2 0 0 2
496 0 0 0 0
497 4 0 1 1
498 2 3 3 1
499 0 3 2 1
500 1 0 0 0
501 0 1 0 2
502 2 1 0 3
503 5 2 0 4
504 2 2 0 0
505 1 1 0 4
506 1 0 2 2
507 1 1 2 2
508 1 2 1 2
509 3 2 0 1
510 1 0 0 1
511 2 1 0 1
512 1 2 0 0
513 1 1 0 2
514 2 0 2 2
515 3 0 0 3
516 0 2 0 3
517 1 2 0 1
518 3 2 0 1
519 1 2 0 0
520 1 1 1 1
521 4 0 0 2
522 1 1 0 2
523 0 2 0 1
524 1 2 0 3
525 0 0 1 0
526 0 2 2 3
527 0 3 0 2
528 0 1 0 0
529 3 1 1 1
530 2 0 0 3
531 1 0 0 3
532 3 0 0 0
533 4 0 0 4
534 3 1 1 2
535 4 0 2 1
536 2 0 0 0
537 3 0 0 0
538 2 1 2 1
539 1 1 0 1
540 0 1 0 0
541 4 2 1 1
542 1 4 2 4
543 2 3 0 1
544 2 3 0 0
545 1 1 1 2
546 2 4 0 5
547 2 3 0 3
548 1 0 1 4
549 1 0 2 2
550 3 0 0 2
551 2 1 1 2
552 2 1 0 2
553 1 0 2 4
554 2 1 1 1
555 0 0 0 1
556 2 2 0 1
557 0 1 0 2
558 3 0 1 2
559 3 2 2 1
560 3 1 0 1
561 2 2 0 2
562 1 0 0 0
563 0 1 2 3
564 3 0 0 1
565 2 1 1 3
566 3 1 0 2
567 2 2 0 2
568 1 2 1 0
569 1 3 1 1
570 1 2 1 2
571 1 1 0 1
572 1 0 1 3
573 0 1 0 3
574 3 0 0 3
575 2 2 1 2
576 1 1 1 1
577 1 0 1 1
578 0 1 0 0
579 1 2 0 2
580 0 1 0 2
581 3 0 1 0
582 0 1 0 2
583 2 0 1 2
584 0 1 1 2
585 1 1 0 2
586 0 2 0 2
587 0 0 0 0
588 1 0 0 1
589 0 0 1 1
590 2 1 0 2
591 1 0 0 1
592 0 1 1 0
593 1 0 0 1
594 0 0 0 0
595 0 1 0 0
596 0 0 1 1
597 1 1 0 1
598 1 0 2 0
599 1 0 0 2
600 0 0 0 1
601 0 0 0 1
602 0 1 0 2
603 0 0 0 0
604 0 0 0 0
605 0 0 0 1
606 0 0 0 1
607 1 0 1 0
608 1 0 1 0
609 1 0 0 0
610 1 0 0 0
611 0 0 0 0
612 0 0 0 1
613 0 0 0 0
614 0 0 1 1
615 0 0 1 0
616 0 1 0 0
617 0 1 0 0
618 0 0 0 0
619 0 0 0 0
620 0 0 0 1
621 0 0 0 1
622 0 0 0 1
623 1 0 0 0
624 0 0 0 1
625 0 0 0 0
626 0 0 0 0
627 1 0 0 0
628 0 0 0 0
629 1 0 0 0
630 2 0 0 0
631 2 0 0 0
632 1 1 1 0
633 1 0 0 0
634 2 0 0 0
635 0 0 0 0
636 0 0 0 2
637 0 0 1 0
638 1 1 1 0
639 1 1 1 0
640 0 2 0 0
641 0 0 0 0
642 0 0 1 0
643 0 1 1 2
644 0 1 0 1
645 1 0 0 2
646 0 0 0 1
647 0 0 0 3
648 0 0 0 1
649 1 0 0 0
650 1 0 0 1
651 2 0 0 0
652 0 0 0 0
653 0 0 0 0
654 0 0 2 0
655 0 0 0 0
656 0 1 0 0
657 0 0 0 0
658 0 0 0 2
659 0 0 1 0
660 0 1 0 0
661 0 0 0 0
662 0 0 0 0
663 0 0 0 1
664 0 0 0 0
665 0 0 0 0
666 1 0 0 1
667 0 0 0 1
668 0 0 0 0
669 1 0 0 0
670 0 0 0 0
671 1 1 0 0
672 0 0 0 0
673 0 0 0 0
674 1 0 1 0
675 0 0 0 1
676 0 0 0 0
677 0 0 0 0
678 0 0 0 1
679 0 0 0 0
680 0 0 1 0
681 0 0 0 0
682 0 0 0 0
683 0 0 1 0
684 0 0 0 1
685 0 0 0 0
686 0 0 0 0
687 0 0 0 0
688 0 0 0 0
689 0 0 0 0
690 0 0 0 1
691 0 0 0 0
692 0 0 0 0
693 0 0 0 0
694 0 0 0 0
695 0 0 0 0
696 0 0 0 0
697 0 0 0 0
698 0 0 0 0
699 0 0 0 0
700 0 0 0 0
701 0 0 0 0
702 0 0 0 0
703 0 0 0 0
704 0 0 0 0
705 0 0 0 0
706 0 0 0 0
707 0 0 0 0
708 0 0 0 0
709 0 0 0 0
710 0 0 0 0
711 0 0 0 0
712 0 0 0 0
713 0 0 0 0
714 0 0 0 0
715 0 0 0 0
716 0 0 0 0
717 0 0 0 0
718 0 0 0 0
719 0 0 0 0
720 0 0 0 0
721 0 0 0 0
722 0 0 0 0
723 0 0 0 0
724 0 0 0 0
725 0 0 0 0
726 0 0 0 0
727 0 0 0 0
