0 0 0 0 0
1 0 0 0 0
2 0 0 0 0
3 0 0 0 0
4 0 0 0 0
5 0 2 0 0
6 0 0 0 0
7 0 0 0 0
8 0 0 0 0
9 0 2 1 1
10 0 0 0 0
11 1 0 0 0
12 0 0 0 1
13 0 0 0 1
14 0 0 0 0
15 0 0 0 0
16 0 0 0 2
17 1 0 0 0
18 0 0 0 0
19 1 0 0 0
20 0 0 1 0
21 0 0 0 0
22 0 0 0 0
23 0 0 0 0
24 0 1 0 0
25 0 0 0 0
26 0 0 1 0
27 0 0 0 1
28 0 0 0 1
29 0 0 0 0
30 2 0 0 1
31 0 0 0 0
32 0 0 0 0
33 0 0 0 0
34 0 0 0 0
35 0 0 0 0
36 0 0 0 0
37 1 0 0 0
38 0 0 0 0
39 1 2 0 0
40 0 0 0 0
41 0 0 0 0
42 0 0 0 0
43 1 0 0 1
44 0 0 0 0
45 0 0 0 0
46 0 1 0 1
47 0 0 0 0
48 0 1 1 0
49 0 0 0 0
50 0 0 0 0
51 0 0 0 1
52 2 0 0 1
53 1 0 0 0
54 2 0 0 0
55 2 0 0 1
56 0 0 0 0
57 1 1 1 0
58 1 0 0 0
59 0 2 0 0
60 0 1 0 0
61 1 0 0 2
62 1 2 0 0
63 1 0 0 2
64 0 1 0 1
65 1 0 0 0
66 0 0 1 2
67 1 2 0 0
68 0 1 0 0
69 2 0 0 0
70 0 0 1 1
71 2 0 0 2
72 2 0 1 1
73 1 0 0 0
74 2 1 1 1
75 2 0 0 0
76 2 0 1 1
77 2 2 0 1
78 1 0 0 0
79 2 0 0 0
80 1 2 1 0
81 4 1 1 3
82 2 0 2 0
83 1 2 0 1
84 2 2 0 3
85 2 0 0 1
86 2 2 0 1
87 1 1 0 2
88 1 2 0 1
89 1 2 0 1
90 1 3 0 4
91 1 0 3 1
92 1 0 0 0
93 1 0 1 1
94 1 2 1 2
95 2 1 0 3
96 2 0 1 1
97 1 0 1 3
98 1 0 0 3
99 1 0 0 0
100 3 2 0 1
101 2 1 2 2
102 3 1 1 1
103 2 0 2 0
104 4 1 1 3
105 2 1 0 2
106 4 0 0 1
107 2 0 1 0
108 8 1 1 1
109 4 2 2 2
110 0 3 1 3
111 3 1 2 1
112 3 2 0 0
113 2 5 4 1
114 3 1 1 5
115 2 2 0 5
116 2 2 1 4
117 4 2 2 7
118 1 1 1 1
119 1 1 2 3
120 2 1 0 5
121 5 0 0 2
122 2 2 3 2
123 3 1 0 1
124 6 3 0 3
125 2 1 1 0
126 5 3 3 5
127 6 2 0 1
128 6 2 0 3
129 5 0 3 3
130 5 1 0 5
131 3 2 2 1
132 5 3 2 2
133 6 5 2 5
134 9 3 0 3
135 5 2 4 2
136 4 1 2 1
137 7 4 3 3
138 5 2 3 4
139 6 3 1 7
140 12 3 2 7
141 11 2 1 4
142 6 6 2 6
143 5 5 3 2
144 11 3 2 8
145 6 5 5 4
146 8 3 6 5
147 2 2 4 6
148 8 3 1 7
149 3 10 1 10
150 3 3 2 6
151 6 4 2 3
152 11 2 1 7
153 6 7 4 13
154 1 5 4 6
155 7 2 1 4
156 5 2 1 6
157 6 8 6 10
158 10 3 0 6
159 8 2 2 3
160 9 3 3 6
161 14 1 1 14
162 12 4 3 2
163 15 4 3 5
164 13 6 6 8
165 16 4 2 2
166 16 8 4 6
167 17 5 3 7
168 17 4 1 6
169 16 11 3 5
170 16 9 7 8
171 10 9 6 12
172 14 12 9 5
173 10 13 1 14
174 9 9 6 12
175 11 7 8 12
176 6 6 6 15
177 9 12 3 17
178 10 7 6 14
179 12 9 5 21
180 6 6 5 8
181 7 8 4 16
182 8 3 3 14
183 18 7 4 16
184 13 7 7 13
185 11 5 1 14
186 21 11 2 10
187 18 4 2 10
188 19 7 10 3
189 16 5 2 5
190 17 3 2 17
191 21 7 4 15
192 21 8 7 10
193 26 7 11 10
194 22 12 4 5
195 16 15 10 17
196 18 14 3 8
197 12 12 2 10
198 12 12 13 9
199 17 11 6 24
200 16 13 8 19
201 11 13 8 18
202 6 10 7 24
203 14 10 7 14
204 12 9 5 21
205 7 16 8 20
206 13 5 5 17
207 14 7 2 18
208 12 11 8 13
209 5 6 4 23
210 9 3 4 17
211 7 4 5 17
212 13 6 7 15
213 9 5 7 13
214 13 6 3 9
215 11 10 0 14
216 9 9 3 4
217 9 6 4 10
218 9 3 3 10
219 5 8 4 15
220 12 4 2 12
221 8 8 5 14
222 9 4 5 10
223 11 7 5 8
224 5 9 2 4
225 7 4 6 6
226 8 6 3 12
227 8 4 2 9
228 8 2 0 13
229 8 4 4 9
230 3 7 2 14
231 2 6 4 11
232 3 10 3 6
233 6 6 3 8
234 5 3 3 5
235 3 2 1 7
236 4 1 5 8
237 8 1 4 9
238 6 3 4 8
239 4 3 1 7
240 2 2 2 7
241 1 1 2 9
242 2 2 4 5
243 1 6 2 5
244 1 2 1 2
245 1 1 1 5
246 5 2 4 6
247 3 0 1 9
248 5 0 0 2
249 1 2 1 2
250 2 2 0 8
251 6 1 2 2
252 4 0 2 1
253 2 2 2 3
254 1 0 1 1
255 6 0 5 1
256 3 3 2 2
257 3 1 4 4
258 3 2 0 3
259 1 0 1 4
260 1 4 2 5
261 2 2 2 2
262 2 1 2 3
263 1 3 0 4
264 0 1 2 8
265 1 1 0 4
266 1 1 0 2
267 4 0 1 3
268 0 0 0 2
269 2 0 0 2
270 1 0 1 2
271 0 1 1 2
272 1 2 1 0
273 1 0 0 0
274 0 2 1 1
275 2 1 1 0
276 2 1 1 1
277 1 0 0 2
278 1 0 0 3
279 1 1 0 4
280 0 0 1 2
281 1 0 1 1
282 0 1 0 0
283 1 1 0 1
284 0 2 0 0
285 1 1 0 0
286 1 1 0 0
287 0 0 0 2
288 0 1 1 2
289 0 0 0 2
290 0 0 0 0
291 0 0 1 1
292 1 0 0 2
293 1 0 0 1
294 0 1 0 0
295 0 0 0 0
296 0 0 0 0
297 1 0 1 1
298 0 0 1 1
299 0 0 0 0
300 0 0 0 0
301 0 0 0 0
302 0 1 0 0
303 0 0 0 0
304 0 0 0 1
305 1 0 0 1
306 0 0 0 0
307 0 0 0 0
308 0 0 0 0
309 0 0 0 1
310 0 0 0 0
311 1 0 0 0
312 1 0 0 0
313 0 0 0 0
314 0 0 1 0
315 1 0 0 0
316 0 0 0 0
317 0 1 0 0
318 0 0 0 0
319 0 0 0 0
320 0 0 1 0
321 0 0 0 1
322 0 0 0 0
323 0 0 0 0
324 0 1 0 1
325 0 0 0 0
326 0 0 0 0
327 0 0 0 1
328 0 0 0 0
329 0 0 0 0
330 0 0 0 0
331 0 0 0 1
332 0 0 0 0
333 0 0 0 0
334 0 0 0 0
335 1 0 0 0
336 0 0 0 0
337 2 0 0 0
338 0 0 0 0
339 0 0 0 0
340 0 0 1 0
341 0 0 0 0
342 0 0 0 0
343 0 1 0 0
344 0 0 0 0
345 0 0 0 0
346 0 1 0 0
347 0 0 0 1
348 0 0 0 0
349 0 0 0 0
350 0 0 0 1
351 0 0 0 0
352 0 0 0 0
353 0 0 0 1
354 0 0 0 0
355 0 0 0 0
356 0 0 0 0
357 0 0 0 0
358 0 0 0 0
359 0 0 0 0
360 0 0 0 0
361 0 0 0 0
362 0 0 0 0
363 0 0 0 0
364 0 0 0 0
365 0 0 0 0
366 0 0 0 0
367 0 0 0 0
368 0 0 0 0
369 0 0 0 0
370 0 0 0 0
371 0 0 0 0
372 0 0 0 0
373 0 0 0 0
374 0 0 0 0
375 0 0 0 0
376 0 0 0 0
377 0 0 0 0
378 0 0 0 0
379 0 0 0 0
380 0 0 0 0
381 0 0 0 0
382 0 0 0 0
383 0 0 0 0
384 0 0 0 0
385 0 0 0 0
386 0 0 0 0
387 0 0 0 0
388 0 0 0 0
389 0 0 0 0
390 0 0 0 0
391 0 0 0 0
392 0 0 0 0
393 0 0 0 0
394 0 0 0 0
395 0 0 0 0
396 0 0 0 0
397 0 0 0 0
398 0 0 0 0
399 0 0 0 0
400 0 0 0 0
401 0 0 0 0
402 0 0 0 0
403 0 0 0 0
404 0 0 0 0
405 0 0 0 0
406 0 0 0 0
407 0 0 0 0
408 0 0 0 0
409 0 0 0 0
410 0 0 0 0
411 0 0 0 0
412 0 0 0 0
413 0 0 0 0
414 0 0 0 0
415 0 0 0 0
416 0 0 0 0
417 0 0 0 0
418 0 0 0 0
419 0 0 0 0
420 0 0 0 0
421 0 0 0 0
422 0 0 0 0
423 0 0 0 0
424 0 0 0 0
425 0 0 0 0
426 0 0 0 0
427 0 0 0 0
428 0 0 0 0
429 0 0 0 0
430 0 0 0 0
431 0 0 0 0
432 0 0 0 0
433 0 0 0 0
434 0 0 0 0
435 0 0 0 0
436 0 0 0 0
437 0 0 0 0
438 0 0 0 0
439 0 0 0 0
440 0 0 0 0
441 0 0 0 0
442 0 0 0 0
443 0 0 0 0
444 0 0 0 0
445 0 0 0 0
446 0 0 0 0
447 0 0 0 0
448 0 0 0 0
449 0 0 0 0
450 0 0 0 0
451 0 0 0 0
452 0 0 0 0
453 0 0 0 0
454 0 0 0 0
455 0 0 0 0
456 0 0 0 0
457 0 0 0 0
458 0 0 0 0
459 0 0 0 0
460 0 0 0 0
461 0 0 0 0
462 0 0 0 0
463 0 0 0 0
464 0 0 0 0
465 0 0 0 0
466 0 0 0 0
467 0 0 0 0
468 0 0 0 0
469 0 0 0 0
470 0 0 0 0
471 0 0 0 0
472 0 0 0 0
473 0 0 0 0
474 0 0 0 0
475 0 0 0 0
476 0 0 0 0
477 0 0 0 0
478 0 0 0 0
479 0 0 0 0
480 0 0 0 0
481 0 0 0 0
482 0 0 0 0
483 0 0 0 0
484 0 0 0 0
485 0 0 0 0
486 0 0 0 0
487 0 0 0 0
488 0 0 0 0
489 0 0 0 0
490 0 0 0 0
491 0 0 0 0
492 0 0 0 0
493 0 0 0 0
494 0 0 0 0
495 0 0 0 0
496 0 0 0 0
497 0 0 0 0
498 0 0 0 0
499 0 0 0 0
500 0 0 0 0
501 0 0 0 0
502 0 0 0 0
503 0 0 0 0
504 0 0 0 0
505 0 0 0 0
506 0 0 0 0
507 0 0 0 0
508 0 0 0 0
509 0 0 0 0
510 0 0 0 0
511 0 0 0 0
512 0 0 0 0
513 0 0 0 0
514 0 0 0 0
515 0 0 0 0
516 0 0 0 0
517 0 0 0 0
518 0 0 0 0
519 0 0 0 0
520 0 0 0 0
521 0 0 0 0
522 0 0 0 0
523 0 0 0 0
524 0 0 0 0
525 0 0 0 0
526 0 0 0 0
527 0 0 0 0
528 0 0 0 0
529 0 0 0 0
530 0 0 0 0
531 0 0 0 0
532 0 0 0 0
533 0 0 0 0
534 0 0 0 0
535 0 0 0 0
536 0 0 0 0
537 0 0 0 0
538 0 0 0 0
539 0 0 0 0
540 0 0 0 0
541 0 0 0 0
542 0 0 0 0
543 0 0 0 0
544 0 0 0 0
545 0 0 0 0
546 0 0 0 0
547 0 0 0 0
548 0 0 0 0
549 0 0 0 0
550 0 0 0 0
551 0 0 0 0
552 0 0 0 0
553 0 0 0 0
554 0 0 0 0
555 0 0 0 0
556 0 0 0 0
557 0 0 0 0
558 0 0 0 0
559 0 0 0 0
560 0 0 0 0
561 0 0 0 0
562 0 0 0 0
563 0 0 0 0
564 0 0 0 0
565 0 0 0 0
566 0 0 0 0
567 0 0 0 0
568 0 0 0 0
569 0 0 0 0
570 0 0 0 0
571 0 0 0 0
572 0 0 0 0
573 0 0 0 0
574 0 0 0 0
575 0 0 0 0
576 0 0 0 0
577 0 0 0 0
578 0 0 0 0
579 0 0 0 0
580 0 0 0 0
581 0 0 0 0
582 0 0 0 0
583 0 0 0 0
584 0 0 0 0
585 0 0 0 0
586 0 0 0 0
587 0 0 0 0
588 0 0 0 0
589 0 0 0 0
590 0 0 0 0
591 0 0 0 0
592 0 0 0 0
593 0 0 0 0
594 0 0 0 0
595 0 0 0 0
596 0 0 0 0
597 0 0 0 0
598 0 0 0 0
599 0 0 0 0
600 0 0 0 0
601 0 0 0 0
602 0 0 0 0
603 0 0 0 0
604 0 0 0 0
605 0 0 0 0
606 0 0 0 0
607 0 0 0 0
608 0 0 0 0
609 0 0 0 0
610 0 0 0 0
611 0 0 0 0
612 0 0 0 0
613 0 0 0 0
614 0 0 0 0
615 0 0 0 0
616 0 0 0 0
617 0 0 0 0
618 0 0 0 0
619 0 0 0 0
620 0 0 0 0
621 0 0 0 0
622 0 0 0 0
623 0 0 0 0
624 0 0 0 0
625 0 0 0 0
626 0 0 0 0
627 0 0 0 0
628 0 0 0 0
629 0 0 0 0
630 0 0 0 0
631 0 0 0 0
632 0 0 0 0
633 0 0 0 0
634 0 0 0 0
635 0 0 0 0
636 0 0 0 0
637 0 0 0 0
638 0 0 0 0
639 0 0 0 0
640 0 0 0 0
641 0 0 0 0
642 0 0 0 0
643 0 0 0 0
644 0 0 0 0
645 0 0 0 0
646 0 0 0 0
647 0 0 0 0
648 0 0 0 0
649 0 0 0 0
650 0 0 0 0
651 0 0 0 0
652 0 0 0 0
653 0 0 0 0
654 0 0 0 0
655 0 0 0 0
656 0 0 0 0
657 0 0 0 0
658 0 0 0 0
659 0 0 0 0
660 0 0 0 0
661 0 0 0 0
662 0 0 0 0
663 0 0 0 0
664 0 0 0 0
665 0 0 0 0
666 0 0 0 0
667 0 0 0 0
668 0 0 0 0
669 0 0 0 0
670 0 0 0 0
671 0 0 0 0
672 0 0 0 0
673 0 0 0 0
674 0 0 0 0
675 0 0 0 0
676 0 0 0 0
677 0 0 0 0
678 0 0 0 0
679 0 0 0 0
680 0 0 0 0
681 0 0 0 0
682 0 0 0 0
683 0 0 0 0
684 0 0 0 0
685 0 0 0 0
686 0 0 0 0
687 0 0 0 0
688 0 0 0 0
689 0 0 0 0
690 0 0 0 0
691 0 0 0 0
692 0 0 0 0
693 0 0 0 0
694 0 0 0 0
695 0 0 0 0
696 0 0 0 0
697 0 0 0 0
698 0 0 0 0
699 0 0 0 0
700 0 0 0 0
701 0 0 0 0
702 0 0 0 0
703 0 0 0 0
704 0 0 0 0
705 0 0 0 0
706 0 0 0 0
707 0 0 0 0
708 0 0 0 0
709 0 0 0 0
710 0 0 0 0
711 0 0 0 0
712 0 0 0 0
713 0 0 0 0
714 0 0 0 0
715 0 0 0 0
716 0 0 0 0
717 0 0 0 0
718 0 0 0 0
719 0 0 0 0
720 0 0 0 0
721 0 0 0 0
722 0 0 0 0
723 0 0 0 0
724 0 0 0 0
725 0 0 0 0
726 0 0 0 0
727 0 0 0 0
