0 0 0 0 0
1 0 0 0 0
2 0 0 0 0
3 0 0 0 0
4 0 0 0 0
5 0 1 0 0
6 0 0 0 0
7 0 0 0 0
8 0 0 0 0
9 0 3 1 0
10 0 0 0 0
11 0 0 0 0
12 0 0 0 1
13 0 0 0 1
14 0 0 0 0
15 0 0 0 0
16 0 0 0 3
17 0 0 0 0
18 1 0 0 0
19 0 0 0 0
20 1 0 0 0
21 0 0 0 0
22 1 0 0 0
23 4 0 1 0
24 3 0 0 0
25 0 1 0 0
26 1 0 0 0
27 0 1 0 0
28 0 3 0 0
29 0 1 1 1
30 0 1 0 1
31 0 0 1 1
32 0 0 0 1
33 0 1 0 1
34 0 0 0 1
35 0 0 0 3
36 0 0 0 1
37 0 0 0 0
38 0 0 0 0
39 0 0 0 0
40 0 0 0 1
41 0 0 0 0
42 0 0 0 0
43 0 0 0 0
44 0 0 0 0
45 0 0 0 0
46 0 0 0 0
47 1 0 0 0
48 1 0 0 0
49 0 0 0 0
50 0 0 0 0
51 1 0 0 0
52 1 0 0 0
53 1 0 1 0
54 0 0 0 0
55 0 0 0 0
56 3 0 1 0
57 4 0 0 0
58 0 0 0 0
59 1 0 0 0
60 0 1 0 2
61 0 2 0 0
62 1 1 1 0
63 0 0 0 0
64 0 0 0 0
65 1 1 1 2
66 1 0 3 1
67 1 0 1 1
68 0 1 0 0
69 0 0 0 3
70 0 1 0 1
71 1 0 0 1
72 0 1 0 0
73 1 0 0 2
74 0 0 0 1
75 1 1 0 1
76 1 0 1 1
77 1 0 0 0
78 3 0 0 0
79 2 0 0 1
80 1 0 0 0
81 5 1 0 0
82 0 1 1 0
83 2 1 1 1
84 1 2 1 0
85 1 0 1 1
86 2 2 2 1
87 3 0 1 2
88 1 1 0 1
89 1 1 0 1
90 2 1 1 1
91 0 0 0 3
92 0 2 2 2
93 2 0 0 4
94 3 0 0 2
95 1 1 3 0
96 2 0 0 0
97 1 0 1 0
98 1 1 1 0
99 0 1 0 7
100 2 0 0 0
101 1 0 0 0
102 4 2 0 1
103 1 3 0 1
104 2 1 0 1
105 1 1 1 2
106 4 0 0 1
107 1 2 1 1
108 0 0 0 0
109 3 4 0 3
110 6 1 1 2
111 2 2 1 3
112 2 1 0 0
113 2 0 0 1
114 7 1 0 2
115 3 1 1 3
116 3 2 0 4
117 3 1 0 1
118 3 2 1 0
119 3 4 5 0
120 5 4 0 0
121 2 2 1 1
122 5 2 1 3
123 1 4 2 8
124 2 1 1 5
125 1 0 4 4
126 3 2 0 5
127 2 3 1 3
128 2 0 1 2
129 3 0 3 2
130 3 0 3 3
131 6 2 0 3
132 4 1 1 4
133 4 2 0 3
134 5 1 1 3
135 4 4 1 1
136 3 2 2 4
137 2 3 0 4
138 6 1 4 2
139 2 1 2 2
140 2 2 5 4
141 1 2 2 2
142 2 1 0 4
143 2 2 3 5
144 0 0 1 6
145 1 0 1 3
146 3 1 0 1
147 5 2 2 6
148 4 2 0 3
149 4 1 0 2
150 2 2 0 3
151 6 1 1 1
152 1 2 3 2
153 5 0 2 0
154 9 0 0 3
155 4 0 2 0
156 8 5 3 5
157 3 2 1 2
158 5 5 3 3
159 7 6 0 2
160 7 2 0 5
161 2 5 1 3
162 7 2 1 6
163 5 3 3 7
164 8 5 3 2
165 6 2 4 8
166 4 2 0 4
167 3 4 1 2
168 7 4 3 3
169 6 4 3 7
170 3 3 1 5
171 7 2 4 9
172 5 3 2 4
173 6 3 4 5
174 11 4 3 5
175 10 1 2 5
176 12 2 4 5
177 13 3 4 4
178 8 1 4 9
179 6 6 2 5
180 10 5 2 6
181 12 5 4 5
182 12 9 3 5
183 9 5 3 7
184 14 6 3 10
185 13 5 4 8
186 10 5 6 8
187 13 7 4 4
188 7 5 2 7
189 12 7 5 11
190 10 9 4 11
191 17 6 5 10
192 13 10 4 14
193 12 6 6 10
194 12 5 5 12
195 11 8 2 9
196 10 8 5 13
197 11 5 7 12
198 13 10 3 11
199 15 4 6 12
200 15 6 5 12
201 9 5 1 8
202 8 8 5 14
203 10 8 7 10
204 13 11 3 13
205 14 8 6 8
206 12 4 4 14
207 12 5 5 13
208 8 10 4 9
209 6 9 7 15
210 8 3 8 12
211 6 6 5 13
212 10 11 3 8
213 8 8 5 11
214 9 2 7 9
215 15 2 6 15
216 5 4 2 18
217 8 7 3 14
218 8 2 3 8
219 6 4 2 11
220 6 8 3 9
221 1 3 1 9
222 10 8 3 8
223 7 5 6 6
224 6 7 5 9
225 3 1 2 2
226 4 3 0 8
227 4 9 0 13
228 5 3 0 11
229 3 4 4 9
230 7 1 2 4
231 3 6 2 9
232 2 5 1 2
233 2 3 3 8
234 2 4 0 7
235 4 3 3 4
236 6 2 3 9
237 7 0 1 4
238 2 1 0 6
239 8 0 3 3
240 4 1 2 6
241 9 4 1 2
242 3 4 0 5
243 4 1 1 3
244 2 2 2 2
245 2 3 3 5
246 4 5 2 6
247 4 3 0 1
248 3 6 3 3
249 3 1 3 5
250 3 3 2 6
251 2 4 0 5
252 0 1 1 4
253 3 1 1 4
254 2 2 1 4
255 1 2 1 9
256 5 4 2 4
257 1 2 0 4
258 2 0 0 2
259 1 1 1 1
260 1 0 0 3
261 2 0 3 2
262 1 2 1 4
263 2 0 2 4
264 2 0 2 0
265 2 2 1 2
266 1 2 0 3
267 2 1 1 2
268 1 0 1 2
269 1 0 0 3
270 0 2 1 2
271 5 0 0 1
272 1 3 0 2
273 1 2 1 0
274 1 1 0 4
275 0 1 0 0
276 0 3 0 1
277 1 1 0 2
278 0 0 0 1
279 1 0 1 3
280 1 1 1 4
281 2 0 0 1
282 1 0 1 0
283 0 0 0 2
284 0 1 0 0
285 1 1 0 0
286 1 2 1 1
287 1 0 0 2
288 0 0 0 0
289 0 0 0 1
290 1 0 0 1
291 1 0 2 1
292 0 1 0 0
293 0 0 0 2
294 1 1 0 0
295 0 0 0 2
296 0 0 0 1
297 0 0 0 0
298 0 0 0 1
299 1 1 1 0
300 1 1 0 0
301 1 0 0 0
302 0 0 0 0
303 0 0 0 1
304 1 0 0 0
305 1 0 0 0
306 0 0 0 1
307 1 0 0 1
308 0 0 1 0
309 0 0 2 0
310 0 1 1 0
311 0 0 0 0
312 0 0 0 0
313 0 0 0 1
314 0 0 0 2
315 0 0 0 1
316 0 0 1 1
317 0 0 0 0
318 0 0 0 0
319 0 0 0 0
320 0 0 0 0
321 1 0 0 0
322 0 0 0 0
323 0 0 0 1
324 0 0 0 0
325 0 0 0 0
326 0 1 0 0
327 0 0 0 0
328 0 0 0 0
329 0 0 0 0
330 0 0 0 0
331 0 0 0 0
332 0 0 0 0
333 0 0 0 1
334 0 0 0 0
335 0 0 0 0
336 0 0 0 0
337 0 0 0 0
338 0 0 0 0
339 0 0 0 0
340 0 0 0 0
341 0 0 0 0
342 0 0 0 0
343 0 0 0 0
344 1 0 0 0
345 0 0 0 0
346 0 0 0 0
347 0 0 0 0
348 0 0 0 0
349 0 1 0 0
350 0 0 0 0
351 0 0 0 0
352 0 0 0 0
353 0 0 0 1
354 0 0 0 0
355 0 0 0 0
356 0 0 0 0
357 0 0 0 0
358 0 0 0 0
359 0 0 0 0
360 0 0 0 0
361 0 0 0 0
362 0 0 0 0
363 0 0 0 0
364 0 0 0 0
365 0 0 0 0
366 0 0 0 0
367 0 0 0 0
368 0 0 0 0
369 0 0 0 0
370 0 0 0 0
371 0 0 0 0
372 0 0 0 0
373 0 0 0 0
374 0 0 0 0
375 0 0 0 0
376 0 0 0 0
377 0 0 0 0
378 0 0 0 0
379 0 0 0 0
380 0 0 0 0
381 0 0 0 0
382 0 0 0 0
383 0 0 0 0
384 0 0 0 0
385 0 0 0 0
386 0 0 0 0
387 0 0 0 0
388 0 0 0 0
389 0 0 0 0
390 0 0 0 0
391 0 0 0 0
392 0 0 0 0
393 0 0 0 0
394 0 0 0 0
395 0 0 0 0
396 0 0 0 0
397 0 0 0 0
398 0 0 0 0
399 0 0 0 0
400 0 0 0 0
401 0 0 0 0
402 0 0 0 0
403 0 0 0 0
404 0 0 0 0
405 0 0 0 0
406 0 0 0 0
407 0 0 0 0
408 0 0 0 0
409 0 0 0 0
410 0 0 0 0
411 0 0 0 0
412 0 0 0 0
413 0 0 0 0
414 0 0 0 0
415 0 0 0 0
416 0 0 0 0
417 0 0 0 0
418 0 0 0 0
419 0 0 0 0
420 0 0 0 0
421 0 0 0 0
422 0 0 0 0
423 0 0 0 0
424 0 0 0 0
425 0 0 0 0
426 0 0 0 0
427 0 0 0 0
428 0 0 0 0
429 0 0 0 0
430 0 0 0 0
431 0 0 0 0
432 0 0 0 0
433 0 0 0 0
434 0 0 0 0
435 0 0 0 0
436 0 0 0 0
437 0 0 0 0
438 0 0 0 0
439 0 0 0 0
440 0 0 0 0
441 0 0 0 0
442 0 0 0 0
443 0 0 0 0
444 0 0 0 0
445 0 0 0 0
446 0 0 0 0
447 0 0 0 0
448 0 0 0 0
449 0 0 0 0
450 0 0 0 0
451 0 0 0 0
452 0 0 0 0
453 0 0 0 0
454 0 0 0 0
455 0 0 0 0
456 0 0 0 0
457 0 0 0 0
458 0 0 0 0
459 0 0 0 0
460 0 0 0 0
461 0 0 0 0
462 0 0 0 0
463 0 0 0 0
464 0 0 0 0
465 0 0 0 0
466 0 0 0 0
467 0 0 0 0
468 0 0 0 0
469 0 0 0 0
470 0 0 0 0
471 0 0 0 0
472 0 0 0 0
473 0 0 0 0
474 0 0 0 0
475 0 0 0 0
476 0 0 0 0
477 0 0 0 0
478 0 0 0 0
479 0 0 0 0
480 0 0 0 0
481 0 0 0 0
482 0 0 0 0
483 0 0 0 0
484 0 0 0 0
485 0 0 0 0
486 0 0 0 0
487 0 0 0 0
488 0 0 0 0
489 0 0 0 0
490 0 0 0 0
491 0 0 0 0
492 0 0 0 0
493 0 0 0 0
494 0 0 0 0
495 0 0 0 0
496 0 0 0 0
497 0 0 0 0
498 0 0 0 0
499 0 0 0 0
500 0 0 0 0
501 0 0 0 0
502 0 0 0 0
503 0 0 0 0
504 0 0 0 0
505 0 0 0 0
506 0 0 0 0
507 0 0 0 0
508 0 0 0 0
509 0 0 0 0
510 0 0 0 0
511 0 0 0 0
512 0 0 0 0
513 0 0 0 0
514 0 0 0 0
515 0 0 0 0
516 0 0 0 0
517 0 0 0 0
518 0 0 0 0
519 0 0 0 0
520 0 0 0 0
521 0 0 0 0
522 0 0 0 0
523 0 0 0 0
524 0 0 0 0
525 0 0 0 0
526 0 0 0 0
527 0 0 0 0
528 0 0 0 0
529 0 0 0 0
530 0 0 0 0
531 0 0 0 0
532 0 0 0 0
533 0 0 0 0
534 0 0 0 0
535 0 0 0 0
536 0 0 0 0
537 0 0 0 0
538 0 0 0 0
539 0 0 0 0
540 0 0 0 0
541 0 0 0 0
542 0 0 0 0
543 0 0 0 0
544 0 0 0 0
545 0 0 0 0
546 0 0 0 0
547 0 0 0 0
548 0 0 0 0
549 0 0 0 0
550 0 0 0 0
551 0 0 0 0
552 0 0 0 0
553 0 0 0 0
554 0 0 0 0
555 0 0 0 0
556 0 0 0 0
557 0 0 0 0
558 0 0 0 0
559 0 0 0 0
560 0 0 0 0
561 0 0 0 0
562 0 0 0 0
563 0 0 0 0
564 0 0 0 0
565 0 0 0 0
566 0 0 0 0
567 0 0 0 0
568 0 0 0 0
569 0 0 0 0
570 0 0 0 0
571 0 0 0 0
572 0 0 0 0
573 0 0 0 0
574 0 0 0 0
575 0 0 0 0
576 0 0 0 0
577 0 0 0 0
578 0 0 0 0
579 0 0 0 0
580 0 0 0 0
581 0 0 0 0
582 0 0 0 0
583 0 0 0 0
584 0 0 0 0
585 0 0 0 0
586 0 0 0 0
587 0 0 0 0
588 0 0 0 0
589 0 0 0 0
590 0 0 0 0
591 0 0 0 0
592 0 0 0 0
593 0 0 0 0
594 0 0 0 0
595 0 0 0 0
596 0 0 0 0
597 0 0 0 0
598 0 0 0 0
599 0 0 0 0
600 0 0 0 0
601 0 0 0 0
602 0 0 0 0
603 0 0 0 0
604 0 0 0 0
605 0 0 0 0
606 0 0 0 0
607 0 0 0 0
608 0 0 0 0
609 0 0 0 0
610 0 0 0 0
611 0 0 0 0
612 0 0 0 0
613 0 0 0 0
614 0 0 0 0
615 0 0 0 0
616 0 0 0 0
617 0 0 0 0
618 0 0 0 0
619 0 0 0 0
620 0 0 0 0
621 0 0 0 0
622 0 0 0 0
623 0 0 0 0
624 0 0 0 0
625 0 0 0 0
626 0 0 0 0
627 0 0 0 0
628 0 0 0 0
629 0 0 0 0
630 0 0 0 0
631 0 0 0 0
632 0 0 0 0
633 0 0 0 0
634 0 0 0 0
635 0 0 0 0
636 0 0 0 0
637 0 0 0 0
638 0 0 0 0
639 0 0 0 0
640 0 0 0 0
641 0 0 0 0
642 0 0 0 0
643 0 0 0 0
644 0 0 0 0
645 0 0 0 0
646 0 0 0 0
647 0 0 0 0
648 0 0 0 0
649 0 0 0 0
650 0 0 0 0
651 0 0 0 0
652 0 0 0 0
653 0 0 0 0
654 0 0 0 0
655 0 0 0 0
656 0 0 0 0
657 0 0 0 0
658 0 0 0 0
659 0 0 0 0
660 0 0 0 0
661 0 0 0 0
662 0 0 0 0
663 0 0 0 0
664 0 0 0 0
665 0 0 0 0
666 0 0 0 0
667 0 0 0 0
668 0 0 0 0
669 0 0 0 0
670 0 0 0 0
671 0 0 0 0
672 0 0 0 0
673 0 0 0 0
674 0 0 0 0
675 0 0 0 0
676 0 0 0 0
677 0 0 0 0
678 0 0 0 0
679 0 0 0 0
680 0 0 0 0
681 0 0 0 0
682 0 0 0 0
683 0 0 0 0
684 0 0 0 0
685 0 0 0 0
686 0 0 0 0
687 0 0 0 0
688 0 0 0 0
689 0 0 0 0
690 0 0 0 0
691 0 0 0 0
692 0 0 0 0
693 0 0 0 0
694 0 0 0 0
695 0 0 0 0
696 0 0 0 0
697 0 0 0 0
698 0 0 0 0
699 0 0 0 0
700 0 0 0 0
701 0 0 0 0
702 0 0 0 0
703 0 0 0 0
704 0 0 0 0
705 0 0 0 0
706 0 0 0 0
707 0 0 0 0
708 0 0 0 0
709 0 0 0 0
710 0 0 0 0
711 0 0 0 0
712 0 0 0 0
713 0 0 0 0
714 0 0 0 0
715 0 0 0 0
716 0 0 0 0
717 0 0 0 0
718 0 0 0 0
719 0 0 0 0
720 0 0 0 0
721 0 0 0 0
722 0 0 0 0
723 0 0 0 0
724 0 0 0 0
725 0 0 0 0
726 0 0 0 0
727 0 0 0 0
