0 0 0 0 0
1 0 0 0 0
2 0 0 0 0
3 0 0 0 0
4 0 0 0 0
5 0 2 0 0
6 0 0 0 0
7 0 0 0 0
8 0 0 0 0
9 0 1 2 1
10 0 0 0 0
11 0 0 0 0
12 0 0 0 1
13 1 0 0 3
14 0 0 0 0
15 0 0 0 0
16 0 0 0 0
17 0 0 0 0
18 0 1 0 0
19 1 0 0 0
20 0 0 0 0
21 0 0 0 0
22 0 0 0 1
23 0 0 0 0
24 1 1 0 0
25 0 0 0 0
26 1 0 0 0
27 2 0 0 0
28 0 0 0 1
29 0 0 1 0
30 1 0 0 0
31 2 0 0 0
32 0 1 0 0
33 0 0 0 1
34 0 0 0 0
35 1 1 1 0
36 0 0 2 0
37 1 0 0 0
38 1 0 0 0
39 0 0 0 2
40 1 0 2 1
41 0 0 0 0
42 0 1 0 1
43 0 1 0 1
44 0 0 0 1
45 0 1 0 0
46 0 0 0 0
47 0 0 0 2
48 0 0 0 0
49 0 0 0 2
50 0 0 0 0
51 0 0 0 0
52 0 0 0 0
53 1 0 0 0
54 1 0 0 0
55 0 0 0 0
56 1 0 0 0
57 0 0 0 0
58 3 0 1 0
59 0 0 0 0
60 1 0 0 0
61 0 0 0 0
62 1 0 0 1
63 1 2 2 0
64 0 0 0 0
65 1 0 1 0
66 0 0 0 0
67 1 1 0 1
68 0 0 0 0
69 0 1 0 1
70 2 1 0 2
71 1 0 0 1
72 0 0 2 1
73 0 0 0 1
74 0 0 0 0
75 1 1 0 0
76 0 1 0 1
77 2 0 0 0
78 1 0 0 0
79 0 0 1 3
80 0 0 0 0
81 1 0 0 0
82 1 1 1 0
83 1 1 0 2
84 1 1 0 0
85 3 0 0 0
86 5 0 1 1
87 1 1 0 0
88 5 0 1 0
89 1 0 0 1
90 1 0 0 1
91 2 1 2 2
92 2 0 1 1
93 2 1 2 1
94 1 2 2 0
95 4 1 2 2
96 2 1 0 1
97 3 2 2 2
98 0 0 1 3
99 1 0 1 3
100 3 2 2 2
101 0 2 0 5
102 1 0 2 1
103 4 0 0 0
104 2 2 0 4
105 1 1 2 1
106 0 1 0 1
107 4 0 0 1
108 1 1 2 2
109 3 2 0 4
110 5 0 0 1
111 2 0 1 1
112 1 2 1 4
113 6 0 1 1
114 3 1 2 0
115 3 2 0 1
116 5 4 1 3
117 2 2 0 0
118 5 4 1 3
119 5 1 2 3
120 4 0 2 3
121 1 3 0 1
122 2 3 0 3
123 3 4 2 3
124 6 2 2 4
125 2 2 1 3
126 3 0 1 4
127 5 1 2 4
128 2 2 1 3
129 2 3 2 2
130 5 1 1 2
131 3 3 0 5
132 1 4 1 3
133 7 3 2 3
134 4 1 2 4
135 4 3 3 2
136 4 3 0 4
137 5 2 0 3
138 3 2 1 6
139 6 2 1 10
140 6 1 2 2
141 1 1 1 0
142 1 7 2 3
143 5 1 0 3
144 6 2 2 1
145 4 5 2 1
146 3 1 0 10
147 7 3 1 3
148 6 3 4 4
149 7 1 1 5
150 6 1 0 2
151 8 2 1 5
152 9 2 3 8
153 4 5 3 2
154 3 2 3 0
155 10 2 3 4
156 5 6 3 3
157 2 6 5 6
158 16 5 0 6
159 8 4 2 4
160 7 3 2 7
161 14 2 2 9
162 4 2 1 5
163 8 6 2 6
164 12 6 4 7
165 4 7 1 7
166 6 8 2 2
167 5 8 2 9
168 8 8 3 7
169 11 6 4 8
170 9 4 2 10
171 12 3 1 11
172 6 5 3 10
173 10 8 2 9
174 9 3 5 7
175 9 6 1 5
176 14 4 3 9
177 8 5 1 2
178 11 8 5 7
179 8 5 6 6
180 6 11 4 16
181 11 5 5 7
182 17 4 4 8
183 10 7 1 5
184 14 2 2 11
185 9 3 6 12
186 7 6 2 7
187 18 8 6 9
188 7 6 5 9
189 6 6 3 12
190 16 8 5 9
191 15 7 4 10
192 21 14 5 8
193 20 4 8 8
194 14 2 2 11
195 20 7 8 12
196 14 10 4 22
197 9 8 5 11
198 13 7 11 9
199 14 5 6 14
200 16 6 4 15
201 11 13 9 9
202 21 5 5 17
203 6 11 9 14
204 15 7 6 11
205 10 6 5 15
206 9 10 7 8
207 12 5 7 17
208 12 9 3 18
209 10 14 5 12
210 11 6 4 17
211 14 8 8 19
212 11 6 4 8
213 7 3 6 18
214 15 7 3 9
215 10 4 5 18
216 8 9 4 12
217 8 5 5 11
218 8 3 5 10
219 8 5 9 10
220 6 7 3 11
221 7 8 6 11
222 10 8 2 7
223 11 5 4 13
224 10 4 5 11
225 8 3 6 11
226 7 0 2 15
227 5 8 1 10
228 5 7 2 11
229 7 6 2 6
230 5 7 4 6
231 11 9 3 8
232 5 7 3 10
233 6 6 2 6
234 5 3 3 11
235 3 1 0 9
236 6 2 3 5
237 4 2 1 10
238 8 4 3 10
239 2 7 0 6
240 3 5 4 4
241 4 2 5 5
242 2 4 1 6
243 2 4 1 6
244 3 2 2 5
245 5 2 2 3
246 4 2 0 7
247 6 3 4 9
248 8 1 0 9
249 5 0 1 5
250 5 4 2 1
251 4 2 1 5
252 7 1 3 2
253 5 5 3 2
254 2 5 2 6
255 4 3 1 3
256 3 3 3 2
257 2 4 3 7
258 4 3 1 8
259 3 2 1 6
260 1 1 3 5
261 1 3 2 5
262 0 1 2 3
263 0 1 0 6
264 3 0 2 4
265 4 1 0 6
266 1 1 0 2
267 3 2 3 3
268 2 2 0 5
269 1 1 2 1
270 0 0 1 0
271 1 0 0 4
272 0 1 1 1
273 0 0 0 2
274 1 2 2 1
275 1 1 0 2
276 1 2 0 4
277 0 2 0 1
278 0 0 0 1
279 0 0 1 1
280 1 0 0 3
281 2 1 0 2
282 2 0 0 0
283 0 0 0 1
284 2 1 0 2
285 0 1 0 0
286 0 2 0 0
287 1 2 0 0
288 0 0 0 1
289 1 0 0 0
290 2 0 0 2
291 0 0 0 2
292 0 0 0 1
293 1 2 0 0
294 0 1 0 1
295 1 1 0 0
296 1 0 1 0
297 3 0 0 1
298 2 1 0 0
299 1 0 1 1
300 0 1 0 2
301 0 0 0 1
302 1 1 1 0
303 0 2 0 1
304 0 1 0 0
305 0 0 1 1
306 3 0 1 1
307 1 0 1 2
308 1 0 0 1
309 1 0 0 2
310 0 0 0 1
311 0 1 2 0
312 0 0 0 0
313 0 0 1 1
314 1 0 0 1
315 0 0 0 1
316 0 1 0 0
317 0 0 0 1
318 1 0 1 2
319 0 0 0 0
320 1 0 0 0
321 1 0 0 0
322 0 0 0 1
323 1 1 0 1
324 2 0 0 0
325 0 0 0 0
326 2 0 0 0
327 2 0 1 0
328 0 0 0 0
329 1 2 0 0
330 1 0 1 1
331 0 1 0 1
332 2 1 0 0
333 0 0 1 2
334 1 0 1 1
335 2 1 0 1
336 0 0 2 1
337 1 0 0 0
338 0 0 0 0
339 0 1 1 0
340 0 1 0 1
341 0 1 1 1
342 0 1 0 1
343 0 0 0 4
344 0 0 1 1
345 0 0 0 0
346 0 0 0 1
347 0 0 0 1
348 0 0 0 2
349 1 0 0 0
350 0 0 0 0
351 0 0 0 0
352 1 0 0 0
353 0 0 0 0
354 0 0 0 0
355 1 0 0 0
356 0 0 0 0
357 0 0 1 0
358 0 0 1 0
359 0 0 0 0
360 0 1 0 0
361 1 0 0 0
362 1 0 0 0
363 1 0 0 0
364 0 0 0 1
365 0 0 0 1
366 0 0 1 0
367 0 1 0 1
368 0 1 0 0
369 0 0 0 0
370 0 0 0 0
371 0 0 0 1
372 0 0 0 0
373 0 0 0 2
374 0 0 0 0
375 0 0 0 0
376 0 0 0 0
377 0 0 0 0
378 0 0 0 0
379 0 0 0 0
380 0 0 0 0
381 0 0 0 0
382 0 0 0 0
383 0 0 0 0
384 0 0 0 0
385 0 0 0 0
386 0 0 0 0
387 0 0 0 0
388 0 0 0 0
389 0 0 0 0
390 0 0 0 0
391 0 0 0 0
392 0 0 0 0
393 0 0 0 0
394 0 0 0 0
395 0 0 0 0
396 0 0 0 0
397 0 0 0 0
398 0 0 0 0
399 0 0 0 0
400 0 0 0 0
401 0 0 0 0
402 0 0 0 0
403 0 0 0 0
404 0 0 0 0
405 0 0 0 0
406 0 0 0 0
407 0 0 0 0
408 0 0 0 0
409 0 0 0 0
410 0 0 0 0
411 0 0 0 0
412 0 0 0 0
413 0 0 0 0
414 0 0 0 0
415 0 0 0 0
416 0 0 0 0
417 0 0 0 0
418 0 0 0 0
419 0 0 0 0
420 0 0 0 0
421 0 0 0 0
422 0 0 0 0
423 0 0 0 0
424 0 0 0 0
425 0 0 0 0
426 0 0 0 0
427 0 0 0 0
428 0 0 0 0
429 0 0 0 0
430 0 0 0 0
431 0 0 0 0
432 0 0 0 0
433 0 0 0 0
434 0 0 0 0
435 0 0 0 0
436 0 0 0 0
437 0 0 0 0
438 0 0 0 0
439 0 0 0 0
440 0 0 0 0
441 0 0 0 0
442 0 0 0 0
443 0 0 0 0
444 0 0 0 0
445 0 0 0 0
446 0 0 0 0
447 0 0 0 0
448 0 0 0 0
449 0 0 0 0
450 0 0 0 0
451 0 0 0 0
452 0 0 0 0
453 0 0 0 0
454 0 0 0 0
455 0 0 0 0
456 0 0 0 0
457 0 0 0 0
458 0 0 0 0
459 0 0 0 0
460 0 0 0 0
461 0 0 0 0
462 0 0 0 0
463 0 0 0 0
464 0 0 0 0
465 0 0 0 0
466 0 0 0 0
467 0 0 0 0
468 0 0 0 0
469 0 0 0 0
470 0 0 0 0
471 0 0 0 0
472 0 0 0 0
473 0 0 0 0
474 0 0 0 0
475 0 0 0 0
476 0 0 0 0
477 0 0 0 0
478 0 0 0 0
479 0 0 0 0
480 0 0 0 0
481 0 0 0 0
482 0 0 0 0
483 0 0 0 0
484 0 0 0 0
485 0 0 0 0
486 0 0 0 0
487 0 0 0 0
488 0 0 0 0
489 0 0 0 0
490 0 0 0 0
491 0 0 0 0
492 0 0 0 0
493 0 0 0 0
494 0 0 0 0
495 0 0 0 0
496 0 0 0 0
497 0 0 0 0
498 0 0 0 0
499 0 0 0 0
500 0 0 0 0
501 0 0 0 0
502 0 0 0 0
503 0 0 0 0
504 0 0 0 0
505 0 0 0 0
506 0 0 0 0
507 0 0 0 0
508 0 0 0 0
509 0 0 0 0
510 0 0 0 0
511 0 0 0 0
512 0 0 0 0
513 0 0 0 0
514 0 0 0 0
515 0 0 0 0
516 0 0 0 0
517 0 0 0 0
518 0 0 0 0
519 0 0 0 0
520 0 0 0 0
521 0 0 0 0
522 0 0 0 0
523 0 0 0 0
524 0 0 0 0
525 0 0 0 0
526 0 0 0 0
527 0 0 0 0
528 0 0 0 0
529 0 0 0 0
530 0 0 0 0
531 0 0 0 0
532 0 0 0 0
533 0 0 0 0
534 0 0 0 0
535 0 0 0 0
536 0 0 0 0
537 0 0 0 0
538 0 0 0 0
539 0 0 0 0
540 0 0 0 0
541 0 0 0 0
542 0 0 0 0
543 0 0 0 0
544 0 0 0 0
545 0 0 0 0
546 0 0 0 0
547 0 0 0 0
548 0 0 0 0
549 0 0 0 0
550 0 0 0 0
551 0 0 0 0
552 0 0 0 0
553 0 0 0 0
554 0 0 0 0
555 0 0 0 0
556 0 0 0 0
557 0 0 0 0
558 0 0 0 0
559 0 0 0 0
560 0 0 0 0
561 0 0 0 0
562 0 0 0 0
563 0 0 0 0
564 0 0 0 0
565 0 0 0 0
566 0 0 0 0
567 0 0 0 0
568 0 0 0 0
569 0 0 0 0
570 0 0 0 0
571 0 0 0 0
572 0 0 0 0
573 0 0 0 0
574 0 0 0 0
575 0 0 0 0
576 0 0 0 0
577 0 0 0 0
578 0 0 0 0
579 0 0 0 0
580 0 0 0 0
581 0 0 0 0
582 0 0 0 0
583 0 0 0 0
584 0 0 0 0
585 0 0 0 0
586 0 0 0 0
587 0 0 0 0
588 0 0 0 0
589 0 0 0 0
590 0 0 0 0
591 0 0 0 0
592 0 0 0 0
593 0 0 0 0
594 0 0 0 0
595 0 0 0 0
596 0 0 0 0
597 0 0 0 0
598 0 0 0 0
599 0 0 0 0
600 0 0 0 0
601 0 0 0 0
602 0 0 0 0
603 0 0 0 0
604 0 0 0 0
605 0 0 0 0
606 0 0 0 0
607 0 0 0 0
608 0 0 0 0
609 0 0 0 0
610 0 0 0 0
611 0 0 0 0
612 0 0 0 0
613 0 0 0 0
614 0 0 0 0
615 0 0 0 0
616 0 0 0 0
617 0 0 0 0
618 0 0 0 0
619 0 0 0 0
620 0 0 0 0
621 0 0 0 0
622 0 0 0 0
623 0 0 0 0
624 0 0 0 0
625 0 0 0 0
626 0 0 0 0
627 0 0 0 0
628 0 0 0 0
629 0 0 0 0
630 0 0 0 0
631 0 0 0 0
632 0 0 0 0
633 0 0 0 0
634 0 0 0 0
635 0 0 0 0
636 0 0 0 0
637 0 0 0 0
638 0 0 0 0
639 0 0 0 0
640 0 0 0 0
641 0 0 0 0
642 0 0 0 0
643 0 0 0 0
644 0 0 0 0
645 0 0 0 0
646 0 0 0 0
647 0 0 0 0
648 0 0 0 0
649 0 0 0 0
650 0 0 0 0
651 0 0 0 0
652 0 0 0 0
653 0 0 0 0
654 0 0 0 0
655 0 0 0 0
656 0 0 0 0
657 0 0 0 0
658 0 0 0 0
659 0 0 0 0
660 0 0 0 0
661 0 0 0 0
662 0 0 0 0
663 0 0 0 0
664 0 0 0 0
665 0 0 0 0
666 0 0 0 0
667 0 0 0 0
668 0 0 0 0
669 0 0 0 0
670 0 0 0 0
671 0 0 0 0
672 0 0 0 0
673 0 0 0 0
674 0 0 0 0
675 0 0 0 0
676 0 0 0 0
677 0 0 0 0
678 0 0 0 0
679 0 0 0 0
680 0 0 0 0
681 0 0 0 0
682 0 0 0 0
683 0 0 0 0
684 0 0 0 0
685 0 0 0 0
686 0 0 0 0
687 0 0 0 0
688 0 0 0 0
689 0 0 0 0
690 0 0 0 0
691 0 0 0 0
692 0 0 0 0
693 0 0 0 0
694 0 0 0 0
695 0 0 0 0
696 0 0 0 0
697 0 0 0 0
698 0 0 0 0
699 0 0 0 0
700 0 0 0 0
701 0 0 0 0
702 0 0 0 0
703 0 0 0 0
704 0 0 0 0
705 0 0 0 0
706 0 0 0 0
707 0 0 0 0
708 0 0 0 0
709 0 0 0 0
710 0 0 0 0
711 0 0 0 0
712 0 0 0 0
713 0 0 0 0
714 0 0 0 0
715 0 0 0 0
716 0 0 0 0
717 0 0 0 0
718 0 0 0 0
719 0 0 0 0
720 0 0 0 0
721 0 0 0 0
722 0 0 0 0
723 0 0 0 0
724 0 0 0 0
725 0 0 0 0
726 0 0 0 0
727 0 0 0 0
