0 0 0 0 0
1 0 0 0 0
2 0 0 0 0
3 0 0 0 0
4 0 0 0 0
5 0 3 2 0
6 0 0 0 0
7 0 0 0 0
8 0 0 0 0
9 0 0 0 3
10 0 0 0 0
11 0 0 0 1
12 0 0 0 1
13 0 0 0 0
14 0 0 0 0
15 0 0 0 0
16 1 0 0 0
17 0 0 0 0
18 0 0 0 0
19 4 0 0 0
20 1 0 0 0
21 2 1 0 0
22 1 0 0 0
23 1 0 0 0
24 1 0 3 0
25 1 1 0 0
26 1 0 0 0
27 1 1 0 0
28 1 0 2 2
29 0 0 0 1
30 0 4 0 0
31 2 0 0 2
32 1 0 0 0
33 1 2 0 0
34 0 0 0 3
35 0 0 0 3
36 0 1 0 0
37 1 0 1 3
38 1 0 0 0
39 1 0 0 0
40 0 1 1 0
41 1 0 0 1
42 1 2 0 0
43 1 1 0 1
44 2 1 0 1
45 1 0 0 0
46 1 0 0 0
47 3 0 1 2
48 3 1 0 1
49 2 1 0 2
50 3 1 0 0
51 3 0 0 0
52 2 2 1 0
53 0 1 2 1
54 2 2 2 1
55 1 1 0 1
56 2 0 1 2
57 0 0 4 3
58 2 0 0 1
59 0 2 1 2
60 2 1 1 2
61 2 1 1 4
62 2 0 0 0
63 1 2 1 1
64 2 0 0 5
65 3 1 0 1
66 3 1 1 2
67 1 1 1 2
68 1 0 0 1
69 1 0 2 0
70 2 0 3 1
71 2 2 1 0
72 2 0 1 1
73 2 1 1 3
74 0 1 0 4
75 0 0 0 1
76 1 2 0 2
77 3 1 0 2
78 1 1 0 2
79 3 1 1 1
80 1 1 0 1
81 3 0 1 2
82 1 1 3 0
83 1 0 0 2
84 7 0 1 0
85 2 0 0 1
86 5 1 2 5
87 3 1 0 1
88 6 2 1 1
89 4 3 1 1
90 2 2 0 2
91 2 1 1 1
92 5 0 3 1
93 4 4 1 4
94 3 3 0 2
95 4 1 3 3
96 3 1 0 3
97 2 5 2 3
98 4 1 2 2
99 3 0 2 5
100 0 2 2 2
101 3 2 3 5
102 3 1 3 4
103 1 5 1 0
104 4 0 1 8
105 4 2 0 4
106 5 1 2 3
107 4 1 2 2
108 3 1 2 2
109 6 1 1 4
110 3 1 0 5
111 6 2 2 3
112 5 2 1 1
113 4 2 2 4
114 6 4 3 0
115 3 2 1 5
116 5 3 0 2
117 6 2 3 3
118 4 4 1 5
119 2 4 3 4
120 8 3 1 3
121 9 5 0 5
122 6 2 2 4
123 6 2 0 4
124 5 4 0 5
125 5 0 6 5
126 5 7 3 8
127 4 5 0 3
128 7 2 3 3
129 10 4 0 1
130 6 2 1 6
131 9 5 2 8
132 4 3 2 6
133 5 5 4 7
134 3 4 4 2
135 7 5 1 11
136 6 2 5 6
137 4 1 3 7
138 2 5 3 5
139 11 1 3 3
140 5 6 4 5
141 9 2 5 8
142 9 2 1 8
143 7 1 0 6
144 12 7 1 5
145 10 3 0 7
146 10 6 4 3
147 11 3 3 8
148 15 7 3 4
149 6 7 4 4
150 13 7 1 6
151 11 7 2 9
152 12 5 7 7
153 11 5 4 12
154 13 6 3 6
155 18 7 4 10
156 10 8 5 10
157 16 10 4 11
158 7 3 4 7
159 11 10 3 10
160 8 8 7 11
161 8 8 4 12
162 11 6 5 11
163 13 4 4 11
164 18 9 4 14
165 12 9 2 9
166 14 9 5 16
167 16 6 1 14
168 13 7 3 14
169 17 10 7 10
170 19 7 4 9
171 17 8 8 9
172 18 7 10 7
173 19 7 6 13
174 19 11 2 15
175 11 7 5 14
176 19 11 5 18
177 14 6 10 12
178 15 16 8 15
179 10 12 10 13
180 17 8 1 14
181 23 16 6 14
182 15 10 6 20
183 13 7 7 14
184 13 4 6 13
185 21 13 6 22
186 17 10 4 25
187 17 10 4 9
188 16 7 6 14
189 24 11 6 19
190 22 13 10 12
191 16 8 7 11
192 28 5 11 11
193 26 7 5 20
194 27 15 6 20
195 28 16 7 14
196 16 9 8 13
197 21 16 13 21
198 24 14 9 18
199 24 11 11 23
200 12 14 7 16
201 18 11 8 21
202 16 14 11 24
203 16 13 9 22
204 13 15 13 27
205 13 9 7 17
206 15 11 4 25
207 19 11 10 19
208 13 14 6 21
209 23 6 6 22
210 18 11 7 18
211 16 10 5 30
212 11 9 8 16
213 15 7 6 16
214 14 15 7 16
215 10 9 3 21
216 16 8 6 13
217 10 5 6 19
218 11 9 12 19
219 16 11 8 13
220 12 9 5 14
221 10 9 5 14
222 10 7 1 18
223 7 11 4 15
224 8 9 4 13
225 4 7 6 15
226 6 6 5 12
227 8 7 3 10
228 3 6 3 17
229 6 6 3 12
230 9 5 3 19
231 6 4 4 10
232 4 5 4 10
233 6 7 0 9
234 4 3 1 8
235 11 2 3 9
236 7 3 2 8
237 9 4 0 7
238 4 4 2 3
239 7 5 3 6
240 3 8 1 5
241 2 3 2 4
242 5 7 3 5
243 4 0 6 9
244 3 7 1 7
245 4 3 2 8
246 2 4 0 7
247 0 2 1 6
248 2 1 4 4
249 4 0 1 8
250 5 1 2 6
251 2 2 3 6
252 1 2 1 5
253 1 2 2 3
254 3 2 1 4
255 6 2 2 5
256 2 0 0 2
257 3 2 0 4
258 3 3 1 5
259 4 2 2 4
260 3 4 2 1
261 6 0 0 3
262 7 2 0 3
263 4 1 1 4
264 1 3 1 4
265 1 0 3 2
266 1 4 1 2
267 0 2 4 2
268 0 2 0 1
269 2 3 0 1
270 1 0 2 7
271 0 0 2 7
272 1 1 2 2
273 1 1 0 2
274 1 0 1 3
275 0 1 0 3
276 0 1 0 2
277 1 1 0 2
278 2 0 2 1
279 1 1 0 3
280 0 0 0 1
281 1 0 0 2
282 2 1 0 0
283 0 1 2 0
284 1 0 0 0
285 1 0 0 2
286 2 0 1 1
287 2 0 1 2
288 1 0 1 0
289 2 1 0 1
290 0 0 0 1
291 0 2 1 0
292 2 0 1 0
293 1 0 1 2
294 1 2 1 1
295 2 0 0 2
296 0 1 0 1
297 0 0 1 0
298 0 0 0 2
299 0 0 0 1
300 0 1 0 2
301 0 1 0 2
302 0 0 1 0
303 0 1 0 1
304 1 1 0 0
305 0 0 0 0
306 1 0 0 1
307 0 0 0 1
308 2 0 0 2
309 0 0 0 0
310 2 0 0 1
311 1 0 0 0
312 0 0 0 0
313 2 3 0 0
314 1 0 0 0
315 2 1 1 0
316 1 0 0 0
317 0 0 0 1
318 1 1 1 0
319 1 1 0 0
320 0 1 0 2
321 1 0 0 0
322 0 0 0 4
323 0 1 2 1
324 1 0 1 1
325 1 1 0 0
326 1 1 0 0
327 0 0 0 1
328 1 0 1 0
329 0 0 0 1
330 2 0 1 2
331 1 1 0 1
332 0 0 0 1
333 2 1 1 1
334 2 0 0 0
335 0 1 0 0
336 0 1 0 0
337 0 0 0 2
338 0 1 1 1
339 1 1 0 0
340 1 0 0 3
341 0 0 0 0
342 0 0 1 2
343 0 0 1 1
344 0 0 0 0
345 0 0 0 0
346 0 0 0 1
347 1 0 0 0
348 0 1 0 0
349 0 1 0 0
350 0 0 0 1
351 0 0 0 0
352 0 0 1 0
353 0 0 0 0
354 0 0 0 0
355 1 0 0 1
356 0 0 0 2
357 0 0 0 0
358 0 0 0 0
359 0 0 0 0
360 0 0 0 0
361 0 0 0 0
362 0 0 0 0
363 0 0 0 0
364 0 1 0 0
365 0 0 0 0
366 0 0 0 0
367 0 0 0 0
368 0 0 0 1
369 0 0 0 0
370 0 0 0 0
371 0 0 0 0
372 0 0 0 0
373 0 0 0 0
374 0 0 0 0
375 0 0 0 0
376 0 0 0 0
377 0 0 0 0
378 0 0 0 0
379 0 0 0 0
380 0 0 0 0
381 0 0 0 0
382 0 0 0 0
383 0 0 0 0
384 0 0 0 0
385 0 0 0 0
386 0 0 0 0
387 0 0 0 0
388 0 0 0 0
389 0 0 0 0
390 0 0 0 0
391 0 0 0 0
392 0 0 0 0
393 0 0 0 0
394 0 0 0 0
395 0 0 0 0
396 0 0 0 0
397 0 0 0 0
398 0 0 0 0
399 0 0 0 0
400 0 0 0 0
401 0 0 0 0
402 0 0 0 0
403 0 0 0 0
404 0 0 0 0
405 0 0 0 0
406 0 0 0 0
407 0 0 0 0
408 0 0 0 0
409 0 0 0 0
410 0 0 0 0
411 0 0 0 0
412 0 0 0 0
413 0 0 0 0
414 0 0 0 0
415 0 0 0 0
416 0 0 0 0
417 0 0 0 0
418 0 0 0 0
419 0 0 0 0
420 0 0 0 0
421 0 0 0 0
422 0 0 0 0
423 0 0 0 0
424 0 0 0 0
425 0 0 0 0
426 0 0 0 0
427 0 0 0 0
428 0 0 0 0
429 0 0 0 0
430 0 0 0 0
431 0 0 0 0
432 0 0 0 0
433 0 0 0 0
434 0 0 0 0
435 0 0 0 0
436 0 0 0 0
437 0 0 0 0
438 0 0 0 0
439 0 0 0 0
440 0 0 0 0
441 0 0 0 0
442 0 0 0 0
443 0 0 0 0
444 0 0 0 0
445 0 0 0 0
446 0 0 0 0
447 0 0 0 0
448 0 0 0 0
449 0 0 0 0
450 0 0 0 0
451 0 0 0 0
452 0 0 0 0
453 0 0 0 0
454 0 0 0 0
455 0 0 0 0
456 0 0 0 0
457 0 0 0 0
458 0 0 0 0
459 0 0 0 0
460 0 0 0 0
461 0 0 0 0
462 0 0 0 0
463 0 0 0 0
464 0 0 0 0
465 0 0 0 0
466 0 0 0 0
467 0 0 0 0
468 0 0 0 0
469 0 0 0 0
470 0 0 0 0
471 0 0 0 0
472 0 0 0 0
473 0 0 0 0
474 0 0 0 0
475 0 0 0 0
476 0 0 0 0
477 0 0 0 0
478 0 0 0 0
479 0 0 0 0
480 0 0 0 0
481 0 0 0 0
482 0 0 0 0
483 0 0 0 0
484 0 0 0 0
485 0 0 0 0
486 0 0 0 0
487 0 0 0 0
488 0 0 0 0
489 0 0 0 0
490 0 0 0 0
491 0 0 0 0
492 0 0 0 0
493 0 0 0 0
494 0 0 0 0
495 0 0 0 0
496 0 0 0 0
497 0 0 0 0
498 0 0 0 0
499 0 0 0 0
500 0 0 0 0
501 0 0 0 0
502 0 0 0 0
503 0 0 0 0
504 0 0 0 0
505 0 0 0 0
506 0 0 0 0
507 0 0 0 0
508 0 0 0 0
509 0 0 0 0
510 0 0 0 0
511 0 0 0 0
512 0 0 0 0
513 0 0 0 0
514 0 0 0 0
515 0 0 0 0
516 0 0 0 0
517 0 0 0 0
518 0 0 0 0
519 0 0 0 0
520 0 0 0 0
521 0 0 0 0
522 0 0 0 0
523 0 0 0 0
524 0 0 0 0
525 0 0 0 0
526 0 0 0 0
527 0 0 0 0
528 0 0 0 0
529 0 0 0 0
530 0 0 0 0
531 0 0 0 0
532 0 0 0 0
533 0 0 0 0
534 0 0 0 0
535 0 0 0 0
536 0 0 0 0
537 0 0 0 0
538 0 0 0 0
539 0 0 0 0
540 0 0 0 0
541 0 0 0 0
542 0 0 0 0
543 0 0 0 0
544 0 0 0 0
545 0 0 0 0
546 0 0 0 0
547 0 0 0 0
548 0 0 0 0
549 0 0 0 0
550 0 0 0 0
551 0 0 0 0
552 0 0 0 0
553 0 0 0 0
554 0 0 0 0
555 0 0 0 0
556 0 0 0 0
557 0 0 0 0
558 0 0 0 0
559 0 0 0 0
560 0 0 0 0
561 0 0 0 0
562 0 0 0 0
563 0 0 0 0
564 0 0 0 0
565 0 0 0 0
566 0 0 0 0
567 0 0 0 0
568 0 0 0 0
569 0 0 0 0
570 0 0 0 0
571 0 0 0 0
572 0 0 0 0
573 0 0 0 0
574 0 0 0 0
575 0 0 0 0
576 0 0 0 0
577 0 0 0 0
578 0 0 0 0
579 0 0 0 0
580 0 0 0 0
581 0 0 0 0
582 0 0 0 0
583 0 0 0 0
584 0 0 0 0
585 0 0 0 0
586 0 0 0 0
587 0 0 0 0
588 0 0 0 0
589 0 0 0 0
590 0 0 0 0
591 0 0 0 0
592 0 0 0 0
593 0 0 0 0
594 0 0 0 0
595 0 0 0 0
596 0 0 0 0
597 0 0 0 0
598 0 0 0 0
599 0 0 0 0
600 0 0 0 0
601 0 0 0 0
602 0 0 0 0
603 0 0 0 0
604 0 0 0 0
605 0 0 0 0
606 0 0 0 0
607 0 0 0 0
608 0 0 0 0
609 0 0 0 0
610 0 0 0 0
611 0 0 0 0
612 0 0 0 0
613 0 0 0 0
614 0 0 0 0
615 0 0 0 0
616 0 0 0 0
617 0 0 0 0
618 0 0 0 0
619 0 0 0 0
620 0 0 0 0
621 0 0 0 0
622 0 0 0 0
623 0 0 0 0
624 0 0 0 0
625 0 0 0 0
626 0 0 0 0
627 0 0 0 0
628 0 0 0 0
629 0 0 0 0
630 0 0 0 0
631 0 0 0 0
632 0 0 0 0
633 0 0 0 0
634 0 0 0 0
635 0 0 0 0
636 0 0 0 0
637 0 0 0 0
638 0 0 0 0
639 0 0 0 0
640 0 0 0 0
641 0 0 0 0
642 0 0 0 0
643 0 0 0 0
644 0 0 0 0
645 0 0 0 0
646 0 0 0 0
647 0 0 0 0
648 0 0 0 0
649 0 0 0 0
650 0 0 0 0
651 0 0 0 0
652 0 0 0 0
653 0 0 0 0
654 0 0 0 0
655 0 0 0 0
656 0 0 0 0
657 0 0 0 0
658 0 0 0 0
659 0 0 0 0
660 0 0 0 0
661 0 0 0 0
662 0 0 0 0
663 0 0 0 0
664 0 0 0 0
665 0 0 0 0
666 0 0 0 0
667 0 0 0 0
668 0 0 0 0
669 0 0 0 0
670 0 0 0 0
671 0 0 0 0
672 0 0 0 0
673 0 0 0 0
674 0 0 0 0
675 0 0 0 0
676 0 0 0 0
677 0 0 0 0
678 0 0 0 0
679 0 0 0 0
680 0 0 0 0
681 0 0 0 0
682 0 0 0 0
683 0 0 0 0
684 0 0 0 0
685 0 0 0 0
686 0 0 0 0
687 0 0 0 0
688 0 0 0 0
689 0 0 0 0
690 0 0 0 0
691 0 0 0 0
692 0 0 0 0
693 0 0 0 0
694 0 0 0 0
695 0 0 0 0
696 0 0 0 0
697 0 0 0 0
698 0 0 0 0
699 0 0 0 0
700 0 0 0 0
701 0 0 0 0
702 0 0 0 0
703 0 0 0 0
704 0 0 0 0
705 0 0 0 0
706 0 0 0 0
707 0 0 0 0
708 0 0 0 0
709 0 0 0 0
710 0 0 0 0
711 0 0 0 0
712 0 0 0 0
713 0 0 0 0
714 0 0 0 0
715 0 0 0 0
716 0 0 0 0
717 0 0 0 0
718 0 0 0 0
719 0 0 0 0
720 0 0 0 0
721 0 0 0 0
722 0 0 0 0
723 0 0 0 0
724 0 0 0 0
725 0 0 0 0
726 0 0 0 0
727 0 0 0 0
