0 0 0 0 0
1 0 0 0 0
2 0 0 0 0
3 0 0 0 0
4 0 0 0 0
5 0 4 0 0
6 0 0 0 0
7 0 0 0 0
8 0 0 0 0
9 0 0 1 2
10 0 0 0 1
11 0 0 0 0
12 0 0 0 1
13 0 0 0 0
14 0 0 0 0
15 1 0 0 0
16 1 0 0 1
17 0 0 0 0
18 1 0 0 0
19 0 0 0 0
20 1 0 0 0
21 0 0 1 0
22 0 0 0 0
23 1 1 0 0
24 1 0 1 0
25 1 0 0 0
26 0 0 0 0
27 1 0 0 1
28 0 0 0 2
29 1 1 0 0
30 0 0 0 0
31 0 0 0 0
32 0 1 1 0
33 0 0 1 0
34 1 0 1 0
35 1 0 0 0
36 2 0 0 3
37 2 0 0 1
38 0 0 1 0
39 3 0 0 0
40 1 0 0 0
41 0 1 1 1
42 1 0 1 0
43 0 0 1 0
44 2 3 1 0
45 0 0 1 2
46 1 1 0 1
47 1 0 0 0
48 1 0 0 4
49 0 2 0 1
50 1 0 0 2
51 0 1 0 1
52 1 0 0 0
53 0 0 1 0
54 1 0 0 0
55 0 2 0 0
56 2 1 0 2
57 2 0 0 1
58 1 0 0 1
59 4 1 0 1
60 2 0 0 0
61 4 0 1 0
62 2 2 0 1
63 4 0 0 2
64 0 2 1 0
65 2 0 1 1
66 1 3 2 2
67 2 1 1 0
68 1 2 4 1
69 1 0 1 1
70 3 0 1 4
71 1 2 0 3
72 2 1 1 4
73 1 0 1 2
74 1 2 0 1
75 3 1 2 2
76 1 1 0 2
77 1 1 1 1
78 0 0 0 4
79 3 0 1 0
80 2 1 1 1
81 3 0 0 2
82 2 1 0 3
83 2 0 0 1
84 4 3 1 1
85 2 0 3 0
86 8 1 1 1
87 4 2 0 1
88 4 0 0 1
89 3 2 1 2
90 2 2 2 1
91 3 4 0 4
92 5 2 3 2
93 5 4 1 2
94 6 1 0 4
95 3 1 3 2
96 5 1 2 2
97 5 2 0 5
98 6 0 3 1
99 3 3 3 8
100 8 1 2 5
101 5 3 1 3
102 5 6 1 2
103 7 4 3 4
104 8 0 2 1
105 6 4 5 2
106 7 3 0 7
107 2 3 1 8
108 4 4 4 3
109 3 5 2 8
110 6 3 2 3
111 4 4 1 4
112 5 3 3 10
113 7 5 1 6
114 5 3 2 4
115 7 3 3 5
116 9 2 1 7
117 8 1 1 5
118 8 2 2 7
119 7 5 2 4
120 15 1 1 4
121 11 3 6 0
122 11 1 6 6
123 10 3 2 5
124 15 8 2 2
125 6 8 3 5
126 11 8 6 9
127 11 5 3 4
128 7 5 6 13
129 7 10 6 7
130 9 8 2 11
131 9 7 5 6
132 8 4 4 11
133 7 6 3 17
134 7 2 3 9
135 10 8 2 10
136 13 7 2 13
137 14 8 3 7
138 17 4 3 9
139 9 3 3 10
140 21 7 4 10
141 18 9 2 11
142 15 7 1 6
143 25 10 2 6
144 23 9 4 7
145 13 8 7 11
146 16 12 8 8
147 19 7 5 17
148 16 10 4 11
149 12 19 5 11
150 22 10 5 16
151 23 8 10 11
152 19 19 6 15
153 17 10 8 23
154 14 6 4 10
155 18 6 11 18
156 19 12 8 25
157 14 11 7 20
158 19 11 4 13
159 23 15 6 17
160 22 12 8 21
161 28 11 5 15
162 16 9 8 16
163 25 6 9 19
164 18 11 10 16
165 20 14 8 14
166 24 18 6 21
167 32 11 8 23
168 30 14 9 20
169 23 11 11 15
170 29 16 8 12
171 21 9 4 21
172 26 16 9 22
173 27 15 11 26
174 23 14 9 26
175 22 24 10 21
176 27 10 9 22
177 27 21 10 18
178 26 15 6 18
179 28 14 11 31
180 29 17 8 25
181 36 9 12 23
182 27 12 14 29
183 35 17 6 24
184 22 19 11 36
185 43 15 12 25
186 29 23 13 20
187 37 15 15 22
188 36 12 11 19
189 31 22 9 35
190 29 27 16 30
191 28 16 14 30
192 32 23 14 23
193 37 17 8 34
194 34 22 17 35
195 32 15 15 23
196 39 22 11 29
197 28 20 13 35
198 25 20 9 33
199 29 16 14 33
200 29 16 15 30
201 24 20 11 38
202 29 20 8 29
203 25 19 12 29
204 25 19 11 31
205 23 19 17 36
206 23 20 15 27
207 29 18 9 32
208 19 15 11 32
209 15 14 14 32
210 19 9 6 34
211 17 16 12 31
212 9 16 13 33
213 21 13 7 28
214 23 15 11 19
215 17 15 6 29
216 28 17 6 33
217 14 5 10 20
218 18 12 4 21
219 19 13 9 24
220 19 10 6 18
221 24 10 6 20
222 18 9 10 20
223 11 10 8 21
224 14 12 3 14
225 16 18 10 14
226 8 12 9 25
227 13 3 13 22
228 10 14 7 22
229 7 12 4 19
230 14 12 4 14
231 11 13 3 12
232 13 6 4 26
233 5 6 3 25
234 7 10 4 16
235 5 3 3 23
236 8 9 1 9
237 7 9 4 11
238 6 4 2 10
239 4 5 6 9
240 6 7 3 9
241 7 9 0 13
242 7 3 2 5
243 7 4 4 7
244 5 4 1 11
245 6 8 0 5
246 3 6 2 13
247 2 6 1 9
248 3 3 3 11
249 4 3 2 6
250 8 2 3 10
251 4 5 0 5
252 4 2 2 8
253 4 1 2 5
254 4 3 2 7
255 6 3 0 5
256 2 3 1 4
257 3 3 1 3
258 1 2 2 5
259 5 3 3 4
260 4 3 2 4
261 3 2 1 3
262 1 2 3 3
263 2 4 0 5
264 1 3 1 5
265 2 0 1 5
266 2 4 0 2
267 0 1 0 5
268 2 4 1 1
269 2 2 1 4
270 2 1 1 5
271 2 0 0 5
272 0 0 0 5
273 1 1 1 4
274 2 2 1 0
275 2 1 0 1
276 0 0 0 1
277 0 1 0 3
278 1 1 0 1
279 2 0 3 1
280 0 1 2 1
281 0 0 0 2
282 0 0 0 1
283 0 2 0 2
284 1 1 1 2
285 1 0 0 0
286 0 0 0 1
287 1 0 0 3
288 1 0 1 1
289 0 1 0 0
290 1 0 0 1
291 0 0 0 1
292 1 0 0 1
293 2 1 0 0
294 3 1 0 0
295 1 0 0 0
296 3 1 0 1
297 1 1 0 0
298 1 0 0 1
299 0 1 0 0
300 1 0 0 1
301 0 1 2 1
302 0 1 1 0
303 0 2 1 1
304 0 1 0 0
305 0 0 1 3
306 0 1 0 1
307 0 0 1 0
308 0 0 0 0
309 0 0 0 2
310 0 0 0 4
311 0 0 0 1
312 0 0 0 1
313 0 0 0 0
314 1 0 0 1
315 0 0 0 0
316 1 0 0 0
317 1 0 0 0
318 0 0 0 0
319 0 0 0 0
320 0 0 0 0
321 0 0 0 0
322 1 1 0 0
323 0 0 1 0
324 0 0 0 0
325 1 1 0 0
326 0 0 0 0
327 1 0 1 1
328 0 0 0 0
329 0 0 0 1
330 0 0 0 0
331 0 0 0 1
332 0 0 0 1
333 0 0 0 0
334 0 1 0 0
335 0 0 0 0
336 0 1 0 0
337 0 0 0 0
338 0 0 0 0
339 0 0 0 0
340 1 0 0 1
341 0 0 0 1
342 0 0 0 0
343 0 0 0 0
344 0 0 0 0
345 0 0 0 0
346 0 0 0 0
347 0 0 0 0
348 0 0 0 0
349 0 0 1 0
350 0 0 0 0
351 0 0 0 0
352 0 0 0 0
353 0 0 0 1
354 0 0 0 0
355 0 0 0 0
356 0 0 0 0
357 0 0 0 0
358 0 0 0 0
359 0 0 0 0
360 0 0 0 0
361 0 0 0 0
362 0 0 0 0
363 0 0 0 0
364 0 0 0 0
365 0 0 0 0
366 0 0 0 0
367 0 0 0 0
368 0 0 0 0
369 0 0 0 0
370 0 0 0 0
371 0 0 0 0
372 0 0 0 0
373 0 0 0 0
374 0 0 0 0
375 0 0 0 0
376 0 0 0 0
377 0 0 0 0
378 0 0 0 0
379 0 0 0 0
380 0 0 0 0
381 0 0 0 0
382 0 0 0 0
383 0 0 0 0
384 0 0 0 0
385 0 0 0 0
386 0 0 0 0
387 0 0 0 0
388 0 0 0 0
389 0 0 0 0
390 0 0 0 0
391 0 0 0 0
392 0 0 0 0
393 0 0 0 0
394 0 0 0 0
395 0 0 0 0
396 0 0 0 0
397 0 0 0 0
398 0 0 0 0
399 0 0 0 0
400 0 0 0 0
401 0 0 0 0
402 0 0 0 0
403 0 0 0 0
404 0 0 0 0
405 0 0 0 0
406 0 0 0 0
407 0 0 0 0
408 0 0 0 0
409 0 0 0 0
410 0 0 0 0
411 0 0 0 0
412 0 0 0 0
413 0 0 0 0
414 0 0 0 0
415 0 0 0 0
416 0 0 0 0
417 0 0 0 0
418 0 0 0 0
419 0 0 0 0
420 0 0 0 0
421 0 0 0 0
422 0 0 0 0
423 0 0 0 0
424 0 0 0 0
425 0 0 0 0
426 0 0 0 0
427 0 0 0 0
428 0 0 0 0
429 0 0 0 0
430 0 0 0 0
431 0 0 0 0
432 0 0 0 0
433 0 0 0 0
434 0 0 0 0
435 0 0 0 0
436 0 0 0 0
437 0 0 0 0
438 0 0 0 0
439 0 0 0 0
440 0 0 0 0
441 0 0 0 0
442 0 0 0 0
443 0 0 0 0
444 0 0 0 0
445 0 0 0 0
446 0 0 0 0
447 0 0 0 0
448 0 0 0 0
449 0 0 0 0
450 0 0 0 0
451 0 0 0 0
452 0 0 0 0
453 0 0 0 0
454 0 0 0 0
455 0 0 0 0
456 0 0 0 0
457 0 0 0 0
458 0 0 0 0
459 0 0 0 0
460 0 0 0 0
461 0 0 0 0
462 0 0 0 0
463 0 0 0 0
464 0 0 0 0
465 0 0 0 0
466 0 0 0 0
467 0 0 0 0
468 0 0 0 0
469 0 0 0 0
470 0 0 0 0
471 0 0 0 0
472 0 0 0 0
473 0 0 0 0
474 0 0 0 0
475 0 0 0 0
476 0 0 0 0
477 0 0 0 0
478 0 0 0 0
479 0 0 0 0
480 0 0 0 0
481 0 0 0 0
482 0 0 0 0
483 0 0 0 0
484 0 0 0 0
485 0 0 0 0
486 0 0 0 0
487 0 0 0 0
488 0 0 0 0
489 0 0 0 0
490 0 0 0 0
491 0 0 0 0
492 0 0 0 0
493 0 0 0 0
494 0 0 0 0
495 0 0 0 0
496 0 0 0 0
497 0 0 0 0
498 0 0 0 0
499 0 0 0 0
500 0 0 0 0
501 0 0 0 0
502 0 0 0 0
503 0 0 0 0
504 0 0 0 0
505 0 0 0 0
506 0 0 0 0
507 0 0 0 0
508 0 0 0 0
509 0 0 0 0
510 0 0 0 0
511 0 0 0 0
512 0 0 0 0
513 0 0 0 0
514 0 0 0 0
515 0 0 0 0
516 0 0 0 0
517 0 0 0 0
518 0 0 0 0
519 0 0 0 0
520 0 0 0 0
521 0 0 0 0
522 0 0 0 0
523 0 0 0 0
524 0 0 0 0
525 0 0 0 0
526 0 0 0 0
527 0 0 0 0
528 0 0 0 0
529 0 0 0 0
530 0 0 0 0
531 0 0 0 0
532 0 0 0 0
533 0 0 0 0
534 0 0 0 0
535 0 0 0 0
536 0 0 0 0
537 0 0 0 0
538 0 0 0 0
539 0 0 0 0
540 0 0 0 0
541 0 0 0 0
542 0 0 0 0
543 0 0 0 0
544 0 0 0 0
545 0 0 0 0
546 0 0 0 0
547 0 0 0 0
548 0 0 0 0
549 0 0 0 0
550 0 0 0 0
551 0 0 0 0
552 0 0 0 0
553 0 0 0 0
554 0 0 0 0
555 0 0 0 0
556 0 0 0 0
557 0 0 0 0
558 0 0 0 0
559 0 0 0 0
560 0 0 0 0
561 0 0 0 0
562 0 0 0 0
563 0 0 0 0
564 0 0 0 0
565 0 0 0 0
566 0 0 0 0
567 0 0 0 0
568 0 0 0 0
569 0 0 0 0
570 0 0 0 0
571 0 0 0 0
572 0 0 0 0
573 0 0 0 0
574 0 0 0 0
575 0 0 0 0
576 0 0 0 0
577 0 0 0 0
578 0 0 0 0
579 0 0 0 0
580 0 0 0 0
581 0 0 0 0
582 0 0 0 0
583 0 0 0 0
584 0 0 0 0
585 0 0 0 0
586 0 0 0 0
587 0 0 0 0
588 0 0 0 0
589 0 0 0 0
590 0 0 0 0
591 0 0 0 0
592 0 0 0 0
593 0 0 0 0
594 0 0 0 0
595 0 0 0 0
596 0 0 0 0
597 0 0 0 0
598 0 0 0 0
599 0 0 0 0
600 0 0 0 0
601 0 0 0 0
602 0 0 0 0
603 0 0 0 0
604 0 0 0 0
605 0 0 0 0
606 0 0 0 0
607 0 0 0 0
608 0 0 0 0
609 0 0 0 0
610 0 0 0 0
611 0 0 0 0
612 0 0 0 0
613 0 0 0 0
614 0 0 0 0
615 0 0 0 0
616 0 0 0 0
617 0 0 0 0
618 0 0 0 0
619 0 0 0 0
620 0 0 0 0
621 0 0 0 0
622 0 0 0 0
623 0 0 0 0
624 0 0 0 0
625 0 0 0 0
626 0 0 0 0
627 0 0 0 0
628 0 0 0 0
629 0 0 0 0
630 0 0 0 0
631 0 0 0 0
632 0 0 0 0
633 0 0 0 0
634 0 0 0 0
635 0 0 0 0
636 0 0 0 0
637 0 0 0 0
638 0 0 0 0
639 0 0 0 0
640 0 0 0 0
641 0 0 0 0
642 0 0 0 0
643 0 0 0 0
644 0 0 0 0
645 0 0 0 0
646 0 0 0 0
647 0 0 0 0
648 0 0 0 0
649 0 0 0 0
650 0 0 0 0
651 0 0 0 0
652 0 0 0 0
653 0 0 0 0
654 0 0 0 0
655 0 0 0 0
656 0 0 0 0
657 0 0 0 0
658 0 0 0 0
659 0 0 0 0
660 0 0 0 0
661 0 0 0 0
662 0 0 0 0
663 0 0 0 0
664 0 0 0 0
665 0 0 0 0
666 0 0 0 0
667 0 0 0 0
668 0 0 0 0
669 0 0 0 0
670 0 0 0 0
671 0 0 0 0
672 0 0 0 0
673 0 0 0 0
674 0 0 0 0
675 0 0 0 0
676 0 0 0 0
677 0 0 0 0
678 0 0 0 0
679 0 0 0 0
680 0 0 0 0
681 0 0 0 0
682 0 0 0 0
683 0 0 0 0
684 0 0 0 0
685 0 0 0 0
686 0 0 0 0
687 0 0 0 0
688 0 0 0 0
689 0 0 0 0
690 0 0 0 0
691 0 0 0 0
692 0 0 0 0
693 0 0 0 0
694 0 0 0 0
695 0 0 0 0
696 0 0 0 0
697 0 0 0 0
698 0 0 0 0
699 0 0 0 0
700 0 0 0 0
701 0 0 0 0
702 0 0 0 0
703 0 0 0 0
704 0 0 0 0
705 0 0 0 0
706 0 0 0 0
707 0 0 0 0
708 0 0 0 0
709 0 0 0 0
710 0 0 0 0
711 0 0 0 0
712 0 0 0 0
713 0 0 0 0
714 0 0 0 0
715 0 0 0 0
716 0 0 0 0
717 0 0 0 0
718 0 0 0 0
719 0 0 0 0
720 0 0 0 0
721 0 0 0 0
722 0 0 0 0
723 0 0 0 0
724 0 0 0 0
725 0 0 0 0
726 0 0 0 0
727 0 0 0 0
