0 0 0 0 0
1 0 0 0 0
2 0 0 0 0
3 0 0 0 0
4 0 0 0 0
5 0 0 1 0
6 0 0 0 0
7 0 0 0 0
8 0 0 0 0
9 0 3 1 1
10 0 0 0 0
11 0 0 0 0
12 0 0 0 0
13 0 0 0 2
14 0 0 0 0
15 0 0 0 0
16 0 0 0 2
17 0 0 0 0
18 0 0 0 0
19 2 0 0 0
20 0 0 0 0
21 1 0 0 0
22 1 0 0 0
23 0 0 0 0
24 1 0 1 0
25 0 0 0 0
26 0 0 0 0
27 0 0 1 0
28 1 1 0 0
29 0 0 0 0
30 0 0 1 0
31 1 0 0 2
32 1 0 0 1
33 0 1 1 0
34 0 0 0 0
35 0 0 0 0
36 0 0 0 0
37 2 0 0 3
38 0 0 0 0
39 0 0 0 0
40 1 0 1 0
41 1 1 0 0
42 0 1 0 0
43 1 0 0 0
44 0 0 0 0
45 0 1 0 1
46 1 1 0 1
47 1 0 0 1
48 0 1 0 0
49 0 0 0 0
50 0 0 1 1
51 0 0 0 0
52 0 0 0 1
53 1 0 0 0
54 0 0 0 0
55 1 1 0 1
56 3 0 1 0
57 1 0 0 1
58 1 1 0 0
59 0 0 0 0
60 0 1 0 1
61 1 1 0 0
62 1 0 0 2
63 0 0 0 0
64 0 0 0 1
65 1 0 2 0
66 0 1 1 0
67 3 2 0 0
68 1 0 0 1
69 1 0 0 1
70 0 1 0 1
71 5 0 0 1
72 5 0 0 1
73 4 0 0 1
74 0 0 1 2
75 0 0 0 0
76 2 2 2 0
77 3 1 1 0
78 2 2 0 1
79 1 0 0 0
80 1 1 4 1
81 0 3 2 2
82 1 3 0 2
83 1 0 1 3
84 1 0 0 3
85 0 0 1 4
86 4 1 0 3
87 1 0 1 2
88 1 1 1 1
89 3 1 0 1
90 3 0 0 1
91 4 2 1 0
92 1 1 0 2
93 3 1 0 0
94 2 0 0 1
95 2 2 1 3
96 1 1 1 2
97 4 1 0 1
98 2 3 2 0
99 4 3 0 4
100 3 1 3 2
101 2 1 1 1
102 3 1 1 2
103 3 1 1 2
104 4 2 0 2
105 5 4 0 5
106 0 1 2 1
107 2 1 2 3
108 1 3 1 1
109 5 0 1 3
110 3 3 0 3
111 2 1 0 1
112 2 3 0 4
113 2 2 0 2
114 6 4 2 5
115 4 3 0 3
116 2 2 0 2
117 4 3 0 3
118 4 2 1 3
119 7 3 2 3
120 6 2 0 2
121 5 0 1 5
122 4 3 3 4
123 2 5 0 2
124 3 1 4 4
125 4 2 4 1
126 5 1 1 7
127 2 2 1 2
128 10 1 4 2
129 4 2 1 5
130 6 3 1 6
131 4 3 2 4
132 7 0 2 7
133 3 4 3 2
134 4 3 2 2
135 5 1 2 3
136 9 2 2 1
137 11 4 4 7
138 3 2 1 5
139 9 7 0 3
140 3 3 3 5
141 9 4 4 8
142 6 3 4 4
143 4 1 1 7
144 10 3 3 5
145 9 2 2 7
146 7 8 1 5
147 8 6 1 5
148 8 4 3 5
149 10 3 4 6
150 9 7 2 5
151 7 4 2 7
152 8 4 0 4
153 4 6 5 10
154 9 8 4 4
155 11 7 1 8
156 14 3 6 5
157 12 4 2 13
158 4 6 0 12
159 20 3 5 8
160 6 5 3 12
161 14 8 2 4
162 8 5 2 5
163 8 3 4 5
164 11 10 7 7
165 15 7 4 7
166 12 12 8 8
167 14 4 4 7
168 16 7 2 16
169 12 3 2 11
170 13 2 7 14
171 19 6 4 13
172 10 11 3 12
173 18 12 7 10
174 9 14 4 8
175 11 8 3 9
176 15 9 12 7
177 20 4 3 18
178 22 8 6 15
179 16 7 2 12
180 29 7 5 18
181 15 15 3 13
182 21 10 7 16
183 27 13 7 12
184 25 3 8 9
185 21 11 8 12
186 21 11 7 11
187 21 11 9 20
188 24 17 6 17
189 18 16 11 21
190 16 12 7 15
191 19 13 7 14
192 33 18 8 22
193 20 15 11 27
194 27 9 3 26
195 24 12 5 19
196 20 16 5 25
197 22 11 15 23
198 27 12 13 18
199 15 10 14 21
200 21 12 8 19
201 24 21 3 15
202 25 14 5 18
203 24 12 14 27
204 19 16 8 24
205 22 14 14 31
206 20 16 10 19
207 17 13 12 24
208 19 6 12 25
209 14 14 5 26
210 18 16 6 22
211 12 11 10 20
212 18 14 9 21
213 16 10 6 21
214 15 9 7 28
215 11 11 6 23
216 14 6 4 20
217 11 8 7 18
218 11 12 5 16
219 16 6 13 20
220 12 5 9 13
221 16 13 9 14
222 13 10 3 17
223 15 6 8 12
224 13 5 9 15
225 12 7 3 22
226 12 11 0 16
227 8 9 5 19
228 13 12 3 17
229 10 10 6 13
230 10 8 5 11
231 7 8 3 12
232 8 7 3 9
233 10 10 4 13
234 7 10 4 13
235 9 4 8 18
236 7 4 3 11
237 10 8 1 14
238 5 3 6 9
239 6 4 3 10
240 8 5 4 8
241 8 3 4 18
242 6 5 5 11
243 11 2 4 7
244 4 4 3 7
245 7 4 2 7
246 6 3 4 9
247 3 4 1 6
248 8 6 3 8
249 3 4 1 7
250 3 7 3 7
251 3 2 3 7
252 2 5 1 9
253 3 3 2 8
254 2 2 1 7
255 1 4 1 7
256 0 2 3 3
257 0 5 2 7
258 2 1 0 3
259 4 3 0 7
260 2 0 2 5
261 3 0 1 8
262 2 2 1 1
263 4 0 0 6
264 5 2 0 1
265 3 1 0 1
266 1 1 0 2
267 5 3 0 1
268 5 2 1 3
269 4 2 0 3
270 2 2 1 1
271 4 2 0 1
272 0 2 2 2
273 1 4 1 0
274 1 2 1 2
275 2 1 1 2
276 2 6 1 5
277 1 2 1 6
278 3 2 1 3
279 3 0 0 3
280 3 2 2 6
281 0 0 1 2
282 1 1 1 1
283 3 2 1 3
284 3 1 0 4
285 3 2 2 3
286 0 0 0 2
287 2 0 1 5
288 1 2 2 1
289 0 0 1 3
290 2 0 0 0
291 1 0 1 0
292 1 3 0 3
293 4 2 0 0
294 1 2 1 1
295 0 0 1 3
296 2 1 0 3
297 2 1 0 1
298 1 4 0 0
299 1 0 2 2
300 1 1 0 2
301 0 0 2 4
302 0 0 1 2
303 1 0 0 2
304 1 1 0 0
305 3 0 1 4
306 2 1 0 1
307 1 0 1 1
308 1 0 0 1
309 1 0 0 0
310 1 1 1 1
311 0 0 1 0
312 0 1 1 1
313 0 2 0 0
314 0 1 1 3
315 0 1 0 1
316 1 0 0 2
317 0 0 0 0
318 0 0 0 0
319 0 0 1 1
320 0 0 0 2
321 0 0 0 2
322 1 0 0 0
323 1 0 0 0
324 1 0 0 0
325 0 0 1 0
326 0 0 0 1
327 1 0 0 0
328 1 0 0 0
329 0 0 0 1
330 1 0 0 0
331 1 0 1 0
332 2 1 1 0
333 1 1 0 0
334 1 0 0 0
335 1 0 1 0
336 0 0 0 1
337 0 1 1 0
338 1 0 1 1
339 1 1 0 2
340 1 0 1 1
341 0 2 0 1
342 0 0 0 0
343 2 1 0 1
344 0 0 0 1
345 1 0 1 1
346 0 0 0 0
347 0 0 0 2
348 1 2 1 2
349 0 0 0 0
350 0 1 0 1
351 0 0 0 0
352 1 0 0 3
353 0 0 0 0
354 0 0 0 1
355 0 0 0 0
356 0 0 0 0
357 0 1 0 0
358 1 0 0 0
359 0 0 0 0
360 0 0 0 0
361 0 0 1 1
362 0 0 0 0
363 0 0 0 0
364 0 0 0 0
365 1 0 0 1
366 1 0 0 0
367 0 0 1 0
368 0 0 0 0
369 0 0 0 0
370 1 1 0 0
371 0 0 1 1
372 0 0 0 0
373 0 0 0 0
374 0 0 0 1
375 0 1 0 0
376 0 0 0 0
377 0 0 0 0
378 0 0 0 1
379 0 0 0 0
380 0 0 0 0
381 0 0 0 0
382 0 0 0 1
383 0 0 0 0
384 0 0 0 0
385 0 0 0 0
386 0 0 0 0
387 0 0 0 0
388 0 0 0 0
389 0 0 0 0
390 0 0 0 0
391 0 0 0 0
392 0 0 0 0
393 0 0 0 0
394 1 0 0 0
395 1 0 0 0
396 1 0 0 0
397 0 0 0 0
398 0 0 0 0
399 0 1 0 0
400 0 0 0 0
401 0 1 0 0
402 1 0 0 0
403 0 0 0 1
404 0 0 0 0
405 0 1 0 0
406 0 0 0 0
407 0 1 0 1
408 0 0 0 0
409 0 0 0 1
410 0 0 0 0
411 0 0 0 0
412 0 0 0 0
413 0 0 0 0
414 0 0 0 1
415 0 0 0 0
416 0 0 0 0
417 0 0 0 0
418 1 0 0 0
419 0 0 0 0
420 1 0 0 0
421 0 0 0 0
422 1 0 0 0
423 0 1 0 0
424 1 0 0 0
425 1 0 0 0
426 0 0 0 0
427 0 1 0 1
428 0 0 0 0
429 0 0 2 0
430 1 0 1 0
431 0 0 0 0
432 0 0 0 0
433 1 0 0 2
434 0 0 0 2
435 2 0 0 0
436 1 0 0 0
437 1 0 0 0
438 2 0 1 0
439 0 0 1 0
440 0 0 0 0
441 0 0 0 0
442 1 0 0 1
443 0 1 1 0
444 0 1 1 1
445 1 0 1 0
446 1 1 0 0
447 0 1 0 1
448 2 0 0 0
449 1 0 0 1
450 0 1 0 1
451 0 0 0 2
452 0 0 0 0
453 1 2 0 1
454 0 0 0 1
455 0 0 1 0
456 0 0 0 0
457 1 0 0 2
458 0 2 0 0
459 1 0 0 1
460 1 0 0 1
461 0 0 0 0
462 0 1 0 1
463 1 0 0 0
464 0 0 0 0
465 1 0 0 1
466 0 0 0 1
467 0 0 0 0
468 0 1 0 0
469 1 0 1 0
470 1 0 0 0
471 0 0 0 0
472 1 1 0 0
473 1 0 0 1
474 1 1 0 0
475 1 0 0 1
476 0 0 0 1
477 0 0 0 0
478 1 2 0 0
479 0 1 0 0
480 1 0 0 0
481 0 1 0 1
482 1 0 0 2
483 0 0 1 1
484 0 1 0 0
485 0 0 1 1
486 0 0 0 0
487 0 1 0 0
488 0 0 0 1
489 1 0 0 0
490 0 0 0 1
491 0 0 1 0
492 1 0 0 1
493 0 0 0 0
494 1 0 0 1
495 0 0 0 1
496 1 0 0 0
497 1 0 0 0
498 1 0 1 0
499 0 1 0 0
500 0 0 0 0
501 0 0 1 0
502 1 1 0 1
503 1 0 0 1
504 0 0 0 0
505 0 1 0 1
506 0 0 0 0
507 1 1 1 0
508 1 1 0 0
509 1 0 0 2
510 0 0 0 0
511 0 0 0 1
512 0 0 1 1
513 1 0 0 0
514 1 0 1 1
515 0 0 0 0
516 1 0 0 1
517 1 1 0 0
518 0 1 0 1
519 0 0 0 0
520 2 0 0 0
521 1 1 0 0
522 1 1 0 1
523 2 1 0 0
524 3 0 0 1
525 0 1 1 1
526 0 0 0 1
527 0 0 0 1
528 2 1 0 0
529 2 0 0 1
530 0 0 1 0
531 1 1 0 0
532 2 1 1 1
533 1 3 0 0
534 0 1 0 1
535 0 0 0 2
536 0 0 1 2
537 2 1 1 1
538 0 2 0 1
539 1 0 0 0
540 1 0 0 3
541 2 0 1 0
542 1 1 0 0
543 0 0 0 1
544 0 0 0 1
545 0 1 1 3
546 1 1 0 0
547 1 1 0 0
548 1 1 0 0
549 2 0 0 2
550 4 1 0 0
551 4 0 0 1
552 1 0 0 2
553 3 0 0 1
554 3 1 1 0
555 1 3 1 0
556 2 2 0 0
557 1 0 2 1
558 4 0 2 2
559 3 0 1 1
560 3 4 0 2
561 2 1 0 2
562 0 0 1 5
563 1 3 4 1
564 1 1 0 3
565 0 0 2 1
566 2 0 2 1
567 0 0 1 3
568 0 0 2 0
569 1 1 1 2
570 3 0 1 5
571 2 0 0 2
572 1 0 1 2
573 5 0 0 1
574 3 0 0 0
575 1 2 1 1
576 3 1 0 2
577 0 0 0 1
578 1 3 2 0
579 1 1 1 1
580 1 1 1 1
581 0 2 1 0
582 2 0 1 7
583 2 2 1 1
584 0 0 0 1
585 1 0 2 2
586 1 0 0 2
587 3 1 0 2
588 2 1 2 1
589 0 0 0 2
590 1 0 1 2
591 1 2 0 1
592 2 2 0 1
593 2 0 1 0
594 0 0 0 1
595 0 0 1 2
596 1 0 1 1
597 0 2 1 2
598 0 0 0 2
599 1 1 0 1
600 0 0 1 1
601 0 0 0 1
602 0 3 0 1
603 0 0 0 1
604 1 0 1 2
605 0 0 0 0
606 0 0 0 2
607 0 0 0 1
608 0 0 0 0
609 0 0 1 1
610 0 0 0 0
611 0 0 0 1
612 0 0 0 0
613 0 0 0 0
614 0 0 0 0
615 0 0 0 0
616 0 0 0 1
617 0 0 0 0
618 0 0 0 0
619 0 0 0 0
620 0 0 0 0
621 0 0 0 0
622 0 0 0 0
623 0 0 0 0
624 0 0 0 0
625 0 0 0 0
626 0 0 0 0
627 0 0 0 0
628 0 0 0 0
629 0 0 0 0
630 0 0 0 0
631 0 0 0 0
632 0 0 0 0
633 0 0 0 0
634 0 0 0 0
635 0 0 0 0
636 0 0 0 0
637 0 0 0 0
638 0 0 0 0
639 0 0 0 0
640 0 0 0 0
641 0 0 0 0
642 0 0 0 0
643 0 0 0 0
644 0 0 0 0
645 0 0 0 0
646 0 0 0 0
647 0 0 0 0
648 0 0 0 0
649 0 0 0 0
650 0 0 0 0
651 0 0 0 0
652 0 0 0 0
653 0 0 0 0
654 0 0 0 0
655 0 0 0 0
656 0 0 0 0
657 0 0 0 0
658 0 0 0 0
659 0 0 0 0
660 0 0 0 0
661 0 0 0 0
662 0 0 0 0
663 0 0 0 0
664 0 0 0 0
665 0 0 0 0
666 0 0 0 0
667 0 0 0 0
668 0 0 0 0
669 0 0 0 0
670 0 0 0 0
671 0 0 0 0
672 0 0 0 0
673 0 0 0 0
674 0 0 0 0
675 0 0 0 0
676 0 0 0 0
677 0 0 0 0
678 0 0 0 0
679 0 0 0 0
680 0 0 0 0
681 0 0 0 0
682 0 0 0 0
683 0 0 0 0
684 0 0 0 0
685 0 0 0 0
686 0 0 0 0
687 0 0 0 0
688 0 0 0 0
689 0 0 0 0
690 0 0 0 0
691 0 0 0 0
692 0 0 0 0
693 0 0 0 0
694 0 0 0 0
695 0 0 0 0
696 0 0 0 0
697 0 0 0 0
698 0 0 0 0
699 0 0 0 0
700 0 0 0 0
701 0 0 0 0
702 0 0 0 0
703 0 0 0 0
704 0 0 0 0
705 0 0 0 0
706 0 0 0 0
707 0 0 0 0
708 0 0 0 0
709 0 0 0 0
710 0 0 0 0
711 0 0 0 0
712 0 0 0 0
713 0 0 0 0
714 0 0 0 0
715 0 0 0 0
716 0 0 0 0
717 0 0 0 0
718 0 0 0 0
719 0 0 0 0
720 0 0 0 0
721 0 0 0 0
722 0 0 0 0
723 0 0 0 0
724 0 0 0 0
725 0 0 0 0
726 0 0 0 0
727 0 0 0 0
