0 0 0 0 0
1 0 0 0 0
2 0 0 0 0
3 0 0 0 0
4 0 0 0 0
5 0 2 1 0
6 0 0 0 0
7 0 0 0 0
8 0 0 0 0
9 0 0 2 2
10 0 0 0 0
11 0 0 0 0
12 0 0 0 1
13 0 0 0 2
14 0 0 0 0
15 0 0 0 0
16 0 0 0 0
17 2 0 0 0
18 0 0 0 0
19 1 0 0 0
20 0 0 0 0
21 0 0 0 0
22 0 1 0 0
23 0 0 0 0
24 0 1 0 0
25 0 0 0 0
26 0 1 0 1
27 1 0 0 0
28 0 0 0 1
29 0 0 0 0
30 1 0 0 1
31 0 0 0 0
32 1 0 0 0
33 0 0 0 0
34 1 0 0 0
35 0 0 0 0
36 2 1 0 0
37 1 0 1 0
38 1 0 0 0
39 2 1 0 0
40 2 0 0 1
41 1 0 0 0
42 2 0 0 0
43 1 1 1 0
44 1 1 0 1
45 0 1 2 0
46 0 1 0 1
47 1 1 0 1
48 1 2 0 0
49 0 0 1 1
50 0 2 0 1
51 0 0 1 2
52 0 0 1 3
53 1 0 0 2
54 1 0 0 1
55 1 0 0 2
56 1 0 0 1
57 0 1 0 1
58 0 1 0 0
59 0 0 1 0
60 2 0 0 0
61 2 0 0 1
62 2 0 0 0
63 1 0 0 0
64 3 1 0 0
65 2 0 1 1
66 0 0 0 1
67 1 1 0 0
68 2 1 0 0
69 3 2 1 1
70 2 1 2 0
71 0 0 1 2
72 6 0 0 1
73 0 0 3 2
74 2 0 2 1
75 1 1 0 2
76 0 0 1 0
77 1 1 4 4
78 0 2 0 1
79 0 0 1 1
80 2 0 0 1
81 2 2 0 5
82 2 0 0 2
83 4 2 0 1
84 1 0 1 1
85 1 1 0 1
86 2 2 1 1
87 2 2 0 0
88 4 2 0 1
89 4 1 0 0
90 5 1 0 2
91 1 0 1 2
92 4 2 0 2
93 3 1 2 3
94 1 2 0 2
95 2 4 1 2
96 4 2 0 2
97 4 3 1 1
98 4 1 4 2
99 1 1 0 7
100 4 1 0 1
101 4 3 2 3
102 2 2 0 2
103 2 2 2 3
104 3 0 2 2
105 1 4 0 5
106 4 6 1 0
107 1 3 0 4
108 7 2 0 4
109 3 2 1 3
110 4 0 0 4
111 2 0 1 3
112 3 1 0 4
113 3 1 0 4
114 4 1 1 2
115 4 3 2 2
116 3 0 2 1
117 1 5 2 0
118 10 2 1 1
119 6 2 2 3
120 5 4 1 3
121 4 0 3 4
122 3 2 1 4
123 7 4 3 3
124 4 3 1 9
125 1 2 0 4
126 2 2 1 4
127 2 1 5 6
128 9 4 0 2
129 1 3 4 1
130 4 0 2 4
131 8 3 1 3
132 1 4 1 4
133 5 6 3 4
134 9 0 2 7
135 4 2 1 4
136 5 3 2 4
137 6 2 0 5
138 4 0 5 4
139 6 5 0 5
140 7 4 1 4
141 7 5 1 0
142 2 1 2 2
143 6 4 5 9
144 4 6 0 6
145 11 4 0 9
146 7 5 3 2
147 12 2 0 7
148 10 1 4 7
149 4 2 2 4
150 7 3 6 6
151 6 3 2 5
152 8 6 7 5
153 7 5 1 4
154 11 5 3 5
155 8 9 1 4
156 4 3 3 15
157 9 6 3 6
158 9 2 2 5
159 7 4 3 10
160 15 4 5 5
161 11 3 1 11
162 6 7 3 6
163 6 7 5 5
164 12 2 3 10
165 8 6 3 2
166 13 1 7 12
167 12 4 3 7
168 8 4 1 7
169 11 9 7 8
170 13 3 5 11
171 12 7 5 9
172 13 3 3 5
173 10 4 6 14
174 7 5 4 6
175 16 7 3 13
176 6 7 6 8
177 16 9 5 12
178 18 7 6 9
179 16 5 5 10
180 18 5 7 8
181 15 2 4 10
182 17 12 7 11
183 12 6 6 10
184 15 9 13 12
185 12 7 7 8
186 13 4 8 12
187 15 10 9 12
188 15 9 3 19
189 14 8 4 17
190 13 8 3 14
191 14 6 8 21
192 17 9 6 15
193 18 5 11 9
194 13 13 1 14
195 18 11 5 11
196 23 6 9 16
197 23 10 8 10
198 22 7 12 20
199 26 6 2 13
200 17 14 1 18
201 19 9 10 9
202 7 13 7 20
203 10 8 9 11
204 10 11 12 21
205 18 10 10 17
206 14 10 11 12
207 14 14 3 13
208 16 9 7 23
209 19 9 7 22
210 8 13 8 20
211 9 6 3 19
212 13 11 4 16
213 9 10 5 17
214 6 10 6 29
215 7 4 6 9
216 9 5 4 15
217 6 7 5 12
218 9 8 5 18
219 7 2 4 8
220 9 6 5 16
221 8 7 4 13
222 6 1 2 13
223 7 3 5 8
224 8 4 2 13
225 5 4 3 13
226 4 7 2 5
227 6 4 3 6
228 4 3 2 10
229 5 3 6 3
230 5 2 4 10
231 5 2 5 5
232 7 6 1 4
233 5 1 5 9
234 3 2 1 7
235 9 2 3 8
236 2 2 4 6
237 4 4 3 4
238 5 4 3 6
239 4 3 0 8
240 6 6 2 8
241 2 5 0 3
242 4 2 2 4
243 7 3 3 3
244 1 4 0 5
245 1 2 2 6
246 1 3 0 6
247 4 3 0 10
248 4 3 3 4
249 4 0 2 5
250 2 2 0 4
251 3 2 3 3
252 2 2 2 3
253 5 2 1 0
254 3 2 1 4
255 4 0 2 9
256 2 4 1 4
257 1 0 2 2
258 4 2 0 3
259 2 1 0 4
260 1 0 0 4
261 1 3 0 1
262 0 2 3 1
263 1 2 2 2
264 1 3 1 2
265 2 2 0 2
266 2 0 0 3
267 1 1 1 3
268 2 2 0 5
269 2 0 1 3
270 1 1 1 0
271 0 0 1 4
272 1 1 0 4
273 0 1 1 0
274 1 1 1 1
275 1 0 2 1
276 0 1 0 2
277 1 1 0 2
278 0 1 0 1
279 2 1 0 2
280 0 1 0 2
281 2 0 0 2
282 2 0 0 0
283 2 0 0 1
284 1 0 1 1
285 0 0 0 0
286 1 1 0 1
287 0 1 0 0
288 0 1 0 0
289 0 1 0 0
290 0 2 0 0
291 0 1 0 1
292 0 1 1 0
293 0 0 0 2
294 1 0 0 3
295 0 1 0 2
296 0 0 0 0
297 0 0 0 0
298 1 0 0 0
299 0 0 0 2
300 0 0 0 0
301 1 0 0 0
302 0 0 0 1
303 0 2 0 0
304 0 0 0 0
305 1 0 0 0
306 1 1 0 0
307 0 0 0 1
308 1 0 0 0
309 0 0 0 0
310 0 0 1 2
311 0 0 0 0
312 0 0 0 0
313 0 1 0 0
314 0 0 0 0
315 0 0 1 0
316 0 0 0 0
317 0 0 0 1
318 1 0 0 0
319 0 0 0 1
320 0 0 0 1
321 0 0 0 0
322 0 0 0 0
323 0 1 0 0
324 0 0 0 0
325 0 0 0 0
326 0 0 0 0
327 0 0 0 0
328 0 0 0 0
329 0 0 0 0
330 0 0 0 1
331 0 0 0 0
332 0 0 0 0
333 0 0 0 0
334 0 0 0 0
335 0 0 0 0
336 0 0 0 0
337 0 0 0 0
338 0 0 0 0
339 0 0 0 0
340 0 0 0 0
341 0 0 0 0
342 0 0 0 0
343 0 0 0 0
344 0 0 0 0
345 0 0 0 0
346 0 0 0 0
347 0 0 0 0
348 0 0 0 0
349 0 0 0 0
350 0 0 0 0
351 0 0 0 0
352 0 0 0 0
353 0 0 0 0
354 0 0 0 0
355 0 0 0 0
356 0 0 0 0
357 0 0 0 0
358 0 0 0 0
359 0 0 0 0
360 0 0 0 0
361 0 0 0 0
362 0 0 0 0
363 0 0 0 0
364 0 0 0 0
365 0 0 0 0
366 0 0 0 0
367 0 0 0 0
368 0 0 0 0
369 0 0 0 0
370 0 0 0 0
371 0 0 0 0
372 0 0 0 0
373 0 0 0 0
374 0 0 0 0
375 0 0 0 0
376 0 0 0 0
377 0 0 0 0
378 0 0 0 0
379 0 0 0 0
380 0 0 0 0
381 0 0 0 0
382 0 0 0 0
383 0 0 0 0
384 0 0 0 0
385 0 0 0 0
386 0 0 0 0
387 0 0 0 0
388 0 0 0 0
389 0 0 0 0
390 0 0 0 0
391 0 0 0 0
392 0 0 0 0
393 0 0 0 0
394 0 0 0 0
395 0 0 0 0
396 0 0 0 0
397 0 0 0 0
398 0 0 0 0
399 0 0 0 0
400 0 0 0 0
401 0 0 0 0
402 0 0 0 0
403 0 0 0 0
404 0 0 0 0
405 0 0 0 0
406 0 0 0 0
407 0 0 0 0
408 0 0 0 0
409 0 0 0 0
410 0 0 0 0
411 0 0 0 0
412 0 0 0 0
413 0 0 0 0
414 0 0 0 0
415 0 0 0 0
416 0 0 0 0
417 0 0 0 0
418 0 0 0 0
419 0 0 0 0
420 0 0 0 0
421 0 0 0 0
422 0 0 0 0
423 0 0 0 0
424 0 0 0 0
425 0 0 0 0
426 0 0 0 0
427 0 0 0 0
428 0 0 0 0
429 0 0 0 0
430 0 0 0 0
431 0 0 0 0
432 0 0 0 0
433 0 0 0 0
434 0 0 0 0
435 0 0 0 0
436 0 0 0 0
437 0 0 0 0
438 0 0 0 0
439 0 0 0 0
440 0 0 0 0
441 0 0 0 0
442 0 0 0 0
443 0 0 0 0
444 0 0 0 0
445 0 0 0 0
446 0 0 0 0
447 0 0 0 0
448 0 0 0 0
449 0 0 0 0
450 0 0 0 0
451 0 0 0 0
452 0 0 0 0
453 0 0 0 0
454 0 0 0 0
455 0 0 0 0
456 0 0 0 0
457 0 0 0 0
458 0 0 0 0
459 0 0 0 0
460 0 0 0 0
461 0 0 0 0
462 0 0 0 0
463 0 0 0 0
464 0 0 0 0
465 0 0 0 0
466 0 0 0 0
467 0 0 0 0
468 0 0 0 0
469 0 0 0 0
470 0 0 0 0
471 0 0 0 0
472 0 0 0 0
473 0 0 0 0
474 0 0 0 0
475 0 0 0 0
476 0 0 0 0
477 0 0 0 0
478 0 0 0 0
479 0 0 0 0
480 0 0 0 0
481 0 0 0 0
482 0 0 0 0
483 0 0 0 0
484 0 0 0 0
485 0 0 0 0
486 0 0 0 0
487 0 0 0 0
488 0 0 0 0
489 0 0 0 0
490 0 0 0 0
491 0 0 0 0
492 0 0 0 0
493 0 0 0 0
494 0 0 0 0
495 0 0 0 0
496 0 0 0 0
497 0 0 0 0
498 0 0 0 0
499 0 0 0 0
500 0 0 0 0
501 0 0 0 0
502 0 0 0 0
503 0 0 0 0
504 0 0 0 0
505 0 0 0 0
506 0 0 0 0
507 0 0 0 0
508 0 0 0 0
509 0 0 0 0
510 0 0 0 0
511 0 0 0 0
512 0 0 0 0
513 0 0 0 0
514 0 0 0 0
515 0 0 0 0
516 0 0 0 0
517 0 0 0 0
518 0 0 0 0
519 0 0 0 0
520 0 0 0 0
521 0 0 0 0
522 0 0 0 0
523 0 0 0 0
524 0 0 0 0
525 0 0 0 0
526 0 0 0 0
527 0 0 0 0
528 0 0 0 0
529 0 0 0 0
530 0 0 0 0
531 0 0 0 0
532 0 0 0 0
533 0 0 0 0
534 0 0 0 0
535 0 0 0 0
536 0 0 0 0
537 0 0 0 0
538 0 0 0 0
539 0 0 0 0
540 0 0 0 0
541 0 0 0 0
542 0 0 0 0
543 0 0 0 0
544 0 0 0 0
545 0 0 0 0
546 0 0 0 0
547 0 0 0 0
548 0 0 0 0
549 0 0 0 0
550 0 0 0 0
551 0 0 0 0
552 0 0 0 0
553 0 0 0 0
554 0 0 0 0
555 0 0 0 0
556 0 0 0 0
557 0 0 0 0
558 0 0 0 0
559 0 0 0 0
560 0 0 0 0
561 0 0 0 0
562 0 0 0 0
563 0 0 0 0
564 0 0 0 0
565 0 0 0 0
566 0 0 0 0
567 0 0 0 0
568 0 0 0 0
569 0 0 0 0
570 0 0 0 0
571 0 0 0 0
572 0 0 0 0
573 0 0 0 0
574 0 0 0 0
575 0 0 0 0
576 0 0 0 0
577 0 0 0 0
578 0 0 0 0
579 0 0 0 0
580 0 0 0 0
581 0 0 0 0
582 0 0 0 0
583 0 0 0 0
584 0 0 0 0
585 0 0 0 0
586 0 0 0 0
587 0 0 0 0
588 0 0 0 0
589 0 0 0 0
590 0 0 0 0
591 0 0 0 0
592 0 0 0 0
593 0 0 0 0
594 0 0 0 0
595 0 0 0 0
596 0 0 0 0
597 0 0 0 0
598 0 0 0 0
599 0 0 0 0
600 0 0 0 0
601 0 0 0 0
602 0 0 0 0
603 0 0 0 0
604 0 0 0 0
605 0 0 0 0
606 0 0 0 0
607 0 0 0 0
608 0 0 0 0
609 0 0 0 0
610 0 0 0 0
611 0 0 0 0
612 0 0 0 0
613 0 0 0 0
614 0 0 0 0
615 0 0 0 0
616 0 0 0 0
617 0 0 0 0
618 0 0 0 0
619 0 0 0 0
620 0 0 0 0
621 0 0 0 0
622 0 0 0 0
623 0 0 0 0
624 0 0 0 0
625 0 0 0 0
626 0 0 0 0
627 0 0 0 0
628 0 0 0 0
629 0 0 0 0
630 0 0 0 0
631 0 0 0 0
632 0 0 0 0
633 0 0 0 0
634 0 0 0 0
635 0 0 0 0
636 0 0 0 0
637 0 0 0 0
638 0 0 0 0
639 0 0 0 0
640 0 0 0 0
641 0 0 0 0
642 0 0 0 0
643 0 0 0 0
644 0 0 0 0
645 0 0 0 0
646 0 0 0 0
647 0 0 0 0
648 0 0 0 0
649 0 0 0 0
650 0 0 0 0
651 0 0 0 0
652 0 0 0 0
653 0 0 0 0
654 0 0 0 0
655 0 0 0 0
656 0 0 0 0
657 0 0 0 0
658 0 0 0 0
659 0 0 0 0
660 0 0 0 0
661 0 0 0 0
662 0 0 0 0
663 0 0 0 0
664 0 0 0 0
665 0 0 0 0
666 0 0 0 0
667 0 0 0 0
668 0 0 0 0
669 0 0 0 0
670 0 0 0 0
671 0 0 0 0
672 0 0 0 0
673 0 0 0 0
674 0 0 0 0
675 0 0 0 0
676 0 0 0 0
677 0 0 0 0
678 0 0 0 0
679 0 0 0 0
680 0 0 0 0
681 0 0 0 0
682 0 0 0 0
683 0 0 0 0
684 0 0 0 0
685 0 0 0 0
686 0 0 0 0
687 0 0 0 0
688 0 0 0 0
689 0 0 0 0
690 0 0 0 0
691 0 0 0 0
692 0 0 0 0
693 0 0 0 0
694 0 0 0 0
695 0 0 0 0
696 0 0 0 0
697 0 0 0 0
698 0 0 0 0
699 0 0 0 0
700 0 0 0 0
701 0 0 0 0
702 0 0 0 0
703 0 0 0 0
704 0 0 0 0
705 0 0 0 0
706 0 0 0 0
707 0 0 0 0
708 0 0 0 0
709 0 0 0 0
710 0 0 0 0
711 0 0 0 0
712 0 0 0 0
713 0 0 0 0
714 0 0 0 0
715 0 0 0 0
716 0 0 0 0
717 0 0 0 0
718 0 0 0 0
719 0 0 0 0
720 0 0 0 0
721 0 0 0 0
722 0 0 0 0
723 0 0 0 0
724 0 0 0 0
725 0 0 0 0
726 0 0 0 0
727 0 0 0 0
