0 0 0 0 0
1 0 0 0 0
2 0 0 0 0
3 0 0 0 0
4 0 0 0 0
5 0 2 0 0
6 0 0 0 0
7 0 0 0 0
8 0 0 0 0
9 0 2 1 0
10 0 0 0 0
11 0 0 0 0
12 0 0 0 2
13 0 0 0 3
14 0 0 0 0
15 0 0 0 0
16 1 0 0 0
17 0 0 0 0
18 0 0 0 0
19 0 0 0 0
20 2 0 0 0
21 1 0 1 0
22 1 0 0 0
23 0 0 0 0
24 1 0 0 0
25 0 0 1 0
26 0 0 0 0
27 0 1 0 0
28 1 0 0 1
29 2 1 0 1
30 1 1 0 0
31 1 0 0 1
32 1 1 0 0
33 1 1 0 0
34 0 1 0 0
35 1 1 0 0
36 1 0 0 2
37 0 0 0 2
38 1 2 0 0
39 2 0 0 0
40 1 1 0 1
41 1 1 1 1
42 0 0 0 2
43 1 1 0 0
44 1 1 1 0
45 1 0 1 1
46 1 0 1 0
47 1 0 0 1
48 1 0 1 1
49 1 1 0 1
50 2 0 1 2
51 2 0 0 2
52 2 0 1 0
53 3 1 0 0
54 4 0 0 0
55 3 1 0 1
56 1 0 3 2
57 0 0 1 2
58 2 2 1 0
59 2 4 0 0
60 3 2 1 1
61 3 1 1 0
62 4 1 0 3
63 3 1 0 3
64 1 1 2 1
65 1 0 1 3
66 3 1 2 5
67 1 1 1 2
68 2 3 1 2
69 0 0 1 0
70 4 1 0 3
71 8 2 1 2
72 3 1 2 3
73 4 0 2 2
74 7 0 0 2
75 4 2 1 4
76 0 5 1 1
77 3 1 1 2
78 3 3 0 1
79 3 4 3 4
80 2 7 0 3
81 3 0 2 0
82 5 0 3 3
83 5 1 1 8
84 3 0 2 4
85 7 2 0 2
86 4 1 1 4
87 7 1 3 6
88 7 3 1 2
89 5 0 0 3
90 2 4 1 2
91 3 2 3 2
92 3 4 3 2
93 3 2 5 1
94 7 4 3 5
95 4 1 1 6
96 7 2 4 3
97 6 6 0 7
98 4 4 0 6
99 8 4 3 5
100 7 3 1 6
101 15 1 2 7
102 11 4 4 3
103 8 3 0 6
104 11 2 2 5
105 12 3 6 3
106 11 5 1 7
107 8 6 4 3
108 9 4 4 3
109 9 5 4 8
110 11 7 4 5
111 8 5 2 7
112 7 7 0 12
113 14 4 6 9
114 10 9 5 7
115 11 7 10 5
116 8 3 4 8
117 10 5 4 12
118 12 8 2 13
119 13 6 1 9
120 6 7 9 10
121 12 2 4 9
122 11 4 8 16
123 11 10 2 5
124 10 1 3 14
125 16 1 6 10
126 11 5 5 10
127 11 7 5 12
128 15 11 6 2
129 12 6 3 11
130 17 7 5 10
131 16 4 6 8
132 14 4 7 11
133 17 7 7 12
134 26 9 5 12
135 18 9 6 15
136 17 9 6 8
137 16 10 5 18
138 20 13 8 13
139 12 14 6 16
140 11 9 5 11
141 10 7 5 13
142 16 4 8 15
143 19 12 9 21
144 16 9 7 16
145 18 8 6 15
146 25 8 7 17
147 25 12 7 13
148 13 9 5 16
149 14 10 3 9
150 19 11 5 21
151 27 16 8 20
152 25 17 9 15
153 27 9 5 12
154 22 10 5 20
155 17 15 7 19
156 22 13 8 15
157 19 12 7 17
158 26 11 9 16
159 15 10 5 27
160 20 16 9 14
161 17 17 8 18
162 21 13 8 22
163 25 18 7 16
164 24 13 2 23
165 24 13 7 25
166 32 10 8 22
167 25 14 13 19
168 25 12 11 19
169 25 16 11 19
170 27 9 12 23
171 29 14 6 23
172 39 17 8 22
173 26 17 7 31
174 25 17 10 20
175 25 27 13 18
176 29 16 13 24
177 35 20 15 22
178 31 17 10 21
179 24 10 6 33
180 18 15 9 26
181 29 16 18 33
182 30 19 12 32
183 24 15 13 25
184 24 19 6 32
185 33 8 7 32
186 32 16 9 22
187 35 19 16 26
188 34 15 12 25
189 35 14 6 23
190 42 24 15 27
191 45 25 7 36
192 36 22 14 19
193 43 21 11 22
194 41 20 10 34
195 27 18 13 32
196 36 18 13 28
197 36 22 16 37
198 29 22 16 35
199 27 24 21 30
200 23 26 13 35
201 24 22 13 33
202 29 24 16 36
203 25 20 16 37
204 38 12 12 41
205 16 15 9 36
206 22 21 10 36
207 19 14 9 31
208 18 16 9 27
209 22 21 16 34
210 18 7 11 40
211 19 18 14 20
212 20 16 6 30
213 14 14 12 35
214 15 24 3 22
215 16 11 9 26
216 23 15 7 27
217 20 10 8 23
218 14 4 8 24
219 19 10 5 25
220 14 5 9 25
221 14 10 16 25
222 14 10 10 13
223 16 7 5 20
224 13 10 6 16
225 21 7 6 17
226 14 9 8 15
227 15 9 5 17
228 8 13 4 21
229 8 10 8 16
230 10 8 5 12
231 5 9 7 13
232 9 11 2 18
233 8 6 3 15
234 11 13 6 13
235 11 7 5 16
236 5 9 1 19
237 6 7 2 10
238 7 2 3 19
239 7 5 3 13
240 12 7 5 8
241 7 5 2 14
242 11 3 4 10
243 1 6 4 10
244 6 5 3 8
245 6 3 4 3
246 4 6 1 4
247 4 10 2 11
248 8 3 0 9
249 4 5 3 9
250 0 6 5 10
251 3 3 2 11
252 5 0 1 6
253 4 6 3 9
254 5 4 1 10
255 3 1 1 3
256 0 3 3 5
257 2 3 1 10
258 2 2 2 6
259 4 0 3 1
260 1 1 1 9
261 1 0 1 5
262 2 2 1 4
263 3 1 2 3
264 3 0 2 1
265 1 0 0 3
266 2 0 1 2
267 3 0 2 2
268 0 2 3 1
269 3 2 1 1
270 1 0 0 3
271 1 2 0 1
272 2 3 1 3
273 1 0 1 2
274 1 2 0 2
275 1 1 1 4
276 0 1 0 5
277 1 0 1 0
278 1 0 1 2
279 1 1 1 1
280 0 0 0 2
281 0 0 1 2
282 0 0 1 1
283 0 0 0 2
284 0 0 1 0
285 0 0 0 1
286 0 1 0 0
287 0 0 1 0
288 1 1 0 1
289 2 0 0 1
290 0 0 0 1
291 0 0 0 1
292 0 0 0 0
293 0 0 0 0
294 1 0 0 1
295 0 0 0 1
296 0 0 0 0
297 1 1 0 0
298 1 2 0 0
299 0 1 0 0
300 0 0 0 0
301 1 0 0 1
302 0 0 0 2
303 0 0 0 1
304 0 0 0 0
305 0 0 0 0
306 0 0 1 0
307 0 1 0 0
308 0 0 0 0
309 0 0 0 0
310 0 0 1 1
311 0 0 0 0
312 0 0 0 0
313 1 0 0 0
314 2 0 0 1
315 0 0 0 0
316 0 0 0 0
317 0 0 0 1
318 2 0 0 0
319 0 1 1 0
320 0 0 0 0
321 0 0 0 0
322 0 0 1 0
323 0 0 2 1
324 0 0 0 0
325 0 0 0 0
326 0 0 0 2
327 0 0 0 2
328 0 0 0 0
329 0 0 0 0
330 0 0 0 0
331 0 0 0 0
332 0 0 0 0
333 0 0 0 0
334 0 0 0 0
335 0 0 0 0
336 1 0 0 0
337 1 0 0 0
338 0 0 0 0
339 1 0 0 0
340 0 0 0 0
341 0 0 0 0
342 0 0 0 0
343 0 0 0 0
344 0 0 1 0
345 0 0 0 0
346 0 1 0 0
347 0 0 0 0
348 0 1 0 0
349 0 0 0 0
350 0 0 0 0
351 0 0 0 1
352 0 0 0 1
353 0 0 0 1
354 0 0 0 0
355 0 0 0 0
356 0 0 0 0
357 0 0 0 0
358 0 0 0 0
359 0 0 0 0
360 0 0 0 0
361 0 0 0 0
362 0 0 0 0
363 0 0 0 0
364 0 0 0 0
365 0 0 0 0
366 0 0 0 0
367 0 0 0 0
368 0 0 0 0
369 0 0 0 0
370 0 0 0 0
371 0 0 0 0
372 0 0 0 0
373 0 0 0 0
374 0 0 0 0
375 0 0 0 0
376 0 0 0 0
377 0 0 0 0
378 0 0 0 0
379 0 0 0 0
380 0 0 0 0
381 0 0 0 0
382 0 0 0 0
383 0 0 0 0
384 0 0 0 0
385 0 0 0 0
386 0 0 0 0
387 0 0 0 0
388 0 0 0 0
389 0 0 0 0
390 0 0 0 0
391 0 0 0 0
392 0 0 0 0
393 0 0 0 0
394 0 0 0 0
395 0 0 0 0
396 0 0 0 0
397 0 0 0 0
398 0 0 0 0
399 0 0 0 0
400 0 0 0 0
401 0 0 0 0
402 0 0 0 0
403 0 0 0 0
404 0 0 0 0
405 0 0 0 0
406 0 0 0 0
407 0 0 0 0
408 0 0 0 0
409 0 0 0 0
410 0 0 0 0
411 0 0 0 0
412 0 0 0 0
413 0 0 0 0
414 0 0 0 0
415 0 0 0 0
416 0 0 0 0
417 0 0 0 0
418 0 0 0 0
419 0 0 0 0
420 0 0 0 0
421 0 0 0 0
422 0 0 0 0
423 0 0 0 0
424 0 0 0 0
425 0 0 0 0
426 0 0 0 0
427 0 0 0 0
428 0 0 0 0
429 0 0 0 0
430 0 0 0 0
431 0 0 0 0
432 0 0 0 0
433 0 0 0 0
434 0 0 0 0
435 0 0 0 0
436 0 0 0 0
437 0 0 0 0
438 0 0 0 0
439 0 0 0 0
440 0 0 0 0
441 0 0 0 0
442 0 0 0 0
443 0 0 0 0
444 0 0 0 0
445 0 0 0 0
446 0 0 0 0
447 0 0 0 0
448 0 0 0 0
449 0 0 0 0
450 0 0 0 0
451 0 0 0 0
452 0 0 0 0
453 0 0 0 0
454 0 0 0 0
455 0 0 0 0
456 0 0 0 0
457 0 0 0 0
458 0 0 0 0
459 0 0 0 0
460 0 0 0 0
461 0 0 0 0
462 0 0 0 0
463 0 0 0 0
464 0 0 0 0
465 0 0 0 0
466 0 0 0 0
467 0 0 0 0
468 0 0 0 0
469 0 0 0 0
470 0 0 0 0
471 0 0 0 0
472 0 0 0 0
473 0 0 0 0
474 0 0 0 0
475 0 0 0 0
476 0 0 0 0
477 0 0 0 0
478 0 0 0 0
479 0 0 0 0
480 0 0 0 0
481 0 0 0 0
482 0 0 0 0
483 0 0 0 0
484 0 0 0 0
485 0 0 0 0
486 0 0 0 0
487 0 0 0 0
488 0 0 0 0
489 0 0 0 0
490 0 0 0 0
491 0 0 0 0
492 0 0 0 0
493 0 0 0 0
494 0 0 0 0
495 0 0 0 0
496 0 0 0 0
497 0 0 0 0
498 0 0 0 0
499 0 0 0 0
500 0 0 0 0
501 0 0 0 0
502 0 0 0 0
503 0 0 0 0
504 0 0 0 0
505 0 0 0 0
506 0 0 0 0
507 0 0 0 0
508 0 0 0 0
509 0 0 0 0
510 0 0 0 0
511 0 0 0 0
512 0 0 0 0
513 0 0 0 0
514 0 0 0 0
515 0 0 0 0
516 0 0 0 0
517 0 0 0 0
518 0 0 0 0
519 0 0 0 0
520 0 0 0 0
521 0 0 0 0
522 0 0 0 0
523 0 0 0 0
524 0 0 0 0
525 0 0 0 0
526 0 0 0 0
527 0 0 0 0
528 0 0 0 0
529 0 0 0 0
530 0 0 0 0
531 0 0 0 0
532 0 0 0 0
533 0 0 0 0
534 0 0 0 0
535 0 0 0 0
536 0 0 0 0
537 0 0 0 0
538 0 0 0 0
539 0 0 0 0
540 0 0 0 0
541 0 0 0 0
542 0 0 0 0
543 0 0 0 0
544 0 0 0 0
545 0 0 0 0
546 0 0 0 0
547 0 0 0 0
548 0 0 0 0
549 0 0 0 0
550 0 0 0 0
551 0 0 0 0
552 0 0 0 0
553 0 0 0 0
554 0 0 0 0
555 0 0 0 0
556 0 0 0 0
557 0 0 0 0
558 0 0 0 0
559 0 0 0 0
560 0 0 0 0
561 0 0 0 0
562 0 0 0 0
563 0 0 0 0
564 0 0 0 0
565 0 0 0 0
566 0 0 0 0
567 0 0 0 0
568 0 0 0 0
569 0 0 0 0
570 0 0 0 0
571 0 0 0 0
572 0 0 0 0
573 0 0 0 0
574 0 0 0 0
575 0 0 0 0
576 0 0 0 0
577 0 0 0 0
578 0 0 0 0
579 0 0 0 0
580 0 0 0 0
581 0 0 0 0
582 0 0 0 0
583 0 0 0 0
584 0 0 0 0
585 0 0 0 0
586 0 0 0 0
587 0 0 0 0
588 0 0 0 0
589 0 0 0 0
590 0 0 0 0
591 0 0 0 0
592 0 0 0 0
593 0 0 0 0
594 0 0 0 0
595 0 0 0 0
596 0 0 0 0
597 0 0 0 0
598 0 0 0 0
599 0 0 0 0
600 0 0 0 0
601 0 0 0 0
602 0 0 0 0
603 0 0 0 0
604 0 0 0 0
605 0 0 0 0
606 0 0 0 0
607 0 0 0 0
608 0 0 0 0
609 0 0 0 0
610 0 0 0 0
611 0 0 0 0
612 0 0 0 0
613 0 0 0 0
614 0 0 0 0
615 0 0 0 0
616 0 0 0 0
617 0 0 0 0
618 0 0 0 0
619 0 0 0 0
620 0 0 0 0
621 0 0 0 0
622 0 0 0 0
623 0 0 0 0
624 0 0 0 0
625 0 0 0 0
626 0 0 0 0
627 0 0 0 0
628 0 0 0 0
629 0 0 0 0
630 0 0 0 0
631 0 0 0 0
632 0 0 0 0
633 0 0 0 0
634 0 0 0 0
635 0 0 0 0
636 0 0 0 0
637 0 0 0 0
638 0 0 0 0
639 0 0 0 0
640 0 0 0 0
641 0 0 0 0
642 0 0 0 0
643 0 0 0 0
644 0 0 0 0
645 0 0 0 0
646 0 0 0 0
647 0 0 0 0
648 0 0 0 0
649 0 0 0 0
650 0 0 0 0
651 0 0 0 0
652 0 0 0 0
653 0 0 0 0
654 0 0 0 0
655 0 0 0 0
656 0 0 0 0
657 0 0 0 0
658 0 0 0 0
659 0 0 0 0
660 0 0 0 0
661 0 0 0 0
662 0 0 0 0
663 0 0 0 0
664 0 0 0 0
665 0 0 0 0
666 0 0 0 0
667 0 0 0 0
668 0 0 0 0
669 0 0 0 0
670 0 0 0 0
671 0 0 0 0
672 0 0 0 0
673 0 0 0 0
674 0 0 0 0
675 0 0 0 0
676 0 0 0 0
677 0 0 0 0
678 0 0 0 0
679 0 0 0 0
680 0 0 0 0
681 0 0 0 0
682 0 0 0 0
683 0 0 0 0
684 0 0 0 0
685 0 0 0 0
686 0 0 0 0
687 0 0 0 0
688 0 0 0 0
689 0 0 0 0
690 0 0 0 0
691 0 0 0 0
692 0 0 0 0
693 0 0 0 0
694 0 0 0 0
695 0 0 0 0
696 0 0 0 0
697 0 0 0 0
698 0 0 0 0
699 0 0 0 0
700 0 0 0 0
701 0 0 0 0
702 0 0 0 0
703 0 0 0 0
704 0 0 0 0
705 0 0 0 0
706 0 0 0 0
707 0 0 0 0
708 0 0 0 0
709 0 0 0 0
710 0 0 0 0
711 0 0 0 0
712 0 0 0 0
713 0 0 0 0
714 0 0 0 0
715 0 0 0 0
716 0 0 0 0
717 0 0 0 0
718 0 0 0 0
719 0 0 0 0
720 0 0 0 0
721 0 0 0 0
722 0 0 0 0
723 0 0 0 0
724 0 0 0 0
725 0 0 0 0
726 0 0 0 0
727 0 0 0 0
