0 0 0 0 0
1 0 0 0 0
2 0 0 0 0
3 0 0 0 0
4 0 0 0 0
5 0 0 2 0
6 0 0 0 0
7 0 0 0 0
8 0 0 0 0
9 0 2 1 1
10 0 0 0 0
11 1 0 0 0
12 0 0 0 1
13 0 0 0 1
14 0 0 0 0
15 0 0 0 0
16 0 0 0 2
17 0 0 0 0
18 0 0 0 0
19 0 0 0 0
20 0 0 1 0
21 0 0 0 0
22 0 0 0 0
23 0 0 0 0
24 1 0 0 1
25 0 0 0 0
26 0 0 0 0
27 0 0 0 0
28 0 0 0 0
29 0 1 0 0
30 0 0 0 0
31 0 0 0 0
32 1 0 0 0
33 0 0 0 1
34 1 0 0 0
35 2 0 0 0
36 0 0 0 0
37 0 1 0 0
38 0 0 0 0
39 0 0 1 0
40 1 0 1 0
41 0 0 1 1
42 1 0 0 0
43 0 0 0 1
44 1 0 0 1
45 1 1 0 1
46 0 0 0 0
47 0 1 0 0
48 0 0 0 0
49 1 1 0 1
50 0 0 0 0
51 0 0 0 1
52 0 0 0 0
53 1 0 0 0
54 2 0 1 0
55 3 0 0 0
56 0 0 0 1
57 0 0 0 0
58 1 2 0 0
59 0 0 1 0
60 0 1 1 0
61 0 0 0 1
62 1 0 0 0
63 0 2 0 1
64 1 1 0 1
65 0 0 0 2
66 0 0 0 0
67 1 0 1 2
68 0 0 0 0
69 0 0 0 0
70 1 0 0 1
71 1 0 0 2
72 2 0 1 0
73 1 0 1 0
74 3 0 0 0
75 0 0 0 0
76 1 0 0 0
77 0 0 0 0
78 2 1 0 0
79 1 2 1 1
80 1 1 0 1
81 0 0 2 0
82 2 0 0 1
83 1 1 1 0
84 0 0 0 1
85 2 0 1 2
86 2 0 0 3
87 1 3 0 0
88 0 1 0 0
89 0 0 1 1
90 1 0 1 2
91 2 0 1 2
92 0 0 0 0
93 1 0 0 1
94 2 1 0 2
95 1 0 3 2
96 1 3 0 0
97 2 0 0 0
98 0 1 0 0
99 0 0 0 2
100 0 1 0 1
101 1 0 1 1
102 2 1 1 2
103 4 2 0 2
104 0 0 0 1
105 1 0 0 1
106 2 1 0 0
107 3 1 0 0
108 2 0 2 0
109 3 0 0 2
110 1 0 0 3
111 2 1 0 1
112 1 2 2 1
113 1 1 0 0
114 1 3 0 0
115 1 2 1 1
116 0 1 0 2
117 2 3 0 1
118 4 0 1 4
119 3 2 0 4
120 2 1 0 0
121 3 1 0 3
122 1 0 0 1
123 0 1 1 2
124 3 1 1 1
125 0 1 0 1
126 5 1 3 1
127 2 2 1 2
128 1 1 0 2
129 3 1 1 1
130 2 0 1 3
131 2 1 2 3
132 5 1 0 0
133 0 2 1 2
134 1 0 0 1
135 4 1 2 2
136 3 2 1 1
137 3 1 2 2
138 3 2 2 3
139 2 2 0 2
140 5 1 1 3
141 3 1 2 3
142 5 2 0 3
143 1 1 3 1
144 3 2 1 3
145 1 1 1 3
146 1 2 1 3
147 6 0 1 2
148 3 0 0 4
149 3 5 1 2
150 6 2 0 4
151 5 3 2 2
152 3 2 4 1
153 7 2 0 6
154 9 0 2 1
155 6 3 1 4
156 5 4 2 6
157 3 4 1 2
158 3 3 2 3
159 5 3 2 3
160 1 4 3 4
161 2 1 1 3
162 5 3 1 6
163 4 3 3 7
164 4 2 3 5
165 3 1 2 0
166 6 0 2 3
167 4 1 3 7
168 3 2 1 4
169 1 2 0 4
170 7 3 0 5
171 7 3 3 4
172 3 1 2 3
173 7 2 2 1
174 6 0 2 5
175 10 7 0 3
176 6 5 2 3
177 13 2 2 5
178 13 2 1 5
179 13 3 2 6
180 8 4 3 2
181 7 3 3 2
182 11 7 2 3
183 7 5 8 8
184 7 9 3 7
185 7 2 5 7
186 13 7 4 8
187 6 5 2 8
188 6 9 3 6
189 9 8 1 8
190 5 3 2 17
191 10 5 4 10
192 12 3 3 8
193 9 3 3 8
194 9 4 6 8
195 8 5 5 13
196 7 6 3 6
197 9 7 1 6
198 6 9 4 6
199 8 7 2 8
200 11 4 4 6
201 8 7 5 8
202 2 5 0 11
203 8 3 2 10
204 7 4 3 12
205 6 4 5 14
206 8 7 2 3
207 8 2 3 5
208 11 4 3 6
209 8 6 0 5
210 7 5 3 10
211 6 3 3 9
212 8 7 3 8
213 5 7 4 8
214 3 3 2 6
215 9 3 3 9
216 9 1 4 10
217 7 8 4 10
218 12 5 2 8
219 5 3 3 5
220 7 6 3 8
221 9 4 1 7
222 4 0 1 6
223 5 5 3 7
224 2 4 5 7
225 4 5 5 9
226 4 5 8 3
227 4 1 4 7
228 6 3 1 4
229 3 2 3 7
230 3 4 2 11
231 2 5 1 10
232 4 2 2 6
233 1 2 1 9
234 3 0 2 3
235 3 2 0 6
236 4 2 2 6
237 3 3 4 7
238 4 0 1 4
239 3 2 1 2
240 6 3 2 2
241 4 1 1 6
242 3 1 1 2
243 4 1 4 3
244 3 1 1 2
245 5 3 3 2
246 2 2 2 1
247 3 0 1 7
248 1 3 3 2
249 2 3 1 5
250 4 1 6 7
251 2 1 3 2
252 1 1 2 4
253 3 1 2 2
254 1 0 1 6
255 1 1 2 7
256 0 2 0 5
257 1 1 0 3
258 1 1 1 1
259 2 2 0 1
260 2 0 0 3
261 1 0 0 1
262 2 3 0 4
263 1 0 1 0
264 3 0 2 1
265 0 0 1 0
266 1 1 1 4
267 0 2 0 1
268 2 1 0 2
269 2 1 2 1
270 1 0 0 1
271 2 0 1 1
272 1 0 0 1
273 0 1 0 3
274 1 1 0 1
275 1 0 0 1
276 1 0 0 1
277 1 0 2 0
278 0 2 0 2
279 1 1 0 1
280 0 2 1 0
281 1 0 1 1
282 0 0 0 2
283 1 1 0 0
284 1 1 0 2
285 1 0 0 0
286 0 0 1 1
287 0 0 0 3
288 0 0 0 2
289 1 0 0 0
290 1 0 1 0
291 0 0 0 0
292 0 0 1 0
293 0 1 0 1
294 0 1 0 0
295 0 1 0 0
296 0 0 0 0
297 1 0 0 2
298 0 0 1 0
299 0 0 0 0
300 0 0 0 1
301 0 0 0 1
302 0 0 0 1
303 0 0 0 0
304 0 0 0 0
305 1 0 0 1
306 0 1 0 0
307 0 0 0 0
308 0 0 0 0
309 2 0 0 0
310 1 0 1 0
311 1 0 0 0
312 0 0 0 0
313 2 0 0 1
314 0 1 0 0
315 0 1 0 0
316 0 1 0 1
317 1 0 0 0
318 0 2 0 0
319 0 0 0 0
320 0 0 0 1
321 0 0 0 1
322 0 0 1 1
323 0 0 0 0
324 0 0 0 0
325 0 0 0 2
326 1 0 1 1
327 1 0 0 0
328 0 0 0 0
329 0 0 0 0
330 0 0 0 0
331 0 0 1 0
332 1 1 0 0
333 0 0 0 1
334 1 0 0 0
335 0 0 0 0
336 0 0 0 0
337 0 0 0 0
338 0 0 0 1
339 0 0 0 1
340 1 0 0 0
341 0 1 0 0
342 0 0 0 0
343 1 1 0 0
344 1 0 0 0
345 0 0 0 1
346 0 0 0 0
347 0 0 0 1
348 0 1 0 0
349 0 2 0 0
350 0 0 0 0
351 0 0 0 0
352 0 0 0 0
353 0 0 0 2
354 0 0 0 0
355 0 0 0 1
356 0 0 0 0
357 0 0 0 0
358 0 0 0 0
359 0 0 0 0
360 0 0 0 0
361 0 0 0 0
362 0 0 0 0
363 0 0 0 0
364 0 0 0 0
365 0 0 0 0
366 0 0 0 0
367 0 0 0 0
368 0 0 0 0
369 0 0 0 0
370 0 0 0 0
371 0 0 0 0
372 0 0 0 0
373 0 0 0 0
374 0 0 0 0
375 0 0 0 0
376 0 0 0 0
377 0 0 0 0
378 0 0 0 0
379 0 0 0 0
380 0 0 0 0
381 0 0 0 0
382 0 0 0 0
383 0 0 0 0
384 0 0 0 0
385 0 0 0 0
386 0 0 0 0
387 0 0 0 0
388 0 0 0 0
389 0 0 0 0
390 0 0 0 0
391 0 0 0 0
392 0 0 0 0
393 0 0 0 0
394 0 0 0 0
395 0 0 0 0
396 0 0 0 0
397 0 0 0 0
398 0 0 0 0
399 0 0 0 0
400 0 0 0 0
401 0 0 0 0
402 0 0 0 0
403 0 0 0 0
404 0 0 0 0
405 0 0 0 0
406 0 0 0 0
407 0 0 0 0
408 0 0 0 0
409 0 0 0 0
410 0 0 0 0
411 0 0 0 0
412 0 0 0 0
413 0 0 0 0
414 0 0 0 0
415 0 0 0 0
416 0 0 0 0
417 0 0 0 0
418 0 0 0 0
419 0 0 0 0
420 0 0 0 0
421 0 0 0 0
422 0 0 0 0
423 0 0 0 0
424 0 0 0 0
425 0 0 0 0
426 0 0 0 0
427 0 0 0 0
428 0 0 0 0
429 0 0 0 0
430 0 0 0 0
431 0 0 0 0
432 0 0 0 0
433 0 0 0 0
434 0 0 0 0
435 0 0 0 0
436 0 0 0 0
437 0 0 0 0
438 0 0 0 0
439 0 0 0 0
440 0 0 0 0
441 0 0 0 0
442 0 0 0 0
443 0 0 0 0
444 0 0 0 0
445 0 0 0 0
446 0 0 0 0
447 0 0 0 0
448 0 0 0 0
449 0 0 0 0
450 0 0 0 0
451 0 0 0 0
452 0 0 0 0
453 0 0 0 0
454 0 0 0 0
455 0 0 0 0
456 0 0 0 0
457 0 0 0 0
458 0 0 0 0
459 0 0 0 0
460 0 0 0 0
461 0 0 0 0
462 0 0 0 0
463 0 0 0 0
464 0 0 0 0
465 0 0 0 0
466 0 0 0 0
467 0 0 0 0
468 0 0 0 0
469 0 0 0 0
470 0 0 0 0
471 0 0 0 0
472 0 0 0 0
473 0 0 0 0
474 0 0 0 0
475 0 0 0 0
476 0 0 0 0
477 0 0 0 0
478 0 0 0 0
479 0 0 0 0
480 0 0 0 0
481 0 0 0 0
482 0 0 0 0
483 0 0 0 0
484 0 0 0 0
485 0 0 0 0
486 0 0 0 0
487 0 0 0 0
488 0 0 0 0
489 0 0 0 0
490 0 0 0 0
491 0 0 0 0
492 0 0 0 0
493 0 0 0 0
494 0 0 0 0
495 0 0 0 0
496 0 0 0 0
497 0 0 0 0
498 0 0 0 0
499 0 0 0 0
500 0 0 0 0
501 0 0 0 0
502 0 0 0 0
503 0 0 0 0
504 0 0 0 0
505 0 0 0 0
506 0 0 0 0
507 0 0 0 0
508 0 0 0 0
509 0 0 0 0
510 0 0 0 0
511 0 0 0 0
512 0 0 0 0
513 0 0 0 0
514 0 0 0 0
515 0 0 0 0
516 0 0 0 0
517 0 0 0 0
518 0 0 0 0
519 0 0 0 0
520 0 0 0 0
521 0 0 0 0
522 0 0 0 0
523 0 0 0 0
524 0 0 0 0
525 0 0 0 0
526 0 0 0 0
527 0 0 0 0
528 0 0 0 0
529 0 0 0 0
530 0 0 0 0
531 0 0 0 0
532 0 0 0 0
533 0 0 0 0
534 0 0 0 0
535 0 0 0 0
536 0 0 0 0
537 0 0 0 0
538 0 0 0 0
539 0 0 0 0
540 0 0 0 0
541 0 0 0 0
542 0 0 0 0
543 0 0 0 0
544 0 0 0 0
545 0 0 0 0
546 0 0 0 0
547 0 0 0 0
548 0 0 0 0
549 0 0 0 0
550 0 0 0 0
551 0 0 0 0
552 0 0 0 0
553 0 0 0 0
554 0 0 0 0
555 0 0 0 0
556 0 0 0 0
557 0 0 0 0
558 0 0 0 0
559 0 0 0 0
560 0 0 0 0
561 0 0 0 0
562 0 0 0 0
563 0 0 0 0
564 0 0 0 0
565 0 0 0 0
566 0 0 0 0
567 0 0 0 0
568 0 0 0 0
569 0 0 0 0
570 0 0 0 0
571 0 0 0 0
572 0 0 0 0
573 0 0 0 0
574 0 0 0 0
575 0 0 0 0
576 0 0 0 0
577 0 0 0 0
578 0 0 0 0
579 0 0 0 0
580 0 0 0 0
581 0 0 0 0
582 0 0 0 0
583 0 0 0 0
584 0 0 0 0
585 0 0 0 0
586 0 0 0 0
587 0 0 0 0
588 0 0 0 0
589 0 0 0 0
590 0 0 0 0
591 0 0 0 0
592 0 0 0 0
593 0 0 0 0
594 0 0 0 0
595 0 0 0 0
596 0 0 0 0
597 0 0 0 0
598 0 0 0 0
599 0 0 0 0
600 0 0 0 0
601 0 0 0 0
602 0 0 0 0
603 0 0 0 0
604 0 0 0 0
605 0 0 0 0
606 0 0 0 0
607 0 0 0 0
608 0 0 0 0
609 0 0 0 0
610 0 0 0 0
611 0 0 0 0
612 0 0 0 0
613 0 0 0 0
614 0 0 0 0
615 0 0 0 0
616 0 0 0 0
617 0 0 0 0
618 0 0 0 0
619 0 0 0 0
620 0 0 0 0
621 0 0 0 0
622 0 0 0 0
623 0 0 0 0
624 0 0 0 0
625 0 0 0 0
626 0 0 0 0
627 0 0 0 0
628 0 0 0 0
629 0 0 0 0
630 0 0 0 0
631 0 0 0 0
632 0 0 0 0
633 0 0 0 0
634 0 0 0 0
635 0 0 0 0
636 0 0 0 0
637 0 0 0 0
638 0 0 0 0
639 0 0 0 0
640 0 0 0 0
641 0 0 0 0
642 0 0 0 0
643 0 0 0 0
644 0 0 0 0
645 0 0 0 0
646 0 0 0 0
647 0 0 0 0
648 0 0 0 0
649 0 0 0 0
650 0 0 0 0
651 0 0 0 0
652 0 0 0 0
653 0 0 0 0
654 0 0 0 0
655 0 0 0 0
656 0 0 0 0
657 0 0 0 0
658 0 0 0 0
659 0 0 0 0
660 0 0 0 0
661 0 0 0 0
662 0 0 0 0
663 0 0 0 0
664 0 0 0 0
665 0 0 0 0
666 0 0 0 0
667 0 0 0 0
668 0 0 0 0
669 0 0 0 0
670 0 0 0 0
671 0 0 0 0
672 0 0 0 0
673 0 0 0 0
674 0 0 0 0
675 0 0 0 0
676 0 0 0 0
677 0 0 0 0
678 0 0 0 0
679 0 0 0 0
680 0 0 0 0
681 0 0 0 0
682 0 0 0 0
683 0 0 0 0
684 0 0 0 0
685 0 0 0 0
686 0 0 0 0
687 0 0 0 0
688 0 0 0 0
689 0 0 0 0
690 0 0 0 0
691 0 0 0 0
692 0 0 0 0
693 0 0 0 0
694 0 0 0 0
695 0 0 0 0
696 0 0 0 0
697 0 0 0 0
698 0 0 0 0
699 0 0 0 0
700 0 0 0 0
701 0 0 0 0
702 0 0 0 0
703 0 0 0 0
704 0 0 0 0
705 0 0 0 0
706 0 0 0 0
707 0 0 0 0
708 0 0 0 0
709 0 0 0 0
710 0 0 0 0
711 0 0 0 0
712 0 0 0 0
713 0 0 0 0
714 0 0 0 0
715 0 0 0 0
716 0 0 0 0
717 0 0 0 0
718 0 0 0 0
719 0 0 0 0
720 0 0 0 0
721 0 0 0 0
722 0 0 0 0
723 0 0 0 0
724 0 0 0 0
725 0 0 0 0
726 0 0 0 0
727 0 0 0 0
