0 0 0 0 0
1 0 0 0 0
2 0 0 0 0
3 0 0 0 0
4 0 0 0 0
5 0 4 1 0
6 0 0 0 0
7 0 0 0 0
8 0 0 0 0
9 0 0 0 2
10 0 0 0 0
11 0 0 0 0
12 0 0 0 3
13 0 0 0 0
14 0 0 0 0
15 0 0 0 0
16 0 0 0 0
17 0 0 0 0
18 0 0 0 0
19 0 0 0 0
20 0 0 0 0
21 0 0 0 0
22 3 0 0 0
23 2 0 0 0
24 1 0 0 0
25 1 0 0 0
26 3 0 0 0
27 2 2 1 0
28 2 0 2 0
29 3 0 1 0
30 1 0 0 0
31 1 1 0 1
32 1 1 1 1
33 0 0 1 0
34 0 1 3 2
35 0 1 2 1
36 1 0 0 2
37 0 0 1 1
38 0 0 0 2
39 0 0 0 2
40 1 1 0 0
41 0 1 1 4
42 1 0 0 2
43 1 0 0 0
44 0 0 0 1
45 1 1 0 0
46 3 0 0 0
47 2 0 0 0
48 1 0 0 2
49 2 0 0 0
50 0 1 0 0
51 1 2 1 0
52 2 1 1 1
53 1 1 0 0
54 1 0 1 1
55 2 1 0 1
56 4 1 0 1
57 1 0 0 0
58 3 1 1 2
59 0 0 0 1
60 2 3 0 1
61 5 2 2 1
62 2 0 0 1
63 3 2 1 1
64 6 0 0 2
65 3 1 2 4
66 2 3 1 0
67 3 0 2 4
68 4 0 1 2
69 0 2 1 1
70 0 2 2 2
71 5 2 0 2
72 1 2 3 2
73 3 6 0 5
74 3 1 1 3
75 4 0 0 2
76 5 3 0 4
77 2 1 0 6
78 5 1 2 2
79 3 2 1 1
80 2 3 2 1
81 2 2 0 1
82 1 1 1 0
83 5 1 0 4
84 3 2 1 4
85 2 2 2 3
86 4 1 0 3
87 3 1 4 2
88 3 3 4 4
89 3 2 2 4
90 3 2 0 2
91 2 1 0 4
92 5 1 1 5
93 7 2 2 3
94 6 3 0 4
95 3 3 1 4
96 7 1 0 1
97 2 3 2 2
98 3 3 0 3
99 2 3 2 3
100 7 1 1 4
101 7 2 0 5
102 4 5 1 4
103 4 3 3 3
104 4 4 0 1
105 6 6 5 3
106 5 0 4 7
107 6 1 1 8
108 5 2 0 3
109 10 3 0 5
110 8 3 3 2
111 9 2 2 2
112 5 2 4 7
113 7 4 2 3
114 5 6 4 2
115 5 3 3 4
116 7 4 2 4
117 3 2 3 8
118 5 5 3 8
119 8 5 4 6
120 4 5 2 6
121 7 5 0 2
122 8 3 3 8
123 8 3 2 10
124 8 1 4 9
125 13 3 3 8
126 10 1 2 7
127 8 3 3 5
128 12 8 3 5
129 7 5 2 8
130 9 8 5 4
131 8 6 3 5
132 12 3 3 5
133 10 5 7 4
134 8 4 1 10
135 10 11 2 9
136 5 4 3 8
137 6 6 4 11
138 9 8 5 9
139 6 1 5 7
140 7 4 7 11
141 5 4 5 10
142 11 5 3 14
143 12 4 7 5
144 15 4 1 10
145 9 3 2 11
146 13 1 2 9
147 8 5 0 9
148 13 6 4 7
149 8 4 8 8
150 9 3 6 6
151 12 10 3 4
152 17 9 2 9
153 16 7 6 10
154 11 4 1 6
155 12 7 3 8
156 15 4 3 12
157 10 10 7 11
158 20 10 5 12
159 19 8 4 6
160 17 10 5 11
161 20 10 5 8
162 19 11 3 16
163 17 8 1 13
164 15 5 7 16
165 12 10 5 15
166 17 11 7 10
167 15 18 8 13
168 16 13 10 11
169 16 14 3 17
170 22 6 5 11
171 15 8 8 20
172 20 8 4 19
173 16 11 2 22
174 16 12 1 15
175 24 15 10 20
176 24 9 8 13
177 25 19 2 14
178 20 10 5 11
179 25 11 6 22
180 29 13 11 15
181 24 12 10 19
182 21 15 10 16
183 30 12 6 15
184 24 11 9 26
185 27 13 12 20
186 20 17 7 25
187 28 15 7 15
188 26 12 12 27
189 20 17 14 27
190 20 11 10 22
191 27 19 5 16
192 35 16 14 21
193 30 14 11 28
194 34 19 8 21
195 40 9 8 28
196 24 14 14 31
197 32 13 16 29
198 25 18 11 20
199 26 16 11 16
200 22 14 13 24
201 26 17 18 25
202 18 14 13 27
203 22 22 15 30
204 23 23 15 32
205 26 9 5 33
206 24 13 11 25
207 19 9 7 31
208 15 16 6 36
209 21 13 17 17
210 14 15 14 36
211 16 10 6 25
212 12 17 7 20
213 18 8 9 21
214 15 13 14 28
215 14 12 10 19
216 14 13 4 34
217 16 9 5 17
218 14 10 6 22
219 8 8 2 17
220 8 7 6 21
221 12 8 2 20
222 14 10 8 18
223 9 10 7 12
224 11 7 6 11
225 11 9 6 14
226 8 11 3 16
227 13 9 3 21
228 12 1 5 10
229 14 6 4 15
230 9 4 7 11
231 7 3 6 15
232 3 12 3 10
233 7 8 7 14
234 8 5 7 10
235 7 9 5 8
236 6 7 0 12
237 7 1 4 14
238 5 6 5 13
239 2 2 1 14
240 6 5 4 10
241 2 2 2 7
242 3 7 1 14
243 2 6 3 4
244 3 0 1 8
245 4 3 1 5
246 2 1 2 4
247 7 1 2 7
248 2 3 0 2
249 6 3 1 9
250 0 2 2 7
251 6 1 2 3
252 3 5 1 3
253 0 2 1 3
254 1 4 2 3
255 0 1 0 3
256 5 3 1 4
257 1 1 2 3
258 1 0 1 5
259 2 0 0 5
260 3 1 3 5
261 4 1 2 4
262 5 1 0 0
263 3 1 1 1
264 1 1 0 5
265 3 2 1 2
266 0 0 1 1
267 2 0 2 2
268 1 1 2 1
269 1 2 2 2
270 0 5 1 2
271 1 2 0 2
272 2 1 1 1
273 1 0 0 1
274 0 2 0 4
275 3 0 0 4
276 1 0 1 5
277 1 1 2 3
278 2 0 1 3
279 1 0 0 0
280 0 0 2 1
281 0 1 0 1
282 3 0 1 0
283 1 0 0 0
284 2 2 0 3
285 3 0 0 1
286 4 0 0 1
287 1 1 4 1
288 2 0 2 2
289 0 1 1 1
290 0 2 0 0
291 2 1 1 3
292 1 1 0 0
293 1 0 0 1
294 2 1 0 3
295 0 0 2 4
296 1 0 0 1
297 0 1 2 1
298 0 1 0 0
299 2 1 0 1
300 2 1 1 0
301 3 0 0 3
302 0 0 0 3
303 0 1 0 1
304 0 2 0 2
305 2 1 1 0
306 2 0 1 0
307 0 0 0 2
308 1 0 0 0
309 2 0 1 0
310 2 4 0 2
311 3 1 0 2
312 1 0 0 1
313 1 0 1 1
314 1 2 0 2
315 1 0 1 1
316 0 1 1 1
317 2 0 1 1
318 1 0 0 1
319 0 1 1 0
320 0 1 0 1
321 0 0 0 1
322 0 0 3 1
323 2 0 1 3
324 1 0 1 1
325 0 0 0 0
326 0 0 0 2
327 0 0 1 2
328 0 2 0 1
329 0 0 0 2
330 1 0 0 0
331 0 0 0 1
332 0 0 0 2
333 0 1 0 0
334 0 0 0 0
335 0 1 0 0
336 0 0 0 0
337 0 0 0 0
338 0 0 0 0
339 0 0 0 1
340 0 0 0 1
341 0 0 0 0
342 0 0 0 0
343 1 0 0 0
344 0 0 0 0
345 0 0 0 0
346 0 0 0 0
347 0 0 0 0
348 0 1 0 0
349 0 0 0 0
350 0 0 0 0
351 0 0 0 0
352 0 0 0 1
353 0 0 0 0
354 1 0 0 0
355 0 0 0 0
356 0 0 0 0
357 0 0 0 0
358 0 0 0 0
359 0 1 0 0
360 0 0 0 0
361 0 0 0 0
362 0 0 0 0
363 0 0 0 1
364 0 0 0 0
365 0 0 0 0
366 0 0 0 0
367 0 0 0 0
368 0 0 0 0
369 0 0 0 0
370 0 0 0 0
371 0 0 0 0
372 0 0 0 0
373 0 0 0 0
374 0 0 0 0
375 0 0 0 0
376 0 0 0 0
377 0 0 0 0
378 0 0 0 0
379 0 0 0 0
380 0 0 0 0
381 0 0 0 0
382 0 0 0 0
383 0 0 0 0
384 0 0 0 0
385 0 0 0 0
386 0 0 0 0
387 0 0 0 0
388 0 0 0 0
389 0 0 0 0
390 0 0 0 0
391 0 0 0 0
392 0 0 0 0
393 0 0 0 0
394 0 0 0 0
395 0 0 0 0
396 0 0 0 0
397 0 0 0 0
398 0 0 0 0
399 0 0 0 0
400 0 0 0 0
401 0 0 0 0
402 0 0 0 0
403 0 0 0 0
404 0 0 0 0
405 0 0 0 0
406 0 0 0 0
407 0 0 0 0
408 0 0 0 0
409 0 0 0 0
410 0 0 0 0
411 0 0 0 0
412 0 0 0 0
413 0 0 0 0
414 0 0 0 0
415 0 0 0 0
416 0 0 0 0
417 0 0 0 0
418 0 0 0 0
419 0 0 0 0
420 0 0 0 0
421 0 0 0 0
422 0 0 0 0
423 0 0 0 0
424 0 0 0 0
425 0 0 0 0
426 0 0 0 0
427 0 0 0 0
428 0 0 0 0
429 0 0 0 0
430 0 0 0 0
431 0 0 0 0
432 0 0 0 0
433 0 0 0 0
434 0 0 0 0
435 0 0 0 0
436 0 0 0 0
437 0 0 0 0
438 0 0 0 0
439 0 0 0 0
440 0 0 0 0
441 0 0 0 0
442 0 0 0 0
443 0 0 0 0
444 0 0 0 0
445 0 0 0 0
446 0 0 0 0
447 0 0 0 0
448 0 0 0 0
449 0 0 0 0
450 0 0 0 0
451 0 0 0 0
452 0 0 0 0
453 0 0 0 0
454 0 0 0 0
455 0 0 0 0
456 0 0 0 0
457 0 0 0 0
458 0 0 0 0
459 0 0 0 0
460 0 0 0 0
461 0 0 0 0
462 0 0 0 0
463 0 0 0 0
464 0 0 0 0
465 0 0 0 0
466 0 0 0 0
467 0 0 0 0
468 0 0 0 0
469 0 0 0 0
470 0 0 0 0
471 0 0 0 0
472 0 0 0 0
473 0 0 0 0
474 0 0 0 0
475 0 0 0 0
476 0 0 0 0
477 0 0 0 0
478 0 0 0 0
479 0 0 0 0
480 0 0 0 0
481 0 0 0 0
482 0 0 0 0
483 0 0 0 0
484 0 0 0 0
485 0 0 0 0
486 0 0 0 0
487 0 0 0 0
488 0 0 0 0
489 0 0 0 0
490 0 0 0 0
491 0 0 0 0
492 0 0 0 0
493 0 0 0 0
494 0 0 0 0
495 0 0 0 0
496 0 0 0 0
497 0 0 0 0
498 0 0 0 0
499 0 0 0 0
500 0 0 0 0
501 0 0 0 0
502 0 0 0 0
503 0 0 0 0
504 0 0 0 0
505 0 0 0 0
506 0 0 0 0
507 0 0 0 0
508 0 0 0 0
509 0 0 0 0
510 0 0 0 0
511 0 0 0 0
512 0 0 0 0
513 0 0 0 0
514 0 0 0 0
515 0 0 0 0
516 0 0 0 0
517 0 0 0 0
518 0 0 0 0
519 0 0 0 0
520 0 0 0 0
521 0 0 0 0
522 0 0 0 0
523 0 0 0 0
524 0 0 0 0
525 0 0 0 0
526 0 0 0 0
527 0 0 0 0
528 0 0 0 0
529 0 0 0 0
530 0 0 0 0
531 0 0 0 0
532 0 0 0 0
533 0 0 0 0
534 0 0 0 0
535 0 0 0 0
536 0 0 0 0
537 0 0 0 0
538 0 0 0 0
539 0 0 0 0
540 0 0 0 0
541 0 0 0 0
542 0 0 0 0
543 0 0 0 0
544 0 0 0 0
545 0 0 0 0
546 0 0 0 0
547 0 0 0 0
548 0 0 0 0
549 0 0 0 0
550 0 0 0 0
551 0 0 0 0
552 0 0 0 0
553 0 0 0 0
554 0 0 0 0
555 0 0 0 0
556 0 0 0 0
557 0 0 0 0
558 0 0 0 0
559 0 0 0 0
560 0 0 0 0
561 0 0 0 0
562 0 0 0 0
563 0 0 0 0
564 0 0 0 0
565 0 0 0 0
566 0 0 0 0
567 0 0 0 0
568 0 0 0 0
569 0 0 0 0
570 0 0 0 0
571 0 0 0 0
572 0 0 0 0
573 0 0 0 0
574 0 0 0 0
575 0 0 0 0
576 0 0 0 0
577 0 0 0 0
578 0 0 0 0
579 0 0 0 0
580 0 0 0 0
581 0 0 0 0
582 0 0 0 0
583 0 0 0 0
584 0 0 0 0
585 0 0 0 0
586 0 0 0 0
587 0 0 0 0
588 0 0 0 0
589 0 0 0 0
590 0 0 0 0
591 0 0 0 0
592 0 0 0 0
593 0 0 0 0
594 0 0 0 0
595 0 0 0 0
596 0 0 0 0
597 0 0 0 0
598 0 0 0 0
599 0 0 0 0
600 0 0 0 0
601 0 0 0 0
602 0 0 0 0
603 0 0 0 0
604 0 0 0 0
605 0 0 0 0
606 0 0 0 0
607 0 0 0 0
608 0 0 0 0
609 0 0 0 0
610 0 0 0 0
611 0 0 0 0
612 0 0 0 0
613 0 0 0 0
614 0 0 0 0
615 0 0 0 0
616 0 0 0 0
617 0 0 0 0
618 0 0 0 0
619 0 0 0 0
620 0 0 0 0
621 0 0 0 0
622 0 0 0 0
623 0 0 0 0
624 0 0 0 0
625 0 0 0 0
626 0 0 0 0
627 0 0 0 0
628 0 0 0 0
629 0 0 0 0
630 0 0 0 0
631 0 0 0 0
632 0 0 0 0
633 0 0 0 0
634 0 0 0 0
635 0 0 0 0
636 0 0 0 0
637 0 0 0 0
638 0 0 0 0
639 0 0 0 0
640 0 0 0 0
641 0 0 0 0
642 0 0 0 0
643 0 0 0 0
644 0 0 0 0
645 0 0 0 0
646 0 0 0 0
647 0 0 0 0
648 0 0 0 0
649 0 0 0 0
650 0 0 0 0
651 0 0 0 0
652 0 0 0 0
653 0 0 0 0
654 0 0 0 0
655 0 0 0 0
656 0 0 0 0
657 0 0 0 0
658 0 0 0 0
659 0 0 0 0
660 0 0 0 0
661 0 0 0 0
662 0 0 0 0
663 0 0 0 0
664 0 0 0 0
665 0 0 0 0
666 0 0 0 0
667 0 0 0 0
668 0 0 0 0
669 0 0 0 0
670 0 0 0 0
671 0 0 0 0
672 0 0 0 0
673 0 0 0 0
674 0 0 0 0
675 0 0 0 0
676 0 0 0 0
677 0 0 0 0
678 0 0 0 0
679 0 0 0 0
680 0 0 0 0
681 0 0 0 0
682 0 0 0 0
683 0 0 0 0
684 0 0 0 0
685 0 0 0 0
686 0 0 0 0
687 0 0 0 0
688 0 0 0 0
689 0 0 0 0
690 0 0 0 0
691 0 0 0 0
692 0 0 0 0
693 0 0 0 0
694 0 0 0 0
695 0 0 0 0
696 0 0 0 0
697 0 0 0 0
698 0 0 0 0
699 0 0 0 0
700 0 0 0 0
701 0 0 0 0
702 0 0 0 0
703 0 0 0 0
704 0 0 0 0
705 0 0 0 0
706 0 0 0 0
707 0 0 0 0
708 0 0 0 0
709 0 0 0 0
710 0 0 0 0
711 0 0 0 0
712 0 0 0 0
713 0 0 0 0
714 0 0 0 0
715 0 0 0 0
716 0 0 0 0
717 0 0 0 0
718 0 0 0 0
719 0 0 0 0
720 0 0 0 0
721 0 0 0 0
722 0 0 0 0
723 0 0 0 0
724 0 0 0 0
725 0 0 0 0
726 0 0 0 0
727 0 0 0 0
