0 0 0 0 0
1 0 0 0 0
2 0 0 0 0
3 0 0 0 0
4 0 0 0 0
5 0 2 0 0
6 0 0 0 0
7 0 0 0 0
8 0 0 0 0
9 0 0 3 1
10 0 0 0 0
11 0 0 0 0
12 0 0 0 1
13 0 0 0 2
14 0 0 0 0
15 0 0 0 0
16 0 0 0 1
17 0 0 0 0
18 1 0 0 0
19 0 0 0 0
20 2 0 0 0
21 0 0 0 0
22 2 0 0 0
23 1 0 1 0
24 1 0 0 0
25 1 0 2 0
26 0 0 0 0
27 1 0 1 0
28 1 1 0 0
29 1 0 0 1
30 0 0 1 1
31 2 1 0 1
32 0 0 1 2
33 0 1 1 0
34 0 0 0 0
35 1 0 0 1
36 0 0 1 1
37 0 0 0 1
38 1 0 1 0
39 0 0 0 0
40 0 0 1 2
41 1 0 0 0
42 2 0 0 0
43 0 1 0 1
44 2 1 0 0
45 3 0 0 1
46 2 0 0 0
47 1 0 0 1
48 2 0 0 1
49 4 0 0 0
50 0 2 2 1
51 0 2 1 0
52 2 0 0 0
53 0 2 1 0
54 1 3 2 3
55 1 1 0 2
56 0 0 0 0
57 1 2 0 3
58 1 0 0 2
59 0 0 1 0
60 3 0 0 2
61 2 0 1 4
62 1 0 1 1
63 1 0 0 1
64 0 1 0 1
65 3 1 0 1
66 1 0 0 1
67 1 2 0 0
68 1 1 0 1
69 1 1 1 0
70 1 3 1 0
71 5 1 0 1
72 1 0 0 1
73 5 0 0 2
74 2 1 0 2
75 5 0 0 1
76 2 0 3 0
77 3 1 2 3
78 1 1 0 2
79 3 1 1 0
80 2 5 1 3
81 4 0 1 1
82 2 4 3 1
83 0 0 0 1
84 2 4 1 6
85 0 1 1 1
86 1 3 0 6
87 1 0 2 2
88 1 0 0 1
89 1 2 1 3
90 4 1 0 1
91 3 1 0 5
92 1 0 0 1
93 3 1 1 4
94 1 0 1 1
95 5 5 0 1
96 4 1 2 1
97 1 0 0 2
98 2 0 0 0
99 4 0 0 3
100 4 4 0 3
101 4 1 2 1
102 5 2 0 2
103 7 2 0 1
104 6 5 2 3
105 2 1 4 2
106 2 2 3 1
107 4 2 2 2
108 4 3 1 2
109 5 4 1 6
110 2 2 0 5
111 5 0 3 8
112 4 3 1 4
113 6 2 3 5
114 5 2 2 1
115 4 2 1 3
116 10 4 0 4
117 7 3 1 3
118 4 5 2 2
119 9 1 2 2
120 6 1 3 5
121 6 4 2 5
122 6 1 4 10
123 9 4 1 4
124 10 5 3 2
125 8 4 7 4
126 6 3 4 5
127 6 4 2 5
128 11 5 3 9
129 11 4 2 8
130 12 6 2 4
131 6 4 4 4
132 8 4 2 9
133 9 5 5 8
134 10 3 2 11
135 10 5 2 9
136 8 4 3 6
137 9 8 1 6
138 8 4 9 6
139 6 4 5 9
140 6 6 3 8
141 5 4 4 7
142 11 5 3 9
143 7 2 5 10
144 13 5 1 8
145 10 5 3 9
146 11 3 6 7
147 11 9 3 9
148 8 3 4 7
149 9 5 3 9
150 16 8 2 7
151 12 3 6 11
152 12 3 7 7
153 9 6 6 8
154 15 5 4 10
155 18 6 12 8
156 7 7 2 7
157 16 5 4 13
158 10 8 3 10
159 11 11 6 17
160 14 13 6 9
161 5 3 3 11
162 20 9 5 13
163 7 3 4 7
164 11 7 6 16
165 10 8 6 9
166 10 8 2 18
167 16 12 7 5
168 17 4 3 12
169 17 6 4 15
170 15 4 4 13
171 20 7 3 11
172 18 8 5 10
173 15 11 5 11
174 12 9 4 16
175 18 12 5 13
176 17 9 7 12
177 29 10 6 14
178 22 14 3 11
179 22 6 4 12
180 17 10 4 11
181 20 11 8 15
182 25 12 12 20
183 18 16 3 16
184 19 17 8 14
185 22 13 6 16
186 29 12 9 15
187 14 19 3 12
188 17 14 4 26
189 28 8 9 23
190 16 13 8 17
191 18 13 11 23
192 20 9 8 18
193 13 15 9 20
194 15 12 12 22
195 19 13 9 19
196 19 13 5 19
197 11 7 9 22
198 19 15 6 20
199 22 7 9 24
200 16 9 9 23
201 23 21 3 22
202 17 8 3 20
203 18 15 2 14
204 20 14 8 19
205 16 7 7 20
206 16 8 6 19
207 18 10 9 12
208 17 12 7 29
209 18 12 5 15
210 14 13 6 16
211 20 11 3 15
212 9 11 7 16
213 15 11 10 15
214 12 11 7 20
215 5 10 8 18
216 7 7 10 18
217 10 7 5 20
218 6 17 5 14
219 5 6 3 15
220 14 8 7 19
221 7 4 1 20
222 7 5 5 22
223 5 4 6 15
224 6 3 2 12
225 7 4 7 9
226 8 4 3 8
227 6 4 5 14
228 7 1 3 4
229 10 8 5 9
230 5 6 2 8
231 5 5 1 9
232 3 3 3 7
233 3 5 1 12
234 2 4 5 9
235 2 3 2 5
236 4 4 1 6
237 3 3 0 8
238 3 1 3 6
239 6 4 1 6
240 3 2 0 5
241 2 1 4 10
242 3 2 3 3
243 4 4 0 3
244 2 5 0 2
245 5 2 1 4
246 3 2 2 7
247 6 2 0 3
248 1 5 1 7
249 3 0 1 1
250 2 1 2 5
251 4 1 2 4
252 3 4 2 5
253 2 1 0 2
254 0 2 1 2
255 3 1 0 5
256 0 0 1 0
257 2 2 0 3
258 5 2 1 2
259 1 0 2 7
260 2 0 4 0
261 2 1 0 4
262 3 0 2 1
263 0 0 2 2
264 2 1 2 2
265 2 1 2 3
266 1 1 1 1
267 0 3 1 2
268 1 0 1 3
269 1 1 1 3
270 1 2 1 3
271 1 1 0 2
272 0 0 0 2
273 2 1 0 2
274 0 1 0 6
275 0 2 0 2
276 1 1 0 0
277 0 0 0 1
278 1 0 1 0
279 2 0 0 0
280 0 0 0 0
281 0 0 0 1
282 0 1 0 2
283 1 0 1 1
284 0 0 0 0
285 0 1 0 1
286 1 1 0 1
287 0 0 0 0
288 0 1 1 0
289 2 0 0 1
290 0 0 0 2
291 1 0 0 0
292 0 0 0 1
293 1 0 0 0
294 0 1 0 1
295 1 1 0 0
296 1 0 1 0
297 0 0 0 0
298 0 1 1 1
299 0 0 0 0
300 0 0 0 1
301 0 1 0 0
302 0 0 0 2
303 0 0 0 0
304 0 1 0 0
305 0 0 0 2
306 0 0 0 0
307 0 0 0 0
308 0 0 0 0
309 0 0 0 0
310 1 0 0 0
311 1 0 0 1
312 0 0 0 0
313 1 0 0 0
314 0 0 0 0
315 0 0 0 0
316 1 0 0 0
317 0 0 0 0
318 0 0 0 0
319 0 1 0 0
320 0 1 0 0
321 0 0 0 0
322 0 1 0 0
323 2 0 0 1
324 2 0 0 0
325 0 0 1 0
326 1 0 0 1
327 1 0 0 1
328 0 0 1 0
329 0 0 1 1
330 1 0 0 0
331 0 0 0 0
332 1 1 0 0
333 1 0 1 0
334 0 0 0 0
335 0 1 0 1
336 0 0 1 2
337 0 0 1 1
338 0 1 0 0
339 0 1 0 1
340 0 0 0 0
341 0 0 0 1
342 0 0 0 0
343 0 0 0 0
344 1 0 0 2
345 0 0 0 1
346 0 0 0 0
347 0 0 0 0
348 1 0 0 0
349 0 0 0 0
350 0 0 0 0
351 0 0 0 0
352 0 0 0 0
353 0 0 1 0
354 0 0 0 0
355 0 0 0 0
356 0 0 0 0
357 0 0 1 0
358 0 0 0 0
359 0 0 0 0
360 0 0 0 1
361 0 0 0 1
362 0 0 0 0
363 0 0 0 0
364 0 0 0 0
365 0 0 0 0
366 0 0 0 0
367 0 0 0 0
368 0 0 0 0
369 1 0 0 0
370 0 0 0 0
371 0 0 0 0
372 1 0 0 0
373 0 0 0 0
374 0 1 0 0
375 0 0 0 0
376 0 0 0 0
377 0 0 0 0
378 0 0 0 1
379 0 0 0 0
380 0 0 0 0
381 0 0 1 0
382 0 0 0 0
383 0 0 0 0
384 0 0 0 0
385 0 0 0 0
386 0 0 0 0
387 0 0 0 0
388 0 0 0 1
389 0 0 0 0
390 0 0 0 0
391 0 0 0 0
392 0 0 0 0
393 0 0 0 0
394 0 0 0 0
395 0 0 0 0
396 0 0 0 0
397 0 0 0 0
398 0 0 0 0
399 0 0 0 0
400 1 0 0 0
401 0 0 0 0
402 0 0 0 0
403 0 0 0 0
404 0 0 0 0
405 0 1 0 0
406 0 0 0 0
407 0 0 0 0
408 0 0 0 0
409 0 0 0 0
410 0 0 0 0
411 0 0 0 0
412 0 0 0 1
413 0 0 0 0
414 0 0 0 0
415 0 0 0 0
416 0 0 0 0
417 0 0 0 0
418 0 0 0 0
419 1 0 0 0
420 0 0 0 0
421 0 0 0 0
422 0 0 0 0
423 0 0 0 0
424 0 0 1 0
425 0 0 0 0
426 0 0 0 0
427 0 0 0 0
428 0 0 0 0
429 0 0 0 0
430 0 0 0 0
431 0 0 0 1
432 0 0 0 0
433 0 0 0 0
434 0 0 0 0
435 0 0 0 0
436 0 0 0 0
437 0 0 0 0
438 0 0 0 0
439 0 0 0 0
440 0 0 0 0
441 0 0 0 0
442 0 0 0 0
443 0 0 0 0
444 0 0 0 0
445 0 0 0 0
446 0 0 0 0
447 0 0 0 0
448 0 0 0 0
449 0 0 0 0
450 0 0 0 0
451 0 0 0 0
452 0 0 0 0
453 0 0 0 0
454 0 0 0 0
455 0 0 0 0
456 0 0 0 0
457 0 0 0 0
458 0 0 0 0
459 0 0 0 0
460 0 0 0 0
461 0 0 0 0
462 0 0 0 0
463 0 0 0 0
464 0 0 0 0
465 0 0 0 0
466 0 0 0 0
467 0 0 0 0
468 0 0 0 0
469 0 0 0 0
470 0 0 0 0
471 0 0 0 0
472 0 0 0 0
473 0 0 0 0
474 0 0 0 0
475 0 0 0 0
476 0 0 0 0
477 0 0 0 0
478 0 0 0 0
479 0 0 0 0
480 0 0 0 0
481 0 0 0 0
482 0 0 0 0
483 0 0 0 0
484 0 0 0 0
485 0 0 0 0
486 0 0 0 0
487 0 0 0 0
488 0 0 0 0
489 0 0 0 0
490 0 0 0 0
491 0 0 0 0
492 0 0 0 0
493 0 0 0 0
494 0 0 0 0
495 0 0 0 0
496 0 0 0 0
497 0 0 0 0
498 0 0 0 0
499 0 0 0 0
500 0 0 0 0
501 0 0 0 0
502 0 0 0 0
503 0 0 0 0
504 0 0 0 0
505 0 0 0 0
506 0 0 0 0
507 0 0 0 0
508 0 0 0 0
509 0 0 0 0
510 0 0 0 0
511 0 0 0 0
512 0 0 0 0
513 0 0 0 0
514 0 0 0 0
515 0 0 0 0
516 0 0 0 0
517 0 0 0 0
518 0 0 0 0
519 0 0 0 0
520 0 0 0 0
521 0 0 0 0
522 0 0 0 0
523 0 0 0 0
524 0 0 0 0
525 0 0 0 0
526 0 0 0 0
527 0 0 0 0
528 0 0 0 0
529 0 0 0 0
530 0 0 0 0
531 0 0 0 0
532 0 0 0 0
533 0 0 0 0
534 0 0 0 0
535 0 0 0 0
536 0 0 0 0
537 0 0 0 0
538 0 0 0 0
539 0 0 0 0
540 0 0 0 0
541 0 0 0 0
542 0 0 0 0
543 0 0 0 0
544 0 0 0 0
545 0 0 0 0
546 0 0 0 0
547 0 0 0 0
548 0 0 0 0
549 0 0 0 0
550 0 0 0 0
551 0 0 0 0
552 0 0 0 0
553 0 0 0 0
554 0 0 0 0
555 0 0 0 0
556 0 0 0 0
557 0 0 0 0
558 0 0 0 0
559 0 0 0 0
560 0 0 0 0
561 0 0 0 0
562 0 0 0 0
563 0 0 0 0
564 0 0 0 0
565 0 0 0 0
566 0 0 0 0
567 0 0 0 0
568 0 0 0 0
569 0 0 0 0
570 0 0 0 0
571 0 0 0 0
572 0 0 0 0
573 0 0 0 0
574 0 0 0 0
575 0 0 0 0
576 0 0 0 0
577 0 0 0 0
578 0 0 0 0
579 0 0 0 0
580 0 0 0 0
581 0 0 0 0
582 0 0 0 0
583 0 0 0 0
584 0 0 0 0
585 0 0 0 0
586 0 0 0 0
587 0 0 0 0
588 0 0 0 0
589 0 0 0 0
590 0 0 0 0
591 0 0 0 0
592 0 0 0 0
593 0 0 0 0
594 0 0 0 0
595 0 0 0 0
596 0 0 0 0
597 0 0 0 0
598 0 0 0 0
599 0 0 0 0
600 0 0 0 0
601 0 0 0 0
602 0 0 0 0
603 0 0 0 0
604 0 0 0 0
605 0 0 0 0
606 0 0 0 0
607 0 0 0 0
608 0 0 0 0
609 0 0 0 0
610 0 0 0 0
611 0 0 0 0
612 0 0 0 0
613 0 0 0 0
614 0 0 0 0
615 0 0 0 0
616 0 0 0 0
617 0 0 0 0
618 0 0 0 0
619 0 0 0 0
620 0 0 0 0
621 0 0 0 0
622 0 0 0 0
623 0 0 0 0
624 0 0 0 0
625 0 0 0 0
626 0 0 0 0
627 0 0 0 0
628 0 0 0 0
629 0 0 0 0
630 0 0 0 0
631 0 0 0 0
632 0 0 0 0
633 0 0 0 0
634 0 0 0 0
635 0 0 0 0
636 0 0 0 0
637 0 0 0 0
638 0 0 0 0
639 0 0 0 0
640 0 0 0 0
641 0 0 0 0
642 0 0 0 0
643 0 0 0 0
644 0 0 0 0
645 0 0 0 0
646 0 0 0 0
647 0 0 0 0
648 0 0 0 0
649 0 0 0 0
650 0 0 0 0
651 0 0 0 0
652 0 0 0 0
653 0 0 0 0
654 0 0 0 0
655 0 0 0 0
656 0 0 0 0
657 0 0 0 0
658 0 0 0 0
659 0 0 0 0
660 0 0 0 0
661 0 0 0 0
662 0 0 0 0
663 0 0 0 0
664 0 0 0 0
665 0 0 0 0
666 0 0 0 0
667 0 0 0 0
668 0 0 0 0
669 0 0 0 0
670 0 0 0 0
671 0 0 0 0
672 0 0 0 0
673 0 0 0 0
674 0 0 0 0
675 0 0 0 0
676 0 0 0 0
677 0 0 0 0
678 0 0 0 0
679 0 0 0 0
680 0 0 0 0
681 0 0 0 0
682 0 0 0 0
683 0 0 0 0
684 0 0 0 0
685 0 0 0 0
686 0 0 0 0
687 0 0 0 0
688 0 0 0 0
689 0 0 0 0
690 0 0 0 0
691 0 0 0 0
692 0 0 0 0
693 0 0 0 0
694 0 0 0 0
695 0 0 0 0
696 0 0 0 0
697 0 0 0 0
698 0 0 0 0
699 0 0 0 0
700 0 0 0 0
701 0 0 0 0
702 0 0 0 0
703 0 0 0 0
704 0 0 0 0
705 0 0 0 0
706 0 0 0 0
707 0 0 0 0
708 0 0 0 0
709 0 0 0 0
710 0 0 0 0
711 0 0 0 0
712 0 0 0 0
713 0 0 0 0
714 0 0 0 0
715 0 0 0 0
716 0 0 0 0
717 0 0 0 0
718 0 0 0 0
719 0 0 0 0
720 0 0 0 0
721 0 0 0 0
722 0 0 0 0
723 0 0 0 0
724 0 0 0 0
725 0 0 0 0
726 0 0 0 0
727 0 0 0 0
