0 0 0 0 0
1 0 0 0 0
2 0 0 0 0
3 0 0 0 0
4 0 0 0 0
5 0 1 1 0
6 0 0 0 0
7 0 0 0 0
8 0 0 0 0
9 0 2 1 0
10 0 0 0 0
11 0 0 0 0
12 0 0 0 2
13 0 0 0 1
14 0 0 0 0
15 1 0 0 0
16 1 0 0 2
17 0 0 0 0
18 0 0 0 0
19 1 0 0 0
20 1 1 0 0
21 1 0 0 0
22 1 0 0 0
23 3 0 0 0
24 1 1 0 1
25 2 1 1 0
26 0 0 1 0
27 0 1 0 0
28 1 1 2 1
29 0 0 0 1
30 0 0 0 0
31 0 0 0 0
32 0 0 1 4
33 0 1 1 1
34 1 0 1 1
35 1 0 0 0
36 1 0 0 1
37 0 0 0 1
38 0 0 0 0
39 1 0 0 0
40 2 0 0 1
41 0 0 0 1
42 2 0 0 0
43 0 0 1 0
44 2 0 1 0
45 2 1 1 0
46 2 0 0 0
47 0 2 0 1
48 1 1 0 0
49 2 2 0 2
50 0 0 1 0
51 1 0 0 2
52 0 0 0 0
53 1 0 2 0
54 2 0 1 2
55 1 2 0 1
56 1 0 1 2
57 1 0 1 0
58 1 2 0 0
59 0 1 1 1
60 0 0 1 4
61 1 0 0 1
62 2 0 1 1
63 3 0 0 1
64 4 0 0 2
65 2 0 1 1
66 2 0 0 2
67 3 1 0 0
68 1 1 0 0
69 3 0 3 0
70 1 0 2 0
71 1 0 1 1
72 3 3 1 2
73 0 1 2 3
74 1 1 2 0
75 2 2 1 0
76 2 1 1 1
77 4 1 1 2
78 0 1 0 2
79 3 0 0 4
80 1 0 1 5
81 1 1 1 4
82 0 1 1 2
83 1 0 1 1
84 2 1 1 0
85 4 1 0 1
86 3 2 1 2
87 4 0 0 2
88 2 1 2 3
89 4 3 0 1
90 3 1 2 1
91 5 2 1 0
92 5 1 1 2
93 5 2 0 4
94 1 1 3 1
95 3 1 0 4
96 4 1 2 1
97 6 2 2 2
98 4 2 1 0
99 3 2 2 2
100 4 3 3 2
101 2 2 0 7
102 2 2 1 2
103 3 2 1 6
104 5 1 2 6
105 1 4 2 3
106 5 3 3 4
107 7 0 2 4
108 3 2 0 0
109 3 3 1 4
110 6 1 0 2
111 5 1 3 4
112 4 3 2 4
113 3 1 1 4
114 5 2 0 4
115 7 4 2 1
116 5 4 4 5
117 4 1 2 2
118 4 2 2 3
119 2 1 5 6
120 6 4 1 5
121 7 3 1 4
122 2 3 2 6
123 11 0 4 8
124 5 0 4 3
125 6 5 1 3
126 6 1 4 5
127 9 2 1 4
128 4 2 5 4
129 7 5 1 6
130 10 3 2 7
131 7 2 1 3
132 7 5 3 8
133 6 5 2 4
134 10 2 3 4
135 8 8 2 2
136 8 6 4 8
137 6 2 3 4
138 3 2 4 5
139 10 6 4 9
140 6 6 4 8
141 4 3 2 8
142 5 4 3 9
143 6 2 2 10
144 6 0 4 6
145 6 6 3 3
146 6 2 3 6
147 3 5 3 9
148 11 5 8 7
149 10 1 3 9
150 9 4 0 4
151 12 5 1 3
152 13 1 1 14
153 8 3 6 6
154 6 6 3 8
155 11 5 4 3
156 10 2 5 2
157 14 5 9 9
158 13 4 8 8
159 19 3 1 7
160 6 7 5 7
161 9 7 6 11
162 11 11 1 9
163 9 3 3 4
164 12 7 8 17
165 11 4 2 14
166 11 4 6 9
167 8 11 5 6
168 6 10 4 12
169 14 4 2 10
170 11 2 3 9
171 11 7 4 13
172 11 7 3 10
173 16 6 7 9
174 15 11 4 11
175 12 8 1 16
176 7 2 3 10
177 23 4 2 10
178 23 8 9 13
179 15 12 6 7
180 23 8 5 5
181 16 8 4 7
182 16 10 8 12
183 18 10 6 15
184 16 6 3 11
185 14 8 9 16
186 19 12 9 15
187 14 13 6 16
188 12 17 5 9
189 21 9 10 15
190 22 11 5 17
191 15 13 12 15
192 21 5 4 20
193 18 5 7 22
194 20 13 9 20
195 18 11 7 27
196 20 12 5 15
197 25 13 6 15
198 18 11 7 22
199 25 10 5 12
200 22 15 2 11
201 21 10 2 21
202 22 9 11 18
203 15 12 8 16
204 15 14 11 20
205 11 15 14 16
206 17 10 16 15
207 17 13 6 20
208 18 10 6 18
209 17 7 5 22
210 13 7 6 29
211 6 13 9 19
212 15 9 6 25
213 10 14 6 16
214 14 14 4 13
215 9 5 8 20
216 7 10 4 17
217 9 9 6 17
218 12 7 1 18
219 6 6 8 10
220 7 6 5 17
221 12 6 3 17
222 7 4 6 14
223 6 9 4 15
224 8 3 4 7
225 6 5 4 8
226 6 5 5 13
227 6 6 3 17
228 6 4 1 10
229 6 3 3 10
230 7 6 3 11
231 5 6 1 7
232 8 2 2 7
233 4 5 3 6
234 5 6 0 11
235 2 5 3 7
236 5 4 1 5
237 7 2 4 6
238 5 4 2 4
239 7 2 2 7
240 3 2 2 9
241 9 5 3 6
242 5 5 0 7
243 5 4 2 5
244 3 6 1 4
245 5 1 3 6
246 4 7 3 6
247 2 3 4 6
248 0 1 2 6
249 2 1 1 1
250 4 5 2 11
251 1 1 0 5
252 1 1 2 2
253 1 1 1 4
254 5 2 1 8
255 1 3 4 3
256 4 0 1 3
257 3 1 0 6
258 2 1 0 2
259 2 1 1 4
260 4 2 0 0
261 2 3 2 2
262 2 3 0 5
263 2 2 3 3
264 0 1 0 1
265 2 2 0 3
266 3 0 0 2
267 3 0 0 4
268 0 0 1 2
269 1 3 0 4
270 0 2 1 2
271 0 3 1 0
272 2 2 1 2
273 2 0 0 1
274 3 1 1 1
275 0 0 1 1
276 1 0 1 4
277 2 0 0 2
278 1 1 0 4
279 1 1 0 1
280 1 0 0 0
281 0 1 2 1
282 1 0 2 2
283 1 1 2 2
284 1 1 0 0
285 0 0 1 2
286 1 1 0 1
287 0 0 0 3
288 0 1 0 2
289 1 1 0 2
290 1 0 0 0
291 0 0 1 0
292 1 1 0 0
293 0 0 0 2
294 2 1 0 0
295 0 0 0 0
296 2 0 0 2
297 1 0 0 0
298 0 0 0 1
299 0 0 2 0
300 0 0 0 0
301 0 2 0 1
302 0 0 0 0
303 0 1 0 0
304 1 0 0 0
305 0 0 1 0
306 0 0 1 2
307 0 0 0 0
308 0 0 0 2
309 0 0 0 1
310 1 0 0 1
311 0 0 0 0
312 0 0 0 0
313 0 1 0 1
314 0 0 0 0
315 1 1 0 0
316 1 0 0 0
317 1 0 0 0
318 1 0 0 0
319 0 0 0 1
320 0 1 0 1
321 0 0 0 0
322 0 1 0 0
323 0 0 1 0
324 1 0 0 1
325 0 0 1 0
326 0 0 0 1
327 1 0 0 1
328 1 0 0 0
329 0 0 0 0
330 0 0 0 1
331 0 0 0 0
332 0 0 0 0
333 0 2 0 0
334 0 0 0 0
335 1 0 0 0
336 0 1 0 0
337 0 0 0 2
338 1 0 0 0
339 0 0 0 0
340 0 0 0 0
341 1 0 0 0
342 0 0 0 1
343 0 0 0 0
344 0 0 2 0
345 0 0 0 0
346 0 1 0 0
347 0 0 0 0
348 0 0 0 1
349 0 0 0 0
350 0 0 0 0
351 0 0 0 1
352 0 0 0 0
353 0 0 0 1
354 0 0 0 0
355 0 0 0 0
356 0 0 0 0
357 0 0 0 0
358 0 0 0 0
359 0 0 0 0
360 0 0 0 0
361 0 0 0 0
362 0 0 0 0
363 0 0 0 0
364 0 0 0 0
365 0 0 0 0
366 0 0 0 0
367 0 0 0 0
368 0 0 0 0
369 0 0 0 0
370 0 0 0 0
371 0 0 0 0
372 0 0 0 0
373 0 0 0 0
374 0 0 0 0
375 0 0 0 0
376 0 0 0 0
377 0 0 0 0
378 0 0 0 0
379 0 0 0 0
380 0 0 0 0
381 0 0 0 0
382 0 0 0 0
383 0 0 0 0
384 0 0 0 0
385 0 0 0 0
386 0 0 0 0
387 0 0 0 0
388 0 0 0 0
389 0 0 0 0
390 0 0 0 0
391 0 0 0 0
392 0 0 0 0
393 0 0 0 0
394 0 0 0 0
395 0 0 0 0
396 0 0 0 0
397 0 0 0 0
398 0 0 0 0
399 0 0 0 0
400 0 0 0 0
401 0 0 0 0
402 0 0 0 0
403 0 0 0 0
404 0 0 0 0
405 0 0 0 0
406 0 0 0 0
407 0 0 0 0
408 0 0 0 0
409 0 0 0 0
410 0 0 0 0
411 0 0 0 0
412 0 0 0 0
413 0 0 0 0
414 0 0 0 0
415 0 0 0 0
416 0 0 0 0
417 0 0 0 0
418 0 0 0 0
419 0 0 0 0
420 0 0 0 0
421 0 0 0 0
422 0 0 0 0
423 0 0 0 0
424 0 0 0 0
425 0 0 0 0
426 0 0 0 0
427 0 0 0 0
428 0 0 0 0
429 0 0 0 0
430 0 0 0 0
431 0 0 0 0
432 0 0 0 0
433 0 0 0 0
434 0 0 0 0
435 0 0 0 0
436 0 0 0 0
437 0 0 0 0
438 0 0 0 0
439 0 0 0 0
440 0 0 0 0
441 0 0 0 0
442 0 0 0 0
443 0 0 0 0
444 0 0 0 0
445 0 0 0 0
446 0 0 0 0
447 0 0 0 0
448 0 0 0 0
449 0 0 0 0
450 0 0 0 0
451 0 0 0 0
452 0 0 0 0
453 0 0 0 0
454 0 0 0 0
455 0 0 0 0
456 0 0 0 0
457 0 0 0 0
458 0 0 0 0
459 0 0 0 0
460 0 0 0 0
461 0 0 0 0
462 0 0 0 0
463 0 0 0 0
464 0 0 0 0
465 0 0 0 0
466 0 0 0 0
467 0 0 0 0
468 0 0 0 0
469 0 0 0 0
470 0 0 0 0
471 0 0 0 0
472 0 0 0 0
473 0 0 0 0
474 0 0 0 0
475 0 0 0 0
476 0 0 0 0
477 0 0 0 0
478 0 0 0 0
479 0 0 0 0
480 0 0 0 0
481 0 0 0 0
482 0 0 0 0
483 0 0 0 0
484 0 0 0 0
485 0 0 0 0
486 0 0 0 0
487 0 0 0 0
488 0 0 0 0
489 0 0 0 0
490 0 0 0 0
491 0 0 0 0
492 0 0 0 0
493 0 0 0 0
494 0 0 0 0
495 0 0 0 0
496 0 0 0 0
497 0 0 0 0
498 0 0 0 0
499 0 0 0 0
500 0 0 0 0
501 0 0 0 0
502 0 0 0 0
503 0 0 0 0
504 0 0 0 0
505 0 0 0 0
506 0 0 0 0
507 0 0 0 0
508 0 0 0 0
509 0 0 0 0
510 0 0 0 0
511 0 0 0 0
512 0 0 0 0
513 0 0 0 0
514 0 0 0 0
515 0 0 0 0
516 0 0 0 0
517 0 0 0 0
518 0 0 0 0
519 0 0 0 0
520 0 0 0 0
521 0 0 0 0
522 0 0 0 0
523 0 0 0 0
524 0 0 0 0
525 0 0 0 0
526 0 0 0 0
527 0 0 0 0
528 0 0 0 0
529 0 0 0 0
530 0 0 0 0
531 0 0 0 0
532 0 0 0 0
533 0 0 0 0
534 0 0 0 0
535 0 0 0 0
536 0 0 0 0
537 0 0 0 0
538 0 0 0 0
539 0 0 0 0
540 0 0 0 0
541 0 0 0 0
542 0 0 0 0
543 0 0 0 0
544 0 0 0 0
545 0 0 0 0
546 0 0 0 0
547 0 0 0 0
548 0 0 0 0
549 0 0 0 0
550 0 0 0 0
551 0 0 0 0
552 0 0 0 0
553 0 0 0 0
554 0 0 0 0
555 0 0 0 0
556 0 0 0 0
557 0 0 0 0
558 0 0 0 0
559 0 0 0 0
560 0 0 0 0
561 0 0 0 0
562 0 0 0 0
563 0 0 0 0
564 0 0 0 0
565 0 0 0 0
566 0 0 0 0
567 0 0 0 0
568 0 0 0 0
569 0 0 0 0
570 0 0 0 0
571 0 0 0 0
572 0 0 0 0
573 0 0 0 0
574 0 0 0 0
575 0 0 0 0
576 0 0 0 0
577 0 0 0 0
578 0 0 0 0
579 0 0 0 0
580 0 0 0 0
581 0 0 0 0
582 0 0 0 0
583 0 0 0 0
584 0 0 0 0
585 0 0 0 0
586 0 0 0 0
587 0 0 0 0
588 0 0 0 0
589 0 0 0 0
590 0 0 0 0
591 0 0 0 0
592 0 0 0 0
593 0 0 0 0
594 0 0 0 0
595 0 0 0 0
596 0 0 0 0
597 0 0 0 0
598 0 0 0 0
599 0 0 0 0
600 0 0 0 0
601 0 0 0 0
602 0 0 0 0
603 0 0 0 0
604 0 0 0 0
605 0 0 0 0
606 0 0 0 0
607 0 0 0 0
608 0 0 0 0
609 0 0 0 0
610 0 0 0 0
611 0 0 0 0
612 0 0 0 0
613 0 0 0 0
614 0 0 0 0
615 0 0 0 0
616 0 0 0 0
617 0 0 0 0
618 0 0 0 0
619 0 0 0 0
620 0 0 0 0
621 0 0 0 0
622 0 0 0 0
623 0 0 0 0
624 0 0 0 0
625 0 0 0 0
626 0 0 0 0
627 0 0 0 0
628 0 0 0 0
629 0 0 0 0
630 0 0 0 0
631 0 0 0 0
632 0 0 0 0
633 0 0 0 0
634 0 0 0 0
635 0 0 0 0
636 0 0 0 0
637 0 0 0 0
638 0 0 0 0
639 0 0 0 0
640 0 0 0 0
641 0 0 0 0
642 0 0 0 0
643 0 0 0 0
644 0 0 0 0
645 0 0 0 0
646 0 0 0 0
647 0 0 0 0
648 0 0 0 0
649 0 0 0 0
650 0 0 0 0
651 0 0 0 0
652 0 0 0 0
653 0 0 0 0
654 0 0 0 0
655 0 0 0 0
656 0 0 0 0
657 0 0 0 0
658 0 0 0 0
659 0 0 0 0
660 0 0 0 0
661 0 0 0 0
662 0 0 0 0
663 0 0 0 0
664 0 0 0 0
665 0 0 0 0
666 0 0 0 0
667 0 0 0 0
668 0 0 0 0
669 0 0 0 0
670 0 0 0 0
671 0 0 0 0
672 0 0 0 0
673 0 0 0 0
674 0 0 0 0
675 0 0 0 0
676 0 0 0 0
677 0 0 0 0
678 0 0 0 0
679 0 0 0 0
680 0 0 0 0
681 0 0 0 0
682 0 0 0 0
683 0 0 0 0
684 0 0 0 0
685 0 0 0 0
686 0 0 0 0
687 0 0 0 0
688 0 0 0 0
689 0 0 0 0
690 0 0 0 0
691 0 0 0 0
692 0 0 0 0
693 0 0 0 0
694 0 0 0 0
695 0 0 0 0
696 0 0 0 0
697 0 0 0 0
698 0 0 0 0
699 0 0 0 0
700 0 0 0 0
701 0 0 0 0
702 0 0 0 0
703 0 0 0 0
704 0 0 0 0
705 0 0 0 0
706 0 0 0 0
707 0 0 0 0
708 0 0 0 0
709 0 0 0 0
710 0 0 0 0
711 0 0 0 0
712 0 0 0 0
713 0 0 0 0
714 0 0 0 0
715 0 0 0 0
716 0 0 0 0
717 0 0 0 0
718 0 0 0 0
719 0 0 0 0
720 0 0 0 0
721 0 0 0 0
722 0 0 0 0
723 0 0 0 0
724 0 0 0 0
725 0 0 0 0
726 0 0 0 0
727 0 0 0 0
