0 0 0 0 0
1 0 0 0 0
2 0 0 0 0
3 0 0 0 0
4 0 0 0 0
5 0 0 2 0
6 0 0 0 0
7 0 0 0 0
8 0 0 0 0
9 0 1 2 1
10 0 0 0 0
11 0 0 0 0
12 0 0 0 1
13 0 0 0 2
14 0 0 0 0
15 0 0 0 0
16 0 0 0 1
17 1 0 0 0
18 0 0 0 0
19 0 0 0 0
20 0 0 0 0
21 1 0 0 0
22 0 0 0 0
23 1 0 0 0
24 2 0 0 0
25 0 0 0 0
26 1 0 1 0
27 1 0 0 0
28 1 0 0 0
29 0 1 0 0
30 0 1 0 1
31 0 0 0 0
32 0 1 1 0
33 1 1 0 0
34 0 0 0 0
35 0 0 1 0
36 0 0 0 2
37 0 1 0 1
38 0 1 0 0
39 0 0 0 1
40 0 0 0 1
41 0 0 0 0
42 0 0 0 1
43 1 0 0 0
44 2 0 0 1
45 2 0 0 1
46 1 0 0 0
47 0 0 0 0
48 0 0 1 0
49 1 1 1 0
50 3 0 1 0
51 1 1 0 0
52 0 0 0 1
53 1 0 0 1
54 1 0 2 1
55 1 0 2 0
56 1 1 0 1
57 2 0 0 0
58 1 0 0 2
59 0 1 1 0
60 1 0 0 0
61 0 1 1 1
62 1 1 1 2
63 1 0 1 3
64 0 0 0 0
65 0 0 0 1
66 2 1 0 2
67 1 0 0 0
68 1 1 0 1
69 2 1 0 0
70 0 0 0 1
71 3 0 1 0
72 4 1 0 1
73 0 1 0 2
74 3 2 0 0
75 2 2 0 1
76 3 2 1 1
77 1 1 2 1
78 3 0 0 0
79 3 2 0 1
80 2 1 0 1
81 1 3 0 2
82 2 0 1 1
83 1 2 0 3
84 3 2 0 3
85 3 0 1 0
86 5 0 0 1
87 2 1 3 2
88 2 2 1 4
89 8 2 1 2
90 2 1 1 1
91 0 2 0 3
92 0 0 1 0
93 4 4 0 1
94 2 5 2 3
95 4 2 4 5
96 7 1 0 3
97 4 0 0 1
98 3 1 3 5
99 3 1 1 3
100 3 2 0 2
101 3 3 0 3
102 4 1 2 5
103 1 2 1 2
104 4 3 1 1
105 3 6 1 5
106 2 2 0 3
107 2 1 2 4
108 7 0 1 4
109 4 0 2 7
110 7 5 0 1
111 2 2 2 3
112 2 0 1 2
113 4 4 2 4
114 5 3 0 3
115 2 1 3 1
116 3 1 1 1
117 2 3 2 5
118 4 2 2 4
119 4 5 2 3
120 5 3 0 3
121 2 1 0 6
122 3 2 1 3
123 5 3 2 4
124 6 2 1 3
125 6 3 0 2
126 4 1 1 6
127 6 2 2 3
128 5 2 2 3
129 10 5 2 2
130 8 0 2 5
131 5 1 1 3
132 5 5 1 6
133 3 5 3 4
134 7 7 1 4
135 6 5 3 4
136 9 3 1 4
137 9 4 1 5
138 9 6 1 4
139 7 5 0 7
140 11 4 0 5
141 8 5 3 6
142 5 2 3 7
143 9 5 4 6
144 6 5 3 7
145 9 2 4 8
146 9 5 7 8
147 7 5 1 6
148 7 7 2 5
149 6 9 3 7
150 4 3 3 7
151 7 4 5 8
152 13 4 4 6
153 9 4 3 10
154 5 4 3 8
155 11 4 3 11
156 11 4 0 13
157 8 5 3 6
158 8 5 2 7
159 10 1 4 7
160 9 5 5 7
161 6 7 6 7
162 7 8 2 5
163 7 3 1 3
164 11 7 3 9
165 14 4 2 10
166 14 4 4 8
167 10 6 1 6
168 15 8 5 12
169 12 7 6 8
170 12 5 3 8
171 17 4 6 12
172 10 4 2 9
173 8 8 4 10
174 11 10 4 2
175 11 9 6 13
176 16 5 8 9
177 14 5 8 11
178 20 9 2 12
179 7 4 5 8
180 20 10 3 16
181 12 9 8 13
182 15 7 5 16
183 12 11 6 11
184 13 8 2 10
185 20 15 3 13
186 16 7 6 7
187 12 11 7 14
188 10 3 4 14
189 7 10 4 22
190 12 11 5 17
191 14 10 3 14
192 19 6 5 11
193 19 6 7 14
194 16 11 3 14
195 19 8 8 5
196 13 7 8 10
197 24 12 8 15
198 18 8 6 16
199 16 10 2 13
200 22 8 7 16
201 14 8 2 20
202 15 12 7 19
203 15 7 7 11
204 19 13 10 18
205 10 12 10 9
206 13 16 4 14
207 13 12 3 12
208 14 10 1 26
209 16 12 8 25
210 13 5 5 19
211 15 13 3 14
212 17 11 9 16
213 14 9 7 17
214 13 5 6 9
215 15 6 4 14
216 11 9 4 22
217 9 8 7 18
218 10 6 5 12
219 7 9 6 11
220 5 12 2 12
221 5 5 5 14
222 7 10 5 10
223 12 10 4 12
224 9 10 4 13
225 8 7 3 15
226 13 5 2 18
227 14 6 1 14
228 10 8 4 15
229 9 3 4 6
230 7 4 2 11
231 7 6 3 7
232 4 6 5 15
233 7 6 3 7
234 6 9 6 4
235 5 3 5 12
236 7 5 3 10
237 8 4 3 9
238 4 4 2 9
239 3 3 5 6
240 5 3 1 9
241 4 3 5 14
242 5 4 2 10
243 3 2 1 12
244 4 5 1 3
245 4 3 3 6
246 3 0 4 6
247 3 4 4 3
248 2 0 2 6
249 1 4 2 3
250 2 0 2 4
251 2 3 1 9
252 2 4 2 5
253 4 1 1 6
254 6 4 0 2
255 3 1 1 2
256 1 2 0 7
257 2 0 1 1
258 4 4 0 5
259 4 2 1 4
260 1 1 2 2
261 4 2 0 2
262 0 0 1 4
263 1 3 1 2
264 1 2 1 3
265 1 0 1 1
266 0 3 1 3
267 1 2 1 5
268 3 2 1 4
269 1 0 1 0
270 0 0 1 2
271 1 0 0 1
272 4 1 0 3
273 0 0 1 2
274 1 1 0 5
275 2 0 0 1
276 4 1 0 0
277 3 5 1 0
278 1 0 0 1
279 0 0 0 1
280 2 1 0 2
281 2 1 2 4
282 0 1 0 0
283 1 2 0 0
284 0 1 1 3
285 0 1 1 3
286 0 2 1 1
287 0 0 0 2
288 0 1 0 2
289 0 1 0 0
290 1 1 0 1
291 0 0 0 0
292 0 0 0 3
293 1 0 0 2
294 0 0 0 1
295 0 0 0 0
296 0 0 0 1
297 0 0 0 0
298 1 0 1 0
299 0 1 0 0
300 1 0 0 0
301 2 0 0 0
302 2 0 0 0
303 0 0 0 0
304 2 0 0 0
305 0 1 0 1
306 0 0 0 1
307 0 0 2 0
308 2 0 1 0
309 1 0 0 1
310 0 2 0 0
311 0 0 0 2
312 0 1 0 0
313 0 2 1 0
314 0 0 0 2
315 0 0 0 1
316 0 0 0 0
317 0 0 0 1
318 0 0 1 0
319 0 0 0 1
320 0 0 0 2
321 0 0 0 0
322 0 0 0 1
323 0 0 0 0
324 0 0 0 0
325 0 0 0 0
326 0 0 0 0
327 0 0 0 0
328 1 0 0 0
329 2 0 0 0
330 0 0 0 0
331 0 0 0 0
332 1 0 0 0
333 0 0 1 0
334 0 1 1 0
335 0 0 0 0
336 0 0 0 0
337 0 0 0 1
338 0 0 0 1
339 0 0 0 0
340 0 0 0 0
341 0 1 0 1
342 0 0 0 0
343 0 0 0 0
344 0 0 0 0
345 0 0 0 0
346 0 0 0 0
347 0 0 0 0
348 0 0 0 1
349 0 0 0 0
350 0 0 0 0
351 0 0 0 0
352 0 0 0 0
353 0 0 0 0
354 0 0 0 0
355 0 0 0 0
356 0 0 0 0
357 0 0 0 0
358 0 0 0 0
359 0 0 0 0
360 0 0 0 0
361 0 0 0 0
362 0 0 0 0
363 0 0 0 0
364 0 0 0 0
365 0 0 0 0
366 0 0 0 0
367 0 0 0 0
368 0 0 0 0
369 0 0 0 0
370 0 0 0 0
371 0 0 0 0
372 0 0 0 0
373 0 0 0 0
374 0 0 0 0
375 0 0 0 0
376 0 0 0 0
377 0 0 0 0
378 0 0 0 0
379 0 0 0 0
380 0 0 0 0
381 0 0 0 0
382 0 0 0 0
383 0 0 0 0
384 0 0 0 0
385 0 0 0 0
386 0 0 0 0
387 0 0 0 0
388 0 0 0 0
389 0 0 0 0
390 0 0 0 0
391 0 0 0 0
392 0 0 0 0
393 0 0 0 0
394 0 0 0 0
395 0 0 0 0
396 0 0 0 0
397 0 0 0 0
398 0 0 0 0
399 0 0 0 0
400 0 0 0 0
401 0 0 0 0
402 0 0 0 0
403 0 0 0 0
404 0 0 0 0
405 0 0 0 0
406 0 0 0 0
407 0 0 0 0
408 0 0 0 0
409 0 0 0 0
410 0 0 0 0
411 0 0 0 0
412 0 0 0 0
413 0 0 0 0
414 0 0 0 0
415 0 0 0 0
416 0 0 0 0
417 0 0 0 0
418 0 0 0 0
419 0 0 0 0
420 0 0 0 0
421 0 0 0 0
422 0 0 0 0
423 0 0 0 0
424 0 0 0 0
425 0 0 0 0
426 0 0 0 0
427 0 0 0 0
428 0 0 0 0
429 0 0 0 0
430 0 0 0 0
431 0 0 0 0
432 0 0 0 0
433 0 0 0 0
434 0 0 0 0
435 0 0 0 0
436 0 0 0 0
437 0 0 0 0
438 0 0 0 0
439 0 0 0 0
440 0 0 0 0
441 0 0 0 0
442 0 0 0 0
443 0 0 0 0
444 0 0 0 0
445 0 0 0 0
446 0 0 0 0
447 0 0 0 0
448 0 0 0 0
449 0 0 0 0
450 0 0 0 0
451 0 0 0 0
452 0 0 0 0
453 0 0 0 0
454 0 0 0 0
455 0 0 0 0
456 0 0 0 0
457 0 0 0 0
458 0 0 0 0
459 0 0 0 0
460 0 0 0 0
461 0 0 0 0
462 0 0 0 0
463 0 0 0 0
464 0 0 0 0
465 0 0 0 0
466 0 0 0 0
467 0 0 0 0
468 0 0 0 0
469 0 0 0 0
470 0 0 0 0
471 0 0 0 0
472 0 0 0 0
473 0 0 0 0
474 0 0 0 0
475 0 0 0 0
476 0 0 0 0
477 0 0 0 0
478 0 0 0 0
479 0 0 0 0
480 0 0 0 0
481 0 0 0 0
482 0 0 0 0
483 0 0 0 0
484 0 0 0 0
485 0 0 0 0
486 0 0 0 0
487 0 0 0 0
488 0 0 0 0
489 0 0 0 0
490 0 0 0 0
491 0 0 0 0
492 0 0 0 0
493 0 0 0 0
494 0 0 0 0
495 0 0 0 0
496 0 0 0 0
497 0 0 0 0
498 0 0 0 0
499 0 0 0 0
500 0 0 0 0
501 0 0 0 0
502 0 0 0 0
503 0 0 0 0
504 0 0 0 0
505 0 0 0 0
506 0 0 0 0
507 0 0 0 0
508 0 0 0 0
509 0 0 0 0
510 0 0 0 0
511 0 0 0 0
512 0 0 0 0
513 0 0 0 0
514 0 0 0 0
515 0 0 0 0
516 0 0 0 0
517 0 0 0 0
518 0 0 0 0
519 0 0 0 0
520 0 0 0 0
521 0 0 0 0
522 0 0 0 0
523 0 0 0 0
524 0 0 0 0
525 0 0 0 0
526 0 0 0 0
527 0 0 0 0
528 0 0 0 0
529 0 0 0 0
530 0 0 0 0
531 0 0 0 0
532 0 0 0 0
533 0 0 0 0
534 0 0 0 0
535 0 0 0 0
536 0 0 0 0
537 0 0 0 0
538 0 0 0 0
539 0 0 0 0
540 0 0 0 0
541 0 0 0 0
542 0 0 0 0
543 0 0 0 0
544 0 0 0 0
545 0 0 0 0
546 0 0 0 0
547 0 0 0 0
548 0 0 0 0
549 0 0 0 0
550 0 0 0 0
551 0 0 0 0
552 0 0 0 0
553 0 0 0 0
554 0 0 0 0
555 0 0 0 0
556 0 0 0 0
557 0 0 0 0
558 0 0 0 0
559 0 0 0 0
560 0 0 0 0
561 0 0 0 0
562 0 0 0 0
563 0 0 0 0
564 0 0 0 0
565 0 0 0 0
566 0 0 0 0
567 0 0 0 0
568 0 0 0 0
569 0 0 0 0
570 0 0 0 0
571 0 0 0 0
572 0 0 0 0
573 0 0 0 0
574 0 0 0 0
575 0 0 0 0
576 0 0 0 0
577 0 0 0 0
578 0 0 0 0
579 0 0 0 0
580 0 0 0 0
581 0 0 0 0
582 0 0 0 0
583 0 0 0 0
584 0 0 0 0
585 0 0 0 0
586 0 0 0 0
587 0 0 0 0
588 0 0 0 0
589 0 0 0 0
590 0 0 0 0
591 0 0 0 0
592 0 0 0 0
593 0 0 0 0
594 0 0 0 0
595 0 0 0 0
596 0 0 0 0
597 0 0 0 0
598 0 0 0 0
599 0 0 0 0
600 0 0 0 0
601 0 0 0 0
602 0 0 0 0
603 0 0 0 0
604 0 0 0 0
605 0 0 0 0
606 0 0 0 0
607 0 0 0 0
608 0 0 0 0
609 0 0 0 0
610 0 0 0 0
611 0 0 0 0
612 0 0 0 0
613 0 0 0 0
614 0 0 0 0
615 0 0 0 0
616 0 0 0 0
617 0 0 0 0
618 0 0 0 0
619 0 0 0 0
620 0 0 0 0
621 0 0 0 0
622 0 0 0 0
623 0 0 0 0
624 0 0 0 0
625 0 0 0 0
626 0 0 0 0
627 0 0 0 0
628 0 0 0 0
629 0 0 0 0
630 0 0 0 0
631 0 0 0 0
632 0 0 0 0
633 0 0 0 0
634 0 0 0 0
635 0 0 0 0
636 0 0 0 0
637 0 0 0 0
638 0 0 0 0
639 0 0 0 0
640 0 0 0 0
641 0 0 0 0
642 0 0 0 0
643 0 0 0 0
644 0 0 0 0
645 0 0 0 0
646 0 0 0 0
647 0 0 0 0
648 0 0 0 0
649 0 0 0 0
650 0 0 0 0
651 0 0 0 0
652 0 0 0 0
653 0 0 0 0
654 0 0 0 0
655 0 0 0 0
656 0 0 0 0
657 0 0 0 0
658 0 0 0 0
659 0 0 0 0
660 0 0 0 0
661 0 0 0 0
662 0 0 0 0
663 0 0 0 0
664 0 0 0 0
665 0 0 0 0
666 0 0 0 0
667 0 0 0 0
668 0 0 0 0
669 0 0 0 0
670 0 0 0 0
671 0 0 0 0
672 0 0 0 0
673 0 0 0 0
674 0 0 0 0
675 0 0 0 0
676 0 0 0 0
677 0 0 0 0
678 0 0 0 0
679 0 0 0 0
680 0 0 0 0
681 0 0 0 0
682 0 0 0 0
683 0 0 0 0
684 0 0 0 0
685 0 0 0 0
686 0 0 0 0
687 0 0 0 0
688 0 0 0 0
689 0 0 0 0
690 0 0 0 0
691 0 0 0 0
692 0 0 0 0
693 0 0 0 0
694 0 0 0 0
695 0 0 0 0
696 0 0 0 0
697 0 0 0 0
698 0 0 0 0
699 0 0 0 0
700 0 0 0 0
701 0 0 0 0
702 0 0 0 0
703 0 0 0 0
704 0 0 0 0
705 0 0 0 0
706 0 0 0 0
707 0 0 0 0
708 0 0 0 0
709 0 0 0 0
710 0 0 0 0
711 0 0 0 0
712 0 0 0 0
713 0 0 0 0
714 0 0 0 0
715 0 0 0 0
716 0 0 0 0
717 0 0 0 0
718 0 0 0 0
719 0 0 0 0
720 0 0 0 0
721 0 0 0 0
722 0 0 0 0
723 0 0 0 0
724 0 0 0 0
725 0 0 0 0
726 0 0 0 0
727 0 0 0 0
