0 0 0 0 0
1 0 0 0 0
2 0 0 0 0
3 0 0 0 0
4 0 0 0 0
5 0 3 0 0
6 0 0 0 0
7 0 0 0 0
8 0 0 0 0
9 0 1 1 2
10 0 0 0 1
11 0 0 0 0
12 0 0 0 0
13 0 0 0 0
14 0 0 0 0
15 0 0 0 0
16 1 0 0 2
17 0 0 0 0
18 0 0 0 0
19 0 0 0 0
20 1 0 0 0
21 1 0 1 0
22 1 0 0 0
23 0 0 0 0
24 0 0 0 0
25 2 1 0 0
26 0 0 0 0
27 0 1 0 0
28 0 0 0 1
29 0 0 0 1
30 0 1 1 0
31 0 0 0 1
32 0 0 0 0
33 0 0 0 0
34 0 1 0 1
35 0 0 0 0
36 0 0 0 0
37 0 0 0 1
38 0 0 0 0
39 1 0 0 0
40 1 0 0 0
41 1 0 0 1
42 0 0 0 0
43 1 0 0 0
44 0 0 1 0
45 0 1 0 0
46 0 0 1 0
47 0 0 0 0
48 2 1 0 1
49 0 0 0 0
50 1 0 0 0
51 0 0 0 0
52 1 0 0 2
53 0 0 1 1
54 0 0 0 0
55 0 0 0 0
56 0 0 0 0
57 1 2 0 1
58 0 0 0 0
59 0 1 0 0
60 0 0 0 0
61 1 0 0 0
62 0 0 0 0
63 0 0 0 0
64 0 0 0 2
65 2 0 0 0
66 1 1 1 1
67 1 0 0 0
68 1 0 0 0
69 1 0 0 0
70 2 0 2 1
71 0 0 0 0
72 1 1 0 0
73 1 0 0 1
74 2 1 0 1
75 0 1 1 0
76 1 0 0 1
77 0 2 0 1
78 2 1 0 0
79 1 2 0 2
80 1 0 0 0
81 2 1 0 1
82 1 0 0 2
83 2 0 2 0
84 0 0 1 1
85 0 0 0 0
86 2 0 1 2
87 0 1 0 1
88 3 0 0 2
89 0 1 1 0
90 0 0 1 1
91 1 1 1 1
92 1 0 2 1
93 0 0 1 1
94 0 0 0 1
95 2 0 0 1
96 0 0 1 4
97 1 2 0 1
98 1 0 0 0
99 1 0 0 0
100 2 1 0 1
101 1 0 1 0
102 2 0 0 0
103 0 1 0 0
104 0 0 1 2
105 2 1 1 1
106 2 0 2 0
107 2 1 0 1
108 5 1 0 1
109 1 0 0 0
110 1 1 0 2
111 2 2 0 0
112 3 1 0 3
113 2 2 1 1
114 2 1 0 2
115 1 0 1 1
116 4 0 1 0
117 1 3 1 2
118 2 1 1 2
119 2 1 1 2
120 1 1 1 1
121 1 0 2 2
122 3 2 0 1
123 1 3 0 3
124 0 1 1 3
125 0 3 1 3
126 2 1 0 2
127 3 0 2 2
128 4 1 0 2
129 5 0 0 1
130 4 0 0 1
131 4 1 1 3
132 0 1 1 3
133 1 3 0 1
134 1 1 0 0
135 1 2 1 1
136 3 2 2 0
137 1 1 1 2
138 4 7 0 3
139 6 1 1 1
140 2 0 0 3
141 2 2 0 2
142 2 0 0 7
143 1 0 2 3
144 2 2 1 1
145 2 1 0 4
146 3 0 1 2
147 2 1 1 1
148 3 6 2 3
149 3 1 0 0
150 8 1 1 2
151 4 0 2 1
152 1 0 1 4
153 3 2 1 0
154 3 3 1 3
155 5 6 3 6
156 1 2 1 2
157 2 1 1 2
158 2 0 2 2
159 5 1 1 2
160 5 5 0 5
161 3 0 0 4
162 5 3 1 7
163 4 3 0 2
164 5 5 1 5
165 2 5 0 1
166 7 2 0 1
167 8 3 0 3
168 5 2 2 6
169 5 4 1 4
170 5 1 0 4
171 6 4 2 4
172 4 3 4 4
173 3 1 2 3
174 4 3 1 0
175 6 5 3 5
176 6 2 1 5
177 4 4 1 3
178 9 1 2 4
179 8 4 1 9
180 6 3 3 3
181 10 3 0 5
182 8 0 4 5
183 8 3 5 2
184 9 6 4 7
185 8 5 3 2
186 4 5 2 5
187 5 4 3 6
188 12 10 1 7
189 8 3 2 6
190 8 7 1 8
191 6 3 3 10
192 8 4 1 10
193 5 8 4 6
194 8 8 1 7
195 12 5 2 9
196 8 1 4 7
197 9 2 6 12
198 10 3 4 5
199 9 1 6 4
200 6 4 7 8
201 11 6 4 7
202 9 1 5 7
203 5 3 5 6
204 9 7 4 11
205 4 3 1 6
206 7 7 5 7
207 5 6 3 9
208 3 7 1 13
209 5 5 3 8
210 4 0 4 12
211 2 4 4 6
212 4 3 1 9
213 4 4 2 8
214 6 3 2 7
215 5 6 1 6
216 3 2 1 8
217 4 1 1 7
218 5 2 3 5
219 3 5 1 4
220 0 3 1 2
221 2 3 0 4
222 3 3 1 7
223 3 3 2 2
224 7 5 2 4
225 4 1 1 3
226 4 1 3 8
227 2 1 1 5
228 2 1 1 6
229 6 3 0 3
230 2 1 1 5
231 1 0 5 3
232 1 3 0 2
233 3 3 3 4
234 2 1 4 2
235 2 0 0 1
236 3 1 1 2
237 2 0 0 5
238 4 6 1 6
239 3 2 1 2
240 0 0 1 3
241 2 0 1 2
242 1 1 1 3
243 0 2 3 3
244 0 0 1 1
245 0 0 1 4
246 2 2 0 2
247 3 1 0 2
248 2 0 4 2
249 1 0 0 1
250 1 0 0 4
251 3 1 0 0
252 2 1 0 3
253 1 1 0 1
254 1 1 0 1
255 0 2 0 2
256 1 1 1 0
257 1 1 1 0
258 1 2 0 1
259 0 0 0 2
260 0 2 0 3
261 0 0 2 2
262 0 0 0 2
263 0 2 0 0
264 0 0 0 2
265 0 0 0 2
266 0 1 0 0
267 2 0 0 1
268 1 0 0 1
269 0 0 0 0
270 0 0 0 2
271 0 0 0 0
272 1 0 0 0
273 2 0 1 1
274 2 0 0 0
275 0 0 0 0
276 1 1 1 0
277 0 0 1 0
278 1 1 0 0
279 0 1 0 0
280 0 0 1 2
281 1 0 0 1
282 1 0 0 0
283 0 2 0 2
284 1 0 0 0
285 1 0 0 1
286 0 1 0 0
287 0 1 1 2
288 0 0 0 0
289 0 1 0 0
290 1 0 1 1
291 0 0 0 2
292 0 0 0 0
293 1 0 0 1
294 1 0 0 1
295 1 1 0 0
296 0 0 0 1
297 1 0 0 0
298 0 0 0 0
299 0 1 0 0
300 0 1 0 0
301 0 0 0 0
302 1 0 2 1
303 0 0 0 0
304 2 0 0 1
305 3 0 0 0
306 0 0 0 1
307 0 1 0 0
308 0 0 0 0
309 1 0 0 2
310 1 1 0 0
311 0 0 0 0
312 0 0 0 0
313 0 2 0 0
314 0 2 1 2
315 0 0 1 0
316 0 0 0 0
317 0 0 0 1
318 0 0 0 0
319 0 0 0 0
320 0 0 0 2
321 0 0 0 2
322 0 0 0 1
323 0 0 0 0
324 0 0 0 0
325 0 0 0 0
326 0 0 0 0
327 0 0 0 0
328 0 0 0 0
329 2 0 0 0
330 0 0 0 0
331 0 0 0 0
332 1 0 0 0
333 1 0 0 0
334 0 1 1 0
335 0 0 0 0
336 0 0 0 0
337 1 1 0 0
338 1 1 0 1
339 0 0 0 0
340 0 0 0 0
341 0 0 0 2
342 0 0 0 1
343 0 1 0 0
344 0 0 0 0
345 0 0 0 0
346 0 1 0 0
347 0 0 0 0
348 0 0 0 0
349 0 0 0 0
350 0 0 0 2
351 0 0 0 0
352 0 0 0 0
353 0 0 0 0
354 1 0 0 0
355 0 0 0 0
356 1 0 0 0
357 0 0 0 0
358 1 0 0 0
359 1 1 0 0
360 0 0 0 0
361 1 0 1 0
362 0 0 0 0
363 0 0 0 0
364 1 0 0 0
365 1 0 0 1
366 0 1 0 1
367 1 1 0 0
368 0 1 0 0
369 0 1 0 0
370 0 0 0 0
371 0 0 0 0
372 0 0 0 1
373 0 0 0 1
374 0 0 1 1
375 0 0 0 0
376 0 0 1 1
377 0 0 0 0
378 0 0 0 1
379 0 0 0 0
380 0 0 0 0
381 1 0 0 0
382 0 0 0 0
383 0 0 0 1
384 0 0 0 0
385 0 0 0 0
386 0 1 0 0
387 0 0 0 0
388 0 0 0 0
389 0 0 0 0
390 0 0 0 0
391 0 0 0 0
392 0 0 0 0
393 0 0 0 1
394 0 0 0 0
395 0 0 0 0
396 1 0 0 0
397 2 0 0 0
398 0 0 0 0
399 1 0 0 0
400 0 0 0 0
401 0 1 0 0
402 0 1 1 0
403 0 0 0 0
404 1 0 0 0
405 0 0 0 1
406 0 0 0 1
407 0 0 0 0
408 0 1 0 0
409 0 0 1 1
410 0 0 0 0
411 0 0 0 0
412 0 0 0 0
413 1 0 0 0
414 0 0 0 0
415 0 0 0 1
416 0 0 0 1
417 0 0 0 0
418 0 1 0 0
419 0 0 0 0
420 1 0 0 0
421 0 0 0 0
422 1 0 0 0
423 0 0 0 0
424 0 0 0 0
425 0 0 1 1
426 0 0 0 0
427 1 1 0 0
428 0 0 0 0
429 1 0 0 1
430 0 0 0 0
431 0 0 0 0
432 0 0 1 0
433 0 0 0 0
434 0 0 0 1
435 0 0 0 0
436 0 0 0 0
437 0 0 0 0
438 0 0 1 0
439 0 0 0 1
440 1 0 0 0
441 0 0 0 0
442 0 0 0 0
443 0 0 0 0
444 0 0 0 0
445 0 0 1 1
446 0 0 0 0
447 0 0 0 0
448 0 0 0 0
449 0 0 0 1
450 0 0 0 0
451 0 0 0 0
452 0 0 0 0
453 0 0 0 0
454 1 0 0 0
455 0 0 0 0
456 0 0 0 0
457 0 0 0 0
458 1 0 0 0
459 0 1 0 0
460 1 0 0 0
461 0 0 0 0
462 1 0 0 0
463 0 0 0 1
464 1 0 0 0
465 0 1 1 0
466 1 0 0 0
467 1 0 1 0
468 1 0 0 0
469 0 0 1 1
470 0 0 0 0
471 1 1 0 1
472 0 0 0 1
473 0 0 0 1
474 0 0 0 0
475 0 0 0 1
476 0 0 2 0
477 0 0 0 0
478 0 0 0 0
479 0 0 0 0
480 2 0 1 0
481 1 0 0 0
482 1 0 0 0
483 2 0 0 2
484 1 0 0 1
485 0 0 0 0
486 0 0 0 0
487 0 0 0 0
488 2 0 0 0
489 1 2 1 0
490 0 0 1 0
491 0 0 1 0
492 0 1 1 0
493 0 0 0 1
494 1 0 0 0
495 1 0 0 1
496 0 0 0 4
497 2 1 1 1
498 2 1 0 0
499 1 0 0 0
500 2 2 0 0
501 2 0 0 1
502 2 0 2 0
503 3 1 1 0
504 0 0 0 2
505 0 0 1 1
506 0 0 1 0
507 0 1 0 2
508 0 1 1 0
509 0 1 0 2
510 0 1 0 2
511 0 0 1 0
512 0 1 1 1
513 0 0 0 1
514 1 0 0 1
515 1 0 0 3
516 1 0 0 1
517 1 0 0 1
518 1 0 0 0
519 1 1 0 1
520 2 1 0 0
521 2 1 0 0
522 1 0 0 0
523 2 1 0 1
524 2 1 0 1
525 3 1 1 1
526 0 2 0 0
527 1 0 0 1
528 1 0 0 1
529 3 0 2 0
530 2 2 2 1
531 1 1 0 0
532 2 2 1 2
533 1 1 0 1
534 1 1 1 1
535 3 0 0 1
536 1 1 0 4
537 0 1 0 4
538 0 1 0 0
539 0 0 2 1
540 0 1 0 0
541 2 1 1 2
542 1 1 0 1
543 1 0 0 2
544 3 2 1 2
545 2 0 0 1
546 0 0 2 1
547 1 1 0 0
548 1 0 1 3
549 0 1 0 2
550 0 1 1 0
551 0 0 0 0
552 0 0 0 1
553 1 3 0 3
554 1 0 0 0
555 0 0 0 1
556 1 0 1 0
557 2 0 0 4
558 1 0 1 0
559 1 0 0 0
560 1 0 0 2
561 1 0 1 0
562 0 0 1 0
563 0 1 0 0
564 2 0 0 0
565 1 0 1 1
566 1 1 1 0
567 1 0 1 1
568 1 1 0 1
569 0 1 0 1
570 0 1 0 2
571 1 0 1 1
572 1 0 0 1
573 0 1 1 0
574 0 0 0 0
575 1 0 0 1
576 0 1 1 1
577 0 0 0 2
578 0 0 0 1
579 0 0 0 0
580 0 1 0 3
581 0 1 0 0
582 0 0 0 0
583 1 0 0 0
584 0 0 0 1
585 0 0 0 1
586 0 0 0 0
587 0 0 0 0
588 0 0 0 0
589 0 0 0 0
590 0 0 0 0
591 0 0 0 0
592 0 1 0 0
593 0 0 0 0
594 0 0 0 0
595 0 0 0 0
596 0 0 0 1
597 0 0 0 0
598 0 0 0 0
599 0 0 0 0
600 0 0 0 0
601 0 0 0 0
602 0 0 0 0
603 0 0 0 0
604 0 0 0 0
605 0 0 0 0
606 0 0 0 0
607 0 0 0 0
608 0 0 0 0
609 0 0 0 0
610 0 0 0 0
611 0 0 0 0
612 0 0 0 0
613 0 0 0 0
614 0 0 0 0
615 0 0 0 0
616 0 0 0 0
617 0 0 0 0
618 0 0 0 0
619 0 0 0 0
620 0 0 0 0
621 0 0 0 0
622 0 0 0 0
623 0 0 0 0
624 0 0 0 0
625 0 0 0 0
626 0 0 0 0
627 0 0 0 0
628 0 0 0 0
629 0 0 0 0
630 0 0 0 0
631 0 0 0 0
632 0 0 0 0
633 0 0 0 0
634 0 0 0 0
635 0 0 0 0
636 0 0 0 0
637 0 0 0 0
638 0 0 0 0
639 0 0 0 0
640 0 0 0 0
641 0 0 0 0
642 0 0 0 0
643 0 0 0 0
644 0 0 0 0
645 0 0 0 0
646 0 0 0 0
647 0 0 0 0
648 0 0 0 0
649 0 0 0 0
650 0 0 0 0
651 0 0 0 0
652 0 0 0 0
653 0 0 0 0
654 0 0 0 0
655 0 0 0 0
656 0 0 0 0
657 0 0 0 0
658 0 0 0 0
659 0 0 0 0
660 0 0 0 0
661 0 0 0 0
662 0 0 0 0
663 0 0 0 0
664 0 0 0 0
665 0 0 0 0
666 0 0 0 0
667 0 0 0 0
668 0 0 0 0
669 0 0 0 0
670 0 0 0 0
671 0 0 0 0
672 0 0 0 0
673 0 0 0 0
674 0 0 0 0
675 0 0 0 0
676 0 0 0 0
677 0 0 0 0
678 0 0 0 0
679 0 0 0 0
680 0 0 0 0
681 0 0 0 0
682 0 0 0 0
683 0 0 0 0
684 0 0 0 0
685 0 0 0 0
686 0 0 0 0
687 0 0 0 0
688 0 0 0 0
689 0 0 0 0
690 0 0 0 0
691 0 0 0 0
692 0 0 0 0
693 0 0 0 0
694 0 0 0 0
695 0 0 0 0
696 0 0 0 0
697 0 0 0 0
698 0 0 0 0
699 0 0 0 0
700 0 0 0 0
701 0 0 0 0
702 0 0 0 0
703 0 0 0 0
704 0 0 0 0
705 0 0 0 0
706 0 0 0 0
707 0 0 0 0
708 0 0 0 0
709 0 0 0 0
710 0 0 0 0
711 0 0 0 0
712 0 0 0 0
713 0 0 0 0
714 0 0 0 0
715 0 0 0 0
716 0 0 0 0
717 0 0 0 0
718 0 0 0 0
719 0 0 0 0
720 0 0 0 0
721 0 0 0 0
722 0 0 0 0
723 0 0 0 0
724 0 0 0 0
725 0 0 0 0
726 0 0 0 0
727 0 0 0 0
