0 0 0 0 0
1 0 0 0 0
2 0 0 0 0
3 0 0 0 0
4 0 0 0 0
5 0 0 0 0
6 0 0 0 0
7 0 0 0 0
8 0 0 0 0
9 0 4 1 0
10 0 0 0 0
11 0 0 0 0
12 0 0 0 0
13 0 0 0 2
14 0 0 0 1
15 0 0 0 0
16 0 0 0 2
17 0 0 0 0
18 0 0 0 0
19 0 0 0 0
20 0 0 0 0
21 0 0 0 0
22 1 0 0 0
23 2 0 0 0
24 1 0 0 0
25 1 0 0 0
26 1 0 0 0
27 1 0 1 0
28 2 2 0 0
29 4 0 1 0
30 1 1 0 0
31 2 1 0 1
32 1 0 0 2
33 1 0 0 0
34 0 1 0 1
35 1 1 1 1
36 1 1 1 1
37 1 4 0 0
38 0 1 0 0
39 2 0 0 0
40 2 1 0 2
41 1 2 0 4
42 2 1 0 3
43 1 0 0 0
44 2 0 0 1
45 2 0 1 0
46 1 0 1 1
47 1 0 0 1
48 1 2 1 1
49 2 1 1 1
50 0 2 0 1
51 0 0 1 0
52 2 0 1 4
53 4 1 0 0
54 2 2 0 3
55 1 0 1 1
56 0 0 1 2
57 0 1 0 0
58 2 3 0 0
59 0 2 0 0
60 0 1 0 1
61 0 2 0 5
62 2 1 1 1
63 0 1 0 2
64 0 0 0 1
65 2 0 1 4
66 2 0 0 1
67 2 1 0 1
68 2 0 0 0
69 3 0 0 2
70 2 1 0 0
71 1 1 2 1
72 0 1 0 0
73 1 0 0 0
74 2 2 0 0
75 3 1 0 2
76 2 1 1 0
77 2 1 1 2
78 2 3 0 1
79 2 1 1 1
80 3 2 0 1
81 1 0 0 3
82 1 1 0 1
83 2 2 0 2
84 0 3 0 3
85 0 3 1 2
86 1 1 0 1
87 0 1 1 1
88 1 1 0 2
89 0 1 0 2
90 1 0 1 1
91 0 0 1 3
92 2 0 1 4
93 2 1 0 1
94 3 0 0 2
95 3 0 0 0
96 0 0 0 1
97 2 1 1 1
98 2 0 1 1
99 1 1 2 0
100 2 1 1 0
101 4 0 0 2
102 4 0 1 0
103 2 1 1 1
104 1 1 0 2
105 1 2 0 1
106 2 2 2 2
107 3 1 2 0
108 1 2 1 1
109 1 0 0 2
110 2 2 1 5
111 2 3 1 1
112 0 3 0 4
113 0 1 1 1
114 1 0 0 4
115 2 0 1 1
116 2 1 1 2
117 1 0 0 3
118 3 0 0 3
119 4 0 1 2
120 1 1 1 2
121 1 0 1 0
122 0 0 0 0
123 1 0 2 0
124 1 2 1 1
125 1 1 1 1
126 2 1 1 1
127 4 1 1 1
128 5 1 1 2
129 3 0 0 2
130 1 0 0 4
131 5 1 0 1
132 3 1 0 0
133 2 1 2 0
134 3 2 2 2
135 3 1 0 3
136 3 2 4 0
137 3 1 2 0
138 2 0 2 3
139 0 1 0 2
140 2 2 2 6
141 3 0 3 3
142 3 2 2 0
143 3 2 2 4
144 3 0 1 4
145 2 1 2 2
146 0 1 1 4
147 4 2 1 4
148 0 0 1 3
149 3 1 1 2
150 2 1 2 1
151 4 1 0 1
152 4 3 0 3
153 6 1 1 3
154 7 3 1 3
155 3 2 0 1
156 6 1 1 3
157 6 0 0 2
158 4 1 2 2
159 8 4 1 3
160 5 5 1 3
161 5 7 2 2
162 6 2 5 3
163 7 4 0 3
164 8 4 1 4
165 7 1 2 2
166 4 3 5 6
167 5 4 1 4
168 5 6 2 10
169 6 3 3 6
170 4 2 0 6
171 3 2 4 3
172 8 5 1 8
173 8 5 2 8
174 7 5 3 6
175 10 1 2 6
176 8 2 1 5
177 6 4 2 5
178 12 8 1 6
179 6 1 6 2
180 9 2 2 4
181 13 7 4 9
182 10 3 2 7
183 10 7 2 6
184 12 10 1 3
185 10 9 3 11
186 6 7 4 6
187 15 6 3 5
188 9 7 2 9
189 11 1 5 8
190 16 5 4 9
191 11 8 2 13
192 14 5 4 11
193 17 6 9 12
194 14 6 4 6
195 10 5 5 12
196 7 12 4 7
197 8 2 8 15
198 5 11 6 8
199 15 11 5 7
200 9 7 3 12
201 4 4 8 12
202 8 6 2 15
203 10 4 5 13
204 13 10 3 12
205 8 4 1 21
206 7 5 1 11
207 6 6 1 8
208 8 7 4 10
209 8 8 5 8
210 5 6 2 5
211 3 5 1 7
212 7 4 3 9
213 5 4 5 7
214 8 6 1 10
215 5 3 2 10
216 8 4 3 11
217 3 4 2 6
218 6 4 1 4
219 4 3 5 7
220 1 2 1 8
221 1 5 7 7
222 6 2 1 4
223 3 4 2 8
224 3 3 4 6
225 7 1 1 10
226 3 0 1 6
227 8 4 3 7
228 5 1 1 10
229 4 2 2 1
230 4 2 1 0
231 7 2 3 6
232 7 3 2 3
233 3 0 1 4
234 2 6 3 5
235 2 4 0 5
236 5 8 2 2
237 3 6 0 2
238 2 2 0 7
239 1 0 3 5
240 3 2 2 6
241 1 4 4 6
242 3 1 2 5
243 1 1 1 7
244 2 1 0 3
245 3 3 0 5
246 2 2 0 5
247 0 2 0 5
248 1 0 0 4
249 2 1 0 1
250 2 0 0 3
251 2 2 1 0
252 3 1 0 0
253 0 2 0 1
254 2 2 2 2
255 2 1 0 2
256 0 0 0 2
257 1 1 0 0
258 1 0 1 2
259 0 1 1 1
260 0 2 1 2
261 1 2 1 4
262 1 0 0 1
263 1 1 2 1
264 1 1 0 2
265 3 0 0 3
266 0 0 2 1
267 0 0 1 2
268 0 0 0 1
269 1 1 0 0
270 0 0 1 3
271 0 0 0 1
272 0 1 0 0
273 2 0 0 1
274 1 0 3 1
275 0 0 0 0
276 0 0 0 1
277 1 0 0 0
278 0 1 0 3
279 1 0 0 1
280 0 0 0 0
281 1 0 0 0
282 0 1 0 0
283 0 1 0 0
284 0 0 1 0
285 0 0 0 1
286 0 1 1 1
287 0 0 0 0
288 1 0 0 0
289 1 0 0 0
290 0 0 0 2
291 1 0 0 1
292 1 0 0 0
293 0 1 0 1
294 0 1 0 0
295 0 0 0 0
296 0 1 0 0
297 0 0 1 0
298 0 0 0 1
299 0 0 0 0
300 0 0 0 1
301 0 0 0 1
302 0 0 0 0
303 1 0 0 1
304 0 0 0 0
305 0 0 0 0
306 1 0 0 0
307 0 0 0 0
308 0 0 0 0
309 0 0 0 0
310 0 0 0 0
311 0 0 1 0
312 0 0 1 0
313 0 0 0 0
314 0 0 0 0
315 0 0 0 1
316 0 0 0 1
317 0 0 0 0
318 0 0 0 0
319 0 0 0 0
320 0 0 0 0
321 0 0 0 0
322 0 0 0 0
323 0 0 0 0
324 0 0 0 0
325 0 0 0 0
326 0 0 0 0
327 0 0 0 0
328 0 0 0 0
329 0 0 0 0
330 0 0 0 0
331 0 0 0 0
332 0 0 0 0
333 0 0 0 0
334 0 0 0 0
335 0 0 0 0
336 0 0 0 0
337 0 0 0 0
338 0 0 0 0
339 0 0 0 0
340 0 0 0 0
341 0 0 0 0
342 0 0 0 0
343 0 0 0 0
344 0 0 0 0
345 0 0 0 0
346 0 0 0 0
347 0 0 0 0
348 0 0 0 0
349 0 0 0 0
350 0 0 0 0
351 0 0 0 0
352 0 0 0 0
353 0 0 0 0
354 0 0 0 0
355 0 0 0 0
356 0 0 0 0
357 0 0 0 0
358 0 0 0 0
359 0 0 0 0
360 0 0 0 0
361 0 0 0 0
362 0 0 0 0
363 0 0 0 0
364 0 0 0 0
365 0 0 0 0
366 0 0 0 0
367 0 0 0 0
368 0 0 0 0
369 0 0 0 0
370 0 0 0 0
371 0 0 0 0
372 0 0 0 0
373 0 0 0 0
374 0 0 0 0
375 0 0 0 0
376 0 0 0 0
377 0 0 0 0
378 0 0 0 0
379 0 0 0 0
380 0 0 0 0
381 0 0 0 0
382 0 0 0 0
383 0 0 0 0
384 0 0 0 0
385 0 0 0 0
386 0 0 0 0
387 0 0 0 0
388 0 0 0 0
389 0 0 0 0
390 0 0 0 0
391 0 0 0 0
392 0 0 0 0
393 0 0 0 0
394 0 0 0 0
395 0 0 0 0
396 0 0 0 0
397 0 0 0 0
398 0 0 0 0
399 0 0 0 0
400 0 0 0 0
401 0 0 0 0
402 0 0 0 0
403 0 0 0 0
404 0 0 0 0
405 0 0 0 0
406 0 0 0 0
407 0 0 0 0
408 0 0 0 0
409 0 0 0 0
410 0 0 0 0
411 0 0 0 0
412 0 0 0 0
413 0 0 0 0
414 0 0 0 0
415 0 0 0 0
416 0 0 0 0
417 0 0 0 0
418 0 0 0 0
419 0 0 0 0
420 0 0 0 0
421 0 0 0 0
422 0 0 0 0
423 0 0 0 0
424 0 0 0 0
425 0 0 0 0
426 0 0 0 0
427 0 0 0 0
428 0 0 0 0
429 0 0 0 0
430 0 0 0 0
431 0 0 0 0
432 0 0 0 0
433 0 0 0 0
434 0 0 0 0
435 0 0 0 0
436 0 0 0 0
437 0 0 0 0
438 0 0 0 0
439 0 0 0 0
440 0 0 0 0
441 0 0 0 0
442 0 0 0 0
443 0 0 0 0
444 0 0 0 0
445 0 0 0 0
446 0 0 0 0
447 0 0 0 0
448 0 0 0 0
449 0 0 0 0
450 0 0 0 0
451 0 0 0 0
452 0 0 0 0
453 0 0 0 0
454 0 0 0 0
455 0 0 0 0
456 0 0 0 0
457 0 0 0 0
458 0 0 0 0
459 0 0 0 0
460 0 0 0 0
461 0 0 0 0
462 0 0 0 0
463 0 0 0 0
464 0 0 0 0
465 0 0 0 0
466 0 0 0 0
467 0 0 0 0
468 0 0 0 0
469 0 0 0 0
470 0 0 0 0
471 0 0 0 0
472 0 0 0 0
473 0 0 0 0
474 0 0 0 0
475 0 0 0 0
476 0 0 0 0
477 0 0 0 0
478 0 0 0 0
479 0 0 0 0
480 0 0 0 0
481 0 0 0 0
482 0 0 0 0
483 0 0 0 0
484 0 0 0 0
485 0 0 0 0
486 0 0 0 0
487 0 0 0 0
488 0 0 0 0
489 0 0 0 0
490 0 0 0 0
491 0 0 0 0
492 0 0 0 0
493 0 0 0 0
494 0 0 0 0
495 0 0 0 0
496 0 0 0 0
497 0 0 0 0
498 0 0 0 0
499 0 0 0 0
500 0 0 0 0
501 0 0 0 0
502 0 0 0 0
503 0 0 0 0
504 0 0 0 0
505 0 0 0 0
506 0 0 0 0
507 0 0 0 0
508 0 0 0 0
509 0 0 0 0
510 0 0 0 0
511 0 0 0 0
512 0 0 0 0
513 0 0 0 0
514 0 0 0 0
515 0 0 0 0
516 0 0 0 0
517 0 0 0 0
518 0 0 0 0
519 0 0 0 0
520 0 0 0 0
521 0 0 0 0
522 0 0 0 0
523 0 0 0 0
524 0 0 0 0
525 0 0 0 0
526 0 0 0 0
527 0 0 0 0
528 0 0 0 0
529 0 0 0 0
530 0 0 0 0
531 0 0 0 0
532 0 0 0 0
533 0 0 0 0
534 0 0 0 0
535 0 0 0 0
536 0 0 0 0
537 0 0 0 0
538 0 0 0 0
539 0 0 0 0
540 0 0 0 0
541 0 0 0 0
542 0 0 0 0
543 0 0 0 0
544 0 0 0 0
545 0 0 0 0
546 0 0 0 0
547 0 0 0 0
548 0 0 0 0
549 0 0 0 0
550 0 0 0 0
551 0 0 0 0
552 0 0 0 0
553 0 0 0 0
554 0 0 0 0
555 0 0 0 0
556 0 0 0 0
557 0 0 0 0
558 0 0 0 0
559 0 0 0 0
560 0 0 0 0
561 0 0 0 0
562 0 0 0 0
563 0 0 0 0
564 0 0 0 0
565 0 0 0 0
566 0 0 0 0
567 0 0 0 0
568 0 0 0 0
569 0 0 0 0
570 0 0 0 0
571 0 0 0 0
572 0 0 0 0
573 0 0 0 0
574 0 0 0 0
575 0 0 0 0
576 0 0 0 0
577 0 0 0 0
578 0 0 0 0
579 0 0 0 0
580 0 0 0 0
581 0 0 0 0
582 0 0 0 0
583 0 0 0 0
584 0 0 0 0
585 0 0 0 0
586 0 0 0 0
587 0 0 0 0
588 0 0 0 0
589 0 0 0 0
590 0 0 0 0
591 0 0 0 0
592 0 0 0 0
593 0 0 0 0
594 0 0 0 0
595 0 0 0 0
596 0 0 0 0
597 0 0 0 0
598 0 0 0 0
599 0 0 0 0
600 0 0 0 0
601 0 0 0 0
602 0 0 0 0
603 0 0 0 0
604 0 0 0 0
605 0 0 0 0
606 0 0 0 0
607 0 0 0 0
608 0 0 0 0
609 0 0 0 0
610 0 0 0 0
611 0 0 0 0
612 0 0 0 0
613 0 0 0 0
614 0 0 0 0
615 0 0 0 0
616 0 0 0 0
617 0 0 0 0
618 0 0 0 0
619 0 0 0 0
620 0 0 0 0
621 0 0 0 0
622 0 0 0 0
623 0 0 0 0
624 0 0 0 0
625 0 0 0 0
626 0 0 0 0
627 0 0 0 0
628 0 0 0 0
629 0 0 0 0
630 0 0 0 0
631 0 0 0 0
632 0 0 0 0
633 0 0 0 0
634 0 0 0 0
635 0 0 0 0
636 0 0 0 0
637 0 0 0 0
638 0 0 0 0
639 0 0 0 0
640 0 0 0 0
641 0 0 0 0
642 0 0 0 0
643 0 0 0 0
644 0 0 0 0
645 0 0 0 0
646 0 0 0 0
647 0 0 0 0
648 0 0 0 0
649 0 0 0 0
650 0 0 0 0
651 0 0 0 0
652 0 0 0 0
653 0 0 0 0
654 0 0 0 0
655 0 0 0 0
656 0 0 0 0
657 0 0 0 0
658 0 0 0 0
659 0 0 0 0
660 0 0 0 0
661 0 0 0 0
662 0 0 0 0
663 0 0 0 0
664 0 0 0 0
665 0 0 0 0
666 0 0 0 0
667 0 0 0 0
668 0 0 0 0
669 0 0 0 0
670 0 0 0 0
671 0 0 0 0
672 0 0 0 0
673 0 0 0 0
674 0 0 0 0
675 0 0 0 0
676 0 0 0 0
677 0 0 0 0
678 0 0 0 0
679 0 0 0 0
680 0 0 0 0
681 0 0 0 0
682 0 0 0 0
683 0 0 0 0
684 0 0 0 0
685 0 0 0 0
686 0 0 0 0
687 0 0 0 0
688 0 0 0 0
689 0 0 0 0
690 0 0 0 0
691 0 0 0 0
692 0 0 0 0
693 0 0 0 0
694 0 0 0 0
695 0 0 0 0
696 0 0 0 0
697 0 0 0 0
698 0 0 0 0
699 0 0 0 0
700 0 0 0 0
701 0 0 0 0
702 0 0 0 0
703 0 0 0 0
704 0 0 0 0
705 0 0 0 0
706 0 0 0 0
707 0 0 0 0
708 0 0 0 0
709 0 0 0 0
710 0 0 0 0
711 0 0 0 0
712 0 0 0 0
713 0 0 0 0
714 0 0 0 0
715 0 0 0 0
716 0 0 0 0
717 0 0 0 0
718 0 0 0 0
719 0 0 0 0
720 0 0 0 0
721 0 0 0 0
722 0 0 0 0
723 0 0 0 0
724 0 0 0 0
725 0 0 0 0
726 0 0 0 0
727 0 0 0 0
