0 0 0 0 0
1 0 0 0 0
2 0 0 0 0
3 0 0 0 0
4 0 0 0 0
5 0 3 1 0
6 0 0 0 0
7 0 0 0 0
8 0 0 0 0
9 0 0 1 3
10 0 0 0 0
11 0 0 0 0
12 0 0 0 1
13 0 0 0 0
14 0 0 0 0
15 0 0 0 0
16 0 0 0 1
17 0 0 0 0
18 2 0 0 0
19 0 0 0 0
20 1 0 0 0
21 1 0 0 0
22 0 0 0 0
23 2 0 0 0
24 0 0 0 0
25 1 0 1 0
26 0 0 0 0
27 0 0 2 0
28 0 2 0 0
29 0 0 0 0
30 1 1 1 0
31 0 0 0 2
32 0 0 0 2
33 0 0 0 0
34 0 0 0 2
35 1 0 0 1
36 1 0 0 0
37 0 0 0 0
38 1 0 0 0
39 0 1 0 0
40 0 1 0 0
41 0 0 0 0
42 1 0 0 0
43 0 1 0 0
44 0 0 0 0
45 0 0 1 0
46 0 0 0 2
47 1 0 0 1
48 0 0 0 0
49 1 0 0 1
50 3 0 0 0
51 0 1 0 0
52 1 0 0 0
53 2 0 0 0
54 1 0 0 0
55 1 0 0 1
56 3 0 1 0
57 0 1 0 0
58 3 1 0 0
59 1 5 0 0
60 0 0 0 1
61 2 1 1 1
62 1 1 0 0
63 0 1 0 1
64 0 1 1 0
65 0 0 1 1
66 0 2 0 4
67 2 1 2 1
68 2 0 0 3
69 0 0 0 2
70 0 0 0 2
71 2 0 0 2
72 1 1 0 0
73 1 1 0 0
74 0 0 0 2
75 1 0 0 0
76 2 2 1 1
77 1 1 1 1
78 1 0 0 0
79 3 0 0 0
80 3 0 0 1
81 1 1 0 2
82 3 1 0 0
83 4 0 0 2
84 2 2 1 0
85 1 2 1 1
86 2 2 0 0
87 1 1 1 0
88 4 0 2 3
89 1 2 2 2
90 1 0 0 2
91 2 1 0 1
92 0 2 2 3
93 1 1 1 2
94 1 2 0 1
95 2 0 1 2
96 2 0 0 3
97 1 2 1 1
98 3 0 1 0
99 4 1 1 4
100 5 1 2 1
101 2 2 0 5
102 3 0 1 0
103 4 1 1 2
104 2 2 0 2
105 4 2 1 2
106 3 1 0 1
107 4 3 2 2
108 1 1 3 1
109 2 1 1 0
110 3 3 1 2
111 4 0 1 4
112 2 2 1 6
113 0 2 0 0
114 3 3 0 6
115 1 2 2 1
116 4 4 1 4
117 1 0 1 3
118 3 0 1 2
119 3 2 1 4
120 6 2 0 1
121 2 3 0 3
122 4 0 0 2
123 3 1 1 7
124 1 1 1 2
125 3 3 2 0
126 6 1 1 0
127 3 3 3 1
128 6 1 1 4
129 5 1 3 2
130 3 1 2 3
131 3 3 1 6
132 2 4 1 4
133 4 0 3 2
134 5 4 1 3
135 4 4 1 2
136 6 2 1 5
137 5 3 1 3
138 5 1 2 3
139 6 0 2 4
140 8 3 2 3
141 3 3 3 6
142 5 4 0 5
143 4 2 4 4
144 5 0 2 3
145 7 5 4 5
146 8 4 0 1
147 4 5 1 8
148 6 3 1 4
149 5 1 4 9
150 8 3 2 1
151 5 4 1 5
152 2 4 2 5
153 5 4 1 5
154 7 3 4 7
155 6 5 5 4
156 11 1 3 6
157 5 4 1 3
158 11 3 1 5
159 10 2 3 10
160 5 4 2 7
161 11 4 1 7
162 11 4 3 5
163 2 8 2 4
164 3 2 4 5
165 10 6 3 6
166 10 6 3 6
167 9 6 0 9
168 8 5 2 3
169 8 5 0 9
170 8 6 3 11
171 5 11 5 5
172 10 4 4 10
173 13 2 2 7
174 14 5 4 8
175 16 6 1 9
176 19 3 2 5
177 18 7 6 7
178 18 8 3 11
179 11 7 4 9
180 5 10 3 5
181 14 7 2 14
182 9 10 6 7
183 12 8 10 5
184 13 6 6 15
185 13 7 3 8
186 16 10 6 22
187 15 8 4 11
188 12 6 7 16
189 11 9 1 7
190 17 9 4 19
191 8 5 5 12
192 22 10 9 10
193 19 10 2 10
194 22 9 6 10
195 21 7 6 14
196 17 10 1 14
197 12 12 3 11
198 21 7 5 13
199 15 16 6 15
200 16 6 6 13
201 10 12 10 16
202 11 7 9 13
203 10 10 11 16
204 8 9 7 14
205 11 12 7 20
206 11 10 4 16
207 11 13 4 15
208 14 7 2 23
209 5 7 6 19
210 9 7 3 17
211 8 5 4 12
212 7 7 4 12
213 10 6 1 16
214 16 5 3 15
215 11 5 6 13
216 11 2 5 10
217 10 10 5 5
218 11 2 2 8
219 11 9 4 10
220 10 5 7 9
221 10 5 2 9
222 11 5 8 7
223 10 5 4 10
224 14 6 5 15
225 10 9 3 7
226 6 6 5 13
227 6 4 9 10
228 5 8 3 10
229 2 9 4 14
230 2 3 5 10
231 2 7 1 12
232 3 6 3 10
233 1 6 4 14
234 4 1 5 12
235 4 0 2 7
236 1 2 1 6
237 0 1 3 8
238 5 0 1 10
239 2 3 1 7
240 1 1 3 7
241 4 1 2 5
242 4 0 0 0
243 4 2 1 2
244 5 1 1 5
245 2 0 0 2
246 4 0 0 3
247 3 5 2 3
248 5 2 2 1
249 2 2 0 0
250 3 3 3 2
251 1 4 1 6
252 0 2 2 3
253 0 4 3 0
254 2 0 1 8
255 3 2 0 3
256 0 1 0 5
257 2 0 1 4
258 0 1 0 4
259 0 2 2 3
260 1 1 2 5
261 1 0 0 1
262 1 0 0 1
263 2 0 0 4
264 2 0 1 3
265 1 0 1 0
266 1 1 1 0
267 2 0 0 0
268 1 0 0 1
269 2 1 1 1
270 1 3 0 0
271 2 0 0 0
272 0 1 1 1
273 0 1 0 3
274 2 0 1 2
275 1 2 0 0
276 1 0 1 1
277 1 1 0 2
278 0 0 1 0
279 1 0 2 1
280 1 2 1 1
281 0 1 0 2
282 0 0 0 2
283 0 0 0 2
284 1 0 0 2
285 0 0 0 0
286 0 1 0 1
287 1 0 0 1
288 2 1 0 1
289 0 0 1 0
290 1 0 0 0
291 1 0 0 0
292 0 0 1 1
293 0 2 0 2
294 1 0 0 0
295 1 1 0 0
296 0 1 0 0
297 1 0 1 1
298 0 0 0 0
299 0 0 0 1
300 0 0 1 2
301 0 0 0 0
302 0 0 1 1
303 0 0 1 0
304 0 0 0 1
305 1 0 0 0
306 1 0 0 1
307 0 0 0 2
308 1 0 0 0
309 0 0 0 0
310 0 0 1 0
311 0 1 0 0
312 0 0 0 0
313 0 0 1 0
314 0 0 0 1
315 0 0 0 1
316 0 0 0 0
317 1 0 0 0
318 0 0 0 0
319 0 0 0 0
320 0 0 0 1
321 0 0 0 0
322 1 0 0 0
323 0 0 0 0
324 0 0 0 0
325 0 0 0 0
326 0 0 1 0
327 0 1 0 0
328 0 0 0 0
329 0 0 0 0
330 0 0 0 1
331 0 0 0 0
332 0 0 0 1
333 0 0 0 0
334 0 0 0 0
335 0 0 0 0
336 0 0 0 0
337 0 0 0 0
338 0 0 0 0
339 0 0 0 0
340 0 0 0 0
341 0 0 0 0
342 1 0 0 0
343 0 0 0 0
344 0 0 0 0
345 0 0 0 0
346 0 0 0 0
347 0 1 0 0
348 0 0 0 0
349 0 0 0 0
350 0 0 0 0
351 0 0 0 0
352 0 0 0 0
353 0 0 0 0
354 0 0 0 1
355 0 0 0 0
356 0 0 0 0
357 0 0 0 0
358 0 0 0 0
359 0 0 0 0
360 1 0 0 0
361 0 0 0 0
362 0 0 0 0
363 0 0 0 0
364 0 0 0 0
365 0 0 0 0
366 0 0 0 0
367 0 0 0 0
368 0 0 0 0
369 0 1 0 0
370 0 0 0 0
371 0 0 0 0
372 0 0 0 0
373 0 0 0 1
374 0 0 0 0
375 0 0 0 0
376 0 0 0 0
377 0 0 0 0
378 0 0 0 0
379 0 0 0 0
380 0 0 0 0
381 0 0 0 0
382 0 0 0 0
383 0 0 0 0
384 0 0 0 0
385 0 0 0 0
386 0 0 0 0
387 0 0 0 0
388 0 0 0 0
389 1 0 0 0
390 1 0 0 0
391 1 0 0 0
392 0 0 0 0
393 0 0 0 0
394 0 0 0 0
395 0 0 1 0
396 0 0 1 0
397 0 0 0 0
398 0 0 1 0
399 0 0 0 1
400 0 0 0 1
401 0 0 0 0
402 0 0 0 0
403 0 0 0 0
404 0 0 0 0
405 0 0 0 1
406 0 0 0 0
407 0 0 0 0
408 0 0 0 0
409 0 0 0 0
410 0 0 0 0
411 0 0 0 0
412 1 0 0 0
413 1 0 0 0
414 1 0 0 0
415 1 0 0 0
416 0 0 0 0
417 0 1 0 0
418 1 1 0 0
419 1 1 0 0
420 0 1 0 0
421 0 0 0 1
422 0 0 0 1
423 0 1 0 0
424 0 1 0 0
425 0 0 0 0
426 0 0 0 1
427 0 0 0 2
428 1 0 0 1
429 0 0 0 0
430 1 0 0 0
431 0 0 0 0
432 1 0 0 0
433 1 0 0 0
434 0 0 0 0
435 0 0 0 0
436 1 0 0 0
437 0 1 1 0
438 0 0 1 0
439 0 0 1 0
440 1 0 0 0
441 1 1 0 1
442 1 0 0 0
443 1 0 0 1
444 0 0 0 1
445 1 1 0 2
446 1 0 0 0
447 0 0 0 0
448 1 0 1 0
449 0 0 1 0
450 1 1 0 0
451 0 1 0 0
452 1 0 0 2
453 1 0 0 1
454 0 0 0 1
455 1 1 0 1
456 0 0 0 0
457 2 0 1 0
458 0 1 0 0
459 0 0 1 1
460 0 0 0 0
461 1 1 0 1
462 1 1 1 1
463 0 0 0 0
464 0 1 0 0
465 0 0 0 1
466 0 0 0 1
467 0 1 0 0
468 0 0 0 0
469 0 0 0 2
470 0 1 0 0
471 0 0 0 2
472 1 0 0 0
473 1 0 0 0
474 1 0 0 1
475 0 0 0 0
476 3 0 0 0
477 2 1 0 0
478 1 0 0 0
479 2 1 0 0
480 0 0 0 0
481 1 0 1 1
482 0 0 3 0
483 1 1 0 0
484 0 1 0 0
485 0 0 1 1
486 1 1 1 2
487 1 0 0 1
488 0 1 1 0
489 1 0 0 3
490 0 0 0 1
491 0 0 0 1
492 1 0 0 0
493 0 0 0 1
494 0 0 0 0
495 0 1 0 2
496 0 0 1 0
497 1 1 0 0
498 1 1 0 0
499 2 0 0 1
500 1 0 0 0
501 1 0 0 1
502 1 0 1 1
503 1 1 0 1
504 2 2 0 0
505 0 0 0 0
506 3 1 0 1
507 2 1 0 0
508 0 0 0 1
509 0 0 2 0
510 0 0 0 2
511 2 2 1 1
512 2 1 1 0
513 1 0 1 0
514 0 0 0 1
515 1 1 0 4
516 0 0 0 2
517 1 1 0 1
518 0 0 1 0
519 1 0 0 1
520 1 1 1 0
521 0 1 0 2
522 0 0 1 1
523 0 0 0 0
524 0 1 0 1
525 0 0 0 1
526 2 0 0 0
527 0 0 0 1
528 0 1 0 0
529 0 1 0 1
530 0 0 0 0
531 0 1 0 1
532 1 0 0 1
533 1 0 0 0
534 2 0 0 0
535 0 1 0 0
536 1 0 0 1
537 0 1 0 0
538 1 0 0 1
539 2 1 1 0
540 1 0 0 0
541 2 0 0 1
542 2 0 1 1
543 1 0 0 0
544 1 0 0 0
545 0 0 1 0
546 1 0 0 3
547 0 3 0 0
548 0 2 1 0
549 2 1 0 0
550 0 2 0 0
551 0 0 0 1
552 2 0 0 1
553 1 0 1 0
554 0 0 1 4
555 0 0 1 3
556 2 0 0 1
557 2 0 2 0
558 1 0 0 0
559 0 0 0 1
560 0 0 0 1
561 1 1 0 3
562 1 2 0 0
563 1 1 0 0
564 1 0 0 0
565 0 1 1 1
566 2 1 1 2
567 0 0 0 1
568 3 1 0 0
569 1 0 0 2
570 1 0 0 1
571 1 0 2 0
572 1 0 0 0
573 0 1 2 1
574 0 0 1 0
575 1 1 1 1
576 0 0 0 0
577 0 2 0 3
578 1 0 0 3
579 0 0 0 2
580 1 0 1 0
581 0 0 1 2
582 0 0 0 0
583 0 0 1 0
584 0 0 0 0
585 0 0 1 0
586 2 0 0 0
587 0 0 0 1
588 2 0 0 1
589 1 0 0 0
590 1 0 0 1
591 1 1 1 0
592 0 0 0 1
593 0 1 1 0
594 0 1 0 0
595 0 0 0 1
596 0 0 1 0
597 0 0 0 1
598 0 0 0 2
599 1 1 0 0
600 0 0 0 1
601 0 0 0 0
602 0 0 0 0
603 0 0 0 1
604 1 0 1 0
605 0 0 0 0
606 0 0 0 1
607 0 0 0 0
608 0 0 0 0
609 0 1 0 0
610 0 0 0 0
611 0 0 0 1
612 0 0 0 0
613 0 0 0 1
614 0 0 0 0
615 0 0 0 0
616 0 0 0 0
617 0 0 0 0
618 0 0 0 0
619 0 0 0 0
620 0 0 0 0
621 0 0 0 0
622 0 0 0 0
623 0 0 0 0
624 0 0 0 0
625 0 0 0 0
626 0 0 0 0
627 0 0 0 0
628 0 0 0 0
629 0 0 0 0
630 0 0 0 0
631 0 0 0 0
632 0 0 0 0
633 0 0 0 0
634 0 0 0 0
635 0 0 0 0
636 0 0 0 0
637 0 0 0 0
638 0 0 0 0
639 0 0 0 0
640 0 0 0 0
641 0 0 0 0
642 0 0 0 0
643 0 0 0 0
644 0 0 0 0
645 0 0 0 0
646 0 0 0 0
647 0 0 0 0
648 0 0 0 0
649 0 0 0 0
650 0 0 0 0
651 0 0 0 0
652 0 0 0 0
653 0 0 0 0
654 0 0 0 0
655 0 0 0 0
656 0 0 0 0
657 0 0 0 0
658 0 0 0 0
659 0 0 0 0
660 0 0 0 0
661 0 0 0 0
662 0 0 0 0
663 0 0 0 0
664 0 0 0 0
665 0 0 0 0
666 0 0 0 0
667 0 0 0 0
668 0 0 0 0
669 0 0 0 0
670 0 0 0 0
671 0 0 0 0
672 0 0 0 0
673 0 0 0 0
674 0 0 0 0
675 0 0 0 0
676 0 0 0 0
677 0 0 0 0
678 0 0 0 0
679 0 0 0 0
680 0 0 0 0
681 0 0 0 0
682 0 0 0 0
683 0 0 0 0
684 0 0 0 0
685 0 0 0 0
686 0 0 0 0
687 0 0 0 0
688 0 0 0 0
689 0 0 0 0
690 0 0 0 0
691 0 0 0 0
692 0 0 0 0
693 0 0 0 0
694 0 0 0 0
695 0 0 0 0
696 0 0 0 0
697 0 0 0 0
698 0 0 0 0
699 0 0 0 0
700 0 0 0 0
701 0 0 0 0
702 0 0 0 0
703 0 0 0 0
704 0 0 0 0
705 0 0 0 0
706 0 0 0 0
707 0 0 0 0
708 0 0 0 0
709 0 0 0 0
710 0 0 0 0
711 0 0 0 0
712 0 0 0 0
713 0 0 0 0
714 0 0 0 0
715 0 0 0 0
716 0 0 0 0
717 0 0 0 0
718 0 0 0 0
719 0 0 0 0
720 0 0 0 0
721 0 0 0 0
722 0 0 0 0
723 0 0 0 0
724 0 0 0 0
725 0 0 0 0
726 0 0 0 0
727 0 0 0 0
