0 0 0 0 0
1 0 0 0 0
2 0 0 0 0
3 0 0 0 0
4 0 0 0 0
5 0 0 2 0
6 0 0 0 0
7 0 1 0 0
8 0 1 0 0
9 0 0 1 1
10 0 0 0 0
11 0 0 0 0
12 0 0 0 2
13 0 0 0 1
14 0 0 0 1
15 0 0 0 0
16 0 0 0 0
17 0 0 0 0
18 0 0 0 0
19 1 0 0 0
20 0 0 0 0
21 2 0 0 0
22 0 0 0 0
23 1 0 0 0
24 0 0 0 0
25 2 0 0 0
26 1 1 1 0
27 1 0 0 0
28 0 2 0 0
29 0 0 0 0
30 1 1 0 2
31 1 0 0 0
32 0 1 0 1
33 0 0 0 0
34 0 1 0 0
35 1 2 0 1
36 0 0 0 0
37 0 0 0 1
38 0 0 0 1
39 0 0 0 3
40 0 2 0 0
41 0 0 0 0
42 1 0 0 0
43 0 0 0 0
44 0 0 0 1
45 0 0 0 0
46 0 0 0 0
47 2 1 0 1
48 1 0 0 0
49 2 0 0 0
50 0 0 0 0
51 1 0 0 0
52 2 0 0 0
53 1 1 0 0
54 1 0 1 1
55 1 0 0 0
56 1 2 0 0
57 0 0 1 1
58 4 0 1 1
59 1 1 0 0
60 1 1 0 0
61 1 1 0 0
62 1 1 0 1
63 0 1 1 3
64 0 2 0 1
65 1 1 0 0
66 2 0 0 0
67 1 1 1 3
68 0 0 0 3
69 2 1 0 1
70 1 1 0 0
71 1 2 0 1
72 1 0 0 1
73 3 0 0 1
74 0 1 2 2
75 2 0 1 2
76 0 0 1 0
77 3 0 0 0
78 0 1 0 0
79 4 0 1 1
80 7 2 1 0
81 6 1 0 3
82 3 2 1 1
83 6 0 0 1
84 3 3 1 2
85 6 1 2 0
86 3 3 2 2
87 4 1 0 1
88 6 5 1 2
89 3 1 3 2
90 3 1 4 2
91 1 4 0 3
92 3 6 1 5
93 1 5 1 4
94 2 5 1 4
95 1 2 0 7
96 2 0 1 7
97 2 0 2 5
98 1 0 1 6
99 4 2 0 3
100 3 1 0 4
101 2 2 1 2
102 1 1 2 1
103 2 1 1 2
104 4 1 1 2
105 5 2 2 3
106 5 0 2 2
107 3 0 0 2
108 6 3 0 2
109 7 2 0 2
110 10 2 3 2
111 4 2 2 1
112 7 0 0 5
113 5 3 1 2
114 7 4 2 2
115 3 4 3 4
116 8 3 4 1
117 7 3 3 5
118 5 3 3 4
119 5 5 3 4
120 2 3 1 4
121 4 3 4 8
122 4 2 2 7
123 3 3 3 6
124 5 1 3 3
125 3 3 1 8
126 5 3 4 6
127 5 4 1 6
128 5 3 0 4
129 7 4 1 5
130 1 2 1 5
131 7 4 3 3
132 9 3 3 4
133 7 4 1 5
134 8 3 0 4
135 6 0 0 6
136 10 0 3 8
137 6 1 6 4
138 8 2 7 5
139 8 3 1 3
140 11 4 4 4
141 10 4 4 3
142 4 5 1 6
143 12 9 2 5
144 11 3 6 12
145 7 5 3 7
146 7 4 6 4
147 4 4 1 8
148 3 7 3 9
149 3 2 8 6
150 7 6 4 9
151 10 2 1 7
152 7 4 3 12
153 4 3 7 12
154 9 2 1 8
155 10 5 2 5
156 7 5 3 10
157 9 1 3 10
158 10 2 1 4
159 10 7 2 7
160 11 9 3 10
161 12 5 3 3
162 9 4 3 2
163 13 3 5 8
164 8 3 4 5
165 12 3 7 6
166 11 8 2 9
167 16 6 2 12
168 14 9 5 5
169 15 4 5 8
170 9 5 10 11
171 9 4 8 8
172 10 7 7 10
173 11 2 6 10
174 10 6 5 11
175 12 7 4 14
176 13 8 3 15
177 10 8 3 9
178 15 9 6 13
179 15 5 3 8
180 16 4 5 11
181 15 8 7 8
182 17 5 5 13
183 24 8 5 10
184 17 9 5 12
185 18 10 8 16
186 16 9 5 8
187 9 9 9 11
188 14 12 5 15
189 13 6 7 17
190 12 6 9 14
191 18 7 8 16
192 14 14 6 18
193 14 7 9 14
194 18 13 5 14
195 18 12 4 11
196 12 5 5 16
197 18 6 6 18
198 13 6 7 18
199 13 7 3 21
200 17 14 7 15
201 18 11 7 17
202 23 11 4 10
203 10 15 6 9
204 11 5 9 14
205 21 7 6 15
206 17 10 7 11
207 18 10 5 19
208 21 9 4 16
209 9 10 5 15
210 6 11 6 23
211 10 11 8 15
212 8 7 9 13
213 6 9 7 15
214 17 7 6 18
215 7 8 7 12
216 9 6 3 19
217 15 7 8 16
218 12 4 5 16
219 8 4 3 15
220 9 7 4 10
221 4 2 4 16
222 9 6 5 13
223 0 11 8 8
224 7 8 1 14
225 6 6 4 7
226 8 7 4 6
227 6 2 6 15
228 4 3 1 5
229 5 6 2 12
230 5 1 2 15
231 6 4 5 10
232 3 5 0 9
233 3 1 4 10
234 1 3 6 6
235 5 3 0 5
236 0 1 3 6
237 4 2 2 6
238 2 1 0 7
239 3 2 2 4
240 2 5 2 4
241 4 1 0 7
242 2 4 1 1
243 1 2 0 5
244 5 2 0 2
245 5 0 0 3
246 2 2 1 4
247 2 1 0 4
248 0 2 1 1
249 3 1 3 3
250 2 3 2 5
251 4 1 3 2
252 1 0 1 2
253 2 1 2 2
254 1 3 2 1
255 3 0 1 5
256 1 1 2 2
257 2 0 0 2
258 2 1 0 3
259 3 2 0 2
260 1 2 0 6
261 1 2 0 4
262 2 0 1 0
263 1 0 0 0
264 1 1 5 1
265 2 1 0 3
266 2 1 2 2
267 0 2 1 1
268 1 1 0 1
269 1 0 1 2
270 1 1 1 1
271 0 1 1 6
272 3 0 0 1
273 1 1 0 3
274 2 0 1 2
275 1 2 0 0
276 0 0 0 1
277 1 3 0 3
278 2 1 0 2
279 1 0 1 1
280 2 0 1 0
281 0 0 0 2
282 2 0 1 1
283 2 1 0 1
284 1 0 0 2
285 1 0 1 1
286 2 0 0 0
287 3 1 2 0
288 1 0 1 0
289 1 1 1 1
290 0 1 1 1
291 1 0 0 1
292 0 1 1 1
293 2 1 1 1
294 0 0 0 3
295 0 0 2 1
296 0 2 0 2
297 0 0 0 3
298 0 2 0 0
299 0 0 0 3
300 0 1 0 1
301 0 0 0 0
302 0 1 0 3
303 0 0 0 0
304 0 0 0 1
305 1 0 0 0
306 0 0 0 0
307 0 0 0 0
308 1 0 0 0
309 0 0 0 1
310 0 0 0 0
311 0 0 0 0
312 1 0 0 0
313 2 0 0 0
314 3 1 0 0
315 1 0 0 0
316 0 0 0 0
317 0 0 1 0
318 1 1 1 0
319 1 0 1 0
320 1 0 0 0
321 0 0 1 2
322 0 0 0 1
323 1 2 0 1
324 0 1 0 0
325 0 1 0 1
326 0 0 0 0
327 0 0 1 2
328 0 1 0 1
329 0 0 0 0
330 0 0 0 0
331 1 0 0 1
332 0 1 0 2
333 0 0 0 0
334 0 0 0 1
335 0 0 0 0
336 0 1 0 0
337 0 0 0 0
338 1 0 0 0
339 0 0 0 1
340 0 0 0 0
341 0 0 0 0
342 0 0 0 0
343 0 0 0 1
344 0 0 0 0
345 0 0 1 0
346 0 0 0 0
347 0 0 0 0
348 0 0 0 0
349 0 0 0 0
350 0 0 0 0
351 0 0 0 0
352 0 0 0 1
353 0 0 0 0
354 0 0 0 0
355 0 0 0 0
356 0 0 0 0
357 0 0 0 0
358 0 0 0 0
359 0 0 0 0
360 0 0 0 0
361 0 0 0 0
362 0 0 0 0
363 0 0 0 0
364 0 0 0 0
365 0 0 0 0
366 0 0 0 0
367 0 0 0 0
368 0 0 0 0
369 0 0 0 0
370 0 0 0 0
371 0 0 0 0
372 0 0 0 0
373 0 0 0 0
374 0 0 0 0
375 0 0 0 0
376 0 0 0 0
377 0 0 0 0
378 0 0 0 0
379 0 0 0 0
380 0 0 0 0
381 0 0 0 0
382 0 0 0 0
383 0 0 0 0
384 0 0 0 0
385 0 0 0 0
386 0 0 0 0
387 0 0 0 0
388 0 0 0 0
389 0 0 0 0
390 0 0 0 0
391 0 0 0 0
392 0 0 0 0
393 0 0 0 0
394 0 0 0 0
395 0 0 0 0
396 0 0 0 0
397 0 0 0 0
398 0 0 0 0
399 0 0 0 0
400 0 0 0 0
401 0 0 0 0
402 0 0 0 0
403 0 0 0 0
404 0 0 0 0
405 0 0 0 0
406 0 0 0 0
407 0 0 0 0
408 0 0 0 0
409 0 0 0 0
410 0 0 0 0
411 0 0 0 0
412 0 0 0 0
413 0 0 0 0
414 0 0 0 0
415 0 0 0 0
416 0 0 0 0
417 0 0 0 0
418 0 0 0 0
419 0 0 0 0
420 0 0 0 0
421 0 0 0 0
422 0 0 0 0
423 0 0 0 0
424 0 0 0 0
425 0 0 0 0
426 0 0 0 0
427 0 0 0 0
428 0 0 0 0
429 0 0 0 0
430 0 0 0 0
431 0 0 0 0
432 0 0 0 0
433 0 0 0 0
434 0 0 0 0
435 0 0 0 0
436 0 0 0 0
437 0 0 0 0
438 0 0 0 0
439 0 0 0 0
440 0 0 0 0
441 0 0 0 0
442 0 0 0 0
443 0 0 0 0
444 0 0 0 0
445 0 0 0 0
446 0 0 0 0
447 0 0 0 0
448 0 0 0 0
449 0 0 0 0
450 0 0 0 0
451 0 0 0 0
452 0 0 0 0
453 0 0 0 0
454 0 0 0 0
455 0 0 0 0
456 0 0 0 0
457 0 0 0 0
458 0 0 0 0
459 0 0 0 0
460 0 0 0 0
461 0 0 0 0
462 0 0 0 0
463 0 0 0 0
464 0 0 0 0
465 0 0 0 0
466 0 0 0 0
467 0 0 0 0
468 0 0 0 0
469 0 0 0 0
470 0 0 0 0
471 0 0 0 0
472 0 0 0 0
473 0 0 0 0
474 0 0 0 0
475 0 0 0 0
476 0 0 0 0
477 0 0 0 0
478 0 0 0 0
479 0 0 0 0
480 0 0 0 0
481 0 0 0 0
482 0 0 0 0
483 0 0 0 0
484 0 0 0 0
485 0 0 0 0
486 0 0 0 0
487 0 0 0 0
488 0 0 0 0
489 0 0 0 0
490 0 0 0 0
491 0 0 0 0
492 0 0 0 0
493 0 0 0 0
494 0 0 0 0
495 0 0 0 0
496 0 0 0 0
497 0 0 0 0
498 0 0 0 0
499 0 0 0 0
500 0 0 0 0
501 0 0 0 0
502 0 0 0 0
503 0 0 0 0
504 0 0 0 0
505 0 0 0 0
506 0 0 0 0
507 0 0 0 0
508 0 0 0 0
509 0 0 0 0
510 0 0 0 0
511 0 0 0 0
512 0 0 0 0
513 0 0 0 0
514 0 0 0 0
515 0 0 0 0
516 0 0 0 0
517 0 0 0 0
518 0 0 0 0
519 0 0 0 0
520 0 0 0 0
521 0 0 0 0
522 0 0 0 0
523 0 0 0 0
524 0 0 0 0
525 0 0 0 0
526 0 0 0 0
527 0 0 0 0
528 0 0 0 0
529 0 0 0 0
530 0 0 0 0
531 0 0 0 0
532 0 0 0 0
533 0 0 0 0
534 0 0 0 0
535 0 0 0 0
536 0 0 0 0
537 0 0 0 0
538 0 0 0 0
539 0 0 0 0
540 0 0 0 0
541 0 0 0 0
542 0 0 0 0
543 0 0 0 0
544 0 0 0 0
545 0 0 0 0
546 0 0 0 0
547 0 0 0 0
548 0 0 0 0
549 0 0 0 0
550 0 0 0 0
551 0 0 0 0
552 0 0 0 0
553 0 0 0 0
554 0 0 0 0
555 0 0 0 0
556 0 0 0 0
557 0 0 0 0
558 0 0 0 0
559 0 0 0 0
560 0 0 0 0
561 0 0 0 0
562 0 0 0 0
563 0 0 0 0
564 0 0 0 0
565 0 0 0 0
566 0 0 0 0
567 0 0 0 0
568 0 0 0 0
569 0 0 0 0
570 0 0 0 0
571 0 0 0 0
572 0 0 0 0
573 0 0 0 0
574 0 0 0 0
575 0 0 0 0
576 0 0 0 0
577 0 0 0 0
578 0 0 0 0
579 0 0 0 0
580 0 0 0 0
581 0 0 0 0
582 0 0 0 0
583 0 0 0 0
584 0 0 0 0
585 0 0 0 0
586 0 0 0 0
587 0 0 0 0
588 0 0 0 0
589 0 0 0 0
590 0 0 0 0
591 0 0 0 0
592 0 0 0 0
593 0 0 0 0
594 0 0 0 0
595 0 0 0 0
596 0 0 0 0
597 0 0 0 0
598 0 0 0 0
599 0 0 0 0
600 0 0 0 0
601 0 0 0 0
602 0 0 0 0
603 0 0 0 0
604 0 0 0 0
605 0 0 0 0
606 0 0 0 0
607 0 0 0 0
608 0 0 0 0
609 0 0 0 0
610 0 0 0 0
611 0 0 0 0
612 0 0 0 0
613 0 0 0 0
614 0 0 0 0
615 0 0 0 0
616 0 0 0 0
617 0 0 0 0
618 0 0 0 0
619 0 0 0 0
620 0 0 0 0
621 0 0 0 0
622 0 0 0 0
623 0 0 0 0
624 0 0 0 0
625 0 0 0 0
626 0 0 0 0
627 0 0 0 0
628 0 0 0 0
629 0 0 0 0
630 0 0 0 0
631 0 0 0 0
632 0 0 0 0
633 0 0 0 0
634 0 0 0 0
635 0 0 0 0
636 0 0 0 0
637 0 0 0 0
638 0 0 0 0
639 0 0 0 0
640 0 0 0 0
641 0 0 0 0
642 0 0 0 0
643 0 0 0 0
644 0 0 0 0
645 0 0 0 0
646 0 0 0 0
647 0 0 0 0
648 0 0 0 0
649 0 0 0 0
650 0 0 0 0
651 0 0 0 0
652 0 0 0 0
653 0 0 0 0
654 0 0 0 0
655 0 0 0 0
656 0 0 0 0
657 0 0 0 0
658 0 0 0 0
659 0 0 0 0
660 0 0 0 0
661 0 0 0 0
662 0 0 0 0
663 0 0 0 0
664 0 0 0 0
665 0 0 0 0
666 0 0 0 0
667 0 0 0 0
668 0 0 0 0
669 0 0 0 0
670 0 0 0 0
671 0 0 0 0
672 0 0 0 0
673 0 0 0 0
674 0 0 0 0
675 0 0 0 0
676 0 0 0 0
677 0 0 0 0
678 0 0 0 0
679 0 0 0 0
680 0 0 0 0
681 0 0 0 0
682 0 0 0 0
683 0 0 0 0
684 0 0 0 0
685 0 0 0 0
686 0 0 0 0
687 0 0 0 0
688 0 0 0 0
689 0 0 0 0
690 0 0 0 0
691 0 0 0 0
692 0 0 0 0
693 0 0 0 0
694 0 0 0 0
695 0 0 0 0
696 0 0 0 0
697 0 0 0 0
698 0 0 0 0
699 0 0 0 0
700 0 0 0 0
701 0 0 0 0
702 0 0 0 0
703 0 0 0 0
704 0 0 0 0
705 0 0 0 0
706 0 0 0 0
707 0 0 0 0
708 0 0 0 0
709 0 0 0 0
710 0 0 0 0
711 0 0 0 0
712 0 0 0 0
713 0 0 0 0
714 0 0 0 0
715 0 0 0 0
716 0 0 0 0
717 0 0 0 0
718 0 0 0 0
719 0 0 0 0
720 0 0 0 0
721 0 0 0 0
722 0 0 0 0
723 0 0 0 0
724 0 0 0 0
725 0 0 0 0
726 0 0 0 0
727 0 0 0 0
