0 0 0 0 0
1 0 0 0 0
2 0 0 0 0
3 0 0 0 0
4 0 0 0 0
5 0 2 1 0
6 0 0 0 0
7 0 0 0 0
8 0 0 0 0
9 0 1 1 0
10 0 0 0 0
11 0 0 0 0
12 0 0 0 3
13 0 0 0 1
14 0 0 0 0
15 0 0 0 0
16 0 0 0 1
17 0 0 0 0
18 0 0 0 0
19 1 0 0 0
20 0 0 0 0
21 0 0 0 0
22 1 0 0 0
23 1 0 0 0
24 1 0 0 0
25 1 0 0 0
26 3 0 0 0
27 2 1 0 0
28 1 1 1 0
29 1 0 1 0
30 1 0 1 0
31 2 0 0 0
32 0 1 1 1
33 1 0 0 1
34 0 1 0 1
35 0 2 1 1
36 0 1 1 1
37 0 0 1 1
38 0 0 0 0
39 2 1 0 3
40 1 0 0 1
41 1 1 0 1
42 1 0 0 1
43 1 0 0 1
44 2 0 1 2
45 3 0 0 0
46 5 0 0 0
47 1 1 0 0
48 2 2 0 2
49 1 2 0 0
50 1 3 0 0
51 2 1 1 0
52 2 1 0 2
53 0 0 1 1
54 3 1 0 2
55 1 1 2 0
56 0 1 0 1
57 1 1 3 3
58 3 0 1 1
59 2 1 0 2
60 3 1 1 2
61 4 0 0 5
62 3 0 1 2
63 1 1 3 0
64 3 0 1 0
65 5 2 2 1
66 6 2 1 3
67 3 3 0 3
68 5 0 1 0
69 2 2 0 3
70 1 1 2 4
71 3 2 3 3
72 6 1 1 1
73 4 4 1 2
74 0 4 0 2
75 2 3 2 3
76 0 1 2 2
77 2 1 2 5
78 3 1 0 5
79 5 1 0 5
80 2 1 0 4
81 4 3 1 4
82 4 2 2 1
83 2 1 0 1
84 6 2 0 1
85 6 0 0 4
86 7 1 0 3
87 5 4 2 1
88 3 1 3 1
89 1 3 0 2
90 6 3 4 2
91 7 3 1 5
92 7 3 1 2
93 6 6 2 3
94 6 2 2 5
95 4 4 2 5
96 4 7 2 3
97 3 2 1 7
98 4 2 1 5
99 3 3 1 4
100 7 1 3 9
101 9 3 3 3
102 5 2 2 5
103 8 5 1 7
104 6 0 2 3
105 4 2 2 2
106 7 7 3 5
107 4 3 1 4
108 9 5 4 6
109 8 6 4 1
110 3 4 0 10
111 8 3 4 3
112 9 1 5 10
113 8 2 2 12
114 8 2 2 5
115 11 5 1 4
116 6 4 1 11
117 5 8 2 4
118 6 2 7 5
119 13 5 1 4
120 6 5 4 3
121 7 3 3 5
122 13 4 4 5
123 9 3 3 6
124 11 7 5 12
125 10 5 5 11
126 9 4 2 5
127 10 5 4 6
128 16 7 3 7
129 10 5 1 13
130 9 5 3 9
131 11 8 4 10
132 9 4 2 11
133 10 8 6 3
134 8 5 6 8
135 12 6 3 11
136 15 6 7 6
137 12 6 7 13
138 11 5 6 12
139 17 3 8 9
140 9 9 5 9
141 13 6 3 12
142 8 7 2 11
143 14 4 6 19
144 18 4 10 9
145 11 6 6 8
146 19 12 6 8
147 10 4 6 16
148 17 8 3 13
149 11 6 3 9
150 16 8 4 10
151 17 15 5 14
152 15 6 7 14
153 15 8 11 15
154 26 5 4 10
155 15 9 6 13
156 20 4 7 9
157 18 8 6 14
158 22 8 5 15
159 22 11 9 15
160 18 13 8 18
161 22 11 10 11
162 23 12 6 12
163 27 20 7 12
164 19 10 4 14
165 21 9 6 22
166 24 11 4 19
167 21 12 7 32
168 17 16 13 14
169 19 14 4 16
170 29 16 8 19
171 17 16 9 16
172 18 10 13 28
173 22 13 7 16
174 25 18 8 20
175 20 10 18 18
176 26 10 10 24
177 25 7 7 26
178 27 16 4 26
179 23 13 11 22
180 27 8 9 22
181 24 12 12 18
182 22 11 15 24
183 26 16 5 20
184 22 16 12 18
185 18 17 11 25
186 30 15 7 25
187 37 13 11 17
188 32 11 12 29
189 34 10 9 27
190 36 11 11 21
191 42 21 7 22
192 49 18 16 28
193 44 20 11 22
194 42 16 12 22
195 26 22 13 28
196 38 24 19 25
197 36 23 20 27
198 23 20 16 23
199 28 22 14 36
200 29 23 10 39
201 36 17 20 38
202 27 22 19 39
203 19 20 12 35
204 24 9 13 42
205 23 18 12 31
206 20 19 18 40
207 24 13 15 29
208 22 10 15 39
209 33 23 5 35
210 22 13 11 34
211 19 15 7 19
212 20 13 9 28
213 25 8 16 35
214 17 18 10 24
215 17 11 10 26
216 12 10 12 25
217 16 9 12 26
218 13 16 16 26
219 12 9 12 22
220 13 11 4 21
221 10 7 5 24
222 16 12 6 20
223 17 7 5 21
224 10 10 5 19
225 7 11 4 25
226 15 6 7 22
227 7 8 10 16
228 13 11 7 16
229 5 3 4 9
230 5 7 1 11
231 7 6 10 11
232 5 6 6 17
233 3 10 6 11
234 7 6 2 12
235 7 6 3 12
236 5 4 1 10
237 9 8 2 16
238 7 1 0 17
239 6 5 2 9
240 5 2 5 8
241 5 0 3 6
242 3 3 4 5
243 9 2 3 8
244 2 4 3 12
245 6 3 4 4
246 4 6 3 6
247 5 5 1 6
248 2 3 2 3
249 4 0 1 4
250 4 3 1 7
251 2 0 3 6
252 4 7 2 9
253 3 1 0 4
254 3 3 3 6
255 2 1 4 5
256 2 3 0 6
257 4 1 3 3
258 2 1 1 1
259 4 2 2 7
260 3 3 0 0
261 4 3 1 6
262 4 1 2 4
263 2 2 0 6
264 6 1 2 4
265 2 1 0 2
266 3 0 4 1
267 3 1 3 3
268 2 3 0 3
269 2 1 3 3
270 0 2 2 3
271 1 1 1 4
272 0 0 2 2
273 2 2 4 6
274 1 2 1 3
275 2 2 0 5
276 1 0 2 1
277 1 0 0 7
278 1 1 0 1
279 0 1 0 2
280 0 0 1 2
281 2 0 1 2
282 1 2 0 1
283 0 0 1 2
284 3 0 1 1
285 1 0 0 1
286 0 0 0 1
287 1 1 0 0
288 0 0 0 2
289 0 1 0 1
290 1 1 1 1
291 0 0 0 1
292 0 0 0 0
293 1 0 2 0
294 2 1 0 2
295 0 0 0 0
296 1 0 1 1
297 1 1 0 1
298 2 1 0 0
299 1 0 1 0
300 1 0 0 1
301 1 1 0 2
302 1 1 0 0
303 0 1 0 1
304 0 0 0 0
305 0 0 0 1
306 0 0 1 1
307 0 2 1 2
308 0 1 0 1
309 0 0 1 0
310 0 0 0 0
311 0 0 0 2
312 0 0 0 1
313 0 0 0 1
314 0 0 0 1
315 0 0 0 0
316 0 0 0 1
317 0 0 0 0
318 0 0 0 0
319 0 0 0 0
320 0 0 0 0
321 2 0 0 0
322 1 0 0 0
323 1 0 0 0
324 0 0 0 0
325 0 0 0 0
326 0 2 0 0
327 0 0 0 0
328 0 0 0 0
329 0 0 0 0
330 1 0 0 2
331 0 1 0 0
332 0 0 1 0
333 0 0 0 0
334 0 0 0 0
335 0 0 0 0
336 0 0 0 0
337 0 0 0 0
338 0 0 0 1
339 0 1 0 1
340 0 0 0 0
341 0 0 0 0
342 0 0 0 0
343 0 0 0 0
344 0 0 0 0
345 0 0 0 0
346 0 0 0 1
347 0 0 0 0
348 0 0 0 0
349 0 0 0 0
350 0 0 0 0
351 0 0 0 0
352 0 0 0 0
353 0 0 0 0
354 0 0 0 0
355 0 0 0 0
356 0 0 0 0
357 0 0 0 0
358 0 0 0 0
359 0 0 0 0
360 0 0 0 0
361 0 0 0 0
362 0 0 0 0
363 0 0 0 0
364 0 0 0 0
365 0 0 0 0
366 0 0 0 0
367 0 0 0 0
368 0 0 0 0
369 0 0 0 0
370 0 0 0 0
371 0 0 0 0
372 0 0 0 0
373 0 0 0 0
374 0 0 0 0
375 0 0 0 0
376 0 0 0 0
377 0 0 0 0
378 0 0 0 0
379 0 0 0 0
380 0 0 0 0
381 0 0 0 0
382 0 0 0 0
383 0 0 0 0
384 0 0 0 0
385 0 0 0 0
386 0 0 0 0
387 0 0 0 0
388 0 0 0 0
389 0 0 0 0
390 0 0 0 0
391 0 0 0 0
392 0 0 0 0
393 0 0 0 0
394 0 0 0 0
395 0 0 0 0
396 0 0 0 0
397 0 0 0 0
398 0 0 0 0
399 0 0 0 0
400 0 0 0 0
401 0 0 0 0
402 0 0 0 0
403 0 0 0 0
404 0 0 0 0
405 0 0 0 0
406 0 0 0 0
407 0 0 0 0
408 0 0 0 0
409 0 0 0 0
410 0 0 0 0
411 0 0 0 0
412 0 0 0 0
413 0 0 0 0
414 0 0 0 0
415 0 0 0 0
416 0 0 0 0
417 0 0 0 0
418 0 0 0 0
419 0 0 0 0
420 0 0 0 0
421 0 0 0 0
422 0 0 0 0
423 0 0 0 0
424 0 0 0 0
425 0 0 0 0
426 0 0 0 0
427 0 0 0 0
428 0 0 0 0
429 0 0 0 0
430 0 0 0 0
431 0 0 0 0
432 0 0 0 0
433 0 0 0 0
434 0 0 0 0
435 0 0 0 0
436 0 0 0 0
437 0 0 0 0
438 0 0 0 0
439 0 0 0 0
440 0 0 0 0
441 0 0 0 0
442 0 0 0 0
443 0 0 0 0
444 0 0 0 0
445 0 0 0 0
446 0 0 0 0
447 0 0 0 0
448 0 0 0 0
449 0 0 0 0
450 0 0 0 0
451 0 0 0 0
452 0 0 0 0
453 0 0 0 0
454 0 0 0 0
455 0 0 0 0
456 0 0 0 0
457 0 0 0 0
458 0 0 0 0
459 0 0 0 0
460 0 0 0 0
461 0 0 0 0
462 0 0 0 0
463 0 0 0 0
464 0 0 0 0
465 0 0 0 0
466 0 0 0 0
467 0 0 0 0
468 0 0 0 0
469 0 0 0 0
470 0 0 0 0
471 0 0 0 0
472 0 0 0 0
473 0 0 0 0
474 0 0 0 0
475 0 0 0 0
476 0 0 0 0
477 0 0 0 0
478 0 0 0 0
479 0 0 0 0
480 0 0 0 0
481 0 0 0 0
482 0 0 0 0
483 0 0 0 0
484 0 0 0 0
485 0 0 0 0
486 0 0 0 0
487 0 0 0 0
488 0 0 0 0
489 0 0 0 0
490 0 0 0 0
491 0 0 0 0
492 0 0 0 0
493 0 0 0 0
494 0 0 0 0
495 0 0 0 0
496 0 0 0 0
497 0 0 0 0
498 0 0 0 0
499 0 0 0 0
500 0 0 0 0
501 0 0 0 0
502 0 0 0 0
503 0 0 0 0
504 0 0 0 0
505 0 0 0 0
506 0 0 0 0
507 0 0 0 0
508 0 0 0 0
509 0 0 0 0
510 0 0 0 0
511 0 0 0 0
512 0 0 0 0
513 0 0 0 0
514 0 0 0 0
515 0 0 0 0
516 0 0 0 0
517 0 0 0 0
518 0 0 0 0
519 0 0 0 0
520 0 0 0 0
521 0 0 0 0
522 0 0 0 0
523 0 0 0 0
524 0 0 0 0
525 0 0 0 0
526 0 0 0 0
527 0 0 0 0
528 0 0 0 0
529 0 0 0 0
530 0 0 0 0
531 0 0 0 0
532 0 0 0 0
533 0 0 0 0
534 0 0 0 0
535 0 0 0 0
536 0 0 0 0
537 0 0 0 0
538 0 0 0 0
539 0 0 0 0
540 0 0 0 0
541 0 0 0 0
542 0 0 0 0
543 0 0 0 0
544 0 0 0 0
545 0 0 0 0
546 0 0 0 0
547 0 0 0 0
548 0 0 0 0
549 0 0 0 0
550 0 0 0 0
551 0 0 0 0
552 0 0 0 0
553 0 0 0 0
554 0 0 0 0
555 0 0 0 0
556 0 0 0 0
557 0 0 0 0
558 0 0 0 0
559 0 0 0 0
560 0 0 0 0
561 0 0 0 0
562 0 0 0 0
563 0 0 0 0
564 0 0 0 0
565 0 0 0 0
566 0 0 0 0
567 0 0 0 0
568 0 0 0 0
569 0 0 0 0
570 0 0 0 0
571 0 0 0 0
572 0 0 0 0
573 0 0 0 0
574 0 0 0 0
575 0 0 0 0
576 0 0 0 0
577 0 0 0 0
578 0 0 0 0
579 0 0 0 0
580 0 0 0 0
581 0 0 0 0
582 0 0 0 0
583 0 0 0 0
584 0 0 0 0
585 0 0 0 0
586 0 0 0 0
587 0 0 0 0
588 0 0 0 0
589 0 0 0 0
590 0 0 0 0
591 0 0 0 0
592 0 0 0 0
593 0 0 0 0
594 0 0 0 0
595 0 0 0 0
596 0 0 0 0
597 0 0 0 0
598 0 0 0 0
599 0 0 0 0
600 0 0 0 0
601 0 0 0 0
602 0 0 0 0
603 0 0 0 0
604 0 0 0 0
605 0 0 0 0
606 0 0 0 0
607 0 0 0 0
608 0 0 0 0
609 0 0 0 0
610 0 0 0 0
611 0 0 0 0
612 0 0 0 0
613 0 0 0 0
614 0 0 0 0
615 0 0 0 0
616 0 0 0 0
617 0 0 0 0
618 0 0 0 0
619 0 0 0 0
620 0 0 0 0
621 0 0 0 0
622 0 0 0 0
623 0 0 0 0
624 0 0 0 0
625 0 0 0 0
626 0 0 0 0
627 0 0 0 0
628 0 0 0 0
629 0 0 0 0
630 0 0 0 0
631 0 0 0 0
632 0 0 0 0
633 0 0 0 0
634 0 0 0 0
635 0 0 0 0
636 0 0 0 0
637 0 0 0 0
638 0 0 0 0
639 0 0 0 0
640 0 0 0 0
641 0 0 0 0
642 0 0 0 0
643 0 0 0 0
644 0 0 0 0
645 0 0 0 0
646 0 0 0 0
647 0 0 0 0
648 0 0 0 0
649 0 0 0 0
650 0 0 0 0
651 0 0 0 0
652 0 0 0 0
653 0 0 0 0
654 0 0 0 0
655 0 0 0 0
656 0 0 0 0
657 0 0 0 0
658 0 0 0 0
659 0 0 0 0
660 0 0 0 0
661 0 0 0 0
662 0 0 0 0
663 0 0 0 0
664 0 0 0 0
665 0 0 0 0
666 0 0 0 0
667 0 0 0 0
668 0 0 0 0
669 0 0 0 0
670 0 0 0 0
671 0 0 0 0
672 0 0 0 0
673 0 0 0 0
674 0 0 0 0
675 0 0 0 0
676 0 0 0 0
677 0 0 0 0
678 0 0 0 0
679 0 0 0 0
680 0 0 0 0
681 0 0 0 0
682 0 0 0 0
683 0 0 0 0
684 0 0 0 0
685 0 0 0 0
686 0 0 0 0
687 0 0 0 0
688 0 0 0 0
689 0 0 0 0
690 0 0 0 0
691 0 0 0 0
692 0 0 0 0
693 0 0 0 0
694 0 0 0 0
695 0 0 0 0
696 0 0 0 0
697 0 0 0 0
698 0 0 0 0
699 0 0 0 0
700 0 0 0 0
701 0 0 0 0
702 0 0 0 0
703 0 0 0 0
704 0 0 0 0
705 0 0 0 0
706 0 0 0 0
707 0 0 0 0
708 0 0 0 0
709 0 0 0 0
710 0 0 0 0
711 0 0 0 0
712 0 0 0 0
713 0 0 0 0
714 0 0 0 0
715 0 0 0 0
716 0 0 0 0
717 0 0 0 0
718 0 0 0 0
719 0 0 0 0
720 0 0 0 0
721 0 0 0 0
722 0 0 0 0
723 0 0 0 0
724 0 0 0 0
725 0 0 0 0
726 0 0 0 0
727 0 0 0 0
