0 0 0 0 0
1 0 0 0 0
2 0 0 0 0
3 0 0 0 0
4 0 0 0 0
5 0 1 1 0
6 0 0 0 0
7 0 0 1 0
8 0 0 0 0
9 0 2 0 1
10 0 0 0 0
11 0 0 0 1
12 0 0 0 1
13 0 0 0 1
14 0 0 0 0
15 0 0 0 0
16 0 0 0 1
17 1 0 0 0
18 0 0 0 0
19 0 0 0 0
20 0 0 0 0
21 1 0 0 0
22 1 0 0 0
23 1 0 0 0
24 1 0 0 0
25 1 0 0 0
26 2 1 0 0
27 1 0 0 0
28 1 0 1 0
29 0 0 0 0
30 1 0 2 1
31 0 1 0 0
32 0 1 0 1
33 0 1 1 0
34 1 0 0 2
35 0 2 1 0
36 1 0 0 0
37 0 0 0 2
38 0 0 0 1
39 0 0 1 1
40 0 0 0 1
41 0 1 0 0
42 0 0 0 2
43 1 0 0 1
44 1 0 0 0
45 2 0 0 1
46 2 0 0 0
47 0 0 0 0
48 1 0 0 0
49 1 0 1 0
50 1 2 0 0
51 2 1 0 0
52 1 0 0 0
53 0 1 1 0
54 2 0 1 0
55 1 0 1 0
56 0 0 0 1
57 0 0 1 4
58 1 0 0 1
59 0 2 1 0
60 1 2 1 0
61 1 0 0 1
62 0 0 0 1
63 1 1 0 2
64 1 0 0 3
65 1 0 1 0
66 0 1 0 1
67 1 0 0 2
68 0 1 0 0
69 0 1 0 1
70 2 0 0 1
71 2 0 0 0
72 2 0 0 0
73 0 0 0 0
74 2 0 1 0
75 1 0 1 1
76 2 1 2 1
77 3 1 0 0
78 4 0 0 1
79 3 2 0 0
80 1 1 0 2
81 2 1 1 1
82 2 0 2 1
83 2 2 2 2
84 1 2 1 0
85 1 0 2 1
86 2 2 1 3
87 1 1 0 3
88 0 1 0 2
89 1 0 1 1
90 1 1 0 4
91 1 0 3 3
92 2 1 0 2
93 3 0 0 2
94 3 0 0 0
95 2 1 0 0
96 2 1 1 1
97 2 1 0 1
98 5 1 2 3
99 2 3 0 1
100 4 1 0 1
101 3 2 0 1
102 3 2 1 1
103 4 3 1 3
104 1 1 0 1
105 2 2 1 3
106 3 1 1 3
107 4 0 2 4
108 4 2 2 1
109 1 1 1 3
110 7 0 2 0
111 5 3 2 2
112 4 3 4 3
113 5 3 0 3
114 4 2 0 2
115 2 4 1 3
116 4 2 0 5
117 1 2 0 3
118 6 2 0 3
119 1 3 0 7
120 6 0 2 3
121 5 4 1 2
122 8 3 2 2
123 6 5 4 2
124 7 0 1 4
125 5 2 3 1
126 2 3 1 6
127 5 1 2 3
128 9 5 1 4
129 8 6 0 4
130 10 2 1 9
131 4 4 3 1
132 0 2 1 6
133 5 6 4 5
134 2 5 3 4
135 3 7 1 7
136 6 5 3 2
137 6 2 2 4
138 5 3 1 7
139 1 1 4 8
140 5 2 0 12
141 4 2 1 7
142 5 4 2 2
143 3 2 0 7
144 3 0 1 3
145 6 5 2 6
146 7 3 2 4
147 7 2 2 2
148 6 2 0 2
149 11 1 3 5
150 12 4 1 4
151 7 3 6 3
152 7 5 2 7
153 7 1 3 6
154 10 7 4 3
155 8 5 2 4
156 7 1 4 1
157 7 3 6 3
158 9 2 4 13
159 10 8 6 9
160 10 5 5 5
161 7 3 3 8
162 4 6 0 8
163 3 1 5 11
164 5 5 4 11
165 11 7 0 6
166 10 3 3 10
167 9 5 3 4
168 6 4 3 6
169 11 4 3 6
170 13 2 5 10
171 11 1 7 12
172 9 7 2 6
173 12 2 3 6
174 16 10 5 7
175 11 7 4 9
176 15 5 1 7
177 13 8 5 5
178 15 8 2 11
179 22 6 6 11
180 15 7 7 5
181 10 8 1 15
182 15 7 4 10
183 15 13 6 10
184 16 9 8 13
185 18 9 5 10
186 14 4 7 13
187 12 12 2 19
188 13 15 3 11
189 11 8 6 12
190 6 9 7 11
191 19 10 7 15
192 10 7 6 19
193 12 8 7 16
194 11 11 3 14
195 11 3 3 19
196 10 6 9 9
197 15 9 6 22
198 9 8 3 11
199 11 5 4 10
200 18 8 2 11
201 19 7 4 18
202 17 6 4 7
203 11 10 2 13
204 14 10 4 9
205 10 7 4 14
206 14 18 4 9
207 18 7 5 11
208 16 5 8 13
209 9 10 10 10
210 8 8 5 23
211 5 8 2 13
212 7 9 5 6
213 6 7 6 20
214 10 6 4 12
215 9 8 5 13
216 4 11 2 11
217 7 4 6 19
218 9 2 2 12
219 3 8 4 16
220 7 2 3 9
221 7 2 3 9
222 8 8 0 7
223 10 5 3 12
224 5 4 3 9
225 4 4 3 5
226 4 2 2 8
227 6 9 2 11
228 4 6 2 4
229 7 1 2 9
230 7 6 4 3
231 6 5 2 9
232 6 2 3 7
233 4 3 3 3
234 3 1 2 11
235 5 2 3 10
236 4 5 1 4
237 2 4 1 4
238 4 3 3 3
239 1 1 3 7
240 1 7 1 9
241 3 3 3 4
242 6 0 2 4
243 4 2 0 5
244 2 1 1 8
245 5 1 1 6
246 4 1 3 2
247 1 4 1 3
248 4 2 2 5
249 3 1 1 3
250 1 3 2 3
251 6 2 2 4
252 1 0 2 1
253 2 1 2 4
254 1 1 1 6
255 3 1 3 5
256 5 1 0 1
257 4 2 0 4
258 0 3 0 2
259 2 0 0 2
260 4 1 4 1
261 4 1 2 1
262 1 0 2 5
263 2 0 1 1
264 1 4 0 3
265 1 1 3 4
266 4 5 2 3
267 0 1 0 3
268 0 2 1 3
269 1 2 1 2
270 0 0 1 6
271 0 0 1 2
272 0 0 0 3
273 1 0 0 3
274 0 0 0 1
275 0 3 0 3
276 1 0 0 2
277 0 0 0 0
278 0 0 1 0
279 1 0 0 1
280 0 0 0 1
281 0 1 0 0
282 0 1 0 1
283 2 0 0 0
284 0 0 0 0
285 1 0 0 1
286 1 0 0 0
287 2 0 0 1
288 0 0 2 1
289 0 0 0 0
290 1 0 2 0
291 1 0 0 0
292 0 1 0 0
293 0 0 0 0
294 0 0 0 1
295 0 1 1 2
296 0 2 0 1
297 1 0 0 1
298 0 0 0 0
299 0 0 0 1
300 0 0 0 1
301 0 0 0 0
302 0 0 0 1
303 0 0 0 1
304 0 0 0 0
305 0 0 0 0
306 0 0 1 0
307 0 0 0 0
308 0 0 0 0
309 0 0 0 0
310 1 0 0 1
311 0 0 0 0
312 0 0 0 0
313 1 0 0 0
314 0 0 0 0
315 1 0 0 0
316 0 0 0 0
317 0 0 0 0
318 0 0 1 0
319 0 0 1 0
320 0 0 0 0
321 0 0 0 0
322 0 0 0 0
323 0 0 0 1
324 0 0 1 0
325 0 0 0 1
326 0 0 0 0
327 0 0 0 0
328 0 0 0 0
329 0 0 0 0
330 0 0 0 0
331 0 0 0 1
332 0 0 0 0
333 0 0 0 0
334 0 0 0 0
335 0 0 0 0
336 0 0 0 0
337 0 0 0 0
338 0 0 0 0
339 0 0 0 0
340 0 0 0 0
341 0 0 0 0
342 0 0 0 0
343 0 0 0 0
344 0 0 0 0
345 0 0 0 0
346 0 0 0 0
347 0 0 0 0
348 0 0 0 0
349 0 0 0 0
350 0 0 0 0
351 0 0 0 0
352 0 0 0 0
353 0 0 0 0
354 0 0 0 0
355 0 0 0 0
356 0 0 0 0
357 0 0 0 0
358 0 0 0 0
359 0 0 0 0
360 0 0 0 0
361 0 0 0 0
362 0 0 0 0
363 0 0 0 0
364 0 0 0 0
365 0 0 0 0
366 0 0 0 0
367 0 0 0 0
368 0 0 0 0
369 0 0 0 0
370 0 0 0 0
371 0 0 0 0
372 0 0 0 0
373 0 0 0 0
374 0 0 0 0
375 0 0 0 0
376 0 0 0 0
377 0 0 0 0
378 0 0 0 0
379 0 0 0 0
380 0 0 0 0
381 0 0 0 0
382 0 0 0 0
383 0 0 0 0
384 0 0 0 0
385 0 0 0 0
386 0 0 0 0
387 0 0 0 0
388 0 0 0 0
389 0 0 0 0
390 0 0 0 0
391 0 0 0 0
392 0 0 0 0
393 0 0 0 0
394 0 0 0 0
395 0 0 0 0
396 0 0 0 0
397 0 0 0 0
398 0 0 0 0
399 0 0 0 0
400 0 0 0 0
401 0 0 0 0
402 0 0 0 0
403 0 0 0 0
404 0 0 0 0
405 0 0 0 0
406 0 0 0 0
407 0 0 0 0
408 0 0 0 0
409 0 0 0 0
410 0 0 0 0
411 0 0 0 0
412 0 0 0 0
413 0 0 0 0
414 0 0 0 0
415 0 0 0 0
416 0 0 0 0
417 0 0 0 0
418 0 0 0 0
419 0 0 0 0
420 0 0 0 0
421 0 0 0 0
422 0 0 0 0
423 0 0 0 0
424 0 0 0 0
425 0 0 0 0
426 0 0 0 0
427 0 0 0 0
428 0 0 0 0
429 0 0 0 0
430 0 0 0 0
431 0 0 0 0
432 0 0 0 0
433 0 0 0 0
434 0 0 0 0
435 0 0 0 0
436 0 0 0 0
437 0 0 0 0
438 0 0 0 0
439 0 0 0 0
440 0 0 0 0
441 0 0 0 0
442 0 0 0 0
443 0 0 0 0
444 0 0 0 0
445 0 0 0 0
446 0 0 0 0
447 0 0 0 0
448 0 0 0 0
449 0 0 0 0
450 0 0 0 0
451 0 0 0 0
452 0 0 0 0
453 0 0 0 0
454 0 0 0 0
455 0 0 0 0
456 0 0 0 0
457 0 0 0 0
458 0 0 0 0
459 0 0 0 0
460 0 0 0 0
461 0 0 0 0
462 0 0 0 0
463 0 0 0 0
464 0 0 0 0
465 0 0 0 0
466 0 0 0 0
467 0 0 0 0
468 0 0 0 0
469 0 0 0 0
470 0 0 0 0
471 0 0 0 0
472 0 0 0 0
473 0 0 0 0
474 0 0 0 0
475 0 0 0 0
476 0 0 0 0
477 0 0 0 0
478 0 0 0 0
479 0 0 0 0
480 0 0 0 0
481 0 0 0 0
482 0 0 0 0
483 0 0 0 0
484 0 0 0 0
485 0 0 0 0
486 0 0 0 0
487 0 0 0 0
488 0 0 0 0
489 0 0 0 0
490 0 0 0 0
491 0 0 0 0
492 0 0 0 0
493 0 0 0 0
494 0 0 0 0
495 0 0 0 0
496 0 0 0 0
497 0 0 0 0
498 0 0 0 0
499 0 0 0 0
500 0 0 0 0
501 0 0 0 0
502 0 0 0 0
503 0 0 0 0
504 0 0 0 0
505 0 0 0 0
506 0 0 0 0
507 0 0 0 0
508 0 0 0 0
509 0 0 0 0
510 0 0 0 0
511 0 0 0 0
512 0 0 0 0
513 0 0 0 0
514 0 0 0 0
515 0 0 0 0
516 0 0 0 0
517 0 0 0 0
518 0 0 0 0
519 0 0 0 0
520 0 0 0 0
521 0 0 0 0
522 0 0 0 0
523 0 0 0 0
524 0 0 0 0
525 0 0 0 0
526 0 0 0 0
527 0 0 0 0
528 0 0 0 0
529 0 0 0 0
530 0 0 0 0
531 0 0 0 0
532 0 0 0 0
533 0 0 0 0
534 0 0 0 0
535 0 0 0 0
536 0 0 0 0
537 0 0 0 0
538 0 0 0 0
539 0 0 0 0
540 0 0 0 0
541 0 0 0 0
542 0 0 0 0
543 0 0 0 0
544 0 0 0 0
545 0 0 0 0
546 0 0 0 0
547 0 0 0 0
548 0 0 0 0
549 0 0 0 0
550 0 0 0 0
551 0 0 0 0
552 0 0 0 0
553 0 0 0 0
554 0 0 0 0
555 0 0 0 0
556 0 0 0 0
557 0 0 0 0
558 0 0 0 0
559 0 0 0 0
560 0 0 0 0
561 0 0 0 0
562 0 0 0 0
563 0 0 0 0
564 0 0 0 0
565 0 0 0 0
566 0 0 0 0
567 0 0 0 0
568 0 0 0 0
569 0 0 0 0
570 0 0 0 0
571 0 0 0 0
572 0 0 0 0
573 0 0 0 0
574 0 0 0 0
575 0 0 0 0
576 0 0 0 0
577 0 0 0 0
578 0 0 0 0
579 0 0 0 0
580 0 0 0 0
581 0 0 0 0
582 0 0 0 0
583 0 0 0 0
584 0 0 0 0
585 0 0 0 0
586 0 0 0 0
587 0 0 0 0
588 0 0 0 0
589 0 0 0 0
590 0 0 0 0
591 0 0 0 0
592 0 0 0 0
593 0 0 0 0
594 0 0 0 0
595 0 0 0 0
596 0 0 0 0
597 0 0 0 0
598 0 0 0 0
599 0 0 0 0
600 0 0 0 0
601 0 0 0 0
602 0 0 0 0
603 0 0 0 0
604 0 0 0 0
605 0 0 0 0
606 0 0 0 0
607 0 0 0 0
608 0 0 0 0
609 0 0 0 0
610 0 0 0 0
611 0 0 0 0
612 0 0 0 0
613 0 0 0 0
614 0 0 0 0
615 0 0 0 0
616 0 0 0 0
617 0 0 0 0
618 0 0 0 0
619 0 0 0 0
620 0 0 0 0
621 0 0 0 0
622 0 0 0 0
623 0 0 0 0
624 0 0 0 0
625 0 0 0 0
626 0 0 0 0
627 0 0 0 0
628 0 0 0 0
629 0 0 0 0
630 0 0 0 0
631 0 0 0 0
632 0 0 0 0
633 0 0 0 0
634 0 0 0 0
635 0 0 0 0
636 0 0 0 0
637 0 0 0 0
638 0 0 0 0
639 0 0 0 0
640 0 0 0 0
641 0 0 0 0
642 0 0 0 0
643 0 0 0 0
644 0 0 0 0
645 0 0 0 0
646 0 0 0 0
647 0 0 0 0
648 0 0 0 0
649 0 0 0 0
650 0 0 0 0
651 0 0 0 0
652 0 0 0 0
653 0 0 0 0
654 0 0 0 0
655 0 0 0 0
656 0 0 0 0
657 0 0 0 0
658 0 0 0 0
659 0 0 0 0
660 0 0 0 0
661 0 0 0 0
662 0 0 0 0
663 0 0 0 0
664 0 0 0 0
665 0 0 0 0
666 0 0 0 0
667 0 0 0 0
668 0 0 0 0
669 0 0 0 0
670 0 0 0 0
671 0 0 0 0
672 0 0 0 0
673 0 0 0 0
674 0 0 0 0
675 0 0 0 0
676 0 0 0 0
677 0 0 0 0
678 0 0 0 0
679 0 0 0 0
680 0 0 0 0
681 0 0 0 0
682 0 0 0 0
683 0 0 0 0
684 0 0 0 0
685 0 0 0 0
686 0 0 0 0
687 0 0 0 0
688 0 0 0 0
689 0 0 0 0
690 0 0 0 0
691 0 0 0 0
692 0 0 0 0
693 0 0 0 0
694 0 0 0 0
695 0 0 0 0
696 0 0 0 0
697 0 0 0 0
698 0 0 0 0
699 0 0 0 0
700 0 0 0 0
701 0 0 0 0
702 0 0 0 0
703 0 0 0 0
704 0 0 0 0
705 0 0 0 0
706 0 0 0 0
707 0 0 0 0
708 0 0 0 0
709 0 0 0 0
710 0 0 0 0
711 0 0 0 0
712 0 0 0 0
713 0 0 0 0
714 0 0 0 0
715 0 0 0 0
716 0 0 0 0
717 0 0 0 0
718 0 0 0 0
719 0 0 0 0
720 0 0 0 0
721 0 0 0 0
722 0 0 0 0
723 0 0 0 0
724 0 0 0 0
725 0 0 0 0
726 0 0 0 0
727 0 0 0 0
