0 0 0 0 0
1 0 0 0 0
2 0 0 0 0
3 0 0 0 0
4 0 0 0 0
5 0 2 2 0
6 0 0 0 0
7 0 0 0 0
8 0 0 0 0
9 0 0 1 3
10 0 0 0 0
11 0 0 0 0
12 0 0 0 1
13 0 0 0 0
14 0 0 0 0
15 0 0 0 0
16 0 0 0 1
17 0 0 0 0
18 0 0 0 0
19 4 0 0 0
20 1 0 0 0
21 2 0 0 0
22 1 0 0 0
23 0 0 0 0
24 0 1 2 0
25 1 0 1 0
26 1 0 0 0
27 0 1 0 0
28 0 0 1 1
29 0 0 0 0
30 0 2 0 0
31 0 0 1 3
32 0 0 0 2
33 0 0 0 0
34 0 0 0 0
35 0 1 0 0
36 0 0 0 1
37 0 0 0 1
38 0 0 0 1
39 0 0 0 0
40 0 0 0 0
41 1 0 0 0
42 0 0 0 1
43 0 0 0 0
44 0 0 0 0
45 0 0 0 0
46 0 0 1 0
47 0 0 0 0
48 0 0 0 0
49 0 0 0 0
50 1 0 0 1
51 0 0 0 0
52 2 0 0 0
53 0 0 0 0
54 0 0 0 0
55 1 0 1 0
56 1 0 0 0
57 0 2 0 0
58 0 0 0 0
59 0 0 0 1
60 1 0 0 0
61 2 0 1 1
62 0 0 0 0
63 0 0 0 1
64 1 1 0 0
65 2 0 0 0
66 1 1 1 0
67 1 0 0 0
68 0 0 0 2
69 2 0 1 0
70 0 1 0 2
71 0 0 1 0
72 3 0 0 0
73 2 1 0 0
74 0 3 0 0
75 1 0 0 0
76 3 1 0 1
77 4 1 0 1
78 3 0 1 4
79 1 0 0 0
80 2 1 0 0
81 1 2 1 1
82 1 0 4 1
83 1 0 1 1
84 6 0 0 1
85 4 4 0 2
86 2 0 1 2
87 1 1 2 2
88 2 1 0 0
89 3 2 2 5
90 1 1 3 0
91 1 1 0 3
92 0 1 0 3
93 3 1 2 1
94 0 3 0 4
95 1 1 0 0
96 2 1 1 3
97 3 1 0 2
98 1 2 0 1
99 2 0 1 2
100 2 1 0 3
101 5 1 0 4
102 4 2 1 2
103 3 1 0 2
104 6 0 2 1
105 3 1 0 1
106 3 6 0 0
107 4 2 1 0
108 3 1 1 2
109 2 4 1 5
110 3 2 0 4
111 1 0 2 1
112 3 1 0 3
113 3 2 3 4
114 4 1 1 2
115 2 4 0 1
116 1 1 3 1
117 5 2 1 5
118 4 4 1 4
119 3 3 1 3
120 4 2 1 5
121 4 1 0 0
122 3 0 1 5
123 3 0 1 2
124 3 1 1 5
125 6 1 3 3
126 4 3 4 3
127 3 3 2 2
128 3 3 1 1
129 5 1 0 4
130 3 4 2 3
131 5 3 0 4
132 5 2 0 2
133 5 4 1 5
134 4 1 2 5
135 4 1 3 3
136 3 3 2 1
137 6 3 0 5
138 8 5 1 6
139 2 4 1 3
140 5 1 4 4
141 8 1 2 2
142 7 4 1 6
143 6 1 2 4
144 7 4 0 5
145 9 3 4 5
146 3 5 1 8
147 6 5 3 4
148 4 1 1 2
149 8 3 0 3
150 7 6 1 6
151 7 4 1 7
152 12 5 4 6
153 8 4 2 3
154 17 5 3 5
155 10 6 1 4
156 7 5 1 5
157 12 4 2 7
158 10 9 2 6
159 7 5 5 12
160 6 6 5 7
161 5 5 8 6
162 10 8 3 5
163 10 6 7 11
164 7 6 2 9
165 6 4 2 13
166 8 4 4 10
167 7 8 3 12
168 16 6 1 9
169 9 2 4 7
170 10 3 2 11
171 13 3 3 9
172 15 6 3 11
173 6 7 5 9
174 5 3 6 4
175 15 5 4 2
176 11 4 3 7
177 18 12 6 13
178 12 6 4 11
179 14 3 6 9
180 14 13 2 5
181 10 9 1 10
182 12 8 6 10
183 13 6 3 10
184 14 9 2 18
185 10 11 3 11
186 14 8 2 8
187 18 5 6 14
188 12 6 7 11
189 10 6 5 14
190 12 9 2 6
191 9 9 7 13
192 15 10 7 15
193 15 5 5 14
194 15 5 4 14
195 17 8 2 13
196 14 13 6 13
197 14 14 3 6
198 19 6 6 13
199 15 6 7 9
200 16 4 6 16
201 10 4 7 15
202 16 8 7 13
203 22 13 6 16
204 16 7 11 9
205 12 9 4 11
206 14 7 5 10
207 5 7 10 16
208 9 10 9 19
209 12 9 10 21
210 8 7 5 16
211 7 8 8 16
212 8 8 5 12
213 12 8 5 13
214 7 7 5 14
215 9 6 4 20
216 9 5 0 18
217 12 5 3 17
218 9 4 10 12
219 6 0 7 11
220 6 7 2 6
221 7 6 2 13
222 9 6 5 16
223 7 5 4 8
224 3 4 5 5
225 4 1 4 6
226 8 7 3 8
227 5 2 7 11
228 5 5 2 9
229 5 5 2 6
230 2 3 1 10
231 5 4 3 8
232 5 2 3 5
233 4 2 1 8
234 4 2 2 5
235 4 3 3 11
236 8 2 2 5
237 5 4 4 2
238 6 4 1 4
239 3 0 5 8
240 6 3 1 2
241 6 4 1 6
242 5 4 2 6
243 5 3 3 4
244 5 2 1 5
245 5 2 2 4
246 6 3 1 9
247 3 4 2 6
248 0 3 3 3
249 3 4 2 3
250 1 3 4 6
251 7 4 1 5
252 5 1 0 6
253 4 2 0 4
254 5 1 1 8
255 6 3 1 7
256 2 3 2 3
257 1 2 0 1
258 2 3 1 2
259 3 4 0 2
260 3 1 4 6
261 2 3 1 3
262 2 2 1 5
263 3 0 4 3
264 3 2 1 3
265 4 1 2 1
266 3 0 1 6
267 2 0 0 5
268 4 1 3 4
269 4 3 2 4
270 4 2 1 2
271 1 2 2 2
272 0 2 0 2
273 1 1 1 3
274 3 4 1 3
275 4 1 1 6
276 3 2 0 2
277 1 2 0 3
278 1 1 0 5
279 3 0 4 3
280 2 1 1 1
281 0 1 1 2
282 1 2 0 0
283 2 2 1 3
284 1 4 0 2
285 1 1 1 2
286 2 0 0 2
287 0 0 0 2
288 1 1 2 3
289 0 1 0 3
290 0 1 0 3
291 1 2 1 1
292 0 1 0 2
293 0 1 1 0
294 0 0 0 1
295 0 0 0 4
296 0 1 0 2
297 1 0 0 1
298 1 0 0 1
299 1 0 0 0
300 0 0 0 2
301 1 0 0 0
302 1 0 1 0
303 0 0 0 0
304 0 1 0 0
305 0 0 0 0
306 0 1 0 1
307 0 1 1 0
308 1 0 0 0
309 0 0 0 0
310 0 0 0 0
311 0 0 0 3
312 1 0 0 0
313 0 0 1 1
314 1 0 0 0
315 0 0 0 0
316 0 0 0 0
317 0 0 0 1
318 0 0 0 0
319 0 0 0 0
320 0 0 0 0
321 0 2 0 0
322 0 0 0 0
323 0 0 0 0
324 0 0 0 0
325 0 0 0 2
326 0 0 0 0
327 0 0 0 0
328 0 0 0 0
329 0 0 0 0
330 0 0 0 0
331 0 0 0 0
332 0 0 0 0
333 0 0 0 0
334 0 0 0 0
335 0 0 0 0
336 0 0 0 0
337 0 0 0 0
338 0 0 0 0
339 0 0 0 0
340 0 0 0 0
341 0 0 0 0
342 0 0 0 0
343 0 0 0 0
344 0 0 0 0
345 0 0 0 0
346 0 0 0 0
347 0 0 0 0
348 0 0 0 0
349 0 0 0 0
350 0 0 0 0
351 0 0 0 0
352 0 0 0 0
353 0 0 0 0
354 0 0 0 0
355 0 0 0 0
356 0 0 0 0
357 0 0 0 0
358 0 0 0 0
359 0 0 0 0
360 0 0 0 0
361 0 0 0 0
362 0 0 0 0
363 0 0 0 0
364 0 0 0 0
365 0 0 0 0
366 0 0 0 0
367 0 0 0 0
368 0 0 0 0
369 0 0 0 0
370 0 0 0 0
371 0 0 0 0
372 0 0 0 0
373 0 0 0 0
374 0 0 0 0
375 0 0 0 0
376 0 0 0 0
377 0 0 0 0
378 0 0 0 0
379 0 0 0 0
380 0 0 0 0
381 0 0 0 0
382 0 0 0 0
383 0 0 0 0
384 0 0 0 0
385 0 0 0 0
386 0 0 0 0
387 0 0 0 0
388 0 0 0 0
389 0 0 0 0
390 0 0 0 0
391 0 0 0 0
392 0 0 0 0
393 0 0 0 0
394 0 0 0 0
395 0 0 0 0
396 0 0 0 0
397 0 0 0 0
398 0 0 0 0
399 0 0 0 0
400 0 0 0 0
401 0 0 0 0
402 0 0 0 0
403 0 0 0 0
404 0 0 0 0
405 0 0 0 0
406 0 0 0 0
407 0 0 0 0
408 0 0 0 0
409 0 0 0 0
410 0 0 0 0
411 0 0 0 0
412 0 0 0 0
413 0 0 0 0
414 0 0 0 0
415 0 0 0 0
416 0 0 0 0
417 0 0 0 0
418 0 0 0 0
419 0 0 0 0
420 0 0 0 0
421 0 0 0 0
422 0 0 0 0
423 0 0 0 0
424 0 0 0 0
425 0 0 0 0
426 0 0 0 0
427 0 0 0 0
428 0 0 0 0
429 0 0 0 0
430 0 0 0 0
431 0 0 0 0
432 0 0 0 0
433 0 0 0 0
434 0 0 0 0
435 0 0 0 0
436 0 0 0 0
437 0 0 0 0
438 0 0 0 0
439 0 0 0 0
440 0 0 0 0
441 0 0 0 0
442 0 0 0 0
443 0 0 0 0
444 0 0 0 0
445 0 0 0 0
446 0 0 0 0
447 0 0 0 0
448 0 0 0 0
449 0 0 0 0
450 0 0 0 0
451 0 0 0 0
452 0 0 0 0
453 0 0 0 0
454 0 0 0 0
455 0 0 0 0
456 0 0 0 0
457 0 0 0 0
458 0 0 0 0
459 0 0 0 0
460 0 0 0 0
461 0 0 0 0
462 0 0 0 0
463 0 0 0 0
464 0 0 0 0
465 0 0 0 0
466 0 0 0 0
467 0 0 0 0
468 0 0 0 0
469 0 0 0 0
470 0 0 0 0
471 0 0 0 0
472 0 0 0 0
473 0 0 0 0
474 0 0 0 0
475 0 0 0 0
476 0 0 0 0
477 0 0 0 0
478 0 0 0 0
479 0 0 0 0
480 0 0 0 0
481 0 0 0 0
482 0 0 0 0
483 0 0 0 0
484 0 0 0 0
485 0 0 0 0
486 0 0 0 0
487 0 0 0 0
488 0 0 0 0
489 0 0 0 0
490 0 0 0 0
491 0 0 0 0
492 0 0 0 0
493 0 0 0 0
494 0 0 0 0
495 0 0 0 0
496 0 0 0 0
497 0 0 0 0
498 0 0 0 0
499 0 0 0 0
500 0 0 0 0
501 0 0 0 0
502 0 0 0 0
503 0 0 0 0
504 0 0 0 0
505 0 0 0 0
506 0 0 0 0
507 0 0 0 0
508 0 0 0 0
509 0 0 0 0
510 0 0 0 0
511 0 0 0 0
512 0 0 0 0
513 0 0 0 0
514 0 0 0 0
515 0 0 0 0
516 0 0 0 0
517 0 0 0 0
518 0 0 0 0
519 0 0 0 0
520 0 0 0 0
521 0 0 0 0
522 0 0 0 0
523 0 0 0 0
524 0 0 0 0
525 0 0 0 0
526 0 0 0 0
527 0 0 0 0
528 0 0 0 0
529 0 0 0 0
530 0 0 0 0
531 0 0 0 0
532 0 0 0 0
533 0 0 0 0
534 0 0 0 0
535 0 0 0 0
536 0 0 0 0
537 0 0 0 0
538 0 0 0 0
539 0 0 0 0
540 0 0 0 0
541 0 0 0 0
542 0 0 0 0
543 0 0 0 0
544 0 0 0 0
545 0 0 0 0
546 0 0 0 0
547 0 0 0 0
548 0 0 0 0
549 0 0 0 0
550 0 0 0 0
551 0 0 0 0
552 0 0 0 0
553 0 0 0 0
554 0 0 0 0
555 0 0 0 0
556 0 0 0 0
557 0 0 0 0
558 0 0 0 0
559 0 0 0 0
560 0 0 0 0
561 0 0 0 0
562 0 0 0 0
563 0 0 0 0
564 0 0 0 0
565 0 0 0 0
566 0 0 0 0
567 0 0 0 0
568 0 0 0 0
569 0 0 0 0
570 0 0 0 0
571 0 0 0 0
572 0 0 0 0
573 0 0 0 0
574 0 0 0 0
575 0 0 0 0
576 0 0 0 0
577 0 0 0 0
578 0 0 0 0
579 0 0 0 0
580 0 0 0 0
581 0 0 0 0
582 0 0 0 0
583 0 0 0 0
584 0 0 0 0
585 0 0 0 0
586 0 0 0 0
587 0 0 0 0
588 0 0 0 0
589 0 0 0 0
590 0 0 0 0
591 0 0 0 0
592 0 0 0 0
593 0 0 0 0
594 0 0 0 0
595 0 0 0 0
596 0 0 0 0
597 0 0 0 0
598 0 0 0 0
599 0 0 0 0
600 0 0 0 0
601 0 0 0 0
602 0 0 0 0
603 0 0 0 0
604 0 0 0 0
605 0 0 0 0
606 0 0 0 0
607 0 0 0 0
608 0 0 0 0
609 0 0 0 0
610 0 0 0 0
611 0 0 0 0
612 0 0 0 0
613 0 0 0 0
614 0 0 0 0
615 0 0 0 0
616 0 0 0 0
617 0 0 0 0
618 0 0 0 0
619 0 0 0 0
620 0 0 0 0
621 0 0 0 0
622 0 0 0 0
623 0 0 0 0
624 0 0 0 0
625 0 0 0 0
626 0 0 0 0
627 0 0 0 0
628 0 0 0 0
629 0 0 0 0
630 0 0 0 0
631 0 0 0 0
632 0 0 0 0
633 0 0 0 0
634 0 0 0 0
635 0 0 0 0
636 0 0 0 0
637 0 0 0 0
638 0 0 0 0
639 0 0 0 0
640 0 0 0 0
641 0 0 0 0
642 0 0 0 0
643 0 0 0 0
644 0 0 0 0
645 0 0 0 0
646 0 0 0 0
647 0 0 0 0
648 0 0 0 0
649 0 0 0 0
650 0 0 0 0
651 0 0 0 0
652 0 0 0 0
653 0 0 0 0
654 0 0 0 0
655 0 0 0 0
656 0 0 0 0
657 0 0 0 0
658 0 0 0 0
659 0 0 0 0
660 0 0 0 0
661 0 0 0 0
662 0 0 0 0
663 0 0 0 0
664 0 0 0 0
665 0 0 0 0
666 0 0 0 0
667 0 0 0 0
668 0 0 0 0
669 0 0 0 0
670 0 0 0 0
671 0 0 0 0
672 0 0 0 0
673 0 0 0 0
674 0 0 0 0
675 0 0 0 0
676 0 0 0 0
677 0 0 0 0
678 0 0 0 0
679 0 0 0 0
680 0 0 0 0
681 0 0 0 0
682 0 0 0 0
683 0 0 0 0
684 0 0 0 0
685 0 0 0 0
686 0 0 0 0
687 0 0 0 0
688 0 0 0 0
689 0 0 0 0
690 0 0 0 0
691 0 0 0 0
692 0 0 0 0
693 0 0 0 0
694 0 0 0 0
695 0 0 0 0
696 0 0 0 0
697 0 0 0 0
698 0 0 0 0
699 0 0 0 0
700 0 0 0 0
701 0 0 0 0
702 0 0 0 0
703 0 0 0 0
704 0 0 0 0
705 0 0 0 0
706 0 0 0 0
707 0 0 0 0
708 0 0 0 0
709 0 0 0 0
710 0 0 0 0
711 0 0 0 0
712 0 0 0 0
713 0 0 0 0
714 0 0 0 0
715 0 0 0 0
716 0 0 0 0
717 0 0 0 0
718 0 0 0 0
719 0 0 0 0
720 0 0 0 0
721 0 0 0 0
722 0 0 0 0
723 0 0 0 0
724 0 0 0 0
725 0 0 0 0
726 0 0 0 0
727 0 0 0 0
