0 0 0 0 0
1 0 0 0 0
2 0 0 0 0
3 0 0 0 0
4 0 0 0 0
5 0 3 1 0
6 0 0 0 0
7 0 0 0 0
8 0 0 0 0
9 0 1 0 1
10 0 0 0 0
11 0 0 0 0
12 0 0 0 3
13 0 0 0 1
14 0 0 0 0
15 0 0 0 0
16 0 0 0 0
17 0 0 0 0
18 0 0 0 0
19 1 0 0 0
20 0 0 0 0
21 2 0 0 0
22 2 0 0 0
23 1 0 0 0
24 1 1 0 0
25 0 0 0 0
26 2 2 0 0
27 2 0 0 0
28 0 0 0 1
29 1 1 0 0
30 0 0 0 2
31 0 1 1 0
32 1 2 2 0
33 0 0 0 0
34 0 0 0 0
35 0 0 1 1
36 1 0 0 2
37 0 1 0 0
38 0 1 0 1
39 1 0 0 3
40 1 0 0 0
41 2 1 0 0
42 0 0 0 1
43 1 0 0 0
44 3 0 0 1
45 2 0 0 2
46 2 1 0 0
47 1 0 0 0
48 1 2 0 0
49 1 1 1 0
50 2 2 2 0
51 2 0 2 0
52 1 1 0 1
53 4 1 1 1
54 2 0 0 2
55 2 2 0 2
56 3 1 2 1
57 3 1 0 5
58 2 2 0 1
59 3 0 2 1
60 2 0 0 1
61 1 1 0 0
62 1 2 2 4
63 3 2 0 1
64 0 1 3 1
65 0 3 0 2
66 4 0 2 4
67 4 0 1 2
68 3 1 1 0
69 2 1 0 1
70 1 0 0 1
71 1 1 1 4
72 5 1 1 5
73 3 1 2 3
74 4 0 1 1
75 3 1 1 0
76 3 3 1 2
77 4 4 0 1
78 1 2 1 3
79 0 2 2 2
80 6 3 0 5
81 6 2 1 2
82 4 0 4 1
83 0 1 1 2
84 2 1 0 5
85 2 3 2 1
86 4 3 3 7
87 3 1 0 2
88 3 0 0 3
89 3 2 1 4
90 6 2 1 5
91 5 3 4 0
92 6 0 1 2
93 3 1 0 5
94 4 0 1 2
95 6 2 1 5
96 8 3 1 0
97 4 4 2 2
98 7 3 2 2
99 8 4 1 1
100 7 2 4 4
101 7 7 2 6
102 5 2 1 4
103 7 3 2 3
104 7 6 4 5
105 6 2 2 6
106 5 5 0 6
107 8 2 2 6
108 6 1 3 11
109 4 5 4 3
110 5 5 4 7
111 2 3 3 7
112 4 7 2 3
113 7 6 0 5
114 4 2 3 5
115 5 2 0 2
116 5 3 3 8
117 7 3 3 9
118 8 2 2 9
119 8 4 2 6
120 10 2 1 8
121 6 4 1 5
122 7 4 4 5
123 13 5 3 6
124 13 2 2 5
125 9 4 2 3
126 10 1 5 3
127 5 3 2 4
128 9 9 5 6
129 12 7 4 10
130 11 2 6 6
131 7 6 3 4
132 6 4 1 8
133 11 7 2 11
134 13 7 7 8
135 11 7 5 11
136 10 2 3 8
137 8 5 3 8
138 12 7 3 8
139 15 6 5 10
140 9 4 8 8
141 13 8 0 13
142 9 6 2 13
143 10 6 6 7
144 7 7 8 9
145 11 6 4 4
146 9 8 4 10
147 13 9 3 15
148 13 4 6 14
149 10 4 2 10
150 18 7 6 11
151 9 7 6 11
152 18 6 6 14
153 20 3 3 8
154 14 7 6 14
155 12 8 4 8
156 23 5 5 12
157 20 10 9 6
158 11 13 6 15
159 15 11 6 11
160 9 6 5 9
161 24 13 8 15
162 20 6 8 13
163 15 5 7 13
164 17 10 7 15
165 14 8 6 20
166 16 17 11 18
167 9 10 2 14
168 13 7 2 20
169 15 7 7 11
170 22 6 5 21
171 12 14 5 18
172 16 7 6 13
173 26 10 8 16
174 10 10 6 11
175 22 12 7 11
176 15 4 7 10
177 18 8 2 17
178 27 13 10 20
179 18 9 8 19
180 19 14 9 12
181 20 7 8 12
182 19 14 7 23
183 23 14 9 16
184 19 10 9 15
185 26 9 6 17
186 29 10 11 20
187 21 8 8 25
188 16 11 9 16
189 20 13 10 12
190 24 16 9 18
191 26 23 11 17
192 26 7 11 24
193 34 8 6 20
194 29 11 13 21
195 34 10 8 23
196 25 16 9 22
197 24 10 11 23
198 27 12 10 27
199 28 17 11 20
200 23 21 10 17
201 31 17 10 24
202 31 22 8 23
203 21 16 13 29
204 22 15 14 31
205 22 15 11 26
206 21 17 13 28
207 22 21 9 24
208 19 16 10 33
209 16 9 8 28
210 13 13 10 28
211 10 17 8 30
212 19 11 11 29
213 11 12 10 25
214 13 16 4 25
215 18 11 4 16
216 14 14 2 19
217 14 9 6 19
218 14 12 2 25
219 13 13 3 19
220 10 10 2 20
221 10 13 4 20
222 4 7 3 14
223 10 5 7 16
224 13 18 3 11
225 10 8 6 19
226 10 8 5 13
227 9 7 2 8
228 6 4 5 15
229 6 5 8 14
230 11 7 7 15
231 4 4 3 20
232 6 7 4 8
233 5 4 5 15
234 7 2 3 13
235 5 5 2 11
236 5 6 2 10
237 5 1 2 7
238 5 1 3 5
239 4 11 3 10
240 5 1 1 8
241 3 4 3 3
242 5 3 4 7
243 6 2 3 12
244 4 2 3 0
245 3 2 4 5
246 4 2 2 12
247 2 0 2 4
248 8 3 1 8
249 5 2 0 5
250 4 2 0 3
251 2 4 3 4
252 1 4 1 4
253 3 3 4 4
254 1 1 3 1
255 2 4 0 6
256 0 1 0 4
257 2 4 1 5
258 2 1 3 4
259 5 1 1 5
260 2 1 1 4
261 3 1 0 4
262 0 1 1 3
263 1 0 1 1
264 0 3 1 4
265 0 2 0 4
266 2 1 1 1
267 1 0 1 3
268 3 2 1 2
269 2 0 0 3
270 2 1 1 1
271 1 1 0 2
272 1 0 0 2
273 0 1 1 1
274 1 2 0 2
275 2 1 1 2
276 3 1 1 0
277 1 1 1 2
278 3 0 0 2
279 3 0 1 1
280 2 0 0 2
281 1 2 0 1
282 2 0 0 1
283 2 4 0 0
284 2 2 1 2
285 1 2 0 1
286 3 0 1 1
287 0 1 0 1
288 1 1 1 4
289 0 0 1 2
290 1 2 0 4
291 1 0 1 0
292 0 2 0 0
293 1 2 1 1
294 0 0 0 1
295 1 1 3 2
296 0 1 0 2
297 2 0 0 3
298 3 0 1 1
299 1 0 0 3
300 1 0 0 2
301 0 0 0 0
302 0 0 0 2
303 1 1 1 1
304 1 0 2 0
305 2 0 0 0
306 2 3 0 0
307 1 0 1 0
308 0 1 0 2
309 0 0 1 0
310 1 0 1 3
311 1 0 1 2
312 2 0 0 1
313 0 0 0 0
314 1 1 0 1
315 1 1 1 2
316 0 1 0 1
317 2 1 0 0
318 1 0 0 1
319 0 0 0 1
320 0 1 0 0
321 0 1 0 0
322 0 0 0 1
323 1 0 1 1
324 0 1 0 2
325 0 0 0 0
326 0 1 1 0
327 1 0 1 1
328 1 0 0 2
329 0 0 0 0
330 0 0 0 1
331 0 0 0 1
332 0 2 0 0
333 0 0 0 1
334 1 0 0 0
335 1 0 0 0
336 0 0 0 2
337 0 0 1 0
338 0 0 0 0
339 0 1 0 0
340 0 0 0 0
341 0 0 0 0
342 1 0 0 0
343 0 0 0 1
344 0 0 1 1
345 0 0 0 0
346 0 0 0 0
347 0 1 0 0
348 0 0 0 1
349 0 0 0 0
350 1 0 0 0
351 0 0 0 0
352 0 0 0 0
353 1 0 0 0
354 0 0 0 1
355 1 0 0 0
356 0 1 0 0
357 0 0 0 0
358 0 1 0 0
359 0 0 0 0
360 0 1 0 0
361 0 0 0 0
362 0 0 0 1
363 0 0 0 1
364 0 0 0 0
365 0 0 0 0
366 0 0 0 0
367 0 0 0 1
368 0 0 0 0
369 0 0 0 0
370 0 0 0 0
371 0 0 0 0
372 0 0 0 0
373 0 0 0 0
374 0 0 0 0
375 0 0 0 0
376 1 0 0 0
377 0 0 0 0
378 0 0 0 0
379 0 0 0 0
380 0 0 0 0
381 0 0 0 0
382 0 0 0 0
383 0 0 0 0
384 0 0 0 0
385 0 0 1 0
386 0 0 0 0
387 0 0 0 0
388 0 0 0 0
389 0 0 0 0
390 0 0 0 0
391 0 0 0 0
392 0 0 0 1
393 0 0 0 0
394 0 0 0 0
395 0 0 0 0
396 0 0 0 0
397 0 0 0 0
398 0 0 0 0
399 0 0 0 0
400 0 0 0 0
401 0 0 0 0
402 0 0 0 0
403 0 0 0 0
404 0 0 0 0
405 0 0 0 0
406 0 0 0 0
407 0 0 0 0
408 0 0 0 0
409 0 0 0 0
410 0 0 0 0
411 0 0 0 0
412 0 0 0 0
413 0 0 0 0
414 0 0 0 0
415 0 0 0 0
416 0 0 0 0
417 0 0 0 0
418 0 0 0 0
419 0 0 0 0
420 0 0 0 0
421 0 0 0 0
422 0 0 0 0
423 0 0 0 0
424 0 0 0 0
425 0 0 0 0
426 0 0 0 0
427 0 0 0 0
428 0 0 0 0
429 0 0 0 0
430 0 0 0 0
431 0 0 0 0
432 0 0 0 0
433 0 0 0 0
434 0 0 0 0
435 0 0 0 0
436 0 0 0 0
437 0 0 0 0
438 0 0 0 0
439 0 0 0 0
440 0 0 0 0
441 0 0 0 0
442 0 0 0 0
443 0 0 0 0
444 0 0 0 0
445 0 0 0 0
446 0 0 0 0
447 0 0 0 0
448 0 0 0 0
449 0 0 0 0
450 0 0 0 0
451 0 0 0 0
452 0 0 0 0
453 0 0 0 0
454 0 0 0 0
455 0 0 0 0
456 0 0 0 0
457 0 0 0 0
458 0 0 0 0
459 0 0 0 0
460 0 0 0 0
461 0 0 0 0
462 0 0 0 0
463 0 0 0 0
464 0 0 0 0
465 0 0 0 0
466 0 0 0 0
467 0 0 0 0
468 0 0 0 0
469 0 0 0 0
470 0 0 0 0
471 0 0 0 0
472 0 0 0 0
473 0 0 0 0
474 0 0 0 0
475 0 0 0 0
476 0 0 0 0
477 0 0 0 0
478 0 0 0 0
479 0 0 0 0
480 0 0 0 0
481 0 0 0 0
482 0 0 0 0
483 0 0 0 0
484 0 0 0 0
485 0 0 0 0
486 0 0 0 0
487 0 0 0 0
488 0 0 0 0
489 0 0 0 0
490 0 0 0 0
491 0 0 0 0
492 0 0 0 0
493 0 0 0 0
494 0 0 0 0
495 0 0 0 0
496 0 0 0 0
497 0 0 0 0
498 0 0 0 0
499 0 0 0 0
500 0 0 0 0
501 0 0 0 0
502 0 0 0 0
503 0 0 0 0
504 0 0 0 0
505 0 0 0 0
506 0 0 0 0
507 0 0 0 0
508 0 0 0 0
509 0 0 0 0
510 0 0 0 0
511 0 0 0 0
512 0 0 0 0
513 0 0 0 0
514 0 0 0 0
515 0 0 0 0
516 0 0 0 0
517 0 0 0 0
518 0 0 0 0
519 0 0 0 0
520 0 0 0 0
521 0 0 0 0
522 0 0 0 0
523 0 0 0 0
524 0 0 0 0
525 0 0 0 0
526 0 0 0 0
527 0 0 0 0
528 0 0 0 0
529 0 0 0 0
530 0 0 0 0
531 0 0 0 0
532 0 0 0 0
533 0 0 0 0
534 0 0 0 0
535 0 0 0 0
536 0 0 0 0
537 0 0 0 0
538 0 0 0 0
539 0 0 0 0
540 0 0 0 0
541 0 0 0 0
542 0 0 0 0
543 0 0 0 0
544 0 0 0 0
545 0 0 0 0
546 0 0 0 0
547 0 0 0 0
548 0 0 0 0
549 0 0 0 0
550 0 0 0 0
551 0 0 0 0
552 0 0 0 0
553 0 0 0 0
554 0 0 0 0
555 0 0 0 0
556 0 0 0 0
557 0 0 0 0
558 0 0 0 0
559 0 0 0 0
560 0 0 0 0
561 0 0 0 0
562 0 0 0 0
563 0 0 0 0
564 0 0 0 0
565 0 0 0 0
566 0 0 0 0
567 0 0 0 0
568 0 0 0 0
569 0 0 0 0
570 0 0 0 0
571 0 0 0 0
572 0 0 0 0
573 0 0 0 0
574 0 0 0 0
575 0 0 0 0
576 0 0 0 0
577 0 0 0 0
578 0 0 0 0
579 0 0 0 0
580 0 0 0 0
581 0 0 0 0
582 0 0 0 0
583 0 0 0 0
584 0 0 0 0
585 0 0 0 0
586 0 0 0 0
587 0 0 0 0
588 0 0 0 0
589 0 0 0 0
590 0 0 0 0
591 0 0 0 0
592 0 0 0 0
593 0 0 0 0
594 0 0 0 0
595 0 0 0 0
596 0 0 0 0
597 0 0 0 0
598 0 0 0 0
599 0 0 0 0
600 0 0 0 0
601 0 0 0 0
602 0 0 0 0
603 0 0 0 0
604 0 0 0 0
605 0 0 0 0
606 0 0 0 0
607 0 0 0 0
608 0 0 0 0
609 0 0 0 0
610 0 0 0 0
611 0 0 0 0
612 0 0 0 0
613 0 0 0 0
614 0 0 0 0
615 0 0 0 0
616 0 0 0 0
617 0 0 0 0
618 0 0 0 0
619 0 0 0 0
620 0 0 0 0
621 0 0 0 0
622 0 0 0 0
623 0 0 0 0
624 0 0 0 0
625 0 0 0 0
626 0 0 0 0
627 0 0 0 0
628 0 0 0 0
629 0 0 0 0
630 0 0 0 0
631 0 0 0 0
632 0 0 0 0
633 0 0 0 0
634 0 0 0 0
635 0 0 0 0
636 0 0 0 0
637 0 0 0 0
638 0 0 0 0
639 0 0 0 0
640 0 0 0 0
641 0 0 0 0
642 0 0 0 0
643 0 0 0 0
644 0 0 0 0
645 0 0 0 0
646 0 0 0 0
647 0 0 0 0
648 0 0 0 0
649 0 0 0 0
650 0 0 0 0
651 0 0 0 0
652 0 0 0 0
653 0 0 0 0
654 0 0 0 0
655 0 0 0 0
656 0 0 0 0
657 0 0 0 0
658 0 0 0 0
659 0 0 0 0
660 0 0 0 0
661 0 0 0 0
662 0 0 0 0
663 0 0 0 0
664 0 0 0 0
665 0 0 0 0
666 0 0 0 0
667 0 0 0 0
668 0 0 0 0
669 0 0 0 0
670 0 0 0 0
671 0 0 0 0
672 0 0 0 0
673 0 0 0 0
674 0 0 0 0
675 0 0 0 0
676 0 0 0 0
677 0 0 0 0
678 0 0 0 0
679 0 0 0 0
680 0 0 0 0
681 0 0 0 0
682 0 0 0 0
683 0 0 0 0
684 0 0 0 0
685 0 0 0 0
686 0 0 0 0
687 0 0 0 0
688 0 0 0 0
689 0 0 0 0
690 0 0 0 0
691 0 0 0 0
692 0 0 0 0
693 0 0 0 0
694 0 0 0 0
695 0 0 0 0
696 0 0 0 0
697 0 0 0 0
698 0 0 0 0
699 0 0 0 0
700 0 0 0 0
701 0 0 0 0
702 0 0 0 0
703 0 0 0 0
704 0 0 0 0
705 0 0 0 0
706 0 0 0 0
707 0 0 0 0
708 0 0 0 0
709 0 0 0 0
710 0 0 0 0
711 0 0 0 0
712 0 0 0 0
713 0 0 0 0
714 0 0 0 0
715 0 0 0 0
716 0 0 0 0
717 0 0 0 0
718 0 0 0 0
719 0 0 0 0
720 0 0 0 0
721 0 0 0 0
722 0 0 0 0
723 0 0 0 0
724 0 0 0 0
725 0 0 0 0
726 0 0 0 0
727 0 0 0 0
