0 0 0 0 0
1 0 0 0 0
2 0 0 0 0
3 0 0 0 0
4 0 0 0 0
5 0 3 0 0
6 0 0 0 0
7 0 0 0 0
8 0 0 0 0
9 0 1 1 1
10 0 0 0 0
11 0 0 0 0
12 0 0 0 2
13 0 0 0 1
14 0 0 0 0
15 0 0 0 0
16 0 0 0 1
17 0 0 0 0
18 0 0 0 0
19 3 0 0 0
20 0 0 0 0
21 3 0 0 0
22 1 0 0 0
23 0 0 0 0
24 2 1 2 0
25 0 0 0 0
26 1 1 0 0
27 0 0 1 0
28 1 0 0 0
29 0 0 1 0
30 0 1 1 1
31 0 0 0 3
32 1 0 0 0
33 0 0 2 0
34 1 0 0 3
35 0 1 0 1
36 0 0 0 0
37 2 0 0 2
38 1 0 0 0
39 0 1 0 1
40 0 0 0 0
41 1 0 1 0
42 0 1 1 0
43 1 0 0 1
44 0 0 0 0
45 2 0 0 0
46 1 0 0 1
47 1 0 1 0
48 2 1 0 1
49 1 0 0 1
50 2 1 1 0
51 1 0 1 0
52 0 0 1 1
53 3 1 1 0
54 0 1 0 1
55 0 1 1 1
56 0 0 0 0
57 0 0 0 3
58 2 2 0 0
59 1 0 0 3
60 2 1 0 1
61 0 0 0 1
62 0 2 0 1
63 2 0 1 0
64 0 0 0 1
65 2 1 0 1
66 2 0 1 2
67 2 1 0 0
68 2 1 0 0
69 4 1 0 1
70 2 1 0 1
71 1 1 0 2
72 2 2 0 0
73 1 0 0 0
74 4 1 1 1
75 3 0 1 2
76 3 0 1 1
77 3 3 0 0
78 5 2 2 1
79 4 2 1 2
80 1 1 2 1
81 3 0 3 3
82 2 0 1 2
83 4 5 2 2
84 2 4 2 5
85 1 1 0 2
86 2 3 0 2
87 3 2 0 5
88 4 1 1 4
89 2 2 1 0
90 1 1 0 6
91 5 0 2 6
92 4 3 0 1
93 6 1 2 1
94 2 1 1 0
95 6 2 1 3
96 5 4 0 2
97 4 3 1 2
98 5 1 2 3
99 2 0 0 4
100 4 2 2 2
101 3 3 0 1
102 1 5 0 3
103 5 3 3 3
104 2 3 3 4
105 1 3 1 5
106 5 1 1 4
107 6 0 1 7
108 5 1 1 2
109 7 4 0 2
110 3 1 3 4
111 9 3 0 5
112 8 4 3 4
113 8 2 1 3
114 4 3 3 1
115 4 3 2 1
116 5 1 4 6
117 10 6 1 5
118 7 8 0 5
119 5 2 3 3
120 7 6 2 6
121 4 4 2 9
122 3 5 3 10
123 11 1 3 2
124 3 3 2 7
125 7 5 2 6
126 5 3 2 8
127 4 2 3 5
128 6 5 5 8
129 5 2 0 6
130 6 2 6 5
131 10 4 1 3
132 8 3 3 9
133 7 3 2 4
134 8 4 2 6
135 11 5 3 7
136 3 7 1 3
137 8 4 2 7
138 5 5 2 4
139 11 4 2 8
140 6 6 6 6
141 10 2 3 7
142 11 0 3 6
143 5 5 4 9
144 10 4 2 6
145 6 2 2 6
146 9 7 6 4
147 10 3 2 14
148 11 7 3 6
149 12 6 5 3
150 9 5 3 15
151 5 7 6 4
152 12 6 3 8
153 12 4 5 10
154 11 5 4 7
155 12 0 4 13
156 17 2 5 8
157 16 7 5 8
158 10 7 4 9
159 10 6 7 7
160 16 2 7 9
161 17 14 4 6
162 16 9 4 7
163 17 2 6 11
164 25 7 5 13
165 14 6 6 19
166 17 8 11 13
167 19 11 3 10
168 12 10 5 10
169 12 13 10 12
170 14 9 2 16
171 10 11 4 16
172 12 14 3 14
173 17 10 8 18
174 14 8 8 12
175 14 9 7 13
176 21 10 3 20
177 24 7 5 16
178 26 7 1 17
179 24 9 6 15
180 11 7 7 15
181 18 7 7 15
182 11 16 9 12
183 21 12 10 14
184 27 9 4 12
185 14 8 11 9
186 21 9 9 25
187 25 11 7 17
188 21 16 13 16
189 19 17 4 14
190 26 8 15 19
191 18 10 5 14
192 26 14 7 30
193 28 14 11 18
194 30 7 4 22
195 28 14 8 21
196 26 15 7 20
197 34 9 9 24
198 25 19 6 17
199 26 13 14 21
200 22 9 15 26
201 23 19 11 9
202 29 21 10 27
203 21 17 14 24
204 19 17 11 25
205 18 15 8 31
206 21 16 14 25
207 24 13 12 23
208 19 16 8 34
209 14 14 6 29
210 17 15 7 32
211 15 8 16 24
212 23 11 12 21
213 22 9 10 23
214 11 9 5 25
215 11 16 7 26
216 17 13 3 24
217 13 12 11 15
218 16 9 5 14
219 13 3 6 23
220 7 9 4 18
221 15 12 8 19
222 9 9 11 20
223 13 12 5 15
224 11 7 3 20
225 10 8 5 14
226 17 6 5 17
227 10 10 4 10
228 7 6 5 14
229 13 5 5 9
230 8 4 6 19
231 11 6 7 12
232 7 6 6 19
233 7 4 5 11
234 3 10 5 13
235 10 8 3 6
236 7 8 6 8
237 5 3 1 10
238 6 6 4 16
239 9 4 1 12
240 7 4 4 14
241 3 7 3 9
242 6 2 4 9
243 7 1 1 10
244 5 4 3 6
245 0 2 4 12
246 2 2 2 4
247 4 5 3 7
248 5 4 5 8
249 7 3 3 4
250 3 0 1 2
251 4 3 1 7
252 3 3 4 9
253 2 2 2 7
254 4 4 1 2
255 3 2 1 6
256 5 2 2 5
257 0 2 4 7
258 3 2 0 3
259 1 2 1 6
260 2 4 1 3
261 5 2 2 6
262 1 1 0 0
263 4 0 5 3
264 0 1 0 6
265 3 2 1 4
266 0 3 1 2
267 3 1 1 7
268 2 2 1 1
269 2 0 0 2
270 1 1 0 5
271 3 0 0 2
272 1 2 0 3
273 1 0 0 1
274 1 3 1 1
275 1 0 0 1
276 3 1 2 1
277 0 1 2 1
278 1 0 1 2
279 0 1 1 1
280 0 2 2 1
281 1 1 0 4
282 1 0 0 2
283 0 0 0 1
284 0 0 0 3
285 1 1 1 0
286 4 1 0 2
287 1 2 0 2
288 1 0 0 1
289 1 0 0 0
290 0 0 0 1
291 2 1 1 0
292 1 1 0 2
293 1 0 0 0
294 2 1 0 2
295 0 2 0 1
296 0 0 0 1
297 0 1 1 0
298 0 2 0 2
299 0 1 1 1
300 0 2 0 0
301 0 0 0 0
302 0 0 0 2
303 0 0 0 2
304 0 0 0 4
305 0 0 0 0
306 0 0 0 0
307 0 0 0 1
308 1 0 0 0
309 1 0 0 0
310 0 0 0 0
311 0 0 0 0
312 0 0 0 0
313 0 0 1 0
314 0 0 0 0
315 0 0 0 0
316 0 0 0 0
317 0 0 0 1
318 0 0 1 0
319 0 0 0 0
320 0 0 0 0
321 0 0 0 0
322 0 0 0 0
323 0 0 0 0
324 0 0 0 0
325 0 0 0 1
326 0 0 0 0
327 0 0 0 0
328 0 0 0 0
329 0 0 0 0
330 0 0 0 0
331 1 0 0 0
332 0 0 0 0
333 0 0 0 0
334 0 0 0 0
335 0 0 0 0
336 0 0 0 0
337 0 0 0 0
338 0 0 0 0
339 0 0 0 0
340 0 1 0 0
341 0 0 0 0
342 0 0 0 0
343 0 0 0 0
344 0 0 0 0
345 0 0 0 0
346 0 0 0 0
347 0 0 0 1
348 0 0 0 0
349 0 0 0 0
350 0 0 0 0
351 0 0 0 0
352 0 0 0 0
353 0 0 0 0
354 0 0 0 0
355 0 0 0 0
356 0 0 0 0
357 0 0 0 0
358 0 0 0 0
359 0 0 0 0
360 0 0 0 0
361 0 0 0 0
362 0 0 0 0
363 0 0 0 0
364 0 0 0 0
365 0 0 0 0
366 0 0 0 0
367 0 0 0 0
368 0 0 0 0
369 0 0 0 0
370 0 0 0 0
371 0 0 0 0
372 0 0 0 0
373 0 0 0 0
374 0 0 0 0
375 0 0 0 0
376 0 0 0 0
377 0 0 0 0
378 0 0 0 0
379 0 0 0 0
380 0 0 0 0
381 0 0 0 0
382 0 0 0 0
383 0 0 0 0
384 0 0 0 0
385 0 0 0 0
386 0 0 0 0
387 0 0 0 0
388 0 0 0 0
389 0 0 0 0
390 0 0 0 0
391 0 0 0 0
392 0 0 0 0
393 0 0 0 0
394 0 0 0 0
395 0 0 0 0
396 0 0 0 0
397 0 0 0 0
398 0 0 0 0
399 0 0 0 0
400 0 0 0 0
401 0 0 0 0
402 0 0 0 0
403 0 0 0 0
404 0 0 0 0
405 0 0 0 0
406 0 0 0 0
407 0 0 0 0
408 0 0 0 0
409 0 0 0 0
410 0 0 0 0
411 0 0 0 0
412 0 0 0 0
413 0 0 0 0
414 0 0 0 0
415 0 0 0 0
416 0 0 0 0
417 0 0 0 0
418 0 0 0 0
419 0 0 0 0
420 0 0 0 0
421 0 0 0 0
422 0 0 0 0
423 0 0 0 0
424 0 0 0 0
425 0 0 0 0
426 0 0 0 0
427 0 0 0 0
428 0 0 0 0
429 0 0 0 0
430 0 0 0 0
431 0 0 0 0
432 0 0 0 0
433 0 0 0 0
434 0 0 0 0
435 0 0 0 0
436 0 0 0 0
437 0 0 0 0
438 0 0 0 0
439 0 0 0 0
440 0 0 0 0
441 0 0 0 0
442 0 0 0 0
443 0 0 0 0
444 0 0 0 0
445 0 0 0 0
446 0 0 0 0
447 0 0 0 0
448 0 0 0 0
449 0 0 0 0
450 0 0 0 0
451 0 0 0 0
452 0 0 0 0
453 0 0 0 0
454 0 0 0 0
455 0 0 0 0
456 0 0 0 0
457 0 0 0 0
458 0 0 0 0
459 0 0 0 0
460 0 0 0 0
461 0 0 0 0
462 0 0 0 0
463 0 0 0 0
464 0 0 0 0
465 0 0 0 0
466 0 0 0 0
467 0 0 0 0
468 0 0 0 0
469 0 0 0 0
470 0 0 0 0
471 0 0 0 0
472 0 0 0 0
473 0 0 0 0
474 0 0 0 0
475 0 0 0 0
476 0 0 0 0
477 0 0 0 0
478 0 0 0 0
479 0 0 0 0
480 0 0 0 0
481 0 0 0 0
482 0 0 0 0
483 0 0 0 0
484 0 0 0 0
485 0 0 0 0
486 0 0 0 0
487 0 0 0 0
488 0 0 0 0
489 0 0 0 0
490 0 0 0 0
491 0 0 0 0
492 0 0 0 0
493 0 0 0 0
494 0 0 0 0
495 0 0 0 0
496 0 0 0 0
497 0 0 0 0
498 0 0 0 0
499 0 0 0 0
500 0 0 0 0
501 0 0 0 0
502 0 0 0 0
503 0 0 0 0
504 0 0 0 0
505 0 0 0 0
506 0 0 0 0
507 0 0 0 0
508 0 0 0 0
509 0 0 0 0
510 0 0 0 0
511 0 0 0 0
512 0 0 0 0
513 0 0 0 0
514 0 0 0 0
515 0 0 0 0
516 0 0 0 0
517 0 0 0 0
518 0 0 0 0
519 0 0 0 0
520 0 0 0 0
521 0 0 0 0
522 0 0 0 0
523 0 0 0 0
524 0 0 0 0
525 0 0 0 0
526 0 0 0 0
527 0 0 0 0
528 0 0 0 0
529 0 0 0 0
530 0 0 0 0
531 0 0 0 0
532 0 0 0 0
533 0 0 0 0
534 0 0 0 0
535 0 0 0 0
536 0 0 0 0
537 0 0 0 0
538 0 0 0 0
539 0 0 0 0
540 0 0 0 0
541 0 0 0 0
542 0 0 0 0
543 0 0 0 0
544 0 0 0 0
545 0 0 0 0
546 0 0 0 0
547 0 0 0 0
548 0 0 0 0
549 0 0 0 0
550 0 0 0 0
551 0 0 0 0
552 0 0 0 0
553 0 0 0 0
554 0 0 0 0
555 0 0 0 0
556 0 0 0 0
557 0 0 0 0
558 0 0 0 0
559 0 0 0 0
560 0 0 0 0
561 0 0 0 0
562 0 0 0 0
563 0 0 0 0
564 0 0 0 0
565 0 0 0 0
566 0 0 0 0
567 0 0 0 0
568 0 0 0 0
569 0 0 0 0
570 0 0 0 0
571 0 0 0 0
572 0 0 0 0
573 0 0 0 0
574 0 0 0 0
575 0 0 0 0
576 0 0 0 0
577 0 0 0 0
578 0 0 0 0
579 0 0 0 0
580 0 0 0 0
581 0 0 0 0
582 0 0 0 0
583 0 0 0 0
584 0 0 0 0
585 0 0 0 0
586 0 0 0 0
587 0 0 0 0
588 0 0 0 0
589 0 0 0 0
590 0 0 0 0
591 0 0 0 0
592 0 0 0 0
593 0 0 0 0
594 0 0 0 0
595 0 0 0 0
596 0 0 0 0
597 0 0 0 0
598 0 0 0 0
599 0 0 0 0
600 0 0 0 0
601 0 0 0 0
602 0 0 0 0
603 0 0 0 0
604 0 0 0 0
605 0 0 0 0
606 0 0 0 0
607 0 0 0 0
608 0 0 0 0
609 0 0 0 0
610 0 0 0 0
611 0 0 0 0
612 0 0 0 0
613 0 0 0 0
614 0 0 0 0
615 0 0 0 0
616 0 0 0 0
617 0 0 0 0
618 0 0 0 0
619 0 0 0 0
620 0 0 0 0
621 0 0 0 0
622 0 0 0 0
623 0 0 0 0
624 0 0 0 0
625 0 0 0 0
626 0 0 0 0
627 0 0 0 0
628 0 0 0 0
629 0 0 0 0
630 0 0 0 0
631 0 0 0 0
632 0 0 0 0
633 0 0 0 0
634 0 0 0 0
635 0 0 0 0
636 0 0 0 0
637 0 0 0 0
638 0 0 0 0
639 0 0 0 0
640 0 0 0 0
641 0 0 0 0
642 0 0 0 0
643 0 0 0 0
644 0 0 0 0
645 0 0 0 0
646 0 0 0 0
647 0 0 0 0
648 0 0 0 0
649 0 0 0 0
650 0 0 0 0
651 0 0 0 0
652 0 0 0 0
653 0 0 0 0
654 0 0 0 0
655 0 0 0 0
656 0 0 0 0
657 0 0 0 0
658 0 0 0 0
659 0 0 0 0
660 0 0 0 0
661 0 0 0 0
662 0 0 0 0
663 0 0 0 0
664 0 0 0 0
665 0 0 0 0
666 0 0 0 0
667 0 0 0 0
668 0 0 0 0
669 0 0 0 0
670 0 0 0 0
671 0 0 0 0
672 0 0 0 0
673 0 0 0 0
674 0 0 0 0
675 0 0 0 0
676 0 0 0 0
677 0 0 0 0
678 0 0 0 0
679 0 0 0 0
680 0 0 0 0
681 0 0 0 0
682 0 0 0 0
683 0 0 0 0
684 0 0 0 0
685 0 0 0 0
686 0 0 0 0
687 0 0 0 0
688 0 0 0 0
689 0 0 0 0
690 0 0 0 0
691 0 0 0 0
692 0 0 0 0
693 0 0 0 0
694 0 0 0 0
695 0 0 0 0
696 0 0 0 0
697 0 0 0 0
698 0 0 0 0
699 0 0 0 0
700 0 0 0 0
701 0 0 0 0
702 0 0 0 0
703 0 0 0 0
704 0 0 0 0
705 0 0 0 0
706 0 0 0 0
707 0 0 0 0
708 0 0 0 0
709 0 0 0 0
710 0 0 0 0
711 0 0 0 0
712 0 0 0 0
713 0 0 0 0
714 0 0 0 0
715 0 0 0 0
716 0 0 0 0
717 0 0 0 0
718 0 0 0 0
719 0 0 0 0
720 0 0 0 0
721 0 0 0 0
722 0 0 0 0
723 0 0 0 0
724 0 0 0 0
725 0 0 0 0
726 0 0 0 0
727 0 0 0 0
