0 0 0 0 0
1 0 0 0 0
2 0 0 0 0
3 0 0 0 0
4 0 0 0 0
5 0 1 2 0
6 0 0 0 0
7 0 0 0 0
8 1 0 0 0
9 0 1 1 1
10 0 0 0 0
11 0 0 0 1
12 0 0 0 1
13 0 1 0 0
14 0 0 0 0
15 0 0 0 0
16 0 0 0 2
17 0 0 0 0
18 0 0 0 0
19 1 0 0 0
20 1 0 0 1
21 1 0 0 0
22 1 0 0 0
23 1 0 0 0
24 0 1 0 0
25 0 0 0 0
26 2 0 1 0
27 0 1 0 0
28 1 1 0 1
29 1 0 1 0
30 4 0 0 0
31 3 0 0 0
32 1 0 0 1
33 1 0 1 2
34 1 0 0 1
35 1 3 2 0
36 1 0 0 0
37 1 0 0 1
38 1 0 1 0
39 1 3 1 4
40 1 2 0 0
41 2 0 0 0
42 0 1 1 2
43 1 1 0 1
44 1 1 1 1
45 1 2 0 0
46 0 1 1 5
47 1 0 0 2
48 0 1 0 1
49 1 0 0 0
50 1 0 0 1
51 1 0 0 1
52 0 0 0 2
53 2 1 0 1
54 1 1 0 0
55 3 0 0 1
56 1 1 1 0
57 0 0 0 0
58 1 1 0 1
59 1 0 1 0
60 2 0 2 2
61 1 0 0 0
62 2 2 0 1
63 1 2 0 0
64 0 1 0 0
65 0 2 0 1
66 0 0 0 1
67 1 1 1 3
68 0 1 0 0
69 2 0 0 3
70 2 0 1 2
71 2 1 0 2
72 2 2 0 1
73 3 0 0 0
74 2 0 1 1
75 3 2 0 1
76 3 0 1 0
77 0 1 0 1
78 3 2 0 1
79 1 0 1 2
80 6 2 1 1
81 6 2 1 0
82 4 1 1 4
83 3 1 1 1
84 2 1 1 3
85 1 3 1 2
86 2 2 1 1
87 2 2 2 2
88 3 1 1 2
89 1 1 4 2
90 1 2 1 1
91 2 0 3 4
92 2 1 1 5
93 5 1 1 5
94 2 2 0 3
95 1 0 2 0
96 4 3 0 3
97 1 2 0 3
98 3 1 1 4
99 8 2 1 3
100 5 1 0 2
101 6 1 1 3
102 8 2 2 1
103 5 1 0 2
104 2 2 0 1
105 4 4 2 3
106 3 2 3 5
107 2 4 4 0
108 5 5 4 1
109 5 2 0 4
110 4 1 2 6
111 6 2 1 7
112 10 1 1 7
113 2 3 1 3
114 8 1 3 4
115 6 2 2 4
116 5 3 2 1
117 5 4 2 4
118 8 1 3 4
119 10 4 2 3
120 12 1 4 5
121 2 3 6 4
122 5 2 3 4
123 4 5 3 6
124 8 6 5 7
125 5 5 3 7
126 6 1 0 5
127 7 7 3 6
128 3 2 3 10
129 10 7 6 4
130 12 1 2 6
131 15 2 1 12
132 9 1 1 8
133 5 1 3 8
134 7 8 2 5
135 8 8 4 4
136 12 7 7 8
137 4 4 2 3
138 12 3 2 8
139 6 4 3 3
140 6 8 4 10
141 8 4 5 6
142 11 3 0 13
143 8 7 5 11
144 11 8 1 11
145 13 5 4 2
146 9 2 5 3
147 10 4 4 12
148 14 7 1 11
149 12 6 2 8
150 16 5 2 11
151 11 7 4 8
152 9 4 4 9
153 9 10 4 7
154 7 8 8 8
155 8 6 6 9
156 16 8 4 5
157 15 7 3 9
158 12 7 3 15
159 14 8 4 10
160 13 7 2 16
161 18 6 5 12
162 15 8 5 11
163 15 5 4 11
164 12 5 6 5
165 7 8 9 11
166 12 8 10 14
167 15 6 10 14
168 20 8 7 13
169 13 5 5 15
170 18 8 5 15
171 15 10 4 11
172 21 9 4 16
173 24 12 6 10
174 25 6 0 19
175 18 10 5 18
176 21 9 9 11
177 19 13 3 17
178 22 16 5 5
179 29 15 10 13
180 20 6 6 14
181 22 12 7 12
182 25 15 8 17
183 17 11 9 22
184 22 15 9 14
185 22 16 11 22
186 21 14 3 24
187 28 18 4 22
188 19 12 11 15
189 22 14 4 25
190 16 16 12 11
191 22 16 8 32
192 28 22 7 23
193 19 10 10 22
194 23 11 7 21
195 23 11 8 30
196 21 10 5 19
197 25 16 9 23
198 27 11 10 23
199 21 13 9 26
200 29 16 15 20
201 24 15 11 18
202 18 15 12 22
203 21 13 8 19
204 15 12 8 26
205 16 11 7 24
206 16 11 11 21
207 18 15 4 28
208 11 10 8 22
209 18 18 8 24
210 14 16 6 21
211 10 7 12 20
212 10 15 8 20
213 16 9 5 25
214 10 11 7 18
215 11 10 7 16
216 11 8 5 26
217 9 6 3 20
218 6 9 6 20
219 14 4 2 15
220 10 6 4 11
221 13 6 5 15
222 6 8 3 16
223 5 9 5 12
224 9 10 3 4
225 11 4 6 12
226 10 4 6 9
227 8 2 2 13
228 6 3 3 9
229 11 4 8 12
230 6 5 6 9
231 5 2 2 12
232 5 6 4 8
233 1 4 3 13
234 8 9 4 7
235 5 8 5 5
236 5 6 2 13
237 7 2 1 8
238 1 4 2 9
239 3 5 1 13
240 4 5 0 7
241 4 2 1 6
242 4 5 0 7
243 3 3 1 7
244 1 2 1 5
245 2 3 2 6
246 3 4 3 5
247 6 0 2 4
248 4 1 2 5
249 2 1 0 6
250 6 2 1 5
251 2 2 3 2
252 3 3 3 2
253 1 2 0 4
254 1 1 1 2
255 5 3 1 6
256 2 3 0 2
257 5 3 3 3
258 0 0 0 3
259 2 1 3 3
260 2 3 0 2
261 4 0 0 5
262 1 5 2 5
263 3 0 0 5
264 1 3 0 2
265 1 2 0 0
266 0 1 0 7
267 1 1 0 2
268 0 0 2 2
269 0 0 2 2
270 0 2 2 0
271 1 0 0 1
272 1 1 2 2
273 2 0 0 1
274 3 0 0 4
275 0 0 0 1
276 0 0 0 4
277 2 0 1 1
278 1 0 1 0
279 1 0 1 1
280 0 1 0 0
281 5 0 0 1
282 2 1 0 0
283 2 4 0 1
284 1 0 0 0
285 0 0 0 1
286 0 1 3 1
287 0 2 0 4
288 0 2 1 0
289 1 0 0 0
290 0 2 0 3
291 1 0 0 2
292 0 0 0 3
293 0 0 1 2
294 1 0 0 1
295 1 0 0 0
296 1 0 1 0
297 1 0 0 2
298 0 1 0 0
299 0 0 1 0
300 0 1 0 0
301 0 1 0 1
302 0 0 0 0
303 0 0 0 0
304 0 1 0 1
305 0 0 0 1
306 0 0 0 1
307 0 0 0 0
308 0 0 0 1
309 0 0 0 0
310 0 0 0 0
311 1 0 0 1
312 0 0 0 0
313 1 0 0 0
314 0 0 0 0
315 0 0 0 0
316 0 0 1 0
317 0 0 0 0
318 0 1 0 0
319 0 0 0 0
320 0 0 0 1
321 0 0 0 0
322 0 0 0 0
323 0 0 0 0
324 0 0 0 0
325 0 0 0 1
326 0 0 0 0
327 0 0 0 0
328 0 0 0 0
329 0 0 0 0
330 0 0 0 0
331 0 0 0 0
332 1 0 0 0
333 1 0 0 0
334 0 0 0 0
335 0 0 0 0
336 0 0 0 0
337 0 1 0 0
338 0 1 0 0
339 0 0 0 0
340 0 0 0 0
341 0 0 0 1
342 0 0 0 1
343 0 0 0 0
344 0 0 0 0
345 0 0 0 0
346 0 0 0 0
347 1 0 0 0
348 0 0 0 0
349 0 0 0 0
350 0 0 0 0
351 0 0 0 0
352 0 0 1 0
353 0 0 0 0
354 0 0 0 0
355 0 0 0 0
356 0 0 0 0
357 0 0 0 0
358 0 0 0 0
359 0 0 0 1
360 0 0 0 0
361 0 0 0 0
362 0 0 0 0
363 0 0 0 0
364 0 0 0 0
365 0 0 0 0
366 0 0 0 0
367 0 0 0 0
368 0 0 0 0
369 0 0 0 0
370 0 0 0 0
371 0 0 0 0
372 0 0 0 0
373 0 0 0 0
374 0 0 0 0
375 0 0 0 0
376 0 0 0 0
377 0 0 0 0
378 0 0 0 0
379 0 0 0 0
380 0 0 0 0
381 0 0 0 0
382 0 0 0 0
383 0 0 0 0
384 0 0 0 0
385 0 0 0 0
386 0 0 0 0
387 0 0 0 0
388 0 0 0 0
389 0 0 0 0
390 0 0 0 0
391 0 0 0 0
392 0 0 0 0
393 0 0 0 0
394 0 0 0 0
395 0 0 0 0
396 0 0 0 0
397 0 0 0 0
398 0 0 0 0
399 0 0 0 0
400 0 0 0 0
401 0 0 0 0
402 0 0 0 0
403 0 0 0 0
404 0 0 0 0
405 0 0 0 0
406 0 0 0 0
407 0 0 0 0
408 0 0 0 0
409 0 0 0 0
410 0 0 0 0
411 0 0 0 0
412 0 0 0 0
413 0 0 0 0
414 0 0 0 0
415 0 0 0 0
416 0 0 0 0
417 0 0 0 0
418 0 0 0 0
419 0 0 0 0
420 0 0 0 0
421 0 0 0 0
422 0 0 0 0
423 0 0 0 0
424 0 0 0 0
425 0 0 0 0
426 0 0 0 0
427 0 0 0 0
428 0 0 0 0
429 0 0 0 0
430 0 0 0 0
431 0 0 0 0
432 0 0 0 0
433 0 0 0 0
434 0 0 0 0
435 0 0 0 0
436 0 0 0 0
437 0 0 0 0
438 0 0 0 0
439 0 0 0 0
440 0 0 0 0
441 0 0 0 0
442 0 0 0 0
443 0 0 0 0
444 0 0 0 0
445 0 0 0 0
446 0 0 0 0
447 0 0 0 0
448 0 0 0 0
449 0 0 0 0
450 0 0 0 0
451 0 0 0 0
452 0 0 0 0
453 0 0 0 0
454 0 0 0 0
455 0 0 0 0
456 0 0 0 0
457 0 0 0 0
458 0 0 0 0
459 0 0 0 0
460 0 0 0 0
461 0 0 0 0
462 0 0 0 0
463 0 0 0 0
464 0 0 0 0
465 0 0 0 0
466 0 0 0 0
467 0 0 0 0
468 0 0 0 0
469 0 0 0 0
470 0 0 0 0
471 0 0 0 0
472 0 0 0 0
473 0 0 0 0
474 0 0 0 0
475 0 0 0 0
476 0 0 0 0
477 0 0 0 0
478 0 0 0 0
479 0 0 0 0
480 0 0 0 0
481 0 0 0 0
482 0 0 0 0
483 0 0 0 0
484 0 0 0 0
485 0 0 0 0
486 0 0 0 0
487 0 0 0 0
488 0 0 0 0
489 0 0 0 0
490 0 0 0 0
491 0 0 0 0
492 0 0 0 0
493 0 0 0 0
494 0 0 0 0
495 0 0 0 0
496 0 0 0 0
497 0 0 0 0
498 0 0 0 0
499 0 0 0 0
500 0 0 0 0
501 0 0 0 0
502 0 0 0 0
503 0 0 0 0
504 0 0 0 0
505 0 0 0 0
506 0 0 0 0
507 0 0 0 0
508 0 0 0 0
509 0 0 0 0
510 0 0 0 0
511 0 0 0 0
512 0 0 0 0
513 0 0 0 0
514 0 0 0 0
515 0 0 0 0
516 0 0 0 0
517 0 0 0 0
518 0 0 0 0
519 0 0 0 0
520 0 0 0 0
521 0 0 0 0
522 0 0 0 0
523 0 0 0 0
524 0 0 0 0
525 0 0 0 0
526 0 0 0 0
527 0 0 0 0
528 0 0 0 0
529 0 0 0 0
530 0 0 0 0
531 0 0 0 0
532 0 0 0 0
533 0 0 0 0
534 0 0 0 0
535 0 0 0 0
536 0 0 0 0
537 0 0 0 0
538 0 0 0 0
539 0 0 0 0
540 0 0 0 0
541 0 0 0 0
542 0 0 0 0
543 0 0 0 0
544 0 0 0 0
545 0 0 0 0
546 0 0 0 0
547 0 0 0 0
548 0 0 0 0
549 0 0 0 0
550 0 0 0 0
551 0 0 0 0
552 0 0 0 0
553 0 0 0 0
554 0 0 0 0
555 0 0 0 0
556 0 0 0 0
557 0 0 0 0
558 0 0 0 0
559 0 0 0 0
560 0 0 0 0
561 0 0 0 0
562 0 0 0 0
563 0 0 0 0
564 0 0 0 0
565 0 0 0 0
566 0 0 0 0
567 0 0 0 0
568 0 0 0 0
569 0 0 0 0
570 0 0 0 0
571 0 0 0 0
572 0 0 0 0
573 0 0 0 0
574 0 0 0 0
575 0 0 0 0
576 0 0 0 0
577 0 0 0 0
578 0 0 0 0
579 0 0 0 0
580 0 0 0 0
581 0 0 0 0
582 0 0 0 0
583 0 0 0 0
584 0 0 0 0
585 0 0 0 0
586 0 0 0 0
587 0 0 0 0
588 0 0 0 0
589 0 0 0 0
590 0 0 0 0
591 0 0 0 0
592 0 0 0 0
593 0 0 0 0
594 0 0 0 0
595 0 0 0 0
596 0 0 0 0
597 0 0 0 0
598 0 0 0 0
599 0 0 0 0
600 0 0 0 0
601 0 0 0 0
602 0 0 0 0
603 0 0 0 0
604 0 0 0 0
605 0 0 0 0
606 0 0 0 0
607 0 0 0 0
608 0 0 0 0
609 0 0 0 0
610 0 0 0 0
611 0 0 0 0
612 0 0 0 0
613 0 0 0 0
614 0 0 0 0
615 0 0 0 0
616 0 0 0 0
617 0 0 0 0
618 0 0 0 0
619 0 0 0 0
620 0 0 0 0
621 0 0 0 0
622 0 0 0 0
623 0 0 0 0
624 0 0 0 0
625 0 0 0 0
626 0 0 0 0
627 0 0 0 0
628 0 0 0 0
629 0 0 0 0
630 0 0 0 0
631 0 0 0 0
632 0 0 0 0
633 0 0 0 0
634 0 0 0 0
635 0 0 0 0
636 0 0 0 0
637 0 0 0 0
638 0 0 0 0
639 0 0 0 0
640 0 0 0 0
641 0 0 0 0
642 0 0 0 0
643 0 0 0 0
644 0 0 0 0
645 0 0 0 0
646 0 0 0 0
647 0 0 0 0
648 0 0 0 0
649 0 0 0 0
650 0 0 0 0
651 0 0 0 0
652 0 0 0 0
653 0 0 0 0
654 0 0 0 0
655 0 0 0 0
656 0 0 0 0
657 0 0 0 0
658 0 0 0 0
659 0 0 0 0
660 0 0 0 0
661 0 0 0 0
662 0 0 0 0
663 0 0 0 0
664 0 0 0 0
665 0 0 0 0
666 0 0 0 0
667 0 0 0 0
668 0 0 0 0
669 0 0 0 0
670 0 0 0 0
671 0 0 0 0
672 0 0 0 0
673 0 0 0 0
674 0 0 0 0
675 0 0 0 0
676 0 0 0 0
677 0 0 0 0
678 0 0 0 0
679 0 0 0 0
680 0 0 0 0
681 0 0 0 0
682 0 0 0 0
683 0 0 0 0
684 0 0 0 0
685 0 0 0 0
686 0 0 0 0
687 0 0 0 0
688 0 0 0 0
689 0 0 0 0
690 0 0 0 0
691 0 0 0 0
692 0 0 0 0
693 0 0 0 0
694 0 0 0 0
695 0 0 0 0
696 0 0 0 0
697 0 0 0 0
698 0 0 0 0
699 0 0 0 0
700 0 0 0 0
701 0 0 0 0
702 0 0 0 0
703 0 0 0 0
704 0 0 0 0
705 0 0 0 0
706 0 0 0 0
707 0 0 0 0
708 0 0 0 0
709 0 0 0 0
710 0 0 0 0
711 0 0 0 0
712 0 0 0 0
713 0 0 0 0
714 0 0 0 0
715 0 0 0 0
716 0 0 0 0
717 0 0 0 0
718 0 0 0 0
719 0 0 0 0
720 0 0 0 0
721 0 0 0 0
722 0 0 0 0
723 0 0 0 0
724 0 0 0 0
725 0 0 0 0
726 0 0 0 0
727 0 0 0 0
