0 0 0 0 0
1 0 0 0 0
2 0 0 0 0
3 0 0 0 0
4 0 0 0 0
5 0 2 1 0
6 0 0 0 0
7 0 0 0 0
8 0 0 0 0
9 0 1 1 1
10 0 0 0 0
11 0 0 0 0
12 0 0 0 2
13 0 0 0 1
14 0 0 0 0
15 0 0 0 0
16 0 0 0 1
17 0 0 0 0
18 0 0 0 0
19 1 0 0 0
20 0 0 0 0
21 0 0 0 0
22 0 0 0 0
23 0 0 0 0
24 0 1 0 0
25 1 0 0 0
26 0 0 0 0
27 0 0 0 0
28 1 0 0 1
29 0 0 0 0
30 1 0 1 0
31 0 0 0 0
32 1 0 0 0
33 1 0 0 0
34 1 0 0 1
35 1 0 1 0
36 0 0 0 0
37 1 1 1 0
38 1 0 0 0
39 2 0 1 1
40 0 0 0 0
41 0 0 0 2
42 0 1 1 0
43 0 0 1 1
44 1 2 1 0
45 0 0 0 0
46 0 0 0 1
47 0 0 0 0
48 0 0 0 1
49 0 1 0 1
50 0 0 0 1
51 0 0 0 2
52 1 0 0 0
53 0 0 0 1
54 1 0 0 0
55 0 0 0 0
56 0 0 0 0
57 2 0 0 0
58 1 0 0 0
59 1 0 1 0
60 2 0 0 0
61 1 0 1 0
62 1 1 0 0
63 1 0 0 1
64 1 0 0 0
65 1 1 0 0
66 0 1 0 0
67 0 0 1 0
68 0 2 0 1
69 2 2 0 2
70 1 1 1 1
71 1 0 1 0
72 1 0 0 1
73 1 0 0 1
74 0 1 0 2
75 1 0 0 1
76 1 0 0 1
77 2 0 0 1
78 4 1 0 2
79 3 0 1 0
80 2 0 1 0
81 1 2 0 0
82 1 0 2 1
83 2 1 1 0
84 3 1 2 0
85 3 1 0 1
86 1 1 0 3
87 2 0 3 2
88 4 1 1 3
89 2 1 0 1
90 2 3 0 2
91 3 0 1 3
92 1 1 1 1
93 0 1 3 1
94 2 1 1 3
95 1 1 0 1
96 4 3 0 2
97 3 2 2 2
98 7 0 1 3
99 4 2 0 0
100 4 0 2 4
101 3 1 1 2
102 3 1 0 1
103 4 4 0 3
104 4 0 1 3
105 1 2 2 4
106 4 4 1 0
107 4 4 2 3
108 2 2 3 1
109 0 2 3 2
110 8 0 0 4
111 2 2 0 4
112 2 2 1 6
113 8 1 1 4
114 3 0 1 4
115 5 5 2 3
116 6 4 1 5
117 6 1 1 2
118 6 0 2 2
119 4 3 2 2
120 2 2 1 1
121 2 2 5 1
122 8 5 5 6
123 9 6 1 7
124 6 5 1 2
125 7 0 1 3
126 4 2 0 8
127 4 3 3 4
128 2 4 1 9
129 11 6 0 5
130 6 3 2 5
131 6 1 3 6
132 8 3 2 4
133 7 2 2 3
134 7 5 3 5
135 9 4 0 4
136 4 3 2 6
137 11 3 3 3
138 6 5 4 6
139 10 7 0 5
140 8 4 3 7
141 8 2 1 8
142 8 6 5 5
143 9 3 3 5
144 5 7 4 6
145 6 6 3 7
146 9 4 4 11
147 9 5 3 8
148 10 6 4 8
149 9 5 1 10
150 6 4 3 6
151 11 5 2 8
152 13 5 4 7
153 6 5 2 8
154 15 5 5 8
155 7 4 5 9
156 15 7 5 11
157 8 9 2 6
158 12 1 3 11
159 11 8 6 7
160 12 6 0 12
161 12 8 6 7
162 13 4 3 6
163 10 7 4 10
164 15 6 5 7
165 16 7 6 9
166 11 7 1 14
167 15 7 8 7
168 13 2 8 10
169 13 11 1 10
170 12 16 4 12
171 12 6 3 13
172 11 8 4 9
173 11 10 5 6
174 10 9 3 13
175 10 8 7 11
176 9 6 5 14
177 11 10 8 21
178 16 8 3 9
179 16 5 5 19
180 18 8 1 15
181 12 3 4 17
182 11 7 7 10
183 19 9 4 16
184 19 12 4 13
185 27 12 3 10
186 24 4 5 8
187 30 7 5 11
188 31 8 7 10
189 23 10 6 14
190 25 8 9 10
191 23 13 6 15
192 16 17 8 10
193 22 8 15 13
194 9 20 9 15
195 14 20 8 21
196 25 12 15 23
197 21 17 8 15
198 24 11 7 25
199 20 7 8 26
200 20 7 11 25
201 11 10 8 29
202 15 15 9 22
203 17 9 7 22
204 18 10 8 21
205 13 18 11 22
206 12 12 5 18
207 12 12 10 16
208 11 13 4 17
209 16 5 13 29
210 19 5 5 15
211 17 8 5 18
212 12 11 5 22
213 20 12 4 19
214 14 9 3 18
215 9 10 6 11
216 10 11 2 16
217 7 5 6 14
218 12 11 4 13
219 10 7 6 19
220 8 7 7 16
221 7 9 5 9
222 10 12 4 16
223 9 13 1 13
224 12 7 3 16
225 6 4 3 15
226 11 5 1 14
227 6 5 5 12
228 7 6 4 11
229 11 5 3 13
230 6 5 3 9
231 5 5 5 6
232 5 2 5 7
233 4 7 5 8
234 8 4 1 9
235 4 6 2 10
236 4 1 4 8
237 6 4 1 14
238 2 8 2 7
239 7 3 5 5
240 5 4 2 5
241 0 5 2 8
242 5 2 3 11
243 3 3 1 9
244 2 3 3 2
245 3 4 1 5
246 5 1 0 5
247 3 4 2 7
248 2 2 1 12
249 6 0 1 3
250 5 0 2 2
251 6 3 2 3
252 3 1 3 8
253 4 1 1 0
254 2 4 0 3
255 7 5 0 2
256 1 5 0 4
257 6 0 2 4
258 4 2 3 6
259 4 3 0 3
260 1 5 3 1
261 8 1 1 4
262 2 3 1 6
263 4 0 0 4
264 1 3 2 5
265 3 0 0 3
266 2 2 6 2
267 2 3 2 4
268 1 2 2 2
269 0 1 0 3
270 3 3 1 3
271 1 2 0 5
272 2 2 0 3
273 1 1 0 6
274 2 2 0 8
275 2 2 3 3
276 0 1 1 1
277 1 1 1 0
278 2 0 0 0
279 3 0 0 5
280 1 2 0 2
281 1 1 0 1
282 1 1 1 2
283 1 1 2 1
284 2 3 0 3
285 0 1 0 1
286 3 0 1 1
287 0 0 1 2
288 1 0 1 2
289 1 0 1 2
290 1 0 0 2
291 0 3 0 2
292 2 1 0 0
293 1 0 1 2
294 1 1 0 0
295 0 2 0 4
296 0 0 0 0
297 2 0 1 1
298 0 0 1 1
299 0 2 0 2
300 1 0 0 0
301 2 0 1 1
302 1 1 1 1
303 1 0 0 1
304 0 0 0 0
305 2 0 0 1
306 0 1 0 1
307 0 0 0 0
308 2 0 0 1
309 0 1 0 2
310 0 1 0 1
311 2 1 0 0
312 1 1 0 0
313 1 1 1 0
314 0 1 1 1
315 0 0 0 1
316 0 1 0 2
317 0 0 0 1
318 0 1 0 2
319 0 0 0 0
320 0 1 0 1
321 0 1 0 0
322 0 0 0 0
323 0 0 0 1
324 0 0 0 1
325 1 0 0 1
326 0 0 0 1
327 1 0 0 0
328 1 0 0 0
329 1 0 0 0
330 1 1 0 0
331 0 0 0 0
332 0 0 1 0
333 0 0 0 0
334 1 1 0 1
335 1 0 0 0
336 0 0 0 1
337 0 1 0 0
338 0 0 0 1
339 0 1 1 0
340 0 1 0 0
341 0 0 0 0
342 0 0 0 0
343 0 0 0 2
344 0 0 0 2
345 0 0 0 0
346 0 0 0 0
347 0 0 0 0
348 0 0 0 0
349 0 0 0 0
350 0 0 0 0
351 0 0 0 0
352 0 0 0 0
353 0 0 0 0
354 0 0 0 0
355 0 0 0 0
356 0 0 0 0
357 0 0 0 0
358 0 0 0 0
359 0 0 0 0
360 0 0 0 0
361 0 0 0 0
362 0 0 0 0
363 0 0 0 0
364 0 0 0 0
365 0 0 0 0
366 0 0 0 0
367 0 0 0 0
368 0 0 0 0
369 0 0 0 0
370 0 0 0 0
371 0 0 0 0
372 0 0 0 0
373 0 0 0 0
374 0 0 0 0
375 0 0 0 0
376 0 0 0 0
377 0 0 0 0
378 0 0 0 0
379 0 0 0 0
380 0 0 0 0
381 0 0 0 0
382 0 0 0 0
383 0 0 0 0
384 0 0 0 0
385 0 0 0 0
386 0 0 0 0
387 0 0 0 0
388 0 0 0 0
389 0 0 0 0
390 0 0 0 0
391 0 0 0 0
392 0 0 0 0
393 0 0 0 0
394 0 0 0 0
395 0 0 0 0
396 0 0 0 0
397 0 0 0 0
398 0 0 0 0
399 0 0 0 0
400 0 0 0 0
401 0 0 0 0
402 0 0 0 0
403 0 0 0 0
404 0 0 0 0
405 0 0 0 0
406 0 0 0 0
407 0 0 0 0
408 0 0 0 0
409 0 0 0 0
410 0 0 0 0
411 0 0 0 0
412 0 0 0 0
413 0 0 0 0
414 0 0 0 0
415 0 0 0 0
416 0 0 0 0
417 0 0 0 0
418 0 0 0 0
419 0 0 0 0
420 0 0 0 0
421 0 0 0 0
422 0 0 0 0
423 0 0 0 0
424 0 0 0 0
425 0 0 0 0
426 0 0 0 0
427 0 0 0 0
428 0 0 0 0
429 0 0 0 0
430 0 0 0 0
431 0 0 0 0
432 0 0 0 0
433 0 0 0 0
434 0 0 0 0
435 0 0 0 0
436 0 0 0 0
437 0 0 0 0
438 0 0 0 0
439 0 0 0 0
440 0 0 0 0
441 0 0 0 0
442 0 0 0 0
443 0 0 0 0
444 0 0 0 0
445 0 0 0 0
446 0 0 0 0
447 0 0 0 0
448 0 0 0 0
449 0 0 0 0
450 0 0 0 0
451 0 0 0 0
452 0 0 0 0
453 0 0 0 0
454 0 0 0 0
455 0 0 0 0
456 0 0 0 0
457 0 0 0 0
458 0 0 0 0
459 0 0 0 0
460 0 0 0 0
461 0 0 0 0
462 0 0 0 0
463 0 0 0 0
464 0 0 0 0
465 0 0 0 0
466 0 0 0 0
467 0 0 0 0
468 0 0 0 0
469 0 0 0 0
470 0 0 0 0
471 0 0 0 0
472 0 0 0 0
473 0 0 0 0
474 0 0 0 0
475 0 0 0 0
476 0 0 0 0
477 0 0 0 0
478 0 0 0 0
479 0 0 0 0
480 0 0 0 0
481 0 0 0 0
482 0 0 0 0
483 0 0 0 0
484 0 0 0 0
485 0 0 0 0
486 0 0 0 0
487 0 0 0 0
488 0 0 0 0
489 0 0 0 0
490 0 0 0 0
491 0 0 0 0
492 0 0 0 0
493 0 0 0 0
494 0 0 0 0
495 0 0 0 0
496 0 0 0 0
497 0 0 0 0
498 0 0 0 0
499 0 0 0 0
500 0 0 0 0
501 0 0 0 0
502 0 0 0 0
503 0 0 0 0
504 0 0 0 0
505 0 0 0 0
506 0 0 0 0
507 0 0 0 0
508 0 0 0 0
509 0 0 0 0
510 0 0 0 0
511 0 0 0 0
512 0 0 0 0
513 0 0 0 0
514 0 0 0 0
515 0 0 0 0
516 0 0 0 0
517 0 0 0 0
518 0 0 0 0
519 0 0 0 0
520 0 0 0 0
521 0 0 0 0
522 0 0 0 0
523 0 0 0 0
524 0 0 0 0
525 0 0 0 0
526 0 0 0 0
527 0 0 0 0
528 0 0 0 0
529 0 0 0 0
530 0 0 0 0
531 0 0 0 0
532 0 0 0 0
533 0 0 0 0
534 0 0 0 0
535 0 0 0 0
536 0 0 0 0
537 0 0 0 0
538 0 0 0 0
539 0 0 0 0
540 0 0 0 0
541 0 0 0 0
542 0 0 0 0
543 0 0 0 0
544 0 0 0 0
545 0 0 0 0
546 0 0 0 0
547 0 0 0 0
548 0 0 0 0
549 0 0 0 0
550 0 0 0 0
551 0 0 0 0
552 0 0 0 0
553 0 0 0 0
554 0 0 0 0
555 0 0 0 0
556 0 0 0 0
557 0 0 0 0
558 0 0 0 0
559 0 0 0 0
560 0 0 0 0
561 0 0 0 0
562 0 0 0 0
563 0 0 0 0
564 0 0 0 0
565 0 0 0 0
566 0 0 0 0
567 0 0 0 0
568 0 0 0 0
569 0 0 0 0
570 0 0 0 0
571 0 0 0 0
572 0 0 0 0
573 0 0 0 0
574 0 0 0 0
575 0 0 0 0
576 0 0 0 0
577 0 0 0 0
578 0 0 0 0
579 0 0 0 0
580 0 0 0 0
581 0 0 0 0
582 0 0 0 0
583 0 0 0 0
584 0 0 0 0
585 0 0 0 0
586 0 0 0 0
587 0 0 0 0
588 0 0 0 0
589 0 0 0 0
590 0 0 0 0
591 0 0 0 0
592 0 0 0 0
593 0 0 0 0
594 0 0 0 0
595 0 0 0 0
596 0 0 0 0
597 0 0 0 0
598 0 0 0 0
599 0 0 0 0
600 0 0 0 0
601 0 0 0 0
602 0 0 0 0
603 0 0 0 0
604 0 0 0 0
605 0 0 0 0
606 0 0 0 0
607 0 0 0 0
608 0 0 0 0
609 0 0 0 0
610 0 0 0 0
611 0 0 0 0
612 0 0 0 0
613 0 0 0 0
614 0 0 0 0
615 0 0 0 0
616 0 0 0 0
617 0 0 0 0
618 0 0 0 0
619 0 0 0 0
620 0 0 0 0
621 0 0 0 0
622 0 0 0 0
623 0 0 0 0
624 0 0 0 0
625 0 0 0 0
626 0 0 0 0
627 0 0 0 0
628 0 0 0 0
629 0 0 0 0
630 0 0 0 0
631 0 0 0 0
632 0 0 0 0
633 0 0 0 0
634 0 0 0 0
635 0 0 0 0
636 0 0 0 0
637 0 0 0 0
638 0 0 0 0
639 0 0 0 0
640 0 0 0 0
641 0 0 0 0
642 0 0 0 0
643 0 0 0 0
644 0 0 0 0
645 0 0 0 0
646 0 0 0 0
647 0 0 0 0
648 0 0 0 0
649 0 0 0 0
650 0 0 0 0
651 0 0 0 0
652 0 0 0 0
653 0 0 0 0
654 0 0 0 0
655 0 0 0 0
656 0 0 0 0
657 0 0 0 0
658 0 0 0 0
659 0 0 0 0
660 0 0 0 0
661 0 0 0 0
662 0 0 0 0
663 0 0 0 0
664 0 0 0 0
665 0 0 0 0
666 0 0 0 0
667 0 0 0 0
668 0 0 0 0
669 0 0 0 0
670 0 0 0 0
671 0 0 0 0
672 0 0 0 0
673 0 0 0 0
674 0 0 0 0
675 0 0 0 0
676 0 0 0 0
677 0 0 0 0
678 0 0 0 0
679 0 0 0 0
680 0 0 0 0
681 0 0 0 0
682 0 0 0 0
683 0 0 0 0
684 0 0 0 0
685 0 0 0 0
686 0 0 0 0
687 0 0 0 0
688 0 0 0 0
689 0 0 0 0
690 0 0 0 0
691 0 0 0 0
692 0 0 0 0
693 0 0 0 0
694 0 0 0 0
695 0 0 0 0
696 0 0 0 0
697 0 0 0 0
698 0 0 0 0
699 0 0 0 0
700 0 0 0 0
701 0 0 0 0
702 0 0 0 0
703 0 0 0 0
704 0 0 0 0
705 0 0 0 0
706 0 0 0 0
707 0 0 0 0
708 0 0 0 0
709 0 0 0 0
710 0 0 0 0
711 0 0 0 0
712 0 0 0 0
713 0 0 0 0
714 0 0 0 0
715 0 0 0 0
716 0 0 0 0
717 0 0 0 0
718 0 0 0 0
719 0 0 0 0
720 0 0 0 0
721 0 0 0 0
722 0 0 0 0
723 0 0 0 0
724 0 0 0 0
725 0 0 0 0
726 0 0 0 0
727 0 0 0 0
