0 0 0 0 0
1 0 0 0 0
2 0 0 0 0
3 0 0 0 0
4 0 0 0 0
5 0 0 2 0
6 0 0 0 0
7 0 0 0 0
8 0 0 0 0
9 0 2 1 0
10 0 0 0 0
11 0 0 0 0
12 0 0 0 2
13 0 0 0 0
14 0 0 0 0
15 0 0 0 0
16 0 0 0 3
17 0 0 0 0
18 1 0 0 0
19 0 0 0 0
20 0 0 0 0
21 1 0 0 0
22 1 0 0 0
23 2 0 0 0
24 1 0 0 0
25 1 0 0 0
26 1 0 0 0
27 0 0 1 0
28 0 1 1 0
29 3 0 0 0
30 1 1 0 0
31 0 1 0 0
32 2 0 0 1
33 0 1 0 0
34 0 1 2 2
35 0 1 1 2
36 0 0 0 0
37 1 0 0 1
38 1 1 0 1
39 0 0 0 1
40 1 0 0 0
41 0 1 1 3
42 1 0 0 1
43 0 1 0 0
44 1 0 0 0
45 2 1 0 1
46 1 1 0 1
47 1 0 0 0
48 0 0 0 0
49 1 0 0 0
50 1 1 1 1
51 1 0 1 0
52 0 0 0 1
53 4 1 0 1
54 1 0 1 1
55 2 1 0 0
56 3 1 0 0
57 3 0 0 2
58 3 1 1 1
59 1 1 0 0
60 1 0 2 1
61 2 1 1 1
62 1 1 2 1
63 1 1 2 1
64 2 1 0 2
65 1 2 0 3
66 1 2 0 1
67 0 1 1 3
68 2 0 1 1
69 1 1 1 2
70 0 2 0 2
71 1 1 1 1
72 0 0 0 3
73 3 1 2 2
74 2 0 0 2
75 3 0 0 2
76 1 1 0 0
77 2 0 0 3
78 0 3 1 1
79 2 1 0 0
80 2 2 0 2
81 2 1 1 0
82 3 1 0 1
83 3 1 0 0
84 2 0 0 0
85 2 1 1 5
86 2 0 1 1
87 4 0 2 3
88 2 2 2 0
89 0 0 1 3
90 2 2 2 1
91 3 1 1 1
92 5 2 0 2
93 5 2 0 0
94 4 0 0 2
95 4 1 1 3
96 3 2 3 1
97 7 2 2 5
98 4 2 1 1
99 4 1 4 2
100 2 1 2 1
101 4 2 1 0
102 4 5 1 5
103 2 0 3 8
104 1 2 3 4
105 2 1 1 1
106 3 4 2 7
107 1 2 1 4
108 3 2 1 5
109 8 1 1 0
110 2 1 2 4
111 5 2 1 3
112 3 1 1 5
113 5 1 0 6
114 8 2 1 4
115 3 0 2 1
116 8 0 2 2
117 6 2 1 1
118 3 6 3 4
119 4 1 3 1
120 5 4 1 0
121 9 6 2 3
122 4 4 0 6
123 4 7 2 5
124 6 3 1 3
125 2 1 4 8
126 1 5 4 4
127 3 3 1 8
128 3 2 0 4
129 7 0 4 7
130 8 3 1 7
131 7 1 1 2
132 5 3 3 2
133 4 2 3 10
134 6 2 1 7
135 3 1 5 4
136 10 2 2 3
137 7 2 2 5
138 9 6 0 2
139 5 4 1 7
140 12 3 2 1
141 10 4 3 2
142 6 5 2 6
143 6 6 4 5
144 11 3 0 6
145 13 7 5 6
146 6 4 4 6
147 10 1 5 9
148 6 5 3 3
149 7 8 4 14
150 6 5 4 7
151 11 2 3 5
152 8 1 2 7
153 18 6 3 9
154 17 7 3 7
155 17 5 1 5
156 13 10 5 10
157 13 4 1 11
158 12 10 9 8
159 9 8 4 3
160 6 8 3 12
161 9 6 6 6
162 14 11 3 16
163 13 7 7 13
164 13 9 4 9
165 12 4 5 15
166 12 5 4 17
167 11 11 2 11
168 14 9 6 11
169 13 6 2 8
170 14 5 4 13
171 11 7 4 14
172 19 7 2 8
173 19 10 6 9
174 9 7 5 12
175 14 8 9 17
176 14 5 4 9
177 9 10 8 14
178 16 9 13 8
179 13 11 2 14
180 17 6 5 12
181 16 5 7 15
182 17 8 3 20
183 15 9 5 14
184 18 12 6 15
185 16 8 6 16
186 21 4 6 9
187 15 11 3 12
188 20 7 8 16
189 12 12 7 16
190 21 9 6 7
191 15 12 8 18
192 13 6 7 11
193 12 14 4 18
194 18 14 2 10
195 20 15 6 15
196 14 11 4 15
197 12 12 4 18
198 11 7 7 21
199 21 14 8 15
200 17 11 10 21
201 12 6 5 19
202 15 8 4 17
203 15 6 6 12
204 14 6 11 20
205 15 10 9 14
206 14 9 3 19
207 14 4 10 15
208 15 12 6 15
209 12 10 5 18
210 11 5 8 16
211 9 9 2 15
212 12 8 6 17
213 8 8 7 10
214 6 8 5 11
215 6 8 5 15
216 9 7 4 15
217 9 11 5 13
218 12 5 6 15
219 8 6 4 10
220 5 6 0 14
221 9 2 7 18
222 5 8 1 15
223 7 7 3 8
224 6 7 3 10
225 6 3 3 9
226 6 2 4 10
227 8 5 4 8
228 4 3 2 11
229 8 3 4 6
230 4 4 4 5
231 4 4 2 6
232 2 6 5 4
233 7 3 0 12
234 2 6 2 10
235 2 2 2 3
236 4 3 2 8
237 4 3 1 6
238 1 2 2 8
239 3 3 1 7
240 4 2 0 7
241 2 2 1 3
242 3 4 4 5
243 3 1 0 5
244 3 0 1 4
245 1 2 1 2
246 2 1 1 2
247 2 2 0 1
248 2 2 3 2
249 1 3 1 7
250 3 0 2 2
251 1 2 0 2
252 5 3 0 5
253 3 0 1 4
254 0 1 0 2
255 1 3 0 4
256 0 1 0 2
257 1 2 2 2
258 1 0 0 0
259 0 2 0 3
260 0 0 0 1
261 0 0 2 3
262 1 1 3 2
263 0 1 0 1
264 0 0 1 2
265 0 0 0 1
266 1 0 0 4
267 0 0 0 1
268 1 0 0 1
269 0 0 0 1
270 0 0 0 0
271 2 0 2 1
272 0 0 0 0
273 0 0 1 0
274 1 0 0 0
275 1 0 0 1
276 1 1 1 0
277 0 0 0 0
278 0 0 0 1
279 1 0 0 0
280 0 1 0 2
281 0 0 0 0
282 1 0 0 0
283 0 1 1 1
284 1 0 1 1
285 0 0 0 0
286 0 0 0 0
287 1 0 0 1
288 0 0 0 0
289 1 0 1 0
290 0 0 0 1
291 1 0 1 1
292 0 0 0 0
293 2 0 0 1
294 2 0 1 0
295 1 0 0 1
296 0 1 0 0
297 0 0 0 0
298 0 1 0 1
299 2 0 1 0
300 0 1 0 1
301 0 0 0 0
302 0 1 0 1
303 1 0 1 1
304 0 1 0 0
305 1 0 0 0
306 1 0 0 0
307 0 0 0 2
308 0 0 2 2
309 0 0 0 0
310 1 0 0 0
311 0 0 1 0
312 1 0 1 1
313 1 0 0 0
314 2 0 1 0
315 0 0 0 1
316 0 0 0 0
317 0 0 0 0
318 0 0 0 2
319 1 0 2 1
320 1 0 0 0
321 0 1 0 0
322 1 0 1 0
323 0 1 0 0
324 0 0 0 0
325 1 0 1 0
326 0 0 0 3
327 0 0 0 1
328 0 0 1 1
329 0 0 0 1
330 0 0 1 0
331 0 0 1 0
332 1 0 0 1
333 0 0 0 0
334 0 0 0 1
335 0 0 0 0
336 0 0 0 0
337 0 0 0 0
338 0 0 0 1
339 0 0 0 0
340 0 0 0 0
341 0 1 0 0
342 0 0 0 0
343 0 0 0 0
344 0 0 0 0
345 0 0 0 1
346 0 0 0 0
347 0 0 0 0
348 0 0 0 0
349 0 0 0 0
350 0 0 0 0
351 0 0 0 0
352 1 0 0 0
353 0 0 0 0
354 0 0 0 0
355 0 0 0 0
356 0 0 0 0
357 0 1 0 0
358 0 0 0 0
359 0 0 0 0
360 0 0 0 0
361 0 0 0 0
362 0 0 0 0
363 0 0 0 0
364 0 0 0 1
365 0 0 0 0
366 0 0 0 0
367 0 0 0 0
368 0 0 0 0
369 0 0 0 0
370 0 0 0 0
371 0 0 0 0
372 0 0 0 0
373 0 0 0 0
374 0 0 0 0
375 0 0 0 0
376 0 0 0 0
377 0 0 0 0
378 0 0 0 0
379 0 0 0 0
380 0 0 0 0
381 0 0 0 0
382 0 0 0 0
383 0 0 0 0
384 0 0 0 0
385 0 0 0 0
386 0 0 0 0
387 0 0 0 0
388 0 0 0 0
389 0 0 0 0
390 0 0 0 0
391 0 0 0 0
392 0 0 0 0
393 0 0 0 0
394 0 0 0 0
395 0 0 0 0
396 0 0 0 0
397 0 0 0 0
398 0 0 0 0
399 0 0 0 0
400 0 0 0 0
401 0 0 0 0
402 0 0 0 0
403 0 0 0 0
404 0 0 0 0
405 0 0 0 0
406 0 0 0 0
407 0 0 0 0
408 0 0 0 0
409 0 0 0 0
410 0 0 0 0
411 0 0 0 0
412 0 0 0 0
413 0 0 0 0
414 0 0 0 0
415 0 0 0 0
416 0 0 0 0
417 0 0 0 0
418 0 0 0 0
419 0 0 0 0
420 0 0 0 0
421 0 0 0 0
422 0 0 0 0
423 0 0 0 0
424 0 0 0 0
425 0 0 0 0
426 0 0 0 0
427 0 0 0 0
428 0 0 0 0
429 0 0 0 0
430 0 0 0 0
431 0 0 0 0
432 0 0 0 0
433 0 0 0 0
434 0 0 0 0
435 0 0 0 0
436 0 0 0 0
437 0 0 0 0
438 0 0 0 0
439 0 0 0 0
440 0 0 0 0
441 0 0 0 0
442 0 0 0 0
443 0 0 0 0
444 0 0 0 0
445 0 0 0 0
446 0 0 0 0
447 0 0 0 0
448 0 0 0 0
449 0 0 0 0
450 0 0 0 0
451 0 0 0 0
452 0 0 0 0
453 0 0 0 0
454 0 0 0 0
455 0 0 0 0
456 0 0 0 0
457 0 0 0 0
458 0 0 0 0
459 0 0 0 0
460 0 0 0 0
461 0 0 0 0
462 0 0 0 0
463 0 0 0 0
464 0 0 0 0
465 0 0 0 0
466 0 0 0 0
467 0 0 0 0
468 0 0 0 0
469 0 0 0 0
470 0 0 0 0
471 0 0 0 0
472 0 0 0 0
473 0 0 0 0
474 0 0 0 0
475 0 0 0 0
476 0 0 0 0
477 0 0 0 0
478 0 0 0 0
479 0 0 0 0
480 0 0 0 0
481 0 0 0 0
482 0 0 0 0
483 0 0 0 0
484 0 0 0 0
485 0 0 0 0
486 0 0 0 0
487 0 0 0 0
488 0 0 0 0
489 0 0 0 0
490 0 0 0 0
491 0 0 0 0
492 0 0 0 0
493 0 0 0 0
494 0 0 0 0
495 0 0 0 0
496 0 0 0 0
497 0 0 0 0
498 0 0 0 0
499 0 0 0 0
500 0 0 0 0
501 0 0 0 0
502 0 0 0 0
503 0 0 0 0
504 0 0 0 0
505 0 0 0 0
506 0 0 0 0
507 0 0 0 0
508 0 0 0 0
509 0 0 0 0
510 0 0 0 0
511 0 0 0 0
512 0 0 0 0
513 0 0 0 0
514 0 0 0 0
515 0 0 0 0
516 0 0 0 0
517 0 0 0 0
518 0 0 0 0
519 0 0 0 0
520 0 0 0 0
521 0 0 0 0
522 0 0 0 0
523 0 0 0 0
524 0 0 0 0
525 0 0 0 0
526 0 0 0 0
527 0 0 0 0
528 0 0 0 0
529 0 0 0 0
530 0 0 0 0
531 0 0 0 0
532 0 0 0 0
533 0 0 0 0
534 0 0 0 0
535 0 0 0 0
536 0 0 0 0
537 0 0 0 0
538 0 0 0 0
539 0 0 0 0
540 0 0 0 0
541 0 0 0 0
542 0 0 0 0
543 0 0 0 0
544 0 0 0 0
545 0 0 0 0
546 0 0 0 0
547 0 0 0 0
548 0 0 0 0
549 0 0 0 0
550 0 0 0 0
551 0 0 0 0
552 0 0 0 0
553 0 0 0 0
554 0 0 0 0
555 0 0 0 0
556 0 0 0 0
557 0 0 0 0
558 0 0 0 0
559 0 0 0 0
560 0 0 0 0
561 0 0 0 0
562 0 0 0 0
563 0 0 0 0
564 0 0 0 0
565 0 0 0 0
566 0 0 0 0
567 0 0 0 0
568 0 0 0 0
569 0 0 0 0
570 0 0 0 0
571 0 0 0 0
572 0 0 0 0
573 0 0 0 0
574 0 0 0 0
575 0 0 0 0
576 0 0 0 0
577 0 0 0 0
578 0 0 0 0
579 0 0 0 0
580 0 0 0 0
581 0 0 0 0
582 0 0 0 0
583 0 0 0 0
584 0 0 0 0
585 0 0 0 0
586 0 0 0 0
587 0 0 0 0
588 0 0 0 0
589 0 0 0 0
590 0 0 0 0
591 0 0 0 0
592 0 0 0 0
593 0 0 0 0
594 0 0 0 0
595 0 0 0 0
596 0 0 0 0
597 0 0 0 0
598 0 0 0 0
599 0 0 0 0
600 0 0 0 0
601 0 0 0 0
602 0 0 0 0
603 0 0 0 0
604 0 0 0 0
605 0 0 0 0
606 0 0 0 0
607 0 0 0 0
608 0 0 0 0
609 0 0 0 0
610 0 0 0 0
611 0 0 0 0
612 0 0 0 0
613 0 0 0 0
614 0 0 0 0
615 0 0 0 0
616 0 0 0 0
617 0 0 0 0
618 0 0 0 0
619 0 0 0 0
620 0 0 0 0
621 0 0 0 0
622 0 0 0 0
623 0 0 0 0
624 0 0 0 0
625 0 0 0 0
626 0 0 0 0
627 0 0 0 0
628 0 0 0 0
629 0 0 0 0
630 0 0 0 0
631 0 0 0 0
632 0 0 0 0
633 0 0 0 0
634 0 0 0 0
635 0 0 0 0
636 0 0 0 0
637 0 0 0 0
638 0 0 0 0
639 0 0 0 0
640 0 0 0 0
641 0 0 0 0
642 0 0 0 0
643 0 0 0 0
644 0 0 0 0
645 0 0 0 0
646 0 0 0 0
647 0 0 0 0
648 0 0 0 0
649 0 0 0 0
650 0 0 0 0
651 0 0 0 0
652 0 0 0 0
653 0 0 0 0
654 0 0 0 0
655 0 0 0 0
656 0 0 0 0
657 0 0 0 0
658 0 0 0 0
659 0 0 0 0
660 0 0 0 0
661 0 0 0 0
662 0 0 0 0
663 0 0 0 0
664 0 0 0 0
665 0 0 0 0
666 0 0 0 0
667 0 0 0 0
668 0 0 0 0
669 0 0 0 0
670 0 0 0 0
671 0 0 0 0
672 0 0 0 0
673 0 0 0 0
674 0 0 0 0
675 0 0 0 0
676 0 0 0 0
677 0 0 0 0
678 0 0 0 0
679 0 0 0 0
680 0 0 0 0
681 0 0 0 0
682 0 0 0 0
683 0 0 0 0
684 0 0 0 0
685 0 0 0 0
686 0 0 0 0
687 0 0 0 0
688 0 0 0 0
689 0 0 0 0
690 0 0 0 0
691 0 0 0 0
692 0 0 0 0
693 0 0 0 0
694 0 0 0 0
695 0 0 0 0
696 0 0 0 0
697 0 0 0 0
698 0 0 0 0
699 0 0 0 0
700 0 0 0 0
701 0 0 0 0
702 0 0 0 0
703 0 0 0 0
704 0 0 0 0
705 0 0 0 0
706 0 0 0 0
707 0 0 0 0
708 0 0 0 0
709 0 0 0 0
710 0 0 0 0
711 0 0 0 0
712 0 0 0 0
713 0 0 0 0
714 0 0 0 0
715 0 0 0 0
716 0 0 0 0
717 0 0 0 0
718 0 0 0 0
719 0 0 0 0
720 0 0 0 0
721 0 0 0 0
722 0 0 0 0
723 0 0 0 0
724 0 0 0 0
725 0 0 0 0
726 0 0 0 0
727 0 0 0 0
