0 0 0 0 0
1 0 0 0 0
2 0 0 0 0
3 0 0 0 0
4 0 0 0 0
5 0 1 1 0
6 0 0 0 0
7 0 1 0 0
8 0 0 0 0
9 0 1 1 2
10 0 0 0 0
11 0 0 0 1
12 0 0 0 0
13 0 0 0 0
14 0 0 0 0
15 0 0 0 0
16 0 0 0 2
17 2 0 0 0
18 1 0 0 0
19 0 0 0 0
20 0 0 0 0
21 0 0 0 0
22 0 1 1 0
23 0 0 0 0
24 0 0 0 0
25 0 0 0 0
26 0 0 0 0
27 0 1 0 0
28 0 0 0 0
29 0 0 0 2
30 0 0 0 0
31 2 0 0 0
32 0 0 0 0
33 1 0 0 0
34 0 0 0 1
35 0 0 0 0
36 0 0 0 0
37 0 0 0 0
38 0 1 0 0
39 0 0 0 0
40 0 0 2 0
41 1 0 0 0
42 2 0 0 0
43 0 0 0 0
44 0 0 0 1
45 1 0 0 1
46 1 0 0 0
47 0 1 0 1
48 0 0 0 0
49 0 0 0 0
50 0 1 1 0
51 0 1 1 1
52 1 0 0 0
53 2 0 0 0
54 2 0 0 0
55 1 0 0 2
56 0 0 0 0
57 1 1 0 2
58 0 1 0 0
59 0 0 0 0
60 0 1 0 0
61 0 0 0 0
62 0 1 1 0
63 0 2 0 0
64 0 0 0 2
65 1 0 0 1
66 1 0 0 1
67 1 0 0 1
68 0 0 0 0
69 0 0 0 1
70 0 1 0 1
71 0 0 0 0
72 1 1 0 0
73 1 0 0 0
74 1 0 0 1
75 0 1 0 0
76 1 0 0 1
77 2 0 0 0
78 1 0 0 0
79 0 1 0 1
80 1 0 0 0
81 1 0 1 0
82 1 2 0 0
83 0 0 0 1
84 1 0 0 0
85 1 2 0 0
86 0 1 1 0
87 0 2 0 1
88 1 0 0 1
89 1 0 0 2
90 0 1 0 0
91 0 0 0 1
92 1 0 0 1
93 0 2 0 3
94 0 1 0 0
95 0 0 0 0
96 1 0 0 0
97 0 0 0 2
98 1 0 0 0
99 1 0 0 0
100 1 0 0 1
101 0 2 0 1
102 1 0 0 0
103 2 0 0 0
104 1 0 0 0
105 2 0 0 2
106 3 0 0 0
107 2 0 2 0
108 4 1 2 0
109 3 1 0 0
110 1 1 1 0
111 4 3 0 1
112 0 1 1 2
113 3 3 0 1
114 4 0 1 3
115 0 1 0 2
116 2 2 2 1
117 2 1 0 2
118 1 3 2 3
119 0 3 0 1
120 1 1 0 4
121 1 1 1 0
122 2 1 0 1
123 3 0 0 3
124 1 0 0 2
125 2 0 1 6
126 3 0 2 1
127 3 3 0 0
128 4 0 1 1
129 2 1 0 2
130 8 1 0 1
131 6 3 1 0
132 7 2 1 1
133 5 1 1 1
134 5 0 2 3
135 4 2 3 2
136 4 4 0 4
137 9 4 3 3
138 6 3 2 3
139 8 5 0 2
140 4 3 3 2
141 6 3 1 4
142 5 5 1 5
143 7 3 3 4
144 5 2 1 10
145 7 2 3 5
146 1 3 4 7
147 3 2 1 4
148 5 6 4 3
149 10 3 4 3
150 3 6 4 5
151 7 4 0 4
152 5 1 2 10
153 6 2 1 7
154 7 4 1 9
155 13 2 1 7
156 11 4 1 4
157 3 3 4 5
158 8 6 4 5
159 8 4 3 3
160 6 5 6 3
161 7 6 3 7
162 3 3 1 5
163 9 0 4 8
164 10 4 7 6
165 8 6 2 10
166 7 6 1 4
167 11 5 3 8
168 9 1 5 13
169 8 6 2 8
170 10 3 3 6
171 14 3 2 8
172 13 6 7 4
173 9 4 2 9
174 13 4 4 10
175 11 5 2 6
176 8 4 4 10
177 13 8 4 5
178 7 6 3 4
179 10 10 4 9
180 16 10 8 7
181 16 9 3 11
182 13 6 2 6
183 17 4 4 15
184 16 3 1 13
185 9 7 5 12
186 17 4 12 9
187 14 6 8 15
188 17 13 6 10
189 16 8 5 7
190 12 8 4 12
191 16 9 3 9
192 15 13 1 19
193 22 8 7 13
194 17 11 4 11
195 22 9 3 12
196 18 12 7 14
197 25 11 6 18
198 14 8 10 15
199 17 8 9 9
200 15 6 9 18
201 8 11 5 18
202 16 16 10 18
203 12 7 9 19
204 11 11 12 15
205 7 11 7 10
206 16 8 10 25
207 16 7 4 17
208 11 7 4 26
209 12 6 4 20
210 5 4 2 13
211 7 13 8 14
212 13 10 5 14
213 11 4 6 17
214 10 9 4 9
215 10 6 3 14
216 7 11 3 12
217 5 6 5 8
218 8 4 3 17
219 13 3 4 12
220 9 4 5 9
221 9 7 4 12
222 5 3 6 11
223 9 5 2 13
224 6 3 5 10
225 6 5 6 8
226 6 5 5 9
227 9 6 4 6
228 6 6 4 9
229 5 5 2 9
230 6 3 4 11
231 8 5 1 10
232 1 7 3 10
233 4 6 1 3
234 6 0 3 8
235 4 2 4 10
236 3 4 3 8
237 1 2 0 8
238 4 3 1 4
239 4 3 2 7
240 4 2 2 7
241 4 1 0 2
242 4 3 2 4
243 1 4 2 4
244 2 0 2 2
245 3 2 2 5
246 2 1 2 6
247 5 4 2 9
248 4 4 1 2
249 3 1 1 6
250 2 1 2 1
251 3 1 0 4
252 2 3 0 3
253 1 1 2 4
254 2 3 1 4
255 0 1 0 4
256 1 0 4 3
257 1 1 1 2
258 3 0 1 0
259 3 4 0 3
260 5 0 1 5
261 1 1 1 5
262 2 0 1 1
263 1 0 2 3
264 2 1 0 0
265 1 2 1 1
266 1 1 1 3
267 1 1 0 3
268 1 1 1 1
269 1 2 2 2
270 0 0 0 1
271 0 2 0 2
272 2 2 0 1
273 1 0 0 4
274 2 2 0 0
275 3 0 1 4
276 0 0 0 2
277 1 2 0 0
278 1 0 0 1
279 0 0 0 2
280 1 2 0 0
281 1 1 0 3
282 0 0 2 0
283 0 1 2 0
284 0 0 1 1
285 1 1 0 1
286 0 0 1 2
287 1 0 0 3
288 0 0 0 1
289 0 0 0 1
290 0 0 0 2
291 0 0 0 0
292 0 0 0 0
293 0 0 0 0
294 0 1 0 0
295 1 0 0 0
296 2 0 1 0
297 0 0 0 0
298 1 0 0 0
299 0 0 0 0
300 1 1 0 1
301 1 0 0 1
302 2 0 0 0
303 3 0 0 0
304 0 0 0 0
305 0 2 0 0
306 1 0 0 0
307 0 3 0 1
308 0 0 1 0
309 1 0 1 2
310 0 0 1 0
311 0 0 0 2
312 0 0 2 0
313 0 0 0 1
314 0 1 0 2
315 0 0 1 1
316 0 0 0 2
317 0 0 0 0
318 0 0 0 1
319 0 0 0 0
320 0 0 0 0
321 0 0 0 0
322 0 0 0 1
323 0 0 0 0
324 0 0 0 0
325 0 0 0 0
326 0 0 0 0
327 0 0 0 0
328 1 0 0 0
329 0 0 0 0
330 0 0 0 0
331 0 0 0 0
332 0 0 0 0
333 0 0 1 0
334 0 0 0 0
335 0 0 0 0
336 0 0 0 0
337 0 0 0 0
338 0 0 0 0
339 0 0 0 0
340 0 0 0 1
341 0 0 0 0
342 0 0 0 0
343 0 0 0 0
344 0 0 0 0
345 0 0 0 0
346 0 0 0 0
347 0 0 0 0
348 0 0 0 0
349 0 0 0 0
350 0 0 0 0
351 0 0 0 0
352 0 0 0 0
353 0 0 0 0
354 0 0 0 0
355 0 0 0 0
356 0 0 0 0
357 0 0 0 0
358 0 0 0 0
359 0 0 0 0
360 0 0 0 0
361 0 0 0 0
362 0 0 0 0
363 0 0 0 0
364 0 0 0 0
365 0 0 0 0
366 0 0 0 0
367 0 0 0 0
368 0 0 0 0
369 0 0 0 0
370 0 0 0 0
371 0 0 0 0
372 0 0 0 0
373 0 0 0 0
374 0 0 0 0
375 0 0 0 0
376 0 0 0 0
377 0 0 0 0
378 0 0 0 0
379 0 0 0 0
380 0 0 0 0
381 0 0 0 0
382 0 0 0 0
383 0 0 0 0
384 0 0 0 0
385 0 0 0 0
386 0 0 0 0
387 0 0 0 0
388 0 0 0 0
389 0 0 0 0
390 0 0 0 0
391 0 0 0 0
392 0 0 0 0
393 0 0 0 0
394 0 0 0 0
395 0 0 0 0
396 0 0 0 0
397 0 0 0 0
398 0 0 0 0
399 0 0 0 0
400 0 0 0 0
401 0 0 0 0
402 0 0 0 0
403 0 0 0 0
404 0 0 0 0
405 0 0 0 0
406 0 0 0 0
407 0 0 0 0
408 0 0 0 0
409 0 0 0 0
410 0 0 0 0
411 0 0 0 0
412 0 0 0 0
413 0 0 0 0
414 0 0 0 0
415 0 0 0 0
416 0 0 0 0
417 0 0 0 0
418 0 0 0 0
419 0 0 0 0
420 0 0 0 0
421 0 0 0 0
422 0 0 0 0
423 0 0 0 0
424 0 0 0 0
425 0 0 0 0
426 0 0 0 0
427 0 0 0 0
428 0 0 0 0
429 0 0 0 0
430 0 0 0 0
431 0 0 0 0
432 0 0 0 0
433 0 0 0 0
434 0 0 0 0
435 0 0 0 0
436 0 0 0 0
437 0 0 0 0
438 0 0 0 0
439 0 0 0 0
440 0 0 0 0
441 0 0 0 0
442 0 0 0 0
443 0 0 0 0
444 0 0 0 0
445 0 0 0 0
446 0 0 0 0
447 0 0 0 0
448 0 0 0 0
449 0 0 0 0
450 0 0 0 0
451 0 0 0 0
452 0 0 0 0
453 0 0 0 0
454 0 0 0 0
455 0 0 0 0
456 0 0 0 0
457 0 0 0 0
458 0 0 0 0
459 0 0 0 0
460 0 0 0 0
461 0 0 0 0
462 0 0 0 0
463 0 0 0 0
464 0 0 0 0
465 0 0 0 0
466 0 0 0 0
467 0 0 0 0
468 0 0 0 0
469 0 0 0 0
470 0 0 0 0
471 0 0 0 0
472 0 0 0 0
473 0 0 0 0
474 0 0 0 0
475 0 0 0 0
476 0 0 0 0
477 0 0 0 0
478 0 0 0 0
479 0 0 0 0
480 0 0 0 0
481 0 0 0 0
482 0 0 0 0
483 0 0 0 0
484 0 0 0 0
485 0 0 0 0
486 0 0 0 0
487 0 0 0 0
488 0 0 0 0
489 0 0 0 0
490 0 0 0 0
491 0 0 0 0
492 0 0 0 0
493 0 0 0 0
494 0 0 0 0
495 0 0 0 0
496 0 0 0 0
497 0 0 0 0
498 0 0 0 0
499 0 0 0 0
500 0 0 0 0
501 0 0 0 0
502 0 0 0 0
503 0 0 0 0
504 0 0 0 0
505 0 0 0 0
506 0 0 0 0
507 0 0 0 0
508 0 0 0 0
509 0 0 0 0
510 0 0 0 0
511 0 0 0 0
512 0 0 0 0
513 0 0 0 0
514 0 0 0 0
515 0 0 0 0
516 0 0 0 0
517 0 0 0 0
518 0 0 0 0
519 0 0 0 0
520 0 0 0 0
521 0 0 0 0
522 0 0 0 0
523 0 0 0 0
524 0 0 0 0
525 0 0 0 0
526 0 0 0 0
527 0 0 0 0
528 0 0 0 0
529 0 0 0 0
530 0 0 0 0
531 0 0 0 0
532 0 0 0 0
533 0 0 0 0
534 0 0 0 0
535 0 0 0 0
536 0 0 0 0
537 0 0 0 0
538 0 0 0 0
539 0 0 0 0
540 0 0 0 0
541 0 0 0 0
542 0 0 0 0
543 0 0 0 0
544 0 0 0 0
545 0 0 0 0
546 0 0 0 0
547 0 0 0 0
548 0 0 0 0
549 0 0 0 0
550 0 0 0 0
551 0 0 0 0
552 0 0 0 0
553 0 0 0 0
554 0 0 0 0
555 0 0 0 0
556 0 0 0 0
557 0 0 0 0
558 0 0 0 0
559 0 0 0 0
560 0 0 0 0
561 0 0 0 0
562 0 0 0 0
563 0 0 0 0
564 0 0 0 0
565 0 0 0 0
566 0 0 0 0
567 0 0 0 0
568 0 0 0 0
569 0 0 0 0
570 0 0 0 0
571 0 0 0 0
572 0 0 0 0
573 0 0 0 0
574 0 0 0 0
575 0 0 0 0
576 0 0 0 0
577 0 0 0 0
578 0 0 0 0
579 0 0 0 0
580 0 0 0 0
581 0 0 0 0
582 0 0 0 0
583 0 0 0 0
584 0 0 0 0
585 0 0 0 0
586 0 0 0 0
587 0 0 0 0
588 0 0 0 0
589 0 0 0 0
590 0 0 0 0
591 0 0 0 0
592 0 0 0 0
593 0 0 0 0
594 0 0 0 0
595 0 0 0 0
596 0 0 0 0
597 0 0 0 0
598 0 0 0 0
599 0 0 0 0
600 0 0 0 0
601 0 0 0 0
602 0 0 0 0
603 0 0 0 0
604 0 0 0 0
605 0 0 0 0
606 0 0 0 0
607 0 0 0 0
608 0 0 0 0
609 0 0 0 0
610 0 0 0 0
611 0 0 0 0
612 0 0 0 0
613 0 0 0 0
614 0 0 0 0
615 0 0 0 0
616 0 0 0 0
617 0 0 0 0
618 0 0 0 0
619 0 0 0 0
620 0 0 0 0
621 0 0 0 0
622 0 0 0 0
623 0 0 0 0
624 0 0 0 0
625 0 0 0 0
626 0 0 0 0
627 0 0 0 0
628 0 0 0 0
629 0 0 0 0
630 0 0 0 0
631 0 0 0 0
632 0 0 0 0
633 0 0 0 0
634 0 0 0 0
635 0 0 0 0
636 0 0 0 0
637 0 0 0 0
638 0 0 0 0
639 0 0 0 0
640 0 0 0 0
641 0 0 0 0
642 0 0 0 0
643 0 0 0 0
644 0 0 0 0
645 0 0 0 0
646 0 0 0 0
647 0 0 0 0
648 0 0 0 0
649 0 0 0 0
650 0 0 0 0
651 0 0 0 0
652 0 0 0 0
653 0 0 0 0
654 0 0 0 0
655 0 0 0 0
656 0 0 0 0
657 0 0 0 0
658 0 0 0 0
659 0 0 0 0
660 0 0 0 0
661 0 0 0 0
662 0 0 0 0
663 0 0 0 0
664 0 0 0 0
665 0 0 0 0
666 0 0 0 0
667 0 0 0 0
668 0 0 0 0
669 0 0 0 0
670 0 0 0 0
671 0 0 0 0
672 0 0 0 0
673 0 0 0 0
674 0 0 0 0
675 0 0 0 0
676 0 0 0 0
677 0 0 0 0
678 0 0 0 0
679 0 0 0 0
680 0 0 0 0
681 0 0 0 0
682 0 0 0 0
683 0 0 0 0
684 0 0 0 0
685 0 0 0 0
686 0 0 0 0
687 0 0 0 0
688 0 0 0 0
689 0 0 0 0
690 0 0 0 0
691 0 0 0 0
692 0 0 0 0
693 0 0 0 0
694 0 0 0 0
695 0 0 0 0
696 0 0 0 0
697 0 0 0 0
698 0 0 0 0
699 0 0 0 0
700 0 0 0 0
701 0 0 0 0
702 0 0 0 0
703 0 0 0 0
704 0 0 0 0
705 0 0 0 0
706 0 0 0 0
707 0 0 0 0
708 0 0 0 0
709 0 0 0 0
710 0 0 0 0
711 0 0 0 0
712 0 0 0 0
713 0 0 0 0
714 0 0 0 0
715 0 0 0 0
716 0 0 0 0
717 0 0 0 0
718 0 0 0 0
719 0 0 0 0
720 0 0 0 0
721 0 0 0 0
722 0 0 0 0
723 0 0 0 0
724 0 0 0 0
725 0 0 0 0
726 0 0 0 0
727 0 0 0 0
