0 0 0 0 0
1 0 0 0 0
2 0 0 0 0
3 0 0 0 0
4 0 0 0 0
5 0 0 3 0
6 0 0 0 0
7 0 0 0 0
8 0 0 0 0
9 0 2 0 2
10 0 0 0 0
11 0 0 0 0
12 0 0 0 1
13 0 0 0 2
14 0 0 0 0
15 0 0 0 0
16 0 0 0 0
17 0 0 0 0
18 0 0 0 0
19 0 0 0 0
20 0 0 0 0
21 1 0 0 0
22 1 0 0 0
23 1 0 0 0
24 3 0 0 0
25 0 0 0 0
26 2 0 0 0
27 0 0 0 0
28 0 0 1 0
29 0 1 0 0
30 0 0 1 0
31 0 0 3 0
32 0 0 1 0
33 0 1 0 1
34 0 0 0 0
35 0 0 0 2
36 0 0 0 1
37 0 0 0 2
38 1 0 0 2
39 0 0 0 0
40 0 0 0 0
41 0 0 0 0
42 1 0 0 0
43 1 1 0 0
44 0 0 0 0
45 0 0 0 0
46 1 0 0 0
47 0 0 1 0
48 0 1 0 0
49 1 0 0 0
50 0 0 0 1
51 1 0 0 0
52 1 0 0 0
53 1 0 0 0
54 0 0 1 1
55 0 1 0 1
56 0 1 0 0
57 1 0 1 0
58 0 1 0 0
59 0 0 0 1
60 0 0 0 0
61 3 0 0 1
62 2 1 0 0
63 0 0 0 1
64 0 0 0 1
65 2 0 0 1
66 3 1 1 1
67 1 0 0 0
68 1 0 0 0
69 2 0 0 0
70 3 1 0 1
71 1 3 1 0
72 0 0 0 0
73 1 0 0 1
74 0 2 0 0
75 1 1 0 3
76 0 1 1 0
77 2 1 1 1
78 0 1 1 2
79 1 3 0 1
80 1 0 0 1
81 0 0 0 3
82 0 1 1 2
83 1 0 0 3
84 0 2 0 0
85 0 0 0 0
86 1 0 0 2
87 0 0 0 0
88 1 0 0 0
89 0 1 0 1
90 2 0 0 0
91 5 0 0 2
92 2 0 1 0
93 2 0 0 1
94 3 0 0 0
95 1 1 2 0
96 1 3 2 1
97 1 0 1 0
98 1 1 0 0
99 1 0 0 0
100 2 1 1 4
101 2 3 0 0
102 3 0 0 4
103 2 1 2 1
104 1 0 0 1
105 4 0 0 2
106 0 1 1 0
107 2 1 1 3
108 2 1 2 1
109 2 2 0 2
110 1 2 1 2
111 2 3 0 2
112 2 0 1 3
113 0 0 1 1
114 4 1 3 3
115 5 0 0 1
116 4 2 0 0
117 2 1 1 1
118 6 0 0 4
119 6 1 1 1
120 0 2 0 2
121 5 3 1 4
122 5 1 1 0
123 4 3 4 1
124 7 4 4 2
125 1 1 0 2
126 5 4 1 3
127 4 2 2 3
128 4 4 1 4
129 5 1 3 1
130 8 3 0 7
131 4 4 2 7
132 5 0 2 4
133 9 3 1 6
134 4 1 2 4
135 4 2 3 4
136 7 2 3 2
137 7 2 2 4
138 7 8 1 4
139 6 3 3 5
140 8 1 3 3
141 4 5 2 4
142 5 5 2 6
143 6 5 2 5
144 4 2 2 6
145 6 3 4 7
146 8 3 2 8
147 7 4 1 4
148 7 2 6 4
149 8 3 5 6
150 8 4 1 8
151 10 3 4 5
152 10 1 2 8
153 4 2 3 6
154 11 4 5 7
155 9 5 3 7
156 10 5 6 6
157 11 5 2 4
158 9 3 1 9
159 9 8 2 4
160 6 6 2 7
161 11 9 1 7
162 7 4 2 6
163 6 7 3 7
164 7 5 6 7
165 6 7 2 11
166 9 6 4 10
167 11 5 5 11
168 7 4 3 10
169 11 5 0 9
170 11 7 2 10
171 16 3 3 9
172 9 6 2 7
173 23 3 2 8
174 20 3 7 11
175 16 5 2 6
176 21 6 7 6
177 16 4 6 6
178 13 11 8 11
179 16 6 13 8
180 12 9 9 9
181 16 9 6 7
182 14 6 10 10
183 18 10 8 17
184 15 9 3 16
185 11 10 4 14
186 15 11 5 17
187 23 6 3 18
188 12 13 8 15
189 16 6 8 16
190 11 14 4 17
191 17 8 5 11
192 28 15 4 17
193 21 5 11 13
194 21 5 6 16
195 19 8 6 17
196 15 7 13 20
197 17 14 10 17
198 21 9 10 11
199 15 10 5 16
200 14 13 11 19
201 18 18 2 21
202 19 8 13 16
203 17 13 10 16
204 22 11 9 24
205 21 8 5 18
206 17 7 5 17
207 17 10 9 17
208 15 7 3 25
209 17 15 5 16
210 12 14 10 17
211 14 5 11 18
212 17 7 8 11
213 7 9 6 18
214 15 14 5 23
215 12 11 4 19
216 14 8 8 15
217 11 9 8 18
218 13 6 4 11
219 10 10 2 18
220 7 9 5 17
221 10 7 6 23
222 5 5 5 8
223 14 10 7 15
224 8 11 2 11
225 10 6 6 13
226 8 9 6 14
227 6 7 4 19
228 9 5 4 13
229 11 4 1 7
230 4 7 3 13
231 11 4 4 11
232 4 6 5 8
233 7 6 2 12
234 8 5 2 10
235 4 3 0 9
236 4 6 3 11
237 9 3 3 14
238 8 6 4 5
239 6 4 2 6
240 5 4 4 6
241 10 3 1 7
242 1 2 5 3
243 7 5 3 8
244 4 2 3 8
245 4 3 2 9
246 5 4 4 6
247 4 2 2 7
248 1 3 4 7
249 3 6 1 8
250 5 6 1 9
251 6 0 1 3
252 4 1 2 6
253 3 2 0 8
254 1 1 2 7
255 2 4 4 3
256 5 4 1 4
257 2 0 3 2
258 6 2 0 3
259 4 2 0 5
260 5 3 3 2
261 4 1 3 1
262 6 1 3 5
263 4 3 0 4
264 2 3 0 5
265 3 2 3 5
266 2 0 1 4
267 0 7 1 6
268 4 4 1 2
269 2 2 1 4
270 3 3 1 1
271 0 1 0 6
272 1 1 1 5
273 3 0 1 2
274 1 2 2 6
275 2 0 4 3
276 2 0 0 3
277 0 3 0 2
278 2 0 0 2
279 2 1 1 4
280 0 0 0 1
281 3 1 2 4
282 1 2 1 1
283 2 0 3 2
284 1 2 0 1
285 0 0 0 2
286 2 2 0 3
287 0 0 1 0
288 0 1 1 2
289 0 0 0 0
290 1 0 1 4
291 0 2 1 1
292 2 1 0 2
293 0 0 1 1
294 1 0 0 2
295 0 0 1 2
296 2 0 0 1
297 0 0 1 0
298 0 0 0 1
299 2 1 0 0
300 1 0 0 1
301 0 1 1 1
302 1 0 0 1
303 0 0 0 0
304 1 0 1 0
305 0 1 0 1
306 0 1 0 1
307 1 0 0 1
308 1 1 0 0
309 2 1 0 1
310 2 0 0 0
311 0 0 1 1
312 0 0 1 0
313 0 0 1 2
314 0 2 0 0
315 0 0 1 2
316 1 0 0 0
317 0 0 0 0
318 0 0 0 1
319 0 1 0 3
320 0 0 0 0
321 1 0 1 1
322 0 0 0 0
323 0 0 0 1
324 1 0 0 0
325 1 0 0 1
326 0 0 1 0
327 0 0 0 0
328 2 0 0 0
329 0 1 0 0
330 0 0 1 1
331 0 0 0 0
332 1 0 0 0
333 0 2 0 1
334 0 0 0 1
335 0 0 0 0
336 0 0 0 0
337 0 0 1 2
338 0 0 0 0
339 0 0 0 0
340 0 0 0 0
341 2 0 0 0
342 0 0 0 0
343 1 0 0 0
344 1 0 0 1
345 1 0 0 0
346 0 1 0 0
347 0 0 0 0
348 0 1 0 0
349 0 0 0 0
350 0 1 1 0
351 1 0 0 0
352 0 0 0 1
353 0 1 0 1
354 0 0 0 2
355 0 0 0 0
356 0 0 0 0
357 0 0 0 1
358 0 0 0 0
359 0 0 0 0
360 0 0 1 0
361 0 0 0 0
362 0 0 0 0
363 0 0 0 0
364 0 0 0 0
365 1 0 0 0
366 0 0 0 0
367 0 0 0 1
368 1 0 0 0
369 0 0 0 0
370 0 0 1 0
371 0 0 0 0
372 0 0 0 0
373 0 1 0 0
374 0 0 0 0
375 0 0 0 0
376 1 0 0 0
377 1 0 0 1
378 0 0 0 0
379 1 0 0 0
380 1 0 0 1
381 1 0 0 0
382 0 0 0 0
383 1 0 0 0
384 1 1 0 0
385 1 2 0 0
386 0 1 1 0
387 0 0 0 0
388 0 0 1 1
389 0 0 0 1
390 0 0 1 1
391 1 0 0 0
392 0 0 0 2
393 0 0 1 1
394 1 0 0 1
395 0 0 0 0
396 0 1 0 0
397 1 0 0 1
398 2 0 0 0
399 0 0 1 0
400 1 0 0 0
401 2 0 0 0
402 3 1 0 0
403 3 1 0 1
404 2 0 0 0
405 0 1 0 0
406 1 1 0 1
407 0 2 2 0
408 2 0 0 0
409 0 1 0 1
410 1 1 0 2
411 0 0 1 2
412 0 3 0 1
413 0 1 1 1
414 0 0 0 3
415 1 1 0 1
416 0 0 0 2
417 0 0 1 1
418 0 0 0 0
419 2 0 0 2
420 2 0 1 1
421 1 0 0 0
422 2 0 0 0
423 3 0 0 0
424 1 0 0 1
425 0 0 0 0
426 1 1 0 0
427 1 1 0 1
428 2 2 1 0
429 2 1 1 0
430 1 0 0 0
431 1 1 0 0
432 0 2 1 1
433 2 2 0 3
434 0 0 0 1
435 0 1 0 3
436 0 0 1 3
437 1 0 1 0
438 0 2 0 0
439 0 1 0 1
440 1 0 0 2
441 3 0 0 1
442 2 0 2 0
443 1 0 1 1
444 3 0 0 0
445 2 1 0 2
446 1 1 0 1
447 1 0 1 0
448 5 0 1 0
449 0 1 0 2
450 3 0 2 2
451 1 0 1 1
452 0 0 1 1
453 3 3 3 0
454 1 2 0 1
455 1 1 1 2
456 2 0 0 1
457 2 1 0 4
458 3 1 1 1
459 2 4 0 2
460 1 0 0 3
461 0 0 0 2
462 3 1 0 1
463 3 1 0 3
464 0 2 0 0
465 2 2 1 2
466 1 1 1 2
467 1 2 0 0
468 0 2 0 1
469 2 0 0 2
470 0 1 1 1
471 1 2 2 2
472 0 1 2 1
473 1 0 0 2
474 3 2 0 2
475 1 0 0 4
476 2 0 0 1
477 3 0 0 1
478 5 1 0 2
479 4 0 1 2
480 2 1 0 0
481 0 0 0 2
482 1 0 1 0
483 1 4 2 0
484 2 0 1 1
485 1 2 1 1
486 3 2 0 1
487 0 0 1 3
488 2 4 0 0
489 2 2 1 3
490 3 1 0 1
491 4 2 1 2
492 0 1 0 6
493 6 1 0 3
494 4 1 1 1
495 6 3 0 3
496 3 1 1 1
497 6 1 0 1
498 2 0 1 2
499 2 2 1 1
500 3 3 4 2
501 1 1 0 1
502 2 7 3 3
503 2 0 2 2
504 3 2 0 4
505 2 4 1 2
506 3 0 1 9
507 4 1 0 5
508 6 0 2 0
509 6 1 1 6
510 3 0 1 2
511 5 1 3 3
512 0 3 0 3
513 2 1 5 1
514 5 4 1 0
515 7 0 2 2
516 10 2 2 3
517 4 0 2 4
518 5 0 2 7
519 1 4 2 1
520 3 6 2 3
521 4 2 2 3
522 5 0 4 2
523 8 4 2 6
524 6 1 0 6
525 3 5 3 5
526 5 1 3 3
527 4 2 2 6
528 6 2 2 2
529 6 4 0 7
530 8 2 3 4
531 7 3 3 2
532 4 3 4 8
533 5 3 1 5
534 4 1 1 5
535 2 5 3 3
536 6 4 1 4
537 5 7 3 6
538 3 3 3 5
539 7 2 3 8
540 2 2 2 3
541 5 3 2 4
542 3 3 2 6
543 5 0 3 5
544 8 2 2 10
545 5 2 0 7
546 4 6 1 6
547 11 5 1 4
548 6 4 1 5
549 6 2 2 3
550 10 2 1 6
551 7 3 1 3
552 14 6 2 5
553 8 4 5 3
554 7 1 4 5
555 3 7 1 3
556 7 7 5 9
557 5 4 6 7
558 5 8 1 4
559 6 5 3 6
560 6 2 2 9
561 6 2 6 11
562 6 0 3 10
563 7 2 3 8
564 3 1 2 4
565 6 3 3 8
566 6 4 4 6
567 4 3 1 6
568 3 5 5 5
569 11 2 1 6
570 7 3 2 3
571 5 3 2 5
572 8 1 2 7
573 3 3 2 8
574 4 3 2 3
575 3 7 2 7
576 5 4 3 3
577 4 5 1 5
578 4 8 1 4
579 4 4 2 5
580 5 0 3 8
581 2 5 2 5
582 2 2 2 10
583 6 0 4 8
584 4 2 1 4
585 4 2 2 5
586 3 2 1 5
587 1 2 0 5
588 2 2 2 5
589 1 7 1 6
590 3 1 1 4
591 0 1 2 3
592 5 2 1 4
593 2 0 2 6
594 4 2 2 2
595 3 1 1 3
596 1 0 1 3
597 4 1 1 2
598 1 1 0 5
599 0 2 0 2
600 2 0 1 1
601 0 3 0 2
602 0 1 1 2
603 1 3 0 1
604 2 2 0 1
605 3 2 1 4
606 4 2 1 2
607 0 0 1 2
608 1 0 1 1
609 0 0 0 2
610 0 2 0 2
611 0 2 2 2
612 1 0 0 3
613 1 1 1 3
614 1 1 0 2
615 0 1 0 3
616 1 0 0 0
617 1 0 1 0
618 2 1 0 2
619 1 0 1 0
620 0 0 0 2
621 0 0 0 0
622 0 0 1 2
623 2 0 0 0
624 0 0 2 1
625 0 0 0 0
626 0 0 0 2
627 0 2 0 0
628 0 1 0 1
629 0 0 0 1
630 0 0 0 0
631 0 0 0 1
632 1 1 0 0
633 0 0 0 0
634 0 0 0 1
635 0 0 0 1
636 0 0 0 1
637 0 1 0 0
638 0 0 0 0
639 0 0 0 0
640 0 0 0 0
641 0 0 0 1
642 0 0 0 0
643 0 0 0 0
644 0 0 0 0
645 0 0 0 0
646 0 0 0 0
647 0 0 0 0
648 0 0 0 0
649 0 0 0 0
650 0 0 0 0
651 0 0 0 0
652 0 0 0 0
653 0 0 0 0
654 0 0 0 0
655 0 0 0 0
656 0 0 0 0
657 0 0 0 0
658 0 0 0 0
659 0 0 0 0
660 0 0 0 0
661 0 0 0 0
662 0 0 0 0
663 0 0 0 0
664 0 0 0 0
665 0 0 0 0
666 0 0 0 0
667 0 0 0 0
668 0 0 0 0
669 0 0 0 0
670 0 0 0 0
671 0 0 0 0
672 0 0 0 0
673 0 0 0 0
674 0 0 0 0
675 0 0 0 0
676 0 0 0 0
677 0 0 0 0
678 0 0 0 0
679 0 0 0 0
680 0 0 0 0
681 0 0 0 0
682 0 0 0 0
683 0 0 0 0
684 0 0 0 0
685 0 0 0 0
686 0 0 0 0
687 0 0 0 0
688 0 0 0 0
689 0 0 0 0
690 0 0 0 0
691 0 0 0 0
692 0 0 0 0
693 0 0 0 0
694 0 0 0 0
695 0 0 0 0
696 0 0 0 0
697 0 0 0 0
698 0 0 0 0
699 0 0 0 0
700 0 0 0 0
701 0 0 0 0
702 0 0 0 0
703 0 0 0 0
704 0 0 0 0
705 0 0 0 0
706 0 0 0 0
707 0 0 0 0
708 0 0 0 0
709 0 0 0 0
710 0 0 0 0
711 0 0 0 0
712 0 0 0 0
713 0 0 0 0
714 0 0 0 0
715 0 0 0 0
716 0 0 0 0
717 0 0 0 0
718 0 0 0 0
719 0 0 0 0
720 0 0 0 0
721 0 0 0 0
722 0 0 0 0
723 0 0 0 0
724 0 0 0 0
725 0 0 0 0
726 0 0 0 0
727 0 0 0 0
