0 0 0 0 0
1 0 0 0 0
2 0 0 0 0
3 0 0 0 0
4 0 0 0 0
5 0 0 2 0
6 0 0 0 0
7 0 0 0 0
8 0 0 0 0
9 0 3 0 1
10 0 0 0 0
11 0 0 0 0
12 0 0 0 1
13 0 0 0 1
14 0 0 0 0
15 0 0 0 0
16 0 0 0 2
17 0 0 0 0
18 0 0 0 0
19 0 0 0 0
20 2 0 0 0
21 1 0 0 0
22 1 0 0 0
23 1 0 0 0
24 1 0 0 0
25 2 1 0 0
26 1 1 0 0
27 0 1 0 0
28 1 1 0 0
29 1 0 1 1
30 1 0 0 0
31 0 0 1 1
32 0 0 0 1
33 0 2 0 1
34 0 2 0 0
35 0 1 0 1
36 1 0 0 1
37 1 0 0 1
38 0 0 1 2
39 1 0 0 1
40 0 0 0 1
41 1 0 0 0
42 1 0 0 1
43 0 0 0 0
44 0 1 0 0
45 4 0 1 0
46 2 1 0 0
47 2 1 0 0
48 3 0 0 0
49 4 0 0 0
50 1 3 1 0
51 0 1 1 1
52 3 0 2 1
53 2 0 0 1
54 2 0 5 2
55 2 1 0 1
56 0 0 0 0
57 1 1 2 3
58 1 0 0 4
59 1 1 0 2
60 0 1 0 0
61 2 3 0 3
62 1 2 1 1
63 1 0 1 1
64 1 1 0 3
65 2 0 0 2
66 3 0 0 0
67 1 1 0 1
68 6 0 1 1
69 1 1 0 3
70 5 4 0 0
71 4 3 0 1
72 4 1 0 1
73 1 2 2 1
74 1 1 0 3
75 3 2 2 1
76 1 1 2 1
77 1 1 4 1
78 0 0 0 2
79 1 1 2 2
80 4 2 0 7
81 3 0 2 4
82 3 2 0 3
83 2 1 0 1
84 2 1 2 3
85 2 1 0 2
86 5 0 1 4
87 4 1 1 2
88 8 0 1 1
89 6 1 2 1
90 3 2 3 1
91 4 2 0 3
92 2 0 1 1
93 3 6 1 0
94 4 5 1 4
95 4 4 1 2
96 5 1 3 4
97 5 0 3 7
98 5 1 2 3
99 4 2 1 1
100 5 3 3 5
101 7 2 3 3
102 4 3 0 5
103 6 3 1 2
104 1 2 1 6
105 3 1 4 7
106 6 2 3 2
107 5 3 3 4
108 6 1 2 3
109 3 4 1 6
110 9 6 0 5
111 3 3 1 5
112 9 4 4 4
113 5 3 1 4
114 6 1 1 5
115 8 4 4 5
116 8 1 1 10
117 5 5 3 5
118 4 4 1 2
119 5 4 4 7
120 10 2 6 2
121 9 6 3 5
122 11 1 4 6
123 11 1 2 4
124 12 5 3 8
125 9 2 5 4
126 8 4 6 5
127 6 6 3 5
128 7 4 1 10
129 7 7 5 9
130 10 3 2 4
131 9 3 4 10
132 10 5 4 4
133 6 6 2 17
134 14 8 2 8
135 7 4 6 6
136 11 5 2 9
137 12 5 4 6
138 16 4 3 8
139 12 6 5 8
140 16 6 1 9
141 13 7 4 8
142 24 4 2 10
143 12 5 10 8
144 15 8 4 12
145 11 12 4 9
146 18 6 7 5
147 15 16 4 8
148 13 8 6 13
149 15 10 6 10
150 12 4 7 13
151 19 9 12 15
152 25 8 4 19
153 11 11 6 16
154 14 8 1 16
155 9 11 3 18
156 13 6 9 15
157 12 8 8 14
158 17 9 8 15
159 17 9 8 13
160 21 9 4 15
161 13 12 5 14
162 28 5 4 13
163 22 6 4 12
164 18 12 6 17
165 23 15 5 20
166 31 9 3 18
167 19 13 10 8
168 18 7 9 18
169 32 14 9 11
170 27 15 4 12
171 18 17 14 17
172 25 11 10 16
173 15 12 7 16
174 20 19 13 21
175 25 16 12 26
176 20 8 9 25
177 16 9 8 21
178 20 17 3 30
179 12 16 13 23
180 23 10 8 25
181 20 10 8 25
182 28 10 12 26
183 18 8 8 21
184 22 13 8 19
185 38 12 13 19
186 27 8 9 25
187 36 14 12 17
188 30 8 7 21
189 32 12 11 19
190 30 21 7 18
191 26 18 11 20
192 41 18 11 22
193 29 18 13 20
194 26 17 18 30
195 31 15 8 19
196 37 15 13 23
197 22 27 9 28
198 25 19 16 38
199 19 15 10 24
200 23 21 9 33
201 22 19 20 33
202 33 11 9 30
203 27 23 9 28
204 19 17 8 28
205 26 16 10 35
206 20 12 11 22
207 22 19 8 36
208 14 17 8 31
209 9 13 6 21
210 17 15 13 27
211 13 16 11 27
212 16 13 11 29
213 13 9 9 18
214 13 10 3 29
215 19 11 6 25
216 14 12 9 22
217 13 8 9 23
218 17 4 9 15
219 11 9 4 17
220 13 5 7 20
221 10 8 5 20
222 18 10 1 17
223 16 10 5 17
224 13 11 7 12
225 12 7 5 11
226 8 7 6 8
227 13 12 10 16
228 11 8 3 16
229 11 7 5 12
230 7 8 7 14
231 5 0 6 19
232 8 10 5 14
233 8 6 6 9
234 7 9 3 21
235 9 4 4 11
236 13 5 4 14
237 11 6 5 14
238 6 6 2 4
239 4 8 2 11
240 4 7 1 11
241 7 0 6 14
242 7 5 1 8
243 3 6 1 8
244 4 6 0 11
245 3 6 3 6
246 2 7 4 8
247 4 3 1 9
248 8 3 1 6
249 2 1 2 6
250 5 5 2 10
251 9 2 3 4
252 3 2 2 7
253 3 3 2 6
254 3 1 0 6
255 3 0 2 4
256 1 6 1 3
257 2 7 1 6
258 1 2 0 5
259 2 3 3 4
260 3 1 2 6
261 4 2 1 4
262 4 0 1 3
263 2 1 2 8
264 3 2 1 6
265 4 2 0 2
266 3 3 2 1
267 6 1 0 3
268 2 1 0 3
269 1 2 2 0
270 2 2 0 3
271 1 2 1 1
272 1 4 1 2
273 2 2 0 3
274 1 2 3 1
275 1 1 1 2
276 1 1 1 7
277 3 2 0 3
278 2 0 1 5
279 3 2 0 3
280 2 2 0 1
281 0 1 0 2
282 1 2 0 2
283 0 0 0 4
284 1 1 1 3
285 1 1 0 0
286 1 1 1 1
287 1 1 1 1
288 0 1 0 2
289 0 0 1 2
290 1 1 0 0
291 0 2 0 1
292 1 0 0 0
293 2 1 0 3
294 2 0 0 2
295 1 0 1 1
296 1 1 0 1
297 0 0 0 0
298 0 1 1 2
299 1 1 0 1
300 1 0 0 2
301 1 0 1 0
302 0 0 1 1
303 0 1 0 0
304 0 0 0 0
305 0 1 1 2
306 1 0 1 2
307 1 0 0 1
308 1 1 0 0
309 1 0 0 1
310 0 0 0 1
311 1 0 1 0
312 3 0 1 1
313 0 0 0 0
314 0 0 0 0
315 1 0 0 2
316 1 1 0 0
317 0 2 2 0
318 1 0 1 1
319 0 0 0 0
320 1 0 0 0
321 0 0 0 3
322 0 0 0 1
323 0 0 0 1
324 0 1 0 1
325 0 1 1 0
326 0 0 0 0
327 1 1 0 0
328 0 0 0 0
329 0 0 0 1
330 0 0 0 0
331 0 0 0 2
332 0 0 0 1
333 1 0 0 0
334 0 0 0 0
335 0 0 0 0
336 0 0 1 0
337 0 0 0 0
338 1 0 0 0
339 0 0 0 0
340 1 0 0 1
341 1 0 0 0
342 0 1 0 0
343 0 0 1 0
344 0 0 0 0
345 1 1 0 0
346 0 0 0 1
347 0 0 0 1
348 1 0 0 0
349 0 0 0 0
350 0 1 0 0
351 0 0 0 0
352 0 0 0 1
353 0 1 0 0
354 0 0 1 0
355 0 0 0 0
356 0 0 0 0
357 0 0 0 1
358 0 0 0 0
359 0 0 0 0
360 0 0 0 1
361 0 0 0 1
362 0 0 0 0
363 0 0 0 0
364 0 0 0 0
365 1 0 0 0
366 0 0 0 0
367 0 0 0 0
368 0 0 0 0
369 0 0 0 0
370 0 0 0 0
371 0 0 0 0
372 0 0 0 0
373 0 0 0 0
374 0 1 0 0
375 0 0 0 0
376 0 0 0 0
377 0 0 0 0
378 0 0 0 0
379 0 0 0 0
380 0 0 0 0
381 0 0 0 1
382 0 0 0 0
383 0 0 0 0
384 0 0 0 0
385 0 0 0 0
386 0 0 0 0
387 0 0 0 0
388 0 0 0 0
389 0 0 0 0
390 0 0 0 0
391 0 0 0 0
392 0 0 0 0
393 0 0 0 0
394 0 0 0 0
395 0 0 0 0
396 0 0 0 0
397 0 0 0 0
398 0 0 0 0
399 0 0 0 0
400 0 0 0 0
401 0 0 0 0
402 0 0 0 0
403 0 0 0 0
404 0 0 0 0
405 0 0 0 0
406 0 0 0 0
407 0 0 0 0
408 0 0 0 0
409 0 0 0 0
410 0 0 0 0
411 0 0 0 0
412 0 0 0 0
413 0 0 0 0
414 0 0 0 0
415 0 0 0 0
416 0 0 0 0
417 0 0 0 0
418 0 0 0 0
419 0 0 0 0
420 0 0 0 0
421 0 0 0 0
422 0 0 0 0
423 0 0 0 0
424 0 0 0 0
425 0 0 0 0
426 0 0 0 0
427 0 0 0 0
428 0 0 0 0
429 0 0 0 0
430 0 0 0 0
431 0 0 0 0
432 0 0 0 0
433 0 0 0 0
434 0 0 0 0
435 0 0 0 0
436 0 0 0 0
437 0 0 0 0
438 0 0 0 0
439 0 0 0 0
440 0 0 0 0
441 0 0 0 0
442 0 0 0 0
443 0 0 0 0
444 0 0 0 0
445 0 0 0 0
446 0 0 0 0
447 0 0 0 0
448 0 0 0 0
449 0 0 0 0
450 0 0 0 0
451 0 0 0 0
452 0 0 0 0
453 0 0 0 0
454 0 0 0 0
455 0 0 0 0
456 0 0 0 0
457 0 0 0 0
458 0 0 0 0
459 0 0 0 0
460 0 0 0 0
461 0 0 0 0
462 0 0 0 0
463 0 0 0 0
464 0 0 0 0
465 0 0 0 0
466 0 0 0 0
467 0 0 0 0
468 0 0 0 0
469 0 0 0 0
470 0 0 0 0
471 0 0 0 0
472 0 0 0 0
473 0 0 0 0
474 0 0 0 0
475 0 0 0 0
476 0 0 0 0
477 0 0 0 0
478 0 0 0 0
479 0 0 0 0
480 0 0 0 0
481 0 0 0 0
482 0 0 0 0
483 0 0 0 0
484 0 0 0 0
485 0 0 0 0
486 0 0 0 0
487 0 0 0 0
488 0 0 0 0
489 0 0 0 0
490 0 0 0 0
491 0 0 0 0
492 0 0 0 0
493 0 0 0 0
494 0 0 0 0
495 0 0 0 0
496 0 0 0 0
497 0 0 0 0
498 0 0 0 0
499 0 0 0 0
500 0 0 0 0
501 0 0 0 0
502 0 0 0 0
503 0 0 0 0
504 0 0 0 0
505 0 0 0 0
506 0 0 0 0
507 0 0 0 0
508 0 0 0 0
509 0 0 0 0
510 0 0 0 0
511 0 0 0 0
512 0 0 0 0
513 0 0 0 0
514 0 0 0 0
515 0 0 0 0
516 0 0 0 0
517 0 0 0 0
518 0 0 0 0
519 0 0 0 0
520 0 0 0 0
521 0 0 0 0
522 0 0 0 0
523 0 0 0 0
524 0 0 0 0
525 0 0 0 0
526 0 0 0 0
527 0 0 0 0
528 0 0 0 0
529 0 0 0 0
530 0 0 0 0
531 0 0 0 0
532 0 0 0 0
533 0 0 0 0
534 0 0 0 0
535 0 0 0 0
536 0 0 0 0
537 0 0 0 0
538 0 0 0 0
539 0 0 0 0
540 0 0 0 0
541 0 0 0 0
542 0 0 0 0
543 0 0 0 0
544 0 0 0 0
545 0 0 0 0
546 0 0 0 0
547 0 0 0 0
548 0 0 0 0
549 0 0 0 0
550 0 0 0 0
551 0 0 0 0
552 0 0 0 0
553 0 0 0 0
554 0 0 0 0
555 0 0 0 0
556 0 0 0 0
557 0 0 0 0
558 0 0 0 0
559 0 0 0 0
560 0 0 0 0
561 0 0 0 0
562 0 0 0 0
563 0 0 0 0
564 0 0 0 0
565 0 0 0 0
566 0 0 0 0
567 0 0 0 0
568 0 0 0 0
569 0 0 0 0
570 0 0 0 0
571 0 0 0 0
572 0 0 0 0
573 0 0 0 0
574 0 0 0 0
575 0 0 0 0
576 0 0 0 0
577 0 0 0 0
578 0 0 0 0
579 0 0 0 0
580 0 0 0 0
581 0 0 0 0
582 0 0 0 0
583 0 0 0 0
584 0 0 0 0
585 0 0 0 0
586 0 0 0 0
587 0 0 0 0
588 0 0 0 0
589 0 0 0 0
590 0 0 0 0
591 0 0 0 0
592 0 0 0 0
593 0 0 0 0
594 0 0 0 0
595 0 0 0 0
596 0 0 0 0
597 0 0 0 0
598 0 0 0 0
599 0 0 0 0
600 0 0 0 0
601 0 0 0 0
602 0 0 0 0
603 0 0 0 0
604 0 0 0 0
605 0 0 0 0
606 0 0 0 0
607 0 0 0 0
608 0 0 0 0
609 0 0 0 0
610 0 0 0 0
611 0 0 0 0
612 0 0 0 0
613 0 0 0 0
614 0 0 0 0
615 0 0 0 0
616 0 0 0 0
617 0 0 0 0
618 0 0 0 0
619 0 0 0 0
620 0 0 0 0
621 0 0 0 0
622 0 0 0 0
623 0 0 0 0
624 0 0 0 0
625 0 0 0 0
626 0 0 0 0
627 0 0 0 0
628 0 0 0 0
629 0 0 0 0
630 0 0 0 0
631 0 0 0 0
632 0 0 0 0
633 0 0 0 0
634 0 0 0 0
635 0 0 0 0
636 0 0 0 0
637 0 0 0 0
638 0 0 0 0
639 0 0 0 0
640 0 0 0 0
641 0 0 0 0
642 0 0 0 0
643 0 0 0 0
644 0 0 0 0
645 0 0 0 0
646 0 0 0 0
647 0 0 0 0
648 0 0 0 0
649 0 0 0 0
650 0 0 0 0
651 0 0 0 0
652 0 0 0 0
653 0 0 0 0
654 0 0 0 0
655 0 0 0 0
656 0 0 0 0
657 0 0 0 0
658 0 0 0 0
659 0 0 0 0
660 0 0 0 0
661 0 0 0 0
662 0 0 0 0
663 0 0 0 0
664 0 0 0 0
665 0 0 0 0
666 0 0 0 0
667 0 0 0 0
668 0 0 0 0
669 0 0 0 0
670 0 0 0 0
671 0 0 0 0
672 0 0 0 0
673 0 0 0 0
674 0 0 0 0
675 0 0 0 0
676 0 0 0 0
677 0 0 0 0
678 0 0 0 0
679 0 0 0 0
680 0 0 0 0
681 0 0 0 0
682 0 0 0 0
683 0 0 0 0
684 0 0 0 0
685 0 0 0 0
686 0 0 0 0
687 0 0 0 0
688 0 0 0 0
689 0 0 0 0
690 0 0 0 0
691 0 0 0 0
692 0 0 0 0
693 0 0 0 0
694 0 0 0 0
695 0 0 0 0
696 0 0 0 0
697 0 0 0 0
698 0 0 0 0
699 0 0 0 0
700 0 0 0 0
701 0 0 0 0
702 0 0 0 0
703 0 0 0 0
704 0 0 0 0
705 0 0 0 0
706 0 0 0 0
707 0 0 0 0
708 0 0 0 0
709 0 0 0 0
710 0 0 0 0
711 0 0 0 0
712 0 0 0 0
713 0 0 0 0
714 0 0 0 0
715 0 0 0 0
716 0 0 0 0
717 0 0 0 0
718 0 0 0 0
719 0 0 0 0
720 0 0 0 0
721 0 0 0 0
722 0 0 0 0
723 0 0 0 0
724 0 0 0 0
725 0 0 0 0
726 0 0 0 0
727 0 0 0 0
