0 0 0 0 0
1 0 0 0 0
2 0 0 0 0
3 0 0 0 0
4 0 0 0 0
5 0 1 1 0
6 0 0 0 0
7 0 0 0 0
8 0 0 0 0
9 0 3 0 0
10 0 0 0 0
11 0 0 0 0
12 0 0 0 2
13 0 0 0 1
14 0 0 0 0
15 0 0 0 0
16 1 0 0 2
17 0 0 0 0
18 0 0 0 0
19 0 0 0 0
20 0 0 0 0
21 1 1 0 0
22 0 0 0 0
23 2 0 0 0
24 4 0 0 0
25 1 0 0 1
26 2 0 1 0
27 1 0 0 0
28 0 1 0 0
29 1 1 2 0
30 0 1 0 1
31 0 2 1 0
32 0 0 2 0
33 1 0 0 3
34 0 0 0 0
35 3 0 0 3
36 0 1 0 1
37 0 0 0 1
38 0 0 1 1
39 1 0 0 1
40 1 1 0 1
41 5 0 0 0
42 3 0 0 1
43 0 0 0 0
44 1 2 1 0
45 4 1 0 0
46 2 1 0 0
47 3 0 2 1
48 3 0 0 1
49 4 0 2 1
50 3 4 1 1
51 3 2 0 3
52 1 0 0 0
53 4 0 0 1
54 1 3 2 5
55 0 3 1 0
56 3 3 0 1
57 2 2 0 1
58 2 3 2 6
59 2 1 1 2
60 1 0 2 1
61 1 1 1 2
62 3 2 0 6
63 2 1 0 3
64 2 0 0 2
65 3 3 0 3
66 5 1 0 2
67 3 2 0 1
68 4 1 2 0
69 7 1 1 4
70 5 2 2 1
71 6 1 0 1
72 5 0 0 2
73 5 3 0 3
74 7 4 1 2
75 3 6 3 2
76 5 5 3 0
77 3 2 3 4
78 2 1 3 5
79 4 3 3 5
80 1 2 0 5
81 2 3 3 4
82 4 4 2 5
83 2 2 1 8
84 2 3 2 5
85 1 2 0 6
86 5 1 1 9
87 6 2 1 2
88 5 2 0 4
89 5 1 0 1
90 4 0 2 3
91 8 3 2 3
92 5 5 0 2
93 6 2 2 1
94 7 2 0 2
95 5 3 0 5
96 11 3 5 4
97 7 2 4 2
98 4 1 3 2
99 11 2 2 3
100 5 2 4 8
101 3 3 5 1
102 9 6 2 3
103 5 2 4 5
104 9 3 2 9
105 6 2 3 9
106 5 1 5 6
107 8 4 4 8
108 8 7 3 5
109 3 5 4 6
110 5 3 3 4
111 14 4 0 8
112 3 8 3 7
113 1 4 2 9
114 6 3 1 5
115 7 6 2 9
116 3 8 3 4
117 7 5 1 9
118 8 0 1 3
119 11 3 4 14
120 15 4 2 7
121 9 3 1 4
122 12 3 2 5
123 14 3 3 9
124 13 4 4 7
125 15 7 4 2
126 9 6 1 7
127 8 6 4 5
128 19 3 9 7
129 17 8 2 7
130 13 7 7 6
131 13 10 4 8
132 16 8 5 9
133 11 11 5 10
134 10 9 6 11
135 10 4 2 14
136 17 7 5 13
137 10 13 9 17
138 12 5 6 14
139 21 11 3 14
140 13 4 5 15
141 10 10 6 19
142 12 9 2 6
143 10 3 7 10
144 17 9 2 9
145 13 10 5 16
146 17 6 4 15
147 14 8 4 12
148 14 13 8 11
149 9 10 7 9
150 13 8 5 13
151 11 10 7 13
152 17 13 1 22
153 17 4 8 16
154 17 7 3 11
155 18 8 6 15
156 14 6 6 12
157 15 12 8 10
158 22 8 7 12
159 19 12 5 16
160 11 7 3 14
161 25 7 5 17
162 21 11 6 17
163 19 8 7 15
164 16 12 8 13
165 18 10 3 13
166 20 13 8 22
167 11 18 8 10
168 15 14 10 14
169 11 10 2 7
170 20 15 4 21
171 15 8 7 22
172 22 5 6 19
173 19 15 4 19
174 22 11 5 21
175 27 10 7 23
176 22 7 8 11
177 20 9 6 25
178 26 7 5 16
179 17 15 7 13
180 21 17 5 14
181 20 20 6 15
182 22 16 6 17
183 25 18 9 17
184 24 15 9 20
185 26 12 10 18
186 27 9 10 20
187 26 15 9 29
188 23 20 6 23
189 20 10 8 26
190 28 13 7 17
191 28 10 13 27
192 17 15 8 20
193 32 11 15 20
194 31 15 11 19
195 28 11 7 22
196 27 17 7 21
197 24 12 7 20
198 27 17 6 28
199 27 25 15 19
200 30 19 12 25
201 28 13 9 17
202 31 21 11 22
203 35 15 12 37
204 33 17 12 34
205 19 18 15 23
206 23 21 8 36
207 27 19 8 26
208 15 16 16 28
209 34 14 12 27
210 17 10 11 30
211 19 19 8 24
212 15 14 13 40
213 16 18 9 28
214 16 13 9 22
215 18 6 8 29
216 12 12 13 21
217 18 10 5 20
218 15 19 15 23
219 12 11 4 22
220 16 13 6 33
221 20 7 5 20
222 13 9 6 28
223 14 7 12 20
224 13 5 7 21
225 18 9 7 19
226 10 7 10 17
227 13 11 6 12
228 10 11 6 10
229 9 10 4 15
230 7 10 7 16
231 17 6 2 15
232 8 7 5 13
233 6 7 3 20
234 12 12 3 20
235 6 6 3 12
236 5 9 4 12
237 12 6 4 12
238 6 2 2 13
239 5 4 4 15
240 6 7 8 11
241 6 1 5 12
242 4 7 3 5
243 9 6 3 9
244 4 4 1 9
245 4 5 1 7
246 6 3 2 10
247 7 6 1 13
248 4 2 4 4
249 4 1 4 6
250 8 5 2 8
251 1 2 2 5
252 2 7 5 5
253 5 4 2 5
254 0 1 3 10
255 1 4 3 5
256 2 0 1 4
257 4 0 1 4
258 3 3 1 7
259 2 1 2 13
260 2 1 0 5
261 6 1 1 1
262 4 3 2 3
263 5 0 1 2
264 3 1 1 2
265 4 2 1 6
266 4 3 2 3
267 2 1 4 1
268 1 3 0 1
269 3 3 0 6
270 1 2 3 3
271 3 1 0 4
272 4 1 2 1
273 2 2 0 3
274 2 1 1 6
275 2 2 2 3
276 2 2 3 3
277 1 1 0 2
278 0 0 2 1
279 1 1 2 4
280 0 1 1 4
281 1 3 1 1
282 1 1 1 2
283 0 0 0 2
284 0 0 0 2
285 2 1 0 5
286 1 0 1 2
287 0 0 2 1
288 0 0 0 2
289 1 0 0 3
290 0 2 0 0
291 0 0 0 1
292 1 0 0 1
293 0 0 0 1
294 0 1 0 1
295 1 0 1 0
296 0 0 0 0
297 1 1 0 1
298 0 1 0 1
299 1 0 0 0
300 0 0 0 1
301 1 0 0 0
302 0 0 0 1
303 1 0 0 0
304 2 2 0 1
305 0 0 0 0
306 0 1 0 0
307 0 0 0 0
308 0 0 0 1
309 0 1 0 0
310 0 1 0 0
311 0 0 0 1
312 1 1 0 0
313 0 1 0 2
314 2 0 0 0
315 0 0 0 1
316 0 0 0 1
317 0 0 0 0
318 1 0 0 0
319 0 1 1 0
320 1 0 0 1
321 0 1 0 0
322 3 0 0 0
323 0 0 0 2
324 0 0 0 0
325 0 0 0 1
326 0 0 0 0
327 0 2 0 0
328 0 0 0 0
329 0 0 1 0
330 0 0 0 0
331 0 1 1 1
332 0 0 0 0
333 0 0 0 1
334 0 0 0 1
335 0 0 0 1
336 0 0 0 1
337 0 0 0 0
338 0 0 0 0
339 0 0 0 0
340 0 0 0 0
341 0 0 0 0
342 0 0 0 0
343 0 0 0 0
344 0 0 0 0
345 0 0 0 0
346 0 0 0 0
347 0 0 0 0
348 0 0 0 0
349 0 0 0 0
350 0 0 0 0
351 0 0 0 0
352 0 0 0 0
353 1 0 0 0
354 0 0 0 0
355 0 0 0 0
356 0 0 0 0
357 0 0 0 0
358 0 0 1 0
359 0 0 0 0
360 0 0 0 0
361 0 0 0 0
362 0 0 0 0
363 0 0 0 0
364 0 0 0 0
365 0 0 0 1
366 0 0 0 0
367 0 0 0 0
368 0 0 0 0
369 0 0 0 0
370 0 0 0 0
371 0 0 0 0
372 0 0 0 0
373 0 0 0 0
374 0 0 0 0
375 0 0 0 0
376 0 0 0 0
377 0 0 0 0
378 0 0 0 0
379 0 0 0 0
380 0 0 0 0
381 0 0 0 0
382 0 0 0 0
383 0 0 0 0
384 0 0 0 0
385 0 0 0 0
386 0 0 0 0
387 0 0 0 0
388 0 0 0 0
389 0 0 0 0
390 0 0 0 0
391 0 0 0 0
392 0 0 0 0
393 0 0 0 0
394 0 0 0 0
395 0 0 0 0
396 0 0 0 0
397 0 0 0 0
398 0 0 0 0
399 0 0 0 0
400 0 0 0 0
401 0 0 0 0
402 0 0 0 0
403 0 0 0 0
404 0 0 0 0
405 0 0 0 0
406 0 0 0 0
407 0 0 0 0
408 0 0 0 0
409 0 0 0 0
410 0 0 0 0
411 0 0 0 0
412 0 0 0 0
413 0 0 0 0
414 0 0 0 0
415 0 0 0 0
416 0 0 0 0
417 0 0 0 0
418 0 0 0 0
419 0 0 0 0
420 0 0 0 0
421 0 0 0 0
422 0 0 0 0
423 0 0 0 0
424 0 0 0 0
425 0 0 0 0
426 0 0 0 0
427 0 0 0 0
428 0 0 0 0
429 0 0 0 0
430 0 0 0 0
431 0 0 0 0
432 0 0 0 0
433 0 0 0 0
434 0 0 0 0
435 0 0 0 0
436 0 0 0 0
437 0 0 0 0
438 0 0 0 0
439 0 0 0 0
440 0 0 0 0
441 0 0 0 0
442 0 0 0 0
443 0 0 0 0
444 0 0 0 0
445 0 0 0 0
446 0 0 0 0
447 0 0 0 0
448 0 0 0 0
449 0 0 0 0
450 0 0 0 0
451 0 0 0 0
452 0 0 0 0
453 0 0 0 0
454 0 0 0 0
455 0 0 0 0
456 0 0 0 0
457 0 0 0 0
458 0 0 0 0
459 0 0 0 0
460 0 0 0 0
461 0 0 0 0
462 0 0 0 0
463 0 0 0 0
464 0 0 0 0
465 0 0 0 0
466 0 0 0 0
467 0 0 0 0
468 0 0 0 0
469 0 0 0 0
470 0 0 0 0
471 0 0 0 0
472 0 0 0 0
473 0 0 0 0
474 0 0 0 0
475 0 0 0 0
476 0 0 0 0
477 0 0 0 0
478 0 0 0 0
479 0 0 0 0
480 0 0 0 0
481 0 0 0 0
482 0 0 0 0
483 0 0 0 0
484 0 0 0 0
485 0 0 0 0
486 0 0 0 0
487 0 0 0 0
488 0 0 0 0
489 0 0 0 0
490 0 0 0 0
491 0 0 0 0
492 0 0 0 0
493 0 0 0 0
494 0 0 0 0
495 0 0 0 0
496 0 0 0 0
497 0 0 0 0
498 0 0 0 0
499 0 0 0 0
500 0 0 0 0
501 0 0 0 0
502 0 0 0 0
503 0 0 0 0
504 0 0 0 0
505 0 0 0 0
506 0 0 0 0
507 0 0 0 0
508 0 0 0 0
509 0 0 0 0
510 0 0 0 0
511 0 0 0 0
512 0 0 0 0
513 0 0 0 0
514 0 0 0 0
515 0 0 0 0
516 0 0 0 0
517 0 0 0 0
518 0 0 0 0
519 0 0 0 0
520 0 0 0 0
521 0 0 0 0
522 0 0 0 0
523 0 0 0 0
524 0 0 0 0
525 0 0 0 0
526 0 0 0 0
527 0 0 0 0
528 0 0 0 0
529 0 0 0 0
530 0 0 0 0
531 0 0 0 0
532 0 0 0 0
533 0 0 0 0
534 0 0 0 0
535 0 0 0 0
536 0 0 0 0
537 0 0 0 0
538 0 0 0 0
539 0 0 0 0
540 0 0 0 0
541 0 0 0 0
542 0 0 0 0
543 0 0 0 0
544 0 0 0 0
545 0 0 0 0
546 0 0 0 0
547 0 0 0 0
548 0 0 0 0
549 0 0 0 0
550 0 0 0 0
551 0 0 0 0
552 0 0 0 0
553 0 0 0 0
554 0 0 0 0
555 0 0 0 0
556 0 0 0 0
557 0 0 0 0
558 0 0 0 0
559 0 0 0 0
560 0 0 0 0
561 0 0 0 0
562 0 0 0 0
563 0 0 0 0
564 0 0 0 0
565 0 0 0 0
566 0 0 0 0
567 0 0 0 0
568 0 0 0 0
569 0 0 0 0
570 0 0 0 0
571 0 0 0 0
572 0 0 0 0
573 0 0 0 0
574 0 0 0 0
575 0 0 0 0
576 0 0 0 0
577 0 0 0 0
578 0 0 0 0
579 0 0 0 0
580 0 0 0 0
581 0 0 0 0
582 0 0 0 0
583 0 0 0 0
584 0 0 0 0
585 0 0 0 0
586 0 0 0 0
587 0 0 0 0
588 0 0 0 0
589 0 0 0 0
590 0 0 0 0
591 0 0 0 0
592 0 0 0 0
593 0 0 0 0
594 0 0 0 0
595 0 0 0 0
596 0 0 0 0
597 0 0 0 0
598 0 0 0 0
599 0 0 0 0
600 0 0 0 0
601 0 0 0 0
602 0 0 0 0
603 0 0 0 0
604 0 0 0 0
605 0 0 0 0
606 0 0 0 0
607 0 0 0 0
608 0 0 0 0
609 0 0 0 0
610 0 0 0 0
611 0 0 0 0
612 0 0 0 0
613 0 0 0 0
614 0 0 0 0
615 0 0 0 0
616 0 0 0 0
617 0 0 0 0
618 0 0 0 0
619 0 0 0 0
620 0 0 0 0
621 0 0 0 0
622 0 0 0 0
623 0 0 0 0
624 0 0 0 0
625 0 0 0 0
626 0 0 0 0
627 0 0 0 0
628 0 0 0 0
629 0 0 0 0
630 0 0 0 0
631 0 0 0 0
632 0 0 0 0
633 0 0 0 0
634 0 0 0 0
635 0 0 0 0
636 0 0 0 0
637 0 0 0 0
638 0 0 0 0
639 0 0 0 0
640 0 0 0 0
641 0 0 0 0
642 0 0 0 0
643 0 0 0 0
644 0 0 0 0
645 0 0 0 0
646 0 0 0 0
647 0 0 0 0
648 0 0 0 0
649 0 0 0 0
650 0 0 0 0
651 0 0 0 0
652 0 0 0 0
653 0 0 0 0
654 0 0 0 0
655 0 0 0 0
656 0 0 0 0
657 0 0 0 0
658 0 0 0 0
659 0 0 0 0
660 0 0 0 0
661 0 0 0 0
662 0 0 0 0
663 0 0 0 0
664 0 0 0 0
665 0 0 0 0
666 0 0 0 0
667 0 0 0 0
668 0 0 0 0
669 0 0 0 0
670 0 0 0 0
671 0 0 0 0
672 0 0 0 0
673 0 0 0 0
674 0 0 0 0
675 0 0 0 0
676 0 0 0 0
677 0 0 0 0
678 0 0 0 0
679 0 0 0 0
680 0 0 0 0
681 0 0 0 0
682 0 0 0 0
683 0 0 0 0
684 0 0 0 0
685 0 0 0 0
686 0 0 0 0
687 0 0 0 0
688 0 0 0 0
689 0 0 0 0
690 0 0 0 0
691 0 0 0 0
692 0 0 0 0
693 0 0 0 0
694 0 0 0 0
695 0 0 0 0
696 0 0 0 0
697 0 0 0 0
698 0 0 0 0
699 0 0 0 0
700 0 0 0 0
701 0 0 0 0
702 0 0 0 0
703 0 0 0 0
704 0 0 0 0
705 0 0 0 0
706 0 0 0 0
707 0 0 0 0
708 0 0 0 0
709 0 0 0 0
710 0 0 0 0
711 0 0 0 0
712 0 0 0 0
713 0 0 0 0
714 0 0 0 0
715 0 0 0 0
716 0 0 0 0
717 0 0 0 0
718 0 0 0 0
719 0 0 0 0
720 0 0 0 0
721 0 0 0 0
722 0 0 0 0
723 0 0 0 0
724 0 0 0 0
725 0 0 0 0
726 0 0 0 0
727 0 0 0 0
