0 0 0 0 0
1 0 0 0 0
2 0 0 0 0
3 0 0 0 0
4 0 0 0 0
5 0 2 1 0
6 0 0 0 0
7 0 0 0 0
8 0 0 0 0
9 0 2 0 2
10 0 0 0 0
11 0 0 0 0
12 0 0 0 1
13 0 0 0 0
14 0 0 0 1
15 0 0 0 0
16 0 0 0 1
17 0 0 0 0
18 1 0 0 0
19 0 0 0 0
20 2 0 0 0
21 1 0 0 0
22 1 0 0 0
23 1 1 0 0
24 1 0 0 0
25 1 0 1 0
26 0 0 0 0
27 0 1 0 1
28 0 1 0 0
29 0 1 0 0
30 0 1 0 0
31 1 0 0 1
32 0 0 0 2
33 0 1 0 1
34 0 1 0 1
35 1 0 0 0
36 0 0 0 0
37 2 0 0 0
38 1 0 0 0
39 1 0 0 1
40 1 2 0 0
41 2 0 0 1
42 3 0 0 0
43 1 1 0 0
44 0 0 0 1
45 3 1 0 0
46 0 3 1 0
47 0 1 1 1
48 1 1 1 0
49 0 0 0 1
50 1 1 2 3
51 0 0 1 2
52 0 0 0 0
53 1 0 0 2
54 1 0 0 1
55 1 0 0 3
56 0 0 0 0
57 0 0 1 2
58 1 0 0 0
59 0 1 1 0
60 0 0 0 0
61 0 0 0 1
62 0 0 1 0
63 1 0 0 1
64 0 0 1 0
65 1 0 0 0
66 1 0 0 1
67 2 1 0 0
68 2 0 0 1
69 2 0 0 1
70 2 0 0 0
71 3 1 0 0
72 2 1 1 0
73 4 0 0 0
74 1 1 0 1
75 1 2 0 1
76 3 2 1 0
77 0 2 0 0
78 0 3 1 1
79 0 1 0 3
80 0 2 1 0
81 0 4 1 1
82 0 1 0 4
83 1 0 0 3
84 0 0 0 2
85 1 0 0 4
86 0 0 0 1
87 1 0 0 2
88 0 1 0 2
89 1 0 0 1
90 1 0 0 0
91 1 0 0 0
92 2 1 0 0
93 4 0 0 0
94 1 1 0 1
95 2 0 1 0
96 0 0 0 1
97 2 2 0 0
98 1 1 1 1
99 1 2 0 1
100 2 0 2 0
101 2 0 0 2
102 0 1 2 1
103 2 0 0 2
104 1 2 0 2
105 1 1 0 1
106 1 1 1 2
107 2 1 0 0
108 1 2 0 1
109 0 2 0 2
110 0 1 0 1
111 0 0 0 2
112 3 0 0 2
113 2 0 1 3
114 1 1 0 0
115 1 1 0 0
116 3 1 1 0
117 2 2 1 1
118 4 0 0 1
119 2 0 0 0
120 2 1 0 2
121 2 0 1 3
122 2 1 2 1
123 0 3 0 1
124 1 1 1 0
125 2 1 1 0
126 1 1 1 2
127 1 1 1 3
128 0 0 1 4
129 1 3 0 3
130 0 0 1 1
131 2 0 2 1
132 2 0 0 0
133 1 0 0 2
134 2 1 1 3
135 3 0 0 2
136 4 1 1 1
137 1 2 0 0
138 2 2 0 3
139 5 0 2 0
140 1 0 1 0
141 5 3 1 1
142 2 1 0 1
143 2 1 0 2
144 4 3 2 2
145 1 2 0 4
146 1 0 3 2
147 0 0 2 1
148 2 1 1 3
149 0 4 0 0
150 1 2 0 1
151 5 0 0 4
152 6 1 1 3
153 6 1 0 4
154 5 1 0 3
155 6 0 2 1
156 6 2 0 4
157 3 1 3 1
158 1 2 2 0
159 7 1 2 2
160 4 0 3 1
161 3 7 4 4
162 3 2 1 5
163 2 4 0 4
164 3 3 4 2
165 4 2 1 8
166 7 1 2 1
167 5 2 2 5
168 3 3 1 8
169 5 2 0 3
170 4 0 1 4
171 5 1 3 4
172 4 1 2 5
173 5 1 2 2
174 3 2 4 3
175 3 2 4 2
176 5 4 2 3
177 2 2 1 2
178 8 6 1 3
179 7 0 2 5
180 6 5 1 6
181 9 3 2 3
182 8 1 1 6
183 7 5 1 4
184 4 3 1 6
185 3 3 2 7
186 2 1 1 3
187 7 8 2 7
188 6 5 2 5
189 6 2 4 3
190 4 7 4 2
191 10 4 1 10
192 8 5 1 7
193 5 2 1 4
194 10 2 1 8
195 7 1 0 3
196 7 7 3 6
197 3 7 3 6
198 7 2 3 5
199 3 5 4 4
200 9 2 4 8
201 7 6 2 7
202 6 2 2 4
203 10 9 0 6
204 3 2 4 9
205 6 6 3 5
206 3 6 2 8
207 3 4 1 7
208 2 1 5 7
209 4 3 1 6
210 3 2 2 10
211 2 4 1 8
212 1 3 3 6
213 4 0 1 3
214 3 2 4 2
215 5 1 2 8
216 5 1 2 6
217 3 2 0 3
218 5 1 2 5
219 2 1 2 5
220 5 4 1 3
221 5 0 2 2
222 3 2 2 3
223 2 2 1 3
224 3 5 0 7
225 4 3 1 2
226 1 0 3 4
227 0 3 2 1
228 2 0 2 2
229 1 1 1 5
230 2 3 3 3
231 1 1 1 5
232 1 0 0 4
233 1 5 0 2
234 1 1 0 3
235 1 1 1 1
236 0 0 0 1
237 3 1 0 8
238 0 0 1 1
239 4 0 1 1
240 2 2 0 3
241 1 0 0 2
242 3 1 0 1
243 1 1 0 1
244 0 1 0 1
245 2 1 0 1
246 3 1 2 1
247 3 0 2 1
248 1 4 0 0
249 2 0 1 0
250 1 3 0 2
251 2 1 3 1
252 0 2 0 4
253 1 0 0 3
254 2 0 0 3
255 1 1 0 3
256 2 2 1 0
257 2 0 1 2
258 0 2 0 2
259 1 1 0 3
260 2 0 0 1
261 1 1 0 1
262 3 1 1 2
263 2 1 0 2
264 3 1 0 0
265 0 2 1 0
266 1 1 0 2
267 1 0 1 1
268 1 2 0 1
269 1 1 3 2
270 1 0 1 3
271 1 1 1 2
272 1 1 0 2
273 0 0 0 1
274 0 1 0 1
275 1 2 0 2
276 1 1 0 3
277 2 1 1 0
278 2 0 0 0
279 0 0 0 2
280 1 0 0 1
281 0 1 0 1
282 0 1 1 1
283 0 1 1 0
284 0 0 1 2
285 1 0 0 1
286 1 0 0 2
287 0 0 0 2
288 0 0 0 0
289 0 0 1 0
290 1 0 1 0
291 0 0 1 1
292 0 0 0 0
293 0 0 0 1
294 0 0 0 1
295 0 1 0 0
296 2 0 0 0
297 0 0 0 0
298 2 0 0 1
299 0 0 0 1
300 0 0 0 0
301 0 1 1 0
302 0 0 0 0
303 0 0 0 0
304 1 1 0 0
305 0 0 0 2
306 0 0 0 0
307 0 1 0 0
308 0 0 0 1
309 1 0 0 0
310 1 0 0 0
311 1 0 0 1
312 0 0 0 0
313 0 1 0 0
314 1 0 0 0
315 0 1 0 0
316 0 0 1 0
317 0 0 0 0
318 0 1 0 0
319 1 1 0 0
320 1 0 0 1
321 0 0 0 0
322 0 0 0 1
323 0 0 0 1
324 0 0 1 0
325 0 0 0 1
326 0 0 0 1
327 0 0 0 0
328 0 0 0 1
329 0 1 0 0
330 0 0 0 0
331 0 0 0 0
332 0 0 0 0
333 0 0 0 0
334 0 0 0 0
335 0 0 0 0
336 0 0 0 1
337 0 0 0 0
338 1 0 0 0
339 1 0 0 0
340 1 0 0 0
341 0 0 0 0
342 0 0 0 0
343 0 0 0 0
344 0 0 0 0
345 0 1 0 0
346 0 0 0 0
347 0 1 0 0
348 0 0 1 0
349 0 0 0 1
350 0 0 0 0
351 0 0 0 1
352 0 0 0 0
353 0 0 0 0
354 0 0 0 0
355 0 0 0 1
356 0 0 0 0
357 0 0 0 0
358 0 0 0 0
359 0 0 0 0
360 0 0 0 0
361 0 0 0 0
362 0 0 0 0
363 1 0 0 0
364 0 0 0 0
365 0 0 0 0
366 1 0 0 0
367 1 0 0 0
368 2 0 0 0
369 1 0 0 0
370 1 0 0 0
371 0 0 0 0
372 0 1 1 0
373 0 1 0 0
374 0 1 0 0
375 0 0 1 0
376 0 0 0 2
377 0 0 1 1
378 1 0 0 0
379 0 1 0 0
380 0 0 0 0
381 0 0 0 2
382 0 0 0 1
383 1 1 0 0
384 1 0 0 0
385 0 0 0 0
386 1 0 0 1
387 1 0 0 1
388 0 0 1 0
389 0 0 1 0
390 1 0 0 0
391 1 0 1 0
392 1 0 1 0
393 1 0 0 0
394 0 0 0 1
395 2 0 0 1
396 2 0 0 1
397 1 1 0 0
398 1 0 0 0
399 0 1 0 1
400 1 1 2 0
401 1 1 0 1
402 0 1 1 0
403 3 0 0 1
404 2 0 0 1
405 1 1 0 1
406 1 1 0 0
407 0 1 0 2
408 1 2 1 0
409 2 2 0 3
410 0 1 0 0
411 1 0 0 0
412 2 0 0 2
413 1 2 0 2
414 2 0 1 2
415 1 1 0 1
416 0 1 0 1
417 0 1 0 1
418 3 0 1 1
419 2 1 0 0
420 2 0 0 3
421 1 0 1 1
422 1 1 0 0
423 1 1 0 1
424 0 2 1 0
425 1 0 0 1
426 2 0 0 1
427 3 1 2 1
428 2 0 1 2
429 2 1 1 0
430 1 0 1 0
431 1 2 1 3
432 2 1 1 2
433 3 0 1 1
434 1 0 2 1
435 1 0 0 2
436 0 2 0 2
437 1 0 2 2
438 0 3 0 3
439 0 0 1 1
440 1 0 1 0
441 0 1 0 2
442 1 2 0 2
443 0 1 0 4
444 2 0 0 0
445 4 1 0 1
446 1 0 0 1
447 3 1 0 1
448 0 0 0 0
449 2 0 1 2
450 0 1 3 1
451 4 1 0 0
452 2 1 1 0
453 3 1 0 0
454 0 1 0 4
455 1 0 0 1
456 1 0 2 2
457 2 0 0 1
458 0 2 0 1
459 0 0 0 1
460 1 2 1 3
461 1 1 1 0
462 1 1 4 0
463 2 0 0 0
464 3 1 0 2
465 2 0 0 3
466 3 0 0 2
467 4 0 1 2
468 3 1 0 2
469 2 0 3 1
470 2 0 0 0
471 3 1 0 2
472 0 3 3 0
473 3 2 0 2
474 3 1 1 0
475 2 3 1 1
476 3 2 0 5
477 4 1 1 1
478 3 2 1 1
479 1 2 0 5
480 2 2 0 1
481 3 1 0 3
482 3 4 1 2
483 3 3 0 4
484 2 2 1 2
485 1 2 2 3
486 2 0 1 3
487 1 1 2 3
488 3 0 1 2
489 3 1 0 3
490 2 1 2 1
491 3 2 0 2
492 2 2 1 2
493 2 1 2 2
494 9 1 1 5
495 3 1 2 1
496 7 0 0 1
497 3 1 2 3
498 3 0 2 4
499 9 3 1 2
500 6 4 0 0
501 5 3 2 2
502 4 2 1 4
503 8 3 3 2
504 4 5 2 5
505 8 5 0 5
506 7 2 3 3
507 3 3 0 6
508 6 2 4 4
509 5 4 2 4
510 4 4 0 4
511 2 4 2 8
512 5 4 3 8
513 7 3 3 3
514 9 4 2 3
515 7 2 4 4
516 5 1 1 8
517 8 2 2 5
518 7 6 2 7
519 4 4 3 5
520 6 2 4 3
521 12 3 2 3
522 5 3 2 9
523 4 6 4 4
524 7 3 1 8
525 9 3 2 5
526 9 7 3 6
527 6 3 4 8
528 8 2 3 4
529 4 6 1 6
530 6 8 3 10
531 9 4 3 6
532 6 3 1 4
533 9 7 2 9
534 5 7 0 11
535 13 4 2 7
536 14 4 3 5
537 7 3 1 8
538 8 3 1 6
539 15 3 3 2
540 14 6 7 8
541 6 9 5 6
542 8 8 1 7
543 7 3 1 9
544 9 10 3 11
545 9 10 3 11
546 12 3 5 5
547 10 4 6 4
548 9 9 3 10
549 7 8 4 14
550 10 1 4 8
551 10 5 5 10
552 13 5 4 11
553 16 4 3 9
554 8 6 3 9
555 12 6 7 12
556 10 4 6 11
557 9 8 5 4
558 9 5 4 9
559 13 7 3 12
560 10 3 5 7
561 8 3 4 12
562 15 9 6 10
563 14 6 4 15
564 7 12 2 10
565 8 7 3 6
566 14 2 4 11
567 13 8 6 7
568 5 11 5 11
569 10 10 1 15
570 5 5 1 11
571 7 10 3 16
572 5 6 3 13
573 6 5 1 9
574 6 5 3 7
575 9 4 5 15
576 5 5 5 11
577 9 6 1 7
578 8 6 5 10
579 1 3 2 9
580 1 5 5 7
581 5 5 1 8
582 7 6 4 11
583 4 5 1 7
584 3 2 1 7
585 5 0 0 7
586 5 2 2 7
587 2 5 3 8
588 5 3 0 2
589 4 2 0 6
590 5 2 2 5
591 5 4 4 5
592 7 1 1 3
593 4 4 1 2
594 2 5 2 8
595 2 3 2 5
596 1 3 3 3
597 2 4 2 2
598 3 2 0 6
599 0 1 1 1
600 3 1 3 7
601 0 1 2 9
602 3 2 1 7
603 1 2 2 5
604 4 1 0 4
605 6 1 1 2
606 2 0 1 2
607 0 0 1 4
608 0 0 0 1
609 4 2 2 3
610 3 0 1 3
611 2 4 0 0
612 1 0 1 0
613 0 1 0 2
614 1 5 3 1
615 0 1 1 1
616 0 1 1 2
617 1 0 0 3
618 0 0 0 8
619 1 2 1 3
620 0 0 0 0
621 0 1 0 2
622 1 0 1 0
623 2 0 0 5
624 1 0 0 0
625 1 0 0 0
626 1 0 0 1
627 1 0 0 0
628 2 1 0 1
629 1 1 0 0
630 1 1 0 0
631 1 0 1 0
632 0 1 1 1
633 0 1 0 0
634 1 0 1 1
635 0 0 1 1
636 0 0 1 2
637 1 0 1 0
638 0 0 0 0
639 0 2 0 2
640 0 0 1 3
641 0 0 0 0
642 0 1 0 0
643 0 0 0 2
644 0 0 0 1
645 0 0 0 0
646 0 0 0 0
647 0 0 0 1
648 1 0 0 0
649 0 0 0 1
650 0 0 0 0
651 1 0 0 0
652 1 0 0 0
653 1 0 0 0
654 0 0 0 0
655 0 0 0 0
656 0 0 1 0
657 0 1 1 0
658 0 1 0 0
659 0 0 0 0
660 0 0 0 1
661 0 0 0 0
662 0 0 0 0
663 0 0 0 0
664 0 0 0 2
665 0 0 0 1
666 0 0 0 0
667 0 0 0 0
668 0 0 0 0
669 0 0 0 0
670 0 0 0 0
671 0 0 0 0
672 0 0 0 0
673 0 0 0 0
674 0 0 0 0
675 1 0 0 0
676 1 0 0 0
677 1 0 0 0
678 1 0 0 0
679 0 0 0 0
680 1 0 0 0
681 0 1 0 0
682 0 1 0 0
683 0 0 0 0
684 0 0 1 0
685 0 0 1 1
686 0 0 0 0
687 0 1 0 0
688 0 0 0 0
689 0 0 0 2
690 0 0 0 0
691 0 0 0 2
692 0 0 0 0
693 0 0 0 0
694 0 0 0 0
695 0 0 0 0
696 0 0 0 0
697 0 0 0 0
698 0 0 0 0
699 1 0 0 0
700 0 0 0 0
701 0 0 0 0
702 0 0 0 0
703 0 0 0 0
704 0 0 1 0
705 0 0 0 0
706 0 0 0 0
707 0 0 0 0
708 0 0 0 0
709 0 0 0 0
710 0 0 0 0
711 0 0 0 1
712 0 0 0 0
713 0 0 0 0
714 0 0 0 0
715 0 0 0 0
716 0 0 0 0
717 0 0 0 0
718 0 0 0 0
719 0 0 0 0
720 0 0 0 0
721 0 0 0 0
722 0 0 0 0
723 0 0 0 0
724 0 0 0 0
725 0 0 0 0
726 0 0 0 0
727 0 0 0 0
