0 0 0 0 0
1 0 0 0 0
2 0 0 0 0
3 0 0 0 0
4 0 0 0 0
5 0 5 0 0
6 0 0 0 0
7 0 0 0 0
8 0 0 0 0
9 0 0 0 2
10 0 0 0 0
11 0 0 0 0
12 0 0 0 3
13 0 0 0 0
14 0 0 0 0
15 1 0 0 0
16 1 0 0 0
17 0 0 0 0
18 1 0 0 0
19 0 0 0 0
20 0 0 0 0
21 0 1 0 0
22 0 0 0 0
23 0 1 0 0
24 1 1 0 0
25 0 0 0 0
26 2 0 0 1
27 1 0 0 0
28 2 0 0 0
29 1 1 0 0
30 1 0 0 1
31 1 1 1 1
32 1 0 0 0
33 0 1 0 1
34 0 1 0 0
35 0 0 0 1
36 0 1 0 0
37 0 2 0 0
38 0 1 0 2
39 0 0 1 0
40 0 0 0 1
41 0 0 0 1
42 1 0 0 0
43 0 0 0 1
44 0 0 0 1
45 0 0 0 1
46 2 0 0 1
47 1 0 0 0
48 2 0 0 0
49 1 0 0 0
50 4 0 0 0
51 0 2 1 0
52 3 0 0 0
53 1 0 2 0
54 2 1 0 0
55 2 1 1 2
56 2 1 0 0
57 1 1 0 1
58 0 1 0 2
59 4 2 2 2
60 2 1 1 1
61 0 2 1 1
62 0 1 0 0
63 1 0 0 5
64 1 0 2 1
65 1 2 0 2
66 1 0 0 1
67 0 0 0 1
68 0 3 0 3
69 2 1 0 1
70 1 0 1 1
71 1 1 0 0
72 5 0 0 2
73 0 0 1 0
74 1 1 0 1
75 6 1 0 3
76 2 0 1 1
77 1 0 1 0
78 2 0 1 0
79 0 1 0 0
80 2 1 2 1
81 4 4 1 1
82 4 0 0 2
83 4 0 1 2
84 3 1 2 3
85 2 1 0 0
86 1 3 0 0
87 2 1 2 3
88 2 1 3 7
89 0 2 2 1
90 4 3 1 1
91 3 1 0 2
92 4 0 1 1
93 4 2 1 3
94 7 0 1 4
95 1 2 0 4
96 6 2 0 4
97 1 2 1 1
98 4 0 2 0
99 4 7 0 1
100 6 2 0 5
101 6 2 4 2
102 7 1 0 1
103 6 3 3 5
104 8 3 0 2
105 3 3 2 6
106 8 3 3 4
107 5 3 0 6
108 6 4 2 2
109 5 3 5 5
110 8 3 2 5
111 7 7 2 2
112 6 3 3 3
113 5 5 0 8
114 5 2 1 8
115 10 5 3 8
116 6 1 1 7
117 6 2 4 4
118 5 1 3 8
119 9 3 3 6
120 6 9 5 2
121 6 6 2 2
122 8 4 1 5
123 6 3 1 5
124 7 3 6 10
125 6 1 4 6
126 7 5 2 5
127 10 6 0 9
128 5 4 3 10
129 8 4 2 7
130 11 2 4 6
131 10 4 2 5
132 11 5 4 7
133 14 4 4 4
134 7 6 0 5
135 9 6 5 6
136 12 4 3 7
137 15 4 4 8
138 8 10 1 5
139 16 4 3 8
140 17 3 8 5
141 18 10 5 8
142 12 8 9 16
143 12 4 4 8
144 21 5 6 11
145 15 8 7 12
146 12 9 10 11
147 14 4 4 10
148 15 14 3 11
149 16 6 11 16
150 17 7 8 17
151 16 9 5 12
152 16 9 2 20
153 11 12 6 13
154 9 9 6 10
155 15 8 5 13
156 9 9 8 16
157 19 8 6 17
158 14 7 8 14
159 11 7 4 14
160 11 11 3 17
161 17 10 2 17
162 22 7 3 9
163 19 9 5 11
164 13 6 7 17
165 22 8 5 16
166 19 11 8 12
167 16 10 6 9
168 24 8 7 14
169 20 10 3 15
170 26 11 13 17
171 26 12 4 14
172 24 11 10 10
173 28 12 9 16
174 19 13 6 23
175 24 17 12 16
176 20 9 9 23
177 26 11 6 19
178 25 12 12 20
179 26 13 9 22
180 24 17 14 22
181 19 16 9 12
182 19 14 9 24
183 24 14 10 23
184 27 13 12 24
185 18 17 6 26
186 28 14 13 23
187 27 17 5 25
188 25 15 6 25
189 31 12 7 21
190 33 15 5 32
191 32 13 10 21
192 33 16 8 21
193 37 19 12 17
194 35 5 13 23
195 30 16 11 27
196 37 16 12 25
197 34 19 12 28
198 35 19 16 18
199 33 27 14 26
200 29 19 15 35
201 31 20 11 22
202 27 20 18 29
203 22 21 10 28
204 20 20 9 35
205 24 17 18 37
206 17 17 14 41
207 17 22 17 35
208 26 25 8 21
209 15 18 9 29
210 21 16 11 32
211 21 5 8 43
212 21 8 6 35
213 21 9 15 31
214 14 10 9 31
215 16 17 6 23
216 12 19 4 18
217 20 17 4 26
218 18 11 5 16
219 13 8 6 14
220 9 12 5 17
221 13 7 12 22
222 15 13 7 25
223 8 10 4 23
224 6 7 4 19
225 12 7 2 16
226 9 13 2 16
227 12 14 7 14
228 7 7 5 16
229 9 4 6 13
230 13 7 3 12
231 8 5 5 14
232 12 7 7 12
233 14 3 3 13
234 12 5 7 16
235 7 7 6 10
236 9 6 3 14
237 8 5 4 9
238 10 7 3 9
239 10 13 3 12
240 9 3 3 11
241 6 5 4 11
242 7 9 2 15
243 6 4 3 7
244 5 2 6 8
245 6 7 4 7
246 4 6 2 17
247 8 5 3 4
248 4 5 4 11
249 3 4 2 7
250 6 1 2 7
251 3 4 3 6
252 6 3 2 14
253 2 3 2 9
254 2 2 3 8
255 1 2 3 4
256 1 3 4 5
257 5 3 0 4
258 5 1 2 7
259 3 3 0 6
260 2 1 2 3
261 3 3 1 6
262 3 4 0 2
263 2 1 3 6
264 2 2 0 4
265 3 3 0 2
266 0 2 2 5
267 1 1 3 3
268 2 0 2 6
269 2 1 0 4
270 2 2 1 2
271 2 1 0 2
272 3 1 0 1
273 1 1 0 2
274 2 0 4 3
275 2 0 0 3
276 2 1 2 2
277 2 2 2 2
278 1 0 0 0
279 0 1 0 0
280 3 2 0 2
281 0 0 0 6
282 1 2 1 0
283 0 2 1 2
284 1 1 0 3
285 2 1 1 0
286 0 0 0 3
287 2 1 0 3
288 0 0 0 1
289 0 3 1 3
290 1 0 1 1
291 1 0 0 0
292 0 0 1 0
293 1 0 0 1
294 0 1 0 1
295 0 0 1 0
296 0 1 1 3
297 0 0 0 1
298 0 0 0 1
299 0 0 0 2
300 0 0 0 1
301 0 0 0 1
302 0 0 1 0
303 0 0 0 0
304 0 0 0 0
305 1 0 0 0
306 0 0 0 1
307 0 0 0 0
308 0 0 0 0
309 2 0 0 0
310 0 0 0 0
311 0 0 0 0
312 0 0 0 0
313 0 0 0 0
314 0 1 0 0
315 0 0 0 0
316 0 0 0 0
317 0 0 0 0
318 0 0 2 1
319 0 0 0 0
320 0 0 0 0
321 0 0 0 0
322 0 0 0 1
323 0 0 0 0
324 0 0 0 0
325 0 0 0 1
326 0 0 0 0
327 0 0 0 0
328 0 0 0 0
329 0 0 0 0
330 0 0 0 0
331 0 0 0 0
332 0 0 0 0
333 0 0 0 0
334 0 0 0 0
335 0 0 0 0
336 0 0 0 0
337 0 0 0 0
338 0 0 0 0
339 1 0 0 0
340 0 0 0 0
341 0 0 0 0
342 0 0 0 0
343 0 0 0 0
344 0 0 1 0
345 0 0 0 0
346 0 0 0 0
347 0 0 0 0
348 0 0 0 0
349 0 0 0 0
350 0 0 0 0
351 0 0 0 1
352 0 0 0 0
353 0 0 0 0
354 0 0 0 0
355 0 0 0 0
356 0 0 0 0
357 0 0 0 0
358 0 0 0 0
359 0 0 0 0
360 0 0 0 0
361 0 0 0 0
362 0 0 0 0
363 0 0 0 0
364 0 0 0 0
365 0 0 0 0
366 0 0 0 0
367 0 0 0 0
368 0 0 0 0
369 0 0 0 0
370 0 0 0 0
371 0 0 0 0
372 0 0 0 0
373 0 0 0 0
374 0 0 0 0
375 0 0 0 0
376 0 0 0 0
377 0 0 0 0
378 0 0 0 0
379 0 0 0 0
380 0 0 0 0
381 0 0 0 0
382 0 0 0 0
383 0 0 0 0
384 0 0 0 0
385 0 0 0 0
386 0 0 0 0
387 0 0 0 0
388 0 0 0 0
389 0 0 0 0
390 0 0 0 0
391 0 0 0 0
392 0 0 0 0
393 0 0 0 0
394 0 0 0 0
395 0 0 0 0
396 0 0 0 0
397 0 0 0 0
398 0 0 0 0
399 0 0 0 0
400 0 0 0 0
401 0 0 0 0
402 0 0 0 0
403 0 0 0 0
404 0 0 0 0
405 0 0 0 0
406 0 0 0 0
407 0 0 0 0
408 0 0 0 0
409 0 0 0 0
410 0 0 0 0
411 0 0 0 0
412 0 0 0 0
413 0 0 0 0
414 0 0 0 0
415 0 0 0 0
416 0 0 0 0
417 0 0 0 0
418 0 0 0 0
419 0 0 0 0
420 0 0 0 0
421 0 0 0 0
422 0 0 0 0
423 0 0 0 0
424 0 0 0 0
425 0 0 0 0
426 0 0 0 0
427 0 0 0 0
428 0 0 0 0
429 0 0 0 0
430 0 0 0 0
431 0 0 0 0
432 0 0 0 0
433 0 0 0 0
434 0 0 0 0
435 0 0 0 0
436 0 0 0 0
437 0 0 0 0
438 0 0 0 0
439 0 0 0 0
440 0 0 0 0
441 0 0 0 0
442 0 0 0 0
443 0 0 0 0
444 0 0 0 0
445 0 0 0 0
446 0 0 0 0
447 0 0 0 0
448 0 0 0 0
449 0 0 0 0
450 0 0 0 0
451 0 0 0 0
452 0 0 0 0
453 0 0 0 0
454 0 0 0 0
455 0 0 0 0
456 0 0 0 0
457 0 0 0 0
458 0 0 0 0
459 0 0 0 0
460 0 0 0 0
461 0 0 0 0
462 0 0 0 0
463 0 0 0 0
464 0 0 0 0
465 0 0 0 0
466 0 0 0 0
467 0 0 0 0
468 0 0 0 0
469 0 0 0 0
470 0 0 0 0
471 0 0 0 0
472 0 0 0 0
473 0 0 0 0
474 0 0 0 0
475 0 0 0 0
476 0 0 0 0
477 0 0 0 0
478 0 0 0 0
479 0 0 0 0
480 0 0 0 0
481 0 0 0 0
482 0 0 0 0
483 0 0 0 0
484 0 0 0 0
485 0 0 0 0
486 0 0 0 0
487 0 0 0 0
488 0 0 0 0
489 0 0 0 0
490 0 0 0 0
491 0 0 0 0
492 0 0 0 0
493 0 0 0 0
494 0 0 0 0
495 0 0 0 0
496 0 0 0 0
497 0 0 0 0
498 0 0 0 0
499 0 0 0 0
500 0 0 0 0
501 0 0 0 0
502 0 0 0 0
503 0 0 0 0
504 0 0 0 0
505 0 0 0 0
506 0 0 0 0
507 0 0 0 0
508 0 0 0 0
509 0 0 0 0
510 0 0 0 0
511 0 0 0 0
512 0 0 0 0
513 0 0 0 0
514 0 0 0 0
515 0 0 0 0
516 0 0 0 0
517 0 0 0 0
518 0 0 0 0
519 0 0 0 0
520 0 0 0 0
521 0 0 0 0
522 0 0 0 0
523 0 0 0 0
524 0 0 0 0
525 0 0 0 0
526 0 0 0 0
527 0 0 0 0
528 0 0 0 0
529 0 0 0 0
530 0 0 0 0
531 0 0 0 0
532 0 0 0 0
533 0 0 0 0
534 0 0 0 0
535 0 0 0 0
536 0 0 0 0
537 0 0 0 0
538 0 0 0 0
539 0 0 0 0
540 0 0 0 0
541 0 0 0 0
542 0 0 0 0
543 0 0 0 0
544 0 0 0 0
545 0 0 0 0
546 0 0 0 0
547 0 0 0 0
548 0 0 0 0
549 0 0 0 0
550 0 0 0 0
551 0 0 0 0
552 0 0 0 0
553 0 0 0 0
554 0 0 0 0
555 0 0 0 0
556 0 0 0 0
557 0 0 0 0
558 0 0 0 0
559 0 0 0 0
560 0 0 0 0
561 0 0 0 0
562 0 0 0 0
563 0 0 0 0
564 0 0 0 0
565 0 0 0 0
566 0 0 0 0
567 0 0 0 0
568 0 0 0 0
569 0 0 0 0
570 0 0 0 0
571 0 0 0 0
572 0 0 0 0
573 0 0 0 0
574 0 0 0 0
575 0 0 0 0
576 0 0 0 0
577 0 0 0 0
578 0 0 0 0
579 0 0 0 0
580 0 0 0 0
581 0 0 0 0
582 0 0 0 0
583 0 0 0 0
584 0 0 0 0
585 0 0 0 0
586 0 0 0 0
587 0 0 0 0
588 0 0 0 0
589 0 0 0 0
590 0 0 0 0
591 0 0 0 0
592 0 0 0 0
593 0 0 0 0
594 0 0 0 0
595 0 0 0 0
596 0 0 0 0
597 0 0 0 0
598 0 0 0 0
599 0 0 0 0
600 0 0 0 0
601 0 0 0 0
602 0 0 0 0
603 0 0 0 0
604 0 0 0 0
605 0 0 0 0
606 0 0 0 0
607 0 0 0 0
608 0 0 0 0
609 0 0 0 0
610 0 0 0 0
611 0 0 0 0
612 0 0 0 0
613 0 0 0 0
614 0 0 0 0
615 0 0 0 0
616 0 0 0 0
617 0 0 0 0
618 0 0 0 0
619 0 0 0 0
620 0 0 0 0
621 0 0 0 0
622 0 0 0 0
623 0 0 0 0
624 0 0 0 0
625 0 0 0 0
626 0 0 0 0
627 0 0 0 0
628 0 0 0 0
629 0 0 0 0
630 0 0 0 0
631 0 0 0 0
632 0 0 0 0
633 0 0 0 0
634 0 0 0 0
635 0 0 0 0
636 0 0 0 0
637 0 0 0 0
638 0 0 0 0
639 0 0 0 0
640 0 0 0 0
641 0 0 0 0
642 0 0 0 0
643 0 0 0 0
644 0 0 0 0
645 0 0 0 0
646 0 0 0 0
647 0 0 0 0
648 0 0 0 0
649 0 0 0 0
650 0 0 0 0
651 0 0 0 0
652 0 0 0 0
653 0 0 0 0
654 0 0 0 0
655 0 0 0 0
656 0 0 0 0
657 0 0 0 0
658 0 0 0 0
659 0 0 0 0
660 0 0 0 0
661 0 0 0 0
662 0 0 0 0
663 0 0 0 0
664 0 0 0 0
665 0 0 0 0
666 0 0 0 0
667 0 0 0 0
668 0 0 0 0
669 0 0 0 0
670 0 0 0 0
671 0 0 0 0
672 0 0 0 0
673 0 0 0 0
674 0 0 0 0
675 0 0 0 0
676 0 0 0 0
677 0 0 0 0
678 0 0 0 0
679 0 0 0 0
680 0 0 0 0
681 0 0 0 0
682 0 0 0 0
683 0 0 0 0
684 0 0 0 0
685 0 0 0 0
686 0 0 0 0
687 0 0 0 0
688 0 0 0 0
689 0 0 0 0
690 0 0 0 0
691 0 0 0 0
692 0 0 0 0
693 0 0 0 0
694 0 0 0 0
695 0 0 0 0
696 0 0 0 0
697 0 0 0 0
698 0 0 0 0
699 0 0 0 0
700 0 0 0 0
701 0 0 0 0
702 0 0 0 0
703 0 0 0 0
704 0 0 0 0
705 0 0 0 0
706 0 0 0 0
707 0 0 0 0
708 0 0 0 0
709 0 0 0 0
710 0 0 0 0
711 0 0 0 0
712 0 0 0 0
713 0 0 0 0
714 0 0 0 0
715 0 0 0 0
716 0 0 0 0
717 0 0 0 0
718 0 0 0 0
719 0 0 0 0
720 0 0 0 0
721 0 0 0 0
722 0 0 0 0
723 0 0 0 0
724 0 0 0 0
725 0 0 0 0
726 0 0 0 0
727 0 0 0 0
