0 0 0 0 0
1 0 0 0 0
2 0 0 0 0
3 0 0 0 0
4 0 0 0 0
5 0 2 1 0
6 0 0 1 0
7 0 0 1 0
8 0 0 0 0
9 0 0 0 2
10 0 0 0 1
11 0 0 0 1
12 0 0 0 1
13 0 0 0 0
14 0 0 0 0
15 0 0 0 0
16 0 0 0 0
17 1 0 0 0
18 0 0 0 0
19 1 0 0 0
20 1 0 0 0
21 1 0 0 0
22 0 0 0 0
23 0 0 0 0
24 2 1 0 0
25 1 0 0 0
26 1 1 1 0
27 1 0 0 0
28 0 0 0 1
29 1 2 0 0
30 0 0 1 1
31 1 1 0 1
32 1 1 0 0
33 0 0 1 0
34 0 0 0 1
35 1 0 0 1
36 2 1 0 3
37 0 0 0 1
38 0 0 1 0
39 1 0 0 0
40 0 2 0 1
41 1 1 0 0
42 0 0 0 1
43 0 0 0 0
44 1 0 0 1
45 0 1 0 1
46 1 0 0 0
47 2 0 1 0
48 1 1 0 1
49 1 0 0 1
50 2 0 0 0
51 1 0 0 1
52 1 0 0 0
53 0 0 1 0
54 0 1 0 0
55 0 1 0 1
56 0 1 1 0
57 2 1 0 1
58 0 1 0 0
59 0 2 0 0
60 0 0 0 1
61 1 1 0 1
62 2 1 1 2
63 0 0 0 3
64 0 0 0 1
65 0 0 0 1
66 0 0 0 1
67 1 0 1 0
68 1 0 0 1
69 1 0 0 0
70 1 1 0 0
71 0 0 1 1
72 0 0 1 0
73 2 0 0 0
74 2 0 0 0
75 1 0 0 1
76 0 0 0 1
77 1 1 0 1
78 3 1 0 0
79 4 1 1 0
80 1 0 0 0
81 1 0 0 0
82 0 1 1 0
83 2 1 1 1
84 2 0 1 1
85 2 0 0 1
86 0 2 0 1
87 1 1 2 1
88 0 4 1 1
89 0 0 1 2
90 0 1 0 3
91 2 0 0 2
92 2 0 1 3
93 0 0 1 0
94 2 0 1 2
95 1 0 0 3
96 3 1 1 1
97 2 0 2 1
98 4 0 0 1
99 2 1 0 0
100 3 1 0 2
101 5 0 2 1
102 9 0 0 1
103 3 2 1 0
104 3 1 1 1
105 1 2 1 1
106 1 2 1 1
107 1 6 1 2
108 5 2 2 3
109 4 2 1 2
110 1 3 1 3
111 3 1 3 4
112 1 0 0 3
113 0 2 3 3
114 0 0 1 7
115 2 0 2 4
116 0 2 1 1
117 3 2 0 3
118 0 2 0 3
119 4 1 0 2
120 2 0 2 4
121 6 0 1 1
122 5 0 3 2
123 5 0 0 1
124 7 2 2 2
125 8 1 1 1
126 3 3 2 3
127 8 4 1 1
128 9 1 2 2
129 7 0 2 2
130 6 2 2 4
131 4 2 1 5
132 6 2 4 3
133 4 5 4 3
134 6 6 4 5
135 3 0 1 2
136 5 6 2 5
137 3 4 3 5
138 7 1 0 9
139 4 6 3 3
140 6 2 1 10
141 2 3 1 7
142 3 5 0 0
143 7 7 1 6
144 1 1 1 5
145 10 5 3 4
146 7 3 0 8
147 7 1 0 7
148 7 2 3 2
149 9 2 2 7
150 11 5 2 5
151 7 4 3 1
152 7 5 2 5
153 8 2 0 2
154 10 6 3 5
155 10 6 6 7
156 4 6 2 7
157 9 4 4 4
158 5 8 2 10
159 9 4 5 7
160 9 4 5 7
161 10 3 4 9
162 8 3 5 10
163 3 6 4 7
164 16 4 5 5
165 6 4 3 7
166 10 6 2 12
167 13 1 3 14
168 10 2 2 9
169 18 4 9 6
170 16 7 4 8
171 7 5 3 6
172 14 7 6 6
173 11 6 5 9
174 15 7 5 8
175 15 9 9 7
176 11 3 5 12
177 17 8 3 14
178 12 7 9 7
179 18 12 4 15
180 15 5 8 4
181 9 8 4 13
182 19 10 2 21
183 18 8 2 11
184 19 12 4 10
185 9 8 4 16
186 15 5 8 14
187 12 8 7 14
188 16 10 8 11
189 20 11 6 15
190 20 3 3 9
191 24 12 5 15
192 15 8 4 15
193 15 8 7 21
194 20 13 4 10
195 19 8 13 15
196 12 13 10 16
197 16 4 11 7
198 22 12 8 15
199 16 9 11 19
200 21 11 7 16
201 16 7 5 16
202 17 10 6 24
203 15 12 7 19
204 14 11 8 17
205 16 13 7 10
206 19 9 5 20
207 15 12 9 18
208 15 9 5 20
209 13 8 10 21
210 9 6 7 18
211 8 12 2 21
212 12 12 2 14
213 14 10 8 17
214 12 13 3 19
215 14 13 4 16
216 11 7 5 14
217 19 7 3 12
218 10 8 4 13
219 10 3 5 18
220 18 7 6 13
221 13 9 6 13
222 8 9 7 12
223 7 6 6 11
224 5 7 4 15
225 10 7 8 15
226 10 11 7 17
227 6 8 3 7
228 7 5 4 10
229 4 5 3 12
230 8 6 5 12
231 8 1 3 11
232 3 6 1 15
233 9 2 2 18
234 6 4 1 12
235 5 7 4 6
236 7 3 3 8
237 1 4 3 6
238 4 4 3 5
239 9 5 3 12
240 4 4 4 5
241 6 4 4 8
242 6 3 2 5
243 7 2 0 8
244 5 4 2 6
245 1 2 1 9
246 4 3 1 7
247 8 3 3 3
248 8 6 3 5
249 6 4 1 3
250 6 2 2 3
251 1 5 2 7
252 5 2 3 3
253 4 1 2 6
254 4 2 2 5
255 2 3 0 10
256 0 2 3 4
257 1 6 4 4
258 1 4 1 5
259 2 4 1 5
260 3 0 0 5
261 2 1 2 8
262 3 2 0 1
263 0 3 1 4
264 3 1 2 4
265 1 1 1 6
266 3 0 1 5
267 0 1 0 2
268 1 0 1 2
269 1 2 1 2
270 2 1 0 3
271 0 2 2 2
272 1 0 0 0
273 1 1 1 2
274 1 1 1 0
275 3 1 0 3
276 4 0 0 2
277 2 0 0 3
278 4 0 0 3
279 2 2 1 0
280 1 2 1 0
281 0 2 3 1
282 0 1 0 1
283 1 0 1 2
284 2 1 1 2
285 3 1 0 1
286 1 1 1 1
287 1 1 1 3
288 1 1 0 5
289 1 2 0 0
290 0 1 1 1
291 0 0 1 2
292 1 0 1 1
293 1 0 1 3
294 2 0 1 1
295 1 0 0 1
296 0 1 0 0
297 1 0 1 3
298 0 2 0 1
299 0 1 0 1
300 1 1 0 1
301 0 0 0 1
302 0 1 0 1
303 0 1 0 1
304 0 0 0 1
305 0 0 0 1
306 1 0 0 1
307 1 0 0 1
308 0 0 0 0
309 1 1 0 0
310 0 0 0 1
311 0 0 0 0
312 0 1 0 0
313 1 0 0 0
314 0 0 0 0
315 0 0 1 0
316 1 0 0 2
317 0 0 0 0
318 0 0 1 0
319 0 0 0 0
320 0 0 0 0
321 0 0 1 0
322 0 1 0 2
323 0 0 0 0
324 0 0 0 0
325 0 0 0 0
326 0 0 0 1
327 0 0 0 0
328 0 0 0 1
329 0 0 0 0
330 1 0 0 0
331 1 0 0 0
332 0 0 0 0
333 0 0 0 0
334 1 0 0 0
335 1 0 0 0
336 2 0 0 0
337 2 0 0 0
338 0 0 0 0
339 0 1 0 0
340 1 0 1 0
341 0 1 1 0
342 0 1 0 0
343 0 1 0 1
344 0 0 1 0
345 0 0 0 1
346 0 0 1 1
347 0 0 0 1
348 0 0 0 1
349 0 0 1 1
350 0 0 0 0
351 0 0 0 1
352 0 0 0 0
353 0 0 0 2
354 0 0 0 0
355 0 0 0 0
356 0 0 0 0
357 0 0 0 0
358 0 0 0 0
359 0 0 0 0
360 0 0 0 0
361 0 0 0 0
362 0 0 0 0
363 0 0 0 0
364 0 0 0 0
365 0 0 0 0
366 0 0 0 0
367 0 0 0 0
368 0 0 0 0
369 0 0 0 0
370 0 0 0 0
371 0 0 0 0
372 0 0 0 0
373 0 0 0 0
374 0 0 0 0
375 0 0 0 0
376 0 0 0 0
377 0 0 0 0
378 0 0 0 0
379 0 0 0 0
380 0 0 0 0
381 0 0 0 0
382 0 0 0 0
383 0 0 0 0
384 0 0 0 0
385 0 0 0 0
386 0 0 0 0
387 0 0 0 0
388 0 0 0 0
389 0 0 0 0
390 0 0 0 0
391 0 0 0 0
392 0 0 0 0
393 0 0 0 0
394 0 0 0 0
395 0 0 0 0
396 0 0 0 0
397 0 0 0 0
398 0 0 0 0
399 0 0 0 0
400 0 0 0 0
401 0 0 0 0
402 0 0 0 0
403 0 0 0 0
404 0 0 0 0
405 0 0 0 0
406 0 0 0 0
407 0 0 0 0
408 0 0 0 0
409 0 0 0 0
410 0 0 0 0
411 0 0 0 0
412 0 0 0 0
413 0 0 0 0
414 0 0 0 0
415 0 0 0 0
416 0 0 0 0
417 0 0 0 0
418 0 0 0 0
419 0 0 0 0
420 0 0 0 0
421 0 0 0 0
422 0 0 0 0
423 0 0 0 0
424 0 0 0 0
425 0 0 0 0
426 0 0 0 0
427 0 0 0 0
428 0 0 0 0
429 0 0 0 0
430 0 0 0 0
431 0 0 0 0
432 0 0 0 0
433 0 0 0 0
434 0 0 0 0
435 0 0 0 0
436 0 0 0 0
437 0 0 0 0
438 0 0 0 0
439 0 0 0 0
440 0 0 0 0
441 0 0 0 0
442 0 0 0 0
443 0 0 0 0
444 0 0 0 0
445 0 0 0 0
446 0 0 0 0
447 0 0 0 0
448 0 0 0 0
449 0 0 0 0
450 0 0 0 0
451 0 0 0 0
452 0 0 0 0
453 0 0 0 0
454 0 0 0 0
455 0 0 0 0
456 0 0 0 0
457 0 0 0 0
458 0 0 0 0
459 0 0 0 0
460 0 0 0 0
461 0 0 0 0
462 0 0 0 0
463 0 0 0 0
464 0 0 0 0
465 0 0 0 0
466 0 0 0 0
467 0 0 0 0
468 0 0 0 0
469 0 0 0 0
470 0 0 0 0
471 0 0 0 0
472 0 0 0 0
473 0 0 0 0
474 0 0 0 0
475 0 0 0 0
476 0 0 0 0
477 0 0 0 0
478 0 0 0 0
479 0 0 0 0
480 0 0 0 0
481 0 0 0 0
482 0 0 0 0
483 0 0 0 0
484 0 0 0 0
485 0 0 0 0
486 0 0 0 0
487 0 0 0 0
488 0 0 0 0
489 0 0 0 0
490 0 0 0 0
491 0 0 0 0
492 0 0 0 0
493 0 0 0 0
494 0 0 0 0
495 0 0 0 0
496 0 0 0 0
497 0 0 0 0
498 0 0 0 0
499 0 0 0 0
500 0 0 0 0
501 0 0 0 0
502 0 0 0 0
503 0 0 0 0
504 0 0 0 0
505 0 0 0 0
506 0 0 0 0
507 0 0 0 0
508 0 0 0 0
509 0 0 0 0
510 0 0 0 0
511 0 0 0 0
512 0 0 0 0
513 0 0 0 0
514 0 0 0 0
515 0 0 0 0
516 0 0 0 0
517 0 0 0 0
518 0 0 0 0
519 0 0 0 0
520 0 0 0 0
521 0 0 0 0
522 0 0 0 0
523 0 0 0 0
524 0 0 0 0
525 0 0 0 0
526 0 0 0 0
527 0 0 0 0
528 0 0 0 0
529 0 0 0 0
530 0 0 0 0
531 0 0 0 0
532 0 0 0 0
533 0 0 0 0
534 0 0 0 0
535 0 0 0 0
536 0 0 0 0
537 0 0 0 0
538 0 0 0 0
539 0 0 0 0
540 0 0 0 0
541 0 0 0 0
542 0 0 0 0
543 0 0 0 0
544 0 0 0 0
545 0 0 0 0
546 0 0 0 0
547 0 0 0 0
548 0 0 0 0
549 0 0 0 0
550 0 0 0 0
551 0 0 0 0
552 0 0 0 0
553 0 0 0 0
554 0 0 0 0
555 0 0 0 0
556 0 0 0 0
557 0 0 0 0
558 0 0 0 0
559 0 0 0 0
560 0 0 0 0
561 0 0 0 0
562 0 0 0 0
563 0 0 0 0
564 0 0 0 0
565 0 0 0 0
566 0 0 0 0
567 0 0 0 0
568 0 0 0 0
569 0 0 0 0
570 0 0 0 0
571 0 0 0 0
572 0 0 0 0
573 0 0 0 0
574 0 0 0 0
575 0 0 0 0
576 0 0 0 0
577 0 0 0 0
578 0 0 0 0
579 0 0 0 0
580 0 0 0 0
581 0 0 0 0
582 0 0 0 0
583 0 0 0 0
584 0 0 0 0
585 0 0 0 0
586 0 0 0 0
587 0 0 0 0
588 0 0 0 0
589 0 0 0 0
590 0 0 0 0
591 0 0 0 0
592 0 0 0 0
593 0 0 0 0
594 0 0 0 0
595 0 0 0 0
596 0 0 0 0
597 0 0 0 0
598 0 0 0 0
599 0 0 0 0
600 0 0 0 0
601 0 0 0 0
602 0 0 0 0
603 0 0 0 0
604 0 0 0 0
605 0 0 0 0
606 0 0 0 0
607 0 0 0 0
608 0 0 0 0
609 0 0 0 0
610 0 0 0 0
611 0 0 0 0
612 0 0 0 0
613 0 0 0 0
614 0 0 0 0
615 0 0 0 0
616 0 0 0 0
617 0 0 0 0
618 0 0 0 0
619 0 0 0 0
620 0 0 0 0
621 0 0 0 0
622 0 0 0 0
623 0 0 0 0
624 0 0 0 0
625 0 0 0 0
626 0 0 0 0
627 0 0 0 0
628 0 0 0 0
629 0 0 0 0
630 0 0 0 0
631 0 0 0 0
632 0 0 0 0
633 0 0 0 0
634 0 0 0 0
635 0 0 0 0
636 0 0 0 0
637 0 0 0 0
638 0 0 0 0
639 0 0 0 0
640 0 0 0 0
641 0 0 0 0
642 0 0 0 0
643 0 0 0 0
644 0 0 0 0
645 0 0 0 0
646 0 0 0 0
647 0 0 0 0
648 0 0 0 0
649 0 0 0 0
650 0 0 0 0
651 0 0 0 0
652 0 0 0 0
653 0 0 0 0
654 0 0 0 0
655 0 0 0 0
656 0 0 0 0
657 0 0 0 0
658 0 0 0 0
659 0 0 0 0
660 0 0 0 0
661 0 0 0 0
662 0 0 0 0
663 0 0 0 0
664 0 0 0 0
665 0 0 0 0
666 0 0 0 0
667 0 0 0 0
668 0 0 0 0
669 0 0 0 0
670 0 0 0 0
671 0 0 0 0
672 0 0 0 0
673 0 0 0 0
674 0 0 0 0
675 0 0 0 0
676 0 0 0 0
677 0 0 0 0
678 0 0 0 0
679 0 0 0 0
680 0 0 0 0
681 0 0 0 0
682 0 0 0 0
683 0 0 0 0
684 0 0 0 0
685 0 0 0 0
686 0 0 0 0
687 0 0 0 0
688 0 0 0 0
689 0 0 0 0
690 0 0 0 0
691 0 0 0 0
692 0 0 0 0
693 0 0 0 0
694 0 0 0 0
695 0 0 0 0
696 0 0 0 0
697 0 0 0 0
698 0 0 0 0
699 0 0 0 0
700 0 0 0 0
701 0 0 0 0
702 0 0 0 0
703 0 0 0 0
704 0 0 0 0
705 0 0 0 0
706 0 0 0 0
707 0 0 0 0
708 0 0 0 0
709 0 0 0 0
710 0 0 0 0
711 0 0 0 0
712 0 0 0 0
713 0 0 0 0
714 0 0 0 0
715 0 0 0 0
716 0 0 0 0
717 0 0 0 0
718 0 0 0 0
719 0 0 0 0
720 0 0 0 0
721 0 0 0 0
722 0 0 0 0
723 0 0 0 0
724 0 0 0 0
725 0 0 0 0
726 0 0 0 0
727 0 0 0 0
