0 0 0 0 0
1 0 0 0 0
2 0 0 0 0
3 0 0 0 0
4 0 0 0 0
5 0 3 0 0
6 0 0 0 0
7 0 0 0 0
8 0 0 0 0
9 0 1 1 2
10 0 0 0 0
11 0 0 0 0
12 0 0 0 1
13 1 0 0 0
14 0 0 0 0
15 0 0 0 1
16 0 0 0 1
17 2 0 0 0
18 1 0 0 0
19 0 0 0 0
20 0 0 0 0
21 1 0 0 0
22 0 1 1 0
23 2 1 0 0
24 0 0 0 0
25 1 0 0 0
26 1 1 1 1
27 1 0 0 1
28 1 1 1 0
29 1 0 0 1
30 1 1 0 2
31 0 0 0 0
32 0 1 0 2
33 0 0 0 0
34 0 0 1 0
35 2 0 0 0
36 0 0 2 0
37 0 1 0 1
38 3 0 0 0
39 1 0 0 1
40 1 1 0 2
41 0 0 0 1
42 1 0 0 0
43 1 0 1 0
44 0 2 0 1
45 0 1 0 0
46 1 0 0 0
47 0 2 0 1
48 1 0 1 1
49 0 0 0 1
50 0 0 0 1
51 1 1 1 3
52 0 0 0 1
53 0 0 0 0
54 0 0 0 0
55 1 0 0 0
56 0 0 0 0
57 1 1 0 0
58 1 0 0 2
59 2 0 0 0
60 2 1 1 0
61 1 0 0 0
62 4 0 0 0
63 3 0 0 0
64 3 0 0 1
65 2 0 1 0
66 1 1 0 0
67 1 2 1 2
68 2 2 2 0
69 4 3 0 1
70 1 1 1 0
71 1 1 2 2
72 2 2 0 2
73 3 2 0 3
74 1 2 0 3
75 1 1 0 3
76 2 0 0 1
77 1 0 2 2
78 2 2 2 3
79 1 0 0 3
80 1 0 2 0
81 1 0 2 3
82 1 2 0 0
83 1 2 1 0
84 2 0 1 1
85 2 0 1 6
86 3 1 0 1
87 3 0 1 2
88 2 2 0 0
89 3 1 0 2
90 2 2 1 3
91 2 0 1 2
92 4 0 0 0
93 2 1 1 1
94 2 2 0 0
95 4 2 2 3
96 5 3 2 0
97 5 2 1 2
98 2 1 1 1
99 2 1 0 3
100 2 0 2 3
101 2 0 3 2
102 3 2 2 4
103 3 1 0 3
104 4 2 2 3
105 0 2 3 1
106 4 2 2 2
107 3 1 3 3
108 3 0 1 5
109 7 2 1 5
110 3 0 0 3
111 4 3 2 3
112 3 2 1 3
113 2 1 3 2
114 6 3 2 2
115 5 0 0 4
116 8 2 2 3
117 7 1 2 2
118 7 1 1 5
119 7 4 4 2
120 7 3 2 3
121 5 5 1 4
122 6 6 0 0
123 4 4 2 8
124 6 4 1 6
125 5 6 0 6
126 7 2 2 6
127 2 4 2 3
128 7 1 5 4
129 4 4 2 8
130 5 5 0 6
131 9 4 2 8
132 4 3 1 6
133 3 6 1 4
134 11 5 2 4
135 13 3 2 5
136 6 4 4 5
137 8 5 0 5
138 10 1 1 8
139 10 9 2 4
140 11 3 4 8
141 12 4 2 4
142 9 5 0 4
143 6 8 3 7
144 10 7 4 7
145 4 6 4 3
146 14 4 6 11
147 8 2 4 6
148 7 6 3 8
149 10 5 6 7
150 11 5 4 13
151 10 6 6 12
152 15 6 1 10
153 9 1 3 12
154 9 3 5 7
155 13 8 7 10
156 9 4 3 8
157 7 11 4 6
158 11 6 4 9
159 16 7 1 11
160 10 9 6 7
161 9 4 5 10
162 14 5 2 13
163 14 7 2 6
164 19 7 7 16
165 17 5 5 10
166 20 8 3 8
167 11 8 4 14
168 14 13 5 7
169 12 5 6 10
170 17 7 4 11
171 19 7 12 17
172 10 8 3 17
173 10 9 7 10
174 20 7 10 8
175 16 11 8 17
176 10 12 6 11
177 8 4 10 14
178 18 5 3 15
179 20 10 6 12
180 22 8 4 16
181 20 6 3 21
182 29 5 5 16
183 20 12 10 18
184 19 13 9 11
185 23 7 8 9
186 28 11 4 8
187 21 12 9 20
188 16 13 7 13
189 25 14 7 15
190 15 14 12 12
191 13 14 15 23
192 14 9 11 22
193 22 9 8 23
194 18 14 10 31
195 10 16 4 19
196 16 10 7 19
197 21 9 6 18
198 26 9 12 30
199 25 12 6 19
200 23 9 5 15
201 20 7 9 18
202 22 10 10 25
203 25 11 7 16
204 16 12 4 15
205 17 11 11 18
206 23 16 8 17
207 20 11 13 9
208 13 13 15 17
209 14 14 6 22
210 14 7 10 19
211 11 11 9 20
212 14 8 11 23
213 14 10 4 32
214 13 10 5 20
215 6 13 9 21
216 9 9 7 21
217 8 6 5 16
218 10 7 8 21
219 16 3 5 18
220 14 0 8 15
221 4 7 9 10
222 6 6 3 22
223 12 12 4 11
224 7 7 5 11
225 7 4 6 12
226 4 3 2 9
227 7 5 2 12
228 8 9 3 10
229 8 7 4 9
230 8 5 3 11
231 7 3 4 12
232 9 4 3 15
233 4 1 3 7
234 7 3 2 6
235 8 4 2 6
236 9 4 3 8
237 5 9 4 11
238 6 6 4 4
239 7 6 2 6
240 5 4 1 4
241 6 7 2 9
242 3 2 3 8
243 5 2 2 6
244 4 0 9 9
245 4 1 6 15
246 6 3 1 9
247 1 2 1 4
248 2 5 3 5
249 6 5 2 7
250 4 4 2 4
251 2 3 3 8
252 0 1 0 6
253 2 1 2 5
254 2 2 1 3
255 2 2 1 6
256 1 3 0 4
257 3 0 0 3
258 1 2 1 3
259 1 3 0 4
260 2 1 1 6
261 1 0 1 1
262 2 0 2 3
263 1 1 0 2
264 2 0 2 0
265 1 0 0 2
266 1 1 1 2
267 1 0 2 2
268 5 0 1 1
269 2 2 0 2
270 2 0 2 3
271 0 0 2 2
272 3 1 0 0
273 0 4 0 0
274 2 1 0 2
275 3 1 0 2
276 0 0 0 2
277 2 2 3 3
278 2 0 1 2
279 2 1 0 1
280 0 1 0 2
281 1 1 0 4
282 0 1 1 2
283 0 3 0 1
284 1 3 1 1
285 2 0 0 0
286 0 0 0 0
287 0 0 1 2
288 2 0 0 3
289 0 0 0 2
290 1 2 1 2
291 0 1 0 3
292 1 0 0 0
293 2 0 1 0
294 0 0 0 2
295 0 0 0 0
296 3 0 0 0
297 2 2 0 1
298 2 0 2 1
299 0 1 0 0
300 0 0 0 1
301 1 1 1 1
302 0 0 1 0
303 0 0 1 2
304 0 0 0 1
305 0 0 1 3
306 0 0 0 0
307 0 1 1 1
308 1 0 0 0
309 0 0 0 1
310 0 0 1 0
311 0 0 0 2
312 0 0 0 1
313 0 0 0 0
314 1 0 0 1
315 1 0 1 0
316 0 0 0 0
317 0 0 0 0
318 1 0 0 0
319 0 0 0 1
320 0 0 0 0
321 1 0 0 0
322 0 0 0 0
323 0 0 1 0
324 0 1 0 0
325 0 0 0 0
326 0 0 1 0
327 0 0 1 0
328 0 0 0 0
329 0 0 0 1
330 0 0 0 0
331 1 0 0 1
332 0 0 0 0
333 0 0 0 1
334 0 0 0 1
335 0 0 0 0
336 0 0 0 0
337 0 0 0 0
338 0 0 0 0
339 1 0 0 0
340 0 1 0 0
341 0 0 0 0
342 0 0 0 0
343 0 0 0 0
344 0 0 1 1
345 0 0 0 0
346 0 0 0 0
347 0 0 0 0
348 0 0 0 0
349 0 0 0 0
350 0 0 0 0
351 0 0 0 1
352 0 0 0 0
353 0 0 0 0
354 0 0 0 0
355 0 0 0 0
356 0 0 0 0
357 0 0 0 0
358 0 0 0 0
359 0 0 0 0
360 0 0 0 0
361 0 0 0 0
362 0 0 0 0
363 0 0 0 0
364 0 0 0 0
365 0 0 0 0
366 0 0 0 0
367 0 0 0 0
368 0 0 0 0
369 0 0 0 0
370 0 0 0 0
371 0 0 0 0
372 0 0 0 0
373 0 0 0 0
374 0 0 0 0
375 0 0 0 0
376 0 0 0 0
377 0 0 0 0
378 0 0 0 0
379 0 0 0 0
380 0 0 0 0
381 0 0 0 0
382 0 0 0 0
383 0 0 0 0
384 0 0 0 0
385 0 0 0 0
386 0 0 0 0
387 0 0 0 0
388 0 0 0 0
389 0 0 0 0
390 0 0 0 0
391 0 0 0 0
392 0 0 0 0
393 0 0 0 0
394 0 0 0 0
395 0 0 0 0
396 0 0 0 0
397 0 0 0 0
398 0 0 0 0
399 0 0 0 0
400 0 0 0 0
401 0 0 0 0
402 0 0 0 0
403 0 0 0 0
404 0 0 0 0
405 0 0 0 0
406 0 0 0 0
407 0 0 0 0
408 0 0 0 0
409 0 0 0 0
410 0 0 0 0
411 0 0 0 0
412 0 0 0 0
413 0 0 0 0
414 0 0 0 0
415 0 0 0 0
416 0 0 0 0
417 0 0 0 0
418 0 0 0 0
419 0 0 0 0
420 0 0 0 0
421 0 0 0 0
422 0 0 0 0
423 0 0 0 0
424 0 0 0 0
425 0 0 0 0
426 0 0 0 0
427 0 0 0 0
428 0 0 0 0
429 0 0 0 0
430 0 0 0 0
431 0 0 0 0
432 0 0 0 0
433 0 0 0 0
434 0 0 0 0
435 0 0 0 0
436 0 0 0 0
437 0 0 0 0
438 0 0 0 0
439 0 0 0 0
440 0 0 0 0
441 0 0 0 0
442 0 0 0 0
443 0 0 0 0
444 0 0 0 0
445 0 0 0 0
446 0 0 0 0
447 0 0 0 0
448 0 0 0 0
449 0 0 0 0
450 0 0 0 0
451 0 0 0 0
452 0 0 0 0
453 0 0 0 0
454 0 0 0 0
455 0 0 0 0
456 0 0 0 0
457 0 0 0 0
458 0 0 0 0
459 0 0 0 0
460 0 0 0 0
461 0 0 0 0
462 0 0 0 0
463 0 0 0 0
464 0 0 0 0
465 0 0 0 0
466 0 0 0 0
467 0 0 0 0
468 0 0 0 0
469 0 0 0 0
470 0 0 0 0
471 0 0 0 0
472 0 0 0 0
473 0 0 0 0
474 0 0 0 0
475 0 0 0 0
476 0 0 0 0
477 0 0 0 0
478 0 0 0 0
479 0 0 0 0
480 0 0 0 0
481 0 0 0 0
482 0 0 0 0
483 0 0 0 0
484 0 0 0 0
485 0 0 0 0
486 0 0 0 0
487 0 0 0 0
488 0 0 0 0
489 0 0 0 0
490 0 0 0 0
491 0 0 0 0
492 0 0 0 0
493 0 0 0 0
494 0 0 0 0
495 0 0 0 0
496 0 0 0 0
497 0 0 0 0
498 0 0 0 0
499 0 0 0 0
500 0 0 0 0
501 0 0 0 0
502 0 0 0 0
503 0 0 0 0
504 0 0 0 0
505 0 0 0 0
506 0 0 0 0
507 0 0 0 0
508 0 0 0 0
509 0 0 0 0
510 0 0 0 0
511 0 0 0 0
512 0 0 0 0
513 0 0 0 0
514 0 0 0 0
515 0 0 0 0
516 0 0 0 0
517 0 0 0 0
518 0 0 0 0
519 0 0 0 0
520 0 0 0 0
521 0 0 0 0
522 0 0 0 0
523 0 0 0 0
524 0 0 0 0
525 0 0 0 0
526 0 0 0 0
527 0 0 0 0
528 0 0 0 0
529 0 0 0 0
530 0 0 0 0
531 0 0 0 0
532 0 0 0 0
533 0 0 0 0
534 0 0 0 0
535 0 0 0 0
536 0 0 0 0
537 0 0 0 0
538 0 0 0 0
539 0 0 0 0
540 0 0 0 0
541 0 0 0 0
542 0 0 0 0
543 0 0 0 0
544 0 0 0 0
545 0 0 0 0
546 0 0 0 0
547 0 0 0 0
548 0 0 0 0
549 0 0 0 0
550 0 0 0 0
551 0 0 0 0
552 0 0 0 0
553 0 0 0 0
554 0 0 0 0
555 0 0 0 0
556 0 0 0 0
557 0 0 0 0
558 0 0 0 0
559 0 0 0 0
560 0 0 0 0
561 0 0 0 0
562 0 0 0 0
563 0 0 0 0
564 0 0 0 0
565 0 0 0 0
566 0 0 0 0
567 0 0 0 0
568 0 0 0 0
569 0 0 0 0
570 0 0 0 0
571 0 0 0 0
572 0 0 0 0
573 0 0 0 0
574 0 0 0 0
575 0 0 0 0
576 0 0 0 0
577 0 0 0 0
578 0 0 0 0
579 0 0 0 0
580 0 0 0 0
581 0 0 0 0
582 0 0 0 0
583 0 0 0 0
584 0 0 0 0
585 0 0 0 0
586 0 0 0 0
587 0 0 0 0
588 0 0 0 0
589 0 0 0 0
590 0 0 0 0
591 0 0 0 0
592 0 0 0 0
593 0 0 0 0
594 0 0 0 0
595 0 0 0 0
596 0 0 0 0
597 0 0 0 0
598 0 0 0 0
599 0 0 0 0
600 0 0 0 0
601 0 0 0 0
602 0 0 0 0
603 0 0 0 0
604 0 0 0 0
605 0 0 0 0
606 0 0 0 0
607 0 0 0 0
608 0 0 0 0
609 0 0 0 0
610 0 0 0 0
611 0 0 0 0
612 0 0 0 0
613 0 0 0 0
614 0 0 0 0
615 0 0 0 0
616 0 0 0 0
617 0 0 0 0
618 0 0 0 0
619 0 0 0 0
620 0 0 0 0
621 0 0 0 0
622 0 0 0 0
623 0 0 0 0
624 0 0 0 0
625 0 0 0 0
626 0 0 0 0
627 0 0 0 0
628 0 0 0 0
629 0 0 0 0
630 0 0 0 0
631 0 0 0 0
632 0 0 0 0
633 0 0 0 0
634 0 0 0 0
635 0 0 0 0
636 0 0 0 0
637 0 0 0 0
638 0 0 0 0
639 0 0 0 0
640 0 0 0 0
641 0 0 0 0
642 0 0 0 0
643 0 0 0 0
644 0 0 0 0
645 0 0 0 0
646 0 0 0 0
647 0 0 0 0
648 0 0 0 0
649 0 0 0 0
650 0 0 0 0
651 0 0 0 0
652 0 0 0 0
653 0 0 0 0
654 0 0 0 0
655 0 0 0 0
656 0 0 0 0
657 0 0 0 0
658 0 0 0 0
659 0 0 0 0
660 0 0 0 0
661 0 0 0 0
662 0 0 0 0
663 0 0 0 0
664 0 0 0 0
665 0 0 0 0
666 0 0 0 0
667 0 0 0 0
668 0 0 0 0
669 0 0 0 0
670 0 0 0 0
671 0 0 0 0
672 0 0 0 0
673 0 0 0 0
674 0 0 0 0
675 0 0 0 0
676 0 0 0 0
677 0 0 0 0
678 0 0 0 0
679 0 0 0 0
680 0 0 0 0
681 0 0 0 0
682 0 0 0 0
683 0 0 0 0
684 0 0 0 0
685 0 0 0 0
686 0 0 0 0
687 0 0 0 0
688 0 0 0 0
689 0 0 0 0
690 0 0 0 0
691 0 0 0 0
692 0 0 0 0
693 0 0 0 0
694 0 0 0 0
695 0 0 0 0
696 0 0 0 0
697 0 0 0 0
698 0 0 0 0
699 0 0 0 0
700 0 0 0 0
701 0 0 0 0
702 0 0 0 0
703 0 0 0 0
704 0 0 0 0
705 0 0 0 0
706 0 0 0 0
707 0 0 0 0
708 0 0 0 0
709 0 0 0 0
710 0 0 0 0
711 0 0 0 0
712 0 0 0 0
713 0 0 0 0
714 0 0 0 0
715 0 0 0 0
716 0 0 0 0
717 0 0 0 0
718 0 0 0 0
719 0 0 0 0
720 0 0 0 0
721 0 0 0 0
722 0 0 0 0
723 0 0 0 0
724 0 0 0 0
725 0 0 0 0
726 0 0 0 0
727 0 0 0 0
