0 0 0 0 0
1 0 0 0 0
2 0 0 0 0
3 0 0 0 0
4 0 0 0 0
5 0 2 1 0
6 0 0 0 0
7 0 0 0 0
8 0 0 0 0
9 0 1 1 1
10 0 0 0 0
11 0 0 0 0
12 0 0 0 2
13 0 0 0 0
14 0 0 0 0
15 0 0 0 0
16 0 0 0 2
17 0 0 0 0
18 0 0 0 0
19 0 0 0 0
20 0 0 0 0
21 0 0 0 0
22 0 0 0 0
23 0 0 0 0
24 2 0 0 0
25 2 0 0 0
26 1 0 0 0
27 0 0 0 0
28 0 0 0 0
29 0 1 0 0
30 0 1 0 0
31 0 0 0 0
32 0 0 0 0
33 0 0 1 0
34 1 0 1 2
35 0 1 0 0
36 0 0 0 0
37 0 0 0 1
38 0 0 0 0
39 0 0 0 2
40 0 0 0 0
41 0 0 0 0
42 0 0 0 0
43 0 1 0 0
44 0 0 0 0
45 1 0 0 0
46 0 0 0 0
47 0 0 0 0
48 1 0 0 0
49 0 0 0 0
50 0 1 0 1
51 0 0 0 0
52 0 0 0 0
53 0 0 1 0
54 0 0 0 1
55 0 0 0 0
56 0 0 0 0
57 0 0 0 0
58 0 0 0 0
59 1 0 0 0
60 0 0 0 1
61 0 0 0 0
62 0 0 0 0
63 1 0 0 0
64 0 0 0 0
65 0 0 0 0
66 0 0 0 0
67 0 0 0 0
68 0 1 0 0
69 1 0 0 0
70 1 0 0 0
71 1 0 0 0
72 1 0 1 0
73 0 0 0 0
74 0 0 0 0
75 0 0 0 1
76 0 1 0 1
77 0 0 0 0
78 0 0 1 0
79 0 1 0 0
80 0 0 0 1
81 0 1 0 0
82 0 0 0 0
83 0 0 0 0
84 0 0 0 0
85 1 0 0 2
86 1 0 0 1
87 0 0 0 0
88 0 0 0 0
89 0 0 0 0
90 0 0 0 0
91 0 0 0 0
92 0 0 0 0
93 1 0 0 0
94 1 0 1 0
95 0 1 0 0
96 1 0 0 0
97 1 0 0 0
98 1 0 1 0
99 0 0 1 1
100 0 0 0 0
101 0 0 0 1
102 0 0 0 0
103 0 0 1 0
104 0 0 0 0
105 2 0 1 1
106 2 0 1 1
107 0 0 0 1
108 0 0 0 0
109 0 0 0 1
110 0 0 1 0
111 0 1 1 0
112 0 0 0 0
113 2 0 0 1
114 0 1 0 1
115 2 0 0 2
116 2 0 0 0
117 2 0 0 0
118 2 0 1 1
119 2 0 0 0
120 3 2 0 0
121 4 2 0 0
122 2 0 2 0
123 3 0 2 0
124 1 1 1 0
125 0 1 2 2
126 2 1 1 1
127 1 1 1 3
128 2 1 1 1
129 2 1 0 3
130 2 1 1 3
131 2 2 1 3
132 1 1 1 2
133 2 0 1 0
134 1 0 0 1
135 5 0 0 1
136 6 0 0 2
137 2 1 1 2
138 2 3 1 3
139 5 1 2 1
140 3 5 1 1
141 4 2 1 2
142 5 1 0 1
143 4 0 0 0
144 4 1 1 2
145 4 4 2 5
146 4 1 1 3
147 4 2 2 4
148 4 3 3 2
149 2 0 1 6
150 3 4 1 1
151 5 4 2 5
152 2 3 2 2
153 1 3 4 1
154 3 1 2 4
155 6 3 0 8
156 4 2 1 3
157 1 2 0 7
158 2 1 0 4
159 1 2 2 3
160 5 3 4 6
161 4 1 1 2
162 7 1 0 2
163 5 0 1 3
164 3 0 2 4
165 7 4 1 1
166 3 3 0 3
167 5 4 3 5
168 4 3 0 3
169 4 1 1 4
170 4 3 1 2
171 5 3 0 3
172 4 2 2 3
173 3 2 2 3
174 4 3 4 8
175 1 1 3 2
176 2 4 3 2
177 7 3 2 2
178 5 3 2 5
179 6 2 2 4
180 4 1 1 7
181 5 1 3 8
182 3 2 2 6
183 3 1 2 5
184 5 2 1 4
185 3 2 0 3
186 3 4 2 3
187 5 3 0 0
188 2 4 1 4
189 5 4 1 2
190 4 3 1 6
191 4 1 3 3
192 7 2 3 4
193 6 2 1 6
194 7 0 3 3
195 6 1 2 3
196 6 3 1 5
197 7 2 2 6
198 6 2 8 5
199 8 5 0 4
200 3 5 2 4
201 10 2 4 1
202 4 3 2 5
203 5 3 4 5
204 4 1 2 7
205 2 5 1 7
206 2 7 4 5
207 2 3 0 7
208 1 6 3 4
209 2 4 1 3
210 3 2 2 12
211 2 2 1 4
212 6 2 1 10
213 6 1 0 5
214 2 2 0 3
215 5 3 1 5
216 3 1 1 4
217 4 2 3 3
218 4 3 0 4
219 1 2 0 3
220 1 2 1 0
221 1 2 1 3
222 2 1 3 2
223 0 1 1 3
224 1 1 2 4
225 0 1 1 3
226 0 1 2 3
227 1 1 1 2
228 0 0 1 5
229 1 2 0 2
230 0 1 0 5
231 1 1 1 2
232 3 1 0 2
233 2 0 0 1
234 1 1 0 0
235 1 0 0 1
236 1 1 0 3
237 1 1 2 0
238 1 1 1 2
239 0 1 0 0
240 0 0 0 0
241 2 0 0 2
242 1 0 0 1
243 0 0 1 2
244 2 1 0 2
245 1 1 0 1
246 2 2 0 0
247 1 0 0 1
248 1 0 0 1
249 0 1 0 0
250 0 2 0 0
251 0 1 0 0
252 0 0 0 1
253 0 0 1 2
254 0 0 0 2
255 0 0 2 1
256 0 0 1 1
257 0 0 1 1
258 0 0 0 0
259 0 0 0 0
260 0 0 0 0
261 0 0 0 1
262 0 0 0 3
263 0 0 0 0
264 0 0 0 0
265 1 0 0 0
266 1 0 0 0
267 0 0 0 0
268 0 0 0 0
269 0 0 0 0
270 0 0 1 0
271 0 0 0 0
272 2 0 0 0
273 0 0 0 0
274 1 0 0 1
275 1 1 0 0
276 0 0 0 0
277 0 0 1 0
278 0 0 0 0
279 1 0 1 0
280 0 1 0 0
281 0 0 1 1
282 0 0 0 1
283 0 0 0 0
284 0 1 0 0
285 0 0 0 0
286 0 0 0 1
287 0 0 0 1
288 0 0 0 2
289 0 0 0 0
290 0 0 0 0
291 0 0 0 0
292 0 0 0 0
293 0 0 0 0
294 0 0 0 0
295 0 0 0 0
296 0 0 0 0
297 0 0 0 0
298 0 0 0 0
299 1 0 0 0
300 1 0 0 0
301 0 0 0 0
302 0 0 0 0
303 0 0 0 0
304 1 0 0 0
305 0 0 0 0
306 0 0 0 0
307 0 0 0 0
308 0 1 0 0
309 0 1 0 0
310 0 0 0 0
311 0 0 0 0
312 0 0 0 0
313 0 1 0 1
314 0 0 0 0
315 0 0 0 1
316 0 0 0 0
317 0 0 0 1
318 0 0 0 0
319 0 0 0 0
320 0 0 0 0
321 0 0 0 0
322 0 0 0 0
323 0 0 0 0
324 0 0 0 0
325 0 0 0 0
326 0 0 0 0
327 0 0 0 0
328 0 0 0 0
329 0 0 0 0
330 0 0 0 0
331 0 0 0 0
332 0 0 0 0
333 0 0 0 0
334 0 0 0 0
335 0 0 0 0
336 0 0 0 0
337 0 0 0 0
338 0 0 0 0
339 0 0 0 0
340 0 0 0 0
341 0 0 0 0
342 0 0 0 0
343 0 0 0 0
344 0 0 0 0
345 0 0 0 0
346 0 0 0 0
347 0 0 0 0
348 0 0 0 0
349 0 0 0 0
350 0 0 0 0
351 0 0 0 0
352 0 0 0 0
353 0 0 0 0
354 0 0 0 0
355 0 0 0 0
356 0 0 0 0
357 0 0 0 0
358 0 0 0 0
359 0 0 0 0
360 0 0 0 0
361 0 0 0 0
362 0 0 0 0
363 0 0 0 0
364 0 0 0 0
365 0 0 0 0
366 0 0 0 0
367 0 0 0 0
368 0 0 0 0
369 0 0 0 0
370 0 0 0 0
371 0 0 0 0
372 0 0 0 0
373 0 0 0 0
374 0 0 0 0
375 0 0 0 0
376 0 0 0 0
377 0 0 0 0
378 0 0 0 0
379 0 0 0 0
380 0 0 0 0
381 0 0 0 0
382 0 0 0 0
383 0 0 0 0
384 0 0 0 0
385 0 0 0 0
386 0 0 0 0
387 0 0 0 0
388 0 0 0 0
389 0 0 0 0
390 0 0 0 0
391 0 0 0 0
392 0 0 0 0
393 0 0 0 0
394 0 0 0 0
395 0 0 0 0
396 0 0 0 0
397 0 0 0 0
398 0 0 0 0
399 0 0 0 0
400 0 0 0 0
401 0 0 0 0
402 0 0 0 0
403 0 0 0 0
404 0 0 0 0
405 0 0 0 0
406 0 0 0 0
407 0 0 0 0
408 0 0 0 0
409 0 0 0 0
410 0 0 0 0
411 0 0 0 0
412 0 0 0 0
413 0 0 0 0
414 0 0 0 0
415 0 0 0 0
416 0 0 0 0
417 0 0 0 0
418 0 0 0 0
419 0 0 0 0
420 0 0 0 0
421 0 0 0 0
422 0 0 0 0
423 0 0 0 0
424 0 0 0 0
425 0 0 0 0
426 0 0 0 0
427 0 0 0 0
428 0 0 0 0
429 0 0 0 0
430 0 0 0 0
431 0 0 0 0
432 0 0 0 0
433 0 0 0 0
434 0 0 0 0
435 0 0 0 0
436 0 0 0 0
437 0 0 0 0
438 0 0 0 0
439 0 0 0 0
440 0 0 0 0
441 0 0 0 0
442 0 0 0 0
443 0 0 0 0
444 0 0 0 0
445 0 0 0 0
446 0 0 0 0
447 0 0 0 0
448 0 0 0 0
449 0 0 0 0
450 0 0 0 0
451 0 0 0 0
452 0 0 0 0
453 0 0 0 0
454 0 0 0 0
455 0 0 0 0
456 0 0 0 0
457 0 0 0 0
458 0 0 0 0
459 0 0 0 0
460 0 0 0 0
461 0 0 0 0
462 0 0 0 0
463 0 0 0 0
464 0 0 0 0
465 0 0 0 0
466 0 0 0 0
467 0 0 0 0
468 0 0 0 0
469 0 0 0 0
470 0 0 0 0
471 0 0 0 0
472 0 0 0 0
473 0 0 0 0
474 0 0 0 0
475 0 0 0 0
476 0 0 0 0
477 0 0 0 0
478 0 0 0 0
479 0 0 0 0
480 0 0 0 0
481 0 0 0 0
482 0 0 0 0
483 0 0 0 0
484 0 0 0 0
485 0 0 0 0
486 0 0 0 0
487 0 0 0 0
488 0 0 0 0
489 0 0 0 0
490 0 0 0 0
491 0 0 0 0
492 0 0 0 0
493 0 0 0 0
494 0 0 0 0
495 0 0 0 0
496 0 0 0 0
497 0 0 0 0
498 0 0 0 0
499 0 0 0 0
500 0 0 0 0
501 0 0 0 0
502 0 0 0 0
503 0 0 0 0
504 0 0 0 0
505 0 0 0 0
506 0 0 0 0
507 0 0 0 0
508 0 0 0 0
509 0 0 0 0
510 0 0 0 0
511 0 0 0 0
512 0 0 0 0
513 0 0 0 0
514 0 0 0 0
515 0 0 0 0
516 0 0 0 0
517 0 0 0 0
518 0 0 0 0
519 0 0 0 0
520 0 0 0 0
521 0 0 0 0
522 0 0 0 0
523 0 0 0 0
524 0 0 0 0
525 0 0 0 0
526 0 0 0 0
527 0 0 0 0
528 0 0 0 0
529 0 0 0 0
530 0 0 0 0
531 0 0 0 0
532 0 0 0 0
533 0 0 0 0
534 0 0 0 0
535 0 0 0 0
536 0 0 0 0
537 0 0 0 0
538 0 0 0 0
539 0 0 0 0
540 0 0 0 0
541 0 0 0 0
542 0 0 0 0
543 0 0 0 0
544 0 0 0 0
545 0 0 0 0
546 0 0 0 0
547 0 0 0 0
548 0 0 0 0
549 0 0 0 0
550 0 0 0 0
551 0 0 0 0
552 0 0 0 0
553 0 0 0 0
554 0 0 0 0
555 0 0 0 0
556 0 0 0 0
557 0 0 0 0
558 0 0 0 0
559 0 0 0 0
560 0 0 0 0
561 0 0 0 0
562 0 0 0 0
563 0 0 0 0
564 0 0 0 0
565 0 0 0 0
566 0 0 0 0
567 0 0 0 0
568 0 0 0 0
569 0 0 0 0
570 0 0 0 0
571 0 0 0 0
572 0 0 0 0
573 0 0 0 0
574 0 0 0 0
575 0 0 0 0
576 0 0 0 0
577 0 0 0 0
578 0 0 0 0
579 0 0 0 0
580 0 0 0 0
581 0 0 0 0
582 0 0 0 0
583 0 0 0 0
584 0 0 0 0
585 0 0 0 0
586 0 0 0 0
587 0 0 0 0
588 0 0 0 0
589 0 0 0 0
590 0 0 0 0
591 0 0 0 0
592 0 0 0 0
593 0 0 0 0
594 0 0 0 0
595 0 0 0 0
596 0 0 0 0
597 0 0 0 0
598 0 0 0 0
599 0 0 0 0
600 0 0 0 0
601 0 0 0 0
602 0 0 0 0
603 0 0 0 0
604 0 0 0 0
605 0 0 0 0
606 0 0 0 0
607 0 0 0 0
608 0 0 0 0
609 0 0 0 0
610 0 0 0 0
611 0 0 0 0
612 0 0 0 0
613 0 0 0 0
614 0 0 0 0
615 0 0 0 0
616 0 0 0 0
617 0 0 0 0
618 0 0 0 0
619 0 0 0 0
620 0 0 0 0
621 0 0 0 0
622 0 0 0 0
623 0 0 0 0
624 0 0 0 0
625 0 0 0 0
626 0 0 0 0
627 0 0 0 0
628 0 0 0 0
629 0 0 0 0
630 0 0 0 0
631 0 0 0 0
632 0 0 0 0
633 0 0 0 0
634 0 0 0 0
635 0 0 0 0
636 0 0 0 0
637 0 0 0 0
638 0 0 0 0
639 0 0 0 0
640 0 0 0 0
641 0 0 0 0
642 0 0 0 0
643 0 0 0 0
644 0 0 0 0
645 0 0 0 0
646 0 0 0 0
647 0 0 0 0
648 0 0 0 0
649 0 0 0 0
650 0 0 0 0
651 0 0 0 0
652 0 0 0 0
653 0 0 0 0
654 0 0 0 0
655 0 0 0 0
656 0 0 0 0
657 0 0 0 0
658 0 0 0 0
659 0 0 0 0
660 0 0 0 0
661 0 0 0 0
662 0 0 0 0
663 0 0 0 0
664 0 0 0 0
665 0 0 0 0
666 0 0 0 0
667 0 0 0 0
668 0 0 0 0
669 0 0 0 0
670 0 0 0 0
671 0 0 0 0
672 0 0 0 0
673 0 0 0 0
674 0 0 0 0
675 0 0 0 0
676 0 0 0 0
677 0 0 0 0
678 0 0 0 0
679 0 0 0 0
680 0 0 0 0
681 0 0 0 0
682 0 0 0 0
683 0 0 0 0
684 0 0 0 0
685 0 0 0 0
686 0 0 0 0
687 0 0 0 0
688 0 0 0 0
689 0 0 0 0
690 0 0 0 0
691 0 0 0 0
692 0 0 0 0
693 0 0 0 0
694 0 0 0 0
695 0 0 0 0
696 0 0 0 0
697 0 0 0 0
698 0 0 0 0
699 0 0 0 0
700 0 0 0 0
701 0 0 0 0
702 0 0 0 0
703 0 0 0 0
704 0 0 0 0
705 0 0 0 0
706 0 0 0 0
707 0 0 0 0
708 0 0 0 0
709 0 0 0 0
710 0 0 0 0
711 0 0 0 0
712 0 0 0 0
713 0 0 0 0
714 0 0 0 0
715 0 0 0 0
716 0 0 0 0
717 0 0 0 0
718 0 0 0 0
719 0 0 0 0
720 0 0 0 0
721 0 0 0 0
722 0 0 0 0
723 0 0 0 0
724 0 0 0 0
725 0 0 0 0
726 0 0 0 0
727 0 0 0 0
