0 0 0 0 0
1 0 0 0 0
2 0 0 0 0
3 0 0 0 0
4 0 0 0 0
5 0 3 1 0
6 0 0 0 0
7 0 0 0 0
8 0 0 0 0
9 0 1 0 3
10 0 0 0 0
11 0 0 0 0
12 0 0 0 1
13 0 0 0 0
14 0 0 0 0
15 1 0 0 0
16 1 0 0 1
17 0 0 0 0
18 1 0 0 0
19 1 0 0 0
20 1 0 0 0
21 0 0 0 0
22 1 0 0 0
23 1 0 0 0
24 1 2 0 0
25 1 2 0 0
26 0 0 0 0
27 2 1 0 0
28 2 1 0 2
29 0 0 1 1
30 0 0 0 0
31 0 1 0 1
32 2 0 1 2
33 1 1 1 1
34 1 1 0 0
35 1 0 0 1
36 2 0 0 1
37 0 1 0 1
38 0 1 0 1
39 1 0 0 0
40 0 0 0 1
41 0 1 2 1
42 0 0 0 1
43 0 0 1 0
44 0 1 0 0
45 2 1 0 3
46 1 0 0 0
47 1 0 0 0
48 1 0 1 1
49 0 0 0 0
50 4 2 0 1
51 1 0 0 0
52 0 1 0 1
53 0 0 0 0
54 0 0 0 0
55 1 3 1 1
56 1 1 0 0
57 1 1 0 2
58 2 0 0 1
59 2 1 0 3
60 1 0 1 0
61 1 0 0 0
62 2 0 0 1
63 1 1 0 2
64 2 0 2 1
65 0 0 2 1
66 0 0 1 0
67 0 1 2 1
68 0 0 0 1
69 1 0 0 1
70 3 1 0 2
71 1 0 0 3
72 1 1 0 0
73 1 1 1 0
74 1 0 1 2
75 1 1 0 0
76 1 1 0 1
77 0 0 0 1
78 2 0 0 0
79 2 2 0 1
80 1 1 0 2
81 2 1 1 1
82 0 0 1 0
83 2 1 2 1
84 2 0 0 0
85 2 0 1 2
86 1 0 0 2
87 1 0 0 2
88 2 4 1 0
89 1 0 1 1
90 0 1 2 2
91 0 0 0 0
92 2 0 1 2
93 1 1 1 1
94 3 1 0 2
95 2 1 0 3
96 2 0 0 1
97 0 0 1 2
98 0 1 0 1
99 3 0 0 0
100 3 0 1 1
101 1 0 3 1
102 2 0 0 1
103 1 0 3 0
104 2 1 1 0
105 1 2 1 2
106 3 0 1 0
107 1 1 0 3
108 3 2 1 3
109 2 2 1 2
110 0 1 0 1
111 1 2 1 2
112 0 1 1 3
113 1 1 1 1
114 0 0 1 2
115 0 0 0 2
116 1 0 0 3
117 1 1 0 0
118 0 3 0 3
119 1 0 0 1
120 2 0 0 2
121 2 0 0 1
122 3 0 1 3
123 1 0 0 0
124 2 1 0 0
125 1 1 0 0
126 3 2 0 0
127 2 1 1 0
128 2 1 2 1
129 1 1 1 2
130 1 1 0 1
131 1 2 0 0
132 1 1 0 3
133 0 1 1 2
134 1 1 0 3
135 1 1 1 1
136 2 0 0 2
137 1 2 0 2
138 1 0 0 1
139 3 1 1 0
140 2 0 1 0
141 3 1 0 3
142 2 0 0 2
143 3 0 0 0
144 3 1 1 1
145 3 2 0 0
146 2 3 1 2
147 3 1 0 0
148 4 4 1 3
149 4 1 1 1
150 4 0 1 3
151 3 0 3 0
152 2 1 0 2
153 2 3 0 3
154 3 4 0 1
155 3 2 0 5
156 2 2 1 1
157 4 2 2 4
158 3 4 0 2
159 3 2 0 2
160 5 2 0 2
161 1 3 1 5
162 7 0 2 3
163 5 0 5 2
164 6 0 3 3
165 0 1 1 3
166 2 3 0 1
167 6 3 0 5
168 9 3 1 5
169 6 5 1 4
170 3 1 0 4
171 8 2 3 3
172 5 3 4 1
173 6 3 3 3
174 5 2 1 0
175 7 3 1 6
176 7 4 4 6
177 5 2 5 5
178 6 5 2 4
179 4 1 4 5
180 2 3 4 7
181 3 8 1 7
182 3 4 1 7
183 4 1 4 6
184 3 2 4 6
185 3 2 0 5
186 2 3 2 5
187 3 1 1 8
188 6 1 1 11
189 4 3 0 3
190 6 2 2 4
191 2 2 1 2
192 8 1 3 2
193 1 2 2 4
194 5 1 0 2
195 7 3 1 3
196 9 2 0 4
197 11 5 3 5
198 10 2 1 1
199 9 3 4 1
200 6 4 1 3
201 5 8 0 6
202 6 8 0 5
203 6 7 2 3
204 10 3 4 7
205 7 6 1 8
206 5 4 1 10
207 3 5 3 5
208 3 4 7 6
209 6 5 2 4
210 4 6 1 6
211 2 2 3 8
212 2 3 0 10
213 3 6 3 8
214 1 3 3 10
215 3 1 2 8
216 2 0 1 4
217 1 0 1 8
218 2 5 0 8
219 1 1 1 5
220 2 3 1 1
221 3 1 1 3
222 2 0 1 2
223 1 2 0 2
224 1 2 0 3
225 1 1 0 3
226 4 1 1 3
227 5 2 0 2
228 0 0 0 2
229 2 2 0 1
230 1 2 0 1
231 1 1 3 2
232 1 1 3 1
233 2 0 1 2
234 1 3 0 2
235 1 1 1 2
236 2 2 1 4
237 0 0 0 1
238 2 0 0 5
239 1 0 1 1
240 1 1 0 3
241 1 2 0 1
242 0 2 0 0
243 1 1 0 2
244 0 0 1 1
245 0 0 1 0
246 0 0 1 1
247 1 1 1 1
248 0 1 0 3
249 0 0 0 2
250 0 0 0 1
251 0 0 0 0
252 0 1 0 1
253 1 0 0 0
254 0 0 0 2
255 0 0 0 1
256 0 0 0 1
257 0 0 0 0
258 0 0 1 0
259 0 0 0 0
260 0 0 0 0
261 0 0 0 0
262 0 0 0 0
263 0 0 0 0
264 0 0 0 0
265 0 0 0 1
266 1 0 0 0
267 0 0 0 0
268 1 0 0 0
269 1 0 0 0
270 0 0 0 0
271 0 0 0 0
272 0 0 0 0
273 1 0 1 0
274 0 0 0 0
275 0 1 0 0
276 0 0 0 0
277 0 0 0 0
278 0 1 1 0
279 0 0 0 1
280 0 0 0 1
281 0 0 0 0
282 0 0 0 1
283 0 0 0 0
284 0 0 0 0
285 0 0 0 1
286 0 0 0 0
287 0 0 0 0
288 0 0 0 0
289 0 0 0 0
290 0 0 0 0
291 1 0 0 0
292 0 0 0 0
293 0 0 0 0
294 1 0 0 0
295 0 0 0 0
296 0 1 0 0
297 0 0 0 0
298 0 0 0 0
299 0 0 1 0
300 0 0 0 0
301 2 0 0 0
302 1 0 0 0
303 1 0 0 2
304 0 0 0 0
305 0 0 0 0
306 0 2 0 0
307 0 1 0 0
308 0 0 1 0
309 0 0 0 0
310 1 0 0 0
311 0 0 0 1
312 0 0 0 1
313 0 0 0 2
314 0 0 0 0
315 0 1 0 0
316 0 0 0 0
317 0 0 0 0
318 0 0 0 0
319 0 0 0 0
320 0 0 0 0
321 1 0 0 0
322 0 0 0 1
323 0 0 0 0
324 1 0 0 0
325 1 0 0 0
326 0 0 1 0
327 0 0 0 0
328 0 0 0 0
329 0 0 0 0
330 0 0 0 0
331 0 0 0 0
332 0 0 0 0
333 0 1 0 1
334 0 1 0 0
335 0 0 0 0
336 0 0 0 0
337 1 0 0 0
338 1 0 0 1
339 1 0 0 0
340 1 0 0 1
341 0 0 0 0
342 0 0 1 0
343 0 1 0 0
344 1 0 0 0
345 0 0 0 0
346 0 0 0 0
347 0 0 0 1
348 0 0 1 0
349 0 1 0 1
350 0 0 0 0
351 0 0 0 0
352 0 0 0 0
353 0 1 0 0
354 0 0 0 0
355 0 0 0 1
356 0 0 0 1
357 0 0 0 1
358 0 0 0 0
359 0 0 0 0
360 0 0 0 0
361 0 0 0 0
362 1 0 0 0
363 1 0 0 0
364 0 0 0 0
365 0 0 0 0
366 0 0 0 0
367 0 0 1 0
368 0 0 1 0
369 0 0 0 0
370 0 0 0 0
371 0 0 0 1
372 0 0 0 0
373 0 0 0 0
374 0 0 0 0
375 0 0 0 1
376 0 0 0 0
377 0 0 0 0
378 0 0 0 0
379 0 0 0 0
380 0 0 0 0
381 0 0 0 0
382 0 0 0 0
383 0 0 0 0
384 1 0 0 0
385 0 0 0 0
386 1 0 0 0
387 0 0 0 0
388 0 0 0 0
389 1 0 0 0
390 1 0 0 0
391 0 0 1 0
392 0 0 0 0
393 0 1 0 0
394 0 1 0 0
395 1 0 0 1
396 0 0 0 0
397 0 0 0 1
398 0 0 0 0
399 1 0 1 0
400 0 0 0 0
401 1 0 0 1
402 0 0 0 0
403 0 0 0 0
404 1 1 0 0
405 1 0 0 0
406 0 0 1 1
407 0 0 0 0
408 0 1 0 1
409 0 0 0 0
410 0 0 0 1
411 0 0 0 0
412 0 0 0 0
413 0 0 1 0
414 1 0 1 0
415 0 0 0 1
416 0 0 0 0
417 0 0 0 1
418 0 0 0 0
419 2 1 0 0
420 1 0 0 0
421 0 0 0 1
422 0 0 0 0
423 1 0 0 1
424 0 0 0 0
425 0 0 1 0
426 0 0 0 0
427 0 0 0 0
428 1 2 1 0
429 0 0 0 1
430 0 0 0 0
431 0 0 0 0
432 1 0 0 3
433 0 0 0 0
434 0 0 0 0
435 0 0 0 0
436 0 0 0 0
437 0 1 0 0
438 2 0 0 0
439 0 0 0 0
440 2 0 0 0
441 1 1 0 1
442 2 0 0 0
443 1 1 0 0
444 2 0 0 0
445 0 1 0 1
446 0 0 0 0
447 1 3 0 1
448 0 0 1 0
449 1 2 0 1
450 0 1 0 0
451 0 0 0 1
452 2 1 0 1
453 0 0 1 1
454 0 1 0 3
455 1 0 0 0
456 1 0 0 0
457 1 0 0 2
458 2 0 0 1
459 0 0 0 1
460 2 0 1 0
461 1 3 0 0
462 1 0 1 0
463 0 1 1 0
464 0 0 0 0
465 1 1 0 1
466 1 0 0 0
467 1 0 0 2
468 0 0 0 3
469 1 1 0 2
470 1 0 2 0
471 1 2 0 0
472 0 0 0 0
473 2 0 0 0
474 2 1 0 2
475 2 1 0 2
476 1 1 0 1
477 1 0 0 0
478 2 2 0 0
479 0 1 0 1
480 0 1 2 1
481 0 2 0 1
482 1 0 0 1
483 3 0 1 1
484 2 0 0 2
485 2 0 0 3
486 2 0 1 0
487 2 1 0 1
488 3 2 1 0
489 2 0 2 0
490 2 0 0 1
491 2 2 0 1
492 5 0 1 1
493 4 0 2 3
494 2 2 0 0
495 3 0 1 2
496 4 0 2 1
497 2 5 2 1
498 2 3 1 1
499 1 2 1 2
500 3 2 0 3
501 0 1 2 5
502 4 2 2 1
503 0 2 1 0
504 2 2 0 6
505 3 2 1 4
506 0 0 0 5
507 2 2 2 1
508 0 0 0 2
509 0 1 0 3
510 1 0 1 3
511 1 1 0 3
512 0 1 1 1
513 2 1 0 0
514 2 1 1 4
515 3 0 0 0
516 3 0 0 3
517 4 0 0 1
518 2 2 0 3
519 5 0 2 0
520 4 0 0 0
521 3 2 0 0
522 1 1 0 2
523 4 0 4 1
524 1 2 3 0
525 4 2 1 2
526 4 2 1 1
527 4 0 0 2
528 3 3 3 4
529 4 1 1 4
530 2 2 4 3
531 5 1 2 0
532 4 2 1 3
533 2 0 1 4
534 1 2 1 4
535 1 1 2 3
536 1 3 2 3
537 2 4 0 3
538 3 2 0 6
539 1 1 0 2
540 1 2 1 3
541 6 1 2 2
542 6 0 3 3
543 1 0 2 2
544 3 1 0 3
545 4 1 2 2
546 1 2 2 2
547 3 3 1 4
548 3 0 0 2
549 2 2 1 3
550 3 3 3 1
551 1 3 1 3
552 3 1 3 3
553 2 1 1 1
554 3 2 0 7
555 2 0 1 1
556 1 1 0 4
557 3 2 1 3
558 2 0 1 4
559 3 4 0 4
560 6 0 1 1
561 3 1 2 3
562 2 2 0 0
563 2 1 0 4
564 0 2 2 3
565 3 1 1 2
566 0 1 2 1
567 1 1 3 1
568 4 1 0 4
569 1 1 2 1
570 1 2 4 1
571 5 0 0 7
572 4 2 0 2
573 1 3 0 5
574 2 0 0 4
575 3 0 0 0
576 2 2 3 1
577 1 3 1 3
578 2 2 0 0
579 4 0 2 1
580 0 0 1 6
581 3 2 1 2
582 1 0 0 0
583 0 2 0 2
584 0 4 1 1
585 0 0 0 4
586 0 0 3 2
587 0 1 0 2
588 0 1 0 5
589 0 0 0 0
590 0 0 1 3
591 1 1 0 1
592 1 0 0 0
593 2 0 0 1
594 2 0 0 2
595 1 0 0 2
596 0 0 0 0
597 0 1 0 0
598 1 0 1 0
599 0 1 2 0
600 1 0 0 0
601 0 0 0 0
602 0 0 1 0
603 0 1 0 2
604 0 0 1 1
605 0 0 1 1
606 0 0 0 2
607 0 0 0 0
608 0 0 0 0
609 0 0 0 1
610 0 0 0 1
611 0 0 0 1
612 0 0 0 0
613 0 0 0 0
614 0 0 0 0
615 0 0 0 0
616 0 0 0 0
617 0 0 0 0
618 0 0 0 0
619 0 0 0 0
620 0 0 0 0
621 0 0 0 0
622 0 0 0 0
623 0 0 0 0
624 0 0 0 0
625 0 0 0 0
626 0 0 0 0
627 0 0 0 0
628 0 0 0 0
629 0 0 0 0
630 0 0 0 0
631 0 0 0 0
632 0 0 0 0
633 0 0 0 0
634 0 0 0 0
635 0 0 0 0
636 0 0 0 0
637 0 0 0 0
638 0 0 0 0
639 0 0 0 0
640 0 0 0 0
641 0 0 0 0
642 0 0 0 0
643 0 0 0 0
644 0 0 0 0
645 0 0 0 0
646 0 0 0 0
647 0 0 0 0
648 0 0 0 0
649 0 0 0 0
650 0 0 0 0
651 0 0 0 0
652 0 0 0 0
653 0 0 0 0
654 0 0 0 0
655 0 0 0 0
656 0 0 0 0
657 0 0 0 0
658 0 0 0 0
659 0 0 0 0
660 0 0 0 0
661 0 0 0 0
662 0 0 0 0
663 0 0 0 0
664 0 0 0 0
665 0 0 0 0
666 0 0 0 0
667 0 0 0 0
668 0 0 0 0
669 0 0 0 0
670 0 0 0 0
671 0 0 0 0
672 0 0 0 0
673 0 0 0 0
674 0 0 0 0
675 0 0 0 0
676 0 0 0 0
677 0 0 0 0
678 0 0 0 0
679 0 0 0 0
680 0 0 0 0
681 0 0 0 0
682 0 0 0 0
683 0 0 0 0
684 0 0 0 0
685 0 0 0 0
686 0 0 0 0
687 0 0 0 0
688 0 0 0 0
689 0 0 0 0
690 0 0 0 0
691 0 0 0 0
692 0 0 0 0
693 0 0 0 0
694 0 0 0 0
695 0 0 0 0
696 0 0 0 0
697 0 0 0 0
698 0 0 0 0
699 0 0 0 0
700 0 0 0 0
701 0 0 0 0
702 0 0 0 0
703 0 0 0 0
704 0 0 0 0
705 0 0 0 0
706 0 0 0 0
707 0 0 0 0
708 0 0 0 0
709 0 0 0 0
710 0 0 0 0
711 0 0 0 0
712 0 0 0 0
713 0 0 0 0
714 0 0 0 0
715 0 0 0 0
716 0 0 0 0
717 0 0 0 0
718 0 0 0 0
719 0 0 0 0
720 0 0 0 0
721 0 0 0 0
722 0 0 0 0
723 0 0 0 0
724 0 0 0 0
725 0 0 0 0
726 0 0 0 0
727 0 0 0 0
