0 0 0 0 0
1 0 0 0 0
2 0 0 0 0
3 0 0 0 0
4 0 0 0 0
5 0 1 1 0
6 0 0 0 0
7 0 0 0 0
8 0 0 0 0
9 0 1 2 1
10 0 0 0 0
11 0 0 0 0
12 0 0 0 1
13 0 0 0 2
14 0 0 0 0
15 0 0 0 0
16 0 0 0 1
17 0 0 0 0
18 0 0 0 0
19 1 0 0 0
20 0 0 0 0
21 0 0 0 0
22 0 0 0 0
23 0 0 0 0
24 0 0 1 0
25 0 0 0 0
26 1 0 0 0
27 1 0 0 0
28 1 0 0 1
29 0 0 0 0
30 0 0 0 0
31 0 0 0 0
32 0 0 0 0
33 0 0 0 0
34 0 0 0 0
35 0 1 0 0
36 0 1 0 0
37 0 0 1 0
38 0 0 0 0
39 0 0 0 0
40 0 0 0 1
41 0 0 0 0
42 0 0 0 1
43 0 0 0 0
44 0 0 0 1
45 0 0 0 0
46 0 0 0 0
47 1 0 0 0
48 1 0 0 0
49 2 0 0 0
50 3 0 0 0
51 1 0 0 0
52 0 0 1 0
53 1 1 0 0
54 1 0 0 0
55 2 1 1 0
56 2 0 0 0
57 0 0 0 0
58 1 2 1 0
59 2 1 1 1
60 1 2 1 1
61 0 0 1 0
62 0 0 0 4
63 0 1 0 2
64 1 2 0 2
65 0 1 1 2
66 2 0 0 0
67 0 0 0 2
68 2 0 0 1
69 1 0 0 1
70 1 0 0 0
71 1 1 0 1
72 0 0 0 1
73 1 1 1 0
74 0 0 1 0
75 1 1 0 0
76 1 1 0 0
77 1 1 1 2
78 1 1 0 1
79 1 0 0 0
80 2 0 0 1
81 2 0 0 0
82 2 0 0 2
83 2 0 0 1
84 1 1 1 2
85 0 3 0 0
86 3 1 0 0
87 1 1 1 0
88 1 0 1 0
89 1 1 0 4
90 1 0 2 0
91 0 0 1 1
92 0 0 2 1
93 2 0 1 1
94 2 1 0 2
95 2 2 1 2
96 1 1 0 0
97 0 0 0 1
98 1 1 0 3
99 1 1 1 1
100 0 1 0 2
101 0 0 1 1
102 2 1 0 3
103 1 1 0 2
104 1 0 1 1
105 1 0 0 1
106 2 0 0 1
107 1 0 2 0
108 0 0 1 0
109 0 0 0 0
110 3 1 0 1
111 1 0 0 2
112 2 1 0 0
113 1 1 0 0
114 1 0 0 2
115 0 3 0 1
116 1 1 0 1
117 0 0 2 1
118 1 1 0 0
119 0 1 1 2
120 2 1 0 0
121 2 0 0 1
122 2 0 0 2
123 2 2 0 3
124 2 0 0 0
125 2 0 3 1
126 2 2 0 0
127 1 1 0 3
128 0 2 0 0
129 1 1 0 0
130 3 0 1 1
131 2 0 1 1
132 1 1 1 4
133 2 1 1 1
134 0 0 0 1
135 2 1 2 2
136 2 1 1 1
137 2 0 0 2
138 2 0 2 0
139 1 0 1 2
140 1 1 1 1
141 3 2 1 0
142 1 2 0 4
143 0 0 1 2
144 1 0 0 1
145 4 0 0 2
146 4 2 0 1
147 3 2 0 1
148 3 1 0 3
149 0 1 0 0
150 2 3 2 2
151 3 0 2 1
152 2 1 1 1
153 2 2 1 1
154 2 1 1 4
155 2 2 1 0
156 4 2 0 1
157 4 1 1 4
158 2 0 1 3
159 2 1 1 2
160 2 1 0 2
161 3 2 2 3
162 3 1 2 3
163 2 1 1 4
164 2 2 2 0
165 6 1 0 1
166 4 2 1 1
167 5 2 0 2
168 4 0 2 6
169 2 2 1 3
170 0 5 1 4
171 4 2 1 2
172 4 2 2 2
173 2 0 3 3
174 2 0 2 5
175 1 1 1 2
176 2 3 2 2
177 3 3 1 4
178 3 1 1 3
179 0 2 0 4
180 2 1 1 5
181 1 2 0 2
182 3 4 0 2
183 1 0 1 2
184 3 1 0 3
185 1 2 1 1
186 2 2 0 2
187 4 2 0 1
188 0 0 1 1
189 1 3 1 5
190 1 0 0 1
191 4 1 2 3
192 6 0 2 2
193 1 0 0 4
194 5 0 1 0
195 2 1 0 2
196 6 2 2 2
197 3 2 2 1
198 3 2 0 1
199 2 3 2 2
200 1 1 1 4
201 1 3 2 2
202 1 2 0 1
203 1 1 0 5
204 0 2 1 5
205 1 2 2 2
206 1 2 0 2
207 0 3 0 3
208 1 0 2 3
209 0 0 0 2
210 0 1 0 1
211 0 0 2 4
212 0 0 0 3
213 0 1 0 2
214 0 0 0 1
215 0 0 0 1
216 1 0 0 1
217 3 0 0 0
218 0 0 0 1
219 1 0 0 0
220 1 0 0 1
221 1 0 0 0
222 0 2 1 0
223 0 0 0 0
224 0 0 0 0
225 0 0 1 0
226 0 1 0 2
227 2 0 0 0
228 1 1 0 0
229 1 1 0 1
230 0 0 0 1
231 0 0 0 0
232 0 1 0 0
233 0 0 1 2
234 1 1 0 0
235 1 0 0 1
236 1 0 1 0
237 1 0 0 1
238 0 0 0 1
239 2 0 0 1
240 0 1 0 1
241 0 0 0 0
242 0 0 0 0
243 1 0 1 0
244 1 1 1 1
245 0 0 1 0
246 1 0 1 0
247 0 0 0 1
248 0 0 0 0
249 0 0 1 0
250 0 0 0 1
251 0 0 0 2
252 0 1 0 1
253 0 0 0 0
254 1 0 0 0
255 0 1 0 0
256 0 0 0 1
257 0 0 0 0
258 0 0 0 0
259 0 1 0 2
260 0 0 0 0
261 0 0 0 0
262 1 0 0 0
263 0 0 0 1
264 0 0 0 0
265 0 0 0 0
266 0 0 0 0
267 0 0 0 0
268 0 0 0 0
269 0 0 0 0
270 0 0 0 0
271 0 0 1 0
272 0 0 0 0
273 0 0 0 0
274 0 0 0 0
275 0 0 0 0
276 0 0 0 0
277 0 0 0 0
278 1 0 0 1
279 0 0 0 0
280 1 0 0 0
281 1 0 0 0
282 0 0 0 0
283 0 1 0 0
284 0 0 0 0
285 0 0 0 0
286 0 1 0 0
287 0 0 0 1
288 0 0 0 0
289 0 0 1 0
290 0 0 0 0
291 0 0 0 0
292 1 0 0 0
293 0 0 0 2
294 0 0 0 0
295 0 0 0 0
296 0 0 0 0
297 0 0 1 0
298 0 0 0 0
299 1 0 0 0
300 0 0 0 0
301 0 0 0 1
302 0 0 0 0
303 0 0 0 0
304 0 0 0 0
305 1 0 0 0
306 0 0 0 0
307 0 0 0 0
308 1 1 0 0
309 0 0 0 0
310 0 0 1 0
311 0 0 0 0
312 0 0 0 1
313 0 1 0 0
314 0 0 0 1
315 0 0 0 0
316 0 0 0 0
317 0 0 0 1
318 0 0 0 0
319 0 0 0 0
320 0 0 0 0
321 0 0 0 0
322 0 0 0 0
323 0 0 0 0
324 0 0 0 0
325 0 0 0 0
326 0 0 0 0
327 0 0 0 0
328 0 0 0 0
329 0 0 0 0
330 0 0 0 0
331 0 0 0 0
332 0 0 0 0
333 0 0 0 0
334 0 0 0 0
335 0 0 0 0
336 0 0 0 0
337 0 0 0 0
338 0 0 0 0
339 0 0 0 0
340 0 0 0 0
341 0 0 0 0
342 0 0 0 0
343 0 0 0 0
344 0 0 0 0
345 0 0 0 0
346 0 0 0 0
347 0 0 0 0
348 0 0 0 0
349 0 0 0 0
350 0 0 0 0
351 0 0 0 0
352 0 0 0 0
353 0 0 0 0
354 0 0 0 0
355 0 0 0 0
356 0 0 0 0
357 0 0 0 0
358 0 0 0 0
359 0 0 0 0
360 0 0 0 0
361 0 0 0 0
362 0 0 0 0
363 0 0 0 0
364 0 0 0 0
365 0 0 0 0
366 0 0 0 0
367 0 0 0 0
368 0 0 0 0
369 0 0 0 0
370 0 0 0 0
371 0 0 0 0
372 0 0 0 0
373 0 0 0 0
374 0 0 0 0
375 0 0 0 0
376 0 0 0 0
377 0 0 0 0
378 0 0 0 0
379 0 0 0 0
380 0 0 0 0
381 0 0 0 0
382 0 0 0 0
383 0 0 0 0
384 0 0 0 0
385 0 0 0 0
386 0 0 0 0
387 0 0 0 0
388 0 0 0 0
389 0 0 0 0
390 0 0 0 0
391 0 0 0 0
392 0 0 0 0
393 0 0 0 0
394 0 0 0 0
395 0 0 0 0
396 0 0 0 0
397 0 0 0 0
398 0 0 0 0
399 0 0 0 0
400 0 0 0 0
401 0 0 0 0
402 0 0 0 0
403 0 0 0 0
404 0 0 0 0
405 0 0 0 0
406 0 0 0 0
407 0 0 0 0
408 0 0 0 0
409 0 0 0 0
410 0 0 0 0
411 0 0 0 0
412 0 0 0 0
413 0 0 0 0
414 0 0 0 0
415 0 0 0 0
416 0 0 0 0
417 0 0 0 0
418 0 0 0 0
419 0 0 0 0
420 0 0 0 0
421 0 0 0 0
422 0 0 0 0
423 0 0 0 0
424 0 0 0 0
425 0 0 0 0
426 0 0 0 0
427 0 0 0 0
428 0 0 0 0
429 0 0 0 0
430 0 0 0 0
431 0 0 0 0
432 0 0 0 0
433 0 0 0 0
434 0 0 0 0
435 0 0 0 0
436 0 0 0 0
437 0 0 0 0
438 0 0 0 0
439 0 0 0 0
440 0 0 0 0
441 0 0 0 0
442 0 0 0 0
443 0 0 0 0
444 0 0 0 0
445 0 0 0 0
446 0 0 0 0
447 0 0 0 0
448 0 0 0 0
449 0 0 0 0
450 0 0 0 0
451 0 0 0 0
452 0 0 0 0
453 0 0 0 0
454 0 0 0 0
455 0 0 0 0
456 0 0 0 0
457 0 0 0 0
458 0 0 0 0
459 0 0 0 0
460 0 0 0 0
461 0 0 0 0
462 0 0 0 0
463 0 0 0 0
464 0 0 0 0
465 0 0 0 0
466 0 0 0 0
467 0 0 0 0
468 0 0 0 0
469 0 0 0 0
470 0 0 0 0
471 0 0 0 0
472 0 0 0 0
473 0 0 0 0
474 0 0 0 0
475 0 0 0 0
476 0 0 0 0
477 0 0 0 0
478 0 0 0 0
479 0 0 0 0
480 0 0 0 0
481 0 0 0 0
482 0 0 0 0
483 0 0 0 0
484 0 0 0 0
485 0 0 0 0
486 0 0 0 0
487 0 0 0 0
488 0 0 0 0
489 0 0 0 0
490 0 0 0 0
491 0 0 0 0
492 0 0 0 0
493 0 0 0 0
494 0 0 0 0
495 0 0 0 0
496 0 0 0 0
497 0 0 0 0
498 0 0 0 0
499 0 0 0 0
500 0 0 0 0
501 0 0 0 0
502 0 0 0 0
503 0 0 0 0
504 0 0 0 0
505 0 0 0 0
506 0 0 0 0
507 0 0 0 0
508 0 0 0 0
509 0 0 0 0
510 0 0 0 0
511 0 0 0 0
512 0 0 0 0
513 0 0 0 0
514 0 0 0 0
515 0 0 0 0
516 0 0 0 0
517 0 0 0 0
518 0 0 0 0
519 0 0 0 0
520 0 0 0 0
521 0 0 0 0
522 0 0 0 0
523 0 0 0 0
524 0 0 0 0
525 0 0 0 0
526 0 0 0 0
527 0 0 0 0
528 0 0 0 0
529 0 0 0 0
530 0 0 0 0
531 0 0 0 0
532 0 0 0 0
533 0 0 0 0
534 0 0 0 0
535 0 0 0 0
536 0 0 0 0
537 0 0 0 0
538 0 0 0 0
539 0 0 0 0
540 0 0 0 0
541 0 0 0 0
542 0 0 0 0
543 0 0 0 0
544 0 0 0 0
545 0 0 0 0
546 0 0 0 0
547 0 0 0 0
548 0 0 0 0
549 0 0 0 0
550 0 0 0 0
551 0 0 0 0
552 0 0 0 0
553 0 0 0 0
554 0 0 0 0
555 0 0 0 0
556 0 0 0 0
557 0 0 0 0
558 0 0 0 0
559 0 0 0 0
560 0 0 0 0
561 0 0 0 0
562 0 0 0 0
563 0 0 0 0
564 0 0 0 0
565 0 0 0 0
566 0 0 0 0
567 0 0 0 0
568 0 0 0 0
569 0 0 0 0
570 0 0 0 0
571 0 0 0 0
572 0 0 0 0
573 0 0 0 0
574 0 0 0 0
575 0 0 0 0
576 0 0 0 0
577 0 0 0 0
578 0 0 0 0
579 0 0 0 0
580 0 0 0 0
581 0 0 0 0
582 0 0 0 0
583 0 0 0 0
584 0 0 0 0
585 0 0 0 0
586 0 0 0 0
587 0 0 0 0
588 0 0 0 0
589 0 0 0 0
590 0 0 0 0
591 0 0 0 0
592 0 0 0 0
593 0 0 0 0
594 0 0 0 0
595 0 0 0 0
596 0 0 0 0
597 0 0 0 0
598 0 0 0 0
599 0 0 0 0
600 0 0 0 0
601 0 0 0 0
602 0 0 0 0
603 0 0 0 0
604 0 0 0 0
605 0 0 0 0
606 0 0 0 0
607 0 0 0 0
608 0 0 0 0
609 0 0 0 0
610 0 0 0 0
611 0 0 0 0
612 0 0 0 0
613 0 0 0 0
614 0 0 0 0
615 0 0 0 0
616 0 0 0 0
617 0 0 0 0
618 0 0 0 0
619 0 0 0 0
620 0 0 0 0
621 0 0 0 0
622 0 0 0 0
623 0 0 0 0
624 0 0 0 0
625 0 0 0 0
626 0 0 0 0
627 0 0 0 0
628 0 0 0 0
629 0 0 0 0
630 0 0 0 0
631 0 0 0 0
632 0 0 0 0
633 0 0 0 0
634 0 0 0 0
635 0 0 0 0
636 0 0 0 0
637 0 0 0 0
638 0 0 0 0
639 0 0 0 0
640 0 0 0 0
641 0 0 0 0
642 0 0 0 0
643 0 0 0 0
644 0 0 0 0
645 0 0 0 0
646 0 0 0 0
647 0 0 0 0
648 0 0 0 0
649 0 0 0 0
650 0 0 0 0
651 0 0 0 0
652 0 0 0 0
653 0 0 0 0
654 0 0 0 0
655 0 0 0 0
656 0 0 0 0
657 0 0 0 0
658 0 0 0 0
659 0 0 0 0
660 0 0 0 0
661 0 0 0 0
662 0 0 0 0
663 0 0 0 0
664 0 0 0 0
665 0 0 0 0
666 0 0 0 0
667 0 0 0 0
668 0 0 0 0
669 0 0 0 0
670 0 0 0 0
671 0 0 0 0
672 0 0 0 0
673 0 0 0 0
674 0 0 0 0
675 0 0 0 0
676 0 0 0 0
677 0 0 0 0
678 0 0 0 0
679 0 0 0 0
680 0 0 0 0
681 0 0 0 0
682 0 0 0 0
683 0 0 0 0
684 0 0 0 0
685 0 0 0 0
686 0 0 0 0
687 0 0 0 0
688 0 0 0 0
689 0 0 0 0
690 0 0 0 0
691 0 0 0 0
692 0 0 0 0
693 0 0 0 0
694 0 0 0 0
695 0 0 0 0
696 0 0 0 0
697 0 0 0 0
698 0 0 0 0
699 0 0 0 0
700 0 0 0 0
701 0 0 0 0
702 0 0 0 0
703 0 0 0 0
704 0 0 0 0
705 0 0 0 0
706 0 0 0 0
707 0 0 0 0
708 0 0 0 0
709 0 0 0 0
710 0 0 0 0
711 0 0 0 0
712 0 0 0 0
713 0 0 0 0
714 0 0 0 0
715 0 0 0 0
716 0 0 0 0
717 0 0 0 0
718 0 0 0 0
719 0 0 0 0
720 0 0 0 0
721 0 0 0 0
722 0 0 0 0
723 0 0 0 0
724 0 0 0 0
725 0 0 0 0
726 0 0 0 0
727 0 0 0 0
