0 0 0 0 0
1 0 0 0 0
2 0 0 0 0
3 0 0 0 0
4 0 0 0 0
5 0 3 2 0
6 0 0 0 0
7 0 0 0 0
8 0 0 0 0
9 0 0 0 2
10 0 0 0 0
11 0 0 0 0
12 0 0 0 3
13 0 0 0 0
14 0 0 0 0
15 0 0 0 0
16 0 0 0 0
17 1 0 0 0
18 1 0 0 0
19 0 0 0 0
20 1 0 0 0
21 1 0 0 0
22 0 1 0 0
23 1 1 0 0
24 0 0 0 0
25 1 0 0 0
26 0 1 0 1
27 1 0 0 0
28 0 0 0 0
29 1 0 1 0
30 0 0 0 2
31 1 0 0 0
32 0 0 1 0
33 1 0 1 0
34 0 0 1 0
35 0 0 0 0
36 0 1 0 1
37 0 0 0 0
38 0 1 0 0
39 1 0 0 1
40 0 0 0 3
41 0 0 0 0
42 1 1 0 0
43 1 0 0 0
44 0 0 0 0
45 1 0 0 1
46 0 0 0 1
47 1 0 1 0
48 2 2 0 0
49 3 0 0 0
50 3 1 0 0
51 0 0 0 0
52 2 0 0 2
53 1 2 0 0
54 1 2 1 1
55 1 0 0 0
56 1 0 0 0
57 2 1 1 2
58 0 0 1 1
59 1 1 2 1
60 2 0 0 2
61 0 0 0 1
62 1 3 0 0
63 0 1 0 2
64 1 0 2 1
65 0 2 0 2
66 0 0 0 3
67 1 1 0 0
68 1 0 0 1
69 2 0 1 1
70 1 0 0 1
71 2 0 0 2
72 2 0 0 1
73 1 1 1 1
74 3 0 0 0
75 1 1 0 0
76 0 3 0 0
77 1 1 0 1
78 1 1 2 0
79 4 0 1 1
80 2 0 1 1
81 3 1 0 1
82 1 1 0 2
83 2 2 1 3
84 1 2 2 1
85 2 1 1 2
86 1 1 1 2
87 1 0 1 2
88 3 1 1 0
89 1 1 0 2
90 2 1 1 3
91 1 0 0 4
92 0 1 0 2
93 2 1 1 1
94 3 2 0 2
95 2 1 1 0
96 2 1 0 0
97 0 2 0 1
98 3 1 1 1
99 6 0 0 3
100 4 0 0 3
101 1 1 1 2
102 4 0 0 2
103 3 2 4 0
104 2 4 1 1
105 0 2 1 1
106 2 1 0 0
107 4 2 1 3
108 3 3 2 5
109 3 2 0 1
110 1 0 0 5
111 3 0 1 2
112 4 3 0 7
113 3 1 0 1
114 1 1 2 0
115 1 2 1 0
116 1 2 2 3
117 4 3 1 1
118 3 1 2 3
119 5 0 0 3
120 4 0 2 3
121 1 2 1 4
122 2 3 1 1
123 1 3 0 2
124 3 2 1 2
125 2 0 4 4
126 4 2 0 1
127 0 2 0 3
128 3 2 0 4
129 2 1 0 5
130 4 2 0 3
131 4 3 1 0
132 2 1 0 4
133 3 2 1 1
134 3 1 1 3
135 1 2 2 1
136 5 0 1 2
137 3 2 1 1
138 5 1 0 3
139 2 0 2 1
140 6 2 1 4
141 1 3 0 2
142 6 3 1 3
143 4 3 3 3
144 4 0 2 4
145 5 5 1 2
146 6 0 1 4
147 1 4 1 5
148 3 0 3 4
149 3 3 1 3
150 3 2 0 2
151 3 3 4 3
152 3 0 3 4
153 3 2 2 1
154 4 2 3 4
155 6 2 1 7
156 8 1 1 6
157 4 3 0 4
158 2 3 0 3
159 3 2 1 2
160 5 3 1 1
161 3 2 2 6
162 2 2 2 3
163 3 4 0 5
164 7 3 2 4
165 6 4 1 4
166 7 2 3 3
167 2 1 1 4
168 5 2 0 4
169 6 7 2 3
170 9 1 4 4
171 6 1 0 4
172 9 0 1 5
173 5 4 0 6
174 8 3 3 2
175 4 6 9 0
176 5 4 2 7
177 3 3 5 3
178 2 4 1 3
179 3 4 3 8
180 4 4 1 5
181 2 4 2 5
182 3 4 0 10
183 1 2 1 8
184 5 1 2 9
185 7 3 0 4
186 7 2 3 6
187 7 2 1 6
188 6 1 0 5
189 5 3 1 4
190 7 2 0 4
191 8 3 2 3
192 9 3 1 0
193 11 4 3 5
194 3 5 2 3
195 7 3 1 4
196 6 6 2 4
197 5 6 6 3
198 6 5 4 3
199 4 2 3 4
200 2 4 3 10
201 4 3 3 13
202 6 4 5 5
203 5 3 2 5
204 4 3 4 10
205 3 2 1 8
206 0 1 1 6
207 0 6 2 4
208 4 2 1 6
209 6 4 0 8
210 3 3 3 4
211 2 1 0 5
212 6 1 1 4
213 3 2 1 3
214 5 0 2 8
215 3 1 1 2
216 7 2 0 3
217 2 3 3 3
218 6 2 3 0
219 2 3 1 2
220 6 1 1 3
221 2 5 3 6
222 5 2 1 3
223 3 3 2 4
224 4 1 1 3
225 3 1 6 7
226 1 1 2 4
227 1 3 3 3
228 0 2 1 4
229 2 0 2 4
230 2 2 1 6
231 2 1 2 4
232 3 0 1 5
233 0 1 1 1
234 0 0 1 6
235 1 1 2 3
236 3 1 0 2
237 2 0 0 2
238 2 0 1 3
239 1 0 0 3
240 2 2 0 2
241 0 2 3 0
242 3 0 0 1
243 3 0 0 0
244 4 0 1 1
245 2 1 0 5
246 1 2 1 0
247 1 0 2 0
248 1 2 0 1
249 0 2 1 0
250 1 2 1 2
251 3 3 0 4
252 2 1 1 2
253 2 2 2 3
254 1 0 0 0
255 1 1 0 2
256 0 1 1 1
257 0 1 0 5
258 1 1 0 2
259 1 0 1 3
260 1 1 1 2
261 1 0 1 0
262 1 0 1 1
263 1 1 0 2
264 0 0 1 2
265 1 0 1 0
266 1 0 0 1
267 1 0 1 1
268 1 1 0 2
269 0 0 0 1
270 1 1 0 1
271 0 1 0 0
272 2 0 0 1
273 0 0 0 0
274 1 1 0 1
275 0 0 0 1
276 1 0 1 0
277 1 2 1 1
278 0 0 0 1
279 0 1 1 0
280 1 0 0 1
281 0 0 0 3
282 0 0 0 0
283 0 0 0 0
284 0 0 0 1
285 0 0 1 0
286 1 1 0 1
287 0 0 0 0
288 1 0 0 0
289 0 0 1 1
290 0 0 0 0
291 0 0 0 0
292 0 0 0 0
293 0 1 0 1
294 0 0 0 0
295 0 1 0 0
296 0 0 0 1
297 0 0 0 1
298 0 0 0 0
299 0 0 0 1
300 0 0 0 0
301 0 0 0 0
302 0 0 0 0
303 0 0 0 0
304 0 0 0 0
305 0 0 0 0
306 0 0 0 0
307 0 0 0 0
308 0 0 0 0
309 0 0 0 0
310 0 0 0 0
311 0 0 0 0
312 0 0 0 0
313 0 0 0 0
314 0 0 0 0
315 0 0 0 0
316 0 0 0 0
317 0 0 0 0
318 0 0 0 0
319 0 0 0 0
320 0 0 0 0
321 0 0 0 0
322 0 0 0 0
323 0 0 0 0
324 0 0 0 0
325 0 0 0 0
326 0 0 0 0
327 0 0 0 0
328 0 0 0 0
329 0 0 0 0
330 0 0 0 0
331 0 0 0 0
332 0 0 0 0
333 0 0 0 0
334 0 0 0 0
335 0 0 0 0
336 0 0 0 0
337 0 0 0 0
338 0 0 0 0
339 0 0 0 0
340 0 0 0 0
341 0 0 0 0
342 0 0 0 0
343 0 0 0 0
344 0 0 0 0
345 0 0 0 0
346 0 0 0 0
347 0 0 0 0
348 0 0 0 0
349 0 0 0 0
350 0 0 0 0
351 0 0 0 0
352 0 0 0 0
353 0 0 0 0
354 0 0 0 0
355 0 0 0 0
356 0 0 0 0
357 0 0 0 0
358 0 0 0 0
359 0 0 0 0
360 0 0 0 0
361 0 0 0 0
362 0 0 0 0
363 0 0 0 0
364 0 0 0 0
365 0 0 0 0
366 0 0 0 0
367 0 0 0 0
368 0 0 0 0
369 0 0 0 0
370 0 0 0 0
371 0 0 0 0
372 0 0 0 0
373 0 0 0 0
374 0 0 0 0
375 0 0 0 0
376 0 0 0 0
377 0 0 0 0
378 0 0 0 0
379 0 0 0 0
380 0 0 0 0
381 0 0 0 0
382 0 0 0 0
383 0 0 0 0
384 0 0 0 0
385 0 0 0 0
386 0 0 0 0
387 0 0 0 0
388 0 0 0 0
389 0 0 0 0
390 0 0 0 0
391 0 0 0 0
392 0 0 0 0
393 0 0 0 0
394 0 0 0 0
395 0 0 0 0
396 0 0 0 0
397 0 0 0 0
398 0 0 0 0
399 0 0 0 0
400 0 0 0 0
401 0 0 0 0
402 0 0 0 0
403 0 0 0 0
404 0 0 0 0
405 0 0 0 0
406 0 0 0 0
407 0 0 0 0
408 0 0 0 0
409 0 0 0 0
410 0 0 0 0
411 0 0 0 0
412 0 0 0 0
413 0 0 0 0
414 0 0 0 0
415 0 0 0 0
416 0 0 0 0
417 0 0 0 0
418 0 0 0 0
419 0 0 0 0
420 0 0 0 0
421 0 0 0 0
422 0 0 0 0
423 0 0 0 0
424 0 0 0 0
425 0 0 0 0
426 0 0 0 0
427 0 0 0 0
428 0 0 0 0
429 0 0 0 0
430 0 0 0 0
431 0 0 0 0
432 0 0 0 0
433 0 0 0 0
434 0 0 0 0
435 0 0 0 0
436 0 0 0 0
437 0 0 0 0
438 0 0 0 0
439 0 0 0 0
440 0 0 0 0
441 0 0 0 0
442 0 0 0 0
443 0 0 0 0
444 0 0 0 0
445 0 0 0 0
446 0 0 0 0
447 0 0 0 0
448 0 0 0 0
449 0 0 0 0
450 0 0 0 0
451 0 0 0 0
452 0 0 0 0
453 0 0 0 0
454 0 0 0 0
455 0 0 0 0
456 0 0 0 0
457 0 0 0 0
458 0 0 0 0
459 0 0 0 0
460 0 0 0 0
461 0 0 0 0
462 0 0 0 0
463 0 0 0 0
464 0 0 0 0
465 0 0 0 0
466 0 0 0 0
467 0 0 0 0
468 0 0 0 0
469 0 0 0 0
470 0 0 0 0
471 0 0 0 0
472 0 0 0 0
473 0 0 0 0
474 0 0 0 0
475 0 0 0 0
476 0 0 0 0
477 0 0 0 0
478 0 0 0 0
479 0 0 0 0
480 0 0 0 0
481 0 0 0 0
482 0 0 0 0
483 0 0 0 0
484 0 0 0 0
485 0 0 0 0
486 0 0 0 0
487 0 0 0 0
488 0 0 0 0
489 0 0 0 0
490 0 0 0 0
491 0 0 0 0
492 0 0 0 0
493 0 0 0 0
494 0 0 0 0
495 0 0 0 0
496 0 0 0 0
497 0 0 0 0
498 0 0 0 0
499 0 0 0 0
500 0 0 0 0
501 0 0 0 0
502 0 0 0 0
503 0 0 0 0
504 0 0 0 0
505 0 0 0 0
506 0 0 0 0
507 0 0 0 0
508 0 0 0 0
509 0 0 0 0
510 0 0 0 0
511 0 0 0 0
512 0 0 0 0
513 0 0 0 0
514 0 0 0 0
515 0 0 0 0
516 0 0 0 0
517 0 0 0 0
518 0 0 0 0
519 0 0 0 0
520 0 0 0 0
521 0 0 0 0
522 0 0 0 0
523 0 0 0 0
524 0 0 0 0
525 0 0 0 0
526 0 0 0 0
527 0 0 0 0
528 0 0 0 0
529 0 0 0 0
530 0 0 0 0
531 0 0 0 0
532 0 0 0 0
533 0 0 0 0
534 0 0 0 0
535 0 0 0 0
536 0 0 0 0
537 0 0 0 0
538 0 0 0 0
539 0 0 0 0
540 0 0 0 0
541 0 0 0 0
542 0 0 0 0
543 0 0 0 0
544 0 0 0 0
545 0 0 0 0
546 0 0 0 0
547 0 0 0 0
548 0 0 0 0
549 0 0 0 0
550 0 0 0 0
551 0 0 0 0
552 0 0 0 0
553 0 0 0 0
554 0 0 0 0
555 0 0 0 0
556 0 0 0 0
557 0 0 0 0
558 0 0 0 0
559 0 0 0 0
560 0 0 0 0
561 0 0 0 0
562 0 0 0 0
563 0 0 0 0
564 0 0 0 0
565 0 0 0 0
566 0 0 0 0
567 0 0 0 0
568 0 0 0 0
569 0 0 0 0
570 0 0 0 0
571 0 0 0 0
572 0 0 0 0
573 0 0 0 0
574 0 0 0 0
575 0 0 0 0
576 0 0 0 0
577 0 0 0 0
578 0 0 0 0
579 0 0 0 0
580 0 0 0 0
581 0 0 0 0
582 0 0 0 0
583 0 0 0 0
584 0 0 0 0
585 0 0 0 0
586 0 0 0 0
587 0 0 0 0
588 0 0 0 0
589 0 0 0 0
590 0 0 0 0
591 0 0 0 0
592 0 0 0 0
593 0 0 0 0
594 0 0 0 0
595 0 0 0 0
596 0 0 0 0
597 0 0 0 0
598 0 0 0 0
599 0 0 0 0
600 0 0 0 0
601 0 0 0 0
602 0 0 0 0
603 0 0 0 0
604 0 0 0 0
605 0 0 0 0
606 0 0 0 0
607 0 0 0 0
608 0 0 0 0
609 0 0 0 0
610 0 0 0 0
611 0 0 0 0
612 0 0 0 0
613 0 0 0 0
614 0 0 0 0
615 0 0 0 0
616 0 0 0 0
617 0 0 0 0
618 0 0 0 0
619 0 0 0 0
620 0 0 0 0
621 0 0 0 0
622 0 0 0 0
623 0 0 0 0
624 0 0 0 0
625 0 0 0 0
626 0 0 0 0
627 0 0 0 0
628 0 0 0 0
629 0 0 0 0
630 0 0 0 0
631 0 0 0 0
632 0 0 0 0
633 0 0 0 0
634 0 0 0 0
635 0 0 0 0
636 0 0 0 0
637 0 0 0 0
638 0 0 0 0
639 0 0 0 0
640 0 0 0 0
641 0 0 0 0
642 0 0 0 0
643 0 0 0 0
644 0 0 0 0
645 0 0 0 0
646 0 0 0 0
647 0 0 0 0
648 0 0 0 0
649 0 0 0 0
650 0 0 0 0
651 0 0 0 0
652 0 0 0 0
653 0 0 0 0
654 0 0 0 0
655 0 0 0 0
656 0 0 0 0
657 0 0 0 0
658 0 0 0 0
659 0 0 0 0
660 0 0 0 0
661 0 0 0 0
662 0 0 0 0
663 0 0 0 0
664 0 0 0 0
665 0 0 0 0
666 0 0 0 0
667 0 0 0 0
668 0 0 0 0
669 0 0 0 0
670 0 0 0 0
671 0 0 0 0
672 0 0 0 0
673 0 0 0 0
674 0 0 0 0
675 0 0 0 0
676 0 0 0 0
677 0 0 0 0
678 0 0 0 0
679 0 0 0 0
680 0 0 0 0
681 0 0 0 0
682 0 0 0 0
683 0 0 0 0
684 0 0 0 0
685 0 0 0 0
686 0 0 0 0
687 0 0 0 0
688 0 0 0 0
689 0 0 0 0
690 0 0 0 0
691 0 0 0 0
692 0 0 0 0
693 0 0 0 0
694 0 0 0 0
695 0 0 0 0
696 0 0 0 0
697 0 0 0 0
698 0 0 0 0
699 0 0 0 0
700 0 0 0 0
701 0 0 0 0
702 0 0 0 0
703 0 0 0 0
704 0 0 0 0
705 0 0 0 0
706 0 0 0 0
707 0 0 0 0
708 0 0 0 0
709 0 0 0 0
710 0 0 0 0
711 0 0 0 0
712 0 0 0 0
713 0 0 0 0
714 0 0 0 0
715 0 0 0 0
716 0 0 0 0
717 0 0 0 0
718 0 0 0 0
719 0 0 0 0
720 0 0 0 0
721 0 0 0 0
722 0 0 0 0
723 0 0 0 0
724 0 0 0 0
725 0 0 0 0
726 0 0 0 0
727 0 0 0 0
