0 0 0 0 0
1 0 0 0 0
2 0 0 0 0
3 0 0 0 0
4 0 0 0 0
5 0 2 1 0
6 0 0 0 0
7 0 0 0 0
8 0 0 0 0
9 0 0 2 2
10 0 0 0 0
11 0 0 0 0
12 0 0 0 1
13 0 0 0 2
14 0 0 0 0
15 0 0 0 0
16 0 0 0 0
17 0 0 0 0
18 0 0 0 0
19 1 0 0 0
20 1 0 0 0
21 1 0 0 0
22 2 0 0 0
23 1 0 0 0
24 1 0 0 0
25 1 0 1 0
26 1 0 1 0
27 1 1 0 0
28 0 0 1 0
29 2 0 0 1
30 0 1 0 0
31 1 1 0 1
32 1 0 1 0
33 2 1 0 1
34 0 0 2 0
35 0 0 1 2
36 1 1 0 1
37 0 0 0 2
38 0 0 1 0
39 0 0 0 0
40 0 0 1 1
41 2 1 1 2
42 0 1 0 2
43 1 0 0 0
44 2 0 0 0
45 2 0 0 2
46 3 1 1 1
47 2 0 0 1
48 1 0 0 0
49 4 0 1 0
50 2 0 0 1
51 1 0 2 1
52 3 2 1 0
53 0 1 0 0
54 0 4 2 0
55 1 1 0 1
56 0 1 0 4
57 0 2 1 1
58 0 0 0 6
59 2 0 2 1
60 2 1 0 0
61 1 0 1 2
62 0 0 0 0
63 1 0 0 2
64 1 1 0 3
65 5 2 0 0
66 3 1 0 1
67 3 0 0 0
68 3 2 0 2
69 3 0 0 1
70 1 0 1 1
71 2 0 2 0
72 2 1 2 3
73 2 2 1 0
74 1 3 2 0
75 1 0 1 0
76 2 0 1 2
77 2 1 2 1
78 1 2 2 8
79 2 1 1 1
80 2 2 0 3
81 2 1 0 0
82 1 0 1 2
83 3 0 0 2
84 2 1 0 4
85 1 2 0 3
86 4 2 0 2
87 4 1 1 1
88 3 0 2 1
89 6 1 0 2
90 4 1 0 0
91 6 3 0 1
92 9 2 4 2
93 5 2 2 3
94 0 1 1 1
95 2 3 1 2
96 3 2 2 3
97 2 4 1 4
98 2 5 2 2
99 2 1 0 5
100 3 1 1 4
101 2 5 3 3
102 4 3 2 4
103 3 0 0 1
104 5 3 1 4
105 2 0 0 7
106 1 1 1 3
107 6 1 4 1
108 6 2 1 10
109 3 4 1 3
110 5 0 1 1
111 5 0 1 1
112 2 4 1 0
113 4 5 1 2
114 6 0 3 6
115 6 3 0 4
116 7 2 2 7
117 3 1 2 3
118 3 3 2 1
119 5 1 3 3
120 4 2 3 6
121 8 2 1 4
122 10 1 2 3
123 3 3 2 4
124 9 3 4 4
125 7 3 4 5
126 2 3 1 2
127 5 4 3 5
128 4 0 3 5
129 9 3 5 4
130 5 3 5 7
131 4 6 1 6
132 5 3 1 4
133 3 3 4 6
134 4 4 4 10
135 5 1 1 6
136 10 3 3 6
137 9 2 0 7
138 5 4 2 7
139 7 5 1 2
140 6 2 3 4
141 14 8 4 4
142 10 2 3 5
143 10 3 2 9
144 7 6 2 5
145 8 6 2 8
146 10 5 5 5
147 10 1 1 4
148 6 4 5 9
149 6 5 2 7
150 7 4 9 8
151 10 9 5 7
152 11 3 3 7
153 9 1 3 8
154 8 4 4 9
155 7 4 3 10
156 8 9 3 7
157 8 5 1 10
158 14 4 3 13
159 8 4 2 8
160 8 3 3 5
161 19 9 2 6
162 6 6 6 7
163 9 6 5 10
164 14 5 7 5
165 12 5 4 9
166 7 5 4 10
167 8 9 2 10
168 8 5 2 13
169 6 7 7 10
170 7 9 10 10
171 5 1 2 12
172 6 5 4 5
173 13 3 3 13
174 9 5 4 13
175 16 3 6 4
176 4 1 3 11
177 12 9 2 12
178 10 3 2 10
179 6 6 3 8
180 9 9 4 6
181 10 3 1 11
182 11 9 9 6
183 11 4 3 7
184 8 5 5 8
185 15 5 2 4
186 11 2 6 12
187 10 8 3 10
188 9 2 5 9
189 11 6 1 14
190 9 10 3 7
191 12 7 3 8
192 12 6 6 7
193 20 6 3 8
194 12 5 9 13
195 13 8 1 7
196 14 7 3 11
197 11 11 5 12
198 12 9 7 13
199 9 4 7 9
200 13 10 3 11
201 17 4 5 13
202 13 7 8 7
203 14 6 6 10
204 14 6 4 23
205 9 9 5 15
206 13 8 8 8
207 8 5 2 8
208 8 5 4 9
209 11 9 2 20
210 14 6 5 20
211 8 12 8 9
212 3 9 8 7
213 2 9 7 10
214 5 5 4 10
215 4 8 2 16
216 5 3 1 14
217 4 2 1 13
218 5 3 4 14
219 5 5 6 11
220 4 4 2 9
221 4 4 2 6
222 5 3 1 13
223 7 3 2 12
224 5 5 0 2
225 7 2 1 3
226 3 2 1 5
227 8 3 2 9
228 1 2 3 8
229 4 4 1 2
230 3 2 1 1
231 4 2 1 6
232 2 5 4 5
233 3 1 3 5
234 4 7 3 2
235 2 1 1 5
236 2 5 1 7
237 1 0 0 1
238 2 1 1 4
239 4 2 2 4
240 2 1 1 8
241 5 2 0 6
242 2 1 1 1
243 5 1 1 5
244 8 1 2 1
245 3 3 1 3
246 2 4 0 4
247 4 2 1 2
248 1 2 1 2
249 1 3 3 2
250 0 3 0 2
251 2 3 0 4
252 2 6 0 4
253 0 1 1 5
254 2 1 1 3
255 1 0 0 3
256 1 2 2 4
257 2 1 0 1
258 1 0 0 4
259 1 1 0 5
260 2 1 0 2
261 2 1 3 2
262 2 1 0 0
263 0 0 1 4
264 2 1 1 0
265 1 1 1 1
266 1 2 1 0
267 1 1 1 2
268 1 0 0 4
269 3 1 0 2
270 1 1 0 3
271 2 1 0 3
272 0 1 0 1
273 0 0 2 0
274 0 3 0 0
275 0 0 0 1
276 0 0 1 2
277 0 0 0 2
278 0 1 0 1
279 0 0 0 0
280 0 1 0 1
281 0 0 0 2
282 0 0 0 0
283 0 0 0 1
284 0 0 0 1
285 0 0 0 1
286 0 0 0 0
287 1 0 0 0
288 0 0 0 0
289 0 0 0 0
290 0 0 0 0
291 0 0 0 0
292 0 0 0 0
293 0 0 0 0
294 1 0 0 0
295 0 0 0 0
296 0 1 0 0
297 0 0 0 0
298 0 0 0 0
299 0 0 1 0
300 0 0 0 0
301 0 0 0 0
302 0 0 0 0
303 0 0 0 1
304 0 0 0 1
305 0 0 0 0
306 0 0 0 0
307 0 0 0 0
308 0 0 0 0
309 0 0 0 0
310 0 0 0 0
311 0 0 0 0
312 0 0 0 0
313 0 0 0 0
314 0 0 0 0
315 0 0 0 0
316 0 0 0 0
317 0 0 0 0
318 0 0 0 0
319 0 0 0 0
320 1 0 0 0
321 0 0 0 0
322 1 0 0 0
323 0 0 0 0
324 0 0 0 0
325 0 0 1 0
326 0 0 0 0
327 0 0 1 0
328 0 0 0 0
329 0 0 0 0
330 0 0 0 0
331 0 0 0 0
332 0 0 0 1
333 0 0 0 0
334 0 0 0 1
335 0 0 0 0
336 0 0 0 0
337 0 0 0 0
338 0 0 0 0
339 0 0 0 0
340 0 0 0 0
341 0 0 0 0
342 1 0 0 0
343 0 0 0 0
344 0 0 0 0
345 1 0 0 0
346 0 0 0 0
347 0 1 0 0
348 0 0 0 0
349 0 0 0 0
350 0 0 1 0
351 0 0 0 1
352 0 0 0 0
353 0 0 0 0
354 0 0 0 1
355 0 0 0 0
356 0 0 0 0
357 0 0 0 0
358 0 0 0 0
359 0 0 0 0
360 0 0 0 0
361 0 0 0 0
362 0 0 0 0
363 0 0 0 0
364 0 0 0 0
365 0 0 0 0
366 0 0 0 0
367 0 0 0 0
368 0 0 0 0
369 0 0 0 0
370 0 0 0 0
371 0 0 0 0
372 0 0 0 0
373 0 0 0 0
374 0 0 0 0
375 0 0 0 0
376 0 0 0 0
377 0 0 0 0
378 0 0 0 0
379 0 0 0 0
380 0 0 0 0
381 0 0 0 0
382 0 0 0 0
383 0 0 0 0
384 0 0 0 0
385 0 0 0 0
386 0 0 0 0
387 0 0 0 0
388 0 0 0 0
389 0 0 0 0
390 0 0 0 0
391 0 0 0 0
392 0 0 0 0
393 0 0 0 0
394 0 0 0 0
395 0 0 0 0
396 0 0 0 0
397 0 0 0 0
398 0 0 0 0
399 0 0 0 0
400 0 0 0 0
401 0 0 0 0
402 0 0 0 0
403 0 0 0 0
404 0 0 0 0
405 0 0 0 0
406 0 0 0 0
407 0 0 0 0
408 0 0 0 0
409 0 0 0 0
410 0 0 0 0
411 0 0 0 0
412 0 0 0 0
413 0 0 0 0
414 0 0 0 0
415 0 0 0 0
416 0 0 0 0
417 0 0 0 0
418 0 0 0 0
419 0 0 0 0
420 0 0 0 0
421 0 0 0 0
422 0 0 0 0
423 0 0 0 0
424 0 0 0 0
425 0 0 0 0
426 0 0 0 0
427 0 0 0 0
428 0 0 0 0
429 0 0 0 0
430 0 0 0 0
431 0 0 0 0
432 0 0 0 0
433 0 0 0 0
434 0 0 0 0
435 0 0 0 0
436 0 0 0 0
437 0 0 0 0
438 0 0 0 0
439 0 0 0 0
440 0 0 0 0
441 0 0 0 0
442 0 0 0 0
443 0 0 0 0
444 0 0 0 0
445 0 0 0 0
446 0 0 0 0
447 0 0 0 0
448 0 0 0 0
449 0 0 0 0
450 0 0 0 0
451 0 0 0 0
452 0 0 0 0
453 0 0 0 0
454 0 0 0 0
455 0 0 0 0
456 0 0 0 0
457 0 0 0 0
458 0 0 0 0
459 0 0 0 0
460 0 0 0 0
461 0 0 0 0
462 0 0 0 0
463 0 0 0 0
464 0 0 0 0
465 0 0 0 0
466 0 0 0 0
467 0 0 0 0
468 0 0 0 0
469 0 0 0 0
470 0 0 0 0
471 0 0 0 0
472 0 0 0 0
473 0 0 0 0
474 0 0 0 0
475 0 0 0 0
476 0 0 0 0
477 0 0 0 0
478 0 0 0 0
479 0 0 0 0
480 0 0 0 0
481 0 0 0 0
482 0 0 0 0
483 0 0 0 0
484 0 0 0 0
485 0 0 0 0
486 0 0 0 0
487 0 0 0 0
488 0 0 0 0
489 0 0 0 0
490 0 0 0 0
491 0 0 0 0
492 0 0 0 0
493 0 0 0 0
494 0 0 0 0
495 0 0 0 0
496 0 0 0 0
497 0 0 0 0
498 0 0 0 0
499 0 0 0 0
500 0 0 0 0
501 0 0 0 0
502 0 0 0 0
503 0 0 0 0
504 0 0 0 0
505 0 0 0 0
506 0 0 0 0
507 0 0 0 0
508 0 0 0 0
509 0 0 0 0
510 0 0 0 0
511 0 0 0 0
512 0 0 0 0
513 0 0 0 0
514 0 0 0 0
515 0 0 0 0
516 0 0 0 0
517 0 0 0 0
518 0 0 0 0
519 0 0 0 0
520 0 0 0 0
521 0 0 0 0
522 0 0 0 0
523 0 0 0 0
524 0 0 0 0
525 0 0 0 0
526 0 0 0 0
527 0 0 0 0
528 0 0 0 0
529 0 0 0 0
530 0 0 0 0
531 0 0 0 0
532 0 0 0 0
533 0 0 0 0
534 0 0 0 0
535 0 0 0 0
536 0 0 0 0
537 0 0 0 0
538 0 0 0 0
539 0 0 0 0
540 0 0 0 0
541 0 0 0 0
542 0 0 0 0
543 0 0 0 0
544 0 0 0 0
545 0 0 0 0
546 0 0 0 0
547 0 0 0 0
548 0 0 0 0
549 0 0 0 0
550 0 0 0 0
551 0 0 0 0
552 0 0 0 0
553 0 0 0 0
554 0 0 0 0
555 0 0 0 0
556 0 0 0 0
557 0 0 0 0
558 0 0 0 0
559 0 0 0 0
560 0 0 0 0
561 0 0 0 0
562 0 0 0 0
563 0 0 0 0
564 0 0 0 0
565 0 0 0 0
566 0 0 0 0
567 0 0 0 0
568 0 0 0 0
569 0 0 0 0
570 0 0 0 0
571 0 0 0 0
572 0 0 0 0
573 0 0 0 0
574 0 0 0 0
575 0 0 0 0
576 0 0 0 0
577 0 0 0 0
578 0 0 0 0
579 0 0 0 0
580 0 0 0 0
581 0 0 0 0
582 0 0 0 0
583 0 0 0 0
584 0 0 0 0
585 0 0 0 0
586 0 0 0 0
587 0 0 0 0
588 0 0 0 0
589 0 0 0 0
590 0 0 0 0
591 0 0 0 0
592 0 0 0 0
593 0 0 0 0
594 0 0 0 0
595 0 0 0 0
596 0 0 0 0
597 0 0 0 0
598 0 0 0 0
599 0 0 0 0
600 0 0 0 0
601 0 0 0 0
602 0 0 0 0
603 0 0 0 0
604 0 0 0 0
605 0 0 0 0
606 0 0 0 0
607 0 0 0 0
608 0 0 0 0
609 0 0 0 0
610 0 0 0 0
611 0 0 0 0
612 0 0 0 0
613 0 0 0 0
614 0 0 0 0
615 0 0 0 0
616 0 0 0 0
617 0 0 0 0
618 0 0 0 0
619 0 0 0 0
620 0 0 0 0
621 0 0 0 0
622 0 0 0 0
623 0 0 0 0
624 0 0 0 0
625 0 0 0 0
626 0 0 0 0
627 0 0 0 0
628 0 0 0 0
629 0 0 0 0
630 0 0 0 0
631 0 0 0 0
632 0 0 0 0
633 0 0 0 0
634 0 0 0 0
635 0 0 0 0
636 0 0 0 0
637 0 0 0 0
638 0 0 0 0
639 0 0 0 0
640 0 0 0 0
641 0 0 0 0
642 0 0 0 0
643 0 0 0 0
644 0 0 0 0
645 0 0 0 0
646 0 0 0 0
647 0 0 0 0
648 0 0 0 0
649 0 0 0 0
650 0 0 0 0
651 0 0 0 0
652 0 0 0 0
653 0 0 0 0
654 0 0 0 0
655 0 0 0 0
656 0 0 0 0
657 0 0 0 0
658 0 0 0 0
659 0 0 0 0
660 0 0 0 0
661 0 0 0 0
662 0 0 0 0
663 0 0 0 0
664 0 0 0 0
665 0 0 0 0
666 0 0 0 0
667 0 0 0 0
668 0 0 0 0
669 0 0 0 0
670 0 0 0 0
671 0 0 0 0
672 0 0 0 0
673 0 0 0 0
674 0 0 0 0
675 0 0 0 0
676 0 0 0 0
677 0 0 0 0
678 0 0 0 0
679 0 0 0 0
680 0 0 0 0
681 0 0 0 0
682 0 0 0 0
683 0 0 0 0
684 0 0 0 0
685 0 0 0 0
686 0 0 0 0
687 0 0 0 0
688 0 0 0 0
689 0 0 0 0
690 0 0 0 0
691 0 0 0 0
692 0 0 0 0
693 0 0 0 0
694 0 0 0 0
695 0 0 0 0
696 0 0 0 0
697 0 0 0 0
698 0 0 0 0
699 0 0 0 0
700 0 0 0 0
701 0 0 0 0
702 0 0 0 0
703 0 0 0 0
704 0 0 0 0
705 0 0 0 0
706 0 0 0 0
707 0 0 0 0
708 0 0 0 0
709 0 0 0 0
710 0 0 0 0
711 0 0 0 0
712 0 0 0 0
713 0 0 0 0
714 0 0 0 0
715 0 0 0 0
716 0 0 0 0
717 0 0 0 0
718 0 0 0 0
719 0 0 0 0
720 0 0 0 0
721 0 0 0 0
722 0 0 0 0
723 0 0 0 0
724 0 0 0 0
725 0 0 0 0
726 0 0 0 0
727 0 0 0 0
