0 0 0 0 0
1 0 0 0 0
2 0 0 0 0
3 0 0 0 0
4 0 0 0 0
5 0 3 1 0
6 0 0 0 0
7 0 0 0 0
8 0 0 0 0
9 0 1 0 2
10 0 0 0 0
11 0 0 0 0
12 0 0 0 2
13 0 0 0 0
14 0 0 0 0
15 0 0 0 0
16 1 0 0 1
17 1 0 0 0
18 2 0 0 0
19 2 0 0 0
20 1 0 0 0
21 1 0 1 0
22 1 0 0 0
23 0 1 1 0
24 1 0 0 0
25 1 0 0 1
26 2 0 2 0
27 1 0 0 2
28 1 1 1 0
29 0 1 0 0
30 0 1 0 0
31 1 1 2 0
32 0 0 1 1
33 0 1 0 2
34 1 0 0 1
35 1 0 0 2
36 0 1 0 2
37 1 0 1 0
38 1 0 0 2
39 1 0 0 0
40 0 1 0 1
41 2 0 0 1
42 0 0 0 0
43 3 1 0 1
44 2 1 0 0
45 3 0 1 0
46 6 0 2 0
47 3 0 0 1
48 1 1 0 0
49 4 2 0 0
50 2 1 1 1
51 2 1 2 1
52 2 3 0 2
53 4 0 1 4
54 0 2 3 1
55 3 3 1 0
56 1 2 1 0
57 3 0 0 2
58 0 2 2 6
59 3 1 0 5
60 2 3 0 3
61 0 2 1 1
62 3 1 1 6
63 0 0 0 1
64 2 2 1 2
65 5 1 1 3
66 4 2 0 1
67 3 0 1 1
68 2 1 0 3
69 9 1 0 3
70 6 1 2 0
71 7 0 2 2
72 6 2 0 1
73 8 2 1 2
74 7 2 4 1
75 9 4 2 1
76 2 1 1 3
77 6 1 3 5
78 6 4 7 4
79 6 8 1 1
80 7 6 5 3
81 2 1 2 6
82 1 5 1 10
83 8 3 3 4
84 3 3 3 9
85 4 3 2 3
86 6 3 1 8
87 5 1 3 6
88 8 4 2 4
89 3 4 1 8
90 5 2 0 7
91 10 2 0 4
92 8 3 4 6
93 3 5 1 6
94 6 3 1 2
95 8 4 2 4
96 10 4 4 6
97 9 3 4 3
98 8 3 2 3
99 8 2 1 6
100 10 5 4 4
101 6 8 4 7
102 4 6 0 6
103 6 8 2 10
104 3 10 1 7
105 1 2 4 8
106 6 5 0 5
107 3 1 4 7
108 6 3 1 11
109 6 7 2 7
110 5 5 1 11
111 7 6 1 7
112 10 1 4 5
113 8 1 1 7
114 8 1 1 5
115 8 1 1 2
116 12 5 1 6
117 7 5 4 4
118 12 5 1 7
119 9 8 1 3
120 11 3 1 5
121 9 10 5 6
122 11 7 2 8
123 10 5 3 8
124 8 8 2 5
125 7 7 3 10
126 6 5 3 8
127 5 9 6 6
128 4 3 4 14
129 5 6 3 8
130 7 5 2 8
131 9 2 3 13
132 8 5 5 7
133 9 2 4 8
134 9 5 2 12
135 9 4 3 8
136 5 1 5 7
137 9 4 4 5
138 10 4 6 6
139 9 3 4 11
140 10 4 4 6
141 5 0 4 8
142 7 5 3 8
143 10 7 3 4
144 9 5 4 9
145 8 7 1 9
146 10 3 2 11
147 11 1 6 7
148 13 3 5 7
149 13 9 1 6
150 14 6 6 9
151 8 5 3 8
152 13 7 3 9
153 17 9 1 8
154 13 7 1 7
155 13 5 6 7
156 13 5 5 7
157 8 5 8 10
158 11 9 6 7
159 12 13 2 14
160 15 3 9 11
161 12 12 4 11
162 12 7 5 13
163 8 9 9 12
164 9 3 5 13
165 8 11 4 17
166 7 4 5 15
167 20 5 5 12
168 14 5 8 10
169 12 4 3 10
170 12 8 2 16
171 13 6 5 9
172 13 10 6 14
173 8 6 6 11
174 17 7 4 12
175 11 5 2 10
176 11 12 3 13
177 12 12 5 9
178 20 5 2 13
179 17 7 10 10
180 18 8 1 17
181 12 4 7 10
182 14 5 5 5
183 9 10 8 15
184 15 8 7 18
185 17 8 10 11
186 11 6 7 12
187 14 12 4 12
188 13 10 4 13
189 11 7 4 14
190 10 4 11 21
191 10 6 6 14
192 16 9 3 12
193 10 6 8 9
194 11 7 6 15
195 11 7 3 15
196 13 10 2 9
197 10 14 4 13
198 18 11 1 11
199 11 8 3 9
200 17 4 5 16
201 12 12 2 16
202 16 6 1 18
203 17 7 5 12
204 15 7 6 18
205 10 9 9 10
206 13 10 6 9
207 16 9 6 7
208 11 7 1 11
209 11 4 7 17
210 10 7 2 17
211 6 9 11 15
212 9 10 8 6
213 6 7 7 10
214 7 7 4 12
215 2 5 2 14
216 5 9 6 18
217 4 7 3 13
218 3 3 6 13
219 2 8 4 6
220 2 2 2 16
221 6 3 5 13
222 4 3 0 8
223 4 1 2 16
224 7 1 1 9
225 2 3 1 7
226 4 4 0 5
227 0 3 2 4
228 2 1 1 6
229 8 1 1 4
230 11 5 1 3
231 5 1 1 4
232 2 0 2 3
233 4 5 1 2
234 2 3 2 5
235 4 4 5 2
236 6 3 0 2
237 3 4 2 8
238 2 3 1 4
239 4 4 2 6
240 3 1 2 3
241 0 3 1 5
242 1 0 0 9
243 2 3 0 5
244 0 3 3 3
245 1 4 2 5
246 4 2 0 1
247 2 0 0 4
248 2 1 1 3
249 2 0 0 2
250 0 0 0 0
251 2 2 1 5
252 2 1 0 5
253 3 1 0 2
254 1 2 0 0
255 3 1 1 3
256 1 2 2 1
257 2 1 0 1
258 0 0 3 1
259 0 0 0 1
260 3 2 1 3
261 2 2 0 3
262 0 2 1 3
263 2 1 0 1
264 2 0 0 1
265 0 1 3 2
266 0 1 0 2
267 0 0 0 3
268 1 1 0 1
269 0 0 0 4
270 0 0 1 1
271 0 0 0 0
272 0 1 0 1
273 0 2 0 0
274 0 0 0 1
275 0 0 0 1
276 0 0 0 0
277 0 0 1 2
278 0 0 0 0
279 0 0 0 1
280 0 0 0 0
281 0 0 0 0
282 0 0 0 0
283 0 0 0 0
284 0 0 0 1
285 0 0 0 0
286 0 0 0 0
287 0 0 0 0
288 0 0 0 0
289 0 0 0 0
290 0 0 0 0
291 0 0 0 0
292 0 0 0 0
293 0 0 0 0
294 0 0 0 0
295 0 0 0 0
296 0 0 0 0
297 0 0 0 0
298 0 0 0 0
299 0 0 0 0
300 0 0 0 0
301 0 0 0 0
302 0 0 0 0
303 0 0 0 0
304 0 0 0 0
305 0 0 0 0
306 0 0 0 0
307 0 0 0 0
308 0 0 0 0
309 0 0 0 0
310 0 0 0 0
311 0 0 0 0
312 0 0 0 0
313 0 0 0 0
314 0 0 0 0
315 0 0 0 0
316 0 0 0 0
317 0 0 0 0
318 0 0 0 0
319 0 0 0 0
320 0 0 0 0
321 0 0 0 0
322 0 0 0 0
323 0 0 0 0
324 0 0 0 0
325 0 0 0 0
326 0 0 0 0
327 0 0 0 0
328 0 0 0 0
329 0 0 0 0
330 0 0 0 0
331 0 0 0 0
332 0 0 0 0
333 0 0 0 0
334 0 0 0 0
335 0 0 0 0
336 0 0 0 0
337 0 0 0 0
338 0 0 0 0
339 0 0 0 0
340 0 0 0 0
341 0 0 0 0
342 0 0 0 0
343 0 0 0 0
344 0 0 0 0
345 0 0 0 0
346 0 0 0 0
347 0 0 0 0
348 0 0 0 0
349 0 0 0 0
350 0 0 0 0
351 0 0 0 0
352 0 0 0 0
353 0 0 0 0
354 0 0 0 0
355 0 0 0 0
356 0 0 0 0
357 0 0 0 0
358 0 0 0 0
359 0 0 0 0
360 0 0 0 0
361 0 0 0 0
362 0 0 0 0
363 0 0 0 0
364 0 0 0 0
365 0 0 0 0
366 0 0 0 0
367 0 0 0 0
368 0 0 0 0
369 0 0 0 0
370 0 0 0 0
371 0 0 0 0
372 0 0 0 0
373 0 0 0 0
374 0 0 0 0
375 0 0 0 0
376 0 0 0 0
377 0 0 0 0
378 0 0 0 0
379 0 0 0 0
380 0 0 0 0
381 0 0 0 0
382 0 0 0 0
383 0 0 0 0
384 0 0 0 0
385 0 0 0 0
386 0 0 0 0
387 0 0 0 0
388 0 0 0 0
389 0 0 0 0
390 0 0 0 0
391 0 0 0 0
392 0 0 0 0
393 0 0 0 0
394 0 0 0 0
395 0 0 0 0
396 0 0 0 0
397 0 0 0 0
398 0 0 0 0
399 0 0 0 0
400 0 0 0 0
401 0 0 0 0
402 0 0 0 0
403 0 0 0 0
404 0 0 0 0
405 0 0 0 0
406 0 0 0 0
407 0 0 0 0
408 0 0 0 0
409 0 0 0 0
410 0 0 0 0
411 0 0 0 0
412 0 0 0 0
413 0 0 0 0
414 0 0 0 0
415 0 0 0 0
416 0 0 0 0
417 0 0 0 0
418 0 0 0 0
419 0 0 0 0
420 0 0 0 0
421 0 0 0 0
422 0 0 0 0
423 0 0 0 0
424 0 0 0 0
425 0 0 0 0
426 0 0 0 0
427 0 0 0 0
428 0 0 0 0
429 0 0 0 0
430 0 0 0 0
431 0 0 0 0
432 0 0 0 0
433 0 0 0 0
434 0 0 0 0
435 0 0 0 0
436 0 0 0 0
437 0 0 0 0
438 0 0 0 0
439 0 0 0 0
440 0 0 0 0
441 0 0 0 0
442 0 0 0 0
443 0 0 0 0
444 0 0 0 0
445 0 0 0 0
446 0 0 0 0
447 0 0 0 0
448 0 0 0 0
449 0 0 0 0
450 0 0 0 0
451 0 0 0 0
452 0 0 0 0
453 0 0 0 0
454 0 0 0 0
455 0 0 0 0
456 0 0 0 0
457 0 0 0 0
458 0 0 0 0
459 0 0 0 0
460 0 0 0 0
461 0 0 0 0
462 0 0 0 0
463 0 0 0 0
464 0 0 0 0
465 0 0 0 0
466 0 0 0 0
467 0 0 0 0
468 0 0 0 0
469 0 0 0 0
470 0 0 0 0
471 0 0 0 0
472 0 0 0 0
473 0 0 0 0
474 0 0 0 0
475 0 0 0 0
476 0 0 0 0
477 0 0 0 0
478 0 0 0 0
479 0 0 0 0
480 0 0 0 0
481 0 0 0 0
482 0 0 0 0
483 0 0 0 0
484 0 0 0 0
485 0 0 0 0
486 0 0 0 0
487 0 0 0 0
488 0 0 0 0
489 0 0 0 0
490 0 0 0 0
491 0 0 0 0
492 0 0 0 0
493 0 0 0 0
494 0 0 0 0
495 0 0 0 0
496 0 0 0 0
497 0 0 0 0
498 0 0 0 0
499 0 0 0 0
500 0 0 0 0
501 0 0 0 0
502 0 0 0 0
503 0 0 0 0
504 0 0 0 0
505 0 0 0 0
506 0 0 0 0
507 0 0 0 0
508 0 0 0 0
509 0 0 0 0
510 0 0 0 0
511 0 0 0 0
512 0 0 0 0
513 0 0 0 0
514 0 0 0 0
515 0 0 0 0
516 0 0 0 0
517 0 0 0 0
518 0 0 0 0
519 0 0 0 0
520 0 0 0 0
521 0 0 0 0
522 0 0 0 0
523 0 0 0 0
524 0 0 0 0
525 0 0 0 0
526 0 0 0 0
527 0 0 0 0
528 0 0 0 0
529 0 0 0 0
530 0 0 0 0
531 0 0 0 0
532 0 0 0 0
533 0 0 0 0
534 0 0 0 0
535 0 0 0 0
536 0 0 0 0
537 0 0 0 0
538 0 0 0 0
539 0 0 0 0
540 0 0 0 0
541 0 0 0 0
542 0 0 0 0
543 0 0 0 0
544 0 0 0 0
545 0 0 0 0
546 0 0 0 0
547 0 0 0 0
548 0 0 0 0
549 0 0 0 0
550 0 0 0 0
551 0 0 0 0
552 0 0 0 0
553 0 0 0 0
554 0 0 0 0
555 0 0 0 0
556 0 0 0 0
557 0 0 0 0
558 0 0 0 0
559 0 0 0 0
560 0 0 0 0
561 0 0 0 0
562 0 0 0 0
563 0 0 0 0
564 0 0 0 0
565 0 0 0 0
566 0 0 0 0
567 0 0 0 0
568 0 0 0 0
569 0 0 0 0
570 0 0 0 0
571 0 0 0 0
572 0 0 0 0
573 0 0 0 0
574 0 0 0 0
575 0 0 0 0
576 0 0 0 0
577 0 0 0 0
578 0 0 0 0
579 0 0 0 0
580 0 0 0 0
581 0 0 0 0
582 0 0 0 0
583 0 0 0 0
584 0 0 0 0
585 0 0 0 0
586 0 0 0 0
587 0 0 0 0
588 0 0 0 0
589 0 0 0 0
590 0 0 0 0
591 0 0 0 0
592 0 0 0 0
593 0 0 0 0
594 0 0 0 0
595 0 0 0 0
596 0 0 0 0
597 0 0 0 0
598 0 0 0 0
599 0 0 0 0
600 0 0 0 0
601 0 0 0 0
602 0 0 0 0
603 0 0 0 0
604 0 0 0 0
605 0 0 0 0
606 0 0 0 0
607 0 0 0 0
608 0 0 0 0
609 0 0 0 0
610 0 0 0 0
611 0 0 0 0
612 0 0 0 0
613 0 0 0 0
614 0 0 0 0
615 0 0 0 0
616 0 0 0 0
617 0 0 0 0
618 0 0 0 0
619 0 0 0 0
620 0 0 0 0
621 0 0 0 0
622 0 0 0 0
623 0 0 0 0
624 0 0 0 0
625 0 0 0 0
626 0 0 0 0
627 0 0 0 0
628 0 0 0 0
629 0 0 0 0
630 0 0 0 0
631 0 0 0 0
632 0 0 0 0
633 0 0 0 0
634 0 0 0 0
635 0 0 0 0
636 0 0 0 0
637 0 0 0 0
638 0 0 0 0
639 0 0 0 0
640 0 0 0 0
641 0 0 0 0
642 0 0 0 0
643 0 0 0 0
644 0 0 0 0
645 0 0 0 0
646 0 0 0 0
647 0 0 0 0
648 0 0 0 0
649 0 0 0 0
650 0 0 0 0
651 0 0 0 0
652 0 0 0 0
653 0 0 0 0
654 0 0 0 0
655 0 0 0 0
656 0 0 0 0
657 0 0 0 0
658 0 0 0 0
659 0 0 0 0
660 0 0 0 0
661 0 0 0 0
662 0 0 0 0
663 0 0 0 0
664 0 0 0 0
665 0 0 0 0
666 0 0 0 0
667 0 0 0 0
668 0 0 0 0
669 0 0 0 0
670 0 0 0 0
671 0 0 0 0
672 0 0 0 0
673 0 0 0 0
674 0 0 0 0
675 0 0 0 0
676 0 0 0 0
677 0 0 0 0
678 0 0 0 0
679 0 0 0 0
680 0 0 0 0
681 0 0 0 0
682 0 0 0 0
683 0 0 0 0
684 0 0 0 0
685 0 0 0 0
686 0 0 0 0
687 0 0 0 0
688 0 0 0 0
689 0 0 0 0
690 0 0 0 0
691 0 0 0 0
692 0 0 0 0
693 0 0 0 0
694 0 0 0 0
695 0 0 0 0
696 0 0 0 0
697 0 0 0 0
698 0 0 0 0
699 0 0 0 0
700 0 0 0 0
701 0 0 0 0
702 0 0 0 0
703 0 0 0 0
704 0 0 0 0
705 0 0 0 0
706 0 0 0 0
707 0 0 0 0
708 0 0 0 0
709 0 0 0 0
710 0 0 0 0
711 0 0 0 0
712 0 0 0 0
713 0 0 0 0
714 0 0 0 0
715 0 0 0 0
716 0 0 0 0
717 0 0 0 0
718 0 0 0 0
719 0 0 0 0
720 0 0 0 0
721 0 0 0 0
722 0 0 0 0
723 0 0 0 0
724 0 0 0 0
725 0 0 0 0
726 0 0 0 0
727 0 0 0 0
