0 0 0 0 0
1 0 0 0 0
2 0 0 0 0
3 0 0 0 0
4 0 0 0 0
5 0 2 1 0
6 0 0 0 0
7 0 0 0 0
8 0 0 0 0
9 0 1 1 1
10 0 0 0 0
11 0 0 0 0
12 0 0 0 2
13 0 0 0 0
14 0 0 0 0
15 0 0 0 0
16 1 0 0 2
17 1 0 0 0
18 0 0 0 0
19 0 0 0 0
20 1 0 0 0
21 2 0 0 0
22 3 1 0 0
23 3 0 0 0
24 3 0 0 0
25 0 1 0 0
26 2 0 0 1
27 1 2 2 0
28 1 3 0 0
29 2 0 2 1
30 1 0 1 0
31 0 1 1 0
32 1 0 2 3
33 0 1 0 1
34 0 0 0 4
35 2 0 0 2
36 0 0 0 1
37 0 0 2 1
38 1 2 0 1
39 0 1 0 1
40 1 1 0 1
41 1 0 0 1
42 2 0 0 1
43 0 0 1 0
44 1 0 1 1
45 2 0 1 1
46 0 0 0 1
47 1 0 1 1
48 2 0 0 0
49 4 0 0 1
50 2 1 0 1
51 3 1 0 1
52 2 0 0 0
53 2 1 0 0
54 3 3 2 2
55 1 0 1 0
56 3 1 2 0
57 2 2 1 0
58 3 2 0 6
59 1 3 0 1
60 0 1 0 2
61 2 1 2 1
62 1 1 1 1
63 4 0 1 4
64 2 0 1 2
65 3 2 0 3
66 4 2 1 2
67 1 0 1 2
68 2 1 2 1
69 3 0 0 2
70 1 1 1 2
71 1 1 0 3
72 1 1 2 3
73 3 0 2 0
74 5 4 1 1
75 2 3 1 1
76 4 1 1 2
77 5 1 0 2
78 6 1 1 3
79 4 2 1 1
80 2 1 1 1
81 5 3 1 3
82 2 2 1 6
83 2 0 4 4
84 2 5 0 1
85 4 1 1 2
86 2 4 4 5
87 6 1 1 3
88 4 0 1 5
89 5 1 1 1
90 3 3 1 6
91 2 4 0 2
92 2 5 1 4
93 3 3 1 3
94 7 2 2 2
95 7 1 1 2
96 9 2 1 5
97 5 2 1 7
98 9 2 0 4
99 6 4 0 2
100 7 4 0 3
101 10 5 3 3
102 9 3 1 4
103 6 4 8 2
104 3 5 4 5
105 11 2 1 4
106 6 3 2 4
107 3 1 3 7
108 5 1 3 10
109 3 5 3 2
110 2 10 6 10
111 2 7 3 6
112 3 1 3 3
113 2 2 3 6
114 6 3 0 9
115 6 2 1 8
116 6 4 0 6
117 4 3 1 12
118 9 3 0 6
119 5 1 0 6
120 12 2 0 4
121 7 4 2 4
122 7 0 3 1
123 9 3 6 1
124 10 6 2 4
125 10 7 1 4
126 7 5 1 3
127 11 5 5 5
128 8 4 5 10
129 9 8 3 7
130 5 3 5 6
131 3 2 2 8
132 1 7 4 5
133 10 6 3 9
134 8 8 3 8
135 8 5 0 7
136 7 2 1 14
137 6 1 3 5
138 8 7 2 8
139 7 4 3 9
140 7 6 2 7
141 5 0 3 6
142 6 6 3 8
143 9 3 8 8
144 7 4 1 4
145 6 4 3 5
146 9 5 1 5
147 7 1 5 10
148 13 5 5 5
149 8 4 2 8
150 12 4 2 10
151 9 3 5 8
152 9 5 3 11
153 12 4 7 4
154 9 4 2 6
155 10 2 8 4
156 17 5 2 10
157 11 6 4 10
158 8 4 3 8
159 12 5 4 8
160 11 7 1 5
161 12 12 4 11
162 14 13 2 9
163 13 7 3 8
164 12 9 4 9
165 14 10 4 12
166 13 6 5 14
167 12 2 2 9
168 12 9 0 14
169 16 3 7 12
170 12 9 8 14
171 14 15 5 8
172 9 8 9 10
173 12 8 5 7
174 17 8 8 12
175 16 10 2 17
176 18 7 4 19
177 18 2 7 16
178 10 9 4 15
179 10 9 9 10
180 9 6 5 13
181 17 10 3 10
182 14 8 4 13
183 9 6 5 9
184 18 11 6 11
185 17 6 5 13
186 23 11 4 17
187 15 9 3 13
188 21 9 4 14
189 21 12 5 14
190 16 9 5 18
191 22 9 8 14
192 21 6 6 10
193 11 11 9 14
194 12 15 11 11
195 15 17 6 12
196 13 13 9 15
197 17 11 8 21
198 14 7 5 25
199 11 3 5 22
200 9 10 8 22
201 10 11 6 24
202 18 8 6 12
203 18 11 5 10
204 14 5 8 23
205 14 8 5 13
206 8 10 2 10
207 11 9 5 12
208 9 7 6 17
209 11 5 3 15
210 7 6 7 12
211 11 8 6 13
212 7 8 7 11
213 8 8 5 9
214 9 5 5 14
215 4 6 3 15
216 11 8 6 13
217 10 3 1 15
218 6 4 7 11
219 11 5 2 14
220 4 6 2 15
221 5 9 1 8
222 9 4 3 7
223 6 3 4 6
224 4 9 3 5
225 6 4 3 13
226 5 5 6 10
227 6 5 4 5
228 0 3 1 12
229 7 2 2 8
230 6 2 3 8
231 4 3 2 7
232 3 5 0 4
233 7 1 0 9
234 4 4 1 8
235 3 2 4 5
236 0 4 2 6
237 1 1 1 4
238 0 5 2 3
239 0 4 0 6
240 1 5 0 4
241 1 0 1 4
242 2 3 1 4
243 3 0 3 5
244 2 0 0 3
245 2 0 1 3
246 1 1 0 4
247 1 0 0 6
248 0 0 1 1
249 0 1 1 2
250 1 0 1 2
251 2 2 0 0
252 4 1 2 2
253 2 0 0 1
254 1 1 1 1
255 0 1 1 2
256 1 0 0 2
257 0 0 0 0
258 1 2 0 0
259 0 1 0 3
260 0 1 0 0
261 0 4 0 2
262 0 0 1 2
263 1 0 0 1
264 0 0 0 0
265 1 1 0 4
266 1 0 0 1
267 0 0 1 1
268 0 0 0 1
269 0 0 0 1
270 0 0 0 0
271 1 0 0 0
272 0 0 1 0
273 0 0 0 0
274 3 1 0 1
275 1 0 1 0
276 1 0 0 0
277 0 0 0 0
278 0 0 0 0
279 3 2 1 1
280 1 0 2 0
281 1 0 1 2
282 1 0 0 0
283 0 0 0 2
284 0 0 2 0
285 0 1 0 0
286 1 1 0 1
287 3 0 0 2
288 1 0 0 3
289 1 0 0 0
290 1 1 0 1
291 1 1 1 0
292 0 1 0 1
293 0 0 1 0
294 1 0 0 0
295 0 0 0 1
296 0 1 1 1
297 0 0 0 2
298 0 1 0 1
299 0 1 1 0
300 0 1 0 0
301 0 0 0 0
302 0 0 0 2
303 0 0 0 2
304 0 0 0 0
305 0 0 0 0
306 0 0 0 1
307 0 0 0 1
308 1 0 0 0
309 1 0 0 0
310 0 0 0 0
311 0 0 0 0
312 0 0 0 0
313 0 0 1 0
314 1 0 1 0
315 0 0 0 0
316 0 0 0 0
317 0 0 0 0
318 0 0 0 0
319 0 0 0 0
320 0 0 0 1
321 0 0 0 1
322 0 0 0 0
323 0 0 1 0
324 0 0 0 0
325 0 0 0 0
326 0 0 0 0
327 0 0 0 0
328 0 0 0 0
329 0 0 0 0
330 0 0 0 1
331 0 0 0 0
332 0 0 0 0
333 0 0 0 0
334 0 0 0 0
335 0 0 0 0
336 0 0 0 0
337 0 0 0 0
338 0 0 0 0
339 0 0 0 0
340 0 0 0 0
341 0 0 0 0
342 0 0 0 0
343 0 0 0 0
344 0 0 0 0
345 0 0 0 0
346 0 0 0 0
347 0 0 0 0
348 0 0 0 0
349 0 0 0 0
350 0 0 0 0
351 0 0 0 0
352 0 0 0 0
353 0 0 0 0
354 0 0 0 0
355 0 0 0 0
356 0 0 0 0
357 0 0 0 0
358 0 0 0 0
359 0 0 0 0
360 0 0 0 0
361 0 0 0 0
362 0 0 0 0
363 0 0 0 0
364 0 0 0 0
365 0 0 0 0
366 0 0 0 0
367 0 0 0 0
368 0 0 0 0
369 0 0 0 0
370 0 0 0 0
371 0 0 0 0
372 0 0 0 0
373 0 0 0 0
374 0 0 0 0
375 0 0 0 0
376 0 0 0 0
377 0 0 0 0
378 0 0 0 0
379 0 0 0 0
380 0 0 0 0
381 0 0 0 0
382 0 0 0 0
383 0 0 0 0
384 0 0 0 0
385 0 0 0 0
386 0 0 0 0
387 0 0 0 0
388 0 0 0 0
389 0 0 0 0
390 0 0 0 0
391 0 0 0 0
392 0 0 0 0
393 0 0 0 0
394 0 0 0 0
395 0 0 0 0
396 0 0 0 0
397 0 0 0 0
398 0 0 0 0
399 0 0 0 0
400 0 0 0 0
401 0 0 0 0
402 0 0 0 0
403 0 0 0 0
404 0 0 0 0
405 0 0 0 0
406 0 0 0 0
407 0 0 0 0
408 0 0 0 0
409 0 0 0 0
410 0 0 0 0
411 0 0 0 0
412 0 0 0 0
413 0 0 0 0
414 0 0 0 0
415 0 0 0 0
416 0 0 0 0
417 0 0 0 0
418 0 0 0 0
419 0 0 0 0
420 0 0 0 0
421 0 0 0 0
422 0 0 0 0
423 0 0 0 0
424 0 0 0 0
425 0 0 0 0
426 0 0 0 0
427 0 0 0 0
428 0 0 0 0
429 0 0 0 0
430 0 0 0 0
431 0 0 0 0
432 0 0 0 0
433 0 0 0 0
434 0 0 0 0
435 0 0 0 0
436 0 0 0 0
437 0 0 0 0
438 0 0 0 0
439 0 0 0 0
440 0 0 0 0
441 0 0 0 0
442 0 0 0 0
443 0 0 0 0
444 0 0 0 0
445 0 0 0 0
446 0 0 0 0
447 0 0 0 0
448 0 0 0 0
449 0 0 0 0
450 0 0 0 0
451 0 0 0 0
452 0 0 0 0
453 0 0 0 0
454 0 0 0 0
455 0 0 0 0
456 0 0 0 0
457 0 0 0 0
458 0 0 0 0
459 0 0 0 0
460 0 0 0 0
461 0 0 0 0
462 0 0 0 0
463 0 0 0 0
464 0 0 0 0
465 0 0 0 0
466 0 0 0 0
467 0 0 0 0
468 0 0 0 0
469 0 0 0 0
470 0 0 0 0
471 0 0 0 0
472 0 0 0 0
473 0 0 0 0
474 0 0 0 0
475 0 0 0 0
476 0 0 0 0
477 0 0 0 0
478 0 0 0 0
479 0 0 0 0
480 0 0 0 0
481 0 0 0 0
482 0 0 0 0
483 0 0 0 0
484 0 0 0 0
485 0 0 0 0
486 0 0 0 0
487 0 0 0 0
488 0 0 0 0
489 0 0 0 0
490 0 0 0 0
491 0 0 0 0
492 0 0 0 0
493 0 0 0 0
494 0 0 0 0
495 0 0 0 0
496 0 0 0 0
497 0 0 0 0
498 0 0 0 0
499 0 0 0 0
500 0 0 0 0
501 0 0 0 0
502 0 0 0 0
503 0 0 0 0
504 0 0 0 0
505 0 0 0 0
506 0 0 0 0
507 0 0 0 0
508 0 0 0 0
509 0 0 0 0
510 0 0 0 0
511 0 0 0 0
512 0 0 0 0
513 0 0 0 0
514 0 0 0 0
515 0 0 0 0
516 0 0 0 0
517 0 0 0 0
518 0 0 0 0
519 0 0 0 0
520 0 0 0 0
521 0 0 0 0
522 0 0 0 0
523 0 0 0 0
524 0 0 0 0
525 0 0 0 0
526 0 0 0 0
527 0 0 0 0
528 0 0 0 0
529 0 0 0 0
530 0 0 0 0
531 0 0 0 0
532 0 0 0 0
533 0 0 0 0
534 0 0 0 0
535 0 0 0 0
536 0 0 0 0
537 0 0 0 0
538 0 0 0 0
539 0 0 0 0
540 0 0 0 0
541 0 0 0 0
542 0 0 0 0
543 0 0 0 0
544 0 0 0 0
545 0 0 0 0
546 0 0 0 0
547 0 0 0 0
548 0 0 0 0
549 0 0 0 0
550 0 0 0 0
551 0 0 0 0
552 0 0 0 0
553 0 0 0 0
554 0 0 0 0
555 0 0 0 0
556 0 0 0 0
557 0 0 0 0
558 0 0 0 0
559 0 0 0 0
560 0 0 0 0
561 0 0 0 0
562 0 0 0 0
563 0 0 0 0
564 0 0 0 0
565 0 0 0 0
566 0 0 0 0
567 0 0 0 0
568 0 0 0 0
569 0 0 0 0
570 0 0 0 0
571 0 0 0 0
572 0 0 0 0
573 0 0 0 0
574 0 0 0 0
575 0 0 0 0
576 0 0 0 0
577 0 0 0 0
578 0 0 0 0
579 0 0 0 0
580 0 0 0 0
581 0 0 0 0
582 0 0 0 0
583 0 0 0 0
584 0 0 0 0
585 0 0 0 0
586 0 0 0 0
587 0 0 0 0
588 0 0 0 0
589 0 0 0 0
590 0 0 0 0
591 0 0 0 0
592 0 0 0 0
593 0 0 0 0
594 0 0 0 0
595 0 0 0 0
596 0 0 0 0
597 0 0 0 0
598 0 0 0 0
599 0 0 0 0
600 0 0 0 0
601 0 0 0 0
602 0 0 0 0
603 0 0 0 0
604 0 0 0 0
605 0 0 0 0
606 0 0 0 0
607 0 0 0 0
608 0 0 0 0
609 0 0 0 0
610 0 0 0 0
611 0 0 0 0
612 0 0 0 0
613 0 0 0 0
614 0 0 0 0
615 0 0 0 0
616 0 0 0 0
617 0 0 0 0
618 0 0 0 0
619 0 0 0 0
620 0 0 0 0
621 0 0 0 0
622 0 0 0 0
623 0 0 0 0
624 0 0 0 0
625 0 0 0 0
626 0 0 0 0
627 0 0 0 0
628 0 0 0 0
629 0 0 0 0
630 0 0 0 0
631 0 0 0 0
632 0 0 0 0
633 0 0 0 0
634 0 0 0 0
635 0 0 0 0
636 0 0 0 0
637 0 0 0 0
638 0 0 0 0
639 0 0 0 0
640 0 0 0 0
641 0 0 0 0
642 0 0 0 0
643 0 0 0 0
644 0 0 0 0
645 0 0 0 0
646 0 0 0 0
647 0 0 0 0
648 0 0 0 0
649 0 0 0 0
650 0 0 0 0
651 0 0 0 0
652 0 0 0 0
653 0 0 0 0
654 0 0 0 0
655 0 0 0 0
656 0 0 0 0
657 0 0 0 0
658 0 0 0 0
659 0 0 0 0
660 0 0 0 0
661 0 0 0 0
662 0 0 0 0
663 0 0 0 0
664 0 0 0 0
665 0 0 0 0
666 0 0 0 0
667 0 0 0 0
668 0 0 0 0
669 0 0 0 0
670 0 0 0 0
671 0 0 0 0
672 0 0 0 0
673 0 0 0 0
674 0 0 0 0
675 0 0 0 0
676 0 0 0 0
677 0 0 0 0
678 0 0 0 0
679 0 0 0 0
680 0 0 0 0
681 0 0 0 0
682 0 0 0 0
683 0 0 0 0
684 0 0 0 0
685 0 0 0 0
686 0 0 0 0
687 0 0 0 0
688 0 0 0 0
689 0 0 0 0
690 0 0 0 0
691 0 0 0 0
692 0 0 0 0
693 0 0 0 0
694 0 0 0 0
695 0 0 0 0
696 0 0 0 0
697 0 0 0 0
698 0 0 0 0
699 0 0 0 0
700 0 0 0 0
701 0 0 0 0
702 0 0 0 0
703 0 0 0 0
704 0 0 0 0
705 0 0 0 0
706 0 0 0 0
707 0 0 0 0
708 0 0 0 0
709 0 0 0 0
710 0 0 0 0
711 0 0 0 0
712 0 0 0 0
713 0 0 0 0
714 0 0 0 0
715 0 0 0 0
716 0 0 0 0
717 0 0 0 0
718 0 0 0 0
719 0 0 0 0
720 0 0 0 0
721 0 0 0 0
722 0 0 0 0
723 0 0 0 0
724 0 0 0 0
725 0 0 0 0
726 0 0 0 0
727 0 0 0 0
