0 0 0 0 0
1 0 0 0 0
2 0 0 0 0
3 0 0 0 0
4 0 0 0 0
5 0 2 1 0
6 0 0 0 0
7 0 0 0 0
8 0 0 0 0
9 0 0 2 1
10 1 0 0 0
11 0 0 0 0
12 0 0 0 2
13 0 0 0 0
14 0 0 0 0
15 0 0 1 0
16 1 0 0 2
17 0 0 0 0
18 0 0 0 0
19 1 0 0 1
20 1 0 0 0
21 0 0 0 0
22 0 1 0 0
23 2 0 0 0
24 0 0 0 0
25 0 0 0 0
26 1 0 0 1
27 0 0 0 0
28 0 1 1 0
29 0 1 0 0
30 0 0 0 0
31 1 0 1 0
32 0 0 1 0
33 2 0 0 1
34 0 0 0 1
35 2 0 0 1
36 0 1 0 0
37 0 0 0 0
38 0 1 1 1
39 1 0 0 1
40 0 0 2 0
41 0 0 0 0
42 1 0 0 2
43 0 0 0 1
44 1 0 0 1
45 1 0 0 0
46 2 0 0 0
47 1 1 0 1
48 2 1 0 0
49 1 0 1 0
50 0 0 1 0
51 3 0 0 0
52 0 1 1 0
53 0 1 0 1
54 3 1 0 2
55 3 0 1 1
56 1 1 1 2
57 1 0 1 0
58 0 0 0 0
59 0 0 1 1
60 0 1 1 1
61 3 0 1 2
62 2 1 0 0
63 1 0 2 3
64 1 2 0 2
65 1 0 0 0
66 1 0 1 0
67 2 0 2 1
68 1 0 0 2
69 2 0 0 1
70 0 2 1 2
71 3 1 0 2
72 3 2 0 0
73 2 1 1 0
74 2 1 0 3
75 3 0 0 0
76 2 2 1 2
77 4 1 2 2
78 2 1 1 2
79 4 0 0 0
80 3 2 1 3
81 5 1 1 2
82 4 0 1 2
83 3 0 2 1
84 3 1 2 2
85 7 0 1 1
86 2 4 2 1
87 1 3 1 4
88 1 2 1 2
89 2 3 1 1
90 7 2 2 4
91 4 2 2 6
92 2 2 0 1
93 4 2 0 4
94 5 3 3 3
95 2 3 3 6
96 4 2 0 1
97 1 2 0 2
98 1 2 1 2
99 3 3 0 6
100 1 1 2 3
101 4 3 0 6
102 1 2 1 3
103 2 5 1 1
104 2 2 1 3
105 1 1 0 5
106 4 1 2 4
107 2 0 0 5
108 1 0 1 1
109 4 1 1 1
110 4 1 1 3
111 3 3 0 2
112 3 1 2 2
113 4 0 1 3
114 6 1 0 1
115 8 3 1 1
116 6 2 2 3
117 3 4 0 2
118 3 2 3 1
119 4 2 3 3
120 7 3 2 0
121 4 4 0 4
122 4 2 2 7
123 9 2 3 9
124 4 4 1 3
125 6 3 0 3
126 7 3 0 2
127 7 0 1 4
128 5 6 4 4
129 5 4 5 4
130 5 1 3 5
131 2 3 2 3
132 4 3 3 6
133 5 3 1 6
134 3 5 3 5
135 2 5 2 8
136 2 2 2 6
137 4 2 1 2
138 4 4 1 6
139 6 2 2 10
140 7 1 2 1
141 7 2 2 8
142 9 2 1 5
143 9 3 1 5
144 8 2 1 3
145 9 3 2 3
146 7 1 4 4
147 4 6 1 7
148 5 4 5 1
149 6 5 1 5
150 8 10 1 1
151 9 6 3 5
152 8 5 2 6
153 5 4 1 8
154 8 4 1 12
155 12 5 4 10
156 6 4 4 3
157 6 3 3 7
158 9 2 2 4
159 5 5 2 9
160 7 5 4 10
161 9 5 4 5
162 6 4 1 7
163 9 7 3 4
164 11 3 4 10
165 13 7 1 5
166 8 5 5 7
167 10 1 3 10
168 13 6 3 9
169 9 5 2 10
170 5 6 4 8
171 8 6 2 8
172 9 3 4 6
173 16 10 4 9
174 14 8 3 5
175 8 6 1 7
176 7 4 5 7
177 11 5 5 15
178 5 8 5 11
179 8 10 2 8
180 20 7 4 10
181 11 3 5 8
182 7 5 8 10
183 12 4 5 8
184 15 4 3 15
185 14 5 8 10
186 14 7 3 8
187 8 1 2 9
188 11 8 4 7
189 13 13 8 18
190 15 8 4 13
191 19 8 3 6
192 10 6 4 5
193 15 4 4 17
194 14 9 6 7
195 14 12 5 18
196 10 7 2 11
197 14 9 2 6
198 17 8 2 11
199 13 11 6 17
200 16 12 7 12
201 19 4 3 14
202 15 12 7 9
203 14 9 8 10
204 17 9 7 15
205 14 4 7 11
206 7 7 7 22
207 13 10 7 23
208 8 11 7 14
209 10 16 6 12
210 6 12 6 13
211 11 6 2 13
212 9 4 7 15
213 10 6 2 16
214 8 4 6 23
215 12 3 4 11
216 11 7 6 20
217 6 5 4 9
218 13 2 1 7
219 10 5 1 8
220 11 8 6 13
221 7 8 2 13
222 14 4 6 5
223 9 4 4 6
224 6 7 2 12
225 7 5 8 9
226 4 6 2 8
227 5 9 8 10
228 6 5 1 7
229 7 5 3 11
230 6 5 0 8
231 2 3 5 11
232 5 5 4 9
233 3 3 0 8
234 6 3 5 11
235 7 6 2 5
236 4 2 3 9
237 2 4 2 7
238 4 3 1 10
239 7 2 1 11
240 4 3 3 4
241 3 4 1 4
242 7 1 1 4
243 4 4 1 5
244 3 5 3 4
245 1 4 1 4
246 0 1 2 3
247 0 3 5 7
248 0 1 2 7
249 2 3 0 5
250 2 1 0 4
251 3 2 0 7
252 2 1 3 3
253 4 1 0 3
254 2 0 0 5
255 3 1 0 4
256 3 1 0 2
257 2 1 0 0
258 0 2 1 0
259 0 2 1 3
260 1 3 0 1
261 1 2 0 1
262 3 2 3 3
263 3 0 0 2
264 4 1 1 1
265 2 0 2 1
266 1 0 0 6
267 3 1 1 2
268 0 1 2 1
269 2 2 2 2
270 0 1 1 0
271 2 1 0 3
272 1 0 1 5
273 2 1 0 2
274 2 0 1 1
275 1 1 0 1
276 1 2 0 2
277 1 1 0 3
278 1 0 3 1
279 1 1 0 2
280 1 2 1 1
281 0 0 0 1
282 0 0 1 0
283 0 2 0 1
284 3 0 1 2
285 0 2 0 4
286 1 1 0 1
287 1 0 0 1
288 1 0 0 0
289 2 0 0 0
290 0 0 0 2
291 1 0 1 1
292 1 1 0 2
293 1 0 4 1
294 1 1 0 0
295 1 0 0 0
296 1 1 0 1
297 1 0 0 2
298 1 2 0 3
299 0 0 0 0
300 2 1 0 1
301 0 0 1 0
302 1 0 0 1
303 0 0 1 1
304 0 0 0 0
305 0 1 1 1
306 0 1 1 0
307 1 0 1 2
308 1 0 0 1
309 0 1 0 0
310 0 0 0 1
311 0 0 0 0
312 0 1 0 2
313 0 0 0 1
314 0 0 0 1
315 0 0 0 0
316 0 0 0 2
317 0 1 0 0
318 0 0 0 0
319 0 0 0 0
320 1 0 0 0
321 0 0 0 0
322 0 0 0 0
323 1 0 0 0
324 1 0 0 1
325 1 1 0 0
326 0 0 0 0
327 2 0 0 0
328 0 1 0 0
329 1 0 0 1
330 1 0 0 0
331 1 0 0 0
332 1 0 0 0
333 1 0 1 0
334 0 0 1 0
335 0 1 0 1
336 1 2 0 0
337 0 0 0 1
338 0 1 0 0
339 0 0 0 1
340 0 0 1 1
341 0 1 1 0
342 0 0 1 1
343 0 0 0 1
344 0 0 0 1
345 0 0 0 2
346 0 0 0 1
347 0 0 0 0
348 0 0 0 1
349 0 0 0 0
350 0 0 0 0
351 1 0 0 0
352 0 0 0 0
353 2 0 0 0
354 0 0 0 0
355 1 0 0 0
356 0 0 0 0
357 0 0 0 0
358 0 0 1 0
359 0 0 0 0
360 1 1 0 0
361 0 0 0 0
362 0 0 1 1
363 0 0 0 0
364 0 0 1 1
365 1 0 0 0
366 0 0 0 1
367 0 0 0 0
368 0 0 0 0
369 0 0 1 0
370 0 0 0 0
371 0 0 0 1
372 0 0 0 0
373 0 0 0 1
374 0 1 0 0
375 0 0 0 0
376 0 0 0 0
377 0 0 0 0
378 0 0 0 1
379 0 0 0 0
380 1 0 0 0
381 0 0 0 0
382 0 0 0 0
383 0 0 0 0
384 0 0 0 0
385 1 0 0 0
386 0 0 0 0
387 0 0 0 0
388 0 0 0 0
389 0 0 1 0
390 0 0 0 0
391 0 0 0 0
392 0 0 0 0
393 0 0 0 0
394 0 0 1 0
395 0 0 0 0
396 0 0 0 1
397 0 0 0 0
398 0 0 0 0
399 0 0 0 1
400 0 0 0 0
401 1 0 0 0
402 0 0 0 0
403 0 0 0 0
404 0 0 0 0
405 0 0 0 0
406 0 0 1 0
407 0 0 0 0
408 0 0 0 0
409 0 0 0 0
410 1 0 0 0
411 0 0 0 0
412 0 0 0 0
413 0 0 0 1
414 1 0 0 0
415 0 1 0 0
416 0 0 0 0
417 0 0 0 0
418 0 0 0 0
419 0 0 0 0
420 1 0 0 0
421 1 0 0 0
422 0 0 0 1
423 1 0 1 0
424 0 0 0 0
425 0 0 0 0
426 1 0 1 0
427 1 0 0 1
428 1 0 0 0
429 0 1 0 0
430 0 0 0 1
431 0 1 0 0
432 0 2 0 0
433 1 1 0 0
434 1 0 0 0
435 0 0 0 1
436 0 0 0 3
437 0 0 0 0
438 1 0 1 0
439 0 1 0 0
440 1 0 0 1
441 1 0 0 0
442 1 0 0 0
443 1 0 0 0
444 0 0 0 0
445 0 1 0 1
446 0 1 0 1
447 1 1 1 0
448 0 0 0 0
449 0 0 0 0
450 0 0 0 1
451 0 0 0 2
452 0 0 1 1
453 0 0 0 0
454 0 0 0 0
455 1 0 0 0
456 1 1 0 0
457 0 0 0 0
458 1 0 0 0
459 1 0 0 1
460 1 0 0 1
461 3 0 0 0
462 1 0 0 0
463 1 0 1 0
464 0 1 0 0
465 0 1 0 0
466 1 0 0 0
467 1 1 0 1
468 0 1 0 0
469 0 1 0 0
470 0 2 1 0
471 0 0 0 2
472 0 0 2 2
473 0 0 0 1
474 0 0 0 2
475 0 0 1 0
476 0 0 0 2
477 0 0 0 1
478 0 0 0 0
479 0 0 0 0
480 0 0 0 0
481 0 0 0 0
482 0 0 0 1
483 0 0 0 0
484 0 0 0 0
485 0 0 0 0
486 0 0 0 0
487 0 0 0 0
488 0 0 0 0
489 0 0 0 0
490 0 0 0 0
491 0 0 0 0
492 1 0 0 0
493 0 0 0 0
494 0 0 0 0
495 1 0 0 0
496 1 0 0 0
497 0 0 0 0
498 0 0 0 0
499 0 0 0 0
500 0 0 0 0
501 1 0 1 0
502 0 0 0 0
503 1 0 0 0
504 1 0 1 0
505 0 1 0 0
506 1 0 0 0
507 0 0 0 0
508 1 0 1 2
509 0 1 0 1
510 0 1 0 0
511 0 0 0 0
512 0 0 0 0
513 0 0 1 0
514 0 0 0 0
515 1 0 1 1
516 1 0 0 1
517 0 0 0 1
518 0 0 0 0
519 2 0 0 0
520 1 0 0 1
521 0 0 0 0
522 0 0 0 1
523 1 0 0 0
524 1 2 1 0
525 1 2 0 0
526 1 0 0 0
527 1 0 0 0
528 1 0 0 1
529 0 0 1 2
530 0 0 0 0
531 0 0 0 2
532 0 1 1 0
533 0 0 1 1
534 0 1 0 0
535 0 1 0 0
536 0 0 0 0
537 0 0 0 1
538 0 0 0 1
539 0 0 0 3
540 1 0 0 0
541 2 0 0 0
542 0 0 0 0
543 0 0 0 0
544 0 0 0 0
545 1 0 0 0
546 2 1 0 0
547 1 0 0 0
548 0 0 0 0
549 0 1 0 0
550 2 1 0 1
551 1 0 1 0
552 0 0 1 0
553 1 0 0 0
554 1 1 0 0
555 0 2 0 1
556 0 1 0 2
557 0 0 0 1
558 0 0 1 0
559 0 2 0 2
560 0 0 0 1
561 0 0 0 0
562 0 0 0 0
563 0 0 0 2
564 0 0 0 0
565 0 0 0 1
566 0 0 0 1
567 1 0 0 0
568 0 0 0 0
569 1 0 0 0
570 0 0 0 0
571 0 0 0 0
572 0 0 0 0
573 1 0 0 0
574 0 0 0 0
575 0 0 0 0
576 0 0 1 0
577 0 0 0 0
578 0 0 1 0
579 0 0 0 0
580 0 0 0 1
581 0 0 0 0
582 0 1 0 1
583 0 0 0 0
584 0 0 0 0
585 0 0 0 0
586 0 0 0 0
587 0 0 0 0
588 0 0 0 0
589 0 0 0 1
590 0 0 0 0
591 0 0 0 0
592 0 0 0 0
593 0 0 0 0
594 0 0 0 0
595 0 0 0 0
596 0 0 0 0
597 0 0 0 0
598 0 0 0 0
599 0 0 0 0
600 0 0 0 0
601 0 0 0 0
602 0 0 0 0
603 0 0 0 0
604 0 0 0 0
605 0 0 0 0
606 0 0 0 0
607 0 0 0 0
608 0 0 0 0
609 0 0 0 0
610 0 0 0 0
611 0 0 0 0
612 0 0 0 0
613 0 0 0 0
614 0 0 0 0
615 0 0 0 0
616 0 0 0 0
617 0 0 0 0
618 0 0 0 0
619 0 0 0 0
620 0 0 0 0
621 0 0 0 0
622 0 0 0 0
623 0 0 0 0
624 0 0 0 0
625 0 0 0 0
626 0 0 0 0
627 0 0 0 0
628 0 0 0 0
629 0 0 0 0
630 0 0 0 0
631 0 0 0 0
632 0 0 0 0
633 0 0 0 0
634 0 0 0 0
635 0 0 0 0
636 0 0 0 0
637 0 0 0 0
638 0 0 0 0
639 0 0 0 0
640 0 0 0 0
641 0 0 0 0
642 0 0 0 0
643 0 0 0 0
644 0 0 0 0
645 0 0 0 0
646 0 0 0 0
647 0 0 0 0
648 0 0 0 0
649 0 0 0 0
650 0 0 0 0
651 0 0 0 0
652 0 0 0 0
653 0 0 0 0
654 0 0 0 0
655 0 0 0 0
656 0 0 0 0
657 0 0 0 0
658 0 0 0 0
659 0 0 0 0
660 0 0 0 0
661 0 0 0 0
662 0 0 0 0
663 0 0 0 0
664 0 0 0 0
665 0 0 0 0
666 0 0 0 0
667 0 0 0 0
668 0 0 0 0
669 0 0 0 0
670 0 0 0 0
671 0 0 0 0
672 0 0 0 0
673 0 0 0 0
674 0 0 0 0
675 0 0 0 0
676 0 0 0 0
677 0 0 0 0
678 0 0 0 0
679 0 0 0 0
680 0 0 0 0
681 0 0 0 0
682 0 0 0 0
683 0 0 0 0
684 0 0 0 0
685 0 0 0 0
686 0 0 0 0
687 0 0 0 0
688 0 0 0 0
689 0 0 0 0
690 0 0 0 0
691 0 0 0 0
692 0 0 0 0
693 0 0 0 0
694 0 0 0 0
695 0 0 0 0
696 0 0 0 0
697 0 0 0 0
698 0 0 0 0
699 0 0 0 0
700 0 0 0 0
701 0 0 0 0
702 0 0 0 0
703 0 0 0 0
704 0 0 0 0
705 0 0 0 0
706 0 0 0 0
707 0 0 0 0
708 0 0 0 0
709 0 0 0 0
710 0 0 0 0
711 0 0 0 0
712 0 0 0 0
713 0 0 0 0
714 0 0 0 0
715 0 0 0 0
716 0 0 0 0
717 0 0 0 0
718 0 0 0 0
719 0 0 0 0
720 0 0 0 0
721 0 0 0 0
722 0 0 0 0
723 0 0 0 0
724 0 0 0 0
725 0 0 0 0
726 0 0 0 0
727 0 0 0 0
