0 0 0 0 0
1 0 0 0 0
2 0 0 0 0
3 0 0 0 0
4 0 0 0 0
5 0 2 0 0
6 0 0 0 0
7 0 0 0 0
8 0 0 0 0
9 0 3 0 1
10 0 0 0 0
11 0 0 0 0
12 0 0 0 1
13 0 0 0 1
14 0 0 0 0
15 0 0 0 0
16 0 0 0 2
17 0 0 0 0
18 0 0 0 0
19 0 0 0 0
20 1 0 0 0
21 0 0 0 0
22 1 0 0 0
23 0 0 0 0
24 1 0 0 0
25 0 0 1 0
26 0 0 0 0
27 1 0 0 0
28 0 0 0 0
29 0 0 0 1
30 0 0 0 0
31 0 0 1 0
32 0 0 0 0
33 0 0 1 0
34 0 0 0 0
35 0 0 0 0
36 0 1 0 0
37 0 0 0 1
38 1 0 0 1
39 1 0 0 0
40 0 0 0 1
41 1 0 0 0
42 1 0 0 0
43 1 0 0 0
44 0 1 0 0
45 2 0 0 0
46 2 1 0 0
47 2 1 0 0
48 0 1 0 0
49 1 0 0 0
50 0 2 1 1
51 2 0 0 2
52 1 1 1 1
53 1 0 0 0
54 0 1 0 2
55 2 1 1 0
56 1 0 1 1
57 0 0 0 2
58 0 0 1 0
59 0 0 0 2
60 0 1 1 1
61 1 0 1 1
62 0 0 0 1
63 0 0 0 0
64 0 0 1 1
65 0 1 0 1
66 0 0 0 0
67 0 0 0 1
68 0 0 0 0
69 0 0 0 1
70 0 1 0 0
71 1 0 0 1
72 1 0 0 0
73 0 0 0 0
74 0 0 0 0
75 1 0 0 0
76 0 0 0 0
77 0 0 1 1
78 1 0 0 0
79 0 0 0 0
80 2 1 0 0
81 2 0 0 0
82 1 0 0 0
83 0 0 1 0
84 1 0 1 1
85 2 1 0 0
86 0 1 0 0
87 0 1 0 1
88 1 0 0 1
89 0 1 1 1
90 0 1 1 1
91 0 0 0 1
92 1 0 0 0
93 0 0 0 1
94 2 1 0 0
95 0 0 0 0
96 1 0 0 2
97 2 1 1 2
98 1 0 0 1
99 1 2 0 0
100 2 0 0 0
101 2 0 1 0
102 1 0 1 0
103 0 1 0 1
104 1 0 0 2
105 0 1 0 0
106 0 2 1 2
107 0 0 0 1
108 0 0 1 1
109 0 1 1 1
110 0 0 0 2
111 1 0 1 0
112 1 0 0 1
113 3 0 0 3
114 1 0 0 0
115 2 0 0 1
116 1 0 0 0
117 2 0 1 0
118 3 0 2 0
119 2 0 1 0
120 1 2 1 0
121 0 0 0 1
122 1 2 0 1
123 3 0 0 1
124 3 1 1 1
125 2 0 1 1
126 2 1 0 2
127 1 3 1 2
128 2 1 1 1
129 1 0 3 1
130 2 1 0 1
131 0 0 0 3
132 1 1 1 1
133 3 1 0 0
134 4 0 1 2
135 2 3 1 1
136 1 0 0 5
137 2 1 2 2
138 1 0 2 1
139 2 2 0 2
140 2 0 0 0
141 3 0 0 1
142 1 1 1 2
143 3 2 1 1
144 3 1 1 2
145 1 2 1 2
146 2 2 2 2
147 2 0 0 3
148 3 2 2 0
149 4 0 1 3
150 3 2 0 3
151 5 2 0 2
152 3 1 1 3
153 4 2 1 1
154 3 2 0 1
155 0 0 2 2
156 7 2 1 2
157 3 0 2 3
158 2 2 3 3
159 2 3 0 3
160 3 2 1 1
161 3 3 2 2
162 4 4 0 4
163 2 3 1 2
164 5 2 1 1
165 8 2 3 4
166 5 2 1 6
167 3 1 1 6
168 5 1 1 6
169 5 3 1 1
170 6 1 5 3
171 6 6 0 2
172 4 1 1 6
173 8 4 2 5
174 4 4 2 3
175 8 1 2 2
176 7 3 0 3
177 7 3 0 7
178 7 3 4 9
179 4 3 3 2
180 8 7 3 4
181 4 2 5 2
182 8 4 3 5
183 3 5 1 5
184 6 4 1 5
185 8 7 2 7
186 4 3 2 4
187 6 4 4 9
188 5 2 0 8
189 2 3 5 10
190 5 2 1 5
191 5 5 1 8
192 2 3 0 2
193 7 1 2 9
194 7 4 3 4
195 4 1 2 5
196 3 2 5 5
197 7 1 3 3
198 8 5 2 7
199 8 5 2 3
200 4 0 4 5
201 2 2 0 5
202 7 1 1 7
203 3 3 3 5
204 5 2 6 3
205 7 3 2 4
206 5 3 3 4
207 3 3 4 4
208 8 2 2 4
209 2 3 1 5
210 5 4 2 7
211 4 5 2 11
212 4 1 2 2
213 5 3 3 6
214 2 2 3 5
215 1 6 1 5
216 3 3 1 3
217 3 2 4 8
218 4 2 1 7
219 3 0 0 5
220 3 2 1 6
221 3 1 3 6
222 2 1 3 3
223 4 2 2 0
224 3 0 1 5
225 1 1 3 4
226 3 2 2 1
227 3 2 1 4
228 3 1 3 2
229 6 0 0 4
230 3 1 1 5
231 2 2 1 3
232 1 0 3 3
233 1 4 1 1
234 7 4 0 3
235 1 2 0 4
236 3 2 1 2
237 1 1 1 3
238 1 1 1 3
239 3 4 2 2
240 1 0 0 2
241 0 0 2 5
242 0 0 1 2
243 2 1 2 6
244 1 1 2 0
245 0 2 1 3
246 0 1 0 4
247 0 0 0 1
248 1 2 0 1
249 2 0 0 2
250 0 0 0 3
251 4 0 0 2
252 0 1 0 1
253 3 1 0 0
254 4 0 1 0
255 3 0 1 2
256 2 4 0 0
257 1 1 0 0
258 2 1 0 1
259 0 1 1 1
260 0 1 0 3
261 1 2 0 1
262 2 2 0 1
263 0 1 2 3
264 0 0 2 1
265 1 0 0 2
266 1 1 1 1
267 2 2 1 1
268 1 0 0 2
269 2 0 0 2
270 0 0 0 4
271 0 0 1 2
272 1 0 1 0
273 0 0 0 0
274 0 0 1 2
275 0 0 0 0
276 0 0 1 0
277 1 1 0 0
278 1 1 1 2
279 1 0 0 1
280 0 0 0 0
281 0 0 1 1
282 0 0 0 1
283 1 1 0 2
284 1 0 0 0
285 1 0 0 1
286 0 0 1 0
287 1 0 0 1
288 0 1 0 0
289 1 1 0 0
290 0 0 1 1
291 0 0 0 0
292 0 0 2 0
293 0 0 0 1
294 0 0 0 1
295 0 0 0 1
296 1 0 0 1
297 1 0 1 0
298 0 0 0 0
299 0 0 0 1
300 0 0 0 0
301 0 0 0 0
302 0 0 0 1
303 0 0 0 0
304 1 0 0 0
305 0 1 0 0
306 0 1 0 0
307 1 0 0 0
308 0 0 0 0
309 1 0 0 1
310 1 0 0 0
311 0 0 0 0
312 0 1 0 0
313 0 1 0 1
314 1 1 0 0
315 0 1 0 0
316 0 0 0 0
317 1 0 0 0
318 1 0 0 0
319 0 0 0 1
320 1 0 0 1
321 1 0 0 1
322 0 0 0 1
323 0 0 1 0
324 0 0 0 0
325 0 0 0 0
326 0 1 0 0
327 0 1 0 0
328 0 0 0 0
329 1 0 1 0
330 1 0 1 1
331 1 0 0 1
332 0 0 0 0
333 1 0 0 1
334 0 0 1 0
335 0 0 0 0
336 0 0 0 1
337 0 0 0 1
338 0 1 0 0
339 0 1 0 0
340 0 0 1 0
341 0 0 0 1
342 0 0 0 0
343 0 0 0 1
344 1 0 0 1
345 0 0 0 1
346 0 0 0 0
347 0 0 0 0
348 0 0 0 0
349 0 0 0 0
350 0 0 0 0
351 0 0 0 0
352 1 0 0 0
353 0 1 0 0
354 0 0 0 0
355 0 0 0 0
356 0 0 0 0
357 0 0 0 0
358 0 0 0 0
359 0 0 0 0
360 0 0 0 1
361 0 0 1 0
362 0 0 0 0
363 0 0 0 0
364 0 0 0 0
365 0 0 0 0
366 0 0 0 0
367 0 0 0 0
368 0 0 0 1
369 0 0 0 0
370 0 0 0 0
371 0 0 0 0
372 0 0 0 0
373 1 0 0 0
374 0 0 0 0
375 0 0 0 0
376 0 0 0 0
377 1 0 0 0
378 1 0 0 0
379 0 0 0 0
380 0 0 0 0
381 0 0 0 0
382 0 2 0 0
383 0 0 1 0
384 0 0 0 0
385 0 0 0 0
386 0 0 0 1
387 0 0 0 1
388 0 0 0 0
389 0 0 0 1
390 0 0 0 0
391 0 0 0 0
392 0 0 0 0
393 0 0 0 0
394 0 0 0 0
395 0 0 0 0
396 0 0 0 0
397 0 0 0 0
398 0 0 0 0
399 0 0 0 0
400 0 0 0 0
401 0 0 0 0
402 0 0 0 0
403 1 0 0 0
404 1 0 0 0
405 0 0 0 0
406 1 0 0 0
407 0 0 0 0
408 0 0 0 0
409 0 0 1 0
410 0 0 0 0
411 0 0 0 0
412 0 1 0 0
413 0 0 0 0
414 1 0 0 0
415 0 0 1 0
416 1 0 0 2
417 0 0 0 0
418 0 0 0 0
419 0 0 0 0
420 0 0 0 0
421 0 0 1 0
422 1 0 0 1
423 0 1 0 0
424 1 0 0 0
425 0 0 0 1
426 1 0 0 0
427 0 0 0 0
428 0 0 0 0
429 0 1 0 0
430 0 0 0 1
431 0 2 0 0
432 0 0 0 0
433 0 0 0 0
434 1 0 0 0
435 1 0 0 1
436 0 0 0 1
437 0 0 0 0
438 1 0 0 1
439 1 0 0 0
440 2 1 0 0
441 1 0 0 0
442 1 0 0 0
443 1 0 1 0
444 0 1 0 0
445 1 1 1 0
446 0 0 1 0
447 0 1 0 1
448 0 1 0 1
449 0 0 0 1
450 1 0 0 1
451 1 1 0 1
452 0 0 0 1
453 2 0 0 1
454 0 0 1 0
455 1 1 0 1
456 2 0 0 0
457 1 0 0 0
458 1 0 0 2
459 3 0 0 1
460 1 0 1 0
461 1 2 0 0
462 4 1 2 0
463 2 0 1 0
464 1 2 1 0
465 2 0 0 1
466 2 1 0 1
467 2 0 1 2
468 2 1 0 4
469 0 0 1 2
470 2 1 0 0
471 2 3 2 0
472 0 0 3 1
473 3 2 0 2
474 1 1 0 1
475 2 1 0 3
476 2 2 1 1
477 1 1 0 2
478 2 1 0 2
479 2 0 2 3
480 1 0 0 4
481 0 0 1 1
482 3 2 2 1
483 2 1 0 1
484 1 3 0 1
485 2 1 0 1
486 3 0 0 4
487 5 1 1 0
488 4 1 2 2
489 3 0 0 1
490 2 0 0 1
491 2 2 3 3
492 5 0 2 1
493 1 3 1 0
494 4 1 3 1
495 3 0 1 5
496 3 2 1 1
497 1 2 2 2
498 1 1 1 4
499 1 4 1 1
500 2 1 2 3
501 2 1 2 5
502 2 0 1 3
503 2 1 0 3
504 1 2 0 2
505 5 0 3 0
506 6 2 0 5
507 4 1 0 3
508 4 3 0 4
509 2 0 0 2
510 3 2 1 0
511 4 2 2 2
512 1 1 1 3
513 2 3 2 2
514 4 3 1 2
515 4 0 3 3
516 3 4 1 0
517 6 0 2 1
518 3 1 1 5
519 2 1 3 4
520 5 0 2 7
521 2 3 0 3
522 1 4 0 2
523 4 3 1 3
524 2 0 3 2
525 3 3 1 2
526 1 1 0 6
527 3 3 0 3
528 6 3 1 2
529 4 1 3 4
530 3 1 3 3
531 5 0 1 4
532 2 2 2 3
533 3 3 1 1
534 3 5 0 5
535 8 1 1 4
536 5 0 4 6
537 6 2 2 3
538 5 2 1 5
539 5 2 0 1
540 3 2 2 3
541 9 2 2 3
542 3 2 3 2
543 3 1 4 2
544 6 6 1 6
545 4 3 1 5
546 2 1 5 2
547 6 3 1 5
548 2 1 2 5
549 6 1 1 8
550 5 4 4 3
551 4 2 0 5
552 6 1 1 4
553 9 2 4 3
554 8 3 3 6
555 8 3 3 1
556 4 4 4 1
557 9 1 0 7
558 7 6 1 5
559 11 5 0 5
560 6 2 4 8
561 4 4 4 4
562 6 5 3 8
563 1 8 2 6
564 5 7 3 4
565 6 4 2 9
566 6 3 3 8
567 6 4 2 5
568 6 4 1 6
569 6 3 2 6
570 6 2 4 10
571 3 2 2 8
572 4 1 2 5
573 4 1 3 2
574 2 4 2 9
575 8 3 1 3
576 5 3 3 7
577 4 3 0 5
578 3 3 0 5
579 2 4 2 3
580 0 3 4 5
581 4 5 3 3
582 4 3 0 5
583 2 1 3 4
584 3 5 0 8
585 2 0 1 5
586 1 3 2 5
587 3 1 1 4
588 1 1 0 6
589 1 0 1 1
590 1 1 2 6
591 2 3 0 4
592 0 1 0 1
593 3 2 1 1
594 2 0 1 3
595 2 0 1 2
596 2 2 3 1
597 1 0 0 2
598 3 1 2 1
599 0 0 0 2
600 0 2 0 4
601 0 0 2 1
602 0 0 1 2
603 0 3 2 4
604 1 0 0 0
605 1 0 0 2
606 1 0 1 0
607 0 0 0 3
608 2 0 0 1
609 0 0 0 1
610 2 0 0 5
611 0 0 0 0
612 0 0 0 0
613 0 1 0 0
614 1 1 0 0
615 2 2 1 0
616 2 1 0 0
617 1 1 0 0
618 1 0 0 0
619 1 0 0 2
620 0 1 1 2
621 1 0 0 1
622 0 0 0 1
623 1 1 0 0
624 0 1 0 1
625 1 2 0 0
626 0 2 0 0
627 1 0 1 3
628 0 0 0 1
629 0 0 0 1
630 0 1 0 2
631 0 0 0 1
632 0 1 1 1
633 0 0 0 0
634 0 0 0 0
635 0 0 0 0
636 0 0 0 2
637 0 0 0 1
638 0 0 0 0
639 0 0 0 0
640 0 0 0 0
641 0 0 0 0
642 0 0 0 0
643 0 0 0 0
644 0 0 0 0
645 0 0 0 0
646 0 0 0 0
647 0 0 0 0
648 0 0 0 0
649 0 0 0 0
650 0 0 0 0
651 0 0 0 0
652 0 0 0 0
653 0 0 0 0
654 0 0 0 0
655 0 0 0 0
656 0 0 0 0
657 0 0 0 0
658 0 0 0 0
659 0 0 0 0
660 0 0 0 0
661 0 0 0 0
662 0 0 0 0
663 0 0 0 0
664 0 0 0 0
665 0 0 0 0
666 0 0 0 0
667 0 0 0 0
668 0 0 0 0
669 0 0 0 0
670 0 0 0 0
671 0 0 0 0
672 0 0 0 0
673 0 0 0 0
674 0 0 0 0
675 0 0 0 0
676 0 0 0 0
677 0 0 0 0
678 0 0 0 0
679 0 0 0 0
680 0 0 0 0
681 0 0 0 0
682 0 0 0 0
683 0 0 0 0
684 0 0 0 0
685 0 0 0 0
686 0 0 0 0
687 0 0 0 0
688 0 0 0 0
689 0 0 0 0
690 0 0 0 0
691 0 0 0 0
692 0 0 0 0
693 0 0 0 0
694 0 0 0 0
695 0 0 0 0
696 0 0 0 0
697 0 0 0 0
698 0 0 0 0
699 0 0 0 0
700 0 0 0 0
701 0 0 0 0
702 0 0 0 0
703 0 0 0 0
704 0 0 0 0
705 0 0 0 0
706 0 0 0 0
707 0 0 0 0
708 0 0 0 0
709 0 0 0 0
710 0 0 0 0
711 0 0 0 0
712 0 0 0 0
713 0 0 0 0
714 0 0 0 0
715 0 0 0 0
716 0 0 0 0
717 0 0 0 0
718 0 0 0 0
719 0 0 0 0
720 0 0 0 0
721 0 0 0 0
722 0 0 0 0
723 0 0 0 0
724 0 0 0 0
725 0 0 0 0
726 0 0 0 0
727 0 0 0 0
