0 0 0 0 0
1 0 0 0 0
2 0 0 0 0
3 0 0 0 0
4 0 0 0 0
5 0 1 0 0
6 0 0 0 0
7 0 0 0 0
8 0 0 0 0
9 0 2 2 1
10 0 0 0 0
11 0 0 0 0
12 0 0 0 0
13 0 0 0 1
14 0 0 0 0
15 0 0 0 0
16 0 0 0 3
17 0 0 0 0
18 0 0 0 0
19 0 0 0 0
20 0 0 0 0
21 0 0 0 0
22 1 0 0 0
23 2 0 0 0
24 1 0 0 0
25 2 0 0 0
26 0 0 0 0
27 0 0 0 0
28 0 0 1 0
29 0 1 0 0
30 1 0 0 0
31 2 0 1 0
32 1 1 1 1
33 1 0 0 1
34 2 0 1 0
35 0 1 0 1
36 1 0 0 1
37 0 0 1 0
38 0 0 0 0
39 1 0 1 2
40 1 2 0 0
41 1 1 0 2
42 0 1 0 0
43 0 0 1 0
44 1 1 0 1
45 1 0 1 0
46 0 0 1 2
47 0 0 0 2
48 2 0 0 2
49 0 0 0 1
50 0 1 0 0
51 0 0 0 0
52 1 0 0 0
53 1 0 2 1
54 0 0 0 1
55 0 0 0 0
56 2 0 0 0
57 3 1 0 1
58 3 0 0 0
59 2 0 0 0
60 1 0 0 1
61 2 0 2 1
62 2 4 0 0
63 1 0 2 0
64 2 1 0 0
65 1 1 0 1
66 2 0 1 3
67 1 3 0 0
68 1 0 1 2
69 2 1 0 1
70 0 0 1 2
71 1 1 1 2
72 1 1 2 2
73 1 1 0 2
74 3 0 0 2
75 2 1 0 0
76 2 0 0 1
77 1 1 0 1
78 1 0 2 2
79 0 1 1 2
80 2 2 1 0
81 2 3 0 1
82 1 1 0 2
83 1 1 0 1
84 1 0 0 1
85 2 1 0 3
86 1 1 1 2
87 1 2 0 2
88 3 0 0 1
89 1 1 1 1
90 2 2 0 2
91 4 0 1 0
92 2 2 0 0
93 2 1 3 2
94 1 1 0 2
95 2 1 0 1
96 2 2 1 3
97 2 0 1 2
98 1 1 0 0
99 0 1 1 2
100 2 0 1 5
101 2 1 0 2
102 2 1 0 1
103 0 0 0 2
104 4 1 1 1
105 5 4 0 1
106 2 0 3 2
107 4 1 1 0
108 5 0 0 2
109 1 0 3 2
110 2 2 1 1
111 4 3 0 2
112 1 0 2 3
113 4 4 0 1
114 3 2 1 2
115 1 0 0 1
116 3 2 2 3
117 4 0 3 2
118 4 1 4 5
119 2 3 1 1
120 2 1 0 4
121 2 1 1 3
122 1 1 2 2
123 3 2 1 4
124 2 2 0 2
125 0 1 2 3
126 3 2 1 4
127 1 2 1 3
128 5 0 2 4
129 6 2 1 2
130 3 0 0 2
131 9 1 1 3
132 4 2 1 3
133 4 1 0 3
134 5 3 1 0
135 5 1 2 3
136 6 1 4 2
137 6 3 3 1
138 4 0 3 1
139 6 4 0 5
140 6 4 3 3
141 5 3 3 8
142 2 5 2 4
143 5 3 1 4
144 3 3 6 6
145 6 2 1 3
146 6 5 1 4
147 8 2 0 5
148 2 1 1 7
149 9 2 4 6
150 4 2 1 5
151 9 6 0 7
152 6 2 6 2
153 8 1 1 5
154 4 1 8 2
155 7 5 1 6
156 9 5 4 7
157 11 4 1 3
158 7 5 1 7
159 5 4 0 7
160 7 4 2 8
161 6 1 3 8
162 7 6 8 5
163 11 3 4 5
164 3 5 3 5
165 12 4 5 2
166 10 4 1 10
167 7 4 0 4
168 12 5 2 11
169 5 4 2 12
170 8 6 5 8
171 4 7 2 4
172 6 6 1 6
173 6 4 2 2
174 3 4 3 9
175 5 6 3 10
176 4 3 4 9
177 9 10 2 8
178 14 6 2 4
179 8 1 3 7
180 7 5 0 7
181 5 2 1 15
182 6 4 3 9
183 11 3 6 3
184 3 4 3 8
185 7 2 2 3
186 12 2 3 9
187 7 8 2 6
188 8 6 2 7
189 6 2 7 5
190 10 5 3 4
191 9 5 1 9
192 8 6 3 4
193 7 5 2 10
194 5 5 3 10
195 10 3 7 8
196 12 3 4 7
197 7 5 3 7
198 3 5 0 7
199 8 4 4 7
200 8 7 3 7
201 2 5 3 7
202 7 5 2 9
203 5 1 3 11
204 7 5 5 7
205 7 6 7 7
206 7 3 1 8
207 7 2 2 6
208 9 3 5 8
209 6 4 2 8
210 9 4 0 6
211 7 2 3 7
212 4 2 3 9
213 10 3 6 6
214 6 5 1 5
215 8 7 3 9
216 8 2 7 4
217 7 2 1 7
218 6 8 3 5
219 7 6 3 9
220 4 6 2 10
221 4 7 1 5
222 3 6 2 10
223 1 5 2 10
224 3 3 2 6
225 1 1 3 6
226 1 2 2 9
227 1 1 1 6
228 2 4 1 9
229 2 3 0 6
230 1 3 1 8
231 0 1 1 0
232 2 1 0 3
233 2 2 1 1
234 3 1 1 5
235 1 2 0 4
236 3 1 0 3
237 2 0 1 1
238 0 0 0 3
239 1 2 0 1
240 1 0 1 3
241 4 2 1 1
242 2 2 0 1
243 1 1 0 1
244 1 1 0 1
245 1 3 1 1
246 0 2 1 4
247 2 1 1 0
248 2 1 0 3
249 1 1 0 0
250 0 1 0 2
251 0 1 0 1
252 0 1 0 4
253 1 1 0 3
254 0 1 1 1
255 0 0 0 2
256 0 0 1 1
257 0 1 0 1
258 0 0 0 1
259 1 0 0 0
260 0 0 0 2
261 2 0 0 2
262 0 1 0 0
263 0 0 0 0
264 1 0 0 0
265 0 0 0 0
266 1 0 1 0
267 1 0 0 0
268 1 0 1 0
269 0 0 0 1
270 0 0 1 1
271 0 0 0 0
272 0 0 1 0
273 1 1 1 0
274 0 0 0 1
275 0 1 0 1
276 0 0 0 0
277 0 0 0 1
278 1 0 0 0
279 0 0 0 1
280 0 0 0 1
281 0 0 0 0
282 0 1 0 1
283 0 0 0 0
284 0 0 0 0
285 0 0 0 0
286 0 0 0 1
287 0 1 0 0
288 1 0 0 0
289 0 0 0 0
290 0 0 0 0
291 0 0 0 1
292 0 0 0 0
293 0 0 0 0
294 0 0 0 0
295 0 0 0 0
296 1 0 0 0
297 0 0 1 0
298 0 0 0 0
299 0 0 0 0
300 0 0 0 0
301 1 1 0 0
302 1 0 0 0
303 0 0 0 0
304 0 0 0 1
305 0 0 0 1
306 0 0 0 0
307 0 0 1 0
308 0 0 0 0
309 0 0 0 0
310 0 0 1 0
311 0 0 0 0
312 0 0 0 0
313 0 0 0 0
314 0 0 0 2
315 0 0 0 0
316 0 0 0 0
317 0 0 0 0
318 0 0 0 0
319 0 0 0 0
320 0 0 0 0
321 1 0 0 0
322 0 0 0 0
323 0 0 0 0
324 0 0 0 0
325 0 0 0 0
326 1 0 1 0
327 0 0 0 0
328 1 0 0 0
329 1 0 0 0
330 0 0 0 0
331 0 0 0 0
332 0 0 0 1
333 0 0 0 0
334 0 0 0 0
335 0 0 1 0
336 0 0 0 0
337 0 1 0 0
338 0 1 0 0
339 0 0 0 0
340 0 0 0 0
341 0 0 0 0
342 0 0 0 2
343 0 0 0 0
344 0 0 0 1
345 1 0 0 0
346 0 0 0 0
347 0 0 0 0
348 1 0 0 0
349 0 0 0 0
350 1 0 0 0
351 1 0 0 0
352 1 0 0 0
353 0 1 0 0
354 1 1 0 0
355 1 1 0 0
356 1 0 0 0
357 0 0 1 0
358 0 0 0 1
359 0 0 0 1
360 0 0 1 1
361 0 0 1 0
362 0 0 0 0
363 0 1 0 0
364 0 0 1 1
365 0 0 0 0
366 0 0 0 0
367 0 0 0 2
368 0 0 0 1
369 0 0 0 0
370 0 0 0 0
371 0 0 0 1
372 0 0 0 0
373 0 0 0 0
374 0 0 0 0
375 0 0 0 0
376 0 0 0 0
377 0 0 0 0
378 0 0 0 0
379 0 0 0 0
380 0 0 0 0
381 1 0 0 0
382 0 0 0 0
383 0 0 0 0
384 1 0 0 0
385 1 0 0 0
386 0 0 0 0
387 0 0 0 0
388 1 0 0 0
389 0 0 0 0
390 0 0 2 0
391 0 0 0 0
392 1 0 0 0
393 0 1 0 0
394 0 0 1 0
395 0 0 0 0
396 0 0 0 0
397 0 1 0 2
398 0 0 0 0
399 0 0 0 0
400 0 0 0 1
401 0 0 0 1
402 1 0 0 0
403 0 0 0 0
404 1 0 0 1
405 0 0 0 0
406 1 0 0 0
407 0 0 0 0
408 0 0 0 0
409 2 0 0 0
410 0 0 0 0
411 2 2 0 0
412 0 0 0 0
413 0 0 1 0
414 1 1 0 0
415 0 0 0 0
416 0 0 1 0
417 1 0 0 0
418 1 0 1 2
419 0 1 0 0
420 1 1 0 2
421 0 0 0 1
422 1 0 0 0
423 1 0 0 1
424 0 0 0 1
425 0 1 1 1
426 1 0 0 0
427 1 1 1 0
428 1 0 0 0
429 1 0 0 0
430 0 0 0 0
431 1 0 1 0
432 2 1 0 2
433 1 0 0 0
434 0 0 1 2
435 1 0 0 0
436 1 0 2 1
437 0 2 1 0
438 0 0 0 2
439 0 0 0 0
440 0 1 0 1
441 0 0 0 1
442 1 0 1 0
443 1 0 0 1
444 4 0 0 2
445 0 1 0 0
446 1 0 0 1
447 1 0 0 1
448 1 0 1 0
449 1 2 1 1
450 0 0 0 0
451 3 2 0 0
452 1 1 0 1
453 3 0 1 2
454 3 0 0 0
455 4 1 0 1
456 2 3 0 1
457 1 0 0 0
458 1 1 1 1
459 1 1 1 2
460 1 2 0 2
461 2 0 2 0
462 3 2 1 2
463 2 1 1 4
464 1 1 2 1
465 1 0 1 2
466 0 1 1 1
467 3 1 0 3
468 1 0 0 1
469 0 0 1 1
470 4 0 0 2
471 2 2 0 3
472 3 2 1 1
473 0 1 1 2
474 1 1 0 0
475 1 2 2 0
476 3 1 2 0
477 5 0 1 0
478 3 0 0 3
479 1 0 1 5
480 1 1 1 3
481 1 0 3 2
482 1 0 1 2
483 0 1 0 1
484 2 0 0 0
485 3 1 2 1
486 2 3 2 3
487 5 2 0 3
488 3 1 0 1
489 2 1 0 1
490 0 2 0 4
491 2 0 1 2
492 3 0 3 2
493 1 4 1 2
494 0 0 1 2
495 1 1 0 1
496 2 2 1 2
497 2 1 0 3
498 0 2 0 2
499 2 0 0 2
500 2 1 1 2
501 5 1 1 1
502 4 2 0 1
503 3 1 0 2
504 2 2 0 3
505 5 0 1 2
506 4 3 2 1
507 2 1 1 0
508 1 0 0 2
509 4 1 2 1
510 1 1 3 4
511 2 2 2 3
512 6 2 2 1
513 3 3 0 5
514 0 3 0 2
515 3 2 1 2
516 7 1 0 2
517 2 2 3 2
518 0 3 2 2
519 1 0 0 4
520 5 2 2 5
521 9 1 5 3
522 6 1 0 6
523 7 0 1 0
524 3 0 0 4
525 6 4 1 5
526 4 5 0 1
527 4 2 1 3
528 5 3 5 3
529 4 0 0 3
530 4 8 1 4
531 5 5 2 1
532 4 3 1 5
533 8 2 3 1
534 6 1 4 7
535 6 2 2 8
536 7 1 2 1
537 11 5 0 5
538 9 2 2 7
539 8 3 1 5
540 12 2 5 5
541 10 3 1 5
542 6 4 5 4
543 12 9 2 4
544 9 8 2 7
545 8 7 3 3
546 10 5 5 9
547 7 5 2 7
548 7 7 2 8
549 8 7 3 3
550 7 11 2 9
551 7 4 3 8
552 8 7 4 13
553 7 1 8 11
554 6 3 2 7
555 5 8 1 10
556 7 3 0 12
557 11 5 1 15
558 10 6 4 6
559 9 3 2 11
560 7 4 3 4
561 6 4 2 3
562 9 7 3 11
563 8 5 5 4
564 6 4 3 6
565 5 3 4 4
566 8 7 2 10
567 4 4 3 10
568 6 5 2 6
569 5 7 2 6
570 6 4 0 11
571 5 6 3 11
572 1 7 0 5
573 5 3 1 10
574 5 5 2 1
575 8 1 7 8
576 6 4 1 7
577 6 2 1 8
578 5 3 2 10
579 5 2 0 9
580 6 4 4 5
581 7 2 3 5
582 2 2 3 5
583 4 5 2 2
584 5 3 2 2
585 6 2 2 1
586 0 2 3 6
587 3 1 1 10
588 3 2 2 7
589 2 3 3 2
590 3 4 1 8
591 0 3 1 5
592 2 1 3 4
593 3 5 0 4
594 1 2 0 3
595 3 2 0 3
596 4 0 1 5
597 3 3 0 5
598 4 3 1 5
599 3 1 1 4
600 1 1 1 2
601 2 1 1 2
602 1 1 2 1
603 1 1 2 2
604 1 2 0 2
605 2 2 2 3
606 0 1 0 3
607 2 0 1 3
608 1 1 0 3
609 2 0 2 4
610 4 2 1 3
611 1 0 1 2
612 1 2 0 2
613 0 0 0 2
614 0 2 0 1
615 0 0 2 1
616 1 0 1 0
617 0 0 1 2
618 1 0 1 2
619 0 1 2 3
620 1 0 0 1
621 0 1 1 1
622 0 0 0 2
623 2 0 0 1
624 0 0 0 0
625 1 0 0 0
626 2 0 0 2
627 0 1 0 0
628 0 1 0 2
629 0 0 1 0
630 0 0 1 0
631 0 1 0 0
632 1 1 0 1
633 0 0 0 0
634 0 0 0 1
635 0 1 0 0
636 0 0 0 1
637 0 1 0 1
638 0 0 0 1
639 0 0 0 1
640 0 0 0 0
641 1 0 0 1
642 1 0 0 1
643 0 0 0 0
644 0 0 0 0
645 0 0 0 0
646 0 0 0 0
647 0 0 0 0
648 0 0 0 0
649 0 0 0 0
650 0 1 0 0
651 0 0 1 0
652 0 0 0 0
653 0 0 0 0
654 0 0 0 1
655 0 0 0 0
656 0 0 0 0
657 0 0 0 0
658 0 0 0 1
659 0 0 0 0
660 0 0 0 0
661 0 0 0 0
662 0 0 0 0
663 0 0 0 0
664 0 0 0 0
665 0 0 0 0
666 0 0 0 0
667 0 0 0 0
668 0 0 0 0
669 0 0 0 0
670 0 0 0 0
671 0 0 0 0
672 0 0 0 0
673 0 0 0 0
674 0 0 0 0
675 0 0 0 0
676 0 0 0 0
677 0 0 0 0
678 0 0 0 0
679 0 0 0 0
680 0 0 0 0
681 0 0 0 0
682 0 0 0 0
683 0 0 0 0
684 0 0 0 0
685 0 0 0 0
686 0 0 0 0
687 0 0 0 0
688 0 0 0 0
689 0 0 0 0
690 0 0 0 0
691 0 0 0 0
692 0 0 0 0
693 0 0 0 0
694 0 0 0 0
695 0 0 0 0
696 0 0 0 0
697 0 0 0 0
698 0 0 0 0
699 0 0 0 0
700 0 0 0 0
701 0 0 0 0
702 0 0 0 0
703 0 0 0 0
704 0 0 0 0
705 0 0 0 0
706 0 0 0 0
707 0 0 0 0
708 0 0 0 0
709 0 0 0 0
710 0 0 0 0
711 0 0 0 0
712 0 0 0 0
713 0 0 0 0
714 0 0 0 0
715 0 0 0 0
716 0 0 0 0
717 0 0 0 0
718 0 0 0 0
719 0 0 0 0
720 0 0 0 0
721 0 0 0 0
722 0 0 0 0
723 0 0 0 0
724 0 0 0 0
725 0 0 0 0
726 0 0 0 0
727 0 0 0 0
