0 0 0 0 0
1 0 0 0 0
2 0 0 0 0
3 0 0 0 0
4 0 0 0 0
5 0 1 1 0
6 0 0 0 0
7 0 0 0 0
8 0 0 0 0
9 0 2 1 1
10 0 0 0 0
11 0 0 0 0
12 1 0 0 1
13 0 0 0 2
14 0 0 0 0
15 0 0 0 0
16 1 0 0 1
17 0 0 1 0
18 1 0 0 0
19 0 0 0 0
20 1 0 0 0
21 1 0 1 1
22 1 0 0 0
23 1 1 0 0
24 2 0 0 0
25 0 0 0 0
26 0 0 1 0
27 2 1 0 0
28 0 0 0 1
29 2 2 1 0
30 0 0 0 2
31 1 0 0 1
32 0 1 0 0
33 0 0 0 1
34 0 1 0 0
35 0 0 0 0
36 1 1 1 3
37 0 0 0 0
38 0 0 1 1
39 2 1 0 0
40 0 0 0 1
41 2 0 0 0
42 1 0 0 1
43 2 0 0 1
44 2 1 0 0
45 1 1 0 0
46 1 1 1 1
47 2 0 1 0
48 2 1 1 0
49 0 0 2 1
50 2 1 0 1
51 2 0 1 2
52 0 1 0 0
53 0 1 0 3
54 1 0 0 1
55 2 0 1 2
56 2 2 1 1
57 1 2 0 1
58 3 0 0 1
59 0 2 0 0
60 0 1 0 2
61 1 1 0 1
62 2 0 1 1
63 1 1 1 1
64 2 0 0 2
65 5 1 0 1
66 2 1 0 3
67 1 3 0 1
68 1 1 0 0
69 3 1 1 0
70 2 2 3 1
71 3 2 0 2
72 3 0 0 2
73 0 0 1 2
74 1 2 0 3
75 0 2 0 1
76 1 2 0 1
77 0 0 2 4
78 3 2 0 3
79 0 0 0 1
80 1 0 2 1
81 2 0 2 2
82 2 0 0 2
83 2 2 1 1
84 1 0 0 1
85 1 0 1 2
86 5 0 1 0
87 4 0 3 2
88 3 1 0 1
89 1 0 0 2
90 0 0 1 1
91 3 2 2 1
92 0 2 0 1
93 1 2 0 1
94 1 1 0 2
95 0 1 0 3
96 4 2 1 2
97 0 1 1 2
98 2 1 1 3
99 2 0 1 0
100 3 2 1 1
101 6 3 1 2
102 4 0 0 2
103 4 0 0 2
104 4 0 1 3
105 6 3 0 2
106 2 1 2 1
107 3 3 1 1
108 8 1 3 3
109 5 2 0 2
110 3 3 3 2
111 2 1 2 4
112 2 1 1 2
113 3 3 2 4
114 5 4 2 4
115 3 0 2 5
116 3 3 1 1
117 0 3 0 5
118 2 2 4 1
119 2 4 1 2
120 2 3 0 4
121 6 3 0 6
122 3 0 0 4
123 8 2 1 2
124 2 1 0 5
125 5 1 1 3
126 12 1 1 5
127 6 3 1 1
128 10 4 4 4
129 3 0 1 0
130 6 3 3 4
131 5 3 3 2
132 8 3 1 7
133 5 4 6 1
134 1 3 2 3
135 3 4 6 6
136 5 3 5 3
137 6 4 3 10
138 3 2 0 8
139 8 2 0 7
140 5 0 2 7
141 6 5 0 3
142 5 3 3 5
143 8 0 1 7
144 8 4 3 6
145 7 2 6 4
146 11 4 3 2
147 10 2 3 2
148 11 4 2 6
149 10 2 3 12
150 8 5 1 7
151 7 4 2 7
152 8 8 4 6
153 9 7 1 2
154 13 6 3 5
155 9 6 3 4
156 10 3 3 7
157 9 8 5 7
158 10 6 5 9
159 9 7 7 9
160 8 8 2 9
161 8 4 3 12
162 7 1 6 13
163 6 4 7 8
164 8 4 5 11
165 11 7 3 6
166 8 4 6 10
167 13 5 4 10
168 10 3 6 10
169 11 8 3 10
170 9 3 2 5
171 12 4 4 10
172 7 7 3 11
173 6 3 4 13
174 8 9 2 7
175 7 7 1 10
176 10 9 5 10
177 13 5 4 5
178 10 8 3 8
179 18 4 6 6
180 10 2 5 9
181 12 2 5 11
182 11 6 6 9
183 14 5 3 15
184 18 6 4 9
185 12 7 4 10
186 12 6 6 12
187 19 6 3 8
188 16 8 6 10
189 13 7 6 8
190 19 6 4 7
191 14 3 8 7
192 18 6 8 15
193 18 8 13 14
194 24 10 4 11
195 15 10 7 15
196 22 13 7 14
197 15 7 4 16
198 19 7 8 7
199 16 11 11 14
200 15 11 6 22
201 14 12 10 14
202 17 9 8 18
203 11 10 9 15
204 15 7 8 14
205 15 15 3 17
206 13 14 6 23
207 9 12 7 19
208 11 8 7 19
209 12 6 6 16
210 12 11 3 21
211 8 7 6 20
212 12 5 2 15
213 13 10 6 15
214 11 3 6 14
215 17 3 7 12
216 12 6 4 11
217 9 10 3 15
218 10 5 8 11
219 10 7 5 10
220 9 9 6 17
221 8 4 6 13
222 3 7 6 9
223 11 7 2 6
224 5 9 4 13
225 6 4 7 16
226 5 4 4 18
227 4 3 7 10
228 4 8 5 9
229 4 5 1 12
230 5 5 2 7
231 0 4 0 10
232 3 1 3 10
233 3 2 2 9
234 2 1 2 9
235 2 2 2 9
236 1 1 2 6
237 2 3 1 4
238 0 1 2 3
239 1 1 1 5
240 2 1 0 4
241 4 0 2 3
242 2 1 3 1
243 0 1 1 4
244 0 1 1 3
245 1 2 0 3
246 1 0 1 1
247 3 1 0 3
248 1 1 0 3
249 1 1 0 3
250 1 1 3 0
251 2 1 0 1
252 2 0 0 2
253 2 1 0 1
254 0 1 0 1
255 2 0 0 1
256 0 4 0 1
257 0 2 0 4
258 0 1 1 1
259 0 0 1 0
260 0 1 1 5
261 1 0 0 2
262 0 0 0 2
263 0 0 0 1
264 0 1 0 1
265 0 0 0 0
266 2 0 0 0
267 3 0 0 1
268 1 0 0 0
269 1 0 1 0
270 1 0 0 0
271 0 2 0 1
272 0 0 1 0
273 1 1 0 1
274 1 0 0 0
275 1 1 0 2
276 0 1 1 0
277 0 0 0 1
278 1 0 2 0
279 0 0 0 2
280 0 0 0 1
281 0 0 0 0
282 0 0 0 1
283 1 2 0 1
284 1 1 0 0
285 2 0 0 1
286 0 0 0 0
287 0 0 0 1
288 0 0 0 0
289 0 0 0 0
290 0 0 0 1
291 0 0 0 1
292 0 0 1 0
293 0 0 1 0
294 0 2 0 0
295 0 0 0 0
296 0 0 0 0
297 0 0 0 0
298 0 0 0 1
299 0 0 0 1
300 0 0 0 1
301 0 0 0 1
302 0 0 0 0
303 0 0 0 0
304 0 0 0 0
305 0 0 0 0
306 0 0 0 0
307 0 0 0 0
308 0 0 0 0
309 0 0 0 0
310 1 0 0 0
311 0 0 0 0
312 1 0 0 0
313 0 0 0 0
314 1 0 0 0
315 1 1 0 0
316 0 0 0 0
317 0 1 0 0
318 0 0 0 0
319 0 0 0 0
320 0 0 0 0
321 0 0 0 0
322 0 0 0 1
323 0 1 0 0
324 0 1 0 1
325 0 0 0 0
326 0 0 0 0
327 0 0 0 0
328 0 0 0 0
329 0 0 0 0
330 0 0 0 1
331 0 0 0 1
332 0 0 0 0
333 0 0 0 0
334 0 0 0 0
335 0 0 0 0
336 0 0 0 0
337 0 0 0 0
338 0 0 0 0
339 0 0 0 0
340 0 0 0 0
341 0 0 0 0
342 0 0 0 0
343 0 0 0 0
344 0 0 0 0
345 0 0 0 0
346 0 0 0 0
347 0 0 0 0
348 0 0 0 0
349 0 0 0 0
350 0 0 0 0
351 0 0 0 0
352 0 0 0 0
353 0 0 0 0
354 0 0 0 0
355 0 0 0 0
356 0 0 0 0
357 0 0 0 0
358 0 0 0 0
359 0 0 0 0
360 0 0 0 0
361 0 0 0 0
362 0 0 0 0
363 0 0 0 0
364 0 0 0 0
365 0 0 0 0
366 0 0 0 0
367 0 0 0 0
368 0 0 0 0
369 0 0 0 0
370 0 0 0 0
371 0 0 0 0
372 0 0 0 0
373 0 0 0 0
374 0 0 0 0
375 0 0 0 0
376 0 0 0 0
377 0 0 0 0
378 0 0 0 0
379 0 0 0 0
380 0 0 0 0
381 0 0 0 0
382 0 0 0 0
383 0 0 0 0
384 0 0 0 0
385 0 0 0 0
386 0 0 0 0
387 0 0 0 0
388 0 0 0 0
389 0 0 0 0
390 0 0 0 0
391 0 0 0 0
392 0 0 0 0
393 0 0 0 0
394 0 0 0 0
395 0 0 0 0
396 0 0 0 0
397 0 0 0 0
398 0 0 0 0
399 0 0 0 0
400 0 0 0 0
401 0 0 0 0
402 0 0 0 0
403 0 0 0 0
404 0 0 0 0
405 0 0 0 0
406 0 0 0 0
407 0 0 0 0
408 0 0 0 0
409 0 0 0 0
410 0 0 0 0
411 0 0 0 0
412 0 0 0 0
413 0 0 0 0
414 0 0 0 0
415 0 0 0 0
416 0 0 0 0
417 0 0 0 0
418 0 0 0 0
419 0 0 0 0
420 0 0 0 0
421 0 0 0 0
422 0 0 0 0
423 0 0 0 0
424 0 0 0 0
425 0 0 0 0
426 0 0 0 0
427 0 0 0 0
428 0 0 0 0
429 0 0 0 0
430 0 0 0 0
431 0 0 0 0
432 0 0 0 0
433 0 0 0 0
434 0 0 0 0
435 0 0 0 0
436 0 0 0 0
437 0 0 0 0
438 0 0 0 0
439 0 0 0 0
440 0 0 0 0
441 0 0 0 0
442 0 0 0 0
443 0 0 0 0
444 0 0 0 0
445 0 0 0 0
446 0 0 0 0
447 0 0 0 0
448 0 0 0 0
449 0 0 0 0
450 0 0 0 0
451 0 0 0 0
452 0 0 0 0
453 0 0 0 0
454 0 0 0 0
455 0 0 0 0
456 0 0 0 0
457 0 0 0 0
458 0 0 0 0
459 0 0 0 0
460 0 0 0 0
461 0 0 0 0
462 0 0 0 0
463 0 0 0 0
464 0 0 0 0
465 0 0 0 0
466 0 0 0 0
467 0 0 0 0
468 0 0 0 0
469 0 0 0 0
470 0 0 0 0
471 0 0 0 0
472 0 0 0 0
473 0 0 0 0
474 0 0 0 0
475 0 0 0 0
476 0 0 0 0
477 0 0 0 0
478 0 0 0 0
479 0 0 0 0
480 0 0 0 0
481 0 0 0 0
482 0 0 0 0
483 0 0 0 0
484 0 0 0 0
485 0 0 0 0
486 0 0 0 0
487 0 0 0 0
488 0 0 0 0
489 0 0 0 0
490 0 0 0 0
491 0 0 0 0
492 0 0 0 0
493 0 0 0 0
494 0 0 0 0
495 0 0 0 0
496 0 0 0 0
497 0 0 0 0
498 0 0 0 0
499 0 0 0 0
500 0 0 0 0
501 0 0 0 0
502 0 0 0 0
503 0 0 0 0
504 0 0 0 0
505 0 0 0 0
506 0 0 0 0
507 0 0 0 0
508 0 0 0 0
509 0 0 0 0
510 0 0 0 0
511 0 0 0 0
512 0 0 0 0
513 0 0 0 0
514 0 0 0 0
515 0 0 0 0
516 0 0 0 0
517 0 0 0 0
518 0 0 0 0
519 0 0 0 0
520 0 0 0 0
521 0 0 0 0
522 0 0 0 0
523 0 0 0 0
524 0 0 0 0
525 0 0 0 0
526 0 0 0 0
527 0 0 0 0
528 0 0 0 0
529 0 0 0 0
530 0 0 0 0
531 0 0 0 0
532 0 0 0 0
533 0 0 0 0
534 0 0 0 0
535 0 0 0 0
536 0 0 0 0
537 0 0 0 0
538 0 0 0 0
539 0 0 0 0
540 0 0 0 0
541 0 0 0 0
542 0 0 0 0
543 0 0 0 0
544 0 0 0 0
545 0 0 0 0
546 0 0 0 0
547 0 0 0 0
548 0 0 0 0
549 0 0 0 0
550 0 0 0 0
551 0 0 0 0
552 0 0 0 0
553 0 0 0 0
554 0 0 0 0
555 0 0 0 0
556 0 0 0 0
557 0 0 0 0
558 0 0 0 0
559 0 0 0 0
560 0 0 0 0
561 0 0 0 0
562 0 0 0 0
563 0 0 0 0
564 0 0 0 0
565 0 0 0 0
566 0 0 0 0
567 0 0 0 0
568 0 0 0 0
569 0 0 0 0
570 0 0 0 0
571 0 0 0 0
572 0 0 0 0
573 0 0 0 0
574 0 0 0 0
575 0 0 0 0
576 0 0 0 0
577 0 0 0 0
578 0 0 0 0
579 0 0 0 0
580 0 0 0 0
581 0 0 0 0
582 0 0 0 0
583 0 0 0 0
584 0 0 0 0
585 0 0 0 0
586 0 0 0 0
587 0 0 0 0
588 0 0 0 0
589 0 0 0 0
590 0 0 0 0
591 0 0 0 0
592 0 0 0 0
593 0 0 0 0
594 0 0 0 0
595 0 0 0 0
596 0 0 0 0
597 0 0 0 0
598 0 0 0 0
599 0 0 0 0
600 0 0 0 0
601 0 0 0 0
602 0 0 0 0
603 0 0 0 0
604 0 0 0 0
605 0 0 0 0
606 0 0 0 0
607 0 0 0 0
608 0 0 0 0
609 0 0 0 0
610 0 0 0 0
611 0 0 0 0
612 0 0 0 0
613 0 0 0 0
614 0 0 0 0
615 0 0 0 0
616 0 0 0 0
617 0 0 0 0
618 0 0 0 0
619 0 0 0 0
620 0 0 0 0
621 0 0 0 0
622 0 0 0 0
623 0 0 0 0
624 0 0 0 0
625 0 0 0 0
626 0 0 0 0
627 0 0 0 0
628 0 0 0 0
629 0 0 0 0
630 0 0 0 0
631 0 0 0 0
632 0 0 0 0
633 0 0 0 0
634 0 0 0 0
635 0 0 0 0
636 0 0 0 0
637 0 0 0 0
638 0 0 0 0
639 0 0 0 0
640 0 0 0 0
641 0 0 0 0
642 0 0 0 0
643 0 0 0 0
644 0 0 0 0
645 0 0 0 0
646 0 0 0 0
647 0 0 0 0
648 0 0 0 0
649 0 0 0 0
650 0 0 0 0
651 0 0 0 0
652 0 0 0 0
653 0 0 0 0
654 0 0 0 0
655 0 0 0 0
656 0 0 0 0
657 0 0 0 0
658 0 0 0 0
659 0 0 0 0
660 0 0 0 0
661 0 0 0 0
662 0 0 0 0
663 0 0 0 0
664 0 0 0 0
665 0 0 0 0
666 0 0 0 0
667 0 0 0 0
668 0 0 0 0
669 0 0 0 0
670 0 0 0 0
671 0 0 0 0
672 0 0 0 0
673 0 0 0 0
674 0 0 0 0
675 0 0 0 0
676 0 0 0 0
677 0 0 0 0
678 0 0 0 0
679 0 0 0 0
680 0 0 0 0
681 0 0 0 0
682 0 0 0 0
683 0 0 0 0
684 0 0 0 0
685 0 0 0 0
686 0 0 0 0
687 0 0 0 0
688 0 0 0 0
689 0 0 0 0
690 0 0 0 0
691 0 0 0 0
692 0 0 0 0
693 0 0 0 0
694 0 0 0 0
695 0 0 0 0
696 0 0 0 0
697 0 0 0 0
698 0 0 0 0
699 0 0 0 0
700 0 0 0 0
701 0 0 0 0
702 0 0 0 0
703 0 0 0 0
704 0 0 0 0
705 0 0 0 0
706 0 0 0 0
707 0 0 0 0
708 0 0 0 0
709 0 0 0 0
710 0 0 0 0
711 0 0 0 0
712 0 0 0 0
713 0 0 0 0
714 0 0 0 0
715 0 0 0 0
716 0 0 0 0
717 0 0 0 0
718 0 0 0 0
719 0 0 0 0
720 0 0 0 0
721 0 0 0 0
722 0 0 0 0
723 0 0 0 0
724 0 0 0 0
725 0 0 0 0
726 0 0 0 0
727 0 0 0 0
