0 0 0 0 0
1 0 0 0 0
2 0 0 0 0
3 0 0 0 0
4 0 0 0 0
5 0 2 1 0
6 0 0 0 0
7 0 0 0 0
8 0 0 0 0
9 0 1 1 0
10 0 0 0 0
11 0 0 0 0
12 0 0 0 3
13 0 0 0 2
14 0 0 0 0
15 0 0 0 0
16 0 0 0 0
17 0 0 0 0
18 0 0 0 0
19 1 0 0 0
20 1 0 0 0
21 0 0 0 0
22 0 0 0 0
23 2 0 0 0
24 2 1 0 0
25 2 0 0 0
26 0 0 0 0
27 3 1 0 0
28 3 1 1 0
29 0 1 0 0
30 0 0 2 0
31 0 0 0 2
32 1 0 1 1
33 1 2 0 1
34 0 0 1 1
35 0 0 0 1
36 1 1 0 1
37 0 1 1 2
38 0 0 1 1
39 0 0 0 0
40 0 0 0 2
41 1 1 1 1
42 2 0 0 0
43 0 0 0 0
44 0 0 0 1
45 1 0 0 2
46 1 0 0 0
47 0 0 1 0
48 0 0 0 1
49 0 0 0 0
50 2 2 0 0
51 1 0 1 1
52 3 0 0 0
53 2 0 0 0
54 3 0 0 0
55 5 2 1 1
56 4 0 0 0
57 4 2 0 2
58 1 0 2 0
59 1 0 0 1
60 3 3 3 0
61 3 2 1 0
62 2 1 1 3
63 0 1 1 0
64 2 0 0 6
65 1 4 1 1
66 1 3 1 0
67 1 0 2 3
68 1 0 1 3
69 4 0 0 5
70 2 2 0 3
71 3 0 1 2
72 1 1 0 2
73 1 2 0 2
74 6 1 1 1
75 4 2 0 1
76 6 2 0 1
77 4 2 0 3
78 5 0 3 2
79 2 5 1 2
80 3 3 1 1
81 2 2 2 2
82 4 3 0 2
83 5 1 1 5
84 3 3 0 3
85 1 2 1 5
86 4 2 0 3
87 6 3 4 4
88 3 2 1 4
89 5 3 1 1
90 6 2 1 1
91 7 2 3 4
92 4 3 2 5
93 7 1 2 5
94 5 2 1 3
95 5 2 3 5
96 5 1 2 3
97 4 1 3 2
98 3 3 1 1
99 6 4 3 9
100 6 5 2 5
101 4 1 2 5
102 8 6 2 3
103 4 3 1 1
104 7 5 1 7
105 6 4 4 3
106 6 1 0 11
107 6 2 2 4
108 7 5 3 4
109 5 4 2 6
110 4 2 4 2
111 4 2 3 3
112 3 4 1 7
113 5 3 4 5
114 8 3 2 8
115 5 4 1 8
116 6 2 1 6
117 4 2 2 8
118 7 3 2 7
119 4 2 3 6
120 4 2 1 2
121 10 4 4 3
122 8 1 2 3
123 6 5 4 5
124 3 5 0 5
125 3 4 1 5
126 7 3 5 3
127 12 4 3 3
128 12 2 4 9
129 10 0 1 4
130 5 5 2 9
131 11 3 4 5
132 10 7 3 6
133 7 6 4 6
134 6 5 2 6
135 8 5 2 8
136 7 8 1 4
137 9 5 6 10
138 1 5 2 6
139 7 3 2 10
140 5 8 2 8
141 8 5 3 10
142 10 6 2 10
143 7 2 1 8
144 11 4 2 8
145 10 4 4 5
146 10 2 7 7
147 12 5 2 8
148 12 3 7 7
149 10 4 5 5
150 6 6 1 8
151 11 3 7 9
152 11 8 2 6
153 10 5 2 10
154 9 5 5 6
155 14 5 4 12
156 9 5 1 8
157 9 10 2 10
158 10 6 2 7
159 16 6 3 10
160 15 13 5 7
161 13 8 7 10
162 11 4 3 7
163 12 5 3 10
164 15 5 6 11
165 7 11 5 11
166 9 9 3 6
167 8 8 4 17
168 11 5 14 15
169 7 5 2 12
170 13 7 5 8
171 8 5 2 13
172 17 6 2 17
173 21 14 3 10
174 17 2 5 13
175 16 5 4 13
176 20 4 4 7
177 21 7 9 13
178 19 6 3 7
179 17 14 10 7
180 21 6 9 12
181 15 10 8 10
182 15 13 8 12
183 19 7 7 12
184 17 7 9 18
185 14 9 9 14
186 14 16 8 23
187 20 10 5 12
188 14 12 5 18
189 14 16 4 26
190 16 6 5 26
191 17 8 9 13
192 13 9 7 10
193 12 7 4 19
194 14 10 8 13
195 16 6 6 17
196 22 12 7 17
197 10 16 4 15
198 13 8 5 16
199 12 7 6 15
200 16 10 5 20
201 15 12 7 15
202 22 8 6 14
203 16 10 6 15
204 18 7 3 22
205 15 9 7 11
206 19 8 3 12
207 12 12 4 16
208 12 9 11 14
209 10 6 10 15
210 7 7 8 10
211 7 13 10 14
212 16 12 3 20
213 14 9 5 20
214 7 4 8 11
215 6 3 7 27
216 5 6 4 14
217 8 10 8 15
218 2 8 7 15
219 5 2 3 11
220 7 2 4 10
221 3 7 5 12
222 4 5 2 11
223 1 3 1 9
224 5 4 0 10
225 4 2 1 17
226 11 3 4 6
227 5 0 1 6
228 2 2 0 8
229 6 2 4 3
230 2 2 2 3
231 2 9 4 4
232 1 3 1 3
233 1 2 1 9
234 1 3 1 3
235 1 3 2 7
236 2 2 1 4
237 2 2 0 2
238 1 1 3 9
239 1 0 0 5
240 2 0 2 4
241 0 0 0 4
242 2 1 1 4
243 2 1 1 2
244 5 0 0 2
245 2 3 1 1
246 1 0 0 0
247 2 0 1 3
248 1 3 0 0
249 2 2 1 4
250 3 0 1 0
251 0 1 0 0
252 0 1 0 3
253 1 3 0 1
254 0 1 2 1
255 0 3 0 2
256 1 0 0 3
257 0 0 0 3
258 0 1 0 4
259 0 0 1 1
260 1 0 0 1
261 0 1 0 0
262 0 0 1 2
263 2 0 0 1
264 0 0 0 0
265 1 1 0 1
266 0 0 0 0
267 0 0 0 0
268 0 1 0 1
269 0 0 0 1
270 1 1 0 0
271 0 0 0 0
272 1 0 1 1
273 0 0 0 0
274 0 0 0 0
275 1 0 0 1
276 2 0 0 0
277 0 1 0 1
278 1 0 0 0
279 0 0 1 1
280 1 0 1 0
281 1 1 1 0
282 0 0 0 0
283 0 1 0 1
284 1 0 0 1
285 1 1 0 0
286 0 1 0 0
287 0 0 0 3
288 1 0 0 1
289 0 1 0 1
290 1 0 1 0
291 1 0 0 0
292 0 0 0 0
293 0 1 0 1
294 0 0 0 1
295 0 0 0 0
296 1 1 0 1
297 1 0 0 0
298 0 0 0 0
299 0 0 1 0
300 0 0 0 1
301 0 0 0 0
302 0 0 0 0
303 1 0 0 1
304 1 0 0 0
305 0 1 0 0
306 0 1 0 1
307 0 0 0 0
308 0 1 0 0
309 0 0 0 1
310 1 0 0 1
311 0 0 0 0
312 0 0 0 1
313 1 1 0 0
314 1 0 0 0
315 0 1 0 0
316 0 0 0 0
317 1 0 0 0
318 1 0 1 0
319 0 0 0 0
320 1 0 0 1
321 1 0 0 0
322 0 1 0 2
323 1 0 2 0
324 0 0 0 0
325 0 0 0 0
326 0 0 0 0
327 0 0 0 3
328 0 0 0 0
329 0 0 1 0
330 0 0 1 0
331 0 0 0 0
332 0 1 0 0
333 0 0 0 0
334 0 0 0 0
335 0 0 0 0
336 0 0 0 1
337 0 0 0 1
338 0 0 0 0
339 0 0 0 1
340 0 0 0 0
341 0 0 0 0
342 0 0 0 0
343 0 0 0 0
344 1 0 0 0
345 0 0 0 0
346 0 0 0 0
347 0 0 0 0
348 0 0 0 0
349 0 0 1 0
350 0 0 0 0
351 0 0 0 0
352 0 0 0 0
353 0 0 0 0
354 0 0 0 0
355 0 0 0 0
356 0 0 0 1
357 0 0 0 0
358 0 0 0 0
359 0 0 0 0
360 0 0 0 0
361 0 0 0 0
362 0 0 0 0
363 0 0 0 0
364 0 0 0 0
365 0 0 0 0
366 0 0 0 0
367 0 0 0 0
368 0 0 0 0
369 0 0 0 0
370 0 0 0 0
371 0 0 0 0
372 0 0 0 0
373 0 0 0 0
374 0 0 0 0
375 0 0 0 0
376 0 0 0 0
377 0 0 0 0
378 0 0 0 0
379 0 0 0 0
380 0 0 0 0
381 0 0 0 0
382 0 0 0 0
383 0 0 0 0
384 0 0 0 0
385 0 0 0 0
386 0 0 0 0
387 0 0 0 0
388 0 0 0 0
389 0 0 0 0
390 0 0 0 0
391 0 0 0 0
392 0 0 0 0
393 0 0 0 0
394 0 0 0 0
395 0 0 0 0
396 0 0 0 0
397 0 0 0 0
398 0 0 0 0
399 0 0 0 0
400 0 0 0 0
401 0 0 0 0
402 0 0 0 0
403 0 0 0 0
404 0 0 0 0
405 0 0 0 0
406 0 0 0 0
407 0 0 0 0
408 0 0 0 0
409 0 0 0 0
410 0 0 0 0
411 0 0 0 0
412 0 0 0 0
413 0 0 0 0
414 0 0 0 0
415 0 0 0 0
416 0 0 0 0
417 0 0 0 0
418 0 0 0 0
419 0 0 0 0
420 0 0 0 0
421 0 0 0 0
422 0 0 0 0
423 0 0 0 0
424 0 0 0 0
425 0 0 0 0
426 0 0 0 0
427 0 0 0 0
428 0 0 0 0
429 0 0 0 0
430 0 0 0 0
431 0 0 0 0
432 0 0 0 0
433 0 0 0 0
434 0 0 0 0
435 0 0 0 0
436 0 0 0 0
437 0 0 0 0
438 0 0 0 0
439 0 0 0 0
440 0 0 0 0
441 0 0 0 0
442 0 0 0 0
443 0 0 0 0
444 0 0 0 0
445 0 0 0 0
446 0 0 0 0
447 0 0 0 0
448 0 0 0 0
449 0 0 0 0
450 0 0 0 0
451 0 0 0 0
452 0 0 0 0
453 0 0 0 0
454 0 0 0 0
455 0 0 0 0
456 0 0 0 0
457 0 0 0 0
458 0 0 0 0
459 0 0 0 0
460 0 0 0 0
461 0 0 0 0
462 0 0 0 0
463 0 0 0 0
464 0 0 0 0
465 0 0 0 0
466 0 0 0 0
467 0 0 0 0
468 0 0 0 0
469 0 0 0 0
470 0 0 0 0
471 0 0 0 0
472 0 0 0 0
473 0 0 0 0
474 0 0 0 0
475 0 0 0 0
476 0 0 0 0
477 0 0 0 0
478 0 0 0 0
479 0 0 0 0
480 0 0 0 0
481 0 0 0 0
482 0 0 0 0
483 0 0 0 0
484 0 0 0 0
485 0 0 0 0
486 0 0 0 0
487 0 0 0 0
488 0 0 0 0
489 0 0 0 0
490 0 0 0 0
491 0 0 0 0
492 0 0 0 0
493 0 0 0 0
494 0 0 0 0
495 0 0 0 0
496 0 0 0 0
497 0 0 0 0
498 0 0 0 0
499 0 0 0 0
500 0 0 0 0
501 0 0 0 0
502 0 0 0 0
503 0 0 0 0
504 0 0 0 0
505 0 0 0 0
506 0 0 0 0
507 0 0 0 0
508 0 0 0 0
509 0 0 0 0
510 0 0 0 0
511 0 0 0 0
512 0 0 0 0
513 0 0 0 0
514 0 0 0 0
515 0 0 0 0
516 0 0 0 0
517 0 0 0 0
518 0 0 0 0
519 0 0 0 0
520 0 0 0 0
521 0 0 0 0
522 0 0 0 0
523 0 0 0 0
524 0 0 0 0
525 0 0 0 0
526 0 0 0 0
527 0 0 0 0
528 0 0 0 0
529 0 0 0 0
530 0 0 0 0
531 0 0 0 0
532 0 0 0 0
533 0 0 0 0
534 0 0 0 0
535 0 0 0 0
536 0 0 0 0
537 0 0 0 0
538 0 0 0 0
539 0 0 0 0
540 0 0 0 0
541 0 0 0 0
542 0 0 0 0
543 0 0 0 0
544 0 0 0 0
545 0 0 0 0
546 0 0 0 0
547 0 0 0 0
548 0 0 0 0
549 0 0 0 0
550 0 0 0 0
551 0 0 0 0
552 0 0 0 0
553 0 0 0 0
554 0 0 0 0
555 0 0 0 0
556 0 0 0 0
557 0 0 0 0
558 0 0 0 0
559 0 0 0 0
560 0 0 0 0
561 0 0 0 0
562 0 0 0 0
563 0 0 0 0
564 0 0 0 0
565 0 0 0 0
566 0 0 0 0
567 0 0 0 0
568 0 0 0 0
569 0 0 0 0
570 0 0 0 0
571 0 0 0 0
572 0 0 0 0
573 0 0 0 0
574 0 0 0 0
575 0 0 0 0
576 0 0 0 0
577 0 0 0 0
578 0 0 0 0
579 0 0 0 0
580 0 0 0 0
581 0 0 0 0
582 0 0 0 0
583 0 0 0 0
584 0 0 0 0
585 0 0 0 0
586 0 0 0 0
587 0 0 0 0
588 0 0 0 0
589 0 0 0 0
590 0 0 0 0
591 0 0 0 0
592 0 0 0 0
593 0 0 0 0
594 0 0 0 0
595 0 0 0 0
596 0 0 0 0
597 0 0 0 0
598 0 0 0 0
599 0 0 0 0
600 0 0 0 0
601 0 0 0 0
602 0 0 0 0
603 0 0 0 0
604 0 0 0 0
605 0 0 0 0
606 0 0 0 0
607 0 0 0 0
608 0 0 0 0
609 0 0 0 0
610 0 0 0 0
611 0 0 0 0
612 0 0 0 0
613 0 0 0 0
614 0 0 0 0
615 0 0 0 0
616 0 0 0 0
617 0 0 0 0
618 0 0 0 0
619 0 0 0 0
620 0 0 0 0
621 0 0 0 0
622 0 0 0 0
623 0 0 0 0
624 0 0 0 0
625 0 0 0 0
626 0 0 0 0
627 0 0 0 0
628 0 0 0 0
629 0 0 0 0
630 0 0 0 0
631 0 0 0 0
632 0 0 0 0
633 0 0 0 0
634 0 0 0 0
635 0 0 0 0
636 0 0 0 0
637 0 0 0 0
638 0 0 0 0
639 0 0 0 0
640 0 0 0 0
641 0 0 0 0
642 0 0 0 0
643 0 0 0 0
644 0 0 0 0
645 0 0 0 0
646 0 0 0 0
647 0 0 0 0
648 0 0 0 0
649 0 0 0 0
650 0 0 0 0
651 0 0 0 0
652 0 0 0 0
653 0 0 0 0
654 0 0 0 0
655 0 0 0 0
656 0 0 0 0
657 0 0 0 0
658 0 0 0 0
659 0 0 0 0
660 0 0 0 0
661 0 0 0 0
662 0 0 0 0
663 0 0 0 0
664 0 0 0 0
665 0 0 0 0
666 0 0 0 0
667 0 0 0 0
668 0 0 0 0
669 0 0 0 0
670 0 0 0 0
671 0 0 0 0
672 0 0 0 0
673 0 0 0 0
674 0 0 0 0
675 0 0 0 0
676 0 0 0 0
677 0 0 0 0
678 0 0 0 0
679 0 0 0 0
680 0 0 0 0
681 0 0 0 0
682 0 0 0 0
683 0 0 0 0
684 0 0 0 0
685 0 0 0 0
686 0 0 0 0
687 0 0 0 0
688 0 0 0 0
689 0 0 0 0
690 0 0 0 0
691 0 0 0 0
692 0 0 0 0
693 0 0 0 0
694 0 0 0 0
695 0 0 0 0
696 0 0 0 0
697 0 0 0 0
698 0 0 0 0
699 0 0 0 0
700 0 0 0 0
701 0 0 0 0
702 0 0 0 0
703 0 0 0 0
704 0 0 0 0
705 0 0 0 0
706 0 0 0 0
707 0 0 0 0
708 0 0 0 0
709 0 0 0 0
710 0 0 0 0
711 0 0 0 0
712 0 0 0 0
713 0 0 0 0
714 0 0 0 0
715 0 0 0 0
716 0 0 0 0
717 0 0 0 0
718 0 0 0 0
719 0 0 0 0
720 0 0 0 0
721 0 0 0 0
722 0 0 0 0
723 0 0 0 0
724 0 0 0 0
725 0 0 0 0
726 0 0 0 0
727 0 0 0 0
