0 0 0 0 0
1 0 0 0 0
2 0 0 0 0
3 0 0 0 0
4 0 0 0 0
5 0 1 2 0
6 0 0 0 0
7 0 0 0 0
8 0 0 0 0
9 0 2 0 1
10 0 0 0 0
11 0 0 0 0
12 0 0 0 2
13 0 0 0 0
14 0 0 0 0
15 0 0 0 0
16 0 0 0 2
17 0 0 0 0
18 0 0 0 0
19 0 0 0 0
20 0 0 0 0
21 0 0 0 0
22 1 0 0 0
23 2 0 0 0
24 0 0 0 0
25 1 0 0 0
26 1 0 0 0
27 1 0 0 0
28 1 0 1 0
29 0 0 0 0
30 0 0 0 0
31 2 0 1 0
32 1 1 0 1
33 0 0 0 0
34 0 1 0 0
35 0 1 1 0
36 0 1 0 0
37 0 0 1 0
38 0 0 0 1
39 0 0 0 2
40 1 1 1 1
41 0 0 0 2
42 0 0 0 1
43 0 0 0 0
44 0 0 0 1
45 1 0 0 0
46 1 0 0 0
47 1 0 0 1
48 0 0 0 0
49 2 0 1 0
50 2 0 0 0
51 3 0 1 0
52 2 0 0 0
53 1 0 0 1
54 1 2 0 0
55 2 1 0 1
56 0 2 0 0
57 0 1 1 0
58 0 1 0 1
59 0 1 1 1
60 0 2 1 0
61 1 0 0 2
62 1 1 0 1
63 2 0 0 3
64 1 0 1 3
65 1 0 0 0
66 1 0 0 1
67 0 0 0 1
68 1 1 1 1
69 0 0 0 1
70 0 1 1 0
71 4 0 2 0
72 0 0 0 0
73 5 1 1 0
74 2 0 0 1
75 2 0 0 2
76 1 2 0 1
77 0 0 0 3
78 2 1 2 1
79 2 0 2 0
80 1 1 2 1
81 4 0 0 0
82 2 1 1 1
83 4 0 1 3
84 0 1 1 1
85 0 1 1 2
86 1 1 1 2
87 1 2 0 3
88 1 3 2 1
89 2 0 0 1
90 2 2 0 1
91 2 1 0 2
92 2 0 0 3
93 2 0 0 1
94 2 1 0 3
95 2 1 2 3
96 0 2 0 0
97 4 0 2 0
98 3 1 0 2
99 1 0 0 1
100 0 1 0 1
101 3 1 0 2
102 7 4 0 3
103 5 2 1 1
104 2 2 0 0
105 3 0 0 1
106 3 3 2 2
107 3 4 2 2
108 2 3 0 1
109 4 0 1 1
110 1 2 0 7
111 3 1 3 5
112 1 4 2 3
113 3 2 0 1
114 1 2 1 4
115 3 0 2 1
116 3 1 0 5
117 3 2 0 1
118 2 2 0 4
119 4 1 1 3
120 1 1 3 3
121 2 1 0 3
122 4 2 1 2
123 1 1 0 1
124 6 3 2 2
125 4 1 1 1
126 7 2 2 4
127 6 4 1 2
128 6 0 0 2
129 5 4 3 1
130 3 2 2 3
131 1 1 1 10
132 2 0 0 1
133 2 1 3 5
134 7 1 2 2
135 0 5 3 2
136 3 4 3 3
137 2 3 3 5
138 4 1 1 4
139 4 0 1 5
140 4 0 0 5
141 1 0 0 3
142 3 2 2 5
143 2 5 4 4
144 3 1 2 2
145 5 4 2 0
146 2 0 0 2
147 3 1 2 6
148 6 1 2 3
149 6 3 1 5
150 3 4 2 2
151 3 1 1 3
152 6 0 0 5
153 8 1 1 1
154 6 2 1 6
155 6 1 2 1
156 5 2 1 2
157 6 6 2 3
158 7 5 2 5
159 4 4 0 1
160 9 6 1 3
161 8 0 4 1
162 6 4 3 7
163 5 5 3 5
164 8 3 1 13
165 2 6 3 4
166 4 5 1 3
167 5 0 5 4
168 2 2 1 2
169 2 2 5 9
170 0 4 3 10
171 2 1 3 6
172 3 3 1 5
173 5 3 2 3
174 3 0 1 6
175 12 3 0 5
176 3 3 1 6
177 5 4 1 4
178 8 1 1 2
179 9 2 1 4
180 6 4 3 6
181 6 1 2 5
182 2 7 1 2
183 7 1 0 5
184 6 5 9 5
185 7 1 1 3
186 8 3 0 6
187 5 3 4 4
188 4 2 5 7
189 5 4 3 3
190 7 6 2 2
191 3 5 1 12
192 7 2 0 3
193 9 5 1 2
194 6 3 3 5
195 8 5 2 12
196 5 3 3 6
197 3 1 1 8
198 6 3 6 7
199 9 4 2 5
200 5 2 3 6
201 4 6 5 1
202 5 2 2 11
203 4 5 3 5
204 3 3 4 3
205 5 0 2 7
206 3 4 0 6
207 4 2 3 7
208 4 6 1 10
209 2 1 5 1
210 4 4 3 8
211 1 2 1 6
212 5 4 1 4
213 5 2 0 2
214 7 0 0 6
215 4 2 0 6
216 1 1 1 8
217 1 2 4 3
218 1 1 4 2
219 1 2 3 3
220 0 1 0 4
221 2 0 2 3
222 1 1 1 4
223 0 3 2 2
224 1 3 1 3
225 1 1 0 4
226 3 2 1 3
227 0 0 0 3
228 1 0 1 1
229 0 1 0 2
230 3 0 1 4
231 0 1 2 3
232 1 0 0 2
233 1 1 0 1
234 1 0 1 0
235 2 2 0 2
236 0 0 0 1
237 3 0 0 2
238 1 1 0 2
239 2 2 0 1
240 2 2 0 0
241 4 1 0 2
242 3 0 2 0
243 1 1 1 2
244 1 0 0 1
245 3 1 0 1
246 1 1 1 2
247 1 2 0 1
248 0 1 2 0
249 1 1 1 1
250 0 3 0 3
251 0 0 1 1
252 1 0 0 2
253 1 0 1 2
254 0 2 1 3
255 1 0 0 3
256 0 1 0 1
257 0 1 0 2
258 0 2 0 2
259 1 0 0 0
260 0 0 0 1
261 0 0 0 0
262 1 0 0 2
263 2 0 0 1
264 0 1 1 1
265 1 0 0 0
266 1 0 0 0
267 0 0 0 0
268 1 1 1 2
269 0 0 0 0
270 1 1 0 0
271 1 1 1 0
272 1 0 0 0
273 1 0 0 0
274 1 0 0 0
275 1 0 0 4
276 0 0 1 0
277 0 0 2 1
278 1 0 0 0
279 0 1 1 0
280 1 0 1 0
281 2 0 0 1
282 1 0 1 0
283 0 0 0 1
284 0 0 0 2
285 1 0 0 0
286 0 0 2 2
287 1 1 0 0
288 0 0 0 0
289 0 1 1 1
290 0 0 1 1
291 0 0 0 1
292 0 1 0 0
293 1 0 0 3
294 2 0 0 1
295 0 0 0 0
296 0 0 0 1
297 0 0 0 0
298 0 0 0 0
299 0 1 1 0
300 0 0 0 0
301 0 0 0 0
302 0 1 0 0
303 0 0 0 1
304 2 0 0 0
305 2 0 0 0
306 1 0 0 2
307 2 0 0 0
308 0 0 0 0
309 0 0 1 0
310 2 1 0 0
311 0 0 0 0
312 0 0 1 0
313 1 0 1 1
314 0 0 1 1
315 0 1 1 0
316 0 0 1 1
317 0 1 0 0
318 0 0 1 0
319 0 0 0 1
320 0 0 0 2
321 0 0 0 2
322 0 0 0 2
323 0 0 0 0
324 0 0 0 0
325 0 0 0 0
326 0 0 0 0
327 0 0 0 0
328 0 0 0 0
329 0 0 0 0
330 0 0 0 0
331 0 0 0 0
332 0 0 0 0
333 0 0 0 0
334 0 0 0 0
335 1 0 0 0
336 0 0 0 0
337 1 0 0 0
338 0 0 0 0
339 0 0 0 0
340 0 1 0 0
341 0 0 0 0
342 0 0 0 0
343 0 0 0 0
344 0 0 0 1
345 0 0 0 0
346 0 1 0 0
347 0 0 0 0
348 0 0 0 0
349 0 0 0 0
350 0 0 0 1
351 0 0 0 0
352 0 0 0 0
353 0 0 0 0
354 0 0 0 0
355 0 0 0 0
356 0 0 0 0
357 0 0 0 0
358 0 0 0 0
359 0 0 0 0
360 0 0 0 0
361 0 0 0 0
362 0 0 0 0
363 0 0 0 0
364 0 0 0 0
365 0 0 0 0
366 0 0 0 0
367 0 0 0 0
368 0 0 0 0
369 0 0 0 0
370 0 0 0 0
371 0 0 0 0
372 0 0 0 0
373 0 0 0 0
374 0 0 0 0
375 0 0 0 0
376 0 0 0 0
377 0 0 0 0
378 0 0 0 0
379 0 0 0 0
380 0 0 0 0
381 0 0 0 0
382 0 0 0 0
383 0 0 0 0
384 0 0 0 0
385 0 0 0 0
386 0 0 0 0
387 0 0 0 0
388 0 0 0 0
389 0 0 0 0
390 0 0 0 0
391 0 0 0 0
392 0 0 0 0
393 0 0 0 0
394 0 0 0 0
395 0 0 0 0
396 0 0 0 0
397 0 0 0 0
398 0 0 0 0
399 0 0 0 0
400 0 0 0 0
401 0 0 0 0
402 0 0 0 0
403 0 0 0 0
404 0 0 0 0
405 0 0 0 0
406 0 0 0 0
407 0 0 0 0
408 0 0 0 0
409 0 0 0 0
410 0 0 0 0
411 0 0 0 0
412 0 0 0 0
413 0 0 0 0
414 0 0 0 0
415 0 0 0 0
416 0 0 0 0
417 0 0 0 0
418 0 0 0 0
419 0 0 0 0
420 0 0 0 0
421 0 0 0 0
422 0 0 0 0
423 0 0 0 0
424 0 0 0 0
425 0 0 0 0
426 0 0 0 0
427 0 0 0 0
428 0 0 0 0
429 0 0 0 0
430 0 0 0 0
431 0 0 0 0
432 0 0 0 0
433 0 0 0 0
434 0 0 0 0
435 0 0 0 0
436 0 0 0 0
437 0 0 0 0
438 0 0 0 0
439 0 0 0 0
440 0 0 0 0
441 0 0 0 0
442 0 0 0 0
443 0 0 0 0
444 0 0 0 0
445 0 0 0 0
446 0 0 0 0
447 0 0 0 0
448 0 0 0 0
449 0 0 0 0
450 0 0 0 0
451 0 0 0 0
452 0 0 0 0
453 0 0 0 0
454 0 0 0 0
455 0 0 0 0
456 0 0 0 0
457 0 0 0 0
458 0 0 0 0
459 0 0 0 0
460 0 0 0 0
461 0 0 0 0
462 0 0 0 0
463 0 0 0 0
464 0 0 0 0
465 0 0 0 0
466 0 0 0 0
467 0 0 0 0
468 0 0 0 0
469 0 0 0 0
470 0 0 0 0
471 0 0 0 0
472 0 0 0 0
473 0 0 0 0
474 0 0 0 0
475 0 0 0 0
476 0 0 0 0
477 0 0 0 0
478 0 0 0 0
479 0 0 0 0
480 0 0 0 0
481 0 0 0 0
482 0 0 0 0
483 0 0 0 0
484 0 0 0 0
485 0 0 0 0
486 0 0 0 0
487 0 0 0 0
488 0 0 0 0
489 0 0 0 0
490 0 0 0 0
491 0 0 0 0
492 0 0 0 0
493 0 0 0 0
494 0 0 0 0
495 0 0 0 0
496 0 0 0 0
497 0 0 0 0
498 0 0 0 0
499 0 0 0 0
500 0 0 0 0
501 0 0 0 0
502 0 0 0 0
503 0 0 0 0
504 0 0 0 0
505 0 0 0 0
506 0 0 0 0
507 0 0 0 0
508 0 0 0 0
509 0 0 0 0
510 0 0 0 0
511 0 0 0 0
512 0 0 0 0
513 0 0 0 0
514 0 0 0 0
515 0 0 0 0
516 0 0 0 0
517 0 0 0 0
518 0 0 0 0
519 0 0 0 0
520 0 0 0 0
521 0 0 0 0
522 0 0 0 0
523 0 0 0 0
524 0 0 0 0
525 0 0 0 0
526 0 0 0 0
527 0 0 0 0
528 0 0 0 0
529 0 0 0 0
530 0 0 0 0
531 0 0 0 0
532 0 0 0 0
533 0 0 0 0
534 0 0 0 0
535 0 0 0 0
536 0 0 0 0
537 0 0 0 0
538 0 0 0 0
539 0 0 0 0
540 0 0 0 0
541 0 0 0 0
542 0 0 0 0
543 0 0 0 0
544 0 0 0 0
545 0 0 0 0
546 0 0 0 0
547 0 0 0 0
548 0 0 0 0
549 0 0 0 0
550 0 0 0 0
551 0 0 0 0
552 0 0 0 0
553 0 0 0 0
554 0 0 0 0
555 0 0 0 0
556 0 0 0 0
557 0 0 0 0
558 0 0 0 0
559 0 0 0 0
560 0 0 0 0
561 0 0 0 0
562 0 0 0 0
563 0 0 0 0
564 0 0 0 0
565 0 0 0 0
566 0 0 0 0
567 0 0 0 0
568 0 0 0 0
569 0 0 0 0
570 0 0 0 0
571 0 0 0 0
572 0 0 0 0
573 0 0 0 0
574 0 0 0 0
575 0 0 0 0
576 0 0 0 0
577 0 0 0 0
578 0 0 0 0
579 0 0 0 0
580 0 0 0 0
581 0 0 0 0
582 0 0 0 0
583 0 0 0 0
584 0 0 0 0
585 0 0 0 0
586 0 0 0 0
587 0 0 0 0
588 0 0 0 0
589 0 0 0 0
590 0 0 0 0
591 0 0 0 0
592 0 0 0 0
593 0 0 0 0
594 0 0 0 0
595 0 0 0 0
596 0 0 0 0
597 0 0 0 0
598 0 0 0 0
599 0 0 0 0
600 0 0 0 0
601 0 0 0 0
602 0 0 0 0
603 0 0 0 0
604 0 0 0 0
605 0 0 0 0
606 0 0 0 0
607 0 0 0 0
608 0 0 0 0
609 0 0 0 0
610 0 0 0 0
611 0 0 0 0
612 0 0 0 0
613 0 0 0 0
614 0 0 0 0
615 0 0 0 0
616 0 0 0 0
617 0 0 0 0
618 0 0 0 0
619 0 0 0 0
620 0 0 0 0
621 0 0 0 0
622 0 0 0 0
623 0 0 0 0
624 0 0 0 0
625 0 0 0 0
626 0 0 0 0
627 0 0 0 0
628 0 0 0 0
629 0 0 0 0
630 0 0 0 0
631 0 0 0 0
632 0 0 0 0
633 0 0 0 0
634 0 0 0 0
635 0 0 0 0
636 0 0 0 0
637 0 0 0 0
638 0 0 0 0
639 0 0 0 0
640 0 0 0 0
641 0 0 0 0
642 0 0 0 0
643 0 0 0 0
644 0 0 0 0
645 0 0 0 0
646 0 0 0 0
647 0 0 0 0
648 0 0 0 0
649 0 0 0 0
650 0 0 0 0
651 0 0 0 0
652 0 0 0 0
653 0 0 0 0
654 0 0 0 0
655 0 0 0 0
656 0 0 0 0
657 0 0 0 0
658 0 0 0 0
659 0 0 0 0
660 0 0 0 0
661 0 0 0 0
662 0 0 0 0
663 0 0 0 0
664 0 0 0 0
665 0 0 0 0
666 0 0 0 0
667 0 0 0 0
668 0 0 0 0
669 0 0 0 0
670 0 0 0 0
671 0 0 0 0
672 0 0 0 0
673 0 0 0 0
674 0 0 0 0
675 0 0 0 0
676 0 0 0 0
677 0 0 0 0
678 0 0 0 0
679 0 0 0 0
680 0 0 0 0
681 0 0 0 0
682 0 0 0 0
683 0 0 0 0
684 0 0 0 0
685 0 0 0 0
686 0 0 0 0
687 0 0 0 0
688 0 0 0 0
689 0 0 0 0
690 0 0 0 0
691 0 0 0 0
692 0 0 0 0
693 0 0 0 0
694 0 0 0 0
695 0 0 0 0
696 0 0 0 0
697 0 0 0 0
698 0 0 0 0
699 0 0 0 0
700 0 0 0 0
701 0 0 0 0
702 0 0 0 0
703 0 0 0 0
704 0 0 0 0
705 0 0 0 0
706 0 0 0 0
707 0 0 0 0
708 0 0 0 0
709 0 0 0 0
710 0 0 0 0
711 0 0 0 0
712 0 0 0 0
713 0 0 0 0
714 0 0 0 0
715 0 0 0 0
716 0 0 0 0
717 0 0 0 0
718 0 0 0 0
719 0 0 0 0
720 0 0 0 0
721 0 0 0 0
722 0 0 0 0
723 0 0 0 0
724 0 0 0 0
725 0 0 0 0
726 0 0 0 0
727 0 0 0 0
