0 0 0 0 0
1 0 0 0 0
2 0 0 0 0
3 0 0 0 0
4 0 0 0 0
5 0 1 1 0
6 0 0 0 0
7 0 0 0 0
8 0 0 1 0
9 0 2 0 1
10 0 0 0 0
11 0 0 0 0
12 0 0 0 1
13 0 0 0 2
14 0 0 0 0
15 1 0 0 1
16 1 0 0 0
17 1 0 0 0
18 2 0 0 0
19 1 0 0 0
20 1 1 0 0
21 1 0 0 0
22 0 0 0 0
23 2 2 0 0
24 0 1 0 0
25 0 0 1 0
26 2 0 1 0
27 1 0 0 3
28 0 0 1 0
29 0 1 0 1
30 1 0 1 0
31 1 0 0 1
32 0 1 0 1
33 0 0 0 1
34 0 0 0 0
35 0 1 2 0
36 1 0 1 3
37 1 0 0 0
38 0 0 0 0
39 1 0 0 1
40 2 0 1 0
41 1 0 1 0
42 2 0 0 2
43 0 0 0 1
44 1 0 0 0
45 2 0 1 1
46 1 1 0 0
47 2 0 1 1
48 0 1 0 0
49 2 1 0 1
50 3 1 1 1
51 3 0 2 0
52 2 1 0 1
53 4 0 1 1
54 2 0 1 2
55 3 2 1 1
56 1 1 1 2
57 2 1 1 2
58 0 0 2 1
59 0 1 0 2
60 0 3 1 0
61 1 0 1 1
62 1 4 1 1
63 3 1 0 3
64 1 1 0 2
65 2 0 0 3
66 2 2 0 1
67 5 0 0 4
68 3 2 0 1
69 4 0 0 3
70 3 2 0 1
71 3 0 2 1
72 5 2 0 1
73 3 0 1 1
74 2 0 1 2
75 2 1 1 3
76 2 2 2 2
77 2 4 1 1
78 1 3 1 0
79 3 0 4 1
80 2 1 3 2
81 2 4 1 4
82 2 1 1 4
83 2 1 0 4
84 3 2 1 4
85 4 0 0 3
86 3 1 2 4
87 6 1 0 2
88 2 2 1 4
89 5 2 0 1
90 5 3 1 1
91 3 2 2 2
92 2 1 1 1
93 3 1 3 5
94 5 4 1 1
95 3 2 2 4
96 4 4 1 3
97 3 2 1 4
98 0 1 2 3
99 3 3 1 2
100 6 2 2 4
101 3 1 0 4
102 3 1 1 3
103 3 2 0 6
104 5 2 0 4
105 4 3 2 3
106 2 3 1 3
107 3 2 1 4
108 4 3 0 1
109 8 3 3 3
110 5 2 1 2
111 3 0 0 3
112 2 4 1 4
113 9 3 2 7
114 1 1 4 3
115 6 0 1 1
116 2 2 1 3
117 1 2 1 5
118 1 4 5 4
119 5 3 2 3
120 4 1 3 3
121 4 1 1 2
122 0 1 4 7
123 3 1 0 5
124 4 1 4 5
125 2 1 2 3
126 1 2 1 2
127 2 1 1 2
128 3 2 1 6
129 4 4 3 5
130 4 2 2 3
131 4 0 0 4
132 8 1 1 3
133 11 3 0 6
134 9 1 2 4
135 10 2 2 2
136 12 2 1 3
137 11 4 1 0
138 7 7 1 1
139 7 4 3 3
140 8 3 2 4
141 11 7 2 4
142 9 10 0 4
143 4 6 3 6
144 6 5 2 4
145 6 8 2 7
146 6 7 3 9
147 6 4 6 9
148 8 7 1 12
149 4 5 2 8
150 4 5 2 10
151 3 4 3 6
152 9 2 4 10
153 4 4 2 9
154 3 6 1 8
155 11 2 1 9
156 5 5 2 5
157 6 4 6 9
158 7 2 2 5
159 2 2 1 5
160 6 6 4 4
161 9 3 1 12
162 7 3 2 4
163 11 5 0 7
164 7 1 1 9
165 9 4 1 3
166 14 5 1 3
167 4 6 3 6
168 10 8 2 3
169 9 2 4 6
170 11 4 4 7
171 3 6 5 6
172 6 4 2 7
173 11 7 4 4
174 10 9 3 6
175 10 7 5 9
176 7 1 1 6
177 7 4 0 11
178 10 8 4 14
179 8 9 2 9
180 10 4 4 8
181 6 9 2 8
182 5 2 4 9
183 11 1 7 6
184 8 7 2 8
185 11 3 2 14
186 5 6 1 10
187 5 5 3 5
188 11 5 2 9
189 7 9 2 7
190 7 6 5 7
191 12 2 2 8
192 4 5 4 2
193 9 5 4 13
194 13 3 2 7
195 14 5 3 9
196 13 6 3 6
197 10 5 3 12
198 13 7 3 6
199 15 3 7 9
200 10 7 5 8
201 16 2 6 4
202 15 5 4 7
203 5 9 5 8
204 11 10 7 10
205 9 6 6 14
206 14 5 6 13
207 11 6 5 14
208 3 8 1 10
209 9 5 4 8
210 13 12 3 13
211 7 8 6 12
212 10 7 0 15
213 4 5 3 7
214 9 6 2 13
215 8 8 6 13
216 6 7 6 12
217 7 2 3 9
218 7 0 3 9
219 9 6 8 12
220 3 5 2 12
221 7 5 3 8
222 8 8 1 7
223 4 2 3 11
224 5 7 0 5
225 4 1 3 2
226 3 2 1 12
227 7 6 2 8
228 6 4 4 9
229 4 2 2 4
230 8 5 0 5
231 2 5 3 9
232 7 3 1 8
233 5 4 3 4
234 4 5 2 4
235 4 3 1 5
236 7 3 1 1
237 4 5 2 7
238 3 3 0 11
239 3 5 3 5
240 3 3 3 7
241 1 1 3 6
242 2 4 1 4
243 3 1 3 7
244 2 0 1 7
245 2 1 3 3
246 1 1 2 5
247 2 0 1 5
248 5 3 1 2
249 1 2 0 4
250 1 2 0 5
251 2 2 1 1
252 0 2 1 5
253 1 4 1 2
254 3 1 1 1
255 1 1 0 3
256 0 0 2 3
257 1 0 0 4
258 0 1 0 3
259 1 2 1 2
260 1 0 1 2
261 2 0 0 0
262 3 0 0 0
263 0 0 1 5
264 0 0 0 0
265 1 1 0 1
266 2 1 1 0
267 1 0 1 1
268 0 1 0 0
269 0 0 0 1
270 3 1 1 2
271 1 1 1 0
272 2 0 0 0
273 1 0 0 1
274 0 0 0 2
275 0 5 0 2
276 0 1 0 1
277 0 0 1 1
278 0 0 0 0
279 0 1 0 3
280 2 0 0 1
281 1 0 1 0
282 0 0 1 2
283 0 0 0 1
284 0 0 0 1
285 0 0 1 1
286 0 0 1 0
287 0 0 0 0
288 0 0 0 0
289 0 1 0 1
290 0 0 0 0
291 0 0 0 0
292 1 0 0 1
293 0 0 0 2
294 1 0 0 0
295 0 0 0 0
296 1 0 0 0
297 1 0 1 0
298 0 0 0 0
299 0 1 0 0
300 0 0 0 0
301 0 1 0 1
302 0 0 0 0
303 0 0 0 1
304 0 0 0 0
305 0 0 0 1
306 0 0 1 0
307 0 0 0 0
308 1 0 0 0
309 0 0 0 0
310 1 0 0 0
311 1 0 0 0
312 0 0 0 0
313 0 0 0 1
314 1 0 0 0
315 0 0 0 0
316 0 0 0 0
317 0 0 1 0
318 0 0 0 0
319 0 0 1 0
320 0 0 1 0
321 0 0 0 1
322 0 0 0 0
323 0 1 0 0
324 0 0 0 1
325 0 0 0 0
326 0 0 0 1
327 0 0 0 1
328 0 0 0 0
329 0 0 0 0
330 0 0 0 0
331 0 0 0 0
332 0 0 0 0
333 0 0 0 0
334 0 0 0 0
335 0 0 0 0
336 0 0 0 0
337 0 0 0 0
338 0 0 0 0
339 0 0 0 0
340 0 0 0 0
341 0 0 0 0
342 0 0 0 0
343 0 0 0 0
344 0 0 0 0
345 0 0 0 0
346 0 0 0 0
347 0 0 0 0
348 0 0 0 0
349 0 0 0 0
350 0 0 0 0
351 0 0 0 0
352 0 0 0 0
353 0 0 0 0
354 0 0 0 0
355 0 0 0 0
356 0 0 0 0
357 0 0 0 0
358 0 0 0 0
359 0 0 0 0
360 0 0 0 0
361 0 0 0 0
362 0 0 0 0
363 0 0 0 0
364 0 0 0 0
365 0 0 0 0
366 0 0 0 0
367 0 0 0 0
368 0 0 0 0
369 0 0 0 0
370 0 0 0 0
371 0 0 0 0
372 0 0 0 0
373 0 0 0 0
374 0 0 0 0
375 0 0 0 0
376 0 0 0 0
377 0 0 0 0
378 0 0 0 0
379 0 0 0 0
380 0 0 0 0
381 0 0 0 0
382 0 0 0 0
383 0 0 0 0
384 0 0 0 0
385 0 0 0 0
386 0 0 0 0
387 0 0 0 0
388 0 0 0 0
389 0 0 0 0
390 0 0 0 0
391 0 0 0 0
392 0 0 0 0
393 0 0 0 0
394 0 0 0 0
395 0 0 0 0
396 0 0 0 0
397 0 0 0 0
398 0 0 0 0
399 0 0 0 0
400 0 0 0 0
401 0 0 0 0
402 0 0 0 0
403 0 0 0 0
404 0 0 0 0
405 0 0 0 0
406 0 0 0 0
407 0 0 0 0
408 0 0 0 0
409 0 0 0 0
410 0 0 0 0
411 0 0 0 0
412 0 0 0 0
413 0 0 0 0
414 0 0 0 0
415 0 0 0 0
416 0 0 0 0
417 0 0 0 0
418 0 0 0 0
419 0 0 0 0
420 0 0 0 0
421 0 0 0 0
422 0 0 0 0
423 0 0 0 0
424 0 0 0 0
425 0 0 0 0
426 0 0 0 0
427 0 0 0 0
428 0 0 0 0
429 0 0 0 0
430 0 0 0 0
431 0 0 0 0
432 0 0 0 0
433 0 0 0 0
434 0 0 0 0
435 0 0 0 0
436 0 0 0 0
437 0 0 0 0
438 0 0 0 0
439 0 0 0 0
440 0 0 0 0
441 0 0 0 0
442 0 0 0 0
443 0 0 0 0
444 0 0 0 0
445 0 0 0 0
446 0 0 0 0
447 0 0 0 0
448 0 0 0 0
449 0 0 0 0
450 0 0 0 0
451 0 0 0 0
452 0 0 0 0
453 0 0 0 0
454 0 0 0 0
455 0 0 0 0
456 0 0 0 0
457 0 0 0 0
458 0 0 0 0
459 0 0 0 0
460 0 0 0 0
461 0 0 0 0
462 0 0 0 0
463 0 0 0 0
464 0 0 0 0
465 0 0 0 0
466 0 0 0 0
467 0 0 0 0
468 0 0 0 0
469 0 0 0 0
470 0 0 0 0
471 0 0 0 0
472 0 0 0 0
473 0 0 0 0
474 0 0 0 0
475 0 0 0 0
476 0 0 0 0
477 0 0 0 0
478 0 0 0 0
479 0 0 0 0
480 0 0 0 0
481 0 0 0 0
482 0 0 0 0
483 0 0 0 0
484 0 0 0 0
485 0 0 0 0
486 0 0 0 0
487 0 0 0 0
488 0 0 0 0
489 0 0 0 0
490 0 0 0 0
491 0 0 0 0
492 0 0 0 0
493 0 0 0 0
494 0 0 0 0
495 0 0 0 0
496 0 0 0 0
497 0 0 0 0
498 0 0 0 0
499 0 0 0 0
500 0 0 0 0
501 0 0 0 0
502 0 0 0 0
503 0 0 0 0
504 0 0 0 0
505 0 0 0 0
506 0 0 0 0
507 0 0 0 0
508 0 0 0 0
509 0 0 0 0
510 0 0 0 0
511 0 0 0 0
512 0 0 0 0
513 0 0 0 0
514 0 0 0 0
515 0 0 0 0
516 0 0 0 0
517 0 0 0 0
518 0 0 0 0
519 0 0 0 0
520 0 0 0 0
521 0 0 0 0
522 0 0 0 0
523 0 0 0 0
524 0 0 0 0
525 0 0 0 0
526 0 0 0 0
527 0 0 0 0
528 0 0 0 0
529 0 0 0 0
530 0 0 0 0
531 0 0 0 0
532 0 0 0 0
533 0 0 0 0
534 0 0 0 0
535 0 0 0 0
536 0 0 0 0
537 0 0 0 0
538 0 0 0 0
539 0 0 0 0
540 0 0 0 0
541 0 0 0 0
542 0 0 0 0
543 0 0 0 0
544 0 0 0 0
545 0 0 0 0
546 0 0 0 0
547 0 0 0 0
548 0 0 0 0
549 0 0 0 0
550 0 0 0 0
551 0 0 0 0
552 0 0 0 0
553 0 0 0 0
554 0 0 0 0
555 0 0 0 0
556 0 0 0 0
557 0 0 0 0
558 0 0 0 0
559 0 0 0 0
560 0 0 0 0
561 0 0 0 0
562 0 0 0 0
563 0 0 0 0
564 0 0 0 0
565 0 0 0 0
566 0 0 0 0
567 0 0 0 0
568 0 0 0 0
569 0 0 0 0
570 0 0 0 0
571 0 0 0 0
572 0 0 0 0
573 0 0 0 0
574 0 0 0 0
575 0 0 0 0
576 0 0 0 0
577 0 0 0 0
578 0 0 0 0
579 0 0 0 0
580 0 0 0 0
581 0 0 0 0
582 0 0 0 0
583 0 0 0 0
584 0 0 0 0
585 0 0 0 0
586 0 0 0 0
587 0 0 0 0
588 0 0 0 0
589 0 0 0 0
590 0 0 0 0
591 0 0 0 0
592 0 0 0 0
593 0 0 0 0
594 0 0 0 0
595 0 0 0 0
596 0 0 0 0
597 0 0 0 0
598 0 0 0 0
599 0 0 0 0
600 0 0 0 0
601 0 0 0 0
602 0 0 0 0
603 0 0 0 0
604 0 0 0 0
605 0 0 0 0
606 0 0 0 0
607 0 0 0 0
608 0 0 0 0
609 0 0 0 0
610 0 0 0 0
611 0 0 0 0
612 0 0 0 0
613 0 0 0 0
614 0 0 0 0
615 0 0 0 0
616 0 0 0 0
617 0 0 0 0
618 0 0 0 0
619 0 0 0 0
620 0 0 0 0
621 0 0 0 0
622 0 0 0 0
623 0 0 0 0
624 0 0 0 0
625 0 0 0 0
626 0 0 0 0
627 0 0 0 0
628 0 0 0 0
629 0 0 0 0
630 0 0 0 0
631 0 0 0 0
632 0 0 0 0
633 0 0 0 0
634 0 0 0 0
635 0 0 0 0
636 0 0 0 0
637 0 0 0 0
638 0 0 0 0
639 0 0 0 0
640 0 0 0 0
641 0 0 0 0
642 0 0 0 0
643 0 0 0 0
644 0 0 0 0
645 0 0 0 0
646 0 0 0 0
647 0 0 0 0
648 0 0 0 0
649 0 0 0 0
650 0 0 0 0
651 0 0 0 0
652 0 0 0 0
653 0 0 0 0
654 0 0 0 0
655 0 0 0 0
656 0 0 0 0
657 0 0 0 0
658 0 0 0 0
659 0 0 0 0
660 0 0 0 0
661 0 0 0 0
662 0 0 0 0
663 0 0 0 0
664 0 0 0 0
665 0 0 0 0
666 0 0 0 0
667 0 0 0 0
668 0 0 0 0
669 0 0 0 0
670 0 0 0 0
671 0 0 0 0
672 0 0 0 0
673 0 0 0 0
674 0 0 0 0
675 0 0 0 0
676 0 0 0 0
677 0 0 0 0
678 0 0 0 0
679 0 0 0 0
680 0 0 0 0
681 0 0 0 0
682 0 0 0 0
683 0 0 0 0
684 0 0 0 0
685 0 0 0 0
686 0 0 0 0
687 0 0 0 0
688 0 0 0 0
689 0 0 0 0
690 0 0 0 0
691 0 0 0 0
692 0 0 0 0
693 0 0 0 0
694 0 0 0 0
695 0 0 0 0
696 0 0 0 0
697 0 0 0 0
698 0 0 0 0
699 0 0 0 0
700 0 0 0 0
701 0 0 0 0
702 0 0 0 0
703 0 0 0 0
704 0 0 0 0
705 0 0 0 0
706 0 0 0 0
707 0 0 0 0
708 0 0 0 0
709 0 0 0 0
710 0 0 0 0
711 0 0 0 0
712 0 0 0 0
713 0 0 0 0
714 0 0 0 0
715 0 0 0 0
716 0 0 0 0
717 0 0 0 0
718 0 0 0 0
719 0 0 0 0
720 0 0 0 0
721 0 0 0 0
722 0 0 0 0
723 0 0 0 0
724 0 0 0 0
725 0 0 0 0
726 0 0 0 0
727 0 0 0 0
