0 0 0 0 0
1 0 0 0 0
2 0 0 0 0
3 0 0 0 0
4 0 0 0 0
5 0 0 0 0
6 0 1 0 0
7 0 0 0 0
8 0 0 0 0
9 0 2 2 0
10 0 0 0 1
11 0 0 0 0
12 0 0 0 0
13 0 0 0 2
14 0 0 0 0
15 0 0 0 0
16 0 0 0 2
17 0 0 0 0
18 0 0 0 0
19 0 0 0 0
20 0 0 0 0
21 0 0 0 0
22 0 0 0 0
23 0 0 0 0
24 0 0 0 0
25 1 0 0 0
26 0 0 0 0
27 1 0 0 0
28 1 0 0 0
29 1 0 0 0
30 0 1 0 0
31 1 0 0 0
32 0 0 1 0
33 0 0 1 0
34 1 1 0 0
35 0 0 0 0
36 0 0 0 1
37 1 0 0 1
38 0 0 0 1
39 2 0 0 0
40 1 1 0 1
41 0 0 0 0
42 0 0 0 0
43 0 1 0 0
44 0 1 0 0
45 0 1 0 0
46 1 1 0 0
47 0 0 0 2
48 0 1 0 1
49 0 0 0 1
50 0 0 0 0
51 0 0 1 0
52 0 0 0 1
53 0 0 0 1
54 0 0 0 0
55 0 0 0 0
56 1 0 0 0
57 0 0 0 0
58 0 0 0 1
59 0 0 0 0
60 0 0 0 0
61 0 1 0 0
62 0 0 0 0
63 0 0 0 0
64 0 0 0 0
65 0 0 0 1
66 0 0 0 0
67 0 0 0 0
68 1 0 0 0
69 1 0 0 0
70 0 0 0 0
71 0 0 0 0
72 1 0 0 0
73 2 0 0 0
74 3 0 0 0
75 0 0 0 0
76 0 0 0 0
77 0 0 1 0
78 1 2 0 0
79 1 1 1 0
80 1 0 0 0
81 0 0 1 1
82 0 0 1 2
83 0 1 1 2
84 0 0 1 0
85 1 0 0 1
86 0 0 0 0
87 0 0 0 2
88 1 0 0 1
89 0 1 0 1
90 0 0 0 0
91 1 0 0 0
92 3 0 0 0
93 1 0 0 0
94 1 1 0 0
95 0 0 0 0
96 1 1 0 1
97 1 4 0 0
98 2 0 1 1
99 1 1 0 0
100 2 0 0 1
101 1 0 1 2
102 2 0 1 1
103 0 1 0 0
104 0 0 1 2
105 0 0 1 0
106 0 0 0 1
107 1 0 2 1
108 0 0 0 2
109 0 1 0 1
110 0 1 0 1
111 1 0 1 1
112 2 0 0 0
113 2 0 0 0
114 1 0 0 2
115 3 0 0 0
116 2 2 0 1
117 3 2 0 0
118 3 1 0 1
119 2 0 0 0
120 1 1 1 1
121 2 0 0 2
122 2 1 2 0
123 3 2 1 1
124 0 0 3 1
125 0 1 1 1
126 1 1 0 3
127 1 2 0 3
128 2 1 2 3
129 4 1 0 2
130 1 2 0 1
131 4 0 1 2
132 3 0 0 1
133 1 2 0 1
134 2 0 1 1
135 3 1 1 2
136 2 3 0 1
137 2 1 1 2
138 5 2 1 2
139 4 1 1 1
140 2 2 0 1
141 5 2 2 2
142 2 0 2 4
143 7 1 0 2
144 4 2 3 1
145 4 1 0 4
146 2 0 2 3
147 4 2 4 2
148 2 3 2 5
149 1 3 1 2
150 0 3 4 3
151 1 1 1 3
152 2 2 2 3
153 4 1 1 2
154 2 1 1 7
155 1 0 0 4
156 4 0 3 3
157 3 1 0 5
158 2 0 3 2
159 7 1 1 2
160 3 1 1 1
161 6 4 1 1
162 7 2 1 0
163 7 1 1 4
164 7 3 0 3
165 5 1 0 6
166 9 5 1 2
167 6 2 1 1
168 5 2 4 3
169 7 4 2 2
170 5 2 4 4
171 3 5 3 3
172 4 4 3 3
173 4 7 3 6
174 1 3 2 4
175 4 4 1 9
176 5 4 2 6
177 2 4 1 8
178 3 3 1 6
179 6 3 0 5
180 3 1 2 10
181 7 2 1 4
182 2 1 2 5
183 6 1 2 4
184 6 2 2 3
185 4 4 1 3
186 9 3 2 2
187 4 0 1 4
188 4 3 4 4
189 4 3 0 4
190 2 2 2 5
191 5 3 2 3
192 6 6 2 6
193 7 2 5 3
194 11 1 2 1
195 5 3 1 6
196 5 4 0 7
197 7 0 3 9
198 5 5 2 3
199 2 6 2 5
200 4 3 5 3
201 6 4 2 6
202 2 3 3 7
203 8 6 4 7
204 9 1 0 4
205 5 2 1 5
206 6 2 4 9
207 3 1 2 9
208 4 3 3 4
209 4 7 2 4
210 2 6 1 7
211 5 1 0 2
212 5 5 0 2
213 4 4 1 7
214 4 3 1 4
215 4 4 1 3
216 4 2 3 10
217 6 2 2 6
218 4 3 1 4
219 4 1 4 2
220 4 3 2 5
221 0 2 0 5
222 2 2 3 7
223 0 1 3 4
224 1 2 1 5
225 1 1 3 1
226 4 0 3 6
227 2 2 0 2
228 1 2 0 3
229 1 0 2 2
230 1 0 0 5
231 2 1 2 2
232 4 1 0 6
233 3 0 1 2
234 1 2 0 1
235 3 2 2 2
236 0 0 1 3
237 2 3 1 1
238 0 2 0 2
239 1 0 0 3
240 3 1 2 0
241 2 0 1 1
242 0 2 0 3
243 1 0 2 1
244 1 1 1 6
245 3 0 0 0
246 1 0 0 0
247 1 0 0 3
248 1 2 1 3
249 2 1 1 2
250 0 1 3 0
251 0 1 0 0
252 0 0 1 2
253 1 2 0 0
254 1 2 0 3
255 1 0 0 1
256 1 0 0 2
257 2 0 0 3
258 0 0 2 1
259 0 0 1 1
260 0 0 1 1
261 0 0 0 1
262 0 1 0 1
263 0 0 0 0
264 0 0 0 0
265 0 0 2 2
266 1 0 0 2
267 0 0 0 0
268 1 0 0 0
269 0 0 0 1
270 0 0 0 0
271 1 0 1 0
272 0 0 0 1
273 0 0 0 0
274 0 0 0 0
275 2 0 1 1
276 2 0 1 0
277 1 0 0 0
278 0 0 0 0
279 0 0 0 0
280 0 1 0 1
281 0 0 0 0
282 0 0 1 1
283 1 0 0 0
284 1 0 1 0
285 0 1 1 0
286 1 0 0 0
287 2 0 0 1
288 1 1 0 1
289 1 1 0 2
290 0 0 0 0
291 0 0 1 0
292 1 0 0 1
293 0 0 1 0
294 2 1 0 0
295 1 0 0 1
296 1 0 2 1
297 1 0 0 1
298 1 1 0 1
299 2 1 0 0
300 1 0 0 1
301 1 1 0 1
302 1 0 1 1
303 0 1 1 1
304 1 1 0 0
305 0 1 0 0
306 0 1 0 1
307 0 0 0 1
308 2 1 1 1
309 0 0 1 2
310 1 0 0 2
311 2 1 0 1
312 0 0 0 1
313 1 0 0 0
314 0 0 0 0
315 1 0 1 1
316 0 0 0 1
317 1 2 0 0
318 0 0 0 1
319 0 0 0 1
320 2 2 1 0
321 2 0 0 2
322 1 1 0 0
323 1 0 0 0
324 1 0 0 2
325 2 1 0 0
326 1 2 0 0
327 0 1 0 1
328 0 0 0 0
329 0 2 0 2
330 0 2 1 1
331 0 0 1 1
332 1 0 1 0
333 3 0 0 3
334 0 0 0 1
335 1 0 0 1
336 1 0 0 1
337 0 1 0 1
338 0 1 0 1
339 0 0 0 0
340 0 0 1 0
341 0 0 0 1
342 0 2 0 1
343 0 0 0 0
344 1 0 0 0
345 0 0 1 0
346 1 0 0 1
347 0 0 0 1
348 0 0 0 0
349 0 0 0 1
350 0 0 0 0
351 0 1 0 0
352 0 0 0 1
353 0 1 0 0
354 0 0 0 0
355 0 0 0 1
356 0 0 0 0
357 0 0 0 1
358 0 0 0 0
359 1 0 0 0
360 1 0 0 0
361 1 0 0 0
362 0 0 0 0
363 0 0 0 0
364 0 1 0 0
365 1 0 0 0
366 0 0 1 0
367 0 0 0 0
368 0 0 0 0
369 0 0 1 0
370 0 0 0 0
371 0 0 0 1
372 0 0 0 0
373 0 0 0 1
374 0 1 0 0
375 0 0 0 0
376 0 0 0 1
377 0 0 0 0
378 0 0 0 1
379 0 0 0 0
380 0 0 0 0
381 0 0 0 0
382 0 0 0 0
383 1 0 0 0
384 0 0 0 0
385 0 0 0 0
386 1 0 0 0
387 1 0 0 0
388 0 0 0 0
389 1 0 0 0
390 1 0 0 0
391 1 0 0 0
392 0 0 2 0
393 0 0 0 0
394 1 0 1 0
395 0 1 1 0
396 1 0 0 1
397 1 0 0 0
398 0 0 0 1
399 0 1 0 2
400 0 1 0 0
401 0 1 0 0
402 0 1 0 1
403 2 0 0 1
404 0 0 0 0
405 0 0 0 0
406 1 0 0 0
407 1 0 0 2
408 0 0 2 1
409 1 0 0 0
410 1 0 0 0
411 1 0 0 0
412 2 0 0 1
413 1 0 0 0
414 1 0 0 0
415 0 0 1 1
416 1 1 1 0
417 0 0 1 0
418 1 2 0 0
419 1 1 1 0
420 0 0 0 2
421 0 2 0 0
422 1 0 0 4
423 0 0 0 0
424 0 0 0 0
425 1 0 0 1
426 2 0 0 2
427 0 1 0 0
428 0 1 0 1
429 0 0 0 0
430 1 0 1 0
431 0 2 0 0
432 1 0 0 1
433 1 0 0 0
434 0 0 0 2
435 1 1 0 1
436 1 0 0 0
437 2 0 0 0
438 0 1 0 1
439 0 0 1 0
440 0 0 1 0
441 1 0 2 0
442 2 1 0 1
443 1 0 0 1
444 0 0 0 1
445 0 0 0 3
446 0 1 0 0
447 1 0 2 0
448 0 0 0 0
449 0 0 0 1
450 0 1 0 0
451 0 0 0 2
452 0 2 0 0
453 1 0 0 1
454 0 0 0 1
455 0 0 0 0
456 1 0 0 1
457 1 0 0 0
458 1 0 0 0
459 0 0 0 1
460 1 0 0 0
461 1 0 0 0
462 0 1 1 0
463 1 0 0 0
464 0 0 0 0
465 1 2 0 0
466 1 0 0 2
467 1 1 0 0
468 1 0 0 0
469 1 0 0 0
470 0 1 0 0
471 1 0 0 0
472 0 1 0 2
473 1 0 1 0
474 0 1 0 2
475 0 1 0 0
476 1 0 0 1
477 0 0 1 0
478 0 0 1 1
479 0 0 0 0
480 0 1 0 1
481 0 0 1 1
482 0 1 0 1
483 0 0 0 0
484 0 0 0 1
485 0 0 0 2
486 0 0 0 0
487 1 0 0 0
488 0 0 0 0
489 2 0 0 1
490 2 0 0 0
491 0 0 0 0
492 2 1 0 0
493 2 0 0 0
494 1 0 0 0
495 2 1 0 0
496 0 0 0 0
497 0 0 0 0
498 0 2 2 0
499 0 1 1 2
500 1 0 1 0
501 0 1 1 0
502 0 0 0 3
503 0 0 0 0
504 0 0 1 0
505 0 0 0 2
506 0 0 0 2
507 0 0 0 1
508 0 0 0 2
509 0 1 0 0
510 0 0 0 0
511 1 0 0 0
512 0 0 0 0
513 1 0 0 0
514 0 0 0 0
515 2 0 0 0
516 0 1 0 1
517 0 0 0 0
518 3 0 0 0
519 0 0 0 0
520 0 1 0 1
521 3 0 0 0
522 1 0 1 0
523 1 0 1 0
524 3 0 1 0
525 1 0 0 0
526 2 0 1 0
527 1 3 0 2
528 1 2 0 0
529 0 2 0 1
530 1 1 0 0
531 0 0 1 3
532 0 1 0 2
533 1 2 0 2
534 1 1 0 2
535 1 0 1 1
536 0 0 0 1
537 0 0 0 0
538 0 0 0 2
539 0 1 1 1
540 1 1 0 1
541 0 0 0 0
542 1 1 0 1
543 2 0 0 1
544 1 0 0 0
545 0 0 1 0
546 0 0 0 2
547 0 0 0 1
548 1 2 0 0
549 0 2 0 1
550 0 0 0 0
551 0 0 0 0
552 0 0 0 2
553 0 0 0 1
554 1 0 0 0
555 0 0 0 0
556 0 0 0 1
557 0 1 0 0
558 0 0 0 0
559 0 0 1 0
560 0 0 0 0
561 0 0 0 0
562 2 0 0 0
563 0 0 0 1
564 0 0 0 1
565 0 0 0 0
566 0 0 0 0
567 0 1 0 0
568 1 0 0 0
569 1 0 0 0
570 0 0 0 0
571 0 0 1 1
572 1 0 0 0
573 0 0 0 0
574 1 1 1 0
575 0 0 0 0
576 0 0 0 0
577 0 0 0 0
578 0 0 0 2
579 0 0 0 0
580 0 0 0 0
581 0 1 0 1
582 1 0 0 0
583 0 0 1 0
584 1 0 0 0
585 0 0 0 0
586 1 0 0 0
587 0 0 0 0
588 0 0 0 1
589 0 0 1 0
590 0 0 0 1
591 0 1 0 0
592 0 0 0 0
593 0 0 0 1
594 0 0 0 0
595 0 1 0 1
596 0 0 0 0
597 0 0 0 0
598 0 0 0 0
599 0 0 0 1
600 0 0 0 0
601 0 0 0 0
602 0 0 0 0
603 0 0 0 0
604 0 0 0 0
605 0 0 0 0
606 0 0 0 0
607 0 0 0 0
608 0 0 0 0
609 0 0 0 0
610 0 0 0 0
611 0 0 0 0
612 0 0 0 0
613 0 0 0 0
614 0 0 0 0
615 0 0 0 0
616 0 0 0 0
617 0 0 0 0
618 0 0 0 0
619 0 0 0 0
620 0 0 0 0
621 0 0 0 0
622 0 0 0 0
623 0 0 0 0
624 0 0 0 0
625 0 0 0 0
626 0 0 0 0
627 0 0 0 0
628 0 0 0 0
629 0 0 0 0
630 0 0 0 0
631 0 0 0 0
632 0 0 0 0
633 0 0 0 0
634 0 0 0 0
635 0 0 0 0
636 0 0 0 0
637 0 0 0 0
638 0 0 0 0
639 0 0 0 0
640 0 0 0 0
641 0 0 0 0
642 0 0 0 0
643 0 0 0 0
644 0 0 0 0
645 0 0 0 0
646 0 0 0 0
647 0 0 0 0
648 0 0 0 0
649 0 0 0 0
650 0 0 0 0
651 0 0 0 0
652 0 0 0 0
653 0 0 0 0
654 0 0 0 0
655 0 0 0 0
656 0 0 0 0
657 0 0 0 0
658 0 0 0 0
659 0 0 0 0
660 0 0 0 0
661 0 0 0 0
662 0 0 0 0
663 0 0 0 0
664 0 0 0 0
665 0 0 0 0
666 0 0 0 0
667 0 0 0 0
668 0 0 0 0
669 0 0 0 0
670 0 0 0 0
671 0 0 0 0
672 0 0 0 0
673 0 0 0 0
674 0 0 0 0
675 0 0 0 0
676 0 0 0 0
677 0 0 0 0
678 0 0 0 0
679 0 0 0 0
680 0 0 0 0
681 0 0 0 0
682 0 0 0 0
683 0 0 0 0
684 0 0 0 0
685 0 0 0 0
686 0 0 0 0
687 0 0 0 0
688 0 0 0 0
689 0 0 0 0
690 0 0 0 0
691 0 0 0 0
692 0 0 0 0
693 0 0 0 0
694 0 0 0 0
695 0 0 0 0
696 0 0 0 0
697 0 0 0 0
698 0 0 0 0
699 0 0 0 0
700 0 0 0 0
701 0 0 0 0
702 0 0 0 0
703 0 0 0 0
704 0 0 0 0
705 0 0 0 0
706 0 0 0 0
707 0 0 0 0
708 0 0 0 0
709 0 0 0 0
710 0 0 0 0
711 0 0 0 0
712 0 0 0 0
713 0 0 0 0
714 0 0 0 0
715 0 0 0 0
716 0 0 0 0
717 0 0 0 0
718 0 0 0 0
719 0 0 0 0
720 0 0 0 0
721 0 0 0 0
722 0 0 0 0
723 0 0 0 0
724 0 0 0 0
725 0 0 0 0
726 0 0 0 0
727 0 0 0 0
