0 0 0 0 0
1 0 0 0 0
2 0 0 0 0
3 0 0 0 0
4 0 0 0 0
5 0 1 2 0
6 0 0 0 0
7 0 0 0 0
8 0 0 0 0
9 0 0 2 2
10 0 0 0 0
11 0 0 0 0
12 0 0 0 1
13 0 0 0 0
14 0 0 0 0
15 0 0 0 0
16 0 0 0 2
17 1 0 0 0
18 1 0 0 0
19 1 0 0 0
20 1 0 0 0
21 0 0 0 0
22 1 1 0 0
23 0 1 0 0
24 0 1 0 0
25 1 0 1 0
26 0 0 0 0
27 0 0 0 0
28 0 0 0 1
29 1 0 0 2
30 2 0 0 1
31 2 0 1 0
32 0 0 0 0
33 0 0 0 0
34 0 2 0 0
35 0 0 1 1
36 1 1 1 0
37 1 0 0 0
38 1 0 0 0
39 0 1 0 1
40 0 0 0 1
41 0 1 0 2
42 0 1 0 0
43 0 1 0 2
44 0 0 0 0
45 1 0 0 0
46 0 0 0 1
47 0 0 0 1
48 2 0 0 1
49 2 0 0 0
50 1 1 0 0
51 1 0 0 0
52 1 0 0 0
53 1 0 0 0
54 0 1 0 1
55 0 0 0 0
56 1 1 0 0
57 0 2 1 0
58 1 2 0 1
59 1 0 1 0
60 0 0 0 1
61 1 0 0 2
62 0 0 0 2
63 1 0 0 0
64 1 1 0 1
65 0 1 0 0
66 1 0 0 1
67 0 1 0 0
68 0 0 0 0
69 0 0 0 0
70 0 0 1 0
71 0 1 0 2
72 1 1 0 1
73 0 0 1 0
74 1 0 0 0
75 0 0 0 0
76 1 0 0 0
77 1 1 0 1
78 1 0 0 1
79 1 1 0 1
80 1 0 0 1
81 2 0 0 0
82 0 0 0 0
83 1 1 1 1
84 3 0 1 1
85 2 2 0 0
86 0 1 0 0
87 2 0 0 2
88 0 1 0 0
89 4 1 0 1
90 1 1 1 0
91 1 0 0 1
92 2 1 1 2
93 2 2 0 2
94 2 3 0 1
95 0 2 0 0
96 1 0 0 1
97 3 2 1 3
98 2 1 0 1
99 1 0 1 1
100 1 0 0 0
101 2 0 0 4
102 2 4 1 2
103 0 1 1 0
104 1 1 0 1
105 2 2 0 1
106 0 0 1 3
107 0 0 2 1
108 2 0 0 1
109 1 0 0 5
110 1 0 3 2
111 2 0 1 1
112 3 0 0 0
113 1 1 2 0
114 0 1 0 4
115 1 0 0 1
116 2 0 1 0
117 1 1 2 2
118 1 0 1 1
119 3 0 1 0
120 2 1 0 2
121 3 1 0 2
122 1 1 0 1
123 3 0 0 1
124 2 0 2 1
125 1 1 1 0
126 2 0 1 1
127 1 0 2 1
128 1 3 1 3
129 2 2 1 1
130 2 0 2 1
131 1 1 0 2
132 1 1 0 4
133 1 1 0 3
134 0 3 0 2
135 4 2 0 1
136 0 2 0 1
137 4 0 1 1
138 3 0 1 3
139 3 0 1 1
140 5 1 0 1
141 2 0 0 1
142 6 4 0 2
143 3 0 3 1
144 4 3 2 2
145 4 3 2 0
146 6 1 0 3
147 4 3 1 2
148 4 1 0 3
149 4 1 0 6
150 4 4 1 1
151 4 4 3 4
152 2 3 1 1
153 1 2 1 1
154 6 2 2 5
155 1 4 0 5
156 2 3 0 3
157 2 4 2 3
158 2 1 0 4
159 2 5 0 5
160 1 1 2 4
161 3 0 0 4
162 2 2 0 3
163 5 0 2 5
164 2 1 1 7
165 3 3 0 0
166 3 1 1 1
167 1 1 2 1
168 5 1 0 1
169 2 1 0 2
170 2 2 1 2
171 7 2 0 5
172 0 1 3 2
173 6 3 3 2
174 5 0 3 1
175 4 2 2 1
176 1 3 1 3
177 2 0 1 6
178 4 4 2 4
179 2 3 0 3
180 3 3 1 3
181 2 0 1 1
182 5 2 0 5
183 1 4 0 5
184 5 4 1 3
185 2 0 1 4
186 4 2 2 1
187 3 6 0 4
188 3 1 1 2
189 7 0 3 3
190 2 0 1 3
191 4 1 2 7
192 9 2 0 0
193 4 2 3 3
194 1 3 1 2
195 8 2 3 5
196 4 2 1 4
197 2 5 1 6
198 7 4 3 2
199 5 0 0 3
200 6 3 2 3
201 0 5 1 5
202 3 1 0 6
203 4 4 1 1
204 2 3 5 5
205 0 4 0 9
206 1 0 2 1
207 0 2 2 6
208 3 2 3 6
209 1 1 3 4
210 2 0 0 2
211 1 3 0 3
212 3 1 0 4
213 2 3 1 3
214 0 0 0 4
215 1 0 0 2
216 2 0 0 2
217 1 1 2 1
218 1 1 1 4
219 2 2 0 1
220 1 1 0 1
221 3 1 1 2
222 6 2 0 1
223 1 0 1 0
224 1 0 2 1
225 0 1 0 3
226 2 1 0 4
227 0 1 2 2
228 2 2 0 0
229 0 0 0 1
230 1 0 2 1
231 0 4 1 3
232 0 0 0 2
233 0 3 0 0
234 0 0 0 3
235 0 1 0 0
236 0 0 0 0
237 0 0 0 3
238 0 0 0 5
239 0 0 0 1
240 2 0 0 1
241 1 0 0 0
242 1 0 0 0
243 3 0 0 0
244 3 0 0 0
245 1 0 1 0
246 2 0 0 0
247 2 1 0 0
248 1 1 1 0
249 2 0 2 0
250 1 1 0 0
251 1 2 0 1
252 0 1 0 1
253 1 1 1 2
254 3 1 0 0
255 0 1 1 2
256 0 0 3 0
257 0 1 0 3
258 0 2 0 2
259 0 1 1 1
260 1 0 0 0
261 0 0 0 1
262 1 0 0 4
263 0 0 1 4
264 0 0 0 0
265 1 1 0 1
266 0 0 0 1
267 0 0 0 0
268 0 0 0 0
269 0 0 0 0
270 0 0 0 1
271 0 0 1 0
272 0 0 0 1
273 1 0 0 0
274 0 1 0 0
275 0 0 0 0
276 0 0 0 0
277 1 0 0 0
278 0 0 0 1
279 0 0 0 0
280 1 0 1 0
281 0 0 0 1
282 2 0 1 0
283 0 0 0 0
284 0 0 0 0
285 0 0 1 1
286 1 0 0 1
287 1 0 1 0
288 0 0 0 0
289 0 0 0 0
290 0 0 0 0
291 0 0 2 0
292 0 1 0 1
293 0 0 0 0
294 0 0 0 1
295 0 0 0 1
296 0 0 0 0
297 0 0 0 0
298 1 0 0 1
299 1 0 0 1
300 1 0 0 0
301 0 0 0 0
302 2 0 0 0
303 1 0 0 0
304 2 0 0 0
305 2 2 0 0
306 0 0 0 0
307 1 2 0 0
308 1 0 1 0
309 0 1 1 1
310 0 0 0 0
311 0 1 0 1
312 0 0 1 1
313 0 1 0 2
314 0 2 0 1
315 0 0 0 1
316 0 0 0 1
317 0 0 0 1
318 0 0 0 3
319 0 0 0 0
320 0 0 0 0
321 0 0 0 0
322 0 0 0 0
323 0 0 0 0
324 1 0 0 0
325 1 0 0 0
326 0 0 0 0
327 0 0 0 0
328 1 0 0 0
329 0 1 0 0
330 0 0 0 0
331 0 0 0 0
332 0 0 0 0
333 0 0 0 1
334 0 1 0 0
335 0 0 0 0
336 0 0 0 0
337 0 1 0 0
338 0 0 0 1
339 0 0 0 0
340 0 0 0 0
341 0 0 0 1
342 0 0 0 0
343 0 0 0 0
344 0 0 0 0
345 0 0 0 0
346 0 0 0 0
347 0 0 0 0
348 0 0 0 0
349 0 0 0 0
350 0 0 0 0
351 0 0 0 0
352 0 0 0 0
353 0 0 0 0
354 0 0 0 0
355 0 0 0 0
356 0 0 0 0
357 0 0 0 0
358 0 0 0 0
359 0 0 0 0
360 0 0 0 0
361 0 0 0 0
362 0 0 0 0
363 0 0 0 0
364 0 0 0 0
365 0 0 0 0
366 0 0 0 0
367 0 0 0 0
368 0 0 0 0
369 0 0 0 0
370 0 0 0 0
371 0 0 0 0
372 0 0 0 0
373 0 0 0 0
374 0 0 0 0
375 0 0 0 0
376 0 0 0 0
377 0 0 0 0
378 0 0 0 0
379 0 0 0 0
380 0 0 0 0
381 0 0 0 0
382 0 0 0 0
383 0 0 0 0
384 0 0 0 0
385 0 0 0 0
386 0 0 0 0
387 0 0 0 0
388 0 0 0 0
389 0 0 0 0
390 0 0 0 0
391 0 0 0 0
392 0 0 0 0
393 0 0 0 0
394 0 0 0 0
395 0 0 0 0
396 0 0 0 0
397 0 0 0 0
398 0 0 0 0
399 0 0 0 0
400 0 0 0 0
401 0 0 0 0
402 0 0 0 0
403 0 0 0 0
404 0 0 0 0
405 0 0 0 0
406 0 0 0 0
407 0 0 0 0
408 0 0 0 0
409 0 0 0 0
410 0 0 0 0
411 0 0 0 0
412 0 0 0 0
413 0 0 0 0
414 0 0 0 0
415 0 0 0 0
416 0 0 0 0
417 0 0 0 0
418 0 0 0 0
419 0 0 0 0
420 0 0 0 0
421 0 0 0 0
422 0 0 0 0
423 0 0 0 0
424 0 0 0 0
425 0 0 0 0
426 0 0 0 0
427 0 0 0 0
428 0 0 0 0
429 0 0 0 0
430 0 0 0 0
431 0 0 0 0
432 0 0 0 0
433 0 0 0 0
434 0 0 0 0
435 0 0 0 0
436 0 0 0 0
437 0 0 0 0
438 0 0 0 0
439 0 0 0 0
440 0 0 0 0
441 0 0 0 0
442 0 0 0 0
443 0 0 0 0
444 0 0 0 0
445 0 0 0 0
446 0 0 0 0
447 0 0 0 0
448 0 0 0 0
449 0 0 0 0
450 0 0 0 0
451 0 0 0 0
452 0 0 0 0
453 0 0 0 0
454 0 0 0 0
455 0 0 0 0
456 0 0 0 0
457 0 0 0 0
458 0 0 0 0
459 0 0 0 0
460 0 0 0 0
461 0 0 0 0
462 0 0 0 0
463 0 0 0 0
464 0 0 0 0
465 0 0 0 0
466 0 0 0 0
467 0 0 0 0
468 0 0 0 0
469 0 0 0 0
470 0 0 0 0
471 0 0 0 0
472 0 0 0 0
473 0 0 0 0
474 0 0 0 0
475 0 0 0 0
476 0 0 0 0
477 0 0 0 0
478 0 0 0 0
479 0 0 0 0
480 0 0 0 0
481 0 0 0 0
482 0 0 0 0
483 0 0 0 0
484 0 0 0 0
485 0 0 0 0
486 0 0 0 0
487 0 0 0 0
488 0 0 0 0
489 0 0 0 0
490 0 0 0 0
491 0 0 0 0
492 0 0 0 0
493 0 0 0 0
494 0 0 0 0
495 0 0 0 0
496 0 0 0 0
497 0 0 0 0
498 0 0 0 0
499 0 0 0 0
500 0 0 0 0
501 0 0 0 0
502 0 0 0 0
503 0 0 0 0
504 0 0 0 0
505 0 0 0 0
506 0 0 0 0
507 0 0 0 0
508 0 0 0 0
509 0 0 0 0
510 0 0 0 0
511 0 0 0 0
512 0 0 0 0
513 0 0 0 0
514 0 0 0 0
515 0 0 0 0
516 0 0 0 0
517 0 0 0 0
518 0 0 0 0
519 0 0 0 0
520 0 0 0 0
521 0 0 0 0
522 0 0 0 0
523 0 0 0 0
524 0 0 0 0
525 0 0 0 0
526 0 0 0 0
527 0 0 0 0
528 0 0 0 0
529 0 0 0 0
530 0 0 0 0
531 0 0 0 0
532 0 0 0 0
533 0 0 0 0
534 0 0 0 0
535 0 0 0 0
536 0 0 0 0
537 0 0 0 0
538 0 0 0 0
539 0 0 0 0
540 0 0 0 0
541 0 0 0 0
542 0 0 0 0
543 0 0 0 0
544 0 0 0 0
545 0 0 0 0
546 0 0 0 0
547 0 0 0 0
548 0 0 0 0
549 0 0 0 0
550 0 0 0 0
551 0 0 0 0
552 0 0 0 0
553 0 0 0 0
554 0 0 0 0
555 0 0 0 0
556 0 0 0 0
557 0 0 0 0
558 0 0 0 0
559 0 0 0 0
560 0 0 0 0
561 0 0 0 0
562 0 0 0 0
563 0 0 0 0
564 0 0 0 0
565 0 0 0 0
566 0 0 0 0
567 0 0 0 0
568 0 0 0 0
569 0 0 0 0
570 0 0 0 0
571 0 0 0 0
572 0 0 0 0
573 0 0 0 0
574 0 0 0 0
575 0 0 0 0
576 0 0 0 0
577 0 0 0 0
578 0 0 0 0
579 0 0 0 0
580 0 0 0 0
581 0 0 0 0
582 0 0 0 0
583 0 0 0 0
584 0 0 0 0
585 0 0 0 0
586 0 0 0 0
587 0 0 0 0
588 0 0 0 0
589 0 0 0 0
590 0 0 0 0
591 0 0 0 0
592 0 0 0 0
593 0 0 0 0
594 0 0 0 0
595 0 0 0 0
596 0 0 0 0
597 0 0 0 0
598 0 0 0 0
599 0 0 0 0
600 0 0 0 0
601 0 0 0 0
602 0 0 0 0
603 0 0 0 0
604 0 0 0 0
605 0 0 0 0
606 0 0 0 0
607 0 0 0 0
608 0 0 0 0
609 0 0 0 0
610 0 0 0 0
611 0 0 0 0
612 0 0 0 0
613 0 0 0 0
614 0 0 0 0
615 0 0 0 0
616 0 0 0 0
617 0 0 0 0
618 0 0 0 0
619 0 0 0 0
620 0 0 0 0
621 0 0 0 0
622 0 0 0 0
623 0 0 0 0
624 0 0 0 0
625 0 0 0 0
626 0 0 0 0
627 0 0 0 0
628 0 0 0 0
629 0 0 0 0
630 0 0 0 0
631 0 0 0 0
632 0 0 0 0
633 0 0 0 0
634 0 0 0 0
635 0 0 0 0
636 0 0 0 0
637 0 0 0 0
638 0 0 0 0
639 0 0 0 0
640 0 0 0 0
641 0 0 0 0
642 0 0 0 0
643 0 0 0 0
644 0 0 0 0
645 0 0 0 0
646 0 0 0 0
647 0 0 0 0
648 0 0 0 0
649 0 0 0 0
650 0 0 0 0
651 0 0 0 0
652 0 0 0 0
653 0 0 0 0
654 0 0 0 0
655 0 0 0 0
656 0 0 0 0
657 0 0 0 0
658 0 0 0 0
659 0 0 0 0
660 0 0 0 0
661 0 0 0 0
662 0 0 0 0
663 0 0 0 0
664 0 0 0 0
665 0 0 0 0
666 0 0 0 0
667 0 0 0 0
668 0 0 0 0
669 0 0 0 0
670 0 0 0 0
671 0 0 0 0
672 0 0 0 0
673 0 0 0 0
674 0 0 0 0
675 0 0 0 0
676 0 0 0 0
677 0 0 0 0
678 0 0 0 0
679 0 0 0 0
680 0 0 0 0
681 0 0 0 0
682 0 0 0 0
683 0 0 0 0
684 0 0 0 0
685 0 0 0 0
686 0 0 0 0
687 0 0 0 0
688 0 0 0 0
689 0 0 0 0
690 0 0 0 0
691 0 0 0 0
692 0 0 0 0
693 0 0 0 0
694 0 0 0 0
695 0 0 0 0
696 0 0 0 0
697 0 0 0 0
698 0 0 0 0
699 0 0 0 0
700 0 0 0 0
701 0 0 0 0
702 0 0 0 0
703 0 0 0 0
704 0 0 0 0
705 0 0 0 0
706 0 0 0 0
707 0 0 0 0
708 0 0 0 0
709 0 0 0 0
710 0 0 0 0
711 0 0 0 0
712 0 0 0 0
713 0 0 0 0
714 0 0 0 0
715 0 0 0 0
716 0 0 0 0
717 0 0 0 0
718 0 0 0 0
719 0 0 0 0
720 0 0 0 0
721 0 0 0 0
722 0 0 0 0
723 0 0 0 0
724 0 0 0 0
725 0 0 0 0
726 0 0 0 0
727 0 0 0 0
