0 0 0 0 0
1 0 0 0 0
2 0 0 0 0
3 0 0 0 0
4 0 0 0 0
5 0 1 2 0
6 0 0 1 0
7 0 0 0 0
8 0 0 0 0
9 0 1 0 3
10 0 0 0 0
11 0 0 0 0
12 0 0 0 0
13 0 0 0 1
14 0 0 0 0
15 0 0 0 0
16 0 0 0 1
17 0 0 0 0
18 3 0 0 0
19 2 0 0 0
20 0 0 0 0
21 2 0 0 0
22 2 0 0 0
23 0 0 2 0
24 1 2 0 0
25 1 0 0 0
26 1 1 0 0
27 1 2 0 1
28 0 0 0 1
29 1 1 0 0
30 0 1 1 2
31 1 1 1 2
32 3 0 0 1
33 1 0 0 0
34 0 0 0 1
35 1 0 0 2
36 1 1 0 1
37 1 1 1 1
38 0 1 0 0
39 0 0 0 0
40 1 0 1 0
41 0 0 2 1
42 1 1 0 1
43 2 0 0 1
44 2 0 1 2
45 2 0 0 2
46 4 0 1 1
47 1 0 1 0
48 1 1 1 1
49 1 0 1 0
50 5 0 1 0
51 1 2 0 1
52 0 1 0 0
53 1 3 1 1
54 0 1 0 0
55 2 4 0 4
56 1 1 0 0
57 2 0 0 3
58 4 0 1 1
59 1 1 2 2
60 3 1 0 3
61 3 0 1 1
62 0 0 0 4
63 2 2 1 3
64 1 1 0 0
65 1 0 1 0
66 2 2 1 0
67 1 1 0 2
68 1 1 0 2
69 5 1 2 1
70 0 0 3 3
71 2 1 0 1
72 2 2 1 1
73 3 0 0 4
74 4 3 0 2
75 2 0 1 0
76 2 0 2 3
77 4 2 0 1
78 5 1 3 3
79 3 1 1 2
80 3 1 0 1
81 2 1 2 2
82 3 1 2 3
83 2 1 2 3
84 1 2 1 1
85 2 0 0 3
86 1 3 1 2
87 2 2 3 2
88 3 1 1 5
89 4 0 1 1
90 9 1 2 4
91 4 2 0 5
92 5 0 1 1
93 4 3 0 1
94 5 3 1 2
95 8 3 2 3
96 7 5 0 0
97 6 2 1 3
98 12 0 2 1
99 5 4 3 2
100 5 4 2 5
101 7 0 2 4
102 6 7 0 6
103 3 7 4 4
104 3 3 4 3
105 2 5 4 0
106 4 3 3 10
107 2 5 3 11
108 2 2 1 6
109 7 2 3 4
110 3 3 1 8
111 4 4 1 8
112 5 2 2 10
113 3 1 1 7
114 3 2 2 5
115 9 1 2 4
116 8 2 1 2
117 11 2 2 4
118 11 1 2 4
119 9 1 2 4
120 7 4 0 2
121 4 2 2 4
122 11 5 3 1
123 6 3 3 4
124 4 7 5 3
125 4 8 4 5
126 7 1 4 6
127 8 9 7 7
128 8 2 4 7
129 6 2 2 12
130 5 1 4 4
131 6 4 3 13
132 5 2 3 6
133 4 4 2 6
134 7 5 1 9
135 6 1 3 8
136 9 4 2 4
137 12 4 4 8
138 9 6 2 7
139 14 5 3 4
140 10 6 4 7
141 8 4 3 4
142 12 6 1 5
143 11 4 2 5
144 10 5 3 10
145 10 8 3 11
146 10 4 3 6
147 9 10 4 11
148 6 5 9 6
149 10 4 5 10
150 10 6 3 5
151 10 6 3 12
152 12 8 2 11
153 6 6 3 6
154 11 4 4 10
155 10 6 7 15
156 13 5 2 8
157 12 5 5 8
158 9 7 1 9
159 18 4 5 14
160 21 9 4 6
161 18 9 3 10
162 21 3 5 11
163 17 5 0 10
164 14 10 5 11
165 15 9 5 11
166 18 9 6 9
167 10 19 6 8
168 13 9 7 14
169 13 13 7 9
170 13 7 10 13
171 14 11 2 14
172 14 9 5 14
173 14 5 7 15
174 14 10 4 26
175 13 8 6 13
176 7 7 5 19
177 8 10 3 14
178 14 11 3 17
179 11 8 11 14
180 17 9 8 13
181 16 7 6 17
182 10 6 3 12
183 13 9 2 13
184 10 4 3 6
185 11 9 5 16
186 15 10 5 13
187 10 9 6 16
188 23 9 4 9
189 12 7 4 13
190 18 6 1 14
191 16 5 5 14
192 16 7 4 16
193 18 11 5 16
194 20 11 9 9
195 19 10 6 11
196 18 9 6 10
197 18 16 3 13
198 13 7 5 14
199 14 11 6 16
200 13 9 7 11
201 11 9 10 15
202 6 8 11 15
203 8 11 9 16
204 12 8 4 23
205 7 9 6 11
206 8 10 8 19
207 11 5 1 18
208 8 10 6 19
209 10 5 5 13
210 8 4 2 20
211 7 2 3 6
212 7 4 4 19
213 7 8 6 13
214 5 3 3 8
215 7 10 4 7
216 6 2 4 9
217 6 1 5 12
218 8 8 2 8
219 7 2 2 10
220 6 7 2 6
221 7 5 2 6
222 8 5 3 16
223 4 5 2 7
224 8 3 4 6
225 4 6 1 6
226 5 5 1 5
227 5 6 1 9
228 7 3 1 8
229 6 6 1 10
230 3 4 3 7
231 3 3 3 7
232 2 3 1 4
233 0 2 5 7
234 2 3 1 4
235 3 2 2 4
236 0 2 2 7
237 0 2 2 6
238 1 1 2 6
239 2 2 0 5
240 1 2 2 4
241 2 1 0 3
242 2 0 0 1
243 0 0 1 5
244 3 2 0 5
245 2 0 0 3
246 1 1 1 1
247 3 1 2 2
248 2 0 1 2
249 3 1 1 0
250 4 0 0 1
251 1 0 1 1
252 1 0 1 1
253 2 3 0 3
254 3 1 1 2
255 2 2 1 1
256 2 2 0 0
257 0 2 0 0
258 1 3 2 1
259 0 0 2 4
260 1 2 0 4
261 0 0 1 3
262 0 0 0 3
263 2 2 1 3
264 2 1 0 0
265 1 1 0 1
266 0 0 0 1
267 0 0 0 3
268 0 0 0 2
269 0 0 2 0
270 1 1 1 2
271 0 0 0 0
272 2 1 0 1
273 1 0 1 0
274 0 0 0 0
275 0 0 0 1
276 0 0 0 3
277 0 0 1 2
278 0 1 0 0
279 1 0 1 0
280 0 0 0 0
281 2 0 0 1
282 1 0 1 0
283 0 0 0 1
284 0 0 0 0
285 1 0 0 1
286 1 0 1 1
287 1 1 0 0
288 1 0 1 0
289 0 0 0 0
290 2 2 0 1
291 0 0 1 1
292 0 1 0 0
293 2 0 0 0
294 2 0 0 1
295 1 1 0 1
296 1 0 0 0
297 0 1 0 1
298 2 1 0 1
299 0 0 1 1
300 0 0 1 0
301 2 0 0 1
302 1 0 1 2
303 2 3 0 1
304 2 0 0 0
305 0 1 0 0
306 1 1 1 1
307 1 1 1 3
308 0 0 0 0
309 0 0 1 0
310 1 0 0 2
311 0 1 0 1
312 0 2 0 1
313 1 1 0 2
314 0 0 0 1
315 0 0 0 0
316 0 0 1 1
317 0 0 0 0
318 1 1 0 1
319 0 0 1 1
320 0 0 0 2
321 0 0 0 0
322 0 0 0 0
323 0 0 1 1
324 0 0 0 0
325 0 0 0 1
326 0 0 0 0
327 0 0 0 0
328 0 0 0 0
329 0 0 0 0
330 0 0 0 1
331 0 0 0 0
332 0 0 0 0
333 0 0 0 0
334 0 0 0 0
335 0 0 0 0
336 0 0 0 0
337 0 0 0 0
338 0 0 0 0
339 0 0 0 0
340 0 0 0 0
341 0 0 0 0
342 0 0 0 0
343 0 0 0 0
344 0 0 0 0
345 0 0 0 0
346 0 0 0 0
347 0 0 0 0
348 0 0 0 0
349 0 0 0 0
350 0 0 0 0
351 0 0 0 0
352 0 0 0 0
353 0 0 0 0
354 0 0 0 0
355 0 0 0 0
356 0 0 0 0
357 0 0 0 0
358 0 0 0 0
359 0 0 0 0
360 0 0 0 0
361 0 0 0 0
362 0 0 0 0
363 0 0 0 0
364 0 0 0 0
365 0 0 0 0
366 0 0 0 0
367 0 0 0 0
368 0 0 0 0
369 0 0 0 0
370 0 0 0 0
371 0 0 0 0
372 0 0 0 0
373 0 0 0 0
374 0 0 0 0
375 0 0 0 0
376 0 0 0 0
377 0 0 0 0
378 0 0 0 0
379 0 0 0 0
380 0 0 0 0
381 0 0 0 0
382 0 0 0 0
383 0 0 0 0
384 0 0 0 0
385 0 0 0 0
386 0 0 0 0
387 0 0 0 0
388 0 0 0 0
389 0 0 0 0
390 0 0 0 0
391 0 0 0 0
392 0 0 0 0
393 0 0 0 0
394 0 0 0 0
395 0 0 0 0
396 0 0 0 0
397 0 0 0 0
398 0 0 0 0
399 0 0 0 0
400 0 0 0 0
401 0 0 0 0
402 0 0 0 0
403 0 0 0 0
404 0 0 0 0
405 0 0 0 0
406 0 0 0 0
407 0 0 0 0
408 0 0 0 0
409 0 0 0 0
410 0 0 0 0
411 0 0 0 0
412 0 0 0 0
413 0 0 0 0
414 0 0 0 0
415 0 0 0 0
416 0 0 0 0
417 0 0 0 0
418 0 0 0 0
419 0 0 0 0
420 0 0 0 0
421 0 0 0 0
422 0 0 0 0
423 0 0 0 0
424 0 0 0 0
425 0 0 0 0
426 0 0 0 0
427 0 0 0 0
428 0 0 0 0
429 0 0 0 0
430 0 0 0 0
431 0 0 0 0
432 0 0 0 0
433 0 0 0 0
434 0 0 0 0
435 0 0 0 0
436 0 0 0 0
437 0 0 0 0
438 0 0 0 0
439 0 0 0 0
440 0 0 0 0
441 0 0 0 0
442 0 0 0 0
443 0 0 0 0
444 0 0 0 0
445 0 0 0 0
446 0 0 0 0
447 0 0 0 0
448 0 0 0 0
449 0 0 0 0
450 0 0 0 0
451 0 0 0 0
452 0 0 0 0
453 0 0 0 0
454 0 0 0 0
455 0 0 0 0
456 0 0 0 0
457 0 0 0 0
458 0 0 0 0
459 0 0 0 0
460 0 0 0 0
461 0 0 0 0
462 0 0 0 0
463 0 0 0 0
464 0 0 0 0
465 0 0 0 0
466 0 0 0 0
467 0 0 0 0
468 0 0 0 0
469 0 0 0 0
470 0 0 0 0
471 0 0 0 0
472 0 0 0 0
473 0 0 0 0
474 0 0 0 0
475 0 0 0 0
476 0 0 0 0
477 0 0 0 0
478 0 0 0 0
479 0 0 0 0
480 0 0 0 0
481 0 0 0 0
482 0 0 0 0
483 0 0 0 0
484 0 0 0 0
485 0 0 0 0
486 0 0 0 0
487 0 0 0 0
488 0 0 0 0
489 0 0 0 0
490 0 0 0 0
491 0 0 0 0
492 0 0 0 0
493 0 0 0 0
494 0 0 0 0
495 0 0 0 0
496 0 0 0 0
497 0 0 0 0
498 0 0 0 0
499 0 0 0 0
500 0 0 0 0
501 0 0 0 0
502 0 0 0 0
503 0 0 0 0
504 0 0 0 0
505 0 0 0 0
506 0 0 0 0
507 0 0 0 0
508 0 0 0 0
509 0 0 0 0
510 0 0 0 0
511 0 0 0 0
512 0 0 0 0
513 0 0 0 0
514 0 0 0 0
515 0 0 0 0
516 0 0 0 0
517 0 0 0 0
518 0 0 0 0
519 0 0 0 0
520 0 0 0 0
521 0 0 0 0
522 0 0 0 0
523 0 0 0 0
524 0 0 0 0
525 0 0 0 0
526 0 0 0 0
527 0 0 0 0
528 0 0 0 0
529 0 0 0 0
530 0 0 0 0
531 0 0 0 0
532 0 0 0 0
533 0 0 0 0
534 0 0 0 0
535 0 0 0 0
536 0 0 0 0
537 0 0 0 0
538 0 0 0 0
539 0 0 0 0
540 0 0 0 0
541 0 0 0 0
542 0 0 0 0
543 0 0 0 0
544 0 0 0 0
545 0 0 0 0
546 0 0 0 0
547 0 0 0 0
548 0 0 0 0
549 0 0 0 0
550 0 0 0 0
551 0 0 0 0
552 0 0 0 0
553 0 0 0 0
554 0 0 0 0
555 0 0 0 0
556 0 0 0 0
557 0 0 0 0
558 0 0 0 0
559 0 0 0 0
560 0 0 0 0
561 0 0 0 0
562 0 0 0 0
563 0 0 0 0
564 0 0 0 0
565 0 0 0 0
566 0 0 0 0
567 0 0 0 0
568 0 0 0 0
569 0 0 0 0
570 0 0 0 0
571 0 0 0 0
572 0 0 0 0
573 0 0 0 0
574 0 0 0 0
575 0 0 0 0
576 0 0 0 0
577 0 0 0 0
578 0 0 0 0
579 0 0 0 0
580 0 0 0 0
581 0 0 0 0
582 0 0 0 0
583 0 0 0 0
584 0 0 0 0
585 0 0 0 0
586 0 0 0 0
587 0 0 0 0
588 0 0 0 0
589 0 0 0 0
590 0 0 0 0
591 0 0 0 0
592 0 0 0 0
593 0 0 0 0
594 0 0 0 0
595 0 0 0 0
596 0 0 0 0
597 0 0 0 0
598 0 0 0 0
599 0 0 0 0
600 0 0 0 0
601 0 0 0 0
602 0 0 0 0
603 0 0 0 0
604 0 0 0 0
605 0 0 0 0
606 0 0 0 0
607 0 0 0 0
608 0 0 0 0
609 0 0 0 0
610 0 0 0 0
611 0 0 0 0
612 0 0 0 0
613 0 0 0 0
614 0 0 0 0
615 0 0 0 0
616 0 0 0 0
617 0 0 0 0
618 0 0 0 0
619 0 0 0 0
620 0 0 0 0
621 0 0 0 0
622 0 0 0 0
623 0 0 0 0
624 0 0 0 0
625 0 0 0 0
626 0 0 0 0
627 0 0 0 0
628 0 0 0 0
629 0 0 0 0
630 0 0 0 0
631 0 0 0 0
632 0 0 0 0
633 0 0 0 0
634 0 0 0 0
635 0 0 0 0
636 0 0 0 0
637 0 0 0 0
638 0 0 0 0
639 0 0 0 0
640 0 0 0 0
641 0 0 0 0
642 0 0 0 0
643 0 0 0 0
644 0 0 0 0
645 0 0 0 0
646 0 0 0 0
647 0 0 0 0
648 0 0 0 0
649 0 0 0 0
650 0 0 0 0
651 0 0 0 0
652 0 0 0 0
653 0 0 0 0
654 0 0 0 0
655 0 0 0 0
656 0 0 0 0
657 0 0 0 0
658 0 0 0 0
659 0 0 0 0
660 0 0 0 0
661 0 0 0 0
662 0 0 0 0
663 0 0 0 0
664 0 0 0 0
665 0 0 0 0
666 0 0 0 0
667 0 0 0 0
668 0 0 0 0
669 0 0 0 0
670 0 0 0 0
671 0 0 0 0
672 0 0 0 0
673 0 0 0 0
674 0 0 0 0
675 0 0 0 0
676 0 0 0 0
677 0 0 0 0
678 0 0 0 0
679 0 0 0 0
680 0 0 0 0
681 0 0 0 0
682 0 0 0 0
683 0 0 0 0
684 0 0 0 0
685 0 0 0 0
686 0 0 0 0
687 0 0 0 0
688 0 0 0 0
689 0 0 0 0
690 0 0 0 0
691 0 0 0 0
692 0 0 0 0
693 0 0 0 0
694 0 0 0 0
695 0 0 0 0
696 0 0 0 0
697 0 0 0 0
698 0 0 0 0
699 0 0 0 0
700 0 0 0 0
701 0 0 0 0
702 0 0 0 0
703 0 0 0 0
704 0 0 0 0
705 0 0 0 0
706 0 0 0 0
707 0 0 0 0
708 0 0 0 0
709 0 0 0 0
710 0 0 0 0
711 0 0 0 0
712 0 0 0 0
713 0 0 0 0
714 0 0 0 0
715 0 0 0 0
716 0 0 0 0
717 0 0 0 0
718 0 0 0 0
719 0 0 0 0
720 0 0 0 0
721 0 0 0 0
722 0 0 0 0
723 0 0 0 0
724 0 0 0 0
725 0 0 0 0
726 0 0 0 0
727 0 0 0 0
