0 0 0 0 0
1 0 0 0 0
2 0 0 0 0
3 0 0 0 0
4 0 0 0 0
5 0 1 2 0
6 0 0 0 0
7 0 0 0 0
8 0 0 0 0
9 0 0 2 2
10 0 0 0 0
11 0 0 0 1
12 0 0 0 0
13 0 0 0 2
14 0 0 0 0
15 0 0 0 0
16 1 0 0 0
17 1 0 0 0
18 2 0 0 0
19 4 0 0 0
20 0 0 0 0
21 2 0 1 0
22 1 1 0 0
23 1 2 0 0
24 3 2 0 0
25 1 0 0 1
26 2 0 1 1
27 1 0 0 1
28 1 1 3 2
29 2 2 0 0
30 3 0 0 1
31 2 1 2 0
32 1 0 0 2
33 1 0 2 2
34 1 1 0 0
35 0 2 1 3
36 0 0 1 1
37 2 0 1 0
38 0 2 2 2
39 2 0 1 3
40 0 0 0 3
41 3 0 0 1
42 5 0 0 2
43 2 0 1 1
44 3 1 0 1
45 7 0 0 2
46 2 3 0 0
47 3 3 1 1
48 2 2 0 1
49 6 2 0 0
50 5 5 2 1
51 3 2 0 3
52 0 0 3 1
53 5 0 1 3
54 5 3 3 5
55 4 2 1 1
56 4 0 2 2
57 2 2 0 3
58 0 3 2 5
59 0 2 1 4
60 2 4 1 1
61 3 2 0 4
62 2 3 1 2
63 1 3 1 5
64 1 1 1 4
65 2 2 1 5
66 3 2 0 4
67 3 2 0 5
68 3 1 0 1
69 6 2 0 3
70 5 2 1 1
71 5 3 0 2
72 3 1 0 3
73 3 1 2 2
74 5 4 2 3
75 3 2 2 1
76 4 2 2 1
77 2 1 1 2
78 4 0 0 3
79 2 2 2 3
80 1 2 2 5
81 0 3 1 6
82 2 0 4 3
83 1 3 1 5
84 1 1 1 3
85 2 1 2 2
86 1 1 0 2
87 3 2 2 4
88 5 1 1 2
89 3 0 0 3
90 5 0 0 1
91 4 1 0 3
92 5 0 0 3
93 1 2 1 1
94 2 3 2 3
95 4 0 0 1
96 4 2 1 0
97 4 3 3 3
98 6 0 2 3
99 2 4 2 0
100 2 3 1 1
101 6 2 2 7
102 8 2 2 1
103 2 1 2 5
104 3 1 3 3
105 2 1 3 5
106 4 4 3 6
107 1 4 5 5
108 4 1 0 2
109 5 0 0 3
110 5 2 0 5
111 6 4 2 6
112 5 0 1 3
113 2 1 4 2
114 3 2 2 7
115 4 1 2 3
116 4 2 3 0
117 5 4 1 4
118 5 1 0 7
119 7 8 0 3
120 5 2 1 3
121 7 1 1 4
122 7 5 0 1
123 12 1 0 9
124 10 3 2 4
125 9 3 0 1
126 12 4 2 5
127 6 4 4 2
128 10 6 3 4
129 8 5 4 4
130 8 3 4 3
131 5 4 5 7
132 9 9 6 8
133 5 7 3 10
134 12 6 3 5
135 12 6 2 7
136 6 2 2 10
137 4 5 5 12
138 6 5 3 9
139 11 7 3 13
140 10 6 3 5
141 7 7 4 6
142 8 3 2 9
143 9 6 5 10
144 15 6 2 15
145 15 3 1 6
146 11 3 1 7
147 12 0 2 9
148 7 7 5 12
149 8 9 4 6
150 16 4 5 5
151 13 7 4 3
152 9 6 6 10
153 9 6 6 4
154 10 8 6 7
155 8 7 8 11
156 20 8 4 19
157 14 8 1 8
158 16 5 2 10
159 7 5 6 11
160 7 4 6 15
161 7 11 7 14
162 11 9 1 11
163 14 6 4 12
164 11 4 4 5
165 14 6 7 12
166 14 7 2 11
167 16 11 4 10
168 12 6 1 15
169 14 2 3 10
170 13 9 4 9
171 18 5 9 10
172 11 15 5 12
173 19 4 11 6
174 13 8 6 13
175 16 8 6 12
176 19 7 8 16
177 15 6 7 11
178 13 7 10 12
179 17 5 9 14
180 21 13 7 20
181 19 10 3 13
182 13 13 5 15
183 14 7 5 10
184 13 9 6 20
185 17 18 5 18
186 14 16 7 16
187 19 10 4 16
188 18 10 6 17
189 16 7 6 20
190 17 10 4 20
191 24 8 3 12
192 21 11 6 16
193 23 7 8 18
194 19 10 7 11
195 27 10 5 15
196 24 14 11 15
197 35 15 8 15
198 26 8 8 15
199 12 10 8 19
200 20 12 6 18
201 13 11 8 21
202 20 16 16 11
203 21 14 10 24
204 17 13 8 21
205 16 9 13 23
206 14 17 10 25
207 13 14 7 21
208 13 9 8 20
209 17 14 6 25
210 10 6 8 24
211 10 6 8 21
212 18 10 10 21
213 10 9 4 20
214 12 11 4 16
215 11 9 3 18
216 9 5 4 21
217 10 13 4 13
218 9 10 5 11
219 9 5 3 16
220 13 6 5 12
221 7 7 7 15
222 4 3 8 11
223 8 8 4 8
224 4 4 6 10
225 8 3 3 19
226 8 3 3 9
227 7 6 1 11
228 1 5 6 14
229 3 5 6 9
230 2 8 3 9
231 3 3 2 6
232 7 2 3 7
233 7 2 1 9
234 5 1 2 12
235 4 2 3 8
236 3 3 1 9
237 3 2 2 7
238 4 4 1 6
239 3 1 2 6
240 2 4 1 4
241 3 3 2 2
242 2 3 3 3
243 3 5 0 2
244 3 3 1 6
245 2 3 1 6
246 2 4 0 5
247 1 1 0 5
248 2 2 1 5
249 3 3 0 4
250 1 1 1 5
251 1 1 1 1
252 3 1 0 3
253 2 0 1 4
254 1 1 0 2
255 1 1 2 4
256 1 1 0 2
257 3 3 1 1
258 2 2 1 1
259 0 1 0 0
260 3 1 0 2
261 0 1 1 3
262 0 2 1 5
263 1 1 0 1
264 0 0 0 2
265 1 0 1 3
266 0 1 0 1
267 0 0 1 1
268 0 1 0 0
269 0 1 1 3
270 0 0 0 1
271 0 0 0 1
272 1 0 0 1
273 0 0 0 1
274 1 1 0 0
275 2 0 0 0
276 1 0 0 1
277 2 0 0 0
278 0 0 0 0
279 0 0 0 0
280 1 1 0 0
281 0 0 2 1
282 0 0 1 0
283 1 1 0 0
284 0 1 0 0
285 1 0 1 1
286 0 0 1 1
287 0 0 0 3
288 0 1 0 1
289 0 0 0 0
290 0 0 0 1
291 0 0 0 0
292 0 0 0 1
293 0 0 0 0
294 0 1 0 0
295 0 0 0 1
296 0 0 0 0
297 0 0 0 0
298 1 0 0 1
299 0 0 0 0
300 0 0 0 0
301 0 0 0 0
302 2 0 0 0
303 0 0 1 0
304 1 0 0 0
305 0 0 0 0
306 1 0 0 0
307 0 0 0 1
308 0 0 0 0
309 0 1 0 0
310 1 0 0 0
311 0 1 1 0
312 0 0 0 0
313 1 0 0 0
314 0 0 0 0
315 0 2 0 1
316 0 0 0 1
317 0 0 0 0
318 0 0 1 1
319 0 0 0 1
320 0 0 0 0
321 1 0 0 0
322 1 0 0 1
323 1 0 0 0
324 0 0 0 0
325 0 0 0 1
326 0 1 0 0
327 0 1 0 0
328 0 1 0 0
329 0 0 0 0
330 0 0 0 1
331 0 0 0 1
332 0 0 0 0
333 0 0 0 0
334 0 0 0 0
335 0 0 0 1
336 0 0 0 0
337 0 0 0 0
338 0 0 0 0
339 0 0 0 0
340 0 0 0 0
341 0 0 0 0
342 0 0 0 0
343 0 0 0 0
344 0 0 0 0
345 0 0 0 0
346 0 0 0 0
347 0 0 0 0
348 0 0 0 0
349 0 0 0 0
350 0 0 0 0
351 0 0 0 0
352 0 0 0 0
353 0 0 0 0
354 0 0 0 0
355 0 0 0 0
356 0 0 0 0
357 0 0 0 0
358 0 0 0 0
359 0 0 0 0
360 0 0 0 0
361 0 0 0 0
362 0 0 0 0
363 0 0 0 0
364 0 0 0 0
365 0 0 0 0
366 0 0 0 0
367 0 0 0 0
368 0 0 0 0
369 0 0 0 0
370 0 0 0 0
371 0 0 0 0
372 0 0 0 0
373 0 0 0 0
374 0 0 0 0
375 0 0 0 0
376 0 0 0 0
377 0 0 0 0
378 0 0 0 0
379 0 0 0 0
380 0 0 0 0
381 0 0 0 0
382 0 0 0 0
383 0 0 0 0
384 0 0 0 0
385 0 0 0 0
386 0 0 0 0
387 0 0 0 0
388 0 0 0 0
389 0 0 0 0
390 0 0 0 0
391 0 0 0 0
392 0 0 0 0
393 0 0 0 0
394 0 0 0 0
395 0 0 0 0
396 0 0 0 0
397 0 0 0 0
398 0 0 0 0
399 0 0 0 0
400 0 0 0 0
401 0 0 0 0
402 0 0 0 0
403 0 0 0 0
404 0 0 0 0
405 0 0 0 0
406 0 0 0 0
407 0 0 0 0
408 0 0 0 0
409 0 0 0 0
410 0 0 0 0
411 0 0 0 0
412 0 0 0 0
413 0 0 0 0
414 0 0 0 0
415 0 0 0 0
416 0 0 0 0
417 0 0 0 0
418 0 0 0 0
419 0 0 0 0
420 0 0 0 0
421 0 0 0 0
422 0 0 0 0
423 0 0 0 0
424 0 0 0 0
425 0 0 0 0
426 0 0 0 0
427 0 0 0 0
428 0 0 0 0
429 0 0 0 0
430 0 0 0 0
431 0 0 0 0
432 0 0 0 0
433 0 0 0 0
434 0 0 0 0
435 0 0 0 0
436 0 0 0 0
437 0 0 0 0
438 0 0 0 0
439 0 0 0 0
440 0 0 0 0
441 0 0 0 0
442 0 0 0 0
443 0 0 0 0
444 0 0 0 0
445 0 0 0 0
446 0 0 0 0
447 0 0 0 0
448 0 0 0 0
449 0 0 0 0
450 0 0 0 0
451 0 0 0 0
452 0 0 0 0
453 0 0 0 0
454 0 0 0 0
455 0 0 0 0
456 0 0 0 0
457 0 0 0 0
458 0 0 0 0
459 0 0 0 0
460 0 0 0 0
461 0 0 0 0
462 0 0 0 0
463 0 0 0 0
464 0 0 0 0
465 0 0 0 0
466 0 0 0 0
467 0 0 0 0
468 0 0 0 0
469 0 0 0 0
470 0 0 0 0
471 0 0 0 0
472 0 0 0 0
473 0 0 0 0
474 0 0 0 0
475 0 0 0 0
476 0 0 0 0
477 0 0 0 0
478 0 0 0 0
479 0 0 0 0
480 0 0 0 0
481 0 0 0 0
482 0 0 0 0
483 0 0 0 0
484 0 0 0 0
485 0 0 0 0
486 0 0 0 0
487 0 0 0 0
488 0 0 0 0
489 0 0 0 0
490 0 0 0 0
491 0 0 0 0
492 0 0 0 0
493 0 0 0 0
494 0 0 0 0
495 0 0 0 0
496 0 0 0 0
497 0 0 0 0
498 0 0 0 0
499 0 0 0 0
500 0 0 0 0
501 0 0 0 0
502 0 0 0 0
503 0 0 0 0
504 0 0 0 0
505 0 0 0 0
506 0 0 0 0
507 0 0 0 0
508 0 0 0 0
509 0 0 0 0
510 0 0 0 0
511 0 0 0 0
512 0 0 0 0
513 0 0 0 0
514 0 0 0 0
515 0 0 0 0
516 0 0 0 0
517 0 0 0 0
518 0 0 0 0
519 0 0 0 0
520 0 0 0 0
521 0 0 0 0
522 0 0 0 0
523 0 0 0 0
524 0 0 0 0
525 0 0 0 0
526 0 0 0 0
527 0 0 0 0
528 0 0 0 0
529 0 0 0 0
530 0 0 0 0
531 0 0 0 0
532 0 0 0 0
533 0 0 0 0
534 0 0 0 0
535 0 0 0 0
536 0 0 0 0
537 0 0 0 0
538 0 0 0 0
539 0 0 0 0
540 0 0 0 0
541 0 0 0 0
542 0 0 0 0
543 0 0 0 0
544 0 0 0 0
545 0 0 0 0
546 0 0 0 0
547 0 0 0 0
548 0 0 0 0
549 0 0 0 0
550 0 0 0 0
551 0 0 0 0
552 0 0 0 0
553 0 0 0 0
554 0 0 0 0
555 0 0 0 0
556 0 0 0 0
557 0 0 0 0
558 0 0 0 0
559 0 0 0 0
560 0 0 0 0
561 0 0 0 0
562 0 0 0 0
563 0 0 0 0
564 0 0 0 0
565 0 0 0 0
566 0 0 0 0
567 0 0 0 0
568 0 0 0 0
569 0 0 0 0
570 0 0 0 0
571 0 0 0 0
572 0 0 0 0
573 0 0 0 0
574 0 0 0 0
575 0 0 0 0
576 0 0 0 0
577 0 0 0 0
578 0 0 0 0
579 0 0 0 0
580 0 0 0 0
581 0 0 0 0
582 0 0 0 0
583 0 0 0 0
584 0 0 0 0
585 0 0 0 0
586 0 0 0 0
587 0 0 0 0
588 0 0 0 0
589 0 0 0 0
590 0 0 0 0
591 0 0 0 0
592 0 0 0 0
593 0 0 0 0
594 0 0 0 0
595 0 0 0 0
596 0 0 0 0
597 0 0 0 0
598 0 0 0 0
599 0 0 0 0
600 0 0 0 0
601 0 0 0 0
602 0 0 0 0
603 0 0 0 0
604 0 0 0 0
605 0 0 0 0
606 0 0 0 0
607 0 0 0 0
608 0 0 0 0
609 0 0 0 0
610 0 0 0 0
611 0 0 0 0
612 0 0 0 0
613 0 0 0 0
614 0 0 0 0
615 0 0 0 0
616 0 0 0 0
617 0 0 0 0
618 0 0 0 0
619 0 0 0 0
620 0 0 0 0
621 0 0 0 0
622 0 0 0 0
623 0 0 0 0
624 0 0 0 0
625 0 0 0 0
626 0 0 0 0
627 0 0 0 0
628 0 0 0 0
629 0 0 0 0
630 0 0 0 0
631 0 0 0 0
632 0 0 0 0
633 0 0 0 0
634 0 0 0 0
635 0 0 0 0
636 0 0 0 0
637 0 0 0 0
638 0 0 0 0
639 0 0 0 0
640 0 0 0 0
641 0 0 0 0
642 0 0 0 0
643 0 0 0 0
644 0 0 0 0
645 0 0 0 0
646 0 0 0 0
647 0 0 0 0
648 0 0 0 0
649 0 0 0 0
650 0 0 0 0
651 0 0 0 0
652 0 0 0 0
653 0 0 0 0
654 0 0 0 0
655 0 0 0 0
656 0 0 0 0
657 0 0 0 0
658 0 0 0 0
659 0 0 0 0
660 0 0 0 0
661 0 0 0 0
662 0 0 0 0
663 0 0 0 0
664 0 0 0 0
665 0 0 0 0
666 0 0 0 0
667 0 0 0 0
668 0 0 0 0
669 0 0 0 0
670 0 0 0 0
671 0 0 0 0
672 0 0 0 0
673 0 0 0 0
674 0 0 0 0
675 0 0 0 0
676 0 0 0 0
677 0 0 0 0
678 0 0 0 0
679 0 0 0 0
680 0 0 0 0
681 0 0 0 0
682 0 0 0 0
683 0 0 0 0
684 0 0 0 0
685 0 0 0 0
686 0 0 0 0
687 0 0 0 0
688 0 0 0 0
689 0 0 0 0
690 0 0 0 0
691 0 0 0 0
692 0 0 0 0
693 0 0 0 0
694 0 0 0 0
695 0 0 0 0
696 0 0 0 0
697 0 0 0 0
698 0 0 0 0
699 0 0 0 0
700 0 0 0 0
701 0 0 0 0
702 0 0 0 0
703 0 0 0 0
704 0 0 0 0
705 0 0 0 0
706 0 0 0 0
707 0 0 0 0
708 0 0 0 0
709 0 0 0 0
710 0 0 0 0
711 0 0 0 0
712 0 0 0 0
713 0 0 0 0
714 0 0 0 0
715 0 0 0 0
716 0 0 0 0
717 0 0 0 0
718 0 0 0 0
719 0 0 0 0
720 0 0 0 0
721 0 0 0 0
722 0 0 0 0
723 0 0 0 0
724 0 0 0 0
725 0 0 0 0
726 0 0 0 0
727 0 0 0 0
