0 0 0 0 0
1 0 0 0 0
2 0 0 0 0
3 0 0 0 0
4 0 0 0 0
5 0 3 1 0
6 0 0 0 0
7 0 0 0 0
8 0 0 0 0
9 0 0 1 2
10 0 0 0 0
11 0 0 0 0
12 0 0 0 2
13 0 0 0 1
14 0 0 0 0
15 0 0 0 0
16 1 0 0 0
17 2 0 0 0
18 1 0 0 0
19 0 0 0 0
20 3 0 0 0
21 2 0 1 0
22 1 1 1 0
23 4 1 0 0
24 0 0 0 0
25 1 1 1 0
26 0 2 0 2
27 0 0 1 0
28 1 0 1 1
29 1 1 0 0
30 0 0 1 3
31 0 0 0 1
32 1 2 1 2
33 0 0 0 0
34 0 0 0 1
35 2 0 0 1
36 1 0 0 3
37 2 1 0 0
38 1 1 0 0
39 2 0 0 1
40 1 0 0 0
41 1 1 1 0
42 2 0 1 1
43 2 0 0 0
44 2 2 1 1
45 2 0 0 1
46 1 1 1 1
47 4 2 0 1
48 1 1 1 2
49 1 1 0 0
50 0 3 0 1
51 1 2 0 2
52 1 2 2 0
53 0 0 1 1
54 1 0 1 3
55 1 0 0 3
56 1 0 1 5
57 2 1 0 1
58 0 0 0 1
59 3 2 0 0
60 2 1 0 1
61 2 0 1 1
62 3 1 0 0
63 1 0 0 3
64 4 0 0 1
65 0 2 0 1
66 2 1 0 0
67 0 1 1 1
68 3 1 2 1
69 1 2 2 0
70 3 2 0 1
71 2 2 0 2
72 2 1 0 4
73 2 2 0 2
74 3 0 0 1
75 5 3 1 2
76 4 0 0 3
77 2 2 2 2
78 2 2 0 1
79 2 1 1 3
80 2 5 1 1
81 4 2 1 4
82 3 1 1 2
83 4 1 0 2
84 2 1 1 2
85 3 0 1 1
86 3 1 1 3
87 2 3 2 4
88 4 3 0 3
89 1 3 0 1
90 2 2 3 2
91 0 2 0 4
92 5 1 3 2
93 2 0 2 1
94 2 1 0 3
95 4 1 2 1
96 5 0 0 4
97 3 1 3 5
98 4 0 4 3
99 4 0 1 5
100 2 1 2 1
101 4 2 5 5
102 7 2 0 1
103 3 2 0 1
104 6 2 0 3
105 3 2 0 7
106 5 1 3 3
107 6 5 3 2
108 8 2 2 2
109 2 4 1 2
110 7 2 1 3
111 6 3 2 6
112 7 1 3 4
113 4 4 4 5
114 10 2 2 5
115 4 1 1 2
116 10 2 6 4
117 6 5 1 3
118 5 2 0 5
119 6 8 4 3
120 8 3 2 9
121 8 6 2 6
122 8 2 1 3
123 6 4 1 9
124 9 2 2 5
125 10 7 4 6
126 7 8 2 8
127 11 4 2 6
128 4 3 3 4
129 4 7 2 8
130 8 6 0 8
131 12 2 4 5
132 13 5 4 11
133 11 4 2 8
134 14 6 3 6
135 11 4 3 5
136 9 8 3 9
137 9 9 1 7
138 15 6 3 7
139 11 6 8 8
140 4 8 4 9
141 13 7 0 9
142 9 5 4 9
143 12 9 5 10
144 10 8 4 14
145 11 3 7 6
146 16 5 6 13
147 12 6 6 10
148 10 9 1 12
149 11 5 1 12
150 7 7 3 8
151 12 12 5 11
152 13 6 4 10
153 13 3 5 10
154 15 8 5 12
155 13 4 4 12
156 15 8 7 8
157 12 9 4 8
158 16 6 5 17
159 12 9 5 9
160 18 13 2 6
161 11 10 4 14
162 18 12 2 9
163 15 5 7 18
164 14 10 4 12
165 16 6 10 15
166 11 6 4 12
167 14 6 10 15
168 17 8 3 13
169 14 8 4 20
170 20 7 7 9
171 16 4 8 12
172 24 8 7 12
173 15 9 7 13
174 16 8 7 17
175 19 13 4 13
176 13 9 6 16
177 20 13 10 14
178 18 11 4 11
179 13 11 11 21
180 26 8 7 19
181 20 13 6 22
182 23 12 6 10
183 19 11 5 16
184 20 13 5 15
185 23 10 10 17
186 18 13 9 18
187 17 8 10 19
188 18 13 3 18
189 19 11 12 21
190 24 12 7 17
191 26 14 7 17
192 32 17 2 19
193 15 12 8 22
194 25 12 7 18
195 24 10 4 22
196 24 13 13 22
197 22 16 12 25
198 21 11 7 15
199 21 21 9 14
200 20 15 9 22
201 15 15 8 20
202 16 13 6 20
203 15 14 8 25
204 13 15 7 33
205 19 16 9 17
206 9 6 12 22
207 13 14 6 21
208 11 12 4 28
209 10 11 5 22
210 12 8 10 22
211 12 11 4 16
212 17 7 5 20
213 13 7 4 17
214 7 6 8 19
215 12 5 4 17
216 10 11 7 16
217 12 6 9 11
218 6 4 5 15
219 11 6 6 7
220 11 2 8 14
221 13 4 5 16
222 10 9 1 11
223 3 1 3 14
224 3 4 4 9
225 5 10 4 11
226 2 7 10 9
227 4 5 1 8
228 5 5 4 8
229 8 5 2 17
230 9 6 2 11
231 5 2 5 9
232 4 2 1 8
233 2 3 2 10
234 2 3 2 8
235 6 3 3 10
236 2 0 4 6
237 4 2 2 3
238 3 1 3 6
239 5 5 2 4
240 4 2 5 3
241 4 1 3 5
242 3 0 2 6
243 2 2 0 5
244 3 1 2 5
245 4 3 0 4
246 2 3 2 6
247 4 3 1 5
248 2 3 1 3
249 2 3 3 3
250 1 2 1 3
251 1 1 0 2
252 2 1 1 4
253 0 1 0 7
254 0 3 1 5
255 2 2 0 2
256 1 2 1 4
257 1 1 0 1
258 1 0 0 2
259 4 0 1 0
260 2 1 0 1
261 1 2 1 3
262 3 0 1 2
263 4 0 1 4
264 0 2 1 1
265 2 1 0 2
266 0 0 1 1
267 1 1 1 1
268 0 2 3 3
269 2 1 0 1
270 1 0 2 2
271 1 0 1 2
272 2 1 1 3
273 0 0 0 2
274 0 2 0 2
275 0 0 0 3
276 0 1 0 1
277 1 0 0 0
278 0 0 0 2
279 1 0 1 1
280 0 0 0 1
281 0 1 1 0
282 0 0 0 0
283 0 0 0 1
284 0 0 0 0
285 0 0 0 1
286 1 0 1 0
287 1 0 0 0
288 0 0 1 1
289 0 0 0 0
290 0 0 0 0
291 0 1 0 0
292 0 0 0 1
293 0 0 0 1
294 0 0 0 0
295 0 0 0 1
296 0 1 0 0
297 0 0 0 0
298 1 0 0 0
299 1 0 0 0
300 0 0 0 1
301 0 0 0 0
302 1 0 0 0
303 0 1 0 0
304 2 1 0 0
305 1 0 0 0
306 1 0 0 0
307 0 1 0 1
308 1 0 0 0
309 0 0 2 0
310 0 0 0 0
311 0 0 0 2
312 0 0 0 0
313 0 0 1 1
314 0 0 0 0
315 0 0 1 0
316 0 0 0 1
317 0 0 1 0
318 0 0 0 0
319 0 0 0 0
320 0 0 0 1
321 0 0 0 0
322 0 0 0 1
323 0 0 0 0
324 0 0 0 1
325 0 0 0 0
326 0 0 0 0
327 0 0 0 0
328 0 0 0 0
329 1 0 0 0
330 1 0 0 0
331 1 0 0 0
332 2 0 0 0
333 1 0 0 0
334 0 1 0 0
335 0 0 1 0
336 0 1 0 0
337 1 0 0 0
338 0 1 0 0
339 0 0 0 0
340 0 0 0 0
341 0 0 2 1
342 0 0 0 1
343 0 0 0 1
344 0 0 0 0
345 1 0 0 3
346 0 0 1 0
347 0 0 0 0
348 0 0 0 0
349 0 0 0 0
350 0 0 0 1
351 1 0 0 0
352 0 0 0 0
353 0 0 0 0
354 0 1 0 0
355 0 0 0 0
356 0 0 0 0
357 0 0 0 0
358 0 0 0 1
359 0 0 0 0
360 0 1 0 0
361 0 0 0 0
362 0 0 0 0
363 0 0 0 0
364 0 0 0 0
365 0 0 0 0
366 0 0 0 0
367 0 0 0 1
368 0 0 0 0
369 0 0 0 0
370 0 0 0 0
371 0 0 0 0
372 0 0 0 0
373 0 0 0 0
374 0 0 0 0
375 0 0 0 0
376 0 0 0 0
377 0 0 0 0
378 0 0 0 0
379 0 0 0 0
380 0 0 0 0
381 0 0 0 0
382 0 0 0 0
383 0 0 0 0
384 0 0 0 0
385 0 0 0 0
386 0 0 0 0
387 0 0 0 0
388 0 0 0 0
389 0 0 0 0
390 0 0 0 0
391 0 0 0 0
392 0 0 0 0
393 0 0 0 0
394 0 0 0 0
395 0 0 0 0
396 0 0 0 0
397 0 0 0 0
398 0 0 0 0
399 0 0 0 0
400 0 0 0 0
401 0 0 0 0
402 0 0 0 0
403 0 0 0 0
404 0 0 0 0
405 0 0 0 0
406 0 0 0 0
407 0 0 0 0
408 0 0 0 0
409 0 0 0 0
410 0 0 0 0
411 0 0 0 0
412 0 0 0 0
413 0 0 0 0
414 0 0 0 0
415 0 0 0 0
416 0 0 0 0
417 0 0 0 0
418 0 0 0 0
419 0 0 0 0
420 0 0 0 0
421 0 0 0 0
422 0 0 0 0
423 0 0 0 0
424 0 0 0 0
425 0 0 0 0
426 0 0 0 0
427 0 0 0 0
428 0 0 0 0
429 0 0 0 0
430 0 0 0 0
431 0 0 0 0
432 0 0 0 0
433 0 0 0 0
434 0 0 0 0
435 0 0 0 0
436 0 0 0 0
437 0 0 0 0
438 0 0 0 0
439 0 0 0 0
440 0 0 0 0
441 0 0 0 0
442 0 0 0 0
443 0 0 0 0
444 0 0 0 0
445 0 0 0 0
446 0 0 0 0
447 0 0 0 0
448 0 0 0 0
449 0 0 0 0
450 0 0 0 0
451 0 0 0 0
452 0 0 0 0
453 0 0 0 0
454 0 0 0 0
455 0 0 0 0
456 0 0 0 0
457 0 0 0 0
458 0 0 0 0
459 0 0 0 0
460 0 0 0 0
461 0 0 0 0
462 0 0 0 0
463 0 0 0 0
464 0 0 0 0
465 0 0 0 0
466 0 0 0 0
467 0 0 0 0
468 0 0 0 0
469 0 0 0 0
470 0 0 0 0
471 0 0 0 0
472 0 0 0 0
473 0 0 0 0
474 0 0 0 0
475 0 0 0 0
476 0 0 0 0
477 0 0 0 0
478 0 0 0 0
479 0 0 0 0
480 0 0 0 0
481 0 0 0 0
482 0 0 0 0
483 0 0 0 0
484 0 0 0 0
485 0 0 0 0
486 0 0 0 0
487 0 0 0 0
488 0 0 0 0
489 0 0 0 0
490 0 0 0 0
491 0 0 0 0
492 0 0 0 0
493 0 0 0 0
494 0 0 0 0
495 0 0 0 0
496 0 0 0 0
497 0 0 0 0
498 0 0 0 0
499 0 0 0 0
500 0 0 0 0
501 0 0 0 0
502 0 0 0 0
503 0 0 0 0
504 0 0 0 0
505 0 0 0 0
506 0 0 0 0
507 0 0 0 0
508 0 0 0 0
509 0 0 0 0
510 0 0 0 0
511 0 0 0 0
512 0 0 0 0
513 0 0 0 0
514 0 0 0 0
515 0 0 0 0
516 0 0 0 0
517 0 0 0 0
518 0 0 0 0
519 0 0 0 0
520 0 0 0 0
521 0 0 0 0
522 0 0 0 0
523 0 0 0 0
524 0 0 0 0
525 0 0 0 0
526 0 0 0 0
527 0 0 0 0
528 0 0 0 0
529 0 0 0 0
530 0 0 0 0
531 0 0 0 0
532 0 0 0 0
533 0 0 0 0
534 0 0 0 0
535 0 0 0 0
536 0 0 0 0
537 0 0 0 0
538 0 0 0 0
539 0 0 0 0
540 0 0 0 0
541 0 0 0 0
542 0 0 0 0
543 0 0 0 0
544 0 0 0 0
545 0 0 0 0
546 0 0 0 0
547 0 0 0 0
548 0 0 0 0
549 0 0 0 0
550 0 0 0 0
551 0 0 0 0
552 0 0 0 0
553 0 0 0 0
554 0 0 0 0
555 0 0 0 0
556 0 0 0 0
557 0 0 0 0
558 0 0 0 0
559 0 0 0 0
560 0 0 0 0
561 0 0 0 0
562 0 0 0 0
563 0 0 0 0
564 0 0 0 0
565 0 0 0 0
566 0 0 0 0
567 0 0 0 0
568 0 0 0 0
569 0 0 0 0
570 0 0 0 0
571 0 0 0 0
572 0 0 0 0
573 0 0 0 0
574 0 0 0 0
575 0 0 0 0
576 0 0 0 0
577 0 0 0 0
578 0 0 0 0
579 0 0 0 0
580 0 0 0 0
581 0 0 0 0
582 0 0 0 0
583 0 0 0 0
584 0 0 0 0
585 0 0 0 0
586 0 0 0 0
587 0 0 0 0
588 0 0 0 0
589 0 0 0 0
590 0 0 0 0
591 0 0 0 0
592 0 0 0 0
593 0 0 0 0
594 0 0 0 0
595 0 0 0 0
596 0 0 0 0
597 0 0 0 0
598 0 0 0 0
599 0 0 0 0
600 0 0 0 0
601 0 0 0 0
602 0 0 0 0
603 0 0 0 0
604 0 0 0 0
605 0 0 0 0
606 0 0 0 0
607 0 0 0 0
608 0 0 0 0
609 0 0 0 0
610 0 0 0 0
611 0 0 0 0
612 0 0 0 0
613 0 0 0 0
614 0 0 0 0
615 0 0 0 0
616 0 0 0 0
617 0 0 0 0
618 0 0 0 0
619 0 0 0 0
620 0 0 0 0
621 0 0 0 0
622 0 0 0 0
623 0 0 0 0
624 0 0 0 0
625 0 0 0 0
626 0 0 0 0
627 0 0 0 0
628 0 0 0 0
629 0 0 0 0
630 0 0 0 0
631 0 0 0 0
632 0 0 0 0
633 0 0 0 0
634 0 0 0 0
635 0 0 0 0
636 0 0 0 0
637 0 0 0 0
638 0 0 0 0
639 0 0 0 0
640 0 0 0 0
641 0 0 0 0
642 0 0 0 0
643 0 0 0 0
644 0 0 0 0
645 0 0 0 0
646 0 0 0 0
647 0 0 0 0
648 0 0 0 0
649 0 0 0 0
650 0 0 0 0
651 0 0 0 0
652 0 0 0 0
653 0 0 0 0
654 0 0 0 0
655 0 0 0 0
656 0 0 0 0
657 0 0 0 0
658 0 0 0 0
659 0 0 0 0
660 0 0 0 0
661 0 0 0 0
662 0 0 0 0
663 0 0 0 0
664 0 0 0 0
665 0 0 0 0
666 0 0 0 0
667 0 0 0 0
668 0 0 0 0
669 0 0 0 0
670 0 0 0 0
671 0 0 0 0
672 0 0 0 0
673 0 0 0 0
674 0 0 0 0
675 0 0 0 0
676 0 0 0 0
677 0 0 0 0
678 0 0 0 0
679 0 0 0 0
680 0 0 0 0
681 0 0 0 0
682 0 0 0 0
683 0 0 0 0
684 0 0 0 0
685 0 0 0 0
686 0 0 0 0
687 0 0 0 0
688 0 0 0 0
689 0 0 0 0
690 0 0 0 0
691 0 0 0 0
692 0 0 0 0
693 0 0 0 0
694 0 0 0 0
695 0 0 0 0
696 0 0 0 0
697 0 0 0 0
698 0 0 0 0
699 0 0 0 0
700 0 0 0 0
701 0 0 0 0
702 0 0 0 0
703 0 0 0 0
704 0 0 0 0
705 0 0 0 0
706 0 0 0 0
707 0 0 0 0
708 0 0 0 0
709 0 0 0 0
710 0 0 0 0
711 0 0 0 0
712 0 0 0 0
713 0 0 0 0
714 0 0 0 0
715 0 0 0 0
716 0 0 0 0
717 0 0 0 0
718 0 0 0 0
719 0 0 0 0
720 0 0 0 0
721 0 0 0 0
722 0 0 0 0
723 0 0 0 0
724 0 0 0 0
725 0 0 0 0
726 0 0 0 0
727 0 0 0 0
