0 0 0 0 0
1 0 0 0 0
2 0 0 0 0
3 0 0 0 0
4 0 0 0 0
5 0 2 1 0
6 0 0 0 0
7 0 0 0 0
8 0 0 0 0
9 0 0 2 2
10 0 0 0 0
11 0 0 0 0
12 0 0 0 1
13 0 0 0 0
14 0 0 0 0
15 0 0 0 1
16 0 0 0 1
17 0 0 0 0
18 1 0 0 0
19 0 0 0 0
20 1 0 0 0
21 1 0 0 0
22 2 0 0 0
23 1 0 0 0
24 3 0 0 0
25 3 1 0 0
26 1 1 0 0
27 1 1 2 0
28 2 0 1 0
29 1 0 2 1
30 0 0 1 0
31 0 1 0 2
32 0 0 1 1
33 0 3 0 3
34 0 3 0 1
35 0 0 0 0
36 0 0 0 1
37 1 0 0 2
38 0 0 0 1
39 0 0 0 0
40 0 0 0 2
41 1 0 0 3
42 1 1 0 0
43 1 0 0 0
44 2 0 0 0
45 1 0 0 0
46 1 0 0 0
47 2 1 0 0
48 2 0 1 0
49 0 0 0 1
50 2 1 1 0
51 1 0 1 1
52 0 0 1 1
53 3 2 2 0
54 0 0 0 2
55 0 1 0 0
56 0 1 0 1
57 4 0 0 1
58 1 2 0 1
59 3 1 0 1
60 1 0 1 3
61 2 0 0 0
62 1 1 2 0
63 2 1 0 2
64 0 0 0 1
65 1 1 0 2
66 1 2 3 1
67 1 0 1 1
68 4 0 1 0
69 1 0 0 3
70 1 1 0 3
71 1 0 1 1
72 3 1 1 0
73 1 1 0 2
74 2 0 0 1
75 1 1 1 1
76 2 1 1 1
77 1 1 4 1
78 1 1 0 1
79 2 0 0 3
80 4 1 0 2
81 0 0 1 1
82 1 0 2 0
83 2 2 1 1
84 2 0 1 4
85 3 3 2 1
86 2 0 0 0
87 3 0 1 2
88 3 0 2 1
89 2 1 0 4
90 1 0 1 2
91 3 0 1 1
92 2 2 1 2
93 0 1 2 0
94 3 2 1 2
95 4 1 1 2
96 1 1 1 5
97 3 1 2 3
98 3 0 1 2
99 1 1 0 2
100 1 2 2 0
101 4 0 0 2
102 2 1 0 0
103 4 2 3 3
104 7 2 1 4
105 6 0 1 1
106 2 2 1 0
107 2 3 0 5
108 4 2 0 3
109 5 1 4 1
110 2 4 3 4
111 5 1 0 2
112 4 2 1 1
113 5 3 4 1
114 2 2 3 5
115 4 1 1 2
116 4 0 3 7
117 3 3 0 6
118 11 2 1 3
119 4 2 0 2
120 5 2 2 9
121 3 3 1 3
122 6 3 2 4
123 9 5 1 1
124 9 1 3 4
125 4 3 2 1
126 7 2 1 4
127 7 4 4 5
128 5 2 5 5
129 9 6 2 5
130 4 2 1 4
131 7 2 5 9
132 10 6 1 4
133 12 4 2 3
134 10 6 2 3
135 10 5 2 9
136 11 2 5 9
137 7 5 1 2
138 9 6 5 9
139 6 3 0 9
140 6 7 2 9
141 6 5 8 6
142 8 5 6 6
143 5 7 4 3
144 6 3 4 11
145 12 2 5 16
146 6 1 3 6
147 7 8 4 7
148 5 5 0 7
149 4 2 2 11
150 11 6 2 9
151 3 1 3 9
152 8 5 4 5
153 11 3 5 2
154 13 8 1 13
155 10 5 3 4
156 10 4 1 12
157 13 4 1 4
158 11 4 4 6
159 11 2 6 8
160 5 5 4 6
161 8 6 4 6
162 11 8 6 7
163 8 11 5 4
164 8 5 4 13
165 9 4 5 8
166 11 4 5 12
167 10 9 4 10
168 8 6 2 11
169 8 1 5 15
170 11 3 4 11
171 7 9 4 7
172 6 7 6 6
173 12 3 1 11
174 9 5 4 10
175 14 5 4 9
176 20 1 7 11
177 18 9 4 7
178 18 7 2 13
179 15 7 3 9
180 11 6 6 4
181 12 6 8 12
182 17 10 4 11
183 16 6 7 9
184 13 5 3 13
185 16 5 6 11
186 15 6 11 14
187 20 16 3 12
188 18 9 7 10
189 20 10 3 12
190 19 6 9 12
191 16 8 6 13
192 11 12 6 14
193 12 12 6 19
194 24 6 12 18
195 13 10 7 12
196 10 7 12 11
197 11 6 7 20
198 7 7 5 14
199 11 16 8 20
200 12 9 6 15
201 10 6 8 17
202 11 7 5 17
203 17 9 3 20
204 16 11 3 17
205 18 7 4 16
206 15 6 5 19
207 15 4 5 9
208 10 6 6 9
209 12 12 3 12
210 16 7 4 16
211 11 11 7 13
212 12 8 7 10
213 13 7 6 11
214 11 9 6 10
215 7 6 4 17
216 9 12 3 21
217 12 8 2 13
218 10 10 3 15
219 6 11 9 9
220 5 3 4 12
221 6 8 3 10
222 8 8 4 10
223 3 5 3 23
224 7 4 4 10
225 4 3 3 17
226 6 8 3 13
227 4 6 5 5
228 2 1 0 6
229 5 6 0 5
230 6 0 4 9
231 7 4 1 10
232 7 4 2 5
233 2 3 0 7
234 4 6 0 9
235 4 7 1 5
236 4 4 1 8
237 8 2 3 4
238 3 0 0 3
239 4 3 2 7
240 4 5 0 1
241 1 2 2 7
242 3 2 5 3
243 1 4 0 5
244 1 2 4 5
245 3 2 2 2
246 0 2 1 6
247 0 0 0 3
248 2 2 1 4
249 0 3 0 9
250 0 2 0 4
251 2 0 2 4
252 0 0 0 1
253 0 0 0 4
254 3 0 1 0
255 4 0 0 4
256 4 0 2 1
257 0 2 0 2
258 0 0 0 1
259 0 1 0 0
260 0 1 0 0
261 2 1 1 1
262 0 0 1 0
263 0 0 1 2
264 1 1 2 1
265 0 2 0 2
266 0 0 0 2
267 0 0 0 1
268 0 0 0 2
269 0 0 0 1
270 1 1 1 1
271 0 1 0 1
272 0 0 0 1
273 0 0 0 0
274 0 0 0 1
275 0 0 1 0
276 0 0 0 0
277 2 0 0 1
278 1 0 0 1
279 2 0 0 0
280 0 0 0 0
281 0 0 0 0
282 3 1 0 1
283 2 0 0 0
284 0 1 0 0
285 1 0 0 0
286 0 0 1 0
287 0 2 1 0
288 0 2 0 1
289 0 0 0 1
290 0 0 1 0
291 0 0 1 1
292 1 0 1 2
293 0 0 0 1
294 0 0 0 3
295 0 0 0 0
296 0 0 0 0
297 0 0 1 0
298 0 0 0 1
299 0 0 0 1
300 0 0 0 0
301 0 0 0 0
302 1 0 0 0
303 2 0 0 0
304 1 0 0 1
305 0 0 0 0
306 1 0 0 0
307 0 0 1 0
308 2 0 1 0
309 1 1 0 0
310 0 0 0 0
311 0 0 1 1
312 0 1 0 1
313 0 0 1 0
314 0 0 1 0
315 0 0 0 1
316 0 0 0 2
317 0 1 0 0
318 0 0 0 0
319 0 0 0 0
320 0 0 0 1
321 0 0 0 2
322 0 0 0 0
323 1 0 0 0
324 0 0 0 0
325 0 0 0 0
326 0 0 0 0
327 1 0 0 0
328 0 1 0 0
329 0 0 0 0
330 0 0 0 0
331 0 0 0 0
332 0 0 0 1
333 0 0 0 0
334 0 0 0 0
335 0 0 0 0
336 0 1 0 0
337 0 0 0 0
338 0 0 0 0
339 0 0 0 0
340 0 0 0 1
341 0 0 0 0
342 0 0 0 0
343 0 0 0 0
344 0 0 0 0
345 0 0 0 0
346 0 0 0 0
347 0 0 0 0
348 0 0 0 0
349 0 0 0 0
350 0 0 0 0
351 0 0 0 0
352 0 0 0 0
353 0 0 0 0
354 0 0 0 0
355 0 0 0 0
356 0 0 0 0
357 0 0 0 0
358 0 0 0 0
359 0 0 0 0
360 0 0 0 0
361 0 0 0 0
362 0 0 0 0
363 0 0 0 0
364 0 0 0 0
365 0 0 0 0
366 0 0 0 0
367 0 0 0 0
368 0 0 0 0
369 0 0 0 0
370 0 0 0 0
371 0 0 0 0
372 0 0 0 0
373 0 0 0 0
374 0 0 0 0
375 0 0 0 0
376 0 0 0 0
377 0 0 0 0
378 0 0 0 0
379 0 0 0 0
380 0 0 0 0
381 0 0 0 0
382 0 0 0 0
383 0 0 0 0
384 0 0 0 0
385 0 0 0 0
386 0 0 0 0
387 0 0 0 0
388 0 0 0 0
389 0 0 0 0
390 0 0 0 0
391 0 0 0 0
392 0 0 0 0
393 0 0 0 0
394 0 0 0 0
395 0 0 0 0
396 0 0 0 0
397 0 0 0 0
398 0 0 0 0
399 0 0 0 0
400 0 0 0 0
401 0 0 0 0
402 0 0 0 0
403 0 0 0 0
404 0 0 0 0
405 0 0 0 0
406 0 0 0 0
407 0 0 0 0
408 0 0 0 0
409 0 0 0 0
410 0 0 0 0
411 0 0 0 0
412 0 0 0 0
413 0 0 0 0
414 0 0 0 0
415 0 0 0 0
416 0 0 0 0
417 0 0 0 0
418 0 0 0 0
419 0 0 0 0
420 0 0 0 0
421 0 0 0 0
422 0 0 0 0
423 0 0 0 0
424 0 0 0 0
425 0 0 0 0
426 0 0 0 0
427 0 0 0 0
428 0 0 0 0
429 0 0 0 0
430 0 0 0 0
431 0 0 0 0
432 0 0 0 0
433 0 0 0 0
434 0 0 0 0
435 0 0 0 0
436 0 0 0 0
437 0 0 0 0
438 0 0 0 0
439 0 0 0 0
440 0 0 0 0
441 0 0 0 0
442 0 0 0 0
443 0 0 0 0
444 0 0 0 0
445 0 0 0 0
446 0 0 0 0
447 0 0 0 0
448 0 0 0 0
449 0 0 0 0
450 0 0 0 0
451 0 0 0 0
452 0 0 0 0
453 0 0 0 0
454 0 0 0 0
455 0 0 0 0
456 0 0 0 0
457 0 0 0 0
458 0 0 0 0
459 0 0 0 0
460 0 0 0 0
461 0 0 0 0
462 0 0 0 0
463 0 0 0 0
464 0 0 0 0
465 0 0 0 0
466 0 0 0 0
467 0 0 0 0
468 0 0 0 0
469 0 0 0 0
470 0 0 0 0
471 0 0 0 0
472 0 0 0 0
473 0 0 0 0
474 0 0 0 0
475 0 0 0 0
476 0 0 0 0
477 0 0 0 0
478 0 0 0 0
479 0 0 0 0
480 0 0 0 0
481 0 0 0 0
482 0 0 0 0
483 0 0 0 0
484 0 0 0 0
485 0 0 0 0
486 0 0 0 0
487 0 0 0 0
488 0 0 0 0
489 0 0 0 0
490 0 0 0 0
491 0 0 0 0
492 0 0 0 0
493 0 0 0 0
494 0 0 0 0
495 0 0 0 0
496 0 0 0 0
497 0 0 0 0
498 0 0 0 0
499 0 0 0 0
500 0 0 0 0
501 0 0 0 0
502 0 0 0 0
503 0 0 0 0
504 0 0 0 0
505 0 0 0 0
506 0 0 0 0
507 0 0 0 0
508 0 0 0 0
509 0 0 0 0
510 0 0 0 0
511 0 0 0 0
512 0 0 0 0
513 0 0 0 0
514 0 0 0 0
515 0 0 0 0
516 0 0 0 0
517 0 0 0 0
518 0 0 0 0
519 0 0 0 0
520 0 0 0 0
521 0 0 0 0
522 0 0 0 0
523 0 0 0 0
524 0 0 0 0
525 0 0 0 0
526 0 0 0 0
527 0 0 0 0
528 0 0 0 0
529 0 0 0 0
530 0 0 0 0
531 0 0 0 0
532 0 0 0 0
533 0 0 0 0
534 0 0 0 0
535 0 0 0 0
536 0 0 0 0
537 0 0 0 0
538 0 0 0 0
539 0 0 0 0
540 0 0 0 0
541 0 0 0 0
542 0 0 0 0
543 0 0 0 0
544 0 0 0 0
545 0 0 0 0
546 0 0 0 0
547 0 0 0 0
548 0 0 0 0
549 0 0 0 0
550 0 0 0 0
551 0 0 0 0
552 0 0 0 0
553 0 0 0 0
554 0 0 0 0
555 0 0 0 0
556 0 0 0 0
557 0 0 0 0
558 0 0 0 0
559 0 0 0 0
560 0 0 0 0
561 0 0 0 0
562 0 0 0 0
563 0 0 0 0
564 0 0 0 0
565 0 0 0 0
566 0 0 0 0
567 0 0 0 0
568 0 0 0 0
569 0 0 0 0
570 0 0 0 0
571 0 0 0 0
572 0 0 0 0
573 0 0 0 0
574 0 0 0 0
575 0 0 0 0
576 0 0 0 0
577 0 0 0 0
578 0 0 0 0
579 0 0 0 0
580 0 0 0 0
581 0 0 0 0
582 0 0 0 0
583 0 0 0 0
584 0 0 0 0
585 0 0 0 0
586 0 0 0 0
587 0 0 0 0
588 0 0 0 0
589 0 0 0 0
590 0 0 0 0
591 0 0 0 0
592 0 0 0 0
593 0 0 0 0
594 0 0 0 0
595 0 0 0 0
596 0 0 0 0
597 0 0 0 0
598 0 0 0 0
599 0 0 0 0
600 0 0 0 0
601 0 0 0 0
602 0 0 0 0
603 0 0 0 0
604 0 0 0 0
605 0 0 0 0
606 0 0 0 0
607 0 0 0 0
608 0 0 0 0
609 0 0 0 0
610 0 0 0 0
611 0 0 0 0
612 0 0 0 0
613 0 0 0 0
614 0 0 0 0
615 0 0 0 0
616 0 0 0 0
617 0 0 0 0
618 0 0 0 0
619 0 0 0 0
620 0 0 0 0
621 0 0 0 0
622 0 0 0 0
623 0 0 0 0
624 0 0 0 0
625 0 0 0 0
626 0 0 0 0
627 0 0 0 0
628 0 0 0 0
629 0 0 0 0
630 0 0 0 0
631 0 0 0 0
632 0 0 0 0
633 0 0 0 0
634 0 0 0 0
635 0 0 0 0
636 0 0 0 0
637 0 0 0 0
638 0 0 0 0
639 0 0 0 0
640 0 0 0 0
641 0 0 0 0
642 0 0 0 0
643 0 0 0 0
644 0 0 0 0
645 0 0 0 0
646 0 0 0 0
647 0 0 0 0
648 0 0 0 0
649 0 0 0 0
650 0 0 0 0
651 0 0 0 0
652 0 0 0 0
653 0 0 0 0
654 0 0 0 0
655 0 0 0 0
656 0 0 0 0
657 0 0 0 0
658 0 0 0 0
659 0 0 0 0
660 0 0 0 0
661 0 0 0 0
662 0 0 0 0
663 0 0 0 0
664 0 0 0 0
665 0 0 0 0
666 0 0 0 0
667 0 0 0 0
668 0 0 0 0
669 0 0 0 0
670 0 0 0 0
671 0 0 0 0
672 0 0 0 0
673 0 0 0 0
674 0 0 0 0
675 0 0 0 0
676 0 0 0 0
677 0 0 0 0
678 0 0 0 0
679 0 0 0 0
680 0 0 0 0
681 0 0 0 0
682 0 0 0 0
683 0 0 0 0
684 0 0 0 0
685 0 0 0 0
686 0 0 0 0
687 0 0 0 0
688 0 0 0 0
689 0 0 0 0
690 0 0 0 0
691 0 0 0 0
692 0 0 0 0
693 0 0 0 0
694 0 0 0 0
695 0 0 0 0
696 0 0 0 0
697 0 0 0 0
698 0 0 0 0
699 0 0 0 0
700 0 0 0 0
701 0 0 0 0
702 0 0 0 0
703 0 0 0 0
704 0 0 0 0
705 0 0 0 0
706 0 0 0 0
707 0 0 0 0
708 0 0 0 0
709 0 0 0 0
710 0 0 0 0
711 0 0 0 0
712 0 0 0 0
713 0 0 0 0
714 0 0 0 0
715 0 0 0 0
716 0 0 0 0
717 0 0 0 0
718 0 0 0 0
719 0 0 0 0
720 0 0 0 0
721 0 0 0 0
722 0 0 0 0
723 0 0 0 0
724 0 0 0 0
725 0 0 0 0
726 0 0 0 0
727 0 0 0 0
