0 0 0 0 0
1 0 0 0 0
2 0 0 0 0
3 0 0 0 0
4 0 0 0 0
5 0 3 0 0
6 0 0 0 0
7 0 0 0 0
8 0 0 0 0
9 0 0 2 1
10 0 0 0 0
11 0 0 0 0
12 0 0 0 2
13 0 0 0 1
14 0 0 0 0
15 0 0 0 0
16 0 0 0 1
17 0 0 0 0
18 0 0 0 0
19 0 0 0 0
20 1 0 0 0
21 1 0 0 0
22 0 0 0 0
23 2 0 0 0
24 2 0 0 0
25 2 0 0 0
26 0 0 1 0
27 0 0 0 0
28 0 0 0 0
29 1 1 0 0
30 0 0 0 0
31 1 0 0 0
32 1 0 2 0
33 0 1 1 2
34 0 3 0 0
35 0 0 0 0
36 0 0 0 1
37 0 0 1 0
38 1 0 0 2
39 0 1 0 1
40 0 0 0 3
41 0 0 0 0
42 0 0 0 0
43 0 0 0 0
44 0 0 0 1
45 0 0 0 0
46 0 0 0 1
47 0 1 0 0
48 0 0 0 0
49 0 0 0 0
50 1 0 0 0
51 0 0 0 1
52 1 0 0 0
53 3 0 0 0
54 5 0 0 0
55 3 0 0 0
56 5 0 0 0
57 4 0 0 0
58 1 1 1 0
59 2 0 1 0
60 2 1 0 0
61 1 5 1 0
62 1 3 0 1
63 1 3 3 0
64 1 2 0 1
65 1 2 1 5
66 2 1 1 3
67 1 0 1 5
68 0 2 0 2
69 1 1 0 4
70 1 1 0 2
71 2 0 0 2
72 1 1 0 3
73 2 0 0 1
74 1 1 0 0
75 0 2 0 0
76 0 0 0 2
77 4 0 1 1
78 2 1 1 0
79 2 1 1 1
80 2 1 1 0
81 3 0 0 2
82 4 2 1 3
83 2 1 0 0
84 1 0 0 1
85 3 0 2 0
86 2 2 1 4
87 1 3 0 2
88 5 1 2 0
89 3 0 0 2
90 2 2 2 2
91 4 1 1 1
92 1 1 0 2
93 2 2 2 3
94 0 0 1 4
95 1 3 0 2
96 2 2 3 1
97 3 1 1 3
98 3 3 2 2
99 4 1 0 2
100 3 1 0 5
101 1 0 0 1
102 3 0 2 3
103 3 2 0 2
104 3 3 1 2
105 1 4 0 4
106 2 1 0 0
107 2 3 0 1
108 3 1 1 2
109 2 1 1 4
110 2 2 0 1
111 0 1 0 3
112 3 1 1 3
113 3 1 2 1
114 1 0 2 2
115 3 3 1 2
116 2 1 0 2
117 2 2 1 4
118 1 2 1 2
119 2 0 1 3
120 1 1 1 2
121 3 3 0 1
122 2 2 1 6
123 5 0 0 1
124 3 1 0 3
125 3 0 0 2
126 1 2 0 3
127 6 2 0 1
128 5 3 1 2
129 5 3 0 0
130 8 2 1 2
131 4 2 2 0
132 5 4 1 1
133 5 0 3 1
134 5 0 1 3
135 4 2 2 7
136 2 2 3 6
137 3 5 1 3
138 6 1 6 2
139 5 7 1 4
140 0 3 2 4
141 5 2 2 3
142 3 3 0 4
143 1 2 2 6
144 4 2 4 7
145 5 0 1 8
146 3 1 3 6
147 4 2 0 3
148 1 0 2 1
149 3 2 1 1
150 4 3 2 4
151 3 2 1 6
152 4 2 1 3
153 8 2 0 4
154 9 3 2 4
155 13 4 0 2
156 6 0 3 2
157 8 0 2 3
158 11 1 3 3
159 9 3 2 4
160 9 3 5 3
161 12 3 3 6
162 11 6 5 4
163 6 5 5 4
164 11 12 2 5
165 6 5 2 4
166 8 6 2 8
167 5 11 2 10
168 9 4 2 8
169 3 2 8 9
170 7 5 6 9
171 8 6 2 16
172 10 4 0 6
173 7 5 5 11
174 6 0 1 10
175 8 3 6 6
176 7 4 3 4
177 10 9 2 9
178 7 3 1 6
179 8 6 2 9
180 12 5 4 7
181 11 4 3 6
182 8 6 4 8
183 9 2 1 10
184 5 5 2 12
185 11 4 7 3
186 13 5 5 8
187 7 5 2 2
188 11 7 4 9
189 10 2 4 13
190 7 7 4 9
191 9 9 4 6
192 7 3 4 9
193 14 5 5 6
194 5 8 6 8
195 11 5 5 10
196 11 2 6 7
197 3 4 4 11
198 12 7 2 15
199 9 6 4 7
200 8 5 6 11
201 13 7 4 11
202 10 4 2 12
203 14 2 4 9
204 12 5 4 7
205 9 3 6 6
206 11 5 2 5
207 8 2 9 10
208 8 7 4 12
209 7 6 6 9
210 6 9 5 9
211 5 8 4 11
212 3 6 4 7
213 1 5 3 8
214 4 4 4 12
215 3 3 4 15
216 3 2 5 14
217 4 3 1 14
218 3 2 0 9
219 5 3 3 5
220 4 1 2 6
221 3 3 2 4
222 6 3 0 6
223 3 3 1 6
224 7 0 2 4
225 8 2 1 3
226 7 1 3 5
227 8 1 3 3
228 9 3 1 3
229 5 5 0 4
230 3 2 2 4
231 3 4 1 5
232 1 4 3 3
233 3 5 4 5
234 3 6 4 3
235 3 2 2 5
236 2 4 3 7
237 8 5 1 7
238 4 1 0 9
239 1 0 3 8
240 4 2 2 6
241 1 1 0 4
242 1 3 1 1
243 2 1 3 5
244 4 0 0 6
245 3 2 1 3
246 2 2 4 3
247 3 1 0 3
248 5 2 0 0
249 4 2 1 3
250 3 1 2 4
251 1 1 2 2
252 2 3 1 3
253 1 1 2 6
254 2 0 3 3
255 4 2 0 4
256 2 0 1 1
257 1 2 2 3
258 1 2 0 1
259 0 3 2 4
260 3 0 5 0
261 2 2 0 3
262 1 0 1 1
263 3 1 0 3
264 3 0 0 6
265 1 3 0 2
266 0 0 0 3
267 0 0 0 3
268 0 0 0 2
269 0 3 1 2
270 0 1 1 0
271 0 1 0 0
272 0 3 0 2
273 0 0 0 2
274 1 1 0 0
275 1 0 0 1
276 1 0 0 4
277 0 0 0 2
278 0 0 0 0
279 0 0 0 1
280 1 0 0 0
281 1 1 0 1
282 0 0 0 0
283 0 0 1 0
284 0 0 1 0
285 0 0 0 0
286 0 1 0 0
287 0 0 0 0
288 0 0 0 1
289 0 0 1 0
290 0 0 0 1
291 0 0 0 1
292 0 0 0 0
293 1 0 0 1
294 1 0 0 0
295 1 0 0 0
296 0 0 0 1
297 1 0 0 0
298 0 0 0 0
299 0 0 0 0
300 1 0 1 0
301 1 0 0 0
302 1 1 1 0
303 0 0 0 0
304 0 1 0 0
305 0 0 0 0
306 0 0 1 1
307 0 1 0 1
308 0 0 0 0
309 0 1 0 1
310 0 0 0 1
311 0 0 0 1
312 1 0 0 0
313 1 0 0 1
314 1 0 0 1
315 0 0 0 0
316 0 0 0 0
317 0 0 0 0
318 0 0 0 0
319 0 0 0 0
320 0 0 0 0
321 0 0 1 0
322 0 1 0 0
323 0 0 1 0
324 0 0 0 0
325 0 0 0 1
326 0 0 0 0
327 0 0 0 1
328 0 0 0 0
329 0 0 0 1
330 0 0 0 0
331 0 0 0 0
332 0 0 0 0
333 0 0 0 0
334 0 0 0 0
335 0 0 0 0
336 0 0 0 0
337 0 0 0 0
338 0 0 0 0
339 0 0 0 0
340 0 0 0 0
341 0 0 0 0
342 0 0 0 0
343 0 0 0 0
344 0 0 0 0
345 0 0 0 0
346 0 0 0 0
347 0 0 0 0
348 0 0 0 0
349 0 0 0 0
350 0 0 0 0
351 0 0 0 0
352 0 0 0 0
353 0 0 0 0
354 0 0 0 0
355 0 0 0 0
356 0 0 0 0
357 0 0 0 0
358 0 0 0 0
359 0 0 0 0
360 0 0 0 0
361 0 0 0 0
362 0 0 0 0
363 0 0 0 0
364 0 0 0 0
365 0 0 0 0
366 0 0 0 0
367 0 0 0 0
368 0 0 0 0
369 0 0 0 0
370 0 0 0 0
371 0 0 0 0
372 0 0 0 0
373 0 0 0 0
374 0 0 0 0
375 0 0 0 0
376 0 0 0 0
377 0 0 0 0
378 0 0 0 0
379 0 0 0 0
380 0 0 0 0
381 0 0 0 0
382 0 0 0 0
383 0 0 0 0
384 0 0 0 0
385 0 0 0 0
386 0 0 0 0
387 0 0 0 0
388 0 0 0 0
389 0 0 0 0
390 0 0 0 0
391 0 0 0 0
392 0 0 0 0
393 0 0 0 0
394 0 0 0 0
395 0 0 0 0
396 0 0 0 0
397 0 0 0 0
398 0 0 0 0
399 0 0 0 0
400 0 0 0 0
401 0 0 0 0
402 0 0 0 0
403 0 0 0 0
404 0 0 0 0
405 0 0 0 0
406 0 0 0 0
407 0 0 0 0
408 0 0 0 0
409 0 0 0 0
410 0 0 0 0
411 0 0 0 0
412 0 0 0 0
413 0 0 0 0
414 0 0 0 0
415 0 0 0 0
416 0 0 0 0
417 0 0 0 0
418 0 0 0 0
419 0 0 0 0
420 0 0 0 0
421 0 0 0 0
422 0 0 0 0
423 0 0 0 0
424 0 0 0 0
425 0 0 0 0
426 0 0 0 0
427 0 0 0 0
428 0 0 0 0
429 0 0 0 0
430 0 0 0 0
431 0 0 0 0
432 0 0 0 0
433 0 0 0 0
434 0 0 0 0
435 0 0 0 0
436 0 0 0 0
437 0 0 0 0
438 0 0 0 0
439 0 0 0 0
440 0 0 0 0
441 0 0 0 0
442 0 0 0 0
443 0 0 0 0
444 0 0 0 0
445 0 0 0 0
446 0 0 0 0
447 0 0 0 0
448 0 0 0 0
449 0 0 0 0
450 0 0 0 0
451 0 0 0 0
452 0 0 0 0
453 0 0 0 0
454 0 0 0 0
455 0 0 0 0
456 0 0 0 0
457 0 0 0 0
458 0 0 0 0
459 0 0 0 0
460 0 0 0 0
461 0 0 0 0
462 0 0 0 0
463 0 0 0 0
464 0 0 0 0
465 0 0 0 0
466 0 0 0 0
467 0 0 0 0
468 0 0 0 0
469 0 0 0 0
470 0 0 0 0
471 0 0 0 0
472 0 0 0 0
473 0 0 0 0
474 0 0 0 0
475 0 0 0 0
476 0 0 0 0
477 0 0 0 0
478 0 0 0 0
479 0 0 0 0
480 0 0 0 0
481 0 0 0 0
482 0 0 0 0
483 0 0 0 0
484 0 0 0 0
485 0 0 0 0
486 0 0 0 0
487 0 0 0 0
488 0 0 0 0
489 0 0 0 0
490 0 0 0 0
491 0 0 0 0
492 0 0 0 0
493 0 0 0 0
494 0 0 0 0
495 0 0 0 0
496 0 0 0 0
497 0 0 0 0
498 0 0 0 0
499 0 0 0 0
500 0 0 0 0
501 0 0 0 0
502 0 0 0 0
503 0 0 0 0
504 0 0 0 0
505 0 0 0 0
506 0 0 0 0
507 0 0 0 0
508 0 0 0 0
509 0 0 0 0
510 0 0 0 0
511 0 0 0 0
512 0 0 0 0
513 0 0 0 0
514 0 0 0 0
515 0 0 0 0
516 0 0 0 0
517 0 0 0 0
518 0 0 0 0
519 0 0 0 0
520 0 0 0 0
521 0 0 0 0
522 0 0 0 0
523 0 0 0 0
524 0 0 0 0
525 0 0 0 0
526 0 0 0 0
527 0 0 0 0
528 0 0 0 0
529 0 0 0 0
530 0 0 0 0
531 0 0 0 0
532 0 0 0 0
533 0 0 0 0
534 0 0 0 0
535 0 0 0 0
536 0 0 0 0
537 0 0 0 0
538 0 0 0 0
539 0 0 0 0
540 0 0 0 0
541 0 0 0 0
542 0 0 0 0
543 0 0 0 0
544 0 0 0 0
545 0 0 0 0
546 0 0 0 0
547 0 0 0 0
548 0 0 0 0
549 0 0 0 0
550 0 0 0 0
551 0 0 0 0
552 0 0 0 0
553 0 0 0 0
554 0 0 0 0
555 0 0 0 0
556 0 0 0 0
557 0 0 0 0
558 0 0 0 0
559 0 0 0 0
560 0 0 0 0
561 0 0 0 0
562 0 0 0 0
563 0 0 0 0
564 0 0 0 0
565 0 0 0 0
566 0 0 0 0
567 0 0 0 0
568 0 0 0 0
569 0 0 0 0
570 0 0 0 0
571 0 0 0 0
572 0 0 0 0
573 0 0 0 0
574 0 0 0 0
575 0 0 0 0
576 0 0 0 0
577 0 0 0 0
578 0 0 0 0
579 0 0 0 0
580 0 0 0 0
581 0 0 0 0
582 0 0 0 0
583 0 0 0 0
584 0 0 0 0
585 0 0 0 0
586 0 0 0 0
587 0 0 0 0
588 0 0 0 0
589 0 0 0 0
590 0 0 0 0
591 0 0 0 0
592 0 0 0 0
593 0 0 0 0
594 0 0 0 0
595 0 0 0 0
596 0 0 0 0
597 0 0 0 0
598 0 0 0 0
599 0 0 0 0
600 0 0 0 0
601 0 0 0 0
602 0 0 0 0
603 0 0 0 0
604 0 0 0 0
605 0 0 0 0
606 0 0 0 0
607 0 0 0 0
608 0 0 0 0
609 0 0 0 0
610 0 0 0 0
611 0 0 0 0
612 0 0 0 0
613 0 0 0 0
614 0 0 0 0
615 0 0 0 0
616 0 0 0 0
617 0 0 0 0
618 0 0 0 0
619 0 0 0 0
620 0 0 0 0
621 0 0 0 0
622 0 0 0 0
623 0 0 0 0
624 0 0 0 0
625 0 0 0 0
626 0 0 0 0
627 0 0 0 0
628 0 0 0 0
629 0 0 0 0
630 0 0 0 0
631 0 0 0 0
632 0 0 0 0
633 0 0 0 0
634 0 0 0 0
635 0 0 0 0
636 0 0 0 0
637 0 0 0 0
638 0 0 0 0
639 0 0 0 0
640 0 0 0 0
641 0 0 0 0
642 0 0 0 0
643 0 0 0 0
644 0 0 0 0
645 0 0 0 0
646 0 0 0 0
647 0 0 0 0
648 0 0 0 0
649 0 0 0 0
650 0 0 0 0
651 0 0 0 0
652 0 0 0 0
653 0 0 0 0
654 0 0 0 0
655 0 0 0 0
656 0 0 0 0
657 0 0 0 0
658 0 0 0 0
659 0 0 0 0
660 0 0 0 0
661 0 0 0 0
662 0 0 0 0
663 0 0 0 0
664 0 0 0 0
665 0 0 0 0
666 0 0 0 0
667 0 0 0 0
668 0 0 0 0
669 0 0 0 0
670 0 0 0 0
671 0 0 0 0
672 0 0 0 0
673 0 0 0 0
674 0 0 0 0
675 0 0 0 0
676 0 0 0 0
677 0 0 0 0
678 0 0 0 0
679 0 0 0 0
680 0 0 0 0
681 0 0 0 0
682 0 0 0 0
683 0 0 0 0
684 0 0 0 0
685 0 0 0 0
686 0 0 0 0
687 0 0 0 0
688 0 0 0 0
689 0 0 0 0
690 0 0 0 0
691 0 0 0 0
692 0 0 0 0
693 0 0 0 0
694 0 0 0 0
695 0 0 0 0
696 0 0 0 0
697 0 0 0 0
698 0 0 0 0
699 0 0 0 0
700 0 0 0 0
701 0 0 0 0
702 0 0 0 0
703 0 0 0 0
704 0 0 0 0
705 0 0 0 0
706 0 0 0 0
707 0 0 0 0
708 0 0 0 0
709 0 0 0 0
710 0 0 0 0
711 0 0 0 0
712 0 0 0 0
713 0 0 0 0
714 0 0 0 0
715 0 0 0 0
716 0 0 0 0
717 0 0 0 0
718 0 0 0 0
719 0 0 0 0
720 0 0 0 0
721 0 0 0 0
722 0 0 0 0
723 0 0 0 0
724 0 0 0 0
725 0 0 0 0
726 0 0 0 0
727 0 0 0 0
