0 0 0 0 0
1 0 0 0 0
2 0 0 0 0
3 0 0 0 0
4 0 0 0 0
5 0 1 2 0
6 0 1 0 0
7 0 0 0 0
8 0 0 0 0
9 0 1 0 1
10 0 0 0 0
11 0 0 0 0
12 0 0 0 2
13 0 0 0 1
14 0 0 0 1
15 0 0 0 0
16 1 0 0 0
17 1 0 0 0
18 0 0 0 0
19 1 0 0 0
20 1 0 0 0
21 1 0 1 0
22 0 0 0 0
23 2 0 0 0
24 1 0 0 0
25 1 0 1 1
26 2 0 0 0
27 0 0 0 0
28 3 2 1 0
29 3 1 0 0
30 2 2 0 0
31 1 0 0 0
32 0 0 0 2
33 0 2 0 0
34 2 1 2 1
35 1 2 0 2
36 0 1 0 1
37 0 0 2 1
38 1 0 0 0
39 1 2 1 2
40 0 2 0 3
41 3 0 0 4
42 1 0 0 1
43 1 0 1 3
44 1 0 1 2
45 2 0 0 0
46 1 1 1 0
47 1 0 0 0
48 1 0 0 0
49 1 1 0 1
50 1 2 1 1
51 3 1 1 0
52 3 0 1 1
53 0 0 1 2
54 2 0 1 3
55 1 1 0 1
56 1 1 2 0
57 1 2 0 0
58 3 0 0 2
59 1 1 0 2
60 3 1 0 1
61 0 2 0 2
62 0 0 0 0
63 3 2 0 4
64 2 0 1 1
65 1 0 2 1
66 3 0 1 0
67 1 1 1 2
68 1 1 1 1
69 1 1 1 2
70 1 0 0 1
71 2 0 1 1
72 4 1 2 2
73 3 3 0 2
74 1 2 0 2
75 1 0 1 1
76 3 2 0 0
77 2 1 1 3
78 2 0 2 3
79 2 1 0 3
80 3 0 0 0
81 1 2 1 1
82 3 0 2 1
83 2 2 0 2
84 3 3 1 1
85 2 0 4 2
86 3 0 1 3
87 2 1 1 2
88 2 1 0 5
89 3 2 1 4
90 1 3 0 0
91 1 1 0 1
92 2 1 1 0
93 2 1 2 2
94 2 2 1 4
95 5 2 2 1
96 5 1 1 4
97 2 1 0 2
98 5 0 0 2
99 2 1 1 3
100 6 2 0 3
101 1 1 2 1
102 2 3 0 2
103 3 3 2 3
104 3 2 1 2
105 6 6 2 2
106 2 1 0 1
107 5 1 1 5
108 2 5 0 1
109 3 2 1 4
110 1 4 1 4
111 4 1 0 4
112 6 2 3 8
113 4 2 1 2
114 3 2 2 3
115 6 0 1 2
116 3 2 2 3
117 6 2 3 6
118 3 2 0 2
119 2 3 2 3
120 2 2 2 5
121 5 2 1 3
122 3 2 2 1
123 1 0 2 1
124 3 2 3 6
125 3 2 1 5
126 3 2 3 4
127 11 0 0 3
128 6 1 0 3
129 4 2 0 4
130 5 3 2 4
131 3 1 4 2
132 3 4 2 2
133 1 2 3 3
134 3 0 0 2
135 4 3 1 5
136 6 4 2 5
137 5 3 1 4
138 3 1 4 1
139 6 3 3 4
140 4 2 1 6
141 4 4 1 3
142 3 2 0 7
143 5 3 0 5
144 6 6 1 3
145 5 3 0 5
146 4 5 0 6
147 4 0 1 4
148 9 5 1 4
149 6 6 3 0
150 2 2 4 2
151 6 4 0 4
152 5 2 0 7
153 5 2 6 11
154 4 3 3 5
155 3 1 1 2
156 5 3 3 2
157 3 4 0 7
158 2 1 0 9
159 7 3 3 1
160 4 2 1 4
161 6 3 3 3
162 6 4 1 4
163 4 0 1 8
164 5 2 3 2
165 3 2 3 2
166 4 5 2 4
167 5 5 1 2
168 4 4 0 6
169 7 4 2 6
170 7 4 1 5
171 6 0 1 9
172 4 5 1 3
173 4 3 0 6
174 9 2 1 2
175 8 5 3 5
176 8 6 1 3
177 11 1 4 6
178 6 4 3 1
179 12 3 3 9
180 11 7 1 6
181 6 2 3 6
182 6 3 1 7
183 9 3 3 4
184 7 8 4 5
185 7 3 6 8
186 5 8 2 7
187 5 5 1 7
188 7 5 4 9
189 2 4 5 5
190 4 6 4 9
191 5 4 3 3
192 7 7 2 10
193 12 4 2 10
194 10 0 0 12
195 4 3 2 8
196 7 5 1 8
197 6 3 3 7
198 8 5 3 5
199 9 3 3 6
200 6 0 4 6
201 15 5 3 4
202 8 2 8 5
203 8 5 5 4
204 8 2 3 6
205 7 5 1 7
206 8 8 5 13
207 7 8 2 7
208 9 8 2 6
209 5 4 3 5
210 6 6 3 12
211 2 0 4 7
212 3 6 1 8
213 6 4 1 10
214 2 4 3 10
215 4 6 3 5
216 5 4 1 8
217 5 7 2 7
218 10 2 1 7
219 5 1 0 7
220 3 0 2 4
221 4 2 1 7
222 3 8 1 8
223 7 3 3 5
224 1 4 2 6
225 3 2 2 1
226 3 1 2 5
227 3 6 1 3
228 2 4 1 5
229 0 1 2 6
230 1 2 3 6
231 3 1 2 8
232 1 2 1 4
233 2 1 0 1
234 3 1 0 4
235 2 2 1 6
236 5 3 2 6
237 7 1 1 3
238 1 1 0 1
239 4 1 1 2
240 4 0 3 1
241 1 0 0 3
242 2 3 2 1
243 1 2 0 5
244 4 2 1 1
245 2 3 4 0
246 0 2 2 1
247 1 1 1 4
248 2 0 1 0
249 0 3 1 11
250 0 1 0 5
251 0 0 0 2
252 0 1 1 3
253 2 3 2 2
254 1 0 0 2
255 1 0 0 0
256 1 0 0 2
257 0 0 0 3
258 0 2 0 0
259 1 0 0 2
260 0 1 0 3
261 0 0 0 0
262 0 0 0 1
263 0 0 1 0
264 1 1 0 1
265 0 0 1 1
266 0 0 0 0
267 0 0 0 1
268 0 0 0 0
269 0 0 0 1
270 1 0 0 0
271 1 0 0 1
272 1 0 0 0
273 0 1 0 0
274 1 0 0 0
275 1 0 0 0
276 0 0 1 0
277 0 0 1 1
278 1 0 0 0
279 1 1 1 0
280 0 0 1 0
281 1 0 0 1
282 0 0 0 0
283 0 0 1 3
284 0 1 0 0
285 0 0 0 0
286 0 1 0 0
287 1 0 0 1
288 0 0 0 0
289 0 0 0 0
290 1 0 0 1
291 0 0 0 1
292 0 0 0 0
293 0 0 0 1
294 0 0 0 0
295 2 1 0 0
296 2 1 0 0
297 2 0 0 0
298 0 0 0 0
299 2 0 0 1
300 1 0 1 1
301 2 0 1 0
302 0 0 2 0
303 0 0 0 0
304 0 2 0 1
305 0 1 0 1
306 0 1 0 1
307 0 1 0 0
308 0 0 1 1
309 0 0 1 2
310 0 0 0 0
311 0 0 0 1
312 0 0 0 1
313 0 0 0 2
314 0 0 0 1
315 0 0 0 0
316 0 0 0 0
317 0 0 0 0
318 0 0 0 0
319 0 0 0 0
320 0 0 0 0
321 0 0 0 0
322 0 0 0 0
323 0 0 0 0
324 0 0 0 0
325 0 0 0 0
326 0 0 0 0
327 0 0 0 0
328 0 0 0 0
329 1 0 0 0
330 1 0 0 0
331 0 0 0 0
332 0 0 0 0
333 1 0 0 0
334 0 1 0 0
335 0 0 1 0
336 0 0 0 0
337 1 0 0 0
338 0 1 0 0
339 0 0 0 1
340 0 0 0 0
341 0 0 0 1
342 0 0 0 1
343 0 0 0 0
344 0 0 0 0
345 0 0 0 0
346 0 1 0 0
347 0 0 0 0
348 0 0 0 0
349 1 0 0 0
350 1 0 0 0
351 0 0 0 0
352 0 0 0 0
353 0 0 0 1
354 0 1 0 0
355 0 1 0 0
356 0 0 0 0
357 0 0 0 0
358 0 0 0 0
359 0 0 0 0
360 0 0 0 0
361 0 0 0 1
362 0 0 0 1
363 0 0 0 0
364 0 0 0 0
365 0 0 0 0
366 0 0 0 0
367 0 0 0 0
368 0 0 0 0
369 0 0 0 0
370 0 0 0 0
371 0 0 0 0
372 0 0 0 0
373 0 0 0 0
374 0 0 0 0
375 0 0 0 0
376 0 0 0 0
377 0 0 0 0
378 0 0 0 0
379 0 0 0 0
380 0 0 0 0
381 0 0 0 0
382 0 0 0 0
383 0 0 0 0
384 0 0 0 0
385 0 0 0 0
386 0 0 0 0
387 0 0 0 0
388 0 0 0 0
389 0 0 0 0
390 0 0 0 0
391 0 0 0 0
392 0 0 0 0
393 0 0 0 0
394 0 0 0 0
395 0 0 0 0
396 0 0 0 0
397 0 0 0 0
398 0 0 0 0
399 0 0 0 0
400 0 0 0 0
401 0 0 0 0
402 0 0 0 0
403 0 0 0 0
404 0 0 0 0
405 0 0 0 0
406 0 0 0 0
407 0 0 0 0
408 0 0 0 0
409 0 0 0 0
410 0 0 0 0
411 0 0 0 0
412 0 0 0 0
413 0 0 0 0
414 0 0 0 0
415 0 0 0 0
416 0 0 0 0
417 0 0 0 0
418 0 0 0 0
419 0 0 0 0
420 0 0 0 0
421 0 0 0 0
422 0 0 0 0
423 0 0 0 0
424 0 0 0 0
425 0 0 0 0
426 0 0 0 0
427 0 0 0 0
428 0 0 0 0
429 0 0 0 0
430 0 0 0 0
431 0 0 0 0
432 0 0 0 0
433 0 0 0 0
434 0 0 0 0
435 0 0 0 0
436 0 0 0 0
437 0 0 0 0
438 0 0 0 0
439 0 0 0 0
440 0 0 0 0
441 0 0 0 0
442 0 0 0 0
443 0 0 0 0
444 0 0 0 0
445 0 0 0 0
446 0 0 0 0
447 0 0 0 0
448 0 0 0 0
449 0 0 0 0
450 0 0 0 0
451 0 0 0 0
452 0 0 0 0
453 0 0 0 0
454 0 0 0 0
455 0 0 0 0
456 0 0 0 0
457 0 0 0 0
458 0 0 0 0
459 0 0 0 0
460 0 0 0 0
461 0 0 0 0
462 0 0 0 0
463 0 0 0 0
464 0 0 0 0
465 0 0 0 0
466 0 0 0 0
467 0 0 0 0
468 0 0 0 0
469 0 0 0 0
470 0 0 0 0
471 0 0 0 0
472 0 0 0 0
473 0 0 0 0
474 0 0 0 0
475 0 0 0 0
476 0 0 0 0
477 0 0 0 0
478 0 0 0 0
479 0 0 0 0
480 0 0 0 0
481 0 0 0 0
482 0 0 0 0
483 0 0 0 0
484 0 0 0 0
485 0 0 0 0
486 0 0 0 0
487 0 0 0 0
488 0 0 0 0
489 0 0 0 0
490 0 0 0 0
491 0 0 0 0
492 0 0 0 0
493 0 0 0 0
494 0 0 0 0
495 0 0 0 0
496 0 0 0 0
497 0 0 0 0
498 0 0 0 0
499 0 0 0 0
500 0 0 0 0
501 0 0 0 0
502 0 0 0 0
503 0 0 0 0
504 0 0 0 0
505 0 0 0 0
506 0 0 0 0
507 0 0 0 0
508 0 0 0 0
509 0 0 0 0
510 0 0 0 0
511 0 0 0 0
512 0 0 0 0
513 0 0 0 0
514 0 0 0 0
515 0 0 0 0
516 0 0 0 0
517 0 0 0 0
518 0 0 0 0
519 0 0 0 0
520 0 0 0 0
521 0 0 0 0
522 0 0 0 0
523 0 0 0 0
524 0 0 0 0
525 0 0 0 0
526 0 0 0 0
527 0 0 0 0
528 0 0 0 0
529 0 0 0 0
530 0 0 0 0
531 0 0 0 0
532 0 0 0 0
533 0 0 0 0
534 0 0 0 0
535 0 0 0 0
536 0 0 0 0
537 0 0 0 0
538 0 0 0 0
539 0 0 0 0
540 0 0 0 0
541 0 0 0 0
542 0 0 0 0
543 0 0 0 0
544 0 0 0 0
545 0 0 0 0
546 0 0 0 0
547 0 0 0 0
548 0 0 0 0
549 0 0 0 0
550 0 0 0 0
551 0 0 0 0
552 0 0 0 0
553 0 0 0 0
554 0 0 0 0
555 0 0 0 0
556 0 0 0 0
557 0 0 0 0
558 0 0 0 0
559 0 0 0 0
560 0 0 0 0
561 0 0 0 0
562 0 0 0 0
563 0 0 0 0
564 0 0 0 0
565 0 0 0 0
566 0 0 0 0
567 0 0 0 0
568 0 0 0 0
569 0 0 0 0
570 0 0 0 0
571 0 0 0 0
572 0 0 0 0
573 0 0 0 0
574 0 0 0 0
575 0 0 0 0
576 0 0 0 0
577 0 0 0 0
578 0 0 0 0
579 0 0 0 0
580 0 0 0 0
581 0 0 0 0
582 0 0 0 0
583 0 0 0 0
584 0 0 0 0
585 0 0 0 0
586 0 0 0 0
587 0 0 0 0
588 0 0 0 0
589 0 0 0 0
590 0 0 0 0
591 0 0 0 0
592 0 0 0 0
593 0 0 0 0
594 0 0 0 0
595 0 0 0 0
596 0 0 0 0
597 0 0 0 0
598 0 0 0 0
599 0 0 0 0
600 0 0 0 0
601 0 0 0 0
602 0 0 0 0
603 0 0 0 0
604 0 0 0 0
605 0 0 0 0
606 0 0 0 0
607 0 0 0 0
608 0 0 0 0
609 0 0 0 0
610 0 0 0 0
611 0 0 0 0
612 0 0 0 0
613 0 0 0 0
614 0 0 0 0
615 0 0 0 0
616 0 0 0 0
617 0 0 0 0
618 0 0 0 0
619 0 0 0 0
620 0 0 0 0
621 0 0 0 0
622 0 0 0 0
623 0 0 0 0
624 0 0 0 0
625 0 0 0 0
626 0 0 0 0
627 0 0 0 0
628 0 0 0 0
629 0 0 0 0
630 0 0 0 0
631 0 0 0 0
632 0 0 0 0
633 0 0 0 0
634 0 0 0 0
635 0 0 0 0
636 0 0 0 0
637 0 0 0 0
638 0 0 0 0
639 0 0 0 0
640 0 0 0 0
641 0 0 0 0
642 0 0 0 0
643 0 0 0 0
644 0 0 0 0
645 0 0 0 0
646 0 0 0 0
647 0 0 0 0
648 0 0 0 0
649 0 0 0 0
650 0 0 0 0
651 0 0 0 0
652 0 0 0 0
653 0 0 0 0
654 0 0 0 0
655 0 0 0 0
656 0 0 0 0
657 0 0 0 0
658 0 0 0 0
659 0 0 0 0
660 0 0 0 0
661 0 0 0 0
662 0 0 0 0
663 0 0 0 0
664 0 0 0 0
665 0 0 0 0
666 0 0 0 0
667 0 0 0 0
668 0 0 0 0
669 0 0 0 0
670 0 0 0 0
671 0 0 0 0
672 0 0 0 0
673 0 0 0 0
674 0 0 0 0
675 0 0 0 0
676 0 0 0 0
677 0 0 0 0
678 0 0 0 0
679 0 0 0 0
680 0 0 0 0
681 0 0 0 0
682 0 0 0 0
683 0 0 0 0
684 0 0 0 0
685 0 0 0 0
686 0 0 0 0
687 0 0 0 0
688 0 0 0 0
689 0 0 0 0
690 0 0 0 0
691 0 0 0 0
692 0 0 0 0
693 0 0 0 0
694 0 0 0 0
695 0 0 0 0
696 0 0 0 0
697 0 0 0 0
698 0 0 0 0
699 0 0 0 0
700 0 0 0 0
701 0 0 0 0
702 0 0 0 0
703 0 0 0 0
704 0 0 0 0
705 0 0 0 0
706 0 0 0 0
707 0 0 0 0
708 0 0 0 0
709 0 0 0 0
710 0 0 0 0
711 0 0 0 0
712 0 0 0 0
713 0 0 0 0
714 0 0 0 0
715 0 0 0 0
716 0 0 0 0
717 0 0 0 0
718 0 0 0 0
719 0 0 0 0
720 0 0 0 0
721 0 0 0 0
722 0 0 0 0
723 0 0 0 0
724 0 0 0 0
725 0 0 0 0
726 0 0 0 0
727 0 0 0 0
