0 0 0 0 0
1 0 0 0 0
2 0 0 0 0
3 0 0 0 0
4 0 0 0 0
5 0 2 1 0
6 0 0 0 0
7 0 0 0 0
8 0 0 0 0
9 0 0 2 1
10 0 0 0 0
11 0 0 0 0
12 0 0 0 2
13 0 0 0 1
14 0 0 0 0
15 1 0 0 0
16 0 0 0 1
17 0 0 0 0
18 0 0 0 0
19 1 0 0 0
20 2 0 0 0
21 2 0 0 0
22 1 0 0 0
23 2 0 0 0
24 1 1 0 0
25 0 1 1 0
26 0 1 0 0
27 1 0 0 0
28 1 1 2 0
29 0 0 0 1
30 0 1 0 1
31 0 0 1 1
32 1 0 1 2
33 1 1 1 0
34 1 0 0 0
35 1 0 0 3
36 0 0 0 1
37 0 0 0 2
38 0 1 0 0
39 0 0 0 0
40 1 0 1 1
41 1 1 0 0
42 2 0 0 1
43 3 1 0 0
44 3 0 0 0
45 0 0 0 1
46 4 1 0 0
47 3 1 0 1
48 3 1 0 0
49 1 0 1 0
50 0 0 0 2
51 1 1 2 0
52 0 0 2 1
53 3 2 1 1
54 2 1 1 1
55 1 1 1 3
56 3 2 1 2
57 1 2 0 1
58 1 0 0 1
59 2 1 1 1
60 0 0 1 5
61 1 1 1 3
62 0 2 3 1
63 2 0 0 1
64 2 1 1 1
65 1 0 0 0
66 1 1 0 5
67 1 1 0 0
68 3 2 1 3
69 0 0 1 1
70 4 1 0 1
71 0 1 0 2
72 0 0 0 2
73 3 2 0 1
74 2 0 0 1
75 1 1 2 2
76 3 0 1 0
77 3 1 1 0
78 4 1 1 0
79 4 1 2 3
80 5 1 0 2
81 5 0 0 1
82 7 1 2 1
83 5 3 0 2
84 5 1 1 2
85 2 1 2 2
86 3 1 2 2
87 2 3 1 2
88 0 4 1 2
89 3 4 3 4
90 5 2 3 3
91 2 2 3 5
92 3 3 0 5
93 4 2 1 3
94 8 3 0 3
95 3 3 2 5
96 5 1 0 4
97 5 0 0 6
98 3 1 0 3
99 2 4 3 4
100 4 1 2 0
101 5 4 2 1
102 4 3 4 4
103 8 4 0 5
104 9 2 3 1
105 2 2 2 6
106 4 1 2 4
107 4 2 0 6
108 5 2 2 2
109 6 3 3 8
110 8 2 2 2
111 7 3 3 4
112 5 5 3 4
113 5 5 4 5
114 3 4 2 4
115 6 1 2 3
116 8 4 2 6
117 3 2 2 7
118 6 3 2 9
119 3 5 3 7
120 8 0 2 7
121 7 4 3 2
122 6 3 1 4
123 4 1 1 6
124 8 4 1 2
125 11 4 3 4
126 8 4 2 10
127 7 6 1 2
128 9 2 3 8
129 8 3 5 5
130 4 5 3 4
131 9 8 1 6
132 11 1 3 8
133 7 8 3 6
134 9 5 3 5
135 5 4 2 7
136 10 7 3 4
137 8 2 3 13
138 6 5 3 9
139 12 3 5 5
140 8 3 3 8
141 5 10 5 5
142 6 5 5 9
143 6 2 3 10
144 8 7 4 7
145 5 8 2 11
146 7 3 2 6
147 7 6 2 6
148 11 1 2 13
149 6 4 1 10
150 10 5 1 7
151 9 6 1 8
152 18 4 5 8
153 13 4 4 3
154 7 0 3 8
155 12 5 2 2
156 8 4 0 12
157 10 9 10 3
158 11 9 3 7
159 15 6 5 7
160 13 11 2 9
161 9 4 4 7
162 12 9 4 8
163 12 6 3 7
164 5 4 4 18
165 10 9 4 11
166 12 7 4 11
167 9 8 5 14
168 9 10 6 6
169 9 4 2 12
170 14 3 3 11
171 17 9 5 14
172 14 5 2 18
173 12 7 3 6
174 16 5 3 6
175 8 11 6 10
176 3 10 8 10
177 15 8 6 7
178 11 7 6 10
179 12 9 6 9
180 16 7 3 20
181 13 4 1 12
182 10 6 2 19
183 9 9 3 19
184 6 6 3 10
185 9 5 2 5
186 13 8 8 11
187 8 5 3 13
188 14 3 10 5
189 11 8 5 5
190 11 7 5 11
191 17 7 3 11
192 15 3 2 9
193 12 7 3 20
194 13 7 6 11
195 11 4 7 13
196 17 6 6 5
197 17 8 7 11
198 7 7 2 16
199 7 8 5 11
200 8 9 7 13
201 15 12 8 7
202 14 9 4 9
203 12 3 5 10
204 14 6 4 15
205 10 7 6 15
206 11 13 8 16
207 13 6 5 13
208 14 7 3 16
209 8 7 3 13
210 11 4 5 16
211 8 9 3 8
212 9 5 7 11
213 8 9 5 16
214 5 0 8 9
215 5 9 2 13
216 8 6 4 14
217 4 5 7 10
218 7 5 2 6
219 6 6 3 7
220 2 5 4 13
221 4 4 4 15
222 9 4 1 8
223 13 5 0 5
224 1 1 2 11
225 7 4 2 10
226 6 4 2 7
227 5 5 2 6
228 4 7 1 4
229 6 1 0 8
230 5 4 1 3
231 7 7 1 6
232 1 6 4 6
233 4 1 0 4
234 4 4 2 5
235 2 3 3 9
236 2 4 3 8
237 3 2 3 4
238 1 3 1 6
239 3 3 1 6
240 1 3 2 4
241 0 2 0 6
242 2 5 0 7
243 0 1 1 6
244 0 0 2 6
245 3 1 1 3
246 2 1 0 4
247 2 2 0 2
248 1 0 1 2
249 3 0 0 2
250 4 0 1 1
251 2 2 0 1
252 1 1 0 2
253 0 1 1 1
254 2 2 1 1
255 2 2 0 2
256 2 1 2 1
257 1 1 0 3
258 3 2 0 1
259 0 2 2 2
260 0 1 0 1
261 2 0 0 3
262 1 0 1 1
263 0 0 1 2
264 1 0 2 1
265 0 2 0 1
266 0 1 0 4
267 0 1 0 1
268 0 0 0 1
269 2 1 0 2
270 3 0 2 1
271 2 0 0 2
272 1 0 0 0
273 1 0 0 2
274 0 1 0 1
275 1 1 0 0
276 1 1 0 0
277 0 0 0 1
278 0 1 0 0
279 0 1 1 1
280 0 1 0 0
281 0 1 0 1
282 0 1 1 0
283 0 0 0 2
284 0 0 0 2
285 1 1 0 2
286 0 0 0 2
287 0 0 0 0
288 0 0 0 0
289 0 0 0 0
290 0 0 0 0
291 0 0 0 0
292 0 0 0 1
293 0 0 0 0
294 1 1 0 0
295 0 0 0 0
296 0 0 0 0
297 0 0 0 0
298 0 0 0 1
299 0 0 0 0
300 0 0 0 0
301 0 0 0 0
302 0 0 0 0
303 0 1 0 0
304 0 0 0 0
305 0 0 0 0
306 0 0 0 0
307 0 0 0 1
308 0 0 0 0
309 0 0 0 0
310 0 0 0 0
311 0 0 0 0
312 0 0 0 0
313 0 0 0 0
314 0 0 0 0
315 0 0 0 0
316 0 0 0 0
317 0 0 0 0
318 0 0 0 0
319 0 0 0 0
320 0 0 0 0
321 0 0 0 0
322 0 0 0 0
323 0 0 0 0
324 0 0 0 0
325 0 0 0 0
326 0 0 0 0
327 0 0 0 0
328 0 0 0 0
329 0 0 0 0
330 0 0 0 0
331 0 0 0 0
332 0 0 0 0
333 0 0 0 0
334 0 0 0 0
335 0 0 0 0
336 0 0 0 0
337 0 0 0 0
338 0 0 0 0
339 0 0 0 0
340 0 0 0 0
341 0 0 0 0
342 0 0 0 0
343 0 0 0 0
344 0 0 0 0
345 0 0 0 0
346 0 0 0 0
347 0 0 0 0
348 0 0 0 0
349 0 0 0 0
350 0 0 0 0
351 0 0 0 0
352 0 0 0 0
353 0 0 0 0
354 0 0 0 0
355 0 0 0 0
356 0 0 0 0
357 0 0 0 0
358 0 0 0 0
359 0 0 0 0
360 0 0 0 0
361 0 0 0 0
362 0 0 0 0
363 0 0 0 0
364 0 0 0 0
365 0 0 0 0
366 0 0 0 0
367 0 0 0 0
368 0 0 0 0
369 0 0 0 0
370 0 0 0 0
371 0 0 0 0
372 0 0 0 0
373 0 0 0 0
374 0 0 0 0
375 0 0 0 0
376 0 0 0 0
377 0 0 0 0
378 0 0 0 0
379 0 0 0 0
380 0 0 0 0
381 0 0 0 0
382 0 0 0 0
383 0 0 0 0
384 0 0 0 0
385 0 0 0 0
386 0 0 0 0
387 0 0 0 0
388 0 0 0 0
389 0 0 0 0
390 0 0 0 0
391 0 0 0 0
392 0 0 0 0
393 0 0 0 0
394 0 0 0 0
395 0 0 0 0
396 0 0 0 0
397 0 0 0 0
398 0 0 0 0
399 0 0 0 0
400 0 0 0 0
401 0 0 0 0
402 0 0 0 0
403 0 0 0 0
404 0 0 0 0
405 0 0 0 0
406 0 0 0 0
407 0 0 0 0
408 0 0 0 0
409 0 0 0 0
410 0 0 0 0
411 0 0 0 0
412 0 0 0 0
413 0 0 0 0
414 0 0 0 0
415 0 0 0 0
416 0 0 0 0
417 0 0 0 0
418 0 0 0 0
419 0 0 0 0
420 0 0 0 0
421 0 0 0 0
422 0 0 0 0
423 0 0 0 0
424 0 0 0 0
425 0 0 0 0
426 0 0 0 0
427 0 0 0 0
428 0 0 0 0
429 0 0 0 0
430 0 0 0 0
431 0 0 0 0
432 0 0 0 0
433 0 0 0 0
434 0 0 0 0
435 0 0 0 0
436 0 0 0 0
437 0 0 0 0
438 0 0 0 0
439 0 0 0 0
440 0 0 0 0
441 0 0 0 0
442 0 0 0 0
443 0 0 0 0
444 0 0 0 0
445 0 0 0 0
446 0 0 0 0
447 0 0 0 0
448 0 0 0 0
449 0 0 0 0
450 0 0 0 0
451 0 0 0 0
452 0 0 0 0
453 0 0 0 0
454 0 0 0 0
455 0 0 0 0
456 0 0 0 0
457 0 0 0 0
458 0 0 0 0
459 0 0 0 0
460 0 0 0 0
461 0 0 0 0
462 0 0 0 0
463 0 0 0 0
464 0 0 0 0
465 0 0 0 0
466 0 0 0 0
467 0 0 0 0
468 0 0 0 0
469 0 0 0 0
470 0 0 0 0
471 0 0 0 0
472 0 0 0 0
473 0 0 0 0
474 0 0 0 0
475 0 0 0 0
476 0 0 0 0
477 0 0 0 0
478 0 0 0 0
479 0 0 0 0
480 0 0 0 0
481 0 0 0 0
482 0 0 0 0
483 0 0 0 0
484 0 0 0 0
485 0 0 0 0
486 0 0 0 0
487 0 0 0 0
488 0 0 0 0
489 0 0 0 0
490 0 0 0 0
491 0 0 0 0
492 0 0 0 0
493 0 0 0 0
494 0 0 0 0
495 0 0 0 0
496 0 0 0 0
497 0 0 0 0
498 0 0 0 0
499 0 0 0 0
500 0 0 0 0
501 0 0 0 0
502 0 0 0 0
503 0 0 0 0
504 0 0 0 0
505 0 0 0 0
506 0 0 0 0
507 0 0 0 0
508 0 0 0 0
509 0 0 0 0
510 0 0 0 0
511 0 0 0 0
512 0 0 0 0
513 0 0 0 0
514 0 0 0 0
515 0 0 0 0
516 0 0 0 0
517 0 0 0 0
518 0 0 0 0
519 0 0 0 0
520 0 0 0 0
521 0 0 0 0
522 0 0 0 0
523 0 0 0 0
524 0 0 0 0
525 0 0 0 0
526 0 0 0 0
527 0 0 0 0
528 0 0 0 0
529 0 0 0 0
530 0 0 0 0
531 0 0 0 0
532 0 0 0 0
533 0 0 0 0
534 0 0 0 0
535 0 0 0 0
536 0 0 0 0
537 0 0 0 0
538 0 0 0 0
539 0 0 0 0
540 0 0 0 0
541 0 0 0 0
542 0 0 0 0
543 0 0 0 0
544 0 0 0 0
545 0 0 0 0
546 0 0 0 0
547 0 0 0 0
548 0 0 0 0
549 0 0 0 0
550 0 0 0 0
551 0 0 0 0
552 0 0 0 0
553 0 0 0 0
554 0 0 0 0
555 0 0 0 0
556 0 0 0 0
557 0 0 0 0
558 0 0 0 0
559 0 0 0 0
560 0 0 0 0
561 0 0 0 0
562 0 0 0 0
563 0 0 0 0
564 0 0 0 0
565 0 0 0 0
566 0 0 0 0
567 0 0 0 0
568 0 0 0 0
569 0 0 0 0
570 0 0 0 0
571 0 0 0 0
572 0 0 0 0
573 0 0 0 0
574 0 0 0 0
575 0 0 0 0
576 0 0 0 0
577 0 0 0 0
578 0 0 0 0
579 0 0 0 0
580 0 0 0 0
581 0 0 0 0
582 0 0 0 0
583 0 0 0 0
584 0 0 0 0
585 0 0 0 0
586 0 0 0 0
587 0 0 0 0
588 0 0 0 0
589 0 0 0 0
590 0 0 0 0
591 0 0 0 0
592 0 0 0 0
593 0 0 0 0
594 0 0 0 0
595 0 0 0 0
596 0 0 0 0
597 0 0 0 0
598 0 0 0 0
599 0 0 0 0
600 0 0 0 0
601 0 0 0 0
602 0 0 0 0
603 0 0 0 0
604 0 0 0 0
605 0 0 0 0
606 0 0 0 0
607 0 0 0 0
608 0 0 0 0
609 0 0 0 0
610 0 0 0 0
611 0 0 0 0
612 0 0 0 0
613 0 0 0 0
614 0 0 0 0
615 0 0 0 0
616 0 0 0 0
617 0 0 0 0
618 0 0 0 0
619 0 0 0 0
620 0 0 0 0
621 0 0 0 0
622 0 0 0 0
623 0 0 0 0
624 0 0 0 0
625 0 0 0 0
626 0 0 0 0
627 0 0 0 0
628 0 0 0 0
629 0 0 0 0
630 0 0 0 0
631 0 0 0 0
632 0 0 0 0
633 0 0 0 0
634 0 0 0 0
635 0 0 0 0
636 0 0 0 0
637 0 0 0 0
638 0 0 0 0
639 0 0 0 0
640 0 0 0 0
641 0 0 0 0
642 0 0 0 0
643 0 0 0 0
644 0 0 0 0
645 0 0 0 0
646 0 0 0 0
647 0 0 0 0
648 0 0 0 0
649 0 0 0 0
650 0 0 0 0
651 0 0 0 0
652 0 0 0 0
653 0 0 0 0
654 0 0 0 0
655 0 0 0 0
656 0 0 0 0
657 0 0 0 0
658 0 0 0 0
659 0 0 0 0
660 0 0 0 0
661 0 0 0 0
662 0 0 0 0
663 0 0 0 0
664 0 0 0 0
665 0 0 0 0
666 0 0 0 0
667 0 0 0 0
668 0 0 0 0
669 0 0 0 0
670 0 0 0 0
671 0 0 0 0
672 0 0 0 0
673 0 0 0 0
674 0 0 0 0
675 0 0 0 0
676 0 0 0 0
677 0 0 0 0
678 0 0 0 0
679 0 0 0 0
680 0 0 0 0
681 0 0 0 0
682 0 0 0 0
683 0 0 0 0
684 0 0 0 0
685 0 0 0 0
686 0 0 0 0
687 0 0 0 0
688 0 0 0 0
689 0 0 0 0
690 0 0 0 0
691 0 0 0 0
692 0 0 0 0
693 0 0 0 0
694 0 0 0 0
695 0 0 0 0
696 0 0 0 0
697 0 0 0 0
698 0 0 0 0
699 0 0 0 0
700 0 0 0 0
701 0 0 0 0
702 0 0 0 0
703 0 0 0 0
704 0 0 0 0
705 0 0 0 0
706 0 0 0 0
707 0 0 0 0
708 0 0 0 0
709 0 0 0 0
710 0 0 0 0
711 0 0 0 0
712 0 0 0 0
713 0 0 0 0
714 0 0 0 0
715 0 0 0 0
716 0 0 0 0
717 0 0 0 0
718 0 0 0 0
719 0 0 0 0
720 0 0 0 0
721 0 0 0 0
722 0 0 0 0
723 0 0 0 0
724 0 0 0 0
725 0 0 0 0
726 0 0 0 0
727 0 0 0 0
