0 0 0 0 0
1 0 0 0 0
2 0 0 0 0
3 0 0 0 0
4 0 0 0 0
5 0 3 0 0
6 0 0 0 0
7 0 0 0 0
8 0 0 0 0
9 0 1 1 2
10 0 0 0 0
11 0 0 0 0
12 0 0 0 1
13 0 0 0 0
14 0 0 0 0
15 0 0 0 1
16 0 0 0 1
17 0 0 0 0
18 0 0 0 0
19 1 0 0 0
20 0 0 0 0
21 3 0 0 0
22 4 0 0 0
23 1 0 0 0
24 0 0 1 0
25 1 0 0 0
26 0 0 0 0
27 1 2 0 0
28 1 0 0 0
29 0 0 0 0
30 1 3 1 0
31 0 1 1 3
32 0 0 1 0
33 1 0 1 0
34 0 0 0 4
35 0 0 0 1
36 1 1 0 0
37 0 0 0 1
38 0 0 0 1
39 0 0 1 1
40 1 0 0 0
41 0 0 0 0
42 1 0 1 0
43 1 0 0 1
44 3 0 0 0
45 2 1 1 0
46 1 0 0 1
47 2 0 0 0
48 1 0 0 0
49 0 1 0 1
50 2 2 0 0
51 2 0 0 0
52 2 1 1 2
53 1 2 1 1
54 1 1 0 2
55 1 2 0 0
56 1 1 1 2
57 0 0 1 3
58 0 0 1 1
59 1 1 0 0
60 2 1 1 1
61 1 1 1 0
62 2 0 0 2
63 0 1 0 2
64 0 0 1 3
65 1 0 0 3
66 0 0 1 0
67 0 0 1 0
68 0 0 0 0
69 1 1 1 0
70 0 1 0 1
71 1 0 1 1
72 2 0 0 0
73 2 0 0 3
74 0 0 0 2
75 3 0 1 1
76 2 0 1 0
77 3 1 0 0
78 2 0 2 0
79 2 0 0 0
80 2 0 3 0
81 2 1 1 0
82 3 1 1 2
83 3 0 0 1
84 1 0 1 2
85 1 2 0 2
86 2 1 1 2
87 1 2 1 2
88 0 1 0 1
89 2 0 2 1
90 1 0 1 1
91 2 1 1 2
92 5 3 1 3
93 4 0 1 3
94 2 1 1 1
95 4 1 0 3
96 2 1 1 2
97 3 0 1 1
98 3 1 1 1
99 2 0 1 3
100 3 2 0 2
101 3 2 4 1
102 5 4 1 2
103 4 1 4 1
104 4 2 1 0
105 5 0 3 1
106 3 3 0 5
107 4 2 1 4
108 4 2 1 8
109 2 2 0 3
110 1 2 2 4
111 7 0 4 1
112 4 3 0 3
113 0 3 2 3
114 6 3 1 6
115 5 0 2 2
116 5 4 4 3
117 3 2 1 1
118 5 0 0 3
119 5 1 1 3
120 5 3 2 8
121 6 1 2 5
122 3 0 2 1
123 8 4 4 5
124 7 2 2 1
125 13 2 2 1
126 5 2 2 2
127 9 2 0 7
128 7 7 1 4
129 6 4 4 5
130 9 6 4 7
131 8 1 5 3
132 13 6 2 3
133 8 4 3 8
134 9 4 4 7
135 9 2 1 10
136 11 5 6 8
137 11 4 2 6
138 3 4 4 6
139 10 7 5 4
140 8 5 2 14
141 15 8 6 5
142 11 5 1 3
143 11 6 2 8
144 12 6 4 6
145 11 2 8 14
146 11 6 8 10
147 4 4 2 10
148 9 5 5 12
149 13 8 4 6
150 7 10 5 14
151 7 9 4 6
152 13 2 4 9
153 13 7 3 9
154 11 6 4 14
155 13 6 3 12
156 9 3 3 10
157 10 6 7 9
158 14 10 6 14
159 11 5 4 9
160 9 4 2 8
161 16 8 3 6
162 12 5 5 17
163 11 11 5 9
164 16 8 7 11
165 9 1 4 7
166 16 9 2 10
167 6 8 5 17
168 12 4 3 15
169 13 7 5 6
170 15 13 3 13
171 12 5 8 11
172 14 5 6 5
173 13 9 2 13
174 14 10 2 16
175 9 10 8 7
176 14 7 4 12
177 15 9 8 14
178 13 7 6 14
179 13 11 5 19
180 11 7 4 15
181 19 6 6 13
182 19 9 6 11
183 17 7 7 7
184 12 5 5 15
185 13 4 4 14
186 21 8 12 16
187 23 6 4 11
188 16 8 5 12
189 12 8 4 13
190 20 9 6 20
191 16 14 5 7
192 12 15 9 11
193 13 9 4 9
194 14 6 6 17
195 16 13 10 18
196 18 13 5 20
197 17 8 7 14
198 11 7 6 13
199 12 12 3 20
200 14 12 7 16
201 17 12 5 13
202 12 8 6 20
203 12 9 4 17
204 16 6 3 21
205 16 8 11 8
206 10 7 7 16
207 9 6 5 16
208 12 7 7 18
209 6 7 6 16
210 7 17 7 15
211 12 9 5 8
212 14 3 3 17
213 8 8 4 10
214 7 7 2 17
215 9 4 3 13
216 8 5 8 11
217 10 7 8 18
218 5 4 3 9
219 2 5 4 10
220 3 6 4 9
221 8 8 1 12
222 4 5 4 8
223 3 1 2 17
224 5 3 3 14
225 3 3 2 8
226 6 6 2 3
227 6 2 1 6
228 6 2 1 5
229 5 1 2 6
230 6 2 3 5
231 5 3 3 8
232 4 0 4 5
233 1 3 2 6
234 4 3 2 2
235 3 7 1 4
236 3 4 4 5
237 3 2 1 6
238 3 3 2 4
239 3 3 1 6
240 1 0 1 5
241 1 3 0 7
242 4 2 0 6
243 2 2 2 7
244 3 4 1 2
245 1 2 1 4
246 2 1 1 2
247 1 2 1 1
248 1 1 1 3
249 1 1 1 3
250 3 0 1 5
251 2 3 0 5
252 1 0 1 2
253 1 0 2 2
254 0 1 0 3
255 2 0 1 3
256 2 1 1 0
257 0 1 0 1
258 0 0 1 1
259 2 0 1 1
260 0 1 1 3
261 1 1 0 1
262 1 2 0 1
263 1 0 0 1
264 2 2 0 2
265 3 2 0 2
266 0 1 0 2
267 1 0 0 0
268 1 0 0 2
269 0 0 2 1
270 0 1 0 1
271 0 0 1 1
272 3 1 0 1
273 1 0 0 1
274 1 1 1 0
275 1 0 0 1
276 1 1 0 2
277 1 1 0 1
278 1 1 1 1
279 0 1 0 1
280 1 0 0 1
281 3 2 0 0
282 2 1 0 0
283 1 0 0 1
284 0 1 0 1
285 0 2 0 4
286 2 2 0 1
287 1 0 2 0
288 0 0 0 1
289 1 0 0 2
290 1 1 0 1
291 1 0 3 2
292 0 2 0 1
293 0 0 0 0
294 0 0 1 0
295 0 0 0 1
296 0 0 1 2
297 0 0 0 1
298 1 0 0 3
299 1 0 1 0
300 0 0 0 0
301 2 0 0 0
302 0 0 0 0
303 1 0 0 2
304 0 1 0 0
305 0 0 0 0
306 0 1 0 0
307 2 1 0 0
308 1 0 0 0
309 0 0 0 0
310 1 1 0 1
311 0 0 0 1
312 1 2 0 0
313 0 0 0 0
314 0 0 1 1
315 1 1 0 0
316 1 0 0 1
317 0 1 0 1
318 0 0 0 1
319 0 0 0 2
320 0 0 0 0
321 0 1 0 1
322 0 0 0 0
323 0 0 0 0
324 0 0 1 0
325 1 0 1 0
326 0 0 0 1
327 0 0 0 0
328 0 0 0 0
329 0 0 0 1
330 0 0 0 0
331 0 0 0 1
332 0 0 0 0
333 0 0 0 0
334 0 1 0 0
335 0 0 0 0
336 0 0 0 0
337 0 0 0 0
338 0 0 0 1
339 0 0 0 0
340 0 0 0 0
341 0 0 0 0
342 0 0 0 0
343 0 0 0 0
344 0 0 0 0
345 0 0 0 0
346 0 0 0 0
347 0 0 0 0
348 0 0 0 0
349 0 0 0 0
350 0 0 0 0
351 0 0 0 0
352 0 0 0 0
353 0 0 0 0
354 0 0 0 0
355 0 0 0 0
356 0 0 0 0
357 0 0 0 0
358 0 0 0 0
359 0 0 0 0
360 0 0 0 0
361 0 0 0 0
362 0 0 0 0
363 0 0 0 0
364 0 0 0 0
365 0 0 0 0
366 0 0 0 0
367 0 0 0 0
368 0 0 0 0
369 0 0 0 0
370 0 0 0 0
371 0 0 0 0
372 0 0 0 0
373 0 0 0 0
374 0 0 0 0
375 0 0 0 0
376 0 0 0 0
377 0 0 0 0
378 0 0 0 0
379 0 0 0 0
380 0 0 0 0
381 0 0 0 0
382 0 0 0 0
383 0 0 0 0
384 0 0 0 0
385 0 0 0 0
386 0 0 0 0
387 0 0 0 0
388 0 0 0 0
389 0 0 0 0
390 0 0 0 0
391 0 0 0 0
392 0 0 0 0
393 0 0 0 0
394 0 0 0 0
395 0 0 0 0
396 0 0 0 0
397 0 0 0 0
398 0 0 0 0
399 0 0 0 0
400 0 0 0 0
401 0 0 0 0
402 0 0 0 0
403 0 0 0 0
404 0 0 0 0
405 0 0 0 0
406 0 0 0 0
407 0 0 0 0
408 0 0 0 0
409 0 0 0 0
410 0 0 0 0
411 0 0 0 0
412 0 0 0 0
413 0 0 0 0
414 0 0 0 0
415 0 0 0 0
416 0 0 0 0
417 0 0 0 0
418 0 0 0 0
419 0 0 0 0
420 0 0 0 0
421 0 0 0 0
422 0 0 0 0
423 0 0 0 0
424 0 0 0 0
425 0 0 0 0
426 0 0 0 0
427 0 0 0 0
428 0 0 0 0
429 0 0 0 0
430 0 0 0 0
431 0 0 0 0
432 0 0 0 0
433 0 0 0 0
434 0 0 0 0
435 0 0 0 0
436 0 0 0 0
437 0 0 0 0
438 0 0 0 0
439 0 0 0 0
440 0 0 0 0
441 0 0 0 0
442 0 0 0 0
443 0 0 0 0
444 0 0 0 0
445 0 0 0 0
446 0 0 0 0
447 0 0 0 0
448 0 0 0 0
449 0 0 0 0
450 0 0 0 0
451 0 0 0 0
452 0 0 0 0
453 0 0 0 0
454 0 0 0 0
455 0 0 0 0
456 0 0 0 0
457 0 0 0 0
458 0 0 0 0
459 0 0 0 0
460 0 0 0 0
461 0 0 0 0
462 0 0 0 0
463 0 0 0 0
464 0 0 0 0
465 0 0 0 0
466 0 0 0 0
467 0 0 0 0
468 0 0 0 0
469 0 0 0 0
470 0 0 0 0
471 0 0 0 0
472 0 0 0 0
473 0 0 0 0
474 0 0 0 0
475 0 0 0 0
476 0 0 0 0
477 0 0 0 0
478 0 0 0 0
479 0 0 0 0
480 0 0 0 0
481 0 0 0 0
482 0 0 0 0
483 0 0 0 0
484 0 0 0 0
485 0 0 0 0
486 0 0 0 0
487 0 0 0 0
488 0 0 0 0
489 0 0 0 0
490 0 0 0 0
491 0 0 0 0
492 0 0 0 0
493 0 0 0 0
494 0 0 0 0
495 0 0 0 0
496 0 0 0 0
497 0 0 0 0
498 0 0 0 0
499 0 0 0 0
500 0 0 0 0
501 0 0 0 0
502 0 0 0 0
503 0 0 0 0
504 0 0 0 0
505 0 0 0 0
506 0 0 0 0
507 0 0 0 0
508 0 0 0 0
509 0 0 0 0
510 0 0 0 0
511 0 0 0 0
512 0 0 0 0
513 0 0 0 0
514 0 0 0 0
515 0 0 0 0
516 0 0 0 0
517 0 0 0 0
518 0 0 0 0
519 0 0 0 0
520 0 0 0 0
521 0 0 0 0
522 0 0 0 0
523 0 0 0 0
524 0 0 0 0
525 0 0 0 0
526 0 0 0 0
527 0 0 0 0
528 0 0 0 0
529 0 0 0 0
530 0 0 0 0
531 0 0 0 0
532 0 0 0 0
533 0 0 0 0
534 0 0 0 0
535 0 0 0 0
536 0 0 0 0
537 0 0 0 0
538 0 0 0 0
539 0 0 0 0
540 0 0 0 0
541 0 0 0 0
542 0 0 0 0
543 0 0 0 0
544 0 0 0 0
545 0 0 0 0
546 0 0 0 0
547 0 0 0 0
548 0 0 0 0
549 0 0 0 0
550 0 0 0 0
551 0 0 0 0
552 0 0 0 0
553 0 0 0 0
554 0 0 0 0
555 0 0 0 0
556 0 0 0 0
557 0 0 0 0
558 0 0 0 0
559 0 0 0 0
560 0 0 0 0
561 0 0 0 0
562 0 0 0 0
563 0 0 0 0
564 0 0 0 0
565 0 0 0 0
566 0 0 0 0
567 0 0 0 0
568 0 0 0 0
569 0 0 0 0
570 0 0 0 0
571 0 0 0 0
572 0 0 0 0
573 0 0 0 0
574 0 0 0 0
575 0 0 0 0
576 0 0 0 0
577 0 0 0 0
578 0 0 0 0
579 0 0 0 0
580 0 0 0 0
581 0 0 0 0
582 0 0 0 0
583 0 0 0 0
584 0 0 0 0
585 0 0 0 0
586 0 0 0 0
587 0 0 0 0
588 0 0 0 0
589 0 0 0 0
590 0 0 0 0
591 0 0 0 0
592 0 0 0 0
593 0 0 0 0
594 0 0 0 0
595 0 0 0 0
596 0 0 0 0
597 0 0 0 0
598 0 0 0 0
599 0 0 0 0
600 0 0 0 0
601 0 0 0 0
602 0 0 0 0
603 0 0 0 0
604 0 0 0 0
605 0 0 0 0
606 0 0 0 0
607 0 0 0 0
608 0 0 0 0
609 0 0 0 0
610 0 0 0 0
611 0 0 0 0
612 0 0 0 0
613 0 0 0 0
614 0 0 0 0
615 0 0 0 0
616 0 0 0 0
617 0 0 0 0
618 0 0 0 0
619 0 0 0 0
620 0 0 0 0
621 0 0 0 0
622 0 0 0 0
623 0 0 0 0
624 0 0 0 0
625 0 0 0 0
626 0 0 0 0
627 0 0 0 0
628 0 0 0 0
629 0 0 0 0
630 0 0 0 0
631 0 0 0 0
632 0 0 0 0
633 0 0 0 0
634 0 0 0 0
635 0 0 0 0
636 0 0 0 0
637 0 0 0 0
638 0 0 0 0
639 0 0 0 0
640 0 0 0 0
641 0 0 0 0
642 0 0 0 0
643 0 0 0 0
644 0 0 0 0
645 0 0 0 0
646 0 0 0 0
647 0 0 0 0
648 0 0 0 0
649 0 0 0 0
650 0 0 0 0
651 0 0 0 0
652 0 0 0 0
653 0 0 0 0
654 0 0 0 0
655 0 0 0 0
656 0 0 0 0
657 0 0 0 0
658 0 0 0 0
659 0 0 0 0
660 0 0 0 0
661 0 0 0 0
662 0 0 0 0
663 0 0 0 0
664 0 0 0 0
665 0 0 0 0
666 0 0 0 0
667 0 0 0 0
668 0 0 0 0
669 0 0 0 0
670 0 0 0 0
671 0 0 0 0
672 0 0 0 0
673 0 0 0 0
674 0 0 0 0
675 0 0 0 0
676 0 0 0 0
677 0 0 0 0
678 0 0 0 0
679 0 0 0 0
680 0 0 0 0
681 0 0 0 0
682 0 0 0 0
683 0 0 0 0
684 0 0 0 0
685 0 0 0 0
686 0 0 0 0
687 0 0 0 0
688 0 0 0 0
689 0 0 0 0
690 0 0 0 0
691 0 0 0 0
692 0 0 0 0
693 0 0 0 0
694 0 0 0 0
695 0 0 0 0
696 0 0 0 0
697 0 0 0 0
698 0 0 0 0
699 0 0 0 0
700 0 0 0 0
701 0 0 0 0
702 0 0 0 0
703 0 0 0 0
704 0 0 0 0
705 0 0 0 0
706 0 0 0 0
707 0 0 0 0
708 0 0 0 0
709 0 0 0 0
710 0 0 0 0
711 0 0 0 0
712 0 0 0 0
713 0 0 0 0
714 0 0 0 0
715 0 0 0 0
716 0 0 0 0
717 0 0 0 0
718 0 0 0 0
719 0 0 0 0
720 0 0 0 0
721 0 0 0 0
722 0 0 0 0
723 0 0 0 0
724 0 0 0 0
725 0 0 0 0
726 0 0 0 0
727 0 0 0 0
