0 0 0 0 0
1 0 0 0 0
2 0 0 0 0
3 0 0 0 0
4 0 0 0 0
5 0 3 2 0
6 0 0 0 0
7 0 0 0 0
8 0 0 0 0
9 0 0 0 2
10 0 0 0 0
11 0 0 0 0
12 0 0 0 3
13 0 0 0 0
14 0 0 0 0
15 0 0 0 0
16 1 0 0 0
17 1 0 0 0
18 1 0 0 0
19 0 0 0 0
20 0 0 0 0
21 0 0 0 0
22 1 1 0 0
23 1 0 0 0
24 0 0 0 0
25 2 0 1 0
26 0 0 0 1
27 2 0 1 0
28 0 0 0 0
29 0 0 0 1
30 1 1 0 0
31 2 0 1 0
32 1 1 1 0
33 0 0 0 0
34 1 1 0 2
35 0 0 0 0
36 0 1 0 1
37 0 0 1 0
38 0 0 0 1
39 1 1 0 1
40 1 2 0 0
41 1 0 0 2
42 0 0 0 0
43 1 1 0 1
44 0 0 0 0
45 0 0 1 0
46 0 0 1 1
47 0 0 0 2
48 0 2 0 0
49 0 0 0 1
50 1 0 0 2
51 1 0 0 0
52 1 0 0 0
53 0 0 0 1
54 0 0 0 0
55 0 0 0 1
56 1 1 0 0
57 0 0 1 0
58 1 0 0 0
59 0 1 0 0
60 0 0 0 1
61 1 0 0 0
62 1 0 0 0
63 2 0 0 1
64 0 0 0 1
65 2 0 1 0
66 2 0 0 0
67 1 1 1 0
68 1 1 0 0
69 0 0 0 1
70 2 2 0 0
71 1 1 0 1
72 2 1 0 1
73 0 0 1 0
74 1 0 1 1
75 2 0 1 2
76 1 1 1 0
77 2 0 1 2
78 1 0 0 0
79 1 2 1 2
80 1 1 1 1
81 1 0 1 1
82 1 1 1 0
83 3 0 0 2
84 1 0 1 1
85 0 1 1 0
86 1 0 1 2
87 2 0 1 2
88 3 1 2 1
89 3 0 1 3
90 3 0 0 1
91 2 0 1 1
92 3 0 0 3
93 5 2 0 1
94 4 0 1 1
95 7 2 1 1
96 3 2 1 0
97 3 2 1 1
98 1 3 1 1
99 4 2 4 2
100 3 2 3 3
101 4 2 0 1
102 4 2 3 2
103 3 2 1 7
104 3 3 0 6
105 3 2 1 3
106 3 1 3 5
107 2 2 0 3
108 7 1 3 3
109 1 3 0 2
110 5 1 2 4
111 3 3 0 2
112 6 0 1 3
113 6 5 0 3
114 7 2 0 4
115 3 2 4 3
116 4 3 0 1
117 2 4 2 4
118 6 2 2 4
119 8 1 3 5
120 4 4 0 5
121 5 3 3 5
122 5 2 2 3
123 3 4 2 4
124 3 2 2 3
125 5 0 2 5
126 5 1 1 5
127 5 5 1 7
128 5 6 2 5
129 4 2 2 2
130 4 4 2 1
131 6 3 1 3
132 6 1 2 5
133 2 3 3 3
134 3 2 4 8
135 6 4 3 7
136 4 2 6 5
137 8 2 2 6
138 4 0 0 5
139 2 1 1 4
140 8 2 3 7
141 6 1 5 3
142 8 3 3 4
143 9 2 1 4
144 14 1 4 5
145 11 2 4 2
146 9 6 1 6
147 7 4 3 4
148 7 3 3 7
149 16 5 3 5
150 6 5 5 5
151 8 4 5 4
152 4 4 4 8
153 11 9 5 8
154 7 7 2 10
155 7 4 4 7
156 9 1 5 5
157 8 2 1 8
158 5 11 4 14
159 9 6 2 12
160 13 4 3 14
161 7 3 1 3
162 7 5 5 10
163 12 1 4 9
164 13 8 0 6
165 13 5 7 7
166 11 6 2 5
167 10 4 1 5
168 13 6 6 6
169 17 9 10 14
170 12 5 3 6
171 7 4 5 6
172 12 5 5 10
173 12 5 3 18
174 14 9 6 6
175 14 10 1 16
176 11 5 3 10
177 12 8 4 9
178 13 7 9 7
179 12 11 3 12
180 10 7 7 11
181 15 7 5 14
182 12 2 7 14
183 20 8 7 15
184 16 7 5 9
185 14 7 4 12
186 14 7 9 8
187 19 8 4 14
188 18 12 6 16
189 17 11 6 11
190 14 8 7 18
191 18 10 3 10
192 13 14 6 12
193 17 9 8 14
194 14 6 5 13
195 14 7 6 18
196 18 5 8 24
197 21 8 3 21
198 16 8 13 11
199 21 11 4 12
200 14 12 7 13
201 21 10 8 5
202 12 5 9 23
203 18 12 4 13
204 14 17 6 14
205 12 6 9 19
206 20 17 8 14
207 10 7 4 22
208 14 7 5 17
209 14 10 6 17
210 12 8 6 17
211 8 6 8 19
212 14 5 8 15
213 12 10 5 20
214 8 7 6 11
215 6 12 9 10
216 4 4 6 17
217 4 5 2 19
218 5 4 9 18
219 8 7 3 12
220 8 3 6 9
221 9 8 3 6
222 13 4 6 17
223 7 5 1 9
224 7 3 3 9
225 5 4 4 12
226 6 4 2 11
227 9 4 4 10
228 5 3 3 5
229 2 7 2 9
230 4 4 2 8
231 4 7 3 8
232 6 7 3 8
233 1 3 1 7
234 0 3 0 6
235 4 5 1 7
236 2 5 1 9
237 1 3 3 4
238 2 0 1 6
239 2 2 0 8
240 3 2 1 4
241 4 0 5 5
242 4 1 0 4
243 4 0 0 5
244 4 1 3 6
245 1 0 2 2
246 2 1 1 2
247 3 3 3 2
248 3 2 1 5
249 3 3 2 1
250 2 2 0 1
251 0 2 1 2
252 3 0 0 4
253 1 2 0 4
254 3 1 0 7
255 1 0 2 2
256 3 1 2 2
257 2 3 1 0
258 1 2 0 2
259 1 2 1 1
260 1 1 0 3
261 3 4 0 5
262 1 1 0 2
263 1 1 1 3
264 1 0 0 0
265 0 0 0 3
266 1 2 0 2
267 2 1 1 3
268 1 0 1 2
269 3 2 0 0
270 3 0 2 2
271 0 0 0 0
272 0 1 1 0
273 0 0 1 0
274 0 2 1 4
275 0 0 2 1
276 1 0 0 3
277 0 1 0 0
278 0 0 0 2
279 0 1 1 1
280 1 0 0 1
281 1 0 0 2
282 1 0 0 2
283 0 0 0 1
284 3 0 0 0
285 1 1 0 0
286 1 1 0 1
287 2 0 1 0
288 2 0 0 0
289 3 1 1 0
290 1 0 0 1
291 1 0 1 0
292 1 2 0 1
293 0 1 0 1
294 0 2 0 2
295 2 1 0 1
296 0 2 0 0
297 0 2 0 0
298 0 2 0 1
299 1 0 0 3
300 2 1 0 2
301 0 0 1 2
302 2 0 0 0
303 0 0 0 2
304 0 1 1 0
305 0 2 0 2
306 0 0 0 0
307 0 1 0 1
308 1 0 0 2
309 0 0 0 0
310 0 0 0 0
311 0 1 0 2
312 0 0 0 2
313 0 0 0 0
314 0 0 0 0
315 0 0 0 0
316 0 0 0 0
317 0 1 0 0
318 0 0 0 1
319 0 0 0 0
320 0 0 0 0
321 0 0 0 0
322 0 0 0 0
323 0 0 0 0
324 0 0 0 1
325 0 0 0 0
326 0 0 0 0
327 0 0 0 0
328 0 0 0 0
329 0 0 0 0
330 0 0 0 0
331 0 0 0 0
332 0 0 0 0
333 0 0 0 0
334 0 0 0 0
335 0 0 0 0
336 0 0 0 0
337 0 0 0 0
338 0 0 0 0
339 0 0 0 0
340 0 0 0 0
341 0 0 0 0
342 0 0 0 0
343 0 0 0 0
344 0 0 0 0
345 0 0 0 0
346 0 0 0 0
347 0 0 0 0
348 0 0 0 0
349 0 0 0 0
350 0 0 0 0
351 0 0 0 0
352 0 0 0 0
353 0 0 0 0
354 0 0 0 0
355 0 0 0 0
356 0 0 0 0
357 0 0 0 0
358 0 0 0 0
359 0 0 0 0
360 0 0 0 0
361 0 0 0 0
362 0 0 0 0
363 0 0 0 0
364 0 0 0 0
365 0 0 0 0
366 0 0 0 0
367 0 0 0 0
368 0 0 0 0
369 0 0 0 0
370 0 0 0 0
371 0 0 0 0
372 0 0 0 0
373 0 0 0 0
374 0 0 0 0
375 0 0 0 0
376 0 0 0 0
377 0 0 0 0
378 0 0 0 0
379 0 0 0 0
380 0 0 0 0
381 0 0 0 0
382 0 0 0 0
383 0 0 0 0
384 0 0 0 0
385 0 0 0 0
386 0 0 0 0
387 0 0 0 0
388 0 0 0 0
389 0 0 0 0
390 0 0 0 0
391 0 0 0 0
392 0 0 0 0
393 0 0 0 0
394 0 0 0 0
395 0 0 0 0
396 0 0 0 0
397 0 0 0 0
398 0 0 0 0
399 0 0 0 0
400 0 0 0 0
401 0 0 0 0
402 0 0 0 0
403 0 0 0 0
404 0 0 0 0
405 0 0 0 0
406 0 0 0 0
407 0 0 0 0
408 0 0 0 0
409 0 0 0 0
410 0 0 0 0
411 0 0 0 0
412 0 0 0 0
413 0 0 0 0
414 0 0 0 0
415 0 0 0 0
416 0 0 0 0
417 0 0 0 0
418 0 0 0 0
419 0 0 0 0
420 0 0 0 0
421 0 0 0 0
422 0 0 0 0
423 0 0 0 0
424 0 0 0 0
425 0 0 0 0
426 0 0 0 0
427 0 0 0 0
428 0 0 0 0
429 0 0 0 0
430 0 0 0 0
431 0 0 0 0
432 0 0 0 0
433 0 0 0 0
434 0 0 0 0
435 0 0 0 0
436 0 0 0 0
437 0 0 0 0
438 0 0 0 0
439 0 0 0 0
440 0 0 0 0
441 0 0 0 0
442 0 0 0 0
443 0 0 0 0
444 0 0 0 0
445 0 0 0 0
446 0 0 0 0
447 0 0 0 0
448 0 0 0 0
449 0 0 0 0
450 0 0 0 0
451 0 0 0 0
452 0 0 0 0
453 0 0 0 0
454 0 0 0 0
455 0 0 0 0
456 0 0 0 0
457 0 0 0 0
458 0 0 0 0
459 0 0 0 0
460 0 0 0 0
461 0 0 0 0
462 0 0 0 0
463 0 0 0 0
464 0 0 0 0
465 0 0 0 0
466 0 0 0 0
467 0 0 0 0
468 0 0 0 0
469 0 0 0 0
470 0 0 0 0
471 0 0 0 0
472 0 0 0 0
473 0 0 0 0
474 0 0 0 0
475 0 0 0 0
476 0 0 0 0
477 0 0 0 0
478 0 0 0 0
479 0 0 0 0
480 0 0 0 0
481 0 0 0 0
482 0 0 0 0
483 0 0 0 0
484 0 0 0 0
485 0 0 0 0
486 0 0 0 0
487 0 0 0 0
488 0 0 0 0
489 0 0 0 0
490 0 0 0 0
491 0 0 0 0
492 0 0 0 0
493 0 0 0 0
494 0 0 0 0
495 0 0 0 0
496 0 0 0 0
497 0 0 0 0
498 0 0 0 0
499 0 0 0 0
500 0 0 0 0
501 0 0 0 0
502 0 0 0 0
503 0 0 0 0
504 0 0 0 0
505 0 0 0 0
506 0 0 0 0
507 0 0 0 0
508 0 0 0 0
509 0 0 0 0
510 0 0 0 0
511 0 0 0 0
512 0 0 0 0
513 0 0 0 0
514 0 0 0 0
515 0 0 0 0
516 0 0 0 0
517 0 0 0 0
518 0 0 0 0
519 0 0 0 0
520 0 0 0 0
521 0 0 0 0
522 0 0 0 0
523 0 0 0 0
524 0 0 0 0
525 0 0 0 0
526 0 0 0 0
527 0 0 0 0
528 0 0 0 0
529 0 0 0 0
530 0 0 0 0
531 0 0 0 0
532 0 0 0 0
533 0 0 0 0
534 0 0 0 0
535 0 0 0 0
536 0 0 0 0
537 0 0 0 0
538 0 0 0 0
539 0 0 0 0
540 0 0 0 0
541 0 0 0 0
542 0 0 0 0
543 0 0 0 0
544 0 0 0 0
545 0 0 0 0
546 0 0 0 0
547 0 0 0 0
548 0 0 0 0
549 0 0 0 0
550 0 0 0 0
551 0 0 0 0
552 0 0 0 0
553 0 0 0 0
554 0 0 0 0
555 0 0 0 0
556 0 0 0 0
557 0 0 0 0
558 0 0 0 0
559 0 0 0 0
560 0 0 0 0
561 0 0 0 0
562 0 0 0 0
563 0 0 0 0
564 0 0 0 0
565 0 0 0 0
566 0 0 0 0
567 0 0 0 0
568 0 0 0 0
569 0 0 0 0
570 0 0 0 0
571 0 0 0 0
572 0 0 0 0
573 0 0 0 0
574 0 0 0 0
575 0 0 0 0
576 0 0 0 0
577 0 0 0 0
578 0 0 0 0
579 0 0 0 0
580 0 0 0 0
581 0 0 0 0
582 0 0 0 0
583 0 0 0 0
584 0 0 0 0
585 0 0 0 0
586 0 0 0 0
587 0 0 0 0
588 0 0 0 0
589 0 0 0 0
590 0 0 0 0
591 0 0 0 0
592 0 0 0 0
593 0 0 0 0
594 0 0 0 0
595 0 0 0 0
596 0 0 0 0
597 0 0 0 0
598 0 0 0 0
599 0 0 0 0
600 0 0 0 0
601 0 0 0 0
602 0 0 0 0
603 0 0 0 0
604 0 0 0 0
605 0 0 0 0
606 0 0 0 0
607 0 0 0 0
608 0 0 0 0
609 0 0 0 0
610 0 0 0 0
611 0 0 0 0
612 0 0 0 0
613 0 0 0 0
614 0 0 0 0
615 0 0 0 0
616 0 0 0 0
617 0 0 0 0
618 0 0 0 0
619 0 0 0 0
620 0 0 0 0
621 0 0 0 0
622 0 0 0 0
623 0 0 0 0
624 0 0 0 0
625 0 0 0 0
626 0 0 0 0
627 0 0 0 0
628 0 0 0 0
629 0 0 0 0
630 0 0 0 0
631 0 0 0 0
632 0 0 0 0
633 0 0 0 0
634 0 0 0 0
635 0 0 0 0
636 0 0 0 0
637 0 0 0 0
638 0 0 0 0
639 0 0 0 0
640 0 0 0 0
641 0 0 0 0
642 0 0 0 0
643 0 0 0 0
644 0 0 0 0
645 0 0 0 0
646 0 0 0 0
647 0 0 0 0
648 0 0 0 0
649 0 0 0 0
650 0 0 0 0
651 0 0 0 0
652 0 0 0 0
653 0 0 0 0
654 0 0 0 0
655 0 0 0 0
656 0 0 0 0
657 0 0 0 0
658 0 0 0 0
659 0 0 0 0
660 0 0 0 0
661 0 0 0 0
662 0 0 0 0
663 0 0 0 0
664 0 0 0 0
665 0 0 0 0
666 0 0 0 0
667 0 0 0 0
668 0 0 0 0
669 0 0 0 0
670 0 0 0 0
671 0 0 0 0
672 0 0 0 0
673 0 0 0 0
674 0 0 0 0
675 0 0 0 0
676 0 0 0 0
677 0 0 0 0
678 0 0 0 0
679 0 0 0 0
680 0 0 0 0
681 0 0 0 0
682 0 0 0 0
683 0 0 0 0
684 0 0 0 0
685 0 0 0 0
686 0 0 0 0
687 0 0 0 0
688 0 0 0 0
689 0 0 0 0
690 0 0 0 0
691 0 0 0 0
692 0 0 0 0
693 0 0 0 0
694 0 0 0 0
695 0 0 0 0
696 0 0 0 0
697 0 0 0 0
698 0 0 0 0
699 0 0 0 0
700 0 0 0 0
701 0 0 0 0
702 0 0 0 0
703 0 0 0 0
704 0 0 0 0
705 0 0 0 0
706 0 0 0 0
707 0 0 0 0
708 0 0 0 0
709 0 0 0 0
710 0 0 0 0
711 0 0 0 0
712 0 0 0 0
713 0 0 0 0
714 0 0 0 0
715 0 0 0 0
716 0 0 0 0
717 0 0 0 0
718 0 0 0 0
719 0 0 0 0
720 0 0 0 0
721 0 0 0 0
722 0 0 0 0
723 0 0 0 0
724 0 0 0 0
725 0 0 0 0
726 0 0 0 0
727 0 0 0 0
