0 0 0 0 0
1 0 0 0 0
2 0 0 0 0
3 0 0 0 0
4 0 0 0 0
5 0 0 4 0
6 0 0 0 0
7 0 0 0 0
8 0 0 0 0
9 0 1 0 2
10 0 0 0 0
11 0 0 0 1
12 0 0 0 1
13 0 0 0 1
14 0 0 0 0
15 1 0 0 0
16 1 0 0 0
17 1 0 0 0
18 1 0 0 0
19 2 0 0 0
20 1 1 0 0
21 0 0 0 0
22 0 0 0 0
23 0 1 0 0
24 0 1 1 1
25 1 0 1 0
26 2 0 1 0
27 1 0 0 1
28 3 0 0 2
29 0 1 0 0
30 2 0 0 0
31 1 0 0 0
32 1 1 0 1
33 1 3 0 2
34 1 1 0 0
35 1 2 1 0
36 2 0 1 0
37 0 0 0 2
38 0 1 0 1
39 1 2 0 2
40 0 1 0 2
41 3 0 2 0
42 0 0 0 2
43 1 0 0 2
44 2 0 0 1
45 2 0 1 1
46 3 0 1 0
47 0 0 0 0
48 3 2 0 2
49 4 1 0 1
50 0 4 0 0
51 1 1 1 0
52 1 0 0 2
53 2 1 1 2
54 2 2 0 2
55 2 1 0 1
56 3 1 0 0
57 1 2 0 3
58 1 3 0 1
59 1 0 1 0
60 1 0 2 2
61 0 0 0 4
62 3 2 0 3
63 2 2 0 1
64 0 1 0 1
65 1 2 1 1
66 2 0 0 0
67 1 1 1 1
68 0 1 1 1
69 2 0 1 4
70 1 0 0 2
71 5 1 0 0
72 4 1 1 2
73 2 0 0 1
74 4 2 0 2
75 3 0 3 1
76 3 1 1 1
77 2 3 0 0
78 3 1 0 3
79 2 1 1 2
80 4 4 0 2
81 2 1 0 1
82 3 1 3 2
83 3 3 0 1
84 4 2 1 5
85 2 4 3 1
86 6 0 1 2
87 2 1 1 2
88 3 1 2 3
89 2 2 0 7
90 1 3 0 2
91 1 1 5 2
92 2 2 0 5
93 3 2 2 2
94 2 0 1 3
95 2 2 2 6
96 5 0 1 3
97 3 2 2 3
98 5 1 1 2
99 6 2 0 2
100 1 1 0 2
101 5 0 1 4
102 7 0 3 2
103 8 0 2 2
104 6 3 2 0
105 9 3 1 3
106 7 5 1 3
107 11 5 3 1
108 5 5 0 3
109 8 3 1 3
110 6 5 3 3
111 5 7 1 9
112 8 4 4 7
113 10 5 1 7
114 9 3 5 8
115 8 4 3 5
116 7 5 2 5
117 7 5 2 5
118 6 7 2 6
119 5 4 1 6
120 5 5 2 6
121 9 4 4 12
122 3 4 0 11
123 5 2 5 6
124 5 3 3 5
125 7 6 2 7
126 5 7 5 4
127 3 3 2 6
128 3 2 4 7
129 9 4 0 4
130 4 5 3 14
131 8 1 1 4
132 9 1 4 11
133 5 1 0 3
134 7 1 6 6
135 6 4 0 3
136 8 6 0 6
137 10 6 2 6
138 8 3 1 4
139 11 4 2 2
140 8 5 4 5
141 5 5 5 10
142 10 5 4 6
143 8 2 5 5
144 9 4 5 9
145 9 1 5 7
146 8 5 4 8
147 10 6 4 8
148 8 7 3 9
149 5 7 3 9
150 5 5 2 6
151 8 5 5 11
152 9 1 4 5
153 7 8 2 12
154 11 7 1 6
155 13 3 2 12
156 15 4 6 6
157 17 4 4 8
158 17 4 2 7
159 17 3 5 4
160 14 5 5 9
161 9 9 4 8
162 17 6 4 7
163 17 7 10 12
164 14 13 5 10
165 18 11 5 7
166 18 9 4 9
167 22 13 6 11
168 11 5 6 19
169 21 6 7 9
170 12 9 2 17
171 10 10 7 18
172 16 13 9 19
173 10 11 4 10
174 14 15 11 10
175 17 10 4 11
176 20 9 2 14
177 16 8 4 17
178 16 4 6 22
179 17 6 5 22
180 13 12 10 19
181 22 8 8 18
182 23 7 8 10
183 21 9 5 13
184 20 7 5 15
185 22 11 7 14
186 22 13 3 13
187 16 15 10 20
188 17 10 7 13
189 18 10 4 14
190 20 14 8 14
191 23 13 11 16
192 16 14 9 20
193 26 12 7 14
194 17 16 6 28
195 25 16 4 20
196 22 11 9 24
197 23 8 8 16
198 22 15 10 24
199 23 8 7 20
200 14 11 11 23
201 11 11 9 16
202 14 14 8 21
203 17 11 12 18
204 19 10 11 20
205 11 13 9 18
206 15 9 7 18
207 14 10 5 25
208 13 15 4 21
209 10 10 6 23
210 12 6 5 20
211 11 10 5 20
212 8 9 7 18
213 15 11 7 16
214 14 8 3 12
215 14 9 4 16
216 8 7 4 20
217 14 4 3 10
218 8 8 7 16
219 9 12 2 12
220 7 10 5 15
221 4 9 3 8
222 9 7 7 16
223 9 8 5 10
224 13 2 4 13
225 9 3 4 13
226 2 2 4 12
227 3 4 4 14
228 4 6 3 7
229 5 9 1 14
230 3 7 5 10
231 4 3 3 8
232 3 5 1 8
233 1 2 1 8
234 4 3 0 10
235 6 1 0 6
236 3 0 3 9
237 5 3 3 6
238 4 2 3 4
239 4 4 2 3
240 3 5 2 3
241 6 1 2 5
242 3 3 2 5
243 5 2 1 6
244 7 1 1 6
245 4 0 1 2
246 2 4 2 6
247 3 1 3 5
248 3 3 4 2
249 2 5 2 2
250 2 1 0 4
251 4 1 1 4
252 1 1 0 4
253 1 3 1 5
254 2 1 1 1
255 0 1 2 5
256 1 2 1 6
257 0 3 0 4
258 2 1 2 2
259 0 1 0 1
260 4 2 1 2
261 3 0 0 2
262 3 0 0 4
263 0 2 2 2
264 1 0 0 5
265 0 2 2 1
266 0 1 0 1
267 0 1 1 1
268 0 0 0 0
269 0 1 1 1
270 0 1 1 3
271 0 1 0 1
272 0 0 0 3
273 0 0 0 2
274 0 0 0 4
275 0 0 0 1
276 1 0 0 0
277 1 0 0 0
278 1 0 0 0
279 1 0 0 0
280 0 0 0 0
281 1 1 0 0
282 0 0 0 0
283 0 0 1 0
284 0 1 0 0
285 0 0 0 1
286 0 0 1 0
287 0 0 0 1
288 0 0 0 0
289 0 0 0 0
290 0 1 0 1
291 0 0 0 1
292 0 0 0 0
293 0 0 0 0
294 0 0 0 1
295 0 0 0 0
296 0 0 0 0
297 0 0 0 0
298 0 0 0 0
299 0 0 0 0
300 0 0 0 0
301 0 0 0 0
302 1 0 0 0
303 1 0 0 0
304 0 0 0 0
305 0 0 0 0
306 0 0 0 0
307 0 0 0 0
308 0 0 0 0
309 0 0 0 0
310 0 0 0 0
311 0 1 0 0
312 0 1 0 0
313 0 0 0 0
314 0 0 0 0
315 0 0 0 1
316 0 0 0 1
317 0 0 0 0
318 0 0 0 0
319 0 0 0 0
320 0 0 0 0
321 0 0 0 0
322 0 0 0 0
323 0 0 0 0
324 0 0 0 0
325 0 0 0 0
326 0 0 0 0
327 0 0 0 0
328 0 0 0 0
329 0 0 0 0
330 0 0 0 0
331 0 0 0 0
332 0 0 0 0
333 0 0 0 0
334 0 0 0 0
335 0 0 0 0
336 0 0 0 0
337 0 0 0 0
338 0 0 0 0
339 0 0 0 0
340 0 0 0 0
341 0 0 0 0
342 0 0 0 0
343 0 0 0 0
344 0 0 0 0
345 0 0 0 0
346 0 0 0 0
347 0 0 0 0
348 0 0 0 0
349 0 0 0 0
350 0 0 0 0
351 0 0 0 0
352 0 0 0 0
353 0 0 0 0
354 0 0 0 0
355 0 0 0 0
356 0 0 0 0
357 0 0 0 0
358 0 0 0 0
359 0 0 0 0
360 0 0 0 0
361 0 0 0 0
362 0 0 0 0
363 0 0 0 0
364 0 0 0 0
365 0 0 0 0
366 0 0 0 0
367 0 0 0 0
368 0 0 0 0
369 0 0 0 0
370 0 0 0 0
371 0 0 0 0
372 0 0 0 0
373 0 0 0 0
374 0 0 0 0
375 0 0 0 0
376 0 0 0 0
377 0 0 0 0
378 0 0 0 0
379 0 0 0 0
380 0 0 0 0
381 0 0 0 0
382 0 0 0 0
383 0 0 0 0
384 0 0 0 0
385 0 0 0 0
386 0 0 0 0
387 0 0 0 0
388 0 0 0 0
389 0 0 0 0
390 0 0 0 0
391 0 0 0 0
392 0 0 0 0
393 0 0 0 0
394 0 0 0 0
395 0 0 0 0
396 0 0 0 0
397 0 0 0 0
398 0 0 0 0
399 0 0 0 0
400 0 0 0 0
401 0 0 0 0
402 0 0 0 0
403 0 0 0 0
404 0 0 0 0
405 0 0 0 0
406 0 0 0 0
407 0 0 0 0
408 0 0 0 0
409 0 0 0 0
410 0 0 0 0
411 0 0 0 0
412 0 0 0 0
413 0 0 0 0
414 0 0 0 0
415 0 0 0 0
416 0 0 0 0
417 0 0 0 0
418 0 0 0 0
419 0 0 0 0
420 0 0 0 0
421 0 0 0 0
422 0 0 0 0
423 0 0 0 0
424 0 0 0 0
425 0 0 0 0
426 0 0 0 0
427 0 0 0 0
428 0 0 0 0
429 0 0 0 0
430 0 0 0 0
431 0 0 0 0
432 0 0 0 0
433 0 0 0 0
434 0 0 0 0
435 0 0 0 0
436 0 0 0 0
437 0 0 0 0
438 0 0 0 0
439 0 0 0 0
440 0 0 0 0
441 0 0 0 0
442 0 0 0 0
443 0 0 0 0
444 0 0 0 0
445 0 0 0 0
446 0 0 0 0
447 0 0 0 0
448 0 0 0 0
449 0 0 0 0
450 0 0 0 0
451 0 0 0 0
452 0 0 0 0
453 0 0 0 0
454 0 0 0 0
455 0 0 0 0
456 0 0 0 0
457 0 0 0 0
458 0 0 0 0
459 0 0 0 0
460 0 0 0 0
461 0 0 0 0
462 0 0 0 0
463 0 0 0 0
464 0 0 0 0
465 0 0 0 0
466 0 0 0 0
467 0 0 0 0
468 0 0 0 0
469 0 0 0 0
470 0 0 0 0
471 0 0 0 0
472 0 0 0 0
473 0 0 0 0
474 0 0 0 0
475 0 0 0 0
476 0 0 0 0
477 0 0 0 0
478 0 0 0 0
479 0 0 0 0
480 0 0 0 0
481 0 0 0 0
482 0 0 0 0
483 0 0 0 0
484 0 0 0 0
485 0 0 0 0
486 0 0 0 0
487 0 0 0 0
488 0 0 0 0
489 0 0 0 0
490 0 0 0 0
491 0 0 0 0
492 0 0 0 0
493 0 0 0 0
494 0 0 0 0
495 0 0 0 0
496 0 0 0 0
497 0 0 0 0
498 0 0 0 0
499 0 0 0 0
500 0 0 0 0
501 0 0 0 0
502 0 0 0 0
503 0 0 0 0
504 0 0 0 0
505 0 0 0 0
506 0 0 0 0
507 0 0 0 0
508 0 0 0 0
509 0 0 0 0
510 0 0 0 0
511 0 0 0 0
512 0 0 0 0
513 0 0 0 0
514 0 0 0 0
515 0 0 0 0
516 0 0 0 0
517 0 0 0 0
518 0 0 0 0
519 0 0 0 0
520 0 0 0 0
521 0 0 0 0
522 0 0 0 0
523 0 0 0 0
524 0 0 0 0
525 0 0 0 0
526 0 0 0 0
527 0 0 0 0
528 0 0 0 0
529 0 0 0 0
530 0 0 0 0
531 0 0 0 0
532 0 0 0 0
533 0 0 0 0
534 0 0 0 0
535 0 0 0 0
536 0 0 0 0
537 0 0 0 0
538 0 0 0 0
539 0 0 0 0
540 0 0 0 0
541 0 0 0 0
542 0 0 0 0
543 0 0 0 0
544 0 0 0 0
545 0 0 0 0
546 0 0 0 0
547 0 0 0 0
548 0 0 0 0
549 0 0 0 0
550 0 0 0 0
551 0 0 0 0
552 0 0 0 0
553 0 0 0 0
554 0 0 0 0
555 0 0 0 0
556 0 0 0 0
557 0 0 0 0
558 0 0 0 0
559 0 0 0 0
560 0 0 0 0
561 0 0 0 0
562 0 0 0 0
563 0 0 0 0
564 0 0 0 0
565 0 0 0 0
566 0 0 0 0
567 0 0 0 0
568 0 0 0 0
569 0 0 0 0
570 0 0 0 0
571 0 0 0 0
572 0 0 0 0
573 0 0 0 0
574 0 0 0 0
575 0 0 0 0
576 0 0 0 0
577 0 0 0 0
578 0 0 0 0
579 0 0 0 0
580 0 0 0 0
581 0 0 0 0
582 0 0 0 0
583 0 0 0 0
584 0 0 0 0
585 0 0 0 0
586 0 0 0 0
587 0 0 0 0
588 0 0 0 0
589 0 0 0 0
590 0 0 0 0
591 0 0 0 0
592 0 0 0 0
593 0 0 0 0
594 0 0 0 0
595 0 0 0 0
596 0 0 0 0
597 0 0 0 0
598 0 0 0 0
599 0 0 0 0
600 0 0 0 0
601 0 0 0 0
602 0 0 0 0
603 0 0 0 0
604 0 0 0 0
605 0 0 0 0
606 0 0 0 0
607 0 0 0 0
608 0 0 0 0
609 0 0 0 0
610 0 0 0 0
611 0 0 0 0
612 0 0 0 0
613 0 0 0 0
614 0 0 0 0
615 0 0 0 0
616 0 0 0 0
617 0 0 0 0
618 0 0 0 0
619 0 0 0 0
620 0 0 0 0
621 0 0 0 0
622 0 0 0 0
623 0 0 0 0
624 0 0 0 0
625 0 0 0 0
626 0 0 0 0
627 0 0 0 0
628 0 0 0 0
629 0 0 0 0
630 0 0 0 0
631 0 0 0 0
632 0 0 0 0
633 0 0 0 0
634 0 0 0 0
635 0 0 0 0
636 0 0 0 0
637 0 0 0 0
638 0 0 0 0
639 0 0 0 0
640 0 0 0 0
641 0 0 0 0
642 0 0 0 0
643 0 0 0 0
644 0 0 0 0
645 0 0 0 0
646 0 0 0 0
647 0 0 0 0
648 0 0 0 0
649 0 0 0 0
650 0 0 0 0
651 0 0 0 0
652 0 0 0 0
653 0 0 0 0
654 0 0 0 0
655 0 0 0 0
656 0 0 0 0
657 0 0 0 0
658 0 0 0 0
659 0 0 0 0
660 0 0 0 0
661 0 0 0 0
662 0 0 0 0
663 0 0 0 0
664 0 0 0 0
665 0 0 0 0
666 0 0 0 0
667 0 0 0 0
668 0 0 0 0
669 0 0 0 0
670 0 0 0 0
671 0 0 0 0
672 0 0 0 0
673 0 0 0 0
674 0 0 0 0
675 0 0 0 0
676 0 0 0 0
677 0 0 0 0
678 0 0 0 0
679 0 0 0 0
680 0 0 0 0
681 0 0 0 0
682 0 0 0 0
683 0 0 0 0
684 0 0 0 0
685 0 0 0 0
686 0 0 0 0
687 0 0 0 0
688 0 0 0 0
689 0 0 0 0
690 0 0 0 0
691 0 0 0 0
692 0 0 0 0
693 0 0 0 0
694 0 0 0 0
695 0 0 0 0
696 0 0 0 0
697 0 0 0 0
698 0 0 0 0
699 0 0 0 0
700 0 0 0 0
701 0 0 0 0
702 0 0 0 0
703 0 0 0 0
704 0 0 0 0
705 0 0 0 0
706 0 0 0 0
707 0 0 0 0
708 0 0 0 0
709 0 0 0 0
710 0 0 0 0
711 0 0 0 0
712 0 0 0 0
713 0 0 0 0
714 0 0 0 0
715 0 0 0 0
716 0 0 0 0
717 0 0 0 0
718 0 0 0 0
719 0 0 0 0
720 0 0 0 0
721 0 0 0 0
722 0 0 0 0
723 0 0 0 0
724 0 0 0 0
725 0 0 0 0
726 0 0 0 0
727 0 0 0 0
