0 0 0 0 0
1 0 0 0 0
2 0 0 0 0
3 0 0 0 0
4 0 0 0 0
5 0 3 1 0
6 0 0 0 0
7 0 0 0 0
8 0 0 0 0
9 0 0 1 2
10 0 0 0 0
11 0 0 0 0
12 0 0 0 2
13 0 0 0 1
14 0 0 0 0
15 0 0 0 0
16 0 0 0 0
17 0 0 0 0
18 0 0 0 0
19 1 0 0 0
20 1 0 0 0
21 0 0 0 0
22 1 0 0 0
23 2 0 0 0
24 2 1 0 0
25 2 0 0 0
26 3 0 0 0
27 2 0 0 0
28 0 2 1 0
29 0 1 1 0
30 0 1 1 0
31 0 1 1 1
32 0 1 1 2
33 0 0 1 2
34 1 0 0 1
35 0 1 0 3
36 1 0 0 1
37 0 0 0 2
38 0 0 0 0
39 0 0 0 1
40 1 0 0 0
41 2 0 0 0
42 2 0 0 1
43 1 0 1 0
44 1 0 0 0
45 1 1 0 0
46 1 1 0 0
47 2 1 1 0
48 2 0 0 0
49 0 1 1 0
50 0 2 0 1
51 1 0 0 0
52 0 1 0 1
53 3 1 0 2
54 0 1 0 3
55 1 0 1 0
56 5 0 2 1
57 1 0 0 2
58 2 0 0 0
59 0 0 0 1
60 1 1 1 1
61 1 2 2 1
62 0 3 0 1
63 1 1 0 1
64 3 0 0 0
65 2 0 2 3
66 2 1 0 2
67 0 0 1 3
68 0 0 0 1
69 1 1 0 3
70 2 1 0 0
71 0 0 0 0
72 1 1 0 0
73 0 2 1 2
74 1 1 1 1
75 1 1 2 0
76 1 0 0 1
77 2 1 0 3
78 1 0 0 0
79 2 1 1 1
80 4 0 0 3
81 0 0 0 1
82 2 1 0 1
83 1 1 0 1
84 0 0 0 1
85 1 1 3 0
86 2 0 1 2
87 3 2 1 1
88 0 1 1 0
89 0 1 0 2
90 1 0 1 1
91 1 0 1 2
92 0 1 2 2
93 1 0 0 0
94 1 0 0 2
95 1 2 0 2
96 1 1 0 2
97 3 0 0 1
98 4 0 0 0
99 3 0 0 3
100 3 1 1 0
101 2 0 0 0
102 8 1 1 1
103 3 1 2 1
104 3 1 0 1
105 5 2 0 0
106 3 2 1 1
107 6 4 6 2
108 3 3 2 0
109 3 4 0 2
110 3 2 1 4
111 2 1 0 7
112 0 2 1 3
113 1 2 0 6
114 4 3 1 6
115 3 2 0 3
116 3 2 2 0
117 3 2 0 2
118 2 1 1 3
119 3 1 2 5
120 2 2 1 5
121 3 0 2 2
122 5 1 1 1
123 4 3 1 1
124 3 2 0 4
125 2 2 1 3
126 1 4 0 3
127 6 1 2 3
128 4 2 3 1
129 3 0 0 4
130 5 1 2 3
131 3 0 5 3
132 4 1 2 2
133 2 2 2 2
134 3 1 2 3
135 5 1 1 6
136 3 4 0 1
137 3 1 2 1
138 2 1 0 5
139 6 2 2 4
140 3 3 4 5
141 8 3 3 4
142 3 3 1 0
143 4 1 2 4
144 7 3 1 5
145 6 0 1 5
146 5 1 1 4
147 7 2 1 3
148 2 1 2 4
149 6 5 2 2
150 8 4 4 3
151 3 1 2 3
152 9 8 2 2
153 6 0 1 3
154 3 3 4 8
155 4 2 4 3
156 7 2 3 10
157 3 2 4 3
158 4 6 1 7
159 6 2 4 8
160 6 1 2 4
161 2 6 2 6
162 6 1 1 8
163 7 2 0 5
164 8 4 2 2
165 7 7 2 6
166 8 1 3 4
167 3 3 1 5
168 8 2 2 6
169 6 2 3 5
170 8 5 3 4
171 13 8 3 6
172 7 4 2 6
173 15 6 3 3
174 9 2 3 6
175 12 5 2 7
176 10 6 2 6
177 10 3 5 11
178 1 7 5 6
179 9 5 2 5
180 11 9 4 3
181 14 5 4 9
182 7 6 7 15
183 13 5 0 12
184 11 6 4 10
185 14 6 3 9
186 9 6 2 5
187 15 3 1 8
188 11 10 3 8
189 11 9 3 12
190 4 8 8 7
191 9 9 1 8
192 10 7 4 10
193 15 8 4 10
194 7 7 5 9
195 10 5 1 13
196 14 8 4 15
197 10 5 6 13
198 11 9 6 9
199 12 2 1 4
200 10 7 5 12
201 10 6 4 20
202 11 5 4 13
203 7 5 4 6
204 3 5 3 9
205 6 12 2 11
206 9 5 6 4
207 5 5 3 12
208 6 6 3 8
209 4 5 0 16
210 8 4 5 6
211 5 9 4 8
212 4 7 3 9
213 11 3 1 13
214 12 3 2 8
215 7 4 5 11
216 11 2 2 7
217 5 1 4 6
218 7 1 1 10
219 8 7 6 8
220 4 5 3 4
221 11 6 5 4
222 4 10 3 6
223 3 3 1 8
224 5 2 2 7
225 7 4 2 7
226 4 6 3 17
227 6 5 3 8
228 4 5 4 9
229 4 2 2 7
230 3 4 0 7
231 5 2 0 5
232 2 0 1 8
233 4 4 0 3
234 4 5 5 4
235 5 2 2 3
236 4 4 3 5
237 5 1 3 4
238 8 1 1 4
239 2 4 1 3
240 3 3 4 7
241 5 2 1 10
242 4 5 2 1
243 2 4 2 5
244 1 1 0 7
245 5 4 1 4
246 3 0 1 4
247 4 4 2 4
248 3 0 2 2
249 0 1 0 6
250 3 4 2 5
251 1 2 1 3
252 2 2 1 5
253 1 0 1 2
254 0 0 3 6
255 0 1 1 4
256 1 1 1 2
257 2 1 2 3
258 2 2 0 2
259 2 1 1 2
260 2 1 0 2
261 0 0 0 4
262 1 1 0 2
263 0 0 1 1
264 0 1 1 2
265 1 1 0 0
266 0 0 1 1
267 3 3 0 1
268 2 0 0 0
269 2 0 1 2
270 1 1 0 1
271 1 0 0 4
272 0 0 2 0
273 1 0 0 1
274 1 0 1 2
275 0 1 0 0
276 2 1 1 0
277 1 0 1 0
278 0 1 1 0
279 1 0 0 3
280 1 0 1 1
281 2 1 1 2
282 2 1 0 1
283 2 1 0 1
284 1 0 1 1
285 0 0 0 2
286 1 0 0 0
287 1 1 1 0
288 0 1 0 1
289 1 2 0 1
290 3 2 1 1
291 3 0 1 1
292 0 0 0 1
293 2 0 0 1
294 1 0 0 5
295 2 1 0 0
296 1 1 3 1
297 1 0 0 0
298 0 1 0 1
299 1 2 1 0
300 0 0 0 2
301 0 0 0 2
302 0 2 1 0
303 0 0 0 1
304 0 0 3 0
305 0 0 1 1
306 0 0 0 4
307 0 0 0 0
308 1 0 0 3
309 0 0 0 1
310 0 0 0 0
311 1 0 0 1
312 1 0 0 1
313 0 0 1 0
314 0 0 0 0
315 1 0 0 0
316 1 1 0 0
317 1 1 0 1
318 1 0 0 0
319 0 0 0 0
320 0 0 0 1
321 0 1 0 0
322 0 1 0 0
323 0 1 0 0
324 0 0 0 1
325 0 0 0 1
326 0 0 0 1
327 0 1 0 0
328 0 0 0 0
329 1 0 0 0
330 0 0 0 1
331 1 0 0 1
332 0 0 0 0
333 0 0 0 0
334 1 0 0 0
335 1 0 0 0
336 0 0 0 0
337 0 0 0 0
338 0 0 1 0
339 0 1 0 0
340 0 1 0 0
341 0 0 0 0
342 0 0 0 1
343 0 0 0 0
344 0 1 0 0
345 0 0 0 1
346 0 0 0 0
347 1 0 0 1
348 0 0 0 1
349 0 0 0 0
350 0 0 0 0
351 0 0 0 0
352 0 1 0 0
353 0 0 0 0
354 0 0 0 0
355 0 0 0 0
356 0 0 0 1
357 0 0 0 0
358 0 0 0 0
359 0 0 0 0
360 0 0 0 0
361 0 0 0 0
362 0 0 0 0
363 0 0 0 0
364 0 0 0 0
365 0 0 0 0
366 0 0 0 0
367 0 0 0 0
368 0 0 0 0
369 0 0 0 0
370 0 0 0 0
371 0 0 0 0
372 0 0 0 0
373 0 0 0 0
374 0 0 0 0
375 0 0 0 0
376 0 0 0 0
377 0 0 0 0
378 0 0 0 0
379 0 0 0 0
380 0 0 0 0
381 0 0 0 0
382 0 0 0 0
383 0 0 0 0
384 0 0 0 0
385 0 0 0 0
386 0 0 0 0
387 0 0 0 0
388 0 0 0 0
389 0 0 0 0
390 0 0 0 0
391 0 0 0 0
392 0 0 0 0
393 0 0 0 0
394 0 0 0 0
395 0 0 0 0
396 0 0 0 0
397 0 0 0 0
398 0 0 0 0
399 0 0 0 0
400 0 0 0 0
401 0 0 0 0
402 0 0 0 0
403 0 0 0 0
404 0 0 0 0
405 0 0 0 0
406 0 0 0 0
407 0 0 0 0
408 0 0 0 0
409 0 0 0 0
410 0 0 0 0
411 0 0 0 0
412 0 0 0 0
413 0 0 0 0
414 0 0 0 0
415 0 0 0 0
416 0 0 0 0
417 0 0 0 0
418 0 0 0 0
419 0 0 0 0
420 0 0 0 0
421 0 0 0 0
422 0 0 0 0
423 0 0 0 0
424 0 0 0 0
425 0 0 0 0
426 0 0 0 0
427 0 0 0 0
428 0 0 0 0
429 0 0 0 0
430 0 0 0 0
431 0 0 0 0
432 0 0 0 0
433 0 0 0 0
434 0 0 0 0
435 0 0 0 0
436 0 0 0 0
437 0 0 0 0
438 0 0 0 0
439 0 0 0 0
440 0 0 0 0
441 0 0 0 0
442 0 0 0 0
443 0 0 0 0
444 0 0 0 0
445 0 0 0 0
446 0 0 0 0
447 0 0 0 0
448 0 0 0 0
449 0 0 0 0
450 0 0 0 0
451 0 0 0 0
452 0 0 0 0
453 0 0 0 0
454 0 0 0 0
455 0 0 0 0
456 0 0 0 0
457 0 0 0 0
458 0 0 0 0
459 0 0 0 0
460 0 0 0 0
461 0 0 0 0
462 0 0 0 0
463 0 0 0 0
464 0 0 0 0
465 0 0 0 0
466 0 0 0 0
467 0 0 0 0
468 0 0 0 0
469 0 0 0 0
470 0 0 0 0
471 0 0 0 0
472 0 0 0 0
473 0 0 0 0
474 0 0 0 0
475 0 0 0 0
476 0 0 0 0
477 0 0 0 0
478 0 0 0 0
479 0 0 0 0
480 0 0 0 0
481 0 0 0 0
482 0 0 0 0
483 0 0 0 0
484 0 0 0 0
485 0 0 0 0
486 0 0 0 0
487 0 0 0 0
488 0 0 0 0
489 0 0 0 0
490 0 0 0 0
491 0 0 0 0
492 0 0 0 0
493 0 0 0 0
494 0 0 0 0
495 0 0 0 0
496 0 0 0 0
497 0 0 0 0
498 0 0 0 0
499 0 0 0 0
500 0 0 0 0
501 0 0 0 0
502 0 0 0 0
503 0 0 0 0
504 0 0 0 0
505 0 0 0 0
506 0 0 0 0
507 0 0 0 0
508 0 0 0 0
509 0 0 0 0
510 0 0 0 0
511 0 0 0 0
512 0 0 0 0
513 0 0 0 0
514 0 0 0 0
515 0 0 0 0
516 0 0 0 0
517 0 0 0 0
518 0 0 0 0
519 0 0 0 0
520 0 0 0 0
521 0 0 0 0
522 0 0 0 0
523 0 0 0 0
524 0 0 0 0
525 0 0 0 0
526 0 0 0 0
527 0 0 0 0
528 0 0 0 0
529 0 0 0 0
530 0 0 0 0
531 0 0 0 0
532 0 0 0 0
533 0 0 0 0
534 0 0 0 0
535 0 0 0 0
536 0 0 0 0
537 0 0 0 0
538 0 0 0 0
539 0 0 0 0
540 0 0 0 0
541 0 0 0 0
542 0 0 0 0
543 0 0 0 0
544 0 0 0 0
545 0 0 0 0
546 0 0 0 0
547 0 0 0 0
548 0 0 0 0
549 0 0 0 0
550 0 0 0 0
551 0 0 0 0
552 0 0 0 0
553 0 0 0 0
554 0 0 0 0
555 0 0 0 0
556 0 0 0 0
557 0 0 0 0
558 0 0 0 0
559 0 0 0 0
560 0 0 0 0
561 0 0 0 0
562 0 0 0 0
563 0 0 0 0
564 0 0 0 0
565 0 0 0 0
566 0 0 0 0
567 0 0 0 0
568 0 0 0 0
569 0 0 0 0
570 0 0 0 0
571 0 0 0 0
572 0 0 0 0
573 0 0 0 0
574 0 0 0 0
575 0 0 0 0
576 0 0 0 0
577 0 0 0 0
578 0 0 0 0
579 0 0 0 0
580 0 0 0 0
581 0 0 0 0
582 0 0 0 0
583 0 0 0 0
584 0 0 0 0
585 0 0 0 0
586 0 0 0 0
587 0 0 0 0
588 0 0 0 0
589 0 0 0 0
590 0 0 0 0
591 0 0 0 0
592 0 0 0 0
593 0 0 0 0
594 0 0 0 0
595 0 0 0 0
596 0 0 0 0
597 0 0 0 0
598 0 0 0 0
599 0 0 0 0
600 0 0 0 0
601 0 0 0 0
602 0 0 0 0
603 0 0 0 0
604 0 0 0 0
605 0 0 0 0
606 0 0 0 0
607 0 0 0 0
608 0 0 0 0
609 0 0 0 0
610 0 0 0 0
611 0 0 0 0
612 0 0 0 0
613 0 0 0 0
614 0 0 0 0
615 0 0 0 0
616 0 0 0 0
617 0 0 0 0
618 0 0 0 0
619 0 0 0 0
620 0 0 0 0
621 0 0 0 0
622 0 0 0 0
623 0 0 0 0
624 0 0 0 0
625 0 0 0 0
626 0 0 0 0
627 0 0 0 0
628 0 0 0 0
629 0 0 0 0
630 0 0 0 0
631 0 0 0 0
632 0 0 0 0
633 0 0 0 0
634 0 0 0 0
635 0 0 0 0
636 0 0 0 0
637 0 0 0 0
638 0 0 0 0
639 0 0 0 0
640 0 0 0 0
641 0 0 0 0
642 0 0 0 0
643 0 0 0 0
644 0 0 0 0
645 0 0 0 0
646 0 0 0 0
647 0 0 0 0
648 0 0 0 0
649 0 0 0 0
650 0 0 0 0
651 0 0 0 0
652 0 0 0 0
653 0 0 0 0
654 0 0 0 0
655 0 0 0 0
656 0 0 0 0
657 0 0 0 0
658 0 0 0 0
659 0 0 0 0
660 0 0 0 0
661 0 0 0 0
662 0 0 0 0
663 0 0 0 0
664 0 0 0 0
665 0 0 0 0
666 0 0 0 0
667 0 0 0 0
668 0 0 0 0
669 0 0 0 0
670 0 0 0 0
671 0 0 0 0
672 0 0 0 0
673 0 0 0 0
674 0 0 0 0
675 0 0 0 0
676 0 0 0 0
677 0 0 0 0
678 0 0 0 0
679 0 0 0 0
680 0 0 0 0
681 0 0 0 0
682 0 0 0 0
683 0 0 0 0
684 0 0 0 0
685 0 0 0 0
686 0 0 0 0
687 0 0 0 0
688 0 0 0 0
689 0 0 0 0
690 0 0 0 0
691 0 0 0 0
692 0 0 0 0
693 0 0 0 0
694 0 0 0 0
695 0 0 0 0
696 0 0 0 0
697 0 0 0 0
698 0 0 0 0
699 0 0 0 0
700 0 0 0 0
701 0 0 0 0
702 0 0 0 0
703 0 0 0 0
704 0 0 0 0
705 0 0 0 0
706 0 0 0 0
707 0 0 0 0
708 0 0 0 0
709 0 0 0 0
710 0 0 0 0
711 0 0 0 0
712 0 0 0 0
713 0 0 0 0
714 0 0 0 0
715 0 0 0 0
716 0 0 0 0
717 0 0 0 0
718 0 0 0 0
719 0 0 0 0
720 0 0 0 0
721 0 0 0 0
722 0 0 0 0
723 0 0 0 0
724 0 0 0 0
725 0 0 0 0
726 0 0 0 0
727 0 0 0 0
