0 0 0 0 0
1 0 0 0 0
2 0 0 0 0
3 0 0 0 0
4 0 0 0 0
5 0 0 0 0
6 0 0 0 0
7 0 0 0 0
8 0 0 0 0
9 0 4 1 0
10 0 0 0 0
11 0 0 0 0
12 0 0 0 0
13 0 0 0 2
14 0 0 0 0
15 0 0 0 1
16 0 0 0 2
17 0 0 0 0
18 0 0 0 0
19 0 0 0 0
20 0 0 0 0
21 1 0 0 0
22 0 0 0 0
23 0 0 0 0
24 1 0 0 0
25 2 0 0 0
26 0 0 0 0
27 2 0 0 0
28 1 0 0 0
29 2 0 0 0
30 3 1 1 0
31 1 0 0 0
32 0 0 0 0
33 2 2 0 0
34 0 1 2 1
35 0 0 0 1
36 0 2 0 0
37 1 0 0 2
38 1 0 0 1
39 1 3 0 0
40 1 1 0 2
41 2 0 0 2
42 0 1 2 0
43 1 0 1 1
44 0 1 0 1
45 1 0 1 0
46 1 0 0 3
47 1 0 0 1
48 1 1 0 0
49 1 0 0 2
50 2 1 1 0
51 2 0 0 1
52 0 1 0 2
53 3 0 1 0
54 3 0 1 1
55 1 0 2 0
56 4 0 0 0
57 6 0 0 1
58 2 3 2 1
59 0 1 0 1
60 3 0 1 1
61 4 1 2 0
62 2 1 2 4
63 0 4 0 2
64 0 1 0 0
65 2 1 0 3
66 1 2 1 2
67 1 2 1 2
68 3 1 0 2
69 2 1 2 2
70 3 2 3 3
71 3 0 1 3
72 0 0 1 1
73 1 2 0 4
74 2 0 0 3
75 1 2 0 1
76 4 1 1 1
77 1 1 0 5
78 1 2 0 1
79 2 1 1 2
80 3 0 2 0
81 2 2 1 2
82 3 1 0 3
83 6 0 1 2
84 4 1 0 1
85 3 4 0 1
86 6 0 2 1
87 3 2 2 2
88 4 2 1 2
89 3 0 2 4
90 4 3 0 1
91 3 3 1 2
92 2 3 2 1
93 3 1 2 3
94 0 2 0 6
95 1 3 2 5
96 5 3 0 2
97 3 2 3 3
98 3 0 3 4
99 4 1 1 7
100 6 1 0 0
101 4 2 2 5
102 4 2 1 2
103 6 2 1 3
104 4 2 2 0
105 7 2 3 4
106 4 2 0 5
107 6 2 2 4
108 5 1 2 5
109 9 3 0 3
110 7 3 1 1
111 6 1 2 4
112 5 2 4 1
113 3 6 2 3
114 2 3 5 3
115 2 5 1 4
116 6 4 4 5
117 2 3 2 9
118 3 5 1 5
119 6 2 3 7
120 3 4 0 6
121 2 4 2 8
122 3 2 1 4
123 7 0 0 8
124 2 4 0 5
125 7 1 2 5
126 4 1 2 4
127 5 4 2 1
128 9 4 3 6
129 10 2 1 1
130 4 0 3 1
131 8 2 2 4
132 8 4 4 9
133 6 5 2 4
134 6 4 7 5
135 7 1 1 4
136 7 5 1 5
137 5 5 3 5
138 7 3 2 7
139 4 1 3 6
140 3 2 6 7
141 4 2 2 9
142 5 5 3 2
143 5 6 1 6
144 9 2 1 7
145 8 4 1 6
146 5 3 2 5
147 7 2 5 8
148 9 3 2 4
149 5 5 1 8
150 4 3 4 5
151 8 4 1 5
152 10 5 2 3
153 12 4 3 4
154 10 4 1 5
155 7 3 2 7
156 10 4 2 8
157 10 8 3 8
158 9 5 1 6
159 14 4 1 4
160 9 6 4 7
161 8 8 1 8
162 4 9 3 7
163 12 7 5 6
164 8 3 3 10
165 9 5 6 7
166 8 4 7 9
167 9 5 2 11
168 10 10 7 13
169 11 2 3 9
170 7 4 5 8
171 10 2 2 2
172 6 7 2 15
173 7 5 6 7
174 8 7 4 11
175 12 7 1 9
176 10 8 5 10
177 9 5 3 9
178 14 4 3 8
179 10 7 3 9
180 12 5 2 9
181 10 3 2 11
182 13 11 2 7
183 14 6 4 15
184 17 8 4 5
185 14 5 4 7
186 11 7 5 8
187 13 9 4 11
188 17 10 3 7
189 16 11 5 13
190 28 5 2 9
191 23 7 2 14
192 16 5 7 12
193 11 7 10 13
194 13 10 8 13
195 15 20 10 10
196 14 7 9 12
197 9 10 5 12
198 12 8 7 18
199 6 11 5 19
200 11 9 9 16
201 5 9 8 12
202 11 3 2 25
203 6 11 1 20
204 3 4 7 20
205 6 7 3 19
206 4 5 3 6
207 8 9 3 8
208 11 5 2 13
209 10 5 3 8
210 8 4 4 10
211 12 3 3 7
212 7 4 1 10
213 4 3 2 10
214 6 5 1 9
215 7 1 2 7
216 5 6 5 8
217 4 8 4 8
218 1 3 3 8
219 5 6 6 2
220 5 5 2 7
221 7 3 2 7
222 5 1 5 6
223 4 2 1 11
224 2 3 5 8
225 3 3 4 6
226 4 2 3 10
227 1 1 1 6
228 2 4 1 7
229 5 1 2 8
230 4 5 0 7
231 2 2 3 5
232 2 1 0 5
233 0 0 0 0
234 1 2 1 1
235 1 1 3 6
236 1 0 2 4
237 1 2 1 3
238 4 0 4 3
239 3 1 1 1
240 1 1 0 1
241 1 1 0 5
242 1 0 0 5
243 3 1 2 2
244 0 1 2 0
245 0 1 0 3
246 1 1 0 1
247 0 1 2 3
248 2 2 1 2
249 0 1 0 1
250 3 1 0 2
251 2 0 1 3
252 0 1 0 2
253 1 0 0 1
254 1 0 0 3
255 1 0 1 1
256 1 0 1 1
257 0 1 1 0
258 2 0 0 0
259 2 2 0 1
260 0 0 1 0
261 0 0 0 1
262 2 0 1 0
263 0 1 1 2
264 0 1 1 1
265 0 0 1 0
266 0 0 0 2
267 0 2 0 2
268 1 0 1 1
269 0 0 0 0
270 1 0 0 2
271 1 0 1 1
272 0 0 0 1
273 1 0 1 0
274 0 0 0 1
275 0 0 0 1
276 1 0 0 1
277 0 0 0 0
278 1 0 0 0
279 0 1 0 0
280 0 1 0 1
281 1 0 0 0
282 1 1 0 0
283 1 0 0 1
284 0 0 0 1
285 0 1 0 0
286 0 0 1 1
287 0 0 1 0
288 0 0 1 0
289 1 0 0 1
290 0 0 0 1
291 0 1 0 1
292 0 0 0 0
293 0 0 0 0
294 0 1 0 0
295 0 0 0 2
296 0 0 0 0
297 0 0 0 0
298 0 0 0 1
299 0 0 0 0
300 1 0 0 0
301 1 0 0 0
302 1 0 0 0
303 0 0 0 0
304 1 0 0 0
305 0 0 1 0
306 0 0 0 0
307 0 0 0 0
308 0 0 0 0
309 1 0 0 0
310 0 1 0 1
311 0 1 0 0
312 0 0 0 0
313 0 1 0 0
314 0 0 0 0
315 0 0 0 0
316 0 0 0 0
317 0 0 0 1
318 0 1 0 1
319 0 0 0 0
320 0 0 0 1
321 0 0 0 0
322 0 0 0 1
323 0 0 0 0
324 0 0 0 0
325 0 0 0 0
326 0 0 0 0
327 0 0 0 0
328 0 0 0 0
329 0 0 0 0
330 0 0 0 0
331 0 0 0 0
332 0 0 0 0
333 0 0 0 0
334 0 0 0 0
335 0 0 0 0
336 0 0 0 0
337 0 0 0 0
338 0 0 0 0
339 0 0 0 0
340 0 0 0 0
341 0 0 0 0
342 0 0 0 0
343 0 0 0 0
344 0 0 0 0
345 0 0 0 0
346 0 0 0 0
347 0 0 0 0
348 0 0 0 0
349 0 0 0 0
350 0 0 0 0
351 0 0 0 0
352 0 0 0 0
353 0 0 0 0
354 0 0 0 0
355 0 0 0 0
356 0 0 0 0
357 0 0 0 0
358 0 0 0 0
359 0 0 0 0
360 0 0 0 0
361 0 0 0 0
362 0 0 0 0
363 0 0 0 0
364 0 0 0 0
365 0 0 0 0
366 0 0 0 0
367 0 0 0 0
368 0 0 0 0
369 0 0 0 0
370 0 0 0 0
371 0 0 0 0
372 0 0 0 0
373 0 0 0 0
374 0 0 0 0
375 0 0 0 0
376 0 0 0 0
377 0 0 0 0
378 0 0 0 0
379 0 0 0 0
380 0 0 0 0
381 0 0 0 0
382 0 0 0 0
383 0 0 0 0
384 0 0 0 0
385 0 0 0 0
386 0 0 0 0
387 0 0 0 0
388 0 0 0 0
389 0 0 0 0
390 0 0 0 0
391 0 0 0 0
392 0 0 0 0
393 0 0 0 0
394 0 0 0 0
395 0 0 0 0
396 0 0 0 0
397 0 0 0 0
398 0 0 0 0
399 0 0 0 0
400 0 0 0 0
401 0 0 0 0
402 0 0 0 0
403 0 0 0 0
404 0 0 0 0
405 0 0 0 0
406 0 0 0 0
407 0 0 0 0
408 0 0 0 0
409 0 0 0 0
410 0 0 0 0
411 0 0 0 0
412 0 0 0 0
413 0 0 0 0
414 0 0 0 0
415 0 0 0 0
416 0 0 0 0
417 0 0 0 0
418 0 0 0 0
419 0 0 0 0
420 0 0 0 0
421 0 0 0 0
422 0 0 0 0
423 0 0 0 0
424 0 0 0 0
425 0 0 0 0
426 0 0 0 0
427 0 0 0 0
428 0 0 0 0
429 0 0 0 0
430 0 0 0 0
431 0 0 0 0
432 0 0 0 0
433 0 0 0 0
434 0 0 0 0
435 0 0 0 0
436 0 0 0 0
437 0 0 0 0
438 0 0 0 0
439 0 0 0 0
440 0 0 0 0
441 0 0 0 0
442 0 0 0 0
443 0 0 0 0
444 0 0 0 0
445 0 0 0 0
446 0 0 0 0
447 0 0 0 0
448 0 0 0 0
449 0 0 0 0
450 0 0 0 0
451 0 0 0 0
452 0 0 0 0
453 0 0 0 0
454 0 0 0 0
455 0 0 0 0
456 0 0 0 0
457 0 0 0 0
458 0 0 0 0
459 0 0 0 0
460 0 0 0 0
461 0 0 0 0
462 0 0 0 0
463 0 0 0 0
464 0 0 0 0
465 0 0 0 0
466 0 0 0 0
467 0 0 0 0
468 0 0 0 0
469 0 0 0 0
470 0 0 0 0
471 0 0 0 0
472 0 0 0 0
473 0 0 0 0
474 0 0 0 0
475 0 0 0 0
476 0 0 0 0
477 0 0 0 0
478 0 0 0 0
479 0 0 0 0
480 0 0 0 0
481 0 0 0 0
482 0 0 0 0
483 0 0 0 0
484 0 0 0 0
485 0 0 0 0
486 0 0 0 0
487 0 0 0 0
488 0 0 0 0
489 0 0 0 0
490 0 0 0 0
491 0 0 0 0
492 0 0 0 0
493 0 0 0 0
494 0 0 0 0
495 0 0 0 0
496 0 0 0 0
497 0 0 0 0
498 0 0 0 0
499 0 0 0 0
500 0 0 0 0
501 0 0 0 0
502 0 0 0 0
503 0 0 0 0
504 0 0 0 0
505 0 0 0 0
506 0 0 0 0
507 0 0 0 0
508 0 0 0 0
509 0 0 0 0
510 0 0 0 0
511 0 0 0 0
512 0 0 0 0
513 0 0 0 0
514 0 0 0 0
515 0 0 0 0
516 0 0 0 0
517 0 0 0 0
518 0 0 0 0
519 0 0 0 0
520 0 0 0 0
521 0 0 0 0
522 0 0 0 0
523 0 0 0 0
524 0 0 0 0
525 0 0 0 0
526 0 0 0 0
527 0 0 0 0
528 0 0 0 0
529 0 0 0 0
530 0 0 0 0
531 0 0 0 0
532 0 0 0 0
533 0 0 0 0
534 0 0 0 0
535 0 0 0 0
536 0 0 0 0
537 0 0 0 0
538 0 0 0 0
539 0 0 0 0
540 0 0 0 0
541 0 0 0 0
542 0 0 0 0
543 0 0 0 0
544 0 0 0 0
545 0 0 0 0
546 0 0 0 0
547 0 0 0 0
548 0 0 0 0
549 0 0 0 0
550 0 0 0 0
551 0 0 0 0
552 0 0 0 0
553 0 0 0 0
554 0 0 0 0
555 0 0 0 0
556 0 0 0 0
557 0 0 0 0
558 0 0 0 0
559 0 0 0 0
560 0 0 0 0
561 0 0 0 0
562 0 0 0 0
563 0 0 0 0
564 0 0 0 0
565 0 0 0 0
566 0 0 0 0
567 0 0 0 0
568 0 0 0 0
569 0 0 0 0
570 0 0 0 0
571 0 0 0 0
572 0 0 0 0
573 0 0 0 0
574 0 0 0 0
575 0 0 0 0
576 0 0 0 0
577 0 0 0 0
578 0 0 0 0
579 0 0 0 0
580 0 0 0 0
581 0 0 0 0
582 0 0 0 0
583 0 0 0 0
584 0 0 0 0
585 0 0 0 0
586 0 0 0 0
587 0 0 0 0
588 0 0 0 0
589 0 0 0 0
590 0 0 0 0
591 0 0 0 0
592 0 0 0 0
593 0 0 0 0
594 0 0 0 0
595 0 0 0 0
596 0 0 0 0
597 0 0 0 0
598 0 0 0 0
599 0 0 0 0
600 0 0 0 0
601 0 0 0 0
602 0 0 0 0
603 0 0 0 0
604 0 0 0 0
605 0 0 0 0
606 0 0 0 0
607 0 0 0 0
608 0 0 0 0
609 0 0 0 0
610 0 0 0 0
611 0 0 0 0
612 0 0 0 0
613 0 0 0 0
614 0 0 0 0
615 0 0 0 0
616 0 0 0 0
617 0 0 0 0
618 0 0 0 0
619 0 0 0 0
620 0 0 0 0
621 0 0 0 0
622 0 0 0 0
623 0 0 0 0
624 0 0 0 0
625 0 0 0 0
626 0 0 0 0
627 0 0 0 0
628 0 0 0 0
629 0 0 0 0
630 0 0 0 0
631 0 0 0 0
632 0 0 0 0
633 0 0 0 0
634 0 0 0 0
635 0 0 0 0
636 0 0 0 0
637 0 0 0 0
638 0 0 0 0
639 0 0 0 0
640 0 0 0 0
641 0 0 0 0
642 0 0 0 0
643 0 0 0 0
644 0 0 0 0
645 0 0 0 0
646 0 0 0 0
647 0 0 0 0
648 0 0 0 0
649 0 0 0 0
650 0 0 0 0
651 0 0 0 0
652 0 0 0 0
653 0 0 0 0
654 0 0 0 0
655 0 0 0 0
656 0 0 0 0
657 0 0 0 0
658 0 0 0 0
659 0 0 0 0
660 0 0 0 0
661 0 0 0 0
662 0 0 0 0
663 0 0 0 0
664 0 0 0 0
665 0 0 0 0
666 0 0 0 0
667 0 0 0 0
668 0 0 0 0
669 0 0 0 0
670 0 0 0 0
671 0 0 0 0
672 0 0 0 0
673 0 0 0 0
674 0 0 0 0
675 0 0 0 0
676 0 0 0 0
677 0 0 0 0
678 0 0 0 0
679 0 0 0 0
680 0 0 0 0
681 0 0 0 0
682 0 0 0 0
683 0 0 0 0
684 0 0 0 0
685 0 0 0 0
686 0 0 0 0
687 0 0 0 0
688 0 0 0 0
689 0 0 0 0
690 0 0 0 0
691 0 0 0 0
692 0 0 0 0
693 0 0 0 0
694 0 0 0 0
695 0 0 0 0
696 0 0 0 0
697 0 0 0 0
698 0 0 0 0
699 0 0 0 0
700 0 0 0 0
701 0 0 0 0
702 0 0 0 0
703 0 0 0 0
704 0 0 0 0
705 0 0 0 0
706 0 0 0 0
707 0 0 0 0
708 0 0 0 0
709 0 0 0 0
710 0 0 0 0
711 0 0 0 0
712 0 0 0 0
713 0 0 0 0
714 0 0 0 0
715 0 0 0 0
716 0 0 0 0
717 0 0 0 0
718 0 0 0 0
719 0 0 0 0
720 0 0 0 0
721 0 0 0 0
722 0 0 0 0
723 0 0 0 0
724 0 0 0 0
725 0 0 0 0
726 0 0 0 0
727 0 0 0 0
