0 0 0 0 0
1 0 0 0 0
2 0 0 0 0
3 0 0 0 0
4 0 0 0 0
5 0 1 2 0
6 0 0 0 0
7 0 0 0 0
8 0 0 0 0
9 0 1 1 0
10 0 0 0 0
11 0 0 0 0
12 0 0 0 3
13 0 0 0 2
14 0 0 0 0
15 1 0 0 0
16 0 0 0 0
17 0 0 0 0
18 2 0 0 0
19 0 0 0 0
20 0 1 0 0
21 1 0 0 0
22 2 0 0 0
23 1 0 1 0
24 2 0 0 0
25 1 0 0 0
26 1 1 0 0
27 1 1 1 1
28 1 0 1 0
29 1 0 1 0
30 0 0 0 1
31 1 1 0 2
32 1 0 0 0
33 1 1 1 0
34 0 1 0 1
35 1 0 1 2
36 0 0 2 1
37 0 0 1 0
38 0 1 1 0
39 1 0 0 1
40 3 0 1 3
41 2 0 0 2
42 1 0 0 1
43 0 0 0 1
44 0 0 0 1
45 1 0 1 1
46 1 1 0 0
47 1 0 0 0
48 2 2 0 0
49 3 3 0 1
50 1 1 0 0
51 1 1 0 0
52 2 0 0 1
53 2 1 0 1
54 0 0 1 0
55 3 0 0 1
56 5 0 1 3
57 1 1 3 2
58 4 1 1 1
59 2 0 1 0
60 4 0 3 0
61 2 2 1 3
62 1 1 0 1
63 3 1 1 1
64 1 2 0 3
65 2 2 1 3
66 0 2 1 2
67 1 2 0 4
68 2 1 1 3
69 2 1 1 2
70 2 2 0 2
71 7 1 0 3
72 0 2 0 1
73 2 2 0 1
74 2 0 1 2
75 4 0 1 1
76 2 3 1 3
77 6 1 0 1
78 5 3 0 1
79 3 2 0 2
80 2 4 2 2
81 2 0 0 1
82 4 1 1 1
83 1 1 3 4
84 3 2 1 5
85 1 1 1 2
86 1 1 4 1
87 1 2 3 5
88 2 1 2 1
89 2 3 0 1
90 1 1 2 7
91 2 0 2 3
92 2 0 0 1
93 1 2 0 2
94 3 0 0 4
95 4 0 0 4
96 5 3 0 2
97 3 2 0 5
98 5 2 0 1
99 3 1 0 0
100 4 2 1 2
101 4 2 4 3
102 8 0 3 0
103 9 1 4 1
104 2 3 1 2
105 6 2 2 7
106 7 4 0 3
107 5 4 4 3
108 6 2 4 3
109 5 1 0 4
110 4 4 1 5
111 4 2 3 6
112 6 4 3 4
113 5 3 2 2
114 8 4 2 8
115 5 8 1 6
116 2 2 2 5
117 7 3 2 5
118 6 4 0 3
119 8 2 3 8
120 7 0 2 4
121 5 3 2 8
122 3 2 2 4
123 5 5 2 7
124 4 3 4 1
125 5 3 1 4
126 5 5 2 3
127 5 2 2 7
128 5 3 5 3
129 3 5 2 4
130 7 4 2 8
131 3 4 1 8
132 5 3 0 4
133 1 3 0 6
134 4 3 0 3
135 2 3 0 6
136 3 3 1 6
137 6 5 1 8
138 3 3 2 5
139 4 5 1 1
140 3 3 0 4
141 3 4 0 4
142 4 2 1 4
143 5 2 4 4
144 3 1 2 6
145 3 2 1 6
146 2 3 1 4
147 5 2 0 4
148 2 3 0 4
149 4 2 2 4
150 2 3 2 3
151 4 2 0 1
152 4 4 3 2
153 11 0 0 5
154 6 2 0 4
155 4 2 1 2
156 6 1 3 7
157 6 3 2 2
158 5 6 5 4
159 6 0 2 5
160 5 2 0 2
161 4 2 2 1
162 7 5 3 8
163 9 7 1 2
164 6 4 3 4
165 8 4 3 5
166 7 4 0 7
167 8 4 2 6
168 4 3 2 5
169 3 1 3 6
170 4 4 2 4
171 4 3 4 9
172 9 6 3 5
173 6 2 1 7
174 7 3 3 3
175 11 3 1 7
176 8 3 3 7
177 10 4 1 6
178 6 5 2 6
179 7 3 2 7
180 4 7 3 5
181 3 5 4 5
182 10 4 3 6
183 10 5 5 5
184 8 2 4 8
185 11 3 1 10
186 8 4 1 7
187 7 3 3 10
188 10 8 6 7
189 10 3 4 4
190 6 6 2 8
191 7 5 4 5
192 6 6 4 9
193 13 5 6 1
194 12 5 4 5
195 7 3 3 12
196 7 1 1 10
197 8 4 4 12
198 7 11 3 8
199 10 4 3 7
200 11 5 2 7
201 13 3 3 11
202 13 5 4 10
203 12 6 6 4
204 10 7 3 7
205 14 3 3 12
206 12 6 4 8
207 13 3 5 12
208 5 10 6 8
209 13 6 8 9
210 6 9 4 8
211 4 10 2 8
212 7 7 4 10
213 6 3 5 14
214 8 3 7 13
215 4 6 4 15
216 6 7 3 13
217 2 2 2 10
218 5 1 6 14
219 5 2 5 5
220 2 1 2 9
221 4 5 3 5
222 6 1 5 10
223 5 3 3 5
224 4 4 3 6
225 5 0 3 8
226 2 3 0 7
227 4 2 3 5
228 4 3 2 9
229 3 1 2 4
230 5 5 1 4
231 2 3 2 5
232 9 3 1 4
233 4 2 1 1
234 2 3 0 6
235 3 2 1 4
236 2 1 2 4
237 4 2 5 3
238 3 1 0 5
239 3 2 1 5
240 2 0 1 2
241 2 5 1 5
242 2 4 3 0
243 2 1 2 5
244 3 0 2 2
245 4 2 1 4
246 4 1 0 5
247 4 2 0 2
248 1 2 2 4
249 2 2 1 6
250 3 1 1 2
251 1 1 1 1
252 2 1 3 5
253 3 1 2 0
254 2 4 1 3
255 1 2 1 2
256 2 1 1 5
257 1 1 0 3
258 2 0 1 3
259 0 4 1 4
260 0 1 0 2
261 1 2 1 4
262 2 3 0 1
263 1 1 1 3
264 3 0 0 1
265 0 0 0 2
266 2 0 1 3
267 0 1 0 2
268 3 1 0 1
269 1 0 1 2
270 2 0 0 2
271 1 0 1 1
272 2 0 0 1
273 2 3 2 2
274 1 1 0 0
275 1 1 2 1
276 3 1 0 0
277 1 1 0 1
278 1 0 1 0
279 0 0 1 2
280 0 0 1 4
281 0 2 1 3
282 1 0 1 1
283 1 0 1 0
284 1 0 0 1
285 1 0 1 2
286 0 1 0 1
287 0 1 0 0
288 1 0 0 2
289 0 0 0 2
290 0 0 0 1
291 1 0 1 1
292 2 0 1 0
293 1 1 0 1
294 0 0 1 0
295 0 0 0 0
296 1 0 0 1
297 1 1 0 1
298 1 0 1 1
299 1 0 0 0
300 0 1 0 0
301 0 2 1 1
302 1 0 0 0
303 0 0 0 0
304 0 0 0 1
305 1 0 0 2
306 0 0 1 0
307 0 0 1 1
308 1 1 0 2
309 0 0 0 0
310 0 0 1 0
311 0 1 0 0
312 0 0 0 1
313 0 0 0 1
314 0 0 0 1
315 0 0 0 0
316 0 0 0 0
317 0 0 1 1
318 0 0 0 1
319 0 0 0 0
320 0 0 0 0
321 1 0 0 1
322 1 0 0 0
323 0 0 0 0
324 0 0 0 0
325 0 0 0 0
326 0 0 1 0
327 0 0 0 0
328 0 0 0 0
329 0 0 0 0
330 0 0 0 1
331 0 1 0 0
332 0 0 0 0
333 0 0 0 0
334 0 0 0 0
335 0 0 0 1
336 0 0 0 0
337 0 0 0 0
338 0 0 0 0
339 0 0 0 0
340 0 0 0 0
341 0 0 0 0
342 0 0 0 0
343 0 0 0 0
344 0 0 0 0
345 0 0 0 0
346 0 0 0 0
347 0 0 0 0
348 0 0 0 0
349 0 0 0 0
350 0 0 0 0
351 0 0 0 0
352 0 0 0 0
353 0 0 0 0
354 0 0 0 0
355 0 0 0 0
356 0 0 0 0
357 0 0 0 0
358 0 0 0 0
359 0 0 0 0
360 0 0 0 0
361 0 0 0 0
362 0 0 0 0
363 0 0 0 0
364 0 0 0 0
365 0 0 0 0
366 0 0 0 0
367 0 0 0 0
368 0 0 0 0
369 0 0 0 0
370 0 0 0 0
371 0 0 0 0
372 0 0 0 0
373 0 0 0 0
374 0 0 0 0
375 0 0 0 0
376 0 0 0 0
377 0 0 0 0
378 0 0 0 0
379 0 0 0 0
380 0 0 0 0
381 0 0 0 0
382 0 0 0 0
383 0 0 0 0
384 0 0 0 0
385 0 0 0 0
386 0 0 0 0
387 0 0 0 0
388 0 0 0 0
389 0 0 0 0
390 0 0 0 0
391 0 0 0 0
392 0 0 0 0
393 0 0 0 0
394 0 0 0 0
395 0 0 0 0
396 0 0 0 0
397 0 0 0 0
398 0 0 0 0
399 0 0 0 0
400 0 0 0 0
401 0 0 0 0
402 0 0 0 0
403 0 0 0 0
404 0 0 0 0
405 0 0 0 0
406 0 0 0 0
407 0 0 0 0
408 0 0 0 0
409 0 0 0 0
410 0 0 0 0
411 0 0 0 0
412 0 0 0 0
413 0 0 0 0
414 0 0 0 0
415 0 0 0 0
416 0 0 0 0
417 0 0 0 0
418 0 0 0 0
419 0 0 0 0
420 0 0 0 0
421 0 0 0 0
422 0 0 0 0
423 0 0 0 0
424 0 0 0 0
425 0 0 0 0
426 0 0 0 0
427 0 0 0 0
428 0 0 0 0
429 0 0 0 0
430 0 0 0 0
431 0 0 0 0
432 0 0 0 0
433 0 0 0 0
434 0 0 0 0
435 0 0 0 0
436 0 0 0 0
437 0 0 0 0
438 0 0 0 0
439 0 0 0 0
440 0 0 0 0
441 0 0 0 0
442 0 0 0 0
443 0 0 0 0
444 0 0 0 0
445 0 0 0 0
446 0 0 0 0
447 0 0 0 0
448 0 0 0 0
449 0 0 0 0
450 0 0 0 0
451 0 0 0 0
452 0 0 0 0
453 0 0 0 0
454 0 0 0 0
455 0 0 0 0
456 0 0 0 0
457 0 0 0 0
458 0 0 0 0
459 0 0 0 0
460 0 0 0 0
461 0 0 0 0
462 0 0 0 0
463 0 0 0 0
464 0 0 0 0
465 0 0 0 0
466 0 0 0 0
467 0 0 0 0
468 0 0 0 0
469 0 0 0 0
470 0 0 0 0
471 0 0 0 0
472 0 0 0 0
473 0 0 0 0
474 0 0 0 0
475 0 0 0 0
476 0 0 0 0
477 0 0 0 0
478 0 0 0 0
479 0 0 0 0
480 0 0 0 0
481 0 0 0 0
482 0 0 0 0
483 0 0 0 0
484 0 0 0 0
485 0 0 0 0
486 0 0 0 0
487 0 0 0 0
488 0 0 0 0
489 0 0 0 0
490 0 0 0 0
491 0 0 0 0
492 0 0 0 0
493 0 0 0 0
494 0 0 0 0
495 0 0 0 0
496 0 0 0 0
497 0 0 0 0
498 0 0 0 0
499 0 0 0 0
500 0 0 0 0
501 0 0 0 0
502 0 0 0 0
503 0 0 0 0
504 0 0 0 0
505 0 0 0 0
506 0 0 0 0
507 0 0 0 0
508 0 0 0 0
509 0 0 0 0
510 0 0 0 0
511 0 0 0 0
512 0 0 0 0
513 0 0 0 0
514 0 0 0 0
515 0 0 0 0
516 0 0 0 0
517 0 0 0 0
518 0 0 0 0
519 0 0 0 0
520 0 0 0 0
521 0 0 0 0
522 0 0 0 0
523 0 0 0 0
524 0 0 0 0
525 0 0 0 0
526 0 0 0 0
527 0 0 0 0
528 0 0 0 0
529 0 0 0 0
530 0 0 0 0
531 0 0 0 0
532 0 0 0 0
533 0 0 0 0
534 0 0 0 0
535 0 0 0 0
536 0 0 0 0
537 0 0 0 0
538 0 0 0 0
539 0 0 0 0
540 0 0 0 0
541 0 0 0 0
542 0 0 0 0
543 0 0 0 0
544 0 0 0 0
545 0 0 0 0
546 0 0 0 0
547 0 0 0 0
548 0 0 0 0
549 0 0 0 0
550 0 0 0 0
551 0 0 0 0
552 0 0 0 0
553 0 0 0 0
554 0 0 0 0
555 0 0 0 0
556 0 0 0 0
557 0 0 0 0
558 0 0 0 0
559 0 0 0 0
560 0 0 0 0
561 0 0 0 0
562 0 0 0 0
563 0 0 0 0
564 0 0 0 0
565 0 0 0 0
566 0 0 0 0
567 0 0 0 0
568 0 0 0 0
569 0 0 0 0
570 0 0 0 0
571 0 0 0 0
572 0 0 0 0
573 0 0 0 0
574 0 0 0 0
575 0 0 0 0
576 0 0 0 0
577 0 0 0 0
578 0 0 0 0
579 0 0 0 0
580 0 0 0 0
581 0 0 0 0
582 0 0 0 0
583 0 0 0 0
584 0 0 0 0
585 0 0 0 0
586 0 0 0 0
587 0 0 0 0
588 0 0 0 0
589 0 0 0 0
590 0 0 0 0
591 0 0 0 0
592 0 0 0 0
593 0 0 0 0
594 0 0 0 0
595 0 0 0 0
596 0 0 0 0
597 0 0 0 0
598 0 0 0 0
599 0 0 0 0
600 0 0 0 0
601 0 0 0 0
602 0 0 0 0
603 0 0 0 0
604 0 0 0 0
605 0 0 0 0
606 0 0 0 0
607 0 0 0 0
608 0 0 0 0
609 0 0 0 0
610 0 0 0 0
611 0 0 0 0
612 0 0 0 0
613 0 0 0 0
614 0 0 0 0
615 0 0 0 0
616 0 0 0 0
617 0 0 0 0
618 0 0 0 0
619 0 0 0 0
620 0 0 0 0
621 0 0 0 0
622 0 0 0 0
623 0 0 0 0
624 0 0 0 0
625 0 0 0 0
626 0 0 0 0
627 0 0 0 0
628 0 0 0 0
629 0 0 0 0
630 0 0 0 0
631 0 0 0 0
632 0 0 0 0
633 0 0 0 0
634 0 0 0 0
635 0 0 0 0
636 0 0 0 0
637 0 0 0 0
638 0 0 0 0
639 0 0 0 0
640 0 0 0 0
641 0 0 0 0
642 0 0 0 0
643 0 0 0 0
644 0 0 0 0
645 0 0 0 0
646 0 0 0 0
647 0 0 0 0
648 0 0 0 0
649 0 0 0 0
650 0 0 0 0
651 0 0 0 0
652 0 0 0 0
653 0 0 0 0
654 0 0 0 0
655 0 0 0 0
656 0 0 0 0
657 0 0 0 0
658 0 0 0 0
659 0 0 0 0
660 0 0 0 0
661 0 0 0 0
662 0 0 0 0
663 0 0 0 0
664 0 0 0 0
665 0 0 0 0
666 0 0 0 0
667 0 0 0 0
668 0 0 0 0
669 0 0 0 0
670 0 0 0 0
671 0 0 0 0
672 0 0 0 0
673 0 0 0 0
674 0 0 0 0
675 0 0 0 0
676 0 0 0 0
677 0 0 0 0
678 0 0 0 0
679 0 0 0 0
680 0 0 0 0
681 0 0 0 0
682 0 0 0 0
683 0 0 0 0
684 0 0 0 0
685 0 0 0 0
686 0 0 0 0
687 0 0 0 0
688 0 0 0 0
689 0 0 0 0
690 0 0 0 0
691 0 0 0 0
692 0 0 0 0
693 0 0 0 0
694 0 0 0 0
695 0 0 0 0
696 0 0 0 0
697 0 0 0 0
698 0 0 0 0
699 0 0 0 0
700 0 0 0 0
701 0 0 0 0
702 0 0 0 0
703 0 0 0 0
704 0 0 0 0
705 0 0 0 0
706 0 0 0 0
707 0 0 0 0
708 0 0 0 0
709 0 0 0 0
710 0 0 0 0
711 0 0 0 0
712 0 0 0 0
713 0 0 0 0
714 0 0 0 0
715 0 0 0 0
716 0 0 0 0
717 0 0 0 0
718 0 0 0 0
719 0 0 0 0
720 0 0 0 0
721 0 0 0 0
722 0 0 0 0
723 0 0 0 0
724 0 0 0 0
725 0 0 0 0
726 0 0 0 0
727 0 0 0 0
