0 0 0 0 0
1 0 0 0 0
2 0 0 0 0
3 0 0 0 0
4 0 0 0 0
5 0 1 1 0
6 0 0 0 0
7 0 0 0 0
8 0 0 0 0
9 0 2 1 2
10 0 0 0 0
11 0 0 0 0
12 0 0 0 0
13 0 0 0 2
14 0 0 0 0
15 0 0 0 0
16 0 0 0 1
17 0 0 0 0
18 0 0 0 0
19 0 0 0 0
20 1 0 0 0
21 0 0 0 0
22 1 0 0 0
23 0 0 0 0
24 1 0 0 0
25 1 1 0 0
26 0 0 0 0
27 0 1 0 0
28 1 0 0 0
29 0 0 0 1
30 0 0 1 0
31 0 0 0 0
32 0 0 0 0
33 0 0 2 0
34 0 0 0 1
35 0 0 0 0
36 0 0 0 0
37 0 0 0 1
38 0 0 0 0
39 0 0 0 0
40 0 0 0 2
41 0 0 0 0
42 0 0 0 0
43 0 0 0 0
44 0 0 0 0
45 0 0 0 0
46 1 0 0 0
47 0 0 0 0
48 1 0 0 0
49 1 0 0 0
50 2 0 0 0
51 0 0 0 0
52 2 0 0 0
53 1 1 0 0
54 0 0 1 0
55 2 1 0 0
56 1 0 0 0
57 1 2 0 1
58 0 0 1 1
59 1 2 0 0
60 0 0 1 0
61 0 1 0 0
62 0 0 0 2
63 0 0 0 1
64 0 2 0 3
65 0 0 0 1
66 0 0 1 0
67 0 0 0 1
68 0 0 0 1
69 0 0 0 0
70 0 0 0 0
71 1 0 0 1
72 1 0 0 0
73 0 0 0 1
74 0 0 0 0
75 1 0 0 0
76 3 0 0 0
77 0 1 0 0
78 1 0 0 0
79 1 0 0 0
80 1 1 0 0
81 1 0 0 0
82 0 0 0 0
83 3 0 0 0
84 4 1 2 2
85 1 1 1 0
86 3 0 0 0
87 2 1 0 0
88 1 1 1 2
89 0 4 0 1
90 1 1 1 0
91 1 1 1 1
92 0 0 2 2
93 0 1 0 2
94 0 0 0 3
95 1 1 0 3
96 0 0 1 3
97 1 1 1 0
98 2 0 0 0
99 2 1 0 1
100 0 0 0 2
101 0 0 0 1
102 3 0 0 1
103 3 1 0 0
104 2 0 1 1
105 1 0 0 0
106 2 0 1 1
107 2 1 1 1
108 0 1 3 1
109 3 0 0 0
110 3 0 1 0
111 3 2 1 1
112 1 2 0 2
113 2 1 0 1
114 2 1 1 3
115 0 0 1 3
116 1 1 0 0
117 2 0 0 0
118 1 1 2 1
119 0 1 3 2
120 3 3 0 1
121 2 0 2 2
122 2 2 0 3
123 2 2 0 4
124 0 0 0 0
125 0 0 1 3
126 0 1 0 2
127 2 0 1 4
128 3 1 0 0
129 3 4 0 2
130 3 1 0 2
131 6 1 0 0
132 4 0 1 0
133 5 0 2 1
134 3 1 0 2
135 1 1 0 1
136 3 2 2 3
137 4 1 2 1
138 3 2 3 1
139 3 3 1 2
140 5 2 2 2
141 2 3 1 3
142 2 3 1 1
143 2 3 1 5
144 4 0 0 2
145 2 1 2 6
146 6 3 2 5
147 4 2 1 4
148 6 1 1 2
149 8 2 1 5
150 3 1 1 6
151 3 5 0 2
152 8 0 3 1
153 10 5 1 2
154 7 4 0 4
155 4 1 1 4
156 4 1 2 4
157 3 1 4 5
158 5 6 4 3
159 5 5 3 3
160 3 3 5 5
161 3 3 2 2
162 5 4 0 6
163 5 2 3 5
164 8 1 2 11
165 2 3 2 5
166 4 3 2 5
167 4 4 2 5
168 3 5 0 7
169 8 3 2 2
170 7 1 0 7
171 3 0 3 3
172 4 2 1 4
173 6 3 2 3
174 4 7 2 4
175 10 2 2 5
176 9 2 5 5
177 5 1 1 4
178 8 2 1 5
179 6 3 2 3
180 8 3 3 7
181 3 2 5 6
182 4 4 1 4
183 7 4 2 5
184 6 4 3 2
185 6 6 4 5
186 9 5 0 9
187 4 4 3 5
188 6 3 5 7
189 8 5 4 9
190 6 1 3 9
191 7 3 2 5
192 5 6 1 8
193 9 3 0 7
194 10 5 4 5
195 9 5 3 3
196 9 2 3 8
197 12 6 1 4
198 9 6 3 8
199 12 5 2 7
200 9 5 3 5
201 8 3 1 10
202 4 6 5 5
203 8 9 4 5
204 10 6 3 3
205 3 5 4 9
206 10 8 2 11
207 5 4 1 12
208 6 9 3 8
209 5 8 1 9
210 5 2 2 9
211 3 5 4 7
212 0 3 3 8
213 4 5 3 11
214 2 3 2 3
215 2 5 2 11
216 2 2 1 7
217 6 2 2 7
218 7 2 0 9
219 4 3 1 10
220 2 1 0 5
221 1 2 0 2
222 2 5 1 2
223 2 3 3 5
224 4 3 1 3
225 3 1 0 2
226 1 3 1 4
227 1 2 1 4
228 2 1 2 7
229 2 2 1 2
230 2 2 1 5
231 2 0 0 2
232 3 2 0 1
233 0 0 2 4
234 1 2 0 2
235 2 1 0 2
236 2 0 0 2
237 1 1 0 2
238 1 1 1 2
239 1 0 2 3
240 1 2 0 2
241 3 2 1 0
242 0 1 0 1
243 3 1 1 2
244 1 1 1 2
245 0 2 1 2
246 1 0 1 1
247 1 0 0 0
248 1 1 0 5
249 1 1 0 2
250 1 2 0 3
251 1 1 0 0
252 1 0 3 1
253 1 0 0 2
254 0 0 1 1
255 0 1 0 0
256 1 1 0 1
257 1 0 1 1
258 2 0 1 2
259 1 0 0 2
260 1 0 0 0
261 0 1 0 1
262 1 0 0 2
263 1 0 1 1
264 2 0 0 0
265 0 0 2 1
266 0 0 1 0
267 0 1 1 0
268 0 0 1 0
269 3 1 0 0
270 2 0 0 1
271 1 0 0 0
272 0 0 1 2
273 0 1 0 2
274 1 0 1 2
275 0 1 1 1
276 0 0 0 1
277 1 0 0 0
278 1 1 1 1
279 0 1 0 0
280 2 0 1 1
281 0 0 0 0
282 0 1 0 4
283 0 0 1 1
284 0 0 0 1
285 1 2 0 0
286 0 0 0 0
287 0 0 0 1
288 0 0 0 0
289 0 0 0 2
290 1 1 0 0
291 0 0 0 0
292 0 0 0 1
293 2 0 0 0
294 0 0 0 1
295 0 1 0 0
296 1 0 0 0
297 1 0 0 0
298 1 0 1 0
299 2 0 0 0
300 0 0 0 0
301 0 0 0 0
302 0 0 2 2
303 0 0 1 0
304 1 1 0 0
305 1 1 0 0
306 0 0 0 1
307 0 0 0 1
308 0 1 0 1
309 0 1 0 2
310 0 0 0 0
311 0 0 0 0
312 1 0 0 1
313 0 0 0 1
314 0 0 1 0
315 1 0 0 0
316 0 0 0 0
317 1 1 0 0
318 0 0 0 1
319 0 0 0 0
320 1 1 0 0
321 0 0 0 1
322 1 0 1 0
323 0 0 0 0
324 0 0 0 0
325 0 0 1 0
326 0 0 0 1
327 1 0 1 1
328 0 0 0 0
329 0 0 0 0
330 0 0 0 0
331 0 0 0 0
332 1 0 0 1
333 0 0 0 0
334 1 0 0 1
335 0 0 0 0
336 0 1 0 0
337 0 0 0 0
338 0 0 0 0
339 0 0 1 0
340 0 0 0 0
341 0 1 0 0
342 0 0 0 0
343 0 0 0 1
344 0 0 0 0
345 0 0 0 1
346 0 0 0 1
347 0 0 0 0
348 0 0 0 0
349 0 0 0 0
350 0 0 0 0
351 0 0 0 0
352 0 0 0 0
353 0 0 0 0
354 0 0 0 0
355 0 0 0 0
356 0 0 0 0
357 0 0 0 0
358 0 0 0 0
359 0 0 0 0
360 0 0 0 0
361 1 0 0 0
362 1 0 0 0
363 1 0 0 0
364 0 0 0 0
365 0 0 0 0
366 0 0 1 0
367 0 1 0 0
368 0 0 0 0
369 0 0 0 0
370 0 0 0 1
371 0 0 0 0
372 0 1 0 0
373 0 0 0 0
374 0 0 0 1
375 0 0 0 0
376 0 0 0 0
377 0 0 0 0
378 0 0 0 0
379 0 0 0 1
380 0 0 0 0
381 0 0 0 0
382 0 0 0 0
383 0 0 0 0
384 1 0 0 0
385 0 0 0 0
386 1 0 0 0
387 1 0 0 0
388 0 0 0 0
389 0 0 1 0
390 0 0 0 0
391 0 0 1 0
392 0 1 0 0
393 0 0 0 1
394 0 0 0 0
395 0 0 0 1
396 0 0 0 0
397 0 0 0 0
398 0 0 0 0
399 0 0 0 1
400 1 0 0 0
401 1 0 0 0
402 1 0 0 0
403 1 0 0 0
404 1 0 0 0
405 0 0 1 0
406 0 0 0 0
407 0 0 1 0
408 0 0 0 0
409 0 0 0 0
410 0 1 0 0
411 0 0 0 1
412 0 1 0 1
413 0 1 0 0
414 0 0 0 1
415 1 0 0 0
416 0 0 0 0
417 1 0 0 0
418 0 0 0 0
419 1 0 0 1
420 1 0 0 1
421 0 0 0 0
422 1 0 0 0
423 0 0 0 0
424 2 1 0 0
425 1 1 0 0
426 0 1 0 0
427 1 0 0 0
428 0 1 1 1
429 0 0 1 0
430 0 0 0 1
431 0 0 0 0
432 0 1 0 3
433 0 0 1 0
434 0 0 1 0
435 1 0 0 0
436 0 0 0 1
437 0 0 0 1
438 0 0 0 1
439 0 0 0 1
440 1 0 0 0
441 0 0 0 0
442 0 0 0 0
443 0 0 0 0
444 2 1 0 0
445 1 0 0 0
446 1 0 0 0
447 1 0 0 0
448 3 0 0 1
449 1 0 1 0
450 1 1 0 0
451 1 1 0 0
452 0 1 0 0
453 1 1 2 1
454 0 1 0 0
455 0 0 1 1
456 0 0 0 2
457 1 1 1 1
458 1 0 0 0
459 0 0 0 1
460 1 1 0 2
461 0 0 0 1
462 0 1 0 0
463 1 1 0 0
464 0 0 0 2
465 0 0 0 0
466 0 0 1 1
467 1 0 0 2
468 1 0 0 0
469 0 1 0 0
470 3 0 0 1
471 0 0 0 0
472 1 1 0 0
473 0 0 0 1
474 0 0 0 0
475 4 1 0 0
476 2 2 0 0
477 2 1 0 0
478 1 0 0 0
479 1 1 1 1
480 2 2 1 1
481 1 2 0 1
482 2 0 0 1
483 2 1 0 1
484 1 0 1 1
485 0 1 0 1
486 1 1 1 1
487 0 1 0 4
488 0 1 3 1
489 0 2 0 0
490 0 0 0 1
491 1 1 1 3
492 0 0 0 4
493 0 0 0 2
494 2 0 0 0
495 0 0 0 3
496 2 1 0 0
497 1 0 0 0
498 3 0 0 0
499 2 1 0 0
500 0 0 0 0
501 2 0 2 0
502 2 0 0 0
503 3 3 0 2
504 2 1 0 0
505 1 0 0 1
506 0 1 0 0
507 1 2 0 3
508 3 2 1 1
509 2 1 0 0
510 2 2 0 2
511 0 1 0 1
512 1 1 2 1
513 1 1 1 1
514 2 2 0 2
515 0 0 2 2
516 0 0 0 0
517 0 1 2 2
518 1 0 0 2
519 1 0 0 3
520 3 0 0 1
521 3 0 0 2
522 3 1 0 2
523 3 2 1 0
524 2 1 0 2
525 2 1 0 0
526 1 1 0 0
527 2 1 1 1
528 3 0 1 0
529 2 1 3 2
530 2 1 2 3
531 1 0 1 2
532 0 2 2 0
533 1 0 0 3
534 0 2 0 3
535 1 2 0 2
536 1 0 1 3
537 0 2 1 0
538 0 1 1 2
539 2 1 0 3
540 1 0 0 1
541 0 0 0 2
542 0 0 0 2
543 0 0 0 1
544 2 0 3 2
545 3 1 0 1
546 2 0 0 0
547 1 0 0 0
548 4 0 0 2
549 3 2 0 1
550 1 2 1 0
551 4 1 1 1
552 2 0 1 0
553 2 2 1 0
554 1 1 0 2
555 1 0 0 0
556 1 1 1 2
557 0 2 4 4
558 2 2 0 3
559 0 1 0 1
560 0 1 0 2
561 2 1 0 5
562 1 1 1 1
563 0 1 1 1
564 1 0 0 2
565 0 0 0 2
566 3 1 0 2
567 2 0 1 2
568 0 0 0 0
569 1 1 0 0
570 2 1 0 0
571 1 2 2 1
572 1 0 1 0
573 0 0 0 1
574 0 1 0 1
575 0 0 0 3
576 2 1 1 2
577 2 0 0 0
578 1 0 0 1
579 0 1 1 0
580 0 0 0 0
581 1 1 0 1
582 0 0 1 0
583 0 1 0 3
584 1 0 0 0
585 0 2 0 1
586 0 1 1 2
587 2 0 0 0
588 0 0 0 1
589 2 1 0 1
590 0 0 0 1
591 0 0 0 0
592 0 1 0 2
593 0 0 0 1
594 0 0 0 0
595 0 0 0 0
596 0 1 0 1
597 0 0 0 0
598 0 1 1 0
599 0 0 0 0
600 0 0 0 1
601 0 0 0 0
602 0 0 0 2
603 0 0 0 0
604 0 0 0 0
605 0 0 0 0
606 0 0 0 0
607 0 0 0 0
608 0 0 0 0
609 0 0 0 0
610 0 0 0 0
611 0 0 0 0
612 0 0 0 0
613 0 0 0 0
614 0 0 0 0
615 0 0 0 0
616 0 0 0 0
617 0 0 0 0
618 0 0 0 0
619 0 0 0 0
620 0 0 0 0
621 0 0 0 0
622 0 0 0 0
623 0 0 0 0
624 0 0 0 0
625 0 0 0 0
626 0 0 0 0
627 0 0 0 0
628 0 0 0 0
629 0 0 0 0
630 0 0 0 0
631 0 0 0 0
632 0 0 0 0
633 0 0 0 0
634 0 0 0 0
635 0 0 0 0
636 0 0 0 0
637 0 0 0 0
638 0 0 0 0
639 0 0 0 0
640 0 0 0 0
641 0 0 0 0
642 0 0 0 0
643 0 0 0 0
644 0 0 0 0
645 0 0 0 0
646 0 0 0 0
647 0 0 0 0
648 0 0 0 0
649 0 0 0 0
650 0 0 0 0
651 0 0 0 0
652 0 0 0 0
653 0 0 0 0
654 0 0 0 0
655 0 0 0 0
656 0 0 0 0
657 0 0 0 0
658 0 0 0 0
659 0 0 0 0
660 0 0 0 0
661 0 0 0 0
662 0 0 0 0
663 0 0 0 0
664 0 0 0 0
665 0 0 0 0
666 0 0 0 0
667 0 0 0 0
668 0 0 0 0
669 0 0 0 0
670 0 0 0 0
671 0 0 0 0
672 0 0 0 0
673 0 0 0 0
674 0 0 0 0
675 0 0 0 0
676 0 0 0 0
677 0 0 0 0
678 0 0 0 0
679 0 0 0 0
680 0 0 0 0
681 0 0 0 0
682 0 0 0 0
683 0 0 0 0
684 0 0 0 0
685 0 0 0 0
686 0 0 0 0
687 0 0 0 0
688 0 0 0 0
689 0 0 0 0
690 0 0 0 0
691 0 0 0 0
692 0 0 0 0
693 0 0 0 0
694 0 0 0 0
695 0 0 0 0
696 0 0 0 0
697 0 0 0 0
698 0 0 0 0
699 0 0 0 0
700 0 0 0 0
701 0 0 0 0
702 0 0 0 0
703 0 0 0 0
704 0 0 0 0
705 0 0 0 0
706 0 0 0 0
707 0 0 0 0
708 0 0 0 0
709 0 0 0 0
710 0 0 0 0
711 0 0 0 0
712 0 0 0 0
713 0 0 0 0
714 0 0 0 0
715 0 0 0 0
716 0 0 0 0
717 0 0 0 0
718 0 0 0 0
719 0 0 0 0
720 0 0 0 0
721 0 0 0 0
722 0 0 0 0
723 0 0 0 0
724 0 0 0 0
725 0 0 0 0
726 0 0 0 0
727 0 0 0 0
