0 0 0 0 0
1 0 0 0 0
2 0 0 0 0
3 0 0 0 0
4 0 0 0 0
5 0 0 3 0
6 0 0 0 0
7 0 0 0 0
8 0 0 0 0
9 0 0 2 0
10 0 0 0 0
11 0 0 0 0
12 0 0 0 3
13 0 0 0 0
14 0 0 0 0
15 0 0 0 0
16 0 0 0 2
17 0 0 0 0
18 2 0 0 0
19 2 0 0 0
20 3 0 0 0
21 2 0 0 0
22 0 0 0 0
23 1 0 0 0
24 1 0 1 0
25 0 0 0 0
26 1 2 0 0
27 1 1 1 0
28 0 0 1 1
29 0 2 2 0
30 1 0 0 1
31 1 0 0 2
32 2 1 0 0
33 0 0 0 3
34 0 0 0 0
35 0 1 0 1
36 1 0 1 2
37 2 1 0 0
38 2 0 0 0
39 2 1 0 2
40 2 1 0 0
41 3 0 1 1
42 3 1 0 0
43 2 1 0 1
44 2 1 1 2
45 1 2 0 1
46 1 1 1 1
47 0 2 1 0
48 3 2 1 1
49 3 0 1 1
50 1 0 2 2
51 0 1 1 3
52 1 0 0 1
53 1 3 1 1
54 1 0 0 1
55 0 0 1 4
56 1 0 0 1
57 0 0 1 5
58 1 2 2 1
59 3 0 0 0
60 0 0 1 1
61 0 1 0 0
62 2 0 0 2
63 0 0 1 0
64 2 1 0 1
65 3 0 0 4
66 6 0 0 0
67 5 1 1 1
68 4 1 1 1
69 5 0 2 0
70 5 1 1 1
71 4 3 0 2
72 4 1 0 2
73 4 1 1 1
74 2 3 0 2
75 5 3 3 0
76 3 4 4 2
77 2 2 1 2
78 0 4 0 4
79 2 4 1 3
80 0 1 0 2
81 5 2 0 3
82 1 3 1 6
83 3 1 0 8
84 3 3 3 3
85 1 1 1 1
86 1 3 1 4
87 5 1 0 3
88 2 2 1 4
89 3 2 1 2
90 3 3 0 1
91 2 0 0 3
92 2 3 2 2
93 2 0 0 5
94 4 0 0 2
95 4 1 1 3
96 3 1 0 5
97 3 1 3 2
98 4 4 1 0
99 2 2 1 1
100 6 3 1 0
101 3 0 1 1
102 3 1 1 4
103 1 3 1 2
104 3 4 0 6
105 3 3 3 4
106 2 2 0 3
107 3 4 2 2
108 7 1 0 3
109 2 3 1 3
110 5 1 3 4
111 4 1 1 1
112 6 0 0 5
113 2 0 4 3
114 6 2 1 10
115 1 3 0 0
116 4 3 3 2
117 1 6 2 1
118 4 0 1 3
119 5 3 1 1
120 2 0 1 7
121 4 4 2 8
122 4 0 1 3
123 4 2 4 3
124 3 1 3 3
125 4 2 1 6
126 0 2 2 2
127 4 3 0 4
128 7 2 2 3
129 5 0 1 2
130 2 1 3 4
131 4 3 0 3
132 8 1 2 2
133 3 6 2 3
134 2 1 2 3
135 4 1 0 6
136 3 3 3 1
137 3 2 3 8
138 8 3 2 2
139 6 1 2 3
140 4 1 1 5
141 3 4 1 6
142 5 1 0 5
143 8 4 3 4
144 8 2 2 3
145 4 1 2 3
146 12 1 2 3
147 8 2 1 3
148 12 5 3 5
149 11 5 3 2
150 8 3 2 6
151 12 11 1 6
152 8 4 6 2
153 10 2 5 3
154 5 4 5 1
155 6 6 4 12
156 6 5 3 11
157 6 11 3 10
158 4 6 2 12
159 8 1 2 10
160 6 6 4 4
161 7 5 2 10
162 7 7 2 8
163 12 3 2 8
164 10 4 3 12
165 3 4 2 8
166 10 2 4 9
167 7 4 2 4
168 11 10 2 4
169 2 2 3 8
170 14 4 1 7
171 12 5 2 9
172 7 5 3 8
173 11 7 5 4
174 8 0 1 5
175 14 6 4 9
176 6 6 3 10
177 6 4 6 7
178 5 6 1 2
179 8 8 2 11
180 14 8 7 11
181 6 5 1 4
182 13 4 4 6
183 11 3 4 11
184 9 5 3 15
185 13 7 5 7
186 17 5 4 8
187 8 7 5 11
188 6 6 6 8
189 12 3 5 12
190 12 5 4 6
191 10 10 4 13
192 7 7 4 11
193 11 6 2 9
194 10 5 9 6
195 5 9 6 14
196 13 5 3 10
197 17 3 3 11
198 9 3 8 15
199 14 6 3 15
200 8 2 4 6
201 13 6 5 7
202 9 7 9 12
203 9 9 1 10
204 13 7 4 4
205 10 8 2 12
206 5 10 4 11
207 8 7 2 13
208 13 8 3 9
209 9 6 0 15
210 5 9 4 9
211 8 4 5 9
212 5 8 3 12
213 9 9 4 10
214 10 6 2 14
215 10 2 4 7
216 7 3 4 11
217 5 5 5 11
218 8 8 3 10
219 6 5 3 8
220 3 4 3 10
221 2 2 3 5
222 2 4 3 9
223 3 4 7 7
224 5 6 4 9
225 4 3 1 6
226 9 2 0 9
227 8 1 2 11
228 7 3 0 6
229 5 2 2 5
230 2 3 2 5
231 3 6 1 9
232 1 0 3 3
233 2 1 1 5
234 9 4 0 4
235 2 3 1 4
236 5 3 2 2
237 7 3 3 4
238 1 2 2 3
239 1 2 4 5
240 4 2 1 3
241 5 2 3 5
242 1 2 3 4
243 7 2 2 5
244 1 0 2 6
245 2 4 0 6
246 3 2 5 8
247 2 0 0 2
248 3 4 2 2
249 3 1 1 3
250 2 3 0 6
251 2 0 2 2
252 3 1 1 4
253 2 2 1 5
254 5 2 0 0
255 2 0 2 6
256 3 2 0 1
257 2 0 3 4
258 2 2 2 2
259 1 4 0 1
260 6 0 1 3
261 1 2 1 1
262 4 0 1 3
263 2 3 1 5
264 2 1 1 3
265 1 3 3 2
266 1 2 0 3
267 4 1 2 4
268 1 1 1 3
269 3 2 2 3
270 0 1 0 2
271 1 1 1 3
272 0 0 1 4
273 3 0 1 3
274 1 1 2 1
275 2 0 0 3
276 0 3 0 2
277 1 0 0 0
278 3 2 1 4
279 0 0 1 0
280 1 1 0 2
281 1 1 0 1
282 1 1 1 1
283 0 0 2 1
284 0 0 1 0
285 1 0 1 4
286 0 2 0 2
287 0 0 1 1
288 0 0 0 0
289 0 0 0 2
290 1 0 0 3
291 0 0 0 1
292 1 0 0 0
293 1 0 0 0
294 0 0 1 1
295 0 0 1 0
296 1 0 0 0
297 0 1 0 0
298 0 1 0 1
299 0 0 0 1
300 0 0 0 0
301 0 0 1 0
302 0 0 0 0
303 1 0 0 0
304 0 0 0 1
305 0 0 0 2
306 0 0 0 0
307 0 0 0 0
308 0 0 0 0
309 0 0 0 0
310 0 0 0 0
311 1 0 0 0
312 0 0 1 0
313 0 0 0 0
314 0 0 0 0
315 0 0 0 0
316 0 1 0 1
317 0 0 0 0
318 1 0 0 0
319 0 0 0 0
320 0 0 0 0
321 0 0 0 0
322 0 0 0 0
323 0 0 1 1
324 0 0 0 0
325 0 0 0 0
326 0 0 0 0
327 0 0 0 0
328 0 0 0 0
329 0 0 0 0
330 0 0 0 1
331 0 0 0 0
332 0 0 0 0
333 0 0 0 0
334 0 0 0 0
335 0 0 0 0
336 0 0 0 0
337 0 0 0 0
338 0 0 0 0
339 0 0 0 0
340 0 0 0 0
341 0 0 0 0
342 0 0 0 0
343 0 0 0 0
344 0 0 0 0
345 0 0 0 0
346 0 0 0 0
347 0 0 0 0
348 0 0 0 0
349 0 0 0 0
350 0 0 0 0
351 0 0 0 0
352 0 0 0 0
353 0 0 0 0
354 0 0 0 0
355 0 0 0 0
356 0 0 0 0
357 0 0 0 0
358 0 0 0 0
359 0 0 0 0
360 0 0 0 0
361 0 0 0 0
362 0 0 0 0
363 0 0 0 0
364 0 0 0 0
365 0 0 0 0
366 0 0 0 0
367 0 0 0 0
368 0 0 0 0
369 0 0 0 0
370 0 0 0 0
371 0 0 0 0
372 0 0 0 0
373 0 0 0 0
374 0 0 0 0
375 0 0 0 0
376 0 0 0 0
377 0 0 0 0
378 0 0 0 0
379 0 0 0 0
380 0 0 0 0
381 0 0 0 0
382 0 0 0 0
383 0 0 0 0
384 0 0 0 0
385 0 0 0 0
386 0 0 0 0
387 0 0 0 0
388 0 0 0 0
389 0 0 0 0
390 0 0 0 0
391 0 0 0 0
392 0 0 0 0
393 0 0 0 0
394 0 0 0 0
395 0 0 0 0
396 0 0 0 0
397 0 0 0 0
398 0 0 0 0
399 0 0 0 0
400 0 0 0 0
401 0 0 0 0
402 0 0 0 0
403 0 0 0 0
404 0 0 0 0
405 0 0 0 0
406 0 0 0 0
407 0 0 0 0
408 0 0 0 0
409 0 0 0 0
410 0 0 0 0
411 0 0 0 0
412 0 0 0 0
413 0 0 0 0
414 0 0 0 0
415 0 0 0 0
416 0 0 0 0
417 0 0 0 0
418 0 0 0 0
419 0 0 0 0
420 0 0 0 0
421 0 0 0 0
422 0 0 0 0
423 0 0 0 0
424 0 0 0 0
425 0 0 0 0
426 0 0 0 0
427 0 0 0 0
428 0 0 0 0
429 0 0 0 0
430 0 0 0 0
431 0 0 0 0
432 0 0 0 0
433 0 0 0 0
434 0 0 0 0
435 0 0 0 0
436 0 0 0 0
437 0 0 0 0
438 0 0 0 0
439 0 0 0 0
440 0 0 0 0
441 0 0 0 0
442 0 0 0 0
443 0 0 0 0
444 0 0 0 0
445 0 0 0 0
446 0 0 0 0
447 0 0 0 0
448 0 0 0 0
449 0 0 0 0
450 0 0 0 0
451 0 0 0 0
452 0 0 0 0
453 0 0 0 0
454 0 0 0 0
455 0 0 0 0
456 0 0 0 0
457 0 0 0 0
458 0 0 0 0
459 0 0 0 0
460 0 0 0 0
461 0 0 0 0
462 0 0 0 0
463 0 0 0 0
464 0 0 0 0
465 0 0 0 0
466 0 0 0 0
467 0 0 0 0
468 0 0 0 0
469 0 0 0 0
470 0 0 0 0
471 0 0 0 0
472 0 0 0 0
473 0 0 0 0
474 0 0 0 0
475 0 0 0 0
476 0 0 0 0
477 0 0 0 0
478 0 0 0 0
479 0 0 0 0
480 0 0 0 0
481 0 0 0 0
482 0 0 0 0
483 0 0 0 0
484 0 0 0 0
485 0 0 0 0
486 0 0 0 0
487 0 0 0 0
488 0 0 0 0
489 0 0 0 0
490 0 0 0 0
491 0 0 0 0
492 0 0 0 0
493 0 0 0 0
494 0 0 0 0
495 0 0 0 0
496 0 0 0 0
497 0 0 0 0
498 0 0 0 0
499 0 0 0 0
500 0 0 0 0
501 0 0 0 0
502 0 0 0 0
503 0 0 0 0
504 0 0 0 0
505 0 0 0 0
506 0 0 0 0
507 0 0 0 0
508 0 0 0 0
509 0 0 0 0
510 0 0 0 0
511 0 0 0 0
512 0 0 0 0
513 0 0 0 0
514 0 0 0 0
515 0 0 0 0
516 0 0 0 0
517 0 0 0 0
518 0 0 0 0
519 0 0 0 0
520 0 0 0 0
521 0 0 0 0
522 0 0 0 0
523 0 0 0 0
524 0 0 0 0
525 0 0 0 0
526 0 0 0 0
527 0 0 0 0
528 0 0 0 0
529 0 0 0 0
530 0 0 0 0
531 0 0 0 0
532 0 0 0 0
533 0 0 0 0
534 0 0 0 0
535 0 0 0 0
536 0 0 0 0
537 0 0 0 0
538 0 0 0 0
539 0 0 0 0
540 0 0 0 0
541 0 0 0 0
542 0 0 0 0
543 0 0 0 0
544 0 0 0 0
545 0 0 0 0
546 0 0 0 0
547 0 0 0 0
548 0 0 0 0
549 0 0 0 0
550 0 0 0 0
551 0 0 0 0
552 0 0 0 0
553 0 0 0 0
554 0 0 0 0
555 0 0 0 0
556 0 0 0 0
557 0 0 0 0
558 0 0 0 0
559 0 0 0 0
560 0 0 0 0
561 0 0 0 0
562 0 0 0 0
563 0 0 0 0
564 0 0 0 0
565 0 0 0 0
566 0 0 0 0
567 0 0 0 0
568 0 0 0 0
569 0 0 0 0
570 0 0 0 0
571 0 0 0 0
572 0 0 0 0
573 0 0 0 0
574 0 0 0 0
575 0 0 0 0
576 0 0 0 0
577 0 0 0 0
578 0 0 0 0
579 0 0 0 0
580 0 0 0 0
581 0 0 0 0
582 0 0 0 0
583 0 0 0 0
584 0 0 0 0
585 0 0 0 0
586 0 0 0 0
587 0 0 0 0
588 0 0 0 0
589 0 0 0 0
590 0 0 0 0
591 0 0 0 0
592 0 0 0 0
593 0 0 0 0
594 0 0 0 0
595 0 0 0 0
596 0 0 0 0
597 0 0 0 0
598 0 0 0 0
599 0 0 0 0
600 0 0 0 0
601 0 0 0 0
602 0 0 0 0
603 0 0 0 0
604 0 0 0 0
605 0 0 0 0
606 0 0 0 0
607 0 0 0 0
608 0 0 0 0
609 0 0 0 0
610 0 0 0 0
611 0 0 0 0
612 0 0 0 0
613 0 0 0 0
614 0 0 0 0
615 0 0 0 0
616 0 0 0 0
617 0 0 0 0
618 0 0 0 0
619 0 0 0 0
620 0 0 0 0
621 0 0 0 0
622 0 0 0 0
623 0 0 0 0
624 0 0 0 0
625 0 0 0 0
626 0 0 0 0
627 0 0 0 0
628 0 0 0 0
629 0 0 0 0
630 0 0 0 0
631 0 0 0 0
632 0 0 0 0
633 0 0 0 0
634 0 0 0 0
635 0 0 0 0
636 0 0 0 0
637 0 0 0 0
638 0 0 0 0
639 0 0 0 0
640 0 0 0 0
641 0 0 0 0
642 0 0 0 0
643 0 0 0 0
644 0 0 0 0
645 0 0 0 0
646 0 0 0 0
647 0 0 0 0
648 0 0 0 0
649 0 0 0 0
650 0 0 0 0
651 0 0 0 0
652 0 0 0 0
653 0 0 0 0
654 0 0 0 0
655 0 0 0 0
656 0 0 0 0
657 0 0 0 0
658 0 0 0 0
659 0 0 0 0
660 0 0 0 0
661 0 0 0 0
662 0 0 0 0
663 0 0 0 0
664 0 0 0 0
665 0 0 0 0
666 0 0 0 0
667 0 0 0 0
668 0 0 0 0
669 0 0 0 0
670 0 0 0 0
671 0 0 0 0
672 0 0 0 0
673 0 0 0 0
674 0 0 0 0
675 0 0 0 0
676 0 0 0 0
677 0 0 0 0
678 0 0 0 0
679 0 0 0 0
680 0 0 0 0
681 0 0 0 0
682 0 0 0 0
683 0 0 0 0
684 0 0 0 0
685 0 0 0 0
686 0 0 0 0
687 0 0 0 0
688 0 0 0 0
689 0 0 0 0
690 0 0 0 0
691 0 0 0 0
692 0 0 0 0
693 0 0 0 0
694 0 0 0 0
695 0 0 0 0
696 0 0 0 0
697 0 0 0 0
698 0 0 0 0
699 0 0 0 0
700 0 0 0 0
701 0 0 0 0
702 0 0 0 0
703 0 0 0 0
704 0 0 0 0
705 0 0 0 0
706 0 0 0 0
707 0 0 0 0
708 0 0 0 0
709 0 0 0 0
710 0 0 0 0
711 0 0 0 0
712 0 0 0 0
713 0 0 0 0
714 0 0 0 0
715 0 0 0 0
716 0 0 0 0
717 0 0 0 0
718 0 0 0 0
719 0 0 0 0
720 0 0 0 0
721 0 0 0 0
722 0 0 0 0
723 0 0 0 0
724 0 0 0 0
725 0 0 0 0
726 0 0 0 0
727 0 0 0 0
