0 0 0 0 0
1 0 0 0 0
2 0 0 0 0
3 0 0 0 0
4 0 0 0 0
5 0 2 1 0
6 0 0 0 0
7 0 0 0 0
8 0 0 0 0
9 0 0 2 0
10 0 0 0 0
11 0 0 0 1
12 0 0 0 2
13 0 0 0 2
14 0 0 0 0
15 0 0 0 0
16 2 0 0 0
17 2 0 0 0
18 0 0 0 0
19 1 0 0 0
20 1 0 0 0
21 1 0 0 0
22 1 1 1 0
23 2 0 0 0
24 0 0 1 0
25 4 2 1 0
26 1 0 0 1
27 6 0 0 0
28 0 0 0 1
29 1 0 0 1
30 0 2 1 1
31 0 0 1 0
32 0 4 2 2
33 0 0 0 0
34 1 3 0 1
35 2 0 1 0
36 1 2 0 1
37 3 0 0 2
38 0 0 0 3
39 2 0 0 6
40 1 0 0 1
41 3 0 0 1
42 2 0 1 0
43 1 0 1 1
44 2 1 3 0
45 1 1 0 0
46 3 0 2 1
47 2 0 1 1
48 1 0 2 1
49 3 0 2 0
50 2 3 0 1
51 3 1 0 4
52 1 1 0 3
53 5 0 2 1
54 4 0 0 2
55 3 4 0 1
56 1 0 3 2
57 0 0 1 2
58 2 4 1 1
59 2 3 1 1
60 4 1 1 4
61 3 1 0 0
62 3 3 0 6
63 0 2 1 2
64 2 3 0 2
65 2 1 1 3
66 0 2 1 3
67 0 1 0 3
68 1 2 1 1
69 1 0 3 4
70 4 0 0 3
71 4 0 0 3
72 3 0 0 2
73 3 1 0 3
74 3 2 1 0
75 2 1 1 1
76 4 2 0 1
77 1 2 1 0
78 1 3 0 2
79 4 2 2 1
80 8 2 1 2
81 3 3 1 3
82 3 1 0 2
83 5 1 0 2
84 2 1 2 4
85 5 6 0 5
86 2 1 2 3
87 4 2 1 0
88 2 3 2 3
89 2 1 2 3
90 1 4 0 1
91 0 0 1 3
92 4 3 0 5
93 3 0 2 3
94 5 1 2 4
95 2 2 0 5
96 3 2 0 5
97 1 1 2 3
98 2 3 0 1
99 2 3 2 1
100 0 2 0 3
101 1 2 1 2
102 2 1 1 2
103 2 1 3 1
104 4 2 0 4
105 6 1 1 3
106 1 0 0 5
107 0 2 0 2
108 3 0 1 4
109 4 1 0 2
110 5 1 0 3
111 2 0 0 1
112 5 1 0 1
113 3 3 2 0
114 4 3 3 3
115 2 1 4 1
116 4 0 0 0
117 3 2 2 2
118 0 4 3 4
119 6 4 2 3
120 8 2 1 3
121 1 3 1 4
122 5 0 1 7
123 3 0 0 5
124 1 3 1 5
125 2 2 4 5
126 2 2 1 2
127 3 0 3 0
128 3 2 2 5
129 3 4 1 0
130 4 1 0 1
131 5 2 2 3
132 3 1 1 7
133 5 2 1 6
134 6 3 0 2
135 3 4 1 4
136 4 1 1 4
137 4 0 0 1
138 1 1 2 3
139 3 4 1 3
140 2 2 2 4
141 5 4 3 1
142 9 5 2 4
143 4 0 1 2
144 6 1 2 2
145 4 1 1 3
146 6 3 1 8
147 5 5 3 3
148 10 2 2 6
149 5 4 1 2
150 4 2 2 2
151 5 5 1 6
152 9 5 0 4
153 8 3 3 4
154 4 2 0 6
155 9 1 2 3
156 6 1 2 7
157 3 4 10 5
158 3 8 3 5
159 4 2 1 3
160 8 6 4 6
161 9 3 2 8
162 7 3 1 7
163 3 3 2 5
164 8 1 3 10
165 7 8 1 8
166 5 5 2 3
167 8 2 1 8
168 4 1 3 5
169 8 5 0 4
170 4 1 6 3
171 6 5 3 3
172 5 3 3 11
173 6 6 0 8
174 7 3 7 7
175 8 2 1 3
176 3 3 2 5
177 10 1 5 7
178 7 5 3 13
179 8 3 4 4
180 8 3 5 4
181 10 1 1 7
182 15 4 3 4
183 16 6 1 4
184 10 3 4 6
185 5 4 2 5
186 10 7 4 11
187 12 7 8 7
188 10 6 5 4
189 7 9 1 6
190 7 5 1 6
191 7 8 3 12
192 6 9 8 7
193 7 8 1 14
194 6 6 1 12
195 9 2 2 11
196 8 3 3 12
197 15 7 4 8
198 10 3 3 11
199 9 2 4 11
200 10 5 4 6
201 11 7 2 9
202 13 5 4 4
203 10 6 4 7
204 12 3 7 12
205 6 3 7 7
206 5 8 5 8
207 7 6 2 9
208 4 7 6 15
209 6 9 1 9
210 6 5 2 10
211 6 7 4 7
212 7 6 2 14
213 5 4 1 15
214 6 3 4 6
215 1 3 1 6
216 7 5 3 5
217 4 5 0 4
218 7 4 2 11
219 4 4 3 7
220 5 1 0 10
221 4 3 2 3
222 1 2 2 3
223 4 1 4 6
224 3 3 0 4
225 0 5 4 7
226 1 6 1 8
227 4 2 2 3
228 1 3 0 3
229 4 2 1 7
230 2 0 0 9
231 2 1 1 6
232 3 1 3 6
233 3 2 1 2
234 3 0 2 0
235 1 0 2 1
236 1 1 0 5
237 3 2 1 1
238 1 4 1 2
239 0 2 1 2
240 4 2 0 2
241 3 2 0 2
242 0 0 1 4
243 4 0 0 4
244 3 1 0 4
245 1 3 0 2
246 1 3 0 1
247 2 1 0 0
248 1 0 0 2
249 1 3 0 1
250 1 1 2 2
251 4 0 0 1
252 2 4 2 2
253 2 1 1 2
254 2 0 0 2
255 1 0 1 0
256 0 3 1 5
257 2 1 0 3
258 1 1 1 0
259 1 1 0 3
260 0 0 0 3
261 2 0 1 1
262 2 1 0 3
263 0 1 1 3
264 1 1 0 0
265 2 0 0 1
266 2 2 2 1
267 1 2 0 0
268 0 0 1 0
269 1 1 0 0
270 1 1 0 5
271 0 0 2 3
272 0 0 1 0
273 0 0 0 2
274 0 1 1 0
275 0 1 1 2
276 2 0 0 1
277 0 0 0 1
278 0 0 0 3
279 0 0 0 1
280 0 0 0 0
281 1 1 1 0
282 0 0 0 1
283 1 0 0 0
284 1 0 0 0
285 0 0 0 2
286 0 0 1 0
287 0 0 0 0
288 0 0 1 0
289 0 0 0 0
290 0 0 0 1
291 0 0 0 0
292 0 0 0 0
293 0 0 1 0
294 0 0 0 1
295 0 0 0 0
296 0 0 0 0
297 0 0 0 1
298 0 0 0 0
299 0 0 0 0
300 1 0 0 0
301 0 0 0 0
302 0 0 0 0
303 1 0 0 0
304 1 0 0 0
305 1 0 0 0
306 1 0 0 0
307 0 0 1 0
308 0 0 1 0
309 0 0 0 0
310 0 0 0 0
311 0 0 0 1
312 0 0 0 0
313 0 1 0 0
314 0 1 0 0
315 0 1 0 1
316 1 0 0 0
317 0 0 0 1
318 0 0 0 1
319 0 0 0 1
320 0 0 0 0
321 0 0 0 0
322 0 0 0 0
323 0 0 0 0
324 0 0 0 0
325 0 0 1 0
326 0 0 0 0
327 0 0 0 0
328 0 0 0 0
329 0 0 0 0
330 0 0 0 0
331 0 0 0 0
332 0 0 0 1
333 0 0 0 0
334 0 0 0 0
335 0 0 0 0
336 0 0 0 0
337 0 0 0 0
338 0 0 0 0
339 0 0 0 0
340 0 0 0 0
341 0 0 0 0
342 0 0 0 0
343 0 0 0 0
344 0 0 0 0
345 0 0 0 0
346 0 0 0 0
347 0 0 0 0
348 0 0 0 0
349 0 0 0 0
350 0 0 0 0
351 0 0 0 0
352 0 0 0 0
353 0 0 0 0
354 0 0 0 0
355 0 0 0 0
356 0 0 0 0
357 0 0 0 0
358 0 0 0 0
359 0 0 0 0
360 0 0 0 0
361 0 0 0 0
362 0 0 0 0
363 0 0 0 0
364 0 0 0 0
365 0 0 0 0
366 0 0 0 0
367 0 0 0 0
368 0 0 0 0
369 0 0 0 0
370 0 0 0 0
371 0 0 0 0
372 0 0 0 0
373 0 0 0 0
374 0 0 0 0
375 0 0 0 0
376 0 0 0 0
377 0 0 0 0
378 0 0 0 0
379 0 0 0 0
380 0 0 0 0
381 0 0 0 0
382 0 0 0 0
383 0 0 0 0
384 0 0 0 0
385 0 0 0 0
386 0 0 0 0
387 0 0 0 0
388 0 0 0 0
389 0 0 0 0
390 0 0 0 0
391 0 0 0 0
392 0 0 0 0
393 0 0 0 0
394 0 0 0 0
395 0 0 0 0
396 0 0 0 0
397 0 0 0 0
398 0 0 0 0
399 0 0 0 0
400 0 0 0 0
401 0 0 0 0
402 0 0 0 0
403 0 0 0 0
404 0 0 0 0
405 0 0 0 0
406 0 0 0 0
407 0 0 0 0
408 0 0 0 0
409 0 0 0 0
410 0 0 0 0
411 0 0 0 0
412 0 0 0 0
413 0 0 0 0
414 0 0 0 0
415 0 0 0 0
416 0 0 0 0
417 0 0 0 0
418 0 0 0 0
419 0 0 0 0
420 0 0 0 0
421 0 0 0 0
422 0 0 0 0
423 0 0 0 0
424 0 0 0 0
425 0 0 0 0
426 0 0 0 0
427 0 0 0 0
428 0 0 0 0
429 0 0 0 0
430 0 0 0 0
431 0 0 0 0
432 0 0 0 0
433 0 0 0 0
434 0 0 0 0
435 0 0 0 0
436 0 0 0 0
437 0 0 0 0
438 0 0 0 0
439 0 0 0 0
440 0 0 0 0
441 0 0 0 0
442 0 0 0 0
443 0 0 0 0
444 0 0 0 0
445 0 0 0 0
446 0 0 0 0
447 0 0 0 0
448 0 0 0 0
449 0 0 0 0
450 0 0 0 0
451 0 0 0 0
452 0 0 0 0
453 0 0 0 0
454 0 0 0 0
455 0 0 0 0
456 0 0 0 0
457 0 0 0 0
458 0 0 0 0
459 0 0 0 0
460 0 0 0 0
461 0 0 0 0
462 0 0 0 0
463 0 0 0 0
464 0 0 0 0
465 0 0 0 0
466 0 0 0 0
467 0 0 0 0
468 0 0 0 0
469 0 0 0 0
470 0 0 0 0
471 0 0 0 0
472 0 0 0 0
473 0 0 0 0
474 0 0 0 0
475 0 0 0 0
476 0 0 0 0
477 0 0 0 0
478 0 0 0 0
479 0 0 0 0
480 0 0 0 0
481 0 0 0 0
482 0 0 0 0
483 0 0 0 0
484 0 0 0 0
485 0 0 0 0
486 0 0 0 0
487 0 0 0 0
488 0 0 0 0
489 0 0 0 0
490 0 0 0 0
491 0 0 0 0
492 0 0 0 0
493 0 0 0 0
494 0 0 0 0
495 0 0 0 0
496 0 0 0 0
497 0 0 0 0
498 0 0 0 0
499 0 0 0 0
500 0 0 0 0
501 0 0 0 0
502 0 0 0 0
503 0 0 0 0
504 0 0 0 0
505 0 0 0 0
506 0 0 0 0
507 0 0 0 0
508 0 0 0 0
509 0 0 0 0
510 0 0 0 0
511 0 0 0 0
512 0 0 0 0
513 0 0 0 0
514 0 0 0 0
515 0 0 0 0
516 0 0 0 0
517 0 0 0 0
518 0 0 0 0
519 0 0 0 0
520 0 0 0 0
521 0 0 0 0
522 0 0 0 0
523 0 0 0 0
524 0 0 0 0
525 0 0 0 0
526 0 0 0 0
527 0 0 0 0
528 0 0 0 0
529 0 0 0 0
530 0 0 0 0
531 0 0 0 0
532 0 0 0 0
533 0 0 0 0
534 0 0 0 0
535 0 0 0 0
536 0 0 0 0
537 0 0 0 0
538 0 0 0 0
539 0 0 0 0
540 0 0 0 0
541 0 0 0 0
542 0 0 0 0
543 0 0 0 0
544 0 0 0 0
545 0 0 0 0
546 0 0 0 0
547 0 0 0 0
548 0 0 0 0
549 0 0 0 0
550 0 0 0 0
551 0 0 0 0
552 0 0 0 0
553 0 0 0 0
554 0 0 0 0
555 0 0 0 0
556 0 0 0 0
557 0 0 0 0
558 0 0 0 0
559 0 0 0 0
560 0 0 0 0
561 0 0 0 0
562 0 0 0 0
563 0 0 0 0
564 0 0 0 0
565 0 0 0 0
566 0 0 0 0
567 0 0 0 0
568 0 0 0 0
569 0 0 0 0
570 0 0 0 0
571 0 0 0 0
572 0 0 0 0
573 0 0 0 0
574 0 0 0 0
575 0 0 0 0
576 0 0 0 0
577 0 0 0 0
578 0 0 0 0
579 0 0 0 0
580 0 0 0 0
581 0 0 0 0
582 0 0 0 0
583 0 0 0 0
584 0 0 0 0
585 0 0 0 0
586 0 0 0 0
587 0 0 0 0
588 0 0 0 0
589 0 0 0 0
590 0 0 0 0
591 0 0 0 0
592 0 0 0 0
593 0 0 0 0
594 0 0 0 0
595 0 0 0 0
596 0 0 0 0
597 0 0 0 0
598 0 0 0 0
599 0 0 0 0
600 0 0 0 0
601 0 0 0 0
602 0 0 0 0
603 0 0 0 0
604 0 0 0 0
605 0 0 0 0
606 0 0 0 0
607 0 0 0 0
608 0 0 0 0
609 0 0 0 0
610 0 0 0 0
611 0 0 0 0
612 0 0 0 0
613 0 0 0 0
614 0 0 0 0
615 0 0 0 0
616 0 0 0 0
617 0 0 0 0
618 0 0 0 0
619 0 0 0 0
620 0 0 0 0
621 0 0 0 0
622 0 0 0 0
623 0 0 0 0
624 0 0 0 0
625 0 0 0 0
626 0 0 0 0
627 0 0 0 0
628 0 0 0 0
629 0 0 0 0
630 0 0 0 0
631 0 0 0 0
632 0 0 0 0
633 0 0 0 0
634 0 0 0 0
635 0 0 0 0
636 0 0 0 0
637 0 0 0 0
638 0 0 0 0
639 0 0 0 0
640 0 0 0 0
641 0 0 0 0
642 0 0 0 0
643 0 0 0 0
644 0 0 0 0
645 0 0 0 0
646 0 0 0 0
647 0 0 0 0
648 0 0 0 0
649 0 0 0 0
650 0 0 0 0
651 0 0 0 0
652 0 0 0 0
653 0 0 0 0
654 0 0 0 0
655 0 0 0 0
656 0 0 0 0
657 0 0 0 0
658 0 0 0 0
659 0 0 0 0
660 0 0 0 0
661 0 0 0 0
662 0 0 0 0
663 0 0 0 0
664 0 0 0 0
665 0 0 0 0
666 0 0 0 0
667 0 0 0 0
668 0 0 0 0
669 0 0 0 0
670 0 0 0 0
671 0 0 0 0
672 0 0 0 0
673 0 0 0 0
674 0 0 0 0
675 0 0 0 0
676 0 0 0 0
677 0 0 0 0
678 0 0 0 0
679 0 0 0 0
680 0 0 0 0
681 0 0 0 0
682 0 0 0 0
683 0 0 0 0
684 0 0 0 0
685 0 0 0 0
686 0 0 0 0
687 0 0 0 0
688 0 0 0 0
689 0 0 0 0
690 0 0 0 0
691 0 0 0 0
692 0 0 0 0
693 0 0 0 0
694 0 0 0 0
695 0 0 0 0
696 0 0 0 0
697 0 0 0 0
698 0 0 0 0
699 0 0 0 0
700 0 0 0 0
701 0 0 0 0
702 0 0 0 0
703 0 0 0 0
704 0 0 0 0
705 0 0 0 0
706 0 0 0 0
707 0 0 0 0
708 0 0 0 0
709 0 0 0 0
710 0 0 0 0
711 0 0 0 0
712 0 0 0 0
713 0 0 0 0
714 0 0 0 0
715 0 0 0 0
716 0 0 0 0
717 0 0 0 0
718 0 0 0 0
719 0 0 0 0
720 0 0 0 0
721 0 0 0 0
722 0 0 0 0
723 0 0 0 0
724 0 0 0 0
725 0 0 0 0
726 0 0 0 0
727 0 0 0 0
