0 0 0 0 0
1 0 0 0 0
2 0 0 0 0
3 0 0 0 0
4 0 0 0 0
5 0 1 2 0
6 0 0 0 0
7 0 0 0 0
8 0 0 0 0
9 0 1 1 1
10 0 0 0 0
11 0 0 0 0
12 0 0 0 2
13 0 0 0 2
14 0 0 0 0
15 1 0 0 0
16 2 0 0 0
17 2 0 0 0
18 1 0 0 0
19 1 0 0 0
20 1 1 0 0
21 1 1 0 0
22 3 0 1 0
23 2 0 0 0
24 2 0 1 0
25 1 1 0 0
26 1 0 2 1
27 2 3 1 1
28 1 1 0 2
29 0 0 1 0
30 0 2 0 1
31 1 0 0 3
32 0 0 3 1
33 0 1 0 0
34 0 0 0 3
35 0 1 0 1
36 0 0 1 2
37 2 0 1 1
38 0 0 0 0
39 0 0 0 3
40 0 0 0 1
41 0 0 0 1
42 2 0 1 0
43 3 0 0 1
44 3 0 0 0
45 3 0 0 0
46 1 1 0 1
47 1 0 0 0
48 0 0 1 0
49 1 3 0 0
50 7 2 0 1
51 1 2 0 0
52 2 2 0 1
53 3 0 0 2
54 0 1 1 1
55 1 3 2 0
56 0 1 1 3
57 1 1 1 1
58 2 0 2 2
59 5 0 2 4
60 2 0 0 2
61 1 0 0 2
62 2 0 2 3
63 2 2 0 2
64 1 3 0 1
65 2 1 0 1
66 2 2 0 2
67 3 0 1 2
68 2 3 0 1
69 1 2 0 0
70 1 0 0 1
71 3 3 0 2
72 1 2 1 2
73 0 0 0 2
74 0 1 1 1
75 0 0 0 4
76 1 4 1 3
77 3 0 3 0
78 2 0 0 2
79 1 0 1 1
80 2 0 1 2
81 1 0 0 3
82 5 0 0 0
83 3 1 1 4
84 3 0 0 1
85 3 3 0 0
86 3 3 0 0
87 3 1 1 2
88 2 2 0 0
89 0 1 1 2
90 1 1 0 1
91 1 2 2 2
92 4 1 2 1
93 2 1 4 3
94 3 2 0 1
95 3 1 1 4
96 5 1 0 3
97 6 2 1 2
98 4 1 1 4
99 2 1 0 3
100 1 3 0 4
101 4 3 1 3
102 1 3 2 1
103 1 4 2 1
104 4 1 1 3
105 3 1 0 2
106 2 4 1 3
107 4 0 1 5
108 3 1 0 4
109 1 0 2 4
110 3 2 1 2
111 2 1 1 0
112 5 3 0 2
113 1 2 2 5
114 1 2 0 2
115 4 2 1 1
116 4 1 1 1
117 5 4 1 4
118 3 1 0 4
119 7 1 1 4
120 3 3 0 3
121 3 4 1 4
122 0 1 1 2
123 2 1 1 2
124 3 3 1 2
125 2 3 0 3
126 5 4 1 2
127 5 1 0 2
128 1 3 2 5
129 6 2 2 3
130 4 2 2 4
131 5 1 1 3
132 5 3 0 3
133 3 0 1 4
134 1 3 1 4
135 2 5 1 4
136 3 5 2 4
137 2 1 1 0
138 4 2 0 4
139 6 1 2 2
140 1 2 0 5
141 4 4 1 2
142 3 1 3 4
143 2 2 1 8
144 3 1 1 2
145 3 0 2 4
146 1 1 2 3
147 5 2 0 3
148 4 5 1 3
149 3 0 2 3
150 1 2 3 1
151 4 2 0 2
152 4 4 0 5
153 3 2 2 3
154 2 2 0 6
155 4 1 0 1
156 2 2 2 4
157 4 1 3 3
158 5 0 2 4
159 1 0 2 2
160 2 2 2 4
161 3 1 2 1
162 3 1 4 0
163 3 4 1 3
164 3 2 0 3
165 1 0 2 3
166 4 2 1 4
167 3 2 0 8
168 5 3 0 3
169 5 1 1 4
170 2 0 1 1
171 2 2 0 2
172 0 1 1 1
173 2 5 0 4
174 4 2 2 0
175 4 1 2 4
176 9 1 2 2
177 5 1 1 4
178 9 1 2 4
179 5 4 2 4
180 7 0 1 4
181 5 3 1 2
182 5 2 1 2
183 7 6 1 5
184 7 6 1 0
185 4 6 2 3
186 4 4 1 6
187 1 2 2 4
188 7 2 3 3
189 3 5 5 5
190 5 1 4 8
191 5 3 3 8
192 2 2 1 7
193 4 5 2 8
194 4 3 2 2
195 2 3 0 6
196 4 1 1 5
197 7 1 3 6
198 4 2 0 6
199 5 6 0 5
200 5 3 0 3
201 3 0 1 4
202 3 2 4 4
203 4 2 1 5
204 5 1 3 2
205 2 4 3 2
206 1 4 2 4
207 4 4 1 3
208 3 4 2 3
209 3 3 2 7
210 4 1 1 4
211 1 0 0 6
212 4 2 3 5
213 4 2 1 5
214 4 1 3 4
215 1 2 1 5
216 2 0 0 2
217 1 3 0 0
218 1 2 1 1
219 1 3 2 5
220 4 1 0 4
221 1 0 3 4
222 1 1 0 4
223 0 1 1 3
224 1 0 2 2
225 2 1 0 3
226 2 1 0 3
227 1 1 0 2
228 2 0 0 1
229 3 3 1 1
230 1 1 1 1
231 3 0 0 2
232 0 1 0 0
233 1 0 2 2
234 1 2 1 3
235 2 1 0 0
236 0 2 1 3
237 0 0 1 1
238 0 0 2 0
239 2 1 0 1
240 1 1 1 3
241 2 0 0 2
242 0 1 0 1
243 0 0 1 2
244 1 0 0 1
245 1 0 0 1
246 0 1 0 1
247 1 0 0 3
248 0 2 0 0
249 0 0 2 1
250 0 0 2 0
251 0 0 0 0
252 0 1 0 0
253 0 0 0 1
254 0 0 0 1
255 0 0 0 2
256 0 0 0 3
257 0 0 0 1
258 1 0 0 0
259 1 0 0 0
260 0 0 0 0
261 0 0 0 0
262 1 0 0 0
263 0 0 1 0
264 0 1 0 0
265 0 0 0 0
266 1 0 0 0
267 0 0 0 1
268 0 0 0 0
269 0 0 0 0
270 1 0 0 0
271 0 2 0 1
272 0 0 0 0
273 1 0 0 0
274 1 0 0 0
275 0 0 1 1
276 0 0 0 0
277 1 0 0 0
278 0 1 0 1
279 0 0 1 0
280 0 0 0 0
281 0 0 0 0
282 0 0 0 2
283 0 0 0 0
284 0 1 0 0
285 0 0 0 0
286 0 0 0 1
287 0 0 0 0
288 0 0 0 0
289 0 0 0 0
290 0 0 0 0
291 1 0 0 1
292 1 0 0 0
293 0 0 0 0
294 0 0 0 0
295 1 0 0 0
296 1 0 0 0
297 1 0 0 0
298 0 0 0 0
299 0 0 0 0
300 0 2 0 0
301 1 1 0 0
302 0 0 1 0
303 1 0 0 0
304 0 0 0 1
305 1 0 0 0
306 0 0 1 0
307 0 0 0 1
308 0 0 0 1
309 0 0 0 1
310 0 1 0 1
311 0 0 0 0
312 0 1 0 0
313 0 0 0 0
314 0 1 0 0
315 0 0 0 0
316 0 0 0 0
317 0 0 0 1
318 0 0 0 1
319 0 0 0 1
320 0 0 0 0
321 0 0 0 0
322 0 0 0 0
323 0 0 0 0
324 0 0 0 0
325 0 0 0 0
326 1 0 0 0
327 0 0 0 0
328 1 0 0 0
329 0 0 0 0
330 0 0 0 0
331 0 0 0 0
332 0 0 0 0
333 0 0 0 0
334 0 0 0 0
335 0 0 1 0
336 0 0 1 0
337 0 0 0 0
338 0 0 0 0
339 0 0 0 1
340 0 0 0 0
341 0 0 0 1
342 0 0 0 0
343 0 0 0 0
344 0 0 0 0
345 0 0 0 0
346 0 0 0 0
347 0 0 0 0
348 0 0 0 0
349 0 0 0 0
350 0 0 0 0
351 0 0 0 0
352 0 0 0 0
353 0 0 0 0
354 0 0 0 0
355 0 0 0 0
356 0 0 0 0
357 0 0 0 0
358 0 0 0 0
359 0 0 0 0
360 0 0 0 0
361 0 0 0 0
362 0 0 0 0
363 0 0 0 0
364 0 0 0 0
365 0 0 0 0
366 0 0 0 0
367 0 0 0 0
368 0 0 0 0
369 0 0 0 0
370 0 0 0 0
371 0 0 0 0
372 0 0 0 0
373 0 0 0 0
374 0 0 0 0
375 0 0 0 0
376 0 0 0 0
377 0 0 0 0
378 0 0 0 0
379 0 0 0 0
380 0 0 0 0
381 0 0 0 0
382 0 0 0 0
383 0 0 0 0
384 0 0 0 0
385 0 0 0 0
386 0 0 0 0
387 0 0 0 0
388 0 0 0 0
389 0 0 0 0
390 0 0 0 0
391 0 0 0 0
392 0 0 0 0
393 0 0 0 0
394 0 0 0 0
395 0 0 0 0
396 0 0 0 0
397 0 0 0 0
398 0 0 0 0
399 0 0 0 0
400 0 0 0 0
401 0 0 0 0
402 0 0 0 0
403 0 0 0 0
404 0 0 0 0
405 0 0 0 0
406 0 0 0 0
407 0 0 0 0
408 0 0 0 0
409 0 0 0 0
410 0 0 0 0
411 0 0 0 0
412 0 0 0 0
413 0 0 0 0
414 0 0 0 0
415 0 0 0 0
416 0 0 0 0
417 0 0 0 0
418 0 0 0 0
419 0 0 0 0
420 0 0 0 0
421 0 0 0 0
422 0 0 0 0
423 0 0 0 0
424 0 0 0 0
425 0 0 0 0
426 0 0 0 0
427 0 0 0 0
428 0 0 0 0
429 0 0 0 0
430 0 0 0 0
431 0 0 0 0
432 0 0 0 0
433 0 0 0 0
434 0 0 0 0
435 0 0 0 0
436 0 0 0 0
437 0 0 0 0
438 0 0 0 0
439 0 0 0 0
440 0 0 0 0
441 0 0 0 0
442 0 0 0 0
443 0 0 0 0
444 0 0 0 0
445 0 0 0 0
446 0 0 0 0
447 0 0 0 0
448 0 0 0 0
449 0 0 0 0
450 0 0 0 0
451 0 0 0 0
452 0 0 0 0
453 0 0 0 0
454 0 0 0 0
455 0 0 0 0
456 0 0 0 0
457 0 0 0 0
458 0 0 0 0
459 0 0 0 0
460 0 0 0 0
461 0 0 0 0
462 0 0 0 0
463 0 0 0 0
464 0 0 0 0
465 0 0 0 0
466 0 0 0 0
467 0 0 0 0
468 0 0 0 0
469 0 0 0 0
470 0 0 0 0
471 0 0 0 0
472 0 0 0 0
473 0 0 0 0
474 0 0 0 0
475 0 0 0 0
476 0 0 0 0
477 0 0 0 0
478 0 0 0 0
479 0 0 0 0
480 0 0 0 0
481 0 0 0 0
482 0 0 0 0
483 0 0 0 0
484 0 0 0 0
485 0 0 0 0
486 0 0 0 0
487 0 0 0 0
488 0 0 0 0
489 0 0 0 0
490 0 0 0 0
491 0 0 0 0
492 0 0 0 0
493 0 0 0 0
494 0 0 0 0
495 0 0 0 0
496 0 0 0 0
497 0 0 0 0
498 0 0 0 0
499 0 0 0 0
500 0 0 0 0
501 0 0 0 0
502 0 0 0 0
503 0 0 0 0
504 0 0 0 0
505 0 0 0 0
506 0 0 0 0
507 0 0 0 0
508 0 0 0 0
509 0 0 0 0
510 0 0 0 0
511 0 0 0 0
512 0 0 0 0
513 0 0 0 0
514 0 0 0 0
515 0 0 0 0
516 0 0 0 0
517 0 0 0 0
518 0 0 0 0
519 0 0 0 0
520 0 0 0 0
521 0 0 0 0
522 0 0 0 0
523 0 0 0 0
524 0 0 0 0
525 0 0 0 0
526 0 0 0 0
527 0 0 0 0
528 0 0 0 0
529 0 0 0 0
530 0 0 0 0
531 0 0 0 0
532 0 0 0 0
533 0 0 0 0
534 0 0 0 0
535 0 0 0 0
536 0 0 0 0
537 0 0 0 0
538 0 0 0 0
539 0 0 0 0
540 0 0 0 0
541 0 0 0 0
542 0 0 0 0
543 0 0 0 0
544 0 0 0 0
545 0 0 0 0
546 0 0 0 0
547 0 0 0 0
548 0 0 0 0
549 0 0 0 0
550 0 0 0 0
551 0 0 0 0
552 0 0 0 0
553 0 0 0 0
554 0 0 0 0
555 0 0 0 0
556 0 0 0 0
557 0 0 0 0
558 0 0 0 0
559 0 0 0 0
560 0 0 0 0
561 0 0 0 0
562 0 0 0 0
563 0 0 0 0
564 0 0 0 0
565 0 0 0 0
566 0 0 0 0
567 0 0 0 0
568 0 0 0 0
569 0 0 0 0
570 0 0 0 0
571 0 0 0 0
572 0 0 0 0
573 0 0 0 0
574 0 0 0 0
575 0 0 0 0
576 0 0 0 0
577 0 0 0 0
578 0 0 0 0
579 0 0 0 0
580 0 0 0 0
581 0 0 0 0
582 0 0 0 0
583 0 0 0 0
584 0 0 0 0
585 0 0 0 0
586 0 0 0 0
587 0 0 0 0
588 0 0 0 0
589 0 0 0 0
590 0 0 0 0
591 0 0 0 0
592 0 0 0 0
593 0 0 0 0
594 0 0 0 0
595 0 0 0 0
596 0 0 0 0
597 0 0 0 0
598 0 0 0 0
599 0 0 0 0
600 0 0 0 0
601 0 0 0 0
602 0 0 0 0
603 0 0 0 0
604 0 0 0 0
605 0 0 0 0
606 0 0 0 0
607 0 0 0 0
608 0 0 0 0
609 0 0 0 0
610 0 0 0 0
611 0 0 0 0
612 0 0 0 0
613 0 0 0 0
614 0 0 0 0
615 0 0 0 0
616 0 0 0 0
617 0 0 0 0
618 0 0 0 0
619 0 0 0 0
620 0 0 0 0
621 0 0 0 0
622 0 0 0 0
623 0 0 0 0
624 0 0 0 0
625 0 0 0 0
626 0 0 0 0
627 0 0 0 0
628 0 0 0 0
629 0 0 0 0
630 0 0 0 0
631 0 0 0 0
632 0 0 0 0
633 0 0 0 0
634 0 0 0 0
635 0 0 0 0
636 0 0 0 0
637 0 0 0 0
638 0 0 0 0
639 0 0 0 0
640 0 0 0 0
641 0 0 0 0
642 0 0 0 0
643 0 0 0 0
644 0 0 0 0
645 0 0 0 0
646 0 0 0 0
647 0 0 0 0
648 0 0 0 0
649 0 0 0 0
650 0 0 0 0
651 0 0 0 0
652 0 0 0 0
653 0 0 0 0
654 0 0 0 0
655 0 0 0 0
656 0 0 0 0
657 0 0 0 0
658 0 0 0 0
659 0 0 0 0
660 0 0 0 0
661 0 0 0 0
662 0 0 0 0
663 0 0 0 0
664 0 0 0 0
665 0 0 0 0
666 0 0 0 0
667 0 0 0 0
668 0 0 0 0
669 0 0 0 0
670 0 0 0 0
671 0 0 0 0
672 0 0 0 0
673 0 0 0 0
674 0 0 0 0
675 0 0 0 0
676 0 0 0 0
677 0 0 0 0
678 0 0 0 0
679 0 0 0 0
680 0 0 0 0
681 0 0 0 0
682 0 0 0 0
683 0 0 0 0
684 0 0 0 0
685 0 0 0 0
686 0 0 0 0
687 0 0 0 0
688 0 0 0 0
689 0 0 0 0
690 0 0 0 0
691 0 0 0 0
692 0 0 0 0
693 0 0 0 0
694 0 0 0 0
695 0 0 0 0
696 0 0 0 0
697 0 0 0 0
698 0 0 0 0
699 0 0 0 0
700 0 0 0 0
701 0 0 0 0
702 0 0 0 0
703 0 0 0 0
704 0 0 0 0
705 0 0 0 0
706 0 0 0 0
707 0 0 0 0
708 0 0 0 0
709 0 0 0 0
710 0 0 0 0
711 0 0 0 0
712 0 0 0 0
713 0 0 0 0
714 0 0 0 0
715 0 0 0 0
716 0 0 0 0
717 0 0 0 0
718 0 0 0 0
719 0 0 0 0
720 0 0 0 0
721 0 0 0 0
722 0 0 0 0
723 0 0 0 0
724 0 0 0 0
725 0 0 0 0
726 0 0 0 0
727 0 0 0 0
