0 0 0 0 0
1 0 0 0 0
2 0 0 0 0
3 0 0 0 0
4 0 0 0 0
5 0 0 1 0
6 0 0 0 0
7 0 0 0 0
8 0 1 0 0
9 0 1 2 0
10 0 0 0 0
11 0 0 0 0
12 0 0 0 2
13 0 0 0 1
14 0 0 0 1
15 0 0 0 0
16 0 0 0 1
17 0 0 0 0
18 0 0 0 0
19 2 0 0 0
20 3 0 0 0
21 1 0 0 0
22 0 0 0 0
23 0 0 0 0
24 0 1 1 0
25 1 1 1 0
26 1 0 1 0
27 0 0 1 0
28 0 0 0 2
29 0 0 0 2
30 0 1 0 1
31 0 0 0 1
32 1 0 0 0
33 0 0 0 0
34 0 0 0 0
35 0 1 0 0
36 0 0 0 0
37 0 0 0 1
38 0 0 0 0
39 0 0 0 1
40 0 0 0 0
41 0 1 0 0
42 0 0 0 0
43 0 0 0 0
44 0 0 0 0
45 0 0 0 0
46 0 0 0 0
47 0 0 0 0
48 0 0 0 1
49 0 0 0 0
50 0 0 0 0
51 0 0 0 0
52 0 0 0 0
53 1 0 0 0
54 0 0 0 0
55 0 0 0 0
56 1 0 0 0
57 0 0 0 0
58 0 0 0 0
59 0 0 0 0
60 0 0 0 0
61 1 0 0 0
62 0 1 0 0
63 0 0 0 0
64 1 0 0 0
65 1 0 1 0
66 0 0 0 0
67 0 0 0 0
68 0 0 0 0
69 0 0 0 1
70 0 0 1 0
71 0 0 0 0
72 0 0 0 1
73 0 1 0 0
74 0 0 1 0
75 0 0 0 0
76 0 0 0 0
77 0 0 0 2
78 2 0 0 0
79 0 0 0 0
80 0 0 0 0
81 0 0 0 1
82 1 0 0 0
83 1 1 0 0
84 1 0 0 0
85 0 0 0 0
86 0 0 0 0
87 3 2 0 1
88 1 1 0 0
89 2 0 0 0
90 2 0 0 0
91 1 0 0 2
92 1 0 0 0
93 1 1 1 0
94 1 0 0 0
95 0 1 1 1
96 0 2 2 0
97 1 0 0 2
98 0 2 0 0
99 1 1 0 0
100 0 0 0 3
101 1 1 0 0
102 1 0 2 3
103 0 0 0 2
104 0 0 0 0
105 0 0 0 2
106 0 0 1 0
107 1 1 0 0
108 0 0 1 0
109 0 0 0 2
110 1 0 0 1
111 1 0 0 0
112 1 1 0 0
113 1 0 0 0
114 1 0 0 2
115 2 0 1 0
116 1 0 1 0
117 1 1 0 0
118 1 0 1 0
119 1 0 0 2
120 2 1 1 1
121 0 0 0 1
122 1 0 1 1
123 2 1 0 0
124 3 1 0 1
125 1 1 1 0
126 2 0 0 0
127 0 1 1 1
128 2 2 0 1
129 1 1 1 2
130 0 0 0 1
131 2 0 1 0
132 0 0 0 2
133 0 2 2 1
134 1 1 1 2
135 0 0 0 2
136 3 1 0 1
137 2 0 1 1
138 4 0 1 2
139 5 0 1 0
140 1 0 0 2
141 3 1 0 1
142 6 1 0 1
143 4 1 1 2
144 5 2 1 1
145 1 0 3 0
146 2 3 0 0
147 2 3 0 1
148 2 3 1 3
149 3 4 1 4
150 1 1 1 2
151 0 4 0 3
152 2 3 0 1
153 1 0 0 5
154 1 1 2 2
155 1 1 1 4
156 0 0 1 4
157 1 0 4 1
158 2 2 0 3
159 1 2 0 1
160 1 0 0 1
161 3 0 0 5
162 2 0 0 3
163 1 0 0 1
164 1 1 0 2
165 3 0 1 1
166 3 1 1 1
167 1 2 1 0
168 3 0 1 0
169 1 1 0 0
170 2 1 1 1
171 2 0 2 2
172 3 1 0 2
173 1 3 1 2
174 2 1 3 4
175 2 2 1 1
176 1 2 0 0
177 3 1 1 2
178 0 0 1 3
179 1 0 2 2
180 0 0 3 3
181 3 1 0 3
182 2 0 0 4
183 0 0 0 2
184 1 0 0 1
185 1 2 0 1
186 2 2 1 2
187 3 0 0 1
188 3 1 0 0
189 1 0 0 1
190 1 2 0 2
191 2 3 1 0
192 1 0 1 2
193 3 0 2 1
194 2 1 1 2
195 5 1 0 2
196 4 2 1 1
197 5 2 1 0
198 4 1 0 3
199 2 1 1 1
200 3 1 0 5
201 0 2 1 2
202 3 3 2 1
203 2 2 0 3
204 1 4 1 1
205 1 1 2 1
206 1 0 2 2
207 2 2 1 2
208 0 0 2 6
209 0 1 1 6
210 1 0 1 1
211 0 0 2 5
212 1 2 1 1
213 1 0 0 1
214 0 0 0 1
215 0 2 0 2
216 0 0 1 5
217 1 0 1 0
218 1 0 0 1
219 2 0 0 0
220 3 0 0 0
221 1 0 0 0
222 1 1 1 2
223 1 0 0 1
224 0 1 0 1
225 1 1 1 0
226 1 0 0 1
227 0 2 0 0
228 0 2 0 1
229 1 1 0 1
230 0 0 1 0
231 2 0 0 0
232 0 0 0 3
233 0 0 0 0
234 1 1 0 2
235 0 1 0 1
236 2 0 1 2
237 0 0 0 0
238 1 0 1 0
239 0 0 0 1
240 1 0 1 1
241 1 1 0 1
242 1 0 0 1
243 0 0 1 0
244 0 0 0 0
245 1 2 0 1
246 0 0 1 0
247 1 2 0 2
248 1 0 0 0
249 0 0 0 2
250 0 1 0 1
251 1 0 0 1
252 0 0 1 0
253 1 0 0 0
254 0 0 0 2
255 2 0 0 0
256 1 0 1 0
257 0 1 0 0
258 0 0 1 0
259 1 0 0 1
260 0 2 0 0
261 0 0 0 0
262 0 0 0 1
263 0 0 0 1
264 0 0 0 2
265 1 0 1 0
266 1 0 0 0
267 1 0 0 1
268 0 0 1 0
269 0 0 0 1
270 0 0 0 0
271 0 1 0 0
272 0 0 0 1
273 0 0 0 0
274 0 0 1 0
275 0 0 0 0
276 0 1 0 0
277 0 0 0 0
278 0 0 0 2
279 0 0 0 0
280 1 0 0 0
281 1 0 0 0
282 0 0 0 0
283 0 0 0 1
284 1 0 0 0
285 1 0 0 0
286 0 1 0 0
287 1 0 0 0
288 1 0 0 0
289 0 1 0 0
290 0 0 0 0
291 0 0 0 0
292 1 1 0 0
293 0 0 2 2
294 0 0 1 0
295 0 0 0 0
296 1 0 0 1
297 1 1 0 1
298 0 0 0 0
299 0 0 0 0
300 0 0 0 1
301 0 1 0 1
302 0 0 1 0
303 0 0 0 0
304 0 0 0 1
305 0 0 0 0
306 0 0 0 0
307 0 0 0 0
308 0 0 0 1
309 0 0 0 1
310 0 0 0 0
311 1 0 0 0
312 1 0 0 0
313 0 0 0 0
314 0 0 0 0
315 0 0 0 0
316 0 1 0 0
317 0 1 0 0
318 0 0 0 0
319 0 0 0 0
320 0 0 0 0
321 0 0 0 0
322 0 0 0 0
323 0 0 0 1
324 0 0 0 1
325 0 0 0 0
326 0 0 0 0
327 0 0 0 0
328 0 0 0 0
329 0 0 0 0
330 0 0 0 0
331 1 0 0 0
332 0 0 0 0
333 1 0 0 0
334 1 0 0 0
335 0 0 0 0
336 0 0 0 0
337 1 0 0 0
338 1 1 0 0
339 0 0 0 0
340 0 1 0 0
341 0 0 0 0
342 0 0 1 1
343 0 1 1 0
344 0 0 0 1
345 0 0 0 0
346 0 0 0 1
347 0 0 0 0
348 0 0 0 0
349 0 0 0 0
350 0 0 0 2
351 0 0 0 0
352 0 0 0 0
353 1 0 0 0
354 0 0 0 0
355 1 0 0 0
356 1 0 0 0
357 0 0 0 0
358 0 1 0 0
359 0 0 0 0
360 1 0 0 0
361 0 1 0 0
362 0 0 0 1
363 0 0 0 0
364 0 0 1 0
365 1 1 0 0
366 1 0 0 0
367 1 0 0 0
368 0 0 0 1
369 0 0 0 1
370 0 0 0 0
371 0 1 0 1
372 0 0 0 0
373 0 0 0 0
374 0 1 0 0
375 0 0 0 1
376 0 1 0 0
377 0 0 0 0
378 0 0 0 1
379 0 0 0 0
380 0 0 0 0
381 2 0 0 0
382 2 0 0 0
383 2 0 0 1
384 2 0 0 0
385 0 0 0 0
386 1 0 2 0
387 1 1 0 0
388 1 1 0 0
389 0 2 0 0
390 1 0 0 0
391 2 1 1 0
392 0 0 1 1
393 0 1 0 3
394 1 0 0 1
395 0 1 0 1
396 0 2 1 2
397 0 0 0 1
398 0 0 0 1
399 1 0 0 1
400 0 0 0 1
401 0 0 0 0
402 0 0 0 0
403 0 0 1 2
404 0 0 1 0
405 0 0 0 0
406 0 0 0 0
407 2 0 0 0
408 1 0 0 1
409 0 0 0 0
410 0 0 0 1
411 1 0 0 0
412 1 0 2 0
413 0 0 1 0
414 0 0 0 0
415 1 0 0 0
416 0 0 0 1
417 1 0 0 0
418 1 0 0 0
419 1 0 0 1
420 0 1 1 1
421 1 1 0 0
422 0 0 1 0
423 0 1 0 0
424 0 0 0 0
425 0 1 0 0
426 0 0 1 1
427 0 0 0 3
428 0 0 0 1
429 0 0 0 0
430 0 0 0 0
431 0 0 0 0
432 0 0 0 1
433 2 0 0 1
434 1 0 0 0
435 2 0 0 0
436 3 0 0 0
437 1 0 0 0
438 1 0 0 0
439 0 2 0 0
440 0 0 2 0
441 0 1 0 0
442 0 1 0 0
443 1 1 0 2
444 0 0 0 2
445 0 1 1 1
446 2 1 0 1
447 1 0 0 0
448 0 1 0 0
449 0 0 0 1
450 0 0 0 1
451 2 0 1 0
452 0 0 0 2
453 0 0 0 1
454 1 0 0 0
455 0 1 0 0
456 0 1 0 0
457 1 0 0 0
458 1 0 0 1
459 1 0 0 0
460 0 2 0 1
461 0 0 0 0
462 2 0 1 1
463 1 1 0 0
464 1 1 0 1
465 0 0 0 0
466 0 0 0 0
467 1 1 2 1
468 0 0 0 1
469 1 0 1 1
470 2 0 0 0
471 1 0 0 3
472 1 1 0 0
473 0 0 0 0
474 1 0 1 1
475 0 2 0 0
476 2 0 1 1
477 0 1 0 0
478 0 0 0 0
479 1 0 0 2
480 1 0 1 1
481 2 0 0 2
482 0 0 0 1
483 2 0 1 0
484 0 0 0 1
485 0 1 1 0
486 1 1 0 0
487 1 0 0 1
488 2 2 0 0
489 1 1 0 1
490 3 0 1 0
491 0 0 1 0
492 1 0 1 1
493 0 0 0 2
494 2 0 0 0
495 1 1 2 3
496 2 1 1 0
497 1 0 1 1
498 2 1 0 0
499 2 0 0 4
500 2 1 0 2
501 3 1 2 0
502 2 0 0 0
503 1 1 1 0
504 4 1 0 2
505 2 2 0 3
506 1 1 2 0
507 2 2 1 1
508 2 0 2 2
509 1 1 0 1
510 1 3 0 3
511 2 1 1 1
512 1 0 0 3
513 1 4 0 2
514 3 0 1 4
515 0 0 0 0
516 1 2 1 0
517 2 0 2 4
518 1 0 0 2
519 1 1 0 0
520 1 0 1 3
521 4 0 1 3
522 4 1 2 1
523 4 2 2 1
524 6 1 0 0
525 4 0 0 0
526 4 1 1 1
527 5 0 2 4
528 1 2 2 2
529 1 0 3 2
530 3 5 0 2
531 1 2 2 0
532 0 2 0 1
533 1 2 3 3
534 3 1 1 5
535 3 0 3 5
536 2 1 1 3
537 4 0 0 3
538 3 1 1 3
539 4 0 4 0
540 5 3 0 5
541 2 1 0 1
542 6 1 2 3
543 4 2 0 4
544 3 3 0 1
545 4 3 1 3
546 5 1 0 3
547 5 2 3 4
548 5 0 3 2
549 7 1 4 3
550 7 1 1 1
551 6 0 5 3
552 5 5 1 5
553 7 2 2 4
554 7 6 2 3
555 5 3 2 2
556 3 0 3 6
557 2 3 2 3
558 4 2 4 7
559 4 5 2 4
560 5 3 3 3
561 2 2 1 6
562 3 3 1 10
563 5 1 4 6
564 0 4 2 3
565 4 3 1 4
566 5 1 2 5
567 5 2 2 6
568 7 2 2 4
569 5 3 0 1
570 5 3 0 6
571 5 1 6 4
572 5 3 1 5
573 5 4 2 4
574 2 5 0 2
575 4 0 2 8
576 4 4 0 3
577 4 5 1 5
578 2 3 1 6
579 1 4 1 3
580 4 4 2 7
581 3 3 1 6
582 1 2 2 2
583 2 2 0 2
584 0 2 1 4
585 1 3 1 4
586 2 2 4 5
587 2 1 0 6
588 0 1 0 4
589 1 1 0 6
590 3 0 0 5
591 2 0 1 2
592 0 0 3 1
593 2 0 0 1
594 1 1 1 0
595 0 0 1 1
596 1 2 0 2
597 0 0 0 0
598 2 0 1 1
599 0 3 1 3
600 1 0 0 1
601 0 0 0 1
602 0 1 0 1
603 2 0 0 3
604 0 0 0 0
605 1 0 2 0
606 1 0 0 2
607 1 1 1 0
608 0 0 1 0
609 2 0 0 2
610 2 0 0 0
611 0 1 1 3
612 1 1 0 1
613 0 0 0 0
614 1 1 0 0
615 0 1 0 1
616 1 0 1 1
617 0 0 0 0
618 0 1 0 1
619 0 1 1 1
620 0 0 0 0
621 0 1 1 2
622 0 0 0 0
623 0 0 0 1
624 0 0 0 0
625 0 0 0 3
626 0 0 0 1
627 0 0 0 0
628 0 0 0 0
629 0 0 0 0
630 0 0 0 0
631 1 0 0 0
632 0 0 0 0
633 0 0 0 0
634 0 0 0 0
635 0 0 0 0
636 0 0 0 0
637 0 0 0 0
638 0 0 0 0
639 0 0 0 0
640 0 1 0 0
641 0 0 0 0
642 0 0 0 0
643 0 0 0 0
644 0 0 0 1
645 0 0 0 0
646 0 0 0 0
647 0 0 0 0
648 0 0 0 0
649 0 0 0 0
650 0 0 0 0
651 0 0 0 0
652 0 0 0 0
653 0 0 0 0
654 0 0 0 0
655 0 0 0 0
656 0 0 0 0
657 0 0 0 0
658 0 0 0 0
659 0 0 0 0
660 0 0 0 0
661 0 0 0 0
662 0 0 0 0
663 0 0 0 0
664 0 0 0 0
665 0 0 0 0
666 0 0 0 0
667 0 0 0 0
668 0 0 0 0
669 0 0 0 0
670 0 0 0 0
671 0 0 0 0
672 0 0 0 0
673 0 0 0 0
674 0 0 0 0
675 0 0 0 0
676 0 0 0 0
677 0 0 0 0
678 0 0 0 0
679 0 0 0 0
680 0 0 0 0
681 0 0 0 0
682 0 0 0 0
683 0 0 0 0
684 0 0 0 0
685 0 0 0 0
686 0 0 0 0
687 0 0 0 0
688 0 0 0 0
689 0 0 0 0
690 0 0 0 0
691 0 0 0 0
692 0 0 0 0
693 0 0 0 0
694 0 0 0 0
695 0 0 0 0
696 0 0 0 0
697 0 0 0 0
698 0 0 0 0
699 0 0 0 0
700 0 0 0 0
701 0 0 0 0
702 0 0 0 0
703 0 0 0 0
704 0 0 0 0
705 0 0 0 0
706 0 0 0 0
707 0 0 0 0
708 0 0 0 0
709 0 0 0 0
710 0 0 0 0
711 0 0 0 0
712 0 0 0 0
713 0 0 0 0
714 0 0 0 0
715 0 0 0 0
716 0 0 0 0
717 0 0 0 0
718 0 0 0 0
719 0 0 0 0
720 0 0 0 0
721 0 0 0 0
722 0 0 0 0
723 0 0 0 0
724 0 0 0 0
725 0 0 0 0
726 0 0 0 0
727 0 0 0 0
