0 0 0 0 0
1 0 0 0 0
2 0 0 0 0
3 0 0 0 0
4 0 0 0 0
5 0 3 1 0
6 0 0 0 0
7 0 0 0 0
8 0 0 0 0
9 0 1 0 2
10 0 0 0 0
11 0 0 0 0
12 0 0 0 2
13 0 0 0 1
14 0 0 0 0
15 0 0 0 0
16 1 0 0 0
17 2 0 0 0
18 1 0 0 0
19 1 0 0 0
20 0 0 0 0
21 1 0 0 0
22 1 0 0 0
23 1 0 0 0
24 1 0 0 0
25 2 1 1 0
26 0 2 0 0
27 0 1 0 0
28 0 2 0 0
29 1 0 1 1
30 0 0 1 2
31 0 0 0 1
32 0 0 0 2
33 0 1 0 0
34 0 2 0 0
35 0 0 0 1
36 0 0 0 1
37 0 0 0 2
38 0 0 0 1
39 1 0 0 0
40 0 0 0 0
41 0 0 0 1
42 0 0 0 0
43 3 0 0 0
44 3 0 0 0
45 4 0 0 0
46 1 0 0 0
47 0 0 0 0
48 2 0 3 0
49 2 0 0 0
50 2 0 1 0
51 0 0 1 0
52 0 1 0 2
53 2 4 1 0
54 1 4 1 0
55 0 2 0 2
56 0 0 0 0
57 0 0 0 3
58 1 1 0 5
59 1 0 0 2
60 1 0 0 2
61 2 0 0 1
62 2 1 0 1
63 2 2 0 0
64 0 0 0 0
65 0 1 0 1
66 1 2 0 0
67 2 0 0 1
68 1 0 2 0
69 1 0 0 1
70 0 0 0 2
71 3 1 1 0
72 2 2 0 3
73 2 0 1 1
74 2 0 1 0
75 3 1 0 2
76 1 2 1 1
77 3 0 1 1
78 4 2 0 1
79 1 1 1 1
80 1 2 0 3
81 0 2 0 0
82 3 2 2 3
83 2 1 0 0
84 0 1 1 2
85 1 0 0 1
86 1 0 0 4
87 0 3 2 2
88 3 0 1 2
89 1 1 0 2
90 0 0 1 0
91 0 1 1 3
92 0 1 0 1
93 0 0 2 1
94 1 0 0 3
95 2 0 0 2
96 0 0 0 0
97 1 0 1 2
98 1 1 0 0
99 1 0 0 1
100 4 0 0 1
101 2 0 0 0
102 2 1 0 1
103 1 1 1 0
104 2 2 1 1
105 0 2 0 0
106 1 1 0 0
107 1 1 0 1
108 3 0 1 2
109 0 1 2 1
110 2 1 0 1
111 0 0 1 1
112 1 0 1 4
113 0 4 0 4
114 1 0 0 1
115 1 0 1 0
116 1 0 0 0
117 1 0 0 2
118 1 0 0 1
119 3 1 2 1
120 1 1 0 2
121 3 1 0 0
122 2 0 0 1
123 3 0 1 2
124 1 0 2 2
125 2 2 0 0
126 0 1 0 0
127 1 0 0 1
128 3 1 3 1
129 3 1 0 1
130 4 2 1 0
131 3 2 0 2
132 3 1 0 4
133 3 1 2 1
134 1 1 1 2
135 2 1 2 2
136 2 0 2 1
137 3 1 1 3
138 3 3 2 2
139 6 1 1 3
140 3 3 0 2
141 4 1 1 2
142 1 1 1 3
143 3 3 1 1
144 3 4 2 3
145 4 2 1 4
146 4 2 0 3
147 1 1 0 3
148 3 2 1 6
149 6 1 2 4
150 2 3 2 3
151 2 1 2 1
152 4 1 2 1
153 3 1 1 3
154 2 0 2 2
155 3 1 1 3
156 3 1 0 4
157 2 4 0 5
158 3 5 1 3
159 1 1 2 2
160 6 2 0 2
161 2 4 1 2
162 2 1 1 4
163 1 1 0 2
164 3 3 1 3
165 3 1 0 4
166 1 0 0 3
167 1 2 0 2
168 2 0 1 5
169 5 6 2 1
170 0 1 1 0
171 3 2 1 3
172 4 0 0 1
173 7 0 0 6
174 5 4 1 2
175 6 0 0 1
176 5 1 2 2
177 8 4 1 1
178 1 3 4 7
179 5 1 0 0
180 3 5 0 3
181 4 1 1 5
182 3 4 4 4
183 4 3 1 0
184 6 3 1 4
185 3 2 4 4
186 2 6 0 6
187 4 2 0 2
188 4 6 0 3
189 3 0 3 6
190 4 4 1 7
191 4 1 1 2
192 8 0 3 8
193 5 3 2 6
194 4 0 0 5
195 5 2 1 3
196 9 4 2 0
197 5 3 3 4
198 2 3 2 0
199 8 5 1 5
200 7 4 0 4
201 6 6 4 3
202 5 4 2 5
203 5 1 1 9
204 4 4 2 7
205 4 3 3 8
206 0 2 4 5
207 2 3 2 0
208 4 3 2 10
209 4 2 5 5
210 5 5 1 4
211 7 0 0 3
212 8 1 3 6
213 4 3 0 8
214 2 2 0 4
215 2 0 1 4
216 5 3 4 6
217 5 4 2 4
218 2 3 3 1
219 3 3 1 2
220 3 1 2 4
221 4 2 3 4
222 1 2 1 3
223 3 1 2 7
224 1 1 2 5
225 1 2 3 8
226 2 5 1 1
227 1 0 1 2
228 3 4 0 3
229 1 0 0 3
230 1 1 1 5
231 3 1 0 1
232 3 1 0 7
233 3 3 0 3
234 3 2 0 2
235 1 1 1 1
236 3 2 0 0
237 3 2 1 3
238 2 2 0 2
239 2 1 2 2
240 2 1 2 3
241 3 2 0 2
242 1 2 1 2
243 1 1 0 1
244 1 0 0 3
245 2 1 1 4
246 0 1 1 3
247 0 1 0 3
248 1 2 0 0
249 1 0 1 3
250 0 1 3 2
251 2 0 1 0
252 0 1 0 1
253 0 1 0 0
254 1 1 1 2
255 0 0 0 1
256 0 1 1 2
257 1 0 1 4
258 0 0 0 2
259 0 0 0 0
260 0 0 0 1
261 1 0 0 1
262 0 0 1 0
263 1 0 1 1
264 0 0 0 1
265 0 0 0 0
266 0 1 0 0
267 0 0 0 0
268 0 0 1 0
269 0 0 0 1
270 1 0 0 1
271 2 0 0 0
272 0 0 0 0
273 3 0 0 1
274 0 0 0 0
275 1 0 1 1
276 0 2 0 0
277 1 0 0 0
278 0 1 1 0
279 1 0 0 0
280 1 1 0 1
281 0 0 0 0
282 0 1 0 2
283 0 0 0 1
284 1 1 0 1
285 0 1 0 1
286 0 0 1 0
287 0 0 0 0
288 0 0 0 1
289 0 1 0 2
290 0 0 0 1
291 0 0 0 0
292 0 0 0 0
293 0 0 0 1
294 1 0 0 0
295 0 0 0 0
296 0 0 0 0
297 0 0 0 0
298 0 0 0 0
299 0 0 0 0
300 0 0 0 0
301 0 0 0 0
302 0 0 0 0
303 0 1 0 0
304 0 0 0 0
305 0 0 0 0
306 0 0 0 0
307 0 0 0 0
308 0 0 0 0
309 0 0 0 0
310 1 0 0 1
311 0 0 0 0
312 0 0 0 0
313 0 0 0 0
314 0 0 0 0
315 0 0 0 0
316 0 0 0 0
317 0 0 0 0
318 0 0 0 0
319 0 1 0 0
320 0 0 0 0
321 0 0 0 0
322 0 0 0 0
323 0 0 0 0
324 0 0 0 0
325 0 0 0 0
326 0 0 0 1
327 0 0 0 0
328 0 0 0 0
329 0 0 0 0
330 0 0 0 0
331 0 0 0 0
332 0 0 0 0
333 0 0 0 0
334 0 0 0 0
335 0 0 0 0
336 0 0 0 0
337 0 0 0 0
338 0 0 0 0
339 0 0 0 0
340 0 0 0 0
341 0 0 0 0
342 0 0 0 0
343 0 0 0 0
344 0 0 0 0
345 0 0 0 0
346 0 0 0 0
347 0 0 0 0
348 0 0 0 0
349 0 0 0 0
350 0 0 0 0
351 0 0 0 0
352 0 0 0 0
353 0 0 0 0
354 0 0 0 0
355 0 0 0 0
356 0 0 0 0
357 0 0 0 0
358 0 0 0 0
359 0 0 0 0
360 0 0 0 0
361 0 0 0 0
362 0 0 0 0
363 0 0 0 0
364 0 0 0 0
365 0 0 0 0
366 0 0 0 0
367 0 0 0 0
368 0 0 0 0
369 0 0 0 0
370 0 0 0 0
371 0 0 0 0
372 0 0 0 0
373 0 0 0 0
374 0 0 0 0
375 0 0 0 0
376 0 0 0 0
377 0 0 0 0
378 0 0 0 0
379 0 0 0 0
380 0 0 0 0
381 0 0 0 0
382 0 0 0 0
383 0 0 0 0
384 0 0 0 0
385 0 0 0 0
386 0 0 0 0
387 0 0 0 0
388 0 0 0 0
389 0 0 0 0
390 0 0 0 0
391 0 0 0 0
392 0 0 0 0
393 0 0 0 0
394 0 0 0 0
395 0 0 0 0
396 0 0 0 0
397 0 0 0 0
398 0 0 0 0
399 0 0 0 0
400 0 0 0 0
401 0 0 0 0
402 0 0 0 0
403 0 0 0 0
404 0 0 0 0
405 0 0 0 0
406 0 0 0 0
407 0 0 0 0
408 0 0 0 0
409 0 0 0 0
410 0 0 0 0
411 0 0 0 0
412 0 0 0 0
413 0 0 0 0
414 0 0 0 0
415 0 0 0 0
416 0 0 0 0
417 0 0 0 0
418 0 0 0 0
419 0 0 0 0
420 0 0 0 0
421 0 0 0 0
422 0 0 0 0
423 0 0 0 0
424 0 0 0 0
425 0 0 0 0
426 0 0 0 0
427 0 0 0 0
428 0 0 0 0
429 0 0 0 0
430 0 0 0 0
431 0 0 0 0
432 0 0 0 0
433 0 0 0 0
434 0 0 0 0
435 0 0 0 0
436 0 0 0 0
437 0 0 0 0
438 0 0 0 0
439 0 0 0 0
440 0 0 0 0
441 0 0 0 0
442 0 0 0 0
443 0 0 0 0
444 0 0 0 0
445 0 0 0 0
446 0 0 0 0
447 0 0 0 0
448 0 0 0 0
449 0 0 0 0
450 0 0 0 0
451 0 0 0 0
452 0 0 0 0
453 0 0 0 0
454 0 0 0 0
455 0 0 0 0
456 0 0 0 0
457 0 0 0 0
458 0 0 0 0
459 0 0 0 0
460 0 0 0 0
461 0 0 0 0
462 0 0 0 0
463 0 0 0 0
464 0 0 0 0
465 0 0 0 0
466 0 0 0 0
467 0 0 0 0
468 0 0 0 0
469 0 0 0 0
470 0 0 0 0
471 0 0 0 0
472 0 0 0 0
473 0 0 0 0
474 0 0 0 0
475 0 0 0 0
476 0 0 0 0
477 0 0 0 0
478 0 0 0 0
479 0 0 0 0
480 0 0 0 0
481 0 0 0 0
482 0 0 0 0
483 0 0 0 0
484 0 0 0 0
485 0 0 0 0
486 0 0 0 0
487 0 0 0 0
488 0 0 0 0
489 0 0 0 0
490 0 0 0 0
491 0 0 0 0
492 0 0 0 0
493 0 0 0 0
494 0 0 0 0
495 0 0 0 0
496 0 0 0 0
497 0 0 0 0
498 0 0 0 0
499 0 0 0 0
500 0 0 0 0
501 0 0 0 0
502 0 0 0 0
503 0 0 0 0
504 0 0 0 0
505 0 0 0 0
506 0 0 0 0
507 0 0 0 0
508 0 0 0 0
509 0 0 0 0
510 0 0 0 0
511 0 0 0 0
512 0 0 0 0
513 0 0 0 0
514 0 0 0 0
515 0 0 0 0
516 0 0 0 0
517 0 0 0 0
518 0 0 0 0
519 0 0 0 0
520 0 0 0 0
521 0 0 0 0
522 0 0 0 0
523 0 0 0 0
524 0 0 0 0
525 0 0 0 0
526 0 0 0 0
527 0 0 0 0
528 0 0 0 0
529 0 0 0 0
530 0 0 0 0
531 0 0 0 0
532 0 0 0 0
533 0 0 0 0
534 0 0 0 0
535 0 0 0 0
536 0 0 0 0
537 0 0 0 0
538 0 0 0 0
539 0 0 0 0
540 0 0 0 0
541 0 0 0 0
542 0 0 0 0
543 0 0 0 0
544 0 0 0 0
545 0 0 0 0
546 0 0 0 0
547 0 0 0 0
548 0 0 0 0
549 0 0 0 0
550 0 0 0 0
551 0 0 0 0
552 0 0 0 0
553 0 0 0 0
554 0 0 0 0
555 0 0 0 0
556 0 0 0 0
557 0 0 0 0
558 0 0 0 0
559 0 0 0 0
560 0 0 0 0
561 0 0 0 0
562 0 0 0 0
563 0 0 0 0
564 0 0 0 0
565 0 0 0 0
566 0 0 0 0
567 0 0 0 0
568 0 0 0 0
569 0 0 0 0
570 0 0 0 0
571 0 0 0 0
572 0 0 0 0
573 0 0 0 0
574 0 0 0 0
575 0 0 0 0
576 0 0 0 0
577 0 0 0 0
578 0 0 0 0
579 0 0 0 0
580 0 0 0 0
581 0 0 0 0
582 0 0 0 0
583 0 0 0 0
584 0 0 0 0
585 0 0 0 0
586 0 0 0 0
587 0 0 0 0
588 0 0 0 0
589 0 0 0 0
590 0 0 0 0
591 0 0 0 0
592 0 0 0 0
593 0 0 0 0
594 0 0 0 0
595 0 0 0 0
596 0 0 0 0
597 0 0 0 0
598 0 0 0 0
599 0 0 0 0
600 0 0 0 0
601 0 0 0 0
602 0 0 0 0
603 0 0 0 0
604 0 0 0 0
605 0 0 0 0
606 0 0 0 0
607 0 0 0 0
608 0 0 0 0
609 0 0 0 0
610 0 0 0 0
611 0 0 0 0
612 0 0 0 0
613 0 0 0 0
614 0 0 0 0
615 0 0 0 0
616 0 0 0 0
617 0 0 0 0
618 0 0 0 0
619 0 0 0 0
620 0 0 0 0
621 0 0 0 0
622 0 0 0 0
623 0 0 0 0
624 0 0 0 0
625 0 0 0 0
626 0 0 0 0
627 0 0 0 0
628 0 0 0 0
629 0 0 0 0
630 0 0 0 0
631 0 0 0 0
632 0 0 0 0
633 0 0 0 0
634 0 0 0 0
635 0 0 0 0
636 0 0 0 0
637 0 0 0 0
638 0 0 0 0
639 0 0 0 0
640 0 0 0 0
641 0 0 0 0
642 0 0 0 0
643 0 0 0 0
644 0 0 0 0
645 0 0 0 0
646 0 0 0 0
647 0 0 0 0
648 0 0 0 0
649 0 0 0 0
650 0 0 0 0
651 0 0 0 0
652 0 0 0 0
653 0 0 0 0
654 0 0 0 0
655 0 0 0 0
656 0 0 0 0
657 0 0 0 0
658 0 0 0 0
659 0 0 0 0
660 0 0 0 0
661 0 0 0 0
662 0 0 0 0
663 0 0 0 0
664 0 0 0 0
665 0 0 0 0
666 0 0 0 0
667 0 0 0 0
668 0 0 0 0
669 0 0 0 0
670 0 0 0 0
671 0 0 0 0
672 0 0 0 0
673 0 0 0 0
674 0 0 0 0
675 0 0 0 0
676 0 0 0 0
677 0 0 0 0
678 0 0 0 0
679 0 0 0 0
680 0 0 0 0
681 0 0 0 0
682 0 0 0 0
683 0 0 0 0
684 0 0 0 0
685 0 0 0 0
686 0 0 0 0
687 0 0 0 0
688 0 0 0 0
689 0 0 0 0
690 0 0 0 0
691 0 0 0 0
692 0 0 0 0
693 0 0 0 0
694 0 0 0 0
695 0 0 0 0
696 0 0 0 0
697 0 0 0 0
698 0 0 0 0
699 0 0 0 0
700 0 0 0 0
701 0 0 0 0
702 0 0 0 0
703 0 0 0 0
704 0 0 0 0
705 0 0 0 0
706 0 0 0 0
707 0 0 0 0
708 0 0 0 0
709 0 0 0 0
710 0 0 0 0
711 0 0 0 0
712 0 0 0 0
713 0 0 0 0
714 0 0 0 0
715 0 0 0 0
716 0 0 0 0
717 0 0 0 0
718 0 0 0 0
719 0 0 0 0
720 0 0 0 0
721 0 0 0 0
722 0 0 0 0
723 0 0 0 0
724 0 0 0 0
725 0 0 0 0
726 0 0 0 0
727 0 0 0 0
