0 0 0 0 0
1 0 0 0 0
2 0 0 0 0
3 0 0 0 0
4 0 0 0 0
5 0 1 1 0
6 0 0 0 0
7 0 0 0 0
8 0 0 0 0
9 0 1 2 0
10 0 0 0 0
11 0 0 0 0
12 0 0 0 2
13 0 0 0 2
14 0 0 0 0
15 0 0 0 0
16 0 0 0 1
17 0 0 0 0
18 0 0 0 0
19 1 0 0 0
20 2 0 0 0
21 0 0 0 0
22 0 0 0 0
23 2 0 0 0
24 1 0 0 0
25 4 0 0 0
26 2 0 0 0
27 1 0 0 0
28 2 2 0 0
29 1 2 0 0
30 1 1 2 0
31 3 0 1 0
32 1 2 0 2
33 1 2 0 2
34 2 1 1 2
35 0 0 1 1
36 1 2 1 1
37 0 0 2 1
38 1 0 0 1
39 0 0 1 2
40 0 0 0 3
41 1 0 0 3
42 2 1 0 1
43 0 1 1 1
44 1 0 0 0
45 1 1 0 0
46 1 1 0 1
47 0 1 2 1
48 1 0 0 0
49 1 0 0 2
50 2 0 0 2
51 4 0 0 0
52 2 0 0 1
53 2 2 0 0
54 1 1 1 2
55 1 1 1 0
56 0 1 3 0
57 1 0 1 1
58 0 0 1 2
59 2 1 0 0
60 3 0 0 1
61 5 0 1 0
62 2 0 1 3
63 5 0 1 5
64 2 2 1 1
65 3 0 0 1
66 1 4 2 1
67 6 1 0 0
68 1 1 2 2
69 1 2 2 0
70 2 0 0 5
71 3 2 0 2
72 0 4 1 1
73 1 2 0 5
74 4 0 4 0
75 2 1 0 3
76 2 3 1 5
77 3 1 0 2
78 1 0 1 2
79 3 0 1 3
80 1 1 2 1
81 4 0 1 3
82 6 0 1 1
83 3 3 1 4
84 4 4 0 2
85 2 1 0 1
86 2 4 1 0
87 3 2 2 3
88 5 0 2 4
89 4 3 0 1
90 3 3 0 5
91 5 2 2 2
92 2 1 1 2
93 2 3 2 4
94 2 0 1 4
95 3 1 1 3
96 2 1 2 2
97 3 4 0 2
98 0 2 1 1
99 3 2 1 2
100 1 2 4 8
101 0 0 0 4
102 3 1 2 2
103 3 0 0 1
104 1 1 2 4
105 3 2 1 2
106 4 0 2 3
107 2 2 0 3
108 2 3 0 0
109 2 0 0 4
110 1 2 0 0
111 2 1 2 5
112 4 0 2 2
113 3 3 0 1
114 2 3 0 1
115 3 1 1 4
116 1 0 1 1
117 4 0 1 2
118 7 3 0 2
119 5 1 2 3
120 5 3 0 3
121 7 2 2 3
122 6 1 0 1
123 5 1 1 0
124 4 2 4 2
125 7 1 1 6
126 4 3 1 4
127 5 3 5 3
128 1 3 3 5
129 4 4 2 2
130 5 6 2 4
131 4 3 3 5
132 3 2 3 1
133 0 1 0 2
134 5 3 0 10
135 5 4 0 9
136 5 3 2 6
137 7 3 0 3
138 5 1 2 5
139 1 3 2 5
140 7 2 2 4
141 7 4 0 1
142 7 2 2 4
143 7 3 3 4
144 11 0 3 5
145 5 3 3 2
146 5 5 3 5
147 2 3 1 3
148 5 2 1 5
149 5 4 4 5
150 7 3 3 8
151 5 1 6 3
152 8 3 2 5
153 4 7 4 10
154 7 3 1 4
155 8 4 2 6
156 6 1 2 7
157 8 3 3 7
158 3 3 0 6
159 3 4 1 5
160 8 4 3 9
161 3 4 4 4
162 6 5 5 3
163 8 3 3 5
164 3 3 2 6
165 4 1 4 6
166 7 1 2 8
167 6 4 2 10
168 4 3 2 6
169 9 3 5 6
170 6 2 0 2
171 4 1 3 7
172 4 5 3 4
173 9 3 2 3
174 9 6 2 2
175 4 7 2 4
176 8 1 1 11
177 7 4 2 5
178 13 4 1 8
179 7 4 1 10
180 4 3 3 2
181 8 4 1 5
182 8 5 3 7
183 12 5 8 3
184 6 5 1 6
185 13 4 1 6
186 5 6 4 5
187 5 4 6 10
188 7 6 1 6
189 12 3 4 11
190 9 3 5 11
191 6 4 1 5
192 10 6 3 2
193 10 4 3 8
194 11 10 2 10
195 13 8 2 6
196 13 6 3 9
197 7 4 5 5
198 9 3 6 10
199 12 5 2 10
200 6 2 7 12
201 7 9 3 9
202 8 11 0 7
203 9 9 3 10
204 6 6 5 10
205 6 4 3 16
206 5 4 1 9
207 5 4 2 7
208 8 7 6 8
209 6 5 3 8
210 4 5 5 10
211 6 4 6 8
212 7 4 2 9
213 3 1 2 6
214 3 1 3 7
215 5 2 0 12
216 2 4 1 8
217 6 6 2 9
218 5 4 1 6
219 6 2 1 4
220 3 6 1 2
221 6 4 2 7
222 3 3 0 4
223 4 2 2 6
224 3 4 1 5
225 4 2 1 4
226 3 4 1 2
227 0 4 3 6
228 4 1 3 6
229 2 1 2 4
230 1 3 4 3
231 4 1 1 6
232 3 1 2 2
233 3 2 1 6
234 4 0 1 5
235 2 1 1 5
236 4 1 1 2
237 3 1 1 8
238 1 2 1 2
239 4 1 3 3
240 4 1 3 0
241 2 4 1 1
242 0 0 2 4
243 2 0 0 4
244 2 3 0 1
245 0 2 1 3
246 2 2 2 3
247 1 0 1 4
248 2 2 1 5
249 1 3 1 2
250 2 1 0 4
251 3 2 0 1
252 1 0 0 4
253 0 0 1 2
254 3 0 1 1
255 0 1 0 2
256 1 2 0 1
257 1 1 0 0
258 0 0 0 3
259 0 1 2 0
260 0 1 1 1
261 1 1 0 0
262 1 1 0 1
263 2 0 1 3
264 1 0 0 2
265 1 0 1 1
266 1 1 0 2
267 1 1 0 1
268 3 0 1 0
269 0 0 0 2
270 2 0 1 2
271 0 1 0 1
272 1 2 0 1
273 2 0 3 0
274 2 0 0 1
275 1 0 0 0
276 1 0 0 0
277 2 1 1 1
278 0 0 0 1
279 1 1 2 2
280 0 0 0 2
281 1 0 0 1
282 0 3 0 0
283 1 1 0 2
284 0 2 0 1
285 0 1 0 0
286 0 1 0 1
287 0 0 0 0
288 1 0 0 2
289 0 0 0 4
290 0 1 0 2
291 1 0 0 0
292 0 1 0 0
293 0 0 0 0
294 1 0 0 1
295 0 0 0 0
296 0 0 1 0
297 0 0 1 0
298 0 0 0 0
299 0 1 0 1
300 0 0 0 1
301 0 0 0 0
302 0 0 0 0
303 0 0 0 1
304 0 0 0 1
305 0 0 0 0
306 0 0 0 0
307 0 0 0 0
308 0 0 0 0
309 0 0 0 0
310 0 0 0 0
311 1 0 0 0
312 1 0 0 0
313 0 0 0 0
314 0 0 0 0
315 0 0 0 0
316 0 0 0 0
317 1 1 0 0
318 1 0 0 0
319 0 0 0 0
320 0 1 0 0
321 0 0 0 1
322 0 1 0 0
323 0 0 0 0
324 1 0 0 1
325 1 0 0 0
326 1 0 0 1
327 0 1 0 0
328 1 0 0 0
329 0 0 1 0
330 0 1 0 0
331 0 0 0 0
332 0 0 0 0
333 0 0 1 1
334 0 0 0 0
335 0 0 1 1
336 0 0 0 0
337 0 0 0 2
338 0 0 0 0
339 0 0 0 1
340 0 0 0 0
341 0 0 0 0
342 0 0 0 0
343 0 0 0 0
344 0 0 0 0
345 0 0 0 0
346 0 0 0 0
347 0 0 0 0
348 1 0 0 0
349 0 0 0 0
350 0 0 0 0
351 0 0 0 0
352 0 0 0 0
353 0 0 0 0
354 0 0 0 0
355 0 0 0 0
356 0 0 0 0
357 0 0 1 0
358 0 0 0 0
359 0 0 0 0
360 0 0 0 0
361 0 0 0 1
362 0 0 0 0
363 0 0 0 0
364 0 0 0 0
365 0 0 0 0
366 0 0 0 0
367 0 0 0 0
368 0 0 0 0
369 0 0 0 0
370 0 0 0 0
371 0 0 0 0
372 0 0 0 0
373 0 0 0 0
374 0 0 0 0
375 0 0 0 0
376 0 0 0 0
377 0 0 0 0
378 0 0 0 0
379 0 0 0 0
380 0 0 0 0
381 0 0 0 0
382 0 0 0 0
383 0 0 0 0
384 0 0 0 0
385 0 0 0 0
386 0 0 0 0
387 0 0 0 0
388 0 0 0 0
389 0 0 0 0
390 0 0 0 0
391 0 0 0 0
392 0 0 0 0
393 0 0 0 0
394 0 0 0 0
395 0 0 0 0
396 0 0 0 0
397 0 0 0 0
398 0 0 0 0
399 0 0 0 0
400 0 0 0 0
401 0 0 0 0
402 0 0 0 0
403 0 0 0 0
404 0 0 0 0
405 0 0 0 0
406 0 0 0 0
407 0 0 0 0
408 0 0 0 0
409 0 0 0 0
410 0 0 0 0
411 0 0 0 0
412 0 0 0 0
413 0 0 0 0
414 0 0 0 0
415 0 0 0 0
416 0 0 0 0
417 0 0 0 0
418 0 0 0 0
419 0 0 0 0
420 0 0 0 0
421 0 0 0 0
422 0 0 0 0
423 0 0 0 0
424 0 0 0 0
425 0 0 0 0
426 0 0 0 0
427 0 0 0 0
428 0 0 0 0
429 0 0 0 0
430 0 0 0 0
431 0 0 0 0
432 0 0 0 0
433 0 0 0 0
434 0 0 0 0
435 0 0 0 0
436 0 0 0 0
437 0 0 0 0
438 0 0 0 0
439 0 0 0 0
440 0 0 0 0
441 0 0 0 0
442 0 0 0 0
443 0 0 0 0
444 0 0 0 0
445 0 0 0 0
446 0 0 0 0
447 0 0 0 0
448 0 0 0 0
449 0 0 0 0
450 0 0 0 0
451 0 0 0 0
452 0 0 0 0
453 0 0 0 0
454 0 0 0 0
455 0 0 0 0
456 0 0 0 0
457 0 0 0 0
458 0 0 0 0
459 0 0 0 0
460 0 0 0 0
461 0 0 0 0
462 0 0 0 0
463 0 0 0 0
464 0 0 0 0
465 0 0 0 0
466 0 0 0 0
467 0 0 0 0
468 0 0 0 0
469 0 0 0 0
470 0 0 0 0
471 0 0 0 0
472 0 0 0 0
473 0 0 0 0
474 0 0 0 0
475 0 0 0 0
476 0 0 0 0
477 0 0 0 0
478 0 0 0 0
479 0 0 0 0
480 0 0 0 0
481 0 0 0 0
482 0 0 0 0
483 0 0 0 0
484 0 0 0 0
485 0 0 0 0
486 0 0 0 0
487 0 0 0 0
488 0 0 0 0
489 0 0 0 0
490 0 0 0 0
491 0 0 0 0
492 0 0 0 0
493 0 0 0 0
494 0 0 0 0
495 0 0 0 0
496 0 0 0 0
497 0 0 0 0
498 0 0 0 0
499 0 0 0 0
500 0 0 0 0
501 0 0 0 0
502 0 0 0 0
503 0 0 0 0
504 0 0 0 0
505 0 0 0 0
506 0 0 0 0
507 0 0 0 0
508 0 0 0 0
509 0 0 0 0
510 0 0 0 0
511 0 0 0 0
512 0 0 0 0
513 0 0 0 0
514 0 0 0 0
515 0 0 0 0
516 0 0 0 0
517 0 0 0 0
518 0 0 0 0
519 0 0 0 0
520 0 0 0 0
521 0 0 0 0
522 0 0 0 0
523 0 0 0 0
524 0 0 0 0
525 0 0 0 0
526 0 0 0 0
527 0 0 0 0
528 0 0 0 0
529 0 0 0 0
530 0 0 0 0
531 0 0 0 0
532 0 0 0 0
533 0 0 0 0
534 0 0 0 0
535 0 0 0 0
536 0 0 0 0
537 0 0 0 0
538 0 0 0 0
539 0 0 0 0
540 0 0 0 0
541 0 0 0 0
542 0 0 0 0
543 0 0 0 0
544 0 0 0 0
545 0 0 0 0
546 0 0 0 0
547 0 0 0 0
548 0 0 0 0
549 0 0 0 0
550 0 0 0 0
551 0 0 0 0
552 0 0 0 0
553 0 0 0 0
554 0 0 0 0
555 0 0 0 0
556 0 0 0 0
557 0 0 0 0
558 0 0 0 0
559 0 0 0 0
560 0 0 0 0
561 0 0 0 0
562 0 0 0 0
563 0 0 0 0
564 0 0 0 0
565 0 0 0 0
566 0 0 0 0
567 0 0 0 0
568 0 0 0 0
569 0 0 0 0
570 0 0 0 0
571 0 0 0 0
572 0 0 0 0
573 0 0 0 0
574 0 0 0 0
575 0 0 0 0
576 0 0 0 0
577 0 0 0 0
578 0 0 0 0
579 0 0 0 0
580 0 0 0 0
581 0 0 0 0
582 0 0 0 0
583 0 0 0 0
584 0 0 0 0
585 0 0 0 0
586 0 0 0 0
587 0 0 0 0
588 0 0 0 0
589 0 0 0 0
590 0 0 0 0
591 0 0 0 0
592 0 0 0 0
593 0 0 0 0
594 0 0 0 0
595 0 0 0 0
596 0 0 0 0
597 0 0 0 0
598 0 0 0 0
599 0 0 0 0
600 0 0 0 0
601 0 0 0 0
602 0 0 0 0
603 0 0 0 0
604 0 0 0 0
605 0 0 0 0
606 0 0 0 0
607 0 0 0 0
608 0 0 0 0
609 0 0 0 0
610 0 0 0 0
611 0 0 0 0
612 0 0 0 0
613 0 0 0 0
614 0 0 0 0
615 0 0 0 0
616 0 0 0 0
617 0 0 0 0
618 0 0 0 0
619 0 0 0 0
620 0 0 0 0
621 0 0 0 0
622 0 0 0 0
623 0 0 0 0
624 0 0 0 0
625 0 0 0 0
626 0 0 0 0
627 0 0 0 0
628 0 0 0 0
629 0 0 0 0
630 0 0 0 0
631 0 0 0 0
632 0 0 0 0
633 0 0 0 0
634 0 0 0 0
635 0 0 0 0
636 0 0 0 0
637 0 0 0 0
638 0 0 0 0
639 0 0 0 0
640 0 0 0 0
641 0 0 0 0
642 0 0 0 0
643 0 0 0 0
644 0 0 0 0
645 0 0 0 0
646 0 0 0 0
647 0 0 0 0
648 0 0 0 0
649 0 0 0 0
650 0 0 0 0
651 0 0 0 0
652 0 0 0 0
653 0 0 0 0
654 0 0 0 0
655 0 0 0 0
656 0 0 0 0
657 0 0 0 0
658 0 0 0 0
659 0 0 0 0
660 0 0 0 0
661 0 0 0 0
662 0 0 0 0
663 0 0 0 0
664 0 0 0 0
665 0 0 0 0
666 0 0 0 0
667 0 0 0 0
668 0 0 0 0
669 0 0 0 0
670 0 0 0 0
671 0 0 0 0
672 0 0 0 0
673 0 0 0 0
674 0 0 0 0
675 0 0 0 0
676 0 0 0 0
677 0 0 0 0
678 0 0 0 0
679 0 0 0 0
680 0 0 0 0
681 0 0 0 0
682 0 0 0 0
683 0 0 0 0
684 0 0 0 0
685 0 0 0 0
686 0 0 0 0
687 0 0 0 0
688 0 0 0 0
689 0 0 0 0
690 0 0 0 0
691 0 0 0 0
692 0 0 0 0
693 0 0 0 0
694 0 0 0 0
695 0 0 0 0
696 0 0 0 0
697 0 0 0 0
698 0 0 0 0
699 0 0 0 0
700 0 0 0 0
701 0 0 0 0
702 0 0 0 0
703 0 0 0 0
704 0 0 0 0
705 0 0 0 0
706 0 0 0 0
707 0 0 0 0
708 0 0 0 0
709 0 0 0 0
710 0 0 0 0
711 0 0 0 0
712 0 0 0 0
713 0 0 0 0
714 0 0 0 0
715 0 0 0 0
716 0 0 0 0
717 0 0 0 0
718 0 0 0 0
719 0 0 0 0
720 0 0 0 0
721 0 0 0 0
722 0 0 0 0
723 0 0 0 0
724 0 0 0 0
725 0 0 0 0
726 0 0 0 0
727 0 0 0 0
