0 0 0 0 0
1 0 0 0 0
2 0 0 0 0
3 0 0 0 0
4 0 0 0 0
5 0 0 0 0
6 0 0 0 0
7 0 1 0 0
8 0 0 0 0
9 0 1 3 0
10 0 0 0 0
11 0 0 0 1
12 0 0 0 0
13 0 0 0 3
14 0 0 0 0
15 1 0 0 0
16 0 0 0 1
17 0 0 0 0
18 0 0 0 0
19 1 0 0 0
20 1 0 0 0
21 0 0 0 0
22 0 0 0 0
23 1 0 0 0
24 1 0 1 0
25 1 0 0 0
26 1 0 0 0
27 2 0 0 0
28 1 0 1 1
29 1 2 0 0
30 4 1 0 0
31 2 0 0 0
32 2 1 0 0
33 1 1 0 2
34 1 0 0 1
35 1 2 1 1
36 0 2 1 0
37 2 1 1 1
38 1 1 1 0
39 1 3 0 4
40 0 1 0 1
41 0 0 0 1
42 1 1 1 2
43 0 0 0 1
44 1 1 1 2
45 1 0 0 1
46 0 0 0 3
47 1 0 2 0
48 2 0 0 0
49 2 0 0 2
50 3 0 0 0
51 3 0 0 2
52 4 0 0 0
53 1 2 0 0
54 2 2 1 2
55 2 0 2 0
56 2 1 0 0
57 2 1 3 0
58 3 0 1 1
59 3 1 1 1
60 5 1 3 3
61 3 2 1 5
62 3 0 1 2
63 4 3 1 0
64 1 2 2 4
65 0 0 2 1
66 1 4 0 2
67 2 2 0 3
68 2 2 0 5
69 2 2 2 2
70 1 0 0 6
71 2 0 0 2
72 3 4 1 2
73 1 1 1 2
74 4 2 0 1
75 3 1 0 1
76 3 2 0 4
77 7 1 0 2
78 3 0 0 2
79 5 4 0 3
80 3 2 0 0
81 2 1 2 0
82 2 3 0 1
83 4 2 0 3
84 5 2 2 3
85 2 1 2 2
86 5 4 1 4
87 4 1 2 1
88 3 4 1 3
89 0 2 2 6
90 4 1 2 4
91 4 3 3 2
92 5 2 1 3
93 2 3 1 4
94 4 1 0 3
95 3 2 1 8
96 1 1 3 3
97 3 4 1 3
98 6 1 1 2
99 2 1 2 2
100 6 1 2 5
101 7 1 2 3
102 3 2 1 4
103 3 2 3 3
104 5 3 0 5
105 6 2 1 3
106 5 2 1 2
107 5 2 1 3
108 4 2 1 3
109 4 4 2 3
110 8 5 1 3
111 8 2 2 4
112 8 2 1 4
113 8 2 3 6
114 12 3 3 3
115 3 4 3 2
116 6 7 2 4
117 10 2 3 6
118 9 3 2 6
119 9 4 4 2
120 9 2 2 8
121 5 6 4 6
122 8 12 2 7
123 9 5 6 9
124 5 2 4 6
125 9 4 3 4
126 5 1 5 11
127 4 3 2 5
128 12 7 3 12
129 13 7 0 11
130 12 2 4 9
131 15 6 2 6
132 11 5 1 7
133 10 9 1 6
134 9 3 8 3
135 17 9 1 7
136 16 1 7 9
137 12 6 2 9
138 11 6 4 11
139 14 5 3 10
140 12 13 5 10
141 7 10 9 9
142 9 4 9 8
143 14 5 5 8
144 14 12 3 11
145 10 7 5 17
146 10 4 4 9
147 12 8 4 14
148 6 7 5 14
149 11 8 6 16
150 8 7 4 10
151 5 4 3 15
152 8 7 7 11
153 14 4 5 12
154 20 6 3 10
155 19 6 1 7
156 17 5 3 13
157 14 2 5 9
158 13 10 3 11
159 14 8 8 12
160 18 6 4 6
161 13 5 9 10
162 18 7 6 11
163 19 12 6 13
164 15 11 9 9
165 16 12 5 12
166 15 7 10 18
167 14 6 9 10
168 12 7 5 19
169 9 10 7 17
170 18 9 8 19
171 9 12 8 16
172 18 13 9 11
173 14 3 8 17
174 17 9 0 18
175 16 8 6 13
176 18 4 4 21
177 26 11 10 16
178 21 5 7 16
179 21 13 4 15
180 21 6 5 8
181 21 7 5 13
182 18 18 7 16
183 21 9 12 11
184 19 9 8 17
185 17 13 7 10
186 11 11 9 22
187 18 8 9 19
188 14 11 10 12
189 10 11 6 24
190 20 11 9 22
191 20 7 5 18
192 18 11 9 17
193 16 10 8 14
194 24 6 7 23
195 15 11 5 15
196 26 16 4 20
197 15 6 8 18
198 24 11 6 13
199 12 20 6 17
200 18 10 5 17
201 17 20 8 15
202 18 11 4 20
203 19 15 7 25
204 17 8 10 16
205 12 12 7 20
206 16 10 4 18
207 12 10 11 13
208 8 10 2 22
209 8 10 7 14
210 7 10 3 24
211 11 6 8 22
212 8 12 7 24
213 9 10 4 15
214 10 6 4 14
215 8 10 3 13
216 6 5 7 13
217 13 3 1 12
218 9 8 3 11
219 5 5 4 16
220 3 5 3 12
221 10 5 4 7
222 6 5 2 11
223 4 5 6 13
224 8 4 3 5
225 7 3 2 12
226 8 7 5 6
227 5 3 2 10
228 3 3 0 9
229 5 5 1 7
230 11 6 2 11
231 3 6 3 6
232 6 6 1 3
233 1 2 2 9
234 3 4 2 7
235 3 5 7 6
236 3 2 2 6
237 1 4 3 5
238 1 3 0 5
239 2 4 1 11
240 3 1 1 8
241 2 2 1 9
242 5 1 0 4
243 3 0 1 4
244 3 1 0 3
245 4 1 2 2
246 1 0 0 3
247 0 2 2 2
248 2 4 0 4
249 0 2 2 3
250 2 3 2 1
251 0 2 2 2
252 2 0 0 4
253 0 1 0 2
254 2 1 0 3
255 2 0 0 3
256 2 0 0 2
257 1 1 2 4
258 3 0 0 3
259 2 2 2 0
260 3 0 1 1
261 2 1 1 1
262 1 0 0 0
263 3 0 1 3
264 0 2 2 3
265 1 3 1 2
266 2 1 0 1
267 1 2 1 1
268 0 2 0 2
269 2 0 0 3
270 2 1 0 0
271 1 2 0 5
272 0 0 2 1
273 0 0 0 1
274 0 0 1 1
275 0 0 1 2
276 1 2 1 1
277 0 0 0 0
278 0 1 0 2
279 1 0 0 2
280 0 0 0 3
281 3 1 0 1
282 0 0 0 1
283 0 0 0 0
284 0 0 0 0
285 1 0 0 0
286 0 1 2 0
287 0 0 0 0
288 1 1 0 1
289 1 0 0 0
290 1 1 0 2
291 0 0 0 0
292 1 0 0 0
293 1 1 0 1
294 0 0 0 0
295 0 1 0 1
296 0 0 0 1
297 0 1 0 0
298 0 2 0 0
299 0 0 0 0
300 1 0 0 1
301 0 0 0 1
302 0 0 0 3
303 1 0 0 0
304 0 0 0 0
305 0 0 0 0
306 0 0 0 0
307 0 0 0 0
308 0 1 0 0
309 1 0 1 0
310 1 0 0 0
311 0 0 0 0
312 0 0 0 1
313 1 0 0 1
314 0 0 0 0
315 0 0 0 0
316 0 0 0 0
317 0 0 0 0
318 0 2 0 0
319 0 1 0 0
320 0 0 0 0
321 0 0 0 0
322 0 0 0 0
323 0 0 0 1
324 0 0 0 0
325 0 0 0 2
326 0 0 0 0
327 0 0 0 0
328 0 0 0 0
329 0 0 0 0
330 0 0 0 0
331 0 0 0 0
332 0 0 0 0
333 0 0 0 0
334 0 0 0 0
335 0 0 0 0
336 0 0 0 0
337 0 0 0 0
338 0 0 0 0
339 0 0 0 0
340 0 0 0 0
341 0 0 0 0
342 0 0 0 0
343 0 0 0 0
344 1 0 0 0
345 0 0 0 0
346 0 0 0 0
347 0 0 0 0
348 0 0 0 0
349 0 0 0 0
350 0 0 0 0
351 0 0 0 0
352 0 0 0 0
353 0 0 1 0
354 0 0 0 0
355 0 0 0 0
356 0 0 0 0
357 0 0 0 0
358 0 0 0 0
359 0 0 0 0
360 0 0 0 1
361 0 0 0 0
362 0 0 0 0
363 0 0 0 0
364 0 0 0 0
365 0 0 0 0
366 0 0 0 0
367 0 0 0 0
368 0 0 0 0
369 0 0 0 0
370 0 0 0 0
371 0 0 0 0
372 0 0 0 0
373 0 0 0 0
374 0 0 0 0
375 0 0 0 0
376 0 0 0 0
377 0 0 0 0
378 0 0 0 0
379 0 0 0 0
380 0 0 0 0
381 0 0 0 0
382 0 0 0 0
383 0 0 0 0
384 0 0 0 0
385 0 0 0 0
386 0 0 0 0
387 0 0 0 0
388 0 0 0 0
389 0 0 0 0
390 0 0 0 0
391 0 0 0 0
392 0 0 0 0
393 0 0 0 0
394 0 0 0 0
395 0 0 0 0
396 0 0 0 0
397 0 0 0 0
398 0 0 0 0
399 0 0 0 0
400 0 0 0 0
401 0 0 0 0
402 0 0 0 0
403 0 0 0 0
404 0 0 0 0
405 0 0 0 0
406 0 0 0 0
407 0 0 0 0
408 0 0 0 0
409 0 0 0 0
410 0 0 0 0
411 0 0 0 0
412 0 0 0 0
413 0 0 0 0
414 0 0 0 0
415 0 0 0 0
416 0 0 0 0
417 0 0 0 0
418 0 0 0 0
419 0 0 0 0
420 0 0 0 0
421 0 0 0 0
422 0 0 0 0
423 0 0 0 0
424 0 0 0 0
425 0 0 0 0
426 0 0 0 0
427 0 0 0 0
428 0 0 0 0
429 0 0 0 0
430 0 0 0 0
431 0 0 0 0
432 0 0 0 0
433 0 0 0 0
434 0 0 0 0
435 0 0 0 0
436 0 0 0 0
437 0 0 0 0
438 0 0 0 0
439 0 0 0 0
440 0 0 0 0
441 0 0 0 0
442 0 0 0 0
443 0 0 0 0
444 0 0 0 0
445 0 0 0 0
446 0 0 0 0
447 0 0 0 0
448 0 0 0 0
449 0 0 0 0
450 0 0 0 0
451 0 0 0 0
452 0 0 0 0
453 0 0 0 0
454 0 0 0 0
455 0 0 0 0
456 0 0 0 0
457 0 0 0 0
458 0 0 0 0
459 0 0 0 0
460 0 0 0 0
461 0 0 0 0
462 0 0 0 0
463 0 0 0 0
464 0 0 0 0
465 0 0 0 0
466 0 0 0 0
467 0 0 0 0
468 0 0 0 0
469 0 0 0 0
470 0 0 0 0
471 0 0 0 0
472 0 0 0 0
473 0 0 0 0
474 0 0 0 0
475 0 0 0 0
476 0 0 0 0
477 0 0 0 0
478 0 0 0 0
479 0 0 0 0
480 0 0 0 0
481 0 0 0 0
482 0 0 0 0
483 0 0 0 0
484 0 0 0 0
485 0 0 0 0
486 0 0 0 0
487 0 0 0 0
488 0 0 0 0
489 0 0 0 0
490 0 0 0 0
491 0 0 0 0
492 0 0 0 0
493 0 0 0 0
494 0 0 0 0
495 0 0 0 0
496 0 0 0 0
497 0 0 0 0
498 0 0 0 0
499 0 0 0 0
500 0 0 0 0
501 0 0 0 0
502 0 0 0 0
503 0 0 0 0
504 0 0 0 0
505 0 0 0 0
506 0 0 0 0
507 0 0 0 0
508 0 0 0 0
509 0 0 0 0
510 0 0 0 0
511 0 0 0 0
512 0 0 0 0
513 0 0 0 0
514 0 0 0 0
515 0 0 0 0
516 0 0 0 0
517 0 0 0 0
518 0 0 0 0
519 0 0 0 0
520 0 0 0 0
521 0 0 0 0
522 0 0 0 0
523 0 0 0 0
524 0 0 0 0
525 0 0 0 0
526 0 0 0 0
527 0 0 0 0
528 0 0 0 0
529 0 0 0 0
530 0 0 0 0
531 0 0 0 0
532 0 0 0 0
533 0 0 0 0
534 0 0 0 0
535 0 0 0 0
536 0 0 0 0
537 0 0 0 0
538 0 0 0 0
539 0 0 0 0
540 0 0 0 0
541 0 0 0 0
542 0 0 0 0
543 0 0 0 0
544 0 0 0 0
545 0 0 0 0
546 0 0 0 0
547 0 0 0 0
548 0 0 0 0
549 0 0 0 0
550 0 0 0 0
551 0 0 0 0
552 0 0 0 0
553 0 0 0 0
554 0 0 0 0
555 0 0 0 0
556 0 0 0 0
557 0 0 0 0
558 0 0 0 0
559 0 0 0 0
560 0 0 0 0
561 0 0 0 0
562 0 0 0 0
563 0 0 0 0
564 0 0 0 0
565 0 0 0 0
566 0 0 0 0
567 0 0 0 0
568 0 0 0 0
569 0 0 0 0
570 0 0 0 0
571 0 0 0 0
572 0 0 0 0
573 0 0 0 0
574 0 0 0 0
575 0 0 0 0
576 0 0 0 0
577 0 0 0 0
578 0 0 0 0
579 0 0 0 0
580 0 0 0 0
581 0 0 0 0
582 0 0 0 0
583 0 0 0 0
584 0 0 0 0
585 0 0 0 0
586 0 0 0 0
587 0 0 0 0
588 0 0 0 0
589 0 0 0 0
590 0 0 0 0
591 0 0 0 0
592 0 0 0 0
593 0 0 0 0
594 0 0 0 0
595 0 0 0 0
596 0 0 0 0
597 0 0 0 0
598 0 0 0 0
599 0 0 0 0
600 0 0 0 0
601 0 0 0 0
602 0 0 0 0
603 0 0 0 0
604 0 0 0 0
605 0 0 0 0
606 0 0 0 0
607 0 0 0 0
608 0 0 0 0
609 0 0 0 0
610 0 0 0 0
611 0 0 0 0
612 0 0 0 0
613 0 0 0 0
614 0 0 0 0
615 0 0 0 0
616 0 0 0 0
617 0 0 0 0
618 0 0 0 0
619 0 0 0 0
620 0 0 0 0
621 0 0 0 0
622 0 0 0 0
623 0 0 0 0
624 0 0 0 0
625 0 0 0 0
626 0 0 0 0
627 0 0 0 0
628 0 0 0 0
629 0 0 0 0
630 0 0 0 0
631 0 0 0 0
632 0 0 0 0
633 0 0 0 0
634 0 0 0 0
635 0 0 0 0
636 0 0 0 0
637 0 0 0 0
638 0 0 0 0
639 0 0 0 0
640 0 0 0 0
641 0 0 0 0
642 0 0 0 0
643 0 0 0 0
644 0 0 0 0
645 0 0 0 0
646 0 0 0 0
647 0 0 0 0
648 0 0 0 0
649 0 0 0 0
650 0 0 0 0
651 0 0 0 0
652 0 0 0 0
653 0 0 0 0
654 0 0 0 0
655 0 0 0 0
656 0 0 0 0
657 0 0 0 0
658 0 0 0 0
659 0 0 0 0
660 0 0 0 0
661 0 0 0 0
662 0 0 0 0
663 0 0 0 0
664 0 0 0 0
665 0 0 0 0
666 0 0 0 0
667 0 0 0 0
668 0 0 0 0
669 0 0 0 0
670 0 0 0 0
671 0 0 0 0
672 0 0 0 0
673 0 0 0 0
674 0 0 0 0
675 0 0 0 0
676 0 0 0 0
677 0 0 0 0
678 0 0 0 0
679 0 0 0 0
680 0 0 0 0
681 0 0 0 0
682 0 0 0 0
683 0 0 0 0
684 0 0 0 0
685 0 0 0 0
686 0 0 0 0
687 0 0 0 0
688 0 0 0 0
689 0 0 0 0
690 0 0 0 0
691 0 0 0 0
692 0 0 0 0
693 0 0 0 0
694 0 0 0 0
695 0 0 0 0
696 0 0 0 0
697 0 0 0 0
698 0 0 0 0
699 0 0 0 0
700 0 0 0 0
701 0 0 0 0
702 0 0 0 0
703 0 0 0 0
704 0 0 0 0
705 0 0 0 0
706 0 0 0 0
707 0 0 0 0
708 0 0 0 0
709 0 0 0 0
710 0 0 0 0
711 0 0 0 0
712 0 0 0 0
713 0 0 0 0
714 0 0 0 0
715 0 0 0 0
716 0 0 0 0
717 0 0 0 0
718 0 0 0 0
719 0 0 0 0
720 0 0 0 0
721 0 0 0 0
722 0 0 0 0
723 0 0 0 0
724 0 0 0 0
725 0 0 0 0
726 0 0 0 0
727 0 0 0 0
