0 0 0 0 0
1 0 0 0 0
2 0 0 0 0
3 0 0 0 0
4 0 0 0 0
5 0 2 1 0
6 0 1 0 0
7 0 0 0 0
8 0 0 0 0
9 0 0 1 2
10 0 0 0 1
11 0 0 0 0
12 0 0 0 1
13 0 0 0 1
14 0 0 0 0
15 1 0 0 0
16 1 0 0 0
17 0 0 0 0
18 1 0 0 0
19 1 0 0 0
20 0 0 0 0
21 0 1 0 0
22 0 0 0 0
23 0 1 0 0
24 0 2 0 0
25 1 0 0 1
26 0 0 0 0
27 1 0 0 0
28 2 0 0 1
29 0 0 0 0
30 0 0 0 1
31 1 0 0 1
32 1 0 0 0
33 0 0 0 0
34 0 1 0 0
35 1 0 0 0
36 0 1 1 0
37 0 2 1 0
38 0 0 0 0
39 0 0 0 0
40 1 0 1 1
41 0 0 0 3
42 0 0 0 0
43 0 0 0 1
44 1 0 0 2
45 0 1 0 0
46 0 0 0 0
47 0 0 0 0
48 0 0 0 0
49 0 0 0 0
50 0 0 0 0
51 0 0 0 0
52 0 0 0 1
53 1 0 1 0
54 2 0 0 0
55 1 0 0 0
56 1 0 0 0
57 0 0 0 0
58 0 0 1 0
59 1 2 0 0
60 1 1 0 1
61 1 0 0 0
62 0 0 0 1
63 1 0 0 2
64 2 0 0 1
65 1 1 0 0
66 1 0 0 0
67 1 0 0 0
68 0 0 2 0
69 0 1 1 1
70 0 1 0 0
71 0 0 0 0
72 0 0 0 0
73 0 1 0 0
74 0 0 1 2
75 0 0 1 1
76 0 1 0 2
77 0 0 0 1
78 0 0 0 1
79 0 0 0 1
80 2 0 0 1
81 0 0 0 0
82 1 0 0 0
83 0 0 0 0
84 0 0 0 0
85 0 1 0 0
86 1 0 0 0
87 0 0 1 0
88 3 0 0 0
89 0 1 0 1
90 0 0 0 0
91 0 0 0 1
92 0 0 0 0
93 0 0 1 0
94 0 1 0 0
95 1 1 0 0
96 0 0 0 1
97 0 0 1 1
98 0 0 0 0
99 0 0 0 1
100 0 1 0 0
101 0 0 0 1
102 0 0 0 0
103 0 0 0 0
104 0 0 0 1
105 0 0 0 0
106 0 0 0 0
107 0 0 0 1
108 0 0 0 0
109 1 0 0 0
110 0 0 0 0
111 0 0 0 0
112 1 0 0 0
113 1 0 0 0
114 0 0 1 0
115 1 0 0 0
116 0 0 0 0
117 0 1 0 0
118 0 0 0 1
119 0 0 0 0
120 0 0 1 0
121 0 0 0 0
122 0 0 1 0
123 0 0 0 0
124 0 0 0 2
125 0 0 0 0
126 1 0 0 1
127 0 0 0 0
128 0 0 0 0
129 0 0 0 0
130 0 0 0 0
131 0 0 0 0
132 0 0 0 0
133 0 0 0 0
134 1 0 0 0
135 1 0 1 0
136 1 0 0 0
137 0 0 0 0
138 0 0 0 0
139 0 0 1 1
140 0 0 1 0
141 1 1 0 0
142 1 0 0 0
143 0 0 0 0
144 0 0 0 2
145 0 0 0 1
146 0 1 0 0
147 0 0 0 0
148 2 0 0 0
149 0 0 0 0
150 0 0 0 1
151 1 1 0 0
152 0 0 0 0
153 0 0 1 0
154 1 0 0 0
155 0 0 0 1
156 1 1 1 0
157 1 0 0 0
158 0 0 0 0
159 0 0 1 0
160 0 0 0 1
161 0 0 0 0
162 1 0 0 0
163 1 0 0 2
164 0 0 0 0
165 1 1 0 0
166 1 0 1 1
167 0 0 1 0
168 0 1 0 0
169 0 0 0 0
170 0 0 1 2
171 1 0 0 1
172 0 0 0 1
173 1 0 0 0
174 1 0 0 1
175 1 1 0 0
176 0 0 0 0
177 0 0 0 0
178 3 0 0 0
179 2 0 0 1
180 1 2 0 0
181 0 0 0 0
182 0 0 1 0
183 1 2 0 0
184 1 1 0 1
185 0 0 0 0
186 0 0 0 0
187 0 0 2 1
188 1 1 0 1
189 0 0 1 1
190 2 0 0 2
191 0 0 0 1
192 0 1 0 0
193 2 1 1 0
194 1 0 0 1
195 1 1 1 1
196 1 0 0 1
197 1 0 0 2
198 0 1 0 1
199 0 0 0 1
200 0 0 0 0
201 0 0 0 0
202 0 1 0 2
203 0 1 0 0
204 0 1 0 0
205 0 1 0 0
206 0 1 0 1
207 0 0 0 0
208 0 0 0 0
209 0 0 0 1
210 0 0 0 1
211 1 0 0 1
212 0 0 0 0
213 0 0 0 1
214 0 0 0 0
215 0 0 0 0
216 1 0 1 0
217 0 0 0 0
218 0 0 0 0
219 0 0 0 0
220 1 0 0 0
221 0 1 0 0
222 0 0 0 0
223 0 0 0 1
224 1 0 0 0
225 0 0 0 1
226 1 0 0 0
227 1 0 0 0
228 0 0 0 0
229 0 1 1 0
230 0 0 0 0
231 0 0 0 0
232 0 0 0 0
233 1 0 0 1
234 0 0 0 0
235 0 1 0 0
236 0 0 1 1
237 0 0 0 0
238 0 0 0 0
239 0 0 0 1
240 0 0 0 1
241 0 0 0 0
242 0 1 0 0
243 0 0 0 0
244 0 0 0 0
245 0 0 0 0
246 0 0 0 0
247 1 0 0 0
248 1 0 0 0
249 1 0 0 1
250 2 0 0 0
251 1 0 0 0
252 0 0 0 0
253 0 0 0 0
254 0 1 0 0
255 0 1 0 0
256 0 1 0 0
257 0 0 1 0
258 0 0 0 1
259 1 0 1 1
260 0 0 1 0
261 0 0 0 1
262 0 0 0 0
263 0 0 0 1
264 0 0 0 1
265 0 0 0 0
266 0 0 0 1
267 0 0 0 0
268 0 0 1 0
269 0 0 0 0
270 1 0 0 0
271 0 0 0 0
272 1 0 0 1
273 0 0 0 0
274 0 0 0 0
275 1 1 0 0
276 0 0 0 0
277 0 1 0 0
278 0 0 0 0
279 0 0 0 1
280 0 0 0 0
281 0 0 0 1
282 0 0 0 0
283 0 0 0 0
284 0 1 0 0
285 0 0 0 0
286 0 0 0 0
287 0 0 0 0
288 1 0 0 1
289 0 0 0 0
290 0 0 0 0
291 1 0 0 0
292 1 0 0 0
293 1 0 0 0
294 0 1 0 0
295 1 0 0 0
296 0 1 0 0
297 0 1 0 0
298 1 0 1 1
299 0 0 0 0
300 0 0 0 1
301 0 0 0 1
302 0 0 0 0
303 0 0 0 0
304 0 1 0 0
305 0 0 0 1
306 0 0 0 0
307 0 1 0 0
308 0 0 0 0
309 0 0 0 0
310 0 0 0 0
311 0 0 0 1
312 1 0 0 0
313 0 0 0 1
314 0 0 0 0
315 0 0 0 0
316 0 0 0 0
317 0 1 0 0
318 0 0 0 0
319 0 0 0 0
320 0 0 0 0
321 0 0 0 0
322 1 0 0 0
323 0 0 0 0
324 0 0 0 1
325 0 0 0 0
326 0 0 0 0
327 0 0 0 0
328 0 0 0 0
329 0 0 0 0
330 0 0 0 0
331 0 0 1 0
332 0 0 0 0
333 0 0 0 0
334 0 0 0 0
335 0 0 0 1
336 0 0 0 0
337 0 0 0 0
338 0 0 0 0
339 0 0 0 0
340 0 0 0 0
341 0 0 0 0
342 0 0 0 0
343 1 0 0 0
344 0 0 0 0
345 0 0 0 0
346 0 0 0 0
347 0 0 0 0
348 0 0 0 0
349 0 0 0 0
350 0 0 0 0
351 0 0 0 0
352 0 1 0 0
353 0 0 0 0
354 0 0 0 0
355 0 0 0 0
356 0 0 0 0
357 0 0 0 0
358 0 0 0 0
359 0 0 0 1
360 0 0 0 0
361 0 0 0 0
362 0 0 0 0
363 0 0 0 0
364 0 0 0 0
365 1 0 0 0
366 1 0 0 0
367 0 0 0 0
368 0 0 0 0
369 0 0 0 0
370 0 0 0 0
371 0 0 1 0
372 0 0 0 0
373 0 0 0 0
374 0 0 1 0
375 0 0 0 1
376 0 0 0 0
377 0 0 0 0
378 0 0 0 0
379 0 0 0 0
380 0 0 0 0
381 0 0 0 1
382 1 0 0 0
383 0 0 0 0
384 1 0 0 0
385 0 0 0 0
386 0 0 0 0
387 0 1 0 0
388 1 0 0 0
389 1 0 0 0
390 1 0 0 0
391 0 0 0 1
392 2 0 0 0
393 1 1 1 0
394 1 1 0 0
395 2 0 0 0
396 0 0 0 0
397 0 0 0 1
398 0 1 1 1
399 0 0 2 0
400 0 1 0 1
401 0 1 0 0
402 0 0 0 1
403 0 0 0 1
404 0 1 0 0
405 0 0 0 1
406 0 0 0 1
407 1 0 0 1
408 2 0 0 2
409 1 0 0 0
410 3 0 0 0
411 3 0 0 0
412 2 1 0 0
413 0 1 0 0
414 0 0 0 0
415 2 0 1 0
416 4 1 0 0
417 3 1 0 1
418 1 1 0 0
419 2 1 1 1
420 3 2 2 0
421 2 3 2 0
422 1 1 0 2
423 1 1 0 2
424 2 1 0 4
425 1 0 1 2
426 1 2 0 2
427 0 0 0 2
428 1 1 2 3
429 0 1 2 2
430 2 1 2 0
431 3 1 0 0
432 2 0 0 3
433 1 1 1 3
434 6 0 0 2
435 0 2 0 0
436 3 1 0 1
437 1 1 0 2
438 2 0 0 1
439 2 3 1 1
440 2 3 0 2
441 6 3 0 1
442 2 1 0 1
443 3 2 1 4
444 2 1 0 2
445 2 1 0 2
446 1 3 1 2
447 1 3 0 4
448 4 2 0 1
449 4 0 3 0
450 2 3 3 3
451 5 0 0 2
452 2 0 1 2
453 4 3 0 2
454 2 1 1 5
455 2 1 1 1
456 1 1 1 3
457 3 2 1 5
458 1 5 1 1
459 2 2 2 1
460 1 1 3 2
461 1 2 0 3
462 2 0 1 3
463 5 0 0 2
464 2 1 1 3
465 7 1 0 5
466 3 0 2 3
467 4 0 2 2
468 2 0 4 2
469 4 0 1 2
470 1 3 0 1
471 4 4 1 1
472 2 5 0 1
473 5 1 0 3
474 3 6 1 3
475 6 0 0 5
476 1 1 1 2
477 2 1 1 2
478 4 2 1 5
479 2 2 2 3
480 1 3 2 2
481 1 2 0 5
482 3 2 3 0
483 4 1 2 1
484 4 4 1 5
485 1 2 0 4
486 1 1 0 6
487 3 1 2 3
488 6 1 1 3
489 4 2 1 3
490 9 1 0 3
491 4 0 0 2
492 5 2 2 2
493 6 3 2 2
494 6 0 2 4
495 3 5 4 1
496 5 4 2 4
497 4 5 1 3
498 4 2 2 1
499 6 3 1 7
500 5 2 2 6
501 2 1 2 5
502 4 4 1 7
503 3 5 3 3
504 4 5 0 4
505 7 4 0 2
506 7 3 1 6
507 4 1 1 6
508 4 0 2 3
509 6 6 1 2
510 4 2 2 9
511 5 5 1 6
512 11 0 2 3
513 6 2 2 4
514 5 6 0 4
515 4 3 1 7
516 5 6 0 4
517 8 9 1 2
518 7 5 1 6
519 8 2 1 3
520 7 3 2 4
521 7 2 3 9
522 9 3 4 6
523 7 4 4 6
524 6 4 5 6
525 2 6 4 0
526 8 5 1 4
527 3 4 1 6
528 4 1 1 10
529 2 3 1 11
530 3 3 3 7
531 6 5 7 6
532 8 3 5 5
533 3 2 3 7
534 5 0 1 6
535 6 4 1 8
536 5 2 2 6
537 9 4 2 4
538 9 2 1 5
539 7 3 2 3
540 7 3 3 8
541 11 6 1 3
542 9 4 1 6
543 7 4 1 2
544 13 4 1 8
545 9 4 1 4
546 7 7 3 6
547 12 7 3 5
548 11 8 3 4
549 9 5 4 4
550 7 8 5 7
551 7 3 3 8
552 13 3 6 8
553 6 7 5 11
554 5 4 2 12
555 9 3 3 11
556 7 7 3 11
557 7 9 6 15
558 3 7 1 3
559 12 4 5 4
560 11 7 1 8
561 11 6 4 14
562 5 5 2 7
563 8 1 2 10
564 6 7 5 12
565 6 2 6 8
566 11 5 2 10
567 6 6 2 3
568 11 6 0 11
569 11 6 2 6
570 9 6 3 7
571 8 5 3 9
572 7 6 2 7
573 8 7 3 5
574 7 3 4 12
575 11 6 4 8
576 7 5 3 14
577 0 5 3 7
578 6 8 2 11
579 3 2 5 7
580 3 5 3 8
581 0 1 6 3
582 6 5 1 10
583 4 2 3 8
584 4 6 0 10
585 4 3 1 8
586 6 1 0 7
587 4 2 3 6
588 4 2 2 6
589 2 2 4 5
590 3 1 1 2
591 4 3 4 3
592 5 2 1 4
593 5 2 1 3
594 4 1 2 5
595 3 2 1 7
596 4 2 2 4
597 4 3 2 1
598 0 3 1 2
599 1 1 2 5
600 5 4 0 4
601 4 4 3 6
602 1 2 2 3
603 0 0 2 4
604 5 1 0 7
605 3 2 2 4
606 0 1 3 2
607 2 1 0 3
608 1 0 0 3
609 1 2 1 4
610 4 2 1 4
611 1 0 0 2
612 2 0 2 1
613 2 1 3 3
614 1 1 2 1
615 0 2 0 0
616 2 1 0 4
617 1 0 1 3
618 0 1 0 1
619 0 2 0 2
620 2 0 0 4
621 1 1 1 2
622 0 0 1 1
623 1 1 0 1
624 3 0 0 1
625 0 1 1 0
626 1 1 0 1
627 0 0 0 0
628 1 0 1 2
629 1 1 2 2
630 1 0 1 2
631 1 0 0 0
632 1 0 0 2
633 0 0 1 0
634 0 1 0 1
635 0 1 0 0
636 0 0 0 3
637 1 1 1 0
638 0 0 0 1
639 0 1 0 0
640 0 0 1 1
641 0 0 0 1
642 0 0 1 1
643 1 0 0 0
644 1 0 0 2
645 0 0 0 0
646 0 0 0 2
647 0 0 0 0
648 0 1 0 0
649 0 0 1 0
650 2 0 0 0
651 0 0 0 0
652 0 0 0 0
653 0 0 0 1
654 0 0 0 0
655 0 1 1 1
656 0 0 0 0
657 0 0 0 0
658 0 0 0 0
659 0 0 0 1
660 0 0 0 0
661 0 0 0 0
662 0 0 0 1
663 0 0 0 0
664 0 0 0 0
665 0 0 0 0
666 0 0 0 0
667 0 0 0 0
668 0 0 0 0
669 0 0 0 0
670 0 0 0 0
671 0 0 0 0
672 0 0 0 0
673 0 0 0 0
674 0 0 0 0
675 0 0 0 0
676 0 0 0 0
677 0 0 0 0
678 0 0 0 0
679 0 0 0 0
680 0 0 0 0
681 0 0 0 0
682 0 0 0 0
683 0 0 0 0
684 0 0 0 0
685 0 0 0 0
686 0 0 0 0
687 0 0 0 0
688 0 0 0 0
689 0 0 0 0
690 0 0 0 0
691 0 0 0 0
692 0 0 0 0
693 0 0 0 0
694 0 0 0 0
695 0 0 0 0
696 0 0 0 0
697 0 0 0 0
698 0 0 0 0
699 0 0 0 0
700 0 0 0 0
701 0 0 0 0
702 0 0 0 0
703 0 0 0 0
704 0 0 0 0
705 0 0 0 0
706 0 0 0 0
707 0 0 0 0
708 0 0 0 0
709 0 0 0 0
710 0 0 0 0
711 0 0 0 0
712 0 0 0 0
713 0 0 0 0
714 0 0 0 0
715 0 0 0 0
716 0 0 0 0
717 0 0 0 0
718 0 0 0 0
719 0 0 0 0
720 0 0 0 0
721 0 0 0 0
722 0 0 0 0
723 0 0 0 0
724 0 0 0 0
725 0 0 0 0
726 0 0 0 0
727 0 0 0 0
