0 0 0 0 0
1 0 0 0 0
2 0 0 0 0
3 0 0 0 0
4 0 0 0 0
5 0 1 0 0
6 0 0 0 0
7 0 0 0 0
8 0 0 0 0
9 0 2 2 1
10 0 0 0 0
11 0 0 0 0
12 0 0 0 0
13 0 0 0 2
14 0 0 0 0
15 0 0 0 0
16 0 0 0 2
17 0 0 0 0
18 0 0 0 0
19 0 0 0 0
20 0 0 0 0
21 0 0 0 0
22 0 0 0 0
23 1 0 0 0
24 2 0 0 0
25 0 0 0 0
26 0 0 0 0
27 0 0 0 0
28 2 1 0 0
29 0 1 0 0
30 0 0 0 0
31 0 0 0 0
32 0 0 0 1
33 0 1 0 0
34 0 0 0 0
35 0 0 0 0
36 0 0 0 1
37 0 0 2 0
38 0 0 0 0
39 0 0 0 0
40 0 0 0 1
41 0 0 0 0
42 0 0 0 0
43 0 0 0 0
44 1 0 0 2
45 0 0 0 0
46 0 0 0 0
47 1 0 0 0
48 0 0 0 0
49 1 0 0 0
50 0 0 0 0
51 0 0 0 0
52 0 0 0 0
53 0 0 1 0
54 0 1 1 0
55 0 0 0 0
56 0 0 0 0
57 0 0 0 0
58 0 0 0 1
59 1 0 0 0
60 0 0 0 1
61 0 0 0 1
62 0 0 0 0
63 1 0 0 0
64 1 0 1 0
65 0 0 0 0
66 3 0 0 0
67 3 0 0 0
68 3 0 1 1
69 2 1 0 0
70 0 0 0 0
71 0 1 0 0
72 0 1 1 1
73 2 1 1 0
74 2 1 0 0
75 0 2 0 1
76 0 0 1 2
77 0 1 0 2
78 0 2 1 1
79 1 1 0 3
80 0 0 0 0
81 2 0 0 1
82 0 0 0 0
83 0 0 1 1
84 1 0 0 0
85 0 0 0 3
86 1 1 0 1
87 1 0 0 1
88 1 0 1 0
89 3 0 0 0
90 2 0 1 0
91 3 0 0 0
92 2 0 1 1
93 1 1 0 1
94 2 2 0 0
95 0 0 2 0
96 1 0 1 1
97 0 0 1 1
98 0 1 0 2
99 0 2 1 1
100 0 1 1 2
101 1 1 2 1
102 0 0 1 2
103 0 0 0 1
104 1 0 0 2
105 2 0 0 3
106 0 0 0 1
107 2 0 0 0
108 1 0 0 1
109 0 0 0 1
110 1 0 3 0
111 4 0 0 0
112 2 0 1 0
113 0 1 1 0
114 1 0 0 0
115 2 0 0 1
116 2 4 0 1
117 2 1 0 3
118 1 0 0 0
119 0 0 2 0
120 0 2 0 3
121 1 0 2 0
122 3 1 0 0
123 2 0 1 3
124 1 0 1 2
125 2 1 0 2
126 1 1 0 1
127 1 0 0 1
128 0 1 1 1
129 3 0 1 2
130 0 1 2 2
131 1 3 0 0
132 0 0 0 1
133 1 0 0 1
134 1 0 0 2
135 2 0 1 2
136 0 0 2 0
137 1 0 0 1
138 2 1 2 2
139 2 0 0 1
140 3 2 0 2
141 5 0 0 0
142 4 0 2 1
143 2 1 1 0
144 4 0 0 1
145 5 1 0 2
146 1 2 1 2
147 1 3 1 2
148 3 2 0 0
149 2 1 2 0
150 1 3 2 3
151 2 2 0 2
152 0 1 1 2
153 5 5 0 2
154 0 3 1 7
155 5 0 0 3
156 2 1 1 1
157 4 1 0 4
158 3 2 0 3
159 4 0 1 2
160 3 1 1 3
161 3 1 1 2
162 6 4 2 0
163 3 0 0 2
164 0 4 2 2
165 4 1 2 4
166 2 2 0 4
167 3 4 2 0
168 1 2 1 3
169 4 1 0 2
170 4 4 1 0
171 5 3 1 7
172 4 1 2 5
173 2 0 0 3
174 2 4 0 5
175 6 3 1 4
176 3 4 0 1
177 4 1 2 2
178 6 1 2 3
179 6 1 2 5
180 5 4 1 0
181 5 1 2 2
182 5 2 2 3
183 5 0 5 5
184 3 1 3 2
185 3 3 2 4
186 3 2 4 4
187 5 2 5 8
188 5 4 2 3
189 3 2 0 6
190 6 0 2 5
191 4 2 0 8
192 8 2 2 6
193 4 0 4 5
194 3 1 3 3
195 5 3 0 0
196 2 1 1 3
197 9 4 3 3
198 4 2 0 5
199 7 4 4 4
200 3 2 4 4
201 2 3 2 6
202 8 4 3 0
203 8 2 1 4
204 7 4 3 8
205 1 2 0 4
206 2 4 2 3
207 5 4 3 3
208 1 5 3 8
209 1 5 0 7
210 3 1 1 4
211 2 2 2 7
212 3 3 2 4
213 3 3 1 8
214 4 0 2 5
215 1 1 2 7
216 3 1 2 4
217 2 0 2 2
218 2 0 1 2
219 0 1 0 2
220 3 1 0 6
221 3 2 0 1
222 3 2 1 2
223 3 3 2 2
224 4 0 1 2
225 2 2 2 1
226 3 2 0 2
227 1 2 0 2
228 1 1 0 3
229 1 2 1 2
230 0 1 1 5
231 1 2 1 0
232 2 2 1 4
233 1 2 0 2
234 0 2 1 3
235 0 1 0 3
236 1 1 1 4
237 0 1 1 2
238 2 1 0 0
239 0 0 0 0
240 1 0 0 3
241 0 1 1 5
242 2 0 0 2
243 0 2 0 0
244 2 0 0 0
245 3 0 0 1
246 2 0 0 0
247 1 0 0 1
248 2 0 0 1
249 4 1 2 0
250 0 3 0 1
251 0 2 1 0
252 2 1 0 0
253 1 0 2 1
254 1 1 2 3
255 0 1 0 2
256 0 0 0 3
257 0 2 0 3
258 0 1 0 2
259 0 0 0 1
260 1 1 0 1
261 0 0 0 1
262 0 0 0 0
263 0 0 1 0
264 0 0 0 2
265 0 1 0 1
266 0 0 0 0
267 1 0 0 1
268 1 0 0 0
269 0 0 0 0
270 1 0 0 0
271 0 0 0 0
272 1 0 0 1
273 0 0 0 0
274 1 0 0 0
275 0 0 0 0
276 0 1 0 0
277 1 1 0 0
278 0 0 0 0
279 2 2 0 0
280 0 0 0 1
281 1 1 0 1
282 0 0 0 0
283 1 0 0 2
284 0 0 1 0
285 1 0 0 0
286 0 1 0 0
287 0 0 0 0
288 0 1 1 1
289 0 0 0 0
290 0 1 0 1
291 0 0 0 1
292 0 0 0 1
293 0 0 0 0
294 0 1 0 1
295 0 0 0 1
296 0 0 0 0
297 0 0 0 0
298 0 0 0 0
299 0 0 0 0
300 0 0 0 0
301 0 0 0 1
302 0 0 0 0
303 0 0 0 0
304 0 0 0 0
305 0 0 0 0
306 1 0 0 0
307 0 0 0 0
308 0 0 0 0
309 0 0 0 0
310 0 0 0 0
311 0 1 0 0
312 0 0 0 0
313 0 0 0 0
314 0 0 0 0
315 0 0 0 1
316 0 0 0 0
317 0 0 0 0
318 0 0 0 0
319 0 0 0 0
320 0 0 0 0
321 0 0 0 0
322 0 0 0 0
323 0 0 0 0
324 0 0 0 0
325 0 0 0 0
326 0 0 0 0
327 0 0 0 0
328 1 0 0 0
329 0 0 0 0
330 0 0 0 0
331 0 0 0 0
332 0 0 0 0
333 1 1 0 0
334 1 0 0 0
335 0 0 0 0
336 0 0 0 0
337 0 0 0 1
338 0 1 0 0
339 0 0 0 0
340 0 0 1 0
341 0 0 0 0
342 0 0 0 1
343 0 0 0 0
344 0 0 0 0
345 0 0 0 0
346 0 0 0 0
347 0 0 0 1
348 0 0 0 0
349 0 0 0 0
350 0 0 0 0
351 0 0 0 0
352 0 0 0 0
353 0 0 0 0
354 0 0 0 0
355 0 0 0 0
356 0 0 0 0
357 0 0 0 0
358 0 0 0 0
359 0 0 0 0
360 0 0 0 0
361 0 0 0 0
362 0 0 0 0
363 1 0 0 0
364 1 0 0 0
365 1 0 0 0
366 0 0 0 0
367 0 0 0 0
368 0 1 0 0
369 0 0 1 0
370 0 1 0 0
371 0 0 0 0
372 0 0 0 1
373 0 0 0 1
374 0 0 0 0
375 0 0 0 0
376 0 0 0 0
377 0 0 0 1
378 0 0 0 0
379 1 0 0 0
380 0 0 0 0
381 1 0 0 0
382 1 0 0 0
383 1 0 0 0
384 0 0 0 0
385 0 0 0 0
386 0 0 0 0
387 0 0 0 0
388 0 1 1 0
389 0 0 0 0
390 0 1 0 0
391 0 0 1 0
392 0 0 0 2
393 0 0 0 0
394 0 0 0 1
395 0 0 0 0
396 0 0 0 0
397 0 0 0 0
398 0 0 0 1
399 0 0 0 0
400 0 0 0 0
401 0 0 0 0
402 0 0 0 0
403 0 0 0 0
404 1 0 0 0
405 0 0 0 0
406 1 0 0 0
407 0 0 0 0
408 0 0 0 0
409 0 0 0 0
410 0 0 0 0
411 1 0 1 0
412 0 0 0 0
413 0 0 1 0
414 1 0 0 0
415 0 0 0 0
416 0 1 0 0
417 0 0 0 0
418 0 0 0 1
419 0 0 1 0
420 0 0 0 1
421 0 0 0 0
422 0 0 0 0
423 0 0 0 2
424 1 0 0 0
425 0 0 0 0
426 0 0 0 0
427 0 0 0 0
428 0 0 0 0
429 0 1 0 0
430 1 0 0 0
431 0 0 0 0
432 0 0 0 0
433 0 0 0 1
434 1 0 0 0
435 0 1 0 0
436 1 0 0 0
437 0 0 0 0
438 1 0 0 0
439 0 0 1 0
440 0 0 0 0
441 1 1 0 0
442 0 0 0 1
443 1 1 0 1
444 0 0 0 0
445 0 0 0 1
446 0 0 0 0
447 0 0 0 1
448 0 0 0 0
449 0 0 0 0
450 0 1 0 0
451 0 0 0 0
452 0 1 0 0
453 0 0 0 0
454 0 0 0 0
455 0 0 0 0
456 0 0 0 1
457 0 0 0 1
458 0 0 0 0
459 0 0 0 0
460 1 0 0 0
461 0 0 0 0
462 0 0 0 0
463 1 0 0 0
464 0 0 0 0
465 1 0 0 0
466 1 0 0 0
467 0 0 0 0
468 0 0 0 0
469 0 1 0 0
470 1 0 1 0
471 1 1 0 0
472 2 1 0 0
473 1 0 0 1
474 0 0 0 0
475 0 0 1 0
476 0 0 1 0
477 0 0 0 1
478 0 1 0 1
479 0 0 0 1
480 0 0 0 1
481 0 1 1 0
482 0 0 0 1
483 0 0 0 0
484 1 0 0 0
485 2 0 0 1
486 1 0 0 0
487 1 0 0 1
488 1 0 0 1
489 2 0 0 0
490 0 1 1 0
491 3 1 0 0
492 0 1 0 0
493 1 2 0 0
494 1 1 0 0
495 2 0 0 0
496 2 2 0 2
497 1 0 0 2
498 0 1 1 1
499 2 1 0 0
500 1 2 1 2
501 0 1 1 1
502 1 0 1 1
503 1 0 0 2
504 0 0 1 3
505 0 0 0 2
506 1 0 0 1
507 1 0 0 0
508 1 0 2 0
509 0 1 0 1
510 0 0 0 0
511 1 1 0 1
512 1 1 0 2
513 1 0 1 1
514 1 0 0 0
515 1 0 1 1
516 0 0 0 1
517 2 0 0 1
518 0 0 0 0
519 1 1 0 1
520 2 1 0 0
521 1 0 1 0
522 0 2 1 0
523 0 0 0 1
524 2 1 0 1
525 0 2 0 1
526 0 0 0 2
527 1 0 0 0
528 0 1 0 0
529 0 0 2 3
530 0 0 1 0
531 0 0 0 1
532 0 1 0 1
533 0 0 0 1
534 1 0 0 1
535 0 0 0 0
536 0 0 0 2
537 1 0 0 0
538 0 0 0 0
539 0 0 0 0
540 0 0 0 0
541 1 0 0 0
542 1 0 1 0
543 0 1 0 0
544 1 0 0 0
545 1 0 0 0
546 3 0 1 0
547 0 1 0 0
548 1 0 0 1
549 0 1 0 1
550 1 0 1 1
551 0 0 1 0
552 1 0 0 0
553 1 1 0 1
554 0 0 0 2
555 1 1 1 0
556 2 0 0 0
557 0 0 0 0
558 1 0 0 2
559 1 0 1 1
560 1 0 0 0
561 0 2 1 0
562 0 1 0 1
563 0 0 0 0
564 1 0 1 0
565 1 0 0 2
566 1 0 0 1
567 2 1 0 0
568 0 1 0 1
569 1 1 1 1
570 0 0 1 1
571 0 1 0 1
572 1 0 0 0
573 1 0 0 1
574 1 0 1 0
575 1 0 0 2
576 3 2 0 1
577 0 1 0 1
578 0 0 0 0
579 0 1 0 0
580 0 1 0 2
581 0 1 1 1
582 0 1 0 0
583 1 0 0 1
584 1 0 0 2
585 0 0 1 2
586 1 0 0 0
587 0 0 0 0
588 0 0 0 0
589 0 0 0 2
590 0 0 0 0
591 0 1 0 0
592 0 1 0 0
593 1 1 0 0
594 0 0 0 0
595 0 0 0 0
596 1 0 0 1
597 0 0 0 1
598 0 0 0 1
599 0 0 1 0
600 0 0 0 0
601 0 1 0 0
602 0 0 0 0
603 0 0 0 1
604 0 0 0 0
605 0 0 0 0
606 0 0 0 0
607 0 0 0 0
608 0 0 0 1
609 0 0 0 0
610 0 0 0 0
611 0 0 0 0
612 0 0 0 0
613 0 0 0 0
614 0 0 0 0
615 0 0 0 0
616 0 0 0 0
617 0 0 0 0
618 0 0 0 0
619 0 0 0 0
620 0 0 0 0
621 0 0 0 0
622 0 0 0 0
623 0 0 0 0
624 0 0 0 0
625 0 0 0 0
626 0 0 0 0
627 0 0 0 0
628 0 0 0 0
629 0 0 0 0
630 0 0 0 0
631 0 0 0 0
632 0 0 0 0
633 0 0 0 0
634 0 0 0 0
635 0 0 0 0
636 0 0 0 0
637 0 0 0 0
638 0 0 0 0
639 0 0 0 0
640 0 0 0 0
641 0 0 0 0
642 0 0 0 0
643 0 0 0 0
644 0 0 0 0
645 0 0 0 0
646 0 0 0 0
647 0 0 0 0
648 0 0 0 0
649 0 0 0 0
650 0 0 0 0
651 0 0 0 0
652 0 0 0 0
653 0 0 0 0
654 0 0 0 0
655 0 0 0 0
656 0 0 0 0
657 0 0 0 0
658 0 0 0 0
659 0 0 0 0
660 0 0 0 0
661 0 0 0 0
662 0 0 0 0
663 0 0 0 0
664 0 0 0 0
665 0 0 0 0
666 0 0 0 0
667 0 0 0 0
668 0 0 0 0
669 0 0 0 0
670 0 0 0 0
671 0 0 0 0
672 0 0 0 0
673 0 0 0 0
674 0 0 0 0
675 0 0 0 0
676 0 0 0 0
677 0 0 0 0
678 0 0 0 0
679 0 0 0 0
680 0 0 0 0
681 0 0 0 0
682 0 0 0 0
683 0 0 0 0
684 0 0 0 0
685 0 0 0 0
686 0 0 0 0
687 0 0 0 0
688 0 0 0 0
689 0 0 0 0
690 0 0 0 0
691 0 0 0 0
692 0 0 0 0
693 0 0 0 0
694 0 0 0 0
695 0 0 0 0
696 0 0 0 0
697 0 0 0 0
698 0 0 0 0
699 0 0 0 0
700 0 0 0 0
701 0 0 0 0
702 0 0 0 0
703 0 0 0 0
704 0 0 0 0
705 0 0 0 0
706 0 0 0 0
707 0 0 0 0
708 0 0 0 0
709 0 0 0 0
710 0 0 0 0
711 0 0 0 0
712 0 0 0 0
713 0 0 0 0
714 0 0 0 0
715 0 0 0 0
716 0 0 0 0
717 0 0 0 0
718 0 0 0 0
719 0 0 0 0
720 0 0 0 0
721 0 0 0 0
722 0 0 0 0
723 0 0 0 0
724 0 0 0 0
725 0 0 0 0
726 0 0 0 0
727 0 0 0 0
