0 0 0 0 0
1 0 0 0 0
2 0 0 0 0
3 0 0 0 0
4 0 0 0 0
5 0 1 1 0
6 0 0 0 0
7 0 0 0 0
8 0 0 0 0
9 0 2 1 1
10 0 0 0 0
11 0 0 0 0
12 0 0 0 1
13 0 0 0 2
14 0 0 0 0
15 0 0 0 0
16 0 0 0 1
17 0 0 0 0
18 0 0 0 0
19 1 0 0 0
20 1 0 0 0
21 1 0 0 0
22 0 0 0 0
23 0 0 0 0
24 0 0 0 0
25 1 0 0 0
26 0 1 0 0
27 0 0 0 0
28 0 0 1 0
29 0 1 0 0
30 0 0 1 0
31 0 0 0 0
32 0 0 0 0
33 0 0 0 1
34 0 0 0 0
35 0 0 0 2
36 0 0 0 1
37 0 0 0 0
38 0 0 0 0
39 0 0 0 0
40 0 0 0 0
41 2 0 0 0
42 1 0 0 0
43 1 0 0 0
44 1 0 0 0
45 3 0 0 0
46 0 1 0 0
47 1 0 0 0
48 1 1 0 0
49 0 1 0 0
50 1 2 2 0
51 0 1 0 0
52 0 0 0 1
53 0 0 0 2
54 0 0 0 1
55 0 0 0 0
56 0 2 0 0
57 0 0 0 3
58 0 0 0 1
59 0 1 0 0
60 0 0 0 0
61 0 0 0 0
62 1 0 0 0
63 1 0 0 3
64 0 0 0 0
65 0 0 0 0
66 0 0 0 0
67 0 0 0 0
68 1 0 0 0
69 0 0 0 0
70 1 0 0 0
71 1 0 1 0
72 0 0 1 0
73 1 0 0 0
74 0 0 0 0
75 0 0 0 1
76 2 0 1 1
77 0 1 0 0
78 1 0 0 0
79 0 1 0 0
80 1 0 0 0
81 0 1 0 1
82 1 1 1 0
83 0 0 0 2
84 2 0 0 0
85 0 0 1 1
86 1 0 0 1
87 0 1 1 0
88 1 0 0 0
89 0 0 1 2
90 3 0 0 0
91 2 0 0 1
92 1 0 0 0
93 1 1 1 1
94 0 0 0 1
95 1 3 0 0
96 0 0 1 0
97 2 0 1 0
98 2 1 0 0
99 1 1 0 2
100 1 1 0 2
101 1 0 0 1
102 0 0 0 2
103 1 0 2 1
104 1 0 2 1
105 1 0 1 0
106 2 1 2 1
107 0 0 0 2
108 1 0 0 2
109 0 1 0 0
110 0 0 0 2
111 0 2 0 0
112 1 1 0 0
113 1 1 0 3
114 1 1 0 0
115 0 0 0 2
116 1 0 0 1
117 1 1 0 0
118 2 1 0 0
119 1 0 0 0
120 1 0 0 1
121 1 0 0 2
122 4 0 0 0
123 4 2 0 1
124 3 1 0 0
125 0 1 1 0
126 1 1 0 0
127 3 2 3 0
128 2 1 0 1
129 2 0 0 0
130 2 1 0 2
131 1 0 0 2
132 2 1 3 3
133 1 3 0 2
134 1 1 0 2
135 1 1 0 0
136 0 1 1 1
137 0 2 1 4
138 1 1 0 1
139 1 0 2 4
140 2 1 0 2
141 2 1 1 1
142 1 0 0 0
143 2 0 2 1
144 1 0 1 3
145 1 1 0 1
146 3 0 0 2
147 1 0 0 1
148 2 2 0 1
149 2 0 1 1
150 3 1 1 1
151 3 3 0 0
152 1 0 1 2
153 3 2 0 0
154 2 1 1 2
155 3 0 1 1
156 4 1 3 2
157 4 1 0 2
158 1 3 2 3
159 3 2 3 1
160 3 1 2 5
161 2 1 2 1
162 1 2 0 1
163 2 1 0 5
164 1 1 0 3
165 2 2 1 7
166 1 1 2 1
167 0 0 0 3
168 1 2 1 1
169 0 2 0 2
170 0 0 2 1
171 2 0 2 0
172 4 1 0 4
173 2 0 1 2
174 4 0 1 0
175 3 0 0 1
176 1 0 0 2
177 2 2 0 3
178 2 0 0 1
179 3 1 0 1
180 4 2 1 0
181 1 2 1 3
182 1 2 1 0
183 7 3 1 0
184 7 3 1 1
185 7 0 2 2
186 3 1 1 3
187 1 0 1 6
188 2 2 2 5
189 5 3 1 1
190 2 3 0 2
191 3 0 2 1
192 4 4 1 4
193 3 4 1 5
194 2 6 1 2
195 3 1 1 3
196 3 1 1 3
197 2 3 0 4
198 3 1 2 1
199 5 1 0 4
200 3 3 0 3
201 3 1 2 5
202 4 4 0 3
203 1 1 1 2
204 4 5 1 5
205 1 4 0 2
206 1 1 1 1
207 2 4 1 4
208 3 2 1 2
209 1 2 1 4
210 1 1 1 2
211 1 1 0 7
212 4 1 0 4
213 2 5 1 4
214 3 0 0 2
215 0 1 1 4
216 4 1 1 1
217 3 0 1 5
218 2 1 2 0
219 3 1 1 2
220 2 0 0 2
221 1 3 3 0
222 1 2 0 0
223 2 1 1 2
224 5 1 1 1
225 2 1 0 5
226 2 0 1 3
227 0 1 0 1
228 3 1 0 5
229 2 1 1 3
230 2 3 0 1
231 2 0 1 0
232 2 1 1 0
233 3 3 2 2
234 4 0 1 4
235 1 1 2 2
236 0 1 0 2
237 0 4 2 0
238 1 2 0 1
239 2 1 1 4
240 0 2 0 6
241 1 0 0 2
242 1 1 0 1
243 2 2 1 2
244 1 1 0 6
245 2 0 0 1
246 2 0 1 1
247 1 0 1 1
248 4 0 1 0
249 5 0 1 0
250 2 0 0 3
251 2 0 2 2
252 1 3 0 0
253 0 4 0 1
254 1 4 1 0
255 0 2 1 2
256 2 0 0 1
257 0 1 0 1
258 0 0 2 3
259 2 1 0 3
260 1 1 1 4
261 0 0 0 5
262 0 0 0 1
263 0 0 0 0
264 1 0 1 2
265 0 1 1 1
266 0 0 0 1
267 0 0 0 0
268 0 1 0 1
269 1 2 0 2
270 1 0 0 0
271 1 0 0 0
272 1 0 0 0
273 2 0 0 1
274 0 1 0 0
275 1 1 0 1
276 2 0 0 1
277 2 0 0 0
278 2 0 0 0
279 1 0 0 1
280 1 0 1 0
281 1 1 2 1
282 1 2 2 0
283 0 1 0 0
284 0 0 0 0
285 0 0 0 3
286 0 1 0 4
287 0 1 1 1
288 0 0 1 0
289 0 1 0 1
290 0 0 0 1
291 0 1 0 1
292 1 0 0 1
293 1 0 0 0
294 1 0 0 1
295 0 0 0 1
296 0 0 0 1
297 1 0 1 0
298 0 0 0 0
299 0 0 0 0
300 0 0 0 0
301 1 0 0 1
302 1 1 1 0
303 0 1 0 0
304 0 0 0 0
305 0 0 0 0
306 0 0 0 1
307 0 1 0 0
308 0 0 0 0
309 0 0 0 1
310 0 0 1 1
311 0 0 0 0
312 0 0 0 0
313 0 0 0 0
314 0 0 0 2
315 0 0 0 0
316 0 0 0 0
317 0 0 0 0
318 0 0 0 0
319 1 0 0 0
320 0 0 0 0
321 0 0 0 0
322 2 0 0 0
323 1 0 0 0
324 0 0 1 0
325 0 0 0 0
326 1 0 0 0
327 1 1 0 0
328 0 1 0 1
329 0 0 0 0
330 0 0 0 0
331 0 1 1 0
332 0 1 0 0
333 0 0 0 0
334 0 0 0 1
335 0 0 0 2
336 0 0 0 0
337 0 0 0 0
338 0 0 0 1
339 0 0 0 1
340 0 0 0 0
341 0 0 0 0
342 2 0 0 0
343 0 0 0 0
344 1 0 0 0
345 1 0 0 0
346 0 0 0 0
347 0 0 2 0
348 0 0 0 0
349 0 0 1 0
350 0 0 0 0
351 0 0 0 1
352 0 0 1 1
353 0 0 0 0
354 0 0 0 0
355 0 0 0 0
356 0 0 0 1
357 0 0 0 0
358 0 0 0 0
359 0 0 0 1
360 1 0 0 0
361 0 0 0 0
362 0 0 0 0
363 0 0 0 0
364 0 0 0 0
365 1 1 0 0
366 0 0 0 0
367 0 0 0 0
368 1 0 0 0
369 0 0 0 0
370 0 0 0 0
371 0 0 0 0
372 0 0 0 1
373 0 1 0 0
374 0 0 1 0
375 0 0 0 0
376 0 0 0 0
377 0 0 0 0
378 0 0 0 0
379 0 0 0 0
380 0 0 0 1
381 0 0 0 1
382 0 0 0 0
383 0 0 0 0
384 0 0 0 0
385 1 0 0 0
386 2 0 0 0
387 0 0 0 0
388 0 0 0 0
389 0 0 0 0
390 0 1 0 0
391 0 0 1 0
392 0 0 0 0
393 0 0 0 0
394 0 0 0 1
395 0 1 0 1
396 0 0 0 0
397 1 0 0 0
398 1 0 0 0
399 1 0 0 1
400 0 0 0 0
401 0 0 0 0
402 0 0 1 0
403 0 1 0 0
404 0 1 0 0
405 0 0 0 0
406 0 0 0 1
407 1 0 0 1
408 0 0 0 1
409 0 0 0 0
410 0 0 0 0
411 0 0 0 0
412 0 1 0 0
413 0 0 0 0
414 0 0 0 0
415 0 0 0 0
416 1 0 0 1
417 0 0 0 0
418 0 0 0 0
419 0 0 0 0
420 1 0 0 0
421 1 0 0 0
422 0 0 0 0
423 0 0 0 0
424 0 0 0 0
425 0 1 0 0
426 0 1 0 0
427 0 0 0 0
428 0 0 0 0
429 0 0 1 1
430 0 0 0 1
431 0 0 0 0
432 0 0 0 0
433 0 0 0 0
434 0 0 0 0
435 0 0 0 0
436 0 0 0 1
437 0 0 0 0
438 0 0 0 0
439 0 0 0 0
440 0 0 0 0
441 0 0 0 0
442 1 0 0 0
443 2 0 0 0
444 2 0 0 0
445 1 0 0 0
446 2 0 0 0
447 0 1 0 0
448 2 0 0 0
449 0 1 2 0
450 3 0 0 0
451 2 1 0 1
452 0 0 1 0
453 0 0 0 1
454 0 1 0 0
455 0 3 0 1
456 0 0 1 3
457 1 1 1 0
458 0 0 0 1
459 0 0 1 1
460 0 1 0 0
461 0 0 0 1
462 0 0 1 2
463 0 0 0 1
464 1 0 0 1
465 5 0 0 0
466 1 0 0 2
467 1 0 0 1
468 2 0 0 0
469 0 0 0 0
470 0 4 0 0
471 0 2 0 0
472 1 1 0 0
473 1 2 0 0
474 1 0 0 2
475 0 0 0 0
476 0 0 0 0
477 1 1 1 3
478 0 1 0 2
479 0 0 0 1
480 1 0 0 1
481 0 1 0 1
482 0 0 0 1
483 0 0 0 0
484 0 0 0 1
485 1 0 0 0
486 1 1 0 0
487 1 0 0 0
488 1 0 0 1
489 1 1 0 0
490 1 0 0 0
491 1 0 0 0
492 0 0 0 0
493 1 0 0 2
494 0 1 1 0
495 0 0 1 0
496 0 1 0 0
497 0 1 0 0
498 1 0 1 1
499 1 0 0 0
500 0 1 0 0
501 2 0 0 1
502 1 1 0 2
503 0 0 1 1
504 0 1 0 1
505 0 0 0 0
506 0 2 0 0
507 0 1 0 1
508 0 0 0 1
509 0 0 0 1
510 0 0 0 2
511 0 0 0 0
512 0 0 0 0
513 0 0 0 1
514 0 0 0 1
515 2 0 0 0
516 1 0 0 0
517 0 0 0 0
518 0 0 0 0
519 2 0 0 0
520 0 1 1 0
521 2 0 1 0
522 2 0 0 0
523 1 0 0 0
524 0 0 1 2
525 0 0 0 0
526 0 1 1 0
527 0 1 0 0
528 0 0 1 2
529 0 0 0 0
530 1 0 0 1
531 0 0 1 0
532 0 1 0 0
533 0 0 0 1
534 1 0 0 1
535 1 0 0 1
536 2 0 0 1
537 1 0 0 0
538 0 0 0 1
539 1 1 0 0
540 1 0 0 0
541 1 0 0 0
542 1 0 0 0
543 2 0 1 1
544 1 1 1 0
545 1 0 2 0
546 2 1 1 0
547 0 0 0 1
548 1 1 1 2
549 1 1 0 2
550 1 0 1 2
551 0 0 2 0
552 1 0 0 1
553 1 1 1 0
554 0 0 0 0
555 0 2 0 3
556 2 0 0 1
557 0 1 0 1
558 0 1 0 0
559 2 0 0 1
560 3 0 1 2
561 1 1 0 0
562 1 0 0 1
563 1 0 0 0
564 3 1 2 2
565 1 1 1 1
566 1 0 0 0
567 3 1 0 0
568 2 0 1 2
569 3 2 1 2
570 0 2 0 1
571 2 0 0 1
572 1 0 1 0
573 3 1 1 2
574 1 2 1 1
575 2 1 0 1
576 4 2 1 1
577 0 2 1 4
578 0 0 1 1
579 2 1 0 1
580 1 0 1 1
581 0 2 2 4
582 0 1 1 2
583 2 0 0 2
584 0 1 0 1
585 0 1 1 3
586 1 0 0 1
587 2 0 0 1
588 2 2 1 1
589 2 0 0 4
590 2 0 0 0
591 0 1 0 1
592 2 0 1 1
593 1 1 1 0
594 0 2 0 0
595 0 0 0 2
596 0 0 1 1
597 0 1 2 0
598 0 0 0 3
599 0 1 0 0
600 0 0 0 2
601 0 0 0 2
602 0 1 0 0
603 0 0 0 1
604 0 0 0 1
605 0 0 0 0
606 0 0 0 2
607 0 0 0 0
608 0 0 0 0
609 0 0 0 0
610 0 0 0 0
611 0 0 0 0
612 0 0 0 0
613 1 0 0 0
614 0 0 0 0
615 2 0 0 0
616 1 0 0 0
617 1 0 0 0
618 0 0 0 0
619 0 0 0 0
620 2 0 0 0
621 1 2 0 0
622 0 0 2 0
623 0 0 0 0
624 0 1 0 0
625 0 1 0 2
626 0 0 0 2
627 0 0 0 0
628 0 0 0 0
629 0 1 0 0
630 0 1 0 0
631 0 0 0 1
632 0 0 0 1
633 0 0 0 1
634 0 0 0 1
635 0 0 0 0
636 0 0 0 0
637 0 0 0 0
638 0 0 0 0
639 0 0 0 0
640 0 0 0 0
641 0 0 0 0
642 0 0 0 0
643 0 0 0 0
644 0 0 0 0
645 0 0 0 0
646 0 0 0 0
647 0 0 0 0
648 0 0 0 0
649 0 0 0 0
650 0 0 0 0
651 0 0 0 0
652 0 0 0 0
653 0 0 0 0
654 0 0 0 0
655 0 0 0 0
656 0 0 0 0
657 0 0 0 0
658 0 0 0 0
659 0 0 0 0
660 0 0 0 0
661 0 0 0 0
662 0 0 0 0
663 0 0 0 0
664 0 0 0 0
665 0 0 0 0
666 0 0 0 0
667 0 0 0 0
668 0 0 0 0
669 0 0 0 0
670 0 0 0 0
671 0 0 0 0
672 0 0 0 0
673 0 0 0 0
674 0 0 0 0
675 0 0 0 0
676 0 0 0 0
677 0 0 0 0
678 0 0 0 0
679 0 0 0 0
680 0 0 0 0
681 0 0 0 0
682 0 0 0 0
683 0 0 0 0
684 0 0 0 0
685 0 0 0 0
686 0 0 0 0
687 0 0 0 0
688 0 0 0 0
689 0 0 0 0
690 0 0 0 0
691 0 0 0 0
692 0 0 0 0
693 0 0 0 0
694 0 0 0 0
695 0 0 0 0
696 0 0 0 0
697 0 0 0 0
698 0 0 0 0
699 0 0 0 0
700 0 0 0 0
701 0 0 0 0
702 0 0 0 0
703 0 0 0 0
704 0 0 0 0
705 0 0 0 0
706 0 0 0 0
707 0 0 0 0
708 0 0 0 0
709 0 0 0 0
710 0 0 0 0
711 0 0 0 0
712 0 0 0 0
713 0 0 0 0
714 0 0 0 0
715 0 0 0 0
716 0 0 0 0
717 0 0 0 0
718 0 0 0 0
719 0 0 0 0
720 0 0 0 0
721 0 0 0 0
722 0 0 0 0
723 0 0 0 0
724 0 0 0 0
725 0 0 0 0
726 0 0 0 0
727 0 0 0 0
