0 0 0 0 0
1 0 0 0 0
2 0 0 0 0
3 0 0 0 0
4 0 0 0 0
5 0 0 4 0
6 0 0 0 0
7 0 0 1 0
8 0 0 0 0
9 0 0 0 3
10 0 0 0 0
11 0 0 0 0
12 0 0 0 1
13 0 0 0 0
14 0 0 0 1
15 1 0 0 0
16 2 0 0 0
17 1 0 0 0
18 0 0 0 0
19 1 0 0 0
20 1 0 0 0
21 2 0 2 0
22 1 0 0 0
23 1 1 0 0
24 1 2 0 0
25 2 0 0 2
26 2 0 0 0
27 0 0 0 1
28 0 1 0 1
29 1 1 0 1
30 2 3 1 0
31 0 1 1 0
32 1 0 0 0
33 3 0 0 0
34 4 1 0 2
35 1 2 1 3
36 2 0 0 1
37 1 0 0 2
38 1 2 2 0
39 2 0 1 2
40 0 0 1 0
41 0 0 1 1
42 1 3 0 4
43 2 0 2 0
44 3 1 0 0
45 3 1 0 1
46 3 0 0 2
47 2 0 1 1
48 1 2 1 2
49 0 1 1 3
50 0 0 2 2
51 0 1 0 1
52 3 2 0 2
53 3 1 0 3
54 3 0 1 0
55 1 1 1 1
56 2 1 0 1
57 1 2 1 1
58 2 1 0 1
59 2 2 0 2
60 2 0 0 2
61 0 0 2 2
62 1 1 1 2
63 2 1 0 0
64 0 0 1 2
65 3 2 1 1
66 2 1 0 4
67 3 2 0 0
68 1 2 0 1
69 2 1 0 2
70 3 0 0 2
71 2 3 0 2
72 3 1 1 4
73 0 1 0 0
74 3 3 0 0
75 1 2 1 1
76 1 4 0 2
77 1 0 1 0
78 4 1 0 3
79 2 2 2 1
80 0 1 0 5
81 1 3 0 3
82 4 0 1 3
83 1 2 1 3
84 1 1 1 2
85 4 0 0 1
86 0 0 0 1
87 4 4 1 1
88 3 0 1 3
89 4 1 0 2
90 1 3 1 1
91 4 0 0 4
92 1 1 1 1
93 2 1 2 1
94 3 4 0 4
95 2 0 1 1
96 4 1 4 0
97 4 1 0 2
98 7 1 1 4
99 2 4 0 3
100 4 0 2 4
101 3 2 1 1
102 3 1 1 0
103 4 4 2 6
104 5 1 2 1
105 2 2 1 4
106 3 5 0 2
107 2 3 1 5
108 4 1 2 2
109 2 3 1 3
110 8 0 1 2
111 5 2 2 6
112 6 2 0 5
113 6 1 1 5
114 5 2 0 1
115 4 3 2 3
116 3 1 4 5
117 2 2 5 2
118 1 5 1 2
119 2 3 3 1
120 3 2 1 3
121 4 1 1 5
122 4 4 0 6
123 5 2 0 7
124 5 2 1 4
125 10 4 1 4
126 5 3 0 3
127 5 4 1 4
128 5 4 2 4
129 4 0 4 3
130 2 5 1 2
131 4 1 1 4
132 3 1 2 8
133 9 2 1 3
134 4 3 3 5
135 4 4 2 4
136 5 4 2 5
137 9 1 4 5
138 5 6 3 2
139 6 0 1 1
140 5 1 1 4
141 5 4 1 6
142 9 6 2 8
143 6 5 1 3
144 5 3 2 5
145 8 5 1 7
146 6 5 1 9
147 8 7 3 3
148 4 4 2 5
149 5 2 1 4
150 9 6 1 7
151 6 2 3 9
152 6 4 1 6
153 6 4 1 5
154 6 3 3 7
155 10 6 1 5
156 7 6 2 5
157 5 2 2 8
158 3 3 1 7
159 9 8 1 5
160 3 4 5 4
161 7 3 1 4
162 12 3 4 4
163 12 1 2 9
164 6 5 4 7
165 6 2 8 6
166 7 2 6 9
167 7 7 1 6
168 10 3 7 6
169 5 2 1 5
170 7 2 2 8
171 8 3 9 6
172 3 4 3 10
173 11 7 2 5
174 9 4 2 10
175 8 1 2 12
176 6 3 6 4
177 10 4 3 5
178 9 4 4 7
179 9 4 4 5
180 6 8 3 10
181 9 4 2 8
182 7 9 2 6
183 7 5 4 6
184 5 5 3 6
185 7 3 3 8
186 10 4 7 13
187 10 4 1 12
188 9 5 3 4
189 12 5 1 4
190 11 6 4 10
191 10 5 3 8
192 10 3 7 12
193 15 5 4 7
194 13 2 3 7
195 10 7 3 9
196 15 4 3 10
197 11 4 3 6
198 11 8 6 4
199 8 6 5 12
200 7 10 5 11
201 7 10 7 6
202 9 6 7 9
203 8 10 2 9
204 12 2 3 12
205 13 5 1 13
206 9 6 3 15
207 5 5 5 13
208 5 4 8 15
209 8 7 6 6
210 3 8 6 8
211 5 10 0 9
212 5 3 1 14
213 8 3 1 9
214 6 2 4 9
215 7 2 2 8
216 3 3 3 11
217 4 6 2 10
218 5 6 3 8
219 4 5 2 5
220 6 2 2 7
221 6 3 0 6
222 6 2 4 10
223 3 5 0 8
224 5 3 2 5
225 3 2 2 1
226 4 3 0 3
227 3 4 1 5
228 4 2 3 2
229 2 2 4 6
230 0 3 5 3
231 3 3 2 9
232 3 1 2 3
233 6 2 1 7
234 2 1 0 5
235 4 0 1 5
236 3 0 2 4
237 3 1 4 5
238 1 2 3 4
239 3 1 0 2
240 2 2 1 3
241 3 3 1 2
242 3 5 1 5
243 1 2 0 2
244 4 4 1 5
245 4 0 2 4
246 4 1 1 4
247 0 1 0 4
248 0 1 0 5
249 1 3 0 1
250 0 0 3 3
251 0 2 3 1
252 1 0 0 2
253 1 1 1 2
254 1 1 1 4
255 1 0 1 4
256 2 0 0 1
257 2 0 0 1
258 0 1 1 2
259 2 1 0 1
260 1 0 1 1
261 1 0 2 1
262 0 0 1 1
263 0 0 0 1
264 3 0 1 1
265 1 1 1 2
266 2 0 2 1
267 2 0 0 0
268 3 1 0 1
269 2 0 2 0
270 3 0 0 2
271 0 0 1 1
272 2 1 1 2
273 0 2 1 2
274 2 0 1 0
275 0 4 0 1
276 1 0 0 1
277 0 2 0 2
278 0 0 2 2
279 0 1 2 2
280 0 0 0 1
281 0 1 0 0
282 0 0 0 5
283 0 0 0 3
284 0 0 0 2
285 0 0 0 1
286 0 0 0 0
287 0 0 0 0
288 0 0 0 0
289 0 0 0 0
290 1 0 0 0
291 0 0 0 0
292 0 0 0 0
293 0 0 0 0
294 0 0 0 0
295 0 0 0 0
296 0 0 0 0
297 0 0 0 0
298 0 0 0 0
299 0 1 0 0
300 1 0 0 0
301 0 0 0 0
302 0 0 0 0
303 0 0 0 1
304 0 0 0 0
305 0 0 0 0
306 0 0 0 0
307 0 0 0 0
308 0 0 0 0
309 0 0 1 0
310 0 0 0 0
311 0 0 0 0
312 0 0 0 0
313 0 0 0 1
314 0 0 0 0
315 0 0 0 0
316 0 0 0 0
317 0 0 0 0
318 0 0 0 0
319 0 0 0 0
320 0 0 0 0
321 0 0 0 0
322 1 0 0 0
323 0 0 0 0
324 0 0 0 0
325 0 0 0 0
326 0 0 0 0
327 0 0 0 0
328 0 0 0 0
329 0 0 0 0
330 0 0 0 0
331 0 1 0 0
332 0 0 0 0
333 0 0 0 0
334 0 0 0 0
335 0 0 0 1
336 0 0 0 0
337 0 0 0 0
338 0 0 0 0
339 0 0 0 0
340 0 0 0 0
341 0 0 0 0
342 0 0 0 0
343 0 0 0 0
344 0 0 0 0
345 0 0 0 0
346 0 0 0 0
347 0 0 0 0
348 0 0 0 0
349 0 0 0 0
350 0 0 0 0
351 0 0 0 0
352 0 0 0 0
353 0 0 0 0
354 0 0 0 0
355 0 0 0 0
356 0 0 0 0
357 0 0 0 0
358 0 0 0 0
359 0 0 0 0
360 0 0 0 0
361 0 0 0 0
362 0 0 0 0
363 0 0 0 0
364 0 0 0 0
365 0 0 0 0
366 0 0 0 0
367 0 0 0 0
368 0 0 0 0
369 0 0 0 0
370 0 0 0 0
371 0 0 0 0
372 0 0 0 0
373 0 0 0 0
374 0 0 0 0
375 0 0 0 0
376 0 0 0 0
377 0 0 0 0
378 0 0 0 0
379 0 0 0 0
380 0 0 0 0
381 0 0 0 0
382 0 0 0 0
383 0 0 0 0
384 0 0 0 0
385 0 0 0 0
386 0 0 0 0
387 0 0 0 0
388 0 0 0 0
389 0 0 0 0
390 0 0 0 0
391 0 0 0 0
392 0 0 0 0
393 0 0 0 0
394 0 0 0 0
395 0 0 0 0
396 0 0 0 0
397 0 0 0 0
398 0 0 0 0
399 0 0 0 0
400 0 0 0 0
401 0 0 0 0
402 0 0 0 0
403 0 0 0 0
404 0 0 0 0
405 0 0 0 0
406 0 0 0 0
407 0 0 0 0
408 0 0 0 0
409 0 0 0 0
410 0 0 0 0
411 0 0 0 0
412 0 0 0 0
413 0 0 0 0
414 0 0 0 0
415 0 0 0 0
416 0 0 0 0
417 0 0 0 0
418 0 0 0 0
419 0 0 0 0
420 0 0 0 0
421 0 0 0 0
422 0 0 0 0
423 0 0 0 0
424 0 0 0 0
425 0 0 0 0
426 0 0 0 0
427 0 0 0 0
428 0 0 0 0
429 0 0 0 0
430 0 0 0 0
431 0 0 0 0
432 0 0 0 0
433 0 0 0 0
434 0 0 0 0
435 0 0 0 0
436 0 0 0 0
437 0 0 0 0
438 0 0 0 0
439 0 0 0 0
440 0 0 0 0
441 0 0 0 0
442 0 0 0 0
443 0 0 0 0
444 0 0 0 0
445 0 0 0 0
446 0 0 0 0
447 0 0 0 0
448 0 0 0 0
449 0 0 0 0
450 0 0 0 0
451 0 0 0 0
452 0 0 0 0
453 0 0 0 0
454 0 0 0 0
455 0 0 0 0
456 0 0 0 0
457 0 0 0 0
458 0 0 0 0
459 0 0 0 0
460 0 0 0 0
461 0 0 0 0
462 0 0 0 0
463 0 0 0 0
464 0 0 0 0
465 0 0 0 0
466 0 0 0 0
467 0 0 0 0
468 0 0 0 0
469 0 0 0 0
470 0 0 0 0
471 0 0 0 0
472 0 0 0 0
473 0 0 0 0
474 0 0 0 0
475 0 0 0 0
476 0 0 0 0
477 0 0 0 0
478 0 0 0 0
479 0 0 0 0
480 0 0 0 0
481 0 0 0 0
482 0 0 0 0
483 0 0 0 0
484 0 0 0 0
485 0 0 0 0
486 0 0 0 0
487 0 0 0 0
488 0 0 0 0
489 0 0 0 0
490 0 0 0 0
491 0 0 0 0
492 0 0 0 0
493 0 0 0 0
494 0 0 0 0
495 0 0 0 0
496 0 0 0 0
497 0 0 0 0
498 0 0 0 0
499 0 0 0 0
500 0 0 0 0
501 0 0 0 0
502 0 0 0 0
503 0 0 0 0
504 0 0 0 0
505 0 0 0 0
506 0 0 0 0
507 0 0 0 0
508 0 0 0 0
509 0 0 0 0
510 0 0 0 0
511 0 0 0 0
512 0 0 0 0
513 0 0 0 0
514 0 0 0 0
515 0 0 0 0
516 0 0 0 0
517 0 0 0 0
518 0 0 0 0
519 0 0 0 0
520 0 0 0 0
521 0 0 0 0
522 0 0 0 0
523 0 0 0 0
524 0 0 0 0
525 0 0 0 0
526 0 0 0 0
527 0 0 0 0
528 0 0 0 0
529 0 0 0 0
530 0 0 0 0
531 0 0 0 0
532 0 0 0 0
533 0 0 0 0
534 0 0 0 0
535 0 0 0 0
536 0 0 0 0
537 0 0 0 0
538 0 0 0 0
539 0 0 0 0
540 0 0 0 0
541 0 0 0 0
542 0 0 0 0
543 0 0 0 0
544 0 0 0 0
545 0 0 0 0
546 0 0 0 0
547 0 0 0 0
548 0 0 0 0
549 0 0 0 0
550 0 0 0 0
551 0 0 0 0
552 0 0 0 0
553 0 0 0 0
554 0 0 0 0
555 0 0 0 0
556 0 0 0 0
557 0 0 0 0
558 0 0 0 0
559 0 0 0 0
560 0 0 0 0
561 0 0 0 0
562 0 0 0 0
563 0 0 0 0
564 0 0 0 0
565 0 0 0 0
566 0 0 0 0
567 0 0 0 0
568 0 0 0 0
569 0 0 0 0
570 0 0 0 0
571 0 0 0 0
572 0 0 0 0
573 0 0 0 0
574 0 0 0 0
575 0 0 0 0
576 0 0 0 0
577 0 0 0 0
578 0 0 0 0
579 0 0 0 0
580 0 0 0 0
581 0 0 0 0
582 0 0 0 0
583 0 0 0 0
584 0 0 0 0
585 0 0 0 0
586 0 0 0 0
587 0 0 0 0
588 0 0 0 0
589 0 0 0 0
590 0 0 0 0
591 0 0 0 0
592 0 0 0 0
593 0 0 0 0
594 0 0 0 0
595 0 0 0 0
596 0 0 0 0
597 0 0 0 0
598 0 0 0 0
599 0 0 0 0
600 0 0 0 0
601 0 0 0 0
602 0 0 0 0
603 0 0 0 0
604 0 0 0 0
605 0 0 0 0
606 0 0 0 0
607 0 0 0 0
608 0 0 0 0
609 0 0 0 0
610 0 0 0 0
611 0 0 0 0
612 0 0 0 0
613 0 0 0 0
614 0 0 0 0
615 0 0 0 0
616 0 0 0 0
617 0 0 0 0
618 0 0 0 0
619 0 0 0 0
620 0 0 0 0
621 0 0 0 0
622 0 0 0 0
623 0 0 0 0
624 0 0 0 0
625 0 0 0 0
626 0 0 0 0
627 0 0 0 0
628 0 0 0 0
629 0 0 0 0
630 0 0 0 0
631 0 0 0 0
632 0 0 0 0
633 0 0 0 0
634 0 0 0 0
635 0 0 0 0
636 0 0 0 0
637 0 0 0 0
638 0 0 0 0
639 0 0 0 0
640 0 0 0 0
641 0 0 0 0
642 0 0 0 0
643 0 0 0 0
644 0 0 0 0
645 0 0 0 0
646 0 0 0 0
647 0 0 0 0
648 0 0 0 0
649 0 0 0 0
650 0 0 0 0
651 0 0 0 0
652 0 0 0 0
653 0 0 0 0
654 0 0 0 0
655 0 0 0 0
656 0 0 0 0
657 0 0 0 0
658 0 0 0 0
659 0 0 0 0
660 0 0 0 0
661 0 0 0 0
662 0 0 0 0
663 0 0 0 0
664 0 0 0 0
665 0 0 0 0
666 0 0 0 0
667 0 0 0 0
668 0 0 0 0
669 0 0 0 0
670 0 0 0 0
671 0 0 0 0
672 0 0 0 0
673 0 0 0 0
674 0 0 0 0
675 0 0 0 0
676 0 0 0 0
677 0 0 0 0
678 0 0 0 0
679 0 0 0 0
680 0 0 0 0
681 0 0 0 0
682 0 0 0 0
683 0 0 0 0
684 0 0 0 0
685 0 0 0 0
686 0 0 0 0
687 0 0 0 0
688 0 0 0 0
689 0 0 0 0
690 0 0 0 0
691 0 0 0 0
692 0 0 0 0
693 0 0 0 0
694 0 0 0 0
695 0 0 0 0
696 0 0 0 0
697 0 0 0 0
698 0 0 0 0
699 0 0 0 0
700 0 0 0 0
701 0 0 0 0
702 0 0 0 0
703 0 0 0 0
704 0 0 0 0
705 0 0 0 0
706 0 0 0 0
707 0 0 0 0
708 0 0 0 0
709 0 0 0 0
710 0 0 0 0
711 0 0 0 0
712 0 0 0 0
713 0 0 0 0
714 0 0 0 0
715 0 0 0 0
716 0 0 0 0
717 0 0 0 0
718 0 0 0 0
719 0 0 0 0
720 0 0 0 0
721 0 0 0 0
722 0 0 0 0
723 0 0 0 0
724 0 0 0 0
725 0 0 0 0
726 0 0 0 0
727 0 0 0 0
