0 0 0 0 0
1 0 0 0 0
2 0 0 0 0
3 0 0 0 0
4 0 0 0 0
5 0 2 0 0
6 0 0 0 0
7 0 1 0 0
8 0 0 0 0
9 0 2 0 1
10 0 0 0 0
11 0 0 0 0
12 0 0 0 1
13 0 0 0 0
14 0 0 0 1
15 0 0 0 0
16 0 0 0 2
17 0 0 0 0
18 0 0 0 0
19 0 0 0 0
20 2 0 0 0
21 0 0 0 0
22 0 0 0 0
23 0 0 0 0
24 1 0 0 0
25 2 0 1 0
26 1 0 0 0
27 0 0 0 0
28 1 0 0 0
29 1 0 1 1
30 1 0 1 0
31 1 1 1 0
32 0 0 0 0
33 0 0 0 1
34 1 1 1 1
35 0 0 0 2
36 0 0 0 0
37 0 1 0 0
38 0 0 0 1
39 0 2 0 0
40 1 0 1 0
41 1 0 0 2
42 0 0 0 0
43 0 0 0 1
44 1 0 0 1
45 0 0 0 0
46 1 0 0 1
47 0 0 0 0
48 2 0 0 0
49 1 1 0 0
50 1 1 0 0
51 1 1 0 0
52 2 0 0 0
53 3 1 1 0
54 0 0 1 0
55 2 1 0 0
56 2 0 0 1
57 1 1 2 1
58 1 1 1 2
59 0 0 0 1
60 0 0 1 2
61 0 2 1 0
62 1 1 1 1
63 1 0 0 1
64 1 0 1 3
65 1 0 0 4
66 0 0 0 0
67 0 1 1 0
68 3 0 0 1
69 1 0 0 2
70 3 1 0 0
71 2 0 0 0
72 1 0 1 0
73 4 3 0 0
74 1 0 0 2
75 1 0 1 0
76 4 2 0 0
77 2 1 0 2
78 1 1 1 0
79 2 4 0 1
80 3 0 0 2
81 1 2 3 0
82 4 3 0 1
83 3 0 1 4
84 2 2 0 1
85 2 1 0 5
86 2 0 2 3
87 1 1 0 0
88 1 3 0 4
89 1 1 1 3
90 1 1 1 2
91 3 1 3 1
92 1 1 2 2
93 3 2 0 1
94 3 1 0 2
95 2 1 1 4
96 1 1 0 4
97 3 0 1 1
98 1 0 0 2
99 0 1 1 1
100 5 2 1 1
101 3 1 0 1
102 2 2 3 2
103 1 1 1 3
104 4 1 0 1
105 4 1 3 0
106 3 2 2 5
107 2 1 1 3
108 2 1 0 2
109 1 0 2 2
110 2 1 2 3
111 3 3 0 2
112 2 1 1 3
113 1 3 1 3
114 3 2 0 1
115 3 2 0 1
116 3 1 1 1
117 3 2 0 4
118 2 0 1 2
119 4 1 1 3
120 3 1 0 4
121 5 2 1 3
122 4 1 1 2
123 3 2 0 0
124 8 2 4 1
125 5 2 0 1
126 6 2 1 4
127 5 1 2 3
128 3 2 1 2
129 1 3 2 0
130 4 1 7 2
131 3 0 4 7
132 0 2 2 3
133 3 3 3 3
134 4 0 1 6
135 2 3 3 4
136 2 3 1 4
137 2 1 1 7
138 4 0 1 2
139 4 2 2 8
140 3 1 1 6
141 5 2 0 1
142 6 2 2 2
143 6 2 2 4
144 5 2 2 3
145 3 0 0 1
146 8 3 1 3
147 7 5 0 2
148 4 4 0 3
149 6 3 2 2
150 5 2 2 4
151 1 4 3 4
152 1 3 2 0
153 3 6 0 7
154 7 4 2 5
155 7 3 0 9
156 5 2 2 4
157 9 2 1 4
158 5 2 2 4
159 10 7 2 5
160 5 3 1 5
161 5 2 1 6
162 3 3 2 4
163 3 2 2 4
164 8 2 5 4
165 4 2 1 4
166 9 5 4 7
167 6 4 1 8
168 4 5 4 3
169 2 4 5 4
170 4 1 1 7
171 7 2 1 9
172 8 2 1 6
173 5 4 2 8
174 5 2 3 0
175 3 6 5 6
176 11 3 3 5
177 11 4 3 5
178 9 1 0 3
179 12 3 1 7
180 12 4 2 7
181 7 7 3 10
182 9 5 4 6
183 9 3 4 1
184 8 3 4 3
185 10 7 3 3
186 7 5 1 9
187 9 2 4 10
188 8 7 3 6
189 10 6 5 8
190 12 7 5 7
191 12 7 1 9
192 6 9 3 12
193 17 6 2 10
194 12 4 5 7
195 12 9 4 6
196 11 8 2 11
197 6 5 3 12
198 5 9 4 10
199 6 3 9 13
200 5 6 6 11
201 7 6 1 8
202 7 8 1 10
203 8 5 3 10
204 6 5 3 12
205 8 6 3 12
206 7 3 4 13
207 6 2 5 8
208 7 5 4 6
209 5 6 3 11
210 4 3 1 6
211 8 4 4 7
212 5 3 5 6
213 5 3 2 11
214 5 6 1 7
215 5 1 2 8
216 10 2 4 7
217 5 4 1 2
218 12 4 0 5
219 8 5 1 4
220 4 6 1 9
221 5 2 8 7
222 6 2 3 2
223 6 5 4 6
224 1 6 1 9
225 6 1 1 8
226 0 3 3 7
227 0 4 4 7
228 4 6 1 11
229 3 4 1 0
230 4 3 2 9
231 1 0 2 7
232 1 1 1 4
233 0 2 1 5
234 0 4 1 4
235 3 2 1 7
236 3 1 0 2
237 3 2 0 3
238 3 1 1 3
239 1 1 0 5
240 2 1 0 3
241 1 1 2 3
242 0 1 2 1
243 1 2 1 0
244 0 2 1 2
245 2 1 1 3
246 3 0 0 2
247 4 0 0 2
248 1 0 0 3
249 1 0 0 1
250 1 1 1 2
251 2 2 0 1
252 2 2 1 2
253 0 0 0 0
254 0 1 0 2
255 2 1 1 2
256 0 3 1 1
257 1 1 1 0
258 0 0 1 0
259 2 0 0 3
260 0 0 1 1
261 1 1 0 2
262 1 0 0 2
263 2 0 0 2
264 2 2 0 1
265 2 0 0 1
266 0 0 1 0
267 1 0 1 1
268 1 3 0 2
269 1 1 0 0
270 2 1 1 1
271 1 0 0 1
272 1 0 1 3
273 0 1 0 0
274 0 0 1 2
275 0 0 1 1
276 1 1 0 0
277 2 1 0 2
278 0 1 0 0
279 0 1 0 1
280 1 0 0 1
281 1 1 1 1
282 0 0 0 1
283 1 0 0 1
284 0 0 1 1
285 1 1 0 1
286 1 1 1 0
287 1 0 0 0
288 2 1 0 3
289 2 0 0 1
290 0 1 0 2
291 0 0 0 0
292 0 0 0 1
293 1 0 1 0
294 0 1 0 1
295 0 0 1 0
296 0 1 0 0
297 2 1 0 0
298 0 0 1 0
299 1 0 0 0
300 1 0 0 2
301 1 0 0 1
302 0 0 1 2
303 1 0 0 0
304 1 0 0 1
305 0 0 0 0
306 0 2 1 1
307 0 0 0 0
308 0 1 1 0
309 0 1 0 0
310 0 0 0 0
311 0 0 0 0
312 0 0 0 2
313 0 1 0 4
314 0 0 0 0
315 0 0 0 0
316 0 0 0 0
317 0 0 0 0
318 0 0 0 1
319 0 0 0 0
320 0 0 0 0
321 0 0 0 0
322 0 0 0 0
323 0 0 0 0
324 0 0 0 0
325 0 0 0 0
326 0 0 0 0
327 0 0 0 0
328 0 0 0 0
329 0 0 0 0
330 0 0 0 0
331 0 0 0 0
332 0 0 0 0
333 0 0 0 0
334 0 0 0 0
335 0 0 0 0
336 0 0 0 0
337 0 0 0 0
338 0 0 0 0
339 0 0 0 0
340 0 0 0 0
341 0 0 0 0
342 0 0 0 0
343 0 0 0 0
344 0 0 0 0
345 0 0 0 0
346 0 0 0 0
347 0 0 0 0
348 0 0 0 0
349 0 0 0 0
350 0 0 0 0
351 0 0 0 0
352 0 0 0 0
353 0 0 0 0
354 0 0 0 0
355 0 0 0 0
356 0 0 0 0
357 0 0 0 0
358 0 0 0 0
359 0 0 0 0
360 0 0 0 0
361 0 0 0 0
362 0 0 0 0
363 0 0 0 0
364 0 0 0 0
365 0 0 0 0
366 0 0 0 0
367 0 0 0 0
368 0 0 0 0
369 0 0 0 0
370 0 0 0 0
371 0 0 0 0
372 0 0 0 0
373 0 0 0 0
374 0 0 0 0
375 0 0 0 0
376 0 0 0 0
377 0 0 0 0
378 0 0 0 0
379 0 0 0 0
380 0 0 0 0
381 0 0 0 0
382 0 0 0 0
383 0 0 0 0
384 0 0 0 0
385 0 0 0 0
386 0 0 0 0
387 0 0 0 0
388 0 0 0 0
389 0 0 0 0
390 0 0 0 0
391 0 0 0 0
392 0 0 0 0
393 0 0 0 0
394 0 0 0 0
395 0 0 0 0
396 0 0 0 0
397 0 0 0 0
398 0 0 0 0
399 0 0 0 0
400 0 0 0 0
401 0 0 0 0
402 0 0 0 0
403 0 0 0 0
404 0 0 0 0
405 0 0 0 0
406 0 0 0 0
407 0 0 0 0
408 0 0 0 0
409 0 0 0 0
410 0 0 0 0
411 0 0 0 0
412 0 0 0 0
413 0 0 0 0
414 0 0 0 0
415 0 0 0 0
416 0 0 0 0
417 0 0 0 0
418 0 0 0 0
419 0 0 0 0
420 0 0 0 0
421 0 0 0 0
422 0 0 0 0
423 0 0 0 0
424 0 0 0 0
425 0 0 0 0
426 0 0 0 0
427 0 0 0 0
428 0 0 0 0
429 0 0 0 0
430 0 0 0 0
431 0 0 0 0
432 0 0 0 0
433 0 0 0 0
434 0 0 0 0
435 0 0 0 0
436 0 0 0 0
437 0 0 0 0
438 0 0 0 0
439 0 0 0 0
440 0 0 0 0
441 0 0 0 0
442 0 0 0 0
443 0 0 0 0
444 0 0 0 0
445 0 0 0 0
446 0 0 0 0
447 0 0 0 0
448 0 0 0 0
449 0 0 0 0
450 0 0 0 0
451 0 0 0 0
452 0 0 0 0
453 0 0 0 0
454 0 0 0 0
455 0 0 0 0
456 0 0 0 0
457 0 0 0 0
458 0 0 0 0
459 0 0 0 0
460 0 0 0 0
461 0 0 0 0
462 0 0 0 0
463 0 0 0 0
464 0 0 0 0
465 0 0 0 0
466 0 0 0 0
467 0 0 0 0
468 0 0 0 0
469 0 0 0 0
470 0 0 0 0
471 0 0 0 0
472 0 0 0 0
473 0 0 0 0
474 0 0 0 0
475 0 0 0 0
476 0 0 0 0
477 0 0 0 0
478 0 0 0 0
479 0 0 0 0
480 0 0 0 0
481 0 0 0 0
482 0 0 0 0
483 0 0 0 0
484 0 0 0 0
485 0 0 0 0
486 0 0 0 0
487 0 0 0 0
488 0 0 0 0
489 0 0 0 0
490 0 0 0 0
491 0 0 0 0
492 0 0 0 0
493 0 0 0 0
494 0 0 0 0
495 0 0 0 0
496 0 0 0 0
497 0 0 0 0
498 0 0 0 0
499 0 0 0 0
500 0 0 0 0
501 0 0 0 0
502 0 0 0 0
503 0 0 0 0
504 0 0 0 0
505 0 0 0 0
506 0 0 0 0
507 0 0 0 0
508 0 0 0 0
509 0 0 0 0
510 0 0 0 0
511 0 0 0 0
512 0 0 0 0
513 0 0 0 0
514 0 0 0 0
515 0 0 0 0
516 0 0 0 0
517 0 0 0 0
518 0 0 0 0
519 0 0 0 0
520 0 0 0 0
521 0 0 0 0
522 0 0 0 0
523 0 0 0 0
524 0 0 0 0
525 0 0 0 0
526 0 0 0 0
527 0 0 0 0
528 0 0 0 0
529 0 0 0 0
530 0 0 0 0
531 0 0 0 0
532 0 0 0 0
533 0 0 0 0
534 0 0 0 0
535 0 0 0 0
536 0 0 0 0
537 0 0 0 0
538 0 0 0 0
539 0 0 0 0
540 0 0 0 0
541 0 0 0 0
542 0 0 0 0
543 0 0 0 0
544 0 0 0 0
545 0 0 0 0
546 0 0 0 0
547 0 0 0 0
548 0 0 0 0
549 0 0 0 0
550 0 0 0 0
551 0 0 0 0
552 0 0 0 0
553 0 0 0 0
554 0 0 0 0
555 0 0 0 0
556 0 0 0 0
557 0 0 0 0
558 0 0 0 0
559 0 0 0 0
560 0 0 0 0
561 0 0 0 0
562 0 0 0 0
563 0 0 0 0
564 0 0 0 0
565 0 0 0 0
566 0 0 0 0
567 0 0 0 0
568 0 0 0 0
569 0 0 0 0
570 0 0 0 0
571 0 0 0 0
572 0 0 0 0
573 0 0 0 0
574 0 0 0 0
575 0 0 0 0
576 0 0 0 0
577 0 0 0 0
578 0 0 0 0
579 0 0 0 0
580 0 0 0 0
581 0 0 0 0
582 0 0 0 0
583 0 0 0 0
584 0 0 0 0
585 0 0 0 0
586 0 0 0 0
587 0 0 0 0
588 0 0 0 0
589 0 0 0 0
590 0 0 0 0
591 0 0 0 0
592 0 0 0 0
593 0 0 0 0
594 0 0 0 0
595 0 0 0 0
596 0 0 0 0
597 0 0 0 0
598 0 0 0 0
599 0 0 0 0
600 0 0 0 0
601 0 0 0 0
602 0 0 0 0
603 0 0 0 0
604 0 0 0 0
605 0 0 0 0
606 0 0 0 0
607 0 0 0 0
608 0 0 0 0
609 0 0 0 0
610 0 0 0 0
611 0 0 0 0
612 0 0 0 0
613 0 0 0 0
614 0 0 0 0
615 0 0 0 0
616 0 0 0 0
617 0 0 0 0
618 0 0 0 0
619 0 0 0 0
620 0 0 0 0
621 0 0 0 0
622 0 0 0 0
623 0 0 0 0
624 0 0 0 0
625 0 0 0 0
626 0 0 0 0
627 0 0 0 0
628 0 0 0 0
629 0 0 0 0
630 0 0 0 0
631 0 0 0 0
632 0 0 0 0
633 0 0 0 0
634 0 0 0 0
635 0 0 0 0
636 0 0 0 0
637 0 0 0 0
638 0 0 0 0
639 0 0 0 0
640 0 0 0 0
641 0 0 0 0
642 0 0 0 0
643 0 0 0 0
644 0 0 0 0
645 0 0 0 0
646 0 0 0 0
647 0 0 0 0
648 0 0 0 0
649 0 0 0 0
650 0 0 0 0
651 0 0 0 0
652 0 0 0 0
653 0 0 0 0
654 0 0 0 0
655 0 0 0 0
656 0 0 0 0
657 0 0 0 0
658 0 0 0 0
659 0 0 0 0
660 0 0 0 0
661 0 0 0 0
662 0 0 0 0
663 0 0 0 0
664 0 0 0 0
665 0 0 0 0
666 0 0 0 0
667 0 0 0 0
668 0 0 0 0
669 0 0 0 0
670 0 0 0 0
671 0 0 0 0
672 0 0 0 0
673 0 0 0 0
674 0 0 0 0
675 0 0 0 0
676 0 0 0 0
677 0 0 0 0
678 0 0 0 0
679 0 0 0 0
680 0 0 0 0
681 0 0 0 0
682 0 0 0 0
683 0 0 0 0
684 0 0 0 0
685 0 0 0 0
686 0 0 0 0
687 0 0 0 0
688 0 0 0 0
689 0 0 0 0
690 0 0 0 0
691 0 0 0 0
692 0 0 0 0
693 0 0 0 0
694 0 0 0 0
695 0 0 0 0
696 0 0 0 0
697 0 0 0 0
698 0 0 0 0
699 0 0 0 0
700 0 0 0 0
701 0 0 0 0
702 0 0 0 0
703 0 0 0 0
704 0 0 0 0
705 0 0 0 0
706 0 0 0 0
707 0 0 0 0
708 0 0 0 0
709 0 0 0 0
710 0 0 0 0
711 0 0 0 0
712 0 0 0 0
713 0 0 0 0
714 0 0 0 0
715 0 0 0 0
716 0 0 0 0
717 0 0 0 0
718 0 0 0 0
719 0 0 0 0
720 0 0 0 0
721 0 0 0 0
722 0 0 0 0
723 0 0 0 0
724 0 0 0 0
725 0 0 0 0
726 0 0 0 0
727 0 0 0 0
