0 0 0 0 0
1 0 0 0 0
2 0 0 0 0
3 0 0 0 0
4 0 0 0 0
5 0 2 2 0
6 0 0 0 0
7 0 0 0 0
8 1 0 0 0
9 0 0 1 3
10 0 0 0 0
11 0 0 0 0
12 0 0 0 1
13 0 1 0 1
14 0 0 0 0
15 0 0 0 0
16 0 0 0 0
17 1 0 0 0
18 0 0 0 0
19 0 0 0 0
20 0 0 0 1
21 0 0 0 0
22 1 0 0 0
23 0 0 0 0
24 0 0 0 0
25 1 0 0 0
26 2 1 0 0
27 2 0 1 0
28 0 0 0 0
29 0 0 0 0
30 2 1 0 0
31 0 0 1 0
32 1 3 0 0
33 0 0 0 1
34 0 0 0 2
35 0 1 1 0
36 1 0 0 1
37 2 0 0 0
38 1 0 0 1
39 1 0 0 2
40 0 0 0 0
41 1 2 0 0
42 1 1 0 2
43 2 0 0 0
44 1 0 0 0
45 1 0 0 1
46 3 1 1 1
47 1 0 1 0
48 1 1 0 1
49 1 1 0 0
50 2 0 0 1
51 1 0 2 0
52 0 2 1 0
53 1 1 0 2
54 1 1 0 1
55 1 2 2 2
56 1 1 0 2
57 1 0 0 0
58 1 1 0 2
59 0 1 0 2
60 2 1 0 2
61 1 0 0 1
62 1 2 0 2
63 1 0 0 1
64 2 0 0 1
65 0 1 1 0
66 5 0 0 1
67 1 2 0 0
68 0 0 0 0
69 2 0 1 4
70 3 1 0 0
71 1 2 2 0
72 2 0 1 0
73 0 1 0 1
74 3 1 1 3
75 1 3 0 3
76 2 0 1 1
77 2 1 0 1
78 1 0 0 3
79 3 1 3 0
80 4 1 0 1
81 2 3 0 0
82 3 0 0 3
83 1 2 1 3
84 3 4 0 2
85 3 1 1 2
86 1 2 1 1
87 2 1 0 0
88 0 2 0 4
89 1 1 2 0
90 1 0 1 4
91 4 2 0 2
92 3 1 1 4
93 1 1 0 3
94 2 2 1 0
95 3 1 1 1
96 1 1 0 3
97 3 0 0 2
98 1 1 0 4
99 0 2 0 2
100 1 4 1 1
101 3 4 0 0
102 4 2 1 1
103 3 1 0 0
104 2 0 1 2
105 2 1 0 4
106 1 1 1 3
107 3 3 0 3
108 3 2 0 1
109 1 2 0 3
110 1 2 0 2
111 2 1 0 2
112 3 3 0 0
113 1 0 1 2
114 3 1 0 4
115 4 1 1 2
116 1 2 0 4
117 3 3 1 2
118 2 1 0 0
119 1 2 1 0
120 2 1 0 2
121 0 1 0 4
122 3 2 1 3
123 0 2 2 3
124 2 2 2 1
125 2 1 1 1
126 1 0 0 2
127 2 1 0 2
128 4 1 0 1
129 6 0 1 4
130 5 0 1 2
131 4 1 1 2
132 3 0 0 3
133 3 0 3 0
134 1 3 2 1
135 2 2 2 0
136 6 1 2 1
137 3 2 2 2
138 3 4 2 6
139 3 1 2 1
140 2 2 1 2
141 3 2 1 2
142 0 0 0 6
143 2 0 1 2
144 0 1 2 4
145 3 4 2 5
146 0 4 2 2
147 4 1 1 3
148 0 1 1 4
149 3 0 0 2
150 4 0 1 3
151 4 0 0 1
152 8 3 2 5
153 9 0 0 3
154 8 0 3 3
155 7 1 2 1
156 6 1 2 3
157 5 2 1 0
158 5 4 1 2
159 7 3 2 4
160 8 5 1 3
161 4 6 2 2
162 4 7 3 2
163 4 5 1 0
164 5 5 2 6
165 4 2 4 7
166 4 1 4 8
167 4 4 1 5
168 1 4 0 7
169 4 3 3 12
170 4 2 0 7
171 5 3 2 5
172 4 4 1 5
173 3 1 3 5
174 6 1 1 4
175 4 3 1 3
176 9 4 0 5
177 7 2 1 3
178 9 3 1 5
179 9 4 0 4
180 11 2 2 4
181 6 5 2 3
182 9 4 2 4
183 5 6 4 4
184 9 4 1 2
185 9 5 4 8
186 10 3 3 6
187 3 5 4 9
188 8 7 1 4
189 10 5 6 11
190 6 4 5 7
191 6 2 6 8
192 6 3 2 6
193 5 7 3 5
194 3 4 2 12
195 5 6 2 7
196 8 3 3 9
197 8 4 3 6
198 6 6 6 9
199 5 1 2 8
200 6 3 1 8
201 3 2 4 6
202 3 2 2 6
203 6 2 1 5
204 1 5 3 4
205 5 4 2 10
206 2 4 3 4
207 5 2 2 7
208 4 3 2 7
209 1 1 4 8
210 5 1 2 3
211 5 3 0 6
212 4 3 2 2
213 0 1 0 5
214 2 1 1 1
215 1 2 0 4
216 3 1 3 7
217 2 3 2 4
218 1 0 1 3
219 1 1 4 3
220 3 3 0 2
221 3 2 0 1
222 0 1 1 1
223 4 1 0 6
224 0 1 1 6
225 1 3 3 3
226 4 1 0 3
227 2 1 0 2
228 3 1 1 0
229 2 0 0 4
230 3 1 2 1
231 3 1 0 3
232 2 2 2 4
233 2 2 0 1
234 5 0 1 3
235 2 3 2 0
236 3 1 0 3
237 4 2 1 1
238 2 1 1 2
239 1 2 1 5
240 1 1 1 1
241 0 2 0 2
242 1 5 0 3
243 2 2 1 4
244 0 0 1 3
245 1 2 0 0
246 1 1 0 2
247 1 1 2 2
248 1 2 1 2
249 1 0 0 4
250 0 0 1 3
251 1 0 0 3
252 1 1 0 0
253 0 0 1 0
254 1 1 0 2
255 1 0 1 2
256 1 1 0 1
257 0 0 1 2
258 1 0 0 1
259 2 0 0 1
260 3 0 1 1
261 1 1 0 0
262 2 0 0 1
263 2 0 1 0
264 0 1 0 0
265 0 1 0 1
266 2 1 0 0
267 1 0 1 1
268 0 1 2 1
269 0 0 2 1
270 0 0 0 2
271 2 2 1 1
272 1 2 0 1
273 1 0 0 1
274 0 0 0 0
275 0 0 0 5
276 0 0 2 3
277 2 0 0 0
278 0 0 1 0
279 0 0 0 0
280 1 0 0 1
281 1 1 0 0
282 0 1 0 0
283 1 0 1 1
284 2 0 0 0
285 1 0 0 2
286 0 0 0 1
287 2 0 0 1
288 1 1 0 0
289 0 2 0 0
290 0 0 1 0
291 0 0 0 0
292 0 0 1 1
293 0 2 0 1
294 0 1 0 2
295 1 0 0 0
296 0 0 1 1
297 0 0 0 1
298 0 0 0 1
299 0 0 0 0
300 0 1 0 1
301 1 0 0 0
302 0 0 0 0
303 0 0 0 1
304 0 0 0 1
305 0 0 0 0
306 0 0 1 0
307 0 0 0 0
308 0 0 0 0
309 0 0 0 0
310 0 0 0 0
311 0 0 0 0
312 0 0 0 0
313 0 0 0 1
314 0 0 0 0
315 0 0 0 0
316 0 0 0 0
317 0 0 0 0
318 0 0 0 0
319 0 0 0 0
320 0 0 0 0
321 0 0 0 0
322 0 0 0 0
323 0 0 0 0
324 0 0 0 0
325 0 0 0 0
326 0 0 0 0
327 0 0 0 0
328 0 0 0 0
329 0 0 0 0
330 0 0 0 0
331 0 0 0 0
332 0 0 0 0
333 0 0 0 0
334 0 0 0 0
335 0 0 0 0
336 0 0 0 0
337 0 0 0 0
338 0 0 0 0
339 0 0 0 0
340 0 0 0 0
341 0 0 0 0
342 0 0 0 0
343 0 0 0 0
344 0 0 0 0
345 0 0 0 0
346 0 0 0 0
347 0 0 0 0
348 0 0 0 0
349 0 0 0 0
350 0 0 0 0
351 0 0 0 0
352 0 0 0 0
353 0 0 0 0
354 0 0 0 0
355 0 0 0 0
356 0 0 0 0
357 0 0 0 0
358 0 0 0 0
359 0 0 0 0
360 0 0 0 0
361 0 0 0 0
362 0 0 0 0
363 0 0 0 0
364 0 0 0 0
365 0 0 0 0
366 0 0 0 0
367 0 0 0 0
368 0 0 0 0
369 0 0 0 0
370 0 0 0 0
371 0 0 0 0
372 0 0 0 0
373 0 0 0 0
374 0 0 0 0
375 0 0 0 0
376 0 0 0 0
377 0 0 0 0
378 0 0 0 0
379 0 0 0 0
380 0 0 0 0
381 0 0 0 0
382 0 0 0 0
383 0 0 0 0
384 0 0 0 0
385 0 0 0 0
386 0 0 0 0
387 0 0 0 0
388 0 0 0 0
389 0 0 0 0
390 0 0 0 0
391 0 0 0 0
392 0 0 0 0
393 0 0 0 0
394 0 0 0 0
395 0 0 0 0
396 0 0 0 0
397 0 0 0 0
398 0 0 0 0
399 0 0 0 0
400 0 0 0 0
401 0 0 0 0
402 0 0 0 0
403 0 0 0 0
404 0 0 0 0
405 0 0 0 0
406 0 0 0 0
407 0 0 0 0
408 0 0 0 0
409 0 0 0 0
410 0 0 0 0
411 0 0 0 0
412 0 0 0 0
413 0 0 0 0
414 0 0 0 0
415 0 0 0 0
416 0 0 0 0
417 0 0 0 0
418 0 0 0 0
419 0 0 0 0
420 0 0 0 0
421 0 0 0 0
422 0 0 0 0
423 0 0 0 0
424 0 0 0 0
425 0 0 0 0
426 0 0 0 0
427 0 0 0 0
428 0 0 0 0
429 0 0 0 0
430 0 0 0 0
431 0 0 0 0
432 0 0 0 0
433 0 0 0 0
434 0 0 0 0
435 0 0 0 0
436 0 0 0 0
437 0 0 0 0
438 0 0 0 0
439 0 0 0 0
440 0 0 0 0
441 0 0 0 0
442 0 0 0 0
443 0 0 0 0
444 0 0 0 0
445 0 0 0 0
446 0 0 0 0
447 0 0 0 0
448 0 0 0 0
449 0 0 0 0
450 0 0 0 0
451 0 0 0 0
452 0 0 0 0
453 0 0 0 0
454 0 0 0 0
455 0 0 0 0
456 0 0 0 0
457 0 0 0 0
458 0 0 0 0
459 0 0 0 0
460 0 0 0 0
461 0 0 0 0
462 0 0 0 0
463 0 0 0 0
464 0 0 0 0
465 0 0 0 0
466 0 0 0 0
467 0 0 0 0
468 0 0 0 0
469 0 0 0 0
470 0 0 0 0
471 0 0 0 0
472 0 0 0 0
473 0 0 0 0
474 0 0 0 0
475 0 0 0 0
476 0 0 0 0
477 0 0 0 0
478 0 0 0 0
479 0 0 0 0
480 0 0 0 0
481 0 0 0 0
482 0 0 0 0
483 0 0 0 0
484 0 0 0 0
485 0 0 0 0
486 0 0 0 0
487 0 0 0 0
488 0 0 0 0
489 0 0 0 0
490 0 0 0 0
491 0 0 0 0
492 0 0 0 0
493 0 0 0 0
494 0 0 0 0
495 0 0 0 0
496 0 0 0 0
497 0 0 0 0
498 0 0 0 0
499 0 0 0 0
500 0 0 0 0
501 0 0 0 0
502 0 0 0 0
503 0 0 0 0
504 0 0 0 0
505 0 0 0 0
506 0 0 0 0
507 0 0 0 0
508 0 0 0 0
509 0 0 0 0
510 0 0 0 0
511 0 0 0 0
512 0 0 0 0
513 0 0 0 0
514 0 0 0 0
515 0 0 0 0
516 0 0 0 0
517 0 0 0 0
518 0 0 0 0
519 0 0 0 0
520 0 0 0 0
521 0 0 0 0
522 0 0 0 0
523 0 0 0 0
524 0 0 0 0
525 0 0 0 0
526 0 0 0 0
527 0 0 0 0
528 0 0 0 0
529 0 0 0 0
530 0 0 0 0
531 0 0 0 0
532 0 0 0 0
533 0 0 0 0
534 0 0 0 0
535 0 0 0 0
536 0 0 0 0
537 0 0 0 0
538 0 0 0 0
539 0 0 0 0
540 0 0 0 0
541 0 0 0 0
542 0 0 0 0
543 0 0 0 0
544 0 0 0 0
545 0 0 0 0
546 0 0 0 0
547 0 0 0 0
548 0 0 0 0
549 0 0 0 0
550 0 0 0 0
551 0 0 0 0
552 0 0 0 0
553 0 0 0 0
554 0 0 0 0
555 0 0 0 0
556 0 0 0 0
557 0 0 0 0
558 0 0 0 0
559 0 0 0 0
560 0 0 0 0
561 0 0 0 0
562 0 0 0 0
563 0 0 0 0
564 0 0 0 0
565 0 0 0 0
566 0 0 0 0
567 0 0 0 0
568 0 0 0 0
569 0 0 0 0
570 0 0 0 0
571 0 0 0 0
572 0 0 0 0
573 0 0 0 0
574 0 0 0 0
575 0 0 0 0
576 0 0 0 0
577 0 0 0 0
578 0 0 0 0
579 0 0 0 0
580 0 0 0 0
581 0 0 0 0
582 0 0 0 0
583 0 0 0 0
584 0 0 0 0
585 0 0 0 0
586 0 0 0 0
587 0 0 0 0
588 0 0 0 0
589 0 0 0 0
590 0 0 0 0
591 0 0 0 0
592 0 0 0 0
593 0 0 0 0
594 0 0 0 0
595 0 0 0 0
596 0 0 0 0
597 0 0 0 0
598 0 0 0 0
599 0 0 0 0
600 0 0 0 0
601 0 0 0 0
602 0 0 0 0
603 0 0 0 0
604 0 0 0 0
605 0 0 0 0
606 0 0 0 0
607 0 0 0 0
608 0 0 0 0
609 0 0 0 0
610 0 0 0 0
611 0 0 0 0
612 0 0 0 0
613 0 0 0 0
614 0 0 0 0
615 0 0 0 0
616 0 0 0 0
617 0 0 0 0
618 0 0 0 0
619 0 0 0 0
620 0 0 0 0
621 0 0 0 0
622 0 0 0 0
623 0 0 0 0
624 0 0 0 0
625 0 0 0 0
626 0 0 0 0
627 0 0 0 0
628 0 0 0 0
629 0 0 0 0
630 0 0 0 0
631 0 0 0 0
632 0 0 0 0
633 0 0 0 0
634 0 0 0 0
635 0 0 0 0
636 0 0 0 0
637 0 0 0 0
638 0 0 0 0
639 0 0 0 0
640 0 0 0 0
641 0 0 0 0
642 0 0 0 0
643 0 0 0 0
644 0 0 0 0
645 0 0 0 0
646 0 0 0 0
647 0 0 0 0
648 0 0 0 0
649 0 0 0 0
650 0 0 0 0
651 0 0 0 0
652 0 0 0 0
653 0 0 0 0
654 0 0 0 0
655 0 0 0 0
656 0 0 0 0
657 0 0 0 0
658 0 0 0 0
659 0 0 0 0
660 0 0 0 0
661 0 0 0 0
662 0 0 0 0
663 0 0 0 0
664 0 0 0 0
665 0 0 0 0
666 0 0 0 0
667 0 0 0 0
668 0 0 0 0
669 0 0 0 0
670 0 0 0 0
671 0 0 0 0
672 0 0 0 0
673 0 0 0 0
674 0 0 0 0
675 0 0 0 0
676 0 0 0 0
677 0 0 0 0
678 0 0 0 0
679 0 0 0 0
680 0 0 0 0
681 0 0 0 0
682 0 0 0 0
683 0 0 0 0
684 0 0 0 0
685 0 0 0 0
686 0 0 0 0
687 0 0 0 0
688 0 0 0 0
689 0 0 0 0
690 0 0 0 0
691 0 0 0 0
692 0 0 0 0
693 0 0 0 0
694 0 0 0 0
695 0 0 0 0
696 0 0 0 0
697 0 0 0 0
698 0 0 0 0
699 0 0 0 0
700 0 0 0 0
701 0 0 0 0
702 0 0 0 0
703 0 0 0 0
704 0 0 0 0
705 0 0 0 0
706 0 0 0 0
707 0 0 0 0
708 0 0 0 0
709 0 0 0 0
710 0 0 0 0
711 0 0 0 0
712 0 0 0 0
713 0 0 0 0
714 0 0 0 0
715 0 0 0 0
716 0 0 0 0
717 0 0 0 0
718 0 0 0 0
719 0 0 0 0
720 0 0 0 0
721 0 0 0 0
722 0 0 0 0
723 0 0 0 0
724 0 0 0 0
725 0 0 0 0
726 0 0 0 0
727 0 0 0 0
