0 0 0 0 0
1 0 0 0 0
2 0 0 0 0
3 0 0 0 0
4 0 0 0 0
5 0 1 2 0
6 0 0 0 0
7 0 0 0 0
8 0 0 0 0
9 0 0 2 2
10 0 0 0 0
11 0 0 0 1
12 0 0 0 0
13 0 0 0 2
14 0 0 0 0
15 0 0 0 0
16 1 0 0 0
17 1 0 0 0
18 2 0 0 0
19 1 0 0 0
20 0 0 0 0
21 2 0 1 0
22 1 0 0 0
23 3 1 0 0
24 0 0 0 0
25 2 0 0 1
26 1 1 2 0
27 0 0 1 0
28 1 1 1 0
29 1 0 0 0
30 1 0 1 3
31 2 2 0 0
32 1 1 1 2
33 0 0 0 1
34 0 0 2 2
35 0 1 0 2
36 0 1 0 2
37 0 0 1 0
38 1 0 0 1
39 0 0 0 0
40 0 0 1 1
41 1 0 1 2
42 3 0 0 1
43 3 0 0 0
44 3 0 0 1
45 2 0 0 0
46 2 0 0 0
47 3 2 0 0
48 5 0 1 1
49 3 1 2 0
50 4 0 2 0
51 2 1 1 1
52 3 2 1 1
53 1 0 3 3
54 1 1 1 0
55 3 1 1 2
56 4 2 1 3
57 4 4 3 2
58 3 2 1 0
59 0 2 0 3
60 2 2 1 5
61 3 1 0 5
62 0 1 0 3
63 0 2 1 2
64 4 2 0 4
65 1 3 2 2
66 3 1 2 3
67 3 0 1 3
68 1 0 0 1
69 1 1 1 4
70 1 1 1 2
71 2 0 0 3
72 1 1 0 0
73 1 1 1 2
74 3 1 0 0
75 3 1 2 0
76 1 1 3 3
77 2 2 0 2
78 2 0 2 0
79 4 3 1 3
80 1 0 2 3
81 1 0 1 2
82 3 0 1 3
83 4 0 0 3
84 5 3 0 2
85 3 0 0 1
86 0 2 0 4
87 2 3 0 1
88 2 1 2 0
89 2 2 3 0
90 3 2 1 0
91 2 1 1 5
92 0 3 2 3
93 1 2 1 4
94 2 1 0 3
95 0 2 0 1
96 1 0 0 7
97 3 0 0 1
98 4 2 0 1
99 6 0 3 1
100 8 2 0 3
101 4 1 0 1
102 7 2 0 3
103 9 3 0 3
104 4 4 1 0
105 6 1 2 2
106 6 2 1 2
107 5 2 3 3
108 5 5 4 2
109 5 3 4 1
110 3 3 5 1
111 4 3 3 7
112 5 3 0 6
113 3 2 2 7
114 8 2 2 6
115 4 5 0 9
116 2 1 4 4
117 4 3 1 7
118 6 4 1 7
119 4 4 2 5
120 6 1 4 4
121 7 2 2 4
122 3 2 1 1
123 7 3 4 6
124 7 3 0 3
125 4 3 1 6
126 6 2 4 4
127 9 1 2 7
128 4 4 3 4
129 9 4 1 2
130 6 2 2 10
131 15 2 2 2
132 7 4 3 8
133 5 6 0 2
134 6 3 6 3
135 6 3 5 7
136 7 7 7 6
137 6 5 1 5
138 6 4 0 5
139 5 4 2 7
140 1 4 3 11
141 8 4 3 8
142 3 4 3 7
143 2 2 3 7
144 4 6 1 8
145 8 3 2 6
146 8 2 3 7
147 9 3 5 5
148 6 1 0 3
149 4 1 0 10
150 8 6 1 7
151 7 2 0 8
152 10 6 1 0
153 8 6 2 2
154 8 3 3 10
155 6 7 3 1
156 7 1 1 3
157 7 3 4 4
158 7 5 3 5
159 4 8 4 7
160 7 7 3 7
161 4 6 3 6
162 4 6 2 10
163 7 3 2 5
164 6 4 2 9
165 8 7 2 9
166 4 2 3 11
167 3 4 1 6
168 6 1 1 10
169 10 2 4 11
170 5 4 2 4
171 3 3 3 5
172 7 5 2 4
173 7 4 2 6
174 5 5 3 5
175 6 1 1 7
176 11 3 1 6
177 8 3 1 5
178 9 3 5 6
179 14 4 3 5
180 10 2 0 7
181 10 9 2 4
182 15 7 1 4
183 9 3 3 5
184 11 7 5 4
185 8 8 3 10
186 7 5 4 8
187 7 10 3 5
188 7 7 7 14
189 11 6 2 10
190 8 6 7 7
191 8 6 5 12
192 6 1 5 9
193 13 8 3 7
194 7 4 2 10
195 6 2 1 13
196 9 3 5 10
197 5 4 2 13
198 8 5 8 8
199 12 6 5 4
200 11 1 4 7
201 5 4 4 3
202 9 4 4 9
203 9 3 3 13
204 8 6 3 7
205 5 6 2 13
206 6 4 0 8
207 5 4 6 5
208 7 6 4 4
209 6 5 4 6
210 6 6 2 4
211 7 6 1 15
212 3 5 2 11
213 6 7 4 8
214 3 1 1 7
215 4 2 2 7
216 4 4 2 6
217 4 2 3 11
218 5 3 6 4
219 6 5 1 6
220 5 4 0 8
221 4 1 2 2
222 7 5 0 8
223 2 2 1 7
224 5 2 4 9
225 2 4 0 7
226 5 4 0 3
227 3 3 2 4
228 3 2 2 3
229 5 2 2 4
230 2 1 3 2
231 3 8 1 8
232 2 2 2 5
233 5 1 3 3
234 3 2 0 4
235 2 1 2 7
236 2 2 0 5
237 1 1 2 4
238 3 4 0 3
239 2 1 1 4
240 1 2 1 2
241 1 2 0 3
242 1 1 2 5
243 1 1 2 2
244 1 0 3 2
245 1 1 1 2
246 1 1 1 3
247 1 0 0 4
248 0 2 0 4
249 2 0 0 2
250 2 1 0 2
251 0 2 0 0
252 0 0 1 3
253 1 0 1 1
254 2 2 0 1
255 1 1 0 1
256 0 0 0 1
257 0 0 0 0
258 0 0 0 3
259 3 0 1 1
260 1 0 0 1
261 0 0 0 0
262 0 1 0 0
263 0 0 2 0
264 0 2 1 0
265 0 1 0 0
266 2 1 0 2
267 0 0 0 0
268 0 0 0 2
269 0 0 0 0
270 0 0 0 2
271 0 1 0 1
272 1 0 0 1
273 0 0 0 1
274 0 0 0 0
275 0 0 1 1
276 1 0 0 0
277 1 0 1 0
278 1 0 0 0
279 0 0 0 1
280 0 0 0 0
281 0 0 0 1
282 0 1 0 0
283 0 0 0 0
284 0 0 0 0
285 0 1 0 0
286 0 0 0 1
287 0 1 0 0
288 0 0 0 0
289 0 0 0 1
290 0 0 0 0
291 0 0 0 1
292 0 0 0 0
293 0 0 0 0
294 0 0 0 0
295 0 0 0 0
296 0 0 0 0
297 0 0 0 0
298 0 0 0 0
299 0 0 0 0
300 0 0 0 0
301 0 0 0 0
302 0 0 0 0
303 0 0 0 0
304 0 0 0 0
305 0 0 0 0
306 0 0 0 0
307 0 0 0 0
308 0 0 0 0
309 0 0 0 0
310 0 0 0 0
311 0 0 0 0
312 0 0 0 0
313 0 0 0 0
314 0 0 0 0
315 0 0 0 0
316 0 0 0 0
317 0 0 0 0
318 0 0 0 0
319 0 0 0 0
320 0 0 0 0
321 0 0 0 0
322 0 0 0 0
323 0 0 0 0
324 0 0 0 0
325 0 0 0 0
326 0 0 0 0
327 0 0 0 0
328 0 0 0 0
329 0 0 0 0
330 0 0 0 0
331 0 0 0 0
332 0 0 0 0
333 0 0 0 0
334 0 0 0 0
335 0 0 0 0
336 0 0 0 0
337 0 0 0 0
338 0 0 0 0
339 0 0 0 0
340 0 0 0 0
341 0 0 0 0
342 0 0 0 0
343 0 0 0 0
344 0 0 0 0
345 0 0 0 0
346 0 0 0 0
347 0 0 0 0
348 0 0 0 0
349 0 0 0 0
350 0 0 0 0
351 0 0 0 0
352 0 0 0 0
353 0 0 0 0
354 0 0 0 0
355 0 0 0 0
356 0 0 0 0
357 0 0 0 0
358 0 0 0 0
359 0 0 0 0
360 0 0 0 0
361 0 0 0 0
362 0 0 0 0
363 0 0 0 0
364 0 0 0 0
365 0 0 0 0
366 0 0 0 0
367 0 0 0 0
368 0 0 0 0
369 0 0 0 0
370 0 0 0 0
371 0 0 0 0
372 0 0 0 0
373 0 0 0 0
374 0 0 0 0
375 0 0 0 0
376 0 0 0 0
377 0 0 0 0
378 0 0 0 0
379 0 0 0 0
380 0 0 0 0
381 0 0 0 0
382 0 0 0 0
383 0 0 0 0
384 0 0 0 0
385 0 0 0 0
386 0 0 0 0
387 0 0 0 0
388 0 0 0 0
389 0 0 0 0
390 0 0 0 0
391 0 0 0 0
392 0 0 0 0
393 0 0 0 0
394 0 0 0 0
395 0 0 0 0
396 0 0 0 0
397 0 0 0 0
398 0 0 0 0
399 0 0 0 0
400 0 0 0 0
401 0 0 0 0
402 0 0 0 0
403 0 0 0 0
404 0 0 0 0
405 0 0 0 0
406 0 0 0 0
407 0 0 0 0
408 0 0 0 0
409 0 0 0 0
410 0 0 0 0
411 0 0 0 0
412 0 0 0 0
413 0 0 0 0
414 0 0 0 0
415 0 0 0 0
416 0 0 0 0
417 0 0 0 0
418 0 0 0 0
419 0 0 0 0
420 0 0 0 0
421 0 0 0 0
422 0 0 0 0
423 0 0 0 0
424 0 0 0 0
425 0 0 0 0
426 0 0 0 0
427 0 0 0 0
428 0 0 0 0
429 0 0 0 0
430 0 0 0 0
431 0 0 0 0
432 0 0 0 0
433 0 0 0 0
434 0 0 0 0
435 0 0 0 0
436 0 0 0 0
437 0 0 0 0
438 0 0 0 0
439 0 0 0 0
440 0 0 0 0
441 0 0 0 0
442 0 0 0 0
443 0 0 0 0
444 0 0 0 0
445 0 0 0 0
446 0 0 0 0
447 0 0 0 0
448 0 0 0 0
449 0 0 0 0
450 0 0 0 0
451 0 0 0 0
452 0 0 0 0
453 0 0 0 0
454 0 0 0 0
455 0 0 0 0
456 0 0 0 0
457 0 0 0 0
458 0 0 0 0
459 0 0 0 0
460 0 0 0 0
461 0 0 0 0
462 0 0 0 0
463 0 0 0 0
464 0 0 0 0
465 0 0 0 0
466 0 0 0 0
467 0 0 0 0
468 0 0 0 0
469 0 0 0 0
470 0 0 0 0
471 0 0 0 0
472 0 0 0 0
473 0 0 0 0
474 0 0 0 0
475 0 0 0 0
476 0 0 0 0
477 0 0 0 0
478 0 0 0 0
479 0 0 0 0
480 0 0 0 0
481 0 0 0 0
482 0 0 0 0
483 0 0 0 0
484 0 0 0 0
485 0 0 0 0
486 0 0 0 0
487 0 0 0 0
488 0 0 0 0
489 0 0 0 0
490 0 0 0 0
491 0 0 0 0
492 0 0 0 0
493 0 0 0 0
494 0 0 0 0
495 0 0 0 0
496 0 0 0 0
497 0 0 0 0
498 0 0 0 0
499 0 0 0 0
500 0 0 0 0
501 0 0 0 0
502 0 0 0 0
503 0 0 0 0
504 0 0 0 0
505 0 0 0 0
506 0 0 0 0
507 0 0 0 0
508 0 0 0 0
509 0 0 0 0
510 0 0 0 0
511 0 0 0 0
512 0 0 0 0
513 0 0 0 0
514 0 0 0 0
515 0 0 0 0
516 0 0 0 0
517 0 0 0 0
518 0 0 0 0
519 0 0 0 0
520 0 0 0 0
521 0 0 0 0
522 0 0 0 0
523 0 0 0 0
524 0 0 0 0
525 0 0 0 0
526 0 0 0 0
527 0 0 0 0
528 0 0 0 0
529 0 0 0 0
530 0 0 0 0
531 0 0 0 0
532 0 0 0 0
533 0 0 0 0
534 0 0 0 0
535 0 0 0 0
536 0 0 0 0
537 0 0 0 0
538 0 0 0 0
539 0 0 0 0
540 0 0 0 0
541 0 0 0 0
542 0 0 0 0
543 0 0 0 0
544 0 0 0 0
545 0 0 0 0
546 0 0 0 0
547 0 0 0 0
548 0 0 0 0
549 0 0 0 0
550 0 0 0 0
551 0 0 0 0
552 0 0 0 0
553 0 0 0 0
554 0 0 0 0
555 0 0 0 0
556 0 0 0 0
557 0 0 0 0
558 0 0 0 0
559 0 0 0 0
560 0 0 0 0
561 0 0 0 0
562 0 0 0 0
563 0 0 0 0
564 0 0 0 0
565 0 0 0 0
566 0 0 0 0
567 0 0 0 0
568 0 0 0 0
569 0 0 0 0
570 0 0 0 0
571 0 0 0 0
572 0 0 0 0
573 0 0 0 0
574 0 0 0 0
575 0 0 0 0
576 0 0 0 0
577 0 0 0 0
578 0 0 0 0
579 0 0 0 0
580 0 0 0 0
581 0 0 0 0
582 0 0 0 0
583 0 0 0 0
584 0 0 0 0
585 0 0 0 0
586 0 0 0 0
587 0 0 0 0
588 0 0 0 0
589 0 0 0 0
590 0 0 0 0
591 0 0 0 0
592 0 0 0 0
593 0 0 0 0
594 0 0 0 0
595 0 0 0 0
596 0 0 0 0
597 0 0 0 0
598 0 0 0 0
599 0 0 0 0
600 0 0 0 0
601 0 0 0 0
602 0 0 0 0
603 0 0 0 0
604 0 0 0 0
605 0 0 0 0
606 0 0 0 0
607 0 0 0 0
608 0 0 0 0
609 0 0 0 0
610 0 0 0 0
611 0 0 0 0
612 0 0 0 0
613 0 0 0 0
614 0 0 0 0
615 0 0 0 0
616 0 0 0 0
617 0 0 0 0
618 0 0 0 0
619 0 0 0 0
620 0 0 0 0
621 0 0 0 0
622 0 0 0 0
623 0 0 0 0
624 0 0 0 0
625 0 0 0 0
626 0 0 0 0
627 0 0 0 0
628 0 0 0 0
629 0 0 0 0
630 0 0 0 0
631 0 0 0 0
632 0 0 0 0
633 0 0 0 0
634 0 0 0 0
635 0 0 0 0
636 0 0 0 0
637 0 0 0 0
638 0 0 0 0
639 0 0 0 0
640 0 0 0 0
641 0 0 0 0
642 0 0 0 0
643 0 0 0 0
644 0 0 0 0
645 0 0 0 0
646 0 0 0 0
647 0 0 0 0
648 0 0 0 0
649 0 0 0 0
650 0 0 0 0
651 0 0 0 0
652 0 0 0 0
653 0 0 0 0
654 0 0 0 0
655 0 0 0 0
656 0 0 0 0
657 0 0 0 0
658 0 0 0 0
659 0 0 0 0
660 0 0 0 0
661 0 0 0 0
662 0 0 0 0
663 0 0 0 0
664 0 0 0 0
665 0 0 0 0
666 0 0 0 0
667 0 0 0 0
668 0 0 0 0
669 0 0 0 0
670 0 0 0 0
671 0 0 0 0
672 0 0 0 0
673 0 0 0 0
674 0 0 0 0
675 0 0 0 0
676 0 0 0 0
677 0 0 0 0
678 0 0 0 0
679 0 0 0 0
680 0 0 0 0
681 0 0 0 0
682 0 0 0 0
683 0 0 0 0
684 0 0 0 0
685 0 0 0 0
686 0 0 0 0
687 0 0 0 0
688 0 0 0 0
689 0 0 0 0
690 0 0 0 0
691 0 0 0 0
692 0 0 0 0
693 0 0 0 0
694 0 0 0 0
695 0 0 0 0
696 0 0 0 0
697 0 0 0 0
698 0 0 0 0
699 0 0 0 0
700 0 0 0 0
701 0 0 0 0
702 0 0 0 0
703 0 0 0 0
704 0 0 0 0
705 0 0 0 0
706 0 0 0 0
707 0 0 0 0
708 0 0 0 0
709 0 0 0 0
710 0 0 0 0
711 0 0 0 0
712 0 0 0 0
713 0 0 0 0
714 0 0 0 0
715 0 0 0 0
716 0 0 0 0
717 0 0 0 0
718 0 0 0 0
719 0 0 0 0
720 0 0 0 0
721 0 0 0 0
722 0 0 0 0
723 0 0 0 0
724 0 0 0 0
725 0 0 0 0
726 0 0 0 0
727 0 0 0 0
