0 0 0 0 0
1 0 0 0 0
2 0 0 0 0
3 0 0 0 0
4 0 0 0 0
5 0 3 1 0
6 0 0 0 0
7 0 0 0 0
8 0 0 0 0
9 0 0 1 0
10 0 0 0 0
11 0 0 0 0
12 0 0 0 4
13 0 0 0 0
14 0 0 0 0
15 1 0 0 0
16 0 0 0 1
17 0 0 0 0
18 0 0 0 0
19 1 0 0 0
20 1 0 0 0
21 1 0 0 0
22 0 0 0 0
23 0 0 0 0
24 3 0 1 0
25 3 0 1 0
26 1 0 0 0
27 2 0 0 0
28 2 1 0 0
29 1 2 0 1
30 0 2 1 0
31 0 1 0 1
32 0 0 2 1
33 1 1 1 1
34 1 0 1 0
35 0 0 0 1
36 1 0 0 3
37 1 1 0 5
38 2 1 1 1
39 1 0 1 0
40 1 0 0 0
41 2 0 0 1
42 3 1 0 2
43 2 1 0 1
44 4 0 0 0
45 2 0 1 0
46 3 1 1 0
47 2 2 0 1
48 2 3 0 0
49 4 2 1 1
50 0 2 1 1
51 2 2 2 0
52 2 1 0 2
53 2 2 0 2
54 0 2 0 5
55 2 0 1 3
56 1 2 0 3
57 0 2 0 1
58 0 3 1 4
59 3 0 0 0
60 4 2 1 4
61 0 1 1 0
62 1 0 0 3
63 1 0 0 0
64 2 1 1 5
65 4 1 0 3
66 3 0 0 0
67 2 1 0 1
68 3 2 0 0
69 0 2 2 1
70 5 0 1 0
71 5 1 1 3
72 3 2 0 1
73 2 2 0 1
74 3 1 2 0
75 3 2 2 3
76 4 3 0 3
77 2 3 1 2
78 4 2 0 2
79 0 1 3 5
80 1 0 4 2
81 3 1 2 4
82 2 0 1 3
83 1 2 2 3
84 1 0 1 4
85 4 2 1 2
86 0 2 1 2
87 5 1 1 4
88 5 0 0 1
89 4 0 1 3
90 5 2 1 2
91 2 0 1 2
92 3 1 1 1
93 4 2 1 4
94 4 2 3 3
95 3 2 0 1
96 6 1 4 0
97 8 1 0 4
98 3 2 1 1
99 5 3 1 2
100 7 2 0 2
101 3 3 2 6
102 6 4 2 4
103 5 4 2 3
104 4 2 3 1
105 2 5 3 5
106 6 1 5 5
107 6 3 1 4
108 3 2 2 5
109 4 1 3 7
110 4 2 2 8
111 5 6 1 3
112 7 4 3 6
113 4 2 0 3
114 3 1 1 4
115 7 1 3 6
116 6 5 1 8
117 7 5 1 3
118 3 2 3 3
119 5 2 2 4
120 11 4 2 4
121 10 3 3 7
122 10 5 1 6
123 10 2 1 5
124 8 3 2 3
125 4 1 5 5
126 9 3 3 5
127 10 4 3 6
128 5 4 2 6
129 4 6 3 6
130 8 3 4 4
131 4 5 5 5
132 7 8 2 5
133 9 5 3 7
134 7 6 1 6
135 11 7 2 10
136 6 4 5 10
137 12 3 3 10
138 5 1 3 10
139 10 6 2 10
140 4 7 3 4
141 8 3 2 4
142 10 7 4 8
143 9 5 2 9
144 10 6 5 11
145 6 5 2 4
146 11 5 2 11
147 16 5 2 7
148 6 10 1 5
149 12 4 1 9
150 11 5 3 4
151 11 2 7 10
152 12 8 4 10
153 11 7 4 6
154 13 5 2 11
155 13 7 7 11
156 13 10 2 9
157 13 5 3 10
158 15 10 4 6
159 17 6 4 14
160 13 8 5 9
161 13 7 3 10
162 14 9 5 8
163 13 13 3 10
164 12 12 5 9
165 13 7 4 11
166 24 7 5 17
167 10 9 4 19
168 13 6 8 16
169 17 9 8 11
170 15 12 1 11
171 9 6 12 17
172 11 3 6 13
173 13 7 3 10
174 8 5 8 9
175 7 11 12 17
176 11 6 4 21
177 10 4 5 9
178 13 10 4 18
179 7 3 6 9
180 9 3 5 13
181 16 9 3 11
182 13 8 5 20
183 14 11 1 10
184 13 2 4 6
185 15 7 6 11
186 11 9 7 11
187 15 6 5 11
188 12 7 5 8
189 14 5 5 16
190 16 10 6 13
191 16 2 4 8
192 16 6 12 13
193 17 10 5 14
194 16 6 5 15
195 16 12 6 7
196 19 7 5 14
197 16 7 7 15
198 18 5 5 10
199 16 15 6 20
200 12 13 3 11
201 13 12 10 14
202 10 10 10 12
203 13 5 5 17
204 9 7 7 11
205 12 8 6 23
206 8 8 6 20
207 9 9 5 16
208 13 13 4 14
209 5 7 3 17
210 7 5 5 15
211 7 4 7 13
212 6 10 3 19
213 11 7 6 10
214 15 7 1 10
215 14 8 1 10
216 13 4 4 14
217 6 5 4 13
218 7 4 2 9
219 7 7 0 9
220 7 3 4 9
221 7 6 3 13
222 5 9 3 7
223 6 10 5 7
224 4 8 7 7
225 11 7 6 6
226 4 1 2 9
227 5 2 1 9
228 3 5 2 14
229 2 2 2 13
230 5 8 2 10
231 2 1 4 10
232 4 2 3 11
233 0 1 1 4
234 3 3 2 5
235 1 4 2 2
236 1 1 4 3
237 0 4 1 8
238 1 0 0 6
239 2 1 2 6
240 0 0 0 3
241 1 1 0 5
242 2 0 0 4
243 0 2 1 5
244 0 1 1 2
245 2 0 0 0
246 3 0 0 0
247 3 1 1 0
248 3 2 0 3
249 1 0 0 0
250 2 0 0 2
251 1 1 1 2
252 1 0 1 2
253 0 1 1 0
254 1 3 0 1
255 0 1 1 0
256 0 3 0 1
257 0 1 0 0
258 1 0 0 4
259 1 2 1 1
260 1 0 0 4
261 0 0 1 2
262 1 0 0 2
263 1 0 0 1
264 1 0 0 0
265 1 0 1 1
266 0 0 0 2
267 0 1 1 0
268 1 1 0 0
269 1 0 0 0
270 0 0 0 1
271 0 0 0 1
272 1 1 0 0
273 0 0 1 0
274 0 1 1 1
275 0 0 0 1
276 0 0 0 1
277 0 1 0 1
278 0 0 0 1
279 0 0 0 0
280 0 0 0 0
281 0 1 0 1
282 0 0 0 0
283 0 0 0 0
284 0 0 0 1
285 1 0 0 1
286 1 0 0 0
287 0 0 0 0
288 0 0 0 0
289 1 0 0 0
290 0 0 0 0
291 1 0 0 0
292 0 0 0 0
293 1 0 0 0
294 0 1 0 0
295 0 0 1 0
296 0 1 0 0
297 0 0 0 0
298 0 1 1 0
299 0 0 0 1
300 0 0 0 0
301 0 0 0 1
302 0 0 0 0
303 0 0 0 1
304 0 0 0 0
305 0 0 0 2
306 0 0 0 0
307 0 0 0 0
308 0 0 0 0
309 0 0 0 0
310 0 0 0 0
311 0 0 0 0
312 0 0 0 0
313 0 0 0 0
314 0 0 0 0
315 0 0 0 0
316 0 0 0 0
317 0 0 0 0
318 0 0 0 0
319 0 0 0 0
320 0 0 0 0
321 0 0 0 0
322 0 0 0 0
323 0 0 0 0
324 0 0 0 0
325 0 0 0 0
326 0 0 0 0
327 0 0 0 0
328 0 0 0 0
329 0 0 0 0
330 0 0 0 0
331 0 0 0 0
332 0 0 0 0
333 0 0 0 0
334 0 0 0 0
335 0 0 0 0
336 0 0 0 0
337 0 0 0 0
338 0 0 0 0
339 0 0 0 0
340 0 0 0 0
341 0 0 0 0
342 0 0 0 0
343 0 0 0 0
344 0 0 0 0
345 0 0 0 0
346 0 0 0 0
347 0 0 0 0
348 0 0 0 0
349 0 0 0 0
350 0 0 0 0
351 0 0 0 0
352 0 0 0 0
353 0 0 0 0
354 0 0 0 0
355 0 0 0 0
356 0 0 0 0
357 0 0 0 0
358 0 0 0 0
359 0 0 0 0
360 0 0 0 0
361 0 0 0 0
362 0 0 0 0
363 0 0 0 0
364 0 0 0 0
365 0 0 0 0
366 0 0 0 0
367 0 0 0 0
368 0 0 0 0
369 0 0 0 0
370 0 0 0 0
371 0 0 0 0
372 0 0 0 0
373 0 0 0 0
374 0 0 0 0
375 0 0 0 0
376 0 0 0 0
377 0 0 0 0
378 0 0 0 0
379 0 0 0 0
380 0 0 0 0
381 0 0 0 0
382 0 0 0 0
383 0 0 0 0
384 0 0 0 0
385 0 0 0 0
386 0 0 0 0
387 0 0 0 0
388 0 0 0 0
389 0 0 0 0
390 0 0 0 0
391 0 0 0 0
392 0 0 0 0
393 0 0 0 0
394 0 0 0 0
395 0 0 0 0
396 0 0 0 0
397 0 0 0 0
398 0 0 0 0
399 0 0 0 0
400 0 0 0 0
401 0 0 0 0
402 0 0 0 0
403 0 0 0 0
404 0 0 0 0
405 0 0 0 0
406 0 0 0 0
407 0 0 0 0
408 0 0 0 0
409 0 0 0 0
410 0 0 0 0
411 0 0 0 0
412 0 0 0 0
413 0 0 0 0
414 0 0 0 0
415 0 0 0 0
416 0 0 0 0
417 0 0 0 0
418 0 0 0 0
419 0 0 0 0
420 0 0 0 0
421 0 0 0 0
422 0 0 0 0
423 0 0 0 0
424 0 0 0 0
425 0 0 0 0
426 0 0 0 0
427 0 0 0 0
428 0 0 0 0
429 0 0 0 0
430 0 0 0 0
431 0 0 0 0
432 0 0 0 0
433 0 0 0 0
434 0 0 0 0
435 0 0 0 0
436 0 0 0 0
437 0 0 0 0
438 0 0 0 0
439 0 0 0 0
440 0 0 0 0
441 0 0 0 0
442 0 0 0 0
443 0 0 0 0
444 0 0 0 0
445 0 0 0 0
446 0 0 0 0
447 0 0 0 0
448 0 0 0 0
449 0 0 0 0
450 0 0 0 0
451 0 0 0 0
452 0 0 0 0
453 0 0 0 0
454 0 0 0 0
455 0 0 0 0
456 0 0 0 0
457 0 0 0 0
458 0 0 0 0
459 0 0 0 0
460 0 0 0 0
461 0 0 0 0
462 0 0 0 0
463 0 0 0 0
464 0 0 0 0
465 0 0 0 0
466 0 0 0 0
467 0 0 0 0
468 0 0 0 0
469 0 0 0 0
470 0 0 0 0
471 0 0 0 0
472 0 0 0 0
473 0 0 0 0
474 0 0 0 0
475 0 0 0 0
476 0 0 0 0
477 0 0 0 0
478 0 0 0 0
479 0 0 0 0
480 0 0 0 0
481 0 0 0 0
482 0 0 0 0
483 0 0 0 0
484 0 0 0 0
485 0 0 0 0
486 0 0 0 0
487 0 0 0 0
488 0 0 0 0
489 0 0 0 0
490 0 0 0 0
491 0 0 0 0
492 0 0 0 0
493 0 0 0 0
494 0 0 0 0
495 0 0 0 0
496 0 0 0 0
497 0 0 0 0
498 0 0 0 0
499 0 0 0 0
500 0 0 0 0
501 0 0 0 0
502 0 0 0 0
503 0 0 0 0
504 0 0 0 0
505 0 0 0 0
506 0 0 0 0
507 0 0 0 0
508 0 0 0 0
509 0 0 0 0
510 0 0 0 0
511 0 0 0 0
512 0 0 0 0
513 0 0 0 0
514 0 0 0 0
515 0 0 0 0
516 0 0 0 0
517 0 0 0 0
518 0 0 0 0
519 0 0 0 0
520 0 0 0 0
521 0 0 0 0
522 0 0 0 0
523 0 0 0 0
524 0 0 0 0
525 0 0 0 0
526 0 0 0 0
527 0 0 0 0
528 0 0 0 0
529 0 0 0 0
530 0 0 0 0
531 0 0 0 0
532 0 0 0 0
533 0 0 0 0
534 0 0 0 0
535 0 0 0 0
536 0 0 0 0
537 0 0 0 0
538 0 0 0 0
539 0 0 0 0
540 0 0 0 0
541 0 0 0 0
542 0 0 0 0
543 0 0 0 0
544 0 0 0 0
545 0 0 0 0
546 0 0 0 0
547 0 0 0 0
548 0 0 0 0
549 0 0 0 0
550 0 0 0 0
551 0 0 0 0
552 0 0 0 0
553 0 0 0 0
554 0 0 0 0
555 0 0 0 0
556 0 0 0 0
557 0 0 0 0
558 0 0 0 0
559 0 0 0 0
560 0 0 0 0
561 0 0 0 0
562 0 0 0 0
563 0 0 0 0
564 0 0 0 0
565 0 0 0 0
566 0 0 0 0
567 0 0 0 0
568 0 0 0 0
569 0 0 0 0
570 0 0 0 0
571 0 0 0 0
572 0 0 0 0
573 0 0 0 0
574 0 0 0 0
575 0 0 0 0
576 0 0 0 0
577 0 0 0 0
578 0 0 0 0
579 0 0 0 0
580 0 0 0 0
581 0 0 0 0
582 0 0 0 0
583 0 0 0 0
584 0 0 0 0
585 0 0 0 0
586 0 0 0 0
587 0 0 0 0
588 0 0 0 0
589 0 0 0 0
590 0 0 0 0
591 0 0 0 0
592 0 0 0 0
593 0 0 0 0
594 0 0 0 0
595 0 0 0 0
596 0 0 0 0
597 0 0 0 0
598 0 0 0 0
599 0 0 0 0
600 0 0 0 0
601 0 0 0 0
602 0 0 0 0
603 0 0 0 0
604 0 0 0 0
605 0 0 0 0
606 0 0 0 0
607 0 0 0 0
608 0 0 0 0
609 0 0 0 0
610 0 0 0 0
611 0 0 0 0
612 0 0 0 0
613 0 0 0 0
614 0 0 0 0
615 0 0 0 0
616 0 0 0 0
617 0 0 0 0
618 0 0 0 0
619 0 0 0 0
620 0 0 0 0
621 0 0 0 0
622 0 0 0 0
623 0 0 0 0
624 0 0 0 0
625 0 0 0 0
626 0 0 0 0
627 0 0 0 0
628 0 0 0 0
629 0 0 0 0
630 0 0 0 0
631 0 0 0 0
632 0 0 0 0
633 0 0 0 0
634 0 0 0 0
635 0 0 0 0
636 0 0 0 0
637 0 0 0 0
638 0 0 0 0
639 0 0 0 0
640 0 0 0 0
641 0 0 0 0
642 0 0 0 0
643 0 0 0 0
644 0 0 0 0
645 0 0 0 0
646 0 0 0 0
647 0 0 0 0
648 0 0 0 0
649 0 0 0 0
650 0 0 0 0
651 0 0 0 0
652 0 0 0 0
653 0 0 0 0
654 0 0 0 0
655 0 0 0 0
656 0 0 0 0
657 0 0 0 0
658 0 0 0 0
659 0 0 0 0
660 0 0 0 0
661 0 0 0 0
662 0 0 0 0
663 0 0 0 0
664 0 0 0 0
665 0 0 0 0
666 0 0 0 0
667 0 0 0 0
668 0 0 0 0
669 0 0 0 0
670 0 0 0 0
671 0 0 0 0
672 0 0 0 0
673 0 0 0 0
674 0 0 0 0
675 0 0 0 0
676 0 0 0 0
677 0 0 0 0
678 0 0 0 0
679 0 0 0 0
680 0 0 0 0
681 0 0 0 0
682 0 0 0 0
683 0 0 0 0
684 0 0 0 0
685 0 0 0 0
686 0 0 0 0
687 0 0 0 0
688 0 0 0 0
689 0 0 0 0
690 0 0 0 0
691 0 0 0 0
692 0 0 0 0
693 0 0 0 0
694 0 0 0 0
695 0 0 0 0
696 0 0 0 0
697 0 0 0 0
698 0 0 0 0
699 0 0 0 0
700 0 0 0 0
701 0 0 0 0
702 0 0 0 0
703 0 0 0 0
704 0 0 0 0
705 0 0 0 0
706 0 0 0 0
707 0 0 0 0
708 0 0 0 0
709 0 0 0 0
710 0 0 0 0
711 0 0 0 0
712 0 0 0 0
713 0 0 0 0
714 0 0 0 0
715 0 0 0 0
716 0 0 0 0
717 0 0 0 0
718 0 0 0 0
719 0 0 0 0
720 0 0 0 0
721 0 0 0 0
722 0 0 0 0
723 0 0 0 0
724 0 0 0 0
725 0 0 0 0
726 0 0 0 0
727 0 0 0 0
