0 0 0 0 0
1 0 0 0 0
2 0 0 0 0
3 0 0 0 0
4 0 0 0 0
5 0 4 1 0
6 0 0 0 0
7 0 0 0 0
8 0 0 0 0
9 0 0 0 2
10 0 0 0 0
11 0 0 0 0
12 0 0 0 3
13 0 0 0 0
14 0 0 0 0
15 1 0 0 0
16 1 0 0 0
17 2 0 0 0
18 2 0 0 0
19 0 0 0 0
20 0 0 1 0
21 1 0 1 0
22 0 0 1 0
23 0 0 1 0
24 2 0 0 1
25 0 0 0 1
26 1 1 0 0
27 1 1 0 0
28 2 0 0 0
29 2 2 0 1
30 0 0 1 2
31 0 1 0 1
32 1 1 0 0
33 1 1 0 1
34 1 1 0 1
35 1 0 0 0
36 0 0 0 3
37 1 0 1 0
38 1 1 1 1
39 2 1 0 0
40 2 0 0 1
41 0 1 0 0
42 1 1 0 0
43 1 0 0 0
44 1 2 1 1
45 0 0 0 3
46 3 0 0 2
47 0 0 1 0
48 0 0 0 2
49 1 1 1 0
50 1 0 0 0
51 1 1 0 2
52 2 0 1 0
53 1 0 1 2
54 1 0 0 0
55 3 1 3 1
56 2 1 0 1
57 0 1 1 0
58 3 1 0 0
59 4 0 1 1
60 1 0 0 2
61 4 0 0 1
62 3 1 0 2
63 2 2 1 1
64 2 2 2 1
65 0 1 2 1
66 4 2 1 1
67 4 3 0 1
68 2 2 2 0
69 2 2 0 4
70 3 1 0 4
71 2 3 2 3
72 4 0 3 4
73 3 0 0 2
74 3 0 0 2
75 4 3 0 5
76 0 1 1 2
77 2 0 2 1
78 3 3 0 2
79 3 2 1 3
80 1 2 2 2
81 3 4 0 1
82 5 0 0 3
83 4 2 1 3
84 3 1 1 3
85 2 1 0 1
86 5 1 2 2
87 3 2 1 3
88 2 3 2 3
89 4 1 2 1
90 4 2 1 3
91 3 6 1 5
92 4 1 2 4
93 3 0 0 3
94 6 0 3 2
95 6 3 3 5
96 3 0 0 5
97 2 3 2 1
98 2 2 3 5
99 7 2 2 2
100 8 4 3 0
101 4 3 1 3
102 8 0 1 5
103 1 0 2 3
104 3 4 3 9
105 0 1 5 7
106 3 2 1 1
107 4 1 4 3
108 1 2 0 3
109 4 3 1 5
110 1 0 3 0
111 1 5 2 7
112 5 2 1 5
113 7 0 1 5
114 5 2 1 3
115 7 0 1 5
116 4 3 0 3
117 1 6 1 2
118 8 3 2 3
119 7 1 1 2
120 7 2 0 4
121 5 3 0 5
122 5 1 1 5
123 6 3 4 1
124 5 6 4 3
125 5 3 2 3
126 8 2 0 2
127 6 4 3 6
128 5 5 0 10
129 8 6 2 3
130 5 4 3 4
131 5 3 2 5
132 4 1 3 7
133 7 2 1 8
134 5 5 1 4
135 6 2 4 6
136 7 2 3 4
137 1 1 5 7
138 3 7 2 5
139 5 6 1 2
140 4 1 4 5
141 4 3 4 6
142 3 2 2 8
143 4 3 1 5
144 6 4 2 6
145 6 1 3 9
146 12 0 2 7
147 9 3 0 4
148 5 2 3 6
149 9 4 0 3
150 10 3 1 4
151 9 10 3 5
152 11 4 3 2
153 9 5 2 4
154 8 6 2 4
155 12 6 5 10
156 9 5 0 6
157 6 4 6 5
158 6 7 1 11
159 9 4 2 6
160 8 10 5 7
161 8 5 5 10
162 10 7 1 11
163 7 4 2 5
164 7 8 4 13
165 3 1 6 13
166 8 3 2 7
167 12 6 4 7
168 10 5 2 8
169 7 5 3 2
170 12 3 5 10
171 10 7 1 11
172 11 6 1 9
173 11 6 3 9
174 9 1 1 9
175 10 7 3 6
176 6 7 5 7
177 9 7 1 7
178 7 5 9 3
179 15 4 4 6
180 14 6 4 8
181 10 7 3 8
182 9 7 2 14
183 5 5 3 13
184 8 8 10 9
185 10 8 3 15
186 15 3 1 9
187 7 6 3 10
188 6 2 1 6
189 14 7 2 7
190 16 6 7 6
191 10 6 7 20
192 8 8 2 11
193 10 6 3 4
194 13 7 4 6
195 12 14 2 4
196 6 7 3 8
197 7 4 0 17
198 9 7 5 16
199 6 8 7 18
200 8 4 6 8
201 8 2 3 6
202 6 8 4 11
203 8 4 5 9
204 4 9 2 10
205 7 6 4 7
206 9 0 4 16
207 3 5 2 9
208 8 0 2 10
209 7 2 2 10
210 5 5 2 6
211 4 5 5 10
212 6 5 3 6
213 8 5 1 4
214 7 5 2 3
215 4 3 5 6
216 8 3 1 5
217 6 4 3 9
218 5 4 3 8
219 6 2 4 9
220 5 4 1 7
221 9 2 4 5
222 3 3 2 5
223 5 6 2 6
224 2 2 0 7
225 4 3 3 7
226 2 8 3 4
227 6 1 1 8
228 2 5 2 5
229 4 1 2 6
230 3 4 1 6
231 3 1 2 4
232 2 2 3 8
233 2 2 1 7
234 0 3 1 5
235 1 2 1 2
236 1 3 2 5
237 2 2 0 3
238 1 2 1 5
239 0 1 1 1
240 3 0 0 6
241 6 1 0 1
242 0 3 0 3
243 2 0 0 3
244 2 0 1 2
245 3 1 1 2
246 2 2 1 3
247 0 1 0 0
248 3 0 0 2
249 2 2 1 2
250 3 3 3 1
251 2 1 0 0
252 2 0 2 1
253 1 1 1 2
254 3 1 1 6
255 1 2 1 0
256 1 1 0 4
257 0 3 0 3
258 0 0 1 1
259 0 1 3 3
260 0 0 2 1
261 0 2 0 4
262 1 0 0 2
263 2 0 0 2
264 0 0 0 2
265 1 0 0 3
266 0 0 0 2
267 0 1 0 0
268 0 0 2 0
269 0 0 0 0
270 1 1 0 0
271 3 0 0 0
272 1 0 0 1
273 1 0 0 0
274 2 0 0 3
275 3 0 0 0
276 1 1 2 0
277 2 0 0 0
278 2 0 0 0
279 1 1 0 0
280 1 1 0 1
281 0 0 1 0
282 0 1 2 0
283 0 4 0 3
284 1 2 0 1
285 0 0 1 1
286 0 1 0 2
287 0 0 0 2
288 0 0 0 2
289 0 1 1 2
290 0 0 0 1
291 0 0 0 1
292 1 0 0 0
293 0 0 0 3
294 0 0 0 0
295 1 0 0 0
296 1 0 0 0
297 2 0 0 0
298 1 0 0 0
299 0 0 0 0
300 0 1 0 0
301 0 0 1 0
302 1 0 0 0
303 0 2 0 0
304 0 0 0 0
305 0 0 1 0
306 0 0 1 0
307 0 0 0 2
308 0 0 0 1
309 0 0 0 0
310 0 0 0 1
311 0 1 0 0
312 0 0 0 1
313 0 0 0 1
314 0 0 0 0
315 0 0 0 1
316 0 0 0 0
317 1 0 0 0
318 0 0 0 0
319 1 0 0 0
320 1 0 0 0
321 0 0 0 0
322 0 0 1 0
323 1 0 0 0
324 1 0 1 0
325 0 0 1 0
326 0 0 0 1
327 0 0 0 0
328 0 0 0 1
329 0 0 1 0
330 0 0 0 0
331 0 0 0 0
332 0 1 0 1
333 0 0 0 1
334 0 0 0 0
335 0 0 0 0
336 1 0 0 1
337 0 0 0 0
338 0 0 0 0
339 0 0 0 0
340 0 0 0 0
341 0 0 1 0
342 0 0 0 0
343 0 0 0 0
344 0 0 0 0
345 0 0 0 1
346 0 0 0 0
347 0 0 0 0
348 0 0 0 0
349 0 0 0 0
350 0 0 0 0
351 0 0 0 0
352 0 0 0 0
353 1 0 0 0
354 0 0 0 0
355 0 0 0 0
356 0 0 0 0
357 0 0 0 0
358 0 0 1 0
359 0 0 0 0
360 0 0 0 0
361 0 0 0 0
362 0 0 0 0
363 0 0 0 0
364 0 0 0 0
365 0 0 0 1
366 0 0 0 0
367 0 0 0 0
368 0 0 0 0
369 0 0 0 0
370 0 0 0 0
371 0 0 0 0
372 0 0 0 0
373 0 0 0 0
374 0 0 0 0
375 0 0 0 0
376 0 0 0 0
377 0 0 0 0
378 0 0 0 0
379 0 0 0 0
380 0 0 0 0
381 0 0 0 0
382 0 0 0 0
383 0 0 0 0
384 0 0 0 0
385 0 0 0 0
386 0 0 0 0
387 0 0 0 0
388 0 0 0 0
389 0 0 0 0
390 0 0 0 0
391 0 0 0 0
392 0 0 0 0
393 0 0 0 0
394 0 0 0 0
395 0 0 0 0
396 0 0 0 0
397 0 0 0 0
398 0 0 0 0
399 0 0 0 0
400 0 0 0 0
401 0 0 0 0
402 0 0 0 0
403 0 0 0 0
404 0 0 0 0
405 0 0 0 0
406 0 0 0 0
407 0 0 0 0
408 0 0 0 0
409 0 0 0 0
410 0 0 0 0
411 0 0 0 0
412 0 0 0 0
413 0 0 0 0
414 0 0 0 0
415 0 0 0 0
416 0 0 0 0
417 0 0 0 0
418 0 0 0 0
419 0 0 0 0
420 0 0 0 0
421 0 0 0 0
422 0 0 0 0
423 0 0 0 0
424 0 0 0 0
425 0 0 0 0
426 0 0 0 0
427 0 0 0 0
428 0 0 0 0
429 0 0 0 0
430 0 0 0 0
431 0 0 0 0
432 0 0 0 0
433 0 0 0 0
434 0 0 0 0
435 0 0 0 0
436 0 0 0 0
437 0 0 0 0
438 0 0 0 0
439 0 0 0 0
440 0 0 0 0
441 0 0 0 0
442 0 0 0 0
443 0 0 0 0
444 0 0 0 0
445 0 0 0 0
446 0 0 0 0
447 0 0 0 0
448 0 0 0 0
449 0 0 0 0
450 0 0 0 0
451 0 0 0 0
452 0 0 0 0
453 0 0 0 0
454 0 0 0 0
455 0 0 0 0
456 0 0 0 0
457 0 0 0 0
458 0 0 0 0
459 0 0 0 0
460 0 0 0 0
461 0 0 0 0
462 0 0 0 0
463 0 0 0 0
464 0 0 0 0
465 0 0 0 0
466 0 0 0 0
467 0 0 0 0
468 0 0 0 0
469 0 0 0 0
470 0 0 0 0
471 0 0 0 0
472 0 0 0 0
473 0 0 0 0
474 0 0 0 0
475 0 0 0 0
476 0 0 0 0
477 0 0 0 0
478 0 0 0 0
479 0 0 0 0
480 0 0 0 0
481 0 0 0 0
482 0 0 0 0
483 0 0 0 0
484 0 0 0 0
485 0 0 0 0
486 0 0 0 0
487 0 0 0 0
488 0 0 0 0
489 0 0 0 0
490 0 0 0 0
491 0 0 0 0
492 0 0 0 0
493 0 0 0 0
494 0 0 0 0
495 0 0 0 0
496 0 0 0 0
497 0 0 0 0
498 0 0 0 0
499 0 0 0 0
500 0 0 0 0
501 0 0 0 0
502 0 0 0 0
503 0 0 0 0
504 0 0 0 0
505 0 0 0 0
506 0 0 0 0
507 0 0 0 0
508 0 0 0 0
509 0 0 0 0
510 0 0 0 0
511 0 0 0 0
512 0 0 0 0
513 0 0 0 0
514 0 0 0 0
515 0 0 0 0
516 0 0 0 0
517 0 0 0 0
518 0 0 0 0
519 0 0 0 0
520 0 0 0 0
521 0 0 0 0
522 0 0 0 0
523 0 0 0 0
524 0 0 0 0
525 0 0 0 0
526 0 0 0 0
527 0 0 0 0
528 0 0 0 0
529 0 0 0 0
530 0 0 0 0
531 0 0 0 0
532 0 0 0 0
533 0 0 0 0
534 0 0 0 0
535 0 0 0 0
536 0 0 0 0
537 0 0 0 0
538 0 0 0 0
539 0 0 0 0
540 0 0 0 0
541 0 0 0 0
542 0 0 0 0
543 0 0 0 0
544 0 0 0 0
545 0 0 0 0
546 0 0 0 0
547 0 0 0 0
548 0 0 0 0
549 0 0 0 0
550 0 0 0 0
551 0 0 0 0
552 0 0 0 0
553 0 0 0 0
554 0 0 0 0
555 0 0 0 0
556 0 0 0 0
557 0 0 0 0
558 0 0 0 0
559 0 0 0 0
560 0 0 0 0
561 0 0 0 0
562 0 0 0 0
563 0 0 0 0
564 0 0 0 0
565 0 0 0 0
566 0 0 0 0
567 0 0 0 0
568 0 0 0 0
569 0 0 0 0
570 0 0 0 0
571 0 0 0 0
572 0 0 0 0
573 0 0 0 0
574 0 0 0 0
575 0 0 0 0
576 0 0 0 0
577 0 0 0 0
578 0 0 0 0
579 0 0 0 0
580 0 0 0 0
581 0 0 0 0
582 0 0 0 0
583 0 0 0 0
584 0 0 0 0
585 0 0 0 0
586 0 0 0 0
587 0 0 0 0
588 0 0 0 0
589 0 0 0 0
590 0 0 0 0
591 0 0 0 0
592 0 0 0 0
593 0 0 0 0
594 0 0 0 0
595 0 0 0 0
596 0 0 0 0
597 0 0 0 0
598 0 0 0 0
599 0 0 0 0
600 0 0 0 0
601 0 0 0 0
602 0 0 0 0
603 0 0 0 0
604 0 0 0 0
605 0 0 0 0
606 0 0 0 0
607 0 0 0 0
608 0 0 0 0
609 0 0 0 0
610 0 0 0 0
611 0 0 0 0
612 0 0 0 0
613 0 0 0 0
614 0 0 0 0
615 0 0 0 0
616 0 0 0 0
617 0 0 0 0
618 0 0 0 0
619 0 0 0 0
620 0 0 0 0
621 0 0 0 0
622 0 0 0 0
623 0 0 0 0
624 0 0 0 0
625 0 0 0 0
626 0 0 0 0
627 0 0 0 0
628 0 0 0 0
629 0 0 0 0
630 0 0 0 0
631 0 0 0 0
632 0 0 0 0
633 0 0 0 0
634 0 0 0 0
635 0 0 0 0
636 0 0 0 0
637 0 0 0 0
638 0 0 0 0
639 0 0 0 0
640 0 0 0 0
641 0 0 0 0
642 0 0 0 0
643 0 0 0 0
644 0 0 0 0
645 0 0 0 0
646 0 0 0 0
647 0 0 0 0
648 0 0 0 0
649 0 0 0 0
650 0 0 0 0
651 0 0 0 0
652 0 0 0 0
653 0 0 0 0
654 0 0 0 0
655 0 0 0 0
656 0 0 0 0
657 0 0 0 0
658 0 0 0 0
659 0 0 0 0
660 0 0 0 0
661 0 0 0 0
662 0 0 0 0
663 0 0 0 0
664 0 0 0 0
665 0 0 0 0
666 0 0 0 0
667 0 0 0 0
668 0 0 0 0
669 0 0 0 0
670 0 0 0 0
671 0 0 0 0
672 0 0 0 0
673 0 0 0 0
674 0 0 0 0
675 0 0 0 0
676 0 0 0 0
677 0 0 0 0
678 0 0 0 0
679 0 0 0 0
680 0 0 0 0
681 0 0 0 0
682 0 0 0 0
683 0 0 0 0
684 0 0 0 0
685 0 0 0 0
686 0 0 0 0
687 0 0 0 0
688 0 0 0 0
689 0 0 0 0
690 0 0 0 0
691 0 0 0 0
692 0 0 0 0
693 0 0 0 0
694 0 0 0 0
695 0 0 0 0
696 0 0 0 0
697 0 0 0 0
698 0 0 0 0
699 0 0 0 0
700 0 0 0 0
701 0 0 0 0
702 0 0 0 0
703 0 0 0 0
704 0 0 0 0
705 0 0 0 0
706 0 0 0 0
707 0 0 0 0
708 0 0 0 0
709 0 0 0 0
710 0 0 0 0
711 0 0 0 0
712 0 0 0 0
713 0 0 0 0
714 0 0 0 0
715 0 0 0 0
716 0 0 0 0
717 0 0 0 0
718 0 0 0 0
719 0 0 0 0
720 0 0 0 0
721 0 0 0 0
722 0 0 0 0
723 0 0 0 0
724 0 0 0 0
725 0 0 0 0
726 0 0 0 0
727 0 0 0 0
