0 0 0 0 0
1 0 0 0 0
2 0 0 0 0
3 0 0 0 0
4 0 0 0 0
5 0 2 0 0
6 0 0 0 0
7 0 0 0 0
8 0 0 0 0
9 0 3 0 0
10 0 0 0 0
11 0 0 0 0
12 0 0 0 2
13 0 0 0 2
14 0 0 0 0
15 0 0 0 0
16 0 0 0 1
17 0 0 0 0
18 0 0 0 0
19 0 0 0 0
20 1 0 0 0
21 1 0 0 0
22 2 0 0 0
23 1 0 0 0
24 1 0 0 0
25 2 0 1 0
26 2 0 1 0
27 2 0 1 0
28 0 1 0 0
29 1 0 0 1
30 0 0 1 1
31 1 1 2 0
32 0 1 0 1
33 1 0 1 0
34 1 1 1 1
35 1 0 0 0
36 2 1 1 0
37 2 0 0 1
38 2 1 0 4
39 0 0 1 1
40 0 0 0 3
41 1 1 0 1
42 0 0 0 1
43 0 1 1 1
44 0 1 0 0
45 2 1 0 0
46 2 1 1 0
47 3 0 0 1
48 1 0 0 2
49 4 0 0 0
50 2 2 0 3
51 4 0 0 0
52 3 2 1 1
53 2 0 0 0
54 0 1 0 1
55 0 2 1 0
56 1 1 1 2
57 1 3 0 2
58 0 2 3 0
59 1 0 1 1
60 1 1 1 1
61 2 1 0 2
62 1 1 0 6
63 1 0 0 1
64 0 1 0 1
65 1 2 0 4
66 3 1 1 2
67 1 2 0 1
68 3 0 0 0
69 0 0 0 2
70 1 0 0 1
71 0 1 0 2
72 5 2 0 0
73 1 0 1 1
74 4 1 0 1
75 5 1 1 1
76 5 0 0 2
77 4 3 3 1
78 6 1 0 0
79 3 2 0 1
80 1 1 1 1
81 5 2 2 3
82 0 0 0 2
83 2 3 1 1
84 3 1 4 3
85 1 3 0 2
86 1 3 2 1
87 3 4 1 4
88 2 2 0 3
89 1 0 2 1
90 2 3 0 5
91 4 0 0 7
92 2 2 2 3
93 3 1 1 3
94 3 1 0 3
95 2 2 1 1
96 5 2 2 4
97 3 2 2 4
98 3 0 0 1
99 2 2 0 2
100 2 2 1 2
101 3 1 2 3
102 7 2 2 0
103 4 0 0 5
104 6 2 0 4
105 6 3 1 1
106 5 1 3 2
107 4 2 4 1
108 7 2 0 3
109 4 2 1 6
110 5 3 1 2
111 3 1 5 4
112 5 4 3 1
113 3 4 2 3
114 3 5 2 5
115 1 1 1 4
116 4 2 3 4
117 6 4 3 5
118 5 3 0 10
119 6 4 2 5
120 4 0 1 8
121 3 1 1 5
122 5 3 0 2
123 5 3 2 3
124 6 2 1 5
125 4 2 4 3
126 8 2 3 3
127 13 0 2 3
128 11 3 2 3
129 10 1 3 5
130 9 1 2 6
131 11 4 5 0
132 8 5 5 5
133 8 3 4 1
134 7 3 3 3
135 3 8 2 9
136 12 11 2 9
137 7 10 5 6
138 9 7 2 10
139 8 6 1 12
140 6 0 5 8
141 11 3 5 8
142 8 5 3 10
143 4 2 3 14
144 8 3 2 10
145 10 5 2 3
146 13 7 2 6
147 15 9 3 5
148 9 2 4 9
149 10 5 3 8
150 7 6 3 7
151 16 7 3 9
152 15 6 2 7
153 15 4 2 7
154 9 7 6 8
155 14 7 3 8
156 11 14 6 9
157 9 5 7 7
158 12 4 8 12
159 9 3 5 12
160 12 13 5 13
161 13 6 8 11
162 11 9 2 9
163 15 3 5 14
164 16 3 3 18
165 11 6 3 15
166 15 3 9 9
167 11 10 5 10
168 14 8 6 11
169 13 6 4 11
170 17 11 6 6
171 12 11 4 10
172 13 7 5 14
173 11 11 8 12
174 15 2 2 20
175 11 8 6 14
176 9 7 5 8
177 9 10 6 16
178 15 8 9 7
179 12 10 9 19
180 6 4 6 15
181 15 6 2 8
182 15 10 1 13
183 17 8 3 20
184 28 8 1 16
185 16 5 4 11
186 26 7 4 17
187 22 10 7 9
188 24 10 9 8
189 10 9 10 10
190 24 7 7 12
191 19 15 8 14
192 17 10 8 11
193 9 20 8 15
194 19 9 6 12
195 12 13 11 24
196 16 10 10 17
197 19 10 9 23
198 10 5 3 16
199 13 12 12 26
200 11 11 6 27
201 16 5 8 19
202 10 13 6 10
203 13 5 3 21
204 15 8 2 18
205 17 8 5 12
206 6 13 4 20
207 19 4 7 11
208 6 7 4 13
209 12 12 4 16
210 13 6 4 14
211 9 6 4 9
212 10 9 11 9
213 17 3 4 19
214 8 8 11 12
215 6 3 5 7
216 8 11 3 14
217 5 7 4 7
218 7 9 3 15
219 7 7 2 15
220 5 5 5 17
221 6 1 4 14
222 5 5 6 12
223 4 3 4 8
224 1 2 2 13
225 6 5 4 7
226 5 3 5 6
227 4 5 4 5
228 5 1 4 5
229 2 0 1 14
230 5 5 1 10
231 6 0 0 5
232 3 2 4 5
233 5 2 2 6
234 2 3 2 8
235 3 4 4 3
236 2 3 2 3
237 5 2 1 6
238 3 5 2 2
239 4 1 1 10
240 1 2 0 5
241 0 2 1 4
242 0 0 4 6
243 1 3 1 1
244 0 2 3 3
245 0 1 0 5
246 1 0 0 3
247 1 0 0 2
248 2 1 1 4
249 1 0 1 2
250 1 0 0 2
251 1 1 0 3
252 0 0 0 2
253 2 0 2 1
254 3 0 0 0
255 2 1 0 2
256 3 0 1 0
257 2 0 0 2
258 3 2 0 0
259 1 2 1 1
260 0 2 0 0
261 0 0 1 0
262 2 2 0 3
263 3 1 0 1
264 1 0 1 1
265 1 2 0 0
266 2 1 0 3
267 1 3 0 2
268 2 2 1 3
269 2 1 0 2
270 0 0 1 1
271 1 1 1 3
272 0 1 1 1
273 0 0 0 0
274 0 1 1 1
275 0 1 2 3
276 0 0 0 3
277 1 0 0 0
278 1 0 0 2
279 1 0 1 1
280 2 0 0 0
281 3 0 0 1
282 0 0 0 2
283 0 0 0 1
284 0 1 0 0
285 1 1 0 0
286 2 1 2 0
287 0 0 1 0
288 0 0 0 0
289 0 0 1 0
290 0 0 1 3
291 2 2 0 1
292 1 0 0 1
293 0 0 0 0
294 1 1 0 2
295 3 0 0 1
296 2 0 2 1
297 0 0 0 0
298 2 0 0 2
299 1 1 0 0
300 0 1 1 1
301 1 2 0 0
302 0 0 0 0
303 0 2 0 1
304 0 1 1 0
305 0 0 0 0
306 0 1 0 1
307 0 0 1 2
308 1 0 0 4
309 0 0 0 0
310 0 0 0 3
311 0 0 0 0
312 1 0 0 0
313 0 1 0 0
314 0 0 0 1
315 1 0 0 0
316 0 0 0 0
317 2 0 0 0
318 0 0 0 0
319 1 0 0 0
320 0 0 0 1
321 0 1 0 0
322 0 1 1 0
323 0 0 0 0
324 1 1 1 0
325 0 0 0 1
326 0 0 0 1
327 1 0 0 0
328 0 0 0 1
329 0 1 0 1
330 0 0 0 0
331 2 0 0 1
332 2 0 0 0
333 0 1 0 0
334 1 0 0 0
335 0 0 0 0
336 1 0 0 1
337 1 0 0 1
338 0 0 0 0
339 0 1 0 0
340 1 1 1 0
341 1 2 0 0
342 1 0 0 0
343 0 0 0 1
344 1 0 0 1
345 1 2 0 0
346 0 0 2 0
347 0 0 0 1
348 0 0 0 2
349 0 1 0 0
350 0 1 0 1
351 0 0 1 0
352 1 0 0 1
353 2 0 0 3
354 1 0 0 0
355 0 0 0 1
356 0 0 0 0
357 0 0 1 1
358 0 1 1 0
359 0 0 0 0
360 0 0 0 0
361 0 0 0 0
362 0 0 0 0
363 0 0 1 0
364 0 0 0 1
365 0 0 0 2
366 0 0 0 0
367 0 0 0 0
368 0 0 0 0
369 0 0 0 0
370 0 0 0 1
371 0 0 0 0
372 0 0 0 0
373 0 0 0 0
374 0 0 0 0
375 0 0 0 0
376 0 0 0 0
377 1 0 0 0
378 0 0 0 0
379 0 0 0 0
380 1 0 0 0
381 0 0 0 0
382 0 0 1 0
383 1 0 0 0
384 0 0 0 0
385 0 0 0 0
386 0 0 0 0
387 0 0 0 1
388 0 1 0 0
389 0 1 0 0
390 0 0 0 0
391 0 0 0 0
392 0 0 0 1
393 0 0 0 0
394 0 0 0 0
395 0 0 0 0
396 1 0 0 1
397 1 0 0 0
398 0 0 0 0
399 0 0 0 0
400 1 0 0 0
401 0 1 0 0
402 0 0 0 0
403 0 0 0 0
404 0 0 0 0
405 0 0 0 1
406 0 0 1 0
407 0 0 0 0
408 0 0 0 0
409 0 1 0 0
410 0 0 0 0
411 0 0 0 0
412 0 0 0 0
413 0 0 0 1
414 0 0 0 0
415 0 0 0 0
416 0 0 0 1
417 0 0 0 0
418 0 0 0 0
419 0 0 0 0
420 0 0 0 0
421 0 0 0 0
422 1 0 0 0
423 0 0 0 0
424 0 0 0 0
425 0 0 0 0
426 0 0 0 0
427 0 0 1 0
428 0 0 0 0
429 0 0 0 0
430 0 0 0 0
431 0 0 0 0
432 0 0 0 0
433 0 0 0 0
434 0 0 0 1
435 0 0 0 0
436 0 0 0 0
437 0 0 0 0
438 0 0 0 0
439 1 0 0 0
440 1 0 0 0
441 1 0 0 0
442 0 0 0 0
443 0 0 0 0
444 2 0 1 0
445 0 0 0 0
446 0 0 0 0
447 0 0 0 0
448 0 0 0 0
449 0 1 2 0
450 0 0 1 0
451 1 0 0 1
452 0 0 0 0
453 0 0 0 1
454 0 0 0 1
455 0 0 0 0
456 0 0 1 2
457 0 0 0 0
458 0 0 0 0
459 0 0 0 0
460 0 0 0 0
461 2 0 0 0
462 1 0 0 0
463 1 0 0 1
464 1 0 0 0
465 1 0 0 0
466 0 1 0 0
467 1 0 0 0
468 0 0 1 0
469 1 1 0 0
470 0 0 1 0
471 0 1 0 0
472 0 1 0 1
473 1 0 0 1
474 0 0 2 1
475 1 0 0 1
476 0 0 0 2
477 0 0 0 0
478 1 1 0 2
479 1 0 0 0
480 0 0 0 0
481 1 0 0 0
482 2 0 0 0
483 0 1 0 0
484 0 0 1 0
485 0 0 0 1
486 2 1 0 0
487 0 2 0 1
488 0 0 1 0
489 0 0 0 0
490 1 0 0 0
491 0 1 1 3
492 0 0 0 1
493 0 0 0 1
494 0 0 0 0
495 0 0 1 1
496 0 0 0 0
497 1 0 0 0
498 1 0 0 1
499 0 0 0 1
500 3 0 0 0
501 2 0 0 0
502 3 1 0 0
503 1 1 0 0
504 0 0 0 0
505 3 2 0 0
506 2 0 0 1
507 1 1 1 1
508 1 0 0 0
509 2 1 0 1
510 2 1 3 0
511 2 1 2 1
512 1 2 0 1
513 2 0 0 0
514 3 3 1 5
515 1 0 1 2
516 0 0 1 2
517 1 0 1 0
518 0 0 0 3
519 0 2 1 1
520 1 1 1 1
521 1 0 0 3
522 0 1 0 1
523 1 2 0 2
524 1 0 0 1
525 0 0 1 0
526 1 1 0 1
527 0 0 0 2
528 2 0 0 0
529 1 1 0 2
530 2 1 0 1
531 0 0 0 0
532 0 1 0 0
533 0 0 1 1
534 2 0 0 0
535 3 1 1 0
536 1 0 0 1
537 2 0 1 1
538 0 0 1 0
539 2 3 0 2
540 2 1 1 1
541 3 1 0 0
542 1 0 2 1
543 2 0 0 2
544 4 0 2 3
545 0 2 0 1
546 2 0 1 3
547 0 0 0 0
548 2 1 2 3
549 3 0 0 0
550 0 2 1 1
551 0 3 0 0
552 3 1 0 3
553 1 2 0 0
554 1 1 1 3
555 1 0 0 3
556 2 0 0 0
557 1 2 3 3
558 0 1 1 1
559 0 1 0 1
560 0 1 0 1
561 1 1 0 4
562 2 0 0 0
563 2 0 0 1
564 0 0 0 3
565 1 1 0 2
566 0 2 0 0
567 1 2 0 0
568 1 0 0 1
569 1 0 0 1
570 3 0 0 2
571 3 0 0 1
572 1 0 2 0
573 0 1 0 0
574 0 1 1 1
575 1 1 1 0
576 1 1 1 2
577 0 0 0 1
578 0 0 0 1
579 0 0 1 0
580 0 2 1 2
581 0 1 0 1
582 0 0 0 2
583 1 0 0 0
584 0 0 0 2
585 0 0 1 0
586 0 0 0 1
587 0 0 0 1
588 0 0 0 1
589 0 0 0 0
590 0 0 0 0
591 0 0 0 0
592 0 1 0 1
593 1 0 0 0
594 0 0 0 0
595 0 0 0 0
596 1 0 0 1
597 0 0 0 0
598 0 0 0 0
599 0 0 0 0
600 0 0 0 0
601 0 0 0 0
602 0 1 0 0
603 0 0 0 0
604 0 0 0 0
605 0 1 0 0
606 0 0 0 0
607 0 0 0 0
608 0 0 0 0
609 0 0 0 2
610 0 0 0 0
611 0 0 0 0
612 0 0 0 0
613 0 0 0 0
614 0 0 0 0
615 0 0 0 0
616 0 0 0 0
617 0 0 0 0
618 0 0 0 0
619 0 0 0 0
620 0 0 0 0
621 0 0 0 0
622 0 0 0 0
623 0 0 0 0
624 0 0 0 0
625 0 0 0 0
626 0 0 0 0
627 0 0 0 0
628 0 0 0 0
629 0 0 0 0
630 0 0 0 0
631 0 0 0 0
632 0 0 0 0
633 0 0 0 0
634 0 0 0 0
635 0 0 0 0
636 0 0 0 0
637 0 0 0 0
638 0 0 0 0
639 0 0 0 0
640 0 0 0 0
641 0 0 0 0
642 0 0 0 0
643 0 0 0 0
644 0 0 0 0
645 0 0 0 0
646 0 0 0 0
647 0 0 0 0
648 0 0 0 0
649 0 0 0 0
650 0 0 0 0
651 0 0 0 0
652 0 0 0 0
653 0 0 0 0
654 0 0 0 0
655 0 0 0 0
656 0 0 0 0
657 0 0 0 0
658 0 0 0 0
659 0 0 0 0
660 0 0 0 0
661 0 0 0 0
662 0 0 0 0
663 0 0 0 0
664 0 0 0 0
665 0 0 0 0
666 0 0 0 0
667 0 0 0 0
668 0 0 0 0
669 0 0 0 0
670 0 0 0 0
671 0 0 0 0
672 0 0 0 0
673 0 0 0 0
674 0 0 0 0
675 0 0 0 0
676 0 0 0 0
677 0 0 0 0
678 0 0 0 0
679 0 0 0 0
680 0 0 0 0
681 0 0 0 0
682 0 0 0 0
683 0 0 0 0
684 0 0 0 0
685 0 0 0 0
686 0 0 0 0
687 0 0 0 0
688 0 0 0 0
689 0 0 0 0
690 0 0 0 0
691 0 0 0 0
692 0 0 0 0
693 0 0 0 0
694 0 0 0 0
695 0 0 0 0
696 0 0 0 0
697 0 0 0 0
698 0 0 0 0
699 0 0 0 0
700 0 0 0 0
701 0 0 0 0
702 0 0 0 0
703 0 0 0 0
704 0 0 0 0
705 0 0 0 0
706 0 0 0 0
707 0 0 0 0
708 0 0 0 0
709 0 0 0 0
710 0 0 0 0
711 0 0 0 0
712 0 0 0 0
713 0 0 0 0
714 0 0 0 0
715 0 0 0 0
716 0 0 0 0
717 0 0 0 0
718 0 0 0 0
719 0 0 0 0
720 0 0 0 0
721 0 0 0 0
722 0 0 0 0
723 0 0 0 0
724 0 0 0 0
725 0 0 0 0
726 0 0 0 0
727 0 0 0 0
