0 0 0 0 0
1 0 0 0 0
2 0 0 0 0
3 0 0 0 0
4 0 0 0 0
5 0 2 1 0
6 0 0 0 0
7 0 0 0 0
8 0 0 0 0
9 0 1 1 2
10 0 0 0 0
11 0 0 0 0
12 0 0 0 1
13 0 0 0 1
14 0 0 0 0
15 0 0 0 0
16 0 0 0 1
17 0 0 0 0
18 0 0 0 0
19 0 0 0 0
20 0 0 0 0
21 2 0 0 0
22 1 0 0 0
23 0 0 0 0
24 2 0 0 0
25 1 0 0 0
26 0 1 0 0
27 0 1 0 0
28 0 0 0 0
29 2 2 0 0
30 1 0 2 1
31 1 0 0 1
32 1 0 0 0
33 0 0 0 2
34 2 0 0 1
35 1 0 0 0
36 0 0 0 0
37 0 0 1 1
38 0 2 0 0
39 0 1 2 0
40 2 1 0 0
41 2 0 0 1
42 0 0 0 1
43 1 0 0 1
44 1 0 1 1
45 0 0 0 1
46 0 2 1 2
47 0 0 0 0
48 0 0 0 0
49 0 0 2 0
50 0 0 0 1
51 1 0 0 1
52 2 1 0 2
53 3 0 0 1
54 2 0 0 1
55 2 0 0 0
56 3 1 0 0
57 1 0 1 1
58 0 0 0 0
59 2 0 0 0
60 3 1 0 1
61 2 2 1 0
62 2 2 3 0
63 0 1 1 0
64 1 0 0 1
65 1 2 0 1
66 1 0 0 2
67 3 0 0 2
68 3 2 1 1
69 1 1 2 3
70 2 0 2 2
71 1 0 2 0
72 0 2 0 3
73 2 2 0 1
74 4 1 0 1
75 1 0 0 4
76 1 1 1 2
77 3 1 0 3
78 4 1 2 0
79 4 4 0 2
80 1 0 0 1
81 1 1 0 2
82 3 2 0 1
83 0 2 2 1
84 5 1 2 1
85 5 0 0 1
86 1 0 0 6
87 5 3 2 1
88 2 1 1 2
89 1 1 3 0
90 3 1 3 3
91 4 2 0 5
92 4 1 2 0
93 2 4 0 2
94 0 2 0 6
95 3 0 0 3
96 5 3 2 4
97 2 2 1 2
98 4 1 1 2
99 2 1 1 1
100 3 2 1 4
101 1 4 0 3
102 3 0 3 1
103 2 2 1 4
104 4 1 1 3
105 10 4 1 2
106 3 0 0 2
107 5 2 1 3
108 5 2 1 2
109 6 3 1 3
110 9 0 3 3
111 6 1 1 3
112 6 3 1 5
113 7 3 1 2
114 3 5 7 2
115 6 1 3 4
116 4 3 2 5
117 6 5 0 3
118 6 1 4 7
119 3 5 3 4
120 4 4 1 7
121 2 4 3 8
122 4 4 3 3
123 4 1 3 4
124 2 3 2 6
125 4 3 1 4
126 0 3 1 8
127 4 1 2 6
128 2 3 0 8
129 7 5 0 8
130 7 4 1 3
131 4 3 0 3
132 4 1 2 2
133 8 0 0 5
134 8 2 2 3
135 6 3 1 4
136 11 2 3 2
137 8 2 2 3
138 8 5 2 3
139 5 4 4 5
140 7 5 1 2
141 8 5 3 3
142 3 5 3 5
143 12 4 4 7
144 5 2 3 4
145 11 6 3 10
146 7 5 4 8
147 10 2 1 7
148 5 4 5 6
149 9 5 2 8
150 13 2 6 9
151 5 3 2 3
152 5 8 6 12
153 6 3 1 4
154 7 6 3 6
155 5 3 6 5
156 7 4 1 16
157 4 4 2 6
158 6 6 1 6
159 5 6 5 11
160 4 3 2 3
161 5 3 2 9
162 7 4 1 6
163 7 4 2 11
164 9 2 2 5
165 9 2 5 7
166 6 6 1 9
167 17 3 3 5
168 7 6 2 3
169 12 4 6 6
170 13 2 2 6
171 15 7 4 6
172 12 4 8 8
173 13 4 1 7
174 10 6 4 2
175 12 5 3 7
176 14 6 6 17
177 9 5 2 6
178 10 8 6 11
179 14 7 5 6
180 11 14 4 9
181 10 11 9 10
182 11 7 4 12
183 13 11 4 12
184 9 7 4 14
185 11 5 3 12
186 17 5 0 13
187 9 5 3 13
188 8 10 4 19
189 10 5 5 7
190 12 8 6 12
191 11 9 6 10
192 14 6 4 12
193 16 3 1 11
194 13 7 6 10
195 19 7 6 13
196 21 7 0 10
197 11 3 11 10
198 10 6 5 16
199 10 9 4 10
200 11 10 4 3
201 10 9 10 12
202 14 11 3 14
203 10 10 4 14
204 7 8 6 13
205 9 12 4 17
206 11 4 3 12
207 3 9 6 12
208 8 4 7 15
209 8 3 4 13
210 8 7 2 10
211 4 3 4 13
212 7 5 2 13
213 4 2 4 8
214 8 7 1 14
215 3 10 3 11
216 6 0 3 7
217 4 4 5 6
218 7 11 0 9
219 2 2 2 13
220 11 2 2 4
221 3 4 2 6
222 3 1 0 8
223 1 6 2 4
224 5 2 1 6
225 5 6 4 10
226 3 3 1 1
227 1 3 1 5
228 3 1 1 8
229 1 6 3 9
230 1 4 2 5
231 1 2 2 3
232 0 0 1 3
233 5 3 0 10
234 0 1 0 3
235 1 1 1 1
236 3 0 0 5
237 4 1 0 7
238 1 1 3 2
239 1 0 0 2
240 2 1 0 0
241 1 0 0 1
242 1 3 0 2
243 0 0 1 1
244 1 0 2 2
245 0 2 2 1
246 0 5 0 2
247 1 0 0 1
248 0 0 0 1
249 1 1 0 4
250 1 0 0 1
251 1 1 0 1
252 0 0 0 1
253 0 0 0 5
254 1 0 0 0
255 1 0 0 1
256 0 0 1 0
257 0 0 0 0
258 1 1 0 0
259 0 1 1 0
260 0 1 0 0
261 2 0 0 0
262 1 0 0 0
263 0 0 0 4
264 1 1 0 0
265 0 0 0 0
266 0 1 1 0
267 0 2 0 1
268 0 0 0 1
269 1 0 0 0
270 0 0 0 0
271 0 0 0 1
272 0 0 0 1
273 0 0 1 2
274 0 1 0 0
275 1 0 0 0
276 1 0 0 0
277 0 0 0 0
278 0 0 0 1
279 0 0 0 0
280 0 1 0 1
281 0 1 0 0
282 0 0 0 0
283 0 0 0 0
284 0 0 0 1
285 0 0 0 1
286 0 0 0 0
287 0 0 0 0
288 1 0 0 0
289 1 0 0 0
290 0 0 0 0
291 0 0 0 0
292 0 0 0 0
293 0 1 0 0
294 0 0 1 0
295 0 0 0 0
296 0 0 0 0
297 0 0 0 1
298 0 0 0 1
299 1 0 0 0
300 1 0 0 0
301 0 0 0 0
302 0 0 0 0
303 0 0 0 0
304 0 0 0 0
305 1 0 0 0
306 0 0 0 0
307 1 0 0 0
308 0 0 1 0
309 1 1 0 0
310 0 1 0 0
311 1 0 0 0
312 0 0 0 0
313 0 0 0 0
314 0 0 1 0
315 0 0 0 1
316 0 0 0 1
317 0 0 0 1
318 0 1 0 1
319 0 0 0 0
320 0 0 1 0
321 0 0 0 0
322 0 0 0 0
323 0 0 0 0
324 0 0 0 1
325 1 0 0 1
326 1 0 0 0
327 0 0 0 0
328 0 0 0 0
329 0 0 0 0
330 0 0 0 0
331 1 0 0 0
332 0 1 0 0
333 0 0 0 0
334 0 1 0 0
335 0 0 0 0
336 0 0 0 1
337 0 0 0 0
338 0 0 0 1
339 0 0 0 0
340 0 0 1 0
341 0 0 0 0
342 0 0 0 0
343 0 0 0 0
344 0 0 0 0
345 0 0 0 0
346 0 0 0 0
347 0 0 0 1
348 0 0 0 0
349 0 0 0 0
350 0 0 0 0
351 0 0 0 0
352 0 0 0 0
353 0 0 0 0
354 0 0 0 0
355 0 0 0 0
356 0 0 0 0
357 0 0 0 0
358 0 0 0 0
359 0 0 0 0
360 0 0 0 0
361 0 0 0 0
362 0 0 0 0
363 0 0 0 0
364 0 0 0 0
365 0 0 0 0
366 0 0 0 0
367 0 0 0 0
368 0 0 0 0
369 0 0 0 0
370 0 0 0 0
371 0 0 0 0
372 0 0 0 0
373 0 0 0 0
374 0 0 0 0
375 0 0 0 0
376 0 0 0 0
377 0 0 0 0
378 0 0 0 0
379 0 0 0 0
380 0 0 0 0
381 0 0 0 0
382 0 0 0 0
383 0 0 0 0
384 0 0 0 0
385 0 0 0 0
386 0 0 0 0
387 0 0 0 0
388 0 0 0 0
389 0 0 0 0
390 0 0 0 0
391 0 0 0 0
392 0 0 0 0
393 0 0 0 0
394 0 0 0 0
395 0 0 0 0
396 0 0 0 0
397 0 0 0 0
398 0 0 0 0
399 0 0 0 0
400 0 0 0 0
401 0 0 0 0
402 0 0 0 0
403 0 0 0 0
404 0 0 0 0
405 0 0 0 0
406 0 0 0 0
407 0 0 0 0
408 0 0 0 0
409 0 0 0 0
410 0 0 0 0
411 0 0 0 0
412 0 0 0 0
413 0 0 0 0
414 0 0 0 0
415 0 0 0 0
416 0 0 0 0
417 0 0 0 0
418 0 0 0 0
419 0 0 0 0
420 0 0 0 0
421 0 0 0 0
422 0 0 0 0
423 0 0 0 0
424 0 0 0 0
425 0 0 0 0
426 0 0 0 0
427 0 0 0 0
428 0 0 0 0
429 0 0 0 0
430 0 0 0 0
431 0 0 0 0
432 0 0 0 0
433 0 0 0 0
434 0 0 0 0
435 0 0 0 0
436 0 0 0 0
437 0 0 0 0
438 0 0 0 0
439 0 0 0 0
440 0 0 0 0
441 0 0 0 0
442 0 0 0 0
443 0 0 0 0
444 0 0 0 0
445 0 0 0 0
446 0 0 0 0
447 0 0 0 0
448 0 0 0 0
449 0 0 0 0
450 0 0 0 0
451 0 0 0 0
452 0 0 0 0
453 0 0 0 0
454 0 0 0 0
455 0 0 0 0
456 0 0 0 0
457 0 0 0 0
458 0 0 0 0
459 0 0 0 0
460 0 0 0 0
461 0 0 0 0
462 0 0 0 0
463 0 0 0 0
464 0 0 0 0
465 0 0 0 0
466 0 0 0 0
467 0 0 0 0
468 0 0 0 0
469 0 0 0 0
470 0 0 0 0
471 0 0 0 0
472 0 0 0 0
473 0 0 0 0
474 0 0 0 0
475 0 0 0 0
476 0 0 0 0
477 0 0 0 0
478 0 0 0 0
479 0 0 0 0
480 0 0 0 0
481 0 0 0 0
482 0 0 0 0
483 0 0 0 0
484 0 0 0 0
485 0 0 0 0
486 0 0 0 0
487 0 0 0 0
488 0 0 0 0
489 0 0 0 0
490 0 0 0 0
491 0 0 0 0
492 0 0 0 0
493 0 0 0 0
494 0 0 0 0
495 0 0 0 0
496 0 0 0 0
497 0 0 0 0
498 0 0 0 0
499 0 0 0 0
500 0 0 0 0
501 0 0 0 0
502 0 0 0 0
503 0 0 0 0
504 0 0 0 0
505 0 0 0 0
506 0 0 0 0
507 0 0 0 0
508 0 0 0 0
509 0 0 0 0
510 0 0 0 0
511 0 0 0 0
512 0 0 0 0
513 0 0 0 0
514 0 0 0 0
515 0 0 0 0
516 0 0 0 0
517 0 0 0 0
518 0 0 0 0
519 0 0 0 0
520 0 0 0 0
521 0 0 0 0
522 0 0 0 0
523 0 0 0 0
524 0 0 0 0
525 0 0 0 0
526 0 0 0 0
527 0 0 0 0
528 0 0 0 0
529 0 0 0 0
530 0 0 0 0
531 0 0 0 0
532 0 0 0 0
533 0 0 0 0
534 0 0 0 0
535 0 0 0 0
536 0 0 0 0
537 0 0 0 0
538 0 0 0 0
539 0 0 0 0
540 0 0 0 0
541 0 0 0 0
542 0 0 0 0
543 0 0 0 0
544 0 0 0 0
545 0 0 0 0
546 0 0 0 0
547 0 0 0 0
548 0 0 0 0
549 0 0 0 0
550 0 0 0 0
551 0 0 0 0
552 0 0 0 0
553 0 0 0 0
554 0 0 0 0
555 0 0 0 0
556 0 0 0 0
557 0 0 0 0
558 0 0 0 0
559 0 0 0 0
560 0 0 0 0
561 0 0 0 0
562 0 0 0 0
563 0 0 0 0
564 0 0 0 0
565 0 0 0 0
566 0 0 0 0
567 0 0 0 0
568 0 0 0 0
569 0 0 0 0
570 0 0 0 0
571 0 0 0 0
572 0 0 0 0
573 0 0 0 0
574 0 0 0 0
575 0 0 0 0
576 0 0 0 0
577 0 0 0 0
578 0 0 0 0
579 0 0 0 0
580 0 0 0 0
581 0 0 0 0
582 0 0 0 0
583 0 0 0 0
584 0 0 0 0
585 0 0 0 0
586 0 0 0 0
587 0 0 0 0
588 0 0 0 0
589 0 0 0 0
590 0 0 0 0
591 0 0 0 0
592 0 0 0 0
593 0 0 0 0
594 0 0 0 0
595 0 0 0 0
596 0 0 0 0
597 0 0 0 0
598 0 0 0 0
599 0 0 0 0
600 0 0 0 0
601 0 0 0 0
602 0 0 0 0
603 0 0 0 0
604 0 0 0 0
605 0 0 0 0
606 0 0 0 0
607 0 0 0 0
608 0 0 0 0
609 0 0 0 0
610 0 0 0 0
611 0 0 0 0
612 0 0 0 0
613 0 0 0 0
614 0 0 0 0
615 0 0 0 0
616 0 0 0 0
617 0 0 0 0
618 0 0 0 0
619 0 0 0 0
620 0 0 0 0
621 0 0 0 0
622 0 0 0 0
623 0 0 0 0
624 0 0 0 0
625 0 0 0 0
626 0 0 0 0
627 0 0 0 0
628 0 0 0 0
629 0 0 0 0
630 0 0 0 0
631 0 0 0 0
632 0 0 0 0
633 0 0 0 0
634 0 0 0 0
635 0 0 0 0
636 0 0 0 0
637 0 0 0 0
638 0 0 0 0
639 0 0 0 0
640 0 0 0 0
641 0 0 0 0
642 0 0 0 0
643 0 0 0 0
644 0 0 0 0
645 0 0 0 0
646 0 0 0 0
647 0 0 0 0
648 0 0 0 0
649 0 0 0 0
650 0 0 0 0
651 0 0 0 0
652 0 0 0 0
653 0 0 0 0
654 0 0 0 0
655 0 0 0 0
656 0 0 0 0
657 0 0 0 0
658 0 0 0 0
659 0 0 0 0
660 0 0 0 0
661 0 0 0 0
662 0 0 0 0
663 0 0 0 0
664 0 0 0 0
665 0 0 0 0
666 0 0 0 0
667 0 0 0 0
668 0 0 0 0
669 0 0 0 0
670 0 0 0 0
671 0 0 0 0
672 0 0 0 0
673 0 0 0 0
674 0 0 0 0
675 0 0 0 0
676 0 0 0 0
677 0 0 0 0
678 0 0 0 0
679 0 0 0 0
680 0 0 0 0
681 0 0 0 0
682 0 0 0 0
683 0 0 0 0
684 0 0 0 0
685 0 0 0 0
686 0 0 0 0
687 0 0 0 0
688 0 0 0 0
689 0 0 0 0
690 0 0 0 0
691 0 0 0 0
692 0 0 0 0
693 0 0 0 0
694 0 0 0 0
695 0 0 0 0
696 0 0 0 0
697 0 0 0 0
698 0 0 0 0
699 0 0 0 0
700 0 0 0 0
701 0 0 0 0
702 0 0 0 0
703 0 0 0 0
704 0 0 0 0
705 0 0 0 0
706 0 0 0 0
707 0 0 0 0
708 0 0 0 0
709 0 0 0 0
710 0 0 0 0
711 0 0 0 0
712 0 0 0 0
713 0 0 0 0
714 0 0 0 0
715 0 0 0 0
716 0 0 0 0
717 0 0 0 0
718 0 0 0 0
719 0 0 0 0
720 0 0 0 0
721 0 0 0 0
722 0 0 0 0
723 0 0 0 0
724 0 0 0 0
725 0 0 0 0
726 0 0 0 0
727 0 0 0 0
