0 0 0 0 0
1 0 0 0 0
2 0 0 0 0
3 0 0 0 0
4 0 0 0 0
5 0 0 3 0
6 0 0 0 0
7 0 0 0 0
8 0 0 0 0
9 0 1 1 2
10 0 0 0 0
11 0 0 0 0
12 0 0 0 1
13 0 0 0 1
14 0 0 0 0
15 0 0 0 0
16 0 0 0 1
17 0 0 0 0
18 0 0 0 0
19 0 0 0 0
20 1 0 0 0
21 1 0 0 0
22 0 0 0 0
23 0 0 0 0
24 0 0 0 0
25 0 0 0 0
26 0 0 0 0
27 0 0 0 0
28 1 0 0 0
29 1 1 0 0
30 0 0 1 0
31 1 0 0 0
32 1 0 0 0
33 1 1 0 1
34 0 0 0 1
35 0 0 0 0
36 0 1 0 0
37 0 1 0 0
38 0 0 1 0
39 1 0 0 0
40 0 0 0 2
41 0 1 0 0
42 0 0 0 1
43 1 0 0 0
44 1 0 0 1
45 1 0 0 0
46 3 0 0 0
47 0 0 0 0
48 2 1 0 1
49 1 0 0 0
50 0 0 0 0
51 1 1 1 0
52 1 1 0 1
53 2 0 2 0
54 1 2 0 0
55 0 1 0 2
56 2 1 0 0
57 0 1 1 1
58 1 1 0 1
59 4 1 0 1
60 3 0 0 1
61 1 1 1 1
62 2 1 0 3
63 0 1 0 1
64 1 1 2 1
65 0 2 0 2
66 0 0 0 2
67 2 1 1 0
68 1 1 0 0
69 0 0 1 1
70 4 0 1 2
71 6 0 0 5
72 1 1 0 0
73 3 1 0 1
74 3 0 0 1
75 2 0 1 0
76 3 3 2 1
77 2 1 1 2
78 2 1 1 0
79 5 1 1 0
80 2 2 2 4
81 1 0 1 0
82 1 0 1 2
83 2 3 1 2
84 1 0 3 3
85 3 2 1 2
86 0 2 1 3
87 0 0 2 5
88 2 2 1 1
89 1 1 0 2
90 0 2 1 3
91 2 0 0 3
92 2 1 0 4
93 1 0 1 2
94 5 0 1 1
95 2 0 0 0
96 5 1 1 1
97 3 2 1 3
98 7 2 0 0
99 3 1 0 0
100 6 1 0 2
101 4 1 3 3
102 6 2 0 1
103 6 3 6 1
104 5 3 1 2
105 6 3 2 2
106 3 2 0 3
107 5 2 2 5
108 4 1 1 5
109 5 5 2 2
110 5 5 2 6
111 4 4 1 4
112 3 4 3 4
113 3 5 0 4
114 3 5 0 6
115 6 3 2 5
116 1 2 3 6
117 4 1 0 4
118 7 3 2 5
119 6 3 1 4
120 4 1 1 7
121 4 2 0 3
122 5 1 2 6
123 6 3 1 6
124 6 5 3 2
125 6 3 1 3
126 5 1 2 2
127 5 6 1 4
128 8 1 4 4
129 5 2 1 3
130 10 3 3 2
131 8 5 1 10
132 5 6 1 7
133 7 6 2 3
134 8 3 1 4
135 11 5 1 3
136 8 4 0 6
137 9 4 3 7
138 9 4 3 8
139 8 7 6 6
140 7 6 5 5
141 8 2 4 7
142 8 5 1 6
143 7 4 3 7
144 9 4 3 9
145 7 5 3 6
146 7 7 4 8
147 10 3 4 7
148 5 5 4 9
149 8 5 2 8
150 5 7 3 10
151 8 2 7 6
152 8 2 4 6
153 11 4 5 11
154 10 1 2 8
155 9 4 1 12
156 9 7 4 7
157 7 3 0 10
158 8 10 2 4
159 8 7 2 4
160 13 8 3 11
161 12 7 4 2
162 9 4 4 7
163 10 4 4 12
164 8 6 5 8
165 11 8 5 14
166 10 4 2 6
167 7 5 3 10
168 19 5 1 11
169 13 8 4 11
170 11 11 6 6
171 10 5 5 10
172 13 3 5 7
173 8 3 4 8
174 13 7 6 13
175 4 6 3 10
176 10 5 8 9
177 10 10 7 11
178 10 4 5 13
179 10 10 4 8
180 7 2 3 10
181 8 3 6 16
182 12 5 4 12
183 14 3 7 15
184 12 4 2 11
185 12 7 6 8
186 14 9 2 6
187 13 5 2 8
188 15 8 3 6
189 14 4 2 13
190 18 6 3 11
191 12 8 7 8
192 23 9 7 12
193 15 8 5 8
194 19 5 5 10
195 12 6 10 16
196 15 9 1 15
197 15 10 7 10
198 15 12 9 8
199 10 10 11 12
200 11 3 6 14
201 15 11 10 17
202 11 7 8 15
203 10 12 6 11
204 7 8 4 13
205 10 10 5 21
206 11 8 9 18
207 7 10 1 14
208 6 4 3 18
209 7 3 2 12
210 5 6 4 15
211 7 6 5 15
212 5 7 3 15
213 8 6 4 10
214 5 4 5 9
215 8 4 4 8
216 7 2 3 9
217 8 3 1 12
218 6 3 7 11
219 6 7 1 8
220 4 4 3 7
221 3 2 5 5
222 3 2 2 6
223 0 4 1 6
224 2 8 2 5
225 2 6 0 13
226 4 4 3 5
227 2 1 0 9
228 3 2 0 9
229 2 1 1 8
230 2 1 1 3
231 1 3 2 3
232 1 1 0 2
233 2 3 0 6
234 1 2 0 3
235 0 1 2 3
236 0 2 0 0
237 1 2 0 2
238 1 3 0 3
239 0 2 0 4
240 2 0 0 1
241 1 0 0 4
242 0 1 0 5
243 0 1 0 0
244 0 0 0 0
245 1 0 2 0
246 0 0 0 3
247 0 0 0 0
248 1 0 0 0
249 1 0 0 2
250 1 0 1 1
251 0 0 0 0
252 0 0 0 0
253 0 1 0 0
254 0 2 0 0
255 1 0 1 0
256 1 0 0 0
257 0 0 0 2
258 0 0 0 2
259 0 0 0 1
260 0 0 1 0
261 0 0 0 0
262 0 0 0 0
263 0 0 0 0
264 0 0 0 0
265 1 0 1 0
266 0 0 0 0
267 0 0 0 1
268 0 0 0 0
269 0 0 0 0
270 0 0 1 0
271 0 0 0 0
272 0 0 0 1
273 0 0 0 0
274 0 0 0 0
275 0 0 0 0
276 0 0 0 0
277 0 0 0 1
278 0 0 0 0
279 0 0 0 0
280 1 0 0 0
281 0 0 0 0
282 1 0 0 0
283 0 0 0 0
284 0 0 0 0
285 0 0 1 0
286 0 0 0 0
287 0 1 0 0
288 0 0 0 0
289 0 0 0 0
290 0 0 0 0
291 0 0 0 0
292 0 0 0 1
293 0 0 0 0
294 0 0 0 1
295 0 0 0 0
296 0 0 0 0
297 0 0 0 0
298 0 0 0 0
299 0 0 0 0
300 0 0 0 0
301 0 0 0 0
302 0 0 0 0
303 0 0 0 0
304 0 0 0 0
305 0 0 0 0
306 0 0 0 0
307 0 0 0 0
308 0 0 0 0
309 0 0 0 0
310 0 0 0 0
311 0 0 0 0
312 0 0 0 0
313 0 0 0 0
314 0 0 0 0
315 0 0 0 0
316 0 0 0 0
317 0 0 0 0
318 0 0 0 0
319 0 0 0 0
320 0 0 0 0
321 0 0 0 0
322 0 0 0 0
323 0 0 0 0
324 0 0 0 0
325 0 0 0 0
326 0 0 0 0
327 0 0 0 0
328 0 0 0 0
329 0 0 0 0
330 0 0 0 0
331 0 0 0 0
332 0 0 0 0
333 0 0 0 0
334 0 0 0 0
335 0 0 0 0
336 0 0 0 0
337 0 0 0 0
338 0 0 0 0
339 0 0 0 0
340 0 0 0 0
341 0 0 0 0
342 0 0 0 0
343 0 0 0 0
344 0 0 0 0
345 0 0 0 0
346 0 0 0 0
347 0 0 0 0
348 0 0 0 0
349 0 0 0 0
350 0 0 0 0
351 0 0 0 0
352 0 0 0 0
353 0 0 0 0
354 0 0 0 0
355 0 0 0 0
356 0 0 0 0
357 0 0 0 0
358 0 0 0 0
359 0 0 0 0
360 0 0 0 0
361 0 0 0 0
362 0 0 0 0
363 0 0 0 0
364 0 0 0 0
365 0 0 0 0
366 0 0 0 0
367 0 0 0 0
368 0 0 0 0
369 0 0 0 0
370 0 0 0 0
371 0 0 0 0
372 0 0 0 0
373 0 0 0 0
374 0 0 0 0
375 0 0 0 0
376 0 0 0 0
377 0 0 0 0
378 0 0 0 0
379 0 0 0 0
380 0 0 0 0
381 0 0 0 0
382 0 0 0 0
383 0 0 0 0
384 0 0 0 0
385 0 0 0 0
386 0 0 0 0
387 0 0 0 0
388 0 0 0 0
389 0 0 0 0
390 0 0 0 0
391 0 0 0 0
392 0 0 0 0
393 0 0 0 0
394 0 0 0 0
395 0 0 0 0
396 0 0 0 0
397 0 0 0 0
398 0 0 0 0
399 0 0 0 0
400 0 0 0 0
401 0 0 0 0
402 0 0 0 0
403 0 0 0 0
404 0 0 0 0
405 0 0 0 0
406 0 0 0 0
407 0 0 0 0
408 0 0 0 0
409 0 0 0 0
410 0 0 0 0
411 0 0 0 0
412 0 0 0 0
413 0 0 0 0
414 0 0 0 0
415 0 0 0 0
416 0 0 0 0
417 0 0 0 0
418 0 0 0 0
419 0 0 0 0
420 0 0 0 0
421 0 0 0 0
422 0 0 0 0
423 0 0 0 0
424 0 0 0 0
425 0 0 0 0
426 0 0 0 0
427 0 0 0 0
428 0 0 0 0
429 0 0 0 0
430 0 0 0 0
431 0 0 0 0
432 0 0 0 0
433 0 0 0 0
434 0 0 0 0
435 0 0 0 0
436 0 0 0 0
437 0 0 0 0
438 0 0 0 0
439 0 0 0 0
440 0 0 0 0
441 0 0 0 0
442 0 0 0 0
443 0 0 0 0
444 0 0 0 0
445 0 0 0 0
446 0 0 0 0
447 0 0 0 0
448 0 0 0 0
449 0 0 0 0
450 0 0 0 0
451 0 0 0 0
452 0 0 0 0
453 0 0 0 0
454 0 0 0 0
455 0 0 0 0
456 0 0 0 0
457 0 0 0 0
458 0 0 0 0
459 0 0 0 0
460 0 0 0 0
461 0 0 0 0
462 0 0 0 0
463 0 0 0 0
464 0 0 0 0
465 0 0 0 0
466 0 0 0 0
467 0 0 0 0
468 0 0 0 0
469 0 0 0 0
470 0 0 0 0
471 0 0 0 0
472 0 0 0 0
473 0 0 0 0
474 0 0 0 0
475 0 0 0 0
476 0 0 0 0
477 0 0 0 0
478 0 0 0 0
479 0 0 0 0
480 0 0 0 0
481 0 0 0 0
482 0 0 0 0
483 0 0 0 0
484 0 0 0 0
485 0 0 0 0
486 0 0 0 0
487 0 0 0 0
488 0 0 0 0
489 0 0 0 0
490 0 0 0 0
491 0 0 0 0
492 0 0 0 0
493 0 0 0 0
494 0 0 0 0
495 0 0 0 0
496 0 0 0 0
497 0 0 0 0
498 0 0 0 0
499 0 0 0 0
500 0 0 0 0
501 0 0 0 0
502 0 0 0 0
503 0 0 0 0
504 0 0 0 0
505 0 0 0 0
506 0 0 0 0
507 0 0 0 0
508 0 0 0 0
509 0 0 0 0
510 0 0 0 0
511 0 0 0 0
512 0 0 0 0
513 0 0 0 0
514 0 0 0 0
515 0 0 0 0
516 0 0 0 0
517 0 0 0 0
518 0 0 0 0
519 0 0 0 0
520 0 0 0 0
521 0 0 0 0
522 0 0 0 0
523 0 0 0 0
524 0 0 0 0
525 0 0 0 0
526 0 0 0 0
527 0 0 0 0
528 0 0 0 0
529 0 0 0 0
530 0 0 0 0
531 0 0 0 0
532 0 0 0 0
533 0 0 0 0
534 0 0 0 0
535 0 0 0 0
536 0 0 0 0
537 0 0 0 0
538 0 0 0 0
539 0 0 0 0
540 0 0 0 0
541 0 0 0 0
542 0 0 0 0
543 0 0 0 0
544 0 0 0 0
545 0 0 0 0
546 0 0 0 0
547 0 0 0 0
548 0 0 0 0
549 0 0 0 0
550 0 0 0 0
551 0 0 0 0
552 0 0 0 0
553 0 0 0 0
554 0 0 0 0
555 0 0 0 0
556 0 0 0 0
557 0 0 0 0
558 0 0 0 0
559 0 0 0 0
560 0 0 0 0
561 0 0 0 0
562 0 0 0 0
563 0 0 0 0
564 0 0 0 0
565 0 0 0 0
566 0 0 0 0
567 0 0 0 0
568 0 0 0 0
569 0 0 0 0
570 0 0 0 0
571 0 0 0 0
572 0 0 0 0
573 0 0 0 0
574 0 0 0 0
575 0 0 0 0
576 0 0 0 0
577 0 0 0 0
578 0 0 0 0
579 0 0 0 0
580 0 0 0 0
581 0 0 0 0
582 0 0 0 0
583 0 0 0 0
584 0 0 0 0
585 0 0 0 0
586 0 0 0 0
587 0 0 0 0
588 0 0 0 0
589 0 0 0 0
590 0 0 0 0
591 0 0 0 0
592 0 0 0 0
593 0 0 0 0
594 0 0 0 0
595 0 0 0 0
596 0 0 0 0
597 0 0 0 0
598 0 0 0 0
599 0 0 0 0
600 0 0 0 0
601 0 0 0 0
602 0 0 0 0
603 0 0 0 0
604 0 0 0 0
605 0 0 0 0
606 0 0 0 0
607 0 0 0 0
608 0 0 0 0
609 0 0 0 0
610 0 0 0 0
611 0 0 0 0
612 0 0 0 0
613 0 0 0 0
614 0 0 0 0
615 0 0 0 0
616 0 0 0 0
617 0 0 0 0
618 0 0 0 0
619 0 0 0 0
620 0 0 0 0
621 0 0 0 0
622 0 0 0 0
623 0 0 0 0
624 0 0 0 0
625 0 0 0 0
626 0 0 0 0
627 0 0 0 0
628 0 0 0 0
629 0 0 0 0
630 0 0 0 0
631 0 0 0 0
632 0 0 0 0
633 0 0 0 0
634 0 0 0 0
635 0 0 0 0
636 0 0 0 0
637 0 0 0 0
638 0 0 0 0
639 0 0 0 0
640 0 0 0 0
641 0 0 0 0
642 0 0 0 0
643 0 0 0 0
644 0 0 0 0
645 0 0 0 0
646 0 0 0 0
647 0 0 0 0
648 0 0 0 0
649 0 0 0 0
650 0 0 0 0
651 0 0 0 0
652 0 0 0 0
653 0 0 0 0
654 0 0 0 0
655 0 0 0 0
656 0 0 0 0
657 0 0 0 0
658 0 0 0 0
659 0 0 0 0
660 0 0 0 0
661 0 0 0 0
662 0 0 0 0
663 0 0 0 0
664 0 0 0 0
665 0 0 0 0
666 0 0 0 0
667 0 0 0 0
668 0 0 0 0
669 0 0 0 0
670 0 0 0 0
671 0 0 0 0
672 0 0 0 0
673 0 0 0 0
674 0 0 0 0
675 0 0 0 0
676 0 0 0 0
677 0 0 0 0
678 0 0 0 0
679 0 0 0 0
680 0 0 0 0
681 0 0 0 0
682 0 0 0 0
683 0 0 0 0
684 0 0 0 0
685 0 0 0 0
686 0 0 0 0
687 0 0 0 0
688 0 0 0 0
689 0 0 0 0
690 0 0 0 0
691 0 0 0 0
692 0 0 0 0
693 0 0 0 0
694 0 0 0 0
695 0 0 0 0
696 0 0 0 0
697 0 0 0 0
698 0 0 0 0
699 0 0 0 0
700 0 0 0 0
701 0 0 0 0
702 0 0 0 0
703 0 0 0 0
704 0 0 0 0
705 0 0 0 0
706 0 0 0 0
707 0 0 0 0
708 0 0 0 0
709 0 0 0 0
710 0 0 0 0
711 0 0 0 0
712 0 0 0 0
713 0 0 0 0
714 0 0 0 0
715 0 0 0 0
716 0 0 0 0
717 0 0 0 0
718 0 0 0 0
719 0 0 0 0
720 0 0 0 0
721 0 0 0 0
722 0 0 0 0
723 0 0 0 0
724 0 0 0 0
725 0 0 0 0
726 0 0 0 0
727 0 0 0 0
