0 0 0 0 0
1 0 0 0 0
2 0 0 0 0
3 0 0 0 0
4 0 0 0 0
5 0 1 1 0
6 0 0 0 0
7 0 0 0 0
8 0 0 0 0
9 0 2 1 1
10 0 0 0 0
11 0 0 0 0
12 0 0 0 1
13 0 0 0 1
14 0 0 0 0
15 2 0 0 0
16 0 0 0 2
17 1 0 0 0
18 0 0 0 0
19 1 0 0 0
20 2 1 0 0
21 1 0 0 0
22 1 1 0 0
23 0 0 0 0
24 0 1 1 1
25 1 0 0 0
26 1 0 0 1
27 0 0 1 0
28 1 0 0 1
29 0 0 2 0
30 0 2 0 0
31 1 0 0 2
32 0 0 1 0
33 0 0 0 1
34 1 0 0 1
35 0 0 0 0
36 1 0 0 1
37 2 1 0 1
38 1 0 0 0
39 1 0 1 1
40 1 0 1 0
41 0 0 1 0
42 0 0 1 0
43 2 0 0 1
44 1 0 1 2
45 1 0 0 1
46 1 0 1 1
47 1 1 0 0
48 0 1 0 1
49 1 2 0 0
50 3 1 0 1
51 1 1 0 0
52 1 0 1 1
53 1 0 0 2
54 2 0 0 2
55 4 1 0 0
56 3 2 0 1
57 2 1 0 0
58 1 1 0 1
59 1 2 1 1
60 2 2 1 1
61 1 1 2 1
62 1 2 1 1
63 2 1 0 2
64 0 0 2 2
65 0 1 0 2
66 0 0 0 4
67 1 1 0 1
68 0 0 1 3
69 1 1 0 1
70 1 0 1 0
71 1 0 1 2
72 0 2 0 2
73 6 0 0 0
74 3 0 0 1
75 2 0 1 0
76 5 0 0 2
77 2 0 0 0
78 3 2 0 1
79 2 1 1 2
80 3 1 2 0
81 2 0 2 0
82 3 2 3 1
83 2 2 0 2
84 0 1 1 1
85 1 1 3 2
86 1 3 0 3
87 0 4 0 3
88 0 1 1 2
89 1 2 0 4
90 3 1 0 2
91 3 1 0 3
92 2 1 0 3
93 1 0 0 4
94 3 1 0 3
95 4 1 0 2
96 3 1 0 0
97 4 2 1 0
98 2 2 0 1
99 5 0 1 2
100 2 1 1 1
101 3 2 0 2
102 2 2 2 1
103 3 3 2 1
104 1 2 4 1
105 4 2 0 2
106 4 1 1 2
107 2 1 0 5
108 5 3 0 4
109 4 0 1 4
110 2 2 3 2
111 2 2 0 4
112 4 3 0 2
113 1 2 2 1
114 6 2 1 1
115 2 2 1 3
116 2 2 1 3
117 2 4 1 6
118 5 0 3 3
119 3 1 2 3
120 1 0 1 1
121 5 0 1 3
122 3 1 0 4
123 4 4 2 5
124 7 3 0 3
125 5 2 0 1
126 3 2 1 2
127 1 3 1 3
128 5 2 0 2
129 7 5 3 3
130 8 3 5 3
131 2 3 1 6
132 3 4 0 2
133 5 1 0 7
134 4 2 1 3
135 1 1 2 2
136 2 1 2 6
137 6 3 3 7
138 3 3 4 5
139 4 3 1 2
140 3 1 0 2
141 5 0 2 4
142 2 4 3 6
143 8 3 2 2
144 2 1 1 4
145 4 1 2 5
146 3 4 1 6
147 6 1 2 2
148 6 2 2 1
149 7 2 1 4
150 5 1 3 4
151 6 0 1 5
152 3 4 6 6
153 7 4 2 4
154 3 3 3 3
155 4 5 0 0
156 6 2 1 8
157 4 3 1 4
158 3 6 4 5
159 2 2 1 8
160 4 3 2 4
161 3 2 5 2
162 4 2 1 9
163 10 2 1 4
164 6 2 0 5
165 5 1 1 9
166 3 3 1 4
167 6 1 3 6
168 7 5 2 3
169 9 3 1 0
170 7 5 0 2
171 6 1 3 1
172 9 4 4 4
173 11 2 4 4
174 13 6 1 5
175 4 2 0 7
176 7 4 2 8
177 6 6 2 6
178 9 5 8 6
179 8 8 5 3
180 8 2 3 7
181 10 4 4 5
182 8 8 1 8
183 9 2 10 12
184 6 4 2 9
185 8 4 4 10
186 11 6 4 11
187 9 5 3 7
188 8 2 4 7
189 6 3 1 11
190 8 2 3 11
191 6 7 3 9
192 9 5 7 6
193 7 4 5 5
194 6 2 3 3
195 5 2 6 8
196 8 6 3 14
197 6 7 5 5
198 7 6 3 6
199 6 5 1 9
200 8 2 1 11
201 1 3 4 9
202 8 2 4 7
203 2 3 4 7
204 4 4 2 7
205 7 7 3 7
206 3 2 1 5
207 3 7 2 6
208 1 4 1 8
209 5 5 0 9
210 1 3 1 5
211 2 3 1 7
212 6 1 0 8
213 3 0 1 2
214 6 6 0 6
215 6 3 0 3
216 1 3 0 3
217 1 1 1 3
218 2 2 2 6
219 3 2 1 2
220 1 3 2 2
221 3 4 1 3
222 1 1 0 4
223 1 2 1 3
224 2 2 3 5
225 1 1 0 2
226 1 0 3 1
227 0 1 1 3
228 2 0 0 8
229 3 1 2 0
230 3 2 0 1
231 2 1 0 4
232 3 0 1 1
233 2 1 0 5
234 2 0 2 1
235 3 1 1 1
236 1 1 0 2
237 0 2 1 2
238 1 1 0 1
239 1 3 1 1
240 1 1 1 1
241 1 0 1 3
242 2 0 1 3
243 1 1 1 2
244 4 1 1 2
245 0 2 0 1
246 3 0 0 2
247 0 1 0 3
248 0 1 0 2
249 2 1 2 2
250 0 0 1 1
251 3 2 1 0
252 0 0 0 1
253 0 1 0 2
254 0 1 0 2
255 0 1 1 1
256 2 1 1 1
257 2 0 0 0
258 1 0 0 2
259 2 0 0 1
260 0 1 0 2
261 0 0 0 1
262 1 1 0 1
263 0 0 0 1
264 0 0 1 1
265 0 2 0 0
266 0 0 1 1
267 0 1 0 0
268 0 1 1 1
269 0 0 0 1
270 0 0 0 0
271 0 0 0 0
272 1 0 0 1
273 2 0 0 1
274 1 0 0 1
275 0 0 0 2
276 0 0 0 0
277 0 0 0 0
278 0 1 0 0
279 0 0 1 0
280 0 0 0 0
281 0 1 0 0
282 0 1 0 1
283 0 0 0 0
284 1 0 0 0
285 1 0 0 1
286 1 0 0 1
287 0 0 0 0
288 1 0 0 0
289 0 0 0 1
290 0 0 0 0
291 0 0 1 0
292 0 0 0 0
293 0 1 0 0
294 0 0 1 0
295 0 0 0 1
296 0 0 0 0
297 0 1 0 0
298 0 0 0 1
299 0 0 0 0
300 0 0 0 1
301 0 0 0 0
302 0 0 0 0
303 0 0 0 0
304 0 0 0 1
305 0 0 0 0
306 0 0 0 0
307 0 0 0 0
308 0 0 0 0
309 0 0 0 0
310 0 0 0 0
311 0 0 0 0
312 0 0 0 0
313 0 0 0 0
314 0 0 0 0
315 0 0 0 0
316 0 0 0 0
317 0 0 0 0
318 0 0 0 0
319 0 0 0 0
320 0 0 0 0
321 0 0 0 0
322 0 0 0 0
323 0 0 0 0
324 0 0 0 0
325 0 0 0 0
326 0 0 0 0
327 0 0 0 0
328 0 0 0 0
329 0 0 0 0
330 0 0 0 0
331 0 0 0 0
332 0 0 0 0
333 0 0 0 0
334 0 0 0 0
335 0 0 0 0
336 0 0 0 0
337 0 0 0 0
338 0 0 0 0
339 0 0 0 0
340 0 0 0 0
341 0 0 0 0
342 0 0 0 0
343 0 0 0 0
344 0 0 0 0
345 0 0 0 0
346 0 0 0 0
347 0 0 0 0
348 0 0 0 0
349 0 0 0 0
350 0 0 0 0
351 0 0 0 0
352 0 0 0 0
353 0 0 0 0
354 0 0 0 0
355 0 0 0 0
356 0 0 0 0
357 0 0 0 0
358 0 0 0 0
359 0 0 0 0
360 0 0 0 0
361 0 0 0 0
362 0 0 0 0
363 0 0 0 0
364 0 0 0 0
365 0 0 0 0
366 0 0 0 0
367 0 0 0 0
368 0 0 0 0
369 0 0 0 0
370 0 0 0 0
371 0 0 0 0
372 0 0 0 0
373 0 0 0 0
374 0 0 0 0
375 0 0 0 0
376 0 0 0 0
377 0 0 0 0
378 0 0 0 0
379 0 0 0 0
380 0 0 0 0
381 0 0 0 0
382 0 0 0 0
383 0 0 0 0
384 0 0 0 0
385 0 0 0 0
386 0 0 0 0
387 0 0 0 0
388 0 0 0 0
389 0 0 0 0
390 0 0 0 0
391 0 0 0 0
392 0 0 0 0
393 0 0 0 0
394 0 0 0 0
395 0 0 0 0
396 0 0 0 0
397 0 0 0 0
398 0 0 0 0
399 0 0 0 0
400 0 0 0 0
401 0 0 0 0
402 0 0 0 0
403 0 0 0 0
404 0 0 0 0
405 0 0 0 0
406 0 0 0 0
407 0 0 0 0
408 0 0 0 0
409 0 0 0 0
410 0 0 0 0
411 0 0 0 0
412 0 0 0 0
413 0 0 0 0
414 0 0 0 0
415 0 0 0 0
416 0 0 0 0
417 0 0 0 0
418 0 0 0 0
419 0 0 0 0
420 0 0 0 0
421 0 0 0 0
422 0 0 0 0
423 0 0 0 0
424 0 0 0 0
425 0 0 0 0
426 0 0 0 0
427 0 0 0 0
428 0 0 0 0
429 0 0 0 0
430 0 0 0 0
431 0 0 0 0
432 0 0 0 0
433 0 0 0 0
434 0 0 0 0
435 0 0 0 0
436 0 0 0 0
437 0 0 0 0
438 0 0 0 0
439 0 0 0 0
440 0 0 0 0
441 0 0 0 0
442 0 0 0 0
443 0 0 0 0
444 0 0 0 0
445 0 0 0 0
446 0 0 0 0
447 0 0 0 0
448 0 0 0 0
449 0 0 0 0
450 0 0 0 0
451 0 0 0 0
452 0 0 0 0
453 0 0 0 0
454 0 0 0 0
455 0 0 0 0
456 0 0 0 0
457 0 0 0 0
458 0 0 0 0
459 0 0 0 0
460 0 0 0 0
461 0 0 0 0
462 0 0 0 0
463 0 0 0 0
464 0 0 0 0
465 0 0 0 0
466 0 0 0 0
467 0 0 0 0
468 0 0 0 0
469 0 0 0 0
470 0 0 0 0
471 0 0 0 0
472 0 0 0 0
473 0 0 0 0
474 0 0 0 0
475 0 0 0 0
476 0 0 0 0
477 0 0 0 0
478 0 0 0 0
479 0 0 0 0
480 0 0 0 0
481 0 0 0 0
482 0 0 0 0
483 0 0 0 0
484 0 0 0 0
485 0 0 0 0
486 0 0 0 0
487 0 0 0 0
488 0 0 0 0
489 0 0 0 0
490 0 0 0 0
491 0 0 0 0
492 0 0 0 0
493 0 0 0 0
494 0 0 0 0
495 0 0 0 0
496 0 0 0 0
497 0 0 0 0
498 0 0 0 0
499 0 0 0 0
500 0 0 0 0
501 0 0 0 0
502 0 0 0 0
503 0 0 0 0
504 0 0 0 0
505 0 0 0 0
506 0 0 0 0
507 0 0 0 0
508 0 0 0 0
509 0 0 0 0
510 0 0 0 0
511 0 0 0 0
512 0 0 0 0
513 0 0 0 0
514 0 0 0 0
515 0 0 0 0
516 0 0 0 0
517 0 0 0 0
518 0 0 0 0
519 0 0 0 0
520 0 0 0 0
521 0 0 0 0
522 0 0 0 0
523 0 0 0 0
524 0 0 0 0
525 0 0 0 0
526 0 0 0 0
527 0 0 0 0
528 0 0 0 0
529 0 0 0 0
530 0 0 0 0
531 0 0 0 0
532 0 0 0 0
533 0 0 0 0
534 0 0 0 0
535 0 0 0 0
536 0 0 0 0
537 0 0 0 0
538 0 0 0 0
539 0 0 0 0
540 0 0 0 0
541 0 0 0 0
542 0 0 0 0
543 0 0 0 0
544 0 0 0 0
545 0 0 0 0
546 0 0 0 0
547 0 0 0 0
548 0 0 0 0
549 0 0 0 0
550 0 0 0 0
551 0 0 0 0
552 0 0 0 0
553 0 0 0 0
554 0 0 0 0
555 0 0 0 0
556 0 0 0 0
557 0 0 0 0
558 0 0 0 0
559 0 0 0 0
560 0 0 0 0
561 0 0 0 0
562 0 0 0 0
563 0 0 0 0
564 0 0 0 0
565 0 0 0 0
566 0 0 0 0
567 0 0 0 0
568 0 0 0 0
569 0 0 0 0
570 0 0 0 0
571 0 0 0 0
572 0 0 0 0
573 0 0 0 0
574 0 0 0 0
575 0 0 0 0
576 0 0 0 0
577 0 0 0 0
578 0 0 0 0
579 0 0 0 0
580 0 0 0 0
581 0 0 0 0
582 0 0 0 0
583 0 0 0 0
584 0 0 0 0
585 0 0 0 0
586 0 0 0 0
587 0 0 0 0
588 0 0 0 0
589 0 0 0 0
590 0 0 0 0
591 0 0 0 0
592 0 0 0 0
593 0 0 0 0
594 0 0 0 0
595 0 0 0 0
596 0 0 0 0
597 0 0 0 0
598 0 0 0 0
599 0 0 0 0
600 0 0 0 0
601 0 0 0 0
602 0 0 0 0
603 0 0 0 0
604 0 0 0 0
605 0 0 0 0
606 0 0 0 0
607 0 0 0 0
608 0 0 0 0
609 0 0 0 0
610 0 0 0 0
611 0 0 0 0
612 0 0 0 0
613 0 0 0 0
614 0 0 0 0
615 0 0 0 0
616 0 0 0 0
617 0 0 0 0
618 0 0 0 0
619 0 0 0 0
620 0 0 0 0
621 0 0 0 0
622 0 0 0 0
623 0 0 0 0
624 0 0 0 0
625 0 0 0 0
626 0 0 0 0
627 0 0 0 0
628 0 0 0 0
629 0 0 0 0
630 0 0 0 0
631 0 0 0 0
632 0 0 0 0
633 0 0 0 0
634 0 0 0 0
635 0 0 0 0
636 0 0 0 0
637 0 0 0 0
638 0 0 0 0
639 0 0 0 0
640 0 0 0 0
641 0 0 0 0
642 0 0 0 0
643 0 0 0 0
644 0 0 0 0
645 0 0 0 0
646 0 0 0 0
647 0 0 0 0
648 0 0 0 0
649 0 0 0 0
650 0 0 0 0
651 0 0 0 0
652 0 0 0 0
653 0 0 0 0
654 0 0 0 0
655 0 0 0 0
656 0 0 0 0
657 0 0 0 0
658 0 0 0 0
659 0 0 0 0
660 0 0 0 0
661 0 0 0 0
662 0 0 0 0
663 0 0 0 0
664 0 0 0 0
665 0 0 0 0
666 0 0 0 0
667 0 0 0 0
668 0 0 0 0
669 0 0 0 0
670 0 0 0 0
671 0 0 0 0
672 0 0 0 0
673 0 0 0 0
674 0 0 0 0
675 0 0 0 0
676 0 0 0 0
677 0 0 0 0
678 0 0 0 0
679 0 0 0 0
680 0 0 0 0
681 0 0 0 0
682 0 0 0 0
683 0 0 0 0
684 0 0 0 0
685 0 0 0 0
686 0 0 0 0
687 0 0 0 0
688 0 0 0 0
689 0 0 0 0
690 0 0 0 0
691 0 0 0 0
692 0 0 0 0
693 0 0 0 0
694 0 0 0 0
695 0 0 0 0
696 0 0 0 0
697 0 0 0 0
698 0 0 0 0
699 0 0 0 0
700 0 0 0 0
701 0 0 0 0
702 0 0 0 0
703 0 0 0 0
704 0 0 0 0
705 0 0 0 0
706 0 0 0 0
707 0 0 0 0
708 0 0 0 0
709 0 0 0 0
710 0 0 0 0
711 0 0 0 0
712 0 0 0 0
713 0 0 0 0
714 0 0 0 0
715 0 0 0 0
716 0 0 0 0
717 0 0 0 0
718 0 0 0 0
719 0 0 0 0
720 0 0 0 0
721 0 0 0 0
722 0 0 0 0
723 0 0 0 0
724 0 0 0 0
725 0 0 0 0
726 0 0 0 0
727 0 0 0 0
