0 0 0 0 0
1 0 0 0 0
2 0 0 0 0
3 0 0 0 0
4 0 0 0 0
5 0 0 1 0
6 0 0 0 0
7 0 0 0 0
8 0 0 0 0
9 0 2 2 1
10 0 0 0 0
11 0 0 0 0
12 0 0 0 0
13 0 0 0 1
14 0 0 0 0
15 0 0 0 0
16 1 0 0 3
17 1 0 0 0
18 1 0 0 0
19 0 0 0 0
20 1 0 0 0
21 0 0 1 0
22 0 0 1 0
23 2 0 0 0
24 0 0 0 0
25 0 1 0 1
26 2 0 0 0
27 1 1 0 0
28 0 0 0 0
29 0 0 0 2
30 2 0 0 0
31 1 0 1 1
32 1 1 1 0
33 2 0 0 0
34 1 0 0 0
35 1 1 1 1
36 0 1 1 0
37 1 0 1 0
38 2 1 1 0
39 1 1 1 4
40 0 1 0 0
41 0 0 0 0
42 0 1 0 1
43 1 1 0 3
44 1 1 0 1
45 0 0 0 1
46 0 0 0 1
47 0 1 0 1
48 0 0 0 1
49 2 0 1 1
50 2 0 0 1
51 0 0 0 0
52 2 1 0 0
53 0 0 0 0
54 2 0 0 1
55 2 2 0 0
56 0 0 0 1
57 0 1 0 0
58 2 1 0 0
59 1 1 1 1
60 0 1 0 0
61 3 0 1 0
62 3 0 0 2
63 3 1 1 0
64 4 0 1 2
65 2 0 0 1
66 0 1 0 2
67 2 1 0 2
68 1 2 1 1
69 1 1 2 0
70 0 3 1 1
71 0 2 1 1
72 0 2 1 1
73 1 1 1 2
74 1 0 1 5
75 0 0 0 3
76 1 0 0 4
77 2 0 0 2
78 3 0 1 3
79 3 0 0 0
80 4 0 0 0
81 4 0 0 0
82 3 0 0 1
83 1 2 1 0
84 3 1 0 0
85 2 2 0 0
86 3 1 2 0
87 3 2 2 1
88 5 1 2 1
89 4 3 2 1
90 2 3 1 3
91 0 0 2 1
92 1 2 0 1
93 0 3 2 4
94 1 2 0 7
95 1 2 0 4
96 1 1 0 2
97 1 0 1 4
98 1 2 1 2
99 4 0 2 5
100 0 0 0 3
101 3 0 2 0
102 3 0 0 1
103 1 0 0 0
104 1 0 1 1
105 7 0 0 4
106 4 2 1 2
107 3 2 0 0
108 3 2 3 1
109 2 0 0 0
110 2 4 1 2
111 6 4 1 2
112 4 2 2 3
113 7 1 1 1
114 4 3 0 2
115 3 0 3 5
116 4 2 2 2
117 2 2 1 4
118 1 3 1 3
119 0 1 1 5
120 5 3 3 2
121 3 5 2 4
122 3 3 0 2
123 0 0 2 4
124 0 0 0 2
125 2 2 1 9
126 3 4 1 3
127 3 1 0 6
128 5 0 0 1
129 4 2 0 1
130 2 2 0 3
131 4 2 2 2
132 5 2 0 2
133 0 0 1 4
134 3 2 2 1
135 6 2 0 1
136 5 2 2 2
137 7 3 3 1
138 2 0 1 6
139 0 2 2 1
140 1 1 4 4
141 3 3 2 4
142 7 2 1 1
143 4 0 0 2
144 6 1 1 7
145 5 3 0 4
146 3 3 3 4
147 4 5 1 1
148 3 0 2 4
149 5 2 1 5
150 5 3 0 0
151 6 4 1 3
152 6 2 1 1
153 6 4 1 8
154 5 3 1 2
155 0 1 2 4
156 3 3 1 4
157 2 4 1 4
158 2 2 4 4
159 3 5 3 3
160 2 3 2 6
161 3 3 2 4
162 3 2 3 4
163 2 1 0 7
164 2 1 0 5
165 3 3 0 6
166 5 0 1 7
167 4 3 1 4
168 6 1 2 3
169 4 0 0 3
170 4 3 0 0
171 9 1 2 2
172 10 1 1 1
173 3 5 2 1
174 8 4 0 3
175 5 4 1 6
176 8 3 5 0
177 11 4 0 6
178 11 6 1 3
179 8 7 0 5
180 4 3 4 7
181 7 7 4 3
182 3 4 1 9
183 4 4 2 5
184 3 5 2 6
185 6 3 3 6
186 5 2 7 5
187 8 5 6 7
188 7 2 4 9
189 6 1 2 8
190 7 2 3 4
191 3 2 2 11
192 2 3 2 5
193 2 2 2 7
194 3 4 4 6
195 1 5 2 6
196 3 5 1 5
197 5 4 2 5
198 4 2 1 9
199 4 1 1 8
200 6 2 0 6
201 2 2 0 4
202 11 2 1 4
203 8 2 2 3
204 2 1 2 4
205 6 1 1 1
206 5 2 0 2
207 5 7 1 4
208 4 4 4 3
209 0 4 3 4
210 3 1 2 3
211 5 3 3 7
212 1 2 3 6
213 1 2 0 1
214 0 2 4 4
215 1 2 2 3
216 1 1 3 10
217 3 0 3 4
218 2 0 1 6
219 2 1 2 5
220 1 1 1 3
221 1 0 1 5
222 2 2 1 2
223 2 0 1 3
224 7 1 0 1
225 3 0 1 2
226 3 1 0 3
227 3 2 1 3
228 5 2 1 0
229 4 1 3 1
230 4 2 0 0
231 1 3 0 2
232 0 1 2 2
233 2 1 4 2
234 1 2 1 2
235 3 1 1 3
236 0 1 1 6
237 0 0 3 5
238 3 2 1 2
239 2 2 1 2
240 1 2 0 3
241 2 0 0 4
242 1 0 1 2
243 2 2 1 2
244 3 2 1 3
245 5 0 0 1
246 3 0 0 3
247 2 0 0 1
248 0 1 0 2
249 4 3 0 1
250 1 2 1 2
251 2 1 2 1
252 3 2 1 1
253 1 0 1 1
254 2 2 3 2
255 0 0 1 3
256 2 1 0 4
257 2 2 1 2
258 0 3 1 3
259 0 0 1 2
260 1 0 0 2
261 1 0 0 2
262 3 0 2 0
263 0 2 0 1
264 0 0 0 2
265 2 2 0 4
266 0 1 0 1
267 1 0 1 0
268 1 0 0 0
269 0 1 0 2
270 2 1 0 3
271 2 1 1 1
272 1 1 0 0
273 2 0 0 1
274 0 0 2 1
275 1 1 1 2
276 0 1 1 1
277 0 1 0 0
278 0 0 0 1
279 1 0 0 2
280 0 1 0 0
281 0 0 1 1
282 1 1 1 1
283 0 0 0 2
284 0 0 0 1
285 0 0 0 1
286 1 0 0 1
287 0 1 0 1
288 0 1 0 0
289 1 0 0 1
290 0 0 0 0
291 0 0 0 1
292 1 0 0 0
293 1 0 0 0
294 2 0 0 0
295 1 1 0 1
296 1 0 0 0
297 1 0 0 0
298 0 2 0 0
299 0 0 1 1
300 0 1 0 0
301 0 1 1 0
302 0 0 0 0
303 0 1 0 0
304 0 0 0 0
305 0 0 0 2
306 0 1 0 1
307 0 0 0 2
308 1 0 0 2
309 1 0 0 0
310 1 0 0 0
311 0 0 0 0
312 0 0 0 0
313 1 0 0 1
314 0 0 0 0
315 0 0 1 0
316 0 0 0 0
317 2 0 1 0
318 1 1 0 0
319 0 0 0 0
320 0 0 0 0
321 1 0 0 1
322 0 0 2 1
323 0 0 0 0
324 0 0 0 0
325 0 0 0 1
326 0 1 0 0
327 0 1 0 0
328 0 0 0 0
329 0 0 0 2
330 0 1 0 0
331 0 0 0 0
332 0 0 0 0
333 0 0 0 1
334 0 0 0 2
335 0 0 0 0
336 0 0 0 0
337 0 0 0 0
338 0 0 0 0
339 0 0 0 0
340 0 0 0 0
341 0 0 0 0
342 0 0 0 0
343 0 0 0 0
344 0 0 0 0
345 0 0 0 0
346 0 0 0 0
347 0 0 0 0
348 0 0 0 0
349 0 0 0 0
350 0 0 0 0
351 0 0 0 0
352 0 0 0 0
353 0 0 0 0
354 0 0 0 0
355 0 0 0 0
356 0 0 0 0
357 0 0 0 0
358 0 0 0 0
359 0 0 0 0
360 0 0 0 0
361 0 0 0 0
362 0 0 0 0
363 0 0 0 0
364 0 0 0 0
365 0 0 0 0
366 0 0 0 0
367 0 0 0 0
368 0 0 0 0
369 0 0 0 0
370 0 0 0 0
371 0 0 0 0
372 0 0 0 0
373 0 0 0 0
374 0 0 0 0
375 0 0 0 0
376 0 0 0 0
377 0 0 0 0
378 0 0 0 0
379 0 0 0 0
380 0 0 0 0
381 0 0 0 0
382 0 0 0 0
383 0 0 0 0
384 0 0 0 0
385 0 0 0 0
386 0 0 0 0
387 0 0 0 0
388 0 0 0 0
389 0 0 0 0
390 0 0 0 0
391 0 0 0 0
392 0 0 0 0
393 0 0 0 0
394 0 0 0 0
395 0 0 0 0
396 0 0 0 0
397 0 0 0 0
398 0 0 0 0
399 0 0 0 0
400 0 0 0 0
401 0 0 0 0
402 0 0 0 0
403 0 0 0 0
404 0 0 0 0
405 0 0 0 0
406 0 0 0 0
407 0 0 0 0
408 0 0 0 0
409 0 0 0 0
410 0 0 0 0
411 0 0 0 0
412 0 0 0 0
413 0 0 0 0
414 0 0 0 0
415 0 0 0 0
416 0 0 0 0
417 0 0 0 0
418 0 0 0 0
419 0 0 0 0
420 0 0 0 0
421 0 0 0 0
422 0 0 0 0
423 0 0 0 0
424 0 0 0 0
425 0 0 0 0
426 0 0 0 0
427 0 0 0 0
428 0 0 0 0
429 0 0 0 0
430 0 0 0 0
431 0 0 0 0
432 0 0 0 0
433 0 0 0 0
434 0 0 0 0
435 0 0 0 0
436 0 0 0 0
437 0 0 0 0
438 0 0 0 0
439 0 0 0 0
440 0 0 0 0
441 0 0 0 0
442 0 0 0 0
443 0 0 0 0
444 0 0 0 0
445 0 0 0 0
446 0 0 0 0
447 0 0 0 0
448 0 0 0 0
449 0 0 0 0
450 0 0 0 0
451 0 0 0 0
452 0 0 0 0
453 0 0 0 0
454 0 0 0 0
455 0 0 0 0
456 0 0 0 0
457 0 0 0 0
458 0 0 0 0
459 0 0 0 0
460 0 0 0 0
461 0 0 0 0
462 0 0 0 0
463 0 0 0 0
464 0 0 0 0
465 0 0 0 0
466 0 0 0 0
467 0 0 0 0
468 0 0 0 0
469 0 0 0 0
470 0 0 0 0
471 0 0 0 0
472 0 0 0 0
473 0 0 0 0
474 0 0 0 0
475 0 0 0 0
476 0 0 0 0
477 0 0 0 0
478 0 0 0 0
479 0 0 0 0
480 0 0 0 0
481 0 0 0 0
482 0 0 0 0
483 0 0 0 0
484 0 0 0 0
485 0 0 0 0
486 0 0 0 0
487 0 0 0 0
488 0 0 0 0
489 0 0 0 0
490 0 0 0 0
491 0 0 0 0
492 0 0 0 0
493 0 0 0 0
494 0 0 0 0
495 0 0 0 0
496 0 0 0 0
497 0 0 0 0
498 0 0 0 0
499 0 0 0 0
500 0 0 0 0
501 0 0 0 0
502 0 0 0 0
503 0 0 0 0
504 0 0 0 0
505 0 0 0 0
506 0 0 0 0
507 0 0 0 0
508 0 0 0 0
509 0 0 0 0
510 0 0 0 0
511 0 0 0 0
512 0 0 0 0
513 0 0 0 0
514 0 0 0 0
515 0 0 0 0
516 0 0 0 0
517 0 0 0 0
518 0 0 0 0
519 0 0 0 0
520 0 0 0 0
521 0 0 0 0
522 0 0 0 0
523 0 0 0 0
524 0 0 0 0
525 0 0 0 0
526 0 0 0 0
527 0 0 0 0
528 0 0 0 0
529 0 0 0 0
530 0 0 0 0
531 0 0 0 0
532 0 0 0 0
533 0 0 0 0
534 0 0 0 0
535 0 0 0 0
536 0 0 0 0
537 0 0 0 0
538 0 0 0 0
539 0 0 0 0
540 0 0 0 0
541 0 0 0 0
542 0 0 0 0
543 0 0 0 0
544 0 0 0 0
545 0 0 0 0
546 0 0 0 0
547 0 0 0 0
548 0 0 0 0
549 0 0 0 0
550 0 0 0 0
551 0 0 0 0
552 0 0 0 0
553 0 0 0 0
554 0 0 0 0
555 0 0 0 0
556 0 0 0 0
557 0 0 0 0
558 0 0 0 0
559 0 0 0 0
560 0 0 0 0
561 0 0 0 0
562 0 0 0 0
563 0 0 0 0
564 0 0 0 0
565 0 0 0 0
566 0 0 0 0
567 0 0 0 0
568 0 0 0 0
569 0 0 0 0
570 0 0 0 0
571 0 0 0 0
572 0 0 0 0
573 0 0 0 0
574 0 0 0 0
575 0 0 0 0
576 0 0 0 0
577 0 0 0 0
578 0 0 0 0
579 0 0 0 0
580 0 0 0 0
581 0 0 0 0
582 0 0 0 0
583 0 0 0 0
584 0 0 0 0
585 0 0 0 0
586 0 0 0 0
587 0 0 0 0
588 0 0 0 0
589 0 0 0 0
590 0 0 0 0
591 0 0 0 0
592 0 0 0 0
593 0 0 0 0
594 0 0 0 0
595 0 0 0 0
596 0 0 0 0
597 0 0 0 0
598 0 0 0 0
599 0 0 0 0
600 0 0 0 0
601 0 0 0 0
602 0 0 0 0
603 0 0 0 0
604 0 0 0 0
605 0 0 0 0
606 0 0 0 0
607 0 0 0 0
608 0 0 0 0
609 0 0 0 0
610 0 0 0 0
611 0 0 0 0
612 0 0 0 0
613 0 0 0 0
614 0 0 0 0
615 0 0 0 0
616 0 0 0 0
617 0 0 0 0
618 0 0 0 0
619 0 0 0 0
620 0 0 0 0
621 0 0 0 0
622 0 0 0 0
623 0 0 0 0
624 0 0 0 0
625 0 0 0 0
626 0 0 0 0
627 0 0 0 0
628 0 0 0 0
629 0 0 0 0
630 0 0 0 0
631 0 0 0 0
632 0 0 0 0
633 0 0 0 0
634 0 0 0 0
635 0 0 0 0
636 0 0 0 0
637 0 0 0 0
638 0 0 0 0
639 0 0 0 0
640 0 0 0 0
641 0 0 0 0
642 0 0 0 0
643 0 0 0 0
644 0 0 0 0
645 0 0 0 0
646 0 0 0 0
647 0 0 0 0
648 0 0 0 0
649 0 0 0 0
650 0 0 0 0
651 0 0 0 0
652 0 0 0 0
653 0 0 0 0
654 0 0 0 0
655 0 0 0 0
656 0 0 0 0
657 0 0 0 0
658 0 0 0 0
659 0 0 0 0
660 0 0 0 0
661 0 0 0 0
662 0 0 0 0
663 0 0 0 0
664 0 0 0 0
665 0 0 0 0
666 0 0 0 0
667 0 0 0 0
668 0 0 0 0
669 0 0 0 0
670 0 0 0 0
671 0 0 0 0
672 0 0 0 0
673 0 0 0 0
674 0 0 0 0
675 0 0 0 0
676 0 0 0 0
677 0 0 0 0
678 0 0 0 0
679 0 0 0 0
680 0 0 0 0
681 0 0 0 0
682 0 0 0 0
683 0 0 0 0
684 0 0 0 0
685 0 0 0 0
686 0 0 0 0
687 0 0 0 0
688 0 0 0 0
689 0 0 0 0
690 0 0 0 0
691 0 0 0 0
692 0 0 0 0
693 0 0 0 0
694 0 0 0 0
695 0 0 0 0
696 0 0 0 0
697 0 0 0 0
698 0 0 0 0
699 0 0 0 0
700 0 0 0 0
701 0 0 0 0
702 0 0 0 0
703 0 0 0 0
704 0 0 0 0
705 0 0 0 0
706 0 0 0 0
707 0 0 0 0
708 0 0 0 0
709 0 0 0 0
710 0 0 0 0
711 0 0 0 0
712 0 0 0 0
713 0 0 0 0
714 0 0 0 0
715 0 0 0 0
716 0 0 0 0
717 0 0 0 0
718 0 0 0 0
719 0 0 0 0
720 0 0 0 0
721 0 0 0 0
722 0 0 0 0
723 0 0 0 0
724 0 0 0 0
725 0 0 0 0
726 0 0 0 0
727 0 0 0 0
