0 0 0 0 0
1 0 0 0 0
2 0 0 0 0
3 0 0 0 0
4 0 0 0 0
5 0 0 1 0
6 0 0 0 0
7 0 0 0 0
8 0 0 0 0
9 0 2 2 0
10 0 0 0 0
11 0 0 0 0
12 0 0 0 1
13 0 0 0 1
14 0 0 0 0
15 0 0 0 0
16 0 0 0 3
17 0 0 0 0
18 0 0 0 0
19 0 0 0 0
20 0 0 0 0
21 0 0 0 0
22 0 0 0 0
23 1 0 0 0
24 0 0 0 0
25 0 0 0 0
26 1 0 0 0
27 2 0 0 0
28 0 0 0 0
29 0 0 0 0
30 2 0 0 0
31 0 1 0 0
32 0 1 0 0
33 1 0 0 0
34 0 0 0 0
35 0 2 0 1
36 0 2 0 0
37 1 0 0 0
38 0 0 1 0
39 0 0 0 3
40 0 0 0 0
41 0 0 0 0
42 0 0 1 1
43 0 0 0 2
44 1 0 0 0
45 1 0 0 0
46 2 0 0 0
47 0 0 0 0
48 1 0 0 0
49 0 0 1 1
50 1 0 0 0
51 1 2 1 0
52 0 0 0 0
53 0 0 0 1
54 0 0 0 0
55 2 0 1 2
56 1 1 0 0
57 2 1 0 0
58 0 0 0 1
59 4 0 0 1
60 1 1 1 0
61 1 0 0 1
62 3 0 0 0
63 0 0 0 1
64 1 1 0 0
65 4 1 0 0
66 0 1 2 0
67 2 1 1 2
68 1 2 1 1
69 4 2 0 1
70 4 2 1 2
71 1 1 0 1
72 1 0 1 2
73 1 0 0 3
74 1 2 1 3
75 2 2 1 1
76 6 1 1 1
77 5 1 2 1
78 0 1 0 3
79 3 1 1 2
80 3 0 0 1
81 3 1 1 2
82 4 3 2 3
83 4 0 1 1
84 2 3 2 2
85 3 1 3 1
86 6 1 2 3
87 5 2 0 1
88 4 4 0 2
89 4 3 0 5
90 4 1 0 3
91 2 4 2 5
92 2 3 1 3
93 4 1 1 1
94 2 3 3 1
95 5 3 2 8
96 4 3 0 5
97 0 2 1 2
98 1 3 1 4
99 4 3 0 4
100 6 1 1 1
101 4 2 2 4
102 4 0 1 6
103 3 0 0 5
104 3 5 3 2
105 3 2 3 2
106 4 1 0 1
107 5 2 0 2
108 1 1 1 9
109 5 1 2 5
110 5 4 1 0
111 3 1 2 3
112 7 3 1 2
113 2 2 3 2
114 2 2 3 3
115 4 5 0 2
116 6 2 1 5
117 5 1 1 4
118 7 1 2 2
119 2 2 1 3
120 7 3 1 4
121 5 3 4 5
122 6 4 1 5
123 8 3 2 3
124 8 2 0 4
125 6 4 4 5
126 9 3 1 6
127 6 4 3 4
128 10 4 0 4
129 8 1 3 6
130 5 1 3 4
131 4 4 3 3
132 1 6 4 5
133 10 6 5 6
134 5 6 5 5
135 7 3 2 8
136 3 2 0 11
137 7 2 2 10
138 5 3 3 9
139 5 5 0 1
140 6 6 4 6
141 10 2 2 6
142 7 3 8 6
143 7 5 1 2
144 11 4 0 8
145 11 4 1 7
146 8 6 5 11
147 6 5 1 7
148 7 5 2 2
149 8 5 0 5
150 9 6 6 9
151 11 4 2 6
152 10 3 4 6
153 10 7 4 8
154 10 6 3 7
155 8 7 2 4
156 9 2 2 9
157 13 4 1 15
158 8 6 4 11
159 8 7 1 8
160 11 6 7 5
161 11 4 3 5
162 6 7 3 7
163 10 1 7 6
164 9 6 4 14
165 10 11 1 7
166 5 7 6 11
167 11 5 4 8
168 7 6 1 10
169 12 10 3 5
170 11 6 2 10
171 16 4 1 9
172 12 5 4 16
173 12 5 3 14
174 8 9 6 11
175 16 4 2 4
176 8 7 9 9
177 11 4 4 9
178 14 7 4 12
179 13 8 3 5
180 19 6 5 7
181 20 7 4 12
182 13 8 4 8
183 12 5 8 17
184 12 13 3 5
185 22 7 5 11
186 17 13 4 13
187 13 13 2 12
188 15 10 4 15
189 17 11 4 10
190 17 10 9 19
191 15 11 6 15
192 19 7 4 11
193 20 9 5 12
194 10 13 5 16
195 16 8 7 18
196 17 9 6 18
197 28 11 8 17
198 11 12 9 17
199 18 9 4 9
200 15 7 8 15
201 17 9 8 20
202 8 16 11 19
203 11 7 2 15
204 11 12 8 19
205 9 13 3 23
206 8 13 7 18
207 12 6 1 9
208 11 8 3 14
209 8 9 1 20
210 8 6 4 19
211 9 6 4 16
212 8 7 5 14
213 4 8 5 15
214 11 5 4 7
215 10 5 3 11
216 9 6 5 12
217 10 6 3 14
218 10 4 2 9
219 9 8 4 6
220 2 6 4 10
221 9 8 1 10
222 6 7 3 7
223 7 3 3 11
224 5 6 1 13
225 2 3 3 9
226 5 6 6 11
227 2 6 3 2
228 7 8 1 7
229 3 1 2 6
230 5 0 1 16
231 4 4 2 8
232 1 3 1 7
233 6 4 3 4
234 1 3 2 6
235 0 5 2 8
236 2 0 0 5
237 5 3 0 5
238 1 4 0 4
239 3 1 1 5
240 3 3 0 3
241 2 0 1 3
242 0 4 2 4
243 4 1 0 1
244 2 0 1 3
245 1 3 0 3
246 0 0 3 3
247 0 1 0 4
248 2 3 2 2
249 5 1 2 5
250 1 1 1 2
251 3 0 0 1
252 1 1 0 3
253 2 2 0 3
254 0 1 2 2
255 1 0 0 2
256 0 1 1 2
257 4 0 0 2
258 2 3 1 1
259 1 1 0 0
260 1 1 1 3
261 3 1 0 2
262 0 2 1 1
263 2 1 0 1
264 1 0 0 1
265 0 1 0 4
266 1 3 1 2
267 0 1 0 1
268 2 0 2 0
269 0 0 0 1
270 2 0 0 4
271 0 0 0 0
272 0 0 1 1
273 0 1 1 1
274 1 0 0 1
275 1 2 0 2
276 0 0 0 0
277 1 1 0 2
278 2 0 0 0
279 0 2 0 1
280 0 1 0 0
281 0 0 0 0
282 1 0 1 2
283 0 0 0 2
284 0 0 0 1
285 0 0 0 0
286 0 0 0 0
287 0 1 1 1
288 0 0 0 0
289 1 0 0 1
290 0 0 0 0
291 0 0 1 2
292 0 0 0 0
293 0 0 0 0
294 0 0 0 0
295 0 0 0 0
296 1 0 0 0
297 1 0 0 0
298 1 1 0 1
299 0 0 0 0
300 0 0 0 0
301 1 0 0 0
302 0 0 0 0
303 0 0 0 0
304 0 0 0 0
305 0 0 1 1
306 0 2 0 0
307 0 1 0 0
308 0 0 0 0
309 0 0 0 1
310 0 0 0 0
311 0 0 0 0
312 0 0 0 0
313 0 0 0 2
314 0 0 0 1
315 0 0 0 0
316 0 0 0 0
317 0 0 0 0
318 0 0 0 0
319 0 0 0 0
320 0 0 0 0
321 0 0 0 0
322 0 0 0 0
323 0 0 0 0
324 0 0 0 0
325 0 0 0 0
326 0 0 0 0
327 0 0 0 0
328 0 0 0 0
329 0 0 0 0
330 0 0 0 0
331 0 0 0 0
332 0 0 0 0
333 0 0 0 0
334 0 0 0 0
335 0 0 0 0
336 0 0 0 0
337 0 0 0 0
338 0 0 0 0
339 0 0 0 0
340 0 0 0 0
341 0 0 0 0
342 0 0 0 0
343 0 0 0 0
344 0 0 0 0
345 0 0 0 0
346 0 0 0 0
347 0 0 0 0
348 0 0 0 0
349 0 0 0 0
350 0 0 0 0
351 0 0 0 0
352 0 0 0 0
353 0 0 0 0
354 0 0 0 0
355 0 0 0 0
356 0 0 0 0
357 0 0 0 0
358 0 0 0 0
359 0 0 0 0
360 0 0 0 0
361 0 0 0 0
362 0 0 0 0
363 0 0 0 0
364 0 0 0 0
365 0 0 0 0
366 0 0 0 0
367 0 0 0 0
368 0 0 0 0
369 0 0 0 0
370 0 0 0 0
371 0 0 0 0
372 0 0 0 0
373 0 0 0 0
374 0 0 0 0
375 0 0 0 0
376 0 0 0 0
377 0 0 0 0
378 0 0 0 0
379 0 0 0 0
380 0 0 0 0
381 0 0 0 0
382 0 0 0 0
383 0 0 0 0
384 0 0 0 0
385 0 0 0 0
386 0 0 0 0
387 0 0 0 0
388 0 0 0 0
389 0 0 0 0
390 0 0 0 0
391 0 0 0 0
392 0 0 0 0
393 0 0 0 0
394 0 0 0 0
395 0 0 0 0
396 0 0 0 0
397 0 0 0 0
398 0 0 0 0
399 0 0 0 0
400 0 0 0 0
401 0 0 0 0
402 0 0 0 0
403 0 0 0 0
404 0 0 0 0
405 0 0 0 0
406 0 0 0 0
407 0 0 0 0
408 0 0 0 0
409 0 0 0 0
410 0 0 0 0
411 0 0 0 0
412 0 0 0 0
413 0 0 0 0
414 0 0 0 0
415 0 0 0 0
416 0 0 0 0
417 0 0 0 0
418 0 0 0 0
419 0 0 0 0
420 0 0 0 0
421 0 0 0 0
422 0 0 0 0
423 0 0 0 0
424 0 0 0 0
425 0 0 0 0
426 0 0 0 0
427 0 0 0 0
428 0 0 0 0
429 0 0 0 0
430 0 0 0 0
431 0 0 0 0
432 0 0 0 0
433 0 0 0 0
434 0 0 0 0
435 0 0 0 0
436 0 0 0 0
437 0 0 0 0
438 0 0 0 0
439 0 0 0 0
440 0 0 0 0
441 0 0 0 0
442 0 0 0 0
443 0 0 0 0
444 0 0 0 0
445 0 0 0 0
446 0 0 0 0
447 0 0 0 0
448 0 0 0 0
449 0 0 0 0
450 0 0 0 0
451 0 0 0 0
452 0 0 0 0
453 0 0 0 0
454 0 0 0 0
455 0 0 0 0
456 0 0 0 0
457 0 0 0 0
458 0 0 0 0
459 0 0 0 0
460 0 0 0 0
461 0 0 0 0
462 0 0 0 0
463 0 0 0 0
464 0 0 0 0
465 0 0 0 0
466 0 0 0 0
467 0 0 0 0
468 0 0 0 0
469 0 0 0 0
470 0 0 0 0
471 0 0 0 0
472 0 0 0 0
473 0 0 0 0
474 0 0 0 0
475 0 0 0 0
476 0 0 0 0
477 0 0 0 0
478 0 0 0 0
479 0 0 0 0
480 0 0 0 0
481 0 0 0 0
482 0 0 0 0
483 0 0 0 0
484 0 0 0 0
485 0 0 0 0
486 0 0 0 0
487 0 0 0 0
488 0 0 0 0
489 0 0 0 0
490 0 0 0 0
491 0 0 0 0
492 0 0 0 0
493 0 0 0 0
494 0 0 0 0
495 0 0 0 0
496 0 0 0 0
497 0 0 0 0
498 0 0 0 0
499 0 0 0 0
500 0 0 0 0
501 0 0 0 0
502 0 0 0 0
503 0 0 0 0
504 0 0 0 0
505 0 0 0 0
506 0 0 0 0
507 0 0 0 0
508 0 0 0 0
509 0 0 0 0
510 0 0 0 0
511 0 0 0 0
512 0 0 0 0
513 0 0 0 0
514 0 0 0 0
515 0 0 0 0
516 0 0 0 0
517 0 0 0 0
518 0 0 0 0
519 0 0 0 0
520 0 0 0 0
521 0 0 0 0
522 0 0 0 0
523 0 0 0 0
524 0 0 0 0
525 0 0 0 0
526 0 0 0 0
527 0 0 0 0
528 0 0 0 0
529 0 0 0 0
530 0 0 0 0
531 0 0 0 0
532 0 0 0 0
533 0 0 0 0
534 0 0 0 0
535 0 0 0 0
536 0 0 0 0
537 0 0 0 0
538 0 0 0 0
539 0 0 0 0
540 0 0 0 0
541 0 0 0 0
542 0 0 0 0
543 0 0 0 0
544 0 0 0 0
545 0 0 0 0
546 0 0 0 0
547 0 0 0 0
548 0 0 0 0
549 0 0 0 0
550 0 0 0 0
551 0 0 0 0
552 0 0 0 0
553 0 0 0 0
554 0 0 0 0
555 0 0 0 0
556 0 0 0 0
557 0 0 0 0
558 0 0 0 0
559 0 0 0 0
560 0 0 0 0
561 0 0 0 0
562 0 0 0 0
563 0 0 0 0
564 0 0 0 0
565 0 0 0 0
566 0 0 0 0
567 0 0 0 0
568 0 0 0 0
569 0 0 0 0
570 0 0 0 0
571 0 0 0 0
572 0 0 0 0
573 0 0 0 0
574 0 0 0 0
575 0 0 0 0
576 0 0 0 0
577 0 0 0 0
578 0 0 0 0
579 0 0 0 0
580 0 0 0 0
581 0 0 0 0
582 0 0 0 0
583 0 0 0 0
584 0 0 0 0
585 0 0 0 0
586 0 0 0 0
587 0 0 0 0
588 0 0 0 0
589 0 0 0 0
590 0 0 0 0
591 0 0 0 0
592 0 0 0 0
593 0 0 0 0
594 0 0 0 0
595 0 0 0 0
596 0 0 0 0
597 0 0 0 0
598 0 0 0 0
599 0 0 0 0
600 0 0 0 0
601 0 0 0 0
602 0 0 0 0
603 0 0 0 0
604 0 0 0 0
605 0 0 0 0
606 0 0 0 0
607 0 0 0 0
608 0 0 0 0
609 0 0 0 0
610 0 0 0 0
611 0 0 0 0
612 0 0 0 0
613 0 0 0 0
614 0 0 0 0
615 0 0 0 0
616 0 0 0 0
617 0 0 0 0
618 0 0 0 0
619 0 0 0 0
620 0 0 0 0
621 0 0 0 0
622 0 0 0 0
623 0 0 0 0
624 0 0 0 0
625 0 0 0 0
626 0 0 0 0
627 0 0 0 0
628 0 0 0 0
629 0 0 0 0
630 0 0 0 0
631 0 0 0 0
632 0 0 0 0
633 0 0 0 0
634 0 0 0 0
635 0 0 0 0
636 0 0 0 0
637 0 0 0 0
638 0 0 0 0
639 0 0 0 0
640 0 0 0 0
641 0 0 0 0
642 0 0 0 0
643 0 0 0 0
644 0 0 0 0
645 0 0 0 0
646 0 0 0 0
647 0 0 0 0
648 0 0 0 0
649 0 0 0 0
650 0 0 0 0
651 0 0 0 0
652 0 0 0 0
653 0 0 0 0
654 0 0 0 0
655 0 0 0 0
656 0 0 0 0
657 0 0 0 0
658 0 0 0 0
659 0 0 0 0
660 0 0 0 0
661 0 0 0 0
662 0 0 0 0
663 0 0 0 0
664 0 0 0 0
665 0 0 0 0
666 0 0 0 0
667 0 0 0 0
668 0 0 0 0
669 0 0 0 0
670 0 0 0 0
671 0 0 0 0
672 0 0 0 0
673 0 0 0 0
674 0 0 0 0
675 0 0 0 0
676 0 0 0 0
677 0 0 0 0
678 0 0 0 0
679 0 0 0 0
680 0 0 0 0
681 0 0 0 0
682 0 0 0 0
683 0 0 0 0
684 0 0 0 0
685 0 0 0 0
686 0 0 0 0
687 0 0 0 0
688 0 0 0 0
689 0 0 0 0
690 0 0 0 0
691 0 0 0 0
692 0 0 0 0
693 0 0 0 0
694 0 0 0 0
695 0 0 0 0
696 0 0 0 0
697 0 0 0 0
698 0 0 0 0
699 0 0 0 0
700 0 0 0 0
701 0 0 0 0
702 0 0 0 0
703 0 0 0 0
704 0 0 0 0
705 0 0 0 0
706 0 0 0 0
707 0 0 0 0
708 0 0 0 0
709 0 0 0 0
710 0 0 0 0
711 0 0 0 0
712 0 0 0 0
713 0 0 0 0
714 0 0 0 0
715 0 0 0 0
716 0 0 0 0
717 0 0 0 0
718 0 0 0 0
719 0 0 0 0
720 0 0 0 0
721 0 0 0 0
722 0 0 0 0
723 0 0 0 0
724 0 0 0 0
725 0 0 0 0
726 0 0 0 0
727 0 0 0 0
