0 0 0 0 0
1 0 0 0 0
2 0 0 0 0
3 0 0 0 0
4 0 0 0 0
5 0 0 3 0
6 0 0 0 0
7 0 0 0 0
8 0 0 0 0
9 0 2 0 1
10 0 0 0 0
11 0 0 0 0
12 0 0 0 2
13 0 0 0 0
14 0 0 0 0
15 1 0 0 0
16 0 0 0 2
17 1 0 0 0
18 0 0 0 0
19 0 0 0 0
20 0 0 0 0
21 1 0 0 0
22 0 0 1 0
23 0 0 0 0
24 1 0 1 0
25 0 0 0 0
26 0 0 1 1
27 0 0 0 0
28 1 0 0 1
29 1 0 0 0
30 0 0 0 0
31 0 0 0 0
32 0 0 0 0
33 0 1 1 1
34 0 0 0 0
35 3 0 0 0
36 2 0 0 0
37 2 0 0 1
38 1 1 0 0
39 0 0 0 0
40 0 1 1 1
41 1 1 1 0
42 0 0 1 0
43 1 0 0 0
44 1 0 1 1
45 1 0 0 2
46 0 0 1 2
47 1 0 1 0
48 2 1 0 2
49 1 1 0 0
50 0 2 0 1
51 0 0 0 1
52 1 1 0 0
53 1 1 1 0
54 1 0 0 1
55 1 0 0 1
56 0 0 0 2
57 2 0 1 2
58 1 1 0 0
59 2 0 0 0
60 3 0 0 1
61 3 0 0 0
62 1 1 1 0
63 3 0 1 0
64 2 1 1 1
65 2 1 0 1
66 3 2 2 0
67 0 0 2 0
68 3 1 0 2
69 1 1 1 2
70 3 1 0 2
71 1 0 2 2
72 1 3 0 1
73 1 3 1 3
74 3 1 1 1
75 3 1 0 3
76 1 1 0 4
77 3 0 2 4
78 6 1 1 1
79 1 3 0 1
80 3 0 3 1
81 4 1 0 3
82 3 0 1 1
83 2 5 1 2
84 4 1 0 1
85 7 0 0 2
86 4 4 3 2
87 7 4 0 7
88 4 1 2 2
89 5 2 1 0
90 9 2 1 6
91 7 1 1 3
92 2 3 1 2
93 2 1 3 4
94 2 4 2 1
95 6 5 3 4
96 7 3 1 4
97 4 3 1 5
98 5 0 5 3
99 0 5 0 5
100 4 6 3 4
101 5 4 0 5
102 4 2 2 5
103 1 3 0 5
104 6 1 1 8
105 4 4 2 7
106 5 2 1 1
107 4 1 3 6
108 4 1 0 2
109 5 4 1 7
110 1 5 0 1
111 3 3 2 4
112 3 1 1 3
113 5 4 1 5
114 3 2 4 4
115 3 3 1 3
116 7 2 0 4
117 2 1 1 4
118 10 2 0 6
119 8 3 0 3
120 7 4 0 4
121 6 7 1 4
122 4 2 3 1
123 7 4 2 4
124 3 4 2 2
125 8 6 1 7
126 4 2 1 5
127 4 4 5 4
128 8 5 1 6
129 5 4 1 5
130 2 7 1 7
131 6 3 1 6
132 8 3 2 6
133 4 2 6 6
134 5 5 2 7
135 10 1 1 4
136 6 4 2 6
137 10 4 1 8
138 8 1 1 7
139 5 1 0 2
140 6 4 3 8
141 6 4 3 7
142 7 7 0 2
143 6 7 1 2
144 3 4 4 7
145 4 7 0 4
146 5 7 3 4
147 6 3 2 7
148 5 3 4 5
149 4 2 0 8
150 7 3 0 9
151 5 5 3 10
152 4 3 3 5
153 8 3 1 4
154 5 2 1 4
155 7 4 2 7
156 7 6 0 4
157 9 1 4 4
158 12 6 2 6
159 12 4 3 9
160 5 1 3 3
161 8 5 3 4
162 8 1 7 4
163 4 8 5 6
164 5 6 4 6
165 9 5 1 7
166 5 6 3 8
167 4 4 4 11
168 5 2 5 8
169 7 3 1 7
170 6 4 1 12
171 6 1 2 11
172 6 2 2 3
173 7 2 3 5
174 6 10 1 7
175 11 6 3 8
176 14 2 4 5
177 13 4 4 5
178 16 2 3 6
179 9 3 4 10
180 13 2 4 4
181 13 6 4 10
182 6 10 2 4
183 11 6 5 9
184 8 6 7 8
185 13 4 5 9
186 7 4 8 12
187 13 7 4 5
188 9 5 4 14
189 10 8 7 7
190 8 5 4 13
191 7 5 3 10
192 9 6 6 9
193 8 5 2 7
194 4 8 7 11
195 13 7 0 8
196 7 4 3 19
197 8 6 2 4
198 6 6 2 14
199 7 1 5 8
200 11 4 3 9
201 10 7 3 11
202 12 1 5 7
203 14 4 2 8
204 10 7 6 7
205 14 7 2 8
206 12 4 4 5
207 9 6 6 6
208 9 9 2 16
209 11 7 4 9
210 8 9 3 5
211 10 8 4 8
212 5 10 2 9
213 8 3 5 15
214 6 6 5 11
215 9 5 3 12
216 5 5 5 12
217 1 5 4 10
218 6 5 7 11
219 4 2 4 5
220 5 6 4 12
221 7 3 1 11
222 3 3 3 10
223 8 3 1 7
224 5 4 1 9
225 3 2 3 7
226 10 2 4 5
227 6 2 3 8
228 6 3 4 6
229 4 2 3 5
230 5 3 2 2
231 5 3 5 6
232 5 5 4 5
233 4 4 1 9
234 3 2 1 7
235 5 3 3 11
236 5 3 3 6
237 3 0 3 1
238 5 3 0 5
239 3 3 2 6
240 2 3 1 6
241 3 4 1 2
242 1 3 1 7
243 2 3 1 6
244 4 1 1 3
245 3 2 2 3
246 4 1 1 4
247 4 1 0 4
248 1 2 1 6
249 3 1 2 5
250 3 1 2 2
251 3 3 1 1
252 3 3 1 3
253 2 1 2 3
254 4 2 2 2
255 4 1 1 2
256 2 0 1 4
257 1 1 0 3
258 1 3 0 5
259 1 2 3 2
260 1 2 3 2
261 2 1 0 3
262 3 1 1 2
263 1 2 1 4
264 2 1 0 1
265 3 0 2 2
266 0 0 1 2
267 0 1 1 5
268 2 1 1 1
269 1 0 1 2
270 0 1 1 3
271 0 0 1 1
272 0 0 0 3
273 1 3 1 1
274 1 2 0 3
275 0 0 0 0
276 0 0 0 0
277 0 0 0 2
278 0 2 0 1
279 0 0 1 0
280 0 0 0 3
281 0 0 0 2
282 0 0 0 1
283 0 0 0 1
284 0 0 0 0
285 0 0 0 1
286 0 0 0 0
287 0 0 0 0
288 0 0 0 0
289 0 0 0 0
290 1 0 0 0
291 0 0 0 0
292 1 0 0 0
293 0 0 0 0
294 0 0 0 0
295 0 0 0 0
296 0 0 0 0
297 0 0 0 0
298 0 0 0 0
299 0 1 1 0
300 0 0 0 0
301 0 0 0 0
302 0 0 0 0
303 0 0 0 2
304 0 0 0 0
305 0 0 0 0
306 0 0 0 0
307 0 0 0 0
308 0 0 0 0
309 0 0 0 0
310 0 0 0 0
311 0 0 0 0
312 0 0 0 0
313 0 0 0 0
314 0 0 0 0
315 0 0 0 0
316 0 0 0 0
317 0 0 0 0
318 0 0 0 0
319 0 0 0 0
320 0 0 0 0
321 0 0 0 0
322 0 0 0 0
323 0 0 0 0
324 0 0 0 0
325 0 0 0 0
326 0 0 0 0
327 0 0 0 0
328 0 0 0 0
329 0 0 0 0
330 0 0 0 0
331 0 0 0 0
332 0 0 0 0
333 0 0 0 0
334 0 0 0 0
335 0 0 0 0
336 0 0 0 0
337 0 0 0 0
338 0 0 0 0
339 0 0 0 0
340 0 0 0 0
341 0 0 0 0
342 0 0 0 0
343 0 0 0 0
344 0 0 0 0
345 0 0 0 0
346 0 0 0 0
347 0 0 0 0
348 0 0 0 0
349 0 0 0 0
350 0 0 0 0
351 0 0 0 0
352 0 0 0 0
353 0 0 0 0
354 0 0 0 0
355 0 0 0 0
356 0 0 0 0
357 0 0 0 0
358 0 0 0 0
359 0 0 0 0
360 0 0 0 0
361 0 0 0 0
362 0 0 0 0
363 0 0 0 0
364 0 0 0 0
365 0 0 0 0
366 0 0 0 0
367 0 0 0 0
368 0 0 0 0
369 0 0 0 0
370 0 0 0 0
371 0 0 0 0
372 0 0 0 0
373 0 0 0 0
374 0 0 0 0
375 0 0 0 0
376 0 0 0 0
377 0 0 0 0
378 0 0 0 0
379 0 0 0 0
380 0 0 0 0
381 0 0 0 0
382 0 0 0 0
383 0 0 0 0
384 0 0 0 0
385 0 0 0 0
386 0 0 0 0
387 0 0 0 0
388 0 0 0 0
389 0 0 0 0
390 0 0 0 0
391 0 0 0 0
392 0 0 0 0
393 0 0 0 0
394 0 0 0 0
395 0 0 0 0
396 0 0 0 0
397 0 0 0 0
398 0 0 0 0
399 0 0 0 0
400 0 0 0 0
401 0 0 0 0
402 0 0 0 0
403 0 0 0 0
404 0 0 0 0
405 0 0 0 0
406 0 0 0 0
407 0 0 0 0
408 0 0 0 0
409 0 0 0 0
410 0 0 0 0
411 0 0 0 0
412 0 0 0 0
413 0 0 0 0
414 0 0 0 0
415 0 0 0 0
416 0 0 0 0
417 0 0 0 0
418 0 0 0 0
419 0 0 0 0
420 0 0 0 0
421 0 0 0 0
422 0 0 0 0
423 0 0 0 0
424 0 0 0 0
425 0 0 0 0
426 0 0 0 0
427 0 0 0 0
428 0 0 0 0
429 0 0 0 0
430 0 0 0 0
431 0 0 0 0
432 0 0 0 0
433 0 0 0 0
434 0 0 0 0
435 0 0 0 0
436 0 0 0 0
437 0 0 0 0
438 0 0 0 0
439 0 0 0 0
440 0 0 0 0
441 0 0 0 0
442 0 0 0 0
443 0 0 0 0
444 0 0 0 0
445 0 0 0 0
446 0 0 0 0
447 0 0 0 0
448 0 0 0 0
449 0 0 0 0
450 0 0 0 0
451 0 0 0 0
452 0 0 0 0
453 0 0 0 0
454 0 0 0 0
455 0 0 0 0
456 0 0 0 0
457 0 0 0 0
458 0 0 0 0
459 0 0 0 0
460 0 0 0 0
461 0 0 0 0
462 0 0 0 0
463 0 0 0 0
464 0 0 0 0
465 0 0 0 0
466 0 0 0 0
467 0 0 0 0
468 0 0 0 0
469 0 0 0 0
470 0 0 0 0
471 0 0 0 0
472 0 0 0 0
473 0 0 0 0
474 0 0 0 0
475 0 0 0 0
476 0 0 0 0
477 0 0 0 0
478 0 0 0 0
479 0 0 0 0
480 0 0 0 0
481 0 0 0 0
482 0 0 0 0
483 0 0 0 0
484 0 0 0 0
485 0 0 0 0
486 0 0 0 0
487 0 0 0 0
488 0 0 0 0
489 0 0 0 0
490 0 0 0 0
491 0 0 0 0
492 0 0 0 0
493 0 0 0 0
494 0 0 0 0
495 0 0 0 0
496 0 0 0 0
497 0 0 0 0
498 0 0 0 0
499 0 0 0 0
500 0 0 0 0
501 0 0 0 0
502 0 0 0 0
503 0 0 0 0
504 0 0 0 0
505 0 0 0 0
506 0 0 0 0
507 0 0 0 0
508 0 0 0 0
509 0 0 0 0
510 0 0 0 0
511 0 0 0 0
512 0 0 0 0
513 0 0 0 0
514 0 0 0 0
515 0 0 0 0
516 0 0 0 0
517 0 0 0 0
518 0 0 0 0
519 0 0 0 0
520 0 0 0 0
521 0 0 0 0
522 0 0 0 0
523 0 0 0 0
524 0 0 0 0
525 0 0 0 0
526 0 0 0 0
527 0 0 0 0
528 0 0 0 0
529 0 0 0 0
530 0 0 0 0
531 0 0 0 0
532 0 0 0 0
533 0 0 0 0
534 0 0 0 0
535 0 0 0 0
536 0 0 0 0
537 0 0 0 0
538 0 0 0 0
539 0 0 0 0
540 0 0 0 0
541 0 0 0 0
542 0 0 0 0
543 0 0 0 0
544 0 0 0 0
545 0 0 0 0
546 0 0 0 0
547 0 0 0 0
548 0 0 0 0
549 0 0 0 0
550 0 0 0 0
551 0 0 0 0
552 0 0 0 0
553 0 0 0 0
554 0 0 0 0
555 0 0 0 0
556 0 0 0 0
557 0 0 0 0
558 0 0 0 0
559 0 0 0 0
560 0 0 0 0
561 0 0 0 0
562 0 0 0 0
563 0 0 0 0
564 0 0 0 0
565 0 0 0 0
566 0 0 0 0
567 0 0 0 0
568 0 0 0 0
569 0 0 0 0
570 0 0 0 0
571 0 0 0 0
572 0 0 0 0
573 0 0 0 0
574 0 0 0 0
575 0 0 0 0
576 0 0 0 0
577 0 0 0 0
578 0 0 0 0
579 0 0 0 0
580 0 0 0 0
581 0 0 0 0
582 0 0 0 0
583 0 0 0 0
584 0 0 0 0
585 0 0 0 0
586 0 0 0 0
587 0 0 0 0
588 0 0 0 0
589 0 0 0 0
590 0 0 0 0
591 0 0 0 0
592 0 0 0 0
593 0 0 0 0
594 0 0 0 0
595 0 0 0 0
596 0 0 0 0
597 0 0 0 0
598 0 0 0 0
599 0 0 0 0
600 0 0 0 0
601 0 0 0 0
602 0 0 0 0
603 0 0 0 0
604 0 0 0 0
605 0 0 0 0
606 0 0 0 0
607 0 0 0 0
608 0 0 0 0
609 0 0 0 0
610 0 0 0 0
611 0 0 0 0
612 0 0 0 0
613 0 0 0 0
614 0 0 0 0
615 0 0 0 0
616 0 0 0 0
617 0 0 0 0
618 0 0 0 0
619 0 0 0 0
620 0 0 0 0
621 0 0 0 0
622 0 0 0 0
623 0 0 0 0
624 0 0 0 0
625 0 0 0 0
626 0 0 0 0
627 0 0 0 0
628 0 0 0 0
629 0 0 0 0
630 0 0 0 0
631 0 0 0 0
632 0 0 0 0
633 0 0 0 0
634 0 0 0 0
635 0 0 0 0
636 0 0 0 0
637 0 0 0 0
638 0 0 0 0
639 0 0 0 0
640 0 0 0 0
641 0 0 0 0
642 0 0 0 0
643 0 0 0 0
644 0 0 0 0
645 0 0 0 0
646 0 0 0 0
647 0 0 0 0
648 0 0 0 0
649 0 0 0 0
650 0 0 0 0
651 0 0 0 0
652 0 0 0 0
653 0 0 0 0
654 0 0 0 0
655 0 0 0 0
656 0 0 0 0
657 0 0 0 0
658 0 0 0 0
659 0 0 0 0
660 0 0 0 0
661 0 0 0 0
662 0 0 0 0
663 0 0 0 0
664 0 0 0 0
665 0 0 0 0
666 0 0 0 0
667 0 0 0 0
668 0 0 0 0
669 0 0 0 0
670 0 0 0 0
671 0 0 0 0
672 0 0 0 0
673 0 0 0 0
674 0 0 0 0
675 0 0 0 0
676 0 0 0 0
677 0 0 0 0
678 0 0 0 0
679 0 0 0 0
680 0 0 0 0
681 0 0 0 0
682 0 0 0 0
683 0 0 0 0
684 0 0 0 0
685 0 0 0 0
686 0 0 0 0
687 0 0 0 0
688 0 0 0 0
689 0 0 0 0
690 0 0 0 0
691 0 0 0 0
692 0 0 0 0
693 0 0 0 0
694 0 0 0 0
695 0 0 0 0
696 0 0 0 0
697 0 0 0 0
698 0 0 0 0
699 0 0 0 0
700 0 0 0 0
701 0 0 0 0
702 0 0 0 0
703 0 0 0 0
704 0 0 0 0
705 0 0 0 0
706 0 0 0 0
707 0 0 0 0
708 0 0 0 0
709 0 0 0 0
710 0 0 0 0
711 0 0 0 0
712 0 0 0 0
713 0 0 0 0
714 0 0 0 0
715 0 0 0 0
716 0 0 0 0
717 0 0 0 0
718 0 0 0 0
719 0 0 0 0
720 0 0 0 0
721 0 0 0 0
722 0 0 0 0
723 0 0 0 0
724 0 0 0 0
725 0 0 0 0
726 0 0 0 0
727 0 0 0 0
