0 0 0 0 0
1 0 0 0 0
2 0 0 0 0
3 0 0 0 0
4 0 0 0 0
5 0 1 1 0
6 0 0 0 0
7 0 0 0 0
8 0 0 0 0
9 0 0 3 1
10 0 0 0 0
11 0 0 0 0
12 0 0 0 1
13 0 0 0 1
14 0 0 0 0
15 0 0 0 0
16 0 0 0 2
17 1 0 0 0
18 0 0 0 0
19 0 0 0 0
20 0 0 0 0
21 1 0 0 0
22 2 0 0 0
23 1 0 0 0
24 2 0 0 0
25 0 0 0 0
26 0 1 0 0
27 2 0 0 0
28 0 0 1 0
29 1 0 1 0
30 2 0 1 1
31 1 0 2 0
32 0 0 1 0
33 0 1 0 1
34 0 0 0 0
35 0 0 2 1
36 0 0 2 1
37 0 0 0 1
38 0 0 1 2
39 0 0 0 0
40 1 0 0 2
41 1 0 0 1
42 1 0 0 2
43 0 0 0 1
44 2 0 0 0
45 2 0 0 0
46 1 1 0 0
47 2 0 0 0
48 1 0 0 0
49 7 1 0 0
50 3 1 1 1
51 4 2 0 0
52 3 0 0 0
53 2 0 3 1
54 3 5 0 0
55 2 1 1 0
56 3 3 1 0
57 2 1 0 3
58 2 3 1 4
59 5 2 0 1
60 2 1 3 5
61 2 2 1 4
62 2 0 0 5
63 3 0 4 1
64 4 1 0 1
65 3 3 1 2
66 1 1 2 2
67 2 1 1 6
68 1 4 1 2
69 1 1 0 4
70 1 1 2 4
71 0 1 1 1
72 1 2 1 5
73 2 1 2 1
74 1 2 0 3
75 4 0 0 1
76 5 0 0 3
77 1 1 0 4
78 2 1 1 1
79 2 2 0 1
80 4 1 0 0
81 7 1 3 1
82 5 0 0 1
83 7 1 1 2
84 8 3 1 2
85 5 2 2 2
86 3 2 1 1
87 1 3 2 0
88 5 2 3 3
89 4 3 2 2
90 6 7 4 5
91 6 1 0 5
92 5 1 1 6
93 0 4 1 2
94 2 3 2 12
95 3 2 1 2
96 1 6 0 5
97 3 3 3 2
98 3 1 1 2
99 4 3 3 1
100 7 1 2 8
101 5 2 0 7
102 4 0 1 3
103 6 1 1 4
104 10 1 4 5
105 8 0 4 2
106 6 3 2 6
107 5 1 2 1
108 10 1 4 3
109 8 2 5 2
110 4 6 3 2
111 6 4 1 5
112 8 2 0 6
113 6 7 4 8
114 5 3 4 6
115 14 4 4 4
116 10 5 4 3
117 6 5 3 9
118 6 2 1 7
119 7 1 1 3
120 7 5 3 13
121 9 7 3 10
122 8 6 3 6
123 8 2 5 4
124 7 7 2 3
125 10 4 2 9
126 12 3 3 4
127 12 4 2 9
128 12 5 5 8
129 8 7 2 11
130 10 6 3 8
131 16 6 8 9
132 16 5 4 6
133 16 2 5 4
134 15 8 2 6
135 14 7 3 10
136 9 9 4 10
137 6 10 5 7
138 17 6 5 16
139 12 11 3 8
140 14 12 7 11
141 10 8 5 8
142 9 5 4 13
143 17 9 5 15
144 6 8 4 20
145 13 7 8 12
146 13 3 5 9
147 17 11 2 12
148 15 10 4 12
149 15 4 5 15
150 16 7 1 12
151 11 8 7 15
152 14 9 8 11
153 12 7 4 13
154 8 8 8 12
155 14 4 4 19
156 11 9 4 12
157 15 6 6 7
158 16 9 2 16
159 17 12 6 13
160 22 10 4 10
161 22 9 6 13
162 21 11 7 13
163 19 3 4 16
164 21 13 3 11
165 16 11 8 14
166 18 9 7 19
167 19 10 12 11
168 25 15 5 11
169 16 14 7 17
170 15 12 7 11
171 16 11 11 22
172 23 11 7 15
173 13 14 12 22
174 13 12 5 18
175 14 13 4 25
176 15 6 8 21
177 12 11 5 23
178 19 4 7 17
179 18 6 4 15
180 20 9 13 20
181 28 9 10 20
182 24 9 7 14
183 24 7 9 10
184 30 9 5 17
185 26 10 4 14
186 23 8 11 14
187 16 13 8 19
188 21 8 10 17
189 23 21 8 11
190 28 14 10 19
191 23 18 8 18
192 14 11 7 23
193 27 17 12 22
194 20 23 9 22
195 23 20 12 15
196 25 14 9 21
197 24 9 5 33
198 23 11 7 31
199 18 7 9 32
200 20 16 13 21
201 19 12 9 26
202 21 20 8 22
203 15 14 11 21
204 14 12 6 26
205 18 13 9 14
206 17 14 6 19
207 13 8 9 25
208 16 6 9 24
209 9 7 10 27
210 14 10 7 17
211 8 12 6 16
212 5 6 9 17
213 10 4 10 20
214 10 12 3 19
215 8 10 8 16
216 12 7 2 15
217 10 6 4 15
218 9 6 6 16
219 13 5 2 19
220 11 3 3 6
221 6 10 2 15
222 9 3 6 15
223 5 9 6 9
224 8 7 6 7
225 14 7 9 12
226 9 3 1 10
227 13 5 3 14
228 9 3 5 10
229 9 3 1 13
230 5 7 6 4
231 6 4 5 10
232 2 4 3 13
233 4 4 5 8
234 4 9 1 13
235 3 1 6 7
236 4 5 5 5
237 4 2 6 13
238 4 5 2 12
239 6 3 2 8
240 5 2 1 9
241 2 0 4 6
242 5 2 1 4
243 7 2 1 8
244 2 3 3 9
245 2 1 4 4
246 1 3 0 3
247 5 2 4 1
248 1 4 3 5
249 2 1 1 5
250 1 0 1 3
251 2 1 1 5
252 1 2 1 6
253 4 0 0 2
254 3 3 1 4
255 1 1 0 3
256 2 2 2 1
257 1 2 0 1
258 4 2 0 3
259 0 2 1 4
260 1 2 0 1
261 2 1 0 4
262 1 1 3 1
263 2 1 1 5
264 1 0 0 2
265 3 1 1 1
266 1 1 0 5
267 2 0 2 3
268 1 1 1 0
269 3 0 1 2
270 2 1 0 1
271 3 1 1 2
272 4 2 0 2
273 0 0 0 0
274 0 2 2 1
275 3 1 1 2
276 1 1 0 3
277 1 2 2 0
278 3 1 1 4
279 0 0 0 2
280 1 3 1 1
281 1 1 1 4
282 0 0 0 0
283 1 0 1 0
284 1 0 1 2
285 0 0 0 4
286 1 1 0 0
287 0 2 0 4
288 1 0 1 0
289 0 1 1 0
290 0 1 0 0
291 0 1 0 2
292 2 0 0 1
293 1 0 0 2
294 4 0 0 1
295 1 0 0 0
296 2 0 0 1
297 1 2 1 1
298 0 0 0 1
299 0 1 2 0
300 0 1 0 0
301 0 1 0 2
302 0 1 1 0
303 0 0 1 1
304 0 0 0 1
305 0 1 0 0
306 0 0 0 3
307 0 0 0 1
308 0 0 0 1
309 0 0 0 1
310 0 0 0 1
311 0 0 0 0
312 0 0 0 1
313 0 0 0 0
314 1 0 0 0
315 0 0 0 0
316 2 0 0 0
317 0 0 0 0
318 1 0 0 0
319 1 0 0 0
320 0 0 0 0
321 0 1 0 0
322 0 0 0 0
323 0 1 0 0
324 0 0 0 0
325 1 1 1 1
326 0 0 0 0
327 0 0 1 0
328 0 0 0 0
329 0 0 0 1
330 0 1 0 1
331 0 0 0 0
332 0 0 0 1
333 0 0 0 0
334 0 0 0 2
335 0 0 0 0
336 0 0 0 0
337 0 0 0 0
338 0 0 0 0
339 1 0 0 0
340 0 0 0 0
341 0 0 0 0
342 0 0 0 0
343 0 0 0 0
344 0 1 0 0
345 0 0 0 0
346 0 0 0 0
347 0 0 0 0
348 0 0 0 1
349 0 0 0 0
350 0 0 0 0
351 0 0 0 0
352 0 0 0 0
353 0 0 0 0
354 0 0 0 0
355 0 0 0 0
356 0 0 0 0
357 0 0 0 0
358 0 0 0 0
359 0 0 0 0
360 0 0 0 0
361 0 0 0 0
362 0 0 0 0
363 0 0 0 0
364 0 0 0 0
365 0 0 0 0
366 0 0 0 0
367 0 0 0 0
368 0 0 0 0
369 0 0 0 0
370 0 0 0 0
371 0 0 0 0
372 0 0 0 0
373 0 0 0 0
374 0 0 0 0
375 0 0 0 0
376 0 0 0 0
377 0 0 0 0
378 0 0 0 0
379 0 0 0 0
380 0 0 0 0
381 0 0 0 0
382 0 0 0 0
383 0 0 0 0
384 0 0 0 0
385 0 0 0 0
386 0 0 0 0
387 0 0 0 0
388 0 0 0 0
389 0 0 0 0
390 0 0 0 0
391 0 0 0 0
392 0 0 0 0
393 0 0 0 0
394 0 0 0 0
395 0 0 0 0
396 0 0 0 0
397 0 0 0 0
398 0 0 0 0
399 0 0 0 0
400 0 0 0 0
401 0 0 0 0
402 0 0 0 0
403 0 0 0 0
404 0 0 0 0
405 0 0 0 0
406 0 0 0 0
407 0 0 0 0
408 0 0 0 0
409 0 0 0 0
410 0 0 0 0
411 0 0 0 0
412 0 0 0 0
413 0 0 0 0
414 0 0 0 0
415 0 0 0 0
416 0 0 0 0
417 0 0 0 0
418 0 0 0 0
419 0 0 0 0
420 0 0 0 0
421 0 0 0 0
422 0 0 0 0
423 0 0 0 0
424 0 0 0 0
425 0 0 0 0
426 0 0 0 0
427 0 0 0 0
428 0 0 0 0
429 0 0 0 0
430 0 0 0 0
431 0 0 0 0
432 0 0 0 0
433 0 0 0 0
434 0 0 0 0
435 0 0 0 0
436 0 0 0 0
437 0 0 0 0
438 0 0 0 0
439 0 0 0 0
440 0 0 0 0
441 0 0 0 0
442 0 0 0 0
443 0 0 0 0
444 0 0 0 0
445 0 0 0 0
446 0 0 0 0
447 0 0 0 0
448 0 0 0 0
449 0 0 0 0
450 0 0 0 0
451 0 0 0 0
452 0 0 0 0
453 0 0 0 0
454 0 0 0 0
455 0 0 0 0
456 0 0 0 0
457 0 0 0 0
458 0 0 0 0
459 0 0 0 0
460 0 0 0 0
461 0 0 0 0
462 0 0 0 0
463 0 0 0 0
464 0 0 0 0
465 0 0 0 0
466 0 0 0 0
467 0 0 0 0
468 0 0 0 0
469 0 0 0 0
470 0 0 0 0
471 0 0 0 0
472 0 0 0 0
473 0 0 0 0
474 0 0 0 0
475 0 0 0 0
476 0 0 0 0
477 0 0 0 0
478 0 0 0 0
479 0 0 0 0
480 0 0 0 0
481 0 0 0 0
482 0 0 0 0
483 0 0 0 0
484 0 0 0 0
485 0 0 0 0
486 0 0 0 0
487 0 0 0 0
488 0 0 0 0
489 0 0 0 0
490 0 0 0 0
491 0 0 0 0
492 0 0 0 0
493 0 0 0 0
494 0 0 0 0
495 0 0 0 0
496 0 0 0 0
497 0 0 0 0
498 0 0 0 0
499 0 0 0 0
500 0 0 0 0
501 0 0 0 0
502 0 0 0 0
503 0 0 0 0
504 0 0 0 0
505 0 0 0 0
506 0 0 0 0
507 0 0 0 0
508 0 0 0 0
509 0 0 0 0
510 0 0 0 0
511 0 0 0 0
512 0 0 0 0
513 0 0 0 0
514 0 0 0 0
515 0 0 0 0
516 0 0 0 0
517 0 0 0 0
518 0 0 0 0
519 0 0 0 0
520 0 0 0 0
521 0 0 0 0
522 0 0 0 0
523 0 0 0 0
524 0 0 0 0
525 0 0 0 0
526 0 0 0 0
527 0 0 0 0
528 0 0 0 0
529 0 0 0 0
530 0 0 0 0
531 0 0 0 0
532 0 0 0 0
533 0 0 0 0
534 0 0 0 0
535 0 0 0 0
536 0 0 0 0
537 0 0 0 0
538 0 0 0 0
539 0 0 0 0
540 0 0 0 0
541 0 0 0 0
542 0 0 0 0
543 0 0 0 0
544 0 0 0 0
545 0 0 0 0
546 0 0 0 0
547 0 0 0 0
548 0 0 0 0
549 0 0 0 0
550 0 0 0 0
551 0 0 0 0
552 0 0 0 0
553 0 0 0 0
554 0 0 0 0
555 0 0 0 0
556 0 0 0 0
557 0 0 0 0
558 0 0 0 0
559 0 0 0 0
560 0 0 0 0
561 0 0 0 0
562 0 0 0 0
563 0 0 0 0
564 0 0 0 0
565 0 0 0 0
566 0 0 0 0
567 0 0 0 0
568 0 0 0 0
569 0 0 0 0
570 0 0 0 0
571 0 0 0 0
572 0 0 0 0
573 0 0 0 0
574 0 0 0 0
575 0 0 0 0
576 0 0 0 0
577 0 0 0 0
578 0 0 0 0
579 0 0 0 0
580 0 0 0 0
581 0 0 0 0
582 0 0 0 0
583 0 0 0 0
584 0 0 0 0
585 0 0 0 0
586 0 0 0 0
587 0 0 0 0
588 0 0 0 0
589 0 0 0 0
590 0 0 0 0
591 0 0 0 0
592 0 0 0 0
593 0 0 0 0
594 0 0 0 0
595 0 0 0 0
596 0 0 0 0
597 0 0 0 0
598 0 0 0 0
599 0 0 0 0
600 0 0 0 0
601 0 0 0 0
602 0 0 0 0
603 0 0 0 0
604 0 0 0 0
605 0 0 0 0
606 0 0 0 0
607 0 0 0 0
608 0 0 0 0
609 0 0 0 0
610 0 0 0 0
611 0 0 0 0
612 0 0 0 0
613 0 0 0 0
614 0 0 0 0
615 0 0 0 0
616 0 0 0 0
617 0 0 0 0
618 0 0 0 0
619 0 0 0 0
620 0 0 0 0
621 0 0 0 0
622 0 0 0 0
623 0 0 0 0
624 0 0 0 0
625 0 0 0 0
626 0 0 0 0
627 0 0 0 0
628 0 0 0 0
629 0 0 0 0
630 0 0 0 0
631 0 0 0 0
632 0 0 0 0
633 0 0 0 0
634 0 0 0 0
635 0 0 0 0
636 0 0 0 0
637 0 0 0 0
638 0 0 0 0
639 0 0 0 0
640 0 0 0 0
641 0 0 0 0
642 0 0 0 0
643 0 0 0 0
644 0 0 0 0
645 0 0 0 0
646 0 0 0 0
647 0 0 0 0
648 0 0 0 0
649 0 0 0 0
650 0 0 0 0
651 0 0 0 0
652 0 0 0 0
653 0 0 0 0
654 0 0 0 0
655 0 0 0 0
656 0 0 0 0
657 0 0 0 0
658 0 0 0 0
659 0 0 0 0
660 0 0 0 0
661 0 0 0 0
662 0 0 0 0
663 0 0 0 0
664 0 0 0 0
665 0 0 0 0
666 0 0 0 0
667 0 0 0 0
668 0 0 0 0
669 0 0 0 0
670 0 0 0 0
671 0 0 0 0
672 0 0 0 0
673 0 0 0 0
674 0 0 0 0
675 0 0 0 0
676 0 0 0 0
677 0 0 0 0
678 0 0 0 0
679 0 0 0 0
680 0 0 0 0
681 0 0 0 0
682 0 0 0 0
683 0 0 0 0
684 0 0 0 0
685 0 0 0 0
686 0 0 0 0
687 0 0 0 0
688 0 0 0 0
689 0 0 0 0
690 0 0 0 0
691 0 0 0 0
692 0 0 0 0
693 0 0 0 0
694 0 0 0 0
695 0 0 0 0
696 0 0 0 0
697 0 0 0 0
698 0 0 0 0
699 0 0 0 0
700 0 0 0 0
701 0 0 0 0
702 0 0 0 0
703 0 0 0 0
704 0 0 0 0
705 0 0 0 0
706 0 0 0 0
707 0 0 0 0
708 0 0 0 0
709 0 0 0 0
710 0 0 0 0
711 0 0 0 0
712 0 0 0 0
713 0 0 0 0
714 0 0 0 0
715 0 0 0 0
716 0 0 0 0
717 0 0 0 0
718 0 0 0 0
719 0 0 0 0
720 0 0 0 0
721 0 0 0 0
722 0 0 0 0
723 0 0 0 0
724 0 0 0 0
725 0 0 0 0
726 0 0 0 0
727 0 0 0 0
