0 0 0 0 0
1 0 0 0 0
2 0 0 0 0
3 0 0 0 0
4 0 0 0 0
5 0 3 0 0
6 0 0 0 0
7 0 0 0 0
8 0 0 0 0
9 0 0 2 2
10 0 0 0 0
11 0 0 0 0
12 0 0 0 1
13 0 0 0 1
14 0 0 0 0
15 0 0 0 0
16 0 0 0 1
17 0 0 0 0
18 0 0 0 0
19 0 0 0 0
20 1 0 0 0
21 1 0 0 0
22 1 0 0 0
23 1 0 0 0
24 1 0 0 0
25 0 0 0 0
26 0 0 0 0
27 0 0 0 0
28 1 0 0 0
29 1 1 0 0
30 0 1 0 0
31 0 0 1 0
32 0 1 0 0
33 0 2 0 1
34 0 0 1 1
35 0 0 0 0
36 0 0 0 0
37 0 0 0 3
38 0 0 0 2
39 0 0 0 0
40 0 0 0 0
41 0 0 0 0
42 0 0 0 0
43 0 0 0 0
44 0 0 0 0
45 1 0 0 0
46 1 0 0 0
47 1 0 0 0
48 0 0 0 0
49 1 0 0 0
50 0 1 0 0
51 0 0 0 0
52 0 0 0 0
53 0 0 0 0
54 1 1 0 1
55 2 1 0 0
56 0 1 0 0
57 1 0 0 0
58 0 0 0 1
59 0 0 1 1
60 1 1 0 0
61 1 0 0 0
62 1 0 1 0
63 0 0 0 1
64 0 0 1 0
65 0 0 0 0
66 0 0 0 1
67 1 1 0 1
68 0 0 0 0
69 0 0 1 1
70 0 0 1 0
71 0 0 0 1
72 0 0 1 0
73 0 0 0 1
74 0 0 0 2
75 1 0 0 0
76 0 0 0 0
77 0 0 0 1
78 0 0 0 0
79 1 0 0 0
80 0 0 0 0
81 0 0 0 0
82 2 0 0 0
83 0 0 0 0
84 2 0 1 0
85 1 0 0 0
86 2 0 0 0
87 1 0 0 0
88 2 0 1 1
89 1 1 1 0
90 0 1 0 0
91 0 1 1 0
92 1 1 0 0
93 1 0 0 0
94 0 1 0 1
95 1 0 2 2
96 1 0 0 3
97 1 2 1 0
98 1 0 1 1
99 0 0 0 1
100 0 0 0 0
101 0 1 0 1
102 1 0 1 1
103 2 0 0 0
104 4 1 0 3
105 3 0 0 1
106 1 0 0 0
107 3 1 0 0
108 2 0 0 2
109 1 2 0 1
110 0 1 0 0
111 2 0 1 1
112 4 4 1 0
113 1 2 2 1
114 1 1 0 0
115 0 0 1 1
116 0 0 1 4
117 2 0 1 3
118 1 1 1 1
119 0 0 0 2
120 1 1 0 2
121 2 1 3 1
122 0 1 0 3
123 2 0 1 1
124 1 0 0 0
125 0 0 0 2
126 1 1 1 1
127 1 0 1 1
128 2 1 1 3
129 2 1 0 0
130 3 0 1 0
131 4 1 0 0
132 2 0 0 2
133 3 3 0 3
134 1 2 0 1
135 2 1 0 0
136 2 1 2 0
137 2 0 1 4
138 1 2 0 3
139 2 2 1 0
140 1 1 1 3
141 2 1 1 2
142 1 2 1 2
143 1 0 0 1
144 1 0 2 0
145 3 0 2 2
146 4 1 1 4
147 3 2 0 1
148 2 0 1 1
149 1 0 0 2
150 1 0 3 0
151 3 1 1 3
152 0 2 0 3
153 2 2 0 1
154 2 0 1 3
155 2 2 0 2
156 5 1 2 2
157 7 2 0 1
158 2 2 0 1
159 2 1 1 1
160 4 0 2 4
161 4 2 3 0
162 8 5 2 1
163 4 2 1 4
164 2 0 1 4
165 4 1 2 1
166 3 4 1 3
167 3 3 4 1
168 1 3 1 4
169 5 1 1 7
170 1 1 0 6
171 3 2 2 1
172 3 3 1 3
173 1 2 0 4
174 5 4 1 7
175 4 0 0 4
176 4 3 0 2
177 5 2 0 2
178 2 2 2 4
179 4 2 2 2
180 4 2 2 0
181 6 2 2 5
182 1 2 3 2
183 4 1 2 6
184 4 2 1 1
185 5 1 2 4
186 3 1 1 3
187 1 1 1 2
188 5 2 2 4
189 2 1 4 6
190 7 4 0 4
191 8 2 0 4
192 6 2 1 3
193 4 2 2 2
194 0 4 2 3
195 3 4 2 5
196 5 4 2 6
197 5 5 2 4
198 3 1 2 5
199 1 1 1 5
200 5 2 2 3
201 4 5 1 5
202 3 2 1 3
203 2 0 0 5
204 5 1 0 4
205 5 3 0 5
206 3 5 2 2
207 3 3 1 2
208 6 1 0 4
209 2 2 2 2
210 4 1 4 4
211 7 3 1 3
212 8 2 1 3
213 2 2 4 3
214 2 1 2 4
215 1 2 1 3
216 1 3 3 5
217 2 5 4 5
218 2 0 1 3
219 1 1 1 4
220 0 0 2 7
221 2 1 1 8
222 3 2 1 2
223 1 2 0 5
224 0 1 0 2
225 2 1 0 1
226 0 0 1 2
227 1 2 2 3
228 0 1 0 1
229 2 0 0 1
230 0 1 2 1
231 1 0 1 2
232 1 1 1 2
233 1 0 0 1
234 1 1 0 3
235 0 0 0 0
236 1 0 0 2
237 0 1 0 2
238 1 1 1 1
239 1 0 0 0
240 2 0 1 0
241 0 1 0 1
242 0 1 0 1
243 3 1 0 0
244 2 1 0 1
245 0 1 0 3
246 1 0 0 0
247 0 1 0 1
248 0 1 2 0
249 0 1 1 2
250 0 0 0 0
251 0 1 0 1
252 0 0 0 1
253 0 0 1 2
254 2 0 0 1
255 0 0 0 3
256 0 0 0 0
257 0 0 0 0
258 0 0 0 0
259 0 0 0 0
260 1 0 0 1
261 0 0 0 0
262 3 0 0 0
263 1 2 0 0
264 0 0 0 0
265 1 0 1 0
266 1 0 0 0
267 1 0 2 0
268 1 0 0 0
269 0 0 0 1
270 0 0 0 1
271 0 0 1 1
272 0 1 1 1
273 0 0 1 0
274 0 0 1 1
275 0 0 1 0
276 0 0 0 0
277 0 0 0 0
278 1 0 0 2
279 0 0 0 2
280 0 0 0 1
281 0 0 0 0
282 0 0 0 1
283 1 0 1 0
284 0 0 0 0
285 1 0 0 0
286 0 0 0 0
287 1 0 0 1
288 0 0 0 0
289 1 0 0 0
290 1 0 0 0
291 0 0 0 0
292 1 1 1 0
293 0 0 0 0
294 1 2 0 0
295 0 0 0 0
296 0 0 0 1
297 1 0 0 1
298 2 0 0 2
299 2 0 2 0
300 1 0 0 0
301 1 0 1 0
302 1 1 0 0
303 0 0 0 1
304 0 0 0 0
305 0 0 0 0
306 0 0 0 2
307 0 1 2 0
308 0 1 1 1
309 0 0 1 0
310 0 0 1 0
311 0 0 0 1
312 1 0 0 1
313 0 0 0 2
314 0 0 0 3
315 0 0 0 0
316 0 0 0 0
317 0 0 0 0
318 0 0 0 0
319 0 0 0 0
320 0 0 0 0
321 0 1 0 0
322 0 0 0 0
323 0 0 0 0
324 0 0 0 0
325 0 0 0 0
326 0 0 0 0
327 0 0 0 0
328 0 0 0 1
329 0 0 0 0
330 0 0 0 0
331 0 0 0 0
332 0 0 0 0
333 0 0 0 0
334 0 0 0 0
335 0 0 0 0
336 0 0 0 0
337 0 0 0 0
338 0 0 0 0
339 0 0 0 0
340 0 0 0 0
341 0 0 0 0
342 0 0 0 0
343 0 0 0 0
344 0 0 0 0
345 0 0 0 0
346 0 0 0 0
347 0 0 0 0
348 0 0 0 0
349 0 0 0 0
350 0 0 0 0
351 0 0 0 0
352 0 0 0 0
353 0 0 0 0
354 0 0 0 0
355 0 0 0 0
356 0 0 0 0
357 0 0 0 0
358 0 0 0 0
359 0 0 0 0
360 0 0 0 0
361 0 0 0 0
362 0 0 0 0
363 0 0 0 0
364 0 0 0 0
365 0 0 0 0
366 0 0 0 0
367 0 0 0 0
368 0 0 0 0
369 0 0 0 0
370 0 0 0 0
371 0 0 0 0
372 0 0 0 0
373 0 0 0 0
374 0 0 0 0
375 0 0 0 0
376 0 0 0 0
377 0 0 0 0
378 0 0 0 0
379 0 0 0 0
380 0 0 0 0
381 0 0 0 0
382 0 0 0 0
383 0 0 0 0
384 0 0 0 0
385 0 0 0 0
386 0 0 0 0
387 0 0 0 0
388 0 0 0 0
389 0 0 0 0
390 0 0 0 0
391 0 0 0 0
392 0 0 0 0
393 0 0 0 0
394 0 0 0 0
395 0 0 0 0
396 0 0 0 0
397 0 0 0 0
398 0 0 0 0
399 0 0 0 0
400 0 0 0 0
401 0 0 0 0
402 0 0 0 0
403 0 0 0 0
404 0 0 0 0
405 0 0 0 0
406 0 0 0 0
407 0 0 0 0
408 0 0 0 0
409 0 0 0 0
410 0 0 0 0
411 0 0 0 0
412 0 0 0 0
413 0 0 0 0
414 0 0 0 0
415 0 0 0 0
416 0 0 0 0
417 0 0 0 0
418 0 0 0 0
419 0 0 0 0
420 0 0 0 0
421 0 0 0 0
422 0 0 0 0
423 0 0 0 0
424 0 0 0 0
425 0 0 0 0
426 0 0 0 0
427 0 0 0 0
428 0 0 0 0
429 0 0 0 0
430 0 0 0 0
431 0 0 0 0
432 0 0 0 0
433 0 0 0 0
434 0 0 0 0
435 0 0 0 0
436 0 0 0 0
437 0 0 0 0
438 0 0 0 0
439 0 0 0 0
440 0 0 0 0
441 0 0 0 0
442 0 0 0 0
443 0 0 0 0
444 0 0 0 0
445 0 0 0 0
446 0 0 0 0
447 0 0 0 0
448 0 0 0 0
449 0 0 0 0
450 0 0 0 0
451 0 0 0 0
452 0 0 0 0
453 0 0 0 0
454 0 0 0 0
455 0 0 0 0
456 0 0 0 0
457 0 0 0 0
458 0 0 0 0
459 0 0 0 0
460 0 0 0 0
461 0 0 0 0
462 0 0 0 0
463 0 0 0 0
464 0 0 0 0
465 0 0 0 0
466 0 0 0 0
467 0 0 0 0
468 0 0 0 0
469 0 0 0 0
470 0 0 0 0
471 0 0 0 0
472 0 0 0 0
473 0 0 0 0
474 0 0 0 0
475 0 0 0 0
476 0 0 0 0
477 0 0 0 0
478 0 0 0 0
479 0 0 0 0
480 0 0 0 0
481 0 0 0 0
482 0 0 0 0
483 0 0 0 0
484 0 0 0 0
485 0 0 0 0
486 0 0 0 0
487 0 0 0 0
488 0 0 0 0
489 0 0 0 0
490 0 0 0 0
491 0 0 0 0
492 0 0 0 0
493 0 0 0 0
494 0 0 0 0
495 0 0 0 0
496 0 0 0 0
497 0 0 0 0
498 0 0 0 0
499 0 0 0 0
500 0 0 0 0
501 0 0 0 0
502 0 0 0 0
503 0 0 0 0
504 0 0 0 0
505 0 0 0 0
506 0 0 0 0
507 0 0 0 0
508 0 0 0 0
509 0 0 0 0
510 0 0 0 0
511 0 0 0 0
512 0 0 0 0
513 0 0 0 0
514 0 0 0 0
515 0 0 0 0
516 0 0 0 0
517 0 0 0 0
518 0 0 0 0
519 0 0 0 0
520 0 0 0 0
521 0 0 0 0
522 0 0 0 0
523 0 0 0 0
524 0 0 0 0
525 0 0 0 0
526 0 0 0 0
527 0 0 0 0
528 0 0 0 0
529 0 0 0 0
530 0 0 0 0
531 0 0 0 0
532 0 0 0 0
533 0 0 0 0
534 0 0 0 0
535 0 0 0 0
536 0 0 0 0
537 0 0 0 0
538 0 0 0 0
539 0 0 0 0
540 0 0 0 0
541 0 0 0 0
542 0 0 0 0
543 0 0 0 0
544 0 0 0 0
545 0 0 0 0
546 0 0 0 0
547 0 0 0 0
548 0 0 0 0
549 0 0 0 0
550 0 0 0 0
551 0 0 0 0
552 0 0 0 0
553 0 0 0 0
554 0 0 0 0
555 0 0 0 0
556 0 0 0 0
557 0 0 0 0
558 0 0 0 0
559 0 0 0 0
560 0 0 0 0
561 0 0 0 0
562 0 0 0 0
563 0 0 0 0
564 0 0 0 0
565 0 0 0 0
566 0 0 0 0
567 0 0 0 0
568 0 0 0 0
569 0 0 0 0
570 0 0 0 0
571 0 0 0 0
572 0 0 0 0
573 0 0 0 0
574 0 0 0 0
575 0 0 0 0
576 0 0 0 0
577 0 0 0 0
578 0 0 0 0
579 0 0 0 0
580 0 0 0 0
581 0 0 0 0
582 0 0 0 0
583 0 0 0 0
584 0 0 0 0
585 0 0 0 0
586 0 0 0 0
587 0 0 0 0
588 0 0 0 0
589 0 0 0 0
590 0 0 0 0
591 0 0 0 0
592 0 0 0 0
593 0 0 0 0
594 0 0 0 0
595 0 0 0 0
596 0 0 0 0
597 0 0 0 0
598 0 0 0 0
599 0 0 0 0
600 0 0 0 0
601 0 0 0 0
602 0 0 0 0
603 0 0 0 0
604 0 0 0 0
605 0 0 0 0
606 0 0 0 0
607 0 0 0 0
608 0 0 0 0
609 0 0 0 0
610 0 0 0 0
611 0 0 0 0
612 0 0 0 0
613 0 0 0 0
614 0 0 0 0
615 0 0 0 0
616 0 0 0 0
617 0 0 0 0
618 0 0 0 0
619 0 0 0 0
620 0 0 0 0
621 0 0 0 0
622 0 0 0 0
623 0 0 0 0
624 0 0 0 0
625 0 0 0 0
626 0 0 0 0
627 0 0 0 0
628 0 0 0 0
629 0 0 0 0
630 0 0 0 0
631 0 0 0 0
632 0 0 0 0
633 0 0 0 0
634 0 0 0 0
635 0 0 0 0
636 0 0 0 0
637 0 0 0 0
638 0 0 0 0
639 0 0 0 0
640 0 0 0 0
641 0 0 0 0
642 0 0 0 0
643 0 0 0 0
644 0 0 0 0
645 0 0 0 0
646 0 0 0 0
647 0 0 0 0
648 0 0 0 0
649 0 0 0 0
650 0 0 0 0
651 0 0 0 0
652 0 0 0 0
653 0 0 0 0
654 0 0 0 0
655 0 0 0 0
656 0 0 0 0
657 0 0 0 0
658 0 0 0 0
659 0 0 0 0
660 0 0 0 0
661 0 0 0 0
662 0 0 0 0
663 0 0 0 0
664 0 0 0 0
665 0 0 0 0
666 0 0 0 0
667 0 0 0 0
668 0 0 0 0
669 0 0 0 0
670 0 0 0 0
671 0 0 0 0
672 0 0 0 0
673 0 0 0 0
674 0 0 0 0
675 0 0 0 0
676 0 0 0 0
677 0 0 0 0
678 0 0 0 0
679 0 0 0 0
680 0 0 0 0
681 0 0 0 0
682 0 0 0 0
683 0 0 0 0
684 0 0 0 0
685 0 0 0 0
686 0 0 0 0
687 0 0 0 0
688 0 0 0 0
689 0 0 0 0
690 0 0 0 0
691 0 0 0 0
692 0 0 0 0
693 0 0 0 0
694 0 0 0 0
695 0 0 0 0
696 0 0 0 0
697 0 0 0 0
698 0 0 0 0
699 0 0 0 0
700 0 0 0 0
701 0 0 0 0
702 0 0 0 0
703 0 0 0 0
704 0 0 0 0
705 0 0 0 0
706 0 0 0 0
707 0 0 0 0
708 0 0 0 0
709 0 0 0 0
710 0 0 0 0
711 0 0 0 0
712 0 0 0 0
713 0 0 0 0
714 0 0 0 0
715 0 0 0 0
716 0 0 0 0
717 0 0 0 0
718 0 0 0 0
719 0 0 0 0
720 0 0 0 0
721 0 0 0 0
722 0 0 0 0
723 0 0 0 0
724 0 0 0 0
725 0 0 0 0
726 0 0 0 0
727 0 0 0 0
