0 0 0 0 0
1 0 0 0 0
2 0 0 0 0
3 0 0 0 0
4 0 0 0 0
5 0 1 1 0
6 0 0 0 0
7 0 0 0 0
8 0 0 0 0
9 0 2 1 1
10 0 0 0 0
11 0 0 0 0
12 0 0 0 1
13 0 0 0 2
14 0 0 0 0
15 0 0 0 0
16 0 0 0 1
17 0 0 0 0
18 0 0 0 0
19 0 0 0 0
20 1 0 0 0
21 2 0 0 0
22 0 0 0 0
23 3 0 0 0
24 1 0 0 0
25 1 1 0 0
26 0 1 0 0
27 1 0 0 0
28 1 0 1 0
29 1 1 0 0
30 0 1 1 1
31 1 0 0 0
32 1 1 1 1
33 0 2 0 0
34 0 0 0 1
35 0 0 0 1
36 0 0 0 3
37 1 0 0 2
38 0 1 0 0
39 0 0 0 0
40 1 1 0 1
41 1 1 0 0
42 1 0 0 0
43 2 0 0 0
44 1 0 0 1
45 3 0 1 1
46 0 1 0 0
47 3 0 0 0
48 0 0 1 1
49 2 0 0 1
50 0 1 1 1
51 1 1 0 0
52 0 1 1 0
53 1 0 1 0
54 0 2 2 2
55 1 0 0 2
56 1 2 1 0
57 0 0 0 1
58 0 0 0 1
59 1 0 0 2
60 0 0 0 1
61 0 0 0 4
62 1 0 1 0
63 2 0 0 1
64 4 0 1 0
65 0 0 1 0
66 1 0 0 1
67 1 0 0 0
68 2 2 0 1
69 3 1 1 0
70 2 0 0 0
71 2 0 2 0
72 3 1 1 3
73 2 1 1 2
74 2 0 0 0
75 2 0 1 1
76 1 1 1 1
77 2 2 1 1
78 0 2 2 1
79 0 1 1 2
80 2 1 0 1
81 2 0 3 3
82 3 1 0 1
83 2 0 1 2
84 2 2 0 1
85 1 1 1 6
86 3 1 1 1
87 4 0 1 1
88 1 0 1 2
89 4 0 0 1
90 1 2 0 1
91 5 2 2 2
92 3 0 2 2
93 2 2 0 1
94 3 0 0 2
95 3 1 1 2
96 6 3 2 1
97 2 3 1 3
98 4 2 2 1
99 6 2 0 3
100 6 3 1 3
101 5 1 4 2
102 2 1 0 1
103 3 3 0 5
104 1 3 2 4
105 4 4 3 4
106 2 2 1 0
107 5 1 3 4
108 3 3 1 5
109 4 0 1 6
110 8 3 3 3
111 4 0 2 5
112 5 5 1 2
113 4 1 2 3
114 3 4 0 8
115 7 2 0 5
116 3 2 1 2
117 3 1 5 3
118 6 3 0 2
119 5 5 3 5
120 5 2 1 4
121 9 1 2 6
122 4 2 4 2
123 7 3 2 4
124 3 4 3 4
125 8 3 0 4
126 4 2 0 10
127 4 2 2 2
128 3 6 1 5
129 4 5 0 5
130 6 8 5 3
131 8 3 1 4
132 1 3 1 4
133 7 3 1 3
134 3 3 4 9
135 4 6 0 7
136 6 4 2 6
137 5 1 0 9
138 7 1 3 7
139 5 2 3 2
140 6 3 2 3
141 6 3 1 3
142 7 4 4 5
143 5 2 2 5
144 4 1 4 2
145 2 3 3 5
146 5 4 1 8
147 2 3 1 5
148 7 5 1 4
149 7 3 3 6
150 8 1 0 5
151 6 3 3 4
152 6 1 3 5
153 6 3 3 5
154 8 6 1 2
155 6 8 2 6
156 5 0 4 6
157 6 3 1 4
158 7 2 4 9
159 10 2 2 6
160 7 3 2 5
161 3 5 3 6
162 4 5 3 10
163 7 5 5 1
164 8 7 4 5
165 6 4 3 5
166 5 1 1 6
167 7 3 3 8
168 8 2 1 13
169 11 1 5 7
170 5 3 1 7
171 9 1 2 8
172 7 5 2 4
173 8 5 5 3
174 8 10 2 5
175 6 2 3 3
176 10 6 2 7
177 12 6 2 7
178 18 1 4 9
179 19 7 1 5
180 10 7 4 8
181 10 2 0 11
182 12 10 4 5
183 10 7 4 10
184 10 7 3 7
185 13 8 5 6
186 9 8 5 11
187 9 6 10 14
188 6 7 7 7
189 10 8 3 13
190 7 5 5 10
191 5 5 2 5
192 11 8 5 12
193 15 3 5 11
194 7 5 5 19
195 11 5 3 11
196 11 4 2 14
197 10 5 2 6
198 9 7 5 8
199 6 7 4 8
200 12 1 8 9
201 12 8 3 11
202 8 6 5 14
203 16 2 4 8
204 13 5 3 8
205 10 7 3 9
206 8 6 6 7
207 8 4 6 7
208 5 4 5 9
209 5 7 4 14
210 10 10 4 10
211 7 6 3 12
212 6 10 3 11
213 4 6 6 14
214 8 7 2 13
215 9 6 2 7
216 8 7 2 7
217 9 4 2 7
218 2 3 1 11
219 5 3 0 8
220 10 4 4 14
221 5 3 5 7
222 9 6 2 9
223 6 5 2 4
224 4 3 2 6
225 4 5 3 5
226 8 6 2 7
227 7 6 2 8
228 5 3 3 7
229 3 4 3 8
230 4 2 1 8
231 2 4 3 7
232 3 4 1 3
233 1 2 3 7
234 5 2 0 8
235 5 2 1 8
236 3 1 4 8
237 6 2 1 3
238 4 2 1 4
239 3 3 4 5
240 3 1 2 6
241 3 1 2 1
242 2 2 3 1
243 2 2 1 6
244 1 2 2 3
245 1 3 1 2
246 2 2 1 7
247 2 2 2 3
248 1 1 0 5
249 1 2 0 4
250 3 1 1 4
251 3 2 1 3
252 4 2 2 2
253 4 0 1 1
254 2 1 0 5
255 4 2 0 1
256 3 1 0 4
257 1 0 1 1
258 2 2 1 2
259 1 3 1 4
260 1 1 3 1
261 1 2 3 1
262 0 0 2 0
263 1 2 1 1
264 1 1 1 3
265 0 1 0 5
266 0 0 0 5
267 0 0 0 3
268 0 1 0 5
269 0 1 0 0
270 0 0 1 2
271 0 0 0 0
272 0 0 0 2
273 2 0 1 0
274 1 0 0 0
275 2 0 0 0
276 1 0 0 1
277 1 0 0 2
278 1 0 0 0
279 1 0 0 0
280 0 0 1 0
281 1 0 1 0
282 0 1 1 0
283 0 0 1 0
284 0 2 0 1
285 1 0 0 1
286 1 1 1 0
287 1 1 0 0
288 1 0 0 0
289 0 0 0 2
290 0 0 1 3
291 0 0 0 2
292 0 0 0 1
293 0 1 0 0
294 0 0 0 1
295 0 1 0 0
296 0 1 0 0
297 1 0 0 1
298 2 0 0 0
299 0 0 0 1
300 2 0 0 0
301 2 0 0 0
302 1 0 0 0
303 1 0 0 1
304 0 0 0 0
305 0 1 0 0
306 1 0 1 0
307 0 1 1 0
308 0 0 0 0
309 0 0 1 0
310 0 1 1 0
311 0 0 2 0
312 0 1 0 1
313 0 0 0 2
314 0 0 0 3
315 0 0 0 1
316 0 0 0 0
317 0 0 0 1
318 0 0 0 1
319 0 0 0 1
320 0 0 0 0
321 0 0 0 0
322 0 0 0 0
323 1 0 0 0
324 0 0 0 0
325 0 0 0 0
326 0 0 0 0
327 0 0 0 0
328 1 1 0 0
329 0 0 0 0
330 0 0 0 0
331 0 0 0 0
332 0 0 0 0
333 0 1 0 0
334 0 0 0 0
335 0 0 0 1
336 0 0 0 0
337 0 0 0 1
338 0 0 0 0
339 0 0 0 0
340 0 0 0 0
341 0 0 0 0
342 0 0 0 0
343 0 0 0 0
344 0 0 0 0
345 0 0 0 0
346 0 0 0 0
347 0 0 0 0
348 0 0 0 0
349 0 0 0 0
350 0 0 0 0
351 0 0 0 0
352 0 0 0 0
353 0 0 0 0
354 0 0 0 0
355 0 0 0 0
356 0 0 0 0
357 0 0 0 0
358 0 0 0 0
359 0 0 0 0
360 0 0 0 0
361 0 0 0 0
362 0 0 0 0
363 0 0 0 0
364 0 0 0 0
365 0 0 0 0
366 0 0 0 0
367 0 0 0 0
368 0 0 0 0
369 0 0 0 0
370 0 0 0 0
371 0 0 0 0
372 0 0 0 0
373 0 0 0 0
374 0 0 0 0
375 0 0 0 0
376 0 0 0 0
377 0 0 0 0
378 0 0 0 0
379 0 0 0 0
380 0 0 0 0
381 0 0 0 0
382 0 0 0 0
383 0 0 0 0
384 0 0 0 0
385 0 0 0 0
386 0 0 0 0
387 0 0 0 0
388 0 0 0 0
389 0 0 0 0
390 0 0 0 0
391 0 0 0 0
392 0 0 0 0
393 0 0 0 0
394 0 0 0 0
395 0 0 0 0
396 0 0 0 0
397 0 0 0 0
398 0 0 0 0
399 0 0 0 0
400 0 0 0 0
401 0 0 0 0
402 0 0 0 0
403 0 0 0 0
404 0 0 0 0
405 0 0 0 0
406 0 0 0 0
407 0 0 0 0
408 0 0 0 0
409 0 0 0 0
410 0 0 0 0
411 0 0 0 0
412 0 0 0 0
413 0 0 0 0
414 0 0 0 0
415 0 0 0 0
416 0 0 0 0
417 0 0 0 0
418 0 0 0 0
419 0 0 0 0
420 0 0 0 0
421 0 0 0 0
422 0 0 0 0
423 0 0 0 0
424 0 0 0 0
425 0 0 0 0
426 0 0 0 0
427 0 0 0 0
428 0 0 0 0
429 0 0 0 0
430 0 0 0 0
431 0 0 0 0
432 0 0 0 0
433 0 0 0 0
434 0 0 0 0
435 0 0 0 0
436 0 0 0 0
437 0 0 0 0
438 0 0 0 0
439 0 0 0 0
440 0 0 0 0
441 0 0 0 0
442 0 0 0 0
443 0 0 0 0
444 0 0 0 0
445 0 0 0 0
446 0 0 0 0
447 0 0 0 0
448 0 0 0 0
449 0 0 0 0
450 0 0 0 0
451 0 0 0 0
452 0 0 0 0
453 0 0 0 0
454 0 0 0 0
455 0 0 0 0
456 0 0 0 0
457 0 0 0 0
458 0 0 0 0
459 0 0 0 0
460 0 0 0 0
461 0 0 0 0
462 0 0 0 0
463 0 0 0 0
464 0 0 0 0
465 0 0 0 0
466 0 0 0 0
467 0 0 0 0
468 0 0 0 0
469 0 0 0 0
470 0 0 0 0
471 0 0 0 0
472 0 0 0 0
473 0 0 0 0
474 0 0 0 0
475 0 0 0 0
476 0 0 0 0
477 0 0 0 0
478 0 0 0 0
479 0 0 0 0
480 0 0 0 0
481 0 0 0 0
482 0 0 0 0
483 0 0 0 0
484 0 0 0 0
485 0 0 0 0
486 0 0 0 0
487 0 0 0 0
488 0 0 0 0
489 0 0 0 0
490 0 0 0 0
491 0 0 0 0
492 0 0 0 0
493 0 0 0 0
494 0 0 0 0
495 0 0 0 0
496 0 0 0 0
497 0 0 0 0
498 0 0 0 0
499 0 0 0 0
500 0 0 0 0
501 0 0 0 0
502 0 0 0 0
503 0 0 0 0
504 0 0 0 0
505 0 0 0 0
506 0 0 0 0
507 0 0 0 0
508 0 0 0 0
509 0 0 0 0
510 0 0 0 0
511 0 0 0 0
512 0 0 0 0
513 0 0 0 0
514 0 0 0 0
515 0 0 0 0
516 0 0 0 0
517 0 0 0 0
518 0 0 0 0
519 0 0 0 0
520 0 0 0 0
521 0 0 0 0
522 0 0 0 0
523 0 0 0 0
524 0 0 0 0
525 0 0 0 0
526 0 0 0 0
527 0 0 0 0
528 0 0 0 0
529 0 0 0 0
530 0 0 0 0
531 0 0 0 0
532 0 0 0 0
533 0 0 0 0
534 0 0 0 0
535 0 0 0 0
536 0 0 0 0
537 0 0 0 0
538 0 0 0 0
539 0 0 0 0
540 0 0 0 0
541 0 0 0 0
542 0 0 0 0
543 0 0 0 0
544 0 0 0 0
545 0 0 0 0
546 0 0 0 0
547 0 0 0 0
548 0 0 0 0
549 0 0 0 0
550 0 0 0 0
551 0 0 0 0
552 0 0 0 0
553 0 0 0 0
554 0 0 0 0
555 0 0 0 0
556 0 0 0 0
557 0 0 0 0
558 0 0 0 0
559 0 0 0 0
560 0 0 0 0
561 0 0 0 0
562 0 0 0 0
563 0 0 0 0
564 0 0 0 0
565 0 0 0 0
566 0 0 0 0
567 0 0 0 0
568 0 0 0 0
569 0 0 0 0
570 0 0 0 0
571 0 0 0 0
572 0 0 0 0
573 0 0 0 0
574 0 0 0 0
575 0 0 0 0
576 0 0 0 0
577 0 0 0 0
578 0 0 0 0
579 0 0 0 0
580 0 0 0 0
581 0 0 0 0
582 0 0 0 0
583 0 0 0 0
584 0 0 0 0
585 0 0 0 0
586 0 0 0 0
587 0 0 0 0
588 0 0 0 0
589 0 0 0 0
590 0 0 0 0
591 0 0 0 0
592 0 0 0 0
593 0 0 0 0
594 0 0 0 0
595 0 0 0 0
596 0 0 0 0
597 0 0 0 0
598 0 0 0 0
599 0 0 0 0
600 0 0 0 0
601 0 0 0 0
602 0 0 0 0
603 0 0 0 0
604 0 0 0 0
605 0 0 0 0
606 0 0 0 0
607 0 0 0 0
608 0 0 0 0
609 0 0 0 0
610 0 0 0 0
611 0 0 0 0
612 0 0 0 0
613 0 0 0 0
614 0 0 0 0
615 0 0 0 0
616 0 0 0 0
617 0 0 0 0
618 0 0 0 0
619 0 0 0 0
620 0 0 0 0
621 0 0 0 0
622 0 0 0 0
623 0 0 0 0
624 0 0 0 0
625 0 0 0 0
626 0 0 0 0
627 0 0 0 0
628 0 0 0 0
629 0 0 0 0
630 0 0 0 0
631 0 0 0 0
632 0 0 0 0
633 0 0 0 0
634 0 0 0 0
635 0 0 0 0
636 0 0 0 0
637 0 0 0 0
638 0 0 0 0
639 0 0 0 0
640 0 0 0 0
641 0 0 0 0
642 0 0 0 0
643 0 0 0 0
644 0 0 0 0
645 0 0 0 0
646 0 0 0 0
647 0 0 0 0
648 0 0 0 0
649 0 0 0 0
650 0 0 0 0
651 0 0 0 0
652 0 0 0 0
653 0 0 0 0
654 0 0 0 0
655 0 0 0 0
656 0 0 0 0
657 0 0 0 0
658 0 0 0 0
659 0 0 0 0
660 0 0 0 0
661 0 0 0 0
662 0 0 0 0
663 0 0 0 0
664 0 0 0 0
665 0 0 0 0
666 0 0 0 0
667 0 0 0 0
668 0 0 0 0
669 0 0 0 0
670 0 0 0 0
671 0 0 0 0
672 0 0 0 0
673 0 0 0 0
674 0 0 0 0
675 0 0 0 0
676 0 0 0 0
677 0 0 0 0
678 0 0 0 0
679 0 0 0 0
680 0 0 0 0
681 0 0 0 0
682 0 0 0 0
683 0 0 0 0
684 0 0 0 0
685 0 0 0 0
686 0 0 0 0
687 0 0 0 0
688 0 0 0 0
689 0 0 0 0
690 0 0 0 0
691 0 0 0 0
692 0 0 0 0
693 0 0 0 0
694 0 0 0 0
695 0 0 0 0
696 0 0 0 0
697 0 0 0 0
698 0 0 0 0
699 0 0 0 0
700 0 0 0 0
701 0 0 0 0
702 0 0 0 0
703 0 0 0 0
704 0 0 0 0
705 0 0 0 0
706 0 0 0 0
707 0 0 0 0
708 0 0 0 0
709 0 0 0 0
710 0 0 0 0
711 0 0 0 0
712 0 0 0 0
713 0 0 0 0
714 0 0 0 0
715 0 0 0 0
716 0 0 0 0
717 0 0 0 0
718 0 0 0 0
719 0 0 0 0
720 0 0 0 0
721 0 0 0 0
722 0 0 0 0
723 0 0 0 0
724 0 0 0 0
725 0 0 0 0
726 0 0 0 0
727 0 0 0 0
