0 0 0 0 0
1 0 0 0 0
2 0 0 0 0
3 0 0 0 0
4 0 0 0 0
5 0 1 2 0
6 0 0 0 0
7 0 0 0 0
8 0 0 0 0
9 0 0 2 3
10 0 0 0 0
11 0 0 0 0
12 0 0 0 0
13 0 0 0 0
14 0 0 0 0
15 1 0 0 0
16 0 0 0 2
17 0 0 0 0
18 1 0 0 0
19 1 0 0 0
20 0 0 1 0
21 0 0 0 0
22 1 0 0 0
23 1 0 1 0
24 0 0 0 1
25 1 0 0 0
26 1 0 0 0
27 2 1 0 1
28 0 1 1 0
29 1 0 0 0
30 2 1 0 0
31 0 1 0 0
32 1 1 0 1
33 3 0 0 0
34 2 0 0 2
35 0 0 0 2
36 2 0 1 0
37 2 0 0 0
38 3 1 1 0
39 2 2 3 1
40 0 0 0 0
41 0 1 1 0
42 0 0 2 1
43 1 2 0 4
44 1 2 0 0
45 1 0 1 2
46 2 1 0 3
47 0 1 0 2
48 0 0 1 1
49 0 1 0 1
50 0 0 0 0
51 0 0 0 2
52 0 0 0 1
53 0 0 0 1
54 1 1 1 1
55 4 1 0 1
56 1 0 0 1
57 2 0 0 0
58 3 0 0 2
59 1 0 1 1
60 1 0 3 0
61 2 0 0 0
62 1 1 0 0
63 3 1 0 0
64 3 1 0 0
65 4 1 0 0
66 1 2 0 2
67 3 1 2 4
68 4 2 1 1
69 2 0 3 1
70 4 2 1 0
71 4 2 0 1
72 1 1 1 0
73 4 2 1 4
74 2 1 0 3
75 3 2 0 4
76 2 3 0 3
77 5 2 1 4
78 2 2 2 2
79 1 1 2 2
80 5 2 3 4
81 3 1 1 2
82 2 2 2 3
83 2 0 1 1
84 1 1 0 3
85 2 2 1 1
86 1 0 4 3
87 2 3 1 3
88 3 1 2 2
89 4 1 2 5
90 5 2 1 3
91 4 0 0 2
92 5 1 1 3
93 4 1 0 4
94 4 2 1 6
95 5 1 2 1
96 2 1 3 1
97 3 0 4 1
98 6 2 2 2
99 4 2 0 3
100 2 3 2 3
101 2 2 2 3
102 4 1 3 3
103 1 8 2 1
104 6 1 3 4
105 6 1 0 6
106 5 1 1 4
107 7 0 0 8
108 4 2 1 2
109 4 3 0 3
110 4 5 1 6
111 5 5 4 3
112 8 1 2 3
113 7 3 3 2
114 2 4 0 4
115 6 3 1 3
116 4 3 3 4
117 8 3 3 6
118 8 5 1 7
119 6 1 0 5
120 3 3 3 6
121 4 5 1 7
122 6 5 2 5
123 2 3 4 1
124 3 2 1 6
125 7 0 2 5
126 6 2 2 4
127 7 3 2 4
128 6 3 4 5
129 6 2 2 5
130 9 4 2 7
131 5 8 1 2
132 6 2 2 6
133 9 2 1 5
134 8 6 2 6
135 10 4 2 8
136 6 5 1 5
137 8 2 4 5
138 4 5 2 6
139 7 4 2 4
140 5 5 5 4
141 8 6 1 7
142 5 1 4 7
143 9 4 3 6
144 5 4 3 7
145 10 3 2 8
146 8 7 4 7
147 7 2 1 10
148 9 1 8 6
149 8 4 3 6
150 0 8 5 10
151 5 7 2 4
152 8 2 3 6
153 5 7 2 7
154 13 6 1 10
155 9 2 0 10
156 7 8 1 8
157 2 3 1 10
158 4 3 3 7
159 4 5 4 4
160 7 5 3 7
161 9 6 4 4
162 5 2 1 5
163 8 2 3 10
164 8 3 3 7
165 5 4 2 5
166 6 4 2 8
167 9 3 1 4
168 7 3 2 9
169 8 2 1 3
170 13 4 4 5
171 8 2 2 6
172 8 4 6 7
173 14 4 6 5
174 9 7 1 5
175 8 3 7 4
176 16 10 0 7
177 8 5 4 10
178 11 6 6 5
179 10 8 3 8
180 7 4 1 11
181 7 9 2 10
182 5 6 3 13
183 10 4 5 9
184 5 2 6 8
185 10 5 5 13
186 10 6 1 12
187 11 5 2 6
188 11 6 6 9
189 9 4 4 7
190 7 5 4 11
191 13 5 5 7
192 14 9 7 11
193 13 9 1 4
194 12 5 3 12
195 19 3 5 12
196 12 5 2 11
197 17 5 3 6
198 16 5 7 8
199 11 7 1 13
200 8 9 10 9
201 6 11 3 8
202 7 10 8 5
203 11 6 10 7
204 7 9 4 12
205 10 7 4 19
206 14 6 5 13
207 10 4 5 16
208 6 7 5 10
209 5 4 7 19
210 4 5 1 15
211 7 5 7 10
212 8 2 4 14
213 7 1 1 10
214 7 5 4 9
215 7 7 1 8
216 7 7 2 7
217 5 6 4 5
218 5 2 0 12
219 6 2 3 8
220 5 5 6 4
221 5 3 5 10
222 4 6 3 7
223 2 5 3 10
224 5 4 4 8
225 4 5 2 5
226 3 1 3 4
227 3 1 1 9
228 0 2 0 5
229 1 3 0 9
230 2 2 1 4
231 5 3 1 7
232 3 0 0 7
233 1 0 3 5
234 2 1 2 3
235 2 1 3 1
236 3 2 3 1
237 2 3 0 3
238 2 0 0 4
239 2 1 1 1
240 1 1 2 3
241 2 1 2 3
242 3 1 1 3
243 1 1 1 3
244 3 2 1 4
245 1 1 1 3
246 3 1 0 3
247 3 2 0 2
248 2 0 1 2
249 4 1 1 3
250 4 1 2 1
251 2 2 1 2
252 1 1 1 1
253 1 2 0 2
254 2 0 0 3
255 1 3 1 2
256 1 2 0 2
257 1 1 1 3
258 2 3 2 1
259 2 1 2 3
260 1 1 1 0
261 0 0 1 1
262 3 0 0 4
263 0 0 2 4
264 0 1 0 1
265 0 0 0 4
266 1 0 1 1
267 1 2 1 4
268 0 0 1 0
269 0 1 0 0
270 0 0 0 1
271 0 1 1 2
272 0 0 0 1
273 0 0 0 1
274 0 0 0 2
275 0 0 0 2
276 1 1 0 0
277 1 0 0 0
278 0 0 0 0
279 0 0 0 0
280 0 0 0 0
281 1 1 0 0
282 1 0 0 0
283 1 0 0 1
284 1 0 0 0
285 0 0 0 1
286 1 2 0 0
287 0 1 0 0
288 0 0 0 0
289 0 0 0 0
290 0 1 0 0
291 0 0 0 0
292 0 0 0 0
293 0 0 1 2
294 0 0 0 1
295 0 0 1 0
296 0 0 0 0
297 0 0 0 1
298 0 0 0 0
299 0 0 0 0
300 0 0 0 1
301 0 0 0 0
302 0 0 0 1
303 0 0 0 0
304 0 0 0 0
305 0 0 0 0
306 0 0 0 0
307 0 0 0 0
308 1 0 0 0
309 0 0 0 0
310 1 0 0 0
311 0 0 0 0
312 0 0 0 0
313 1 0 0 0
314 0 0 0 0
315 1 0 0 0
316 0 0 0 0
317 0 0 1 0
318 0 1 0 0
319 0 1 0 0
320 0 0 0 0
321 0 0 0 0
322 0 0 0 0
323 0 0 0 2
324 0 1 0 1
325 0 0 0 0
326 0 0 0 0
327 0 0 0 0
328 0 0 0 0
329 0 0 0 0
330 0 0 0 0
331 0 0 0 1
332 0 0 0 0
333 0 0 0 0
334 0 0 0 0
335 0 0 0 0
336 0 0 0 0
337 0 0 0 0
338 0 0 0 0
339 0 0 0 0
340 0 0 0 0
341 0 0 0 0
342 0 0 0 0
343 0 0 0 0
344 0 0 0 0
345 0 0 0 0
346 0 0 0 0
347 0 0 0 0
348 0 0 0 0
349 0 0 0 0
350 0 0 0 0
351 0 0 0 0
352 0 0 0 0
353 0 0 0 0
354 0 0 0 0
355 0 0 0 0
356 0 0 0 0
357 0 0 0 0
358 0 0 0 0
359 0 0 0 0
360 0 0 0 0
361 0 0 0 0
362 0 0 0 0
363 0 0 0 0
364 0 0 0 0
365 0 0 0 0
366 0 0 0 0
367 0 0 0 0
368 0 0 0 0
369 0 0 0 0
370 0 0 0 0
371 0 0 0 0
372 0 0 0 0
373 0 0 0 0
374 0 0 0 0
375 0 0 0 0
376 0 0 0 0
377 0 0 0 0
378 0 0 0 0
379 0 0 0 0
380 0 0 0 0
381 0 0 0 0
382 0 0 0 0
383 0 0 0 0
384 0 0 0 0
385 0 0 0 0
386 0 0 0 0
387 0 0 0 0
388 0 0 0 0
389 0 0 0 0
390 0 0 0 0
391 0 0 0 0
392 0 0 0 0
393 0 0 0 0
394 0 0 0 0
395 0 0 0 0
396 0 0 0 0
397 0 0 0 0
398 0 0 0 0
399 0 0 0 0
400 0 0 0 0
401 0 0 0 0
402 0 0 0 0
403 0 0 0 0
404 0 0 0 0
405 0 0 0 0
406 0 0 0 0
407 0 0 0 0
408 0 0 0 0
409 0 0 0 0
410 0 0 0 0
411 0 0 0 0
412 0 0 0 0
413 0 0 0 0
414 0 0 0 0
415 0 0 0 0
416 0 0 0 0
417 0 0 0 0
418 0 0 0 0
419 0 0 0 0
420 0 0 0 0
421 0 0 0 0
422 0 0 0 0
423 0 0 0 0
424 0 0 0 0
425 0 0 0 0
426 0 0 0 0
427 0 0 0 0
428 0 0 0 0
429 0 0 0 0
430 0 0 0 0
431 0 0 0 0
432 0 0 0 0
433 0 0 0 0
434 0 0 0 0
435 0 0 0 0
436 0 0 0 0
437 0 0 0 0
438 0 0 0 0
439 0 0 0 0
440 0 0 0 0
441 0 0 0 0
442 0 0 0 0
443 0 0 0 0
444 0 0 0 0
445 0 0 0 0
446 0 0 0 0
447 0 0 0 0
448 0 0 0 0
449 0 0 0 0
450 0 0 0 0
451 0 0 0 0
452 0 0 0 0
453 0 0 0 0
454 0 0 0 0
455 0 0 0 0
456 0 0 0 0
457 0 0 0 0
458 0 0 0 0
459 0 0 0 0
460 0 0 0 0
461 0 0 0 0
462 0 0 0 0
463 0 0 0 0
464 0 0 0 0
465 0 0 0 0
466 0 0 0 0
467 0 0 0 0
468 0 0 0 0
469 0 0 0 0
470 0 0 0 0
471 0 0 0 0
472 0 0 0 0
473 0 0 0 0
474 0 0 0 0
475 0 0 0 0
476 0 0 0 0
477 0 0 0 0
478 0 0 0 0
479 0 0 0 0
480 0 0 0 0
481 0 0 0 0
482 0 0 0 0
483 0 0 0 0
484 0 0 0 0
485 0 0 0 0
486 0 0 0 0
487 0 0 0 0
488 0 0 0 0
489 0 0 0 0
490 0 0 0 0
491 0 0 0 0
492 0 0 0 0
493 0 0 0 0
494 0 0 0 0
495 0 0 0 0
496 0 0 0 0
497 0 0 0 0
498 0 0 0 0
499 0 0 0 0
500 0 0 0 0
501 0 0 0 0
502 0 0 0 0
503 0 0 0 0
504 0 0 0 0
505 0 0 0 0
506 0 0 0 0
507 0 0 0 0
508 0 0 0 0
509 0 0 0 0
510 0 0 0 0
511 0 0 0 0
512 0 0 0 0
513 0 0 0 0
514 0 0 0 0
515 0 0 0 0
516 0 0 0 0
517 0 0 0 0
518 0 0 0 0
519 0 0 0 0
520 0 0 0 0
521 0 0 0 0
522 0 0 0 0
523 0 0 0 0
524 0 0 0 0
525 0 0 0 0
526 0 0 0 0
527 0 0 0 0
528 0 0 0 0
529 0 0 0 0
530 0 0 0 0
531 0 0 0 0
532 0 0 0 0
533 0 0 0 0
534 0 0 0 0
535 0 0 0 0
536 0 0 0 0
537 0 0 0 0
538 0 0 0 0
539 0 0 0 0
540 0 0 0 0
541 0 0 0 0
542 0 0 0 0
543 0 0 0 0
544 0 0 0 0
545 0 0 0 0
546 0 0 0 0
547 0 0 0 0
548 0 0 0 0
549 0 0 0 0
550 0 0 0 0
551 0 0 0 0
552 0 0 0 0
553 0 0 0 0
554 0 0 0 0
555 0 0 0 0
556 0 0 0 0
557 0 0 0 0
558 0 0 0 0
559 0 0 0 0
560 0 0 0 0
561 0 0 0 0
562 0 0 0 0
563 0 0 0 0
564 0 0 0 0
565 0 0 0 0
566 0 0 0 0
567 0 0 0 0
568 0 0 0 0
569 0 0 0 0
570 0 0 0 0
571 0 0 0 0
572 0 0 0 0
573 0 0 0 0
574 0 0 0 0
575 0 0 0 0
576 0 0 0 0
577 0 0 0 0
578 0 0 0 0
579 0 0 0 0
580 0 0 0 0
581 0 0 0 0
582 0 0 0 0
583 0 0 0 0
584 0 0 0 0
585 0 0 0 0
586 0 0 0 0
587 0 0 0 0
588 0 0 0 0
589 0 0 0 0
590 0 0 0 0
591 0 0 0 0
592 0 0 0 0
593 0 0 0 0
594 0 0 0 0
595 0 0 0 0
596 0 0 0 0
597 0 0 0 0
598 0 0 0 0
599 0 0 0 0
600 0 0 0 0
601 0 0 0 0
602 0 0 0 0
603 0 0 0 0
604 0 0 0 0
605 0 0 0 0
606 0 0 0 0
607 0 0 0 0
608 0 0 0 0
609 0 0 0 0
610 0 0 0 0
611 0 0 0 0
612 0 0 0 0
613 0 0 0 0
614 0 0 0 0
615 0 0 0 0
616 0 0 0 0
617 0 0 0 0
618 0 0 0 0
619 0 0 0 0
620 0 0 0 0
621 0 0 0 0
622 0 0 0 0
623 0 0 0 0
624 0 0 0 0
625 0 0 0 0
626 0 0 0 0
627 0 0 0 0
628 0 0 0 0
629 0 0 0 0
630 0 0 0 0
631 0 0 0 0
632 0 0 0 0
633 0 0 0 0
634 0 0 0 0
635 0 0 0 0
636 0 0 0 0
637 0 0 0 0
638 0 0 0 0
639 0 0 0 0
640 0 0 0 0
641 0 0 0 0
642 0 0 0 0
643 0 0 0 0
644 0 0 0 0
645 0 0 0 0
646 0 0 0 0
647 0 0 0 0
648 0 0 0 0
649 0 0 0 0
650 0 0 0 0
651 0 0 0 0
652 0 0 0 0
653 0 0 0 0
654 0 0 0 0
655 0 0 0 0
656 0 0 0 0
657 0 0 0 0
658 0 0 0 0
659 0 0 0 0
660 0 0 0 0
661 0 0 0 0
662 0 0 0 0
663 0 0 0 0
664 0 0 0 0
665 0 0 0 0
666 0 0 0 0
667 0 0 0 0
668 0 0 0 0
669 0 0 0 0
670 0 0 0 0
671 0 0 0 0
672 0 0 0 0
673 0 0 0 0
674 0 0 0 0
675 0 0 0 0
676 0 0 0 0
677 0 0 0 0
678 0 0 0 0
679 0 0 0 0
680 0 0 0 0
681 0 0 0 0
682 0 0 0 0
683 0 0 0 0
684 0 0 0 0
685 0 0 0 0
686 0 0 0 0
687 0 0 0 0
688 0 0 0 0
689 0 0 0 0
690 0 0 0 0
691 0 0 0 0
692 0 0 0 0
693 0 0 0 0
694 0 0 0 0
695 0 0 0 0
696 0 0 0 0
697 0 0 0 0
698 0 0 0 0
699 0 0 0 0
700 0 0 0 0
701 0 0 0 0
702 0 0 0 0
703 0 0 0 0
704 0 0 0 0
705 0 0 0 0
706 0 0 0 0
707 0 0 0 0
708 0 0 0 0
709 0 0 0 0
710 0 0 0 0
711 0 0 0 0
712 0 0 0 0
713 0 0 0 0
714 0 0 0 0
715 0 0 0 0
716 0 0 0 0
717 0 0 0 0
718 0 0 0 0
719 0 0 0 0
720 0 0 0 0
721 0 0 0 0
722 0 0 0 0
723 0 0 0 0
724 0 0 0 0
725 0 0 0 0
726 0 0 0 0
727 0 0 0 0
