0 0 0 0 0
1 0 0 0 0
2 0 0 0 0
3 0 0 0 0
4 0 0 0 0
5 0 1 2 0
6 0 0 0 0
7 0 0 0 0
8 0 0 0 0
9 0 1 1 2
10 0 0 0 0
11 0 0 0 0
12 0 0 0 1
13 0 0 0 1
14 0 0 0 0
15 0 0 0 0
16 0 0 0 1
17 2 0 0 0
18 1 0 0 0
19 1 0 0 0
20 1 0 0 0
21 0 0 0 0
22 0 0 1 0
23 0 0 0 0
24 1 1 0 0
25 0 0 1 0
26 1 1 0 1
27 1 1 0 0
28 1 0 0 0
29 1 0 1 0
30 2 0 0 0
31 1 1 0 2
32 0 1 0 1
33 0 0 0 1
34 0 0 1 0
35 0 1 1 1
36 1 1 0 2
37 1 1 0 0
38 0 0 0 0
39 1 0 0 0
40 1 0 0 1
41 0 1 0 1
42 0 0 0 2
43 0 0 0 0
44 1 0 0 1
45 1 0 0 0
46 0 0 1 0
47 1 0 0 0
48 2 0 1 1
49 0 2 0 0
50 3 0 0 0
51 1 0 0 0
52 1 0 1 1
53 0 0 2 2
54 0 0 1 0
55 1 0 1 0
56 1 0 0 2
57 0 0 0 1
58 2 0 0 0
59 1 1 1 1
60 1 0 1 1
61 0 1 1 1
62 1 0 0 0
63 0 0 0 1
64 1 0 1 0
65 1 1 0 1
66 0 0 0 1
67 0 1 1 1
68 0 1 0 2
69 0 1 0 0
70 1 0 0 0
71 2 0 1 0
72 1 0 0 2
73 1 0 0 1
74 5 1 0 2
75 2 1 0 0
76 3 1 1 0
77 1 0 1 0
78 4 0 1 1
79 2 2 1 0
80 4 1 1 1
81 1 2 1 3
82 3 0 1 2
83 2 2 0 2
84 2 2 0 1
85 0 1 2 2
86 0 0 1 2
87 3 5 1 1
88 2 1 0 3
89 3 2 1 1
90 2 0 0 2
91 1 0 1 4
92 1 2 1 3
93 2 1 0 2
94 2 2 1 3
95 2 1 0 0
96 0 2 0 2
97 1 1 1 1
98 2 1 0 4
99 2 1 1 2
100 1 2 0 3
101 3 0 0 2
102 3 2 0 1
103 3 1 0 1
104 2 0 0 2
105 2 0 0 0
106 3 2 1 3
107 8 2 2 1
108 4 1 3 0
109 2 1 1 0
110 5 0 1 2
111 3 2 2 1
112 7 5 2 2
113 4 3 0 3
114 4 1 1 4
115 3 2 1 5
116 3 3 2 4
117 3 3 2 2
118 4 3 0 1
119 2 1 4 5
120 1 2 1 4
121 5 4 1 4
122 4 2 1 3
123 5 5 0 6
124 2 1 1 2
125 1 1 0 5
126 4 3 2 5
127 1 0 2 4
128 0 2 2 3
129 3 2 0 2
130 1 2 1 5
131 6 3 2 1
132 6 1 2 3
133 4 1 0 4
134 8 1 0 2
135 4 0 1 4
136 5 3 1 3
137 6 0 1 3
138 6 4 0 2
139 10 3 2 2
140 6 2 4 1
141 10 4 2 3
142 4 2 3 3
143 8 4 3 5
144 6 5 2 4
145 5 3 3 3
146 1 7 3 5
147 7 4 3 9
148 3 6 3 6
149 4 2 5 4
150 6 4 0 6
151 6 0 1 7
152 5 3 2 8
153 5 5 0 10
154 3 4 1 6
155 3 4 2 4
156 5 3 2 6
157 7 0 2 3
158 9 4 2 2
159 11 1 2 6
160 13 5 2 6
161 9 3 3 5
162 9 5 2 5
163 9 4 5 5
164 0 3 2 5
165 10 7 1 8
166 14 3 7 6
167 8 4 4 6
168 10 5 3 7
169 14 3 4 8
170 9 6 0 9
171 7 9 4 7
172 8 9 3 4
173 10 4 2 9
174 8 8 5 7
175 7 7 2 12
176 5 6 2 9
177 5 5 0 3
178 7 10 3 11
179 8 3 5 14
180 14 2 1 9
181 9 4 6 10
182 10 3 4 9
183 11 6 4 11
184 6 7 2 2
185 10 4 1 9
186 22 5 3 4
187 14 1 2 11
188 6 6 6 8
189 12 6 10 9
190 11 3 4 10
191 11 10 12 8
192 7 9 2 9
193 13 5 1 13
194 8 10 4 5
195 13 7 7 15
196 12 7 6 13
197 15 4 3 7
198 11 5 4 15
199 8 6 4 11
200 13 11 3 9
201 14 4 3 12
202 7 8 6 14
203 7 6 4 11
204 8 8 1 11
205 11 11 2 9
206 8 11 2 13
207 8 4 2 10
208 4 8 2 5
209 7 7 1 12
210 9 7 6 15
211 2 5 5 8
212 7 4 5 14
213 5 4 2 9
214 10 6 4 8
215 3 2 3 8
216 5 3 3 8
217 6 2 3 11
218 3 2 4 7
219 4 9 2 6
220 3 2 0 6
221 6 7 0 11
222 3 3 3 6
223 7 1 1 8
224 3 4 1 5
225 5 2 0 7
226 5 2 3 7
227 4 2 3 2
228 3 4 2 5
229 0 4 3 4
230 3 3 3 1
231 2 2 0 7
232 2 4 0 5
233 3 2 0 8
234 4 2 0 4
235 4 1 2 3
236 0 0 3 7
237 3 1 2 4
238 8 2 0 3
239 2 4 1 1
240 1 2 2 2
241 0 0 1 3
242 3 1 0 2
243 3 4 0 2
244 0 0 1 2
245 0 1 0 2
246 0 2 2 5
247 1 4 3 5
248 1 2 1 2
249 1 1 0 2
250 1 0 0 3
251 1 0 0 4
252 2 1 2 0
253 0 1 0 2
254 1 0 1 3
255 0 1 0 3
256 1 1 0 4
257 1 1 0 0
258 0 0 0 0
259 1 0 0 0
260 3 0 0 1
261 2 2 0 2
262 1 0 0 1
263 2 1 0 1
264 0 0 0 0
265 0 1 0 1
266 2 1 1 0
267 1 0 0 0
268 1 2 0 1
269 1 1 1 1
270 0 1 0 2
271 0 1 0 0
272 0 0 2 0
273 1 1 0 1
274 0 1 0 1
275 1 1 1 3
276 0 0 0 4
277 0 0 0 0
278 0 1 0 0
279 0 0 0 1
280 0 1 0 1
281 0 0 0 0
282 0 0 0 2
283 0 0 0 0
284 0 0 0 1
285 0 0 0 1
286 1 0 0 0
287 2 0 0 0
288 0 0 0 0
289 1 0 0 0
290 1 0 0 0
291 1 0 1 0
292 0 0 0 0
293 1 0 0 0
294 1 0 0 0
295 1 0 1 1
296 0 2 1 0
297 0 0 0 0
298 0 0 2 0
299 0 0 0 1
300 0 0 0 2
301 0 0 0 0
302 0 0 0 1
303 0 1 0 1
304 0 0 1 0
305 0 0 0 1
306 0 0 0 0
307 0 0 0 1
308 0 0 0 0
309 0 0 0 0
310 0 0 0 0
311 0 0 0 1
312 0 0 0 0
313 0 0 0 0
314 0 0 0 0
315 0 0 0 0
316 0 0 0 0
317 0 0 0 0
318 0 0 0 0
319 0 0 0 0
320 0 0 0 0
321 0 0 0 0
322 0 0 0 0
323 0 0 0 0
324 0 0 0 0
325 0 0 0 0
326 0 0 0 0
327 0 0 0 0
328 0 0 0 0
329 0 0 0 0
330 0 0 0 0
331 0 0 0 0
332 0 0 0 0
333 0 0 0 0
334 0 0 0 0
335 0 0 0 0
336 0 0 0 0
337 0 0 0 0
338 0 0 0 0
339 0 0 0 0
340 0 0 0 0
341 0 0 0 0
342 0 0 0 0
343 0 0 0 0
344 0 0 0 0
345 0 0 0 0
346 0 0 0 0
347 0 0 0 0
348 0 0 0 0
349 0 0 0 0
350 0 0 0 0
351 0 0 0 0
352 0 0 0 0
353 0 0 0 0
354 0 0 0 0
355 0 0 0 0
356 0 0 0 0
357 0 0 0 0
358 0 0 0 0
359 0 0 0 0
360 0 0 0 0
361 0 0 0 0
362 0 0 0 0
363 0 0 0 0
364 0 0 0 0
365 0 0 0 0
366 0 0 0 0
367 0 0 0 0
368 0 0 0 0
369 0 0 0 0
370 0 0 0 0
371 0 0 0 0
372 0 0 0 0
373 0 0 0 0
374 0 0 0 0
375 0 0 0 0
376 0 0 0 0
377 0 0 0 0
378 0 0 0 0
379 0 0 0 0
380 0 0 0 0
381 0 0 0 0
382 0 0 0 0
383 0 0 0 0
384 0 0 0 0
385 0 0 0 0
386 0 0 0 0
387 0 0 0 0
388 0 0 0 0
389 0 0 0 0
390 0 0 0 0
391 0 0 0 0
392 0 0 0 0
393 0 0 0 0
394 0 0 0 0
395 0 0 0 0
396 0 0 0 0
397 0 0 0 0
398 0 0 0 0
399 0 0 0 0
400 0 0 0 0
401 0 0 0 0
402 0 0 0 0
403 0 0 0 0
404 0 0 0 0
405 0 0 0 0
406 0 0 0 0
407 0 0 0 0
408 0 0 0 0
409 0 0 0 0
410 0 0 0 0
411 0 0 0 0
412 0 0 0 0
413 0 0 0 0
414 0 0 0 0
415 0 0 0 0
416 0 0 0 0
417 0 0 0 0
418 0 0 0 0
419 0 0 0 0
420 0 0 0 0
421 0 0 0 0
422 0 0 0 0
423 0 0 0 0
424 0 0 0 0
425 0 0 0 0
426 0 0 0 0
427 0 0 0 0
428 0 0 0 0
429 0 0 0 0
430 0 0 0 0
431 0 0 0 0
432 0 0 0 0
433 0 0 0 0
434 0 0 0 0
435 0 0 0 0
436 0 0 0 0
437 0 0 0 0
438 0 0 0 0
439 0 0 0 0
440 0 0 0 0
441 0 0 0 0
442 0 0 0 0
443 0 0 0 0
444 0 0 0 0
445 0 0 0 0
446 0 0 0 0
447 0 0 0 0
448 0 0 0 0
449 0 0 0 0
450 0 0 0 0
451 0 0 0 0
452 0 0 0 0
453 0 0 0 0
454 0 0 0 0
455 0 0 0 0
456 0 0 0 0
457 0 0 0 0
458 0 0 0 0
459 0 0 0 0
460 0 0 0 0
461 0 0 0 0
462 0 0 0 0
463 0 0 0 0
464 0 0 0 0
465 0 0 0 0
466 0 0 0 0
467 0 0 0 0
468 0 0 0 0
469 0 0 0 0
470 0 0 0 0
471 0 0 0 0
472 0 0 0 0
473 0 0 0 0
474 0 0 0 0
475 0 0 0 0
476 0 0 0 0
477 0 0 0 0
478 0 0 0 0
479 0 0 0 0
480 0 0 0 0
481 0 0 0 0
482 0 0 0 0
483 0 0 0 0
484 0 0 0 0
485 0 0 0 0
486 0 0 0 0
487 0 0 0 0
488 0 0 0 0
489 0 0 0 0
490 0 0 0 0
491 0 0 0 0
492 0 0 0 0
493 0 0 0 0
494 0 0 0 0
495 0 0 0 0
496 0 0 0 0
497 0 0 0 0
498 0 0 0 0
499 0 0 0 0
500 0 0 0 0
501 0 0 0 0
502 0 0 0 0
503 0 0 0 0
504 0 0 0 0
505 0 0 0 0
506 0 0 0 0
507 0 0 0 0
508 0 0 0 0
509 0 0 0 0
510 0 0 0 0
511 0 0 0 0
512 0 0 0 0
513 0 0 0 0
514 0 0 0 0
515 0 0 0 0
516 0 0 0 0
517 0 0 0 0
518 0 0 0 0
519 0 0 0 0
520 0 0 0 0
521 0 0 0 0
522 0 0 0 0
523 0 0 0 0
524 0 0 0 0
525 0 0 0 0
526 0 0 0 0
527 0 0 0 0
528 0 0 0 0
529 0 0 0 0
530 0 0 0 0
531 0 0 0 0
532 0 0 0 0
533 0 0 0 0
534 0 0 0 0
535 0 0 0 0
536 0 0 0 0
537 0 0 0 0
538 0 0 0 0
539 0 0 0 0
540 0 0 0 0
541 0 0 0 0
542 0 0 0 0
543 0 0 0 0
544 0 0 0 0
545 0 0 0 0
546 0 0 0 0
547 0 0 0 0
548 0 0 0 0
549 0 0 0 0
550 0 0 0 0
551 0 0 0 0
552 0 0 0 0
553 0 0 0 0
554 0 0 0 0
555 0 0 0 0
556 0 0 0 0
557 0 0 0 0
558 0 0 0 0
559 0 0 0 0
560 0 0 0 0
561 0 0 0 0
562 0 0 0 0
563 0 0 0 0
564 0 0 0 0
565 0 0 0 0
566 0 0 0 0
567 0 0 0 0
568 0 0 0 0
569 0 0 0 0
570 0 0 0 0
571 0 0 0 0
572 0 0 0 0
573 0 0 0 0
574 0 0 0 0
575 0 0 0 0
576 0 0 0 0
577 0 0 0 0
578 0 0 0 0
579 0 0 0 0
580 0 0 0 0
581 0 0 0 0
582 0 0 0 0
583 0 0 0 0
584 0 0 0 0
585 0 0 0 0
586 0 0 0 0
587 0 0 0 0
588 0 0 0 0
589 0 0 0 0
590 0 0 0 0
591 0 0 0 0
592 0 0 0 0
593 0 0 0 0
594 0 0 0 0
595 0 0 0 0
596 0 0 0 0
597 0 0 0 0
598 0 0 0 0
599 0 0 0 0
600 0 0 0 0
601 0 0 0 0
602 0 0 0 0
603 0 0 0 0
604 0 0 0 0
605 0 0 0 0
606 0 0 0 0
607 0 0 0 0
608 0 0 0 0
609 0 0 0 0
610 0 0 0 0
611 0 0 0 0
612 0 0 0 0
613 0 0 0 0
614 0 0 0 0
615 0 0 0 0
616 0 0 0 0
617 0 0 0 0
618 0 0 0 0
619 0 0 0 0
620 0 0 0 0
621 0 0 0 0
622 0 0 0 0
623 0 0 0 0
624 0 0 0 0
625 0 0 0 0
626 0 0 0 0
627 0 0 0 0
628 0 0 0 0
629 0 0 0 0
630 0 0 0 0
631 0 0 0 0
632 0 0 0 0
633 0 0 0 0
634 0 0 0 0
635 0 0 0 0
636 0 0 0 0
637 0 0 0 0
638 0 0 0 0
639 0 0 0 0
640 0 0 0 0
641 0 0 0 0
642 0 0 0 0
643 0 0 0 0
644 0 0 0 0
645 0 0 0 0
646 0 0 0 0
647 0 0 0 0
648 0 0 0 0
649 0 0 0 0
650 0 0 0 0
651 0 0 0 0
652 0 0 0 0
653 0 0 0 0
654 0 0 0 0
655 0 0 0 0
656 0 0 0 0
657 0 0 0 0
658 0 0 0 0
659 0 0 0 0
660 0 0 0 0
661 0 0 0 0
662 0 0 0 0
663 0 0 0 0
664 0 0 0 0
665 0 0 0 0
666 0 0 0 0
667 0 0 0 0
668 0 0 0 0
669 0 0 0 0
670 0 0 0 0
671 0 0 0 0
672 0 0 0 0
673 0 0 0 0
674 0 0 0 0
675 0 0 0 0
676 0 0 0 0
677 0 0 0 0
678 0 0 0 0
679 0 0 0 0
680 0 0 0 0
681 0 0 0 0
682 0 0 0 0
683 0 0 0 0
684 0 0 0 0
685 0 0 0 0
686 0 0 0 0
687 0 0 0 0
688 0 0 0 0
689 0 0 0 0
690 0 0 0 0
691 0 0 0 0
692 0 0 0 0
693 0 0 0 0
694 0 0 0 0
695 0 0 0 0
696 0 0 0 0
697 0 0 0 0
698 0 0 0 0
699 0 0 0 0
700 0 0 0 0
701 0 0 0 0
702 0 0 0 0
703 0 0 0 0
704 0 0 0 0
705 0 0 0 0
706 0 0 0 0
707 0 0 0 0
708 0 0 0 0
709 0 0 0 0
710 0 0 0 0
711 0 0 0 0
712 0 0 0 0
713 0 0 0 0
714 0 0 0 0
715 0 0 0 0
716 0 0 0 0
717 0 0 0 0
718 0 0 0 0
719 0 0 0 0
720 0 0 0 0
721 0 0 0 0
722 0 0 0 0
723 0 0 0 0
724 0 0 0 0
725 0 0 0 0
726 0 0 0 0
727 0 0 0 0
