0 0 0 0 0
1 0 0 0 0
2 0 0 0 0
3 0 0 0 0
4 0 0 0 0
5 0 1 1 0
6 0 0 0 0
7 0 0 0 0
8 0 0 0 0
9 0 1 2 1
10 0 0 0 0
11 0 0 0 0
12 0 0 0 1
13 0 0 0 0
14 0 0 0 0
15 0 0 0 0
16 1 0 0 3
17 0 0 0 0
18 0 0 0 0
19 0 0 0 0
20 0 0 0 0
21 1 0 0 0
22 2 0 0 0
23 3 0 0 0
24 0 0 0 0
25 2 1 0 0
26 0 0 1 0
27 1 0 1 0
28 3 0 2 0
29 2 0 0 0
30 3 1 0 1
31 2 1 0 1
32 1 0 1 2
33 1 1 1 0
34 1 1 1 0
35 2 1 0 1
36 2 0 1 0
37 1 1 1 2
38 1 0 1 1
39 2 2 1 3
40 1 1 2 2
41 1 0 1 2
42 3 1 1 1
43 2 0 0 1
44 5 2 0 3
45 5 2 0 0
46 4 0 1 2
47 3 2 1 1
48 4 0 1 2
49 2 2 0 3
50 3 2 1 0
51 2 1 2 1
52 5 2 2 2
53 1 2 2 2
54 3 2 2 5
55 5 1 1 1
56 3 3 1 2
57 3 2 3 2
58 3 0 2 7
59 2 3 1 2
60 2 2 1 5
61 2 3 0 2
62 1 1 0 3
63 2 1 1 5
64 6 2 2 5
65 7 1 1 3
66 3 2 2 2
67 1 2 1 3
68 3 0 0 5
69 2 3 1 0
70 2 4 0 3
71 5 2 0 0
72 5 1 2 2
73 3 5 1 2
74 5 2 1 5
75 4 0 2 2
76 8 0 3 3
77 5 1 2 7
78 2 2 2 1
79 7 2 3 2
80 3 2 2 2
81 2 6 1 5
82 3 4 0 4
83 4 2 1 3
84 3 3 1 6
85 3 4 2 6
86 1 2 1 8
87 4 1 2 0
88 3 5 2 4
89 1 1 2 2
90 1 3 1 5
91 4 1 0 4
92 1 0 1 7
93 5 0 0 1
94 3 0 1 4
95 2 0 1 6
96 3 4 2 3
97 5 1 2 1
98 5 4 1 1
99 6 2 1 0
100 4 1 1 1
101 2 2 0 3
102 1 1 2 2
103 2 1 1 6
104 0 5 0 0
105 0 3 1 7
106 2 2 2 2
107 0 0 4 3
108 0 2 3 3
109 3 1 1 4
110 3 0 1 4
111 3 1 0 3
112 0 1 0 3
113 4 0 0 2
114 1 0 0 3
115 1 1 2 4
116 6 0 2 2
117 4 0 0 1
118 2 3 1 1
119 4 0 3 2
120 2 1 1 2
121 5 1 1 0
122 5 1 3 3
123 2 1 1 2
124 5 0 2 1
125 3 3 2 4
126 4 5 2 4
127 4 1 2 2
128 5 2 2 1
129 1 4 2 3
130 1 0 1 5
131 4 2 1 4
132 2 3 0 4
133 6 0 0 7
134 2 0 1 2
135 2 3 1 5
136 1 1 1 3
137 3 4 2 0
138 7 5 1 0
139 9 1 1 4
140 3 4 1 2
141 5 1 1 4
142 2 1 2 6
143 3 1 1 0
144 3 5 3 6
145 4 0 1 3
146 4 1 4 4
147 5 2 3 4
148 4 3 3 9
149 8 3 0 0
150 4 2 1 4
151 4 2 2 3
152 1 0 1 4
153 2 6 1 5
154 4 3 1 3
155 4 3 1 5
156 12 3 1 0
157 2 0 0 6
158 3 5 1 5
159 6 1 3 3
160 6 3 1 4
161 4 5 1 2
162 7 3 0 5
163 5 3 0 4
164 7 3 0 0
165 10 5 5 6
166 6 2 0 4
167 8 2 5 6
168 10 3 2 5
169 7 4 5 6
170 5 4 4 1
171 5 2 5 7
172 7 4 2 6
173 6 3 1 5
174 10 9 2 7
175 12 4 2 8
176 9 4 3 10
177 5 7 5 6
178 8 3 2 9
179 7 3 2 5
180 9 3 5 3
181 12 2 7 15
182 10 2 2 3
183 12 7 1 7
184 18 5 5 4
185 11 6 4 10
186 12 6 4 5
187 17 5 6 11
188 17 7 4 8
189 11 6 4 7
190 12 5 7 5
191 13 8 2 14
192 21 10 4 8
193 10 11 10 12
194 5 7 4 9
195 13 9 5 10
196 11 9 7 14
197 13 8 13 12
198 11 4 5 12
199 12 4 4 14
200 17 8 3 18
201 7 7 6 17
202 9 8 6 14
203 9 3 4 19
204 10 7 5 9
205 9 10 6 11
206 10 5 4 11
207 9 4 10 14
208 12 4 4 15
209 10 7 4 14
210 7 6 2 6
211 7 2 3 11
212 12 7 5 11
213 9 8 5 9
214 7 7 3 13
215 12 4 3 4
216 9 5 2 12
217 11 6 5 11
218 5 4 3 9
219 6 5 6 11
220 7 7 3 8
221 8 8 2 13
222 12 7 6 8
223 15 3 2 8
224 9 5 4 10
225 9 4 4 9
226 3 3 3 10
227 9 7 3 7
228 3 7 3 8
229 3 3 3 12
230 4 3 6 5
231 3 8 0 9
232 6 12 2 10
233 5 5 2 8
234 7 1 4 10
235 4 4 0 4
236 4 5 0 11
237 3 5 1 7
238 6 4 3 7
239 2 2 2 8
240 3 2 1 8
241 2 2 0 5
242 4 1 2 7
243 3 4 2 5
244 2 2 1 3
245 2 4 2 5
246 3 1 0 2
247 3 4 5 5
248 3 2 0 1
249 4 1 0 5
250 1 1 0 6
251 6 0 0 5
252 1 2 1 5
253 1 2 0 0
254 1 0 3 5
255 0 2 0 0
256 1 3 1 3
257 2 1 1 2
258 2 2 0 1
259 3 2 0 2
260 2 4 1 4
261 1 0 1 2
262 0 1 1 2
263 2 0 2 2
264 0 0 1 6
265 1 0 1 2
266 0 0 1 3
267 1 0 0 2
268 0 3 0 0
269 0 0 2 0
270 0 2 0 2
271 1 0 0 1
272 2 1 1 3
273 0 0 0 1
274 3 0 0 1
275 2 0 0 1
276 2 0 0 2
277 2 2 0 1
278 1 0 0 0
279 1 0 1 1
280 2 2 0 0
281 1 1 0 2
282 0 1 0 0
283 2 1 2 1
284 1 2 0 2
285 0 1 0 1
286 0 0 2 0
287 1 0 0 1
288 2 1 0 2
289 1 2 1 1
290 1 0 0 4
291 1 0 0 0
292 1 0 1 2
293 1 1 0 1
294 2 1 0 0
295 0 1 0 0
296 0 0 2 3
297 1 2 0 1
298 0 0 1 1
299 0 1 0 1
300 1 0 0 2
301 0 0 0 2
302 0 0 0 0
303 0 1 0 1
304 1 0 0 0
305 1 1 0 1
306 1 0 0 0
307 0 0 0 1
308 0 0 0 0
309 0 2 0 1
310 0 0 0 0
311 0 0 0 0
312 1 0 0 0
313 0 0 0 1
314 0 1 0 0
315 0 1 0 0
316 0 0 0 1
317 0 1 0 0
318 0 0 0 1
319 0 0 0 1
320 0 0 0 0
321 0 0 0 1
322 0 0 0 0
323 0 0 0 0
324 0 0 0 0
325 0 0 0 0
326 0 0 0 0
327 0 0 0 0
328 0 0 0 0
329 0 0 0 0
330 0 0 0 0
331 0 0 0 0
332 0 0 0 0
333 0 0 0 0
334 0 0 0 0
335 0 0 0 0
336 0 0 0 0
337 0 0 0 0
338 0 0 0 0
339 0 0 0 0
340 0 0 0 0
341 0 0 0 0
342 0 0 0 0
343 0 0 0 0
344 0 0 0 0
345 0 0 0 0
346 0 0 0 0
347 0 0 0 0
348 0 0 0 0
349 0 0 0 0
350 0 0 0 0
351 0 0 0 0
352 0 0 0 0
353 0 0 0 0
354 0 0 0 0
355 0 0 0 0
356 0 0 0 0
357 0 0 0 0
358 0 0 0 0
359 0 0 0 0
360 0 0 0 0
361 0 0 0 0
362 0 0 0 0
363 0 0 0 0
364 0 0 0 0
365 0 0 0 0
366 0 0 0 0
367 0 0 0 0
368 0 0 0 0
369 0 0 0 0
370 0 0 0 0
371 0 0 0 0
372 0 0 0 0
373 0 0 0 0
374 0 0 0 0
375 0 0 0 0
376 0 0 0 0
377 0 0 0 0
378 0 0 0 0
379 0 0 0 0
380 0 0 0 0
381 0 0 0 0
382 0 0 0 0
383 0 0 0 0
384 0 0 0 0
385 0 0 0 0
386 0 0 0 0
387 0 0 0 0
388 0 0 0 0
389 0 0 0 0
390 0 0 0 0
391 0 0 0 0
392 0 0 0 0
393 0 0 0 0
394 0 0 0 0
395 0 0 0 0
396 0 0 0 0
397 0 0 0 0
398 0 0 0 0
399 0 0 0 0
400 0 0 0 0
401 0 0 0 0
402 0 0 0 0
403 0 0 0 0
404 0 0 0 0
405 0 0 0 0
406 0 0 0 0
407 0 0 0 0
408 0 0 0 0
409 0 0 0 0
410 0 0 0 0
411 0 0 0 0
412 0 0 0 0
413 0 0 0 0
414 0 0 0 0
415 0 0 0 0
416 0 0 0 0
417 0 0 0 0
418 0 0 0 0
419 0 0 0 0
420 0 0 0 0
421 0 0 0 0
422 0 0 0 0
423 0 0 0 0
424 0 0 0 0
425 0 0 0 0
426 0 0 0 0
427 0 0 0 0
428 0 0 0 0
429 0 0 0 0
430 0 0 0 0
431 0 0 0 0
432 0 0 0 0
433 0 0 0 0
434 0 0 0 0
435 0 0 0 0
436 0 0 0 0
437 0 0 0 0
438 0 0 0 0
439 0 0 0 0
440 0 0 0 0
441 0 0 0 0
442 0 0 0 0
443 0 0 0 0
444 0 0 0 0
445 0 0 0 0
446 0 0 0 0
447 0 0 0 0
448 0 0 0 0
449 0 0 0 0
450 0 0 0 0
451 0 0 0 0
452 0 0 0 0
453 0 0 0 0
454 0 0 0 0
455 0 0 0 0
456 0 0 0 0
457 0 0 0 0
458 0 0 0 0
459 0 0 0 0
460 0 0 0 0
461 0 0 0 0
462 0 0 0 0
463 0 0 0 0
464 0 0 0 0
465 0 0 0 0
466 0 0 0 0
467 0 0 0 0
468 0 0 0 0
469 0 0 0 0
470 0 0 0 0
471 0 0 0 0
472 0 0 0 0
473 0 0 0 0
474 0 0 0 0
475 0 0 0 0
476 0 0 0 0
477 0 0 0 0
478 0 0 0 0
479 0 0 0 0
480 0 0 0 0
481 0 0 0 0
482 0 0 0 0
483 0 0 0 0
484 0 0 0 0
485 0 0 0 0
486 0 0 0 0
487 0 0 0 0
488 0 0 0 0
489 0 0 0 0
490 0 0 0 0
491 0 0 0 0
492 0 0 0 0
493 0 0 0 0
494 0 0 0 0
495 0 0 0 0
496 0 0 0 0
497 0 0 0 0
498 0 0 0 0
499 0 0 0 0
500 0 0 0 0
501 0 0 0 0
502 0 0 0 0
503 0 0 0 0
504 0 0 0 0
505 0 0 0 0
506 0 0 0 0
507 0 0 0 0
508 0 0 0 0
509 0 0 0 0
510 0 0 0 0
511 0 0 0 0
512 0 0 0 0
513 0 0 0 0
514 0 0 0 0
515 0 0 0 0
516 0 0 0 0
517 0 0 0 0
518 0 0 0 0
519 0 0 0 0
520 0 0 0 0
521 0 0 0 0
522 0 0 0 0
523 0 0 0 0
524 0 0 0 0
525 0 0 0 0
526 0 0 0 0
527 0 0 0 0
528 0 0 0 0
529 0 0 0 0
530 0 0 0 0
531 0 0 0 0
532 0 0 0 0
533 0 0 0 0
534 0 0 0 0
535 0 0 0 0
536 0 0 0 0
537 0 0 0 0
538 0 0 0 0
539 0 0 0 0
540 0 0 0 0
541 0 0 0 0
542 0 0 0 0
543 0 0 0 0
544 0 0 0 0
545 0 0 0 0
546 0 0 0 0
547 0 0 0 0
548 0 0 0 0
549 0 0 0 0
550 0 0 0 0
551 0 0 0 0
552 0 0 0 0
553 0 0 0 0
554 0 0 0 0
555 0 0 0 0
556 0 0 0 0
557 0 0 0 0
558 0 0 0 0
559 0 0 0 0
560 0 0 0 0
561 0 0 0 0
562 0 0 0 0
563 0 0 0 0
564 0 0 0 0
565 0 0 0 0
566 0 0 0 0
567 0 0 0 0
568 0 0 0 0
569 0 0 0 0
570 0 0 0 0
571 0 0 0 0
572 0 0 0 0
573 0 0 0 0
574 0 0 0 0
575 0 0 0 0
576 0 0 0 0
577 0 0 0 0
578 0 0 0 0
579 0 0 0 0
580 0 0 0 0
581 0 0 0 0
582 0 0 0 0
583 0 0 0 0
584 0 0 0 0
585 0 0 0 0
586 0 0 0 0
587 0 0 0 0
588 0 0 0 0
589 0 0 0 0
590 0 0 0 0
591 0 0 0 0
592 0 0 0 0
593 0 0 0 0
594 0 0 0 0
595 0 0 0 0
596 0 0 0 0
597 0 0 0 0
598 0 0 0 0
599 0 0 0 0
600 0 0 0 0
601 0 0 0 0
602 0 0 0 0
603 0 0 0 0
604 0 0 0 0
605 0 0 0 0
606 0 0 0 0
607 0 0 0 0
608 0 0 0 0
609 0 0 0 0
610 0 0 0 0
611 0 0 0 0
612 0 0 0 0
613 0 0 0 0
614 0 0 0 0
615 0 0 0 0
616 0 0 0 0
617 0 0 0 0
618 0 0 0 0
619 0 0 0 0
620 0 0 0 0
621 0 0 0 0
622 0 0 0 0
623 0 0 0 0
624 0 0 0 0
625 0 0 0 0
626 0 0 0 0
627 0 0 0 0
628 0 0 0 0
629 0 0 0 0
630 0 0 0 0
631 0 0 0 0
632 0 0 0 0
633 0 0 0 0
634 0 0 0 0
635 0 0 0 0
636 0 0 0 0
637 0 0 0 0
638 0 0 0 0
639 0 0 0 0
640 0 0 0 0
641 0 0 0 0
642 0 0 0 0
643 0 0 0 0
644 0 0 0 0
645 0 0 0 0
646 0 0 0 0
647 0 0 0 0
648 0 0 0 0
649 0 0 0 0
650 0 0 0 0
651 0 0 0 0
652 0 0 0 0
653 0 0 0 0
654 0 0 0 0
655 0 0 0 0
656 0 0 0 0
657 0 0 0 0
658 0 0 0 0
659 0 0 0 0
660 0 0 0 0
661 0 0 0 0
662 0 0 0 0
663 0 0 0 0
664 0 0 0 0
665 0 0 0 0
666 0 0 0 0
667 0 0 0 0
668 0 0 0 0
669 0 0 0 0
670 0 0 0 0
671 0 0 0 0
672 0 0 0 0
673 0 0 0 0
674 0 0 0 0
675 0 0 0 0
676 0 0 0 0
677 0 0 0 0
678 0 0 0 0
679 0 0 0 0
680 0 0 0 0
681 0 0 0 0
682 0 0 0 0
683 0 0 0 0
684 0 0 0 0
685 0 0 0 0
686 0 0 0 0
687 0 0 0 0
688 0 0 0 0
689 0 0 0 0
690 0 0 0 0
691 0 0 0 0
692 0 0 0 0
693 0 0 0 0
694 0 0 0 0
695 0 0 0 0
696 0 0 0 0
697 0 0 0 0
698 0 0 0 0
699 0 0 0 0
700 0 0 0 0
701 0 0 0 0
702 0 0 0 0
703 0 0 0 0
704 0 0 0 0
705 0 0 0 0
706 0 0 0 0
707 0 0 0 0
708 0 0 0 0
709 0 0 0 0
710 0 0 0 0
711 0 0 0 0
712 0 0 0 0
713 0 0 0 0
714 0 0 0 0
715 0 0 0 0
716 0 0 0 0
717 0 0 0 0
718 0 0 0 0
719 0 0 0 0
720 0 0 0 0
721 0 0 0 0
722 0 0 0 0
723 0 0 0 0
724 0 0 0 0
725 0 0 0 0
726 0 0 0 0
727 0 0 0 0
