0 0 0 0 0
1 0 0 0 0
2 0 0 0 0
3 0 0 0 0
4 0 0 0 0
5 0 1 1 0
6 0 0 0 0
7 0 0 0 0
8 0 0 0 0
9 0 1 2 2
10 0 0 0 0
11 0 0 0 0
12 0 0 0 0
13 0 0 0 2
14 1 0 0 1
15 0 0 0 0
16 1 0 0 0
17 0 0 0 0
18 0 0 0 0
19 0 0 0 0
20 0 0 0 0
21 0 1 0 0
22 1 0 0 0
23 0 0 1 0
24 0 0 0 0
25 0 0 0 1
26 1 0 0 0
27 0 0 1 0
28 1 0 0 0
29 1 0 0 0
30 0 0 0 1
31 1 0 1 0
32 0 0 0 0
33 0 0 1 0
34 0 0 0 1
35 1 0 0 0
36 0 0 1 0
37 0 0 0 1
38 0 1 0 1
39 2 0 0 0
40 1 1 0 0
41 1 0 0 0
42 2 0 0 1
43 1 0 0 1
44 0 0 1 1
45 1 1 0 0
46 1 1 0 0
47 1 1 0 0
48 1 0 2 0
49 1 0 0 0
50 1 1 0 1
51 4 1 1 1
52 2 0 0 2
53 4 0 1 0
54 2 1 0 2
55 4 0 0 3
56 3 1 0 0
57 4 2 0 1
58 1 2 0 0
59 0 1 1 0
60 0 2 3 1
61 0 3 0 3
62 1 1 1 1
63 0 1 0 1
64 1 3 0 2
65 2 1 0 2
66 0 2 1 1
67 1 2 0 3
68 2 0 0 2
69 1 1 0 3
70 0 1 1 4
71 1 0 0 4
72 0 1 0 0
73 2 1 1 0
74 0 0 0 2
75 1 0 0 0
76 3 0 0 2
77 1 0 0 1
78 4 1 0 0
79 0 0 0 0
80 2 1 1 2
81 3 1 1 0
82 2 2 1 1
83 2 1 0 0
84 2 0 0 2
85 0 2 1 2
86 5 0 2 2
87 0 3 1 1
88 2 1 1 0
89 1 0 0 3
90 2 1 0 1
91 3 3 2 1
92 2 0 0 2
93 2 3 0 1
94 3 1 0 4
95 1 0 2 5
96 2 1 0 0
97 4 1 1 1
98 2 1 1 1
99 0 1 3 2
100 4 1 2 2
101 0 1 0 2
102 2 3 2 1
103 5 0 1 2
104 2 0 0 2
105 2 2 1 2
106 1 0 0 7
107 2 2 1 2
108 2 3 2 0
109 1 2 0 3
110 1 1 0 1
111 3 0 0 1
112 3 0 1 3
113 6 0 2 1
114 4 1 1 2
115 4 0 1 3
116 4 2 0 2
117 1 2 1 3
118 1 2 2 0
119 1 5 0 1
120 1 1 3 0
121 1 1 3 4
122 1 2 1 2
123 4 3 1 4
124 2 1 1 3
125 2 1 0 6
126 1 0 1 5
127 4 0 1 4
128 1 1 0 1
129 1 1 0 2
130 1 1 2 3
131 4 1 0 2
132 2 2 2 1
133 4 0 0 0
134 2 0 0 3
135 5 0 1 1
136 2 3 3 4
137 4 0 0 0
138 4 1 1 0
139 2 2 0 2
140 1 1 1 5
141 3 1 2 0
142 0 2 3 0
143 4 1 1 3
144 0 3 2 1
145 3 2 0 3
146 1 2 2 2
147 2 2 1 2
148 4 1 1 2
149 1 0 0 5
150 4 3 1 4
151 3 1 0 6
152 2 2 3 3
153 2 4 0 1
154 3 0 1 4
155 1 1 2 0
156 3 1 0 3
157 2 2 0 3
158 2 0 1 1
159 3 1 1 4
160 3 0 2 3
161 3 4 0 2
162 1 2 1 2
163 5 3 0 1
164 6 0 2 3
165 6 1 1 4
166 5 2 2 2
167 3 0 0 3
168 2 1 3 2
169 5 2 2 3
170 4 2 1 3
171 3 2 1 1
172 3 3 1 3
173 3 2 3 2
174 0 2 3 2
175 5 2 2 2
176 2 1 1 5
177 3 2 1 4
178 3 3 1 3
179 3 2 0 3
180 2 3 0 4
181 4 2 0 5
182 6 2 0 6
183 2 1 2 1
184 9 4 1 5
185 7 3 1 3
186 12 1 3 0
187 11 0 2 3
188 8 1 1 4
189 10 1 3 4
190 7 2 3 4
191 8 9 2 2
192 9 6 2 4
193 7 6 4 2
194 7 6 5 5
195 10 5 2 8
196 11 5 5 6
197 9 7 1 7
198 7 4 2 12
199 3 5 3 6
200 5 6 3 9
201 7 6 1 7
202 4 6 4 10
203 5 2 4 8
204 2 6 1 11
205 5 5 7 5
206 5 4 2 7
207 4 4 1 6
208 5 3 2 8
209 6 1 2 11
210 8 5 3 7
211 3 3 1 9
212 6 3 0 6
213 6 2 0 3
214 3 2 3 7
215 5 3 2 5
216 5 2 2 4
217 9 6 2 5
218 5 3 2 6
219 7 5 1 1
220 3 3 0 3
221 2 3 3 5
222 4 6 2 5
223 2 3 1 4
224 8 6 2 8
225 3 1 3 6
226 5 2 2 9
227 2 1 3 1
228 4 4 0 7
229 2 2 2 3
230 3 2 0 5
231 5 3 2 7
232 2 2 3 4
233 5 4 3 6
234 4 1 1 3
235 3 1 3 6
236 4 0 0 4
237 1 1 1 6
238 2 2 2 3
239 3 3 0 2
240 4 4 4 4
241 3 4 1 2
242 2 1 2 5
243 2 2 1 2
244 2 1 0 6
245 1 2 0 5
246 0 2 1 3
247 1 3 0 4
248 0 2 1 1
249 0 3 1 3
250 3 1 1 4
251 0 0 0 4
252 4 0 0 2
253 3 0 0 0
254 1 1 0 1
255 0 1 0 1
256 0 1 0 4
257 0 1 1 1
258 2 1 1 0
259 2 2 1 1
260 1 0 1 1
261 0 1 0 2
262 2 1 0 0
263 1 0 1 3
264 1 1 0 2
265 0 0 0 3
266 0 0 0 1
267 0 2 1 1
268 0 1 1 1
269 0 1 0 0
270 0 0 0 0
271 1 0 0 2
272 0 0 0 2
273 2 1 0 0
274 1 0 0 1
275 1 0 0 0
276 2 0 0 1
277 0 0 0 0
278 0 1 0 0
279 1 0 0 0
280 1 0 3 1
281 2 2 0 0
282 2 1 0 1
283 0 0 0 0
284 0 1 0 2
285 0 0 0 1
286 0 1 0 0
287 0 1 0 1
288 0 0 1 1
289 0 1 0 1
290 0 0 0 1
291 0 1 0 2
292 0 0 0 1
293 0 0 0 1
294 0 0 0 0
295 0 0 0 1
296 0 0 0 0
297 0 0 0 0
298 1 0 0 0
299 1 0 0 0
300 1 0 0 0
301 0 0 0 0
302 0 0 0 0
303 0 0 0 0
304 0 1 0 0
305 0 0 1 0
306 0 0 0 0
307 0 0 1 0
308 0 0 0 0
309 0 0 0 1
310 0 0 0 0
311 0 0 0 1
312 0 0 0 0
313 0 0 0 0
314 0 0 0 1
315 0 0 0 0
316 0 0 0 0
317 0 0 0 0
318 0 0 0 0
319 0 0 0 0
320 0 0 0 0
321 0 0 0 0
322 0 0 0 0
323 0 0 0 0
324 0 0 0 0
325 0 0 0 0
326 0 0 0 0
327 0 0 0 0
328 0 0 0 0
329 0 0 0 0
330 0 0 0 0
331 0 0 0 0
332 0 0 0 0
333 0 0 0 0
334 0 0 0 0
335 0 0 0 0
336 0 0 0 0
337 0 0 0 0
338 0 0 0 0
339 0 0 0 0
340 0 0 0 0
341 0 0 0 0
342 0 0 0 0
343 0 0 0 0
344 0 0 0 0
345 0 0 0 0
346 0 0 0 0
347 0 0 0 0
348 0 0 0 0
349 0 0 0 0
350 0 0 0 0
351 0 0 0 0
352 0 0 0 0
353 0 0 0 0
354 0 0 0 0
355 0 0 0 0
356 0 0 0 0
357 0 0 0 0
358 0 0 0 0
359 0 0 0 0
360 0 0 0 0
361 0 0 0 0
362 0 0 0 0
363 0 0 0 0
364 0 0 0 0
365 0 0 0 0
366 0 0 0 0
367 0 0 0 0
368 0 0 0 0
369 0 0 0 0
370 0 0 0 0
371 0 0 0 0
372 0 0 0 0
373 0 0 0 0
374 0 0 0 0
375 0 0 0 0
376 0 0 0 0
377 0 0 0 0
378 0 0 0 0
379 0 0 0 0
380 0 0 0 0
381 0 0 0 0
382 0 0 0 0
383 0 0 0 0
384 0 0 0 0
385 0 0 0 0
386 0 0 0 0
387 0 0 0 0
388 0 0 0 0
389 0 0 0 0
390 0 0 0 0
391 0 0 0 0
392 0 0 0 0
393 0 0 0 0
394 0 0 0 0
395 0 0 0 0
396 0 0 0 0
397 0 0 0 0
398 0 0 0 0
399 0 0 0 0
400 0 0 0 0
401 0 0 0 0
402 0 0 0 0
403 0 0 0 0
404 0 0 0 0
405 0 0 0 0
406 0 0 0 0
407 0 0 0 0
408 0 0 0 0
409 0 0 0 0
410 0 0 0 0
411 0 0 0 0
412 0 0 0 0
413 0 0 0 0
414 0 0 0 0
415 0 0 0 0
416 0 0 0 0
417 0 0 0 0
418 0 0 0 0
419 0 0 0 0
420 0 0 0 0
421 0 0 0 0
422 0 0 0 0
423 0 0 0 0
424 0 0 0 0
425 0 0 0 0
426 0 0 0 0
427 0 0 0 0
428 0 0 0 0
429 0 0 0 0
430 0 0 0 0
431 0 0 0 0
432 0 0 0 0
433 0 0 0 0
434 0 0 0 0
435 0 0 0 0
436 0 0 0 0
437 0 0 0 0
438 0 0 0 0
439 0 0 0 0
440 0 0 0 0
441 0 0 0 0
442 0 0 0 0
443 0 0 0 0
444 0 0 0 0
445 0 0 0 0
446 0 0 0 0
447 0 0 0 0
448 0 0 0 0
449 0 0 0 0
450 0 0 0 0
451 0 0 0 0
452 0 0 0 0
453 0 0 0 0
454 0 0 0 0
455 0 0 0 0
456 0 0 0 0
457 0 0 0 0
458 0 0 0 0
459 0 0 0 0
460 0 0 0 0
461 0 0 0 0
462 0 0 0 0
463 0 0 0 0
464 0 0 0 0
465 0 0 0 0
466 0 0 0 0
467 0 0 0 0
468 0 0 0 0
469 0 0 0 0
470 0 0 0 0
471 0 0 0 0
472 0 0 0 0
473 0 0 0 0
474 0 0 0 0
475 0 0 0 0
476 0 0 0 0
477 0 0 0 0
478 0 0 0 0
479 0 0 0 0
480 0 0 0 0
481 0 0 0 0
482 0 0 0 0
483 0 0 0 0
484 0 0 0 0
485 0 0 0 0
486 0 0 0 0
487 0 0 0 0
488 0 0 0 0
489 0 0 0 0
490 0 0 0 0
491 0 0 0 0
492 0 0 0 0
493 0 0 0 0
494 0 0 0 0
495 0 0 0 0
496 0 0 0 0
497 0 0 0 0
498 0 0 0 0
499 0 0 0 0
500 0 0 0 0
501 0 0 0 0
502 0 0 0 0
503 0 0 0 0
504 0 0 0 0
505 0 0 0 0
506 0 0 0 0
507 0 0 0 0
508 0 0 0 0
509 0 0 0 0
510 0 0 0 0
511 0 0 0 0
512 0 0 0 0
513 0 0 0 0
514 0 0 0 0
515 0 0 0 0
516 0 0 0 0
517 0 0 0 0
518 0 0 0 0
519 0 0 0 0
520 0 0 0 0
521 0 0 0 0
522 0 0 0 0
523 0 0 0 0
524 0 0 0 0
525 0 0 0 0
526 0 0 0 0
527 0 0 0 0
528 0 0 0 0
529 0 0 0 0
530 0 0 0 0
531 0 0 0 0
532 0 0 0 0
533 0 0 0 0
534 0 0 0 0
535 0 0 0 0
536 0 0 0 0
537 0 0 0 0
538 0 0 0 0
539 0 0 0 0
540 0 0 0 0
541 0 0 0 0
542 0 0 0 0
543 0 0 0 0
544 0 0 0 0
545 0 0 0 0
546 0 0 0 0
547 0 0 0 0
548 0 0 0 0
549 0 0 0 0
550 0 0 0 0
551 0 0 0 0
552 0 0 0 0
553 0 0 0 0
554 0 0 0 0
555 0 0 0 0
556 0 0 0 0
557 0 0 0 0
558 0 0 0 0
559 0 0 0 0
560 0 0 0 0
561 0 0 0 0
562 0 0 0 0
563 0 0 0 0
564 0 0 0 0
565 0 0 0 0
566 0 0 0 0
567 0 0 0 0
568 0 0 0 0
569 0 0 0 0
570 0 0 0 0
571 0 0 0 0
572 0 0 0 0
573 0 0 0 0
574 0 0 0 0
575 0 0 0 0
576 0 0 0 0
577 0 0 0 0
578 0 0 0 0
579 0 0 0 0
580 0 0 0 0
581 0 0 0 0
582 0 0 0 0
583 0 0 0 0
584 0 0 0 0
585 0 0 0 0
586 0 0 0 0
587 0 0 0 0
588 0 0 0 0
589 0 0 0 0
590 0 0 0 0
591 0 0 0 0
592 0 0 0 0
593 0 0 0 0
594 0 0 0 0
595 0 0 0 0
596 0 0 0 0
597 0 0 0 0
598 0 0 0 0
599 0 0 0 0
600 0 0 0 0
601 0 0 0 0
602 0 0 0 0
603 0 0 0 0
604 0 0 0 0
605 0 0 0 0
606 0 0 0 0
607 0 0 0 0
608 0 0 0 0
609 0 0 0 0
610 0 0 0 0
611 0 0 0 0
612 0 0 0 0
613 0 0 0 0
614 0 0 0 0
615 0 0 0 0
616 0 0 0 0
617 0 0 0 0
618 0 0 0 0
619 0 0 0 0
620 0 0 0 0
621 0 0 0 0
622 0 0 0 0
623 0 0 0 0
624 0 0 0 0
625 0 0 0 0
626 0 0 0 0
627 0 0 0 0
628 0 0 0 0
629 0 0 0 0
630 0 0 0 0
631 0 0 0 0
632 0 0 0 0
633 0 0 0 0
634 0 0 0 0
635 0 0 0 0
636 0 0 0 0
637 0 0 0 0
638 0 0 0 0
639 0 0 0 0
640 0 0 0 0
641 0 0 0 0
642 0 0 0 0
643 0 0 0 0
644 0 0 0 0
645 0 0 0 0
646 0 0 0 0
647 0 0 0 0
648 0 0 0 0
649 0 0 0 0
650 0 0 0 0
651 0 0 0 0
652 0 0 0 0
653 0 0 0 0
654 0 0 0 0
655 0 0 0 0
656 0 0 0 0
657 0 0 0 0
658 0 0 0 0
659 0 0 0 0
660 0 0 0 0
661 0 0 0 0
662 0 0 0 0
663 0 0 0 0
664 0 0 0 0
665 0 0 0 0
666 0 0 0 0
667 0 0 0 0
668 0 0 0 0
669 0 0 0 0
670 0 0 0 0
671 0 0 0 0
672 0 0 0 0
673 0 0 0 0
674 0 0 0 0
675 0 0 0 0
676 0 0 0 0
677 0 0 0 0
678 0 0 0 0
679 0 0 0 0
680 0 0 0 0
681 0 0 0 0
682 0 0 0 0
683 0 0 0 0
684 0 0 0 0
685 0 0 0 0
686 0 0 0 0
687 0 0 0 0
688 0 0 0 0
689 0 0 0 0
690 0 0 0 0
691 0 0 0 0
692 0 0 0 0
693 0 0 0 0
694 0 0 0 0
695 0 0 0 0
696 0 0 0 0
697 0 0 0 0
698 0 0 0 0
699 0 0 0 0
700 0 0 0 0
701 0 0 0 0
702 0 0 0 0
703 0 0 0 0
704 0 0 0 0
705 0 0 0 0
706 0 0 0 0
707 0 0 0 0
708 0 0 0 0
709 0 0 0 0
710 0 0 0 0
711 0 0 0 0
712 0 0 0 0
713 0 0 0 0
714 0 0 0 0
715 0 0 0 0
716 0 0 0 0
717 0 0 0 0
718 0 0 0 0
719 0 0 0 0
720 0 0 0 0
721 0 0 0 0
722 0 0 0 0
723 0 0 0 0
724 0 0 0 0
725 0 0 0 0
726 0 0 0 0
727 0 0 0 0
