0 0 0 0 0
1 0 0 0 0
2 0 0 0 0
3 0 0 0 0
4 0 0 0 0
5 0 1 1 0
6 0 0 0 0
7 0 0 0 0
8 0 0 0 0
9 0 2 1 2
10 0 0 0 0
11 0 0 0 0
12 0 0 0 0
13 0 0 0 1
14 0 0 0 0
15 0 0 0 0
16 0 0 0 2
17 0 0 0 0
18 0 0 0 0
19 1 0 0 0
20 1 0 0 0
21 0 0 0 0
22 1 0 0 0
23 1 0 0 0
24 0 0 1 0
25 1 1 0 0
26 2 0 0 0
27 1 0 0 0
28 1 1 0 0
29 0 0 0 1
30 0 0 0 0
31 0 2 1 1
32 0 0 1 0
33 0 0 0 0
34 0 1 0 0
35 0 0 0 1
36 1 0 0 1
37 0 1 0 0
38 0 0 0 3
39 0 0 0 0
40 1 0 0 0
41 0 0 0 2
42 0 0 0 0
43 0 0 0 0
44 0 0 0 0
45 1 2 0 0
46 1 0 0 0
47 1 0 0 0
48 1 0 0 0
49 0 0 0 2
50 0 0 0 0
51 1 0 0 0
52 1 0 0 0
53 0 1 0 0
54 1 0 1 0
55 0 0 1 0
56 0 1 1 0
57 0 1 0 1
58 1 0 0 0
59 0 0 0 1
60 2 0 0 1
61 1 0 0 1
62 1 0 0 0
63 0 0 1 1
64 2 0 0 1
65 0 1 0 0
66 2 1 0 0
67 1 2 0 0
68 1 0 0 0
69 0 1 1 1
70 1 0 0 1
71 1 1 1 1
72 1 0 0 0
73 2 1 1 2
74 3 0 0 1
75 2 0 0 0
76 3 0 1 1
77 4 0 0 1
78 2 0 0 2
79 2 1 1 0
80 2 1 1 1
81 2 2 0 0
82 2 3 1 0
83 3 3 0 2
84 1 1 0 1
85 2 1 0 1
86 3 2 1 4
87 4 2 1 2
88 2 5 0 2
89 0 0 3 1
90 0 0 2 3
91 4 2 1 3
92 3 1 1 6
93 3 0 2 1
94 1 0 1 1
95 1 1 0 3
96 0 3 3 4
97 5 1 1 2
98 1 1 0 2
99 4 0 1 0
100 1 0 1 4
101 2 0 1 3
102 3 3 1 1
103 4 0 2 3
104 5 1 1 0
105 4 0 0 2
106 7 2 0 2
107 5 1 0 2
108 6 2 1 2
109 4 2 1 3
110 6 3 2 1
111 4 4 1 2
112 3 2 3 0
113 7 2 4 4
114 5 1 3 4
115 3 4 1 6
116 5 4 1 2
117 2 3 1 5
118 2 4 3 2
119 2 4 3 6
120 2 4 0 6
121 1 2 2 4
122 1 2 1 4
123 2 1 2 5
124 3 0 2 6
125 6 1 1 8
126 5 3 0 3
127 8 0 2 4
128 4 1 1 3
129 4 2 0 4
130 5 3 2 2
131 5 3 2 1
132 9 1 3 3
133 5 2 4 3
134 5 2 1 2
135 9 2 0 4
136 3 5 2 3
137 7 2 3 8
138 7 4 2 4
139 5 4 2 1
140 4 9 1 6
141 5 3 1 5
142 7 4 2 5
143 7 2 2 6
144 9 3 3 9
145 6 4 0 5
146 5 4 2 6
147 9 7 1 5
148 10 3 4 7
149 10 6 0 3
150 7 2 3 5
151 4 5 2 5
152 6 4 2 7
153 10 9 5 6
154 8 4 3 8
155 7 5 3 5
156 7 3 3 8
157 6 3 4 12
158 7 4 5 7
159 2 4 4 9
160 7 4 2 7
161 9 7 2 8
162 6 4 3 7
163 4 2 3 8
164 10 4 1 4
165 8 1 2 8
166 11 4 5 5
167 9 2 1 9
168 5 2 1 9
169 10 6 3 7
170 16 6 3 4
171 10 6 3 4
172 7 3 5 2
173 7 3 5 10
174 13 2 4 7
175 10 10 7 7
176 10 8 4 5
177 11 6 3 10
178 12 10 1 5
179 20 9 2 14
180 14 6 3 9
181 10 4 6 10
182 9 7 5 15
183 8 7 3 10
184 11 9 7 12
185 12 5 6 10
186 13 6 4 13
187 14 7 4 4
188 16 4 4 11
189 16 8 3 9
190 20 4 7 10
191 15 5 6 14
192 21 8 9 16
193 22 8 5 9
194 22 8 6 11
195 17 7 6 8
196 14 8 7 18
197 14 11 7 12
198 15 8 11 11
199 17 16 13 12
200 14 5 7 14
201 11 12 4 17
202 14 12 5 18
203 6 7 5 21
204 11 10 9 16
205 11 10 3 15
206 13 8 4 26
207 4 7 8 11
208 10 4 4 19
209 10 9 6 10
210 13 7 4 17
211 9 9 7 16
212 15 2 4 11
213 9 4 4 12
214 8 5 3 15
215 8 11 6 15
216 8 3 6 10
217 11 4 9 3
218 7 7 5 14
219 9 8 3 11
220 9 4 3 12
221 6 11 3 7
222 6 7 7 17
223 6 2 1 5
224 9 4 4 14
225 7 3 3 8
226 6 6 0 11
227 3 6 2 5
228 6 4 3 14
229 4 7 2 14
230 5 3 1 5
231 8 3 0 8
232 4 3 2 6
233 3 3 7 8
234 7 7 1 5
235 8 5 3 3
236 8 4 3 7
237 1 3 0 6
238 1 0 3 7
239 2 2 6 6
240 2 5 3 10
241 3 2 4 6
242 3 2 0 4
243 1 2 0 6
244 1 4 0 5
245 2 3 1 2
246 3 0 0 4
247 1 0 2 7
248 2 0 2 5
249 2 1 0 5
250 4 3 1 0
251 3 3 2 4
252 2 1 0 3
253 0 1 1 1
254 3 1 1 4
255 3 2 1 4
256 3 0 1 1
257 1 1 1 3
258 4 1 0 2
259 0 2 0 1
260 0 2 2 2
261 1 2 1 1
262 2 0 0 2
263 1 2 1 1
264 0 0 1 4
265 1 1 0 1
266 2 0 1 1
267 0 0 4 4
268 2 0 1 3
269 1 0 0 0
270 1 1 1 2
271 1 2 0 4
272 1 0 0 2
273 1 0 0 0
274 1 1 0 3
275 1 1 0 0
276 0 1 0 0
277 1 2 1 0
278 4 0 0 2
279 1 1 1 1
280 0 0 1 2
281 1 0 0 2
282 1 1 1 0
283 1 3 0 2
284 0 1 0 2
285 0 0 0 0
286 0 0 0 0
287 0 1 1 1
288 0 0 1 1
289 0 0 0 2
290 0 0 0 2
291 0 0 0 0
292 0 0 1 1
293 1 0 0 0
294 1 0 0 2
295 1 0 0 0
296 0 0 0 0
297 0 0 0 0
298 0 0 0 0
299 0 0 0 1
300 0 0 1 0
301 0 0 0 0
302 0 1 0 0
303 0 1 0 0
304 0 0 0 1
305 1 0 0 0
306 0 0 0 1
307 0 0 0 0
308 0 0 0 1
309 0 0 0 0
310 0 0 1 0
311 1 0 0 0
312 0 0 0 0
313 0 0 0 0
314 0 0 0 1
315 0 0 0 0
316 0 1 0 0
317 0 0 0 0
318 0 0 0 0
319 0 0 0 0
320 0 0 0 1
321 0 0 0 0
322 0 0 0 0
323 0 0 0 0
324 0 0 0 0
325 1 0 0 0
326 0 0 0 0
327 0 0 0 0
328 0 0 0 0
329 0 0 0 0
330 0 0 1 0
331 0 0 0 0
332 0 0 0 0
333 0 0 0 0
334 0 0 0 0
335 0 0 0 0
336 0 0 0 0
337 0 0 0 1
338 0 0 0 0
339 0 0 0 0
340 0 0 0 0
341 0 0 0 0
342 0 0 0 0
343 0 0 0 0
344 0 0 0 0
345 0 0 0 0
346 0 0 0 0
347 0 0 0 0
348 0 0 0 0
349 0 0 0 0
350 0 0 0 0
351 0 0 0 0
352 0 0 0 0
353 0 0 0 0
354 0 0 0 0
355 0 0 0 0
356 0 0 0 0
357 0 0 0 0
358 0 0 0 0
359 0 0 0 0
360 0 0 0 0
361 0 0 0 0
362 0 0 0 0
363 0 0 0 0
364 0 0 0 0
365 0 0 0 0
366 0 0 0 0
367 0 0 0 0
368 0 0 0 0
369 0 0 0 0
370 0 0 0 0
371 0 0 0 0
372 0 0 0 0
373 0 0 0 0
374 0 0 0 0
375 0 0 0 0
376 0 0 0 0
377 0 0 0 0
378 0 0 0 0
379 0 0 0 0
380 0 0 0 0
381 0 0 0 0
382 0 0 0 0
383 0 0 0 0
384 0 0 0 0
385 0 0 0 0
386 0 0 0 0
387 0 0 0 0
388 0 0 0 0
389 0 0 0 0
390 0 0 0 0
391 0 0 0 0
392 0 0 0 0
393 0 0 0 0
394 0 0 0 0
395 0 0 0 0
396 0 0 0 0
397 0 0 0 0
398 0 0 0 0
399 0 0 0 0
400 0 0 0 0
401 0 0 0 0
402 0 0 0 0
403 0 0 0 0
404 0 0 0 0
405 0 0 0 0
406 0 0 0 0
407 0 0 0 0
408 0 0 0 0
409 0 0 0 0
410 0 0 0 0
411 0 0 0 0
412 0 0 0 0
413 0 0 0 0
414 0 0 0 0
415 0 0 0 0
416 0 0 0 0
417 0 0 0 0
418 0 0 0 0
419 0 0 0 0
420 0 0 0 0
421 0 0 0 0
422 0 0 0 0
423 0 0 0 0
424 0 0 0 0
425 0 0 0 0
426 0 0 0 0
427 0 0 0 0
428 0 0 0 0
429 0 0 0 0
430 0 0 0 0
431 0 0 0 0
432 0 0 0 0
433 0 0 0 0
434 0 0 0 0
435 0 0 0 0
436 0 0 0 0
437 0 0 0 0
438 0 0 0 0
439 0 0 0 0
440 0 0 0 0
441 0 0 0 0
442 0 0 0 0
443 0 0 0 0
444 0 0 0 0
445 0 0 0 0
446 0 0 0 0
447 0 0 0 0
448 0 0 0 0
449 0 0 0 0
450 0 0 0 0
451 0 0 0 0
452 0 0 0 0
453 0 0 0 0
454 0 0 0 0
455 0 0 0 0
456 0 0 0 0
457 0 0 0 0
458 0 0 0 0
459 0 0 0 0
460 0 0 0 0
461 0 0 0 0
462 0 0 0 0
463 0 0 0 0
464 0 0 0 0
465 0 0 0 0
466 0 0 0 0
467 0 0 0 0
468 0 0 0 0
469 0 0 0 0
470 0 0 0 0
471 0 0 0 0
472 0 0 0 0
473 0 0 0 0
474 0 0 0 0
475 0 0 0 0
476 0 0 0 0
477 0 0 0 0
478 0 0 0 0
479 0 0 0 0
480 0 0 0 0
481 0 0 0 0
482 0 0 0 0
483 0 0 0 0
484 0 0 0 0
485 0 0 0 0
486 0 0 0 0
487 0 0 0 0
488 0 0 0 0
489 0 0 0 0
490 0 0 0 0
491 0 0 0 0
492 0 0 0 0
493 0 0 0 0
494 0 0 0 0
495 0 0 0 0
496 0 0 0 0
497 0 0 0 0
498 0 0 0 0
499 0 0 0 0
500 0 0 0 0
501 0 0 0 0
502 0 0 0 0
503 0 0 0 0
504 0 0 0 0
505 0 0 0 0
506 0 0 0 0
507 0 0 0 0
508 0 0 0 0
509 0 0 0 0
510 0 0 0 0
511 0 0 0 0
512 0 0 0 0
513 0 0 0 0
514 0 0 0 0
515 0 0 0 0
516 0 0 0 0
517 0 0 0 0
518 0 0 0 0
519 0 0 0 0
520 0 0 0 0
521 0 0 0 0
522 0 0 0 0
523 0 0 0 0
524 0 0 0 0
525 0 0 0 0
526 0 0 0 0
527 0 0 0 0
528 0 0 0 0
529 0 0 0 0
530 0 0 0 0
531 0 0 0 0
532 0 0 0 0
533 0 0 0 0
534 0 0 0 0
535 0 0 0 0
536 0 0 0 0
537 0 0 0 0
538 0 0 0 0
539 0 0 0 0
540 0 0 0 0
541 0 0 0 0
542 0 0 0 0
543 0 0 0 0
544 0 0 0 0
545 0 0 0 0
546 0 0 0 0
547 0 0 0 0
548 0 0 0 0
549 0 0 0 0
550 0 0 0 0
551 0 0 0 0
552 0 0 0 0
553 0 0 0 0
554 0 0 0 0
555 0 0 0 0
556 0 0 0 0
557 0 0 0 0
558 0 0 0 0
559 0 0 0 0
560 0 0 0 0
561 0 0 0 0
562 0 0 0 0
563 0 0 0 0
564 0 0 0 0
565 0 0 0 0
566 0 0 0 0
567 0 0 0 0
568 0 0 0 0
569 0 0 0 0
570 0 0 0 0
571 0 0 0 0
572 0 0 0 0
573 0 0 0 0
574 0 0 0 0
575 0 0 0 0
576 0 0 0 0
577 0 0 0 0
578 0 0 0 0
579 0 0 0 0
580 0 0 0 0
581 0 0 0 0
582 0 0 0 0
583 0 0 0 0
584 0 0 0 0
585 0 0 0 0
586 0 0 0 0
587 0 0 0 0
588 0 0 0 0
589 0 0 0 0
590 0 0 0 0
591 0 0 0 0
592 0 0 0 0
593 0 0 0 0
594 0 0 0 0
595 0 0 0 0
596 0 0 0 0
597 0 0 0 0
598 0 0 0 0
599 0 0 0 0
600 0 0 0 0
601 0 0 0 0
602 0 0 0 0
603 0 0 0 0
604 0 0 0 0
605 0 0 0 0
606 0 0 0 0
607 0 0 0 0
608 0 0 0 0
609 0 0 0 0
610 0 0 0 0
611 0 0 0 0
612 0 0 0 0
613 0 0 0 0
614 0 0 0 0
615 0 0 0 0
616 0 0 0 0
617 0 0 0 0
618 0 0 0 0
619 0 0 0 0
620 0 0 0 0
621 0 0 0 0
622 0 0 0 0
623 0 0 0 0
624 0 0 0 0
625 0 0 0 0
626 0 0 0 0
627 0 0 0 0
628 0 0 0 0
629 0 0 0 0
630 0 0 0 0
631 0 0 0 0
632 0 0 0 0
633 0 0 0 0
634 0 0 0 0
635 0 0 0 0
636 0 0 0 0
637 0 0 0 0
638 0 0 0 0
639 0 0 0 0
640 0 0 0 0
641 0 0 0 0
642 0 0 0 0
643 0 0 0 0
644 0 0 0 0
645 0 0 0 0
646 0 0 0 0
647 0 0 0 0
648 0 0 0 0
649 0 0 0 0
650 0 0 0 0
651 0 0 0 0
652 0 0 0 0
653 0 0 0 0
654 0 0 0 0
655 0 0 0 0
656 0 0 0 0
657 0 0 0 0
658 0 0 0 0
659 0 0 0 0
660 0 0 0 0
661 0 0 0 0
662 0 0 0 0
663 0 0 0 0
664 0 0 0 0
665 0 0 0 0
666 0 0 0 0
667 0 0 0 0
668 0 0 0 0
669 0 0 0 0
670 0 0 0 0
671 0 0 0 0
672 0 0 0 0
673 0 0 0 0
674 0 0 0 0
675 0 0 0 0
676 0 0 0 0
677 0 0 0 0
678 0 0 0 0
679 0 0 0 0
680 0 0 0 0
681 0 0 0 0
682 0 0 0 0
683 0 0 0 0
684 0 0 0 0
685 0 0 0 0
686 0 0 0 0
687 0 0 0 0
688 0 0 0 0
689 0 0 0 0
690 0 0 0 0
691 0 0 0 0
692 0 0 0 0
693 0 0 0 0
694 0 0 0 0
695 0 0 0 0
696 0 0 0 0
697 0 0 0 0
698 0 0 0 0
699 0 0 0 0
700 0 0 0 0
701 0 0 0 0
702 0 0 0 0
703 0 0 0 0
704 0 0 0 0
705 0 0 0 0
706 0 0 0 0
707 0 0 0 0
708 0 0 0 0
709 0 0 0 0
710 0 0 0 0
711 0 0 0 0
712 0 0 0 0
713 0 0 0 0
714 0 0 0 0
715 0 0 0 0
716 0 0 0 0
717 0 0 0 0
718 0 0 0 0
719 0 0 0 0
720 0 0 0 0
721 0 0 0 0
722 0 0 0 0
723 0 0 0 0
724 0 0 0 0
725 0 0 0 0
726 0 0 0 0
727 0 0 0 0
