0 0 0 0 0
1 0 0 0 0
2 0 0 0 0
3 0 0 0 0
4 0 0 0 0
5 0 1 1 0
6 0 0 0 0
7 0 0 0 0
8 0 0 0 0
9 0 1 2 2
10 0 0 0 0
11 0 0 0 0
12 0 0 0 0
13 0 0 0 0
14 0 0 0 0
15 0 0 0 0
16 1 0 0 3
17 1 0 0 0
18 1 0 0 0
19 0 0 0 0
20 1 0 0 0
21 0 1 0 0
22 1 0 0 0
23 1 0 1 0
24 1 0 0 0
25 2 0 1 1
26 1 1 0 0
27 0 1 0 1
28 0 0 0 0
29 0 0 0 1
30 2 1 0 0
31 0 0 0 1
32 1 2 0 0
33 0 0 0 1
34 0 1 0 0
35 1 3 0 0
36 0 0 0 1
37 1 0 0 1
38 1 0 1 1
39 1 0 0 2
40 0 0 1 0
41 0 0 0 0
42 1 1 0 3
43 1 1 0 0
44 1 0 0 1
45 1 0 0 0
46 0 0 0 0
47 1 1 0 1
48 0 0 2 0
49 0 1 0 1
50 0 1 0 0
51 0 0 0 1
52 1 1 0 2
53 1 0 0 0
54 0 0 0 1
55 0 0 0 0
56 0 0 0 2
57 0 0 0 0
58 0 0 1 0
59 0 0 0 0
60 0 0 0 0
61 0 1 0 0
62 1 0 0 0
63 0 0 0 0
64 1 0 0 0
65 0 0 0 2
66 0 0 0 0
67 0 0 1 0
68 2 0 0 0
69 0 0 0 0
70 1 0 0 0
71 1 0 0 1
72 1 0 0 0
73 1 2 0 0
74 0 0 0 0
75 1 0 1 0
76 1 0 0 0
77 1 2 0 1
78 0 0 2 0
79 2 0 0 0
80 0 0 1 1
81 0 0 1 2
82 1 0 1 3
83 1 0 0 0
84 4 1 1 1
85 2 0 0 0
86 1 0 0 1
87 1 0 0 0
88 1 0 0 2
89 2 1 1 0
90 2 0 1 0
91 1 1 1 1
92 0 0 2 0
93 0 0 2 0
94 1 1 2 1
95 0 0 2 2
96 1 0 0 2
97 2 0 0 0
98 2 1 0 5
99 1 0 1 2
100 1 1 0 1
101 0 1 0 0
102 2 0 1 2
103 1 0 1 0
104 1 0 0 1
105 1 0 1 0
106 2 0 1 1
107 2 1 2 1
108 2 2 0 1
109 1 0 0 2
110 2 0 1 1
111 1 0 0 2
112 6 0 1 2
113 2 1 0 0
114 1 0 0 1
115 2 1 2 1
116 3 0 1 1
117 3 1 3 1
118 4 1 2 0
119 3 2 0 0
120 1 0 1 1
121 0 1 3 3
122 3 2 1 4
123 2 1 3 0
124 4 4 1 1
125 4 2 1 5
126 0 0 0 3
127 0 0 2 3
128 2 0 1 3
129 0 0 2 3
130 3 0 0 2
131 2 0 2 4
132 6 0 2 2
133 3 0 2 0
134 6 3 1 1
135 4 2 0 3
136 5 1 0 3
137 5 5 2 2
138 6 0 1 0
139 5 2 1 3
140 4 2 1 2
141 2 2 2 5
142 8 2 2 1
143 4 1 6 3
144 6 3 3 5
145 4 2 1 2
146 7 4 1 4
147 6 4 3 5
148 6 3 2 6
149 5 3 3 4
150 5 1 1 7
151 4 2 2 6
152 4 2 1 3
153 3 3 3 6
154 7 6 1 4
155 4 5 3 3
156 8 6 0 4
157 6 1 2 7
158 6 2 0 5
159 4 4 4 6
160 5 0 3 9
161 4 0 5 4
162 5 3 5 4
163 1 3 3 2
164 8 3 1 4
165 5 3 3 3
166 2 1 2 10
167 4 5 1 6
168 7 2 2 6
169 3 3 3 7
170 7 4 2 3
171 7 3 0 6
172 6 2 2 4
173 5 6 1 6
174 6 0 1 5
175 5 5 1 3
176 6 4 2 4
177 10 4 3 5
178 9 2 2 2
179 7 4 0 4
180 6 6 1 4
181 5 3 1 5
182 4 2 4 7
183 7 4 6 6
184 3 5 0 9
185 7 7 4 3
186 2 7 3 5
187 6 3 3 8
188 7 4 3 3
189 8 0 0 7
190 4 1 3 7
191 9 2 1 8
192 8 1 3 12
193 5 3 5 8
194 7 4 3 1
195 7 3 1 4
196 8 6 5 4
197 8 2 3 7
198 12 5 4 2
199 7 2 1 3
200 8 4 4 11
201 6 4 2 7
202 8 1 2 8
203 5 8 4 6
204 8 5 2 6
205 9 6 3 5
206 6 6 2 4
207 6 8 2 10
208 5 2 2 8
209 4 4 2 6
210 7 7 2 9
211 10 7 1 8
212 3 6 3 6
213 7 4 5 7
214 3 4 2 12
215 8 4 1 4
216 4 6 2 8
217 4 1 2 10
218 4 3 6 11
219 3 3 3 7
220 2 3 2 7
221 2 2 2 3
222 4 0 3 9
223 4 2 2 7
224 7 3 4 4
225 6 1 1 6
226 3 3 1 3
227 5 3 1 4
228 3 1 1 2
229 2 3 0 5
230 2 1 2 2
231 4 2 1 7
232 2 0 5 2
233 0 6 2 4
234 0 3 1 2
235 2 1 1 2
236 2 2 2 7
237 1 1 2 6
238 0 0 0 4
239 1 0 0 2
240 1 1 3 3
241 3 1 0 4
242 1 0 0 2
243 2 0 0 4
244 4 0 1 2
245 6 1 2 0
246 3 3 1 0
247 2 0 1 3
248 3 1 0 1
249 2 2 0 2
250 1 3 0 3
251 2 1 1 1
252 1 2 1 2
253 3 4 0 1
254 1 3 1 2
255 0 1 1 2
256 1 2 1 2
257 2 2 0 4
258 1 2 1 4
259 0 1 0 3
260 1 0 0 2
261 0 1 0 3
262 1 1 2 4
263 1 0 1 3
264 2 0 0 0
265 0 0 0 1
266 2 0 0 3
267 0 1 0 1
268 0 0 1 0
269 1 1 1 1
270 2 0 0 0
271 3 1 0 0
272 3 0 0 1
273 0 1 0 1
274 0 1 0 1
275 1 1 1 1
276 0 1 1 1
277 0 1 1 1
278 0 0 1 0
279 0 0 0 0
280 0 2 1 2
281 0 0 0 2
282 1 0 0 2
283 0 0 0 0
284 0 0 0 3
285 0 0 0 1
286 0 0 0 0
287 0 0 0 1
288 1 0 0 0
289 0 0 0 0
290 0 0 0 0
291 0 0 1 0
292 0 0 0 0
293 0 0 0 0
294 0 0 0 0
295 0 0 0 1
296 0 0 0 0
297 0 1 0 0
298 0 0 0 0
299 0 0 0 0
300 1 0 0 0
301 0 0 0 0
302 0 0 0 0
303 0 0 0 0
304 1 0 0 1
305 1 0 1 0
306 0 0 0 0
307 1 0 0 0
308 0 0 0 0
309 1 0 1 1
310 0 0 0 0
311 0 0 0 0
312 0 0 0 0
313 0 0 0 1
314 0 0 2 0
315 0 0 0 0
316 0 0 1 0
317 0 0 0 0
318 0 0 0 1
319 0 0 0 0
320 0 0 0 1
321 0 0 0 1
322 0 0 0 0
323 0 0 0 0
324 0 0 0 0
325 0 0 0 0
326 0 0 0 0
327 0 0 0 0
328 0 0 0 0
329 0 0 0 0
330 1 0 0 0
331 0 0 0 0
332 0 0 0 0
333 1 0 0 0
334 0 0 0 0
335 1 0 0 0
336 1 0 0 0
337 0 1 0 0
338 0 0 0 0
339 0 0 0 0
340 0 2 0 0
341 0 0 1 0
342 0 0 0 0
343 0 0 0 0
344 0 0 0 3
345 0 0 0 0
346 0 0 0 0
347 0 0 0 0
348 0 0 0 1
349 0 0 0 0
350 0 0 0 0
351 0 0 0 0
352 0 0 0 0
353 0 0 0 0
354 0 0 0 0
355 0 0 0 0
356 0 0 0 0
357 0 0 0 0
358 0 0 0 0
359 0 0 0 0
360 0 0 0 0
361 0 0 0 0
362 0 0 0 0
363 0 0 0 0
364 0 0 0 0
365 0 0 0 0
366 0 0 0 0
367 0 0 0 0
368 0 0 0 0
369 0 0 0 0
370 0 0 0 0
371 0 0 0 0
372 0 0 0 0
373 0 0 0 0
374 0 0 0 0
375 0 0 0 0
376 0 0 0 0
377 0 0 0 0
378 0 0 0 0
379 0 0 0 0
380 0 0 0 0
381 0 0 0 0
382 0 0 0 0
383 0 0 0 0
384 0 0 0 0
385 0 0 0 0
386 0 0 0 0
387 0 0 0 0
388 0 0 0 0
389 0 0 0 0
390 0 0 0 0
391 0 0 0 0
392 0 0 0 0
393 0 0 0 0
394 0 0 0 0
395 0 0 0 0
396 0 0 0 0
397 0 0 0 0
398 0 0 0 0
399 0 0 0 0
400 0 0 0 0
401 0 0 0 0
402 0 0 0 0
403 0 0 0 0
404 0 0 0 0
405 0 0 0 0
406 0 0 0 0
407 0 0 0 0
408 0 0 0 0
409 0 0 0 0
410 0 0 0 0
411 0 0 0 0
412 0 0 0 0
413 0 0 0 0
414 0 0 0 0
415 0 0 0 0
416 0 0 0 0
417 0 0 0 0
418 0 0 0 0
419 0 0 0 0
420 0 0 0 0
421 0 0 0 0
422 0 0 0 0
423 0 0 0 0
424 0 0 0 0
425 0 0 0 0
426 0 0 0 0
427 0 0 0 0
428 0 0 0 0
429 0 0 0 0
430 0 0 0 0
431 0 0 0 0
432 0 0 0 0
433 0 0 0 0
434 0 0 0 0
435 0 0 0 0
436 0 0 0 0
437 0 0 0 0
438 0 0 0 0
439 0 0 0 0
440 0 0 0 0
441 0 0 0 0
442 0 0 0 0
443 0 0 0 0
444 0 0 0 0
445 0 0 0 0
446 0 0 0 0
447 0 0 0 0
448 0 0 0 0
449 0 0 0 0
450 0 0 0 0
451 0 0 0 0
452 0 0 0 0
453 0 0 0 0
454 0 0 0 0
455 0 0 0 0
456 0 0 0 0
457 0 0 0 0
458 0 0 0 0
459 0 0 0 0
460 0 0 0 0
461 0 0 0 0
462 0 0 0 0
463 0 0 0 0
464 0 0 0 0
465 0 0 0 0
466 0 0 0 0
467 0 0 0 0
468 0 0 0 0
469 0 0 0 0
470 0 0 0 0
471 0 0 0 0
472 0 0 0 0
473 0 0 0 0
474 0 0 0 0
475 0 0 0 0
476 0 0 0 0
477 0 0 0 0
478 0 0 0 0
479 0 0 0 0
480 0 0 0 0
481 0 0 0 0
482 0 0 0 0
483 0 0 0 0
484 0 0 0 0
485 0 0 0 0
486 0 0 0 0
487 0 0 0 0
488 0 0 0 0
489 0 0 0 0
490 0 0 0 0
491 0 0 0 0
492 0 0 0 0
493 0 0 0 0
494 0 0 0 0
495 0 0 0 0
496 0 0 0 0
497 0 0 0 0
498 0 0 0 0
499 0 0 0 0
500 0 0 0 0
501 0 0 0 0
502 0 0 0 0
503 0 0 0 0
504 0 0 0 0
505 0 0 0 0
506 0 0 0 0
507 0 0 0 0
508 0 0 0 0
509 0 0 0 0
510 0 0 0 0
511 0 0 0 0
512 0 0 0 0
513 0 0 0 0
514 0 0 0 0
515 0 0 0 0
516 0 0 0 0
517 0 0 0 0
518 0 0 0 0
519 0 0 0 0
520 0 0 0 0
521 0 0 0 0
522 0 0 0 0
523 0 0 0 0
524 0 0 0 0
525 0 0 0 0
526 0 0 0 0
527 0 0 0 0
528 0 0 0 0
529 0 0 0 0
530 0 0 0 0
531 0 0 0 0
532 0 0 0 0
533 0 0 0 0
534 0 0 0 0
535 0 0 0 0
536 0 0 0 0
537 0 0 0 0
538 0 0 0 0
539 0 0 0 0
540 0 0 0 0
541 0 0 0 0
542 0 0 0 0
543 0 0 0 0
544 0 0 0 0
545 0 0 0 0
546 0 0 0 0
547 0 0 0 0
548 0 0 0 0
549 0 0 0 0
550 0 0 0 0
551 0 0 0 0
552 0 0 0 0
553 0 0 0 0
554 0 0 0 0
555 0 0 0 0
556 0 0 0 0
557 0 0 0 0
558 0 0 0 0
559 0 0 0 0
560 0 0 0 0
561 0 0 0 0
562 0 0 0 0
563 0 0 0 0
564 0 0 0 0
565 0 0 0 0
566 0 0 0 0
567 0 0 0 0
568 0 0 0 0
569 0 0 0 0
570 0 0 0 0
571 0 0 0 0
572 0 0 0 0
573 0 0 0 0
574 0 0 0 0
575 0 0 0 0
576 0 0 0 0
577 0 0 0 0
578 0 0 0 0
579 0 0 0 0
580 0 0 0 0
581 0 0 0 0
582 0 0 0 0
583 0 0 0 0
584 0 0 0 0
585 0 0 0 0
586 0 0 0 0
587 0 0 0 0
588 0 0 0 0
589 0 0 0 0
590 0 0 0 0
591 0 0 0 0
592 0 0 0 0
593 0 0 0 0
594 0 0 0 0
595 0 0 0 0
596 0 0 0 0
597 0 0 0 0
598 0 0 0 0
599 0 0 0 0
600 0 0 0 0
601 0 0 0 0
602 0 0 0 0
603 0 0 0 0
604 0 0 0 0
605 0 0 0 0
606 0 0 0 0
607 0 0 0 0
608 0 0 0 0
609 0 0 0 0
610 0 0 0 0
611 0 0 0 0
612 0 0 0 0
613 0 0 0 0
614 0 0 0 0
615 0 0 0 0
616 0 0 0 0
617 0 0 0 0
618 0 0 0 0
619 0 0 0 0
620 0 0 0 0
621 0 0 0 0
622 0 0 0 0
623 0 0 0 0
624 0 0 0 0
625 0 0 0 0
626 0 0 0 0
627 0 0 0 0
628 0 0 0 0
629 0 0 0 0
630 0 0 0 0
631 0 0 0 0
632 0 0 0 0
633 0 0 0 0
634 0 0 0 0
635 0 0 0 0
636 0 0 0 0
637 0 0 0 0
638 0 0 0 0
639 0 0 0 0
640 0 0 0 0
641 0 0 0 0
642 0 0 0 0
643 0 0 0 0
644 0 0 0 0
645 0 0 0 0
646 0 0 0 0
647 0 0 0 0
648 0 0 0 0
649 0 0 0 0
650 0 0 0 0
651 0 0 0 0
652 0 0 0 0
653 0 0 0 0
654 0 0 0 0
655 0 0 0 0
656 0 0 0 0
657 0 0 0 0
658 0 0 0 0
659 0 0 0 0
660 0 0 0 0
661 0 0 0 0
662 0 0 0 0
663 0 0 0 0
664 0 0 0 0
665 0 0 0 0
666 0 0 0 0
667 0 0 0 0
668 0 0 0 0
669 0 0 0 0
670 0 0 0 0
671 0 0 0 0
672 0 0 0 0
673 0 0 0 0
674 0 0 0 0
675 0 0 0 0
676 0 0 0 0
677 0 0 0 0
678 0 0 0 0
679 0 0 0 0
680 0 0 0 0
681 0 0 0 0
682 0 0 0 0
683 0 0 0 0
684 0 0 0 0
685 0 0 0 0
686 0 0 0 0
687 0 0 0 0
688 0 0 0 0
689 0 0 0 0
690 0 0 0 0
691 0 0 0 0
692 0 0 0 0
693 0 0 0 0
694 0 0 0 0
695 0 0 0 0
696 0 0 0 0
697 0 0 0 0
698 0 0 0 0
699 0 0 0 0
700 0 0 0 0
701 0 0 0 0
702 0 0 0 0
703 0 0 0 0
704 0 0 0 0
705 0 0 0 0
706 0 0 0 0
707 0 0 0 0
708 0 0 0 0
709 0 0 0 0
710 0 0 0 0
711 0 0 0 0
712 0 0 0 0
713 0 0 0 0
714 0 0 0 0
715 0 0 0 0
716 0 0 0 0
717 0 0 0 0
718 0 0 0 0
719 0 0 0 0
720 0 0 0 0
721 0 0 0 0
722 0 0 0 0
723 0 0 0 0
724 0 0 0 0
725 0 0 0 0
726 0 0 0 0
727 0 0 0 0
