0 0 0 0 0
1 0 0 0 0
2 0 0 0 0
3 0 0 0 0
4 0 0 0 0
5 0 1 1 0
6 0 0 0 0
7 0 0 0 0
8 0 0 0 0
9 0 2 1 0
10 0 0 0 0
11 0 0 0 0
12 0 0 0 2
13 0 0 0 0
14 0 0 0 1
15 1 0 0 0
16 0 0 0 2
17 0 0 0 0
18 1 0 0 0
19 0 0 0 0
20 0 1 0 0
21 1 0 0 0
22 1 0 0 0
23 0 0 0 0
24 1 0 0 0
25 0 0 0 0
26 1 0 1 0
27 1 1 0 1
28 1 0 0 0
29 0 0 1 0
30 1 0 0 0
31 0 1 0 0
32 0 0 1 0
33 0 0 0 1
34 0 0 0 1
35 0 0 1 0
36 0 0 0 1
37 0 0 1 0
38 0 0 0 2
39 1 1 0 1
40 0 0 0 0
41 1 0 0 1
42 0 0 0 0
43 0 0 0 1
44 0 1 0 0
45 0 0 0 0
46 1 0 0 0
47 1 0 0 0
48 0 0 0 1
49 1 0 0 0
50 4 0 1 0
51 0 1 0 0
52 0 0 0 0
53 4 0 0 0
54 0 0 0 0
55 0 0 1 1
56 1 1 1 0
57 0 0 0 1
58 1 1 2 0
59 0 1 1 0
60 1 0 0 1
61 0 0 0 0
62 0 1 1 2
63 1 0 0 1
64 1 0 0 1
65 2 1 1 2
66 1 0 0 1
67 0 0 1 0
68 0 0 1 0
69 0 1 0 3
70 1 0 1 0
71 0 1 0 1
72 1 0 0 2
73 1 0 0 0
74 0 0 1 1
75 1 1 0 0
76 1 0 0 1
77 1 1 0 0
78 0 1 0 2
79 2 0 0 0
80 1 1 0 0
81 1 0 1 1
82 5 0 0 1
83 4 0 0 0
84 0 2 0 1
85 1 0 0 1
86 2 1 0 1
87 1 0 1 0
88 4 2 1 1
89 2 0 1 0
90 1 2 0 1
91 1 4 1 1
92 2 1 0 1
93 1 1 2 0
94 0 0 1 2
95 3 3 0 5
96 2 2 0 2
97 1 2 0 3
98 1 1 0 3
99 1 0 0 1
100 1 0 1 1
101 1 1 1 0
102 2 0 1 4
103 2 0 0 2
104 6 2 0 1
105 3 0 1 2
106 3 1 1 0
107 2 2 0 1
108 4 1 1 0
109 7 3 1 2
110 0 0 1 2
111 2 1 1 3
112 3 2 2 3
113 3 3 1 3
114 4 3 2 0
115 2 0 2 2
116 2 0 1 4
117 1 3 2 5
118 0 1 5 1
119 3 0 1 2
120 3 0 4 2
121 2 1 0 7
122 4 0 1 1
123 6 2 0 1
124 3 2 0 5
125 4 1 1 4
126 6 0 0 1
127 2 1 1 3
128 2 3 1 3
129 3 1 2 1
130 4 4 1 0
131 6 2 2 2
132 6 5 1 3
133 5 1 2 3
134 7 3 1 5
135 6 3 3 3
136 6 1 1 4
137 8 3 2 3
138 1 1 0 5
139 4 2 2 7
140 2 2 7 3
141 3 1 3 4
142 5 2 5 2
143 5 3 1 4
144 4 3 1 5
145 6 3 3 6
146 6 7 1 6
147 8 2 1 6
148 2 1 2 3
149 4 2 0 4
150 8 3 2 7
151 3 2 2 5
152 8 6 3 3
153 5 2 1 5
154 2 1 2 5
155 7 5 3 4
156 7 5 0 6
157 3 5 0 4
158 4 1 3 2
159 6 4 0 6
160 5 5 3 3
161 2 7 2 2
162 12 2 3 8
163 6 1 2 6
164 6 3 2 11
165 11 3 2 8
166 7 1 2 3
167 7 5 4 2
168 8 5 1 5
169 9 3 3 4
170 5 5 3 5
171 9 4 3 11
172 6 5 2 8
173 5 3 3 4
174 7 6 2 5
175 8 7 0 4
176 7 4 6 8
177 5 5 2 6
178 7 5 1 7
179 7 4 1 5
180 13 7 1 10
181 15 4 3 10
182 8 6 0 7
183 10 5 1 8
184 11 4 2 5
185 9 9 3 8
186 7 6 5 5
187 12 3 8 7
188 8 4 4 5
189 7 4 7 7
190 8 5 6 11
191 5 8 1 7
192 13 5 5 13
193 12 4 4 11
194 10 4 4 12
195 10 5 0 9
196 6 1 3 8
197 4 9 3 12
198 8 6 7 5
199 8 7 2 6
200 12 8 4 6
201 5 6 4 11
202 6 3 0 11
203 10 4 6 7
204 9 8 1 11
205 9 4 5 9
206 8 3 2 5
207 9 5 3 14
208 5 3 4 11
209 9 4 6 7
210 5 9 1 6
211 7 2 4 6
212 8 5 4 8
213 5 7 2 8
214 7 7 0 12
215 7 5 2 7
216 4 2 4 11
217 8 2 2 3
218 4 3 3 7
219 6 6 2 7
220 2 7 2 12
221 5 5 3 3
222 4 3 3 6
223 6 1 3 10
224 4 3 4 7
225 4 0 1 8
226 4 4 3 2
227 5 4 2 7
228 3 3 2 10
229 5 4 0 4
230 2 2 1 5
231 3 0 1 4
232 6 6 2 6
233 9 1 2 4
234 5 4 3 5
235 3 2 1 1
236 3 1 1 7
237 4 3 4 2
238 5 2 5 6
239 2 3 1 4
240 1 5 0 3
241 3 1 2 5
242 2 2 1 6
243 2 4 1 5
244 3 1 0 7
245 1 2 0 4
246 1 1 2 4
247 4 1 1 4
248 1 3 1 2
249 1 0 1 4
250 5 2 2 4
251 0 0 2 0
252 1 2 1 1
253 2 2 2 1
254 1 0 0 3
255 2 2 1 5
256 1 0 1 2
257 2 0 0 3
258 2 2 0 0
259 2 1 1 4
260 2 0 0 4
261 0 1 0 0
262 2 2 0 4
263 3 1 2 1
264 0 0 0 0
265 1 2 1 0
266 1 1 1 3
267 1 3 0 2
268 0 1 3 1
269 1 1 0 2
270 2 0 0 2
271 1 1 0 2
272 0 0 1 3
273 0 0 0 2
274 0 1 0 1
275 1 0 0 3
276 0 1 0 0
277 3 0 0 0
278 2 0 1 1
279 1 2 0 1
280 3 0 0 0
281 1 0 0 0
282 1 1 0 0
283 2 0 0 3
284 2 0 2 0
285 1 0 2 1
286 2 2 1 0
287 1 1 1 0
288 1 1 0 2
289 0 1 2 2
290 1 1 1 2
291 1 0 1 2
292 1 1 0 2
293 1 0 0 2
294 2 0 0 2
295 0 1 0 1
296 1 2 0 1
297 0 1 0 1
298 1 0 1 0
299 0 2 0 1
300 1 0 0 2
301 0 1 1 0
302 0 0 0 2
303 1 0 1 1
304 0 0 0 1
305 0 1 0 1
306 0 0 0 1
307 0 1 0 0
308 0 0 1 1
309 1 0 0 1
310 1 0 0 0
311 0 0 0 1
312 0 0 0 1
313 1 0 0 0
314 0 0 0 1
315 2 0 0 0
316 0 0 0 0
317 1 0 0 0
318 1 1 0 0
319 0 1 0 0
320 0 0 0 0
321 0 0 0 0
322 0 0 2 1
323 0 0 1 0
324 0 1 1 0
325 0 0 0 0
326 0 0 0 3
327 0 0 0 1
328 0 0 0 1
329 0 0 0 0
330 1 0 0 0
331 0 0 0 1
332 0 0 0 0
333 0 0 0 0
334 0 0 0 0
335 0 1 0 0
336 0 0 0 0
337 0 0 0 0
338 0 0 0 0
339 0 0 0 1
340 0 0 0 0
341 0 0 0 0
342 0 0 0 0
343 0 0 0 0
344 0 0 0 0
345 0 0 0 0
346 0 0 0 0
347 0 0 0 0
348 0 0 0 0
349 0 0 0 0
350 0 0 0 0
351 0 0 0 0
352 0 0 0 0
353 0 0 0 0
354 0 0 0 0
355 0 0 0 0
356 0 0 0 0
357 0 0 0 0
358 0 0 0 0
359 0 0 0 0
360 0 0 0 0
361 0 0 0 0
362 0 0 0 0
363 0 0 0 0
364 0 0 0 0
365 0 0 0 0
366 0 0 0 0
367 0 0 0 0
368 0 0 0 0
369 0 0 0 0
370 0 0 0 0
371 0 0 0 0
372 0 0 0 0
373 0 0 0 0
374 0 0 0 0
375 0 0 0 0
376 0 0 0 0
377 0 0 0 0
378 0 0 0 0
379 0 0 0 0
380 0 0 0 0
381 0 0 0 0
382 0 0 0 0
383 0 0 0 0
384 0 0 0 0
385 0 0 0 0
386 0 0 0 0
387 0 0 0 0
388 0 0 0 0
389 0 0 0 0
390 0 0 0 0
391 0 0 0 0
392 0 0 0 0
393 0 0 0 0
394 0 0 0 0
395 0 0 0 0
396 0 0 0 0
397 0 0 0 0
398 0 0 0 0
399 0 0 0 0
400 0 0 0 0
401 0 0 0 0
402 0 0 0 0
403 0 0 0 0
404 0 0 0 0
405 0 0 0 0
406 0 0 0 0
407 0 0 0 0
408 0 0 0 0
409 0 0 0 0
410 0 0 0 0
411 0 0 0 0
412 0 0 0 0
413 0 0 0 0
414 0 0 0 0
415 0 0 0 0
416 0 0 0 0
417 0 0 0 0
418 0 0 0 0
419 0 0 0 0
420 0 0 0 0
421 0 0 0 0
422 0 0 0 0
423 0 0 0 0
424 0 0 0 0
425 0 0 0 0
426 0 0 0 0
427 0 0 0 0
428 0 0 0 0
429 0 0 0 0
430 0 0 0 0
431 0 0 0 0
432 0 0 0 0
433 0 0 0 0
434 0 0 0 0
435 0 0 0 0
436 0 0 0 0
437 0 0 0 0
438 0 0 0 0
439 0 0 0 0
440 0 0 0 0
441 0 0 0 0
442 0 0 0 0
443 0 0 0 0
444 0 0 0 0
445 0 0 0 0
446 0 0 0 0
447 0 0 0 0
448 0 0 0 0
449 0 0 0 0
450 0 0 0 0
451 0 0 0 0
452 0 0 0 0
453 0 0 0 0
454 0 0 0 0
455 0 0 0 0
456 0 0 0 0
457 0 0 0 0
458 0 0 0 0
459 0 0 0 0
460 0 0 0 0
461 0 0 0 0
462 0 0 0 0
463 0 0 0 0
464 0 0 0 0
465 0 0 0 0
466 0 0 0 0
467 0 0 0 0
468 0 0 0 0
469 0 0 0 0
470 0 0 0 0
471 0 0 0 0
472 0 0 0 0
473 0 0 0 0
474 0 0 0 0
475 0 0 0 0
476 0 0 0 0
477 0 0 0 0
478 0 0 0 0
479 0 0 0 0
480 0 0 0 0
481 0 0 0 0
482 0 0 0 0
483 0 0 0 0
484 0 0 0 0
485 0 0 0 0
486 0 0 0 0
487 0 0 0 0
488 0 0 0 0
489 0 0 0 0
490 0 0 0 0
491 0 0 0 0
492 0 0 0 0
493 0 0 0 0
494 0 0 0 0
495 0 0 0 0
496 0 0 0 0
497 0 0 0 0
498 0 0 0 0
499 0 0 0 0
500 0 0 0 0
501 0 0 0 0
502 0 0 0 0
503 0 0 0 0
504 0 0 0 0
505 0 0 0 0
506 0 0 0 0
507 0 0 0 0
508 0 0 0 0
509 0 0 0 0
510 0 0 0 0
511 0 0 0 0
512 0 0 0 0
513 0 0 0 0
514 0 0 0 0
515 0 0 0 0
516 0 0 0 0
517 0 0 0 0
518 0 0 0 0
519 0 0 0 0
520 0 0 0 0
521 0 0 0 0
522 0 0 0 0
523 0 0 0 0
524 0 0 0 0
525 0 0 0 0
526 0 0 0 0
527 0 0 0 0
528 0 0 0 0
529 0 0 0 0
530 0 0 0 0
531 0 0 0 0
532 0 0 0 0
533 0 0 0 0
534 0 0 0 0
535 0 0 0 0
536 0 0 0 0
537 0 0 0 0
538 0 0 0 0
539 0 0 0 0
540 0 0 0 0
541 0 0 0 0
542 0 0 0 0
543 0 0 0 0
544 0 0 0 0
545 0 0 0 0
546 0 0 0 0
547 0 0 0 0
548 0 0 0 0
549 0 0 0 0
550 0 0 0 0
551 0 0 0 0
552 0 0 0 0
553 0 0 0 0
554 0 0 0 0
555 0 0 0 0
556 0 0 0 0
557 0 0 0 0
558 0 0 0 0
559 0 0 0 0
560 0 0 0 0
561 0 0 0 0
562 0 0 0 0
563 0 0 0 0
564 0 0 0 0
565 0 0 0 0
566 0 0 0 0
567 0 0 0 0
568 0 0 0 0
569 0 0 0 0
570 0 0 0 0
571 0 0 0 0
572 0 0 0 0
573 0 0 0 0
574 0 0 0 0
575 0 0 0 0
576 0 0 0 0
577 0 0 0 0
578 0 0 0 0
579 0 0 0 0
580 0 0 0 0
581 0 0 0 0
582 0 0 0 0
583 0 0 0 0
584 0 0 0 0
585 0 0 0 0
586 0 0 0 0
587 0 0 0 0
588 0 0 0 0
589 0 0 0 0
590 0 0 0 0
591 0 0 0 0
592 0 0 0 0
593 0 0 0 0
594 0 0 0 0
595 0 0 0 0
596 0 0 0 0
597 0 0 0 0
598 0 0 0 0
599 0 0 0 0
600 0 0 0 0
601 0 0 0 0
602 0 0 0 0
603 0 0 0 0
604 0 0 0 0
605 0 0 0 0
606 0 0 0 0
607 0 0 0 0
608 0 0 0 0
609 0 0 0 0
610 0 0 0 0
611 0 0 0 0
612 0 0 0 0
613 0 0 0 0
614 0 0 0 0
615 0 0 0 0
616 0 0 0 0
617 0 0 0 0
618 0 0 0 0
619 0 0 0 0
620 0 0 0 0
621 0 0 0 0
622 0 0 0 0
623 0 0 0 0
624 0 0 0 0
625 0 0 0 0
626 0 0 0 0
627 0 0 0 0
628 0 0 0 0
629 0 0 0 0
630 0 0 0 0
631 0 0 0 0
632 0 0 0 0
633 0 0 0 0
634 0 0 0 0
635 0 0 0 0
636 0 0 0 0
637 0 0 0 0
638 0 0 0 0
639 0 0 0 0
640 0 0 0 0
641 0 0 0 0
642 0 0 0 0
643 0 0 0 0
644 0 0 0 0
645 0 0 0 0
646 0 0 0 0
647 0 0 0 0
648 0 0 0 0
649 0 0 0 0
650 0 0 0 0
651 0 0 0 0
652 0 0 0 0
653 0 0 0 0
654 0 0 0 0
655 0 0 0 0
656 0 0 0 0
657 0 0 0 0
658 0 0 0 0
659 0 0 0 0
660 0 0 0 0
661 0 0 0 0
662 0 0 0 0
663 0 0 0 0
664 0 0 0 0
665 0 0 0 0
666 0 0 0 0
667 0 0 0 0
668 0 0 0 0
669 0 0 0 0
670 0 0 0 0
671 0 0 0 0
672 0 0 0 0
673 0 0 0 0
674 0 0 0 0
675 0 0 0 0
676 0 0 0 0
677 0 0 0 0
678 0 0 0 0
679 0 0 0 0
680 0 0 0 0
681 0 0 0 0
682 0 0 0 0
683 0 0 0 0
684 0 0 0 0
685 0 0 0 0
686 0 0 0 0
687 0 0 0 0
688 0 0 0 0
689 0 0 0 0
690 0 0 0 0
691 0 0 0 0
692 0 0 0 0
693 0 0 0 0
694 0 0 0 0
695 0 0 0 0
696 0 0 0 0
697 0 0 0 0
698 0 0 0 0
699 0 0 0 0
700 0 0 0 0
701 0 0 0 0
702 0 0 0 0
703 0 0 0 0
704 0 0 0 0
705 0 0 0 0
706 0 0 0 0
707 0 0 0 0
708 0 0 0 0
709 0 0 0 0
710 0 0 0 0
711 0 0 0 0
712 0 0 0 0
713 0 0 0 0
714 0 0 0 0
715 0 0 0 0
716 0 0 0 0
717 0 0 0 0
718 0 0 0 0
719 0 0 0 0
720 0 0 0 0
721 0 0 0 0
722 0 0 0 0
723 0 0 0 0
724 0 0 0 0
725 0 0 0 0
726 0 0 0 0
727 0 0 0 0
