0 0 0 0 0
1 0 0 0 0
2 0 0 0 0
3 0 0 0 0
4 0 0 0 0
5 0 1 0 0
6 0 0 0 0
7 0 0 0 0
8 0 0 0 0
9 0 2 2 1
10 0 0 0 0
11 0 0 0 0
12 0 0 0 0
13 0 0 0 4
14 0 0 0 0
15 0 0 0 0
16 0 0 0 0
17 0 0 0 0
18 0 0 0 0
19 0 0 0 0
20 0 0 0 0
21 0 0 0 0
22 0 0 0 0
23 0 0 0 0
24 0 0 0 0
25 0 0 0 0
26 0 0 0 0
27 0 0 0 0
28 1 0 0 0
29 0 0 0 0
30 1 0 0 0
31 0 0 0 0
32 0 0 0 0
33 0 0 0 0
34 0 0 0 0
35 0 0 0 0
36 0 0 0 0
37 0 1 0 0
38 0 0 0 0
39 0 0 1 0
40 0 0 0 0
41 0 0 0 0
42 0 0 0 0
43 0 0 0 1
44 0 0 0 1
45 0 0 0 0
46 0 0 0 0
47 0 0 0 0
48 0 0 0 0
49 0 0 0 0
50 1 0 0 0
51 1 0 0 0
52 1 0 0 0
53 0 0 0 0
54 0 0 0 0
55 0 1 0 0
56 0 0 0 0
57 0 0 1 0
58 0 0 0 0
59 1 0 0 0
60 1 1 0 0
61 0 0 0 1
62 1 0 0 1
63 0 0 0 0
64 0 0 0 0
65 0 0 1 0
66 1 0 0 0
67 1 0 1 1
68 1 0 1 0
69 0 0 0 0
70 0 0 0 0
71 0 0 0 0
72 0 1 0 1
73 1 0 1 0
74 1 0 0 1
75 0 1 0 1
76 1 0 0 1
77 3 0 0 0
78 0 0 0 0
79 1 0 1 0
80 0 0 0 1
81 0 0 0 0
82 1 2 1 1
83 1 0 0 1
84 0 0 0 0
85 2 1 0 0
86 2 1 0 3
87 0 0 1 0
88 2 1 1 0
89 0 0 0 0
90 0 0 1 1
91 2 1 1 0
92 1 0 0 3
93 0 0 0 0
94 1 1 0 2
95 1 0 0 2
96 1 1 0 0
97 0 0 2 0
98 0 0 0 0
99 2 0 0 0
100 0 1 0 1
101 0 2 0 3
102 3 0 0 0
103 1 1 0 0
104 2 0 1 1
105 2 0 0 1
106 1 0 0 0
107 2 2 0 0
108 1 2 0 1
109 2 1 0 0
110 2 0 1 1
111 2 1 1 2
112 3 2 0 2
113 0 1 0 1
114 1 0 2 2
115 3 0 2 2
116 2 1 1 1
117 1 1 2 1
118 2 0 0 1
119 1 1 2 2
120 2 1 0 1
121 3 1 0 2
122 0 0 0 1
123 1 0 0 4
124 0 1 2 3
125 0 0 2 1
126 0 0 1 0
127 0 2 0 0
128 0 1 1 2
129 0 0 1 2
130 2 2 1 0
131 2 0 0 1
132 1 0 0 3
133 0 0 0 2
134 0 0 0 2
135 5 0 1 0
136 3 0 1 0
137 5 0 0 2
138 0 0 0 0
139 1 0 1 1
140 0 2 2 0
141 3 0 1 0
142 2 1 1 0
143 2 0 0 1
144 3 1 1 2
145 2 2 1 1
146 3 0 5 2
147 3 0 1 2
148 1 1 1 1
149 2 0 3 4
150 2 1 2 3
151 2 1 0 2
152 0 2 1 2
153 0 0 0 4
154 2 1 1 2
155 0 3 2 0
156 0 1 2 1
157 2 1 0 2
158 3 0 0 2
159 4 0 0 3
160 2 0 0 2
161 2 0 0 1
162 0 1 0 4
163 1 1 2 1
164 5 1 0 1
165 2 1 0 0
166 3 2 0 0
167 2 2 0 0
168 4 3 1 1
169 3 3 1 2
170 4 0 1 5
171 4 2 0 2
172 2 1 1 1
173 3 2 3 4
174 4 2 1 1
175 1 2 0 4
176 0 2 1 1
177 1 0 3 4
178 2 2 1 2
179 2 2 2 2
180 0 0 0 2
181 0 1 1 2
182 4 3 0 4
183 3 2 0 4
184 2 1 1 2
185 2 0 0 2
186 2 0 0 3
187 2 3 2 2
188 4 1 0 1
189 2 1 1 2
190 4 1 0 0
191 4 1 0 5
192 3 2 1 1
193 5 0 1 0
194 3 2 0 3
195 5 1 4 1
196 4 1 4 3
197 7 1 2 2
198 3 4 2 0
199 2 1 1 4
200 3 1 3 3
201 5 1 1 3
202 2 6 1 3
203 5 2 1 4
204 4 0 3 5
205 0 1 3 4
206 5 3 2 6
207 1 2 1 4
208 3 1 3 5
209 4 2 3 4
210 5 2 0 2
211 1 3 0 1
212 2 1 2 2
213 3 0 1 5
214 1 2 1 4
215 3 3 2 5
216 2 0 0 3
217 3 2 3 1
218 4 2 1 4
219 5 2 2 3
220 2 0 2 1
221 2 0 1 5
222 2 1 0 7
223 4 0 1 1
224 6 4 3 2
225 3 0 0 1
226 3 3 2 4
227 4 1 1 2
228 4 4 0 3
229 0 3 1 0
230 6 2 2 3
231 2 0 4 4
232 2 2 1 1
233 2 1 3 5
234 1 1 0 4
235 1 4 0 6
236 1 1 4 3
237 3 4 1 4
238 1 1 0 2
239 1 2 0 4
240 2 0 0 3
241 1 0 1 3
242 2 1 1 2
243 0 1 0 6
244 3 1 1 2
245 3 1 0 1
246 0 2 0 2
247 2 1 1 0
248 4 0 1 2
249 2 0 2 1
250 1 2 0 2
251 0 0 1 2
252 1 1 0 0
253 1 3 1 3
254 0 1 1 0
255 1 0 0 1
256 0 0 1 0
257 0 1 1 5
258 0 1 0 3
259 1 0 1 1
260 0 1 0 1
261 0 1 0 0
262 0 1 0 0
263 0 0 0 1
264 1 0 1 2
265 0 0 0 2
266 1 0 0 2
267 2 0 0 1
268 0 0 0 1
269 0 1 0 0
270 1 0 0 0
271 0 1 0 0
272 0 0 2 0
273 1 0 0 0
274 1 0 0 0
275 2 1 0 0
276 2 0 0 3
277 2 0 0 0
278 0 0 0 1
279 1 1 0 0
280 1 0 2 0
281 1 0 0 0
282 0 1 1 1
283 0 0 0 1
284 0 1 0 2
285 0 1 1 0
286 0 2 0 1
287 0 0 0 0
288 0 0 0 1
289 0 1 0 2
290 0 0 0 2
291 0 0 0 0
292 0 0 0 1
293 0 0 0 1
294 0 0 0 0
295 0 0 0 0
296 1 0 0 0
297 1 0 0 0
298 0 0 0 0
299 0 0 0 0
300 0 0 0 0
301 1 0 0 0
302 0 1 0 0
303 0 0 0 0
304 0 0 0 0
305 0 0 1 0
306 0 1 0 1
307 0 0 0 0
308 0 0 0 0
309 0 0 0 1
310 0 0 0 0
311 0 0 0 0
312 0 0 0 0
313 0 0 0 1
314 0 0 0 0
315 0 0 0 0
316 1 0 0 0
317 0 0 0 0
318 1 0 0 0
319 0 0 0 0
320 0 0 0 0
321 0 0 1 0
322 0 0 0 0
323 0 1 0 0
324 0 0 0 0
325 0 0 0 1
326 0 0 0 0
327 0 0 0 0
328 0 0 0 0
329 0 0 0 0
330 0 0 0 1
331 0 0 0 0
332 0 0 0 0
333 0 0 0 0
334 0 0 0 0
335 0 0 0 0
336 0 0 0 0
337 0 0 0 0
338 0 0 0 0
339 0 0 0 0
340 0 0 0 0
341 0 0 0 0
342 0 0 0 0
343 0 0 0 0
344 0 0 0 0
345 0 0 0 0
346 0 0 0 0
347 0 0 0 0
348 0 0 0 0
349 0 0 0 0
350 0 0 0 0
351 0 0 0 0
352 0 0 0 0
353 0 0 0 0
354 0 0 0 0
355 0 0 0 0
356 0 0 0 0
357 0 0 0 0
358 0 0 0 0
359 0 0 0 0
360 0 0 0 0
361 0 0 0 0
362 0 0 0 0
363 0 0 0 0
364 0 0 0 0
365 0 0 0 0
366 0 0 0 0
367 0 0 0 0
368 0 0 0 0
369 0 0 0 0
370 0 0 0 0
371 0 0 0 0
372 0 0 0 0
373 0 0 0 0
374 0 0 0 0
375 0 0 0 0
376 0 0 0 0
377 0 0 0 0
378 0 0 0 0
379 0 0 0 0
380 0 0 0 0
381 0 0 0 0
382 0 0 0 0
383 0 0 0 0
384 0 0 0 0
385 0 0 0 0
386 0 0 0 0
387 0 0 0 0
388 0 0 0 0
389 0 0 0 0
390 0 0 0 0
391 0 0 0 0
392 0 0 0 0
393 0 0 0 0
394 0 0 0 0
395 0 0 0 0
396 0 0 0 0
397 0 0 0 0
398 0 0 0 0
399 0 0 0 0
400 0 0 0 0
401 0 0 0 0
402 0 0 0 0
403 0 0 0 0
404 0 0 0 0
405 0 0 0 0
406 0 0 0 0
407 0 0 0 0
408 0 0 0 0
409 0 0 0 0
410 0 0 0 0
411 0 0 0 0
412 0 0 0 0
413 0 0 0 0
414 0 0 0 0
415 0 0 0 0
416 0 0 0 0
417 0 0 0 0
418 0 0 0 0
419 0 0 0 0
420 0 0 0 0
421 0 0 0 0
422 0 0 0 0
423 0 0 0 0
424 0 0 0 0
425 0 0 0 0
426 0 0 0 0
427 0 0 0 0
428 0 0 0 0
429 0 0 0 0
430 0 0 0 0
431 0 0 0 0
432 0 0 0 0
433 0 0 0 0
434 0 0 0 0
435 0 0 0 0
436 0 0 0 0
437 0 0 0 0
438 0 0 0 0
439 0 0 0 0
440 0 0 0 0
441 0 0 0 0
442 0 0 0 0
443 0 0 0 0
444 0 0 0 0
445 0 0 0 0
446 0 0 0 0
447 0 0 0 0
448 0 0 0 0
449 0 0 0 0
450 0 0 0 0
451 0 0 0 0
452 0 0 0 0
453 0 0 0 0
454 0 0 0 0
455 0 0 0 0
456 0 0 0 0
457 0 0 0 0
458 0 0 0 0
459 0 0 0 0
460 0 0 0 0
461 0 0 0 0
462 0 0 0 0
463 0 0 0 0
464 0 0 0 0
465 0 0 0 0
466 0 0 0 0
467 0 0 0 0
468 0 0 0 0
469 0 0 0 0
470 0 0 0 0
471 0 0 0 0
472 0 0 0 0
473 0 0 0 0
474 0 0 0 0
475 0 0 0 0
476 0 0 0 0
477 0 0 0 0
478 0 0 0 0
479 0 0 0 0
480 0 0 0 0
481 0 0 0 0
482 0 0 0 0
483 0 0 0 0
484 0 0 0 0
485 0 0 0 0
486 0 0 0 0
487 0 0 0 0
488 0 0 0 0
489 0 0 0 0
490 0 0 0 0
491 0 0 0 0
492 0 0 0 0
493 0 0 0 0
494 0 0 0 0
495 0 0 0 0
496 0 0 0 0
497 0 0 0 0
498 0 0 0 0
499 0 0 0 0
500 0 0 0 0
501 0 0 0 0
502 0 0 0 0
503 0 0 0 0
504 0 0 0 0
505 0 0 0 0
506 0 0 0 0
507 0 0 0 0
508 0 0 0 0
509 0 0 0 0
510 0 0 0 0
511 0 0 0 0
512 0 0 0 0
513 0 0 0 0
514 0 0 0 0
515 0 0 0 0
516 0 0 0 0
517 0 0 0 0
518 0 0 0 0
519 0 0 0 0
520 0 0 0 0
521 0 0 0 0
522 0 0 0 0
523 0 0 0 0
524 0 0 0 0
525 0 0 0 0
526 0 0 0 0
527 0 0 0 0
528 0 0 0 0
529 0 0 0 0
530 0 0 0 0
531 0 0 0 0
532 0 0 0 0
533 0 0 0 0
534 0 0 0 0
535 0 0 0 0
536 0 0 0 0
537 0 0 0 0
538 0 0 0 0
539 0 0 0 0
540 0 0 0 0
541 0 0 0 0
542 0 0 0 0
543 0 0 0 0
544 0 0 0 0
545 0 0 0 0
546 0 0 0 0
547 0 0 0 0
548 0 0 0 0
549 0 0 0 0
550 0 0 0 0
551 0 0 0 0
552 0 0 0 0
553 0 0 0 0
554 0 0 0 0
555 0 0 0 0
556 0 0 0 0
557 0 0 0 0
558 0 0 0 0
559 0 0 0 0
560 0 0 0 0
561 0 0 0 0
562 0 0 0 0
563 0 0 0 0
564 0 0 0 0
565 0 0 0 0
566 0 0 0 0
567 0 0 0 0
568 0 0 0 0
569 0 0 0 0
570 0 0 0 0
571 0 0 0 0
572 0 0 0 0
573 0 0 0 0
574 0 0 0 0
575 0 0 0 0
576 0 0 0 0
577 0 0 0 0
578 0 0 0 0
579 0 0 0 0
580 0 0 0 0
581 0 0 0 0
582 0 0 0 0
583 0 0 0 0
584 0 0 0 0
585 0 0 0 0
586 0 0 0 0
587 0 0 0 0
588 0 0 0 0
589 0 0 0 0
590 0 0 0 0
591 0 0 0 0
592 0 0 0 0
593 0 0 0 0
594 0 0 0 0
595 0 0 0 0
596 0 0 0 0
597 0 0 0 0
598 0 0 0 0
599 0 0 0 0
600 0 0 0 0
601 0 0 0 0
602 0 0 0 0
603 0 0 0 0
604 0 0 0 0
605 0 0 0 0
606 0 0 0 0
607 0 0 0 0
608 0 0 0 0
609 0 0 0 0
610 0 0 0 0
611 0 0 0 0
612 0 0 0 0
613 0 0 0 0
614 0 0 0 0
615 0 0 0 0
616 0 0 0 0
617 0 0 0 0
618 0 0 0 0
619 0 0 0 0
620 0 0 0 0
621 0 0 0 0
622 0 0 0 0
623 0 0 0 0
624 0 0 0 0
625 0 0 0 0
626 0 0 0 0
627 0 0 0 0
628 0 0 0 0
629 0 0 0 0
630 0 0 0 0
631 0 0 0 0
632 0 0 0 0
633 0 0 0 0
634 0 0 0 0
635 0 0 0 0
636 0 0 0 0
637 0 0 0 0
638 0 0 0 0
639 0 0 0 0
640 0 0 0 0
641 0 0 0 0
642 0 0 0 0
643 0 0 0 0
644 0 0 0 0
645 0 0 0 0
646 0 0 0 0
647 0 0 0 0
648 0 0 0 0
649 0 0 0 0
650 0 0 0 0
651 0 0 0 0
652 0 0 0 0
653 0 0 0 0
654 0 0 0 0
655 0 0 0 0
656 0 0 0 0
657 0 0 0 0
658 0 0 0 0
659 0 0 0 0
660 0 0 0 0
661 0 0 0 0
662 0 0 0 0
663 0 0 0 0
664 0 0 0 0
665 0 0 0 0
666 0 0 0 0
667 0 0 0 0
668 0 0 0 0
669 0 0 0 0
670 0 0 0 0
671 0 0 0 0
672 0 0 0 0
673 0 0 0 0
674 0 0 0 0
675 0 0 0 0
676 0 0 0 0
677 0 0 0 0
678 0 0 0 0
679 0 0 0 0
680 0 0 0 0
681 0 0 0 0
682 0 0 0 0
683 0 0 0 0
684 0 0 0 0
685 0 0 0 0
686 0 0 0 0
687 0 0 0 0
688 0 0 0 0
689 0 0 0 0
690 0 0 0 0
691 0 0 0 0
692 0 0 0 0
693 0 0 0 0
694 0 0 0 0
695 0 0 0 0
696 0 0 0 0
697 0 0 0 0
698 0 0 0 0
699 0 0 0 0
700 0 0 0 0
701 0 0 0 0
702 0 0 0 0
703 0 0 0 0
704 0 0 0 0
705 0 0 0 0
706 0 0 0 0
707 0 0 0 0
708 0 0 0 0
709 0 0 0 0
710 0 0 0 0
711 0 0 0 0
712 0 0 0 0
713 0 0 0 0
714 0 0 0 0
715 0 0 0 0
716 0 0 0 0
717 0 0 0 0
718 0 0 0 0
719 0 0 0 0
720 0 0 0 0
721 0 0 0 0
722 0 0 0 0
723 0 0 0 0
724 0 0 0 0
725 0 0 0 0
726 0 0 0 0
727 0 0 0 0
