0 0 0 0 0
1 0 0 0 0
2 0 0 0 0
3 0 0 0 0
4 0 0 0 0
5 0 1 1 0
6 0 0 0 0
7 0 0 0 0
8 0 0 0 0
9 0 1 2 0
10 0 0 0 0
11 0 0 0 0
12 0 0 0 2
13 0 0 0 1
14 0 0 0 0
15 0 0 0 0
16 0 0 0 2
17 0 0 0 0
18 0 0 0 0
19 1 0 0 0
20 1 0 0 0
21 1 0 0 0
22 2 0 0 0
23 0 0 0 0
24 1 0 0 0
25 0 0 0 0
26 0 0 0 0
27 1 0 0 0
28 1 0 1 0
29 0 1 0 0
30 1 1 0 0
31 2 1 1 0
32 0 1 0 0
33 0 2 0 1
34 0 0 0 1
35 0 0 0 3
36 0 1 0 1
37 0 0 0 1
38 0 0 0 0
39 0 0 1 0
40 0 1 0 2
41 1 0 0 0
42 0 0 0 0
43 1 0 0 1
44 1 0 0 0
45 1 0 0 0
46 1 0 1 0
47 0 0 0 1
48 0 1 0 0
49 0 0 0 0
50 0 1 0 0
51 0 1 1 0
52 0 0 0 1
53 0 0 0 1
54 0 0 0 1
55 0 0 0 1
56 0 0 0 0
57 0 0 0 0
58 0 0 0 1
59 0 0 0 0
60 1 0 0 0
61 0 0 0 0
62 3 0 0 0
63 0 0 0 0
64 2 0 0 0
65 0 1 0 0
66 0 0 0 0
67 1 2 0 0
68 1 0 0 0
69 1 0 2 0
70 0 0 0 0
71 0 0 1 1
72 0 0 1 1
73 0 0 0 1
74 1 0 1 1
75 0 0 0 0
76 1 0 0 1
77 0 0 1 0
78 1 0 0 2
79 1 0 0 1
80 0 0 0 0
81 2 1 0 1
82 2 0 0 0
83 0 1 0 0
84 1 0 1 0
85 3 0 0 1
86 3 0 1 0
87 8 1 1 0
88 0 0 0 1
89 1 1 0 0
90 1 1 1 2
91 1 0 2 1
92 1 3 2 0
93 1 0 0 1
94 1 2 0 1
95 3 1 1 1
96 1 2 2 2
97 2 0 0 2
98 1 0 1 3
99 0 2 0 3
100 2 0 1 1
101 0 1 0 1
102 1 1 0 2
103 3 0 0 3
104 3 2 0 0
105 2 2 0 1
106 2 1 1 2
107 3 1 1 1
108 1 1 0 1
109 3 2 1 1
110 1 1 1 2
111 1 1 0 2
112 3 2 2 2
113 3 2 0 2
114 3 1 1 3
115 1 2 0 1
116 3 2 0 4
117 4 1 0 2
118 1 2 0 2
119 2 0 0 2
120 0 0 0 2
121 0 2 2 1
122 2 2 2 1
123 1 1 3 0
124 1 2 1 1
125 0 1 0 3
126 0 0 2 3
127 0 1 1 4
128 0 0 0 3
129 0 1 0 3
130 0 0 0 2
131 0 0 0 2
132 2 0 1 0
133 1 0 0 2
134 1 0 0 1
135 0 0 0 0
136 2 0 0 0
137 0 0 0 0
138 1 0 0 0
139 0 0 0 1
140 1 0 0 0
141 3 1 1 0
142 1 1 1 0
143 1 1 1 0
144 3 0 0 0
145 1 0 2 1
146 0 0 1 1
147 1 0 0 0
148 1 0 1 1
149 0 1 1 1
150 1 2 1 3
151 1 0 1 0
152 0 1 1 2
153 0 0 0 2
154 1 0 0 0
155 2 1 0 1
156 0 1 0 2
157 2 1 0 2
158 1 0 0 2
159 2 0 0 1
160 1 1 0 1
161 3 0 0 0
162 1 0 0 0
163 3 1 1 0
164 5 1 1 2
165 3 0 0 0
166 4 1 3 0
167 6 1 0 2
168 3 2 0 1
169 0 3 2 0
170 3 1 2 2
171 2 1 3 3
172 0 4 0 1
173 1 2 0 2
174 1 1 0 0
175 1 2 1 4
176 1 1 4 6
177 4 2 1 4
178 1 0 0 2
179 2 0 0 2
180 1 0 0 5
181 7 1 0 3
182 2 1 1 2
183 4 1 0 1
184 2 0 2 1
185 5 0 1 1
186 3 3 4 1
187 4 1 1 0
188 1 3 1 1
189 1 2 0 2
190 2 3 2 5
191 3 3 1 2
192 3 2 2 3
193 3 0 1 4
194 0 1 2 5
195 4 1 1 4
196 3 1 1 4
197 4 0 0 2
198 5 2 3 0
199 3 0 0 2
200 3 2 2 1
201 3 2 0 4
202 4 2 1 5
203 4 3 2 0
204 4 4 0 1
205 2 2 0 3
206 3 2 3 0
207 3 2 1 5
208 0 4 0 3
209 2 2 2 5
210 2 1 2 5
211 3 1 1 3
212 0 3 0 3
213 0 2 0 4
214 2 1 0 4
215 1 4 0 3
216 1 2 1 4
217 3 0 0 4
218 0 1 1 1
219 2 0 1 4
220 1 0 0 3
221 0 1 0 0
222 2 1 1 1
223 0 1 0 1
224 1 0 1 0
225 2 0 0 2
226 2 1 0 1
227 3 0 1 1
228 1 2 0 0
229 0 2 0 2
230 0 0 0 0
231 1 3 0 2
232 0 1 0 0
233 0 1 0 2
234 0 2 0 0
235 0 0 0 2
236 0 2 0 2
237 1 1 0 1
238 0 0 0 4
239 0 0 0 0
240 1 0 0 2
241 1 0 0 1
242 0 0 0 0
243 0 0 0 0
244 0 0 0 1
245 0 0 0 0
246 1 1 1 0
247 1 0 0 0
248 0 0 0 0
249 1 0 1 0
250 0 0 0 1
251 1 0 1 0
252 1 0 0 0
253 0 0 0 2
254 1 1 0 0
255 0 0 0 0
256 1 1 1 0
257 1 0 1 0
258 0 0 0 1
259 1 0 0 0
260 1 0 0 1
261 0 0 0 2
262 0 0 1 0
263 0 1 0 1
264 1 0 0 0
265 0 0 1 0
266 0 0 0 1
267 0 0 0 1
268 0 0 1 0
269 1 1 0 1
270 0 0 0 0
271 0 0 0 0
272 1 0 0 0
273 0 0 1 1
274 0 0 0 0
275 0 0 0 1
276 0 0 0 0
277 0 0 0 0
278 0 1 0 0
279 1 1 0 0
280 0 0 0 1
281 0 0 0 0
282 1 0 0 0
283 0 0 0 1
284 1 0 0 0
285 0 0 0 1
286 0 0 0 0
287 0 0 0 0
288 1 1 0 0
289 0 1 0 0
290 0 0 0 0
291 1 0 1 0
292 1 0 0 1
293 1 1 0 1
294 1 0 0 0
295 0 0 0 1
296 0 0 0 0
297 0 0 0 0
298 0 0 0 0
299 0 1 0 0
300 0 0 1 1
301 0 1 0 0
302 0 1 0 0
303 0 0 0 0
304 0 0 0 1
305 0 0 0 0
306 1 0 0 1
307 0 0 0 0
308 1 0 0 1
309 0 0 0 1
310 0 0 0 0
311 0 1 0 0
312 2 0 0 0
313 0 0 0 0
314 0 0 0 0
315 3 0 0 1
316 1 0 0 0
317 0 1 2 0
318 0 0 0 0
319 1 0 0 0
320 1 1 0 0
321 0 0 1 2
322 0 0 0 0
323 0 0 0 0
324 0 1 2 1
325 0 1 0 1
326 0 0 0 0
327 0 0 0 1
328 0 0 0 1
329 1 0 0 1
330 2 0 0 0
331 1 0 0 2
332 1 0 0 0
333 2 0 0 0
334 1 0 0 0
335 0 0 0 0
336 0 1 0 0
337 0 1 0 0
338 0 1 1 0
339 1 2 0 0
340 1 0 0 1
341 0 1 0 0
342 0 0 1 1
343 0 0 0 1
344 0 0 1 1
345 0 1 0 1
346 0 0 0 2
347 0 0 0 1
348 0 0 0 0
349 1 0 0 1
350 0 0 0 0
351 1 0 0 1
352 0 0 0 0
353 0 0 0 0
354 0 0 0 0
355 0 0 0 0
356 1 0 2 0
357 0 0 0 0
358 0 0 0 0
359 0 0 0 0
360 1 0 0 0
361 1 0 1 0
362 0 0 0 0
363 1 0 0 2
364 0 0 0 0
365 0 1 0 1
366 0 0 0 0
367 0 0 0 0
368 0 0 1 0
369 0 1 0 0
370 0 0 0 0
371 0 0 0 0
372 0 0 0 2
373 0 0 0 0
374 0 0 0 0
375 0 0 0 0
376 0 0 0 1
377 1 0 0 0
378 1 0 0 0
379 1 0 0 0
380 1 0 0 0
381 0 0 0 0
382 1 1 0 0
383 1 0 0 0
384 0 1 0 0
385 0 0 1 0
386 0 0 0 1
387 0 0 2 0
388 0 0 1 1
389 0 0 0 0
390 0 0 0 0
391 0 0 0 2
392 1 0 0 2
393 0 0 0 0
394 1 0 0 0
395 1 0 0 0
396 1 0 0 0
397 1 1 0 0
398 1 0 0 0
399 2 1 0 0
400 2 1 0 0
401 0 0 0 1
402 0 0 1 0
403 1 1 0 1
404 1 0 1 1
405 0 3 0 0
406 0 0 0 1
407 1 0 0 1
408 2 2 0 0
409 1 0 0 1
410 1 0 0 0
411 0 0 0 1
412 0 1 1 4
413 0 1 0 0
414 0 1 0 0
415 1 0 0 0
416 2 0 0 2
417 1 0 1 1
418 2 0 0 1
419 0 0 1 0
420 2 0 0 0
421 0 0 1 0
422 0 0 0 0
423 0 0 2 1
424 1 1 0 1
425 0 1 1 1
426 0 1 0 0
427 0 0 0 2
428 0 0 0 0
429 0 2 0 1
430 0 0 0 1
431 1 0 0 1
432 0 0 0 1
433 0 0 0 1
434 0 0 0 0
435 0 0 0 0
436 3 1 0 1
437 2 0 0 0
438 1 0 0 0
439 2 0 0 0
440 3 0 0 0
441 3 1 0 0
442 4 0 0 0
443 1 0 0 1
444 2 2 0 0
445 3 1 2 1
446 2 1 2 0
447 2 3 2 0
448 0 1 0 1
449 2 1 0 2
450 0 2 3 0
451 1 2 0 3
452 2 0 2 3
453 1 1 0 3
454 1 2 1 5
455 0 1 0 1
456 2 1 0 3
457 2 0 0 2
458 1 1 0 3
459 3 0 0 1
460 2 0 0 2
461 2 2 0 0
462 1 2 0 2
463 1 1 1 0
464 2 1 2 0
465 4 2 1 2
466 0 0 1 2
467 1 0 0 2
468 2 0 1 0
469 4 1 0 2
470 4 2 1 0
471 5 1 0 2
472 4 1 1 3
473 3 3 0 1
474 3 2 2 3
475 0 4 0 0
476 0 3 0 3
477 2 0 1 2
478 3 0 1 3
479 0 2 0 1
480 2 3 0 1
481 1 2 1 2
482 2 1 3 4
483 2 2 0 3
484 5 0 0 4
485 4 0 0 3
486 5 2 0 3
487 5 1 2 2
488 6 1 0 1
489 3 2 1 2
490 5 3 1 0
491 4 1 2 1
492 5 2 3 0
493 6 3 4 4
494 5 1 1 3
495 2 4 2 2
496 1 4 1 2
497 4 1 4 8
498 0 3 1 2
499 4 4 0 5
500 3 2 1 6
501 3 1 1 4
502 5 3 3 7
503 2 3 0 4
504 1 0 3 5
505 5 0 1 2
506 4 2 0 6
507 6 1 2 3
508 4 1 0 4
509 10 3 0 3
510 10 5 1 1
511 12 2 3 2
512 8 3 3 1
513 6 1 1 3
514 7 4 1 2
515 5 6 1 4
516 2 8 1 6
517 9 5 2 5
518 4 1 6 2
519 7 3 7 2
520 7 4 4 8
521 8 2 3 8
522 7 3 4 7
523 7 1 1 11
524 7 4 4 12
525 6 6 2 6
526 8 5 6 4
527 9 1 3 3
528 9 2 4 7
529 12 2 1 11
530 7 3 3 6
531 10 11 1 6
532 16 3 1 4
533 8 3 3 9
534 13 6 4 7
535 11 3 5 9
536 12 10 3 4
537 15 14 1 4
538 12 3 6 11
539 13 7 4 7
540 11 8 3 11
541 9 9 4 10
542 10 8 3 4
543 12 9 1 14
544 13 9 6 16
545 12 4 6 11
546 9 6 6 6
547 6 7 5 11
548 9 11 2 14
549 12 8 3 15
550 11 6 9 11
551 15 4 5 14
552 10 5 2 13
553 11 8 3 11
554 16 7 6 16
555 17 4 7 9
556 14 5 7 6
557 10 6 6 9
558 14 8 1 10
559 15 13 2 14
560 15 6 10 8
561 7 6 5 15
562 15 6 5 10
563 15 6 7 13
564 12 10 4 13
565 15 7 5 12
566 13 6 0 14
567 12 7 8 15
568 12 3 6 13
569 14 10 7 12
570 8 7 6 12
571 8 6 5 11
572 9 14 2 11
573 14 8 7 8
574 13 12 3 15
575 11 7 5 8
576 11 5 6 16
577 8 6 0 17
578 6 1 6 12
579 8 6 7 12
580 8 6 3 17
581 10 10 6 9
582 5 12 4 10
583 9 5 1 12
584 7 5 2 9
585 6 6 5 15
586 5 4 6 13
587 5 3 4 7
588 7 7 5 11
589 7 2 2 10
590 7 4 1 8
591 3 4 1 4
592 2 4 0 12
593 2 4 5 10
594 3 5 2 7
595 1 3 4 8
596 3 0 2 4
597 1 3 2 9
598 3 0 3 5
599 5 3 1 7
600 3 2 1 5
601 2 0 2 5
602 5 1 2 4
603 0 0 3 1
604 1 0 2 6
605 5 0 5 1
606 0 0 1 3
607 1 3 2 4
608 1 2 1 3
609 5 1 0 4
610 2 4 0 2
611 1 1 1 5
612 5 1 0 5
613 2 1 0 0
614 3 4 2 2
615 0 0 0 2
616 1 0 0 2
617 1 1 2 3
618 1 0 0 4
619 2 2 2 0
620 4 0 1 1
621 1 2 1 6
622 2 3 0 0
623 0 1 0 3
624 0 0 1 1
625 1 3 3 2
626 2 0 0 2
627 1 0 2 1
628 2 0 0 2
629 1 0 0 7
630 1 0 1 0
631 0 1 1 2
632 1 0 1 1
633 1 0 0 0
634 1 1 1 1
635 1 0 1 1
636 0 0 0 1
637 0 2 0 0
638 0 0 1 2
639 2 1 1 0
640 0 0 0 0
641 0 0 1 3
642 1 0 0 1
643 1 0 0 0
644 0 2 1 0
645 0 0 0 2
646 0 0 0 2
647 1 0 0 0
648 0 0 0 1
649 0 0 0 0
650 0 0 0 0
651 0 1 0 2
652 0 2 0 0
653 0 0 0 0
654 1 0 0 0
655 2 0 0 0
656 0 0 0 1
657 1 0 0 0
658 0 0 0 1
659 1 1 0 1
660 0 1 0 0
661 0 0 0 0
662 0 1 0 0
663 0 0 0 0
664 1 1 0 1
665 0 0 0 0
666 0 0 0 1
667 0 0 0 0
668 0 0 1 1
669 0 0 1 1
670 0 0 0 0
671 0 0 0 0
672 0 0 0 1
673 0 0 0 1
674 0 0 0 0
675 0 0 0 0
676 0 0 0 0
677 0 0 0 0
678 0 0 0 0
679 0 0 0 0
680 0 0 0 0
681 0 0 0 0
682 0 0 0 0
683 0 0 0 0
684 0 0 0 0
685 0 0 0 0
686 0 0 0 0
687 0 0 0 0
688 0 0 0 0
689 0 0 0 0
690 0 0 0 0
691 0 0 0 0
692 0 0 0 0
693 0 0 0 0
694 0 0 0 0
695 0 0 0 0
696 0 0 0 0
697 0 0 0 0
698 0 0 0 0
699 0 0 0 0
700 0 0 0 0
701 0 0 0 0
702 0 0 0 0
703 0 0 0 0
704 0 0 0 0
705 0 0 0 0
706 0 0 0 0
707 0 0 0 0
708 0 0 0 0
709 0 0 0 0
710 0 0 0 0
711 0 0 0 0
712 0 0 0 0
713 0 0 0 0
714 0 0 0 0
715 0 0 0 0
716 0 0 0 0
717 0 0 0 0
718 0 0 0 0
719 0 0 0 0
720 0 0 0 0
721 0 0 0 0
722 0 0 0 0
723 0 0 0 0
724 0 0 0 0
725 0 0 0 0
726 0 0 0 0
727 0 0 0 0
