0 0 0 0 0
1 0 0 0 0
2 0 0 0 0
3 0 0 0 0
4 0 0 0 0
5 0 2 1 0
6 0 0 0 0
7 0 0 0 0
8 0 0 0 0
9 0 1 1 1
10 0 0 0 0
11 0 0 0 0
12 0 0 0 2
13 0 0 0 1
14 0 0 0 0
15 0 0 0 0
16 0 0 0 1
17 0 0 0 0
18 0 0 0 0
19 0 0 0 0
20 0 0 0 0
21 1 0 0 0
22 2 0 0 0
23 0 0 0 0
24 0 0 0 0
25 1 0 0 0
26 1 0 0 0
27 0 0 1 0
28 1 0 0 0
29 0 0 0 0
30 0 2 0 0
31 1 1 0 0
32 1 0 0 0
33 0 1 0 0
34 0 0 0 1
35 0 0 1 0
36 1 0 0 0
37 0 0 1 2
38 0 0 0 1
39 1 0 0 1
40 0 0 1 1
41 0 0 0 1
42 0 0 0 0
43 0 0 0 0
44 0 1 0 1
45 0 1 0 0
46 0 0 0 0
47 3 0 0 0
48 1 0 0 1
49 0 0 0 0
50 1 0 0 0
51 0 0 0 0
52 2 0 0 1
53 0 0 0 0
54 2 0 0 0
55 1 0 0 0
56 2 1 2 0
57 0 2 0 0
58 2 0 0 0
59 2 0 1 0
60 0 0 1 1
61 1 2 1 1
62 0 0 0 0
63 1 3 1 2
64 0 0 0 2
65 0 0 0 1
66 0 0 0 1
67 1 0 0 1
68 0 3 0 2
69 1 0 0 1
70 0 1 0 2
71 2 0 0 0
72 2 0 1 2
73 3 0 0 0
74 4 0 0 0
75 3 0 0 1
76 5 0 1 0
77 2 1 0 1
78 1 2 1 0
79 1 1 2 1
80 2 2 2 0
81 1 2 1 0
82 2 0 1 2
83 2 1 0 3
84 1 0 2 3
85 1 2 2 3
86 1 0 1 0
87 1 1 1 4
88 1 0 0 2
89 1 1 1 5
90 0 1 1 1
91 0 1 0 1
92 3 1 1 0
93 1 0 0 2
94 1 0 1 4
95 3 1 0 1
96 4 0 1 1
97 2 2 2 0
98 5 0 0 1
99 2 0 1 1
100 0 1 1 0
101 3 4 0 2
102 2 2 1 1
103 5 3 0 2
104 5 2 1 3
105 2 0 0 0
106 5 2 1 3
107 0 1 1 3
108 3 0 0 7
109 6 0 2 0
110 2 2 0 2
111 5 5 2 1
112 2 3 2 0
113 2 3 3 3
114 4 0 0 2
115 4 1 2 5
116 6 1 1 4
117 7 0 1 4
118 5 5 2 1
119 4 2 1 4
120 1 1 4 4
121 2 2 2 1
122 3 5 2 5
123 8 2 3 3
124 4 1 0 1
125 10 2 2 8
126 5 2 0 7
127 7 1 0 8
128 7 6 3 0
129 4 1 0 1
130 3 7 1 3
131 7 1 5 2
132 8 5 4 9
133 6 4 3 0
134 5 2 4 5
135 6 1 0 7
136 5 6 1 8
137 5 5 2 7
138 6 3 3 6
139 6 2 3 4
140 6 3 3 6
141 4 6 2 6
142 5 2 3 4
143 11 4 3 7
144 6 1 1 3
145 7 2 3 8
146 10 1 2 7
147 11 3 2 8
148 10 2 8 4
149 8 3 0 3
150 9 2 2 4
151 6 3 4 3
152 6 7 6 8
153 8 5 7 3
154 8 2 5 4
155 5 9 4 10
156 8 7 4 11
157 7 3 3 8
158 7 6 3 5
159 5 1 3 15
160 4 2 1 10
161 3 5 2 3
162 4 2 4 12
163 7 8 3 7
164 8 3 0 9
165 14 4 3 6
166 7 3 2 6
167 9 2 3 5
168 14 2 4 5
169 14 4 5 8
170 19 6 2 10
171 11 4 3 6
172 10 6 4 5
173 15 6 4 5
174 13 12 5 5
175 12 7 3 10
176 12 5 2 9
177 9 6 3 6
178 10 10 2 10
179 10 13 5 8
180 13 6 7 10
181 9 6 8 13
182 9 6 5 14
183 8 8 1 12
184 12 7 5 17
185 10 9 4 11
186 14 6 2 12
187 12 8 5 12
188 13 5 2 14
189 18 8 3 7
190 12 11 2 9
191 14 4 8 9
192 12 7 3 15
193 14 9 5 10
194 14 7 8 14
195 12 7 3 3
196 14 10 4 14
197 15 4 6 12
198 16 9 7 20
199 15 6 6 6
200 11 10 2 13
201 16 9 9 13
202 11 10 4 12
203 10 8 5 14
204 12 8 5 13
205 11 8 6 14
206 9 12 3 11
207 6 7 5 10
208 10 9 7 18
209 7 3 2 13
210 7 5 11 15
211 10 6 5 15
212 9 5 2 20
213 8 8 2 7
214 9 3 5 14
215 8 5 0 13
216 15 2 4 5
217 8 9 5 12
218 4 6 3 5
219 10 8 3 10
220 9 7 4 10
221 4 5 7 14
222 7 7 1 5
223 12 2 2 7
224 7 8 4 12
225 6 7 6 11
226 4 3 4 11
227 6 0 3 8
228 5 5 4 8
229 5 2 3 12
230 5 3 4 3
231 1 6 2 11
232 4 5 5 9
233 2 5 2 10
234 6 0 1 6
235 2 2 2 9
236 4 0 2 6
237 1 1 3 6
238 10 1 4 4
239 2 4 3 5
240 2 0 1 6
241 4 4 0 2
242 4 0 1 5
243 3 6 3 5
244 3 3 1 2
245 0 1 2 6
246 2 3 1 2
247 2 2 2 9
248 4 1 1 3
249 2 2 1 2
250 3 0 1 3
251 3 2 0 5
252 3 1 1 3
253 3 4 1 2
254 1 1 0 2
255 3 2 2 1
256 2 2 2 3
257 0 0 0 3
258 1 4 0 2
259 0 0 2 3
260 2 1 1 5
261 2 2 2 1
262 1 0 0 4
263 1 1 0 2
264 1 0 1 2
265 2 2 1 5
266 2 0 0 2
267 3 0 0 1
268 2 1 0 1
269 2 0 1 2
270 3 2 1 0
271 2 2 0 1
272 1 0 2 2
273 1 1 0 0
274 0 2 1 1
275 0 2 1 1
276 0 2 0 1
277 1 0 1 3
278 0 0 1 2
279 2 1 0 2
280 0 0 1 1
281 1 1 0 4
282 3 0 1 2
283 0 0 0 1
284 3 1 1 1
285 1 0 0 1
286 1 0 1 2
287 1 0 1 0
288 2 0 0 3
289 1 1 0 0
290 0 0 0 1
291 0 2 1 1
292 1 0 0 0
293 1 3 1 1
294 2 0 1 0
295 0 0 0 0
296 1 1 0 1
297 1 0 0 4
298 1 0 1 2
299 1 1 0 0
300 2 0 0 1
301 0 2 0 0
302 1 1 1 0
303 1 1 1 2
304 0 0 1 0
305 0 1 0 3
306 0 0 0 0
307 0 0 0 1
308 1 1 0 0
309 0 0 1 3
310 0 0 0 1
311 0 1 0 1
312 2 0 0 0
313 1 0 0 1
314 1 0 0 0
315 1 0 0 1
316 0 0 0 0
317 0 0 2 0
318 0 1 0 1
319 1 0 0 0
320 0 1 0 0
321 1 0 0 1
322 0 1 0 1
323 0 0 1 0
324 0 1 0 2
325 0 0 0 0
326 0 0 0 1
327 0 0 0 0
328 0 0 0 1
329 0 0 0 0
330 0 0 1 1
331 0 0 0 0
332 0 0 0 0
333 0 0 0 0
334 0 0 0 0
335 0 0 0 0
336 0 0 0 0
337 0 0 0 1
338 0 0 0 0
339 0 0 0 0
340 0 0 0 0
341 0 0 0 0
342 0 0 0 0
343 0 0 0 0
344 0 0 0 0
345 1 0 0 0
346 0 0 0 0
347 1 0 0 0
348 0 0 0 0
349 0 0 0 0
350 0 1 0 0
351 0 0 0 0
352 0 1 0 0
353 0 0 0 0
354 0 0 0 0
355 0 0 0 0
356 1 0 0 1
357 0 0 0 1
358 0 0 0 0
359 0 0 0 0
360 1 0 0 0
361 0 1 0 0
362 0 0 0 0
363 0 0 0 0
364 0 0 0 0
365 0 0 0 1
366 0 0 1 0
367 0 0 0 0
368 0 0 0 0
369 0 0 0 0
370 0 0 0 1
371 0 0 0 0
372 0 0 0 0
373 0 0 0 0
374 0 0 0 0
375 0 0 0 0
376 0 0 0 0
377 0 0 0 0
378 0 0 0 0
379 0 0 0 0
380 0 0 0 0
381 0 0 0 0
382 0 0 0 0
383 0 0 0 0
384 0 0 0 0
385 0 0 0 0
386 0 0 0 0
387 0 0 0 0
388 0 0 0 0
389 0 0 0 0
390 0 0 0 0
391 0 0 0 0
392 0 0 0 0
393 0 0 0 0
394 0 0 0 0
395 0 0 0 0
396 0 0 0 0
397 0 0 0 0
398 0 0 0 0
399 0 0 0 0
400 0 0 0 0
401 0 0 0 0
402 0 0 0 0
403 0 0 0 0
404 0 0 0 0
405 0 0 0 0
406 0 0 0 0
407 0 0 0 0
408 0 0 0 0
409 0 0 0 0
410 0 0 0 0
411 0 0 0 0
412 0 0 0 0
413 0 0 0 0
414 0 0 0 0
415 0 0 0 0
416 0 0 0 0
417 0 0 0 0
418 0 0 0 0
419 0 0 0 0
420 0 0 0 0
421 0 0 0 0
422 0 0 0 0
423 0 0 0 0
424 0 0 0 0
425 0 0 0 0
426 0 0 0 0
427 0 0 0 0
428 0 0 0 0
429 0 0 0 0
430 0 0 0 0
431 0 0 0 0
432 0 0 0 0
433 0 0 0 0
434 0 0 0 0
435 0 0 0 0
436 0 0 0 0
437 0 0 0 0
438 0 0 0 0
439 0 0 0 0
440 0 0 0 0
441 0 0 0 0
442 0 0 0 0
443 0 0 0 0
444 0 0 0 0
445 0 0 0 0
446 0 0 0 0
447 0 0 0 0
448 0 0 0 0
449 0 0 0 0
450 0 0 0 0
451 0 0 0 0
452 0 0 0 0
453 0 0 0 0
454 0 0 0 0
455 0 0 0 0
456 0 0 0 0
457 0 0 0 0
458 0 0 0 0
459 0 0 0 0
460 0 0 0 0
461 0 0 0 0
462 0 0 0 0
463 0 0 0 0
464 0 0 0 0
465 0 0 0 0
466 0 0 0 0
467 0 0 0 0
468 0 0 0 0
469 0 0 0 0
470 0 0 0 0
471 0 0 0 0
472 0 0 0 0
473 0 0 0 0
474 0 0 0 0
475 0 0 0 0
476 0 0 0 0
477 0 0 0 0
478 0 0 0 0
479 0 0 0 0
480 0 0 0 0
481 0 0 0 0
482 0 0 0 0
483 0 0 0 0
484 0 0 0 0
485 0 0 0 0
486 0 0 0 0
487 0 0 0 0
488 0 0 0 0
489 0 0 0 0
490 0 0 0 0
491 0 0 0 0
492 0 0 0 0
493 0 0 0 0
494 0 0 0 0
495 0 0 0 0
496 0 0 0 0
497 0 0 0 0
498 0 0 0 0
499 0 0 0 0
500 0 0 0 0
501 0 0 0 0
502 0 0 0 0
503 0 0 0 0
504 0 0 0 0
505 0 0 0 0
506 0 0 0 0
507 0 0 0 0
508 0 0 0 0
509 0 0 0 0
510 0 0 0 0
511 0 0 0 0
512 0 0 0 0
513 0 0 0 0
514 0 0 0 0
515 0 0 0 0
516 0 0 0 0
517 0 0 0 0
518 0 0 0 0
519 0 0 0 0
520 0 0 0 0
521 0 0 0 0
522 0 0 0 0
523 0 0 0 0
524 0 0 0 0
525 0 0 0 0
526 0 0 0 0
527 0 0 0 0
528 0 0 0 0
529 0 0 0 0
530 0 0 0 0
531 0 0 0 0
532 0 0 0 0
533 0 0 0 0
534 0 0 0 0
535 0 0 0 0
536 0 0 0 0
537 0 0 0 0
538 0 0 0 0
539 0 0 0 0
540 0 0 0 0
541 0 0 0 0
542 0 0 0 0
543 0 0 0 0
544 0 0 0 0
545 0 0 0 0
546 0 0 0 0
547 0 0 0 0
548 0 0 0 0
549 0 0 0 0
550 0 0 0 0
551 0 0 0 0
552 0 0 0 0
553 0 0 0 0
554 0 0 0 0
555 0 0 0 0
556 0 0 0 0
557 0 0 0 0
558 0 0 0 0
559 0 0 0 0
560 0 0 0 0
561 0 0 0 0
562 0 0 0 0
563 0 0 0 0
564 0 0 0 0
565 0 0 0 0
566 0 0 0 0
567 0 0 0 0
568 0 0 0 0
569 0 0 0 0
570 0 0 0 0
571 0 0 0 0
572 0 0 0 0
573 0 0 0 0
574 0 0 0 0
575 0 0 0 0
576 0 0 0 0
577 0 0 0 0
578 0 0 0 0
579 0 0 0 0
580 0 0 0 0
581 0 0 0 0
582 0 0 0 0
583 0 0 0 0
584 0 0 0 0
585 0 0 0 0
586 0 0 0 0
587 0 0 0 0
588 0 0 0 0
589 0 0 0 0
590 0 0 0 0
591 0 0 0 0
592 0 0 0 0
593 0 0 0 0
594 0 0 0 0
595 0 0 0 0
596 0 0 0 0
597 0 0 0 0
598 0 0 0 0
599 0 0 0 0
600 0 0 0 0
601 0 0 0 0
602 0 0 0 0
603 0 0 0 0
604 0 0 0 0
605 0 0 0 0
606 0 0 0 0
607 0 0 0 0
608 0 0 0 0
609 0 0 0 0
610 0 0 0 0
611 0 0 0 0
612 0 0 0 0
613 0 0 0 0
614 0 0 0 0
615 0 0 0 0
616 0 0 0 0
617 0 0 0 0
618 0 0 0 0
619 0 0 0 0
620 0 0 0 0
621 0 0 0 0
622 0 0 0 0
623 0 0 0 0
624 0 0 0 0
625 0 0 0 0
626 0 0 0 0
627 0 0 0 0
628 0 0 0 0
629 0 0 0 0
630 0 0 0 0
631 0 0 0 0
632 0 0 0 0
633 0 0 0 0
634 0 0 0 0
635 0 0 0 0
636 0 0 0 0
637 0 0 0 0
638 0 0 0 0
639 0 0 0 0
640 0 0 0 0
641 0 0 0 0
642 0 0 0 0
643 0 0 0 0
644 0 0 0 0
645 0 0 0 0
646 0 0 0 0
647 0 0 0 0
648 0 0 0 0
649 0 0 0 0
650 0 0 0 0
651 0 0 0 0
652 0 0 0 0
653 0 0 0 0
654 0 0 0 0
655 0 0 0 0
656 0 0 0 0
657 0 0 0 0
658 0 0 0 0
659 0 0 0 0
660 0 0 0 0
661 0 0 0 0
662 0 0 0 0
663 0 0 0 0
664 0 0 0 0
665 0 0 0 0
666 0 0 0 0
667 0 0 0 0
668 0 0 0 0
669 0 0 0 0
670 0 0 0 0
671 0 0 0 0
672 0 0 0 0
673 0 0 0 0
674 0 0 0 0
675 0 0 0 0
676 0 0 0 0
677 0 0 0 0
678 0 0 0 0
679 0 0 0 0
680 0 0 0 0
681 0 0 0 0
682 0 0 0 0
683 0 0 0 0
684 0 0 0 0
685 0 0 0 0
686 0 0 0 0
687 0 0 0 0
688 0 0 0 0
689 0 0 0 0
690 0 0 0 0
691 0 0 0 0
692 0 0 0 0
693 0 0 0 0
694 0 0 0 0
695 0 0 0 0
696 0 0 0 0
697 0 0 0 0
698 0 0 0 0
699 0 0 0 0
700 0 0 0 0
701 0 0 0 0
702 0 0 0 0
703 0 0 0 0
704 0 0 0 0
705 0 0 0 0
706 0 0 0 0
707 0 0 0 0
708 0 0 0 0
709 0 0 0 0
710 0 0 0 0
711 0 0 0 0
712 0 0 0 0
713 0 0 0 0
714 0 0 0 0
715 0 0 0 0
716 0 0 0 0
717 0 0 0 0
718 0 0 0 0
719 0 0 0 0
720 0 0 0 0
721 0 0 0 0
722 0 0 0 0
723 0 0 0 0
724 0 0 0 0
725 0 0 0 0
726 0 0 0 0
727 0 0 0 0
