0 0 0 0 0
1 0 0 0 0
2 0 0 0 0
3 0 0 0 0
4 0 0 0 0
5 0 2 1 0
6 0 0 0 0
7 0 0 0 0
8 0 0 0 0
9 0 2 0 2
10 0 0 0 0
11 0 0 0 0
12 0 0 0 1
13 0 0 0 2
14 0 0 0 0
15 0 0 0 0
16 0 0 0 0
17 1 0 0 0
18 0 0 0 0
19 0 0 0 0
20 0 0 0 0
21 0 0 0 0
22 1 1 0 0
23 0 0 0 0
24 0 0 0 0
25 0 0 0 0
26 0 0 0 0
27 1 0 0 0
28 0 0 0 0
29 1 0 0 1
30 0 0 0 0
31 0 0 1 0
32 0 0 1 0
33 0 0 0 0
34 0 0 1 0
35 0 0 0 0
36 0 0 0 1
37 1 0 0 0
38 0 0 0 2
39 0 0 0 0
40 1 0 0 0
41 1 0 0 0
42 0 1 0 0
43 0 0 0 0
44 0 0 0 0
45 0 0 0 0
46 1 0 0 0
47 2 0 0 0
48 0 0 0 0
49 0 0 1 1
50 1 1 0 0
51 1 1 0 0
52 1 0 1 0
53 2 0 0 1
54 2 0 0 1
55 1 0 0 1
56 0 0 1 0
57 1 0 1 0
58 1 0 1 0
59 0 2 0 1
60 0 2 0 1
61 1 1 0 0
62 0 1 0 2
63 0 0 0 1
64 0 0 0 0
65 0 0 0 0
66 0 1 1 1
67 0 0 1 2
68 1 0 0 1
69 1 0 0 1
70 1 0 0 2
71 1 0 0 0
72 0 0 0 0
73 0 0 1 0
74 0 0 0 1
75 0 0 0 0
76 0 0 0 0
77 0 0 0 1
78 1 1 0 0
79 1 1 0 0
80 0 1 0 0
81 1 0 0 0
82 1 0 0 0
83 0 1 0 1
84 0 0 0 0
85 0 0 0 1
86 0 1 0 0
87 0 0 0 2
88 0 1 0 0
89 1 0 0 0
90 0 0 0 1
91 1 1 0 0
92 1 0 0 1
93 0 0 0 0
94 0 0 0 0
95 1 0 0 0
96 0 0 0 0
97 0 0 0 0
98 0 1 0 1
99 0 0 0 0
100 0 1 0 0
101 1 0 1 0
102 0 0 0 0
103 0 0 0 0
104 1 0 1 0
105 1 0 0 2
106 0 1 0 0
107 0 0 0 1
108 0 0 0 1
109 0 0 0 0
110 0 0 0 0
111 0 0 0 0
112 1 0 0 0
113 0 1 0 1
114 0 1 0 0
115 0 0 0 0
116 0 0 0 0
117 0 0 0 0
118 0 0 0 1
119 1 0 0 0
120 0 0 0 1
121 0 1 0 0
122 1 0 0 0
123 1 0 0 0
124 2 1 0 0
125 1 0 0 0
126 1 0 0 0
127 0 0 1 0
128 1 1 0 2
129 0 0 0 0
130 0 0 1 0
131 0 0 1 0
132 1 0 0 1
133 0 1 2 0
134 0 0 0 2
135 1 0 0 0
136 2 0 0 0
137 1 1 0 1
138 1 0 0 1
139 2 0 0 0
140 0 1 0 2
141 2 1 1 1
142 1 1 0 0
143 1 0 0 0
144 1 0 1 1
145 0 0 0 2
146 0 1 0 1
147 2 1 1 0
148 2 0 1 0
149 1 1 0 0
150 0 0 1 0
151 1 0 0 2
152 1 1 0 0
153 2 0 1 2
154 0 0 0 1
155 0 1 0 1
156 1 2 0 1
157 0 1 0 2
158 0 1 1 0
159 0 0 0 0
160 1 0 1 1
161 0 1 1 0
162 0 0 0 1
163 4 0 0 1
164 3 0 0 1
165 1 1 0 3
166 3 0 0 0
167 1 0 0 1
168 1 1 2 1
169 4 2 0 0
170 3 0 0 0
171 2 0 1 0
172 3 1 0 4
173 2 2 1 2
174 1 1 2 0
175 2 2 1 0
176 3 0 3 0
177 1 2 0 1
178 1 4 0 4
179 1 1 1 1
180 3 2 0 3
181 1 1 1 0
182 1 0 1 6
183 1 1 0 3
184 0 1 0 3
185 2 1 3 3
186 2 1 0 1
187 1 0 1 1
188 4 0 0 1
189 4 1 0 2
190 3 1 1 1
191 3 1 1 1
192 7 1 0 3
193 3 0 2 1
194 4 1 0 3
195 9 1 1 2
196 6 1 2 1
197 3 2 3 0
198 2 3 0 0
199 3 2 4 1
200 3 4 1 4
201 3 3 2 3
202 5 2 0 1
203 2 1 0 3
204 2 3 3 6
205 1 5 2 6
206 6 3 2 3
207 1 1 4 3
208 2 3 0 5
209 2 0 1 5
210 4 1 0 1
211 2 2 1 7
212 2 1 0 6
213 4 1 1 5
214 1 0 2 3
215 1 3 3 2
216 3 2 0 0
217 5 2 0 1
218 1 1 1 4
219 4 3 0 4
220 2 1 1 3
221 0 1 0 1
222 1 3 1 4
223 1 2 0 3
224 0 1 1 2
225 2 0 3 2
226 1 2 2 3
227 0 0 0 3
228 1 2 1 0
229 0 2 0 4
230 1 1 0 1
231 5 1 0 2
232 2 0 0 3
233 1 0 0 4
234 2 1 0 0
235 0 2 0 2
236 2 1 0 0
237 1 1 1 1
238 0 0 0 0
239 1 0 2 2
240 0 2 2 1
241 0 1 1 2
242 2 1 0 0
243 2 0 0 0
244 0 0 0 4
245 0 1 0 0
246 0 1 0 3
247 0 1 0 1
248 0 2 0 2
249 0 0 0 1
250 1 0 0 1
251 3 1 0 1
252 1 1 0 1
253 0 0 0 0
254 1 0 0 0
255 1 0 1 1
256 1 0 2 1
257 0 1 0 0
258 0 0 0 1
259 0 1 0 0
260 0 0 1 2
261 1 0 0 2
262 1 0 0 0
263 0 0 0 1
264 0 1 0 0
265 0 1 0 0
266 0 1 0 0
267 0 1 0 1
268 0 0 0 1
269 0 0 0 0
270 0 0 0 1
271 0 0 0 1
272 1 0 0 1
273 1 0 0 0
274 1 0 0 0
275 1 0 0 0
276 1 0 0 0
277 1 0 1 0
278 0 0 0 0
279 1 1 0 0
280 2 0 0 0
281 1 0 0 1
282 1 0 1 0
283 1 0 0 0
284 2 2 1 0
285 1 1 0 0
286 0 0 0 2
287 0 1 1 0
288 0 1 0 2
289 0 1 1 1
290 0 2 0 0
291 0 0 0 3
292 1 0 0 1
293 0 1 0 0
294 1 0 0 1
295 0 0 0 0
296 0 0 0 2
297 0 1 0 1
298 0 0 0 0
299 0 0 0 0
300 0 0 0 1
301 0 0 0 1
302 0 0 0 0
303 0 1 0 0
304 1 0 0 0
305 0 0 0 0
306 1 0 0 0
307 1 0 0 1
308 1 0 0 0
309 0 0 0 0
310 1 0 0 0
311 0 0 0 0
312 0 0 1 0
313 0 1 1 0
314 0 0 0 0
315 0 1 1 0
316 0 0 0 1
317 0 0 0 1
318 0 0 0 0
319 0 0 0 1
320 0 0 0 1
321 0 0 0 0
322 0 0 0 1
323 0 0 0 0
324 1 0 0 0
325 0 0 0 0
326 0 0 0 0
327 0 0 0 0
328 0 0 0 0
329 0 0 0 0
330 0 0 0 0
331 0 0 0 0
332 0 0 0 0
333 0 1 0 0
334 0 0 0 0
335 0 0 0 0
336 0 0 0 0
337 0 0 0 1
338 0 0 0 0
339 0 0 0 0
340 0 0 0 0
341 0 0 0 0
342 0 0 0 0
343 0 0 0 0
344 0 0 0 0
345 0 0 0 0
346 0 0 0 0
347 0 0 0 0
348 0 0 0 0
349 0 0 0 0
350 0 0 0 0
351 0 0 0 0
352 0 0 0 0
353 0 0 0 0
354 0 0 0 0
355 0 0 0 0
356 0 0 0 0
357 0 0 0 0
358 0 0 0 0
359 0 0 0 0
360 0 0 0 0
361 0 0 0 0
362 0 0 0 0
363 0 0 0 0
364 0 0 0 0
365 0 0 0 0
366 0 0 0 0
367 0 0 0 0
368 0 0 0 0
369 0 0 0 0
370 0 0 0 0
371 0 0 0 0
372 0 0 0 0
373 0 0 0 0
374 0 0 0 0
375 0 0 0 0
376 0 0 0 0
377 0 0 0 0
378 0 0 0 0
379 0 0 0 0
380 0 0 0 0
381 0 0 0 0
382 0 0 0 0
383 0 0 0 0
384 0 0 0 0
385 0 0 0 0
386 0 0 0 0
387 0 0 0 0
388 0 0 0 0
389 0 0 0 0
390 0 0 0 0
391 0 0 0 0
392 0 0 0 0
393 0 0 0 0
394 0 0 0 0
395 0 0 0 0
396 0 0 0 0
397 0 0 0 0
398 0 0 0 0
399 0 0 0 0
400 0 0 0 0
401 0 0 0 0
402 0 0 0 0
403 0 0 0 0
404 0 0 0 0
405 0 0 0 0
406 0 0 0 0
407 0 0 0 0
408 0 0 0 0
409 0 0 0 0
410 0 0 0 0
411 0 0 0 0
412 0 0 0 0
413 0 0 0 0
414 0 0 0 0
415 0 0 0 0
416 0 0 0 0
417 0 0 0 0
418 0 0 0 0
419 0 0 0 0
420 0 0 0 0
421 0 0 0 0
422 0 0 0 0
423 0 0 0 0
424 0 0 0 0
425 0 0 0 0
426 0 0 0 0
427 0 0 0 0
428 0 0 0 0
429 0 0 0 0
430 0 0 0 0
431 0 0 0 0
432 0 0 0 0
433 0 0 0 0
434 0 0 0 0
435 0 0 0 0
436 0 0 0 0
437 0 0 0 0
438 0 0 0 0
439 0 0 0 0
440 0 0 0 0
441 0 0 0 0
442 0 0 0 0
443 0 0 0 0
444 0 0 0 0
445 0 0 0 0
446 0 0 0 0
447 0 0 0 0
448 0 0 0 0
449 0 0 0 0
450 0 0 0 0
451 0 0 0 0
452 0 0 0 0
453 0 0 0 0
454 0 0 0 0
455 0 0 0 0
456 0 0 0 0
457 0 0 0 0
458 0 0 0 0
459 0 0 0 0
460 0 0 0 0
461 0 0 0 0
462 0 0 0 0
463 0 0 0 0
464 0 0 0 0
465 0 0 0 0
466 0 0 0 0
467 0 0 0 0
468 0 0 0 0
469 0 0 0 0
470 0 0 0 0
471 0 0 0 0
472 0 0 0 0
473 0 0 0 0
474 0 0 0 0
475 0 0 0 0
476 0 0 0 0
477 0 0 0 0
478 0 0 0 0
479 0 0 0 0
480 0 0 0 0
481 0 0 0 0
482 0 0 0 0
483 0 0 0 0
484 0 0 0 0
485 0 0 0 0
486 0 0 0 0
487 0 0 0 0
488 0 0 0 0
489 0 0 0 0
490 0 0 0 0
491 0 0 0 0
492 0 0 0 0
493 0 0 0 0
494 0 0 0 0
495 0 0 0 0
496 0 0 0 0
497 0 0 0 0
498 0 0 0 0
499 0 0 0 0
500 0 0 0 0
501 0 0 0 0
502 0 0 0 0
503 0 0 0 0
504 0 0 0 0
505 0 0 0 0
506 0 0 0 0
507 0 0 0 0
508 0 0 0 0
509 0 0 0 0
510 0 0 0 0
511 0 0 0 0
512 0 0 0 0
513 0 0 0 0
514 0 0 0 0
515 0 0 0 0
516 0 0 0 0
517 0 0 0 0
518 0 0 0 0
519 0 0 0 0
520 0 0 0 0
521 0 0 0 0
522 0 0 0 0
523 0 0 0 0
524 0 0 0 0
525 0 0 0 0
526 0 0 0 0
527 0 0 0 0
528 0 0 0 0
529 0 0 0 0
530 0 0 0 0
531 0 0 0 0
532 0 0 0 0
533 0 0 0 0
534 0 0 0 0
535 0 0 0 0
536 0 0 0 0
537 0 0 0 0
538 0 0 0 0
539 0 0 0 0
540 0 0 0 0
541 0 0 0 0
542 0 0 0 0
543 0 0 0 0
544 0 0 0 0
545 0 0 0 0
546 0 0 0 0
547 0 0 0 0
548 0 0 0 0
549 0 0 0 0
550 0 0 0 0
551 0 0 0 0
552 0 0 0 0
553 0 0 0 0
554 0 0 0 0
555 0 0 0 0
556 0 0 0 0
557 0 0 0 0
558 0 0 0 0
559 0 0 0 0
560 0 0 0 0
561 0 0 0 0
562 0 0 0 0
563 0 0 0 0
564 0 0 0 0
565 0 0 0 0
566 0 0 0 0
567 0 0 0 0
568 0 0 0 0
569 0 0 0 0
570 0 0 0 0
571 0 0 0 0
572 0 0 0 0
573 0 0 0 0
574 0 0 0 0
575 0 0 0 0
576 0 0 0 0
577 0 0 0 0
578 0 0 0 0
579 0 0 0 0
580 0 0 0 0
581 0 0 0 0
582 0 0 0 0
583 0 0 0 0
584 0 0 0 0
585 0 0 0 0
586 0 0 0 0
587 0 0 0 0
588 0 0 0 0
589 0 0 0 0
590 0 0 0 0
591 0 0 0 0
592 0 0 0 0
593 0 0 0 0
594 0 0 0 0
595 0 0 0 0
596 0 0 0 0
597 0 0 0 0
598 0 0 0 0
599 0 0 0 0
600 0 0 0 0
601 0 0 0 0
602 0 0 0 0
603 0 0 0 0
604 0 0 0 0
605 0 0 0 0
606 0 0 0 0
607 0 0 0 0
608 0 0 0 0
609 0 0 0 0
610 0 0 0 0
611 0 0 0 0
612 0 0 0 0
613 0 0 0 0
614 0 0 0 0
615 0 0 0 0
616 0 0 0 0
617 0 0 0 0
618 0 0 0 0
619 0 0 0 0
620 0 0 0 0
621 0 0 0 0
622 0 0 0 0
623 0 0 0 0
624 0 0 0 0
625 0 0 0 0
626 0 0 0 0
627 0 0 0 0
628 0 0 0 0
629 0 0 0 0
630 0 0 0 0
631 0 0 0 0
632 0 0 0 0
633 0 0 0 0
634 0 0 0 0
635 0 0 0 0
636 0 0 0 0
637 0 0 0 0
638 0 0 0 0
639 0 0 0 0
640 0 0 0 0
641 0 0 0 0
642 0 0 0 0
643 0 0 0 0
644 0 0 0 0
645 0 0 0 0
646 0 0 0 0
647 0 0 0 0
648 0 0 0 0
649 0 0 0 0
650 0 0 0 0
651 0 0 0 0
652 0 0 0 0
653 0 0 0 0
654 0 0 0 0
655 0 0 0 0
656 0 0 0 0
657 0 0 0 0
658 0 0 0 0
659 0 0 0 0
660 0 0 0 0
661 0 0 0 0
662 0 0 0 0
663 0 0 0 0
664 0 0 0 0
665 0 0 0 0
666 0 0 0 0
667 0 0 0 0
668 0 0 0 0
669 0 0 0 0
670 0 0 0 0
671 0 0 0 0
672 0 0 0 0
673 0 0 0 0
674 0 0 0 0
675 0 0 0 0
676 0 0 0 0
677 0 0 0 0
678 0 0 0 0
679 0 0 0 0
680 0 0 0 0
681 0 0 0 0
682 0 0 0 0
683 0 0 0 0
684 0 0 0 0
685 0 0 0 0
686 0 0 0 0
687 0 0 0 0
688 0 0 0 0
689 0 0 0 0
690 0 0 0 0
691 0 0 0 0
692 0 0 0 0
693 0 0 0 0
694 0 0 0 0
695 0 0 0 0
696 0 0 0 0
697 0 0 0 0
698 0 0 0 0
699 0 0 0 0
700 0 0 0 0
701 0 0 0 0
702 0 0 0 0
703 0 0 0 0
704 0 0 0 0
705 0 0 0 0
706 0 0 0 0
707 0 0 0 0
708 0 0 0 0
709 0 0 0 0
710 0 0 0 0
711 0 0 0 0
712 0 0 0 0
713 0 0 0 0
714 0 0 0 0
715 0 0 0 0
716 0 0 0 0
717 0 0 0 0
718 0 0 0 0
719 0 0 0 0
720 0 0 0 0
721 0 0 0 0
722 0 0 0 0
723 0 0 0 0
724 0 0 0 0
725 0 0 0 0
726 0 0 0 0
727 0 0 0 0
