0 0 0 0 0
1 0 0 0 0
2 0 0 0 0
3 0 0 0 0
4 0 0 0 0
5 0 1 2 0
6 0 0 0 0
7 0 0 0 0
8 0 0 0 0
9 0 2 0 1
10 0 0 0 0
11 0 0 0 0
12 0 0 0 2
13 0 0 0 2
14 0 0 0 0
15 0 0 0 0
16 0 0 0 0
17 0 0 0 0
18 0 0 0 0
19 0 0 0 0
20 0 0 0 0
21 0 0 0 0
22 0 0 0 0
23 0 0 0 0
24 1 0 0 0
25 2 0 0 0
26 1 0 0 0
27 0 0 0 0
28 0 0 0 0
29 0 1 0 0
30 0 0 0 0
31 0 0 2 0
32 0 0 0 0
33 0 0 0 1
34 1 0 1 0
35 1 0 0 1
36 0 0 0 0
37 0 0 0 0
38 1 0 0 1
39 0 0 0 0
40 0 1 0 0
41 1 0 0 1
42 0 0 0 0
43 0 1 1 0
44 1 0 0 1
45 0 0 0 0
46 1 0 0 0
47 1 0 0 1
48 1 0 0 0
49 3 0 1 0
50 3 0 1 1
51 0 0 1 0
52 1 0 0 0
53 0 0 0 0
54 1 1 0 1
55 1 0 1 0
56 0 1 0 1
57 0 2 0 0
58 2 1 1 2
59 0 2 1 1
60 0 0 0 1
61 1 0 0 2
62 2 0 0 1
63 1 1 0 2
64 3 1 0 0
65 2 0 0 1
66 2 0 0 1
67 2 2 1 0
68 1 1 0 1
69 1 0 1 0
70 0 0 2 1
71 0 1 1 0
72 1 2 0 1
73 0 2 0 1
74 0 2 0 4
75 0 0 0 0
76 0 0 0 0
77 0 1 1 3
78 0 0 0 3
79 1 0 0 1
80 2 0 0 1
81 1 0 0 2
82 4 0 0 0
83 2 0 0 0
84 2 0 0 1
85 3 1 1 0
86 5 0 0 0
87 0 1 0 0
88 3 2 1 0
89 2 0 0 1
90 2 1 2 0
91 1 3 2 0
92 1 1 0 3
93 0 1 3 0
94 0 2 0 4
95 1 1 2 4
96 1 0 1 1
97 1 0 1 2
98 0 0 1 3
99 2 0 0 0
100 1 0 2 5
101 0 1 0 0
102 2 1 0 2
103 3 0 0 0
104 2 0 0 3
105 1 2 0 2
106 3 0 0 0
107 3 0 1 0
108 4 1 3 0
109 5 2 1 2
110 3 0 0 0
111 4 2 2 1
112 4 1 0 4
113 3 0 4 2
114 6 2 3 0
115 4 1 1 4
116 2 1 3 2
117 2 1 1 0
118 1 2 2 5
119 4 3 2 1
120 5 3 1 6
121 4 2 1 4
122 1 2 1 2
123 0 2 2 4
124 1 1 3 3
125 4 1 0 3
126 3 3 0 3
127 3 0 2 5
128 2 1 0 4
129 6 3 1 2
130 4 1 2 3
131 4 3 0 3
132 8 1 0 2
133 5 1 0 2
134 4 4 1 3
135 5 4 0 0
136 5 2 1 4
137 3 5 0 2
138 2 4 2 5
139 5 0 2 1
140 3 3 1 4
141 7 6 2 7
142 2 1 2 4
143 3 3 3 1
144 3 2 4 3
145 6 3 0 7
146 4 4 2 3
147 4 1 0 6
148 1 3 2 8
149 5 2 1 3
150 7 2 3 5
151 2 0 3 4
152 4 0 1 3
153 6 1 0 5
154 4 2 2 2
155 7 5 2 4
156 6 2 1 1
157 8 0 2 4
158 7 1 5 4
159 8 4 1 7
160 7 3 2 2
161 5 4 3 4
162 4 3 5 3
163 9 2 4 2
164 12 5 7 4
165 11 7 1 10
166 6 4 2 8
167 9 1 3 5
168 8 2 3 9
169 8 2 2 9
170 10 7 1 9
171 9 3 2 7
172 11 6 2 7
173 8 7 3 3
174 7 9 2 4
175 9 3 6 3
176 8 4 7 5
177 7 5 4 11
178 13 2 7 7
179 6 3 6 8
180 8 4 3 10
181 5 9 3 12
182 11 4 1 12
183 7 6 5 10
184 7 2 4 7
185 7 2 5 12
186 4 4 3 4
187 15 9 4 12
188 9 5 3 6
189 8 5 1 6
190 14 4 3 7
191 7 4 3 10
192 12 8 5 6
193 5 6 5 9
194 7 2 3 7
195 17 7 4 7
196 16 5 7 6
197 12 5 4 11
198 17 6 2 7
199 13 5 3 13
200 17 6 3 12
201 13 10 6 9
202 15 4 5 10
203 11 8 6 9
204 12 11 4 10
205 12 5 8 8
206 10 7 5 8
207 9 7 5 12
208 4 7 6 21
209 7 9 9 12
210 8 8 4 11
211 10 8 11 12
212 7 3 3 11
213 4 3 2 15
214 6 7 3 15
215 3 1 4 15
216 10 4 7 11
217 4 3 4 11
218 5 2 2 15
219 3 6 2 5
220 3 6 1 7
221 8 4 3 8
222 4 3 2 5
223 10 2 2 7
224 6 1 1 9
225 5 3 4 4
226 4 6 1 9
227 4 3 3 3
228 2 2 3 7
229 5 6 1 5
230 5 4 2 7
231 3 5 1 5
232 3 2 5 5
233 1 1 1 5
234 1 1 3 6
235 0 1 4 7
236 3 2 3 6
237 5 3 0 4
238 2 1 3 6
239 3 1 0 7
240 1 0 1 2
241 1 2 0 2
242 2 2 1 4
243 3 0 2 4
244 2 2 0 4
245 4 1 1 3
246 2 2 1 1
247 2 3 0 1
248 2 3 1 2
249 1 0 0 2
250 2 1 3 2
251 0 0 0 2
252 1 1 1 4
253 1 2 1 2
254 0 2 0 4
255 0 3 1 2
256 0 0 0 2
257 1 1 0 1
258 1 1 0 2
259 1 0 0 2
260 1 0 0 2
261 1 1 0 1
262 0 0 1 4
263 1 0 0 0
264 0 0 0 0
265 0 0 0 1
266 2 0 0 0
267 0 1 0 1
268 1 1 0 0
269 2 1 0 0
270 1 1 0 0
271 2 1 0 1
272 2 1 0 0
273 0 0 0 0
274 1 2 0 1
275 2 1 0 1
276 0 1 0 2
277 0 2 1 0
278 0 0 0 2
279 0 1 0 0
280 1 0 2 1
281 0 0 0 3
282 0 0 0 1
283 0 1 0 1
284 0 1 0 1
285 0 1 0 0
286 0 0 0 0
287 0 0 0 3
288 0 0 0 0
289 0 0 0 0
290 0 0 0 0
291 0 0 0 1
292 1 0 0 1
293 0 0 0 0
294 1 0 0 0
295 0 0 0 0
296 0 0 0 0
297 0 1 0 0
298 1 0 0 0
299 1 0 0 0
300 0 0 0 0
301 0 0 0 0
302 0 0 0 0
303 0 0 1 0
304 0 1 0 1
305 0 0 0 0
306 0 0 0 0
307 0 1 0 0
308 0 0 0 1
309 0 0 0 0
310 0 0 0 1
311 0 0 0 0
312 0 0 0 0
313 0 0 0 0
314 0 0 0 1
315 0 0 0 0
316 0 0 0 0
317 0 0 0 0
318 0 0 0 0
319 0 0 0 0
320 1 0 0 0
321 0 0 0 0
322 0 0 0 0
323 0 0 0 0
324 0 0 0 0
325 0 0 0 0
326 0 0 0 0
327 1 0 0 0
328 0 0 0 0
329 0 1 0 0
330 0 0 0 0
331 0 0 0 0
332 0 1 0 0
333 0 0 0 1
334 0 0 0 0
335 0 0 0 0
336 0 0 0 1
337 0 0 0 0
338 0 0 0 0
339 0 0 0 0
340 0 0 0 0
341 0 0 0 0
342 0 0 0 0
343 0 0 0 0
344 0 0 0 0
345 0 0 0 0
346 0 0 0 0
347 0 0 0 0
348 0 0 0 0
349 0 0 0 0
350 0 0 0 0
351 0 0 0 0
352 0 0 0 0
353 0 0 0 0
354 0 0 0 0
355 0 0 0 0
356 0 0 0 0
357 0 0 0 0
358 0 0 0 0
359 0 0 0 0
360 0 0 0 0
361 0 0 0 0
362 0 0 0 0
363 0 0 0 0
364 0 0 0 0
365 0 0 0 0
366 0 0 0 0
367 0 0 0 0
368 0 0 0 0
369 0 0 0 0
370 0 0 0 0
371 0 0 0 0
372 0 0 0 0
373 0 0 0 0
374 0 0 0 0
375 0 0 0 0
376 0 0 0 0
377 0 0 0 0
378 0 0 0 0
379 0 0 0 0
380 0 0 0 0
381 0 0 0 0
382 0 0 0 0
383 0 0 0 0
384 0 0 0 0
385 0 0 0 0
386 0 0 0 0
387 0 0 0 0
388 0 0 0 0
389 0 0 0 0
390 0 0 0 0
391 0 0 0 0
392 0 0 0 0
393 0 0 0 0
394 0 0 0 0
395 0 0 0 0
396 0 0 0 0
397 0 0 0 0
398 0 0 0 0
399 0 0 0 0
400 0 0 0 0
401 0 0 0 0
402 0 0 0 0
403 0 0 0 0
404 0 0 0 0
405 0 0 0 0
406 0 0 0 0
407 0 0 0 0
408 0 0 0 0
409 0 0 0 0
410 0 0 0 0
411 0 0 0 0
412 0 0 0 0
413 0 0 0 0
414 0 0 0 0
415 0 0 0 0
416 0 0 0 0
417 0 0 0 0
418 0 0 0 0
419 0 0 0 0
420 0 0 0 0
421 0 0 0 0
422 0 0 0 0
423 0 0 0 0
424 0 0 0 0
425 0 0 0 0
426 0 0 0 0
427 0 0 0 0
428 0 0 0 0
429 0 0 0 0
430 0 0 0 0
431 0 0 0 0
432 0 0 0 0
433 0 0 0 0
434 0 0 0 0
435 0 0 0 0
436 0 0 0 0
437 0 0 0 0
438 0 0 0 0
439 0 0 0 0
440 0 0 0 0
441 0 0 0 0
442 0 0 0 0
443 0 0 0 0
444 0 0 0 0
445 0 0 0 0
446 0 0 0 0
447 0 0 0 0
448 0 0 0 0
449 0 0 0 0
450 0 0 0 0
451 0 0 0 0
452 0 0 0 0
453 0 0 0 0
454 0 0 0 0
455 0 0 0 0
456 0 0 0 0
457 0 0 0 0
458 0 0 0 0
459 0 0 0 0
460 0 0 0 0
461 0 0 0 0
462 0 0 0 0
463 0 0 0 0
464 0 0 0 0
465 0 0 0 0
466 0 0 0 0
467 0 0 0 0
468 0 0 0 0
469 0 0 0 0
470 0 0 0 0
471 0 0 0 0
472 0 0 0 0
473 0 0 0 0
474 0 0 0 0
475 0 0 0 0
476 0 0 0 0
477 0 0 0 0
478 0 0 0 0
479 0 0 0 0
480 0 0 0 0
481 0 0 0 0
482 0 0 0 0
483 0 0 0 0
484 0 0 0 0
485 0 0 0 0
486 0 0 0 0
487 0 0 0 0
488 0 0 0 0
489 0 0 0 0
490 0 0 0 0
491 0 0 0 0
492 0 0 0 0
493 0 0 0 0
494 0 0 0 0
495 0 0 0 0
496 0 0 0 0
497 0 0 0 0
498 0 0 0 0
499 0 0 0 0
500 0 0 0 0
501 0 0 0 0
502 0 0 0 0
503 0 0 0 0
504 0 0 0 0
505 0 0 0 0
506 0 0 0 0
507 0 0 0 0
508 0 0 0 0
509 0 0 0 0
510 0 0 0 0
511 0 0 0 0
512 0 0 0 0
513 0 0 0 0
514 0 0 0 0
515 0 0 0 0
516 0 0 0 0
517 0 0 0 0
518 0 0 0 0
519 0 0 0 0
520 0 0 0 0
521 0 0 0 0
522 0 0 0 0
523 0 0 0 0
524 0 0 0 0
525 0 0 0 0
526 0 0 0 0
527 0 0 0 0
528 0 0 0 0
529 0 0 0 0
530 0 0 0 0
531 0 0 0 0
532 0 0 0 0
533 0 0 0 0
534 0 0 0 0
535 0 0 0 0
536 0 0 0 0
537 0 0 0 0
538 0 0 0 0
539 0 0 0 0
540 0 0 0 0
541 0 0 0 0
542 0 0 0 0
543 0 0 0 0
544 0 0 0 0
545 0 0 0 0
546 0 0 0 0
547 0 0 0 0
548 0 0 0 0
549 0 0 0 0
550 0 0 0 0
551 0 0 0 0
552 0 0 0 0
553 0 0 0 0
554 0 0 0 0
555 0 0 0 0
556 0 0 0 0
557 0 0 0 0
558 0 0 0 0
559 0 0 0 0
560 0 0 0 0
561 0 0 0 0
562 0 0 0 0
563 0 0 0 0
564 0 0 0 0
565 0 0 0 0
566 0 0 0 0
567 0 0 0 0
568 0 0 0 0
569 0 0 0 0
570 0 0 0 0
571 0 0 0 0
572 0 0 0 0
573 0 0 0 0
574 0 0 0 0
575 0 0 0 0
576 0 0 0 0
577 0 0 0 0
578 0 0 0 0
579 0 0 0 0
580 0 0 0 0
581 0 0 0 0
582 0 0 0 0
583 0 0 0 0
584 0 0 0 0
585 0 0 0 0
586 0 0 0 0
587 0 0 0 0
588 0 0 0 0
589 0 0 0 0
590 0 0 0 0
591 0 0 0 0
592 0 0 0 0
593 0 0 0 0
594 0 0 0 0
595 0 0 0 0
596 0 0 0 0
597 0 0 0 0
598 0 0 0 0
599 0 0 0 0
600 0 0 0 0
601 0 0 0 0
602 0 0 0 0
603 0 0 0 0
604 0 0 0 0
605 0 0 0 0
606 0 0 0 0
607 0 0 0 0
608 0 0 0 0
609 0 0 0 0
610 0 0 0 0
611 0 0 0 0
612 0 0 0 0
613 0 0 0 0
614 0 0 0 0
615 0 0 0 0
616 0 0 0 0
617 0 0 0 0
618 0 0 0 0
619 0 0 0 0
620 0 0 0 0
621 0 0 0 0
622 0 0 0 0
623 0 0 0 0
624 0 0 0 0
625 0 0 0 0
626 0 0 0 0
627 0 0 0 0
628 0 0 0 0
629 0 0 0 0
630 0 0 0 0
631 0 0 0 0
632 0 0 0 0
633 0 0 0 0
634 0 0 0 0
635 0 0 0 0
636 0 0 0 0
637 0 0 0 0
638 0 0 0 0
639 0 0 0 0
640 0 0 0 0
641 0 0 0 0
642 0 0 0 0
643 0 0 0 0
644 0 0 0 0
645 0 0 0 0
646 0 0 0 0
647 0 0 0 0
648 0 0 0 0
649 0 0 0 0
650 0 0 0 0
651 0 0 0 0
652 0 0 0 0
653 0 0 0 0
654 0 0 0 0
655 0 0 0 0
656 0 0 0 0
657 0 0 0 0
658 0 0 0 0
659 0 0 0 0
660 0 0 0 0
661 0 0 0 0
662 0 0 0 0
663 0 0 0 0
664 0 0 0 0
665 0 0 0 0
666 0 0 0 0
667 0 0 0 0
668 0 0 0 0
669 0 0 0 0
670 0 0 0 0
671 0 0 0 0
672 0 0 0 0
673 0 0 0 0
674 0 0 0 0
675 0 0 0 0
676 0 0 0 0
677 0 0 0 0
678 0 0 0 0
679 0 0 0 0
680 0 0 0 0
681 0 0 0 0
682 0 0 0 0
683 0 0 0 0
684 0 0 0 0
685 0 0 0 0
686 0 0 0 0
687 0 0 0 0
688 0 0 0 0
689 0 0 0 0
690 0 0 0 0
691 0 0 0 0
692 0 0 0 0
693 0 0 0 0
694 0 0 0 0
695 0 0 0 0
696 0 0 0 0
697 0 0 0 0
698 0 0 0 0
699 0 0 0 0
700 0 0 0 0
701 0 0 0 0
702 0 0 0 0
703 0 0 0 0
704 0 0 0 0
705 0 0 0 0
706 0 0 0 0
707 0 0 0 0
708 0 0 0 0
709 0 0 0 0
710 0 0 0 0
711 0 0 0 0
712 0 0 0 0
713 0 0 0 0
714 0 0 0 0
715 0 0 0 0
716 0 0 0 0
717 0 0 0 0
718 0 0 0 0
719 0 0 0 0
720 0 0 0 0
721 0 0 0 0
722 0 0 0 0
723 0 0 0 0
724 0 0 0 0
725 0 0 0 0
726 0 0 0 0
727 0 0 0 0
