0 0 0 0 0
1 0 0 0 0
2 0 0 0 0
3 0 0 0 0
4 0 0 0 0
5 0 1 0 0
6 0 0 0 0
7 0 0 0 0
8 0 0 0 0
9 0 2 2 1
10 0 0 0 0
11 0 0 0 0
12 0 0 0 0
13 0 0 0 2
14 0 0 0 0
15 0 0 0 0
16 0 0 0 2
17 0 0 0 0
18 0 0 0 0
19 0 0 0 0
20 0 0 0 0
21 0 0 0 0
22 1 0 0 0
23 2 0 0 0
24 0 0 0 0
25 0 0 0 0
26 0 0 0 0
27 0 1 0 0
28 1 0 0 0
29 0 0 0 0
30 0 0 0 0
31 0 0 0 0
32 0 1 1 0
33 0 0 0 0
34 0 0 0 1
35 0 0 0 0
36 0 0 0 1
37 1 0 1 0
38 0 0 0 0
39 0 0 0 1
40 1 0 0 0
41 0 0 0 0
42 0 0 0 0
43 2 0 0 0
44 0 0 0 1
45 1 0 0 0
46 0 1 0 0
47 0 0 0 0
48 0 2 0 0
49 0 1 0 0
50 0 1 0 0
51 2 0 0 0
52 2 0 0 1
53 2 0 0 1
54 1 0 0 0
55 2 0 0 1
56 1 2 0 1
57 1 0 0 1
58 1 0 2 0
59 1 0 1 0
60 1 1 0 0
61 0 1 0 0
62 1 1 0 1
63 0 1 0 3
64 0 1 1 1
65 0 1 0 1
66 0 1 0 0
67 0 1 0 1
68 1 0 0 3
69 0 1 0 0
70 1 0 0 1
71 1 0 0 1
72 1 0 0 1
73 3 0 0 2
74 0 0 0 0
75 1 0 0 0
76 0 0 0 0
77 2 0 2 0
78 3 1 1 0
79 3 1 0 0
80 1 0 0 0
81 0 1 0 2
82 1 1 2 1
83 0 1 0 0
84 1 1 2 0
85 1 0 0 2
86 1 0 0 3
87 0 1 2 1
88 1 0 1 3
89 0 2 0 1
90 1 0 0 0
91 3 0 0 1
92 1 0 0 0
93 2 1 0 1
94 2 1 0 2
95 0 1 1 1
96 2 1 1 1
97 3 0 0 1
98 2 1 1 0
99 2 0 2 1
100 3 1 0 1
101 1 2 1 1
102 2 1 0 4
103 5 2 0 2
104 4 1 0 1
105 1 1 2 1
106 2 2 1 1
107 2 0 0 1
108 3 3 2 3
109 2 0 0 2
110 4 1 0 3
111 3 0 2 0
112 4 2 2 4
113 3 1 4 1
114 1 0 0 0
115 3 3 0 2
116 4 1 0 2
117 3 2 2 4
118 3 2 1 2
119 3 2 2 4
120 5 3 1 3
121 5 3 0 2
122 2 1 3 1
123 7 1 1 3
124 3 1 0 4
125 3 2 4 4
126 3 2 2 4
127 4 1 1 1
128 3 3 1 3
129 3 1 2 4
130 2 1 4 4
131 3 0 2 2
132 2 3 2 7
133 5 3 0 4
134 2 1 2 2
135 3 3 0 2
136 1 3 1 5
137 4 1 1 4
138 1 2 4 0
139 3 1 1 4
140 2 2 2 5
141 6 2 1 4
142 6 1 1 4
143 5 1 1 2
144 4 2 1 4
145 2 0 0 3
146 4 5 2 2
147 4 1 2 2
148 5 1 3 5
149 3 4 3 1
150 7 2 1 6
151 8 3 1 2
152 8 3 1 2
153 4 1 3 7
154 5 0 0 5
155 7 3 1 3
156 2 5 2 4
157 5 2 3 4
158 5 3 4 2
159 5 3 3 6
160 8 6 3 4
161 6 2 4 2
162 3 3 0 6
163 4 6 2 6
164 5 1 1 10
165 5 2 4 4
166 5 3 0 6
167 2 3 1 6
168 5 6 1 2
169 2 1 2 4
170 6 7 1 9
171 6 4 1 6
172 6 0 2 8
173 10 5 1 1
174 9 0 2 6
175 11 3 1 1
176 7 3 2 5
177 6 8 0 4
178 7 4 5 5
179 7 5 5 2
180 6 3 1 7
181 16 3 2 5
182 9 5 2 11
183 8 3 2 8
184 11 5 7 6
185 12 4 2 6
186 8 9 3 6
187 10 5 2 2
188 6 3 4 5
189 9 6 5 5
190 6 9 5 13
191 6 6 6 9
192 6 6 3 9
193 7 4 4 9
194 12 5 3 11
195 7 2 3 10
196 16 4 3 12
197 8 2 3 9
198 10 6 6 9
199 12 6 5 7
200 13 4 3 11
201 4 5 4 8
202 12 3 2 9
203 10 5 3 6
204 12 4 7 5
205 9 8 11 9
206 7 5 2 9
207 9 7 6 10
208 4 3 5 10
209 10 5 4 10
210 10 5 3 9
211 12 5 1 14
212 4 6 1 15
213 3 7 3 8
214 5 7 3 9
215 5 9 2 5
216 7 4 3 9
217 6 1 3 10
218 4 2 4 10
219 10 6 3 7
220 9 5 4 9
221 8 6 0 6
222 5 2 3 11
223 8 1 2 5
224 3 8 5 9
225 6 5 4 2
226 3 4 2 6
227 5 3 2 4
228 4 3 4 11
229 4 3 2 6
230 3 2 4 6
231 3 4 2 9
232 5 5 0 13
233 8 3 1 6
234 10 4 2 6
235 5 2 1 4
236 6 2 2 4
237 5 1 0 3
238 3 5 0 5
239 6 4 4 4
240 5 2 1 5
241 4 4 3 2
242 3 5 3 4
243 4 1 3 8
244 0 1 4 4
245 3 4 4 6
246 1 3 1 7
247 2 3 0 2
248 3 5 0 6
249 1 0 0 5
250 3 2 2 7
251 1 1 3 5
252 0 2 0 8
253 4 1 2 0
254 3 1 1 5
255 1 2 0 3
256 4 1 1 2
257 3 0 0 2
258 3 2 0 4
259 2 1 2 1
260 1 0 1 2
261 0 0 2 1
262 3 2 2 1
263 3 0 3 4
264 0 2 0 1
265 3 1 1 3
266 1 1 1 2
267 4 1 1 2
268 1 2 1 3
269 1 0 0 3
270 1 1 0 3
271 1 2 0 2
272 0 3 0 2
273 0 0 0 0
274 0 3 1 1
275 1 0 0 1
276 0 3 0 2
277 0 1 0 1
278 0 0 0 4
279 2 0 1 1
280 1 0 0 2
281 3 0 0 3
282 1 0 0 0
283 2 0 0 1
284 2 2 0 0
285 1 1 0 0
286 2 3 0 1
287 1 0 1 0
288 2 0 1 0
289 2 0 1 0
290 0 0 0 2
291 0 1 0 2
292 0 1 1 1
293 0 1 1 2
294 0 1 1 1
295 1 1 0 1
296 0 0 1 2
297 0 1 0 3
298 1 0 1 2
299 0 0 0 0
300 0 0 0 0
301 0 0 0 0
302 2 0 0 1
303 1 0 1 1
304 1 1 0 1
305 2 0 0 1
306 4 0 0 0
307 1 0 1 0
308 1 0 0 1
309 1 0 0 0
310 1 1 0 1
311 1 1 2 1
312 2 1 0 0
313 1 1 1 0
314 2 1 0 1
315 1 2 1 3
316 1 0 2 1
317 0 0 0 2
318 0 1 0 0
319 0 0 1 3
320 2 0 0 1
321 0 1 1 1
322 2 1 0 0
323 0 0 1 2
324 1 1 0 0
325 1 2 1 2
326 0 0 0 1
327 0 1 0 0
328 0 0 0 2
329 0 0 0 2
330 1 0 0 1
331 1 1 0 1
332 0 0 0 1
333 0 0 1 0
334 0 0 1 0
335 0 0 0 0
336 0 1 0 0
337 0 0 0 0
338 0 0 0 1
339 0 1 0 0
340 1 0 0 1
341 1 0 0 1
342 0 0 0 0
343 0 0 0 2
344 0 0 0 0
345 0 0 1 0
346 1 0 1 0
347 0 0 0 0
348 0 0 0 0
349 1 0 0 1
350 1 0 0 0
351 1 0 1 0
352 0 0 0 0
353 0 0 0 1
354 0 0 0 0
355 0 1 0 0
356 0 0 1 0
357 0 0 0 0
358 0 0 1 1
359 0 0 0 0
360 0 0 0 1
361 0 0 0 0
362 0 0 0 2
363 0 0 0 0
364 1 0 0 0
365 0 0 0 0
366 0 0 0 0
367 0 0 0 0
368 0 0 0 0
369 0 0 0 0
370 0 0 0 0
371 1 0 0 0
372 0 0 0 0
373 0 0 1 0
374 1 0 0 0
375 0 0 0 0
376 0 1 0 0
377 0 0 0 1
378 0 0 0 0
379 0 0 0 0
380 0 0 0 0
381 0 0 0 0
382 0 0 0 0
383 0 1 0 1
384 0 0 0 0
385 0 0 0 0
386 2 0 0 0
387 1 0 0 1
388 1 0 0 0
389 1 0 0 0
390 2 0 0 0
391 1 1 1 0
392 1 0 1 0
393 1 0 0 0
394 0 0 0 0
395 0 0 1 2
396 1 1 0 0
397 1 1 1 0
398 2 1 0 0
399 0 0 1 1
400 1 0 0 0
401 1 1 0 1
402 1 1 1 1
403 0 0 2 1
404 0 0 0 1
405 0 0 0 2
406 0 0 1 1
407 0 0 1 2
408 0 0 0 0
409 0 1 0 2
410 0 0 0 0
411 1 0 0 0
412 0 0 0 0
413 1 0 0 1
414 1 0 0 1
415 1 0 0 0
416 1 0 0 1
417 1 0 0 0
418 1 0 0 0
419 4 1 0 0
420 3 1 1 0
421 3 1 0 0
422 3 1 1 0
423 0 0 1 1
424 1 1 2 2
425 2 2 1 0
426 0 0 0 1
427 1 2 1 0
428 1 1 0 1
429 1 1 0 3
430 2 4 1 2
431 0 0 0 5
432 2 1 0 2
433 0 1 0 1
434 0 1 0 1
435 1 0 0 1
436 1 0 0 0
437 1 1 0 3
438 1 0 0 0
439 1 1 1 1
440 1 0 1 1
441 2 2 0 1
442 3 0 0 0
443 2 1 0 1
444 1 0 0 2
445 2 0 0 0
446 1 1 1 1
447 2 2 1 1
448 3 0 2 2
449 2 1 1 0
450 2 1 1 2
451 4 0 0 1
452 1 1 0 1
453 3 0 0 0
454 3 2 1 4
455 2 1 0 1
456 2 3 1 2
457 0 3 1 0
458 2 2 0 1
459 2 3 2 2
460 2 1 0 3
461 1 1 0 5
462 2 2 0 1
463 3 1 0 4
464 2 1 1 2
465 3 3 0 0
466 2 1 0 4
467 1 1 1 1
468 1 4 0 2
469 1 0 0 4
470 1 0 1 0
471 4 1 1 1
472 1 1 1 3
473 1 2 0 1
474 2 2 0 1
475 0 1 1 3
476 3 1 0 1
477 4 1 1 1
478 2 0 1 2
479 4 0 0 3
480 3 1 1 2
481 0 1 3 2
482 1 4 1 1
483 2 2 2 1
484 4 0 0 2
485 5 1 1 2
486 4 0 0 4
487 0 0 0 3
488 2 3 1 2
489 4 2 0 1
490 1 1 1 2
491 3 0 2 0
492 2 1 1 5
493 2 3 0 0
494 2 4 1 1
495 0 2 1 1
496 1 0 2 4
497 3 1 2 3
498 1 2 1 3
499 2 1 1 3
500 2 0 1 3
501 4 2 0 2
502 3 1 1 1
503 4 1 1 3
504 1 0 1 3
505 2 2 0 4
506 3 3 2 2
507 4 1 2 1
508 1 2 3 1
509 2 1 0 0
510 1 2 0 5
511 1 1 0 2
512 2 1 0 4
513 3 1 0 2
514 0 0 0 3
515 2 2 0 3
516 1 3 0 1
517 1 1 0 1
518 3 1 4 1
519 5 0 1 1
520 5 1 0 3
521 10 3 0 0
522 4 0 0 5
523 6 1 0 2
524 6 3 4 2
525 5 1 2 4
526 2 6 1 0
527 0 3 1 0
528 2 1 1 4
529 2 4 1 2
530 3 4 4 3
531 2 2 2 6
532 2 1 3 2
533 1 1 2 9
534 1 0 3 6
535 1 1 1 3
536 1 1 1 4
537 3 1 1 5
538 2 1 0 3
539 3 1 0 3
540 6 1 0 4
541 6 0 1 3
542 3 3 0 0
543 3 2 0 0
544 8 1 0 1
545 10 3 1 2
546 10 3 3 3
547 10 2 0 2
548 9 2 1 1
549 9 4 1 5
550 8 2 4 2
551 10 4 3 1
552 5 4 2 3
553 7 7 5 8
554 7 4 5 3
555 5 5 4 7
556 9 6 7 4
557 4 5 3 9
558 5 8 1 6
559 6 2 5 6
560 8 3 4 13
561 7 4 2 10
562 6 4 2 11
563 4 3 3 11
564 4 2 0 5
565 2 4 2 8
566 1 3 1 3
567 4 4 2 8
568 7 4 5 3
569 7 4 3 7
570 8 3 2 5
571 4 2 1 5
572 10 0 2 10
573 8 2 0 6
574 7 2 1 5
575 4 2 4 4
576 9 3 1 3
577 7 6 7 4
578 6 6 4 4
579 10 6 1 4
580 7 3 2 4
581 8 4 7 9
582 7 3 3 7
583 3 4 2 3
584 3 5 1 7
585 2 5 3 15
586 2 6 3 6
587 4 7 2 3
588 2 2 4 8
589 0 3 2 8
590 1 2 1 9
591 3 0 2 6
592 2 2 1 9
593 1 1 1 6
594 2 0 0 7
595 1 1 1 3
596 1 1 3 6
597 3 2 0 1
598 2 0 1 1
599 1 1 1 2
600 1 2 0 5
601 2 1 1 1
602 2 2 0 3
603 2 2 0 2
604 0 0 0 2
605 1 0 0 0
606 2 1 1 1
607 1 0 1 0
608 1 1 1 2
609 0 1 1 1
610 1 2 0 2
611 1 2 0 1
612 2 0 1 1
613 1 1 0 3
614 0 0 0 3
615 1 2 0 1
616 0 1 0 2
617 0 0 2 1
618 1 1 0 1
619 0 0 0 1
620 0 1 0 0
621 1 0 0 1
622 1 0 0 1
623 2 0 0 1
624 2 1 0 1
625 2 0 0 1
626 1 0 0 0
627 0 0 1 1
628 0 0 1 0
629 0 0 1 0
630 0 0 2 0
631 0 1 1 2
632 0 0 1 0
633 0 1 0 0
634 0 0 1 0
635 1 0 0 3
636 0 0 0 2
637 0 0 0 2
638 0 0 0 1
639 0 0 0 0
640 0 0 0 1
641 0 0 0 0
642 0 0 0 0
643 0 0 0 0
644 1 1 0 0
645 1 0 0 0
646 0 0 0 0
647 1 0 0 0
648 0 0 0 1
649 0 0 0 0
650 1 1 0 0
651 0 0 0 0
652 0 0 0 0
653 0 0 1 0
654 0 0 0 1
655 0 0 0 0
656 0 1 0 0
657 1 0 0 0
658 0 0 0 0
659 1 1 0 0
660 1 0 0 1
661 0 0 0 0
662 0 1 0 0
663 0 0 0 2
664 0 1 0 0
665 1 0 1 0
666 0 0 0 0
667 0 0 0 0
668 0 0 0 1
669 0 0 0 2
670 1 0 0 0
671 0 0 0 0
672 0 0 0 0
673 0 0 0 0
674 0 1 0 0
675 0 1 0 0
676 0 0 0 0
677 0 0 0 0
678 0 0 0 0
679 0 0 0 1
680 0 0 0 0
681 0 0 0 1
682 0 0 0 0
683 0 0 0 0
684 0 0 0 0
685 0 0 0 0
686 0 0 0 0
687 0 0 0 0
688 0 0 0 0
689 0 0 0 0
690 0 0 0 0
691 0 0 0 0
692 0 0 0 0
693 0 0 0 0
694 0 0 0 0
695 0 0 0 0
696 0 0 0 0
697 0 0 0 0
698 0 0 0 0
699 0 0 0 0
700 0 0 0 0
701 0 0 0 0
702 0 0 0 0
703 0 0 0 0
704 0 0 0 0
705 0 0 0 0
706 0 0 0 0
707 0 0 0 0
708 0 0 0 0
709 0 0 0 0
710 0 0 0 0
711 0 0 0 0
712 0 0 0 0
713 0 0 0 0
714 0 0 0 0
715 0 0 0 0
716 0 0 0 0
717 0 0 0 0
718 0 0 0 0
719 0 0 0 0
720 0 0 0 0
721 0 0 0 0
722 0 0 0 0
723 0 0 0 0
724 0 0 0 0
725 0 0 0 0
726 0 0 0 0
727 0 0 0 0
