0 0 0 0 0
1 0 0 0 0
2 0 0 0 0
3 0 0 0 0
4 0 0 0 0
5 0 1 2 0
6 0 0 0 0
7 0 0 0 0
8 0 0 0 0
9 0 0 2 1
10 0 0 0 0
11 0 0 0 0
12 0 0 0 2
13 0 0 0 1
14 0 0 0 0
15 0 0 0 0
16 1 0 0 1
17 1 0 0 0
18 0 0 0 0
19 0 0 0 0
20 1 0 0 0
21 1 1 0 0
22 2 0 1 0
23 0 0 0 0
24 2 0 0 0
25 0 0 0 1
26 1 0 0 0
27 0 1 0 0
28 0 0 0 0
29 0 1 1 1
30 0 0 1 0
31 0 2 0 1
32 1 0 0 0
33 0 1 0 0
34 1 0 0 0
35 0 0 0 3
36 0 0 0 1
37 0 1 0 1
38 1 0 0 0
39 1 0 1 0
40 0 0 0 1
41 2 0 0 1
42 4 0 0 0
43 2 0 0 0
44 1 0 0 0
45 3 0 0 0
46 3 1 1 1
47 1 1 1 0
48 4 1 1 0
49 3 0 1 0
50 2 0 2 2
51 4 2 2 1
52 1 1 0 2
53 2 2 1 1
54 1 1 3 2
55 1 2 0 3
56 1 3 2 1
57 1 1 1 2
58 2 1 1 3
59 3 1 1 2
60 1 0 0 5
61 4 0 1 3
62 6 0 1 2
63 2 1 0 3
64 1 1 1 1
65 2 0 0 1
66 3 3 0 0
67 4 2 1 1
68 4 4 1 2
69 2 1 0 1
70 6 3 1 4
71 3 2 3 3
72 6 1 0 1
73 5 1 2 1
74 1 0 1 3
75 4 1 0 7
76 1 3 0 1
77 4 2 2 1
78 4 1 3 4
79 5 4 3 1
80 3 4 3 2
81 2 4 1 2
82 1 1 0 3
83 4 3 2 6
84 2 2 1 4
85 5 2 1 4
86 5 1 5 6
87 3 0 0 6
88 3 2 1 3
89 9 2 0 3
90 7 1 3 7
91 8 3 0 2
92 2 3 1 3
93 1 1 0 2
94 3 4 0 3
95 5 6 3 2
96 11 3 2 2
97 6 3 3 2
98 8 1 4 4
99 6 2 1 7
100 10 4 2 2
101 9 0 4 6
102 6 2 3 8
103 7 3 1 5
104 5 8 1 6
105 7 8 2 4
106 9 4 3 4
107 3 7 3 3
108 10 4 4 5
109 12 5 2 6
110 11 6 2 8
111 5 2 3 13
112 8 1 0 12
113 13 6 7 8
114 10 5 5 6
115 8 5 6 8
116 5 2 2 2
117 7 7 1 11
118 9 5 3 4
119 12 11 1 8
120 6 2 3 8
121 10 3 3 10
122 11 6 4 8
123 11 4 5 8
124 12 8 7 5
125 7 3 1 11
126 13 6 3 10
127 13 6 2 7
128 13 7 4 9
129 11 9 1 6
130 9 6 2 9
131 15 8 5 12
132 10 3 9 11
133 12 8 5 11
134 12 8 1 10
135 9 5 6 8
136 10 9 4 11
137 8 9 2 11
138 9 9 6 10
139 14 5 5 8
140 8 6 2 15
141 9 5 3 15
142 11 7 1 14
143 13 8 4 7
144 13 10 8 6
145 11 7 6 8
146 14 8 1 12
147 12 7 6 12
148 17 6 4 15
149 15 0 3 9
150 16 5 3 12
151 11 7 4 12
152 13 8 3 11
153 20 7 12 9
154 16 9 4 12
155 19 7 4 8
156 18 9 5 4
157 19 12 6 11
158 14 9 8 13
159 17 17 5 13
160 16 13 4 20
161 24 12 6 16
162 14 11 8 15
163 20 9 3 14
164 16 14 3 16
165 19 7 9 21
166 22 14 11 21
167 11 13 3 13
168 17 11 5 17
169 18 14 2 18
170 16 9 8 21
171 22 11 9 14
172 27 8 7 15
173 13 6 9 20
174 26 13 8 18
175 15 11 9 25
176 22 10 8 13
177 26 11 10 19
178 17 9 4 12
179 22 12 8 22
180 20 10 8 16
181 19 9 10 24
182 20 11 10 7
183 18 21 6 17
184 25 8 7 21
185 24 18 8 22
186 26 13 11 18
187 14 9 4 19
188 28 16 8 14
189 25 13 10 31
190 26 11 9 28
191 25 14 10 18
192 23 10 4 18
193 23 9 12 24
194 25 12 13 15
195 36 12 13 24
196 25 8 14 17
197 31 18 17 18
198 27 13 13 27
199 30 18 7 23
200 26 13 12 24
201 25 17 3 31
202 29 18 7 23
203 17 11 7 28
204 18 19 23 26
205 15 10 16 23
206 18 17 12 19
207 18 23 13 22
208 15 15 6 33
209 20 13 11 27
210 14 15 7 25
211 14 14 7 41
212 8 15 5 25
213 9 8 4 19
214 9 11 4 27
215 8 9 4 22
216 14 9 6 29
217 10 4 6 19
218 14 8 9 19
219 10 9 4 12
220 12 7 3 10
221 14 10 3 13
222 10 5 2 14
223 7 9 2 14
224 6 6 2 9
225 11 7 9 17
226 12 3 7 10
227 7 5 8 8
228 9 2 6 12
229 7 4 3 15
230 5 7 6 9
231 5 2 4 10
232 4 3 7 10
233 10 7 3 11
234 6 8 4 13
235 7 5 5 5
236 6 1 2 7
237 5 3 2 12
238 8 5 2 10
239 5 3 2 9
240 6 4 3 6
241 7 4 0 11
242 3 3 4 10
243 3 4 5 5
244 5 4 3 6
245 5 5 3 5
246 8 1 4 7
247 3 3 2 8
248 2 4 0 4
249 4 2 3 7
250 7 5 0 6
251 4 4 3 8
252 6 2 0 8
253 2 0 2 5
254 2 5 1 4
255 4 5 0 3
256 3 4 0 3
257 1 5 2 4
258 4 2 2 6
259 3 4 2 2
260 3 2 2 2
261 3 2 1 8
262 3 0 1 6
263 2 0 1 5
264 3 1 0 3
265 3 1 0 6
266 2 3 1 3
267 2 4 2 3
268 3 2 1 1
269 5 4 0 1
270 5 1 1 4
271 2 0 2 6
272 2 4 0 2
273 5 1 1 3
274 4 4 0 3
275 0 3 0 3
276 2 2 0 2
277 0 2 1 0
278 0 2 2 3
279 3 3 1 5
280 2 0 0 3
281 2 2 1 4
282 1 2 1 3
283 0 1 1 2
284 1 1 0 1
285 1 2 0 3
286 3 2 0 4
287 1 1 0 2
288 1 0 2 2
289 1 0 0 2
290 0 1 0 1
291 2 1 1 1
292 1 0 1 2
293 0 1 1 1
294 1 0 0 1
295 0 0 1 3
296 0 1 0 0
297 0 0 0 3
298 1 1 0 1
299 0 1 0 1
300 1 0 1 1
301 0 1 0 0
302 0 0 0 0
303 0 0 0 1
304 0 0 0 0
305 1 1 0 2
306 1 0 0 1
307 0 0 1 1
308 0 0 0 0
309 0 0 0 0
310 0 0 0 0
311 0 0 1 1
312 1 0 0 1
313 0 0 0 0
314 2 1 0 0
315 2 0 0 1
316 0 0 0 0
317 0 0 0 0
318 0 0 0 1
319 0 0 2 0
320 0 1 0 0
321 0 0 1 0
322 0 0 0 0
323 0 0 0 2
324 0 0 1 1
325 0 0 0 1
326 0 0 0 0
327 0 0 0 0
328 0 0 0 1
329 0 0 0 0
330 0 0 0 0
331 0 0 0 0
332 0 0 0 0
333 0 0 0 0
334 0 0 0 0
335 0 0 0 0
336 0 0 0 0
337 0 0 0 0
338 0 0 0 0
339 0 0 0 0
340 0 0 0 0
341 0 0 0 0
342 0 0 0 0
343 0 0 0 0
344 0 0 0 0
345 0 0 0 0
346 0 0 0 0
347 0 0 0 0
348 0 0 0 0
349 0 0 0 0
350 0 0 0 0
351 0 0 0 0
352 0 0 0 0
353 0 0 0 0
354 0 0 0 0
355 0 0 0 0
356 0 0 0 0
357 0 0 0 0
358 0 0 0 0
359 0 0 0 0
360 0 0 0 0
361 0 0 0 0
362 0 0 0 0
363 0 0 0 0
364 0 0 0 0
365 0 0 0 0
366 0 0 0 0
367 0 0 0 0
368 0 0 0 0
369 0 0 0 0
370 0 0 0 0
371 0 0 0 0
372 0 0 0 0
373 0 0 0 0
374 0 0 0 0
375 0 0 0 0
376 0 0 0 0
377 0 0 0 0
378 0 0 0 0
379 0 0 0 0
380 0 0 0 0
381 0 0 0 0
382 0 0 0 0
383 0 0 0 0
384 0 0 0 0
385 0 0 0 0
386 0 0 0 0
387 0 0 0 0
388 0 0 0 0
389 0 0 0 0
390 0 0 0 0
391 0 0 0 0
392 0 0 0 0
393 0 0 0 0
394 0 0 0 0
395 0 0 0 0
396 0 0 0 0
397 0 0 0 0
398 0 0 0 0
399 0 0 0 0
400 0 0 0 0
401 0 0 0 0
402 0 0 0 0
403 0 0 0 0
404 0 0 0 0
405 0 0 0 0
406 0 0 0 0
407 0 0 0 0
408 0 0 0 0
409 0 0 0 0
410 0 0 0 0
411 0 0 0 0
412 0 0 0 0
413 0 0 0 0
414 0 0 0 0
415 0 0 0 0
416 0 0 0 0
417 0 0 0 0
418 0 0 0 0
419 0 0 0 0
420 0 0 0 0
421 0 0 0 0
422 0 0 0 0
423 0 0 0 0
424 0 0 0 0
425 0 0 0 0
426 0 0 0 0
427 0 0 0 0
428 0 0 0 0
429 0 0 0 0
430 0 0 0 0
431 0 0 0 0
432 0 0 0 0
433 0 0 0 0
434 0 0 0 0
435 0 0 0 0
436 0 0 0 0
437 0 0 0 0
438 0 0 0 0
439 0 0 0 0
440 0 0 0 0
441 0 0 0 0
442 0 0 0 0
443 0 0 0 0
444 0 0 0 0
445 0 0 0 0
446 0 0 0 0
447 0 0 0 0
448 0 0 0 0
449 0 0 0 0
450 0 0 0 0
451 0 0 0 0
452 0 0 0 0
453 0 0 0 0
454 0 0 0 0
455 0 0 0 0
456 0 0 0 0
457 0 0 0 0
458 0 0 0 0
459 0 0 0 0
460 0 0 0 0
461 0 0 0 0
462 0 0 0 0
463 0 0 0 0
464 0 0 0 0
465 0 0 0 0
466 0 0 0 0
467 0 0 0 0
468 0 0 0 0
469 0 0 0 0
470 0 0 0 0
471 0 0 0 0
472 0 0 0 0
473 0 0 0 0
474 0 0 0 0
475 0 0 0 0
476 0 0 0 0
477 0 0 0 0
478 0 0 0 0
479 0 0 0 0
480 0 0 0 0
481 0 0 0 0
482 0 0 0 0
483 0 0 0 0
484 0 0 0 0
485 0 0 0 0
486 0 0 0 0
487 0 0 0 0
488 0 0 0 0
489 0 0 0 0
490 0 0 0 0
491 0 0 0 0
492 0 0 0 0
493 0 0 0 0
494 0 0 0 0
495 0 0 0 0
496 0 0 0 0
497 0 0 0 0
498 0 0 0 0
499 0 0 0 0
500 0 0 0 0
501 0 0 0 0
502 0 0 0 0
503 0 0 0 0
504 0 0 0 0
505 0 0 0 0
506 0 0 0 0
507 0 0 0 0
508 0 0 0 0
509 0 0 0 0
510 0 0 0 0
511 0 0 0 0
512 0 0 0 0
513 0 0 0 0
514 0 0 0 0
515 0 0 0 0
516 0 0 0 0
517 0 0 0 0
518 0 0 0 0
519 0 0 0 0
520 0 0 0 0
521 0 0 0 0
522 0 0 0 0
523 0 0 0 0
524 0 0 0 0
525 0 0 0 0
526 0 0 0 0
527 0 0 0 0
528 0 0 0 0
529 0 0 0 0
530 0 0 0 0
531 0 0 0 0
532 0 0 0 0
533 0 0 0 0
534 0 0 0 0
535 0 0 0 0
536 0 0 0 0
537 0 0 0 0
538 0 0 0 0
539 0 0 0 0
540 0 0 0 0
541 0 0 0 0
542 0 0 0 0
543 0 0 0 0
544 0 0 0 0
545 0 0 0 0
546 0 0 0 0
547 0 0 0 0
548 0 0 0 0
549 0 0 0 0
550 0 0 0 0
551 0 0 0 0
552 0 0 0 0
553 0 0 0 0
554 0 0 0 0
555 0 0 0 0
556 0 0 0 0
557 0 0 0 0
558 0 0 0 0
559 0 0 0 0
560 0 0 0 0
561 0 0 0 0
562 0 0 0 0
563 0 0 0 0
564 0 0 0 0
565 0 0 0 0
566 0 0 0 0
567 0 0 0 0
568 0 0 0 0
569 0 0 0 0
570 0 0 0 0
571 0 0 0 0
572 0 0 0 0
573 0 0 0 0
574 0 0 0 0
575 0 0 0 0
576 0 0 0 0
577 0 0 0 0
578 0 0 0 0
579 0 0 0 0
580 0 0 0 0
581 0 0 0 0
582 0 0 0 0
583 0 0 0 0
584 0 0 0 0
585 0 0 0 0
586 0 0 0 0
587 0 0 0 0
588 0 0 0 0
589 0 0 0 0
590 0 0 0 0
591 0 0 0 0
592 0 0 0 0
593 0 0 0 0
594 0 0 0 0
595 0 0 0 0
596 0 0 0 0
597 0 0 0 0
598 0 0 0 0
599 0 0 0 0
600 0 0 0 0
601 0 0 0 0
602 0 0 0 0
603 0 0 0 0
604 0 0 0 0
605 0 0 0 0
606 0 0 0 0
607 0 0 0 0
608 0 0 0 0
609 0 0 0 0
610 0 0 0 0
611 0 0 0 0
612 0 0 0 0
613 0 0 0 0
614 0 0 0 0
615 0 0 0 0
616 0 0 0 0
617 0 0 0 0
618 0 0 0 0
619 0 0 0 0
620 0 0 0 0
621 0 0 0 0
622 0 0 0 0
623 0 0 0 0
624 0 0 0 0
625 0 0 0 0
626 0 0 0 0
627 0 0 0 0
628 0 0 0 0
629 0 0 0 0
630 0 0 0 0
631 0 0 0 0
632 0 0 0 0
633 0 0 0 0
634 0 0 0 0
635 0 0 0 0
636 0 0 0 0
637 0 0 0 0
638 0 0 0 0
639 0 0 0 0
640 0 0 0 0
641 0 0 0 0
642 0 0 0 0
643 0 0 0 0
644 0 0 0 0
645 0 0 0 0
646 0 0 0 0
647 0 0 0 0
648 0 0 0 0
649 0 0 0 0
650 0 0 0 0
651 0 0 0 0
652 0 0 0 0
653 0 0 0 0
654 0 0 0 0
655 0 0 0 0
656 0 0 0 0
657 0 0 0 0
658 0 0 0 0
659 0 0 0 0
660 0 0 0 0
661 0 0 0 0
662 0 0 0 0
663 0 0 0 0
664 0 0 0 0
665 0 0 0 0
666 0 0 0 0
667 0 0 0 0
668 0 0 0 0
669 0 0 0 0
670 0 0 0 0
671 0 0 0 0
672 0 0 0 0
673 0 0 0 0
674 0 0 0 0
675 0 0 0 0
676 0 0 0 0
677 0 0 0 0
678 0 0 0 0
679 0 0 0 0
680 0 0 0 0
681 0 0 0 0
682 0 0 0 0
683 0 0 0 0
684 0 0 0 0
685 0 0 0 0
686 0 0 0 0
687 0 0 0 0
688 0 0 0 0
689 0 0 0 0
690 0 0 0 0
691 0 0 0 0
692 0 0 0 0
693 0 0 0 0
694 0 0 0 0
695 0 0 0 0
696 0 0 0 0
697 0 0 0 0
698 0 0 0 0
699 0 0 0 0
700 0 0 0 0
701 0 0 0 0
702 0 0 0 0
703 0 0 0 0
704 0 0 0 0
705 0 0 0 0
706 0 0 0 0
707 0 0 0 0
708 0 0 0 0
709 0 0 0 0
710 0 0 0 0
711 0 0 0 0
712 0 0 0 0
713 0 0 0 0
714 0 0 0 0
715 0 0 0 0
716 0 0 0 0
717 0 0 0 0
718 0 0 0 0
719 0 0 0 0
720 0 0 0 0
721 0 0 0 0
722 0 0 0 0
723 0 0 0 0
724 0 0 0 0
725 0 0 0 0
726 0 0 0 0
727 0 0 0 0
