0 0 0 0 0
1 0 0 0 0
2 0 0 0 0
3 0 0 0 0
4 0 0 0 0
5 0 3 1 0
6 0 0 0 0
7 0 0 0 0
8 0 0 0 0
9 0 1 0 3
10 0 0 0 0
11 0 0 0 0
12 0 0 0 1
13 0 0 0 1
14 0 0 0 0
15 0 0 0 0
16 0 0 0 0
17 1 0 0 0
18 0 0 0 0
19 1 0 0 0
20 0 0 0 0
21 1 0 0 0
22 2 1 0 0
23 0 0 0 0
24 0 1 0 0
25 0 0 0 0
26 0 0 1 0
27 0 1 0 0
28 0 0 0 1
29 0 0 0 1
30 0 0 0 1
31 0 0 1 0
32 0 0 0 0
33 0 0 0 0
34 1 0 0 1
35 1 0 0 0
36 0 0 0 0
37 1 0 0 0
38 0 0 0 1
39 1 0 1 0
40 1 0 0 0
41 0 0 0 0
42 0 0 1 0
43 1 0 0 0
44 0 0 2 0
45 0 1 0 0
46 0 0 0 1
47 0 0 0 0
48 1 0 1 1
49 0 0 0 1
50 0 0 0 0
51 0 0 0 1
52 1 0 0 2
53 0 0 0 0
54 0 0 0 0
55 2 0 0 0
56 0 0 0 0
57 4 0 1 0
58 1 0 0 0
59 3 0 0 0
60 4 0 0 0
61 1 1 0 1
62 1 1 2 0
63 0 1 1 0
64 1 1 1 0
65 2 3 0 1
66 1 0 2 1
67 0 1 1 2
68 1 1 0 0
69 1 2 0 5
70 1 0 0 1
71 1 1 0 4
72 1 0 0 1
73 1 1 0 2
74 2 2 1 0
75 3 1 0 0
76 2 0 0 1
77 1 0 0 1
78 3 0 0 2
79 3 0 0 0
80 2 3 1 0
81 2 1 1 2
82 1 0 1 1
83 0 2 1 0
84 2 0 1 2
85 1 1 1 2
86 0 1 1 1
87 2 2 0 3
88 1 1 1 1
89 2 2 0 2
90 2 1 1 4
91 4 1 0 1
92 1 0 1 1
93 3 1 1 0
94 0 1 1 3
95 2 1 0 2
96 5 2 1 3
97 7 0 1 1
98 3 2 0 1
99 6 1 0 1
100 5 1 2 4
101 2 2 1 1
102 4 4 1 1
103 2 1 0 0
104 3 3 3 3
105 3 3 2 3
106 5 3 3 2
107 2 2 1 1
108 3 0 0 5
109 6 2 2 7
110 1 1 0 2
111 1 2 4 4
112 3 2 1 2
113 6 3 0 6
114 3 5 3 2
115 8 1 1 3
116 2 1 0 4
117 4 4 0 4
118 8 3 0 8
119 5 3 1 2
120 6 3 1 1
121 2 2 0 6
122 6 2 3 3
123 6 5 1 2
124 5 4 2 4
125 3 0 1 2
126 10 1 1 4
127 0 2 2 2
128 8 5 2 5
129 10 4 3 4
130 11 3 1 5
131 2 8 3 5
132 12 3 1 5
133 7 6 3 8
134 5 4 2 4
135 8 5 3 4
136 11 1 1 1
137 4 6 4 8
138 4 4 3 10
139 3 4 3 7
140 2 4 2 6
141 5 7 3 8
142 7 2 3 7
143 7 2 4 3
144 6 5 1 9
145 7 1 4 9
146 6 5 2 7
147 2 5 0 6
148 3 2 2 7
149 7 2 2 4
150 8 3 3 8
151 8 4 2 8
152 7 2 3 4
153 6 2 2 6
154 11 3 2 5
155 10 4 3 4
156 5 5 0 2
157 10 4 3 6
158 7 4 0 6
159 13 7 3 9
160 10 4 8 4
161 7 3 3 5
162 7 6 6 4
163 9 6 1 9
164 6 7 2 8
165 6 2 6 4
166 9 5 2 11
167 7 6 4 12
168 7 6 6 6
169 6 4 5 10
170 9 4 1 9
171 8 4 0 10
172 7 3 4 12
173 9 3 3 8
174 6 5 2 9
175 14 9 5 4
176 11 4 4 5
177 15 3 2 3
178 15 7 2 7
179 13 3 3 15
180 11 7 6 9
181 15 5 5 9
182 6 8 5 6
183 15 6 5 6
184 15 5 9 6
185 12 3 7 10
186 4 13 6 12
187 10 6 3 16
188 13 5 4 13
189 9 8 7 10
190 13 6 3 14
191 8 1 3 8
192 12 11 5 7
193 9 5 4 17
194 10 7 6 12
195 11 5 7 6
196 17 5 3 12
197 10 7 6 10
198 16 5 0 12
199 17 1 8 18
200 9 5 4 8
201 13 7 7 16
202 16 4 7 4
203 9 8 4 5
204 10 10 9 9
205 4 7 8 14
206 10 9 2 9
207 8 10 9 13
208 5 2 8 11
209 8 4 4 15
210 8 5 5 14
211 10 5 4 22
212 5 7 3 13
213 7 6 2 7
214 7 2 3 12
215 6 7 4 7
216 5 6 2 14
217 10 3 5 10
218 9 5 5 7
219 10 4 2 9
220 5 2 2 8
221 9 4 0 7
222 9 2 3 9
223 9 4 3 6
224 11 8 2 4
225 9 3 3 7
226 6 9 3 8
227 8 5 5 9
228 9 5 2 8
229 6 2 2 6
230 4 3 4 4
231 2 5 3 11
232 5 7 4 5
233 5 8 4 10
234 4 5 2 8
235 2 2 3 5
236 5 2 2 8
237 0 5 4 5
238 4 5 2 11
239 2 2 2 9
240 1 1 1 10
241 3 3 2 7
242 4 0 1 6
243 3 2 1 3
244 2 0 1 6
245 3 0 2 6
246 2 1 0 2
247 5 3 1 1
248 1 2 2 4
249 3 3 0 1
250 5 2 1 3
251 2 2 2 1
252 4 1 2 2
253 2 1 0 3
254 3 2 1 3
255 3 0 1 5
256 0 3 0 2
257 3 1 0 3
258 0 2 2 3
259 2 7 1 3
260 1 1 1 3
261 0 2 1 3
262 1 3 0 3
263 1 0 0 4
264 2 2 0 1
265 1 0 0 3
266 1 0 1 6
267 0 0 1 1
268 2 1 2 3
269 0 1 0 2
270 2 1 0 0
271 1 0 1 1
272 2 0 0 1
273 1 2 1 1
274 1 0 0 0
275 0 0 1 3
276 1 1 0 1
277 2 1 0 3
278 0 1 0 0
279 2 0 1 0
280 3 0 0 2
281 0 1 1 1
282 1 1 0 2
283 1 1 0 1
284 2 1 1 0
285 3 0 3 0
286 2 0 1 1
287 1 1 0 1
288 1 0 1 2
289 0 1 1 2
290 0 1 1 1
291 0 1 0 3
292 1 0 0 2
293 2 1 0 1
294 1 0 0 1
295 1 1 1 2
296 0 1 0 0
297 0 0 1 1
298 0 1 0 0
299 0 0 0 0
300 0 1 0 2
301 0 1 0 1
302 1 0 1 2
303 1 0 1 0
304 1 0 0 1
305 2 0 0 1
306 1 0 0 1
307 1 0 0 2
308 0 1 0 0
309 0 0 0 0
310 1 0 1 0
311 0 1 0 0
312 0 0 0 1
313 0 1 0 0
314 0 1 0 0
315 0 1 1 1
316 0 1 0 0
317 0 0 0 2
318 0 0 0 1
319 0 0 0 1
320 0 0 0 1
321 0 0 0 0
322 0 0 0 0
323 0 0 0 1
324 0 0 0 0
325 0 0 0 0
326 0 0 0 0
327 0 0 0 0
328 0 0 0 0
329 0 0 0 0
330 0 0 0 0
331 0 0 0 0
332 0 0 0 0
333 0 0 0 0
334 0 0 0 0
335 0 0 0 0
336 0 0 0 0
337 0 0 0 0
338 0 0 0 0
339 0 0 0 0
340 1 0 0 0
341 0 0 0 0
342 1 0 0 0
343 0 0 0 0
344 0 0 0 0
345 0 0 0 0
346 0 0 0 0
347 0 0 0 0
348 0 0 0 0
349 0 0 2 0
350 0 0 0 0
351 0 0 0 0
352 0 0 0 0
353 0 0 0 2
354 0 0 0 0
355 0 0 0 0
356 0 0 0 0
357 0 0 0 0
358 0 0 0 0
359 0 0 0 0
360 0 0 0 0
361 0 0 0 0
362 0 0 0 0
363 0 0 0 0
364 0 0 0 0
365 0 0 0 0
366 0 0 0 0
367 0 0 0 0
368 0 0 0 0
369 0 0 0 0
370 0 0 0 0
371 0 0 0 0
372 0 0 0 0
373 0 0 0 0
374 0 0 0 0
375 0 0 0 0
376 0 0 0 0
377 0 0 0 0
378 0 0 0 0
379 0 0 0 0
380 0 0 0 0
381 0 0 0 0
382 0 0 0 0
383 0 0 0 0
384 0 0 0 0
385 0 0 0 0
386 0 0 0 0
387 0 0 0 0
388 0 0 0 0
389 0 0 0 0
390 0 0 0 0
391 0 0 0 0
392 0 0 0 0
393 0 0 0 0
394 0 0 0 0
395 0 0 0 0
396 0 0 0 0
397 0 0 0 0
398 0 0 0 0
399 0 0 0 0
400 0 0 0 0
401 0 0 0 0
402 0 0 0 0
403 0 0 0 0
404 0 0 0 0
405 0 0 0 0
406 0 0 0 0
407 0 0 0 0
408 0 0 0 0
409 0 0 0 0
410 0 0 0 0
411 0 0 0 0
412 0 0 0 0
413 0 0 0 0
414 0 0 0 0
415 0 0 0 0
416 0 0 0 0
417 0 0 0 0
418 0 0 0 0
419 0 0 0 0
420 0 0 0 0
421 0 0 0 0
422 0 0 0 0
423 0 0 0 0
424 0 0 0 0
425 0 0 0 0
426 0 0 0 0
427 0 0 0 0
428 0 0 0 0
429 0 0 0 0
430 0 0 0 0
431 0 0 0 0
432 0 0 0 0
433 0 0 0 0
434 0 0 0 0
435 0 0 0 0
436 0 0 0 0
437 0 0 0 0
438 0 0 0 0
439 0 0 0 0
440 0 0 0 0
441 0 0 0 0
442 0 0 0 0
443 0 0 0 0
444 0 0 0 0
445 0 0 0 0
446 0 0 0 0
447 0 0 0 0
448 0 0 0 0
449 0 0 0 0
450 0 0 0 0
451 0 0 0 0
452 0 0 0 0
453 0 0 0 0
454 0 0 0 0
455 0 0 0 0
456 0 0 0 0
457 0 0 0 0
458 0 0 0 0
459 0 0 0 0
460 0 0 0 0
461 0 0 0 0
462 0 0 0 0
463 0 0 0 0
464 0 0 0 0
465 0 0 0 0
466 0 0 0 0
467 0 0 0 0
468 0 0 0 0
469 0 0 0 0
470 0 0 0 0
471 0 0 0 0
472 0 0 0 0
473 0 0 0 0
474 0 0 0 0
475 0 0 0 0
476 0 0 0 0
477 0 0 0 0
478 0 0 0 0
479 0 0 0 0
480 0 0 0 0
481 0 0 0 0
482 0 0 0 0
483 0 0 0 0
484 0 0 0 0
485 0 0 0 0
486 0 0 0 0
487 0 0 0 0
488 0 0 0 0
489 0 0 0 0
490 0 0 0 0
491 0 0 0 0
492 0 0 0 0
493 0 0 0 0
494 0 0 0 0
495 0 0 0 0
496 0 0 0 0
497 0 0 0 0
498 0 0 0 0
499 0 0 0 0
500 0 0 0 0
501 0 0 0 0
502 0 0 0 0
503 0 0 0 0
504 0 0 0 0
505 0 0 0 0
506 0 0 0 0
507 0 0 0 0
508 0 0 0 0
509 0 0 0 0
510 0 0 0 0
511 0 0 0 0
512 0 0 0 0
513 0 0 0 0
514 0 0 0 0
515 0 0 0 0
516 0 0 0 0
517 0 0 0 0
518 0 0 0 0
519 0 0 0 0
520 0 0 0 0
521 0 0 0 0
522 0 0 0 0
523 0 0 0 0
524 0 0 0 0
525 0 0 0 0
526 0 0 0 0
527 0 0 0 0
528 0 0 0 0
529 0 0 0 0
530 0 0 0 0
531 0 0 0 0
532 0 0 0 0
533 0 0 0 0
534 0 0 0 0
535 0 0 0 0
536 0 0 0 0
537 0 0 0 0
538 0 0 0 0
539 0 0 0 0
540 0 0 0 0
541 0 0 0 0
542 0 0 0 0
543 0 0 0 0
544 0 0 0 0
545 0 0 0 0
546 0 0 0 0
547 0 0 0 0
548 0 0 0 0
549 0 0 0 0
550 0 0 0 0
551 0 0 0 0
552 0 0 0 0
553 0 0 0 0
554 0 0 0 0
555 0 0 0 0
556 0 0 0 0
557 0 0 0 0
558 0 0 0 0
559 0 0 0 0
560 0 0 0 0
561 0 0 0 0
562 0 0 0 0
563 0 0 0 0
564 0 0 0 0
565 0 0 0 0
566 0 0 0 0
567 0 0 0 0
568 0 0 0 0
569 0 0 0 0
570 0 0 0 0
571 0 0 0 0
572 0 0 0 0
573 0 0 0 0
574 0 0 0 0
575 0 0 0 0
576 0 0 0 0
577 0 0 0 0
578 0 0 0 0
579 0 0 0 0
580 0 0 0 0
581 0 0 0 0
582 0 0 0 0
583 0 0 0 0
584 0 0 0 0
585 0 0 0 0
586 0 0 0 0
587 0 0 0 0
588 0 0 0 0
589 0 0 0 0
590 0 0 0 0
591 0 0 0 0
592 0 0 0 0
593 0 0 0 0
594 0 0 0 0
595 0 0 0 0
596 0 0 0 0
597 0 0 0 0
598 0 0 0 0
599 0 0 0 0
600 0 0 0 0
601 0 0 0 0
602 0 0 0 0
603 0 0 0 0
604 0 0 0 0
605 0 0 0 0
606 0 0 0 0
607 0 0 0 0
608 0 0 0 0
609 0 0 0 0
610 0 0 0 0
611 0 0 0 0
612 0 0 0 0
613 0 0 0 0
614 0 0 0 0
615 0 0 0 0
616 0 0 0 0
617 0 0 0 0
618 0 0 0 0
619 0 0 0 0
620 0 0 0 0
621 0 0 0 0
622 0 0 0 0
623 0 0 0 0
624 0 0 0 0
625 0 0 0 0
626 0 0 0 0
627 0 0 0 0
628 0 0 0 0
629 0 0 0 0
630 0 0 0 0
631 0 0 0 0
632 0 0 0 0
633 0 0 0 0
634 0 0 0 0
635 0 0 0 0
636 0 0 0 0
637 0 0 0 0
638 0 0 0 0
639 0 0 0 0
640 0 0 0 0
641 0 0 0 0
642 0 0 0 0
643 0 0 0 0
644 0 0 0 0
645 0 0 0 0
646 0 0 0 0
647 0 0 0 0
648 0 0 0 0
649 0 0 0 0
650 0 0 0 0
651 0 0 0 0
652 0 0 0 0
653 0 0 0 0
654 0 0 0 0
655 0 0 0 0
656 0 0 0 0
657 0 0 0 0
658 0 0 0 0
659 0 0 0 0
660 0 0 0 0
661 0 0 0 0
662 0 0 0 0
663 0 0 0 0
664 0 0 0 0
665 0 0 0 0
666 0 0 0 0
667 0 0 0 0
668 0 0 0 0
669 0 0 0 0
670 0 0 0 0
671 0 0 0 0
672 0 0 0 0
673 0 0 0 0
674 0 0 0 0
675 0 0 0 0
676 0 0 0 0
677 0 0 0 0
678 0 0 0 0
679 0 0 0 0
680 0 0 0 0
681 0 0 0 0
682 0 0 0 0
683 0 0 0 0
684 0 0 0 0
685 0 0 0 0
686 0 0 0 0
687 0 0 0 0
688 0 0 0 0
689 0 0 0 0
690 0 0 0 0
691 0 0 0 0
692 0 0 0 0
693 0 0 0 0
694 0 0 0 0
695 0 0 0 0
696 0 0 0 0
697 0 0 0 0
698 0 0 0 0
699 0 0 0 0
700 0 0 0 0
701 0 0 0 0
702 0 0 0 0
703 0 0 0 0
704 0 0 0 0
705 0 0 0 0
706 0 0 0 0
707 0 0 0 0
708 0 0 0 0
709 0 0 0 0
710 0 0 0 0
711 0 0 0 0
712 0 0 0 0
713 0 0 0 0
714 0 0 0 0
715 0 0 0 0
716 0 0 0 0
717 0 0 0 0
718 0 0 0 0
719 0 0 0 0
720 0 0 0 0
721 0 0 0 0
722 0 0 0 0
723 0 0 0 0
724 0 0 0 0
725 0 0 0 0
726 0 0 0 0
727 0 0 0 0
