0 0 0 0 0
1 0 0 0 0
2 0 0 0 0
3 0 0 0 0
4 0 0 0 0
5 0 1 1 0
6 0 0 1 0
7 0 0 0 0
8 0 0 0 0
9 0 0 2 1
10 0 0 0 0
11 0 0 0 0
12 0 0 0 1
13 0 0 0 2
14 0 0 0 0
15 0 0 0 0
16 1 0 0 1
17 0 0 0 0
18 1 0 0 0
19 0 0 0 0
20 0 0 0 0
21 1 0 0 0
22 1 0 0 0
23 0 0 1 0
24 2 0 0 0
25 1 1 0 0
26 3 0 0 0
27 3 1 0 1
28 3 0 0 0
29 1 2 0 0
30 3 0 0 0
31 0 2 1 1
32 2 0 0 1
33 1 0 1 0
34 2 0 1 0
35 0 3 1 2
36 0 1 2 2
37 1 0 3 0
38 0 0 2 1
39 0 1 0 3
40 1 0 0 3
41 0 1 0 3
42 2 0 1 3
43 2 0 0 1
44 1 0 0 0
45 1 1 0 2
46 1 1 0 1
47 2 1 1 0
48 2 0 1 0
49 4 1 0 1
50 3 0 0 1
51 0 0 1 1
52 2 0 1 2
53 5 1 1 0
54 6 2 3 1
55 4 0 2 1
56 4 2 0 1
57 4 1 0 0
58 4 1 2 2
59 3 5 0 1
60 5 2 1 4
61 2 1 0 3
62 4 2 0 3
63 2 1 4 2
64 2 4 1 1
65 4 3 3 3
66 2 4 0 4
67 5 1 4 5
68 2 3 0 3
69 2 3 0 6
70 2 1 0 3
71 2 3 0 5
72 4 2 1 3
73 3 1 2 5
74 3 3 1 3
75 7 1 0 5
76 1 1 2 4
77 2 2 0 0
78 3 1 0 1
79 4 1 0 1
80 4 3 3 4
81 2 2 1 4
82 4 4 1 1
83 5 3 3 3
84 2 3 1 4
85 3 1 2 3
86 5 0 2 1
87 3 1 1 5
88 3 4 2 5
89 3 3 0 5
90 2 0 1 2
91 2 3 2 1
92 3 2 2 7
93 4 2 0 3
94 5 0 3 2
95 6 1 2 4
96 5 0 0 4
97 3 0 2 0
98 9 3 2 4
99 6 1 2 3
100 3 5 2 2
101 12 0 4 2
102 8 1 1 7
103 6 3 2 1
104 9 2 3 5
105 9 2 3 2
106 10 6 4 2
107 12 7 3 5
108 10 4 4 8
109 7 3 2 5
110 8 3 3 4
111 8 5 3 5
112 6 5 3 7
113 7 7 6 11
114 10 8 2 10
115 9 8 4 6
116 11 6 4 4
117 11 4 4 8
118 11 3 4 16
119 7 4 2 12
120 7 7 3 10
121 8 4 3 5
122 7 6 1 6
123 5 8 5 12
124 9 4 4 11
125 12 8 4 10
126 14 8 3 6
127 13 0 6 10
128 11 1 1 6
129 12 3 2 11
130 13 6 4 12
131 11 7 4 5
132 24 4 7 4
133 16 5 5 8
134 18 10 4 11
135 13 3 11 6
136 17 9 4 11
137 18 16 6 10
138 16 5 8 16
139 15 5 6 11
140 11 10 4 12
141 12 11 5 15
142 17 12 5 13
143 22 12 6 9
144 14 11 5 16
145 11 6 8 14
146 17 8 5 18
147 13 13 4 14
148 13 6 11 20
149 17 8 5 17
150 20 7 5 15
151 25 10 6 15
152 15 13 6 16
153 16 10 4 15
154 15 10 3 12
155 21 12 9 17
156 12 11 8 13
157 18 6 6 10
158 25 11 6 19
159 27 12 5 24
160 22 9 9 16
161 20 7 4 5
162 27 9 9 23
163 24 12 11 21
164 19 15 12 19
165 20 13 12 8
166 21 11 7 18
167 30 14 12 16
168 20 14 13 19
169 28 8 8 23
170 33 17 9 24
171 25 9 11 31
172 20 13 10 23
173 16 16 7 18
174 23 13 10 25
175 19 21 13 25
176 28 22 8 19
177 18 13 8 19
178 35 12 7 20
179 26 18 6 30
180 33 12 9 31
181 27 11 12 25
182 27 10 12 24
183 33 13 17 27
184 31 15 8 23
185 37 16 9 25
186 32 15 7 20
187 34 16 10 25
188 36 26 8 19
189 35 22 14 21
190 26 19 7 28
191 33 25 7 23
192 35 16 17 27
193 40 17 13 31
194 38 24 19 30
195 35 15 12 30
196 38 23 8 34
197 22 24 11 20
198 28 21 11 45
199 39 25 8 34
200 24 27 13 37
201 36 27 14 36
202 26 17 15 24
203 18 15 12 31
204 15 22 9 36
205 23 13 13 35
206 17 18 13 33
207 22 18 12 31
208 17 21 11 34
209 19 10 10 36
210 15 13 15 36
211 19 12 4 38
212 17 11 7 26
213 20 10 6 17
214 19 10 6 27
215 15 10 10 20
216 27 12 6 22
217 13 11 3 18
218 12 16 7 14
219 10 9 6 19
220 9 13 4 20
221 13 17 16 16
222 9 4 14 27
223 9 11 11 15
224 6 9 3 13
225 7 6 7 21
226 4 7 6 19
227 8 3 3 24
228 7 7 2 19
229 6 5 2 16
230 9 3 6 13
231 4 7 1 9
232 7 2 4 12
233 7 4 2 14
234 9 6 1 10
235 6 5 5 4
236 5 7 1 8
237 7 5 3 7
238 10 4 3 9
239 9 5 4 8
240 4 4 1 6
241 7 2 2 9
242 3 4 4 10
243 5 3 2 11
244 2 4 3 4
245 2 4 3 3
246 3 3 2 8
247 3 6 4 6
248 1 3 3 6
249 3 1 1 3
250 6 4 1 6
251 3 1 1 8
252 3 3 2 11
253 2 1 1 2
254 1 2 2 7
255 1 4 1 4
256 0 1 2 5
257 0 2 0 4
258 3 0 2 4
259 3 1 1 4
260 3 1 0 3
261 5 1 0 0
262 3 0 1 2
263 2 1 2 3
264 2 0 1 3
265 2 0 0 2
266 1 2 1 2
267 3 1 3 1
268 1 1 4 1
269 2 1 1 0
270 1 2 3 4
271 4 1 0 4
272 3 0 1 1
273 1 1 2 2
274 0 1 0 3
275 1 0 0 5
276 1 5 0 2
277 2 1 1 5
278 0 0 0 1
279 0 0 0 0
280 3 2 2 4
281 1 0 2 1
282 0 2 0 0
283 2 0 0 2
284 0 0 0 2
285 1 0 0 2
286 0 1 1 1
287 1 0 0 3
288 1 0 0 0
289 3 1 2 1
290 2 1 0 0
291 1 0 0 0
292 0 2 1 0
293 0 1 0 5
294 1 1 0 1
295 0 1 0 0
296 0 0 0 1
297 0 0 0 1
298 1 2 0 1
299 0 1 1 2
300 0 1 0 1
301 0 0 0 0
302 0 0 0 1
303 0 1 0 1
304 0 0 0 0
305 0 0 0 0
306 1 0 0 2
307 0 0 0 1
308 0 0 0 0
309 0 0 0 0
310 0 0 0 1
311 1 0 0 0
312 0 0 0 0
313 1 0 0 0
314 1 0 0 0
315 0 1 0 0
316 0 0 1 0
317 0 0 0 0
318 0 0 0 0
319 1 1 0 0
320 0 0 0 0
321 1 0 0 0
322 1 0 1 1
323 0 0 0 2
324 1 0 0 0
325 0 0 0 0
326 0 1 1 1
327 1 0 0 0
328 0 0 0 0
329 0 0 1 0
330 0 0 0 0
331 0 0 1 0
332 0 1 0 0
333 0 0 0 2
334 0 0 0 0
335 0 0 0 0
336 0 0 0 1
337 1 0 0 0
338 1 0 0 1
339 0 0 0 1
340 0 0 0 0
341 0 0 0 0
342 1 0 0 0
343 0 0 0 0
344 0 0 0 0
345 0 0 0 0
346 0 1 0 0
347 0 0 2 0
348 0 0 0 0
349 0 0 0 0
350 0 0 0 1
351 0 0 0 1
352 0 0 0 0
353 1 0 0 0
354 0 0 0 1
355 0 0 0 0
356 0 0 0 0
357 0 0 0 0
358 0 0 1 0
359 0 0 0 0
360 0 0 0 0
361 0 0 0 0
362 0 0 0 1
363 0 0 0 0
364 0 0 0 0
365 0 0 0 0
366 0 0 0 0
367 0 0 0 0
368 0 0 0 0
369 0 0 0 0
370 0 0 0 0
371 0 0 0 0
372 0 0 0 0
373 0 0 0 0
374 0 0 0 0
375 0 0 0 0
376 0 0 0 0
377 0 0 0 0
378 0 0 0 0
379 0 0 0 0
380 0 0 0 0
381 0 0 0 0
382 0 0 0 0
383 0 0 0 0
384 0 0 0 0
385 0 0 0 0
386 0 0 0 0
387 0 0 0 0
388 0 0 0 0
389 0 0 0 0
390 0 0 0 0
391 0 0 0 0
392 0 0 0 0
393 0 0 0 0
394 0 0 0 0
395 0 0 0 0
396 0 0 0 0
397 0 0 0 0
398 0 0 0 0
399 0 0 0 0
400 0 0 0 0
401 0 0 0 0
402 0 0 0 0
403 0 0 0 0
404 0 0 0 0
405 0 0 0 0
406 0 0 0 0
407 0 0 0 0
408 0 0 0 0
409 0 0 0 0
410 0 0 0 0
411 0 0 0 0
412 0 0 0 0
413 0 0 0 0
414 0 0 0 0
415 0 0 0 0
416 0 0 0 0
417 0 0 0 0
418 0 0 0 0
419 0 0 0 0
420 0 0 0 0
421 0 0 0 0
422 0 0 0 0
423 0 0 0 0
424 0 0 0 0
425 0 0 0 0
426 0 0 0 0
427 0 0 0 0
428 0 0 0 0
429 0 0 0 0
430 0 0 0 0
431 0 0 0 0
432 0 0 0 0
433 0 0 0 0
434 0 0 0 0
435 0 0 0 0
436 0 0 0 0
437 0 0 0 0
438 0 0 0 0
439 0 0 0 0
440 0 0 0 0
441 0 0 0 0
442 0 0 0 0
443 0 0 0 0
444 0 0 0 0
445 0 0 0 0
446 0 0 0 0
447 0 0 0 0
448 0 0 0 0
449 0 0 0 0
450 0 0 0 0
451 0 0 0 0
452 0 0 0 0
453 0 0 0 0
454 0 0 0 0
455 0 0 0 0
456 0 0 0 0
457 0 0 0 0
458 0 0 0 0
459 0 0 0 0
460 0 0 0 0
461 0 0 0 0
462 0 0 0 0
463 0 0 0 0
464 0 0 0 0
465 0 0 0 0
466 0 0 0 0
467 0 0 0 0
468 0 0 0 0
469 0 0 0 0
470 0 0 0 0
471 0 0 0 0
472 0 0 0 0
473 0 0 0 0
474 0 0 0 0
475 0 0 0 0
476 0 0 0 0
477 0 0 0 0
478 0 0 0 0
479 0 0 0 0
480 0 0 0 0
481 0 0 0 0
482 0 0 0 0
483 0 0 0 0
484 0 0 0 0
485 0 0 0 0
486 0 0 0 0
487 0 0 0 0
488 0 0 0 0
489 0 0 0 0
490 0 0 0 0
491 0 0 0 0
492 0 0 0 0
493 0 0 0 0
494 0 0 0 0
495 0 0 0 0
496 0 0 0 0
497 0 0 0 0
498 0 0 0 0
499 0 0 0 0
500 0 0 0 0
501 0 0 0 0
502 0 0 0 0
503 0 0 0 0
504 0 0 0 0
505 0 0 0 0
506 0 0 0 0
507 0 0 0 0
508 0 0 0 0
509 0 0 0 0
510 0 0 0 0
511 0 0 0 0
512 0 0 0 0
513 0 0 0 0
514 0 0 0 0
515 0 0 0 0
516 0 0 0 0
517 0 0 0 0
518 0 0 0 0
519 0 0 0 0
520 0 0 0 0
521 0 0 0 0
522 0 0 0 0
523 0 0 0 0
524 0 0 0 0
525 0 0 0 0
526 0 0 0 0
527 0 0 0 0
528 0 0 0 0
529 0 0 0 0
530 0 0 0 0
531 0 0 0 0
532 0 0 0 0
533 0 0 0 0
534 0 0 0 0
535 0 0 0 0
536 0 0 0 0
537 0 0 0 0
538 0 0 0 0
539 0 0 0 0
540 0 0 0 0
541 0 0 0 0
542 0 0 0 0
543 0 0 0 0
544 0 0 0 0
545 0 0 0 0
546 0 0 0 0
547 0 0 0 0
548 0 0 0 0
549 0 0 0 0
550 0 0 0 0
551 0 0 0 0
552 0 0 0 0
553 0 0 0 0
554 0 0 0 0
555 0 0 0 0
556 0 0 0 0
557 0 0 0 0
558 0 0 0 0
559 0 0 0 0
560 0 0 0 0
561 0 0 0 0
562 0 0 0 0
563 0 0 0 0
564 0 0 0 0
565 0 0 0 0
566 0 0 0 0
567 0 0 0 0
568 0 0 0 0
569 0 0 0 0
570 0 0 0 0
571 0 0 0 0
572 0 0 0 0
573 0 0 0 0
574 0 0 0 0
575 0 0 0 0
576 0 0 0 0
577 0 0 0 0
578 0 0 0 0
579 0 0 0 0
580 0 0 0 0
581 0 0 0 0
582 0 0 0 0
583 0 0 0 0
584 0 0 0 0
585 0 0 0 0
586 0 0 0 0
587 0 0 0 0
588 0 0 0 0
589 0 0 0 0
590 0 0 0 0
591 0 0 0 0
592 0 0 0 0
593 0 0 0 0
594 0 0 0 0
595 0 0 0 0
596 0 0 0 0
597 0 0 0 0
598 0 0 0 0
599 0 0 0 0
600 0 0 0 0
601 0 0 0 0
602 0 0 0 0
603 0 0 0 0
604 0 0 0 0
605 0 0 0 0
606 0 0 0 0
607 0 0 0 0
608 0 0 0 0
609 0 0 0 0
610 0 0 0 0
611 0 0 0 0
612 0 0 0 0
613 0 0 0 0
614 0 0 0 0
615 0 0 0 0
616 0 0 0 0
617 0 0 0 0
618 0 0 0 0
619 0 0 0 0
620 0 0 0 0
621 0 0 0 0
622 0 0 0 0
623 0 0 0 0
624 0 0 0 0
625 0 0 0 0
626 0 0 0 0
627 0 0 0 0
628 0 0 0 0
629 0 0 0 0
630 0 0 0 0
631 0 0 0 0
632 0 0 0 0
633 0 0 0 0
634 0 0 0 0
635 0 0 0 0
636 0 0 0 0
637 0 0 0 0
638 0 0 0 0
639 0 0 0 0
640 0 0 0 0
641 0 0 0 0
642 0 0 0 0
643 0 0 0 0
644 0 0 0 0
645 0 0 0 0
646 0 0 0 0
647 0 0 0 0
648 0 0 0 0
649 0 0 0 0
650 0 0 0 0
651 0 0 0 0
652 0 0 0 0
653 0 0 0 0
654 0 0 0 0
655 0 0 0 0
656 0 0 0 0
657 0 0 0 0
658 0 0 0 0
659 0 0 0 0
660 0 0 0 0
661 0 0 0 0
662 0 0 0 0
663 0 0 0 0
664 0 0 0 0
665 0 0 0 0
666 0 0 0 0
667 0 0 0 0
668 0 0 0 0
669 0 0 0 0
670 0 0 0 0
671 0 0 0 0
672 0 0 0 0
673 0 0 0 0
674 0 0 0 0
675 0 0 0 0
676 0 0 0 0
677 0 0 0 0
678 0 0 0 0
679 0 0 0 0
680 0 0 0 0
681 0 0 0 0
682 0 0 0 0
683 0 0 0 0
684 0 0 0 0
685 0 0 0 0
686 0 0 0 0
687 0 0 0 0
688 0 0 0 0
689 0 0 0 0
690 0 0 0 0
691 0 0 0 0
692 0 0 0 0
693 0 0 0 0
694 0 0 0 0
695 0 0 0 0
696 0 0 0 0
697 0 0 0 0
698 0 0 0 0
699 0 0 0 0
700 0 0 0 0
701 0 0 0 0
702 0 0 0 0
703 0 0 0 0
704 0 0 0 0
705 0 0 0 0
706 0 0 0 0
707 0 0 0 0
708 0 0 0 0
709 0 0 0 0
710 0 0 0 0
711 0 0 0 0
712 0 0 0 0
713 0 0 0 0
714 0 0 0 0
715 0 0 0 0
716 0 0 0 0
717 0 0 0 0
718 0 0 0 0
719 0 0 0 0
720 0 0 0 0
721 0 0 0 0
722 0 0 0 0
723 0 0 0 0
724 0 0 0 0
725 0 0 0 0
726 0 0 0 0
727 0 0 0 0
