0 0 0 0 0
1 0 0 0 0
2 0 0 0 0
3 0 0 0 0
4 0 0 0 0
5 0 1 1 0
6 0 0 0 0
7 0 0 0 0
8 0 0 0 0
9 0 0 3 0
10 0 0 0 1
11 0 0 0 0
12 0 0 0 1
13 0 0 0 2
14 0 0 0 0
15 0 0 0 0
16 0 0 0 1
17 0 0 0 0
18 0 0 0 0
19 0 0 0 0
20 1 0 0 0
21 2 0 0 0
22 0 0 0 0
23 1 0 0 0
24 1 0 0 0
25 1 0 0 0
26 0 2 0 0
27 0 0 0 0
28 1 0 0 0
29 0 1 0 0
30 0 1 0 0
31 1 0 0 0
32 1 1 0 0
33 0 1 0 2
34 0 0 0 1
35 0 0 0 0
36 0 0 1 2
37 0 1 1 1
38 0 0 0 0
39 0 0 0 0
40 0 0 0 0
41 0 0 0 1
42 0 0 0 0
43 0 0 0 1
44 0 0 0 1
45 2 0 0 0
46 0 0 0 0
47 0 0 0 0
48 0 0 0 0
49 0 0 0 0
50 2 0 1 0
51 1 0 0 0
52 0 0 0 0
53 0 0 0 0
54 1 0 1 1
55 0 0 1 0
56 1 1 0 0
57 0 0 0 0
58 0 0 0 1
59 1 1 1 1
60 1 0 0 0
61 0 0 0 0
62 1 0 0 0
63 0 0 0 3
64 0 0 1 0
65 0 1 0 0
66 1 0 0 0
67 0 0 1 0
68 0 0 0 0
69 0 1 0 1
70 0 0 0 0
71 0 0 1 1
72 1 0 0 0
73 0 0 0 0
74 2 0 0 1
75 0 0 0 0
76 0 0 0 1
77 1 0 0 0
78 1 0 0 1
79 0 0 1 0
80 1 0 0 0
81 0 0 1 0
82 1 0 0 0
83 1 2 0 0
84 0 0 0 0
85 2 0 0 1
86 1 1 0 1
87 0 1 0 1
88 1 0 0 0
89 2 0 1 0
90 4 1 0 1
91 1 0 0 1
92 1 0 1 0
93 0 0 0 2
94 2 1 0 1
95 1 2 3 0
96 0 1 0 0
97 0 1 0 0
98 1 0 1 1
99 1 2 0 4
100 0 0 0 1
101 1 0 1 0
102 1 0 0 2
103 0 0 1 1
104 0 0 2 1
105 1 0 0 1
106 1 1 0 1
107 3 0 1 1
108 2 0 0 1
109 0 0 0 0
110 1 0 0 0
111 0 1 0 3
112 1 2 0 0
113 0 1 1 1
114 0 1 0 0
115 4 1 0 1
116 2 1 0 0
117 0 0 0 1
118 1 0 0 1
119 1 0 1 3
120 2 1 1 2
121 0 3 0 0
122 3 0 0 0
123 2 0 1 1
124 1 1 1 2
125 3 2 0 2
126 0 1 0 0
127 0 1 0 0
128 1 0 1 2
129 1 1 0 1
130 1 1 0 2
131 0 1 1 1
132 1 0 1 2
133 0 0 1 1
134 1 3 0 1
135 0 1 0 1
136 2 0 0 0
137 2 0 0 1
138 2 0 0 2
139 1 1 0 3
140 1 0 0 1
141 1 2 0 1
142 1 1 0 0
143 1 1 0 0
144 3 0 0 0
145 3 1 0 1
146 2 1 1 1
147 2 2 0 1
148 3 1 1 1
149 2 4 0 2
150 1 1 1 0
151 0 1 1 2
152 4 0 2 0
153 2 1 0 2
154 2 2 1 2
155 1 1 0 5
156 0 0 0 4
157 2 3 2 1
158 2 1 0 2
159 2 2 0 2
160 5 0 1 0
161 1 1 0 3
162 0 0 2 0
163 4 0 0 2
164 3 0 1 3
165 4 2 2 2
166 4 0 2 1
167 1 0 1 1
168 2 2 2 1
169 6 1 1 3
170 3 1 1 1
171 2 0 2 0
172 4 2 0 4
173 3 2 1 3
174 3 1 6 2
175 1 3 0 1
176 1 2 0 1
177 2 3 0 3
178 2 2 1 5
179 3 3 0 5
180 5 1 2 3
181 3 2 1 5
182 3 1 0 3
183 3 3 0 2
184 3 0 0 3
185 3 3 0 2
186 2 1 1 1
187 3 1 1 4
188 4 2 3 1
189 2 3 1 1
190 3 3 1 3
191 2 1 2 2
192 4 2 0 6
193 5 4 0 1
194 9 0 2 4
195 1 4 0 3
196 6 0 3 4
197 2 2 2 2
198 5 0 2 3
199 3 4 2 2
200 1 0 2 4
201 3 4 4 3
202 2 2 2 5
203 0 5 1 6
204 2 2 0 3
205 4 2 0 2
206 0 1 2 6
207 1 2 1 5
208 2 0 1 8
209 1 0 0 1
210 5 0 1 3
211 4 1 0 1
212 2 1 0 2
213 3 3 1 1
214 2 2 2 3
215 2 3 0 1
216 1 2 1 1
217 2 0 1 2
218 3 0 1 0
219 2 1 1 1
220 3 2 0 4
221 2 3 1 6
222 4 2 0 1
223 3 2 1 2
224 0 0 1 1
225 2 0 1 2
226 3 0 2 2
227 1 0 2 3
228 2 0 2 3
229 1 1 1 2
230 2 1 1 3
231 0 3 1 2
232 0 2 1 2
233 3 1 2 1
234 1 2 0 1
235 1 3 1 3
236 2 0 0 5
237 3 0 0 3
238 3 0 0 3
239 3 0 0 2
240 1 0 0 0
241 0 1 2 0
242 0 3 0 3
243 3 2 0 0
244 2 2 1 0
245 1 0 0 1
246 1 0 2 1
247 1 1 1 0
248 1 1 2 4
249 0 2 0 2
250 2 0 0 4
251 0 0 1 1
252 0 1 1 2
253 2 1 1 1
254 0 0 1 2
255 0 0 1 2
256 0 0 0 1
257 0 0 0 1
258 0 0 0 1
259 0 1 0 3
260 0 0 0 1
261 0 0 0 0
262 2 1 1 0
263 0 0 0 0
264 1 0 0 0
265 0 0 0 0
266 0 0 0 3
267 2 2 0 0
268 0 0 0 0
269 1 0 1 0
270 1 0 0 0
271 0 0 0 0
272 0 1 0 1
273 0 0 0 1
274 0 0 0 1
275 0 0 1 0
276 0 0 1 1
277 0 0 0 0
278 0 1 0 0
279 0 0 0 0
280 0 0 0 1
281 0 0 0 0
282 0 0 0 2
283 0 0 0 0
284 0 0 0 0
285 0 0 0 0
286 0 0 0 0
287 0 0 0 0
288 0 0 0 0
289 0 0 0 0
290 0 0 0 0
291 0 0 0 0
292 0 0 0 0
293 0 0 0 0
294 0 0 0 0
295 0 0 0 0
296 0 0 0 0
297 0 0 0 0
298 1 0 0 0
299 1 0 0 0
300 0 0 0 0
301 1 0 0 0
302 0 0 0 0
303 0 0 0 0
304 0 0 0 0
305 0 0 0 0
306 0 0 0 0
307 0 1 0 0
308 0 1 1 0
309 0 0 0 0
310 0 0 0 0
311 0 0 0 0
312 0 0 0 1
313 0 0 0 0
314 0 0 0 1
315 0 0 0 1
316 0 0 0 0
317 0 0 0 0
318 0 0 0 0
319 0 0 0 0
320 0 0 0 0
321 1 0 0 0
322 0 0 0 0
323 0 0 0 0
324 1 0 0 0
325 1 0 0 0
326 1 0 1 0
327 1 0 0 0
328 1 0 0 0
329 1 0 0 0
330 0 0 0 1
331 0 0 0 0
332 0 1 0 0
333 0 1 1 0
334 0 0 2 0
335 0 1 0 0
336 0 0 0 0
337 0 0 0 1
338 0 0 0 0
339 0 0 0 2
340 0 0 0 2
341 0 0 0 1
342 0 0 0 0
343 0 0 0 0
344 0 0 0 0
345 0 0 0 0
346 0 0 0 0
347 0 0 0 0
348 0 0 0 0
349 0 0 0 0
350 1 0 0 0
351 0 0 0 0
352 0 0 0 0
353 0 0 0 0
354 0 0 0 0
355 0 0 0 0
356 0 0 0 0
357 1 0 0 0
358 1 0 0 0
359 0 1 0 0
360 0 0 0 0
361 0 0 0 0
362 0 1 0 0
363 0 1 0 1
364 0 0 0 0
365 0 0 0 0
366 0 0 0 0
367 0 0 0 0
368 0 0 0 0
369 0 0 0 1
370 0 0 0 1
371 0 0 0 0
372 0 0 0 0
373 0 0 0 0
374 0 0 0 0
375 0 0 0 0
376 0 0 0 0
377 0 0 0 0
378 1 0 0 0
379 0 0 0 0
380 1 0 0 0
381 0 0 0 0
382 1 0 0 0
383 0 0 0 0
384 0 0 0 0
385 1 1 0 0
386 1 0 0 0
387 0 2 0 0
388 0 0 0 0
389 0 0 0 1
390 0 0 0 0
391 0 1 0 2
392 0 0 0 0
393 0 0 0 0
394 0 0 1 0
395 0 0 0 0
396 0 0 0 0
397 0 0 0 0
398 0 0 0 1
399 0 0 0 0
400 0 0 0 0
401 0 0 0 1
402 0 0 0 0
403 0 0 0 0
404 0 0 0 0
405 0 0 0 0
406 0 0 0 0
407 0 0 0 0
408 1 0 0 0
409 1 0 0 0
410 0 0 0 0
411 1 0 0 0
412 0 0 0 0
413 2 0 0 0
414 1 0 0 0
415 1 0 0 0
416 0 0 0 0
417 1 1 0 0
418 1 3 0 0
419 1 0 0 0
420 1 1 1 0
421 1 0 0 0
422 0 0 1 2
423 0 1 1 0
424 0 0 0 1
425 0 1 0 1
426 1 0 1 0
427 0 0 0 2
428 0 0 1 0
429 0 0 0 2
430 0 0 0 3
431 3 1 0 0
432 2 0 0 1
433 2 0 0 0
434 4 0 0 0
435 2 0 0 0
436 1 1 1 1
437 0 1 0 0
438 2 1 0 0
439 1 1 0 0
440 1 0 2 2
441 1 2 0 0
442 1 2 1 1
443 3 2 0 1
444 1 0 0 2
445 0 1 1 2
446 0 0 1 0
447 2 1 2 2
448 1 0 2 0
449 0 1 0 4
450 1 1 0 2
451 0 0 0 1
452 1 0 0 1
453 2 0 1 1
454 2 0 0 2
455 2 1 0 2
456 3 2 0 0
457 2 0 0 2
458 1 1 0 0
459 2 1 0 0
460 2 1 0 0
461 1 2 1 0
462 2 1 1 2
463 3 1 0 3
464 1 2 0 0
465 0 1 0 2
466 2 2 0 2
467 1 1 0 1
468 2 3 1 3
469 1 1 1 1
470 1 0 0 2
471 2 2 1 1
472 0 0 0 2
473 3 2 0 1
474 1 0 0 0
475 2 1 2 3
476 2 1 1 2
477 1 0 0 1
478 1 1 1 2
479 1 1 0 2
480 2 0 2 1
481 2 0 1 1
482 2 2 1 2
483 0 0 1 2
484 3 0 1 1
485 2 0 1 1
486 3 1 0 2
487 2 1 0 1
488 5 1 1 1
489 1 2 1 2
490 6 1 1 2
491 4 0 1 2
492 2 1 0 2
493 1 2 2 2
494 2 1 1 2
495 0 5 1 0
496 1 2 0 2
497 3 2 0 2
498 2 2 0 2
499 2 3 1 2
500 8 3 0 3
501 1 2 0 2
502 2 3 0 4
503 1 1 0 3
504 1 0 1 4
505 5 2 2 4
506 5 1 0 3
507 6 2 0 0
508 3 1 0 1
509 4 3 2 4
510 2 0 2 0
511 0 3 3 2
512 4 1 2 2
513 4 1 2 2
514 3 4 2 2
515 2 1 1 8
516 1 4 0 6
517 5 2 0 1
518 4 2 3 2
519 6 3 0 3
520 4 1 0 3
521 4 1 1 4
522 5 1 1 3
523 6 2 0 5
524 7 3 2 1
525 6 3 1 5
526 6 4 2 1
527 3 4 2 2
528 6 2 2 2
529 10 2 1 4
530 5 4 0 4
531 4 6 1 4
532 7 2 3 4
533 2 5 3 3
534 10 6 4 7
535 5 3 3 6
536 7 2 2 5
537 7 6 2 6
538 5 1 1 10
539 4 2 3 6
540 8 1 3 5
541 3 4 2 7
542 3 3 3 3
543 8 7 1 4
544 0 2 1 8
545 5 2 7 6
546 8 3 2 6
547 9 5 1 6
548 7 4 4 3
549 7 3 1 9
550 6 2 1 4
551 5 1 2 5
552 5 5 1 9
553 11 6 0 7
554 11 5 1 7
555 9 6 4 4
556 11 4 4 4
557 6 2 4 3
558 8 5 4 3
559 9 6 4 10
560 4 1 3 9
561 4 3 3 6
562 11 4 4 7
563 7 5 4 7
564 2 7 4 6
565 7 3 4 6
566 5 1 1 9
567 7 10 0 6
568 6 8 2 8
569 6 2 2 8
570 7 7 1 6
571 6 5 2 12
572 3 4 1 8
573 5 1 3 3
574 4 2 3 10
575 5 4 2 9
576 3 6 3 4
577 4 4 2 6
578 3 3 4 3
579 6 1 3 5
580 6 2 2 5
581 3 1 1 9
582 0 3 1 5
583 3 2 3 9
584 3 2 3 3
585 4 3 2 4
586 6 4 1 4
587 4 2 0 6
588 2 1 2 7
589 2 1 2 5
590 3 3 1 4
591 3 1 0 2
592 1 1 1 4
593 3 3 1 5
594 3 1 2 3
595 1 5 1 1
596 4 2 2 1
597 4 0 0 3
598 1 1 2 3
599 1 2 1 5
600 1 1 1 6
601 3 1 1 1
602 2 0 3 3
603 2 1 1 1
604 2 2 0 0
605 2 0 2 4
606 0 3 1 2
607 0 0 0 4
608 1 1 2 1
609 2 3 0 5
610 3 0 2 4
611 3 0 2 1
612 3 0 0 3
613 2 0 1 2
614 0 1 0 0
615 2 0 0 1
616 2 3 1 2
617 2 1 1 2
618 4 1 1 2
619 0 2 0 0
620 2 0 0 4
621 2 1 1 0
622 0 2 0 1
623 0 2 1 2
624 1 1 0 2
625 0 2 1 2
626 1 1 1 2
627 0 1 1 2
628 0 0 0 2
629 0 0 1 2
630 0 0 1 3
631 0 0 0 0
632 1 0 0 2
633 0 0 0 0
634 0 0 0 2
635 2 1 0 0
636 1 0 0 1
637 0 1 0 1
638 2 0 0 0
639 0 0 0 1
640 2 0 0 0
641 1 1 0 0
642 2 0 0 0
643 4 0 0 0
644 0 1 1 1
645 0 1 1 1
646 2 0 1 0
647 0 3 1 0
648 0 2 0 2
649 0 0 0 2
650 0 0 0 1
651 0 1 0 2
652 1 1 1 2
653 0 0 0 0
654 0 0 0 2
655 0 1 0 1
656 0 0 0 1
657 0 0 0 0
658 0 0 0 0
659 0 0 0 2
660 1 0 0 0
661 0 1 0 0
662 0 0 0 0
663 1 0 0 0
664 0 0 0 0
665 0 0 0 1
666 0 0 0 0
667 2 0 0 0
668 1 0 0 0
669 1 0 1 0
670 0 0 0 0
671 0 0 0 0
672 0 2 1 0
673 0 0 0 1
674 0 1 0 0
675 0 0 0 0
676 0 0 0 2
677 0 1 0 0
678 0 0 0 1
679 0 0 0 1
680 0 0 0 0
681 0 0 0 0
682 0 0 0 0
683 0 0 0 0
684 0 0 0 1
685 0 0 0 0
686 0 0 0 0
687 0 0 0 0
688 0 0 0 0
689 0 0 0 0
690 0 0 0 0
691 0 0 0 0
692 0 0 0 0
693 0 0 0 0
694 0 0 0 0
695 0 0 0 0
696 0 0 0 0
697 0 0 0 0
698 0 0 0 0
699 0 0 0 0
700 0 0 0 0
701 0 0 0 0
702 0 0 0 0
703 0 0 0 0
704 0 0 0 0
705 0 0 0 0
706 0 0 0 0
707 0 0 0 0
708 0 0 0 0
709 0 0 0 0
710 0 0 0 0
711 0 0 0 0
712 0 0 0 0
713 0 0 0 0
714 0 0 0 0
715 0 0 0 0
716 0 0 0 0
717 0 0 0 0
718 0 0 0 0
719 0 0 0 0
720 0 0 0 0
721 0 0 0 0
722 0 0 0 0
723 0 0 0 0
724 0 0 0 0
725 0 0 0 0
726 0 0 0 0
727 0 0 0 0
