0 0 0 0 0
1 0 0 0 0
2 0 0 0 0
3 0 0 0 0
4 0 0 0 0
5 0 1 1 0
6 0 0 0 0
7 0 0 0 0
8 0 0 0 0
9 0 1 2 1
10 0 0 0 0
11 0 0 0 0
12 0 0 0 1
13 0 0 0 1
14 0 0 0 0
15 0 0 0 0
16 0 0 0 2
17 0 0 0 0
18 1 0 0 0
19 2 0 0 0
20 0 0 0 0
21 0 0 0 0
22 0 0 0 0
23 0 0 0 0
24 0 0 1 0
25 1 0 0 0
26 2 0 0 0
27 2 0 1 0
28 2 0 1 1
29 0 0 0 0
30 1 0 0 0
31 0 0 2 0
32 1 0 0 0
33 1 0 0 0
34 1 1 0 1
35 0 0 1 2
36 1 2 0 0
37 0 1 1 0
38 0 1 0 2
39 1 1 1 0
40 0 0 0 1
41 1 0 0 1
42 0 0 0 1
43 1 0 0 2
44 0 0 0 1
45 0 1 0 1
46 0 1 0 1
47 0 0 0 0
48 1 1 1 0
49 0 0 0 1
50 1 0 0 1
51 2 0 0 0
52 1 0 0 0
53 1 1 0 0
54 1 0 0 0
55 1 0 0 2
56 2 0 0 0
57 1 0 1 1
58 3 0 0 0
59 2 1 0 0
60 0 2 0 0
61 1 0 1 0
62 3 1 0 0
63 3 2 1 1
64 1 1 1 1
65 0 1 0 1
66 3 1 1 2
67 1 2 1 1
68 0 0 1 4
69 2 1 0 1
70 3 0 0 3
71 2 1 1 2
72 2 1 2 1
73 1 0 0 0
74 1 2 0 1
75 1 1 2 1
76 0 0 2 3
77 1 0 0 0
78 1 0 0 2
79 0 2 1 2
80 1 1 1 1
81 5 1 1 2
82 1 1 0 2
83 0 1 0 2
84 2 0 0 0
85 0 0 1 1
86 0 2 1 2
87 0 0 1 3
88 1 0 0 1
89 1 1 0 0
90 0 3 0 2
91 2 0 0 1
92 1 0 0 1
93 3 2 0 1
94 4 0 0 1
95 3 0 0 0
96 2 0 1 1
97 2 1 0 4
98 0 0 1 0
99 1 1 1 0
100 1 4 0 0
101 2 2 0 0
102 6 3 1 0
103 5 1 1 3
104 4 0 0 1
105 4 0 0 2
106 1 1 2 3
107 2 0 2 5
108 1 0 1 2
109 1 1 2 0
110 1 1 3 4
111 1 7 0 1
112 4 4 0 1
113 0 0 1 1
114 3 1 0 3
115 2 1 0 5
116 4 1 0 5
117 4 5 1 3
118 6 1 0 2
119 7 1 2 1
120 3 2 0 1
121 5 1 0 3
122 3 1 2 2
123 4 1 0 4
124 6 2 1 4
125 3 5 1 2
126 7 3 2 2
127 4 2 4 0
128 4 1 5 1
129 1 1 3 4
130 2 3 0 2
131 0 2 3 6
132 1 4 0 6
133 1 2 4 5
134 0 0 1 5
135 1 3 2 7
136 4 1 1 2
137 2 0 1 7
138 3 1 1 0
139 5 0 0 7
140 5 0 0 1
141 9 2 0 1
142 7 0 1 3
143 6 2 0 2
144 10 1 2 1
145 9 2 5 1
146 11 4 3 1
147 13 4 2 1
148 8 4 4 2
149 7 4 3 2
150 7 5 3 5
151 9 5 3 5
152 6 4 6 11
153 6 5 3 7
154 8 6 2 8
155 6 6 1 6
156 8 3 6 5
157 4 3 3 9
158 8 3 3 7
159 7 5 4 13
160 7 3 3 9
161 4 4 4 7
162 2 5 4 5
163 4 1 3 11
164 10 6 3 6
165 5 5 1 8
166 7 2 3 7
167 10 3 3 4
168 9 4 3 8
169 3 4 7 9
170 12 3 0 6
171 8 1 6 5
172 10 7 1 5
173 12 4 1 8
174 12 1 3 4
175 14 7 4 7
176 5 2 6 13
177 12 12 2 4
178 4 4 5 4
179 5 4 6 10
180 7 7 1 6
181 13 4 0 11
182 7 5 4 7
183 7 5 1 13
184 11 9 3 9
185 12 3 4 7
186 7 11 4 9
187 11 4 1 9
188 16 1 3 6
189 11 5 5 7
190 9 8 5 12
191 15 2 4 9
192 16 6 7 7
193 16 7 4 10
194 12 2 5 11
195 11 6 3 3
196 12 7 5 14
197 12 18 4 11
198 15 6 8 6
199 14 5 6 8
200 18 5 8 10
201 15 7 8 19
202 22 12 4 11
203 12 9 7 15
204 12 7 2 21
205 22 7 6 15
206 9 6 7 11
207 7 13 7 8
208 10 6 7 10
209 14 11 3 16
210 12 11 8 16
211 8 5 3 16
212 0 7 5 13
213 10 7 6 13
214 8 10 9 17
215 7 8 6 12
216 6 3 1 13
217 4 2 1 12
218 6 9 3 18
219 7 3 5 15
220 6 9 1 10
221 3 1 3 8
222 7 3 2 11
223 6 7 0 4
224 3 5 1 6
225 4 3 2 9
226 3 2 4 8
227 8 4 4 8
228 9 4 3 6
229 4 3 0 5
230 6 0 3 8
231 5 3 2 2
232 3 2 2 7
233 6 6 3 5
234 6 2 2 7
235 3 0 2 6
236 4 3 6 4
237 3 3 0 8
238 1 4 0 6
239 5 3 6 1
240 4 3 0 3
241 4 3 2 5
242 4 4 1 3
243 2 2 1 10
244 3 2 1 3
245 2 3 0 4
246 4 3 0 10
247 1 2 0 3
248 5 5 1 5
249 3 3 0 3
250 2 3 1 4
251 3 1 4 1
252 1 2 0 6
253 4 2 3 2
254 3 2 0 6
255 1 2 0 2
256 1 1 1 3
257 5 1 1 3
258 3 3 3 6
259 2 0 0 2
260 2 0 1 3
261 4 0 0 0
262 1 3 2 2
263 1 2 2 1
264 4 1 1 3
265 1 1 0 3
266 2 1 2 2
267 1 2 2 5
268 1 1 0 1
269 2 4 1 4
270 2 2 0 1
271 0 0 1 2
272 1 1 1 0
273 2 1 0 3
274 2 0 2 5
275 2 1 2 3
276 0 0 0 4
277 0 1 0 1
278 0 1 0 1
279 0 2 0 1
280 0 0 0 0
281 1 2 0 2
282 2 0 0 3
283 1 0 0 2
284 1 2 0 0
285 0 0 0 2
286 0 0 1 0
287 1 0 1 0
288 0 0 0 3
289 0 0 1 0
290 0 0 0 0
291 0 1 0 1
292 0 2 0 0
293 0 0 0 2
294 0 0 0 0
295 0 0 0 0
296 0 0 0 1
297 0 0 0 0
298 1 0 0 1
299 0 0 0 1
300 0 0 0 0
301 0 0 0 0
302 0 0 0 0
303 0 1 0 0
304 1 0 0 0
305 0 0 0 0
306 0 0 0 0
307 0 0 0 1
308 0 0 0 0
309 0 1 0 0
310 0 0 0 0
311 0 0 0 0
312 0 0 0 0
313 0 0 0 1
314 0 0 0 0
315 0 0 0 0
316 0 0 0 0
317 0 0 0 0
318 0 0 0 0
319 0 0 0 0
320 0 0 0 0
321 0 0 0 0
322 0 0 0 0
323 0 0 0 0
324 0 0 0 0
325 0 0 0 0
326 0 0 0 0
327 0 0 0 0
328 0 0 0 0
329 0 0 0 0
330 0 0 0 0
331 0 0 0 0
332 0 0 0 0
333 0 0 0 0
334 0 0 0 0
335 0 0 0 0
336 0 0 0 0
337 0 0 0 0
338 0 0 0 0
339 0 0 0 0
340 0 0 0 0
341 0 0 0 0
342 0 0 0 0
343 0 0 0 0
344 0 0 0 0
345 0 0 0 0
346 0 0 0 0
347 0 0 0 0
348 0 0 0 0
349 0 0 0 0
350 0 0 0 0
351 0 0 0 0
352 0 0 0 0
353 0 0 0 0
354 0 0 0 0
355 0 0 0 0
356 0 0 0 0
357 0 0 0 0
358 0 0 0 0
359 0 0 0 0
360 0 0 0 0
361 0 0 0 0
362 0 0 0 0
363 0 0 0 0
364 0 0 0 0
365 0 0 0 0
366 0 0 0 0
367 0 0 0 0
368 0 0 0 0
369 0 0 0 0
370 0 0 0 0
371 0 0 0 0
372 0 0 0 0
373 0 0 0 0
374 0 0 0 0
375 0 0 0 0
376 0 0 0 0
377 0 0 0 0
378 0 0 0 0
379 0 0 0 0
380 0 0 0 0
381 0 0 0 0
382 0 0 0 0
383 0 0 0 0
384 0 0 0 0
385 0 0 0 0
386 0 0 0 0
387 0 0 0 0
388 0 0 0 0
389 0 0 0 0
390 0 0 0 0
391 0 0 0 0
392 0 0 0 0
393 0 0 0 0
394 0 0 0 0
395 0 0 0 0
396 0 0 0 0
397 0 0 0 0
398 0 0 0 0
399 0 0 0 0
400 0 0 0 0
401 0 0 0 0
402 0 0 0 0
403 0 0 0 0
404 0 0 0 0
405 0 0 0 0
406 0 0 0 0
407 0 0 0 0
408 0 0 0 0
409 0 0 0 0
410 0 0 0 0
411 0 0 0 0
412 0 0 0 0
413 0 0 0 0
414 0 0 0 0
415 0 0 0 0
416 0 0 0 0
417 0 0 0 0
418 0 0 0 0
419 0 0 0 0
420 0 0 0 0
421 0 0 0 0
422 0 0 0 0
423 0 0 0 0
424 0 0 0 0
425 0 0 0 0
426 0 0 0 0
427 0 0 0 0
428 0 0 0 0
429 0 0 0 0
430 0 0 0 0
431 0 0 0 0
432 0 0 0 0
433 0 0 0 0
434 0 0 0 0
435 0 0 0 0
436 0 0 0 0
437 0 0 0 0
438 0 0 0 0
439 0 0 0 0
440 0 0 0 0
441 0 0 0 0
442 0 0 0 0
443 0 0 0 0
444 0 0 0 0
445 0 0 0 0
446 0 0 0 0
447 0 0 0 0
448 0 0 0 0
449 0 0 0 0
450 0 0 0 0
451 0 0 0 0
452 0 0 0 0
453 0 0 0 0
454 0 0 0 0
455 0 0 0 0
456 0 0 0 0
457 0 0 0 0
458 0 0 0 0
459 0 0 0 0
460 0 0 0 0
461 0 0 0 0
462 0 0 0 0
463 0 0 0 0
464 0 0 0 0
465 0 0 0 0
466 0 0 0 0
467 0 0 0 0
468 0 0 0 0
469 0 0 0 0
470 0 0 0 0
471 0 0 0 0
472 0 0 0 0
473 0 0 0 0
474 0 0 0 0
475 0 0 0 0
476 0 0 0 0
477 0 0 0 0
478 0 0 0 0
479 0 0 0 0
480 0 0 0 0
481 0 0 0 0
482 0 0 0 0
483 0 0 0 0
484 0 0 0 0
485 0 0 0 0
486 0 0 0 0
487 0 0 0 0
488 0 0 0 0
489 0 0 0 0
490 0 0 0 0
491 0 0 0 0
492 0 0 0 0
493 0 0 0 0
494 0 0 0 0
495 0 0 0 0
496 0 0 0 0
497 0 0 0 0
498 0 0 0 0
499 0 0 0 0
500 0 0 0 0
501 0 0 0 0
502 0 0 0 0
503 0 0 0 0
504 0 0 0 0
505 0 0 0 0
506 0 0 0 0
507 0 0 0 0
508 0 0 0 0
509 0 0 0 0
510 0 0 0 0
511 0 0 0 0
512 0 0 0 0
513 0 0 0 0
514 0 0 0 0
515 0 0 0 0
516 0 0 0 0
517 0 0 0 0
518 0 0 0 0
519 0 0 0 0
520 0 0 0 0
521 0 0 0 0
522 0 0 0 0
523 0 0 0 0
524 0 0 0 0
525 0 0 0 0
526 0 0 0 0
527 0 0 0 0
528 0 0 0 0
529 0 0 0 0
530 0 0 0 0
531 0 0 0 0
532 0 0 0 0
533 0 0 0 0
534 0 0 0 0
535 0 0 0 0
536 0 0 0 0
537 0 0 0 0
538 0 0 0 0
539 0 0 0 0
540 0 0 0 0
541 0 0 0 0
542 0 0 0 0
543 0 0 0 0
544 0 0 0 0
545 0 0 0 0
546 0 0 0 0
547 0 0 0 0
548 0 0 0 0
549 0 0 0 0
550 0 0 0 0
551 0 0 0 0
552 0 0 0 0
553 0 0 0 0
554 0 0 0 0
555 0 0 0 0
556 0 0 0 0
557 0 0 0 0
558 0 0 0 0
559 0 0 0 0
560 0 0 0 0
561 0 0 0 0
562 0 0 0 0
563 0 0 0 0
564 0 0 0 0
565 0 0 0 0
566 0 0 0 0
567 0 0 0 0
568 0 0 0 0
569 0 0 0 0
570 0 0 0 0
571 0 0 0 0
572 0 0 0 0
573 0 0 0 0
574 0 0 0 0
575 0 0 0 0
576 0 0 0 0
577 0 0 0 0
578 0 0 0 0
579 0 0 0 0
580 0 0 0 0
581 0 0 0 0
582 0 0 0 0
583 0 0 0 0
584 0 0 0 0
585 0 0 0 0
586 0 0 0 0
587 0 0 0 0
588 0 0 0 0
589 0 0 0 0
590 0 0 0 0
591 0 0 0 0
592 0 0 0 0
593 0 0 0 0
594 0 0 0 0
595 0 0 0 0
596 0 0 0 0
597 0 0 0 0
598 0 0 0 0
599 0 0 0 0
600 0 0 0 0
601 0 0 0 0
602 0 0 0 0
603 0 0 0 0
604 0 0 0 0
605 0 0 0 0
606 0 0 0 0
607 0 0 0 0
608 0 0 0 0
609 0 0 0 0
610 0 0 0 0
611 0 0 0 0
612 0 0 0 0
613 0 0 0 0
614 0 0 0 0
615 0 0 0 0
616 0 0 0 0
617 0 0 0 0
618 0 0 0 0
619 0 0 0 0
620 0 0 0 0
621 0 0 0 0
622 0 0 0 0
623 0 0 0 0
624 0 0 0 0
625 0 0 0 0
626 0 0 0 0
627 0 0 0 0
628 0 0 0 0
629 0 0 0 0
630 0 0 0 0
631 0 0 0 0
632 0 0 0 0
633 0 0 0 0
634 0 0 0 0
635 0 0 0 0
636 0 0 0 0
637 0 0 0 0
638 0 0 0 0
639 0 0 0 0
640 0 0 0 0
641 0 0 0 0
642 0 0 0 0
643 0 0 0 0
644 0 0 0 0
645 0 0 0 0
646 0 0 0 0
647 0 0 0 0
648 0 0 0 0
649 0 0 0 0
650 0 0 0 0
651 0 0 0 0
652 0 0 0 0
653 0 0 0 0
654 0 0 0 0
655 0 0 0 0
656 0 0 0 0
657 0 0 0 0
658 0 0 0 0
659 0 0 0 0
660 0 0 0 0
661 0 0 0 0
662 0 0 0 0
663 0 0 0 0
664 0 0 0 0
665 0 0 0 0
666 0 0 0 0
667 0 0 0 0
668 0 0 0 0
669 0 0 0 0
670 0 0 0 0
671 0 0 0 0
672 0 0 0 0
673 0 0 0 0
674 0 0 0 0
675 0 0 0 0
676 0 0 0 0
677 0 0 0 0
678 0 0 0 0
679 0 0 0 0
680 0 0 0 0
681 0 0 0 0
682 0 0 0 0
683 0 0 0 0
684 0 0 0 0
685 0 0 0 0
686 0 0 0 0
687 0 0 0 0
688 0 0 0 0
689 0 0 0 0
690 0 0 0 0
691 0 0 0 0
692 0 0 0 0
693 0 0 0 0
694 0 0 0 0
695 0 0 0 0
696 0 0 0 0
697 0 0 0 0
698 0 0 0 0
699 0 0 0 0
700 0 0 0 0
701 0 0 0 0
702 0 0 0 0
703 0 0 0 0
704 0 0 0 0
705 0 0 0 0
706 0 0 0 0
707 0 0 0 0
708 0 0 0 0
709 0 0 0 0
710 0 0 0 0
711 0 0 0 0
712 0 0 0 0
713 0 0 0 0
714 0 0 0 0
715 0 0 0 0
716 0 0 0 0
717 0 0 0 0
718 0 0 0 0
719 0 0 0 0
720 0 0 0 0
721 0 0 0 0
722 0 0 0 0
723 0 0 0 0
724 0 0 0 0
725 0 0 0 0
726 0 0 0 0
727 0 0 0 0
