0 0 0 0 0
1 0 0 0 0
2 0 0 0 0
3 0 0 0 0
4 0 0 0 0
5 0 1 1 0
6 0 0 0 0
7 0 0 0 0
8 0 1 0 0
9 0 1 1 1
10 0 0 0 0
11 0 0 0 0
12 0 0 0 2
13 0 0 0 2
14 0 0 0 0
15 1 0 0 0
16 1 0 0 0
17 0 0 0 0
18 0 0 0 0
19 2 0 0 0
20 1 0 1 0
21 0 1 0 0
22 0 0 0 0
23 4 0 0 0
24 1 1 0 0
25 3 1 0 0
26 1 0 0 0
27 0 0 0 1
28 1 2 1 1
29 0 0 1 1
30 0 1 1 0
31 1 1 0 1
32 1 1 1 1
33 1 0 0 1
34 1 1 0 1
35 2 0 0 2
36 1 1 0 1
37 1 2 0 0
38 2 0 0 2
39 2 0 0 2
40 2 2 0 1
41 1 0 0 0
42 4 1 0 0
43 1 1 1 0
44 4 0 1 4
45 3 1 0 0
46 2 1 0 0
47 2 1 1 1
48 4 0 2 1
49 1 2 2 2
50 0 2 1 2
51 0 2 1 1
52 0 0 0 1
53 0 1 2 4
54 2 1 1 2
55 3 1 0 4
56 2 2 0 0
57 2 2 1 3
58 2 1 0 2
59 2 0 1 0
60 3 1 1 4
61 3 1 0 0
62 3 1 0 2
63 2 1 1 1
64 4 1 1 4
65 4 4 0 1
66 6 3 1 0
67 5 1 1 2
68 3 2 1 2
69 5 1 0 4
70 2 1 1 2
71 4 5 2 1
72 4 3 1 3
73 5 2 3 5
74 5 1 3 2
75 4 2 0 3
76 0 2 0 2
77 4 3 0 4
78 4 4 2 6
79 1 3 3 3
80 3 3 3 5
81 2 2 0 3
82 1 1 3 3
83 5 0 4 2
84 1 1 0 7
85 3 2 0 5
86 1 3 0 7
87 2 2 0 1
88 1 5 0 2
89 4 1 0 2
90 1 3 0 5
91 3 0 0 0
92 2 2 0 4
93 6 1 1 2
94 5 1 0 4
95 3 1 1 2
96 1 1 0 1
97 4 0 0 2
98 3 3 3 1
99 4 1 0 2
100 4 3 1 2
101 3 1 1 0
102 3 3 2 7
103 2 5 3 1
104 2 1 1 2
105 2 1 3 1
106 1 3 0 4
107 2 1 2 6
108 1 2 1 1
109 4 2 0 2
110 1 2 2 5
111 4 0 1 3
112 1 2 1 4
113 2 2 0 2
114 4 0 0 6
115 5 2 0 2
116 2 1 1 3
117 2 0 0 2
118 2 2 3 1
119 8 1 2 2
120 3 3 3 2
121 7 3 1 0
122 1 1 1 3
123 3 3 0 4
124 3 5 0 5
125 5 2 0 3
126 0 4 2 1
127 2 1 0 2
128 4 2 3 7
129 4 2 1 2
130 5 1 2 4
131 4 0 0 2
132 4 0 1 4
133 3 1 2 5
134 4 5 2 3
135 3 0 3 3
136 2 1 1 1
137 3 1 2 2
138 8 2 2 3
139 6 2 0 4
140 4 3 3 3
141 1 1 3 5
142 3 3 0 3
143 7 4 4 2
144 5 1 1 5
145 7 3 2 6
146 4 1 1 3
147 6 2 2 5
148 10 3 3 2
149 6 1 1 2
150 3 0 2 5
151 9 4 2 2
152 4 10 3 6
153 4 3 5 4
154 11 5 2 3
155 15 3 0 6
156 6 3 2 9
157 8 2 3 7
158 10 4 3 7
159 11 5 3 7
160 6 6 5 5
161 7 4 2 5
162 10 3 4 5
163 7 9 3 8
164 8 11 4 9
165 7 4 0 3
166 6 3 3 5
167 7 8 1 10
168 6 5 3 16
169 10 5 5 6
170 8 4 3 10
171 13 2 3 10
172 17 5 2 9
173 10 4 2 10
174 12 5 2 5
175 9 3 2 7
176 9 4 5 9
177 12 4 7 8
178 12 7 3 3
179 14 8 3 5
180 14 11 0 8
181 13 9 7 11
182 9 5 4 3
183 10 7 7 9
184 10 5 6 12
185 10 10 4 17
186 10 9 6 12
187 17 6 2 9
188 17 11 5 11
189 12 3 3 11
190 15 5 5 17
191 8 9 4 13
192 13 7 7 13
193 6 7 5 10
194 14 12 3 6
195 10 8 6 15
196 12 6 4 7
197 13 10 6 12
198 8 6 2 16
199 4 14 3 15
200 6 4 4 11
201 16 6 5 13
202 12 4 9 13
203 7 3 3 13
204 12 4 4 14
205 8 2 5 10
206 9 10 3 12
207 12 5 5 10
208 8 2 2 7
209 5 9 3 13
210 10 7 4 9
211 6 8 6 10
212 7 5 5 3
213 13 6 5 16
214 11 2 4 10
215 6 5 1 11
216 5 8 2 9
217 7 4 1 7
218 8 5 4 9
219 8 8 4 8
220 5 4 3 14
221 6 5 1 6
222 8 6 2 9
223 3 4 3 8
224 1 2 5 5
225 5 4 1 6
226 7 6 2 12
227 4 3 9 8
228 7 3 1 7
229 2 3 1 7
230 5 3 2 7
231 5 4 2 10
232 6 2 3 3
233 6 2 4 5
234 1 1 2 8
235 6 6 1 5
236 4 3 2 5
237 5 2 1 5
238 2 5 0 5
239 3 1 0 8
240 2 2 2 7
241 2 1 6 3
242 1 6 1 6
243 1 2 0 1
244 3 0 4 2
245 2 1 1 5
246 3 1 0 3
247 1 2 0 4
248 6 2 0 6
249 3 3 0 6
250 1 1 0 1
251 2 1 0 2
252 1 2 0 1
253 3 6 1 3
254 0 5 0 1
255 1 0 1 3
256 3 2 1 1
257 3 1 1 4
258 4 1 1 5
259 1 0 0 2
260 1 0 0 5
261 1 2 0 2
262 3 3 0 2
263 0 2 0 1
264 0 1 1 1
265 1 2 0 2
266 1 0 1 1
267 3 3 1 1
268 3 0 0 3
269 3 0 0 3
270 2 0 1 1
271 0 2 1 1
272 0 1 1 1
273 0 2 1 2
274 3 0 1 2
275 1 0 0 1
276 1 1 1 2
277 1 0 0 1
278 0 2 0 2
279 1 2 1 0
280 1 0 1 4
281 0 0 0 1
282 0 0 0 2
283 0 1 0 3
284 1 0 0 0
285 1 0 1 0
286 1 1 0 1
287 2 0 0 2
288 1 0 1 0
289 0 1 1 0
290 0 1 0 0
291 0 0 1 0
292 1 0 1 2
293 0 0 0 1
294 0 0 0 1
295 0 0 0 1
296 1 0 1 3
297 0 1 1 0
298 0 0 0 0
299 0 0 0 0
300 0 0 0 0
301 0 0 0 1
302 0 0 0 0
303 0 0 0 1
304 0 0 0 1
305 0 1 0 0
306 0 0 0 0
307 0 0 0 0
308 0 0 0 0
309 0 0 0 0
310 1 0 0 0
311 1 0 0 0
312 1 0 0 1
313 0 0 0 0
314 0 0 0 0
315 0 1 0 0
316 1 0 1 0
317 0 1 0 0
318 0 0 0 0
319 0 0 0 1
320 0 0 0 0
321 0 0 0 1
322 0 0 0 0
323 0 0 0 0
324 0 0 0 1
325 0 1 0 0
326 0 0 0 0
327 0 0 0 0
328 1 0 0 0
329 0 0 0 1
330 0 0 0 0
331 0 0 0 0
332 1 0 0 0
333 1 0 0 0
334 0 0 0 0
335 0 0 0 0
336 0 0 0 0
337 0 0 1 0
338 0 0 0 0
339 0 0 0 0
340 0 0 0 0
341 0 1 0 1
342 0 1 0 0
343 0 0 0 0
344 0 0 0 0
345 0 0 0 0
346 0 0 0 1
347 0 0 0 0
348 0 0 0 1
349 0 0 0 0
350 0 0 0 0
351 0 0 0 0
352 0 0 0 0
353 0 0 0 0
354 0 0 0 0
355 0 0 0 0
356 0 0 0 0
357 0 0 0 0
358 0 0 0 0
359 0 0 0 0
360 0 0 0 0
361 0 0 0 0
362 0 0 0 0
363 0 0 0 0
364 0 0 0 0
365 0 0 0 0
366 0 0 0 0
367 0 0 0 0
368 0 0 0 0
369 0 0 0 0
370 0 0 0 0
371 0 0 0 0
372 0 0 0 0
373 0 0 0 0
374 0 0 0 0
375 0 0 0 0
376 0 0 0 0
377 0 0 0 0
378 0 0 0 0
379 0 0 0 0
380 0 0 0 0
381 0 0 0 0
382 0 0 0 0
383 0 0 0 0
384 0 0 0 0
385 0 0 0 0
386 0 0 0 0
387 0 0 0 0
388 0 0 0 0
389 0 0 0 0
390 0 0 0 0
391 0 0 0 0
392 0 0 0 0
393 0 0 0 0
394 0 0 0 0
395 0 0 0 0
396 0 0 0 0
397 0 0 0 0
398 0 0 0 0
399 0 0 0 0
400 0 0 0 0
401 0 0 0 0
402 0 0 0 0
403 0 0 0 0
404 0 0 0 0
405 0 0 0 0
406 0 0 0 0
407 0 0 0 0
408 0 0 0 0
409 0 0 0 0
410 0 0 0 0
411 0 0 0 0
412 0 0 0 0
413 0 0 0 0
414 0 0 0 0
415 0 0 0 0
416 0 0 0 0
417 0 0 0 0
418 0 0 0 0
419 0 0 0 0
420 0 0 0 0
421 0 0 0 0
422 0 0 0 0
423 0 0 0 0
424 0 0 0 0
425 0 0 0 0
426 0 0 0 0
427 0 0 0 0
428 0 0 0 0
429 0 0 0 0
430 0 0 0 0
431 0 0 0 0
432 0 0 0 0
433 0 0 0 0
434 0 0 0 0
435 0 0 0 0
436 0 0 0 0
437 0 0 0 0
438 0 0 0 0
439 0 0 0 0
440 0 0 0 0
441 0 0 0 0
442 0 0 0 0
443 0 0 0 0
444 0 0 0 0
445 0 0 0 0
446 0 0 0 0
447 0 0 0 0
448 0 0 0 0
449 0 0 0 0
450 0 0 0 0
451 0 0 0 0
452 0 0 0 0
453 0 0 0 0
454 0 0 0 0
455 0 0 0 0
456 0 0 0 0
457 0 0 0 0
458 0 0 0 0
459 0 0 0 0
460 0 0 0 0
461 0 0 0 0
462 0 0 0 0
463 0 0 0 0
464 0 0 0 0
465 0 0 0 0
466 0 0 0 0
467 0 0 0 0
468 0 0 0 0
469 0 0 0 0
470 0 0 0 0
471 0 0 0 0
472 0 0 0 0
473 0 0 0 0
474 0 0 0 0
475 0 0 0 0
476 0 0 0 0
477 0 0 0 0
478 0 0 0 0
479 0 0 0 0
480 0 0 0 0
481 0 0 0 0
482 0 0 0 0
483 0 0 0 0
484 0 0 0 0
485 0 0 0 0
486 0 0 0 0
487 0 0 0 0
488 0 0 0 0
489 0 0 0 0
490 0 0 0 0
491 0 0 0 0
492 0 0 0 0
493 0 0 0 0
494 0 0 0 0
495 0 0 0 0
496 0 0 0 0
497 0 0 0 0
498 0 0 0 0
499 0 0 0 0
500 0 0 0 0
501 0 0 0 0
502 0 0 0 0
503 0 0 0 0
504 0 0 0 0
505 0 0 0 0
506 0 0 0 0
507 0 0 0 0
508 0 0 0 0
509 0 0 0 0
510 0 0 0 0
511 0 0 0 0
512 0 0 0 0
513 0 0 0 0
514 0 0 0 0
515 0 0 0 0
516 0 0 0 0
517 0 0 0 0
518 0 0 0 0
519 0 0 0 0
520 0 0 0 0
521 0 0 0 0
522 0 0 0 0
523 0 0 0 0
524 0 0 0 0
525 0 0 0 0
526 0 0 0 0
527 0 0 0 0
528 0 0 0 0
529 0 0 0 0
530 0 0 0 0
531 0 0 0 0
532 0 0 0 0
533 0 0 0 0
534 0 0 0 0
535 0 0 0 0
536 0 0 0 0
537 0 0 0 0
538 0 0 0 0
539 0 0 0 0
540 0 0 0 0
541 0 0 0 0
542 0 0 0 0
543 0 0 0 0
544 0 0 0 0
545 0 0 0 0
546 0 0 0 0
547 0 0 0 0
548 0 0 0 0
549 0 0 0 0
550 0 0 0 0
551 0 0 0 0
552 0 0 0 0
553 0 0 0 0
554 0 0 0 0
555 0 0 0 0
556 0 0 0 0
557 0 0 0 0
558 0 0 0 0
559 0 0 0 0
560 0 0 0 0
561 0 0 0 0
562 0 0 0 0
563 0 0 0 0
564 0 0 0 0
565 0 0 0 0
566 0 0 0 0
567 0 0 0 0
568 0 0 0 0
569 0 0 0 0
570 0 0 0 0
571 0 0 0 0
572 0 0 0 0
573 0 0 0 0
574 0 0 0 0
575 0 0 0 0
576 0 0 0 0
577 0 0 0 0
578 0 0 0 0
579 0 0 0 0
580 0 0 0 0
581 0 0 0 0
582 0 0 0 0
583 0 0 0 0
584 0 0 0 0
585 0 0 0 0
586 0 0 0 0
587 0 0 0 0
588 0 0 0 0
589 0 0 0 0
590 0 0 0 0
591 0 0 0 0
592 0 0 0 0
593 0 0 0 0
594 0 0 0 0
595 0 0 0 0
596 0 0 0 0
597 0 0 0 0
598 0 0 0 0
599 0 0 0 0
600 0 0 0 0
601 0 0 0 0
602 0 0 0 0
603 0 0 0 0
604 0 0 0 0
605 0 0 0 0
606 0 0 0 0
607 0 0 0 0
608 0 0 0 0
609 0 0 0 0
610 0 0 0 0
611 0 0 0 0
612 0 0 0 0
613 0 0 0 0
614 0 0 0 0
615 0 0 0 0
616 0 0 0 0
617 0 0 0 0
618 0 0 0 0
619 0 0 0 0
620 0 0 0 0
621 0 0 0 0
622 0 0 0 0
623 0 0 0 0
624 0 0 0 0
625 0 0 0 0
626 0 0 0 0
627 0 0 0 0
628 0 0 0 0
629 0 0 0 0
630 0 0 0 0
631 0 0 0 0
632 0 0 0 0
633 0 0 0 0
634 0 0 0 0
635 0 0 0 0
636 0 0 0 0
637 0 0 0 0
638 0 0 0 0
639 0 0 0 0
640 0 0 0 0
641 0 0 0 0
642 0 0 0 0
643 0 0 0 0
644 0 0 0 0
645 0 0 0 0
646 0 0 0 0
647 0 0 0 0
648 0 0 0 0
649 0 0 0 0
650 0 0 0 0
651 0 0 0 0
652 0 0 0 0
653 0 0 0 0
654 0 0 0 0
655 0 0 0 0
656 0 0 0 0
657 0 0 0 0
658 0 0 0 0
659 0 0 0 0
660 0 0 0 0
661 0 0 0 0
662 0 0 0 0
663 0 0 0 0
664 0 0 0 0
665 0 0 0 0
666 0 0 0 0
667 0 0 0 0
668 0 0 0 0
669 0 0 0 0
670 0 0 0 0
671 0 0 0 0
672 0 0 0 0
673 0 0 0 0
674 0 0 0 0
675 0 0 0 0
676 0 0 0 0
677 0 0 0 0
678 0 0 0 0
679 0 0 0 0
680 0 0 0 0
681 0 0 0 0
682 0 0 0 0
683 0 0 0 0
684 0 0 0 0
685 0 0 0 0
686 0 0 0 0
687 0 0 0 0
688 0 0 0 0
689 0 0 0 0
690 0 0 0 0
691 0 0 0 0
692 0 0 0 0
693 0 0 0 0
694 0 0 0 0
695 0 0 0 0
696 0 0 0 0
697 0 0 0 0
698 0 0 0 0
699 0 0 0 0
700 0 0 0 0
701 0 0 0 0
702 0 0 0 0
703 0 0 0 0
704 0 0 0 0
705 0 0 0 0
706 0 0 0 0
707 0 0 0 0
708 0 0 0 0
709 0 0 0 0
710 0 0 0 0
711 0 0 0 0
712 0 0 0 0
713 0 0 0 0
714 0 0 0 0
715 0 0 0 0
716 0 0 0 0
717 0 0 0 0
718 0 0 0 0
719 0 0 0 0
720 0 0 0 0
721 0 0 0 0
722 0 0 0 0
723 0 0 0 0
724 0 0 0 0
725 0 0 0 0
726 0 0 0 0
727 0 0 0 0
