0 0 0 0 0
1 0 0 0 0
2 0 0 0 0
3 0 0 0 0
4 0 0 0 0
5 0 0 2 0
6 0 0 0 0
7 0 0 0 0
8 0 0 0 0
9 0 2 1 2
10 0 0 0 0
11 0 0 0 0
12 0 0 0 0
13 0 0 0 2
14 0 0 0 0
15 0 0 0 0
16 0 0 0 1
17 0 0 0 0
18 0 0 0 0
19 0 0 0 0
20 0 0 0 0
21 0 0 0 0
22 0 0 0 0
23 0 0 0 0
24 0 0 0 0
25 1 0 0 0
26 0 0 0 0
27 0 0 0 0
28 1 0 0 0
29 1 0 0 0
30 1 0 1 0
31 1 0 0 0
32 1 0 0 0
33 2 0 1 0
34 0 0 0 1
35 1 0 0 0
36 2 0 1 0
37 1 0 0 0
38 2 3 0 0
39 1 1 0 0
40 2 0 0 2
41 1 3 0 0
42 0 1 0 1
43 0 0 1 0
44 0 2 0 0
45 0 0 0 3
46 0 1 1 1
47 1 2 0 1
48 0 0 0 4
49 0 0 0 1
50 2 0 0 2
51 0 0 0 0
52 0 0 0 0
53 1 0 0 0
54 1 0 0 2
55 1 1 0 0
56 1 1 0 0
57 1 0 0 0
58 2 0 0 0
59 1 0 1 1
60 1 0 0 1
61 0 1 0 0
62 1 2 0 0
63 1 1 1 0
64 0 2 1 0
65 1 0 0 0
66 1 0 0 1
67 0 0 0 2
68 1 0 1 3
69 0 1 0 2
70 0 0 0 0
71 1 0 1 1
72 1 0 0 0
73 1 1 0 0
74 1 1 0 1
75 3 1 0 2
76 2 0 0 0
77 2 0 1 0
78 2 1 0 0
79 1 0 0 0
80 1 1 0 1
81 0 1 0 2
82 2 2 0 0
83 1 3 0 0
84 3 1 3 1
85 1 2 0 2
86 0 0 0 0
87 2 1 0 2
88 0 0 1 2
89 2 0 2 3
90 0 0 0 2
91 1 1 0 3
92 1 0 0 2
93 0 0 1 2
94 2 1 1 0
95 3 0 0 1
96 1 1 1 0
97 2 0 0 1
98 3 1 0 1
99 4 1 0 0
100 1 3 0 1
101 3 2 0 1
102 4 1 0 0
103 1 1 3 2
104 3 2 0 1
105 4 0 0 1
106 5 1 2 2
107 5 3 0 3
108 2 2 3 3
109 2 1 0 1
110 2 2 0 4
111 3 1 3 1
112 2 2 1 0
113 5 2 3 2
114 1 3 1 4
115 3 0 1 6
116 5 1 1 3
117 4 2 0 3
118 2 2 1 4
119 3 1 1 0
120 1 1 3 4
121 1 1 1 4
122 4 2 4 3
123 4 1 1 1
124 3 2 2 3
125 3 2 1 3
126 4 0 2 5
127 2 3 0 2
128 4 1 3 5
129 3 3 0 3
130 3 0 1 3
131 5 2 1 1
132 6 2 0 5
133 5 2 1 1
134 8 1 3 3
135 8 3 1 4
136 6 0 2 4
137 4 4 1 1
138 6 2 2 0
139 2 4 4 2
140 1 3 4 3
141 5 4 3 7
142 5 2 2 2
143 3 4 1 7
144 8 6 1 9
145 8 1 2 6
146 7 3 2 3
147 7 1 3 5
148 2 1 1 7
149 2 3 3 5
150 9 3 1 4
151 6 5 3 7
152 4 2 2 2
153 9 2 4 4
154 4 2 4 2
155 8 3 5 7
156 8 7 1 7
157 8 1 1 8
158 6 1 3 5
159 8 3 1 3
160 12 4 4 3
161 6 2 7 6
162 7 5 5 10
163 10 3 2 6
164 10 2 6 2
165 6 4 4 6
166 13 6 1 6
167 10 5 3 10
168 6 3 6 7
169 9 8 4 8
170 5 2 4 7
171 11 6 4 8
172 15 4 4 10
173 8 2 2 10
174 11 6 3 6
175 13 5 2 13
176 15 5 5 12
177 17 8 5 4
178 16 3 2 7
179 15 1 5 6
180 16 12 2 7
181 13 11 4 11
182 11 8 9 4
183 15 13 5 9
184 14 5 6 16
185 17 9 12 11
186 20 7 5 13
187 18 7 6 11
188 21 10 3 12
189 19 7 8 18
190 14 13 3 20
191 12 10 4 15
192 17 10 7 18
193 14 11 5 9
194 17 12 4 14
195 20 12 8 8
196 19 9 6 19
197 17 13 6 13
198 13 13 4 23
199 14 12 6 16
200 16 11 5 15
201 17 13 5 20
202 14 8 9 21
203 9 12 4 19
204 14 14 5 10
205 16 5 9 23
206 12 8 5 14
207 13 7 9 19
208 13 9 1 16
209 11 8 8 17
210 8 11 7 10
211 7 6 4 16
212 7 10 4 14
213 11 5 6 21
214 11 7 3 14
215 12 5 4 8
216 15 4 2 15
217 9 7 4 14
218 8 7 4 13
219 4 5 8 13
220 7 10 5 10
221 3 9 4 9
222 9 8 3 7
223 9 5 4 10
224 3 3 1 8
225 4 5 2 8
226 5 3 3 12
227 5 5 2 15
228 4 4 4 12
229 3 3 4 11
230 4 0 2 7
231 3 4 4 4
232 3 4 4 5
233 5 3 0 8
234 5 4 2 5
235 8 1 3 5
236 5 1 1 6
237 10 1 1 4
238 6 1 2 11
239 2 3 2 5
240 4 1 4 2
241 3 3 1 3
242 2 7 4 5
243 2 3 1 3
244 3 4 3 5
245 4 4 3 4
246 5 2 0 9
247 3 5 2 4
248 2 0 2 4
249 0 1 0 5
250 2 2 2 6
251 0 1 3 6
252 0 2 0 4
253 1 3 1 2
254 2 1 1 8
255 0 2 1 0
256 1 1 0 2
257 3 0 0 5
258 3 1 0 2
259 3 0 0 2
260 4 0 0 2
261 1 0 1 2
262 2 0 1 3
263 2 4 1 0
264 2 0 1 0
265 2 2 1 0
266 1 1 1 0
267 0 2 0 2
268 0 3 1 2
269 0 1 3 1
270 1 2 0 4
271 3 1 0 0
272 1 0 0 6
273 1 0 0 2
274 0 0 0 3
275 0 1 0 1
276 0 1 1 3
277 0 0 1 1
278 0 0 0 1
279 1 0 0 0
280 0 0 1 1
281 0 0 0 1
282 1 0 1 1
283 1 0 0 1
284 0 0 1 1
285 0 0 0 0
286 0 0 0 0
287 1 0 0 0
288 0 0 1 1
289 0 0 0 1
290 0 0 0 0
291 0 1 0 0
292 0 0 0 1
293 0 0 0 0
294 0 0 0 0
295 0 0 0 1
296 1 0 1 0
297 0 0 0 0
298 0 0 0 0
299 1 0 0 0
300 0 0 0 0
301 0 0 0 0
302 1 0 0 0
303 0 0 0 1
304 0 0 1 0
305 0 1 0 0
306 0 0 0 0
307 0 0 0 0
308 0 0 0 0
309 0 0 0 0
310 0 0 0 0
311 0 1 0 2
312 0 0 0 0
313 0 0 0 0
314 0 0 0 0
315 0 0 0 1
316 0 0 0 0
317 0 0 0 0
318 0 0 0 0
319 2 0 0 0
320 0 0 0 0
321 0 0 0 0
322 0 0 0 0
323 0 0 0 0
324 0 1 0 0
325 0 0 0 0
326 0 0 0 0
327 0 1 0 0
328 0 0 0 0
329 0 0 0 1
330 0 0 0 0
331 0 0 0 0
332 0 0 0 0
333 0 0 0 0
334 0 0 0 1
335 0 0 0 0
336 0 0 0 0
337 0 0 0 0
338 0 0 0 0
339 0 0 0 0
340 0 0 0 0
341 0 0 0 0
342 0 0 0 0
343 0 0 0 0
344 0 0 0 0
345 0 0 0 0
346 0 0 0 0
347 0 0 0 0
348 0 0 0 0
349 0 0 0 0
350 0 0 0 0
351 0 0 0 0
352 0 0 0 0
353 0 0 0 0
354 0 0 0 0
355 0 0 0 0
356 0 0 0 0
357 0 0 0 0
358 0 0 0 0
359 0 0 0 0
360 0 0 0 0
361 0 0 0 0
362 0 0 0 0
363 0 0 0 0
364 0 0 0 0
365 0 0 0 0
366 0 0 0 0
367 0 0 0 0
368 0 0 0 0
369 0 0 0 0
370 0 0 0 0
371 0 0 0 0
372 0 0 0 0
373 0 0 0 0
374 0 0 0 0
375 0 0 0 0
376 0 0 0 0
377 0 0 0 0
378 0 0 0 0
379 0 0 0 0
380 0 0 0 0
381 0 0 0 0
382 0 0 0 0
383 0 0 0 0
384 0 0 0 0
385 0 0 0 0
386 0 0 0 0
387 0 0 0 0
388 0 0 0 0
389 0 0 0 0
390 0 0 0 0
391 0 0 0 0
392 0 0 0 0
393 0 0 0 0
394 0 0 0 0
395 0 0 0 0
396 0 0 0 0
397 0 0 0 0
398 0 0 0 0
399 0 0 0 0
400 0 0 0 0
401 0 0 0 0
402 0 0 0 0
403 0 0 0 0
404 0 0 0 0
405 0 0 0 0
406 0 0 0 0
407 0 0 0 0
408 0 0 0 0
409 0 0 0 0
410 0 0 0 0
411 0 0 0 0
412 0 0 0 0
413 0 0 0 0
414 0 0 0 0
415 0 0 0 0
416 0 0 0 0
417 0 0 0 0
418 0 0 0 0
419 0 0 0 0
420 0 0 0 0
421 0 0 0 0
422 0 0 0 0
423 0 0 0 0
424 0 0 0 0
425 0 0 0 0
426 0 0 0 0
427 0 0 0 0
428 0 0 0 0
429 0 0 0 0
430 0 0 0 0
431 0 0 0 0
432 0 0 0 0
433 0 0 0 0
434 0 0 0 0
435 0 0 0 0
436 0 0 0 0
437 0 0 0 0
438 0 0 0 0
439 0 0 0 0
440 0 0 0 0
441 0 0 0 0
442 0 0 0 0
443 0 0 0 0
444 0 0 0 0
445 0 0 0 0
446 0 0 0 0
447 0 0 0 0
448 0 0 0 0
449 0 0 0 0
450 0 0 0 0
451 0 0 0 0
452 0 0 0 0
453 0 0 0 0
454 0 0 0 0
455 0 0 0 0
456 0 0 0 0
457 0 0 0 0
458 0 0 0 0
459 0 0 0 0
460 0 0 0 0
461 0 0 0 0
462 0 0 0 0
463 0 0 0 0
464 0 0 0 0
465 0 0 0 0
466 0 0 0 0
467 0 0 0 0
468 0 0 0 0
469 0 0 0 0
470 0 0 0 0
471 0 0 0 0
472 0 0 0 0
473 0 0 0 0
474 0 0 0 0
475 0 0 0 0
476 0 0 0 0
477 0 0 0 0
478 0 0 0 0
479 0 0 0 0
480 0 0 0 0
481 0 0 0 0
482 0 0 0 0
483 0 0 0 0
484 0 0 0 0
485 0 0 0 0
486 0 0 0 0
487 0 0 0 0
488 0 0 0 0
489 0 0 0 0
490 0 0 0 0
491 0 0 0 0
492 0 0 0 0
493 0 0 0 0
494 0 0 0 0
495 0 0 0 0
496 0 0 0 0
497 0 0 0 0
498 0 0 0 0
499 0 0 0 0
500 0 0 0 0
501 0 0 0 0
502 0 0 0 0
503 0 0 0 0
504 0 0 0 0
505 0 0 0 0
506 0 0 0 0
507 0 0 0 0
508 0 0 0 0
509 0 0 0 0
510 0 0 0 0
511 0 0 0 0
512 0 0 0 0
513 0 0 0 0
514 0 0 0 0
515 0 0 0 0
516 0 0 0 0
517 0 0 0 0
518 0 0 0 0
519 0 0 0 0
520 0 0 0 0
521 0 0 0 0
522 0 0 0 0
523 0 0 0 0
524 0 0 0 0
525 0 0 0 0
526 0 0 0 0
527 0 0 0 0
528 0 0 0 0
529 0 0 0 0
530 0 0 0 0
531 0 0 0 0
532 0 0 0 0
533 0 0 0 0
534 0 0 0 0
535 0 0 0 0
536 0 0 0 0
537 0 0 0 0
538 0 0 0 0
539 0 0 0 0
540 0 0 0 0
541 0 0 0 0
542 0 0 0 0
543 0 0 0 0
544 0 0 0 0
545 0 0 0 0
546 0 0 0 0
547 0 0 0 0
548 0 0 0 0
549 0 0 0 0
550 0 0 0 0
551 0 0 0 0
552 0 0 0 0
553 0 0 0 0
554 0 0 0 0
555 0 0 0 0
556 0 0 0 0
557 0 0 0 0
558 0 0 0 0
559 0 0 0 0
560 0 0 0 0
561 0 0 0 0
562 0 0 0 0
563 0 0 0 0
564 0 0 0 0
565 0 0 0 0
566 0 0 0 0
567 0 0 0 0
568 0 0 0 0
569 0 0 0 0
570 0 0 0 0
571 0 0 0 0
572 0 0 0 0
573 0 0 0 0
574 0 0 0 0
575 0 0 0 0
576 0 0 0 0
577 0 0 0 0
578 0 0 0 0
579 0 0 0 0
580 0 0 0 0
581 0 0 0 0
582 0 0 0 0
583 0 0 0 0
584 0 0 0 0
585 0 0 0 0
586 0 0 0 0
587 0 0 0 0
588 0 0 0 0
589 0 0 0 0
590 0 0 0 0
591 0 0 0 0
592 0 0 0 0
593 0 0 0 0
594 0 0 0 0
595 0 0 0 0
596 0 0 0 0
597 0 0 0 0
598 0 0 0 0
599 0 0 0 0
600 0 0 0 0
601 0 0 0 0
602 0 0 0 0
603 0 0 0 0
604 0 0 0 0
605 0 0 0 0
606 0 0 0 0
607 0 0 0 0
608 0 0 0 0
609 0 0 0 0
610 0 0 0 0
611 0 0 0 0
612 0 0 0 0
613 0 0 0 0
614 0 0 0 0
615 0 0 0 0
616 0 0 0 0
617 0 0 0 0
618 0 0 0 0
619 0 0 0 0
620 0 0 0 0
621 0 0 0 0
622 0 0 0 0
623 0 0 0 0
624 0 0 0 0
625 0 0 0 0
626 0 0 0 0
627 0 0 0 0
628 0 0 0 0
629 0 0 0 0
630 0 0 0 0
631 0 0 0 0
632 0 0 0 0
633 0 0 0 0
634 0 0 0 0
635 0 0 0 0
636 0 0 0 0
637 0 0 0 0
638 0 0 0 0
639 0 0 0 0
640 0 0 0 0
641 0 0 0 0
642 0 0 0 0
643 0 0 0 0
644 0 0 0 0
645 0 0 0 0
646 0 0 0 0
647 0 0 0 0
648 0 0 0 0
649 0 0 0 0
650 0 0 0 0
651 0 0 0 0
652 0 0 0 0
653 0 0 0 0
654 0 0 0 0
655 0 0 0 0
656 0 0 0 0
657 0 0 0 0
658 0 0 0 0
659 0 0 0 0
660 0 0 0 0
661 0 0 0 0
662 0 0 0 0
663 0 0 0 0
664 0 0 0 0
665 0 0 0 0
666 0 0 0 0
667 0 0 0 0
668 0 0 0 0
669 0 0 0 0
670 0 0 0 0
671 0 0 0 0
672 0 0 0 0
673 0 0 0 0
674 0 0 0 0
675 0 0 0 0
676 0 0 0 0
677 0 0 0 0
678 0 0 0 0
679 0 0 0 0
680 0 0 0 0
681 0 0 0 0
682 0 0 0 0
683 0 0 0 0
684 0 0 0 0
685 0 0 0 0
686 0 0 0 0
687 0 0 0 0
688 0 0 0 0
689 0 0 0 0
690 0 0 0 0
691 0 0 0 0
692 0 0 0 0
693 0 0 0 0
694 0 0 0 0
695 0 0 0 0
696 0 0 0 0
697 0 0 0 0
698 0 0 0 0
699 0 0 0 0
700 0 0 0 0
701 0 0 0 0
702 0 0 0 0
703 0 0 0 0
704 0 0 0 0
705 0 0 0 0
706 0 0 0 0
707 0 0 0 0
708 0 0 0 0
709 0 0 0 0
710 0 0 0 0
711 0 0 0 0
712 0 0 0 0
713 0 0 0 0
714 0 0 0 0
715 0 0 0 0
716 0 0 0 0
717 0 0 0 0
718 0 0 0 0
719 0 0 0 0
720 0 0 0 0
721 0 0 0 0
722 0 0 0 0
723 0 0 0 0
724 0 0 0 0
725 0 0 0 0
726 0 0 0 0
727 0 0 0 0
