0 0 0 0 0
1 0 0 0 0
2 0 0 0 0
3 0 0 0 0
4 0 0 0 0
5 0 2 1 0
6 0 0 0 0
7 0 0 0 0
8 0 0 0 0
9 0 0 2 3
10 0 0 0 0
11 0 0 0 0
12 0 0 0 0
13 0 0 0 2
14 0 0 0 0
15 1 0 0 0
16 0 0 0 0
17 0 0 0 0
18 1 0 0 0
19 0 0 0 0
20 1 1 0 0
21 1 0 0 0
22 2 0 0 0
23 0 0 0 0
24 1 0 0 0
25 1 1 0 0
26 1 0 0 0
27 1 2 0 1
28 0 0 0 0
29 1 1 0 1
30 0 1 1 0
31 1 2 0 1
32 1 0 1 0
33 0 0 0 0
34 0 0 0 2
35 1 0 0 1
36 0 0 1 1
37 2 0 0 1
38 1 0 1 1
39 0 0 0 1
40 0 1 0 0
41 0 1 0 0
42 1 1 1 1
43 2 1 0 1
44 1 0 0 0
45 1 0 0 0
46 1 0 0 1
47 1 0 0 2
48 1 0 0 1
49 0 0 1 1
50 2 1 0 0
51 0 0 2 0
52 0 2 0 0
53 2 0 1 1
54 2 0 0 1
55 0 2 0 2
56 2 1 0 1
57 0 0 0 0
58 1 0 1 0
59 2 0 2 3
60 1 0 0 2
61 3 0 0 0
62 2 1 0 1
63 1 0 1 0
64 1 0 0 0
65 0 2 1 0
66 2 1 1 2
67 0 1 0 0
68 1 2 0 0
69 1 0 0 2
70 1 1 1 3
71 0 1 0 1
72 2 1 0 1
73 1 0 1 2
74 0 0 0 1
75 2 0 2 1
76 2 0 0 1
77 2 1 1 2
78 3 2 0 1
79 0 0 0 0
80 1 1 0 0
81 2 1 2 2
82 2 1 2 4
83 1 0 1 0
84 1 0 0 1
85 0 0 1 2
86 2 1 0 2
87 1 2 1 1
88 1 0 1 1
89 1 1 0 1
90 1 1 0 1
91 2 1 1 3
92 3 0 1 2
93 1 0 1 1
94 1 1 0 1
95 2 1 1 1
96 1 2 0 1
97 2 2 0 0
98 1 1 0 1
99 1 0 0 0
100 2 1 1 3
101 4 1 0 1
102 4 1 0 2
103 1 1 0 0
104 2 1 0 4
105 1 1 0 1
106 4 2 0 0
107 1 1 1 1
108 5 1 1 1
109 1 2 2 1
110 3 2 1 1
111 1 3 1 3
112 2 1 0 2
113 4 3 0 2
114 1 0 1 2
115 0 1 2 2
116 2 0 1 5
117 1 3 0 3
118 1 4 0 3
119 3 1 1 1
120 3 1 0 1
121 3 2 0 2
122 7 1 0 4
123 7 1 1 3
124 5 1 1 1
125 4 1 1 3
126 2 3 0 0
127 3 2 1 2
128 2 2 4 2
129 6 3 1 3
130 7 4 0 3
131 3 3 2 2
132 3 2 1 6
133 3 1 2 3
134 2 5 1 2
135 2 2 3 3
136 2 2 2 4
137 3 3 1 4
138 0 1 1 4
139 5 2 1 3
140 4 1 0 6
141 6 2 1 5
142 1 1 1 5
143 4 0 1 2
144 0 1 4 3
145 5 3 0 2
146 6 4 1 4
147 6 0 1 2
148 5 1 4 4
149 4 1 1 2
150 5 2 3 3
151 3 5 2 3
152 5 2 3 3
153 9 2 1 3
154 6 3 0 2
155 8 3 2 7
156 7 2 2 6
157 1 6 0 6
158 6 4 4 4
159 5 1 2 4
160 4 2 3 3
161 6 3 5 4
162 8 2 2 4
163 5 4 2 4
164 8 5 1 4
165 10 1 2 10
166 7 1 2 3
167 8 8 2 6
168 13 5 0 6
169 8 2 3 3
170 7 3 6 5
171 10 2 2 9
172 13 3 1 3
173 8 11 2 5
174 7 4 4 8
175 9 8 1 7
176 7 7 2 5
177 4 11 4 12
178 11 5 2 7
179 7 5 4 5
180 7 9 4 8
181 8 5 5 14
182 6 4 3 11
183 6 5 4 9
184 9 3 1 10
185 7 3 2 10
186 10 5 2 6
187 4 2 5 13
188 7 5 3 7
189 7 5 4 5
190 8 1 6 9
191 8 7 0 4
192 8 5 2 8
193 11 4 3 6
194 11 5 4 7
195 8 6 5 7
196 6 3 2 7
197 10 5 3 8
198 13 6 0 8
199 18 4 3 12
200 11 4 4 5
201 9 6 4 9
202 9 4 4 3
203 5 6 8 8
204 9 10 5 10
205 7 2 4 10
206 7 8 2 8
207 8 4 6 10
208 8 6 3 13
209 4 9 1 9
210 8 6 3 10
211 8 4 4 15
212 5 3 5 8
213 6 8 2 10
214 6 3 4 4
215 6 4 1 8
216 11 5 1 9
217 7 5 0 11
218 11 2 2 6
219 6 4 5 5
220 7 5 1 11
221 4 6 1 5
222 3 7 1 6
223 9 2 9 5
224 6 6 1 4
225 5 3 6 4
226 7 2 1 9
227 2 1 2 11
228 4 7 3 11
229 4 6 5 5
230 7 3 3 6
231 3 2 1 5
232 3 3 0 12
233 1 2 2 9
234 2 0 4 4
235 4 7 3 5
236 0 1 0 4
237 2 3 2 5
238 0 0 1 5
239 2 3 1 6
240 3 3 1 3
241 4 0 0 3
242 1 2 1 7
243 5 0 0 4
244 2 1 1 6
245 1 0 1 0
246 4 2 0 2
247 2 1 0 1
248 3 2 2 1
249 3 2 1 2
250 3 2 2 2
251 4 0 1 1
252 4 2 2 2
253 4 2 2 2
254 0 2 0 0
255 2 2 3 4
256 1 1 1 3
257 3 2 0 6
258 0 1 2 2
259 1 1 0 4
260 3 5 0 6
261 0 1 3 2
262 0 1 2 4
263 0 0 0 1
264 3 0 0 5
265 1 1 2 3
266 2 1 0 2
267 3 0 0 1
268 2 1 0 1
269 2 0 2 3
270 0 0 0 0
271 3 0 1 0
272 1 0 0 1
273 0 1 1 3
274 1 2 0 1
275 2 1 0 1
276 1 4 2 0
277 1 1 1 2
278 0 1 0 1
279 4 0 1 1
280 0 0 0 2
281 1 1 0 1
282 3 1 0 1
283 1 0 0 4
284 2 2 3 2
285 0 0 0 1
286 0 0 1 2
287 0 2 0 0
288 0 0 2 3
289 0 1 0 0
290 0 0 0 0
291 0 1 1 4
292 0 0 0 1
293 0 0 0 2
294 1 0 0 0
295 1 0 0 3
296 1 0 0 0
297 1 0 0 0
298 1 0 0 0
299 0 1 0 0
300 0 1 0 0
301 2 0 0 0
302 1 0 1 0
303 0 0 0 1
304 0 0 0 1
305 0 0 1 0
306 0 0 1 1
307 0 1 0 0
308 1 0 0 0
309 0 0 0 0
310 0 1 0 0
311 0 0 1 0
312 0 0 0 1
313 0 1 0 1
314 0 0 0 2
315 0 0 0 0
316 0 0 0 0
317 0 0 0 1
318 0 0 0 1
319 0 0 0 0
320 0 0 0 0
321 0 0 0 0
322 0 0 0 0
323 0 0 0 0
324 0 0 0 0
325 0 0 0 0
326 0 0 0 0
327 0 0 0 0
328 0 0 0 0
329 0 0 0 0
330 0 0 0 0
331 0 0 0 0
332 0 0 0 0
333 0 0 0 0
334 0 0 0 0
335 0 0 0 0
336 0 0 0 0
337 0 0 0 0
338 0 0 0 0
339 0 0 0 0
340 0 0 0 0
341 0 0 0 0
342 0 0 0 0
343 0 0 0 0
344 0 0 0 0
345 0 0 0 0
346 0 0 0 0
347 0 0 0 0
348 0 0 0 0
349 0 0 0 0
350 0 0 0 0
351 0 0 0 0
352 0 0 0 0
353 0 0 0 0
354 0 0 0 0
355 0 0 0 0
356 0 0 0 0
357 0 0 0 0
358 0 0 0 0
359 0 0 0 0
360 0 0 0 0
361 0 0 0 0
362 0 0 0 0
363 0 0 0 0
364 0 0 0 0
365 0 0 0 0
366 0 0 0 0
367 0 0 0 0
368 0 0 0 0
369 0 0 0 0
370 0 0 0 0
371 0 0 0 0
372 0 0 0 0
373 0 0 0 0
374 0 0 0 0
375 0 0 0 0
376 0 0 0 0
377 0 0 0 0
378 0 0 0 0
379 0 0 0 0
380 0 0 0 0
381 0 0 0 0
382 0 0 0 0
383 0 0 0 0
384 0 0 0 0
385 0 0 0 0
386 0 0 0 0
387 0 0 0 0
388 0 0 0 0
389 0 0 0 0
390 0 0 0 0
391 0 0 0 0
392 0 0 0 0
393 0 0 0 0
394 0 0 0 0
395 0 0 0 0
396 0 0 0 0
397 0 0 0 0
398 0 0 0 0
399 0 0 0 0
400 0 0 0 0
401 0 0 0 0
402 0 0 0 0
403 0 0 0 0
404 0 0 0 0
405 0 0 0 0
406 0 0 0 0
407 0 0 0 0
408 0 0 0 0
409 0 0 0 0
410 0 0 0 0
411 0 0 0 0
412 0 0 0 0
413 0 0 0 0
414 0 0 0 0
415 0 0 0 0
416 0 0 0 0
417 0 0 0 0
418 0 0 0 0
419 0 0 0 0
420 0 0 0 0
421 0 0 0 0
422 0 0 0 0
423 0 0 0 0
424 0 0 0 0
425 0 0 0 0
426 0 0 0 0
427 0 0 0 0
428 0 0 0 0
429 0 0 0 0
430 0 0 0 0
431 0 0 0 0
432 0 0 0 0
433 0 0 0 0
434 0 0 0 0
435 0 0 0 0
436 0 0 0 0
437 0 0 0 0
438 0 0 0 0
439 0 0 0 0
440 0 0 0 0
441 0 0 0 0
442 0 0 0 0
443 0 0 0 0
444 0 0 0 0
445 0 0 0 0
446 0 0 0 0
447 0 0 0 0
448 0 0 0 0
449 0 0 0 0
450 0 0 0 0
451 0 0 0 0
452 0 0 0 0
453 0 0 0 0
454 0 0 0 0
455 0 0 0 0
456 0 0 0 0
457 0 0 0 0
458 0 0 0 0
459 0 0 0 0
460 0 0 0 0
461 0 0 0 0
462 0 0 0 0
463 0 0 0 0
464 0 0 0 0
465 0 0 0 0
466 0 0 0 0
467 0 0 0 0
468 0 0 0 0
469 0 0 0 0
470 0 0 0 0
471 0 0 0 0
472 0 0 0 0
473 0 0 0 0
474 0 0 0 0
475 0 0 0 0
476 0 0 0 0
477 0 0 0 0
478 0 0 0 0
479 0 0 0 0
480 0 0 0 0
481 0 0 0 0
482 0 0 0 0
483 0 0 0 0
484 0 0 0 0
485 0 0 0 0
486 0 0 0 0
487 0 0 0 0
488 0 0 0 0
489 0 0 0 0
490 0 0 0 0
491 0 0 0 0
492 0 0 0 0
493 0 0 0 0
494 0 0 0 0
495 0 0 0 0
496 0 0 0 0
497 0 0 0 0
498 0 0 0 0
499 0 0 0 0
500 0 0 0 0
501 0 0 0 0
502 0 0 0 0
503 0 0 0 0
504 0 0 0 0
505 0 0 0 0
506 0 0 0 0
507 0 0 0 0
508 0 0 0 0
509 0 0 0 0
510 0 0 0 0
511 0 0 0 0
512 0 0 0 0
513 0 0 0 0
514 0 0 0 0
515 0 0 0 0
516 0 0 0 0
517 0 0 0 0
518 0 0 0 0
519 0 0 0 0
520 0 0 0 0
521 0 0 0 0
522 0 0 0 0
523 0 0 0 0
524 0 0 0 0
525 0 0 0 0
526 0 0 0 0
527 0 0 0 0
528 0 0 0 0
529 0 0 0 0
530 0 0 0 0
531 0 0 0 0
532 0 0 0 0
533 0 0 0 0
534 0 0 0 0
535 0 0 0 0
536 0 0 0 0
537 0 0 0 0
538 0 0 0 0
539 0 0 0 0
540 0 0 0 0
541 0 0 0 0
542 0 0 0 0
543 0 0 0 0
544 0 0 0 0
545 0 0 0 0
546 0 0 0 0
547 0 0 0 0
548 0 0 0 0
549 0 0 0 0
550 0 0 0 0
551 0 0 0 0
552 0 0 0 0
553 0 0 0 0
554 0 0 0 0
555 0 0 0 0
556 0 0 0 0
557 0 0 0 0
558 0 0 0 0
559 0 0 0 0
560 0 0 0 0
561 0 0 0 0
562 0 0 0 0
563 0 0 0 0
564 0 0 0 0
565 0 0 0 0
566 0 0 0 0
567 0 0 0 0
568 0 0 0 0
569 0 0 0 0
570 0 0 0 0
571 0 0 0 0
572 0 0 0 0
573 0 0 0 0
574 0 0 0 0
575 0 0 0 0
576 0 0 0 0
577 0 0 0 0
578 0 0 0 0
579 0 0 0 0
580 0 0 0 0
581 0 0 0 0
582 0 0 0 0
583 0 0 0 0
584 0 0 0 0
585 0 0 0 0
586 0 0 0 0
587 0 0 0 0
588 0 0 0 0
589 0 0 0 0
590 0 0 0 0
591 0 0 0 0
592 0 0 0 0
593 0 0 0 0
594 0 0 0 0
595 0 0 0 0
596 0 0 0 0
597 0 0 0 0
598 0 0 0 0
599 0 0 0 0
600 0 0 0 0
601 0 0 0 0
602 0 0 0 0
603 0 0 0 0
604 0 0 0 0
605 0 0 0 0
606 0 0 0 0
607 0 0 0 0
608 0 0 0 0
609 0 0 0 0
610 0 0 0 0
611 0 0 0 0
612 0 0 0 0
613 0 0 0 0
614 0 0 0 0
615 0 0 0 0
616 0 0 0 0
617 0 0 0 0
618 0 0 0 0
619 0 0 0 0
620 0 0 0 0
621 0 0 0 0
622 0 0 0 0
623 0 0 0 0
624 0 0 0 0
625 0 0 0 0
626 0 0 0 0
627 0 0 0 0
628 0 0 0 0
629 0 0 0 0
630 0 0 0 0
631 0 0 0 0
632 0 0 0 0
633 0 0 0 0
634 0 0 0 0
635 0 0 0 0
636 0 0 0 0
637 0 0 0 0
638 0 0 0 0
639 0 0 0 0
640 0 0 0 0
641 0 0 0 0
642 0 0 0 0
643 0 0 0 0
644 0 0 0 0
645 0 0 0 0
646 0 0 0 0
647 0 0 0 0
648 0 0 0 0
649 0 0 0 0
650 0 0 0 0
651 0 0 0 0
652 0 0 0 0
653 0 0 0 0
654 0 0 0 0
655 0 0 0 0
656 0 0 0 0
657 0 0 0 0
658 0 0 0 0
659 0 0 0 0
660 0 0 0 0
661 0 0 0 0
662 0 0 0 0
663 0 0 0 0
664 0 0 0 0
665 0 0 0 0
666 0 0 0 0
667 0 0 0 0
668 0 0 0 0
669 0 0 0 0
670 0 0 0 0
671 0 0 0 0
672 0 0 0 0
673 0 0 0 0
674 0 0 0 0
675 0 0 0 0
676 0 0 0 0
677 0 0 0 0
678 0 0 0 0
679 0 0 0 0
680 0 0 0 0
681 0 0 0 0
682 0 0 0 0
683 0 0 0 0
684 0 0 0 0
685 0 0 0 0
686 0 0 0 0
687 0 0 0 0
688 0 0 0 0
689 0 0 0 0
690 0 0 0 0
691 0 0 0 0
692 0 0 0 0
693 0 0 0 0
694 0 0 0 0
695 0 0 0 0
696 0 0 0 0
697 0 0 0 0
698 0 0 0 0
699 0 0 0 0
700 0 0 0 0
701 0 0 0 0
702 0 0 0 0
703 0 0 0 0
704 0 0 0 0
705 0 0 0 0
706 0 0 0 0
707 0 0 0 0
708 0 0 0 0
709 0 0 0 0
710 0 0 0 0
711 0 0 0 0
712 0 0 0 0
713 0 0 0 0
714 0 0 0 0
715 0 0 0 0
716 0 0 0 0
717 0 0 0 0
718 0 0 0 0
719 0 0 0 0
720 0 0 0 0
721 0 0 0 0
722 0 0 0 0
723 0 0 0 0
724 0 0 0 0
725 0 0 0 0
726 0 0 0 0
727 0 0 0 0
