0 0 0 0 0
1 0 0 0 0
2 0 0 0 0
3 0 0 0 0
4 0 0 0 0
5 0 2 1 0
6 0 0 0 0
7 0 0 0 0
8 0 0 0 0
9 0 2 0 2
10 0 0 0 0
11 0 0 0 0
12 0 0 0 1
13 0 0 0 1
14 0 0 0 0
15 1 0 0 0
16 0 0 0 1
17 0 0 0 0
18 0 0 0 0
19 0 0 0 0
20 1 0 1 0
21 2 0 0 0
22 0 0 0 0
23 1 0 0 0
24 0 0 0 1
25 2 0 0 0
26 0 0 1 0
27 1 0 0 0
28 1 1 1 0
29 2 0 0 0
30 2 2 1 1
31 0 0 0 0
32 0 0 1 2
33 0 0 1 0
34 1 0 1 2
35 0 0 0 0
36 0 1 0 1
37 1 0 0 2
38 0 0 0 0
39 2 1 1 0
40 0 0 0 1
41 1 0 0 1
42 0 0 1 0
43 0 1 0 0
44 0 0 0 0
45 2 0 0 0
46 2 0 0 2
47 1 0 0 0
48 3 1 1 0
49 0 0 0 1
50 2 0 1 1
51 2 0 0 0
52 3 0 0 2
53 4 1 1 0
54 2 0 2 1
55 1 2 1 0
56 1 2 1 0
57 0 1 2 2
58 0 1 0 1
59 0 1 3 2
60 0 1 0 2
61 1 0 0 3
62 1 2 1 2
63 0 0 0 3
64 2 0 0 2
65 0 0 1 0
66 2 1 0 4
67 3 1 0 0
68 1 0 0 0
69 1 1 0 1
70 1 0 0 0
71 1 2 0 0
72 3 0 1 1
73 4 1 0 1
74 1 0 0 1
75 2 0 0 2
76 3 1 1 1
77 1 0 2 1
78 1 2 0 0
79 3 1 1 1
80 5 1 0 1
81 0 3 2 1
82 2 0 1 0
83 1 2 0 2
84 5 3 0 2
85 0 0 4 3
86 0 1 0 2
87 1 1 0 2
88 2 1 1 6
89 1 3 1 4
90 1 0 0 2
91 1 1 0 1
92 3 0 1 1
93 5 2 3 2
94 2 0 1 0
95 6 0 1 1
96 3 1 0 2
97 4 1 1 2
98 6 0 2 3
99 3 1 1 2
100 1 0 2 3
101 6 2 0 0
102 4 3 1 1
103 3 1 3 2
104 7 5 3 2
105 3 1 1 2
106 3 3 4 2
107 2 2 3 3
108 2 2 2 6
109 2 3 1 2
110 2 2 2 8
111 0 3 1 5
112 1 1 0 3
113 1 4 1 3
114 5 1 0 6
115 2 1 1 4
116 8 1 0 4
117 4 0 0 3
118 4 1 1 3
119 6 2 2 3
120 8 1 0 4
121 5 4 2 0
122 3 1 1 1
123 9 0 4 1
124 6 4 2 2
125 8 3 1 3
126 7 5 4 3
127 5 2 0 1
128 7 2 3 7
129 5 6 1 5
130 5 2 2 6
131 4 1 1 3
132 4 4 6 3
133 2 7 4 7
134 3 2 3 4
135 2 5 2 3
136 4 4 1 10
137 6 3 2 9
138 3 4 0 4
139 10 1 3 7
140 9 2 2 9
141 5 3 1 5
142 9 2 3 5
143 9 3 0 5
144 7 4 4 6
145 11 2 3 6
146 7 3 3 4
147 10 6 3 3
148 9 2 1 6
149 6 6 3 4
150 7 2 4 3
151 8 4 2 10
152 5 11 6 2
153 6 3 4 10
154 10 7 1 7
155 9 4 1 5
156 9 4 3 12
157 6 9 0 7
158 10 4 5 7
159 14 6 4 9
160 6 4 4 6
161 11 5 1 8
162 7 3 0 7
163 9 6 2 8
164 5 8 4 9
165 11 3 4 9
166 7 4 8 8
167 7 5 4 9
168 9 2 4 9
169 8 5 0 5
170 15 5 4 12
171 4 6 3 11
172 8 9 5 6
173 8 3 2 7
174 12 7 4 10
175 7 6 7 7
176 11 4 0 12
177 9 4 3 7
178 15 5 6 9
179 16 4 2 11
180 12 1 2 3
181 10 10 5 8
182 5 8 2 9
183 15 7 5 8
184 12 10 2 4
185 10 8 3 14
186 14 2 5 6
187 9 6 5 12
188 10 14 4 13
189 10 4 5 10
190 19 7 4 5
191 11 5 5 13
192 10 7 4 15
193 13 7 7 11
194 21 6 5 10
195 10 10 5 13
196 11 4 2 11
197 8 8 1 16
198 13 6 4 10
199 15 12 5 14
200 10 12 2 6
201 8 8 3 11
202 12 11 4 13
203 8 13 7 11
204 10 9 3 12
205 7 5 7 9
206 9 2 1 21
207 11 3 8 19
208 4 8 5 10
209 7 2 3 13
210 5 6 3 7
211 5 6 6 11
212 2 7 3 12
213 5 5 3 6
214 5 6 0 7
215 6 4 5 12
216 8 6 2 8
217 6 3 0 13
218 7 4 3 10
219 8 3 0 12
220 3 4 1 6
221 5 0 2 3
222 4 3 2 3
223 3 3 5 4
224 1 6 2 3
225 6 5 3 7
226 1 1 4 3
227 5 3 3 7
228 4 3 2 9
229 4 0 2 6
230 3 5 1 9
231 2 1 1 2
232 4 2 0 8
233 3 3 1 1
234 3 4 0 9
235 1 1 2 3
236 3 2 4 4
237 2 2 0 4
238 0 2 2 4
239 1 2 1 2
240 1 1 0 3
241 2 1 3 2
242 3 1 1 5
243 3 1 0 6
244 1 1 0 1
245 1 1 2 3
246 0 2 1 2
247 0 0 1 2
248 0 1 0 1
249 0 0 1 3
250 0 0 1 2
251 1 1 1 2
252 1 1 1 2
253 0 0 0 2
254 0 0 0 1
255 0 0 0 1
256 1 0 0 2
257 2 0 0 0
258 1 0 0 1
259 2 0 0 0
260 0 1 0 0
261 2 1 0 0
262 0 1 0 0
263 0 1 0 0
264 1 2 0 1
265 0 0 2 0
266 1 1 0 1
267 1 0 0 1
268 1 0 0 3
269 0 1 0 1
270 0 0 1 0
271 0 1 0 0
272 1 1 0 2
273 0 0 0 0
274 0 0 0 0
275 1 0 0 1
276 1 0 0 1
277 0 1 1 1
278 1 0 0 0
279 1 0 0 1
280 0 0 0 0
281 1 1 0 0
282 1 0 0 0
283 0 0 0 0
284 0 0 1 2
285 0 0 0 0
286 0 1 0 0
287 0 0 1 0
288 0 0 1 1
289 0 0 0 0
290 0 0 0 0
291 0 0 1 1
292 0 0 0 0
293 1 0 0 1
294 0 0 0 1
295 0 0 0 2
296 0 0 0 0
297 0 0 0 0
298 0 0 1 0
299 1 0 0 0
300 0 0 0 0
301 0 0 0 0
302 0 0 0 1
303 0 0 0 0
304 1 0 1 0
305 1 0 0 0
306 0 0 0 0
307 0 0 0 0
308 0 0 0 0
309 0 0 0 1
310 0 0 1 0
311 1 0 0 0
312 0 0 0 0
313 0 1 0 0
314 1 0 0 0
315 0 0 0 0
316 0 0 0 0
317 0 0 0 1
318 1 0 0 0
319 0 0 0 0
320 0 0 1 1
321 1 0 0 0
322 1 0 0 0
323 0 1 0 0
324 0 0 0 0
325 0 0 0 0
326 0 0 0 0
327 0 0 2 2
328 0 0 0 0
329 0 0 0 0
330 0 1 0 0
331 0 0 0 0
332 0 0 0 0
333 0 0 0 0
334 0 0 0 2
335 1 0 0 0
336 0 0 0 0
337 1 0 0 1
338 1 0 0 0
339 0 0 0 0
340 1 0 0 0
341 0 0 0 0
342 0 0 1 0
343 1 0 0 0
344 1 1 0 0
345 0 1 0 0
346 0 0 0 1
347 0 0 1 0
348 0 0 1 1
349 0 1 0 1
350 0 0 0 0
351 0 0 0 0
352 1 0 0 0
353 0 0 0 1
354 0 0 0 1
355 0 0 0 1
356 0 0 0 0
357 0 0 0 0
358 0 0 0 0
359 0 0 0 0
360 0 0 0 0
361 0 0 1 0
362 0 0 0 0
363 0 0 0 0
364 0 0 0 0
365 1 0 0 0
366 0 0 0 0
367 0 0 0 0
368 0 0 0 1
369 0 0 0 0
370 0 1 0 0
371 0 0 0 0
372 0 0 0 0
373 0 0 0 0
374 0 0 0 0
375 0 0 0 0
376 0 0 0 0
377 0 0 0 1
378 1 0 0 0
379 0 0 0 0
380 0 0 0 0
381 0 0 0 0
382 0 0 0 0
383 1 1 0 0
384 0 0 0 0
385 1 0 0 0
386 0 0 0 0
387 0 0 0 1
388 0 1 0 0
389 0 0 0 0
390 0 1 0 0
391 0 0 0 0
392 0 0 0 1
393 0 0 0 0
394 0 0 0 0
395 0 0 0 0
396 0 0 0 0
397 0 0 0 1
398 0 0 0 0
399 0 0 0 0
400 0 0 0 0
401 0 0 0 0
402 0 0 0 0
403 0 0 0 0
404 0 0 0 0
405 0 0 0 0
406 0 0 0 0
407 0 0 0 0
408 0 0 0 0
409 0 0 0 0
410 0 0 0 0
411 0 0 0 0
412 0 0 0 0
413 0 0 0 0
414 0 0 0 0
415 0 0 0 0
416 0 0 0 0
417 0 0 0 0
418 0 0 0 0
419 0 0 0 0
420 0 0 0 0
421 0 0 0 0
422 0 0 0 0
423 0 0 0 0
424 0 0 0 0
425 0 0 0 0
426 0 0 0 0
427 0 0 0 0
428 0 0 0 0
429 0 0 0 0
430 0 0 0 0
431 0 0 0 0
432 0 0 0 0
433 0 0 0 0
434 0 0 0 0
435 0 0 0 0
436 0 0 0 0
437 0 0 0 0
438 0 0 0 0
439 0 0 0 0
440 0 0 0 0
441 0 0 0 0
442 0 0 0 0
443 0 0 0 0
444 0 0 0 0
445 0 0 0 0
446 0 0 0 0
447 0 0 0 0
448 0 0 0 0
449 0 0 0 0
450 0 0 0 0
451 0 0 0 0
452 0 0 0 0
453 0 0 0 0
454 0 0 0 0
455 0 0 0 0
456 0 0 0 0
457 0 0 0 0
458 0 0 0 0
459 0 0 0 0
460 0 0 0 0
461 0 0 0 0
462 0 0 0 0
463 0 0 0 0
464 0 0 0 0
465 0 0 0 0
466 0 0 0 0
467 0 0 0 0
468 0 0 0 0
469 0 0 0 0
470 0 0 0 0
471 0 0 0 0
472 0 0 0 0
473 0 0 0 0
474 0 0 0 0
475 0 0 0 0
476 0 0 0 0
477 0 0 0 0
478 0 0 0 0
479 0 0 0 0
480 0 0 0 0
481 0 0 0 0
482 0 0 0 0
483 0 0 0 0
484 0 0 0 0
485 0 0 0 0
486 0 0 0 0
487 0 0 0 0
488 0 0 0 0
489 0 0 0 0
490 0 0 0 0
491 0 0 0 0
492 0 0 0 0
493 0 0 0 0
494 0 0 0 0
495 0 0 0 0
496 0 0 0 0
497 0 0 0 0
498 0 0 0 0
499 0 0 0 0
500 0 0 0 0
501 0 0 0 0
502 0 0 0 0
503 0 0 0 0
504 0 0 0 0
505 0 0 0 0
506 0 0 0 0
507 0 0 0 0
508 0 0 0 0
509 0 0 0 0
510 0 0 0 0
511 0 0 0 0
512 0 0 0 0
513 0 0 0 0
514 0 0 0 0
515 0 0 0 0
516 0 0 0 0
517 0 0 0 0
518 0 0 0 0
519 0 0 0 0
520 0 0 0 0
521 0 0 0 0
522 0 0 0 0
523 0 0 0 0
524 0 0 0 0
525 0 0 0 0
526 0 0 0 0
527 0 0 0 0
528 0 0 0 0
529 0 0 0 0
530 0 0 0 0
531 0 0 0 0
532 0 0 0 0
533 0 0 0 0
534 0 0 0 0
535 0 0 0 0
536 0 0 0 0
537 0 0 0 0
538 0 0 0 0
539 0 0 0 0
540 0 0 0 0
541 0 0 0 0
542 0 0 0 0
543 0 0 0 0
544 0 0 0 0
545 0 0 0 0
546 0 0 0 0
547 0 0 0 0
548 0 0 0 0
549 0 0 0 0
550 0 0 0 0
551 0 0 0 0
552 0 0 0 0
553 0 0 0 0
554 0 0 0 0
555 0 0 0 0
556 0 0 0 0
557 0 0 0 0
558 0 0 0 0
559 0 0 0 0
560 0 0 0 0
561 0 0 0 0
562 0 0 0 0
563 0 0 0 0
564 0 0 0 0
565 0 0 0 0
566 0 0 0 0
567 0 0 0 0
568 0 0 0 0
569 0 0 0 0
570 0 0 0 0
571 0 0 0 0
572 0 0 0 0
573 0 0 0 0
574 0 0 0 0
575 0 0 0 0
576 0 0 0 0
577 0 0 0 0
578 0 0 0 0
579 0 0 0 0
580 0 0 0 0
581 0 0 0 0
582 0 0 0 0
583 0 0 0 0
584 0 0 0 0
585 0 0 0 0
586 0 0 0 0
587 0 0 0 0
588 0 0 0 0
589 0 0 0 0
590 0 0 0 0
591 0 0 0 0
592 0 0 0 0
593 0 0 0 0
594 0 0 0 0
595 0 0 0 0
596 0 0 0 0
597 0 0 0 0
598 0 0 0 0
599 0 0 0 0
600 0 0 0 0
601 0 0 0 0
602 0 0 0 0
603 0 0 0 0
604 0 0 0 0
605 0 0 0 0
606 0 0 0 0
607 0 0 0 0
608 0 0 0 0
609 0 0 0 0
610 0 0 0 0
611 0 0 0 0
612 0 0 0 0
613 0 0 0 0
614 0 0 0 0
615 0 0 0 0
616 0 0 0 0
617 0 0 0 0
618 0 0 0 0
619 0 0 0 0
620 0 0 0 0
621 0 0 0 0
622 0 0 0 0
623 0 0 0 0
624 0 0 0 0
625 0 0 0 0
626 0 0 0 0
627 0 0 0 0
628 0 0 0 0
629 0 0 0 0
630 0 0 0 0
631 0 0 0 0
632 0 0 0 0
633 0 0 0 0
634 0 0 0 0
635 0 0 0 0
636 0 0 0 0
637 0 0 0 0
638 0 0 0 0
639 0 0 0 0
640 0 0 0 0
641 0 0 0 0
642 0 0 0 0
643 0 0 0 0
644 0 0 0 0
645 0 0 0 0
646 0 0 0 0
647 0 0 0 0
648 0 0 0 0
649 0 0 0 0
650 0 0 0 0
651 0 0 0 0
652 0 0 0 0
653 0 0 0 0
654 0 0 0 0
655 0 0 0 0
656 0 0 0 0
657 0 0 0 0
658 0 0 0 0
659 0 0 0 0
660 0 0 0 0
661 0 0 0 0
662 0 0 0 0
663 0 0 0 0
664 0 0 0 0
665 0 0 0 0
666 0 0 0 0
667 0 0 0 0
668 0 0 0 0
669 0 0 0 0
670 0 0 0 0
671 0 0 0 0
672 0 0 0 0
673 0 0 0 0
674 0 0 0 0
675 0 0 0 0
676 0 0 0 0
677 0 0 0 0
678 0 0 0 0
679 0 0 0 0
680 0 0 0 0
681 0 0 0 0
682 0 0 0 0
683 0 0 0 0
684 0 0 0 0
685 0 0 0 0
686 0 0 0 0
687 0 0 0 0
688 0 0 0 0
689 0 0 0 0
690 0 0 0 0
691 0 0 0 0
692 0 0 0 0
693 0 0 0 0
694 0 0 0 0
695 0 0 0 0
696 0 0 0 0
697 0 0 0 0
698 0 0 0 0
699 0 0 0 0
700 0 0 0 0
701 0 0 0 0
702 0 0 0 0
703 0 0 0 0
704 0 0 0 0
705 0 0 0 0
706 0 0 0 0
707 0 0 0 0
708 0 0 0 0
709 0 0 0 0
710 0 0 0 0
711 0 0 0 0
712 0 0 0 0
713 0 0 0 0
714 0 0 0 0
715 0 0 0 0
716 0 0 0 0
717 0 0 0 0
718 0 0 0 0
719 0 0 0 0
720 0 0 0 0
721 0 0 0 0
722 0 0 0 0
723 0 0 0 0
724 0 0 0 0
725 0 0 0 0
726 0 0 0 0
727 0 0 0 0
