0 0 0 0 0
1 0 0 0 0
2 0 0 0 0
3 0 0 0 0
4 0 0 0 0
5 0 2 1 0
6 0 0 0 0
7 0 0 0 0
8 0 0 0 0
9 0 2 0 2
10 0 0 0 0
11 0 0 0 0
12 0 0 0 1
13 0 0 0 0
14 0 0 0 0
15 0 0 0 0
16 0 0 0 2
17 0 0 0 0
18 0 0 0 0
19 1 0 0 0
20 1 0 0 0
21 1 0 0 0
22 2 0 0 0
23 1 0 0 0
24 3 1 0 0
25 1 0 0 0
26 1 0 0 0
27 1 1 0 0
28 0 1 1 1
29 0 1 0 0
30 0 1 1 0
31 0 1 0 1
32 0 0 0 2
33 0 1 1 0
34 0 0 0 1
35 0 0 1 1
36 0 0 1 1
37 0 0 0 2
38 0 0 0 0
39 0 0 0 1
40 0 0 0 1
41 1 0 0 0
42 1 0 0 0
43 1 0 0 1
44 2 0 0 0
45 2 0 0 0
46 1 0 0 0
47 4 0 0 0
48 0 1 0 0
49 0 2 0 0
50 1 2 0 0
51 0 2 0 0
52 2 0 2 1
53 3 0 0 1
54 3 1 0 1
55 1 0 0 2
56 1 2 1 3
57 0 1 1 1
58 0 0 3 0
59 2 1 2 0
60 0 0 1 0
61 1 1 0 1
62 1 0 0 2
63 2 0 0 5
64 1 1 0 2
65 0 0 0 2
66 2 0 0 2
67 1 0 1 0
68 1 1 1 1
69 0 0 1 0
70 3 0 1 0
71 1 1 0 1
72 5 1 0 2
73 4 1 0 1
74 4 0 0 0
75 0 2 1 0
76 2 1 0 0
77 1 1 0 1
78 3 3 1 1
79 5 2 1 2
80 1 0 1 3
81 3 3 1 0
82 3 0 0 3
83 3 2 1 1
84 2 2 0 2
85 2 1 2 4
86 2 2 3 3
87 4 3 0 0
88 3 4 0 2
89 3 2 0 2
90 0 1 1 5
91 2 0 2 3
92 5 2 2 3
93 2 0 1 5
94 4 2 0 2
95 5 1 0 2
96 3 3 0 4
97 3 1 3 1
98 7 3 0 2
99 4 0 1 2
100 3 3 1 4
101 1 3 1 2
102 5 0 0 1
103 8 4 4 2
104 3 4 2 4
105 7 1 3 6
106 4 1 2 0
107 9 3 1 7
108 4 4 3 1
109 5 2 0 3
110 5 3 2 6
111 4 1 2 7
112 4 3 4 7
113 4 2 0 1
114 6 2 4 3
115 4 5 4 1
116 2 4 3 4
117 5 4 3 5
118 7 2 1 8
119 8 2 2 8
120 7 3 0 7
121 9 2 2 4
122 12 1 0 7
123 7 3 1 3
124 10 6 1 4
125 11 4 3 4
126 11 5 3 3
127 9 8 3 4
128 9 2 2 5
129 8 7 3 2
130 6 3 5 9
131 10 6 6 8
132 8 8 2 5
133 4 4 4 8
134 5 10 4 9
135 10 2 3 10
136 10 3 4 9
137 12 3 5 8
138 7 1 2 11
139 7 4 2 7
140 9 5 9 9
141 8 7 3 14
142 10 4 5 6
143 7 3 1 7
144 13 7 3 7
145 12 7 1 7
146 12 10 2 7
147 12 4 2 13
148 11 1 4 9
149 8 8 6 10
150 10 3 5 5
151 9 9 6 6
152 9 8 3 6
153 9 5 6 14
154 10 6 4 10
155 14 2 7 8
156 12 7 5 14
157 10 6 6 10
158 15 4 5 15
159 8 7 1 7
160 17 5 8 9
161 9 6 5 12
162 12 9 3 13
163 11 10 7 12
164 13 5 2 9
165 13 7 6 9
166 18 2 4 11
167 18 4 7 18
168 12 7 1 8
169 21 12 7 8
170 10 7 4 10
171 14 5 9 10
172 15 10 5 15
173 17 3 8 12
174 10 12 6 10
175 18 11 4 8
176 19 9 7 18
177 21 6 5 10
178 18 11 10 19
179 16 6 7 15
180 10 11 7 16
181 23 13 6 12
182 18 5 5 20
183 19 7 4 10
184 14 6 12 11
185 15 6 8 20
186 22 18 12 16
187 20 13 6 16
188 25 7 7 14
189 18 11 5 12
190 26 7 9 22
191 27 10 11 24
192 20 11 6 16
193 21 7 10 19
194 28 13 5 17
195 29 12 11 16
196 18 14 9 21
197 20 12 13 19
198 12 13 10 13
199 13 12 9 17
200 22 14 14 17
201 22 11 8 28
202 29 13 7 24
203 21 16 7 24
204 16 14 9 25
205 15 11 4 19
206 15 13 6 22
207 20 10 8 24
208 17 10 7 24
209 17 13 6 14
210 11 13 6 22
211 13 10 12 23
212 18 8 11 18
213 16 9 10 17
214 10 13 4 19
215 15 7 6 19
216 14 15 3 17
217 12 15 7 17
218 11 9 9 15
219 12 9 2 21
220 8 11 5 24
221 10 12 1 16
222 10 10 5 12
223 14 7 1 11
224 9 4 7 22
225 11 8 4 20
226 5 6 3 13
227 12 8 3 10
228 5 8 4 14
229 10 8 0 15
230 5 8 2 7
231 7 7 3 5
232 7 8 4 10
233 7 4 3 12
234 4 6 6 9
235 9 4 1 12
236 6 9 3 9
237 3 0 3 11
238 5 5 2 13
239 4 2 3 9
240 4 5 6 7
241 2 3 3 4
242 3 2 4 5
243 5 2 3 12
244 7 1 3 9
245 4 2 3 7
246 7 2 0 5
247 1 4 2 6
248 2 3 2 5
249 3 2 0 4
250 1 1 2 5
251 3 1 2 4
252 3 1 2 7
253 3 5 2 2
254 1 1 3 5
255 0 3 0 2
256 1 0 1 3
257 3 2 0 6
258 2 2 0 4
259 1 2 0 3
260 2 1 1 4
261 2 2 0 2
262 0 2 3 1
263 1 1 1 2
264 1 1 0 3
265 0 1 0 3
266 0 2 0 6
267 0 1 0 2
268 2 0 0 2
269 1 0 2 0
270 1 1 0 1
271 3 0 0 1
272 2 0 1 1
273 2 1 0 2
274 1 0 1 1
275 1 0 0 0
276 0 2 2 2
277 0 1 0 0
278 2 2 0 0
279 2 0 1 0
280 0 1 0 4
281 2 2 0 2
282 2 0 0 2
283 2 0 0 2
284 0 0 1 1
285 1 0 0 1
286 0 0 0 0
287 1 1 2 0
288 1 1 1 2
289 1 1 0 0
290 1 0 1 0
291 0 0 1 3
292 0 0 2 1
293 0 1 0 1
294 1 0 2 1
295 0 0 0 1
296 0 0 0 2
297 2 0 0 0
298 0 0 0 3
299 0 1 1 0
300 1 0 0 1
301 1 0 0 0
302 0 0 1 0
303 1 0 0 0
304 3 0 0 0
305 0 0 0 0
306 0 1 0 3
307 2 0 0 0
308 1 0 1 0
309 1 1 1 0
310 0 0 1 0
311 0 0 0 0
312 1 0 0 0
313 2 2 1 1
314 1 0 0 0
315 1 0 0 1
316 1 2 0 2
317 0 0 0 3
318 0 3 0 0
319 0 1 0 0
320 0 0 0 2
321 0 1 1 0
322 0 0 0 1
323 1 0 0 1
324 1 0 1 0
325 1 0 0 3
326 1 0 0 1
327 1 0 0 0
328 2 0 1 1
329 0 0 0 0
330 2 0 0 1
331 0 0 0 0
332 0 0 0 1
333 3 3 0 0
334 0 0 1 0
335 2 1 1 0
336 1 1 0 0
337 0 0 0 2
338 2 1 0 1
339 0 1 0 1
340 0 1 0 2
341 0 0 0 0
342 0 2 1 1
343 1 0 1 0
344 0 0 0 0
345 1 1 0 1
346 2 0 0 3
347 1 1 0 1
348 0 1 0 1
349 1 0 0 2
350 0 0 0 0
351 1 0 0 0
352 1 0 0 1
353 2 0 0 0
354 1 1 1 1
355 1 2 0 0
356 0 1 0 0
357 0 0 0 0
358 0 1 0 2
359 0 1 0 2
360 0 1 1 1
361 0 0 1 0
362 0 1 0 0
363 0 0 0 0
364 0 0 0 1
365 0 0 0 1
366 0 0 0 2
367 0 0 0 1
368 0 0 0 1
369 0 0 0 0
370 0 0 0 0
371 0 0 0 0
372 0 0 0 0
373 1 0 0 0
374 1 0 0 0
375 0 0 0 0
376 0 0 0 0
377 0 0 0 0
378 0 0 0 0
379 0 1 0 0
380 0 0 0 0
381 0 0 0 0
382 1 0 1 0
383 0 0 0 0
384 0 0 0 0
385 0 0 0 0
386 0 0 0 2
387 0 0 1 0
388 0 0 0 0
389 0 0 0 0
390 0 0 0 0
391 0 0 0 1
392 1 0 0 0
393 0 0 0 0
394 1 0 0 0
395 0 0 0 0
396 1 0 0 0
397 0 0 0 0
398 0 0 0 0
399 0 1 0 0
400 0 0 0 0
401 0 0 1 0
402 0 0 0 0
403 0 0 0 1
404 0 0 0 0
405 0 1 0 0
406 0 0 0 0
407 0 0 0 0
408 0 0 0 1
409 0 0 0 0
410 0 0 0 0
411 0 0 0 0
412 0 0 0 1
413 0 0 0 0
414 0 0 0 0
415 0 0 0 0
416 0 0 0 0
417 0 0 0 0
418 0 0 0 0
419 0 0 0 0
420 0 0 0 0
421 0 0 0 0
422 0 0 0 0
423 0 0 0 0
424 0 0 0 0
425 0 0 0 0
426 0 0 0 0
427 0 0 0 0
428 0 0 0 0
429 0 0 0 0
430 0 0 0 0
431 0 0 0 0
432 0 0 0 0
433 0 0 0 0
434 0 0 0 0
435 0 0 0 0
436 0 0 0 0
437 0 0 0 0
438 0 0 0 0
439 0 0 0 0
440 0 0 0 0
441 0 0 0 0
442 0 0 0 0
443 0 0 0 0
444 0 0 0 0
445 0 0 0 0
446 0 0 0 0
447 0 0 0 0
448 0 0 0 0
449 0 0 0 0
450 0 0 0 0
451 0 0 0 0
452 0 0 0 0
453 0 0 0 0
454 0 0 0 0
455 0 0 0 0
456 0 0 0 0
457 0 0 0 0
458 0 0 0 0
459 0 0 0 0
460 0 0 0 0
461 0 0 0 0
462 0 0 0 0
463 0 0 0 0
464 0 0 0 0
465 0 0 0 0
466 0 0 0 0
467 0 0 0 0
468 0 0 0 0
469 0 0 0 0
470 0 0 0 0
471 0 0 0 0
472 0 0 0 0
473 0 0 0 0
474 0 0 0 0
475 0 0 0 0
476 0 0 0 0
477 0 0 0 0
478 0 0 0 0
479 0 0 0 0
480 0 0 0 0
481 0 0 0 0
482 0 0 0 0
483 0 0 0 0
484 0 0 0 0
485 0 0 0 0
486 0 0 0 0
487 0 0 0 0
488 0 0 0 0
489 0 0 0 0
490 0 0 0 0
491 0 0 0 0
492 0 0 0 0
493 0 0 0 0
494 0 0 0 0
495 0 0 0 0
496 0 0 0 0
497 0 0 0 0
498 0 0 0 0
499 0 0 0 0
500 0 0 0 0
501 0 0 0 0
502 0 0 0 0
503 0 0 0 0
504 0 0 0 0
505 0 0 0 0
506 0 0 0 0
507 0 0 0 0
508 0 0 0 0
509 0 0 0 0
510 0 0 0 0
511 0 0 0 0
512 0 0 0 0
513 0 0 0 0
514 0 0 0 0
515 0 0 0 0
516 0 0 0 0
517 0 0 0 0
518 0 0 0 0
519 0 0 0 0
520 0 0 0 0
521 0 0 0 0
522 0 0 0 0
523 0 0 0 0
524 0 0 0 0
525 0 0 0 0
526 0 0 0 0
527 0 0 0 0
528 0 0 0 0
529 0 0 0 0
530 0 0 0 0
531 0 0 0 0
532 0 0 0 0
533 0 0 0 0
534 0 0 0 0
535 0 0 0 0
536 0 0 0 0
537 0 0 0 0
538 0 0 0 0
539 0 0 0 0
540 0 0 0 0
541 0 0 0 0
542 0 0 0 0
543 0 0 0 0
544 0 0 0 0
545 0 0 0 0
546 0 0 0 0
547 0 0 0 0
548 0 0 0 0
549 0 0 0 0
550 0 0 0 0
551 0 0 0 0
552 0 0 0 0
553 0 0 0 0
554 0 0 0 0
555 0 0 0 0
556 0 0 0 0
557 0 0 0 0
558 0 0 0 0
559 0 0 0 0
560 0 0 0 0
561 0 0 0 0
562 0 0 0 0
563 0 0 0 0
564 0 0 0 0
565 0 0 0 0
566 0 0 0 0
567 0 0 0 0
568 0 0 0 0
569 0 0 0 0
570 0 0 0 0
571 0 0 0 0
572 0 0 0 0
573 0 0 0 0
574 0 0 0 0
575 0 0 0 0
576 0 0 0 0
577 0 0 0 0
578 0 0 0 0
579 0 0 0 0
580 0 0 0 0
581 0 0 0 0
582 0 0 0 0
583 0 0 0 0
584 0 0 0 0
585 0 0 0 0
586 0 0 0 0
587 0 0 0 0
588 0 0 0 0
589 0 0 0 0
590 0 0 0 0
591 0 0 0 0
592 0 0 0 0
593 0 0 0 0
594 0 0 0 0
595 0 0 0 0
596 0 0 0 0
597 0 0 0 0
598 0 0 0 0
599 0 0 0 0
600 0 0 0 0
601 0 0 0 0
602 0 0 0 0
603 0 0 0 0
604 0 0 0 0
605 0 0 0 0
606 0 0 0 0
607 0 0 0 0
608 0 0 0 0
609 0 0 0 0
610 0 0 0 0
611 0 0 0 0
612 0 0 0 0
613 0 0 0 0
614 0 0 0 0
615 0 0 0 0
616 0 0 0 0
617 0 0 0 0
618 0 0 0 0
619 0 0 0 0
620 0 0 0 0
621 0 0 0 0
622 0 0 0 0
623 0 0 0 0
624 0 0 0 0
625 0 0 0 0
626 0 0 0 0
627 0 0 0 0
628 0 0 0 0
629 0 0 0 0
630 0 0 0 0
631 0 0 0 0
632 0 0 0 0
633 0 0 0 0
634 0 0 0 0
635 0 0 0 0
636 0 0 0 0
637 0 0 0 0
638 0 0 0 0
639 0 0 0 0
640 0 0 0 0
641 0 0 0 0
642 0 0 0 0
643 0 0 0 0
644 0 0 0 0
645 0 0 0 0
646 0 0 0 0
647 0 0 0 0
648 0 0 0 0
649 0 0 0 0
650 0 0 0 0
651 0 0 0 0
652 0 0 0 0
653 0 0 0 0
654 0 0 0 0
655 0 0 0 0
656 0 0 0 0
657 0 0 0 0
658 0 0 0 0
659 0 0 0 0
660 0 0 0 0
661 0 0 0 0
662 0 0 0 0
663 0 0 0 0
664 0 0 0 0
665 0 0 0 0
666 0 0 0 0
667 0 0 0 0
668 0 0 0 0
669 0 0 0 0
670 0 0 0 0
671 0 0 0 0
672 0 0 0 0
673 0 0 0 0
674 0 0 0 0
675 0 0 0 0
676 0 0 0 0
677 0 0 0 0
678 0 0 0 0
679 0 0 0 0
680 0 0 0 0
681 0 0 0 0
682 0 0 0 0
683 0 0 0 0
684 0 0 0 0
685 0 0 0 0
686 0 0 0 0
687 0 0 0 0
688 0 0 0 0
689 0 0 0 0
690 0 0 0 0
691 0 0 0 0
692 0 0 0 0
693 0 0 0 0
694 0 0 0 0
695 0 0 0 0
696 0 0 0 0
697 0 0 0 0
698 0 0 0 0
699 0 0 0 0
700 0 0 0 0
701 0 0 0 0
702 0 0 0 0
703 0 0 0 0
704 0 0 0 0
705 0 0 0 0
706 0 0 0 0
707 0 0 0 0
708 0 0 0 0
709 0 0 0 0
710 0 0 0 0
711 0 0 0 0
712 0 0 0 0
713 0 0 0 0
714 0 0 0 0
715 0 0 0 0
716 0 0 0 0
717 0 0 0 0
718 0 0 0 0
719 0 0 0 0
720 0 0 0 0
721 0 0 0 0
722 0 0 0 0
723 0 0 0 0
724 0 0 0 0
725 0 0 0 0
726 0 0 0 0
727 0 0 0 0
