0 0 0 0 0
1 0 0 0 0
2 0 0 0 0
3 0 0 0 0
4 0 0 0 0
5 0 2 1 0
6 0 0 0 0
7 0 0 0 0
8 0 0 0 0
9 0 0 2 2
10 0 0 0 0
11 0 0 0 0
12 0 0 0 1
13 0 0 0 0
14 0 0 0 0
15 0 0 0 0
16 0 0 0 2
17 0 0 0 0
18 0 0 0 0
19 0 0 0 0
20 2 0 0 0
21 0 0 0 0
22 1 0 0 0
23 0 0 0 0
24 1 0 0 0
25 1 2 0 0
26 3 0 0 0
27 2 0 0 0
28 1 0 0 0
29 2 1 1 2
30 0 1 0 0
31 1 1 2 0
32 1 0 1 0
33 1 0 1 0
34 1 1 1 1
35 0 0 0 2
36 0 2 0 3
37 0 0 0 1
38 1 0 0 2
39 1 0 0 0
40 0 0 0 1
41 1 0 1 1
42 0 1 0 0
43 2 1 1 1
44 0 0 0 0
45 1 0 0 1
46 2 1 0 1
47 1 0 0 0
48 0 1 2 0
49 1 0 0 0
50 0 0 0 3
51 1 0 0 0
52 1 1 0 0
53 1 0 0 0
54 1 1 1 0
55 3 1 1 3
56 1 1 0 1
57 2 0 0 0
58 2 0 1 2
59 3 0 1 0
60 0 1 0 0
61 1 0 2 0
62 0 2 0 2
63 0 0 1 2
64 0 3 0 1
65 0 0 0 3
66 2 1 0 1
67 2 1 0 1
68 2 1 0 2
69 0 0 0 1
70 1 0 1 0
71 2 1 1 2
72 3 0 1 1
73 1 1 0 1
74 3 0 0 0
75 2 0 0 2
76 1 1 1 0
77 0 2 2 2
78 0 0 0 0
79 3 2 1 1
80 2 2 0 1
81 4 2 0 2
82 3 0 1 1
83 1 1 0 4
84 1 0 0 2
85 3 0 0 0
86 3 3 0 1
87 4 1 1 1
88 4 2 2 2
89 0 1 1 0
90 3 1 2 2
91 0 1 1 1
92 3 1 1 3
93 4 1 4 4
94 5 1 0 2
95 2 0 3 2
96 4 0 2 0
97 0 1 0 7
98 1 1 2 0
99 3 1 2 4
100 2 1 1 1
101 2 2 2 2
102 1 1 0 2
103 2 4 1 3
104 4 2 0 1
105 3 2 1 6
106 4 1 0 3
107 1 0 1 4
108 3 0 1 2
109 4 1 3 1
110 2 2 1 2
111 5 2 0 1
112 3 1 2 3
113 5 2 0 3
114 2 2 3 1
115 4 2 1 2
116 5 3 1 3
117 3 2 1 3
118 4 1 1 2
119 0 2 0 4
120 1 1 2 4
121 3 5 1 4
122 3 2 3 3
123 1 0 1 3
124 3 1 0 3
125 4 1 1 3
126 4 4 0 5
127 4 4 2 1
128 8 0 0 4
129 7 3 1 3
130 8 3 2 4
131 4 1 1 3
132 7 5 0 0
133 6 4 1 1
134 6 1 1 7
135 3 5 1 2
136 5 0 2 3
137 8 3 3 7
138 6 8 2 2
139 5 3 4 8
140 3 2 2 2
141 5 6 1 3
142 9 1 4 5
143 4 6 1 3
144 4 1 2 6
145 6 2 1 10
146 6 5 2 9
147 8 3 2 5
148 3 2 1 4
149 7 4 0 3
150 3 2 2 8
151 6 1 5 3
152 8 4 6 3
153 6 0 3 7
154 9 2 5 6
155 9 4 4 2
156 7 5 1 7
157 6 4 2 2
158 11 1 5 8
159 7 8 1 9
160 5 3 3 8
161 6 2 3 7
162 4 2 5 8
163 9 6 4 5
164 5 7 2 3
165 9 2 2 3
166 5 2 1 10
167 9 4 2 8
168 8 7 2 7
169 5 4 2 6
170 10 3 6 6
171 9 3 1 7
172 9 8 1 9
173 16 10 1 8
174 8 5 3 8
175 14 8 2 5
176 13 2 4 5
177 10 3 4 10
178 11 8 3 5
179 13 5 3 10
180 15 7 5 8
181 15 6 5 8
182 6 5 8 10
183 10 5 4 7
184 9 11 5 12
185 10 10 5 11
186 10 6 4 13
187 10 2 6 9
188 13 3 7 11
189 11 9 2 12
190 12 13 4 9
191 12 4 4 12
192 12 8 2 16
193 10 8 4 12
194 12 3 5 19
195 10 10 4 5
196 15 7 7 8
197 9 7 6 12
198 11 5 2 7
199 13 6 3 10
200 11 3 6 12
201 14 8 4 11
202 6 7 2 17
203 14 6 7 12
204 8 8 4 8
205 7 10 4 9
206 9 8 6 7
207 9 5 2 17
208 13 10 3 9
209 8 6 4 11
210 10 5 5 9
211 10 5 3 11
212 7 8 1 12
213 11 5 3 14
214 9 4 4 6
215 5 4 3 10
216 9 10 4 14
217 9 9 4 11
218 12 9 1 7
219 10 6 5 5
220 7 2 3 15
221 7 2 4 13
222 4 6 4 8
223 5 6 4 10
224 2 4 3 7
225 7 6 2 13
226 5 5 1 8
227 4 6 2 6
228 1 3 8 8
229 5 1 3 5
230 4 6 5 10
231 4 2 2 6
232 4 1 3 12
233 5 1 0 1
234 4 2 1 10
235 6 3 3 12
236 7 0 1 5
237 5 2 1 5
238 4 5 1 1
239 4 2 2 3
240 4 7 2 1
241 3 4 2 5
242 4 3 2 7
243 1 1 2 3
244 1 1 0 7
245 3 2 2 5
246 2 1 2 4
247 5 3 2 4
248 3 3 2 4
249 0 3 0 4
250 1 3 0 4
251 0 3 0 4
252 2 1 0 4
253 1 1 2 3
254 1 1 1 4
255 2 1 0 5
256 1 2 2 2
257 1 1 1 3
258 1 1 0 1
259 0 0 0 0
260 1 1 1 4
261 0 1 1 3
262 1 0 0 1
263 0 0 2 2
264 1 0 0 1
265 0 1 0 3
266 1 1 0 0
267 0 0 0 1
268 0 0 0 0
269 1 1 0 1
270 0 0 0 2
271 2 1 1 0
272 1 0 0 0
273 1 0 0 1
274 1 0 0 0
275 0 0 0 2
276 0 0 0 1
277 0 1 0 0
278 1 0 1 0
279 0 0 0 0
280 1 0 2 0
281 1 0 0 0
282 0 1 0 1
283 0 0 1 0
284 0 0 0 2
285 0 0 1 0
286 0 0 1 0
287 0 0 1 2
288 0 0 0 0
289 0 0 0 0
290 0 0 0 1
291 0 0 0 0
292 0 0 0 1
293 0 0 0 1
294 0 0 0 1
295 0 0 0 0
296 0 0 0 0
297 0 0 0 0
298 0 0 0 0
299 0 0 0 0
300 0 0 0 0
301 0 0 0 0
302 0 0 0 0
303 0 0 0 0
304 0 0 0 0
305 0 0 0 0
306 0 0 0 0
307 0 0 0 0
308 0 0 0 0
309 0 0 0 0
310 1 0 0 0
311 1 0 0 0
312 0 0 0 0
313 0 0 0 0
314 0 0 0 0
315 0 0 0 0
316 0 0 0 0
317 0 0 0 0
318 0 0 0 0
319 0 1 0 0
320 0 1 0 0
321 0 0 0 0
322 0 0 0 0
323 0 0 0 1
324 0 0 0 1
325 0 0 0 0
326 0 0 0 0
327 0 0 0 0
328 0 0 0 0
329 0 0 0 0
330 0 0 0 0
331 0 0 0 0
332 0 0 0 0
333 0 0 0 0
334 0 0 0 0
335 0 0 0 0
336 0 0 0 0
337 0 0 0 0
338 0 0 0 0
339 0 0 0 0
340 0 0 0 0
341 0 0 0 0
342 0 0 0 0
343 0 0 0 0
344 0 0 0 0
345 1 0 0 0
346 0 0 0 0
347 0 0 0 0
348 0 0 0 0
349 0 0 0 0
350 0 0 0 0
351 0 0 0 0
352 0 0 0 0
353 0 0 0 0
354 0 1 0 0
355 0 0 0 0
356 0 0 0 0
357 0 0 0 0
358 0 0 0 1
359 0 0 0 0
360 0 0 0 0
361 0 0 0 0
362 0 0 0 0
363 0 0 0 0
364 0 0 0 0
365 0 0 0 0
366 0 0 0 0
367 0 0 0 0
368 0 0 0 0
369 0 0 0 0
370 0 0 0 0
371 0 0 0 0
372 0 0 0 0
373 0 0 0 0
374 0 0 0 0
375 0 0 0 0
376 0 0 0 0
377 0 0 0 0
378 0 0 0 0
379 0 0 0 0
380 0 0 0 0
381 0 0 0 0
382 0 0 0 0
383 0 0 0 0
384 0 0 0 0
385 0 0 0 0
386 0 0 0 0
387 0 0 0 0
388 0 0 0 0
389 0 0 0 0
390 0 0 0 0
391 0 0 0 0
392 0 0 0 0
393 0 0 0 0
394 0 0 0 0
395 0 0 0 0
396 0 0 0 0
397 0 0 0 0
398 0 0 0 0
399 0 0 0 0
400 0 0 0 0
401 0 0 0 0
402 0 0 0 0
403 0 0 0 0
404 0 0 0 0
405 0 0 0 0
406 0 0 0 0
407 0 0 0 0
408 0 0 0 0
409 0 0 0 0
410 0 0 0 0
411 0 0 0 0
412 0 0 0 0
413 0 0 0 0
414 0 0 0 0
415 0 0 0 0
416 0 0 0 0
417 0 0 0 0
418 0 0 0 0
419 0 0 0 0
420 0 0 0 0
421 0 0 0 0
422 0 0 0 0
423 0 0 0 0
424 0 0 0 0
425 0 0 0 0
426 0 0 0 0
427 0 0 0 0
428 0 0 0 0
429 0 0 0 0
430 0 0 0 0
431 0 0 0 0
432 0 0 0 0
433 0 0 0 0
434 0 0 0 0
435 0 0 0 0
436 0 0 0 0
437 0 0 0 0
438 0 0 0 0
439 0 0 0 0
440 0 0 0 0
441 0 0 0 0
442 0 0 0 0
443 0 0 0 0
444 0 0 0 0
445 0 0 0 0
446 0 0 0 0
447 0 0 0 0
448 0 0 0 0
449 0 0 0 0
450 0 0 0 0
451 0 0 0 0
452 0 0 0 0
453 0 0 0 0
454 0 0 0 0
455 0 0 0 0
456 0 0 0 0
457 0 0 0 0
458 0 0 0 0
459 0 0 0 0
460 0 0 0 0
461 0 0 0 0
462 0 0 0 0
463 0 0 0 0
464 0 0 0 0
465 0 0 0 0
466 0 0 0 0
467 0 0 0 0
468 0 0 0 0
469 0 0 0 0
470 0 0 0 0
471 0 0 0 0
472 0 0 0 0
473 0 0 0 0
474 0 0 0 0
475 0 0 0 0
476 0 0 0 0
477 0 0 0 0
478 0 0 0 0
479 0 0 0 0
480 0 0 0 0
481 0 0 0 0
482 0 0 0 0
483 0 0 0 0
484 0 0 0 0
485 0 0 0 0
486 0 0 0 0
487 0 0 0 0
488 0 0 0 0
489 0 0 0 0
490 0 0 0 0
491 0 0 0 0
492 0 0 0 0
493 0 0 0 0
494 0 0 0 0
495 0 0 0 0
496 0 0 0 0
497 0 0 0 0
498 0 0 0 0
499 0 0 0 0
500 0 0 0 0
501 0 0 0 0
502 0 0 0 0
503 0 0 0 0
504 0 0 0 0
505 0 0 0 0
506 0 0 0 0
507 0 0 0 0
508 0 0 0 0
509 0 0 0 0
510 0 0 0 0
511 0 0 0 0
512 0 0 0 0
513 0 0 0 0
514 0 0 0 0
515 0 0 0 0
516 0 0 0 0
517 0 0 0 0
518 0 0 0 0
519 0 0 0 0
520 0 0 0 0
521 0 0 0 0
522 0 0 0 0
523 0 0 0 0
524 0 0 0 0
525 0 0 0 0
526 0 0 0 0
527 0 0 0 0
528 0 0 0 0
529 0 0 0 0
530 0 0 0 0
531 0 0 0 0
532 0 0 0 0
533 0 0 0 0
534 0 0 0 0
535 0 0 0 0
536 0 0 0 0
537 0 0 0 0
538 0 0 0 0
539 0 0 0 0
540 0 0 0 0
541 0 0 0 0
542 0 0 0 0
543 0 0 0 0
544 0 0 0 0
545 0 0 0 0
546 0 0 0 0
547 0 0 0 0
548 0 0 0 0
549 0 0 0 0
550 0 0 0 0
551 0 0 0 0
552 0 0 0 0
553 0 0 0 0
554 0 0 0 0
555 0 0 0 0
556 0 0 0 0
557 0 0 0 0
558 0 0 0 0
559 0 0 0 0
560 0 0 0 0
561 0 0 0 0
562 0 0 0 0
563 0 0 0 0
564 0 0 0 0
565 0 0 0 0
566 0 0 0 0
567 0 0 0 0
568 0 0 0 0
569 0 0 0 0
570 0 0 0 0
571 0 0 0 0
572 0 0 0 0
573 0 0 0 0
574 0 0 0 0
575 0 0 0 0
576 0 0 0 0
577 0 0 0 0
578 0 0 0 0
579 0 0 0 0
580 0 0 0 0
581 0 0 0 0
582 0 0 0 0
583 0 0 0 0
584 0 0 0 0
585 0 0 0 0
586 0 0 0 0
587 0 0 0 0
588 0 0 0 0
589 0 0 0 0
590 0 0 0 0
591 0 0 0 0
592 0 0 0 0
593 0 0 0 0
594 0 0 0 0
595 0 0 0 0
596 0 0 0 0
597 0 0 0 0
598 0 0 0 0
599 0 0 0 0
600 0 0 0 0
601 0 0 0 0
602 0 0 0 0
603 0 0 0 0
604 0 0 0 0
605 0 0 0 0
606 0 0 0 0
607 0 0 0 0
608 0 0 0 0
609 0 0 0 0
610 0 0 0 0
611 0 0 0 0
612 0 0 0 0
613 0 0 0 0
614 0 0 0 0
615 0 0 0 0
616 0 0 0 0
617 0 0 0 0
618 0 0 0 0
619 0 0 0 0
620 0 0 0 0
621 0 0 0 0
622 0 0 0 0
623 0 0 0 0
624 0 0 0 0
625 0 0 0 0
626 0 0 0 0
627 0 0 0 0
628 0 0 0 0
629 0 0 0 0
630 0 0 0 0
631 0 0 0 0
632 0 0 0 0
633 0 0 0 0
634 0 0 0 0
635 0 0 0 0
636 0 0 0 0
637 0 0 0 0
638 0 0 0 0
639 0 0 0 0
640 0 0 0 0
641 0 0 0 0
642 0 0 0 0
643 0 0 0 0
644 0 0 0 0
645 0 0 0 0
646 0 0 0 0
647 0 0 0 0
648 0 0 0 0
649 0 0 0 0
650 0 0 0 0
651 0 0 0 0
652 0 0 0 0
653 0 0 0 0
654 0 0 0 0
655 0 0 0 0
656 0 0 0 0
657 0 0 0 0
658 0 0 0 0
659 0 0 0 0
660 0 0 0 0
661 0 0 0 0
662 0 0 0 0
663 0 0 0 0
664 0 0 0 0
665 0 0 0 0
666 0 0 0 0
667 0 0 0 0
668 0 0 0 0
669 0 0 0 0
670 0 0 0 0
671 0 0 0 0
672 0 0 0 0
673 0 0 0 0
674 0 0 0 0
675 0 0 0 0
676 0 0 0 0
677 0 0 0 0
678 0 0 0 0
679 0 0 0 0
680 0 0 0 0
681 0 0 0 0
682 0 0 0 0
683 0 0 0 0
684 0 0 0 0
685 0 0 0 0
686 0 0 0 0
687 0 0 0 0
688 0 0 0 0
689 0 0 0 0
690 0 0 0 0
691 0 0 0 0
692 0 0 0 0
693 0 0 0 0
694 0 0 0 0
695 0 0 0 0
696 0 0 0 0
697 0 0 0 0
698 0 0 0 0
699 0 0 0 0
700 0 0 0 0
701 0 0 0 0
702 0 0 0 0
703 0 0 0 0
704 0 0 0 0
705 0 0 0 0
706 0 0 0 0
707 0 0 0 0
708 0 0 0 0
709 0 0 0 0
710 0 0 0 0
711 0 0 0 0
712 0 0 0 0
713 0 0 0 0
714 0 0 0 0
715 0 0 0 0
716 0 0 0 0
717 0 0 0 0
718 0 0 0 0
719 0 0 0 0
720 0 0 0 0
721 0 0 0 0
722 0 0 0 0
723 0 0 0 0
724 0 0 0 0
725 0 0 0 0
726 0 0 0 0
727 0 0 0 0
