0 0 0 0 0
1 0 0 0 0
2 0 0 0 0
3 0 0 0 0
4 0 0 0 0
5 0 3 0 0
6 0 0 0 0
7 0 0 0 0
8 0 0 0 0
9 0 2 0 2
10 0 0 0 0
11 0 0 0 0
12 0 0 0 1
13 0 0 0 1
14 0 0 0 0
15 0 0 0 0
16 0 0 0 1
17 0 0 0 0
18 0 0 0 0
19 0 0 0 0
20 0 0 0 0
21 0 0 0 0
22 0 0 0 0
23 0 0 0 0
24 0 0 0 0
25 0 0 0 0
26 0 0 0 0
27 0 0 0 0
28 0 0 0 0
29 0 0 0 0
30 1 0 0 0
31 0 0 0 0
32 0 0 0 0
33 0 0 0 0
34 1 0 0 0
35 0 1 0 0
36 0 0 0 0
37 0 0 0 0
38 0 0 0 0
39 0 0 1 0
40 0 0 0 0
41 0 0 0 0
42 0 0 0 1
43 0 0 0 0
44 0 0 0 0
45 0 0 0 0
46 0 0 0 1
47 0 0 0 0
48 0 0 0 0
49 0 0 0 0
50 0 0 0 0
51 0 0 0 0
52 0 0 0 0
53 1 0 0 0
54 1 0 0 0
55 1 0 0 0
56 2 0 0 0
57 1 0 0 0
58 2 0 0 0
59 2 0 1 0
60 1 0 0 0
61 1 1 0 0
62 0 1 1 0
63 1 2 0 1
64 0 1 1 0
65 0 1 0 0
66 0 1 0 3
67 1 0 0 0
68 0 2 0 1
69 0 1 0 0
70 0 0 0 2
71 0 0 0 1
72 0 0 0 2
73 0 0 0 2
74 0 0 0 0
75 1 0 0 1
76 0 1 0 0
77 1 0 0 0
78 1 0 0 0
79 1 0 0 0
80 0 1 0 1
81 3 0 0 0
82 1 1 0 0
83 0 0 0 0
84 1 0 1 1
85 0 0 0 0
86 2 1 0 1
87 2 1 1 0
88 1 0 0 1
89 1 0 0 0
90 1 1 1 1
91 0 1 0 0
92 2 0 1 0
93 2 1 1 0
94 1 1 0 2
95 1 1 1 1
96 0 0 1 1
97 2 1 0 4
98 2 0 1 1
99 2 0 0 1
100 0 1 0 1
101 0 1 0 1
102 2 0 1 2
103 1 0 1 0
104 0 0 1 0
105 0 0 0 1
106 0 2 0 0
107 0 3 1 1
108 1 0 0 0
109 0 0 0 1
110 1 0 0 2
111 3 0 1 3
112 1 1 0 0
113 0 1 0 1
114 0 0 0 2
115 1 0 1 0
116 1 0 1 0
117 1 0 1 1
118 1 0 0 1
119 1 0 0 1
120 1 1 1 1
121 2 1 0 1
122 3 1 0 1
123 2 1 0 0
124 2 1 1 1
125 4 1 0 0
126 2 2 0 0
127 1 2 0 1
128 1 2 0 3
129 4 1 0 2
130 4 2 1 2
131 1 3 0 0
132 2 1 0 2
133 2 1 0 1
134 2 3 1 4
135 1 0 1 3
136 0 1 0 0
137 4 1 1 2
138 2 1 2 4
139 2 3 1 2
140 3 0 0 0
141 1 1 0 1
142 3 1 2 0
143 3 0 4 1
144 1 0 1 2
145 3 2 1 4
146 1 1 1 6
147 1 2 0 0
148 2 2 2 1
149 1 0 0 3
150 2 2 1 5
151 4 1 0 1
152 3 1 0 2
153 2 1 1 1
154 4 1 1 3
155 6 1 1 3
156 2 2 1 1
157 4 0 1 2
158 5 1 1 2
159 0 3 1 2
160 3 1 2 4
161 4 3 0 0
162 7 1 0 2
163 2 4 2 2
164 3 2 2 4
165 4 1 1 3
166 3 1 2 3
167 3 4 0 3
168 3 0 1 3
169 1 2 3 1
170 3 2 3 4
171 2 3 1 3
172 5 2 1 1
173 6 1 3 5
174 4 1 3 4
175 5 1 1 1
176 6 2 1 4
177 0 2 1 5
178 2 1 1 5
179 5 3 2 4
180 3 4 1 3
181 2 5 1 5
182 3 2 1 2
183 2 2 0 5
184 3 2 3 4
185 6 3 2 3
186 8 0 2 3
187 4 2 0 4
188 3 1 1 6
189 8 1 1 4
190 10 1 2 2
191 5 2 3 4
192 8 3 1 4
193 6 3 0 2
194 7 5 4 1
195 6 9 4 3
196 9 1 2 1
197 6 3 2 4
198 8 1 3 9
199 6 0 3 14
200 6 2 4 4
201 6 5 6 5
202 7 4 3 5
203 3 5 7 2
204 4 2 4 4
205 6 2 3 7
206 5 5 2 3
207 4 5 1 9
208 4 3 2 9
209 1 1 5 7
210 5 6 2 10
211 5 4 2 4
212 2 2 1 6
213 7 3 0 7
214 4 0 0 9
215 2 0 3 5
216 2 1 3 5
217 2 2 1 3
218 3 3 2 4
219 8 5 0 3
220 5 3 1 6
221 4 4 1 1
222 7 3 1 1
223 5 0 1 5
224 8 2 3 1
225 4 4 1 11
226 5 3 0 5
227 3 6 1 4
228 3 3 3 5
229 5 5 1 2
230 2 1 1 3
231 1 1 4 2
232 1 2 2 5
233 2 4 1 3
234 1 1 4 7
235 0 3 1 7
236 1 2 0 5
237 1 2 0 5
238 1 1 3 4
239 0 1 1 6
240 2 1 0 3
241 2 1 0 5
242 1 1 1 2
243 2 0 0 2
244 3 0 0 0
245 0 0 0 4
246 4 1 0 0
247 3 0 1 0
248 0 1 0 0
249 2 1 2 2
250 1 1 0 0
251 1 2 1 1
252 3 0 2 0
253 3 0 2 2
254 3 1 0 0
255 1 2 1 4
256 1 2 0 2
257 0 0 2 2
258 1 2 1 2
259 1 1 0 1
260 0 1 1 1
261 1 2 0 1
262 0 2 0 5
263 2 0 2 2
264 1 0 0 4
265 2 0 0 1
266 3 0 1 2
267 4 0 0 1
268 4 2 1 1
269 3 0 0 1
270 1 0 0 1
271 0 0 1 0
272 1 1 2 3
273 1 1 1 1
274 3 0 2 0
275 0 2 0 1
276 3 1 0 1
277 5 3 2 1
278 1 1 1 1
279 4 3 0 5
280 1 0 0 2
281 0 2 0 3
282 3 5 1 2
283 2 1 0 3
284 1 2 1 2
285 2 1 1 1
286 0 0 0 3
287 3 1 2 1
288 0 1 1 3
289 2 0 1 5
290 1 2 0 1
291 3 1 0 1
292 0 0 1 0
293 3 0 0 0
294 0 1 2 4
295 2 1 0 2
296 2 3 2 2
297 0 0 0 0
298 0 0 0 1
299 0 0 0 0
300 0 2 0 2
301 0 2 0 3
302 0 3 0 1
303 1 0 0 3
304 0 0 0 0
305 0 0 0 2
306 0 0 0 0
307 1 0 0 2
308 1 0 0 0
309 1 0 0 3
310 0 0 0 0
311 1 0 0 0
312 0 0 1 0
313 1 1 0 0
314 0 0 0 0
315 0 0 0 0
316 0 2 0 1
317 0 0 0 0
318 0 0 2 0
319 0 0 0 0
320 1 0 0 2
321 0 0 0 0
322 0 0 0 1
323 0 0 0 1
324 0 0 0 0
325 0 0 1 1
326 0 0 0 0
327 0 0 0 0
328 1 0 0 0
329 0 0 0 1
330 0 0 0 0
331 0 0 0 0
332 1 0 0 0
333 1 0 0 0
334 0 0 0 0
335 1 0 0 0
336 0 0 0 0
337 0 2 0 0
338 1 0 0 0
339 0 0 0 0
340 0 0 0 0
341 0 0 0 1
342 1 0 1 0
343 0 0 0 0
344 0 0 1 1
345 0 0 0 0
346 0 0 0 0
347 0 0 1 0
348 0 0 0 1
349 0 0 0 1
350 0 0 0 0
351 0 1 0 0
352 0 0 0 0
353 0 0 0 0
354 0 0 0 1
355 0 0 0 0
356 0 0 0 0
357 0 0 0 0
358 1 0 0 1
359 0 0 0 0
360 0 0 0 0
361 0 0 0 0
362 0 0 0 0
363 0 0 0 0
364 0 0 0 0
365 0 0 0 0
366 0 0 0 0
367 0 1 0 0
368 0 0 0 0
369 0 0 0 0
370 0 0 0 0
371 0 0 0 0
372 0 0 0 0
373 0 0 0 0
374 0 0 0 1
375 0 0 0 0
376 0 0 0 0
377 0 0 0 0
378 0 0 0 0
379 0 0 0 0
380 0 0 0 0
381 0 0 0 0
382 0 0 0 0
383 0 0 0 0
384 0 0 0 0
385 0 0 0 0
386 0 0 0 0
387 0 0 0 0
388 0 0 0 0
389 0 0 0 0
390 0 0 0 0
391 0 0 0 0
392 0 0 0 0
393 0 0 0 0
394 0 0 0 0
395 0 0 0 0
396 0 0 0 0
397 0 0 0 0
398 0 0 0 0
399 0 0 0 0
400 0 0 0 0
401 0 0 0 0
402 0 0 0 0
403 0 0 0 0
404 0 0 0 0
405 0 0 0 0
406 0 0 0 0
407 0 0 0 0
408 0 0 0 0
409 0 0 0 0
410 0 0 0 0
411 0 0 0 0
412 0 0 0 0
413 0 0 0 0
414 0 0 0 0
415 0 0 0 0
416 0 0 0 0
417 0 0 0 0
418 0 0 0 0
419 0 0 0 0
420 0 0 0 0
421 0 0 0 0
422 0 0 0 0
423 0 0 0 0
424 0 0 0 0
425 0 0 0 0
426 0 0 0 0
427 0 0 0 0
428 0 0 0 0
429 0 0 0 0
430 0 0 0 0
431 0 0 0 0
432 0 0 0 0
433 0 0 0 0
434 0 0 0 0
435 0 0 0 0
436 0 0 0 0
437 0 0 0 0
438 0 0 0 0
439 0 0 0 0
440 0 0 0 0
441 0 0 0 0
442 0 0 0 0
443 0 0 0 0
444 0 0 0 0
445 0 0 0 0
446 0 0 0 0
447 0 0 0 0
448 0 0 0 0
449 0 0 0 0
450 0 0 0 0
451 0 0 0 0
452 0 0 0 0
453 0 0 0 0
454 0 0 0 0
455 0 0 0 0
456 0 0 0 0
457 0 0 0 0
458 0 0 0 0
459 0 0 0 0
460 0 0 0 0
461 0 0 0 0
462 0 0 0 0
463 0 0 0 0
464 0 0 0 0
465 0 0 0 0
466 0 0 0 0
467 0 0 0 0
468 0 0 0 0
469 0 0 0 0
470 0 0 0 0
471 0 0 0 0
472 0 0 0 0
473 0 0 0 0
474 0 0 0 0
475 0 0 0 0
476 0 0 0 0
477 0 0 0 0
478 0 0 0 0
479 0 0 0 0
480 0 0 0 0
481 0 0 0 0
482 0 0 0 0
483 0 0 0 0
484 0 0 0 0
485 0 0 0 0
486 0 0 0 0
487 0 0 0 0
488 0 0 0 0
489 0 0 0 0
490 0 0 0 0
491 0 0 0 0
492 0 0 0 0
493 0 0 0 0
494 0 0 0 0
495 0 0 0 0
496 0 0 0 0
497 0 0 0 0
498 0 0 0 0
499 0 0 0 0
500 0 0 0 0
501 0 0 0 0
502 0 0 0 0
503 0 0 0 0
504 0 0 0 0
505 0 0 0 0
506 0 0 0 0
507 0 0 0 0
508 0 0 0 0
509 0 0 0 0
510 0 0 0 0
511 0 0 0 0
512 0 0 0 0
513 0 0 0 0
514 0 0 0 0
515 0 0 0 0
516 0 0 0 0
517 0 0 0 0
518 0 0 0 0
519 0 0 0 0
520 0 0 0 0
521 0 0 0 0
522 0 0 0 0
523 0 0 0 0
524 0 0 0 0
525 0 0 0 0
526 0 0 0 0
527 0 0 0 0
528 0 0 0 0
529 0 0 0 0
530 0 0 0 0
531 0 0 0 0
532 0 0 0 0
533 0 0 0 0
534 0 0 0 0
535 0 0 0 0
536 0 0 0 0
537 0 0 0 0
538 0 0 0 0
539 0 0 0 0
540 0 0 0 0
541 0 0 0 0
542 0 0 0 0
543 0 0 0 0
544 0 0 0 0
545 0 0 0 0
546 0 0 0 0
547 0 0 0 0
548 0 0 0 0
549 0 0 0 0
550 0 0 0 0
551 0 0 0 0
552 0 0 0 0
553 0 0 0 0
554 0 0 0 0
555 0 0 0 0
556 0 0 0 0
557 0 0 0 0
558 0 0 0 0
559 0 0 0 0
560 0 0 0 0
561 0 0 0 0
562 0 0 0 0
563 0 0 0 0
564 0 0 0 0
565 0 0 0 0
566 0 0 0 0
567 0 0 0 0
568 0 0 0 0
569 0 0 0 0
570 0 0 0 0
571 0 0 0 0
572 0 0 0 0
573 0 0 0 0
574 0 0 0 0
575 0 0 0 0
576 0 0 0 0
577 0 0 0 0
578 0 0 0 0
579 0 0 0 0
580 0 0 0 0
581 0 0 0 0
582 0 0 0 0
583 0 0 0 0
584 0 0 0 0
585 0 0 0 0
586 0 0 0 0
587 0 0 0 0
588 0 0 0 0
589 0 0 0 0
590 0 0 0 0
591 0 0 0 0
592 0 0 0 0
593 0 0 0 0
594 0 0 0 0
595 0 0 0 0
596 0 0 0 0
597 0 0 0 0
598 0 0 0 0
599 0 0 0 0
600 0 0 0 0
601 0 0 0 0
602 0 0 0 0
603 0 0 0 0
604 0 0 0 0
605 0 0 0 0
606 0 0 0 0
607 0 0 0 0
608 0 0 0 0
609 0 0 0 0
610 0 0 0 0
611 0 0 0 0
612 0 0 0 0
613 0 0 0 0
614 0 0 0 0
615 0 0 0 0
616 0 0 0 0
617 0 0 0 0
618 0 0 0 0
619 0 0 0 0
620 0 0 0 0
621 0 0 0 0
622 0 0 0 0
623 0 0 0 0
624 0 0 0 0
625 0 0 0 0
626 0 0 0 0
627 0 0 0 0
628 0 0 0 0
629 0 0 0 0
630 0 0 0 0
631 0 0 0 0
632 0 0 0 0
633 0 0 0 0
634 0 0 0 0
635 0 0 0 0
636 0 0 0 0
637 0 0 0 0
638 0 0 0 0
639 0 0 0 0
640 0 0 0 0
641 0 0 0 0
642 0 0 0 0
643 0 0 0 0
644 0 0 0 0
645 0 0 0 0
646 0 0 0 0
647 0 0 0 0
648 0 0 0 0
649 0 0 0 0
650 0 0 0 0
651 0 0 0 0
652 0 0 0 0
653 0 0 0 0
654 0 0 0 0
655 0 0 0 0
656 0 0 0 0
657 0 0 0 0
658 0 0 0 0
659 0 0 0 0
660 0 0 0 0
661 0 0 0 0
662 0 0 0 0
663 0 0 0 0
664 0 0 0 0
665 0 0 0 0
666 0 0 0 0
667 0 0 0 0
668 0 0 0 0
669 0 0 0 0
670 0 0 0 0
671 0 0 0 0
672 0 0 0 0
673 0 0 0 0
674 0 0 0 0
675 0 0 0 0
676 0 0 0 0
677 0 0 0 0
678 0 0 0 0
679 0 0 0 0
680 0 0 0 0
681 0 0 0 0
682 0 0 0 0
683 0 0 0 0
684 0 0 0 0
685 0 0 0 0
686 0 0 0 0
687 0 0 0 0
688 0 0 0 0
689 0 0 0 0
690 0 0 0 0
691 0 0 0 0
692 0 0 0 0
693 0 0 0 0
694 0 0 0 0
695 0 0 0 0
696 0 0 0 0
697 0 0 0 0
698 0 0 0 0
699 0 0 0 0
700 0 0 0 0
701 0 0 0 0
702 0 0 0 0
703 0 0 0 0
704 0 0 0 0
705 0 0 0 0
706 0 0 0 0
707 0 0 0 0
708 0 0 0 0
709 0 0 0 0
710 0 0 0 0
711 0 0 0 0
712 0 0 0 0
713 0 0 0 0
714 0 0 0 0
715 0 0 0 0
716 0 0 0 0
717 0 0 0 0
718 0 0 0 0
719 0 0 0 0
720 0 0 0 0
721 0 0 0 0
722 0 0 0 0
723 0 0 0 0
724 0 0 0 0
725 0 0 0 0
726 0 0 0 0
727 0 0 0 0
