0 0 0 0 0
1 0 0 0 0
2 0 0 0 0
3 0 0 0 0
4 0 0 0 0
5 0 1 2 0
6 0 0 0 0
7 0 0 0 0
8 0 0 0 0
9 0 0 2 2
10 0 0 0 0
11 0 0 0 0
12 0 0 0 1
13 0 0 0 1
14 0 0 0 0
15 0 0 0 0
16 0 0 0 1
17 1 0 0 0
18 1 0 0 0
19 1 0 0 0
20 1 0 0 0
21 2 0 0 0
22 1 0 1 0
23 1 0 1 0
24 1 1 0 0
25 0 0 0 0
26 2 1 0 1
27 2 0 1 1
28 3 0 1 0
29 2 0 2 0
30 3 1 0 0
31 1 0 2 1
32 0 0 1 0
33 0 1 0 2
34 2 2 0 1
35 2 1 1 2
36 0 1 0 1
37 2 0 2 2
38 0 0 0 2
39 1 3 0 3
40 0 0 1 0
41 1 0 0 1
42 2 0 0 0
43 1 0 0 1
44 1 2 0 4
45 2 1 0 0
46 2 0 1 2
47 2 1 0 0
48 1 0 1 1
49 3 0 0 1
50 3 1 1 1
51 2 2 0 1
52 3 1 1 1
53 3 1 1 0
54 4 1 1 1
55 1 2 2 2
56 1 1 0 1
57 3 0 0 2
58 2 3 1 0
59 3 2 0 1
60 1 2 0 2
61 3 2 2 3
62 5 2 1 5
63 3 4 0 3
64 4 1 3 2
65 5 0 0 2
66 4 1 0 4
67 3 2 0 2
68 3 0 0 4
69 2 1 0 0
70 0 3 3 4
71 2 2 2 4
72 1 1 4 0
73 2 4 2 1
74 4 1 3 4
75 5 1 1 3
76 1 1 1 1
77 1 2 0 7
78 5 2 0 5
79 3 1 1 3
80 4 4 0 2
81 6 1 0 3
82 5 1 0 2
83 7 4 0 3
84 6 3 1 3
85 3 2 2 2
86 6 3 1 1
87 4 2 3 3
88 3 4 3 2
89 6 3 0 2
90 7 2 0 5
91 4 3 3 5
92 8 0 3 5
93 4 2 2 5
94 6 3 3 2
95 4 3 3 7
96 4 3 1 3
97 7 3 3 3
98 6 4 3 5
99 7 4 3 6
100 7 4 1 6
101 4 4 3 5
102 7 2 3 6
103 5 5 0 3
104 4 2 1 4
105 8 4 2 8
106 6 4 3 10
107 8 3 0 5
108 10 3 4 2
109 10 2 1 4
110 9 3 1 7
111 4 5 6 4
112 5 5 2 8
113 6 7 2 7
114 10 4 7 3
115 8 4 3 4
116 9 3 3 6
117 12 4 3 6
118 9 3 6 11
119 4 8 0 9
120 3 1 1 8
121 6 4 5 11
122 9 7 3 6
123 9 6 5 4
124 12 5 2 4
125 9 1 1 10
126 15 7 4 14
127 11 4 2 5
128 7 3 7 9
129 10 3 5 6
130 13 3 1 14
131 17 7 3 1
132 14 5 0 5
133 15 6 3 6
134 17 6 8 7
135 11 14 3 12
136 8 11 3 7
137 14 6 6 7
138 19 10 2 12
139 15 14 6 15
140 13 7 4 10
141 18 8 4 11
142 14 11 4 7
143 13 9 8 23
144 15 10 5 17
145 13 10 2 14
146 12 11 3 13
147 16 8 5 12
148 12 7 9 13
149 18 8 7 12
150 14 13 1 17
151 13 10 7 16
152 26 6 8 18
153 23 10 4 7
154 18 10 9 17
155 21 2 7 12
156 18 8 9 20
157 34 11 7 15
158 22 12 8 18
159 25 11 7 9
160 21 7 5 16
161 32 10 15 18
162 28 16 10 18
163 22 11 7 18
164 25 12 15 14
165 26 13 6 20
166 19 20 12 24
167 24 11 12 15
168 23 12 9 27
169 26 15 10 19
170 34 22 11 22
171 26 7 13 26
172 23 19 5 22
173 23 20 8 31
174 20 18 10 25
175 26 17 15 20
176 34 8 14 28
177 33 18 4 30
178 32 12 5 26
179 26 14 9 22
180 27 19 9 27
181 27 21 10 22
182 31 16 13 32
183 36 16 10 24
184 39 12 14 20
185 45 13 16 25
186 35 28 10 29
187 48 19 18 34
188 34 20 13 22
189 30 24 12 29
190 39 21 16 29
191 34 17 8 29
192 33 21 15 28
193 25 22 11 37
194 26 19 18 42
195 39 19 20 34
196 30 32 17 33
197 28 15 14 32
198 30 15 11 25
199 24 22 11 42
200 26 20 11 43
201 24 20 16 38
202 27 21 9 30
203 24 14 13 42
204 28 15 18 27
205 30 16 7 38
206 24 16 7 33
207 16 20 10 29
208 24 13 11 30
209 17 23 12 23
210 16 13 12 23
211 31 9 13 31
212 13 3 11 26
213 22 14 9 26
214 21 15 7 24
215 16 13 7 22
216 12 17 15 27
217 8 11 4 28
218 13 15 9 22
219 13 8 8 16
220 13 17 4 29
221 9 11 6 19
222 11 7 7 25
223 14 12 10 24
224 11 8 3 18
225 11 3 4 18
226 4 4 4 14
227 9 7 4 20
228 10 6 7 13
229 12 8 6 9
230 9 7 3 12
231 6 4 4 15
232 6 5 6 14
233 8 5 9 14
234 5 10 1 7
235 9 4 4 8
236 4 3 3 7
237 2 3 0 16
238 7 5 4 10
239 3 4 3 11
240 4 5 4 7
241 4 3 2 8
242 3 4 2 10
243 6 1 3 6
244 3 4 2 7
245 3 4 2 6
246 3 1 0 7
247 4 5 0 4
248 1 0 3 6
249 2 2 1 5
250 1 1 4 4
251 0 1 4 3
252 3 3 1 5
253 2 2 1 1
254 0 2 1 9
255 2 2 1 3
256 2 1 1 2
257 1 0 0 2
258 2 2 0 5
259 4 0 0 4
260 3 0 1 3
261 2 5 0 2
262 1 0 0 4
263 3 0 0 1
264 3 0 3 1
265 1 0 2 4
266 2 1 1 0
267 2 1 1 0
268 1 1 3 3
269 1 1 1 2
270 1 1 0 1
271 0 1 1 2
272 1 0 2 1
273 0 2 1 1
274 0 0 1 1
275 0 2 0 4
276 0 0 1 4
277 1 0 0 3
278 1 1 0 1
279 1 0 0 1
280 1 0 0 2
281 0 1 0 0
282 0 1 0 1
283 1 0 0 1
284 2 1 0 0
285 0 1 0 1
286 1 0 0 0
287 0 1 0 0
288 2 0 0 2
289 1 1 0 1
290 1 0 0 0
291 1 0 1 1
292 1 0 1 1
293 0 3 0 0
294 0 0 0 0
295 0 0 0 1
296 0 0 0 1
297 1 0 1 2
298 0 1 0 0
299 0 2 0 1
300 1 0 0 1
301 0 0 0 1
302 0 0 0 1
303 2 0 0 0
304 0 0 0 0
305 0 0 0 0
306 0 1 0 2
307 0 0 0 0
308 0 0 0 0
309 0 1 0 0
310 0 0 0 1
311 0 0 0 0
312 0 0 2 0
313 0 0 0 0
314 0 0 0 0
315 0 0 0 0
316 0 0 0 3
317 0 0 0 0
318 1 0 0 0
319 0 0 0 0
320 0 0 0 0
321 0 0 0 0
322 0 0 0 0
323 0 0 0 0
324 0 0 0 0
325 0 0 0 0
326 0 0 0 0
327 0 0 1 0
328 0 0 0 0
329 0 0 0 0
330 0 0 0 0
331 0 0 0 0
332 0 0 0 0
333 0 0 0 0
334 0 0 0 1
335 0 0 0 0
336 0 0 0 0
337 0 0 0 0
338 0 0 0 0
339 0 0 0 0
340 0 0 0 0
341 0 0 0 0
342 0 0 0 0
343 0 0 0 0
344 0 0 0 0
345 0 0 0 0
346 0 0 0 0
347 0 0 0 0
348 0 0 0 0
349 0 0 0 0
350 0 0 0 0
351 0 0 0 0
352 0 0 0 0
353 0 0 0 0
354 0 0 0 0
355 0 0 0 0
356 0 0 0 0
357 0 0 0 0
358 0 0 0 0
359 0 0 0 0
360 0 0 0 0
361 0 0 0 0
362 0 0 0 0
363 0 0 0 0
364 0 0 0 0
365 0 0 0 0
366 0 0 0 0
367 0 0 0 0
368 0 0 0 0
369 0 0 0 0
370 0 0 0 0
371 0 0 0 0
372 0 0 0 0
373 0 0 0 0
374 0 0 0 0
375 0 0 0 0
376 0 0 0 0
377 0 0 0 0
378 0 0 0 0
379 0 0 0 0
380 0 0 0 0
381 0 0 0 0
382 0 0 0 0
383 0 0 0 0
384 0 0 0 0
385 0 0 0 0
386 0 0 0 0
387 0 0 0 0
388 0 0 0 0
389 0 0 0 0
390 0 0 0 0
391 0 0 0 0
392 0 0 0 0
393 0 0 0 0
394 0 0 0 0
395 0 0 0 0
396 0 0 0 0
397 0 0 0 0
398 0 0 0 0
399 0 0 0 0
400 0 0 0 0
401 0 0 0 0
402 0 0 0 0
403 0 0 0 0
404 0 0 0 0
405 0 0 0 0
406 0 0 0 0
407 0 0 0 0
408 0 0 0 0
409 0 0 0 0
410 0 0 0 0
411 0 0 0 0
412 0 0 0 0
413 0 0 0 0
414 0 0 0 0
415 0 0 0 0
416 0 0 0 0
417 0 0 0 0
418 0 0 0 0
419 0 0 0 0
420 0 0 0 0
421 0 0 0 0
422 0 0 0 0
423 0 0 0 0
424 0 0 0 0
425 0 0 0 0
426 0 0 0 0
427 0 0 0 0
428 0 0 0 0
429 0 0 0 0
430 0 0 0 0
431 0 0 0 0
432 0 0 0 0
433 0 0 0 0
434 0 0 0 0
435 0 0 0 0
436 0 0 0 0
437 0 0 0 0
438 0 0 0 0
439 0 0 0 0
440 0 0 0 0
441 0 0 0 0
442 0 0 0 0
443 0 0 0 0
444 0 0 0 0
445 0 0 0 0
446 0 0 0 0
447 0 0 0 0
448 0 0 0 0
449 0 0 0 0
450 0 0 0 0
451 0 0 0 0
452 0 0 0 0
453 0 0 0 0
454 0 0 0 0
455 0 0 0 0
456 0 0 0 0
457 0 0 0 0
458 0 0 0 0
459 0 0 0 0
460 0 0 0 0
461 0 0 0 0
462 0 0 0 0
463 0 0 0 0
464 0 0 0 0
465 0 0 0 0
466 0 0 0 0
467 0 0 0 0
468 0 0 0 0
469 0 0 0 0
470 0 0 0 0
471 0 0 0 0
472 0 0 0 0
473 0 0 0 0
474 0 0 0 0
475 0 0 0 0
476 0 0 0 0
477 0 0 0 0
478 0 0 0 0
479 0 0 0 0
480 0 0 0 0
481 0 0 0 0
482 0 0 0 0
483 0 0 0 0
484 0 0 0 0
485 0 0 0 0
486 0 0 0 0
487 0 0 0 0
488 0 0 0 0
489 0 0 0 0
490 0 0 0 0
491 0 0 0 0
492 0 0 0 0
493 0 0 0 0
494 0 0 0 0
495 0 0 0 0
496 0 0 0 0
497 0 0 0 0
498 0 0 0 0
499 0 0 0 0
500 0 0 0 0
501 0 0 0 0
502 0 0 0 0
503 0 0 0 0
504 0 0 0 0
505 0 0 0 0
506 0 0 0 0
507 0 0 0 0
508 0 0 0 0
509 0 0 0 0
510 0 0 0 0
511 0 0 0 0
512 0 0 0 0
513 0 0 0 0
514 0 0 0 0
515 0 0 0 0
516 0 0 0 0
517 0 0 0 0
518 0 0 0 0
519 0 0 0 0
520 0 0 0 0
521 0 0 0 0
522 0 0 0 0
523 0 0 0 0
524 0 0 0 0
525 0 0 0 0
526 0 0 0 0
527 0 0 0 0
528 0 0 0 0
529 0 0 0 0
530 0 0 0 0
531 0 0 0 0
532 0 0 0 0
533 0 0 0 0
534 0 0 0 0
535 0 0 0 0
536 0 0 0 0
537 0 0 0 0
538 0 0 0 0
539 0 0 0 0
540 0 0 0 0
541 0 0 0 0
542 0 0 0 0
543 0 0 0 0
544 0 0 0 0
545 0 0 0 0
546 0 0 0 0
547 0 0 0 0
548 0 0 0 0
549 0 0 0 0
550 0 0 0 0
551 0 0 0 0
552 0 0 0 0
553 0 0 0 0
554 0 0 0 0
555 0 0 0 0
556 0 0 0 0
557 0 0 0 0
558 0 0 0 0
559 0 0 0 0
560 0 0 0 0
561 0 0 0 0
562 0 0 0 0
563 0 0 0 0
564 0 0 0 0
565 0 0 0 0
566 0 0 0 0
567 0 0 0 0
568 0 0 0 0
569 0 0 0 0
570 0 0 0 0
571 0 0 0 0
572 0 0 0 0
573 0 0 0 0
574 0 0 0 0
575 0 0 0 0
576 0 0 0 0
577 0 0 0 0
578 0 0 0 0
579 0 0 0 0
580 0 0 0 0
581 0 0 0 0
582 0 0 0 0
583 0 0 0 0
584 0 0 0 0
585 0 0 0 0
586 0 0 0 0
587 0 0 0 0
588 0 0 0 0
589 0 0 0 0
590 0 0 0 0
591 0 0 0 0
592 0 0 0 0
593 0 0 0 0
594 0 0 0 0
595 0 0 0 0
596 0 0 0 0
597 0 0 0 0
598 0 0 0 0
599 0 0 0 0
600 0 0 0 0
601 0 0 0 0
602 0 0 0 0
603 0 0 0 0
604 0 0 0 0
605 0 0 0 0
606 0 0 0 0
607 0 0 0 0
608 0 0 0 0
609 0 0 0 0
610 0 0 0 0
611 0 0 0 0
612 0 0 0 0
613 0 0 0 0
614 0 0 0 0
615 0 0 0 0
616 0 0 0 0
617 0 0 0 0
618 0 0 0 0
619 0 0 0 0
620 0 0 0 0
621 0 0 0 0
622 0 0 0 0
623 0 0 0 0
624 0 0 0 0
625 0 0 0 0
626 0 0 0 0
627 0 0 0 0
628 0 0 0 0
629 0 0 0 0
630 0 0 0 0
631 0 0 0 0
632 0 0 0 0
633 0 0 0 0
634 0 0 0 0
635 0 0 0 0
636 0 0 0 0
637 0 0 0 0
638 0 0 0 0
639 0 0 0 0
640 0 0 0 0
641 0 0 0 0
642 0 0 0 0
643 0 0 0 0
644 0 0 0 0
645 0 0 0 0
646 0 0 0 0
647 0 0 0 0
648 0 0 0 0
649 0 0 0 0
650 0 0 0 0
651 0 0 0 0
652 0 0 0 0
653 0 0 0 0
654 0 0 0 0
655 0 0 0 0
656 0 0 0 0
657 0 0 0 0
658 0 0 0 0
659 0 0 0 0
660 0 0 0 0
661 0 0 0 0
662 0 0 0 0
663 0 0 0 0
664 0 0 0 0
665 0 0 0 0
666 0 0 0 0
667 0 0 0 0
668 0 0 0 0
669 0 0 0 0
670 0 0 0 0
671 0 0 0 0
672 0 0 0 0
673 0 0 0 0
674 0 0 0 0
675 0 0 0 0
676 0 0 0 0
677 0 0 0 0
678 0 0 0 0
679 0 0 0 0
680 0 0 0 0
681 0 0 0 0
682 0 0 0 0
683 0 0 0 0
684 0 0 0 0
685 0 0 0 0
686 0 0 0 0
687 0 0 0 0
688 0 0 0 0
689 0 0 0 0
690 0 0 0 0
691 0 0 0 0
692 0 0 0 0
693 0 0 0 0
694 0 0 0 0
695 0 0 0 0
696 0 0 0 0
697 0 0 0 0
698 0 0 0 0
699 0 0 0 0
700 0 0 0 0
701 0 0 0 0
702 0 0 0 0
703 0 0 0 0
704 0 0 0 0
705 0 0 0 0
706 0 0 0 0
707 0 0 0 0
708 0 0 0 0
709 0 0 0 0
710 0 0 0 0
711 0 0 0 0
712 0 0 0 0
713 0 0 0 0
714 0 0 0 0
715 0 0 0 0
716 0 0 0 0
717 0 0 0 0
718 0 0 0 0
719 0 0 0 0
720 0 0 0 0
721 0 0 0 0
722 0 0 0 0
723 0 0 0 0
724 0 0 0 0
725 0 0 0 0
726 0 0 0 0
727 0 0 0 0
