0 0 0 0 0
1 0 0 0 0
2 0 0 0 0
3 0 0 0 0
4 0 0 0 0
5 0 1 1 0
6 0 0 0 0
7 0 0 0 0
8 0 0 0 0
9 0 3 0 1
10 0 0 0 0
11 0 0 0 0
12 0 0 0 1
13 0 0 0 2
14 0 0 0 0
15 0 0 0 0
16 1 0 0 1
17 0 0 0 0
18 0 0 0 0
19 0 0 0 0
20 1 0 0 0
21 0 0 1 0
22 2 0 0 0
23 0 0 0 0
24 1 0 0 0
25 3 1 0 1
26 2 0 0 0
27 0 1 1 0
28 2 0 0 0
29 3 1 0 1
30 0 1 1 0
31 0 1 0 1
32 0 0 0 0
33 0 0 0 0
34 1 1 0 2
35 0 0 2 1
36 1 0 0 1
37 0 0 2 1
38 1 0 2 1
39 1 0 1 0
40 1 0 0 0
41 1 0 0 0
42 1 0 0 3
43 0 1 0 2
44 0 1 0 1
45 1 0 1 1
46 1 0 0 0
47 0 0 1 1
48 2 0 0 1
49 1 1 0 0
50 4 0 1 0
51 1 0 0 0
52 0 0 0 1
53 2 0 1 0
54 3 1 1 1
55 2 3 1 0
56 0 1 0 1
57 1 1 0 1
58 2 1 0 1
59 1 1 2 3
60 3 0 1 2
61 2 0 0 1
62 2 1 0 2
63 1 1 2 1
64 2 1 1 1
65 2 1 1 0
66 0 0 2 3
67 2 0 1 3
68 4 0 1 2
69 2 2 1 1
70 2 1 0 2
71 2 0 1 0
72 1 1 1 2
73 4 1 0 3
74 4 1 1 1
75 5 1 0 1
76 0 0 2 3
77 3 2 0 1
78 2 1 3 2
79 6 0 2 1
80 4 3 0 2
81 4 0 1 1
82 5 2 1 1
83 3 2 1 4
84 1 4 3 3
85 2 3 0 2
86 1 1 4 2
87 0 0 4 2
88 1 1 4 5
89 1 0 1 1
90 1 0 0 4
91 1 3 1 5
92 3 1 0 3
93 2 1 0 3
94 3 2 1 3
95 1 0 0 8
96 2 0 1 2
97 2 1 2 1
98 5 1 1 2
99 6 2 0 0
100 5 1 0 0
101 6 0 2 2
102 8 0 1 0
103 4 2 2 2
104 6 3 1 3
105 5 3 1 3
106 3 3 0 3
107 6 8 1 2
108 7 5 0 1
109 12 4 3 4
110 4 0 4 4
111 5 1 0 5
112 3 2 3 4
113 3 4 1 7
114 1 7 2 9
115 5 4 1 2
116 3 5 2 5
117 4 3 2 3
118 6 5 5 5
119 2 1 0 5
120 8 2 0 6
121 6 4 0 6
122 8 0 1 10
123 4 3 1 4
124 9 3 3 2
125 6 3 3 7
126 3 3 1 1
127 3 2 6 5
128 4 2 1 6
129 3 8 1 3
130 4 4 5 4
131 2 3 2 6
132 5 1 3 4
133 7 4 2 7
134 10 2 1 7
135 8 1 2 4
136 10 2 1 6
137 9 4 1 6
138 5 3 3 5
139 6 4 5 2
140 10 3 3 4
141 4 4 6 2
142 12 3 4 6
143 14 3 0 9
144 11 0 6 5
145 14 4 4 6
146 6 3 4 7
147 11 4 4 6
148 10 8 2 12
149 14 3 9 9
150 9 5 4 2
151 12 7 2 9
152 17 6 8 8
153 15 4 5 9
154 12 8 6 7
155 9 4 4 9
156 12 5 6 13
157 17 6 6 11
158 12 4 7 16
159 15 8 4 9
160 15 5 5 11
161 13 7 8 11
162 18 15 4 12
163 13 6 8 9
164 14 10 2 14
165 10 11 3 11
166 15 12 5 14
167 20 7 5 8
168 20 10 7 14
169 14 8 5 18
170 24 7 3 15
171 16 10 5 13
172 12 14 4 17
173 14 13 6 15
174 21 8 5 11
175 18 10 9 13
176 19 7 10 17
177 15 10 6 20
178 18 14 4 16
179 20 14 6 14
180 20 8 11 17
181 16 10 5 13
182 22 11 2 20
183 16 16 8 22
184 20 9 6 16
185 21 15 4 15
186 24 6 12 13
187 27 10 5 26
188 31 15 10 14
189 24 8 11 17
190 27 10 8 18
191 26 13 15 20
192 18 15 7 22
193 16 11 9 20
194 17 11 6 16
195 20 15 9 22
196 20 13 7 19
197 24 17 11 19
198 21 13 9 24
199 18 12 9 27
200 28 14 6 20
201 28 9 11 25
202 28 10 9 17
203 25 13 7 17
204 22 8 13 23
205 21 17 9 24
206 19 17 6 22
207 16 13 12 22
208 16 17 4 19
209 15 13 16 24
210 10 13 11 18
211 7 15 9 25
212 17 16 6 25
213 13 12 4 30
214 11 6 10 20
215 18 7 6 18
216 13 8 2 28
217 16 8 10 21
218 6 9 5 22
219 7 6 6 11
220 11 4 6 15
221 10 7 9 16
222 8 9 5 11
223 9 3 5 12
224 8 7 5 16
225 7 4 5 20
226 7 8 8 14
227 7 5 2 7
228 6 6 3 14
229 8 7 4 7
230 5 6 4 9
231 5 4 5 10
232 5 3 4 14
233 7 3 2 15
234 7 5 1 7
235 4 4 2 5
236 4 6 6 10
237 4 5 1 8
238 6 4 3 11
239 1 3 3 6
240 3 1 1 8
241 3 1 2 3
242 5 2 3 8
243 3 5 2 8
244 3 2 1 5
245 4 2 2 5
246 2 1 2 4
247 7 3 3 3
248 4 0 1 3
249 2 1 3 4
250 3 4 1 6
251 2 3 1 2
252 6 4 2 4
253 2 2 1 4
254 2 2 1 8
255 3 1 0 4
256 2 4 0 5
257 0 2 3 3
258 3 1 1 2
259 3 1 1 3
260 2 2 0 3
261 1 3 2 3
262 2 1 0 1
263 1 3 1 3
264 1 1 1 6
265 0 1 1 5
266 0 0 1 3
267 0 1 1 1
268 2 1 1 2
269 0 1 0 2
270 1 0 0 4
271 3 0 0 2
272 0 1 0 1
273 1 1 1 0
274 1 0 0 2
275 2 1 0 1
276 1 0 1 0
277 1 0 1 1
278 2 0 0 0
279 2 0 0 1
280 1 3 0 3
281 1 1 0 0
282 3 1 0 0
283 1 2 0 1
284 1 1 2 2
285 0 0 0 0
286 0 1 1 1
287 0 3 1 3
288 0 0 1 3
289 1 1 0 0
290 0 0 0 2
291 0 0 0 1
292 0 0 0 0
293 0 0 1 1
294 0 0 0 4
295 0 0 0 1
296 0 0 0 0
297 1 0 0 0
298 0 1 0 0
299 0 0 0 0
300 0 0 0 1
301 0 0 0 0
302 0 0 0 1
303 2 0 0 0
304 1 0 0 0
305 0 0 0 0
306 1 1 0 0
307 0 0 0 0
308 0 0 0 0
309 0 0 1 0
310 0 0 0 0
311 0 0 0 0
312 0 1 1 0
313 0 0 0 2
314 0 0 0 0
315 0 1 0 0
316 0 0 0 1
317 0 0 0 0
318 0 0 0 0
319 0 0 0 2
320 0 0 0 0
321 0 0 0 0
322 0 0 0 0
323 0 0 0 0
324 0 0 0 0
325 0 0 0 0
326 0 0 0 0
327 0 0 0 0
328 1 0 0 0
329 1 0 0 0
330 0 0 0 0
331 0 0 0 0
332 0 0 0 0
333 0 0 1 0
334 0 1 0 0
335 0 0 0 0
336 0 0 0 0
337 0 0 0 1
338 0 0 0 0
339 0 0 0 1
340 0 0 0 0
341 0 0 0 0
342 0 0 0 0
343 0 0 0 0
344 0 0 0 0
345 0 0 0 0
346 0 0 0 0
347 0 0 0 0
348 0 0 0 0
349 0 0 0 0
350 0 0 0 0
351 0 0 0 0
352 0 0 0 0
353 0 0 0 0
354 0 0 0 0
355 0 0 0 0
356 0 0 0 0
357 0 0 0 0
358 0 0 0 0
359 0 0 0 0
360 0 0 0 0
361 0 0 0 0
362 0 0 0 0
363 0 0 0 0
364 0 0 0 0
365 0 0 0 0
366 0 0 0 0
367 0 0 0 0
368 0 0 0 0
369 0 0 0 0
370 0 0 0 0
371 0 0 0 0
372 0 0 0 0
373 0 0 0 0
374 0 0 0 0
375 0 0 0 0
376 0 0 0 0
377 0 0 0 0
378 0 0 0 0
379 0 0 0 0
380 0 0 0 0
381 0 0 0 0
382 0 0 0 0
383 0 0 0 0
384 0 0 0 0
385 0 0 0 0
386 0 0 0 0
387 0 0 0 0
388 0 0 0 0
389 0 0 0 0
390 0 0 0 0
391 0 0 0 0
392 0 0 0 0
393 0 0 0 0
394 0 0 0 0
395 0 0 0 0
396 0 0 0 0
397 0 0 0 0
398 0 0 0 0
399 0 0 0 0
400 0 0 0 0
401 0 0 0 0
402 0 0 0 0
403 0 0 0 0
404 0 0 0 0
405 0 0 0 0
406 0 0 0 0
407 0 0 0 0
408 0 0 0 0
409 0 0 0 0
410 0 0 0 0
411 0 0 0 0
412 0 0 0 0
413 0 0 0 0
414 0 0 0 0
415 0 0 0 0
416 0 0 0 0
417 0 0 0 0
418 0 0 0 0
419 0 0 0 0
420 0 0 0 0
421 0 0 0 0
422 0 0 0 0
423 0 0 0 0
424 0 0 0 0
425 0 0 0 0
426 0 0 0 0
427 0 0 0 0
428 0 0 0 0
429 0 0 0 0
430 0 0 0 0
431 0 0 0 0
432 0 0 0 0
433 0 0 0 0
434 0 0 0 0
435 0 0 0 0
436 0 0 0 0
437 0 0 0 0
438 0 0 0 0
439 0 0 0 0
440 0 0 0 0
441 0 0 0 0
442 0 0 0 0
443 0 0 0 0
444 0 0 0 0
445 0 0 0 0
446 0 0 0 0
447 0 0 0 0
448 0 0 0 0
449 0 0 0 0
450 0 0 0 0
451 0 0 0 0
452 0 0 0 0
453 0 0 0 0
454 0 0 0 0
455 0 0 0 0
456 0 0 0 0
457 0 0 0 0
458 0 0 0 0
459 0 0 0 0
460 0 0 0 0
461 0 0 0 0
462 0 0 0 0
463 0 0 0 0
464 0 0 0 0
465 0 0 0 0
466 0 0 0 0
467 0 0 0 0
468 0 0 0 0
469 0 0 0 0
470 0 0 0 0
471 0 0 0 0
472 0 0 0 0
473 0 0 0 0
474 0 0 0 0
475 0 0 0 0
476 0 0 0 0
477 0 0 0 0
478 0 0 0 0
479 0 0 0 0
480 0 0 0 0
481 0 0 0 0
482 0 0 0 0
483 0 0 0 0
484 0 0 0 0
485 0 0 0 0
486 0 0 0 0
487 0 0 0 0
488 0 0 0 0
489 0 0 0 0
490 0 0 0 0
491 0 0 0 0
492 0 0 0 0
493 0 0 0 0
494 0 0 0 0
495 0 0 0 0
496 0 0 0 0
497 0 0 0 0
498 0 0 0 0
499 0 0 0 0
500 0 0 0 0
501 0 0 0 0
502 0 0 0 0
503 0 0 0 0
504 0 0 0 0
505 0 0 0 0
506 0 0 0 0
507 0 0 0 0
508 0 0 0 0
509 0 0 0 0
510 0 0 0 0
511 0 0 0 0
512 0 0 0 0
513 0 0 0 0
514 0 0 0 0
515 0 0 0 0
516 0 0 0 0
517 0 0 0 0
518 0 0 0 0
519 0 0 0 0
520 0 0 0 0
521 0 0 0 0
522 0 0 0 0
523 0 0 0 0
524 0 0 0 0
525 0 0 0 0
526 0 0 0 0
527 0 0 0 0
528 0 0 0 0
529 0 0 0 0
530 0 0 0 0
531 0 0 0 0
532 0 0 0 0
533 0 0 0 0
534 0 0 0 0
535 0 0 0 0
536 0 0 0 0
537 0 0 0 0
538 0 0 0 0
539 0 0 0 0
540 0 0 0 0
541 0 0 0 0
542 0 0 0 0
543 0 0 0 0
544 0 0 0 0
545 0 0 0 0
546 0 0 0 0
547 0 0 0 0
548 0 0 0 0
549 0 0 0 0
550 0 0 0 0
551 0 0 0 0
552 0 0 0 0
553 0 0 0 0
554 0 0 0 0
555 0 0 0 0
556 0 0 0 0
557 0 0 0 0
558 0 0 0 0
559 0 0 0 0
560 0 0 0 0
561 0 0 0 0
562 0 0 0 0
563 0 0 0 0
564 0 0 0 0
565 0 0 0 0
566 0 0 0 0
567 0 0 0 0
568 0 0 0 0
569 0 0 0 0
570 0 0 0 0
571 0 0 0 0
572 0 0 0 0
573 0 0 0 0
574 0 0 0 0
575 0 0 0 0
576 0 0 0 0
577 0 0 0 0
578 0 0 0 0
579 0 0 0 0
580 0 0 0 0
581 0 0 0 0
582 0 0 0 0
583 0 0 0 0
584 0 0 0 0
585 0 0 0 0
586 0 0 0 0
587 0 0 0 0
588 0 0 0 0
589 0 0 0 0
590 0 0 0 0
591 0 0 0 0
592 0 0 0 0
593 0 0 0 0
594 0 0 0 0
595 0 0 0 0
596 0 0 0 0
597 0 0 0 0
598 0 0 0 0
599 0 0 0 0
600 0 0 0 0
601 0 0 0 0
602 0 0 0 0
603 0 0 0 0
604 0 0 0 0
605 0 0 0 0
606 0 0 0 0
607 0 0 0 0
608 0 0 0 0
609 0 0 0 0
610 0 0 0 0
611 0 0 0 0
612 0 0 0 0
613 0 0 0 0
614 0 0 0 0
615 0 0 0 0
616 0 0 0 0
617 0 0 0 0
618 0 0 0 0
619 0 0 0 0
620 0 0 0 0
621 0 0 0 0
622 0 0 0 0
623 0 0 0 0
624 0 0 0 0
625 0 0 0 0
626 0 0 0 0
627 0 0 0 0
628 0 0 0 0
629 0 0 0 0
630 0 0 0 0
631 0 0 0 0
632 0 0 0 0
633 0 0 0 0
634 0 0 0 0
635 0 0 0 0
636 0 0 0 0
637 0 0 0 0
638 0 0 0 0
639 0 0 0 0
640 0 0 0 0
641 0 0 0 0
642 0 0 0 0
643 0 0 0 0
644 0 0 0 0
645 0 0 0 0
646 0 0 0 0
647 0 0 0 0
648 0 0 0 0
649 0 0 0 0
650 0 0 0 0
651 0 0 0 0
652 0 0 0 0
653 0 0 0 0
654 0 0 0 0
655 0 0 0 0
656 0 0 0 0
657 0 0 0 0
658 0 0 0 0
659 0 0 0 0
660 0 0 0 0
661 0 0 0 0
662 0 0 0 0
663 0 0 0 0
664 0 0 0 0
665 0 0 0 0
666 0 0 0 0
667 0 0 0 0
668 0 0 0 0
669 0 0 0 0
670 0 0 0 0
671 0 0 0 0
672 0 0 0 0
673 0 0 0 0
674 0 0 0 0
675 0 0 0 0
676 0 0 0 0
677 0 0 0 0
678 0 0 0 0
679 0 0 0 0
680 0 0 0 0
681 0 0 0 0
682 0 0 0 0
683 0 0 0 0
684 0 0 0 0
685 0 0 0 0
686 0 0 0 0
687 0 0 0 0
688 0 0 0 0
689 0 0 0 0
690 0 0 0 0
691 0 0 0 0
692 0 0 0 0
693 0 0 0 0
694 0 0 0 0
695 0 0 0 0
696 0 0 0 0
697 0 0 0 0
698 0 0 0 0
699 0 0 0 0
700 0 0 0 0
701 0 0 0 0
702 0 0 0 0
703 0 0 0 0
704 0 0 0 0
705 0 0 0 0
706 0 0 0 0
707 0 0 0 0
708 0 0 0 0
709 0 0 0 0
710 0 0 0 0
711 0 0 0 0
712 0 0 0 0
713 0 0 0 0
714 0 0 0 0
715 0 0 0 0
716 0 0 0 0
717 0 0 0 0
718 0 0 0 0
719 0 0 0 0
720 0 0 0 0
721 0 0 0 0
722 0 0 0 0
723 0 0 0 0
724 0 0 0 0
725 0 0 0 0
726 0 0 0 0
727 0 0 0 0
