0 0 0 0 0
1 0 0 0 0
2 0 0 0 0
3 0 0 0 0
4 0 0 0 0
5 0 1 1 0
6 0 0 0 0
7 0 0 0 0
8 0 0 0 0
9 0 2 1 2
10 0 0 0 0
11 0 0 0 0
12 0 0 0 0
13 0 0 0 1
14 0 0 0 0
15 0 0 0 0
16 0 0 0 2
17 0 0 0 0
18 0 0 0 0
19 0 0 0 0
20 0 0 0 0
21 0 0 0 0
22 0 0 0 0
23 0 0 0 0
24 0 0 0 0
25 1 0 0 0
26 0 0 0 0
27 3 0 0 0
28 1 0 0 0
29 0 0 0 0
30 0 0 0 0
31 0 0 0 0
32 1 0 1 0
33 0 0 1 0
34 0 1 0 0
35 1 0 0 0
36 0 2 0 0
37 0 0 1 0
38 0 0 0 1
39 0 0 0 1
40 1 1 0 2
41 0 0 0 1
42 0 0 0 0
43 1 0 0 1
44 0 0 0 0
45 0 0 0 0
46 0 1 0 0
47 0 0 0 1
48 0 1 0 0
49 0 0 0 0
50 1 0 0 1
51 1 0 0 0
52 1 0 0 0
53 2 0 0 0
54 1 0 0 0
55 1 0 0 1
56 1 1 0 0
57 2 0 1 0
58 0 1 1 0
59 0 1 0 0
60 2 1 0 1
61 1 1 0 0
62 1 1 0 2
63 1 1 0 0
64 2 0 0 2
65 0 2 0 1
66 0 0 2 2
67 0 0 0 1
68 0 0 1 0
69 2 0 0 2
70 0 0 0 0
71 0 1 0 0
72 1 0 0 0
73 0 2 0 2
74 0 1 0 0
75 1 0 0 1
76 0 0 0 0
77 0 0 0 1
78 3 1 0 2
79 0 0 0 0
80 4 1 0 1
81 1 1 0 0
82 2 0 0 0
83 0 1 1 0
84 4 0 0 0
85 2 0 0 2
86 3 0 1 0
87 3 2 1 2
88 0 0 0 0
89 2 1 5 0
90 2 0 1 1
91 3 0 1 0
92 1 0 1 0
93 3 1 1 7
94 1 1 2 3
95 1 1 2 1
96 3 2 2 0
97 1 0 0 1
98 0 1 0 1
99 2 1 1 2
100 2 1 0 4
101 2 1 1 2
102 3 1 1 2
103 4 0 0 3
104 3 1 2 0
105 4 3 0 1
106 3 2 1 1
107 5 1 1 1
108 4 1 1 4
109 7 1 3 5
110 5 0 2 3
111 5 1 1 1
112 3 2 0 0
113 5 1 1 3
114 4 5 0 3
115 7 1 2 4
116 4 5 2 2
117 6 3 2 3
118 5 0 6 1
119 6 2 3 2
120 8 4 0 4
121 5 2 2 8
122 8 4 5 5
123 4 3 2 6
124 3 6 2 4
125 3 1 3 6
126 7 1 3 10
127 6 4 3 4
128 9 4 0 6
129 11 7 0 0
130 7 2 1 4
131 7 2 4 7
132 8 3 4 7
133 8 2 2 4
134 5 2 3 5
135 9 3 3 5
136 10 5 0 10
137 11 5 4 3
138 5 7 3 4
139 6 4 3 6
140 9 6 4 5
141 12 6 2 11
142 10 9 4 9
143 10 7 4 6
144 6 5 3 9
145 10 7 1 7
146 7 8 2 9
147 6 6 1 9
148 2 3 1 11
149 12 4 3 12
150 5 8 5 11
151 11 6 3 5
152 14 8 2 5
153 9 3 1 11
154 11 8 2 10
155 14 2 1 5
156 13 3 2 7
157 13 6 5 8
158 7 6 6 10
159 16 6 5 6
160 15 10 4 5
161 13 6 3 9
162 8 3 7 7
163 6 6 4 7
164 9 10 6 15
165 15 14 4 11
166 11 9 6 11
167 8 7 4 7
168 10 4 3 14
169 11 6 3 18
170 9 7 9 19
171 10 4 0 12
172 9 2 6 10
173 13 5 2 9
174 10 8 0 16
175 13 7 6 5
176 15 6 5 7
177 17 4 6 10
178 12 10 6 4
179 14 4 3 11
180 11 5 8 9
181 19 5 4 10
182 11 11 4 19
183 19 9 4 10
184 17 9 4 9
185 16 5 10 9
186 17 8 7 10
187 21 9 3 17
188 12 11 5 9
189 24 10 4 18
190 14 14 7 15
191 16 8 4 14
192 14 16 3 11
193 18 8 10 15
194 15 8 12 20
195 15 10 7 17
196 16 9 7 14
197 13 7 2 15
198 15 15 7 19
199 18 8 6 17
200 13 11 9 21
201 12 10 6 15
202 15 11 10 23
203 9 10 2 12
204 15 9 6 12
205 8 12 3 16
206 13 8 2 14
207 11 8 8 15
208 12 8 5 14
209 9 9 4 18
210 11 5 3 12
211 6 5 6 21
212 4 7 4 15
213 6 8 4 12
214 7 7 6 11
215 8 9 4 10
216 5 5 2 9
217 3 6 4 8
218 5 3 2 13
219 6 5 4 11
220 3 3 4 9
221 6 2 1 15
222 8 2 1 12
223 8 4 2 11
224 5 3 4 4
225 5 0 4 2
226 3 3 6 7
227 2 5 3 8
228 6 4 2 7
229 4 5 2 2
230 4 2 2 6
231 4 3 1 7
232 5 4 1 6
233 4 2 1 10
234 3 1 1 3
235 3 1 0 5
236 2 1 2 3
237 4 5 3 5
238 6 4 2 5
239 3 4 1 3
240 3 3 1 2
241 6 2 1 5
242 5 4 0 5
243 4 4 1 5
244 4 0 1 6
245 3 1 0 4
246 4 0 5 5
247 2 3 2 6
248 2 3 2 1
249 0 3 2 1
250 1 3 0 1
251 1 1 3 3
252 4 0 2 5
253 3 2 1 6
254 1 2 0 4
255 3 3 0 3
256 1 3 0 3
257 3 2 1 4
258 0 1 1 5
259 3 0 0 3
260 2 3 0 1
261 1 1 2 2
262 1 0 2 3
263 0 0 1 3
264 2 1 2 4
265 2 1 0 1
266 3 2 0 2
267 0 0 0 0
268 1 0 1 4
269 0 2 1 0
270 0 1 1 2
271 1 2 1 1
272 1 0 0 1
273 2 0 0 2
274 2 0 0 1
275 0 0 1 2
276 0 0 0 2
277 2 1 1 1
278 1 0 1 2
279 1 0 0 0
280 0 0 1 0
281 1 0 0 1
282 1 1 2 2
283 2 1 1 0
284 2 0 1 1
285 1 0 0 1
286 1 2 0 1
287 3 1 0 2
288 2 0 1 0
289 0 0 2 2
290 1 0 0 1
291 3 1 0 2
292 1 1 2 0
293 0 2 0 2
294 0 0 1 0
295 0 0 1 2
296 0 1 1 2
297 0 1 0 1
298 0 0 0 1
299 0 0 0 2
300 0 1 1 2
301 1 0 0 0
302 1 0 0 1
303 3 0 0 1
304 0 0 0 2
305 0 0 0 0
306 0 0 1 0
307 2 0 1 1
308 1 1 0 0
309 0 0 0 0
310 1 0 0 0
311 1 0 0 0
312 1 2 1 1
313 1 1 0 1
314 0 0 0 1
315 0 1 0 0
316 0 0 1 1
317 1 1 0 1
318 0 0 0 0
319 0 0 0 2
320 0 1 0 0
321 1 0 0 0
322 0 1 0 2
323 1 0 0 0
324 0 0 0 1
325 1 0 0 0
326 1 1 0 0
327 0 0 0 1
328 1 0 0 0
329 1 0 0 1
330 0 2 0 1
331 1 0 0 0
332 0 1 0 0
333 0 0 0 0
334 0 0 0 2
335 0 1 0 0
336 0 0 0 0
337 0 1 0 0
338 0 0 1 0
339 0 0 0 1
340 0 1 0 0
341 0 0 0 0
342 0 0 0 1
343 0 0 0 0
344 0 0 0 2
345 1 0 0 0
346 0 0 0 0
347 0 0 0 1
348 0 0 0 0
349 0 0 0 0
350 0 1 0 0
351 0 0 0 0
352 0 0 0 0
353 0 0 0 0
354 0 0 0 1
355 0 0 0 0
356 1 0 0 0
357 0 0 0 0
358 1 0 0 0
359 0 0 0 0
360 0 0 0 0
361 0 0 0 0
362 1 0 0 0
363 0 0 1 0
364 0 0 0 0
365 0 0 1 0
366 0 0 0 0
367 0 1 0 0
368 0 0 0 0
369 0 0 0 0
370 0 0 0 1
371 0 0 0 0
372 0 0 0 1
373 0 0 0 0
374 0 0 0 1
375 0 0 0 0
376 0 0 0 0
377 0 0 0 0
378 1 0 0 0
379 0 0 0 0
380 0 0 0 0
381 0 0 0 0
382 0 0 0 0
383 1 0 1 0
384 1 0 0 0
385 1 0 0 0
386 1 0 0 0
387 0 0 0 1
388 1 0 1 0
389 1 0 1 0
390 0 0 0 0
391 1 1 0 0
392 1 0 0 1
393 0 1 0 1
394 0 1 0 0
395 0 0 0 0
396 0 0 0 0
397 0 0 0 0
398 0 0 1 1
399 0 0 0 0
400 0 1 0 1
401 0 1 0 1
402 0 0 0 1
403 0 0 0 0
404 0 0 0 0
405 1 0 0 0
406 1 0 0 0
407 1 0 0 1
408 1 0 0 1
409 0 0 0 0
410 0 0 1 0
411 0 0 1 0
412 0 0 0 0
413 1 0 1 0
414 0 0 0 0
415 0 0 0 0
416 0 1 0 0
417 1 0 0 1
418 1 1 0 1
419 0 0 0 0
420 0 0 0 1
421 0 0 0 0
422 0 1 0 0
423 0 1 0 1
424 0 0 0 0
425 0 0 0 1
426 1 0 0 1
427 0 0 0 1
428 1 0 0 0
429 3 0 0 0
430 0 0 0 0
431 0 0 0 0
432 1 0 0 0
433 1 1 0 0
434 0 1 0 0
435 1 1 0 0
436 0 0 0 0
437 0 0 1 0
438 0 1 1 1
439 0 0 0 1
440 0 0 0 1
441 0 0 1 1
442 0 0 0 0
443 0 0 0 0
444 0 0 1 1
445 0 0 0 1
446 0 0 0 1
447 1 0 0 0
448 0 0 0 1
449 0 0 0 0
450 0 0 0 0
451 0 0 0 0
452 0 1 0 0
453 0 0 0 0
454 0 0 0 0
455 0 0 0 0
456 0 0 0 0
457 1 0 0 0
458 0 0 0 0
459 0 0 0 1
460 0 0 0 0
461 0 0 0 0
462 1 0 0 0
463 1 0 0 0
464 0 0 0 0
465 0 0 0 0
466 0 1 0 0
467 0 0 0 0
468 0 0 0 0
469 0 0 1 0
470 0 0 0 1
471 0 0 0 0
472 0 0 1 0
473 0 0 0 1
474 0 0 0 0
475 0 0 0 0
476 0 0 0 1
477 0 0 0 0
478 0 0 0 0
479 0 0 0 0
480 0 0 0 0
481 0 0 0 0
482 0 0 0 0
483 0 0 0 0
484 0 0 0 0
485 0 0 0 0
486 0 0 0 0
487 0 0 0 0
488 0 0 0 0
489 0 0 0 0
490 0 0 0 0
491 0 0 0 0
492 0 0 0 0
493 0 0 0 0
494 0 0 0 0
495 0 0 0 0
496 0 0 0 0
497 0 0 0 0
498 0 0 0 0
499 0 0 0 0
500 0 0 0 0
501 0 0 0 0
502 0 0 0 0
503 0 0 0 0
504 0 0 0 0
505 0 0 0 0
506 0 0 0 0
507 0 0 0 0
508 0 0 0 0
509 0 0 0 0
510 0 0 0 0
511 0 0 0 0
512 0 0 0 0
513 0 0 0 0
514 0 0 0 0
515 0 0 0 0
516 0 0 0 0
517 0 0 0 0
518 0 0 0 0
519 0 0 0 0
520 0 0 0 0
521 0 0 0 0
522 0 0 0 0
523 0 0 0 0
524 0 0 0 0
525 0 0 0 0
526 0 0 0 0
527 0 0 0 0
528 0 0 0 0
529 0 0 0 0
530 0 0 0 0
531 0 0 0 0
532 0 0 0 0
533 0 0 0 0
534 0 0 0 0
535 0 0 0 0
536 0 0 0 0
537 0 0 0 0
538 0 0 0 0
539 0 0 0 0
540 0 0 0 0
541 0 0 0 0
542 0 0 0 0
543 0 0 0 0
544 0 0 0 0
545 0 0 0 0
546 0 0 0 0
547 0 0 0 0
548 0 0 0 0
549 0 0 0 0
550 0 0 0 0
551 0 0 0 0
552 0 0 0 0
553 0 0 0 0
554 0 0 0 0
555 0 0 0 0
556 0 0 0 0
557 0 0 0 0
558 0 0 0 0
559 0 0 0 0
560 0 0 0 0
561 0 0 0 0
562 0 0 0 0
563 0 0 0 0
564 0 0 0 0
565 0 0 0 0
566 0 0 0 0
567 0 0 0 0
568 0 0 0 0
569 0 0 0 0
570 0 0 0 0
571 0 0 0 0
572 0 0 0 0
573 0 0 0 0
574 0 0 0 0
575 0 0 0 0
576 0 0 0 0
577 0 0 0 0
578 0 0 0 0
579 0 0 0 0
580 0 0 0 0
581 0 0 0 0
582 0 0 0 0
583 0 0 0 0
584 0 0 0 0
585 0 0 0 0
586 0 0 0 0
587 0 0 0 0
588 0 0 0 0
589 0 0 0 0
590 0 0 0 0
591 0 0 0 0
592 0 0 0 0
593 0 0 0 0
594 0 0 0 0
595 0 0 0 0
596 0 0 0 0
597 0 0 0 0
598 0 0 0 0
599 0 0 0 0
600 0 0 0 0
601 0 0 0 0
602 0 0 0 0
603 0 0 0 0
604 0 0 0 0
605 0 0 0 0
606 0 0 0 0
607 0 0 0 0
608 0 0 0 0
609 0 0 0 0
610 0 0 0 0
611 0 0 0 0
612 0 0 0 0
613 0 0 0 0
614 0 0 0 0
615 0 0 0 0
616 0 0 0 0
617 0 0 0 0
618 0 0 0 0
619 0 0 0 0
620 0 0 0 0
621 0 0 0 0
622 0 0 0 0
623 0 0 0 0
624 0 0 0 0
625 0 0 0 0
626 0 0 0 0
627 0 0 0 0
628 0 0 0 0
629 0 0 0 0
630 0 0 0 0
631 0 0 0 0
632 0 0 0 0
633 0 0 0 0
634 0 0 0 0
635 0 0 0 0
636 0 0 0 0
637 0 0 0 0
638 0 0 0 0
639 0 0 0 0
640 0 0 0 0
641 0 0 0 0
642 0 0 0 0
643 0 0 0 0
644 0 0 0 0
645 0 0 0 0
646 0 0 0 0
647 0 0 0 0
648 0 0 0 0
649 0 0 0 0
650 0 0 0 0
651 0 0 0 0
652 0 0 0 0
653 0 0 0 0
654 0 0 0 0
655 0 0 0 0
656 0 0 0 0
657 0 0 0 0
658 0 0 0 0
659 0 0 0 0
660 0 0 0 0
661 0 0 0 0
662 0 0 0 0
663 0 0 0 0
664 0 0 0 0
665 0 0 0 0
666 0 0 0 0
667 0 0 0 0
668 0 0 0 0
669 0 0 0 0
670 0 0 0 0
671 0 0 0 0
672 0 0 0 0
673 0 0 0 0
674 0 0 0 0
675 0 0 0 0
676 0 0 0 0
677 0 0 0 0
678 0 0 0 0
679 0 0 0 0
680 0 0 0 0
681 0 0 0 0
682 0 0 0 0
683 0 0 0 0
684 0 0 0 0
685 0 0 0 0
686 0 0 0 0
687 0 0 0 0
688 0 0 0 0
689 0 0 0 0
690 0 0 0 0
691 0 0 0 0
692 0 0 0 0
693 0 0 0 0
694 0 0 0 0
695 0 0 0 0
696 0 0 0 0
697 0 0 0 0
698 0 0 0 0
699 0 0 0 0
700 0 0 0 0
701 0 0 0 0
702 0 0 0 0
703 0 0 0 0
704 0 0 0 0
705 0 0 0 0
706 0 0 0 0
707 0 0 0 0
708 0 0 0 0
709 0 0 0 0
710 0 0 0 0
711 0 0 0 0
712 0 0 0 0
713 0 0 0 0
714 0 0 0 0
715 0 0 0 0
716 0 0 0 0
717 0 0 0 0
718 0 0 0 0
719 0 0 0 0
720 0 0 0 0
721 0 0 0 0
722 0 0 0 0
723 0 0 0 0
724 0 0 0 0
725 0 0 0 0
726 0 0 0 0
727 0 0 0 0
