0 0 0 0 0
1 0 0 0 0
2 0 0 0 0
3 0 0 0 0
4 0 0 0 0
5 0 2 2 0
6 0 0 0 0
7 0 0 0 0
8 0 0 0 0
9 0 0 1 2
10 0 0 0 0
11 0 0 0 0
12 0 0 0 2
13 0 0 0 0
14 0 0 0 0
15 0 0 0 0
16 1 0 0 1
17 1 0 0 0
18 0 0 0 0
19 0 0 0 0
20 1 0 0 0
21 0 1 0 0
22 2 0 0 0
23 1 0 0 0
24 4 0 0 0
25 1 0 0 0
26 1 0 1 0
27 1 0 1 0
28 1 0 1 1
29 1 0 2 0
30 0 1 0 1
31 0 1 1 1
32 0 1 0 1
33 0 0 4 1
34 0 1 0 0
35 0 0 0 1
36 0 0 0 2
37 0 0 0 4
38 0 0 0 1
39 0 0 0 0
40 0 0 0 2
41 0 0 0 0
42 0 0 0 0
43 2 0 0 0
44 1 0 0 0
45 0 0 0 0
46 0 0 0 0
47 1 0 0 0
48 1 0 1 0
49 1 0 0 0
50 0 0 0 0
51 2 0 0 0
52 1 1 1 1
53 0 0 2 0
54 2 1 0 0
55 2 0 0 0
56 2 0 0 0
57 2 0 1 2
58 1 0 0 1
59 1 1 1 2
60 1 1 1 0
61 0 1 0 1
62 1 0 0 0
63 0 1 0 0
64 2 1 0 2
65 2 2 1 1
66 2 1 1 2
67 3 0 1 1
68 3 0 1 1
69 3 1 0 2
70 4 1 0 1
71 2 1 0 1
72 4 2 0 2
73 1 3 1 1
74 4 2 1 0
75 1 5 0 0
76 2 1 0 2
77 3 2 2 3
78 4 1 0 4
79 2 1 0 2
80 2 1 0 3
81 4 1 1 2
82 2 0 3 5
83 1 6 0 2
84 1 1 1 1
85 4 2 1 1
86 3 1 2 3
87 4 2 0 5
88 1 1 0 0
89 2 0 0 4
90 3 2 1 4
91 2 3 2 2
92 6 1 3 2
93 1 0 0 1
94 3 2 2 4
95 2 2 0 2
96 1 2 1 0
97 0 3 2 0
98 0 1 1 3
99 3 1 0 6
100 3 1 0 1
101 3 2 1 5
102 3 0 0 1
103 3 2 0 3
104 0 1 0 5
105 0 0 2 2
106 2 1 0 0
107 2 0 0 1
108 3 3 3 3
109 1 2 0 2
110 2 2 0 2
111 1 3 1 0
112 3 2 0 4
113 1 0 0 1
114 3 0 0 2
115 2 3 0 4
116 3 0 1 3
117 3 1 2 0
118 6 1 0 2
119 1 2 0 1
120 3 0 0 1
121 3 1 1 1
122 3 3 1 2
123 2 1 4 2
124 3 2 0 1
125 5 2 2 1
126 1 1 2 3
127 4 3 1 4
128 2 0 1 4
129 2 1 3 5
130 3 1 4 3
131 5 2 0 1
132 2 2 3 1
133 3 1 2 4
134 3 1 2 7
135 4 1 1 1
136 6 2 0 4
137 6 1 0 3
138 5 0 0 2
139 3 4 1 2
140 2 2 2 3
141 4 2 3 3
142 7 3 4 2
143 7 2 2 3
144 11 1 2 4
145 8 3 0 4
146 7 3 1 6
147 9 5 1 2
148 4 2 4 1
149 6 6 2 6
150 5 5 3 5
151 4 2 2 5
152 5 6 3 5
153 3 3 3 7
154 6 2 3 7
155 8 2 2 5
156 5 5 3 8
157 7 3 4 8
158 10 2 3 1
159 2 4 4 6
160 5 4 1 7
161 7 2 2 8
162 6 2 4 7
163 4 5 2 6
164 8 2 3 5
165 9 3 3 3
166 10 2 3 8
167 10 6 2 5
168 14 1 1 6
169 12 3 2 5
170 12 5 4 7
171 11 2 7 8
172 11 6 4 5
173 6 10 3 7
174 16 8 3 7
175 13 4 3 5
176 10 9 3 4
177 12 7 4 7
178 10 5 5 12
179 9 12 5 12
180 7 5 3 19
181 15 9 5 10
182 12 2 7 8
183 12 7 3 11
184 15 3 6 9
185 11 7 4 10
186 15 8 7 12
187 9 7 5 7
188 9 5 3 15
189 7 6 4 10
190 11 6 3 19
191 10 8 7 8
192 13 7 8 10
193 13 6 5 9
194 16 6 3 13
195 7 8 4 12
196 17 5 4 19
197 23 4 12 11
198 14 7 3 7
199 22 9 3 7
200 14 6 3 9
201 13 10 6 14
202 17 8 7 13
203 10 10 7 15
204 11 4 8 10
205 10 9 4 14
206 12 13 8 14
207 10 7 4 16
208 14 10 4 10
209 11 5 3 11
210 12 6 3 14
211 19 14 7 8
212 12 13 1 17
213 8 10 2 14
214 13 7 2 14
215 9 5 4 19
216 6 9 2 7
217 11 8 12 13
218 5 8 5 14
219 11 7 1 14
220 11 9 5 10
221 4 3 6 14
222 10 6 4 8
223 14 3 6 9
224 8 7 5 18
225 5 6 2 10
226 5 4 3 11
227 6 7 2 14
228 8 2 5 9
229 7 5 2 9
230 8 4 2 8
231 5 5 5 11
232 5 7 2 7
233 5 5 5 11
234 2 3 1 5
235 6 4 2 12
236 5 5 2 8
237 5 7 3 9
238 8 5 4 2
239 4 3 2 6
240 1 3 2 10
241 3 1 2 10
242 4 2 0 6
243 4 5 2 6
244 3 6 3 8
245 5 0 3 7
246 4 3 2 3
247 2 1 1 5
248 4 1 2 4
249 3 2 1 1
250 4 1 2 8
251 4 4 3 7
252 2 2 1 4
253 2 1 0 2
254 1 3 2 2
255 1 1 1 6
256 1 1 1 3
257 2 1 3 1
258 2 1 1 4
259 3 1 2 2
260 1 2 1 3
261 2 1 0 6
262 0 1 1 1
263 2 0 2 3
264 1 1 1 4
265 1 1 1 3
266 1 2 2 1
267 0 0 0 2
268 0 1 0 1
269 0 0 0 2
270 1 0 0 2
271 1 1 0 1
272 0 0 2 1
273 0 1 0 3
274 2 1 0 0
275 2 1 0 2
276 2 0 0 0
277 0 0 0 0
278 0 0 0 2
279 0 0 0 1
280 0 1 2 1
281 0 0 2 0
282 1 1 0 1
283 2 0 1 0
284 1 0 0 0
285 2 0 0 1
286 0 0 0 1
287 1 0 0 4
288 0 0 0 1
289 3 0 1 0
290 1 0 0 0
291 1 0 1 0
292 3 3 0 0
293 1 0 0 1
294 1 1 3 0
295 2 0 1 0
296 1 1 0 2
297 1 0 0 0
298 0 0 2 3
299 1 0 0 2
300 0 1 1 0
301 0 2 2 2
302 0 0 1 1
303 0 0 1 1
304 0 0 0 1
305 0 0 0 2
306 2 0 0 1
307 1 0 0 1
308 2 0 1 3
309 1 0 0 0
310 2 0 0 1
311 0 0 0 0
312 0 0 0 1
313 2 2 0 0
314 1 0 0 0
315 2 1 1 0
316 0 1 0 0
317 0 0 0 1
318 5 1 1 0
319 1 2 1 1
320 2 0 1 1
321 2 0 0 0
322 1 1 0 2
323 0 0 2 3
324 0 1 1 0
325 1 0 1 1
326 2 0 1 1
327 0 2 3 2
328 1 0 0 2
329 0 0 1 2
330 1 0 1 2
331 2 0 0 3
332 0 0 0 0
333 0 1 0 0
334 1 0 0 3
335 0 1 1 0
336 1 0 1 1
337 1 0 0 0
338 1 0 0 0
339 1 1 0 1
340 0 0 1 1
341 1 0 0 0
342 1 1 0 1
343 1 1 1 2
344 0 1 0 0
345 2 0 0 0
346 0 1 0 1
347 0 1 1 1
348 1 0 1 1
349 0 0 0 0
350 0 0 0 3
351 0 0 0 1
352 1 0 0 0
353 2 1 0 0
354 2 1 1 1
355 1 0 0 1
356 0 0 0 0
357 0 1 0 1
358 0 1 1 1
359 0 0 0 0
360 0 0 0 0
361 0 0 0 1
362 0 0 0 1
363 0 1 1 0
364 0 0 1 1
365 0 0 0 1
366 1 0 0 0
367 0 0 0 2
368 0 0 0 1
369 0 0 0 0
370 0 0 0 0
371 0 0 0 0
372 0 0 0 0
373 0 0 0 0
374 0 0 0 0
375 0 0 1 0
376 0 0 0 0
377 0 0 0 0
378 0 0 0 0
379 0 0 0 0
380 2 0 0 0
381 0 0 0 0
382 0 0 0 1
383 0 0 0 0
384 1 0 0 0
385 1 0 0 0
386 1 0 0 0
387 0 1 0 0
388 0 0 0 0
389 0 0 2 0
390 0 1 0 0
391 2 1 0 0
392 1 0 0 0
393 1 0 0 0
394 2 0 0 1
395 0 0 0 1
396 1 1 0 2
397 1 0 1 1
398 0 0 0 0
399 1 2 0 0
400 1 1 0 0
401 0 0 0 1
402 0 1 1 0
403 3 0 0 2
404 2 0 0 1
405 0 1 0 0
406 1 0 0 2
407 1 0 0 0
408 1 2 1 0
409 1 1 0 1
410 2 0 0 0
411 3 0 1 0
412 0 0 1 4
413 3 1 2 0
414 2 1 0 0
415 2 1 0 1
416 2 2 0 1
417 4 0 0 0
418 0 1 1 1
419 1 1 1 2
420 3 2 1 4
421 0 0 1 0
422 0 1 2 0
423 0 1 0 3
424 2 0 1 2
425 4 3 1 4
426 0 2 0 2
427 0 0 0 1
428 4 1 0 0
429 2 1 0 4
430 0 0 1 0
431 1 0 0 1
432 0 0 0 2
433 0 0 2 3
434 0 2 1 1
435 1 0 0 0
436 1 0 1 0
437 1 3 0 1
438 2 0 2 3
439 3 0 0 0
440 1 0 0 2
441 4 1 0 3
442 4 0 0 1
443 1 2 0 0
444 2 1 0 0
445 4 0 1 2
446 2 1 0 0
447 2 2 2 2
448 3 3 1 1
449 3 0 1 0
450 7 3 2 1
451 5 2 1 1
452 0 0 0 2
453 0 2 1 0
454 5 2 2 5
455 3 0 4 5
456 2 1 2 1
457 3 1 0 3
458 2 1 0 4
459 3 3 1 3
460 7 1 5 5
461 2 0 0 1
462 2 0 0 1
463 4 3 3 4
464 1 0 1 2
465 3 4 2 1
466 3 3 0 1
467 4 1 3 9
468 3 2 2 1
469 2 2 1 4
470 4 2 0 5
471 4 1 1 1
472 4 1 3 4
473 3 1 1 2
474 3 1 1 4
475 6 3 0 3
476 0 2 2 4
477 4 3 1 2
478 6 1 4 2
479 3 2 3 3
480 5 3 4 3
481 9 0 1 3
482 5 0 2 5
483 12 4 0 6
484 6 2 1 2
485 1 2 1 4
486 6 5 4 2
487 1 5 0 8
488 1 6 3 3
489 1 4 1 1
490 3 2 1 7
491 5 7 2 3
492 4 3 1 7
493 6 2 2 5
494 4 0 0 4
495 5 1 0 9
496 6 2 1 6
497 9 1 1 3
498 6 3 1 6
499 8 3 1 0
500 9 3 3 4
501 7 1 4 1
502 10 5 2 4
503 8 2 5 3
504 8 3 2 5
505 6 5 5 2
506 1 5 3 7
507 6 2 2 8
508 4 5 5 9
509 1 5 2 8
510 7 2 5 5
511 6 5 3 3
512 5 5 1 9
513 3 4 1 8
514 5 2 1 4
515 6 2 3 12
516 9 2 5 7
517 7 2 1 6
518 6 0 2 2
519 9 1 4 3
520 7 2 4 8
521 10 5 5 3
522 11 5 1 4
523 6 4 1 6
524 6 5 2 2
525 7 3 2 9
526 7 5 3 5
527 11 7 4 8
528 8 4 3 6
529 10 5 3 7
530 7 6 2 7
531 5 4 3 8
532 8 3 2 8
533 12 5 0 8
534 8 10 3 14
535 8 5 5 3
536 14 7 3 4
537 6 5 2 7
538 8 7 4 9
539 8 4 1 9
540 10 4 4 4
541 8 12 2 10
542 9 1 5 12
543 9 4 4 9
544 6 7 2 9
545 8 7 3 9
546 11 7 2 4
547 9 5 5 7
548 14 3 4 12
549 8 6 2 8
550 13 5 3 10
551 9 7 3 9
552 9 7 4 9
553 14 7 1 7
554 9 3 4 10
555 9 6 5 10
556 13 6 3 9
557 9 7 5 5
558 12 7 5 6
559 10 8 2 14
560 11 3 4 10
561 7 5 5 11
562 9 7 0 10
563 12 5 7 7
564 8 8 3 8
565 8 9 4 13
566 7 10 2 11
567 7 10 2 11
568 5 8 3 14
569 9 3 4 10
570 6 7 4 6
571 6 2 1 10
572 5 6 3 11
573 5 4 6 14
574 4 2 4 10
575 4 4 6 8
576 6 4 4 9
577 4 2 2 11
578 3 4 3 4
579 6 1 4 10
580 3 3 2 13
581 7 0 2 6
582 3 1 2 7
583 4 2 1 3
584 4 2 2 3
585 2 2 4 4
586 3 4 1 5
587 3 1 1 2
588 6 3 2 4
589 3 4 1 5
590 1 3 4 6
591 2 3 1 2
592 2 2 1 5
593 1 4 3 1
594 2 2 1 6
595 2 1 1 5
596 1 0 1 8
597 0 2 2 9
598 0 0 0 3
599 1 1 0 0
600 3 1 1 2
601 3 1 0 5
602 3 0 1 2
603 1 1 0 1
604 0 1 0 2
605 2 1 1 1
606 0 1 1 1
607 1 1 0 1
608 0 1 1 1
609 1 1 0 1
610 0 1 2 3
611 0 0 2 0
612 3 0 1 2
613 1 0 0 1
614 1 0 0 3
615 1 0 0 1
616 1 0 0 1
617 1 2 1 3
618 0 1 1 0
619 0 0 0 0
620 1 0 0 0
621 3 0 0 1
622 0 0 0 0
623 0 1 0 0
624 0 0 1 2
625 0 0 1 2
626 0 3 1 0
627 0 0 0 0
628 0 0 0 0
629 0 1 0 1
630 1 0 0 4
631 1 0 0 0
632 0 0 0 1
633 1 0 0 2
634 0 0 0 0
635 0 0 0 0
636 0 0 0 0
637 0 0 0 0
638 0 0 0 0
639 0 1 0 0
640 0 1 0 0
641 0 0 0 0
642 0 1 0 0
643 1 0 0 0
644 0 0 0 2
645 0 0 0 0
646 0 0 0 0
647 0 0 0 0
648 0 0 0 0
649 0 0 0 1
650 0 0 0 0
651 0 0 0 0
652 1 0 1 0
653 0 0 0 0
654 1 0 0 0
655 0 0 0 0
656 0 0 0 1
657 1 0 0 0
658 1 0 0 0
659 0 0 0 0
660 1 0 0 0
661 0 2 0 0
662 0 1 0 0
663 1 1 0 0
664 0 0 0 0
665 0 0 1 2
666 0 0 0 1
667 0 0 0 1
668 0 0 0 0
669 0 0 0 1
670 0 0 0 0
671 0 0 0 0
672 0 1 0 0
673 0 0 0 0
674 0 0 0 0
675 0 0 0 0
676 0 0 0 0
677 0 0 0 0
678 0 0 0 0
679 0 0 0 1
680 0 0 0 0
681 0 0 0 0
682 1 0 0 0
683 0 0 0 0
684 0 0 0 0
685 0 0 0 0
686 0 0 0 0
687 0 1 0 0
688 0 0 0 0
689 0 0 0 0
690 0 0 0 0
691 0 0 0 0
692 0 0 0 0
693 0 0 0 0
694 0 0 0 1
695 0 0 0 0
696 0 0 0 0
697 0 0 0 0
698 0 0 0 0
699 0 0 0 0
700 0 0 0 0
701 0 0 0 0
702 0 0 0 0
703 0 0 0 0
704 0 0 0 0
705 0 0 0 0
706 0 0 0 0
707 0 0 0 0
708 0 0 0 0
709 0 0 0 0
710 0 0 0 0
711 0 0 0 0
712 0 0 0 0
713 0 0 0 0
714 0 0 0 0
715 0 0 0 0
716 0 0 0 0
717 0 0 0 0
718 0 0 0 0
719 0 0 0 0
720 0 0 0 0
721 0 0 0 0
722 0 0 0 0
723 0 0 0 0
724 0 0 0 0
725 0 0 0 0
726 0 0 0 0
727 0 0 0 0
