0 0 0 0 0
1 0 0 0 0
2 0 0 0 0
3 0 0 0 0
4 0 0 0 0
5 0 2 0 0
6 0 0 0 0
7 0 0 0 0
8 0 0 0 0
9 0 1 2 0
10 0 0 0 0
11 0 0 0 0
12 0 0 0 2
13 0 0 0 3
14 0 0 0 0
15 0 0 0 0
16 0 0 0 0
17 0 0 0 0
18 0 0 0 0
19 1 0 0 0
20 0 0 0 0
21 2 0 0 0
22 3 0 0 0
23 1 0 0 0
24 3 0 0 0
25 0 0 0 0
26 1 1 0 0
27 1 1 1 0
28 2 1 0 0
29 2 1 1 0
30 1 1 0 0
31 3 2 0 0
32 1 0 2 0
33 0 0 2 2
34 0 0 0 2
35 2 1 0 2
36 1 0 1 2
37 1 1 0 0
38 3 1 1 2
39 2 1 0 2
40 2 1 1 2
41 0 1 0 1
42 1 0 0 1
43 1 1 0 3
44 1 1 1 0
45 1 2 0 0
46 2 0 1 0
47 1 1 1 2
48 2 0 2 3
49 1 1 1 0
50 0 1 0 1
51 1 0 3 1
52 3 0 0 2
53 0 1 1 2
54 2 0 1 2
55 3 0 0 4
56 0 1 0 1
57 4 0 0 2
58 3 0 0 2
59 2 1 0 0
60 3 0 3 0
61 2 2 1 0
62 1 0 1 0
63 1 0 1 1
64 3 2 0 3
65 0 2 1 1
66 2 2 2 1
67 1 3 1 0
68 2 1 1 3
69 0 2 0 1
70 2 0 1 2
71 3 1 0 2
72 3 0 0 3
73 4 0 1 4
74 7 0 0 5
75 3 1 0 1
76 3 3 0 1
77 1 2 2 0
78 4 3 1 1
79 5 1 1 1
80 1 2 2 1
81 4 4 2 0
82 2 1 1 1
83 3 2 4 3
84 4 2 0 8
85 4 1 0 6
86 7 1 0 4
87 5 1 0 3
88 6 3 2 5
89 3 0 3 0
90 1 3 2 3
91 4 3 1 2
92 4 1 2 2
93 4 1 3 3
94 5 2 1 1
95 11 3 2 5
96 11 5 0 3
97 6 2 3 5
98 7 1 1 4
99 2 3 3 2
100 3 3 1 7
101 2 4 6 4
102 2 2 5 4
103 8 3 3 6
104 7 5 4 5
105 7 3 1 5
106 5 4 0 4
107 9 3 0 3
108 3 1 3 12
109 11 5 1 8
110 8 3 2 9
111 5 3 1 3
112 9 5 5 5
113 6 3 3 2
114 9 8 3 6
115 8 4 3 1
116 9 3 4 13
117 5 5 1 3
118 13 4 3 5
119 14 3 5 5
120 11 4 3 9
121 7 5 3 12
122 10 2 3 6
123 11 5 4 7
124 6 9 4 5
125 11 2 4 9
126 11 7 1 5
127 9 7 5 8
128 11 8 3 11
129 5 5 7 6
130 13 4 3 10
131 13 5 3 14
132 15 6 4 11
133 12 4 4 7
134 13 6 3 8
135 10 10 5 8
136 4 8 4 11
137 8 9 5 8
138 14 5 6 8
139 15 9 5 10
140 15 11 2 12
141 16 5 2 16
142 16 6 2 15
143 16 10 5 13
144 10 5 7 11
145 12 6 3 9
146 15 5 7 13
147 17 11 6 10
148 18 8 5 11
149 8 9 4 5
150 23 8 4 14
151 14 8 7 14
152 19 9 8 12
153 12 9 6 17
154 12 6 5 13
155 18 19 4 11
156 27 8 7 15
157 27 11 10 14
158 18 6 1 20
159 19 9 5 18
160 11 6 10 13
161 16 14 2 12
162 23 15 7 13
163 17 6 6 13
164 16 9 8 20
165 22 13 7 13
166 17 13 8 22
167 22 16 6 15
168 32 12 9 15
169 22 9 7 18
170 27 12 7 16
171 30 12 9 19
172 26 7 9 21
173 24 11 11 21
174 22 17 9 20
175 25 17 9 23
176 14 18 12 13
177 31 17 12 26
178 27 8 14 26
179 27 22 6 23
180 17 16 11 18
181 26 7 11 26
182 25 22 12 27
183 25 13 8 31
184 28 14 11 25
185 35 14 8 21
186 23 15 6 34
187 29 16 9 23
188 27 15 10 22
189 31 14 8 23
190 31 22 11 22
191 32 16 8 26
192 30 11 14 21
193 25 17 11 25
194 27 18 13 27
195 30 13 10 26
196 34 21 11 18
197 24 19 10 29
198 32 18 9 26
199 19 20 11 29
200 18 12 19 29
201 35 15 15 35
202 31 17 8 24
203 19 19 11 32
204 28 9 11 24
205 22 14 11 34
206 19 18 16 31
207 13 20 14 39
208 20 12 8 27
209 14 15 8 25
210 19 12 9 32
211 15 8 15 25
212 11 11 9 18
213 17 17 7 20
214 10 14 7 25
215 15 15 4 26
216 14 10 7 22
217 18 7 8 18
218 20 12 5 19
219 8 6 3 28
220 13 5 7 21
221 9 6 8 14
222 14 6 9 20
223 8 7 11 9
224 10 10 4 17
225 7 9 5 12
226 6 10 5 15
227 4 12 3 16
228 5 5 3 16
229 6 4 5 14
230 7 4 4 17
231 10 5 6 13
232 15 4 1 11
233 5 2 3 8
234 6 4 4 11
235 7 2 4 5
236 3 8 2 6
237 5 8 3 7
238 2 2 3 15
239 4 2 6 9
240 5 4 4 7
241 6 5 2 4
242 10 2 1 7
243 3 1 2 10
244 3 4 1 13
245 2 1 4 5
246 2 3 3 4
247 1 7 1 6
248 5 1 1 7
249 3 1 2 3
250 1 2 2 6
251 2 4 0 6
252 3 1 1 4
253 4 5 2 3
254 4 1 1 4
255 5 0 0 4
256 2 1 1 1
257 3 2 0 6
258 1 1 4 1
259 3 1 1 3
260 3 3 1 3
261 2 2 0 4
262 1 3 1 3
263 3 2 2 3
264 2 3 1 0
265 3 1 1 4
266 3 1 0 4
267 2 1 0 6
268 1 1 2 0
269 0 3 0 2
270 1 3 1 3
271 1 0 1 5
272 0 1 1 2
273 0 1 1 2
274 1 0 0 1
275 1 1 2 3
276 1 1 1 3
277 1 0 1 4
278 1 0 0 0
279 1 0 1 2
280 0 0 0 2
281 0 0 1 0
282 0 0 0 1
283 0 0 2 2
284 0 2 0 1
285 0 0 0 1
286 0 0 0 0
287 1 0 0 1
288 1 0 0 2
289 1 0 0 0
290 0 0 0 1
291 1 0 0 0
292 0 0 1 0
293 0 0 0 0
294 1 0 0 0
295 0 0 0 0
296 0 1 0 1
297 1 0 1 0
298 0 1 0 0
299 0 1 0 0
300 0 0 0 0
301 0 0 0 0
302 0 0 1 0
303 0 0 0 2
304 0 0 0 0
305 0 0 0 1
306 0 0 0 1
307 0 0 0 0
308 0 0 0 0
309 0 0 0 1
310 0 0 0 0
311 0 0 0 0
312 0 0 0 0
313 0 0 0 0
314 0 0 0 0
315 0 0 0 0
316 0 0 0 0
317 0 0 0 0
318 0 0 0 0
319 0 0 0 0
320 0 0 0 0
321 0 0 0 0
322 0 0 0 0
323 0 0 0 0
324 0 0 0 0
325 0 0 0 0
326 0 0 0 0
327 0 0 0 0
328 0 0 0 0
329 0 0 0 0
330 0 0 0 0
331 0 0 0 0
332 0 0 0 0
333 0 0 0 0
334 0 0 0 0
335 0 0 0 0
336 0 0 0 0
337 0 0 0 0
338 0 0 0 0
339 0 0 0 0
340 0 0 0 0
341 0 0 0 0
342 0 0 0 0
343 0 0 0 0
344 0 0 0 0
345 0 0 0 0
346 0 0 0 0
347 0 0 0 0
348 0 0 0 0
349 0 0 0 0
350 0 0 0 0
351 0 0 0 0
352 0 0 0 0
353 0 0 0 0
354 0 0 0 0
355 0 0 0 0
356 0 0 0 0
357 0 0 0 0
358 0 0 0 0
359 0 0 0 0
360 0 0 0 0
361 0 0 0 0
362 0 0 0 0
363 0 0 0 0
364 0 0 0 0
365 0 0 0 0
366 0 0 0 0
367 0 0 0 0
368 0 0 0 0
369 0 0 0 0
370 0 0 0 0
371 0 0 0 0
372 0 0 0 0
373 0 0 0 0
374 0 0 0 0
375 0 0 0 0
376 0 0 0 0
377 0 0 0 0
378 0 0 0 0
379 0 0 0 0
380 0 0 0 0
381 0 0 0 0
382 0 0 0 0
383 0 0 0 0
384 0 0 0 0
385 0 0 0 0
386 0 0 0 0
387 0 0 0 0
388 0 0 0 0
389 0 0 0 0
390 0 0 0 0
391 0 0 0 0
392 0 0 0 0
393 0 0 0 0
394 0 0 0 0
395 0 0 0 0
396 0 0 0 0
397 0 0 0 0
398 0 0 0 0
399 0 0 0 0
400 0 0 0 0
401 0 0 0 0
402 0 0 0 0
403 0 0 0 0
404 0 0 0 0
405 0 0 0 0
406 0 0 0 0
407 0 0 0 0
408 0 0 0 0
409 0 0 0 0
410 0 0 0 0
411 0 0 0 0
412 0 0 0 0
413 0 0 0 0
414 0 0 0 0
415 0 0 0 0
416 0 0 0 0
417 0 0 0 0
418 0 0 0 0
419 0 0 0 0
420 0 0 0 0
421 0 0 0 0
422 0 0 0 0
423 0 0 0 0
424 0 0 0 0
425 0 0 0 0
426 0 0 0 0
427 0 0 0 0
428 0 0 0 0
429 0 0 0 0
430 0 0 0 0
431 0 0 0 0
432 0 0 0 0
433 0 0 0 0
434 0 0 0 0
435 0 0 0 0
436 0 0 0 0
437 0 0 0 0
438 0 0 0 0
439 0 0 0 0
440 0 0 0 0
441 0 0 0 0
442 0 0 0 0
443 0 0 0 0
444 0 0 0 0
445 0 0 0 0
446 0 0 0 0
447 0 0 0 0
448 0 0 0 0
449 0 0 0 0
450 0 0 0 0
451 0 0 0 0
452 0 0 0 0
453 0 0 0 0
454 0 0 0 0
455 0 0 0 0
456 0 0 0 0
457 0 0 0 0
458 0 0 0 0
459 0 0 0 0
460 0 0 0 0
461 0 0 0 0
462 0 0 0 0
463 0 0 0 0
464 0 0 0 0
465 0 0 0 0
466 0 0 0 0
467 0 0 0 0
468 0 0 0 0
469 0 0 0 0
470 0 0 0 0
471 0 0 0 0
472 0 0 0 0
473 0 0 0 0
474 0 0 0 0
475 0 0 0 0
476 0 0 0 0
477 0 0 0 0
478 0 0 0 0
479 0 0 0 0
480 0 0 0 0
481 0 0 0 0
482 0 0 0 0
483 0 0 0 0
484 0 0 0 0
485 0 0 0 0
486 0 0 0 0
487 0 0 0 0
488 0 0 0 0
489 0 0 0 0
490 0 0 0 0
491 0 0 0 0
492 0 0 0 0
493 0 0 0 0
494 0 0 0 0
495 0 0 0 0
496 0 0 0 0
497 0 0 0 0
498 0 0 0 0
499 0 0 0 0
500 0 0 0 0
501 0 0 0 0
502 0 0 0 0
503 0 0 0 0
504 0 0 0 0
505 0 0 0 0
506 0 0 0 0
507 0 0 0 0
508 0 0 0 0
509 0 0 0 0
510 0 0 0 0
511 0 0 0 0
512 0 0 0 0
513 0 0 0 0
514 0 0 0 0
515 0 0 0 0
516 0 0 0 0
517 0 0 0 0
518 0 0 0 0
519 0 0 0 0
520 0 0 0 0
521 0 0 0 0
522 0 0 0 0
523 0 0 0 0
524 0 0 0 0
525 0 0 0 0
526 0 0 0 0
527 0 0 0 0
528 0 0 0 0
529 0 0 0 0
530 0 0 0 0
531 0 0 0 0
532 0 0 0 0
533 0 0 0 0
534 0 0 0 0
535 0 0 0 0
536 0 0 0 0
537 0 0 0 0
538 0 0 0 0
539 0 0 0 0
540 0 0 0 0
541 0 0 0 0
542 0 0 0 0
543 0 0 0 0
544 0 0 0 0
545 0 0 0 0
546 0 0 0 0
547 0 0 0 0
548 0 0 0 0
549 0 0 0 0
550 0 0 0 0
551 0 0 0 0
552 0 0 0 0
553 0 0 0 0
554 0 0 0 0
555 0 0 0 0
556 0 0 0 0
557 0 0 0 0
558 0 0 0 0
559 0 0 0 0
560 0 0 0 0
561 0 0 0 0
562 0 0 0 0
563 0 0 0 0
564 0 0 0 0
565 0 0 0 0
566 0 0 0 0
567 0 0 0 0
568 0 0 0 0
569 0 0 0 0
570 0 0 0 0
571 0 0 0 0
572 0 0 0 0
573 0 0 0 0
574 0 0 0 0
575 0 0 0 0
576 0 0 0 0
577 0 0 0 0
578 0 0 0 0
579 0 0 0 0
580 0 0 0 0
581 0 0 0 0
582 0 0 0 0
583 0 0 0 0
584 0 0 0 0
585 0 0 0 0
586 0 0 0 0
587 0 0 0 0
588 0 0 0 0
589 0 0 0 0
590 0 0 0 0
591 0 0 0 0
592 0 0 0 0
593 0 0 0 0
594 0 0 0 0
595 0 0 0 0
596 0 0 0 0
597 0 0 0 0
598 0 0 0 0
599 0 0 0 0
600 0 0 0 0
601 0 0 0 0
602 0 0 0 0
603 0 0 0 0
604 0 0 0 0
605 0 0 0 0
606 0 0 0 0
607 0 0 0 0
608 0 0 0 0
609 0 0 0 0
610 0 0 0 0
611 0 0 0 0
612 0 0 0 0
613 0 0 0 0
614 0 0 0 0
615 0 0 0 0
616 0 0 0 0
617 0 0 0 0
618 0 0 0 0
619 0 0 0 0
620 0 0 0 0
621 0 0 0 0
622 0 0 0 0
623 0 0 0 0
624 0 0 0 0
625 0 0 0 0
626 0 0 0 0
627 0 0 0 0
628 0 0 0 0
629 0 0 0 0
630 0 0 0 0
631 0 0 0 0
632 0 0 0 0
633 0 0 0 0
634 0 0 0 0
635 0 0 0 0
636 0 0 0 0
637 0 0 0 0
638 0 0 0 0
639 0 0 0 0
640 0 0 0 0
641 0 0 0 0
642 0 0 0 0
643 0 0 0 0
644 0 0 0 0
645 0 0 0 0
646 0 0 0 0
647 0 0 0 0
648 0 0 0 0
649 0 0 0 0
650 0 0 0 0
651 0 0 0 0
652 0 0 0 0
653 0 0 0 0
654 0 0 0 0
655 0 0 0 0
656 0 0 0 0
657 0 0 0 0
658 0 0 0 0
659 0 0 0 0
660 0 0 0 0
661 0 0 0 0
662 0 0 0 0
663 0 0 0 0
664 0 0 0 0
665 0 0 0 0
666 0 0 0 0
667 0 0 0 0
668 0 0 0 0
669 0 0 0 0
670 0 0 0 0
671 0 0 0 0
672 0 0 0 0
673 0 0 0 0
674 0 0 0 0
675 0 0 0 0
676 0 0 0 0
677 0 0 0 0
678 0 0 0 0
679 0 0 0 0
680 0 0 0 0
681 0 0 0 0
682 0 0 0 0
683 0 0 0 0
684 0 0 0 0
685 0 0 0 0
686 0 0 0 0
687 0 0 0 0
688 0 0 0 0
689 0 0 0 0
690 0 0 0 0
691 0 0 0 0
692 0 0 0 0
693 0 0 0 0
694 0 0 0 0
695 0 0 0 0
696 0 0 0 0
697 0 0 0 0
698 0 0 0 0
699 0 0 0 0
700 0 0 0 0
701 0 0 0 0
702 0 0 0 0
703 0 0 0 0
704 0 0 0 0
705 0 0 0 0
706 0 0 0 0
707 0 0 0 0
708 0 0 0 0
709 0 0 0 0
710 0 0 0 0
711 0 0 0 0
712 0 0 0 0
713 0 0 0 0
714 0 0 0 0
715 0 0 0 0
716 0 0 0 0
717 0 0 0 0
718 0 0 0 0
719 0 0 0 0
720 0 0 0 0
721 0 0 0 0
722 0 0 0 0
723 0 0 0 0
724 0 0 0 0
725 0 0 0 0
726 0 0 0 0
727 0 0 0 0
