0 0 0 0 0
1 0 0 0 0
2 0 0 0 0
3 0 0 0 0
4 0 0 0 0
5 0 2 1 0
6 0 0 0 0
7 0 0 0 0
8 0 0 0 0
9 0 2 0 1
10 0 0 0 0
11 0 0 0 0
12 0 0 0 2
13 0 0 0 2
14 0 0 0 0
15 1 0 0 0
16 1 0 0 0
17 0 0 0 0
18 1 0 0 0
19 1 0 0 0
20 1 0 0 0
21 0 0 0 0
22 0 0 0 0
23 0 0 0 0
24 0 0 1 0
25 0 1 1 0
26 0 0 0 0
27 1 1 0 0
28 1 1 0 0
29 0 0 0 1
30 2 0 0 0
31 2 0 0 1
32 2 0 0 2
33 1 0 0 0
34 1 0 0 1
35 1 0 1 0
36 2 1 0 0
37 0 2 0 0
38 0 0 0 0
39 1 1 0 1
40 2 2 1 0
41 1 1 2 2
42 0 1 0 0
43 0 0 1 2
44 0 1 0 0
45 0 1 1 1
46 0 1 0 0
47 0 0 0 3
48 0 0 0 3
49 0 0 0 1
50 0 0 0 2
51 0 0 0 0
52 0 0 0 2
53 2 0 0 0
54 0 0 0 0
55 1 0 0 0
56 2 0 0 0
57 3 0 0 0
58 1 0 1 0
59 2 0 0 0
60 2 0 1 0
61 5 0 0 0
62 2 2 2 1
63 6 0 0 0
64 3 1 1 0
65 3 1 2 0
66 4 2 1 3
67 3 1 1 1
68 1 3 1 2
69 1 3 0 2
70 1 3 1 3
71 2 2 2 2
72 2 2 2 4
73 1 0 1 1
74 2 1 0 3
75 1 2 0 5
76 0 2 0 5
77 1 1 1 1
78 1 0 1 1
79 1 1 1 2
80 3 2 0 1
81 0 0 1 3
82 3 0 1 2
83 3 0 0 3
84 2 0 0 1
85 2 2 1 0
86 3 1 0 2
87 3 3 0 1
88 3 1 3 1
89 2 0 2 2
90 2 0 1 1
91 3 1 1 2
92 3 1 0 4
93 6 2 0 0
94 4 2 0 2
95 6 2 1 2
96 4 4 0 3
97 2 1 1 0
98 5 3 2 1
99 4 3 0 1
100 2 2 4 4
101 5 3 2 4
102 4 2 2 4
103 5 5 0 3
104 3 2 3 3
105 3 1 1 9
106 4 1 1 4
107 6 2 1 3
108 1 3 1 4
109 6 2 1 2
110 4 2 2 4
111 7 3 3 4
112 6 5 1 3
113 5 0 1 4
114 8 2 1 2
115 8 3 1 5
116 2 4 1 5
117 7 2 4 5
118 4 5 1 4
119 5 3 2 5
120 2 8 1 3
121 3 2 1 5
122 7 4 1 5
123 5 6 2 3
124 7 4 4 8
125 2 1 0 5
126 3 2 1 8
127 6 1 3 7
128 10 3 1 3
129 5 6 0 2
130 5 2 2 6
131 4 4 2 6
132 2 5 1 4
133 4 5 2 5
134 6 3 0 3
135 9 3 1 5
136 6 3 2 4
137 9 4 2 7
138 9 1 3 1
139 6 7 0 6
140 6 4 0 7
141 5 4 0 5
142 10 5 4 5
143 9 2 4 7
144 7 4 4 4
145 6 6 1 3
146 6 3 3 5
147 10 7 4 6
148 10 5 3 7
149 9 6 1 9
150 10 5 3 5
151 10 2 5 11
152 4 2 2 8
153 10 5 5 5
154 7 3 2 10
155 6 3 2 7
156 11 9 4 7
157 10 4 1 12
158 16 6 6 6
159 13 10 0 2
160 5 7 2 9
161 11 6 1 7
162 13 5 7 10
163 9 1 5 8
164 12 8 4 5
165 14 5 5 11
166 11 7 3 13
167 6 7 5 8
168 9 5 6 9
169 16 3 5 12
170 16 6 5 8
171 20 12 5 10
172 21 2 4 11
173 14 6 4 12
174 13 7 6 12
175 16 8 2 13
176 14 11 4 7
177 19 11 7 11
178 8 8 8 14
179 14 9 9 4
180 16 12 6 13
181 15 10 6 14
182 13 6 11 15
183 13 7 6 20
184 21 10 4 23
185 18 5 8 17
186 18 14 4 18
187 16 6 7 10
188 20 8 4 12
189 18 9 11 13
190 18 6 10 17
191 27 9 5 16
192 18 10 5 13
193 15 15 6 22
194 22 8 4 11
195 25 11 8 13
196 12 17 6 16
197 24 10 10 23
198 23 14 7 11
199 21 15 9 18
200 15 10 9 19
201 22 10 6 14
202 24 12 6 20
203 28 10 8 27
204 17 14 10 21
205 33 9 5 16
206 20 7 12 23
207 20 15 7 18
208 11 16 11 22
209 27 11 6 18
210 15 19 11 16
211 10 14 9 25
212 12 14 8 11
213 15 8 9 23
214 21 19 10 24
215 14 10 6 28
216 12 11 5 17
217 11 5 4 26
218 8 14 7 23
219 12 17 6 19
220 7 7 3 12
221 11 7 6 19
222 12 8 4 21
223 10 8 7 21
224 10 10 4 10
225 12 7 5 19
226 11 5 5 15
227 7 5 3 10
228 13 6 6 13
229 11 4 3 14
230 8 11 1 17
231 9 7 4 13
232 9 5 3 15
233 6 9 4 5
234 9 8 6 11
235 4 2 4 6
236 9 3 4 9
237 10 6 6 10
238 10 2 3 14
239 5 8 2 5
240 6 4 3 9
241 4 3 4 13
242 4 6 4 7
243 2 3 5 9
244 3 2 3 11
245 5 3 4 9
246 3 5 2 9
247 2 2 4 8
248 4 3 2 3
249 7 2 3 9
250 3 3 2 9
251 4 3 2 6
252 4 0 1 8
253 6 2 1 3
254 3 4 1 5
255 3 2 1 4
256 0 1 0 4
257 4 3 2 4
258 2 1 5 5
259 3 3 1 2
260 1 4 1 1
261 3 0 1 3
262 2 2 3 4
263 1 2 0 3
264 1 3 0 7
265 1 0 0 4
266 1 3 1 3
267 0 2 0 2
268 0 3 0 3
269 1 1 0 4
270 2 0 2 4
271 1 1 0 0
272 1 0 0 3
273 2 1 0 2
274 1 0 1 4
275 1 2 0 2
276 0 0 0 0
277 2 1 0 0
278 0 0 1 2
279 1 1 1 2
280 2 1 1 0
281 1 0 0 1
282 3 1 1 0
283 1 0 0 1
284 0 1 0 0
285 0 0 1 1
286 0 1 0 1
287 0 1 1 2
288 1 1 0 1
289 0 0 1 2
290 0 1 0 1
291 0 1 0 2
292 0 0 0 2
293 0 1 0 0
294 0 0 0 1
295 0 0 0 1
296 0 0 0 1
297 0 0 0 0
298 0 0 0 0
299 0 0 0 0
300 0 0 0 1
301 1 0 0 0
302 1 0 0 0
303 0 0 0 0
304 1 0 0 0
305 0 0 0 0
306 0 0 0 0
307 0 1 0 0
308 0 0 0 0
309 0 0 0 0
310 0 0 1 0
311 0 0 0 1
312 0 0 0 0
313 0 1 0 0
314 0 0 0 0
315 0 0 0 0
316 0 0 0 0
317 0 0 0 1
318 0 0 0 0
319 0 0 0 0
320 0 0 0 1
321 0 0 0 0
322 0 0 0 0
323 0 0 0 0
324 0 0 0 0
325 0 0 0 0
326 0 0 0 0
327 1 0 0 0
328 0 0 0 0
329 0 0 0 0
330 0 0 0 0
331 0 0 0 0
332 0 0 1 0
333 0 0 0 0
334 0 0 0 0
335 0 0 0 0
336 0 0 0 0
337 0 0 0 0
338 0 0 0 0
339 0 0 0 1
340 0 0 0 0
341 0 0 0 0
342 0 0 0 0
343 0 0 0 0
344 0 0 0 0
345 0 0 0 0
346 0 0 0 0
347 0 0 0 0
348 0 0 0 0
349 0 0 0 0
350 0 0 0 0
351 0 0 0 0
352 0 0 0 0
353 0 0 0 0
354 0 0 0 0
355 1 0 0 0
356 0 0 0 0
357 1 0 0 0
358 0 0 0 0
359 0 0 0 0
360 0 0 1 0
361 0 0 0 0
362 0 0 1 0
363 0 0 0 0
364 0 0 0 1
365 0 0 0 0
366 0 0 0 0
367 0 0 0 0
368 0 0 0 0
369 0 0 0 1
370 0 0 0 0
371 0 0 0 0
372 0 0 0 0
373 0 0 0 0
374 0 0 0 0
375 0 0 0 0
376 0 0 0 0
377 0 0 0 0
378 0 0 0 0
379 0 0 0 0
380 0 0 0 0
381 0 0 0 0
382 0 0 0 0
383 0 0 0 0
384 0 0 0 0
385 0 0 0 0
386 0 0 0 0
387 0 0 0 0
388 0 0 0 0
389 0 0 0 0
390 0 0 0 0
391 0 0 0 0
392 0 0 0 0
393 0 0 0 0
394 0 0 0 0
395 0 0 0 0
396 0 0 0 0
397 0 0 0 0
398 0 0 0 0
399 0 0 0 0
400 0 0 0 0
401 0 0 0 0
402 0 0 0 0
403 0 0 0 0
404 0 0 0 0
405 0 0 0 0
406 0 0 0 0
407 0 0 0 0
408 0 0 0 0
409 0 0 0 0
410 0 0 0 0
411 0 0 0 0
412 0 0 0 0
413 0 0 0 0
414 0 0 0 0
415 0 0 0 0
416 0 0 0 0
417 0 0 0 0
418 0 0 0 0
419 0 0 0 0
420 0 0 0 0
421 0 0 0 0
422 0 0 0 0
423 0 0 0 0
424 0 0 0 0
425 0 0 0 0
426 0 0 0 0
427 0 0 0 0
428 0 0 0 0
429 0 0 0 0
430 0 0 0 0
431 0 0 0 0
432 0 0 0 0
433 0 0 0 0
434 0 0 0 0
435 0 0 0 0
436 0 0 0 0
437 0 0 0 0
438 0 0 0 0
439 0 0 0 0
440 0 0 0 0
441 0 0 0 0
442 0 0 0 0
443 0 0 0 0
444 0 0 0 0
445 0 0 0 0
446 0 0 0 0
447 0 0 0 0
448 0 0 0 0
449 0 0 0 0
450 0 0 0 0
451 0 0 0 0
452 0 0 0 0
453 0 0 0 0
454 0 0 0 0
455 0 0 0 0
456 0 0 0 0
457 0 0 0 0
458 0 0 0 0
459 0 0 0 0
460 0 0 0 0
461 0 0 0 0
462 0 0 0 0
463 0 0 0 0
464 0 0 0 0
465 0 0 0 0
466 0 0 0 0
467 0 0 0 0
468 0 0 0 0
469 0 0 0 0
470 0 0 0 0
471 0 0 0 0
472 0 0 0 0
473 0 0 0 0
474 0 0 0 0
475 0 0 0 0
476 0 0 0 0
477 0 0 0 0
478 0 0 0 0
479 0 0 0 0
480 0 0 0 0
481 0 0 0 0
482 0 0 0 0
483 0 0 0 0
484 0 0 0 0
485 0 0 0 0
486 0 0 0 0
487 0 0 0 0
488 0 0 0 0
489 0 0 0 0
490 0 0 0 0
491 0 0 0 0
492 0 0 0 0
493 0 0 0 0
494 0 0 0 0
495 0 0 0 0
496 0 0 0 0
497 0 0 0 0
498 0 0 0 0
499 0 0 0 0
500 0 0 0 0
501 0 0 0 0
502 0 0 0 0
503 0 0 0 0
504 0 0 0 0
505 0 0 0 0
506 0 0 0 0
507 0 0 0 0
508 0 0 0 0
509 0 0 0 0
510 0 0 0 0
511 0 0 0 0
512 0 0 0 0
513 0 0 0 0
514 0 0 0 0
515 0 0 0 0
516 0 0 0 0
517 0 0 0 0
518 0 0 0 0
519 0 0 0 0
520 0 0 0 0
521 0 0 0 0
522 0 0 0 0
523 0 0 0 0
524 0 0 0 0
525 0 0 0 0
526 0 0 0 0
527 0 0 0 0
528 0 0 0 0
529 0 0 0 0
530 0 0 0 0
531 0 0 0 0
532 0 0 0 0
533 0 0 0 0
534 0 0 0 0
535 0 0 0 0
536 0 0 0 0
537 0 0 0 0
538 0 0 0 0
539 0 0 0 0
540 0 0 0 0
541 0 0 0 0
542 0 0 0 0
543 0 0 0 0
544 0 0 0 0
545 0 0 0 0
546 0 0 0 0
547 0 0 0 0
548 0 0 0 0
549 0 0 0 0
550 0 0 0 0
551 0 0 0 0
552 0 0 0 0
553 0 0 0 0
554 0 0 0 0
555 0 0 0 0
556 0 0 0 0
557 0 0 0 0
558 0 0 0 0
559 0 0 0 0
560 0 0 0 0
561 0 0 0 0
562 0 0 0 0
563 0 0 0 0
564 0 0 0 0
565 0 0 0 0
566 0 0 0 0
567 0 0 0 0
568 0 0 0 0
569 0 0 0 0
570 0 0 0 0
571 0 0 0 0
572 0 0 0 0
573 0 0 0 0
574 0 0 0 0
575 0 0 0 0
576 0 0 0 0
577 0 0 0 0
578 0 0 0 0
579 0 0 0 0
580 0 0 0 0
581 0 0 0 0
582 0 0 0 0
583 0 0 0 0
584 0 0 0 0
585 0 0 0 0
586 0 0 0 0
587 0 0 0 0
588 0 0 0 0
589 0 0 0 0
590 0 0 0 0
591 0 0 0 0
592 0 0 0 0
593 0 0 0 0
594 0 0 0 0
595 0 0 0 0
596 0 0 0 0
597 0 0 0 0
598 0 0 0 0
599 0 0 0 0
600 0 0 0 0
601 0 0 0 0
602 0 0 0 0
603 0 0 0 0
604 0 0 0 0
605 0 0 0 0
606 0 0 0 0
607 0 0 0 0
608 0 0 0 0
609 0 0 0 0
610 0 0 0 0
611 0 0 0 0
612 0 0 0 0
613 0 0 0 0
614 0 0 0 0
615 0 0 0 0
616 0 0 0 0
617 0 0 0 0
618 0 0 0 0
619 0 0 0 0
620 0 0 0 0
621 0 0 0 0
622 0 0 0 0
623 0 0 0 0
624 0 0 0 0
625 0 0 0 0
626 0 0 0 0
627 0 0 0 0
628 0 0 0 0
629 0 0 0 0
630 0 0 0 0
631 0 0 0 0
632 0 0 0 0
633 0 0 0 0
634 0 0 0 0
635 0 0 0 0
636 0 0 0 0
637 0 0 0 0
638 0 0 0 0
639 0 0 0 0
640 0 0 0 0
641 0 0 0 0
642 0 0 0 0
643 0 0 0 0
644 0 0 0 0
645 0 0 0 0
646 0 0 0 0
647 0 0 0 0
648 0 0 0 0
649 0 0 0 0
650 0 0 0 0
651 0 0 0 0
652 0 0 0 0
653 0 0 0 0
654 0 0 0 0
655 0 0 0 0
656 0 0 0 0
657 0 0 0 0
658 0 0 0 0
659 0 0 0 0
660 0 0 0 0
661 0 0 0 0
662 0 0 0 0
663 0 0 0 0
664 0 0 0 0
665 0 0 0 0
666 0 0 0 0
667 0 0 0 0
668 0 0 0 0
669 0 0 0 0
670 0 0 0 0
671 0 0 0 0
672 0 0 0 0
673 0 0 0 0
674 0 0 0 0
675 0 0 0 0
676 0 0 0 0
677 0 0 0 0
678 0 0 0 0
679 0 0 0 0
680 0 0 0 0
681 0 0 0 0
682 0 0 0 0
683 0 0 0 0
684 0 0 0 0
685 0 0 0 0
686 0 0 0 0
687 0 0 0 0
688 0 0 0 0
689 0 0 0 0
690 0 0 0 0
691 0 0 0 0
692 0 0 0 0
693 0 0 0 0
694 0 0 0 0
695 0 0 0 0
696 0 0 0 0
697 0 0 0 0
698 0 0 0 0
699 0 0 0 0
700 0 0 0 0
701 0 0 0 0
702 0 0 0 0
703 0 0 0 0
704 0 0 0 0
705 0 0 0 0
706 0 0 0 0
707 0 0 0 0
708 0 0 0 0
709 0 0 0 0
710 0 0 0 0
711 0 0 0 0
712 0 0 0 0
713 0 0 0 0
714 0 0 0 0
715 0 0 0 0
716 0 0 0 0
717 0 0 0 0
718 0 0 0 0
719 0 0 0 0
720 0 0 0 0
721 0 0 0 0
722 0 0 0 0
723 0 0 0 0
724 0 0 0 0
725 0 0 0 0
726 0 0 0 0
727 0 0 0 0
