0 0 0 0 0
1 0 0 0 0
2 0 0 0 0
3 0 0 0 0
4 0 0 0 0
5 0 2 0 0
6 0 0 0 0
7 0 0 0 0
8 0 0 0 0
9 0 1 2 0
10 0 0 0 1
11 0 0 0 0
12 0 0 0 1
13 0 0 0 1
14 0 0 0 0
15 0 0 0 0
16 0 0 0 2
17 0 0 0 0
18 0 0 0 0
19 0 0 0 0
20 1 0 0 0
21 0 0 0 0
22 1 0 0 0
23 1 0 0 0
24 1 0 0 0
25 0 0 0 0
26 1 0 0 0
27 1 1 0 0
28 3 0 0 0
29 0 0 1 0
30 2 0 0 0
31 2 0 1 0
32 1 1 0 0
33 0 2 1 1
34 1 0 0 1
35 0 0 1 0
36 0 1 2 0
37 0 1 0 2
38 0 0 0 1
39 0 1 1 2
40 0 0 0 2
41 0 0 1 1
42 0 0 0 0
43 0 0 0 4
44 0 0 0 0
45 0 0 0 1
46 2 0 0 0
47 0 0 0 0
48 2 0 0 0
49 0 0 0 0
50 0 0 0 0
51 2 0 0 0
52 4 0 0 0
53 2 1 0 0
54 1 0 0 0
55 3 2 0 0
56 1 1 0 0
57 1 0 2 1
58 1 1 0 0
59 1 0 0 2
60 1 3 0 0
61 1 2 1 1
62 1 1 0 0
63 0 1 0 1
64 1 2 1 1
65 1 0 0 3
66 0 0 1 1
67 1 3 0 4
68 1 0 0 1
69 1 2 0 0
70 0 1 0 1
71 0 0 0 4
72 2 0 1 0
73 1 0 0 1
74 2 0 0 1
75 1 0 0 0
76 4 0 0 3
77 1 1 2 1
78 2 2 0 0
79 5 0 0 0
80 5 1 0 0
81 2 2 1 1
82 1 2 0 2
83 3 1 1 0
84 2 3 2 1
85 4 1 1 2
86 4 1 2 2
87 2 2 0 1
88 2 3 1 4
89 1 3 1 2
90 5 1 2 2
91 5 3 0 4
92 3 1 0 2
93 3 2 0 5
94 4 1 0 1
95 3 3 0 5
96 5 1 0 4
97 2 3 0 3
98 4 1 1 0
99 2 4 3 1
100 6 1 3 2
101 4 2 2 1
102 3 3 1 3
103 2 2 1 6
104 7 0 2 5
105 4 3 4 4
106 4 4 1 3
107 3 2 0 4
108 2 0 2 2
109 0 1 4 4
110 4 1 2 5
111 2 2 2 1
112 5 3 0 6
113 3 1 3 2
114 1 2 0 4
115 5 3 2 2
116 3 2 1 6
117 5 1 1 2
118 1 0 1 3
119 6 2 0 3
120 5 1 1 5
121 7 2 3 4
122 8 2 1 4
123 6 1 0 1
124 7 5 3 2
125 5 3 1 4
126 8 5 4 3
127 8 2 3 1
128 7 2 4 6
129 8 3 2 3
130 4 4 2 8
131 5 6 2 6
132 7 6 2 5
133 3 6 1 7
134 11 4 2 4
135 10 3 1 6
136 4 3 2 5
137 8 2 2 10
138 6 2 3 4
139 5 6 1 8
140 11 7 3 4
141 9 7 1 7
142 11 7 2 3
143 1 4 5 5
144 14 2 3 8
145 9 4 6 4
146 9 2 3 11
147 9 7 2 9
148 8 2 2 7
149 10 6 6 9
150 8 5 3 7
151 5 6 3 7
152 12 3 2 8
153 9 7 4 6
154 10 6 1 8
155 12 11 1 8
156 12 4 4 10
157 16 4 2 10
158 13 4 7 8
159 10 3 3 6
160 8 6 4 10
161 16 9 8 5
162 12 12 3 12
163 14 3 4 7
164 10 7 4 7
165 7 5 1 18
166 10 13 1 11
167 9 6 9 9
168 13 9 6 14
169 13 9 2 12
170 13 7 5 9
171 12 7 4 12
172 8 5 6 8
173 13 6 5 16
174 12 6 4 15
175 12 6 6 14
176 11 6 2 11
177 11 7 5 5
178 13 5 11 10
179 17 7 6 10
180 10 7 7 12
181 11 5 4 10
182 12 5 4 17
183 13 6 4 11
184 15 12 4 18
185 10 4 4 7
186 12 8 5 14
187 14 6 4 6
188 14 7 9 13
189 17 8 2 7
190 12 7 4 14
191 10 10 4 14
192 14 6 7 12
193 14 12 5 15
194 13 14 3 13
195 13 9 6 13
196 15 4 2 12
197 18 9 5 12
198 16 8 4 19
199 16 4 5 11
200 9 9 8 11
201 10 12 3 11
202 13 14 8 16
203 13 9 6 7
204 7 6 8 11
205 7 6 6 11
206 10 3 6 15
207 8 8 3 25
208 11 10 5 21
209 5 8 1 16
210 10 5 6 9
211 5 8 6 7
212 8 8 2 11
213 9 4 1 8
214 12 2 1 13
215 16 4 3 18
216 6 5 0 13
217 6 7 4 6
218 7 5 3 6
219 9 8 5 8
220 7 5 6 7
221 6 3 4 4
222 12 4 4 8
223 5 6 4 8
224 3 6 2 14
225 4 3 3 9
226 8 4 4 11
227 4 5 3 9
228 2 9 2 6
229 3 2 2 7
230 2 2 5 10
231 4 7 2 11
232 5 2 4 7
233 4 3 0 5
234 6 2 2 7
235 2 5 0 11
236 5 2 2 6
237 1 2 4 1
238 4 1 3 7
239 5 4 1 6
240 5 3 0 5
241 4 2 1 3
242 3 1 0 5
243 4 2 1 3
244 2 2 2 5
245 6 2 2 3
246 5 2 0 4
247 7 3 2 3
248 5 1 1 5
249 6 3 1 5
250 5 3 2 1
251 1 1 4 3
252 3 2 3 2
253 3 0 2 3
254 4 3 5 4
255 2 1 2 4
256 2 3 2 6
257 1 2 2 3
258 4 1 2 5
259 2 3 2 3
260 1 2 1 6
261 2 2 1 8
262 3 3 1 4
263 2 1 0 3
264 4 2 0 4
265 1 1 0 4
266 3 3 0 7
267 3 3 1 1
268 4 2 0 1
269 2 2 2 1
270 3 0 0 1
271 2 1 2 4
272 0 2 0 1
273 0 3 1 4
274 1 0 1 1
275 1 2 0 3
276 0 0 2 3
277 0 2 0 2
278 1 1 1 2
279 0 3 0 2
280 1 0 1 3
281 0 0 0 1
282 0 0 0 2
283 2 0 0 3
284 0 1 0 1
285 0 0 0 1
286 1 0 0 1
287 0 1 0 1
288 1 1 0 1
289 1 1 0 0
290 0 0 0 0
291 0 1 0 0
292 1 1 0 1
293 0 0 1 1
294 1 0 1 0
295 0 0 0 0
296 0 0 0 2
297 0 0 0 1
298 0 0 0 2
299 0 0 0 0
300 0 0 0 0
301 0 0 1 0
302 0 0 0 0
303 0 1 0 0
304 0 0 0 0
305 0 0 0 1
306 0 0 0 0
307 0 0 0 1
308 1 0 0 0
309 0 0 0 0
310 0 0 0 0
311 0 0 0 0
312 0 0 0 0
313 0 0 0 0
314 0 0 0 0
315 0 0 0 0
316 0 0 0 0
317 0 0 1 0
318 0 0 0 0
319 0 0 0 0
320 0 0 0 0
321 0 0 0 0
322 0 0 0 1
323 0 0 0 0
324 0 0 0 0
325 0 0 0 0
326 0 0 0 0
327 0 0 0 0
328 0 0 0 0
329 0 0 0 0
330 0 0 0 0
331 0 0 0 0
332 0 0 0 0
333 0 0 0 0
334 0 0 0 0
335 0 0 0 0
336 0 0 0 0
337 0 0 0 0
338 0 0 0 0
339 0 0 0 0
340 0 0 0 0
341 0 0 0 0
342 0 0 0 0
343 0 0 0 0
344 0 0 0 0
345 0 0 0 0
346 0 0 0 0
347 0 0 0 0
348 0 0 0 0
349 0 0 0 0
350 0 0 0 0
351 0 0 0 0
352 0 0 0 0
353 0 0 0 0
354 0 0 0 0
355 0 0 0 0
356 0 0 0 0
357 0 0 0 0
358 0 0 0 0
359 0 0 0 0
360 0 0 0 0
361 0 0 0 0
362 0 0 0 0
363 0 0 0 0
364 0 0 0 0
365 0 0 0 0
366 0 0 0 0
367 0 0 0 0
368 0 0 0 0
369 0 0 0 0
370 0 0 0 0
371 0 0 0 0
372 0 0 0 0
373 0 0 0 0
374 0 0 0 0
375 0 0 0 0
376 0 0 0 0
377 0 0 0 0
378 0 0 0 0
379 0 0 0 0
380 0 0 0 0
381 0 0 0 0
382 0 0 0 0
383 0 0 0 0
384 0 0 0 0
385 0 0 0 0
386 0 0 0 0
387 0 0 0 0
388 0 0 0 0
389 0 0 0 0
390 0 0 0 0
391 0 0 0 0
392 0 0 0 0
393 0 0 0 0
394 0 0 0 0
395 0 0 0 0
396 0 0 0 0
397 0 0 0 0
398 0 0 0 0
399 0 0 0 0
400 0 0 0 0
401 0 0 0 0
402 0 0 0 0
403 0 0 0 0
404 0 0 0 0
405 0 0 0 0
406 0 0 0 0
407 0 0 0 0
408 0 0 0 0
409 0 0 0 0
410 0 0 0 0
411 0 0 0 0
412 0 0 0 0
413 0 0 0 0
414 0 0 0 0
415 0 0 0 0
416 0 0 0 0
417 0 0 0 0
418 0 0 0 0
419 0 0 0 0
420 0 0 0 0
421 0 0 0 0
422 0 0 0 0
423 0 0 0 0
424 0 0 0 0
425 0 0 0 0
426 0 0 0 0
427 0 0 0 0
428 0 0 0 0
429 0 0 0 0
430 0 0 0 0
431 0 0 0 0
432 0 0 0 0
433 0 0 0 0
434 0 0 0 0
435 0 0 0 0
436 0 0 0 0
437 0 0 0 0
438 0 0 0 0
439 0 0 0 0
440 0 0 0 0
441 0 0 0 0
442 0 0 0 0
443 0 0 0 0
444 0 0 0 0
445 0 0 0 0
446 0 0 0 0
447 0 0 0 0
448 0 0 0 0
449 0 0 0 0
450 0 0 0 0
451 0 0 0 0
452 0 0 0 0
453 0 0 0 0
454 0 0 0 0
455 0 0 0 0
456 0 0 0 0
457 0 0 0 0
458 0 0 0 0
459 0 0 0 0
460 0 0 0 0
461 0 0 0 0
462 0 0 0 0
463 0 0 0 0
464 0 0 0 0
465 0 0 0 0
466 0 0 0 0
467 0 0 0 0
468 0 0 0 0
469 0 0 0 0
470 0 0 0 0
471 0 0 0 0
472 0 0 0 0
473 0 0 0 0
474 0 0 0 0
475 0 0 0 0
476 0 0 0 0
477 0 0 0 0
478 0 0 0 0
479 0 0 0 0
480 0 0 0 0
481 0 0 0 0
482 0 0 0 0
483 0 0 0 0
484 0 0 0 0
485 0 0 0 0
486 0 0 0 0
487 0 0 0 0
488 0 0 0 0
489 0 0 0 0
490 0 0 0 0
491 0 0 0 0
492 0 0 0 0
493 0 0 0 0
494 0 0 0 0
495 0 0 0 0
496 0 0 0 0
497 0 0 0 0
498 0 0 0 0
499 0 0 0 0
500 0 0 0 0
501 0 0 0 0
502 0 0 0 0
503 0 0 0 0
504 0 0 0 0
505 0 0 0 0
506 0 0 0 0
507 0 0 0 0
508 0 0 0 0
509 0 0 0 0
510 0 0 0 0
511 0 0 0 0
512 0 0 0 0
513 0 0 0 0
514 0 0 0 0
515 0 0 0 0
516 0 0 0 0
517 0 0 0 0
518 0 0 0 0
519 0 0 0 0
520 0 0 0 0
521 0 0 0 0
522 0 0 0 0
523 0 0 0 0
524 0 0 0 0
525 0 0 0 0
526 0 0 0 0
527 0 0 0 0
528 0 0 0 0
529 0 0 0 0
530 0 0 0 0
531 0 0 0 0
532 0 0 0 0
533 0 0 0 0
534 0 0 0 0
535 0 0 0 0
536 0 0 0 0
537 0 0 0 0
538 0 0 0 0
539 0 0 0 0
540 0 0 0 0
541 0 0 0 0
542 0 0 0 0
543 0 0 0 0
544 0 0 0 0
545 0 0 0 0
546 0 0 0 0
547 0 0 0 0
548 0 0 0 0
549 0 0 0 0
550 0 0 0 0
551 0 0 0 0
552 0 0 0 0
553 0 0 0 0
554 0 0 0 0
555 0 0 0 0
556 0 0 0 0
557 0 0 0 0
558 0 0 0 0
559 0 0 0 0
560 0 0 0 0
561 0 0 0 0
562 0 0 0 0
563 0 0 0 0
564 0 0 0 0
565 0 0 0 0
566 0 0 0 0
567 0 0 0 0
568 0 0 0 0
569 0 0 0 0
570 0 0 0 0
571 0 0 0 0
572 0 0 0 0
573 0 0 0 0
574 0 0 0 0
575 0 0 0 0
576 0 0 0 0
577 0 0 0 0
578 0 0 0 0
579 0 0 0 0
580 0 0 0 0
581 0 0 0 0
582 0 0 0 0
583 0 0 0 0
584 0 0 0 0
585 0 0 0 0
586 0 0 0 0
587 0 0 0 0
588 0 0 0 0
589 0 0 0 0
590 0 0 0 0
591 0 0 0 0
592 0 0 0 0
593 0 0 0 0
594 0 0 0 0
595 0 0 0 0
596 0 0 0 0
597 0 0 0 0
598 0 0 0 0
599 0 0 0 0
600 0 0 0 0
601 0 0 0 0
602 0 0 0 0
603 0 0 0 0
604 0 0 0 0
605 0 0 0 0
606 0 0 0 0
607 0 0 0 0
608 0 0 0 0
609 0 0 0 0
610 0 0 0 0
611 0 0 0 0
612 0 0 0 0
613 0 0 0 0
614 0 0 0 0
615 0 0 0 0
616 0 0 0 0
617 0 0 0 0
618 0 0 0 0
619 0 0 0 0
620 0 0 0 0
621 0 0 0 0
622 0 0 0 0
623 0 0 0 0
624 0 0 0 0
625 0 0 0 0
626 0 0 0 0
627 0 0 0 0
628 0 0 0 0
629 0 0 0 0
630 0 0 0 0
631 0 0 0 0
632 0 0 0 0
633 0 0 0 0
634 0 0 0 0
635 0 0 0 0
636 0 0 0 0
637 0 0 0 0
638 0 0 0 0
639 0 0 0 0
640 0 0 0 0
641 0 0 0 0
642 0 0 0 0
643 0 0 0 0
644 0 0 0 0
645 0 0 0 0
646 0 0 0 0
647 0 0 0 0
648 0 0 0 0
649 0 0 0 0
650 0 0 0 0
651 0 0 0 0
652 0 0 0 0
653 0 0 0 0
654 0 0 0 0
655 0 0 0 0
656 0 0 0 0
657 0 0 0 0
658 0 0 0 0
659 0 0 0 0
660 0 0 0 0
661 0 0 0 0
662 0 0 0 0
663 0 0 0 0
664 0 0 0 0
665 0 0 0 0
666 0 0 0 0
667 0 0 0 0
668 0 0 0 0
669 0 0 0 0
670 0 0 0 0
671 0 0 0 0
672 0 0 0 0
673 0 0 0 0
674 0 0 0 0
675 0 0 0 0
676 0 0 0 0
677 0 0 0 0
678 0 0 0 0
679 0 0 0 0
680 0 0 0 0
681 0 0 0 0
682 0 0 0 0
683 0 0 0 0
684 0 0 0 0
685 0 0 0 0
686 0 0 0 0
687 0 0 0 0
688 0 0 0 0
689 0 0 0 0
690 0 0 0 0
691 0 0 0 0
692 0 0 0 0
693 0 0 0 0
694 0 0 0 0
695 0 0 0 0
696 0 0 0 0
697 0 0 0 0
698 0 0 0 0
699 0 0 0 0
700 0 0 0 0
701 0 0 0 0
702 0 0 0 0
703 0 0 0 0
704 0 0 0 0
705 0 0 0 0
706 0 0 0 0
707 0 0 0 0
708 0 0 0 0
709 0 0 0 0
710 0 0 0 0
711 0 0 0 0
712 0 0 0 0
713 0 0 0 0
714 0 0 0 0
715 0 0 0 0
716 0 0 0 0
717 0 0 0 0
718 0 0 0 0
719 0 0 0 0
720 0 0 0 0
721 0 0 0 0
722 0 0 0 0
723 0 0 0 0
724 0 0 0 0
725 0 0 0 0
726 0 0 0 0
727 0 0 0 0
