0 0 0 0 0
1 0 0 0 0
2 0 0 0 0
3 0 0 0 0
4 0 0 0 0
5 0 2 2 0
6 0 0 0 0
7 0 0 1 0
8 0 0 0 0
9 0 0 0 2
10 0 0 0 1
11 0 0 0 0
12 0 0 0 1
13 0 0 0 0
14 0 0 0 1
15 0 0 0 0
16 0 0 0 0
17 0 0 0 0
18 1 0 0 0
19 0 0 0 0
20 2 0 0 0
21 1 0 0 0
22 2 0 0 0
23 0 0 0 0
24 0 0 0 0
25 1 0 1 0
26 0 1 0 0
27 1 1 1 0
28 0 0 0 0
29 0 1 0 1
30 0 0 1 1
31 1 1 0 1
32 1 1 0 0
33 0 0 0 1
34 0 0 0 2
35 0 0 0 1
36 0 0 1 1
37 0 1 0 0
38 0 0 0 0
39 0 0 0 0
40 0 0 0 0
41 0 0 0 0
42 0 0 0 0
43 0 0 0 1
44 1 0 0 1
45 0 0 0 0
46 0 0 0 0
47 2 0 0 0
48 1 0 0 0
49 1 0 0 0
50 1 0 0 0
51 0 0 0 0
52 1 2 0 0
53 2 2 0 0
54 1 0 0 0
55 0 0 0 0
56 0 0 0 0
57 0 1 0 2
58 0 1 2 0
59 1 2 0 1
60 0 0 0 1
61 0 0 0 0
62 0 0 0 2
63 0 0 0 1
64 0 1 0 1
65 0 0 0 1
66 0 0 0 1
67 0 0 0 0
68 0 0 0 0
69 1 0 0 0
70 0 0 0 0
71 1 0 0 1
72 1 0 0 0
73 2 0 0 0
74 3 0 1 0
75 4 0 0 0
76 2 0 1 0
77 2 0 0 0
78 2 0 0 0
79 1 2 0 0
80 2 0 4 1
81 2 1 0 1
82 2 2 1 0
83 1 2 0 2
84 1 1 1 3
85 1 0 1 0
86 1 0 1 3
87 0 2 0 3
88 0 1 0 2
89 0 1 2 0
90 1 1 0 1
91 0 1 1 1
92 0 0 0 2
93 1 1 0 2
94 1 1 0 2
95 1 1 0 1
96 1 0 0 1
97 2 0 0 2
98 1 0 1 2
99 3 1 0 1
100 0 0 1 0
101 1 0 0 0
102 4 2 0 0
103 3 0 0 0
104 3 1 0 0
105 0 0 1 1
106 4 0 0 2
107 3 0 2 1
108 1 3 1 1
109 2 1 1 2
110 5 1 0 0
111 2 2 1 1
112 1 0 4 2
113 5 0 2 2
114 5 0 1 2
115 4 0 4 5
116 2 1 0 2
117 4 1 0 1
118 1 1 2 1
119 4 3 4 6
120 3 2 1 2
121 6 0 2 0
122 1 2 3 0
123 0 1 1 5
124 1 1 1 3
125 3 1 3 4
126 4 5 3 5
127 5 1 0 3
128 6 0 2 2
129 3 0 0 3
130 3 0 3 6
131 8 1 2 2
132 3 2 0 4
133 2 2 2 3
134 5 2 2 2
135 4 4 1 3
136 4 4 1 1
137 1 3 1 3
138 1 2 1 2
139 3 2 3 5
140 5 3 2 4
141 9 3 0 3
142 4 1 0 3
143 6 1 1 6
144 7 3 2 5
145 5 2 3 3
146 6 3 3 1
147 7 1 1 3
148 3 3 3 6
149 4 0 8 6
150 9 3 5 4
151 6 1 1 2
152 5 5 1 5
153 4 1 1 5
154 3 2 3 6
155 12 5 4 5
156 10 5 2 11
157 9 5 1 3
158 9 2 2 4
159 9 2 4 4
160 4 6 1 9
161 9 7 0 4
162 9 3 3 5
163 7 6 1 4
164 5 6 6 8
165 10 5 1 5
166 14 4 1 10
167 12 5 3 4
168 16 6 2 11
169 13 1 3 4
170 9 10 3 6
171 8 7 4 10
172 10 5 6 6
173 11 11 4 6
174 11 7 8 10
175 12 11 4 13
176 8 4 5 6
177 10 7 4 12
178 11 2 3 11
179 16 6 4 15
180 10 8 1 12
181 10 3 3 17
182 15 10 4 9
183 8 6 9 9
184 11 9 8 11
185 18 8 3 5
186 9 5 4 11
187 15 6 5 6
188 16 6 3 12
189 13 5 4 13
190 14 9 5 19
191 10 5 5 14
192 12 3 3 11
193 16 6 5 5
194 11 9 4 10
195 20 7 7 6
196 19 9 7 10
197 23 10 8 14
198 19 14 3 16
199 12 9 7 12
200 13 7 10 11
201 17 10 5 16
202 19 11 6 15
203 13 10 2 17
204 11 11 3 17
205 13 11 5 13
206 15 9 9 20
207 19 13 9 14
208 11 9 2 14
209 9 6 10 14
210 11 13 4 18
211 15 9 8 17
212 8 8 5 16
213 12 6 4 13
214 3 6 3 20
215 13 9 5 11
216 5 12 7 15
217 5 4 3 13
218 10 6 7 11
219 10 4 1 14
220 9 5 8 12
221 6 6 3 11
222 9 2 3 16
223 16 4 2 13
224 11 6 5 8
225 4 8 2 11
226 6 4 3 6
227 8 7 4 8
228 4 7 8 10
229 9 4 4 10
230 7 2 1 8
231 7 6 3 10
232 10 6 4 12
233 5 6 1 7
234 5 5 3 7
235 5 3 4 10
236 9 3 3 9
237 6 3 4 7
238 5 5 1 8
239 3 2 2 6
240 5 3 2 7
241 6 5 4 9
242 4 3 3 10
243 4 4 1 5
244 4 1 3 5
245 5 7 4 6
246 3 3 3 7
247 5 4 2 6
248 4 1 1 7
249 2 3 1 7
250 0 1 0 3
251 3 2 3 3
252 2 4 2 6
253 0 3 0 5
254 2 4 2 6
255 1 1 0 4
256 5 1 3 8
257 7 1 1 2
258 1 1 0 5
259 1 1 0 1
260 2 2 0 3
261 1 2 3 5
262 1 3 1 0
263 0 2 1 3
264 2 1 0 2
265 1 2 1 2
266 1 1 2 2
267 0 1 0 2
268 0 0 0 3
269 2 1 0 5
270 0 2 0 2
271 2 0 1 2
272 1 0 0 1
273 1 0 0 3
274 1 0 0 0
275 4 1 0 2
276 3 0 0 0
277 1 0 0 1
278 2 0 2 0
279 4 0 1 1
280 1 1 3 0
281 1 1 0 0
282 2 1 1 2
283 0 1 0 1
284 1 3 1 3
285 1 3 1 1
286 0 0 1 0
287 1 0 2 2
288 0 1 1 1
289 1 0 1 4
290 1 0 0 0
291 0 0 1 5
292 0 0 0 2
293 3 0 0 2
294 1 0 1 1
295 1 1 0 1
296 1 0 1 0
297 0 0 0 0
298 0 1 0 2
299 0 0 0 0
300 1 1 0 0
301 1 0 0 0
302 1 1 2 2
303 2 1 0 1
304 1 0 0 1
305 0 1 0 0
306 2 1 0 3
307 0 0 0 0
308 2 1 1 0
309 0 1 1 1
310 0 0 0 2
311 0 3 0 0
312 0 0 0 1
313 0 1 0 1
314 0 0 0 0
315 0 0 0 1
316 0 0 0 1
317 0 0 1 0
318 0 0 0 3
319 0 0 0 0
320 0 0 0 1
321 0 0 0 0
322 0 0 0 0
323 0 0 0 0
324 0 0 0 1
325 0 0 0 0
326 0 0 0 0
327 1 0 0 0
328 1 0 0 0
329 1 0 0 0
330 1 0 0 0
331 0 0 0 0
332 1 0 0 0
333 1 0 0 0
334 0 1 0 0
335 2 1 0 0
336 1 1 0 0
337 0 2 0 0
338 0 0 0 1
339 2 0 0 1
340 0 1 0 0
341 0 0 0 2
342 1 1 0 0
343 0 0 0 1
344 0 2 0 1
345 0 1 0 0
346 0 0 0 0
347 0 1 0 0
348 0 1 0 2
349 0 0 0 2
350 0 0 0 0
351 0 0 0 0
352 0 0 0 1
353 0 0 0 0
354 0 0 0 1
355 0 0 0 0
356 0 0 0 0
357 0 0 0 0
358 0 0 0 0
359 0 0 0 0
360 0 0 0 0
361 0 0 0 0
362 0 0 0 0
363 0 0 0 0
364 0 0 0 0
365 0 0 0 0
366 0 0 0 0
367 0 0 0 0
368 0 0 0 0
369 0 0 0 0
370 0 0 0 0
371 0 0 0 0
372 0 0 0 0
373 0 0 0 0
374 0 0 0 0
375 0 0 0 0
376 0 0 0 0
377 0 0 0 0
378 0 0 0 0
379 0 0 0 0
380 0 0 0 0
381 0 0 0 0
382 0 0 0 0
383 0 0 0 0
384 0 0 0 0
385 0 0 0 0
386 0 0 0 0
387 0 0 0 0
388 0 0 0 0
389 0 0 0 0
390 0 0 0 0
391 0 0 0 0
392 0 0 0 0
393 0 0 0 0
394 0 0 0 0
395 0 0 0 0
396 0 0 0 0
397 0 0 0 0
398 0 0 0 0
399 0 0 0 0
400 0 0 0 0
401 0 0 0 0
402 0 0 0 0
403 0 0 0 0
404 0 0 0 0
405 0 0 0 0
406 0 0 0 0
407 0 0 0 0
408 0 0 0 0
409 0 0 0 0
410 0 0 0 0
411 0 0 0 0
412 0 0 0 0
413 0 0 0 0
414 0 0 0 0
415 0 0 0 0
416 0 0 0 0
417 0 0 0 0
418 0 0 0 0
419 0 0 0 0
420 0 0 0 0
421 0 0 0 0
422 0 0 0 0
423 0 0 0 0
424 0 0 0 0
425 0 0 0 0
426 0 0 0 0
427 0 0 0 0
428 0 0 0 0
429 0 0 0 0
430 0 0 0 0
431 0 0 0 0
432 0 0 0 0
433 0 0 0 0
434 0 0 0 0
435 0 0 0 0
436 0 0 0 0
437 0 0 0 0
438 0 0 0 0
439 0 0 0 0
440 0 0 0 0
441 0 0 0 0
442 0 0 0 0
443 0 0 0 0
444 0 0 0 0
445 0 0 0 0
446 0 0 0 0
447 0 0 0 0
448 0 0 0 0
449 0 0 0 0
450 0 0 0 0
451 0 0 0 0
452 0 0 0 0
453 0 0 0 0
454 0 0 0 0
455 0 0 0 0
456 0 0 0 0
457 0 0 0 0
458 0 0 0 0
459 0 0 0 0
460 0 0 0 0
461 0 0 0 0
462 0 0 0 0
463 0 0 0 0
464 0 0 0 0
465 0 0 0 0
466 0 0 0 0
467 0 0 0 0
468 0 0 0 0
469 0 0 0 0
470 0 0 0 0
471 0 0 0 0
472 0 0 0 0
473 0 0 0 0
474 0 0 0 0
475 0 0 0 0
476 0 0 0 0
477 0 0 0 0
478 0 0 0 0
479 0 0 0 0
480 0 0 0 0
481 0 0 0 0
482 0 0 0 0
483 0 0 0 0
484 0 0 0 0
485 0 0 0 0
486 0 0 0 0
487 0 0 0 0
488 0 0 0 0
489 0 0 0 0
490 0 0 0 0
491 0 0 0 0
492 0 0 0 0
493 0 0 0 0
494 0 0 0 0
495 0 0 0 0
496 0 0 0 0
497 0 0 0 0
498 0 0 0 0
499 0 0 0 0
500 0 0 0 0
501 0 0 0 0
502 0 0 0 0
503 0 0 0 0
504 0 0 0 0
505 0 0 0 0
506 0 0 0 0
507 0 0 0 0
508 0 0 0 0
509 0 0 0 0
510 0 0 0 0
511 0 0 0 0
512 0 0 0 0
513 0 0 0 0
514 0 0 0 0
515 0 0 0 0
516 0 0 0 0
517 0 0 0 0
518 0 0 0 0
519 0 0 0 0
520 0 0 0 0
521 0 0 0 0
522 0 0 0 0
523 0 0 0 0
524 0 0 0 0
525 0 0 0 0
526 0 0 0 0
527 0 0 0 0
528 0 0 0 0
529 0 0 0 0
530 0 0 0 0
531 0 0 0 0
532 0 0 0 0
533 0 0 0 0
534 0 0 0 0
535 0 0 0 0
536 0 0 0 0
537 0 0 0 0
538 0 0 0 0
539 0 0 0 0
540 0 0 0 0
541 0 0 0 0
542 0 0 0 0
543 0 0 0 0
544 0 0 0 0
545 0 0 0 0
546 0 0 0 0
547 0 0 0 0
548 0 0 0 0
549 0 0 0 0
550 0 0 0 0
551 0 0 0 0
552 0 0 0 0
553 0 0 0 0
554 0 0 0 0
555 0 0 0 0
556 0 0 0 0
557 0 0 0 0
558 0 0 0 0
559 0 0 0 0
560 0 0 0 0
561 0 0 0 0
562 0 0 0 0
563 0 0 0 0
564 0 0 0 0
565 0 0 0 0
566 0 0 0 0
567 0 0 0 0
568 0 0 0 0
569 0 0 0 0
570 0 0 0 0
571 0 0 0 0
572 0 0 0 0
573 0 0 0 0
574 0 0 0 0
575 0 0 0 0
576 0 0 0 0
577 0 0 0 0
578 0 0 0 0
579 0 0 0 0
580 0 0 0 0
581 0 0 0 0
582 0 0 0 0
583 0 0 0 0
584 0 0 0 0
585 0 0 0 0
586 0 0 0 0
587 0 0 0 0
588 0 0 0 0
589 0 0 0 0
590 0 0 0 0
591 0 0 0 0
592 0 0 0 0
593 0 0 0 0
594 0 0 0 0
595 0 0 0 0
596 0 0 0 0
597 0 0 0 0
598 0 0 0 0
599 0 0 0 0
600 0 0 0 0
601 0 0 0 0
602 0 0 0 0
603 0 0 0 0
604 0 0 0 0
605 0 0 0 0
606 0 0 0 0
607 0 0 0 0
608 0 0 0 0
609 0 0 0 0
610 0 0 0 0
611 0 0 0 0
612 0 0 0 0
613 0 0 0 0
614 0 0 0 0
615 0 0 0 0
616 0 0 0 0
617 0 0 0 0
618 0 0 0 0
619 0 0 0 0
620 0 0 0 0
621 0 0 0 0
622 0 0 0 0
623 0 0 0 0
624 0 0 0 0
625 0 0 0 0
626 0 0 0 0
627 0 0 0 0
628 0 0 0 0
629 0 0 0 0
630 0 0 0 0
631 0 0 0 0
632 0 0 0 0
633 0 0 0 0
634 0 0 0 0
635 0 0 0 0
636 0 0 0 0
637 0 0 0 0
638 0 0 0 0
639 0 0 0 0
640 0 0 0 0
641 0 0 0 0
642 0 0 0 0
643 0 0 0 0
644 0 0 0 0
645 0 0 0 0
646 0 0 0 0
647 0 0 0 0
648 0 0 0 0
649 0 0 0 0
650 0 0 0 0
651 0 0 0 0
652 0 0 0 0
653 0 0 0 0
654 0 0 0 0
655 0 0 0 0
656 0 0 0 0
657 0 0 0 0
658 0 0 0 0
659 0 0 0 0
660 0 0 0 0
661 0 0 0 0
662 0 0 0 0
663 0 0 0 0
664 0 0 0 0
665 0 0 0 0
666 0 0 0 0
667 0 0 0 0
668 0 0 0 0
669 0 0 0 0
670 0 0 0 0
671 0 0 0 0
672 0 0 0 0
673 0 0 0 0
674 0 0 0 0
675 0 0 0 0
676 0 0 0 0
677 0 0 0 0
678 0 0 0 0
679 0 0 0 0
680 0 0 0 0
681 0 0 0 0
682 0 0 0 0
683 0 0 0 0
684 0 0 0 0
685 0 0 0 0
686 0 0 0 0
687 0 0 0 0
688 0 0 0 0
689 0 0 0 0
690 0 0 0 0
691 0 0 0 0
692 0 0 0 0
693 0 0 0 0
694 0 0 0 0
695 0 0 0 0
696 0 0 0 0
697 0 0 0 0
698 0 0 0 0
699 0 0 0 0
700 0 0 0 0
701 0 0 0 0
702 0 0 0 0
703 0 0 0 0
704 0 0 0 0
705 0 0 0 0
706 0 0 0 0
707 0 0 0 0
708 0 0 0 0
709 0 0 0 0
710 0 0 0 0
711 0 0 0 0
712 0 0 0 0
713 0 0 0 0
714 0 0 0 0
715 0 0 0 0
716 0 0 0 0
717 0 0 0 0
718 0 0 0 0
719 0 0 0 0
720 0 0 0 0
721 0 0 0 0
722 0 0 0 0
723 0 0 0 0
724 0 0 0 0
725 0 0 0 0
726 0 0 0 0
727 0 0 0 0
