0 0 0 0 0
1 0 0 0 0
2 0 0 0 0
3 0 0 0 0
4 0 0 0 0
5 0 1 2 0
6 0 1 0 0
7 0 0 0 0
8 0 0 0 0
9 0 1 0 2
10 0 0 0 0
11 0 0 0 0
12 0 0 0 1
13 0 0 0 2
14 0 0 0 0
15 0 0 0 0
16 1 0 0 0
17 1 0 0 0
18 0 0 0 0
19 2 0 0 0
20 0 0 0 0
21 1 0 1 0
22 0 0 1 0
23 2 0 0 0
24 0 0 0 0
25 0 0 1 0
26 2 0 0 1
27 1 0 0 0
28 1 1 1 1
29 1 0 0 0
30 0 1 0 0
31 1 0 1 0
32 1 2 0 3
33 0 0 0 0
34 2 1 0 0
35 0 1 0 0
36 1 1 0 2
37 1 1 0 1
38 2 0 0 1
39 0 0 1 0
40 2 0 0 1
41 2 1 1 2
42 1 1 0 1
43 2 3 0 1
44 3 0 0 0
45 1 1 0 1
46 2 0 1 1
47 2 0 0 2
48 1 1 1 1
49 0 2 1 0
50 2 2 0 1
51 1 0 1 0
52 3 0 1 2
53 3 1 1 3
54 2 0 0 0
55 2 0 3 3
56 1 1 1 1
57 1 0 3 0
58 2 0 2 1
59 0 2 1 2
60 1 1 1 4
61 1 0 0 2
62 2 0 2 2
63 0 1 0 3
64 1 0 0 3
65 3 1 0 1
66 2 1 1 3
67 2 1 0 0
68 2 0 0 0
69 1 0 1 0
70 1 1 0 1
71 1 1 1 0
72 4 2 1 2
73 3 1 0 2
74 4 1 1 2
75 7 0 0 1
76 5 0 0 1
77 2 1 2 0
78 2 2 0 3
79 3 1 2 2
80 3 1 3 1
81 3 4 1 1
82 4 1 2 0
83 4 1 2 1
84 2 4 1 4
85 2 3 1 5
86 3 1 2 3
87 4 0 2 2
88 2 4 2 3
89 4 3 1 4
90 3 1 0 7
91 2 2 0 6
92 5 3 1 5
93 5 1 1 2
94 3 0 3 1
95 6 4 2 3
96 5 2 0 5
97 10 3 0 2
98 6 5 1 3
99 4 2 1 2
100 5 4 0 0
101 6 2 0 4
102 7 2 4 8
103 5 4 1 5
104 1 3 2 3
105 5 4 4 3
106 6 3 2 3
107 7 5 2 4
108 6 2 3 5
109 6 1 0 8
110 4 6 3 6
111 7 2 4 5
112 4 7 1 8
113 6 4 1 2
114 5 1 5 7
115 4 2 2 7
116 7 6 2 2
117 9 2 2 7
118 6 4 3 7
119 8 1 2 9
120 15 1 3 7
121 11 4 2 2
122 6 4 3 5
123 8 4 1 3
124 12 1 2 4
125 11 10 4 8
126 7 5 5 2
127 5 6 3 5
128 4 5 4 4
129 11 8 3 15
130 5 8 3 8
131 12 1 2 5
132 11 5 2 11
133 13 2 4 8
134 13 10 5 12
135 16 4 1 6
136 9 6 5 10
137 8 6 5 8
138 8 2 7 9
139 11 4 8 8
140 14 2 9 10
141 9 6 3 11
142 12 8 4 7
143 10 4 5 11
144 9 8 9 12
145 11 4 8 7
146 11 6 3 14
147 10 5 3 9
148 8 2 1 14
149 14 7 7 14
150 13 8 1 7
151 13 11 3 12
152 14 6 9 5
153 15 4 1 15
154 15 8 3 7
155 17 6 5 5
156 14 8 2 12
157 13 7 2 10
158 16 9 6 16
159 18 8 4 15
160 21 7 10 6
161 14 11 9 11
162 13 10 5 9
163 20 9 6 12
164 22 11 5 11
165 19 5 8 22
166 18 10 2 13
167 23 3 11 17
168 11 16 10 17
169 19 12 7 15
170 16 14 7 17
171 20 8 10 16
172 23 10 8 15
173 20 9 10 11
174 23 8 3 19
175 15 12 5 23
176 13 12 7 18
177 18 8 8 19
178 28 10 14 14
179 20 13 9 17
180 22 13 7 16
181 20 10 8 17
182 23 10 10 25
183 26 18 11 24
184 21 10 7 17
185 22 11 6 18
186 29 14 5 23
187 19 14 9 28
188 21 19 4 21
189 25 13 7 17
190 27 12 10 22
191 31 12 9 16
192 26 8 12 19
193 18 20 7 15
194 31 19 6 25
195 25 19 12 25
196 18 12 9 22
197 20 12 9 24
198 16 10 12 24
199 22 18 15 29
200 27 21 13 20
201 22 9 11 25
202 20 13 6 25
203 23 14 5 27
204 22 10 8 29
205 20 13 11 22
206 16 13 11 18
207 17 11 4 24
208 11 12 14 16
209 23 12 12 25
210 21 15 7 22
211 10 7 10 16
212 15 13 7 29
213 17 9 4 25
214 11 17 7 17
215 8 9 9 19
216 13 8 8 28
217 15 10 10 16
218 10 8 6 22
219 13 9 6 12
220 7 7 2 18
221 7 7 2 23
222 8 15 3 16
223 5 7 7 16
224 8 10 3 9
225 8 4 3 15
226 4 6 4 14
227 3 10 1 14
228 6 4 4 11
229 13 3 5 13
230 8 3 6 9
231 4 3 1 11
232 7 1 2 5
233 6 1 1 8
234 5 5 1 12
235 4 4 0 7
236 7 5 2 9
237 5 9 3 3
238 6 4 4 7
239 7 3 3 3
240 3 2 1 4
241 3 2 3 8
242 2 6 2 6
243 1 3 3 6
244 1 5 2 7
245 2 3 1 6
246 1 1 1 5
247 2 4 0 4
248 2 4 0 5
249 2 1 1 9
250 4 1 1 4
251 3 2 1 8
252 2 0 0 4
253 1 1 0 0
254 1 2 0 3
255 5 1 0 4
256 3 3 1 2
257 4 3 0 2
258 3 2 1 1
259 2 1 2 1
260 2 2 1 4
261 2 1 1 2
262 0 1 1 3
263 1 1 1 1
264 1 1 3 4
265 1 3 0 1
266 1 3 1 3
267 2 1 1 3
268 1 2 0 4
269 0 0 2 4
270 1 0 0 4
271 1 0 0 2
272 0 2 0 1
273 1 0 0 0
274 2 2 0 2
275 1 0 0 1
276 2 0 0 4
277 0 1 0 0
278 0 0 0 0
279 0 2 0 0
280 0 1 1 0
281 1 1 0 3
282 1 0 1 0
283 1 0 1 1
284 1 0 0 1
285 0 1 0 1
286 0 0 0 1
287 0 1 0 2
288 0 0 0 0
289 0 1 0 1
290 1 0 1 0
291 1 0 0 0
292 0 0 1 1
293 0 0 0 1
294 0 0 0 2
295 0 1 0 0
296 0 0 0 1
297 0 0 0 0
298 0 0 0 0
299 0 0 0 0
300 0 1 0 0
301 1 0 0 0
302 1 0 0 1
303 1 0 0 0
304 0 0 0 1
305 0 0 0 0
306 0 0 0 0
307 0 1 0 0
308 1 0 0 0
309 0 0 0 0
310 1 1 0 0
311 0 0 0 1
312 0 0 1 0
313 1 0 0 0
314 0 0 0 0
315 0 0 0 0
316 1 0 0 1
317 0 0 1 1
318 2 0 0 0
319 0 1 0 0
320 0 0 0 0
321 0 1 0 1
322 0 1 0 0
323 0 2 0 0
324 1 0 0 0
325 0 0 0 0
326 1 0 0 1
327 0 0 0 0
328 1 0 0 1
329 0 0 0 1
330 0 0 0 2
331 0 0 0 0
332 0 0 0 0
333 0 1 1 0
334 0 0 0 0
335 0 0 1 0
336 0 0 0 0
337 0 0 0 1
338 0 0 0 0
339 0 0 0 1
340 0 0 0 1
341 0 0 0 0
342 0 0 0 0
343 0 0 0 0
344 0 0 0 0
345 0 0 0 0
346 0 0 0 0
347 0 0 0 0
348 0 0 0 0
349 0 0 0 0
350 0 0 0 0
351 0 0 0 0
352 0 0 0 0
353 0 0 0 0
354 0 0 0 0
355 0 0 0 0
356 0 0 0 0
357 0 0 0 0
358 0 0 0 0
359 0 0 0 0
360 0 0 0 0
361 0 0 0 0
362 0 0 0 0
363 0 0 0 0
364 0 0 0 0
365 0 0 0 0
366 0 0 0 0
367 0 0 0 0
368 0 0 0 0
369 0 0 0 0
370 0 0 0 0
371 0 0 0 0
372 0 0 0 0
373 0 0 0 0
374 0 0 0 0
375 0 0 0 0
376 0 0 0 0
377 0 0 0 0
378 0 0 0 0
379 0 0 0 0
380 0 0 0 0
381 0 0 0 0
382 0 0 0 0
383 0 0 0 0
384 0 0 0 0
385 0 0 0 0
386 0 0 0 0
387 0 0 0 0
388 0 0 0 0
389 0 0 0 0
390 0 0 0 0
391 0 0 0 0
392 0 0 0 0
393 0 0 0 0
394 0 0 0 0
395 0 0 0 0
396 0 0 0 0
397 0 0 0 0
398 0 0 0 0
399 0 0 0 0
400 0 0 0 0
401 0 0 0 0
402 0 0 0 0
403 0 0 0 0
404 0 0 0 0
405 0 0 0 0
406 0 0 0 0
407 0 0 0 0
408 0 0 0 0
409 0 0 0 0
410 0 0 0 0
411 0 0 0 0
412 0 0 0 0
413 0 0 0 0
414 0 0 0 0
415 0 0 0 0
416 0 0 0 0
417 0 0 0 0
418 0 0 0 0
419 0 0 0 0
420 0 0 0 0
421 0 0 0 0
422 0 0 0 0
423 0 0 0 0
424 0 0 0 0
425 0 0 0 0
426 0 0 0 0
427 0 0 0 0
428 0 0 0 0
429 0 0 0 0
430 0 0 0 0
431 0 0 0 0
432 0 0 0 0
433 0 0 0 0
434 0 0 0 0
435 0 0 0 0
436 0 0 0 0
437 0 0 0 0
438 0 0 0 0
439 0 0 0 0
440 0 0 0 0
441 0 0 0 0
442 0 0 0 0
443 0 0 0 0
444 0 0 0 0
445 0 0 0 0
446 0 0 0 0
447 0 0 0 0
448 0 0 0 0
449 0 0 0 0
450 0 0 0 0
451 0 0 0 0
452 0 0 0 0
453 0 0 0 0
454 0 0 0 0
455 0 0 0 0
456 0 0 0 0
457 0 0 0 0
458 0 0 0 0
459 0 0 0 0
460 0 0 0 0
461 0 0 0 0
462 0 0 0 0
463 0 0 0 0
464 0 0 0 0
465 0 0 0 0
466 0 0 0 0
467 0 0 0 0
468 0 0 0 0
469 0 0 0 0
470 0 0 0 0
471 0 0 0 0
472 0 0 0 0
473 0 0 0 0
474 0 0 0 0
475 0 0 0 0
476 0 0 0 0
477 0 0 0 0
478 0 0 0 0
479 0 0 0 0
480 0 0 0 0
481 0 0 0 0
482 0 0 0 0
483 0 0 0 0
484 0 0 0 0
485 0 0 0 0
486 0 0 0 0
487 0 0 0 0
488 0 0 0 0
489 0 0 0 0
490 0 0 0 0
491 0 0 0 0
492 0 0 0 0
493 0 0 0 0
494 0 0 0 0
495 0 0 0 0
496 0 0 0 0
497 0 0 0 0
498 0 0 0 0
499 0 0 0 0
500 0 0 0 0
501 0 0 0 0
502 0 0 0 0
503 0 0 0 0
504 0 0 0 0
505 0 0 0 0
506 0 0 0 0
507 0 0 0 0
508 0 0 0 0
509 0 0 0 0
510 0 0 0 0
511 0 0 0 0
512 0 0 0 0
513 0 0 0 0
514 0 0 0 0
515 0 0 0 0
516 0 0 0 0
517 0 0 0 0
518 0 0 0 0
519 0 0 0 0
520 0 0 0 0
521 0 0 0 0
522 0 0 0 0
523 0 0 0 0
524 0 0 0 0
525 0 0 0 0
526 0 0 0 0
527 0 0 0 0
528 0 0 0 0
529 0 0 0 0
530 0 0 0 0
531 0 0 0 0
532 0 0 0 0
533 0 0 0 0
534 0 0 0 0
535 0 0 0 0
536 0 0 0 0
537 0 0 0 0
538 0 0 0 0
539 0 0 0 0
540 0 0 0 0
541 0 0 0 0
542 0 0 0 0
543 0 0 0 0
544 0 0 0 0
545 0 0 0 0
546 0 0 0 0
547 0 0 0 0
548 0 0 0 0
549 0 0 0 0
550 0 0 0 0
551 0 0 0 0
552 0 0 0 0
553 0 0 0 0
554 0 0 0 0
555 0 0 0 0
556 0 0 0 0
557 0 0 0 0
558 0 0 0 0
559 0 0 0 0
560 0 0 0 0
561 0 0 0 0
562 0 0 0 0
563 0 0 0 0
564 0 0 0 0
565 0 0 0 0
566 0 0 0 0
567 0 0 0 0
568 0 0 0 0
569 0 0 0 0
570 0 0 0 0
571 0 0 0 0
572 0 0 0 0
573 0 0 0 0
574 0 0 0 0
575 0 0 0 0
576 0 0 0 0
577 0 0 0 0
578 0 0 0 0
579 0 0 0 0
580 0 0 0 0
581 0 0 0 0
582 0 0 0 0
583 0 0 0 0
584 0 0 0 0
585 0 0 0 0
586 0 0 0 0
587 0 0 0 0
588 0 0 0 0
589 0 0 0 0
590 0 0 0 0
591 0 0 0 0
592 0 0 0 0
593 0 0 0 0
594 0 0 0 0
595 0 0 0 0
596 0 0 0 0
597 0 0 0 0
598 0 0 0 0
599 0 0 0 0
600 0 0 0 0
601 0 0 0 0
602 0 0 0 0
603 0 0 0 0
604 0 0 0 0
605 0 0 0 0
606 0 0 0 0
607 0 0 0 0
608 0 0 0 0
609 0 0 0 0
610 0 0 0 0
611 0 0 0 0
612 0 0 0 0
613 0 0 0 0
614 0 0 0 0
615 0 0 0 0
616 0 0 0 0
617 0 0 0 0
618 0 0 0 0
619 0 0 0 0
620 0 0 0 0
621 0 0 0 0
622 0 0 0 0
623 0 0 0 0
624 0 0 0 0
625 0 0 0 0
626 0 0 0 0
627 0 0 0 0
628 0 0 0 0
629 0 0 0 0
630 0 0 0 0
631 0 0 0 0
632 0 0 0 0
633 0 0 0 0
634 0 0 0 0
635 0 0 0 0
636 0 0 0 0
637 0 0 0 0
638 0 0 0 0
639 0 0 0 0
640 0 0 0 0
641 0 0 0 0
642 0 0 0 0
643 0 0 0 0
644 0 0 0 0
645 0 0 0 0
646 0 0 0 0
647 0 0 0 0
648 0 0 0 0
649 0 0 0 0
650 0 0 0 0
651 0 0 0 0
652 0 0 0 0
653 0 0 0 0
654 0 0 0 0
655 0 0 0 0
656 0 0 0 0
657 0 0 0 0
658 0 0 0 0
659 0 0 0 0
660 0 0 0 0
661 0 0 0 0
662 0 0 0 0
663 0 0 0 0
664 0 0 0 0
665 0 0 0 0
666 0 0 0 0
667 0 0 0 0
668 0 0 0 0
669 0 0 0 0
670 0 0 0 0
671 0 0 0 0
672 0 0 0 0
673 0 0 0 0
674 0 0 0 0
675 0 0 0 0
676 0 0 0 0
677 0 0 0 0
678 0 0 0 0
679 0 0 0 0
680 0 0 0 0
681 0 0 0 0
682 0 0 0 0
683 0 0 0 0
684 0 0 0 0
685 0 0 0 0
686 0 0 0 0
687 0 0 0 0
688 0 0 0 0
689 0 0 0 0
690 0 0 0 0
691 0 0 0 0
692 0 0 0 0
693 0 0 0 0
694 0 0 0 0
695 0 0 0 0
696 0 0 0 0
697 0 0 0 0
698 0 0 0 0
699 0 0 0 0
700 0 0 0 0
701 0 0 0 0
702 0 0 0 0
703 0 0 0 0
704 0 0 0 0
705 0 0 0 0
706 0 0 0 0
707 0 0 0 0
708 0 0 0 0
709 0 0 0 0
710 0 0 0 0
711 0 0 0 0
712 0 0 0 0
713 0 0 0 0
714 0 0 0 0
715 0 0 0 0
716 0 0 0 0
717 0 0 0 0
718 0 0 0 0
719 0 0 0 0
720 0 0 0 0
721 0 0 0 0
722 0 0 0 0
723 0 0 0 0
724 0 0 0 0
725 0 0 0 0
726 0 0 0 0
727 0 0 0 0
