0 0 0 0 0
1 0 0 0 0
2 0 0 0 0
3 0 0 0 0
4 0 0 0 0
5 0 1 0 0
6 0 0 0 0
7 0 0 1 0
8 0 0 0 0
9 0 1 2 0
10 0 0 0 0
11 0 0 0 1
12 0 0 0 1
13 0 0 0 2
14 0 0 0 0
15 0 0 0 1
16 0 0 0 0
17 0 0 0 0
18 1 0 0 0
19 0 0 0 0
20 1 0 0 0
21 0 0 0 0
22 1 0 0 0
23 1 1 0 0
24 2 0 0 0
25 0 0 0 0
26 1 0 0 0
27 1 0 0 0
28 3 0 0 0
29 1 1 2 0
30 0 0 0 1
31 0 1 1 0
32 1 1 1 0
33 0 0 2 3
34 0 0 1 0
35 0 0 0 1
36 0 0 0 0
37 0 0 2 1
38 0 0 0 1
39 0 0 0 2
40 0 0 0 1
41 0 0 0 3
42 0 0 0 0
43 2 0 0 0
44 3 0 0 0
45 0 0 0 0
46 4 0 0 0
47 4 0 0 0
48 4 1 0 0
49 3 2 0 0
50 4 0 0 0
51 3 1 1 0
52 2 3 0 1
53 2 0 3 0
54 0 0 1 0
55 1 3 1 2
56 2 3 1 4
57 1 1 2 3
58 3 2 2 1
59 1 1 1 4
60 3 2 0 0
61 0 1 1 1
62 0 1 0 5
63 2 1 1 5
64 3 0 0 3
65 3 2 0 0
66 4 0 0 2
67 3 1 0 2
68 2 2 0 2
69 2 2 2 1
70 4 0 1 1
71 4 0 1 0
72 3 2 0 1
73 7 1 2 2
74 6 0 3 2
75 3 4 0 3
76 7 2 1 3
77 2 1 1 1
78 2 3 0 1
79 2 5 2 4
80 1 0 2 3
81 1 3 1 1
82 3 6 1 2
83 2 3 0 8
84 0 2 1 2
85 4 3 3 3
86 5 0 2 5
87 2 3 1 2
88 5 3 0 2
89 5 0 0 8
90 3 1 0 6
91 4 2 0 4
92 5 1 0 3
93 6 0 2 0
94 5 4 2 3
95 5 2 2 3
96 3 0 2 1
97 12 4 4 3
98 5 4 3 3
99 5 3 1 3
100 6 3 0 3
101 7 2 2 6
102 5 5 3 4
103 6 4 0 4
104 5 5 1 8
105 4 1 1 6
106 1 6 2 6
107 6 4 2 2
108 5 1 1 3
109 3 4 5 4
110 7 3 2 6
111 5 1 1 7
112 5 5 6 3
113 3 3 1 4
114 6 4 1 7
115 5 3 2 2
116 6 2 0 14
117 8 1 5 4
118 6 1 2 6
119 7 3 4 9
120 9 4 2 2
121 6 4 2 4
122 4 5 2 1
123 7 2 4 3
124 10 4 3 6
125 12 5 3 5
126 9 3 0 9
127 10 3 1 7
128 9 4 3 7
129 11 4 5 6
130 5 5 6 4
131 5 8 2 7
132 7 6 2 8
133 8 3 3 5
134 5 7 6 7
135 8 3 2 8
136 6 5 4 9
137 8 6 5 9
138 9 2 8 13
139 7 4 1 6
140 8 7 1 8
141 6 2 2 8
142 9 5 1 8
143 8 4 2 8
144 6 7 2 16
145 14 3 2 7
146 12 5 2 5
147 13 10 1 3
148 16 2 4 7
149 8 4 3 2
150 12 7 6 7
151 16 5 3 9
152 11 7 7 7
153 5 6 3 5
154 12 6 2 14
155 23 7 4 9
156 9 6 7 11
157 12 10 5 9
158 18 4 4 6
159 17 11 5 12
160 14 6 8 10
161 9 9 2 10
162 9 7 4 7
163 15 7 5 15
164 8 17 7 17
165 8 4 4 13
166 10 2 3 16
167 12 3 11 12
168 8 5 10 20
169 17 9 4 9
170 17 9 2 10
171 20 7 5 18
172 23 9 7 14
173 17 5 3 8
174 21 6 4 13
175 18 8 3 11
176 24 11 4 16
177 23 7 10 8
178 18 19 2 10
179 17 10 6 9
180 15 12 6 12
181 12 14 10 15
182 17 7 7 17
183 13 17 5 13
184 13 14 6 18
185 21 12 7 23
186 12 14 7 15
187 18 12 9 21
188 17 10 7 26
189 14 10 8 20
190 15 8 8 21
191 23 7 2 12
192 22 6 7 25
193 17 4 10 19
194 23 8 7 22
195 29 8 9 6
196 24 16 10 16
197 25 10 7 9
198 19 13 8 14
199 24 9 7 16
200 23 13 11 24
201 19 15 10 16
202 15 12 5 20
203 15 13 9 21
204 15 15 7 17
205 15 12 6 22
206 13 16 9 17
207 13 11 8 24
208 18 9 12 25
209 17 13 8 19
210 17 9 9 25
211 13 9 5 19
212 15 8 4 20
213 15 10 4 22
214 15 5 3 20
215 19 15 5 18
216 8 9 7 15
217 12 10 9 15
218 11 9 5 9
219 8 10 5 16
220 8 9 7 16
221 7 6 7 13
222 6 8 8 18
223 6 6 5 16
224 9 4 5 14
225 7 3 2 13
226 7 8 3 16
227 6 6 4 13
228 9 6 3 14
229 3 6 3 7
230 3 3 5 11
231 3 2 5 8
232 3 4 2 11
233 8 7 2 10
234 4 3 1 12
235 5 6 0 5
236 7 2 1 9
237 4 2 4 6
238 5 2 4 7
239 7 2 1 3
240 4 2 2 6
241 2 2 3 5
242 1 4 2 10
243 4 3 2 3
244 2 5 2 7
245 1 3 2 2
246 3 3 0 5
247 3 3 0 5
248 3 2 1 8
249 1 2 0 6
250 3 1 1 2
251 3 0 1 4
252 3 4 2 4
253 3 3 2 3
254 0 1 0 2
255 3 3 0 1
256 2 2 2 3
257 2 1 0 5
258 1 1 1 0
259 2 1 1 3
260 4 0 0 3
261 0 3 0 1
262 1 1 0 3
263 0 1 0 4
264 0 3 1 1
265 0 3 0 4
266 1 1 0 2
267 2 0 1 1
268 0 1 0 1
269 1 1 1 2
270 1 0 0 1
271 2 1 0 4
272 0 1 0 1
273 1 0 0 2
274 0 1 0 1
275 0 1 0 2
276 1 2 1 1
277 0 0 0 0
278 0 0 0 0
279 1 0 1 1
280 1 0 0 1
281 0 0 0 0
282 1 1 0 1
283 1 0 0 2
284 0 0 2 1
285 0 0 0 0
286 0 0 0 0
287 0 0 0 0
288 1 0 0 2
289 0 0 1 1
290 0 0 0 0
291 1 1 0 0
292 1 0 1 0
293 0 0 1 1
294 0 0 0 0
295 2 0 0 1
296 1 1 0 0
297 1 0 0 1
298 1 0 0 0
299 1 0 0 1
300 1 1 0 1
301 1 0 2 0
302 0 1 0 0
303 0 1 0 0
304 0 1 0 1
305 1 0 0 0
306 1 0 1 0
307 3 0 0 1
308 0 0 1 3
309 0 1 0 1
310 0 1 0 0
311 0 1 0 0
312 0 1 0 0
313 0 0 0 1
314 0 0 0 0
315 0 0 0 1
316 0 2 0 1
317 0 0 0 1
318 0 0 0 1
319 1 0 0 1
320 2 0 0 2
321 1 0 0 0
322 1 0 0 0
323 0 0 0 0
324 1 0 0 0
325 1 0 2 0
326 1 1 0 0
327 1 0 0 0
328 1 0 1 0
329 1 0 0 0
330 0 1 0 1
331 0 1 1 0
332 1 0 1 3
333 0 2 0 0
334 0 0 0 1
335 0 0 0 1
336 0 0 0 1
337 1 0 1 0
338 0 0 1 1
339 0 0 0 0
340 0 0 0 2
341 0 0 0 1
342 0 0 1 1
343 2 0 0 0
344 0 0 0 0
345 0 0 0 0
346 1 0 0 0
347 0 0 0 0
348 2 1 0 0
349 1 0 0 1
350 0 0 0 0
351 0 0 0 0
352 0 1 0 1
353 0 1 0 0
354 0 0 0 0
355 1 1 0 0
356 0 0 0 1
357 0 1 0 1
358 1 0 1 0
359 0 0 0 0
360 0 1 0 1
361 0 0 0 1
362 0 0 0 1
363 1 0 0 0
364 1 0 0 0
365 0 0 0 0
366 0 0 0 0
367 0 1 0 1
368 0 1 0 0
369 0 0 1 0
370 0 0 0 0
371 0 0 0 1
372 0 0 0 0
373 0 0 0 1
374 0 0 0 0
375 0 0 0 1
376 1 0 0 0
377 0 0 0 0
378 1 0 0 0
379 0 0 0 0
380 0 0 0 0
381 0 0 0 0
382 0 0 0 0
383 0 1 0 0
384 0 0 0 0
385 0 0 1 0
386 0 0 0 0
387 1 0 0 1
388 0 0 0 0
389 0 0 0 1
390 0 0 0 0
391 1 0 0 0
392 1 0 1 0
393 0 0 0 0
394 0 0 0 0
395 0 0 0 0
396 0 0 0 1
397 0 0 0 0
398 0 0 0 0
399 1 0 0 0
400 1 0 1 0
401 1 0 1 0
402 0 0 0 0
403 0 0 0 0
404 2 0 0 1
405 0 0 0 1
406 0 1 0 0
407 0 0 0 0
408 0 0 1 0
409 0 2 1 0
410 0 0 0 0
411 1 0 0 0
412 0 0 0 1
413 0 0 0 2
414 0 0 0 0
415 0 0 0 0
416 0 0 1 2
417 0 0 0 0
418 0 0 0 0
419 1 0 0 0
420 0 0 0 0
421 1 0 0 0
422 1 0 0 0
423 0 0 0 1
424 0 0 0 0
425 0 0 0 0
426 0 1 0 0
427 0 0 1 0
428 0 0 1 0
429 0 0 0 0
430 1 0 0 1
431 0 0 0 0
432 0 0 0 0
433 0 0 0 0
434 0 0 0 1
435 0 1 0 1
436 0 0 0 0
437 0 0 0 0
438 0 0 0 0
439 0 0 0 0
440 0 0 0 0
441 0 0 0 0
442 0 0 0 1
443 1 0 0 0
444 0 0 0 0
445 0 0 0 0
446 1 0 0 0
447 0 0 0 0
448 0 0 0 0
449 0 0 0 0
450 0 0 0 0
451 1 1 0 0
452 0 0 1 0
453 0 0 0 0
454 1 0 0 0
455 1 0 0 1
456 0 0 1 1
457 0 0 0 0
458 0 0 0 0
459 0 0 1 0
460 1 1 0 0
461 0 0 0 0
462 0 0 0 0
463 1 0 0 2
464 0 0 0 0
465 0 0 0 0
466 0 0 0 0
467 0 0 0 1
468 0 1 0 0
469 0 1 0 0
470 0 0 0 0
471 0 0 0 0
472 0 0 0 0
473 0 0 0 1
474 0 0 0 0
475 0 0 0 1
476 0 0 0 0
477 0 0 0 0
478 0 0 0 0
479 0 0 0 0
480 0 0 0 0
481 0 0 0 0
482 0 0 0 0
483 0 0 0 0
484 0 0 0 0
485 0 0 0 0
486 0 0 0 0
487 0 0 0 0
488 0 0 0 0
489 0 0 0 0
490 0 0 0 0
491 0 0 0 0
492 0 0 0 0
493 0 0 0 0
494 0 0 0 0
495 0 0 0 0
496 0 0 0 0
497 0 0 0 0
498 0 0 0 0
499 0 0 0 0
500 0 0 0 0
501 0 0 0 0
502 0 0 0 0
503 0 0 0 0
504 0 0 0 0
505 0 0 0 0
506 0 0 0 0
507 0 0 0 0
508 0 0 0 0
509 0 0 0 0
510 0 0 0 0
511 0 0 0 0
512 0 0 0 0
513 0 0 0 0
514 0 0 0 0
515 0 0 0 0
516 0 0 0 0
517 0 0 0 0
518 0 0 0 0
519 0 0 0 0
520 0 0 0 0
521 0 0 0 0
522 0 0 0 0
523 0 0 0 0
524 0 0 0 0
525 0 0 0 0
526 0 0 0 0
527 0 0 0 0
528 0 0 0 0
529 0 0 0 0
530 0 0 0 0
531 0 0 0 0
532 0 0 0 0
533 0 0 0 0
534 0 0 0 0
535 0 0 0 0
536 0 0 0 0
537 0 0 0 0
538 0 0 0 0
539 0 0 0 0
540 0 0 0 0
541 0 0 0 0
542 0 0 0 0
543 0 0 0 0
544 0 0 0 0
545 0 0 0 0
546 0 0 0 0
547 0 0 0 0
548 0 0 0 0
549 0 0 0 0
550 0 0 0 0
551 0 0 0 0
552 0 0 0 0
553 0 0 0 0
554 0 0 0 0
555 0 0 0 0
556 0 0 0 0
557 0 0 0 0
558 0 0 0 0
559 0 0 0 0
560 0 0 0 0
561 0 0 0 0
562 0 0 0 0
563 0 0 0 0
564 0 0 0 0
565 0 0 0 0
566 0 0 0 0
567 0 0 0 0
568 0 0 0 0
569 0 0 0 0
570 0 0 0 0
571 0 0 0 0
572 0 0 0 0
573 0 0 0 0
574 0 0 0 0
575 0 0 0 0
576 0 0 0 0
577 0 0 0 0
578 0 0 0 0
579 0 0 0 0
580 0 0 0 0
581 0 0 0 0
582 0 0 0 0
583 0 0 0 0
584 0 0 0 0
585 0 0 0 0
586 0 0 0 0
587 0 0 0 0
588 0 0 0 0
589 0 0 0 0
590 0 0 0 0
591 0 0 0 0
592 0 0 0 0
593 0 0 0 0
594 0 0 0 0
595 0 0 0 0
596 0 0 0 0
597 0 0 0 0
598 0 0 0 0
599 0 0 0 0
600 0 0 0 0
601 0 0 0 0
602 0 0 0 0
603 0 0 0 0
604 0 0 0 0
605 0 0 0 0
606 0 0 0 0
607 0 0 0 0
608 0 0 0 0
609 0 0 0 0
610 0 0 0 0
611 0 0 0 0
612 0 0 0 0
613 0 0 0 0
614 0 0 0 0
615 0 0 0 0
616 0 0 0 0
617 0 0 0 0
618 0 0 0 0
619 0 0 0 0
620 0 0 0 0
621 0 0 0 0
622 0 0 0 0
623 0 0 0 0
624 0 0 0 0
625 0 0 0 0
626 0 0 0 0
627 0 0 0 0
628 0 0 0 0
629 0 0 0 0
630 0 0 0 0
631 0 0 0 0
632 0 0 0 0
633 0 0 0 0
634 0 0 0 0
635 0 0 0 0
636 0 0 0 0
637 0 0 0 0
638 0 0 0 0
639 0 0 0 0
640 0 0 0 0
641 0 0 0 0
642 0 0 0 0
643 0 0 0 0
644 0 0 0 0
645 0 0 0 0
646 0 0 0 0
647 0 0 0 0
648 0 0 0 0
649 0 0 0 0
650 0 0 0 0
651 0 0 0 0
652 0 0 0 0
653 0 0 0 0
654 0 0 0 0
655 0 0 0 0
656 0 0 0 0
657 0 0 0 0
658 0 0 0 0
659 0 0 0 0
660 0 0 0 0
661 0 0 0 0
662 0 0 0 0
663 0 0 0 0
664 0 0 0 0
665 0 0 0 0
666 0 0 0 0
667 0 0 0 0
668 0 0 0 0
669 0 0 0 0
670 0 0 0 0
671 0 0 0 0
672 0 0 0 0
673 0 0 0 0
674 0 0 0 0
675 0 0 0 0
676 0 0 0 0
677 0 0 0 0
678 0 0 0 0
679 0 0 0 0
680 0 0 0 0
681 0 0 0 0
682 0 0 0 0
683 0 0 0 0
684 0 0 0 0
685 0 0 0 0
686 0 0 0 0
687 0 0 0 0
688 0 0 0 0
689 0 0 0 0
690 0 0 0 0
691 0 0 0 0
692 0 0 0 0
693 0 0 0 0
694 0 0 0 0
695 0 0 0 0
696 0 0 0 0
697 0 0 0 0
698 0 0 0 0
699 0 0 0 0
700 0 0 0 0
701 0 0 0 0
702 0 0 0 0
703 0 0 0 0
704 0 0 0 0
705 0 0 0 0
706 0 0 0 0
707 0 0 0 0
708 0 0 0 0
709 0 0 0 0
710 0 0 0 0
711 0 0 0 0
712 0 0 0 0
713 0 0 0 0
714 0 0 0 0
715 0 0 0 0
716 0 0 0 0
717 0 0 0 0
718 0 0 0 0
719 0 0 0 0
720 0 0 0 0
721 0 0 0 0
722 0 0 0 0
723 0 0 0 0
724 0 0 0 0
725 0 0 0 0
726 0 0 0 0
727 0 0 0 0
