0 0 0 0 0
1 0 0 0 0
2 0 0 0 0
3 0 0 0 0
4 0 0 0 0
5 0 3 1 0
6 0 0 0 0
7 0 0 0 0
8 0 0 0 0
9 0 0 1 3
10 0 0 0 0
11 0 0 0 0
12 0 0 0 1
13 0 0 0 0
14 0 0 0 0
15 2 0 0 0
16 2 0 0 1
17 2 0 0 0
18 2 0 0 0
19 1 0 0 0
20 2 1 1 0
21 2 1 0 0
22 1 1 1 0
23 1 0 0 0
24 2 0 0 0
25 1 2 0 1
26 3 1 1 1
27 3 1 1 2
28 2 1 0 0
29 2 0 2 2
30 1 0 1 2
31 0 0 2 1
32 2 1 3 1
33 3 0 3 2
34 1 0 0 2
35 1 3 1 2
36 3 0 0 4
37 2 2 0 3
38 3 1 1 1
39 2 1 0 2
40 1 0 0 0
41 1 2 0 1
42 0 1 1 4
43 4 1 0 0
44 0 2 1 1
45 3 2 0 2
46 1 1 0 2
47 2 1 1 0
48 4 2 0 2
49 3 0 1 0
50 4 1 0 1
51 1 0 0 3
52 3 0 2 2
53 2 1 0 1
54 2 3 1 1
55 1 5 0 2
56 3 2 1 1
57 3 3 1 1
58 2 2 1 3
59 2 0 1 2
60 2 0 1 3
61 1 0 3 3
62 2 3 1 6
63 3 1 2 1
64 2 1 1 3
65 4 3 0 2
66 1 1 0 4
67 2 1 0 2
68 5 2 1 3
69 1 2 1 4
70 2 1 0 2
71 2 1 0 1
72 4 1 0 2
73 2 2 0 3
74 2 2 2 2
75 7 1 2 2
76 3 1 0 1
77 6 5 0 2
78 7 1 0 3
79 4 1 1 3
80 2 3 3 1
81 4 2 1 3
82 2 1 2 2
83 7 2 2 1
84 5 0 5 10
85 7 3 0 2
86 7 6 0 2
87 4 2 1 2
88 5 4 0 5
89 3 2 1 3
90 9 3 2 5
91 6 6 2 2
92 4 4 1 4
93 6 2 4 5
94 6 4 1 5
95 3 1 1 5
96 6 3 3 5
97 4 2 3 7
98 6 2 1 5
99 4 8 4 2
100 4 3 1 5
101 5 2 3 5
102 5 3 4 3
103 6 2 5 8
104 6 1 2 4
105 7 2 3 4
106 6 3 3 9
107 7 6 0 8
108 7 3 4 3
109 12 1 3 8
110 12 4 1 3
111 13 1 2 4
112 11 5 2 8
113 7 6 2 6
114 9 7 3 7
115 7 2 4 4
116 13 1 8 8
117 12 6 5 7
118 10 6 3 5
119 11 7 8 4
120 13 5 6 7
121 10 6 4 12
122 10 4 4 6
123 11 6 5 10
124 10 3 4 7
125 6 9 3 12
126 10 7 3 13
127 12 7 2 15
128 9 7 3 9
129 6 8 3 12
130 9 7 3 10
131 13 7 2 7
132 14 6 6 7
133 14 5 3 8
134 14 4 4 6
135 20 9 4 15
136 19 2 7 12
137 13 9 6 13
138 10 7 4 6
139 16 7 7 13
140 14 10 8 9
141 21 11 7 13
142 10 12 5 13
143 26 4 5 11
144 12 9 10 12
145 19 10 3 19
146 19 8 8 12
147 19 9 2 17
148 16 12 3 13
149 13 9 5 17
150 20 11 8 13
151 19 4 9 22
152 21 17 12 17
153 22 7 9 12
154 21 8 6 11
155 13 12 8 13
156 25 9 3 17
157 21 8 11 15
158 21 14 6 14
159 9 11 8 33
160 17 11 9 17
161 19 10 12 15
162 19 11 9 15
163 27 14 7 17
164 23 4 7 18
165 22 12 8 25
166 23 14 7 16
167 23 7 15 28
168 23 15 9 18
169 28 15 8 20
170 26 13 5 15
171 22 11 7 9
172 23 10 7 22
173 22 13 11 28
174 19 17 11 26
175 25 19 12 16
176 22 16 4 20
177 24 12 6 19
178 28 11 9 28
179 23 13 8 22
180 32 15 7 22
181 22 15 9 21
182 24 13 16 27
183 22 7 13 21
184 24 15 9 17
185 21 18 10 20
186 29 14 8 24
187 26 17 10 25
188 16 13 10 26
189 37 16 13 24
190 29 13 7 21
191 24 19 13 23
192 28 15 9 29
193 27 16 9 26
194 27 19 10 26
195 35 10 15 26
196 36 19 10 24
197 31 8 9 26
198 32 15 13 28
199 21 19 10 28
200 25 18 15 30
201 25 19 16 25
202 20 17 11 20
203 21 13 14 26
204 31 16 8 23
205 27 18 18 42
206 21 14 18 29
207 24 16 9 27
208 21 12 8 23
209 13 13 10 30
210 17 15 10 29
211 15 14 6 27
212 16 17 9 33
213 10 14 8 30
214 9 15 5 25
215 18 9 4 19
216 16 9 7 22
217 15 17 11 24
218 15 3 5 19
219 14 14 4 20
220 13 9 12 20
221 14 10 2 20
222 14 12 5 9
223 16 7 4 18
224 13 6 4 28
225 14 10 5 10
226 17 6 5 19
227 12 9 5 15
228 9 6 11 13
229 9 7 3 13
230 6 11 5 8
231 15 7 9 10
232 8 9 5 15
233 17 5 7 8
234 5 11 4 25
235 7 5 5 13
236 7 8 5 17
237 5 7 2 8
238 5 7 5 15
239 5 4 3 14
240 8 5 5 11
241 10 5 3 15
242 10 3 6 6
243 6 1 3 12
244 4 4 2 11
245 3 7 3 15
246 2 8 1 3
247 4 3 3 4
248 5 5 1 6
249 3 3 1 13
250 4 1 5 6
251 5 3 4 5
252 5 3 1 10
253 3 3 5 9
254 4 0 2 5
255 4 1 2 7
256 4 5 1 4
257 2 1 1 8
258 1 2 2 4
259 2 3 2 4
260 1 3 1 6
261 1 4 1 0
262 3 1 0 3
263 4 0 1 4
264 5 1 1 3
265 2 1 3 5
266 0 1 0 3
267 4 2 0 3
268 2 2 2 4
269 0 2 1 3
270 1 2 1 2
271 1 0 1 3
272 0 3 1 1
273 2 0 3 3
274 2 0 0 4
275 0 1 0 4
276 0 1 0 3
277 0 1 0 1
278 0 0 1 0
279 0 0 0 1
280 2 1 0 3
281 0 0 0 1
282 1 0 1 1
283 3 0 2 0
284 1 0 0 0
285 0 0 0 1
286 1 0 0 1
287 2 0 0 2
288 0 1 1 0
289 1 1 1 0
290 0 0 0 1
291 0 2 0 0
292 0 0 2 1
293 1 2 0 0
294 2 0 1 0
295 0 0 0 2
296 0 0 0 3
297 1 0 0 0
298 0 1 0 2
299 0 1 1 1
300 0 0 0 2
301 1 0 0 0
302 0 0 0 1
303 0 0 0 1
304 1 0 0 0
305 0 0 0 0
306 0 1 1 1
307 1 0 0 0
308 0 0 0 0
309 0 0 1 0
310 0 0 0 1
311 0 0 0 0
312 0 0 0 0
313 0 0 0 1
314 0 0 0 0
315 0 0 0 1
316 0 0 1 0
317 0 0 0 0
318 0 0 0 0
319 0 0 0 0
320 0 0 0 1
321 0 0 0 0
322 0 0 0 0
323 0 0 0 0
324 0 0 0 0
325 0 0 0 0
326 0 0 0 0
327 0 0 0 0
328 0 0 0 0
329 0 0 0 0
330 0 0 0 0
331 0 0 0 0
332 0 0 0 0
333 0 0 0 0
334 0 0 0 0
335 0 0 0 0
336 0 0 0 0
337 0 0 0 0
338 0 0 0 0
339 0 0 0 0
340 0 0 0 0
341 0 0 0 0
342 0 0 0 0
343 0 0 0 0
344 0 0 0 0
345 0 0 0 0
346 0 0 0 0
347 0 0 0 0
348 0 0 0 0
349 0 0 0 0
350 0 0 0 0
351 0 0 0 0
352 0 0 0 0
353 0 0 0 0
354 0 0 0 0
355 0 0 0 0
356 0 0 0 0
357 0 0 0 0
358 0 0 0 0
359 0 0 0 0
360 0 0 0 0
361 0 0 0 0
362 0 0 0 0
363 0 0 0 0
364 0 0 0 0
365 0 0 0 0
366 0 0 0 0
367 0 0 0 0
368 0 0 0 0
369 0 0 0 0
370 0 0 0 0
371 0 0 0 0
372 0 0 0 0
373 0 0 0 0
374 0 0 0 0
375 0 0 0 0
376 0 0 0 0
377 0 0 0 0
378 0 0 0 0
379 0 0 0 0
380 0 0 0 0
381 0 0 0 0
382 0 0 0 0
383 0 0 0 0
384 0 0 0 0
385 0 0 0 0
386 0 0 0 0
387 0 0 0 0
388 0 0 0 0
389 0 0 0 0
390 0 0 0 0
391 0 0 0 0
392 0 0 0 0
393 0 0 0 0
394 0 0 0 0
395 0 0 0 0
396 0 0 0 0
397 0 0 0 0
398 0 0 0 0
399 0 0 0 0
400 0 0 0 0
401 0 0 0 0
402 0 0 0 0
403 0 0 0 0
404 0 0 0 0
405 0 0 0 0
406 0 0 0 0
407 0 0 0 0
408 0 0 0 0
409 0 0 0 0
410 0 0 0 0
411 0 0 0 0
412 0 0 0 0
413 0 0 0 0
414 0 0 0 0
415 0 0 0 0
416 0 0 0 0
417 0 0 0 0
418 0 0 0 0
419 0 0 0 0
420 0 0 0 0
421 0 0 0 0
422 0 0 0 0
423 0 0 0 0
424 0 0 0 0
425 0 0 0 0
426 0 0 0 0
427 0 0 0 0
428 0 0 0 0
429 0 0 0 0
430 0 0 0 0
431 0 0 0 0
432 0 0 0 0
433 0 0 0 0
434 0 0 0 0
435 0 0 0 0
436 0 0 0 0
437 0 0 0 0
438 0 0 0 0
439 0 0 0 0
440 0 0 0 0
441 0 0 0 0
442 0 0 0 0
443 0 0 0 0
444 0 0 0 0
445 0 0 0 0
446 0 0 0 0
447 0 0 0 0
448 0 0 0 0
449 0 0 0 0
450 0 0 0 0
451 0 0 0 0
452 0 0 0 0
453 0 0 0 0
454 0 0 0 0
455 0 0 0 0
456 0 0 0 0
457 0 0 0 0
458 0 0 0 0
459 0 0 0 0
460 0 0 0 0
461 0 0 0 0
462 0 0 0 0
463 0 0 0 0
464 0 0 0 0
465 0 0 0 0
466 0 0 0 0
467 0 0 0 0
468 0 0 0 0
469 0 0 0 0
470 0 0 0 0
471 0 0 0 0
472 0 0 0 0
473 0 0 0 0
474 0 0 0 0
475 0 0 0 0
476 0 0 0 0
477 0 0 0 0
478 0 0 0 0
479 0 0 0 0
480 0 0 0 0
481 0 0 0 0
482 0 0 0 0
483 0 0 0 0
484 0 0 0 0
485 0 0 0 0
486 0 0 0 0
487 0 0 0 0
488 0 0 0 0
489 0 0 0 0
490 0 0 0 0
491 0 0 0 0
492 0 0 0 0
493 0 0 0 0
494 0 0 0 0
495 0 0 0 0
496 0 0 0 0
497 0 0 0 0
498 0 0 0 0
499 0 0 0 0
500 0 0 0 0
501 0 0 0 0
502 0 0 0 0
503 0 0 0 0
504 0 0 0 0
505 0 0 0 0
506 0 0 0 0
507 0 0 0 0
508 0 0 0 0
509 0 0 0 0
510 0 0 0 0
511 0 0 0 0
512 0 0 0 0
513 0 0 0 0
514 0 0 0 0
515 0 0 0 0
516 0 0 0 0
517 0 0 0 0
518 0 0 0 0
519 0 0 0 0
520 0 0 0 0
521 0 0 0 0
522 0 0 0 0
523 0 0 0 0
524 0 0 0 0
525 0 0 0 0
526 0 0 0 0
527 0 0 0 0
528 0 0 0 0
529 0 0 0 0
530 0 0 0 0
531 0 0 0 0
532 0 0 0 0
533 0 0 0 0
534 0 0 0 0
535 0 0 0 0
536 0 0 0 0
537 0 0 0 0
538 0 0 0 0
539 0 0 0 0
540 0 0 0 0
541 0 0 0 0
542 0 0 0 0
543 0 0 0 0
544 0 0 0 0
545 0 0 0 0
546 0 0 0 0
547 0 0 0 0
548 0 0 0 0
549 0 0 0 0
550 0 0 0 0
551 0 0 0 0
552 0 0 0 0
553 0 0 0 0
554 0 0 0 0
555 0 0 0 0
556 0 0 0 0
557 0 0 0 0
558 0 0 0 0
559 0 0 0 0
560 0 0 0 0
561 0 0 0 0
562 0 0 0 0
563 0 0 0 0
564 0 0 0 0
565 0 0 0 0
566 0 0 0 0
567 0 0 0 0
568 0 0 0 0
569 0 0 0 0
570 0 0 0 0
571 0 0 0 0
572 0 0 0 0
573 0 0 0 0
574 0 0 0 0
575 0 0 0 0
576 0 0 0 0
577 0 0 0 0
578 0 0 0 0
579 0 0 0 0
580 0 0 0 0
581 0 0 0 0
582 0 0 0 0
583 0 0 0 0
584 0 0 0 0
585 0 0 0 0
586 0 0 0 0
587 0 0 0 0
588 0 0 0 0
589 0 0 0 0
590 0 0 0 0
591 0 0 0 0
592 0 0 0 0
593 0 0 0 0
594 0 0 0 0
595 0 0 0 0
596 0 0 0 0
597 0 0 0 0
598 0 0 0 0
599 0 0 0 0
600 0 0 0 0
601 0 0 0 0
602 0 0 0 0
603 0 0 0 0
604 0 0 0 0
605 0 0 0 0
606 0 0 0 0
607 0 0 0 0
608 0 0 0 0
609 0 0 0 0
610 0 0 0 0
611 0 0 0 0
612 0 0 0 0
613 0 0 0 0
614 0 0 0 0
615 0 0 0 0
616 0 0 0 0
617 0 0 0 0
618 0 0 0 0
619 0 0 0 0
620 0 0 0 0
621 0 0 0 0
622 0 0 0 0
623 0 0 0 0
624 0 0 0 0
625 0 0 0 0
626 0 0 0 0
627 0 0 0 0
628 0 0 0 0
629 0 0 0 0
630 0 0 0 0
631 0 0 0 0
632 0 0 0 0
633 0 0 0 0
634 0 0 0 0
635 0 0 0 0
636 0 0 0 0
637 0 0 0 0
638 0 0 0 0
639 0 0 0 0
640 0 0 0 0
641 0 0 0 0
642 0 0 0 0
643 0 0 0 0
644 0 0 0 0
645 0 0 0 0
646 0 0 0 0
647 0 0 0 0
648 0 0 0 0
649 0 0 0 0
650 0 0 0 0
651 0 0 0 0
652 0 0 0 0
653 0 0 0 0
654 0 0 0 0
655 0 0 0 0
656 0 0 0 0
657 0 0 0 0
658 0 0 0 0
659 0 0 0 0
660 0 0 0 0
661 0 0 0 0
662 0 0 0 0
663 0 0 0 0
664 0 0 0 0
665 0 0 0 0
666 0 0 0 0
667 0 0 0 0
668 0 0 0 0
669 0 0 0 0
670 0 0 0 0
671 0 0 0 0
672 0 0 0 0
673 0 0 0 0
674 0 0 0 0
675 0 0 0 0
676 0 0 0 0
677 0 0 0 0
678 0 0 0 0
679 0 0 0 0
680 0 0 0 0
681 0 0 0 0
682 0 0 0 0
683 0 0 0 0
684 0 0 0 0
685 0 0 0 0
686 0 0 0 0
687 0 0 0 0
688 0 0 0 0
689 0 0 0 0
690 0 0 0 0
691 0 0 0 0
692 0 0 0 0
693 0 0 0 0
694 0 0 0 0
695 0 0 0 0
696 0 0 0 0
697 0 0 0 0
698 0 0 0 0
699 0 0 0 0
700 0 0 0 0
701 0 0 0 0
702 0 0 0 0
703 0 0 0 0
704 0 0 0 0
705 0 0 0 0
706 0 0 0 0
707 0 0 0 0
708 0 0 0 0
709 0 0 0 0
710 0 0 0 0
711 0 0 0 0
712 0 0 0 0
713 0 0 0 0
714 0 0 0 0
715 0 0 0 0
716 0 0 0 0
717 0 0 0 0
718 0 0 0 0
719 0 0 0 0
720 0 0 0 0
721 0 0 0 0
722 0 0 0 0
723 0 0 0 0
724 0 0 0 0
725 0 0 0 0
726 0 0 0 0
727 0 0 0 0
