0 0 0 0 0
1 0 0 0 0
2 0 0 0 0
3 0 0 0 0
4 0 0 0 0
5 0 2 0 0
6 0 0 0 0
7 0 0 0 0
8 0 0 0 0
9 0 1 2 0
10 0 0 0 0
11 0 0 0 0
12 0 0 0 2
13 0 0 0 0
14 0 0 0 0
15 0 0 0 0
16 2 0 0 3
17 1 0 0 0
18 2 0 0 0
19 2 0 0 0
20 0 0 0 0
21 1 2 0 0
22 2 0 1 0
23 4 0 1 0
24 1 2 0 0
25 0 0 0 1
26 2 0 0 0
27 1 0 1 0
28 2 2 1 1
29 2 1 0 1
30 2 0 1 1
31 0 2 0 2
32 1 2 1 3
33 2 1 0 1
34 2 1 0 2
35 2 0 1 2
36 1 1 0 2
37 2 1 1 0
38 3 2 0 1
39 2 2 1 2
40 3 0 0 2
41 3 1 0 2
42 2 2 0 1
43 2 1 1 0
44 5 2 1 0
45 6 2 1 2
46 2 0 0 4
47 0 3 0 1
48 2 1 2 2
49 2 2 1 3
50 2 4 3 1
51 2 1 1 5
52 1 0 0 1
53 2 3 3 2
54 2 1 1 3
55 5 0 0 3
56 5 1 1 1
57 1 0 1 9
58 2 1 1 2
59 2 1 3 0
60 4 0 3 2
61 4 3 0 1
62 2 0 1 2
63 1 0 1 4
64 3 2 2 3
65 4 1 1 3
66 5 2 1 1
67 1 2 1 2
68 3 0 0 1
69 4 6 0 3
70 6 2 2 4
71 4 3 1 3
72 3 1 1 0
73 4 0 0 5
74 4 5 1 5
75 2 3 1 2
76 3 0 0 3
77 1 0 3 1
78 3 3 0 4
79 10 6 1 4
80 5 4 2 0
81 2 3 1 6
82 7 1 2 3
83 7 2 0 3
84 5 3 2 4
85 6 3 0 1
86 6 0 0 5
87 3 3 3 3
88 6 7 2 5
89 5 4 2 4
90 4 1 2 2
91 3 5 2 4
92 6 7 0 8
93 3 4 3 5
94 5 5 3 5
95 9 2 1 6
96 10 3 0 6
97 3 1 1 6
98 3 2 1 7
99 7 4 1 5
100 9 5 2 4
101 7 3 4 5
102 4 1 1 3
103 8 1 1 3
104 10 3 4 7
105 3 7 5 5
106 5 5 1 5
107 8 2 3 4
108 9 8 2 5
109 11 4 4 10
110 12 2 3 3
111 8 1 2 7
112 10 5 1 10
113 14 7 6 8
114 8 4 1 5
115 9 7 4 3
116 12 3 5 9
117 5 8 2 9
118 9 7 8 8
119 10 5 4 2
120 10 6 4 9
121 9 6 4 8
122 12 1 6 17
123 8 7 2 7
124 10 6 5 7
125 9 5 5 11
126 13 7 1 9
127 7 5 5 10
128 11 4 1 9
129 7 8 4 13
130 9 4 6 13
131 13 5 5 9
132 8 5 1 4
133 6 9 4 8
134 10 2 4 11
135 8 5 5 9
136 13 11 4 11
137 16 2 3 13
138 13 6 4 7
139 12 4 6 8
140 21 6 3 13
141 15 9 5 5
142 13 6 2 10
143 16 4 8 11
144 15 5 4 9
145 17 8 5 8
146 16 14 7 8
147 20 7 7 12
148 12 4 5 15
149 20 11 6 12
150 9 8 5 13
151 11 13 9 11
152 16 11 7 8
153 17 8 4 21
154 15 11 7 20
155 16 6 3 15
156 20 10 9 12
157 20 15 3 7
158 14 13 8 22
159 18 7 6 18
160 18 9 4 13
161 24 14 6 15
162 21 8 7 12
163 22 9 7 22
164 14 11 10 19
165 18 8 8 26
166 17 11 11 14
167 26 15 4 13
168 30 15 4 21
169 28 8 10 16
170 20 10 12 20
171 27 11 7 14
172 20 15 9 20
173 22 17 6 21
174 22 13 3 23
175 21 9 8 17
176 21 16 11 16
177 29 19 5 22
178 21 16 9 17
179 28 11 12 18
180 24 14 6 27
181 23 15 7 17
182 36 16 11 30
183 30 16 6 23
184 30 15 14 23
185 32 17 10 23
186 25 13 11 29
187 28 14 10 17
188 37 12 15 27
189 26 15 7 21
190 30 16 13 32
191 37 19 10 23
192 21 18 11 30
193 33 26 12 19
194 36 22 6 24
195 36 16 13 26
196 33 23 9 25
197 30 20 8 33
198 18 18 12 31
199 23 24 9 26
200 29 20 23 40
201 20 18 8 31
202 22 21 12 30
203 24 13 12 33
204 18 13 13 33
205 21 20 9 24
206 22 17 9 32
207 13 12 10 34
208 21 16 7 28
209 13 14 10 33
210 16 14 5 29
211 17 15 7 23
212 16 13 8 25
213 20 18 5 17
214 8 13 3 19
215 19 15 7 23
216 19 7 7 30
217 8 9 6 24
218 11 11 4 17
219 14 7 2 19
220 12 12 6 16
221 9 10 6 19
222 15 8 4 19
223 6 8 1 14
224 8 13 7 14
225 12 14 0 16
226 3 4 3 7
227 5 13 4 12
228 4 6 2 12
229 3 9 2 16
230 5 6 3 11
231 6 4 2 19
232 3 3 4 10
233 3 3 3 7
234 6 7 2 19
235 3 3 1 4
236 4 1 2 12
237 2 5 2 3
238 3 2 1 8
239 4 7 0 4
240 2 4 2 8
241 5 1 1 9
242 2 1 0 4
243 3 0 2 6
244 4 2 1 6
245 1 3 1 1
246 2 3 2 3
247 0 1 0 4
248 1 2 1 2
249 2 1 1 4
250 1 2 1 4
251 2 2 3 3
252 3 1 1 2
253 2 1 1 3
254 1 1 1 2
255 2 0 0 3
256 0 0 1 3
257 2 2 0 1
258 3 0 1 4
259 0 1 1 1
260 1 2 1 2
261 1 0 1 1
262 1 2 0 0
263 1 1 1 3
264 1 0 0 2
265 0 0 0 0
266 1 2 0 2
267 0 1 0 3
268 1 0 0 2
269 0 1 0 1
270 3 0 0 1
271 1 1 0 1
272 1 1 0 0
273 2 0 2 1
274 1 0 0 0
275 1 2 0 0
276 1 1 0 2
277 0 1 0 2
278 1 1 1 1
279 1 2 0 2
280 0 1 0 0
281 0 0 0 0
282 0 0 0 0
283 1 0 1 2
284 0 0 0 2
285 0 1 0 2
286 0 0 0 1
287 0 1 0 0
288 0 1 1 0
289 1 0 0 0
290 1 0 0 1
291 0 0 0 0
292 0 0 0 1
293 1 0 0 0
294 0 0 0 1
295 0 0 1 2
296 0 0 0 0
297 0 0 0 0
298 0 2 0 0
299 0 0 0 1
300 0 0 0 0
301 1 0 0 0
302 1 0 0 2
303 0 0 0 0
304 0 0 0 0
305 0 0 0 0
306 0 0 0 0
307 0 0 0 0
308 0 0 0 0
309 1 0 0 0
310 0 1 0 0
311 0 0 1 0
312 0 0 0 0
313 0 0 0 0
314 0 0 1 0
315 0 0 0 1
316 0 0 0 0
317 0 0 0 1
318 0 0 0 0
319 0 0 0 0
320 0 0 0 0
321 0 0 0 1
322 0 0 0 0
323 0 0 0 0
324 0 0 0 0
325 0 0 0 0
326 0 0 0 0
327 0 0 0 0
328 0 0 0 0
329 0 0 0 0
330 0 0 0 0
331 0 0 0 0
332 0 0 0 0
333 0 0 0 0
334 0 0 0 0
335 0 0 0 0
336 0 0 0 0
337 0 0 0 0
338 0 0 0 0
339 0 0 0 0
340 0 0 0 0
341 0 0 0 0
342 0 0 0 0
343 0 0 0 0
344 0 0 0 0
345 0 0 0 0
346 0 0 0 0
347 0 0 0 0
348 0 0 0 0
349 0 0 0 0
350 0 0 0 0
351 0 0 0 0
352 0 0 0 0
353 0 0 0 0
354 0 0 0 0
355 0 0 0 0
356 0 0 0 0
357 0 0 0 0
358 0 0 0 0
359 0 0 0 0
360 0 0 0 0
361 0 0 0 0
362 0 0 0 0
363 0 0 0 0
364 0 0 0 0
365 0 0 0 0
366 0 0 0 0
367 0 0 0 0
368 0 0 0 0
369 0 0 0 0
370 0 0 0 0
371 0 0 0 0
372 0 0 0 0
373 0 0 0 0
374 0 0 0 0
375 0 0 0 0
376 0 0 0 0
377 0 0 0 0
378 0 0 0 0
379 0 0 0 0
380 0 0 0 0
381 0 0 0 0
382 0 0 0 0
383 0 0 0 0
384 0 0 0 0
385 0 0 0 0
386 0 0 0 0
387 0 0 0 0
388 0 0 0 0
389 0 0 0 0
390 0 0 0 0
391 0 0 0 0
392 0 0 0 0
393 0 0 0 0
394 0 0 0 0
395 0 0 0 0
396 0 0 0 0
397 0 0 0 0
398 0 0 0 0
399 0 0 0 0
400 0 0 0 0
401 0 0 0 0
402 0 0 0 0
403 0 0 0 0
404 0 0 0 0
405 0 0 0 0
406 0 0 0 0
407 0 0 0 0
408 0 0 0 0
409 0 0 0 0
410 0 0 0 0
411 0 0 0 0
412 0 0 0 0
413 0 0 0 0
414 0 0 0 0
415 0 0 0 0
416 0 0 0 0
417 0 0 0 0
418 0 0 0 0
419 0 0 0 0
420 0 0 0 0
421 0 0 0 0
422 0 0 0 0
423 0 0 0 0
424 0 0 0 0
425 0 0 0 0
426 0 0 0 0
427 0 0 0 0
428 0 0 0 0
429 0 0 0 0
430 0 0 0 0
431 0 0 0 0
432 0 0 0 0
433 0 0 0 0
434 0 0 0 0
435 0 0 0 0
436 0 0 0 0
437 0 0 0 0
438 0 0 0 0
439 0 0 0 0
440 0 0 0 0
441 0 0 0 0
442 0 0 0 0
443 0 0 0 0
444 0 0 0 0
445 0 0 0 0
446 0 0 0 0
447 0 0 0 0
448 0 0 0 0
449 0 0 0 0
450 0 0 0 0
451 0 0 0 0
452 0 0 0 0
453 0 0 0 0
454 0 0 0 0
455 0 0 0 0
456 0 0 0 0
457 0 0 0 0
458 0 0 0 0
459 0 0 0 0
460 0 0 0 0
461 0 0 0 0
462 0 0 0 0
463 0 0 0 0
464 0 0 0 0
465 0 0 0 0
466 0 0 0 0
467 0 0 0 0
468 0 0 0 0
469 0 0 0 0
470 0 0 0 0
471 0 0 0 0
472 0 0 0 0
473 0 0 0 0
474 0 0 0 0
475 0 0 0 0
476 0 0 0 0
477 0 0 0 0
478 0 0 0 0
479 0 0 0 0
480 0 0 0 0
481 0 0 0 0
482 0 0 0 0
483 0 0 0 0
484 0 0 0 0
485 0 0 0 0
486 0 0 0 0
487 0 0 0 0
488 0 0 0 0
489 0 0 0 0
490 0 0 0 0
491 0 0 0 0
492 0 0 0 0
493 0 0 0 0
494 0 0 0 0
495 0 0 0 0
496 0 0 0 0
497 0 0 0 0
498 0 0 0 0
499 0 0 0 0
500 0 0 0 0
501 0 0 0 0
502 0 0 0 0
503 0 0 0 0
504 0 0 0 0
505 0 0 0 0
506 0 0 0 0
507 0 0 0 0
508 0 0 0 0
509 0 0 0 0
510 0 0 0 0
511 0 0 0 0
512 0 0 0 0
513 0 0 0 0
514 0 0 0 0
515 0 0 0 0
516 0 0 0 0
517 0 0 0 0
518 0 0 0 0
519 0 0 0 0
520 0 0 0 0
521 0 0 0 0
522 0 0 0 0
523 0 0 0 0
524 0 0 0 0
525 0 0 0 0
526 0 0 0 0
527 0 0 0 0
528 0 0 0 0
529 0 0 0 0
530 0 0 0 0
531 0 0 0 0
532 0 0 0 0
533 0 0 0 0
534 0 0 0 0
535 0 0 0 0
536 0 0 0 0
537 0 0 0 0
538 0 0 0 0
539 0 0 0 0
540 0 0 0 0
541 0 0 0 0
542 0 0 0 0
543 0 0 0 0
544 0 0 0 0
545 0 0 0 0
546 0 0 0 0
547 0 0 0 0
548 0 0 0 0
549 0 0 0 0
550 0 0 0 0
551 0 0 0 0
552 0 0 0 0
553 0 0 0 0
554 0 0 0 0
555 0 0 0 0
556 0 0 0 0
557 0 0 0 0
558 0 0 0 0
559 0 0 0 0
560 0 0 0 0
561 0 0 0 0
562 0 0 0 0
563 0 0 0 0
564 0 0 0 0
565 0 0 0 0
566 0 0 0 0
567 0 0 0 0
568 0 0 0 0
569 0 0 0 0
570 0 0 0 0
571 0 0 0 0
572 0 0 0 0
573 0 0 0 0
574 0 0 0 0
575 0 0 0 0
576 0 0 0 0
577 0 0 0 0
578 0 0 0 0
579 0 0 0 0
580 0 0 0 0
581 0 0 0 0
582 0 0 0 0
583 0 0 0 0
584 0 0 0 0
585 0 0 0 0
586 0 0 0 0
587 0 0 0 0
588 0 0 0 0
589 0 0 0 0
590 0 0 0 0
591 0 0 0 0
592 0 0 0 0
593 0 0 0 0
594 0 0 0 0
595 0 0 0 0
596 0 0 0 0
597 0 0 0 0
598 0 0 0 0
599 0 0 0 0
600 0 0 0 0
601 0 0 0 0
602 0 0 0 0
603 0 0 0 0
604 0 0 0 0
605 0 0 0 0
606 0 0 0 0
607 0 0 0 0
608 0 0 0 0
609 0 0 0 0
610 0 0 0 0
611 0 0 0 0
612 0 0 0 0
613 0 0 0 0
614 0 0 0 0
615 0 0 0 0
616 0 0 0 0
617 0 0 0 0
618 0 0 0 0
619 0 0 0 0
620 0 0 0 0
621 0 0 0 0
622 0 0 0 0
623 0 0 0 0
624 0 0 0 0
625 0 0 0 0
626 0 0 0 0
627 0 0 0 0
628 0 0 0 0
629 0 0 0 0
630 0 0 0 0
631 0 0 0 0
632 0 0 0 0
633 0 0 0 0
634 0 0 0 0
635 0 0 0 0
636 0 0 0 0
637 0 0 0 0
638 0 0 0 0
639 0 0 0 0
640 0 0 0 0
641 0 0 0 0
642 0 0 0 0
643 0 0 0 0
644 0 0 0 0
645 0 0 0 0
646 0 0 0 0
647 0 0 0 0
648 0 0 0 0
649 0 0 0 0
650 0 0 0 0
651 0 0 0 0
652 0 0 0 0
653 0 0 0 0
654 0 0 0 0
655 0 0 0 0
656 0 0 0 0
657 0 0 0 0
658 0 0 0 0
659 0 0 0 0
660 0 0 0 0
661 0 0 0 0
662 0 0 0 0
663 0 0 0 0
664 0 0 0 0
665 0 0 0 0
666 0 0 0 0
667 0 0 0 0
668 0 0 0 0
669 0 0 0 0
670 0 0 0 0
671 0 0 0 0
672 0 0 0 0
673 0 0 0 0
674 0 0 0 0
675 0 0 0 0
676 0 0 0 0
677 0 0 0 0
678 0 0 0 0
679 0 0 0 0
680 0 0 0 0
681 0 0 0 0
682 0 0 0 0
683 0 0 0 0
684 0 0 0 0
685 0 0 0 0
686 0 0 0 0
687 0 0 0 0
688 0 0 0 0
689 0 0 0 0
690 0 0 0 0
691 0 0 0 0
692 0 0 0 0
693 0 0 0 0
694 0 0 0 0
695 0 0 0 0
696 0 0 0 0
697 0 0 0 0
698 0 0 0 0
699 0 0 0 0
700 0 0 0 0
701 0 0 0 0
702 0 0 0 0
703 0 0 0 0
704 0 0 0 0
705 0 0 0 0
706 0 0 0 0
707 0 0 0 0
708 0 0 0 0
709 0 0 0 0
710 0 0 0 0
711 0 0 0 0
712 0 0 0 0
713 0 0 0 0
714 0 0 0 0
715 0 0 0 0
716 0 0 0 0
717 0 0 0 0
718 0 0 0 0
719 0 0 0 0
720 0 0 0 0
721 0 0 0 0
722 0 0 0 0
723 0 0 0 0
724 0 0 0 0
725 0 0 0 0
726 0 0 0 0
727 0 0 0 0
