0 0 0 0 0
1 0 0 0 0
2 0 0 0 0
3 0 0 0 0
4 0 0 0 0
5 0 0 2 0
6 0 0 0 0
7 0 0 0 0
8 0 0 0 0
9 0 2 1 0
10 0 0 0 0
11 0 0 0 0
12 0 0 0 2
13 0 0 0 2
14 0 0 0 0
15 0 0 0 0
16 0 0 0 1
17 1 0 0 0
18 0 0 0 0
19 0 0 0 0
20 0 0 0 0
21 1 0 0 0
22 0 0 0 0
23 1 0 0 0
24 0 0 0 0
25 1 0 0 0
26 1 1 1 0
27 2 0 0 0
28 0 1 0 0
29 0 0 0 0
30 0 0 0 1
31 1 1 0 0
32 0 0 1 0
33 0 0 0 1
34 0 0 1 0
35 0 0 0 1
36 0 1 0 0
37 0 0 0 0
38 0 0 0 2
39 0 0 1 1
40 0 0 0 0
41 0 0 0 0
42 0 0 0 0
43 0 0 0 1
44 0 0 0 1
45 0 0 0 0
46 1 0 0 0
47 0 0 0 0
48 1 0 0 0
49 0 0 0 0
50 1 0 0 0
51 1 1 0 0
52 0 0 0 0
53 0 1 0 0
54 0 0 0 0
55 1 0 0 0
56 0 0 0 0
57 1 0 0 1
58 0 1 0 1
59 0 0 0 0
60 1 0 2 0
61 0 0 0 0
62 0 0 0 1
63 2 0 0 0
64 1 0 0 2
65 0 0 1 0
66 0 1 0 0
67 0 0 0 0
68 0 2 0 0
69 0 1 0 1
70 1 0 0 1
71 0 0 0 0
72 0 0 0 1
73 0 0 0 0
74 0 0 0 0
75 0 0 1 1
76 0 0 0 1
77 0 0 0 0
78 0 0 0 0
79 0 0 0 0
80 0 0 0 0
81 2 0 0 0
82 0 0 0 1
83 1 0 0 0
84 0 0 0 0
85 0 0 0 0
86 1 1 1 0
87 1 0 0 0
88 2 1 0 0
89 1 0 0 0
90 1 0 0 2
91 1 1 0 0
92 0 0 0 1
93 0 0 1 0
94 0 0 0 0
95 0 1 0 0
96 1 2 0 0
97 1 0 1 0
98 0 1 0 1
99 0 0 0 0
100 0 0 0 1
101 2 0 1 1
102 2 1 0 1
103 1 0 0 2
104 2 0 0 0
105 1 0 0 1
106 0 2 0 1
107 1 1 0 0
108 2 0 0 1
109 3 1 0 0
110 1 0 0 2
111 2 1 0 1
112 3 1 0 0
113 3 2 1 1
114 0 2 1 0
115 3 0 0 0
116 0 1 1 1
117 2 0 1 1
118 1 3 0 3
119 0 1 0 0
120 1 2 1 2
121 2 2 0 2
122 2 2 1 2
123 3 0 0 2
124 2 0 1 2
125 3 0 0 3
126 2 1 0 3
127 1 1 1 1
128 3 0 0 0
129 2 3 0 1
130 0 3 1 1
131 3 1 1 2
132 4 2 2 1
133 2 2 0 2
134 2 1 0 2
135 3 1 0 1
136 3 1 1 2
137 0 2 2 3
138 1 2 0 1
139 2 0 0 4
140 4 4 0 3
141 0 1 2 2
142 6 0 1 0
143 5 1 1 0
144 2 2 0 6
145 2 2 0 4
146 1 0 0 1
147 2 2 1 2
148 4 1 4 1
149 1 1 1 0
150 1 0 1 1
151 3 3 0 4
152 0 1 1 5
153 5 2 0 1
154 4 0 1 2
155 3 2 0 5
156 4 2 2 1
157 6 2 2 1
158 3 2 1 0
159 7 1 1 2
160 4 1 1 3
161 7 2 0 2
162 5 3 4 3
163 4 1 2 3
164 6 3 6 4
165 5 2 4 2
166 5 2 4 6
167 1 3 2 3
168 8 4 0 8
169 2 2 2 5
170 3 6 0 4
171 4 3 1 5
172 7 0 1 8
173 6 5 4 3
174 5 3 0 5
175 5 3 0 3
176 4 0 1 4
177 7 3 4 8
178 11 4 2 4
179 6 2 1 2
180 7 4 3 4
181 9 3 2 4
182 9 4 0 6
183 12 5 5 3
184 7 2 3 7
185 5 1 0 6
186 8 6 4 1
187 6 5 7 9
188 6 7 3 6
189 4 4 7 3
190 7 4 2 8
191 6 2 4 8
192 5 4 2 4
193 8 4 3 13
194 6 5 1 10
195 6 6 4 7
196 3 2 3 6
197 9 2 2 8
198 4 5 2 7
199 11 4 2 9
200 12 5 0 4
201 13 2 0 7
202 7 10 3 8
203 8 2 0 3
204 13 5 4 6
205 4 6 5 5
206 13 3 4 9
207 6 4 4 2
208 3 3 7 8
209 7 2 8 15
210 10 5 5 2
211 8 8 2 7
212 5 4 5 13
213 4 4 2 7
214 4 3 2 9
215 3 9 3 6
216 3 4 5 12
217 3 4 1 9
218 3 1 4 8
219 6 1 3 11
220 7 1 3 4
221 5 2 0 6
222 5 1 3 7
223 4 3 0 7
224 6 2 0 5
225 6 5 1 5
226 4 1 3 6
227 5 2 3 3
228 4 7 1 2
229 6 2 7 4
230 3 2 4 3
231 3 1 4 5
232 4 3 2 7
233 3 4 0 8
234 6 3 2 3
235 3 4 0 7
236 5 3 0 5
237 3 4 0 6
238 0 1 3 4
239 2 3 1 6
240 4 1 2 2
241 2 5 1 4
242 6 1 2 4
243 3 0 3 4
244 1 1 0 6
245 2 2 1 4
246 1 2 1 3
247 2 1 3 2
248 0 2 1 5
249 3 0 1 2
250 4 2 0 2
251 4 3 0 2
252 2 2 2 5
253 1 0 0 2
254 3 2 2 2
255 2 1 1 3
256 3 0 1 3
257 0 0 0 2
258 1 0 0 3
259 0 2 1 3
260 0 5 1 1
261 0 2 1 1
262 1 0 1 1
263 1 2 0 2
264 2 1 0 3
265 3 1 0 1
266 1 0 0 2
267 2 0 1 4
268 1 0 0 2
269 0 0 1 1
270 1 0 0 1
271 3 1 0 1
272 2 1 1 1
273 0 1 1 0
274 1 2 0 1
275 1 0 1 1
276 0 1 2 3
277 2 2 0 1
278 0 0 0 2
279 2 1 0 0
280 1 0 1 2
281 0 0 1 1
282 1 0 2 1
283 0 0 0 1
284 0 1 1 2
285 1 0 0 0
286 0 0 0 3
287 0 0 0 1
288 1 0 1 1
289 1 1 0 0
290 0 1 0 0
291 1 0 1 2
292 2 0 0 0
293 2 1 0 0
294 1 1 0 0
295 3 0 0 2
296 0 0 0 1
297 1 0 1 2
298 1 0 0 0
299 0 0 0 0
300 0 1 0 0
301 0 1 1 1
302 1 3 0 0
303 0 0 0 0
304 0 2 1 2
305 0 0 0 1
306 0 0 0 3
307 0 0 2 1
308 1 0 0 2
309 0 0 0 0
310 0 0 0 0
311 0 0 0 2
312 1 0 0 0
313 1 0 0 0
314 0 0 0 1
315 1 0 0 0
316 1 0 0 0
317 0 2 0 0
318 0 0 1 0
319 0 0 0 0
320 1 1 0 0
321 1 0 1 1
322 0 0 0 1
323 0 0 0 0
324 1 0 0 2
325 0 0 0 0
326 0 0 0 0
327 1 0 0 0
328 0 0 0 1
329 0 1 1 0
330 0 0 1 0
331 0 0 0 0
332 0 1 0 0
333 1 0 0 1
334 0 0 0 1
335 0 0 0 0
336 1 0 0 2
337 0 0 0 0
338 0 0 0 0
339 0 0 0 0
340 1 0 0 0
341 1 1 0 0
342 0 0 1 0
343 0 0 0 0
344 0 0 0 0
345 0 1 0 0
346 0 1 0 0
347 0 0 0 0
348 0 0 0 1
349 0 0 0 1
350 0 0 0 1
351 1 0 0 0
352 0 0 0 1
353 0 0 0 0
354 0 0 0 0
355 0 0 0 0
356 1 0 1 0
357 1 0 0 0
358 0 0 0 0
359 0 0 0 0
360 0 0 0 0
361 0 1 0 0
362 0 0 0 0
363 0 0 0 1
364 0 0 0 0
365 0 0 0 1
366 0 1 0 0
367 0 0 0 0
368 0 0 0 0
369 0 0 0 0
370 0 0 0 0
371 0 0 0 0
372 1 0 0 0
373 0 0 0 1
374 0 0 0 0
375 1 0 0 0
376 1 0 0 0
377 1 0 0 0
378 0 1 0 0
379 1 0 0 0
380 0 0 0 0
381 0 0 1 0
382 0 0 0 0
383 0 0 0 0
384 0 2 0 0
385 0 0 0 1
386 0 0 1 0
387 0 0 0 0
388 0 0 0 2
389 0 0 0 0
390 0 0 0 1
391 0 0 0 1
392 0 0 0 0
393 0 0 0 0
394 0 0 0 0
395 0 0 0 0
396 0 0 0 0
397 0 0 0 0
398 0 0 0 0
399 0 0 0 0
400 0 0 0 0
401 1 0 0 0
402 0 0 0 0
403 0 0 0 0
404 0 0 0 0
405 0 0 0 0
406 1 0 0 0
407 0 0 0 0
408 1 0 0 0
409 0 0 0 0
410 0 1 0 0
411 0 1 0 0
412 0 0 0 0
413 0 0 1 0
414 0 0 0 0
415 0 0 0 0
416 0 0 0 0
417 0 0 0 1
418 0 0 0 1
419 0 0 0 0
420 0 0 0 1
421 0 0 0 0
422 0 0 0 0
423 0 0 0 0
424 0 0 0 0
425 1 0 0 0
426 0 0 0 0
427 0 0 0 0
428 0 0 0 0
429 1 0 0 0
430 1 1 0 0
431 1 0 0 0
432 1 0 0 0
433 2 0 0 0
434 1 0 0 1
435 2 1 0 0
436 0 1 0 0
437 0 0 0 0
438 0 3 0 0
439 0 1 0 1
440 1 1 0 0
441 0 1 0 0
442 1 0 0 2
443 0 0 0 1
444 0 0 1 0
445 0 0 0 2
446 0 0 0 1
447 0 0 0 1
448 0 0 0 0
449 0 1 0 0
450 0 0 0 0
451 0 1 0 1
452 1 0 0 0
453 0 0 0 0
454 1 0 0 0
455 2 0 0 1
456 0 0 0 1
457 1 0 0 0
458 0 0 0 0
459 0 0 0 0
460 1 1 1 0
461 1 1 0 0
462 0 1 0 0
463 1 0 1 0
464 1 0 0 0
465 2 0 0 0
466 2 0 0 1
467 2 0 0 3
468 2 1 0 1
469 1 2 0 0
470 0 1 1 0
471 0 0 1 0
472 1 0 0 1
473 0 1 1 1
474 1 0 1 2
475 0 0 2 1
476 1 0 1 1
477 1 1 0 1
478 1 1 0 0
479 0 1 0 0
480 2 0 0 2
481 1 1 0 2
482 0 0 1 3
483 0 0 1 0
484 1 0 0 0
485 0 1 0 0
486 1 0 0 2
487 2 0 0 0
488 0 0 0 1
489 0 1 1 0
490 3 1 0 1
491 3 0 1 0
492 1 0 0 1
493 2 0 0 1
494 0 0 0 0
495 3 1 1 1
496 1 2 2 1
497 2 1 0 1
498 2 1 0 0
499 4 0 1 0
500 1 1 1 1
501 5 1 0 0
502 1 1 1 2
503 0 0 0 5
504 2 2 0 2
505 3 1 0 1
506 0 5 0 2
507 0 2 0 0
508 1 1 3 1
509 2 1 0 1
510 1 1 1 4
511 2 0 1 2
512 0 0 0 3
513 1 0 1 2
514 1 2 2 3
515 2 1 0 2
516 2 1 0 1
517 2 1 0 0
518 5 0 1 2
519 3 0 0 0
520 1 2 1 1
521 3 2 0 2
522 2 0 0 1
523 2 0 2 1
524 1 2 0 3
525 2 0 0 3
526 2 3 0 0
527 1 3 1 2
528 3 0 2 0
529 3 1 1 0
530 4 1 2 3
531 2 1 0 2
532 3 2 1 1
533 1 1 1 1
534 3 3 1 5
535 2 2 0 1
536 2 0 1 3
537 3 1 1 4
538 5 0 1 3
539 2 4 2 2
540 1 2 0 0
541 5 1 1 5
542 6 0 2 2
543 5 3 3 6
544 6 1 1 2
545 4 2 0 2
546 2 2 2 2
547 4 2 0 5
548 8 0 1 1
549 4 3 1 2
550 7 3 2 2
551 3 1 2 4
552 5 7 1 1
553 3 3 3 3
554 0 3 1 3
555 1 3 4 2
556 3 1 1 10
557 2 5 3 4
558 3 1 2 5
559 3 1 1 5
560 2 2 2 4
561 2 1 2 8
562 3 2 0 5
563 1 1 2 4
564 1 2 0 3
565 3 3 1 3
566 2 2 1 2
567 0 1 2 4
568 2 0 1 2
569 3 0 1 0
570 2 1 1 5
571 3 1 0 1
572 4 0 1 5
573 3 1 0 1
574 2 1 3 3
575 3 3 0 1
576 3 2 0 1
577 2 3 0 1
578 2 0 2 0
579 3 1 0 1
580 2 3 0 1
581 0 1 1 5
582 2 1 1 2
583 1 3 0 2
584 1 1 2 5
585 1 3 1 4
586 1 0 0 0
587 0 2 0 3
588 1 1 1 2
589 1 2 0 3
590 0 0 1 1
591 1 2 0 1
592 0 0 0 3
593 0 1 0 2
594 0 0 1 2
595 0 0 0 3
596 1 0 0 0
597 2 0 0 2
598 0 0 0 1
599 2 0 0 0
600 1 1 0 0
601 1 0 0 1
602 0 2 0 0
603 0 0 0 0
604 0 0 0 1
605 2 0 1 0
606 0 1 0 2
607 1 0 0 0
608 0 1 1 0
609 0 1 0 1
610 0 1 1 0
611 0 0 0 0
612 0 0 0 1
613 0 0 0 1
614 0 0 0 1
615 0 0 0 1
616 2 0 1 1
617 0 0 0 1
618 1 0 0 0
619 1 0 0 0
620 0 0 0 1
621 0 1 1 0
622 0 0 0 0
623 0 0 1 0
624 0 0 1 0
625 0 0 0 2
626 1 0 0 0
627 1 0 0 1
628 0 0 0 1
629 0 0 0 0
630 0 0 0 0
631 0 1 0 0
632 1 1 0 0
633 0 0 0 0
634 0 0 0 0
635 0 0 0 1
636 1 0 0 1
637 0 0 0 0
638 0 0 0 0
639 0 0 0 0
640 0 0 0 0
641 0 1 1 0
642 0 0 0 0
643 0 0 0 0
644 0 0 0 0
645 0 0 0 2
646 0 0 0 0
647 0 0 0 0
648 0 0 0 0
649 0 0 0 0
650 0 0 0 0
651 0 0 0 0
652 0 0 0 0
653 0 0 0 0
654 0 0 0 0
655 0 0 0 0
656 0 0 0 0
657 0 0 0 0
658 0 0 0 0
659 0 0 0 0
660 0 0 0 0
661 0 0 0 0
662 0 0 0 0
663 0 0 0 0
664 0 0 0 0
665 0 0 0 0
666 0 0 0 0
667 0 0 0 0
668 0 0 0 0
669 0 0 0 0
670 0 0 0 0
671 0 0 0 0
672 0 0 0 0
673 0 0 0 0
674 0 0 0 0
675 0 0 0 0
676 0 0 0 0
677 0 0 0 0
678 0 0 0 0
679 0 0 0 0
680 0 0 0 0
681 0 0 0 0
682 0 0 0 0
683 0 0 0 0
684 0 0 0 0
685 0 0 0 0
686 0 0 0 0
687 0 0 0 0
688 0 0 0 0
689 0 0 0 0
690 0 0 0 0
691 0 0 0 0
692 0 0 0 0
693 0 0 0 0
694 0 0 0 0
695 0 0 0 0
696 0 0 0 0
697 0 0 0 0
698 0 0 0 0
699 0 0 0 0
700 0 0 0 0
701 0 0 0 0
702 0 0 0 0
703 0 0 0 0
704 0 0 0 0
705 0 0 0 0
706 0 0 0 0
707 0 0 0 0
708 0 0 0 0
709 0 0 0 0
710 0 0 0 0
711 0 0 0 0
712 0 0 0 0
713 0 0 0 0
714 0 0 0 0
715 0 0 0 0
716 0 0 0 0
717 0 0 0 0
718 0 0 0 0
719 0 0 0 0
720 0 0 0 0
721 0 0 0 0
722 0 0 0 0
723 0 0 0 0
724 0 0 0 0
725 0 0 0 0
726 0 0 0 0
727 0 0 0 0
