0 0 0 0 0
1 0 0 0 0
2 0 0 0 0
3 0 0 0 0
4 0 0 0 0
5 0 1 3 0
6 0 0 0 0
7 0 0 0 0
8 0 0 0 0
9 0 0 1 1
10 0 0 0 0
11 0 0 0 0
12 0 0 0 3
13 0 0 0 1
14 0 0 0 0
15 0 0 0 0
16 0 0 0 0
17 0 0 0 0
18 1 0 0 0
19 0 0 0 0
20 1 0 0 0
21 1 0 0 0
22 2 0 0 0
23 1 0 0 0
24 0 0 0 0
25 0 0 0 0
26 2 1 0 0
27 1 2 1 0
28 2 1 0 0
29 1 0 1 0
30 1 0 0 1
31 1 0 1 1
32 1 1 0 0
33 1 1 1 1
34 0 0 0 2
35 1 1 0 1
36 0 1 0 1
37 0 0 0 1
38 0 2 0 1
39 0 1 0 0
40 1 0 1 2
41 0 0 1 0
42 1 0 0 3
43 0 0 0 0
44 1 0 0 0
45 0 0 0 2
46 2 0 0 0
47 3 1 0 1
48 2 0 0 0
49 2 0 1 0
50 3 0 0 0
51 0 1 0 0
52 1 0 2 0
53 1 3 0 0
54 2 0 2 1
55 0 2 0 0
56 1 1 0 3
57 1 1 0 2
58 0 0 1 3
59 1 2 2 1
60 1 0 0 2
61 0 0 0 1
62 2 0 0 1
63 2 0 0 2
64 1 0 1 0
65 4 0 1 1
66 2 0 1 2
67 0 0 2 0
68 2 1 0 0
69 3 0 1 0
70 3 2 2 1
71 2 0 1 4
72 1 1 1 1
73 2 0 0 0
74 3 0 1 2
75 1 1 2 1
76 1 1 1 2
77 2 1 0 1
78 3 2 1 1
79 3 1 2 3
80 1 0 0 1
81 2 0 1 2
82 2 1 1 1
83 4 2 1 1
84 0 2 1 0
85 1 1 0 3
86 3 2 1 3
87 4 2 0 0
88 2 3 3 3
89 5 1 0 3
90 5 1 0 4
91 4 0 1 3
92 5 1 1 6
93 5 1 0 2
94 3 1 0 1
95 5 3 3 1
96 1 2 1 2
97 2 2 1 1
98 3 8 1 0
99 5 5 0 2
100 6 3 4 2
101 8 2 0 2
102 7 2 1 9
103 3 1 0 5
104 5 2 1 7
105 6 3 2 4
106 4 4 1 4
107 5 3 5 3
108 4 3 3 4
109 6 1 4 2
110 3 1 2 2
111 4 1 2 8
112 6 2 1 7
113 2 4 2 6
114 3 8 0 5
115 2 3 1 5
116 4 4 1 2
117 5 3 1 3
118 6 2 2 3
119 6 1 2 4
120 6 1 1 5
121 6 3 4 9
122 6 2 2 4
123 8 3 2 3
124 7 2 2 2
125 7 4 0 3
126 7 4 1 4
127 8 5 1 3
128 5 5 1 9
129 9 2 5 6
130 8 5 1 5
131 11 4 3 3
132 8 5 4 5
133 6 2 1 7
134 7 4 3 4
135 6 3 1 5
136 3 5 5 12
137 9 8 1 6
138 9 3 5 8
139 1 4 2 6
140 8 7 3 7
141 7 2 2 5
142 7 7 5 7
143 9 5 5 6
144 6 2 1 10
145 3 7 1 6
146 6 4 2 12
147 10 3 2 9
148 9 2 2 5
149 7 2 3 8
150 10 3 4 10
151 6 3 2 3
152 4 7 1 5
153 12 7 1 3
154 14 3 1 6
155 14 4 4 5
156 7 7 6 8
157 9 2 5 6
158 14 5 7 4
159 13 7 5 9
160 10 3 3 11
161 12 4 4 3
162 15 4 3 7
163 15 9 11 16
164 16 9 2 9
165 14 8 3 11
166 15 7 7 11
167 13 7 3 12
168 14 9 3 9
169 17 11 4 10
170 16 7 6 17
171 15 9 9 11
172 19 14 3 11
173 18 6 6 19
174 18 10 5 10
175 24 6 4 12
176 23 9 7 15
177 27 8 8 11
178 22 13 6 15
179 14 8 8 15
180 25 16 4 11
181 23 18 6 15
182 17 12 10 15
183 23 14 6 17
184 19 8 11 20
185 17 15 7 21
186 22 13 12 16
187 14 12 7 20
188 19 12 7 22
189 25 16 6 30
190 20 9 7 20
191 28 16 6 18
192 38 7 8 21
193 19 9 10 27
194 31 16 7 19
195 24 10 9 17
196 25 11 8 20
197 24 19 10 18
198 22 12 9 23
199 17 14 8 19
200 20 20 14 15
201 16 22 7 22
202 15 13 8 24
203 13 16 12 19
204 20 13 7 32
205 21 6 14 22
206 16 14 7 20
207 11 12 5 35
208 20 5 12 24
209 12 16 8 22
210 17 11 7 18
211 11 9 8 16
212 14 3 5 20
213 14 15 4 25
214 8 8 10 23
215 8 11 8 18
216 8 7 5 16
217 11 10 6 17
218 7 8 6 16
219 15 5 4 16
220 18 8 3 15
221 8 8 3 22
222 11 8 6 12
223 8 5 3 12
224 5 5 4 10
225 7 10 8 11
226 7 6 3 10
227 6 3 8 10
228 5 6 6 13
229 4 6 3 20
230 6 3 2 7
231 4 3 4 8
232 3 3 6 9
233 7 1 2 8
234 3 5 1 11
235 3 4 3 10
236 4 2 1 9
237 6 4 1 6
238 5 6 2 5
239 3 3 0 7
240 4 4 1 2
241 4 3 2 10
242 9 2 2 6
243 4 3 1 3
244 3 1 1 4
245 3 1 1 8
246 7 1 2 4
247 2 8 1 4
248 10 3 1 3
249 2 3 0 2
250 3 5 2 3
251 0 3 3 5
252 3 5 0 2
253 4 4 3 3
254 2 1 0 9
255 4 3 2 6
256 1 0 0 5
257 3 4 4 7
258 0 4 0 3
259 2 1 1 4
260 5 0 1 2
261 1 0 1 7
262 0 2 1 5
263 1 0 1 1
264 1 3 0 2
265 0 2 0 2
266 0 1 0 3
267 3 0 0 2
268 0 1 1 2
269 2 2 2 2
270 4 1 0 1
271 2 0 0 2
272 3 0 0 3
273 3 0 1 3
274 2 0 0 1
275 0 1 1 0
276 1 4 1 0
277 0 0 1 2
278 4 4 1 0
279 0 1 2 0
280 0 0 0 2
281 0 0 2 1
282 0 0 1 5
283 0 1 1 6
284 1 0 0 1
285 1 0 0 2
286 1 0 0 0
287 2 2 1 1
288 2 0 0 1
289 0 1 0 1
290 0 0 0 1
291 1 0 0 2
292 0 0 1 0
293 2 1 0 0
294 0 1 0 1
295 1 1 0 0
296 0 1 0 1
297 0 1 0 0
298 1 0 1 1
299 2 0 1 1
300 0 2 0 2
301 1 0 0 2
302 1 0 0 1
303 0 0 1 1
304 0 1 0 2
305 0 0 1 0
306 0 1 0 0
307 0 1 0 1
308 0 0 0 1
309 0 0 0 0
310 0 0 0 1
311 0 0 0 1
312 0 0 0 1
313 0 0 0 0
314 0 0 0 0
315 0 0 0 0
316 0 0 0 0
317 0 0 0 0
318 0 0 0 0
319 0 0 0 0
320 0 0 0 0
321 0 0 0 0
322 0 0 0 0
323 0 0 0 0
324 0 0 0 0
325 0 0 0 0
326 0 0 0 0
327 0 0 0 0
328 0 0 0 0
329 0 0 0 0
330 0 0 0 0
331 0 0 0 0
332 0 0 0 0
333 0 0 0 0
334 0 0 0 0
335 0 0 0 0
336 0 0 0 0
337 0 0 0 0
338 0 0 0 0
339 0 0 0 0
340 0 0 0 0
341 0 0 0 0
342 0 0 0 0
343 0 0 0 0
344 0 0 0 0
345 0 0 0 0
346 0 0 0 0
347 0 0 0 0
348 0 0 0 0
349 0 0 0 0
350 0 0 0 0
351 0 0 0 0
352 0 0 0 0
353 0 0 0 0
354 0 0 0 0
355 0 0 0 0
356 0 0 0 0
357 0 0 0 0
358 0 0 0 0
359 0 0 0 0
360 0 0 0 0
361 0 0 0 0
362 0 0 0 0
363 0 0 0 0
364 0 0 0 0
365 0 0 0 0
366 0 0 0 0
367 0 0 0 0
368 0 0 0 0
369 0 0 0 0
370 0 0 0 0
371 0 0 0 0
372 0 0 0 0
373 0 0 0 0
374 0 0 0 0
375 0 0 0 0
376 0 0 0 0
377 0 0 0 0
378 0 0 0 0
379 0 0 0 0
380 0 0 0 0
381 0 0 0 0
382 0 0 0 0
383 0 0 0 0
384 0 0 0 0
385 0 0 0 0
386 0 0 0 0
387 0 0 0 0
388 0 0 0 0
389 0 0 0 0
390 0 0 0 0
391 0 0 0 0
392 0 0 0 0
393 0 0 0 0
394 0 0 0 0
395 0 0 0 0
396 0 0 0 0
397 0 0 0 0
398 0 0 0 0
399 0 0 0 0
400 0 0 0 0
401 0 0 0 0
402 0 0 0 0
403 0 0 0 0
404 0 0 0 0
405 0 0 0 0
406 0 0 0 0
407 0 0 0 0
408 0 0 0 0
409 0 0 0 0
410 0 0 0 0
411 0 0 0 0
412 0 0 0 0
413 0 0 0 0
414 0 0 0 0
415 0 0 0 0
416 0 0 0 0
417 0 0 0 0
418 0 0 0 0
419 0 0 0 0
420 0 0 0 0
421 0 0 0 0
422 0 0 0 0
423 0 0 0 0
424 0 0 0 0
425 0 0 0 0
426 0 0 0 0
427 0 0 0 0
428 0 0 0 0
429 0 0 0 0
430 0 0 0 0
431 0 0 0 0
432 0 0 0 0
433 0 0 0 0
434 0 0 0 0
435 0 0 0 0
436 0 0 0 0
437 0 0 0 0
438 0 0 0 0
439 0 0 0 0
440 0 0 0 0
441 0 0 0 0
442 0 0 0 0
443 0 0 0 0
444 0 0 0 0
445 0 0 0 0
446 0 0 0 0
447 0 0 0 0
448 0 0 0 0
449 0 0 0 0
450 0 0 0 0
451 0 0 0 0
452 0 0 0 0
453 0 0 0 0
454 0 0 0 0
455 0 0 0 0
456 0 0 0 0
457 0 0 0 0
458 0 0 0 0
459 0 0 0 0
460 0 0 0 0
461 0 0 0 0
462 0 0 0 0
463 0 0 0 0
464 0 0 0 0
465 0 0 0 0
466 0 0 0 0
467 0 0 0 0
468 0 0 0 0
469 0 0 0 0
470 0 0 0 0
471 0 0 0 0
472 0 0 0 0
473 0 0 0 0
474 0 0 0 0
475 0 0 0 0
476 0 0 0 0
477 0 0 0 0
478 0 0 0 0
479 0 0 0 0
480 0 0 0 0
481 0 0 0 0
482 0 0 0 0
483 0 0 0 0
484 0 0 0 0
485 0 0 0 0
486 0 0 0 0
487 0 0 0 0
488 0 0 0 0
489 0 0 0 0
490 0 0 0 0
491 0 0 0 0
492 0 0 0 0
493 0 0 0 0
494 0 0 0 0
495 0 0 0 0
496 0 0 0 0
497 0 0 0 0
498 0 0 0 0
499 0 0 0 0
500 0 0 0 0
501 0 0 0 0
502 0 0 0 0
503 0 0 0 0
504 0 0 0 0
505 0 0 0 0
506 0 0 0 0
507 0 0 0 0
508 0 0 0 0
509 0 0 0 0
510 0 0 0 0
511 0 0 0 0
512 0 0 0 0
513 0 0 0 0
514 0 0 0 0
515 0 0 0 0
516 0 0 0 0
517 0 0 0 0
518 0 0 0 0
519 0 0 0 0
520 0 0 0 0
521 0 0 0 0
522 0 0 0 0
523 0 0 0 0
524 0 0 0 0
525 0 0 0 0
526 0 0 0 0
527 0 0 0 0
528 0 0 0 0
529 0 0 0 0
530 0 0 0 0
531 0 0 0 0
532 0 0 0 0
533 0 0 0 0
534 0 0 0 0
535 0 0 0 0
536 0 0 0 0
537 0 0 0 0
538 0 0 0 0
539 0 0 0 0
540 0 0 0 0
541 0 0 0 0
542 0 0 0 0
543 0 0 0 0
544 0 0 0 0
545 0 0 0 0
546 0 0 0 0
547 0 0 0 0
548 0 0 0 0
549 0 0 0 0
550 0 0 0 0
551 0 0 0 0
552 0 0 0 0
553 0 0 0 0
554 0 0 0 0
555 0 0 0 0
556 0 0 0 0
557 0 0 0 0
558 0 0 0 0
559 0 0 0 0
560 0 0 0 0
561 0 0 0 0
562 0 0 0 0
563 0 0 0 0
564 0 0 0 0
565 0 0 0 0
566 0 0 0 0
567 0 0 0 0
568 0 0 0 0
569 0 0 0 0
570 0 0 0 0
571 0 0 0 0
572 0 0 0 0
573 0 0 0 0
574 0 0 0 0
575 0 0 0 0
576 0 0 0 0
577 0 0 0 0
578 0 0 0 0
579 0 0 0 0
580 0 0 0 0
581 0 0 0 0
582 0 0 0 0
583 0 0 0 0
584 0 0 0 0
585 0 0 0 0
586 0 0 0 0
587 0 0 0 0
588 0 0 0 0
589 0 0 0 0
590 0 0 0 0
591 0 0 0 0
592 0 0 0 0
593 0 0 0 0
594 0 0 0 0
595 0 0 0 0
596 0 0 0 0
597 0 0 0 0
598 0 0 0 0
599 0 0 0 0
600 0 0 0 0
601 0 0 0 0
602 0 0 0 0
603 0 0 0 0
604 0 0 0 0
605 0 0 0 0
606 0 0 0 0
607 0 0 0 0
608 0 0 0 0
609 0 0 0 0
610 0 0 0 0
611 0 0 0 0
612 0 0 0 0
613 0 0 0 0
614 0 0 0 0
615 0 0 0 0
616 0 0 0 0
617 0 0 0 0
618 0 0 0 0
619 0 0 0 0
620 0 0 0 0
621 0 0 0 0
622 0 0 0 0
623 0 0 0 0
624 0 0 0 0
625 0 0 0 0
626 0 0 0 0
627 0 0 0 0
628 0 0 0 0
629 0 0 0 0
630 0 0 0 0
631 0 0 0 0
632 0 0 0 0
633 0 0 0 0
634 0 0 0 0
635 0 0 0 0
636 0 0 0 0
637 0 0 0 0
638 0 0 0 0
639 0 0 0 0
640 0 0 0 0
641 0 0 0 0
642 0 0 0 0
643 0 0 0 0
644 0 0 0 0
645 0 0 0 0
646 0 0 0 0
647 0 0 0 0
648 0 0 0 0
649 0 0 0 0
650 0 0 0 0
651 0 0 0 0
652 0 0 0 0
653 0 0 0 0
654 0 0 0 0
655 0 0 0 0
656 0 0 0 0
657 0 0 0 0
658 0 0 0 0
659 0 0 0 0
660 0 0 0 0
661 0 0 0 0
662 0 0 0 0
663 0 0 0 0
664 0 0 0 0
665 0 0 0 0
666 0 0 0 0
667 0 0 0 0
668 0 0 0 0
669 0 0 0 0
670 0 0 0 0
671 0 0 0 0
672 0 0 0 0
673 0 0 0 0
674 0 0 0 0
675 0 0 0 0
676 0 0 0 0
677 0 0 0 0
678 0 0 0 0
679 0 0 0 0
680 0 0 0 0
681 0 0 0 0
682 0 0 0 0
683 0 0 0 0
684 0 0 0 0
685 0 0 0 0
686 0 0 0 0
687 0 0 0 0
688 0 0 0 0
689 0 0 0 0
690 0 0 0 0
691 0 0 0 0
692 0 0 0 0
693 0 0 0 0
694 0 0 0 0
695 0 0 0 0
696 0 0 0 0
697 0 0 0 0
698 0 0 0 0
699 0 0 0 0
700 0 0 0 0
701 0 0 0 0
702 0 0 0 0
703 0 0 0 0
704 0 0 0 0
705 0 0 0 0
706 0 0 0 0
707 0 0 0 0
708 0 0 0 0
709 0 0 0 0
710 0 0 0 0
711 0 0 0 0
712 0 0 0 0
713 0 0 0 0
714 0 0 0 0
715 0 0 0 0
716 0 0 0 0
717 0 0 0 0
718 0 0 0 0
719 0 0 0 0
720 0 0 0 0
721 0 0 0 0
722 0 0 0 0
723 0 0 0 0
724 0 0 0 0
725 0 0 0 0
726 0 0 0 0
727 0 0 0 0
