0 0 0 0 0
1 0 0 0 0
2 0 0 0 0
3 0 0 0 0
4 0 0 0 0
5 0 0 0 0
6 0 0 0 0
7 0 1 0 0
8 0 0 0 0
9 0 2 2 0
10 0 0 0 0
11 0 0 0 0
12 0 0 0 0
13 0 0 0 3
14 0 0 0 0
15 0 0 0 0
16 0 0 0 2
17 0 0 0 0
18 0 0 0 0
19 1 0 0 0
20 1 0 0 0
21 1 0 0 0
22 2 0 0 0
23 1 0 0 0
24 2 0 0 0
25 3 0 0 0
26 1 0 1 0
27 1 2 0 0
28 1 0 1 0
29 1 1 1 0
30 0 0 1 1
31 1 0 1 1
32 1 1 0 0
33 2 0 1 1
34 1 1 2 1
35 1 0 0 3
36 1 0 1 2
37 0 1 0 1
38 0 0 0 2
39 0 0 0 0
40 2 0 1 1
41 1 1 0 1
42 2 0 2 0
43 2 1 0 0
44 1 1 0 1
45 3 1 1 0
46 1 0 1 1
47 3 0 1 2
48 2 1 0 1
49 2 3 0 2
50 5 1 1 0
51 3 0 1 1
52 2 1 1 2
53 5 1 1 3
54 3 1 1 1
55 0 0 1 0
56 1 1 1 1
57 2 0 1 3
58 2 2 0 3
59 3 5 2 3
60 1 1 1 3
61 1 0 3 1
62 4 2 2 0
63 2 1 0 5
64 2 0 2 2
65 3 0 0 5
66 6 1 0 4
67 2 2 3 1
68 3 2 0 1
69 3 0 1 2
70 5 0 0 1
71 2 3 1 2
72 4 3 0 1
73 5 0 2 1
74 3 1 5 4
75 0 3 3 2
76 6 3 0 1
77 2 2 3 2
78 4 3 0 9
79 7 3 2 5
80 5 0 0 3
81 8 2 3 4
82 4 2 2 4
83 2 4 1 2
84 5 4 0 1
85 2 3 0 4
86 3 3 2 4
87 4 1 0 1
88 6 3 0 3
89 9 5 5 5
90 2 2 3 7
91 3 0 4 5
92 4 1 2 2
93 11 5 1 8
94 7 4 2 1
95 10 0 2 5
96 10 3 1 5
97 14 2 1 8
98 5 8 2 5
99 10 3 3 4
100 12 2 4 5
101 6 4 3 3
102 12 9 5 5
103 7 1 3 6
104 7 5 5 5
105 14 3 3 8
106 10 5 5 9
107 9 6 4 5
108 7 7 3 10
109 7 6 7 11
110 3 8 5 5
111 6 6 3 8
112 6 5 3 7
113 17 5 0 14
114 10 6 4 12
115 7 5 3 5
116 6 4 1 13
117 13 3 4 8
118 10 11 4 14
119 10 2 3 6
120 12 3 4 8
121 13 5 2 5
122 9 5 8 12
123 15 5 8 5
124 16 6 5 9
125 18 7 3 8
126 9 6 4 7
127 13 3 5 13
128 12 7 3 12
129 15 8 7 11
130 11 4 9 9
131 17 7 4 8
132 17 6 8 10
133 16 5 3 18
134 21 10 6 12
135 17 8 3 12
136 16 6 8 11
137 15 12 8 10
138 22 7 13 11
139 17 6 7 10
140 14 13 6 9
141 18 9 10 20
142 17 6 8 20
143 15 13 15 17
144 14 9 4 20
145 17 4 4 16
146 20 8 9 10
147 20 10 7 24
148 19 10 7 16
149 20 8 9 12
150 25 6 11 19
151 13 6 9 16
152 24 7 14 14
153 24 11 7 19
154 19 9 9 20
155 22 9 9 11
156 27 11 2 18
157 19 10 12 14
158 30 14 13 19
159 19 14 14 17
160 22 10 5 22
161 29 13 8 23
162 28 8 9 25
163 21 19 6 25
164 23 14 10 20
165 31 17 10 21
166 35 17 11 12
167 34 19 6 22
168 22 9 9 19
169 31 10 11 31
170 36 20 11 21
171 31 18 14 28
172 33 18 16 21
173 34 12 16 24
174 27 14 17 27
175 24 20 16 26
176 27 20 5 27
177 31 17 7 27
178 37 19 10 32
179 31 19 14 37
180 22 17 15 34
181 32 25 8 30
182 30 19 15 33
183 31 12 21 23
184 29 20 9 26
185 28 16 8 31
186 36 19 10 41
187 26 20 9 33
188 35 19 13 29
189 26 17 13 21
190 43 12 15 32
191 35 24 14 24
192 38 11 14 32
193 30 17 15 28
194 42 17 13 30
195 43 19 16 40
196 31 18 13 26
197 29 18 15 30
198 32 15 14 28
199 18 26 19 37
200 30 20 19 35
201 31 25 11 28
202 24 21 8 24
203 24 22 15 35
204 23 18 13 39
205 25 14 16 36
206 24 17 9 37
207 19 18 13 40
208 23 13 8 31
209 18 14 10 24
210 18 16 11 31
211 11 10 9 28
212 15 18 6 35
213 13 15 8 26
214 19 14 6 22
215 17 14 9 17
216 13 13 4 22
217 16 15 6 29
218 10 6 5 25
219 17 12 8 24
220 6 5 9 21
221 18 9 6 17
222 8 10 5 18
223 11 3 8 15
224 12 13 7 19
225 11 3 4 15
226 14 9 9 23
227 12 6 7 14
228 7 9 1 18
229 9 5 6 11
230 12 9 4 11
231 9 6 2 14
232 7 9 5 9
233 8 3 4 13
234 3 5 6 12
235 4 7 7 10
236 5 7 3 13
237 4 5 3 8
238 4 4 1 11
239 3 6 2 15
240 4 1 4 11
241 4 4 1 11
242 8 8 0 7
243 6 2 2 8
244 2 1 4 5
245 1 5 2 3
246 5 3 1 8
247 5 6 1 5
248 4 2 1 9
249 2 1 1 8
250 1 1 1 2
251 5 4 2 3
252 5 5 1 1
253 2 1 2 4
254 3 0 0 5
255 3 1 0 8
256 3 6 2 3
257 0 4 2 1
258 1 3 0 2
259 1 1 1 4
260 3 1 1 7
261 1 2 0 5
262 1 0 1 2
263 0 1 1 3
264 0 1 2 1
265 1 3 1 4
266 1 1 0 2
267 0 1 1 3
268 2 0 0 1
269 0 0 0 2
270 0 0 0 2
271 1 0 0 2
272 0 0 0 3
273 0 1 1 0
274 2 1 0 2
275 0 1 0 0
276 0 1 0 0
277 1 0 0 1
278 0 0 0 1
279 0 0 0 1
280 1 0 0 1
281 1 0 0 0
282 2 1 0 0
283 1 1 1 1
284 1 0 0 0
285 0 1 0 0
286 0 0 0 1
287 0 0 1 1
288 0 1 0 0
289 1 1 0 0
290 0 1 0 1
291 0 0 1 0
292 0 0 0 1
293 0 0 0 1
294 0 0 1 2
295 0 0 0 1
296 0 0 0 0
297 0 0 0 0
298 0 0 0 1
299 0 0 0 0
300 0 0 0 0
301 0 0 0 1
302 0 0 0 0
303 0 0 0 0
304 0 0 0 0
305 0 0 0 0
306 0 0 0 0
307 0 0 0 0
308 0 0 0 0
309 0 0 0 0
310 0 0 0 0
311 0 0 0 0
312 0 0 0 0
313 0 0 0 0
314 0 0 0 0
315 0 0 0 0
316 0 0 0 0
317 0 0 0 0
318 0 0 0 0
319 0 0 0 0
320 0 0 0 0
321 0 0 0 0
322 0 0 0 0
323 0 0 0 0
324 0 0 0 0
325 0 0 0 0
326 0 0 0 0
327 0 0 0 0
328 0 0 0 0
329 0 0 0 0
330 0 0 0 0
331 0 0 0 0
332 0 0 0 0
333 0 0 0 0
334 0 0 0 0
335 0 0 0 0
336 0 0 0 0
337 0 0 0 0
338 0 0 0 0
339 0 0 0 0
340 0 0 0 0
341 0 0 0 0
342 0 0 0 0
343 0 0 0 0
344 0 0 0 0
345 0 0 0 0
346 0 0 0 0
347 0 0 0 0
348 0 0 0 0
349 0 0 0 0
350 0 0 0 0
351 0 0 0 0
352 0 0 0 0
353 0 0 0 0
354 0 0 0 0
355 0 0 0 0
356 0 0 0 0
357 0 0 0 0
358 0 0 0 0
359 0 0 0 0
360 0 0 0 0
361 0 0 0 0
362 0 0 0 0
363 0 0 0 0
364 0 0 0 0
365 0 0 0 0
366 0 0 0 0
367 0 0 0 0
368 0 0 0 0
369 0 0 0 0
370 0 0 0 0
371 0 0 0 0
372 0 0 0 0
373 0 0 0 0
374 0 0 0 0
375 0 0 0 0
376 0 0 0 0
377 0 0 0 0
378 0 0 0 0
379 0 0 0 0
380 0 0 0 0
381 0 0 0 0
382 0 0 0 0
383 0 0 0 0
384 0 0 0 0
385 0 0 0 0
386 0 0 0 0
387 0 0 0 0
388 0 0 0 0
389 0 0 0 0
390 0 0 0 0
391 0 0 0 0
392 0 0 0 0
393 0 0 0 0
394 0 0 0 0
395 0 0 0 0
396 0 0 0 0
397 0 0 0 0
398 0 0 0 0
399 0 0 0 0
400 0 0 0 0
401 0 0 0 0
402 0 0 0 0
403 0 0 0 0
404 0 0 0 0
405 0 0 0 0
406 0 0 0 0
407 0 0 0 0
408 0 0 0 0
409 0 0 0 0
410 0 0 0 0
411 0 0 0 0
412 0 0 0 0
413 0 0 0 0
414 0 0 0 0
415 0 0 0 0
416 0 0 0 0
417 0 0 0 0
418 0 0 0 0
419 0 0 0 0
420 0 0 0 0
421 0 0 0 0
422 0 0 0 0
423 0 0 0 0
424 0 0 0 0
425 0 0 0 0
426 0 0 0 0
427 0 0 0 0
428 0 0 0 0
429 0 0 0 0
430 0 0 0 0
431 0 0 0 0
432 0 0 0 0
433 0 0 0 0
434 0 0 0 0
435 0 0 0 0
436 0 0 0 0
437 0 0 0 0
438 0 0 0 0
439 0 0 0 0
440 0 0 0 0
441 0 0 0 0
442 0 0 0 0
443 0 0 0 0
444 0 0 0 0
445 0 0 0 0
446 0 0 0 0
447 0 0 0 0
448 0 0 0 0
449 0 0 0 0
450 0 0 0 0
451 0 0 0 0
452 0 0 0 0
453 0 0 0 0
454 0 0 0 0
455 0 0 0 0
456 0 0 0 0
457 0 0 0 0
458 0 0 0 0
459 0 0 0 0
460 0 0 0 0
461 0 0 0 0
462 0 0 0 0
463 0 0 0 0
464 0 0 0 0
465 0 0 0 0
466 0 0 0 0
467 0 0 0 0
468 0 0 0 0
469 0 0 0 0
470 0 0 0 0
471 0 0 0 0
472 0 0 0 0
473 0 0 0 0
474 0 0 0 0
475 0 0 0 0
476 0 0 0 0
477 0 0 0 0
478 0 0 0 0
479 0 0 0 0
480 0 0 0 0
481 0 0 0 0
482 0 0 0 0
483 0 0 0 0
484 0 0 0 0
485 0 0 0 0
486 0 0 0 0
487 0 0 0 0
488 0 0 0 0
489 0 0 0 0
490 0 0 0 0
491 0 0 0 0
492 0 0 0 0
493 0 0 0 0
494 0 0 0 0
495 0 0 0 0
496 0 0 0 0
497 0 0 0 0
498 0 0 0 0
499 0 0 0 0
500 0 0 0 0
501 0 0 0 0
502 0 0 0 0
503 0 0 0 0
504 0 0 0 0
505 0 0 0 0
506 0 0 0 0
507 0 0 0 0
508 0 0 0 0
509 0 0 0 0
510 0 0 0 0
511 0 0 0 0
512 0 0 0 0
513 0 0 0 0
514 0 0 0 0
515 0 0 0 0
516 0 0 0 0
517 0 0 0 0
518 0 0 0 0
519 0 0 0 0
520 0 0 0 0
521 0 0 0 0
522 0 0 0 0
523 0 0 0 0
524 0 0 0 0
525 0 0 0 0
526 0 0 0 0
527 0 0 0 0
528 0 0 0 0
529 0 0 0 0
530 0 0 0 0
531 0 0 0 0
532 0 0 0 0
533 0 0 0 0
534 0 0 0 0
535 0 0 0 0
536 0 0 0 0
537 0 0 0 0
538 0 0 0 0
539 0 0 0 0
540 0 0 0 0
541 0 0 0 0
542 0 0 0 0
543 0 0 0 0
544 0 0 0 0
545 0 0 0 0
546 0 0 0 0
547 0 0 0 0
548 0 0 0 0
549 0 0 0 0
550 0 0 0 0
551 0 0 0 0
552 0 0 0 0
553 0 0 0 0
554 0 0 0 0
555 0 0 0 0
556 0 0 0 0
557 0 0 0 0
558 0 0 0 0
559 0 0 0 0
560 0 0 0 0
561 0 0 0 0
562 0 0 0 0
563 0 0 0 0
564 0 0 0 0
565 0 0 0 0
566 0 0 0 0
567 0 0 0 0
568 0 0 0 0
569 0 0 0 0
570 0 0 0 0
571 0 0 0 0
572 0 0 0 0
573 0 0 0 0
574 0 0 0 0
575 0 0 0 0
576 0 0 0 0
577 0 0 0 0
578 0 0 0 0
579 0 0 0 0
580 0 0 0 0
581 0 0 0 0
582 0 0 0 0
583 0 0 0 0
584 0 0 0 0
585 0 0 0 0
586 0 0 0 0
587 0 0 0 0
588 0 0 0 0
589 0 0 0 0
590 0 0 0 0
591 0 0 0 0
592 0 0 0 0
593 0 0 0 0
594 0 0 0 0
595 0 0 0 0
596 0 0 0 0
597 0 0 0 0
598 0 0 0 0
599 0 0 0 0
600 0 0 0 0
601 0 0 0 0
602 0 0 0 0
603 0 0 0 0
604 0 0 0 0
605 0 0 0 0
606 0 0 0 0
607 0 0 0 0
608 0 0 0 0
609 0 0 0 0
610 0 0 0 0
611 0 0 0 0
612 0 0 0 0
613 0 0 0 0
614 0 0 0 0
615 0 0 0 0
616 0 0 0 0
617 0 0 0 0
618 0 0 0 0
619 0 0 0 0
620 0 0 0 0
621 0 0 0 0
622 0 0 0 0
623 0 0 0 0
624 0 0 0 0
625 0 0 0 0
626 0 0 0 0
627 0 0 0 0
628 0 0 0 0
629 0 0 0 0
630 0 0 0 0
631 0 0 0 0
632 0 0 0 0
633 0 0 0 0
634 0 0 0 0
635 0 0 0 0
636 0 0 0 0
637 0 0 0 0
638 0 0 0 0
639 0 0 0 0
640 0 0 0 0
641 0 0 0 0
642 0 0 0 0
643 0 0 0 0
644 0 0 0 0
645 0 0 0 0
646 0 0 0 0
647 0 0 0 0
648 0 0 0 0
649 0 0 0 0
650 0 0 0 0
651 0 0 0 0
652 0 0 0 0
653 0 0 0 0
654 0 0 0 0
655 0 0 0 0
656 0 0 0 0
657 0 0 0 0
658 0 0 0 0
659 0 0 0 0
660 0 0 0 0
661 0 0 0 0
662 0 0 0 0
663 0 0 0 0
664 0 0 0 0
665 0 0 0 0
666 0 0 0 0
667 0 0 0 0
668 0 0 0 0
669 0 0 0 0
670 0 0 0 0
671 0 0 0 0
672 0 0 0 0
673 0 0 0 0
674 0 0 0 0
675 0 0 0 0
676 0 0 0 0
677 0 0 0 0
678 0 0 0 0
679 0 0 0 0
680 0 0 0 0
681 0 0 0 0
682 0 0 0 0
683 0 0 0 0
684 0 0 0 0
685 0 0 0 0
686 0 0 0 0
687 0 0 0 0
688 0 0 0 0
689 0 0 0 0
690 0 0 0 0
691 0 0 0 0
692 0 0 0 0
693 0 0 0 0
694 0 0 0 0
695 0 0 0 0
696 0 0 0 0
697 0 0 0 0
698 0 0 0 0
699 0 0 0 0
700 0 0 0 0
701 0 0 0 0
702 0 0 0 0
703 0 0 0 0
704 0 0 0 0
705 0 0 0 0
706 0 0 0 0
707 0 0 0 0
708 0 0 0 0
709 0 0 0 0
710 0 0 0 0
711 0 0 0 0
712 0 0 0 0
713 0 0 0 0
714 0 0 0 0
715 0 0 0 0
716 0 0 0 0
717 0 0 0 0
718 0 0 0 0
719 0 0 0 0
720 0 0 0 0
721 0 0 0 0
722 0 0 0 0
723 0 0 0 0
724 0 0 0 0
725 0 0 0 0
726 0 0 0 0
727 0 0 0 0
