0 0 0 0 0
1 0 0 0 0
2 0 0 0 0
3 0 0 0 0
4 0 0 0 0
5 0 1 0 0
6 0 0 0 0
7 0 0 0 0
8 0 0 0 0
9 0 2 2 0
10 0 0 0 0
11 0 0 0 0
12 0 0 0 1
13 0 0 0 0
14 0 0 0 0
15 0 0 0 0
16 0 0 0 4
17 0 0 0 0
18 0 0 0 0
19 1 0 0 0
20 1 0 0 0
21 0 0 0 0
22 1 0 0 0
23 1 0 0 0
24 1 0 0 0
25 1 0 0 0
26 1 0 0 0
27 0 0 0 0
28 0 0 1 0
29 3 1 1 0
30 1 1 0 0
31 0 1 1 0
32 0 1 0 1
33 0 0 0 0
34 0 2 0 0
35 0 1 0 1
36 0 0 0 3
37 0 0 0 1
38 0 1 0 3
39 0 0 0 0
40 0 0 0 0
41 0 0 0 0
42 0 0 0 2
43 1 0 0 0
44 2 0 0 0
45 1 0 0 0
46 2 0 0 0
47 1 0 0 0
48 3 0 0 0
49 2 1 0 0
50 3 0 0 0
51 4 2 0 0
52 4 0 2 0
53 3 2 0 0
54 3 1 1 0
55 1 0 0 2
56 1 2 0 1
57 1 3 1 3
58 3 1 1 0
59 1 1 2 1
60 2 3 1 2
61 0 1 2 2
62 1 1 1 0
63 2 2 1 1
64 1 0 0 6
65 1 1 1 3
66 2 0 1 3
67 0 2 0 3
68 5 0 2 3
69 0 0 1 1
70 1 0 0 2
71 3 1 1 2
72 2 0 1 2
73 6 4 0 2
74 2 1 0 0
75 2 0 1 2
76 7 1 0 1
77 3 2 2 2
78 3 2 0 1
79 4 2 0 1
80 5 1 2 1
81 7 3 0 3
82 7 4 1 1
83 2 3 0 3
84 4 2 1 4
85 5 2 3 4
86 8 2 3 2
87 1 4 1 2
88 3 0 1 3
89 5 3 4 5
90 3 3 4 6
91 3 3 2 3
92 5 1 1 2
93 3 2 2 6
94 4 4 2 7
95 3 5 2 2
96 2 2 0 4
97 1 2 1 7
98 4 1 2 6
99 8 1 1 1
100 2 1 1 4
101 3 0 3 3
102 1 3 0 8
103 4 3 2 0
104 9 3 3 4
105 6 3 0 5
106 10 2 2 3
107 10 1 2 5
108 10 3 2 2
109 12 5 1 2
110 5 3 1 4
111 9 4 4 5
112 8 4 2 5
113 11 4 6 4
114 7 7 5 6
115 4 3 1 5
116 10 8 2 5
117 10 5 4 7
118 9 6 5 13
119 7 4 5 4
120 11 3 4 7
121 10 5 2 12
122 6 6 1 11
123 11 0 3 12
124 15 3 0 7
125 11 7 3 6
126 14 6 4 4
127 11 7 6 6
128 10 5 6 5
129 17 7 7 10
130 13 7 5 10
131 13 6 3 8
132 11 7 5 11
133 21 4 6 9
134 16 8 8 16
135 13 11 2 8
136 15 6 1 12
137 14 9 6 6
138 16 13 6 11
139 18 13 4 13
140 13 7 8 14
141 25 10 4 17
142 16 11 4 14
143 19 13 2 11
144 11 9 5 13
145 20 7 6 19
146 22 9 7 14
147 12 12 5 20
148 16 13 10 12
149 13 7 4 15
150 14 16 9 9
151 20 11 7 15
152 17 11 6 25
153 25 5 5 17
154 15 11 5 21
155 22 11 5 15
156 15 15 6 11
157 15 12 7 19
158 17 15 5 16
159 21 9 9 17
160 19 12 6 16
161 17 10 7 19
162 25 11 9 17
163 17 11 5 18
164 23 12 11 18
165 25 6 3 25
166 18 6 8 17
167 21 19 4 18
168 22 9 7 17
169 14 21 7 12
170 12 15 10 16
171 18 10 9 24
172 16 16 11 14
173 18 6 9 24
174 22 9 7 24
175 20 12 5 17
176 20 7 5 22
177 20 14 11 21
178 19 11 4 21
179 17 15 3 27
180 18 15 8 7
181 16 8 5 16
182 18 13 6 10
183 25 12 8 20
184 29 8 11 25
185 34 10 12 18
186 24 13 3 18
187 26 12 5 26
188 22 10 4 15
189 24 12 10 14
190 24 15 8 19
191 26 14 8 20
192 20 22 10 22
193 30 16 8 17
194 24 26 8 18
195 25 8 12 21
196 20 18 8 28
197 30 9 12 22
198 24 17 13 15
199 23 17 9 28
200 22 10 14 29
201 28 12 7 34
202 27 14 10 19
203 25 12 10 33
204 22 15 10 27
205 18 16 8 33
206 16 18 13 16
207 16 11 15 20
208 18 15 11 20
209 17 15 13 24
210 14 15 8 26
211 20 15 6 25
212 17 11 9 25
213 14 10 6 32
214 18 7 14 24
215 7 8 2 27
216 10 12 10 24
217 13 6 7 16
218 10 7 5 20
219 24 12 6 11
220 18 6 5 21
221 15 11 4 17
222 11 9 9 12
223 10 7 6 21
224 8 10 5 9
225 12 7 5 11
226 12 8 1 19
227 14 5 3 10
228 12 16 5 14
229 14 10 6 14
230 11 10 4 16
231 10 7 5 15
232 1 6 3 15
233 9 9 5 15
234 4 9 6 13
235 4 4 9 17
236 1 4 2 10
237 5 0 3 10
238 1 6 7 11
239 5 5 2 14
240 5 8 3 9
241 2 0 1 12
242 6 4 2 13
243 3 2 2 8
244 4 1 1 9
245 4 3 2 4
246 4 2 1 6
247 1 0 1 6
248 1 2 2 2
249 3 2 1 6
250 5 4 2 3
251 6 6 2 2
252 7 2 0 4
253 4 2 0 3
254 3 2 1 2
255 3 2 2 7
256 4 3 2 3
257 2 5 0 6
258 1 1 1 4
259 2 2 2 3
260 0 1 1 4
261 3 2 1 2
262 3 3 2 3
263 2 1 1 5
264 1 3 0 2
265 1 1 2 3
266 1 0 2 3
267 1 2 0 4
268 1 1 2 1
269 0 0 1 6
270 0 2 0 2
271 0 2 0 3
272 0 0 0 3
273 1 0 0 2
274 0 0 0 3
275 0 0 0 2
276 0 1 0 0
277 0 1 0 0
278 1 0 1 1
279 0 0 0 0
280 0 0 0 0
281 0 0 0 1
282 1 0 0 1
283 1 0 0 1
284 2 0 0 0
285 1 0 0 0
286 2 0 0 0
287 0 2 0 0
288 1 0 1 0
289 2 1 1 0
290 1 1 0 0
291 1 0 1 1
292 0 1 0 0
293 0 1 0 2
294 0 0 1 1
295 0 1 0 2
296 0 0 0 1
297 0 0 0 1
298 0 1 0 0
299 0 0 0 1
300 0 1 0 1
301 0 0 0 1
302 0 0 0 1
303 0 0 0 0
304 0 0 0 0
305 0 0 0 0
306 0 0 0 0
307 0 0 0 1
308 0 0 0 0
309 0 0 0 0
310 1 0 0 0
311 0 0 0 0
312 1 0 0 0
313 0 0 0 0
314 0 0 0 0
315 0 0 0 0
316 0 0 0 0
317 0 1 0 0
318 0 1 0 0
319 0 0 0 0
320 0 0 0 0
321 0 0 0 1
322 0 0 0 1
323 0 0 0 0
324 0 0 0 0
325 0 0 0 0
326 0 0 0 0
327 0 0 0 0
328 0 0 0 0
329 0 0 0 0
330 0 0 0 0
331 0 0 0 0
332 0 0 0 0
333 0 0 0 0
334 0 0 0 0
335 0 0 0 0
336 0 0 0 0
337 0 0 0 0
338 0 0 0 0
339 0 0 0 0
340 0 0 0 0
341 0 0 0 0
342 0 0 0 0
343 0 0 0 0
344 0 0 0 0
345 0 0 0 0
346 0 0 0 0
347 0 0 0 0
348 0 0 0 0
349 0 0 0 0
350 0 0 0 0
351 0 0 0 0
352 0 0 0 0
353 0 0 0 0
354 0 0 0 0
355 0 0 0 0
356 0 0 0 0
357 0 0 0 0
358 0 0 0 0
359 0 0 0 0
360 0 0 0 0
361 0 0 0 0
362 0 0 0 0
363 0 0 0 0
364 0 0 0 0
365 0 0 0 0
366 0 0 0 0
367 0 0 0 0
368 0 0 0 0
369 0 0 0 0
370 0 0 0 0
371 0 0 0 0
372 0 0 0 0
373 0 0 0 0
374 0 0 0 0
375 0 0 0 0
376 0 0 0 0
377 0 0 0 0
378 0 0 0 0
379 0 0 0 0
380 0 0 0 0
381 0 0 0 0
382 0 0 0 0
383 0 0 0 0
384 0 0 0 0
385 0 0 0 0
386 0 0 0 0
387 0 0 0 0
388 0 0 0 0
389 0 0 0 0
390 0 0 0 0
391 0 0 0 0
392 0 0 0 0
393 0 0 0 0
394 0 0 0 0
395 0 0 0 0
396 0 0 0 0
397 0 0 0 0
398 0 0 0 0
399 0 0 0 0
400 0 0 0 0
401 0 0 0 0
402 0 0 0 0
403 0 0 0 0
404 0 0 0 0
405 0 0 0 0
406 0 0 0 0
407 0 0 0 0
408 0 0 0 0
409 0 0 0 0
410 0 0 0 0
411 0 0 0 0
412 0 0 0 0
413 0 0 0 0
414 0 0 0 0
415 0 0 0 0
416 0 0 0 0
417 0 0 0 0
418 0 0 0 0
419 0 0 0 0
420 0 0 0 0
421 0 0 0 0
422 0 0 0 0
423 0 0 0 0
424 0 0 0 0
425 0 0 0 0
426 0 0 0 0
427 0 0 0 0
428 0 0 0 0
429 0 0 0 0
430 0 0 0 0
431 0 0 0 0
432 0 0 0 0
433 0 0 0 0
434 0 0 0 0
435 0 0 0 0
436 0 0 0 0
437 0 0 0 0
438 0 0 0 0
439 0 0 0 0
440 0 0 0 0
441 0 0 0 0
442 0 0 0 0
443 0 0 0 0
444 0 0 0 0
445 0 0 0 0
446 0 0 0 0
447 0 0 0 0
448 0 0 0 0
449 0 0 0 0
450 0 0 0 0
451 0 0 0 0
452 0 0 0 0
453 0 0 0 0
454 0 0 0 0
455 0 0 0 0
456 0 0 0 0
457 0 0 0 0
458 0 0 0 0
459 0 0 0 0
460 0 0 0 0
461 0 0 0 0
462 0 0 0 0
463 0 0 0 0
464 0 0 0 0
465 0 0 0 0
466 0 0 0 0
467 0 0 0 0
468 0 0 0 0
469 0 0 0 0
470 0 0 0 0
471 0 0 0 0
472 0 0 0 0
473 0 0 0 0
474 0 0 0 0
475 0 0 0 0
476 0 0 0 0
477 0 0 0 0
478 0 0 0 0
479 0 0 0 0
480 0 0 0 0
481 0 0 0 0
482 0 0 0 0
483 0 0 0 0
484 0 0 0 0
485 0 0 0 0
486 0 0 0 0
487 0 0 0 0
488 0 0 0 0
489 0 0 0 0
490 0 0 0 0
491 0 0 0 0
492 0 0 0 0
493 0 0 0 0
494 0 0 0 0
495 0 0 0 0
496 0 0 0 0
497 0 0 0 0
498 0 0 0 0
499 0 0 0 0
500 0 0 0 0
501 0 0 0 0
502 0 0 0 0
503 0 0 0 0
504 0 0 0 0
505 0 0 0 0
506 0 0 0 0
507 0 0 0 0
508 0 0 0 0
509 0 0 0 0
510 0 0 0 0
511 0 0 0 0
512 0 0 0 0
513 0 0 0 0
514 0 0 0 0
515 0 0 0 0
516 0 0 0 0
517 0 0 0 0
518 0 0 0 0
519 0 0 0 0
520 0 0 0 0
521 0 0 0 0
522 0 0 0 0
523 0 0 0 0
524 0 0 0 0
525 0 0 0 0
526 0 0 0 0
527 0 0 0 0
528 0 0 0 0
529 0 0 0 0
530 0 0 0 0
531 0 0 0 0
532 0 0 0 0
533 0 0 0 0
534 0 0 0 0
535 0 0 0 0
536 0 0 0 0
537 0 0 0 0
538 0 0 0 0
539 0 0 0 0
540 0 0 0 0
541 0 0 0 0
542 0 0 0 0
543 0 0 0 0
544 0 0 0 0
545 0 0 0 0
546 0 0 0 0
547 0 0 0 0
548 0 0 0 0
549 0 0 0 0
550 0 0 0 0
551 0 0 0 0
552 0 0 0 0
553 0 0 0 0
554 0 0 0 0
555 0 0 0 0
556 0 0 0 0
557 0 0 0 0
558 0 0 0 0
559 0 0 0 0
560 0 0 0 0
561 0 0 0 0
562 0 0 0 0
563 0 0 0 0
564 0 0 0 0
565 0 0 0 0
566 0 0 0 0
567 0 0 0 0
568 0 0 0 0
569 0 0 0 0
570 0 0 0 0
571 0 0 0 0
572 0 0 0 0
573 0 0 0 0
574 0 0 0 0
575 0 0 0 0
576 0 0 0 0
577 0 0 0 0
578 0 0 0 0
579 0 0 0 0
580 0 0 0 0
581 0 0 0 0
582 0 0 0 0
583 0 0 0 0
584 0 0 0 0
585 0 0 0 0
586 0 0 0 0
587 0 0 0 0
588 0 0 0 0
589 0 0 0 0
590 0 0 0 0
591 0 0 0 0
592 0 0 0 0
593 0 0 0 0
594 0 0 0 0
595 0 0 0 0
596 0 0 0 0
597 0 0 0 0
598 0 0 0 0
599 0 0 0 0
600 0 0 0 0
601 0 0 0 0
602 0 0 0 0
603 0 0 0 0
604 0 0 0 0
605 0 0 0 0
606 0 0 0 0
607 0 0 0 0
608 0 0 0 0
609 0 0 0 0
610 0 0 0 0
611 0 0 0 0
612 0 0 0 0
613 0 0 0 0
614 0 0 0 0
615 0 0 0 0
616 0 0 0 0
617 0 0 0 0
618 0 0 0 0
619 0 0 0 0
620 0 0 0 0
621 0 0 0 0
622 0 0 0 0
623 0 0 0 0
624 0 0 0 0
625 0 0 0 0
626 0 0 0 0
627 0 0 0 0
628 0 0 0 0
629 0 0 0 0
630 0 0 0 0
631 0 0 0 0
632 0 0 0 0
633 0 0 0 0
634 0 0 0 0
635 0 0 0 0
636 0 0 0 0
637 0 0 0 0
638 0 0 0 0
639 0 0 0 0
640 0 0 0 0
641 0 0 0 0
642 0 0 0 0
643 0 0 0 0
644 0 0 0 0
645 0 0 0 0
646 0 0 0 0
647 0 0 0 0
648 0 0 0 0
649 0 0 0 0
650 0 0 0 0
651 0 0 0 0
652 0 0 0 0
653 0 0 0 0
654 0 0 0 0
655 0 0 0 0
656 0 0 0 0
657 0 0 0 0
658 0 0 0 0
659 0 0 0 0
660 0 0 0 0
661 0 0 0 0
662 0 0 0 0
663 0 0 0 0
664 0 0 0 0
665 0 0 0 0
666 0 0 0 0
667 0 0 0 0
668 0 0 0 0
669 0 0 0 0
670 0 0 0 0
671 0 0 0 0
672 0 0 0 0
673 0 0 0 0
674 0 0 0 0
675 0 0 0 0
676 0 0 0 0
677 0 0 0 0
678 0 0 0 0
679 0 0 0 0
680 0 0 0 0
681 0 0 0 0
682 0 0 0 0
683 0 0 0 0
684 0 0 0 0
685 0 0 0 0
686 0 0 0 0
687 0 0 0 0
688 0 0 0 0
689 0 0 0 0
690 0 0 0 0
691 0 0 0 0
692 0 0 0 0
693 0 0 0 0
694 0 0 0 0
695 0 0 0 0
696 0 0 0 0
697 0 0 0 0
698 0 0 0 0
699 0 0 0 0
700 0 0 0 0
701 0 0 0 0
702 0 0 0 0
703 0 0 0 0
704 0 0 0 0
705 0 0 0 0
706 0 0 0 0
707 0 0 0 0
708 0 0 0 0
709 0 0 0 0
710 0 0 0 0
711 0 0 0 0
712 0 0 0 0
713 0 0 0 0
714 0 0 0 0
715 0 0 0 0
716 0 0 0 0
717 0 0 0 0
718 0 0 0 0
719 0 0 0 0
720 0 0 0 0
721 0 0 0 0
722 0 0 0 0
723 0 0 0 0
724 0 0 0 0
725 0 0 0 0
726 0 0 0 0
727 0 0 0 0
