0 0 0 0 0
1 0 0 0 0
2 0 0 0 0
3 0 0 0 0
4 0 0 0 0
5 0 2 1 0
6 0 0 0 0
7 0 0 0 0
8 0 0 0 0
9 0 2 0 3
10 1 0 0 0
11 0 0 0 0
12 0 0 0 0
13 0 0 0 1
14 0 0 0 0
15 0 0 1 0
16 0 0 0 1
17 1 0 0 0
18 0 0 0 0
19 0 0 0 0
20 1 0 0 0
21 1 0 0 0
22 0 0 0 1
23 1 0 0 0
24 0 1 0 0
25 0 0 1 0
26 0 0 1 0
27 1 0 0 0
28 0 1 0 0
29 0 0 0 0
30 1 0 0 0
31 1 0 0 1
32 0 0 1 2
33 1 0 0 1
34 1 0 0 0
35 2 0 0 0
36 1 0 0 1
37 1 0 0 0
38 1 0 0 0
39 0 0 1 0
40 0 1 1 0
41 1 0 0 0
42 0 0 1 0
43 0 1 0 0
44 1 0 1 0
45 2 0 1 0
46 0 1 1 2
47 1 0 1 3
48 0 0 0 1
49 0 0 0 1
50 1 1 1 1
51 2 0 0 0
52 0 0 0 0
53 4 0 0 1
54 2 1 0 1
55 2 0 0 0
56 2 0 2 0
57 1 0 0 2
58 1 1 1 0
59 0 1 0 0
60 1 2 0 1
61 1 1 0 1
62 3 2 1 0
63 4 2 0 2
64 3 1 1 1
65 2 0 1 2
66 3 0 1 1
67 2 1 2 3
68 2 1 1 2
69 3 3 0 2
70 2 2 0 0
71 1 2 0 2
72 3 1 1 4
73 2 3 0 0
74 0 1 0 4
75 1 2 0 1
76 4 1 1 5
77 3 2 1 3
78 3 2 1 2
79 2 1 0 1
80 4 0 1 2
81 4 1 1 3
82 5 1 0 1
83 1 0 0 1
84 2 2 0 1
85 3 4 0 5
86 1 2 1 1
87 2 5 1 0
88 2 2 0 1
89 2 2 1 2
90 3 3 2 2
91 4 2 1 3
92 4 2 0 3
93 3 1 0 4
94 2 1 2 6
95 1 0 1 2
96 1 3 1 1
97 1 1 2 2
98 2 3 0 4
99 2 1 3 1
100 2 0 0 5
101 2 3 0 2
102 5 0 1 3
103 2 2 0 1
104 7 1 2 2
105 5 0 1 1
106 2 1 1 4
107 7 3 3 1
108 6 1 0 4
109 9 0 1 1
110 5 0 1 2
111 4 2 2 5
112 2 4 1 2
113 5 6 3 1
114 2 6 2 4
115 5 0 5 1
116 2 2 1 6
117 5 2 1 7
118 2 5 2 9
119 6 1 1 3
120 4 5 0 4
121 4 1 2 3
122 4 4 3 7
123 6 1 0 2
124 5 4 3 4
125 7 2 2 5
126 8 5 1 4
127 8 2 1 2
128 7 3 3 6
129 9 4 1 5
130 13 1 2 3
131 12 6 0 5
132 11 3 4 7
133 6 3 3 4
134 9 5 3 3
135 8 4 3 2
136 11 6 5 5
137 6 5 6 5
138 13 3 4 9
139 9 11 4 9
140 8 8 2 12
141 8 7 3 8
142 14 4 3 10
143 11 11 2 13
144 11 5 4 9
145 11 3 3 3
146 8 2 5 12
147 8 6 6 14
148 12 6 1 13
149 9 12 2 7
150 10 8 6 8
151 20 4 3 10
152 13 8 2 5
153 11 5 4 14
154 14 5 0 15
155 18 5 5 8
156 15 9 8 9
157 17 5 6 8
158 15 7 4 6
159 19 9 4 8
160 13 8 8 14
161 16 7 5 9
162 18 9 7 14
163 12 9 5 12
164 20 10 9 10
165 14 11 8 8
166 16 8 3 14
167 12 8 4 20
168 11 14 3 16
169 20 12 5 20
170 15 8 10 12
171 16 14 6 17
172 17 6 6 14
173 16 9 7 16
174 15 6 11 14
175 20 9 9 19
176 28 11 3 12
177 21 7 5 20
178 18 13 4 17
179 15 11 1 17
180 24 16 4 15
181 20 14 15 12
182 24 13 4 17
183 34 14 3 14
184 12 10 7 18
185 27 10 12 24
186 31 16 6 18
187 28 13 10 22
188 30 19 8 17
189 26 10 11 14
190 20 12 6 23
191 18 16 9 26
192 26 18 13 28
193 32 10 10 18
194 26 20 8 22
195 28 16 11 27
196 27 11 7 26
197 17 15 10 15
198 19 18 15 20
199 22 17 6 31
200 20 21 7 17
201 28 12 15 25
202 14 10 12 28
203 18 17 5 24
204 16 16 8 25
205 16 15 14 35
206 21 11 13 25
207 16 10 9 25
208 20 12 5 20
209 22 8 3 24
210 12 14 10 26
211 15 9 6 24
212 15 6 7 20
213 12 14 8 15
214 8 3 10 22
215 10 13 4 17
216 8 11 8 16
217 15 8 7 25
218 9 7 12 14
219 4 10 5 13
220 10 7 3 20
221 6 7 6 18
222 11 13 3 19
223 8 4 5 11
224 8 6 4 11
225 8 6 2 14
226 10 5 2 16
227 5 8 3 14
228 5 6 2 9
229 3 5 2 12
230 6 3 3 7
231 8 4 4 12
232 5 4 0 8
233 2 5 4 6
234 7 3 2 9
235 3 5 4 7
236 3 3 4 6
237 3 1 1 9
238 1 1 1 6
239 5 4 2 5
240 3 4 1 6
241 6 6 1 2
242 4 1 3 6
243 3 2 2 6
244 1 2 3 5
245 5 2 1 6
246 6 4 1 7
247 4 2 2 3
248 5 1 3 8
249 1 0 0 3
250 2 2 2 3
251 3 5 1 3
252 1 1 2 4
253 1 0 2 5
254 2 3 1 5
255 0 0 0 4
256 1 2 3 1
257 2 1 2 2
258 0 1 0 6
259 2 1 1 2
260 2 0 0 4
261 1 0 1 4
262 5 1 1 1
263 2 2 0 2
264 1 1 0 0
265 3 1 2 1
266 1 0 0 1
267 3 2 1 1
268 3 1 0 0
269 2 0 1 4
270 0 1 0 1
271 0 2 1 2
272 1 1 1 2
273 3 0 0 1
274 2 2 3 3
275 0 1 0 2
276 0 1 2 2
277 0 2 1 0
278 1 2 0 1
279 0 0 0 1
280 0 0 0 1
281 0 0 0 5
282 2 1 1 1
283 0 1 0 2
284 0 0 0 2
285 0 0 0 2
286 1 0 0 2
287 0 1 1 0
288 1 0 0 0
289 0 0 0 0
290 0 0 0 1
291 0 1 0 1
292 0 0 0 0
293 0 0 0 0
294 0 0 0 1
295 0 0 1 1
296 0 0 0 0
297 0 0 1 0
298 0 0 0 0
299 0 0 0 1
300 0 0 0 0
301 0 0 0 1
302 0 0 0 0
303 0 0 0 0
304 0 0 0 0
305 0 0 0 0
306 0 0 0 0
307 0 0 0 0
308 0 0 0 0
309 0 0 0 0
310 0 0 0 0
311 0 0 0 0
312 0 0 0 0
313 0 0 0 0
314 0 0 0 0
315 0 0 0 0
316 0 0 0 0
317 0 0 0 0
318 0 0 0 0
319 0 0 0 0
320 0 0 0 0
321 0 0 0 0
322 0 0 0 0
323 0 0 0 0
324 0 0 0 0
325 0 0 0 0
326 0 0 0 0
327 0 0 0 0
328 0 0 0 0
329 0 0 0 0
330 0 0 0 0
331 0 0 0 0
332 0 0 0 0
333 0 0 0 0
334 0 0 0 0
335 0 0 0 0
336 0 0 0 0
337 0 0 0 0
338 0 0 0 0
339 0 0 0 0
340 0 0 0 0
341 0 0 0 0
342 0 0 0 0
343 0 0 0 0
344 0 0 0 0
345 0 0 0 0
346 0 0 0 0
347 0 0 0 0
348 0 0 0 0
349 0 0 0 0
350 0 0 0 0
351 0 0 0 0
352 0 0 0 0
353 0 0 0 0
354 0 0 0 0
355 0 0 0 0
356 0 0 0 0
357 0 0 0 0
358 0 0 0 0
359 0 0 0 0
360 0 0 0 0
361 0 0 0 0
362 0 0 0 0
363 0 0 0 0
364 0 0 0 0
365 0 0 0 0
366 0 0 0 0
367 0 0 0 0
368 0 0 0 0
369 0 0 0 0
370 0 0 0 0
371 0 0 0 0
372 0 0 0 0
373 0 0 0 0
374 0 0 0 0
375 0 0 0 0
376 0 0 0 0
377 0 0 0 0
378 0 0 0 0
379 0 0 0 0
380 0 0 0 0
381 0 0 0 0
382 0 0 0 0
383 0 0 0 0
384 0 0 0 0
385 0 0 0 0
386 0 0 0 0
387 0 0 0 0
388 0 0 0 0
389 0 0 0 0
390 0 0 0 0
391 0 0 0 0
392 0 0 0 0
393 0 0 0 0
394 0 0 0 0
395 0 0 0 0
396 0 0 0 0
397 0 0 0 0
398 0 0 0 0
399 0 0 0 0
400 0 0 0 0
401 0 0 0 0
402 0 0 0 0
403 0 0 0 0
404 0 0 0 0
405 0 0 0 0
406 0 0 0 0
407 0 0 0 0
408 0 0 0 0
409 0 0 0 0
410 0 0 0 0
411 0 0 0 0
412 0 0 0 0
413 0 0 0 0
414 0 0 0 0
415 0 0 0 0
416 0 0 0 0
417 0 0 0 0
418 0 0 0 0
419 0 0 0 0
420 0 0 0 0
421 0 0 0 0
422 0 0 0 0
423 0 0 0 0
424 0 0 0 0
425 0 0 0 0
426 0 0 0 0
427 0 0 0 0
428 0 0 0 0
429 0 0 0 0
430 0 0 0 0
431 0 0 0 0
432 0 0 0 0
433 0 0 0 0
434 0 0 0 0
435 0 0 0 0
436 0 0 0 0
437 0 0 0 0
438 0 0 0 0
439 0 0 0 0
440 0 0 0 0
441 0 0 0 0
442 0 0 0 0
443 0 0 0 0
444 0 0 0 0
445 0 0 0 0
446 0 0 0 0
447 0 0 0 0
448 0 0 0 0
449 0 0 0 0
450 0 0 0 0
451 0 0 0 0
452 0 0 0 0
453 0 0 0 0
454 0 0 0 0
455 0 0 0 0
456 0 0 0 0
457 0 0 0 0
458 0 0 0 0
459 0 0 0 0
460 0 0 0 0
461 0 0 0 0
462 0 0 0 0
463 0 0 0 0
464 0 0 0 0
465 0 0 0 0
466 0 0 0 0
467 0 0 0 0
468 0 0 0 0
469 0 0 0 0
470 0 0 0 0
471 0 0 0 0
472 0 0 0 0
473 0 0 0 0
474 0 0 0 0
475 0 0 0 0
476 0 0 0 0
477 0 0 0 0
478 0 0 0 0
479 0 0 0 0
480 0 0 0 0
481 0 0 0 0
482 0 0 0 0
483 0 0 0 0
484 0 0 0 0
485 0 0 0 0
486 0 0 0 0
487 0 0 0 0
488 0 0 0 0
489 0 0 0 0
490 0 0 0 0
491 0 0 0 0
492 0 0 0 0
493 0 0 0 0
494 0 0 0 0
495 0 0 0 0
496 0 0 0 0
497 0 0 0 0
498 0 0 0 0
499 0 0 0 0
500 0 0 0 0
501 0 0 0 0
502 0 0 0 0
503 0 0 0 0
504 0 0 0 0
505 0 0 0 0
506 0 0 0 0
507 0 0 0 0
508 0 0 0 0
509 0 0 0 0
510 0 0 0 0
511 0 0 0 0
512 0 0 0 0
513 0 0 0 0
514 0 0 0 0
515 0 0 0 0
516 0 0 0 0
517 0 0 0 0
518 0 0 0 0
519 0 0 0 0
520 0 0 0 0
521 0 0 0 0
522 0 0 0 0
523 0 0 0 0
524 0 0 0 0
525 0 0 0 0
526 0 0 0 0
527 0 0 0 0
528 0 0 0 0
529 0 0 0 0
530 0 0 0 0
531 0 0 0 0
532 0 0 0 0
533 0 0 0 0
534 0 0 0 0
535 0 0 0 0
536 0 0 0 0
537 0 0 0 0
538 0 0 0 0
539 0 0 0 0
540 0 0 0 0
541 0 0 0 0
542 0 0 0 0
543 0 0 0 0
544 0 0 0 0
545 0 0 0 0
546 0 0 0 0
547 0 0 0 0
548 0 0 0 0
549 0 0 0 0
550 0 0 0 0
551 0 0 0 0
552 0 0 0 0
553 0 0 0 0
554 0 0 0 0
555 0 0 0 0
556 0 0 0 0
557 0 0 0 0
558 0 0 0 0
559 0 0 0 0
560 0 0 0 0
561 0 0 0 0
562 0 0 0 0
563 0 0 0 0
564 0 0 0 0
565 0 0 0 0
566 0 0 0 0
567 0 0 0 0
568 0 0 0 0
569 0 0 0 0
570 0 0 0 0
571 0 0 0 0
572 0 0 0 0
573 0 0 0 0
574 0 0 0 0
575 0 0 0 0
576 0 0 0 0
577 0 0 0 0
578 0 0 0 0
579 0 0 0 0
580 0 0 0 0
581 0 0 0 0
582 0 0 0 0
583 0 0 0 0
584 0 0 0 0
585 0 0 0 0
586 0 0 0 0
587 0 0 0 0
588 0 0 0 0
589 0 0 0 0
590 0 0 0 0
591 0 0 0 0
592 0 0 0 0
593 0 0 0 0
594 0 0 0 0
595 0 0 0 0
596 0 0 0 0
597 0 0 0 0
598 0 0 0 0
599 0 0 0 0
600 0 0 0 0
601 0 0 0 0
602 0 0 0 0
603 0 0 0 0
604 0 0 0 0
605 0 0 0 0
606 0 0 0 0
607 0 0 0 0
608 0 0 0 0
609 0 0 0 0
610 0 0 0 0
611 0 0 0 0
612 0 0 0 0
613 0 0 0 0
614 0 0 0 0
615 0 0 0 0
616 0 0 0 0
617 0 0 0 0
618 0 0 0 0
619 0 0 0 0
620 0 0 0 0
621 0 0 0 0
622 0 0 0 0
623 0 0 0 0
624 0 0 0 0
625 0 0 0 0
626 0 0 0 0
627 0 0 0 0
628 0 0 0 0
629 0 0 0 0
630 0 0 0 0
631 0 0 0 0
632 0 0 0 0
633 0 0 0 0
634 0 0 0 0
635 0 0 0 0
636 0 0 0 0
637 0 0 0 0
638 0 0 0 0
639 0 0 0 0
640 0 0 0 0
641 0 0 0 0
642 0 0 0 0
643 0 0 0 0
644 0 0 0 0
645 0 0 0 0
646 0 0 0 0
647 0 0 0 0
648 0 0 0 0
649 0 0 0 0
650 0 0 0 0
651 0 0 0 0
652 0 0 0 0
653 0 0 0 0
654 0 0 0 0
655 0 0 0 0
656 0 0 0 0
657 0 0 0 0
658 0 0 0 0
659 0 0 0 0
660 0 0 0 0
661 0 0 0 0
662 0 0 0 0
663 0 0 0 0
664 0 0 0 0
665 0 0 0 0
666 0 0 0 0
667 0 0 0 0
668 0 0 0 0
669 0 0 0 0
670 0 0 0 0
671 0 0 0 0
672 0 0 0 0
673 0 0 0 0
674 0 0 0 0
675 0 0 0 0
676 0 0 0 0
677 0 0 0 0
678 0 0 0 0
679 0 0 0 0
680 0 0 0 0
681 0 0 0 0
682 0 0 0 0
683 0 0 0 0
684 0 0 0 0
685 0 0 0 0
686 0 0 0 0
687 0 0 0 0
688 0 0 0 0
689 0 0 0 0
690 0 0 0 0
691 0 0 0 0
692 0 0 0 0
693 0 0 0 0
694 0 0 0 0
695 0 0 0 0
696 0 0 0 0
697 0 0 0 0
698 0 0 0 0
699 0 0 0 0
700 0 0 0 0
701 0 0 0 0
702 0 0 0 0
703 0 0 0 0
704 0 0 0 0
705 0 0 0 0
706 0 0 0 0
707 0 0 0 0
708 0 0 0 0
709 0 0 0 0
710 0 0 0 0
711 0 0 0 0
712 0 0 0 0
713 0 0 0 0
714 0 0 0 0
715 0 0 0 0
716 0 0 0 0
717 0 0 0 0
718 0 0 0 0
719 0 0 0 0
720 0 0 0 0
721 0 0 0 0
722 0 0 0 0
723 0 0 0 0
724 0 0 0 0
725 0 0 0 0
726 0 0 0 0
727 0 0 0 0
