0 0 0 0 0
1 0 0 0 0
2 0 0 0 0
3 0 0 0 0
4 0 0 0 0
5 0 2 2 0
6 0 0 0 0
7 0 0 0 0
8 0 0 0 0
9 0 0 1 4
10 0 0 0 0
11 0 0 0 0
12 0 0 0 0
13 0 0 0 1
14 0 0 0 0
15 1 0 0 0
16 0 0 0 0
17 1 0 0 0
18 3 0 0 0
19 2 0 0 0
20 1 0 1 0
21 0 0 0 0
22 3 1 0 0
23 0 2 1 0
24 0 0 0 1
25 1 1 0 0
26 1 0 0 0
27 1 0 0 1
28 0 2 0 0
29 0 0 0 1
30 0 0 1 2
31 1 3 0 0
32 0 0 0 1
33 1 0 0 0
34 0 0 0 2
35 0 1 0 2
36 1 0 2 0
37 1 0 0 0
38 2 0 0 2
39 1 0 0 0
40 0 0 0 2
41 2 0 1 0
42 2 1 0 1
43 1 1 0 0
44 0 1 0 0
45 1 0 0 0
46 0 1 2 1
47 0 1 1 1
48 0 1 0 1
49 1 0 0 0
50 1 0 0 2
51 0 0 1 2
52 0 0 0 1
53 1 0 0 1
54 0 1 0 1
55 0 0 0 1
56 1 0 0 0
57 1 0 0 0
58 1 0 2 1
59 3 0 1 0
60 1 0 0 0
61 2 1 0 0
62 2 0 1 2
63 3 0 0 1
64 2 0 1 0
65 1 0 0 1
66 2 2 0 1
67 1 2 0 0
68 1 0 2 0
69 1 0 1 0
70 1 0 1 1
71 0 2 1 1
72 2 3 0 0
73 2 1 1 2
74 2 0 0 2
75 1 1 0 2
76 0 0 0 1
77 2 2 1 2
78 1 1 0 2
79 3 2 0 3
80 3 0 1 1
81 2 0 0 2
82 2 3 1 2
83 5 1 0 1
84 2 2 0 1
85 0 1 0 0
86 2 1 0 3
87 2 2 0 1
88 1 4 0 2
89 1 1 2 3
90 3 1 0 2
91 3 1 0 1
92 0 1 1 2
93 4 2 1 3
94 2 0 0 2
95 3 1 1 1
96 2 4 0 1
97 0 1 0 4
98 2 3 2 1
99 1 1 2 2
100 0 2 1 3
101 0 0 0 1
102 3 0 0 5
103 1 0 1 4
104 2 1 0 1
105 3 1 1 1
106 1 0 0 0
107 4 2 2 3
108 0 1 0 1
109 3 0 1 2
110 3 2 1 0
111 1 0 0 1
112 4 1 2 1
113 2 0 1 0
114 2 1 0 5
115 6 0 3 0
116 4 1 1 2
117 3 0 1 1
118 4 4 0 0
119 1 1 1 4
120 3 3 2 2
121 6 2 1 2
122 6 2 1 5
123 5 4 1 1
124 3 2 0 2
125 5 2 2 3
126 6 3 2 2
127 5 4 1 5
128 3 1 3 2
129 7 2 2 5
130 6 2 2 3
131 5 3 3 4
132 10 4 1 4
133 7 1 2 5
134 6 6 1 3
135 5 2 2 5
136 5 5 1 6
137 6 4 3 5
138 12 3 3 6
139 10 7 1 6
140 6 1 0 5
141 3 2 5 6
142 7 3 3 3
143 7 5 2 5
144 4 4 5 6
145 7 5 1 8
146 7 3 2 9
147 9 6 2 3
148 5 5 5 6
149 4 5 1 7
150 10 2 2 8
151 5 2 5 8
152 7 2 6 6
153 6 1 2 6
154 10 4 2 6
155 7 7 3 10
156 9 6 2 7
157 11 2 4 5
158 11 3 0 6
159 10 7 4 6
160 6 4 0 7
161 7 4 5 9
162 10 7 3 6
163 11 5 8 5
164 4 7 1 4
165 5 2 2 3
166 12 3 7 13
167 9 5 4 10
168 6 7 5 12
169 6 4 3 6
170 7 4 4 13
171 7 5 4 8
172 11 8 5 7
173 13 1 0 8
174 9 7 2 8
175 12 7 3 10
176 8 4 1 10
177 10 9 3 4
178 13 3 4 11
179 10 5 2 9
180 6 6 5 2
181 16 2 1 11
182 14 7 4 9
183 16 11 3 10
184 15 7 5 11
185 14 10 3 6
186 13 9 6 5
187 14 7 4 14
188 6 6 6 10
189 11 4 3 14
190 9 5 10 11
191 5 6 6 10
192 11 10 4 9
193 8 8 3 10
194 11 8 5 14
195 17 8 4 11
196 12 7 3 12
197 13 8 1 12
198 14 7 3 16
199 12 4 4 10
200 15 8 4 11
201 15 11 3 15
202 14 8 4 12
203 16 5 7 7
204 13 10 3 11
205 12 9 2 13
206 15 9 7 14
207 11 9 7 9
208 11 5 5 14
209 10 12 6 7
210 8 7 7 18
211 11 7 6 11
212 4 11 6 11
213 8 5 5 15
214 5 5 5 19
215 5 7 3 16
216 5 7 3 19
217 10 2 2 8
218 8 3 5 10
219 9 2 8 14
220 6 6 3 12
221 9 3 2 6
222 9 5 4 6
223 5 1 3 12
224 8 7 1 4
225 5 3 3 6
226 5 7 3 10
227 4 5 5 6
228 4 3 3 7
229 6 8 2 8
230 10 4 2 8
231 5 4 3 9
232 5 1 1 5
233 8 0 3 11
234 6 3 2 9
235 6 4 4 4
236 4 2 2 4
237 2 2 4 3
238 1 4 3 6
239 4 7 2 8
240 2 5 2 4
241 5 3 1 6
242 3 3 3 7
243 5 1 0 6
244 3 1 1 6
245 3 0 2 7
246 4 3 0 9
247 4 2 1 4
248 3 5 1 3
249 3 1 1 3
250 2 3 3 2
251 5 0 1 2
252 3 4 1 5
253 3 3 1 3
254 3 3 0 3
255 3 3 1 2
256 3 5 1 2
257 5 0 3 5
258 0 1 0 3
259 2 3 1 7
260 6 0 2 4
261 1 0 3 2
262 2 3 2 1
263 0 0 1 6
264 2 2 0 5
265 1 1 1 2
266 1 2 0 3
267 0 0 0 1
268 2 1 2 2
269 2 4 3 3
270 2 0 1 3
271 2 1 1 1
272 0 0 0 3
273 1 2 1 3
274 1 1 2 1
275 1 0 0 3
276 1 0 1 4
277 1 0 0 0
278 0 0 0 3
279 0 2 0 0
280 0 2 0 3
281 1 0 1 0
282 1 1 0 0
283 0 0 1 3
284 0 0 0 0
285 1 0 0 2
286 0 1 1 0
287 1 1 0 2
288 0 0 0 0
289 0 0 0 1
290 0 0 0 2
291 0 0 0 1
292 0 0 0 0
293 0 0 0 0
294 0 1 0 0
295 1 0 0 0
296 0 1 0 0
297 0 0 0 0
298 0 0 0 1
299 0 0 0 0
300 0 0 0 0
301 0 0 0 0
302 0 0 0 0
303 0 0 0 1
304 0 1 0 0
305 0 0 0 0
306 0 0 0 0
307 0 0 0 0
308 1 0 0 1
309 0 0 0 0
310 0 0 0 0
311 0 0 0 0
312 0 0 0 0
313 0 0 1 0
314 0 0 0 0
315 0 0 0 0
316 0 0 0 0
317 0 0 0 1
318 0 0 0 0
319 0 0 0 0
320 0 0 0 0
321 0 0 0 0
322 0 0 0 0
323 0 0 0 0
324 0 0 0 0
325 0 0 0 0
326 0 0 0 0
327 0 0 0 0
328 0 0 0 0
329 0 0 0 0
330 0 0 0 0
331 0 0 0 0
332 0 0 0 0
333 0 0 0 0
334 0 0 0 0
335 0 0 0 0
336 0 0 0 0
337 0 0 0 0
338 0 0 0 0
339 0 0 0 0
340 0 0 0 0
341 0 0 0 0
342 0 0 0 0
343 0 0 0 0
344 0 0 0 0
345 0 0 0 0
346 0 0 0 0
347 0 0 0 0
348 0 0 0 0
349 0 0 0 0
350 0 0 0 0
351 0 0 0 0
352 0 0 0 0
353 0 0 0 0
354 0 0 0 0
355 0 0 0 0
356 0 0 0 0
357 0 0 0 0
358 0 0 0 0
359 0 0 0 0
360 0 0 0 0
361 0 0 0 0
362 0 0 0 0
363 0 0 0 0
364 0 0 0 0
365 0 0 0 0
366 0 0 0 0
367 0 0 0 0
368 0 0 0 0
369 0 0 0 0
370 0 0 0 0
371 0 0 0 0
372 0 0 0 0
373 0 0 0 0
374 0 0 0 0
375 0 0 0 0
376 0 0 0 0
377 0 0 0 0
378 0 0 0 0
379 0 0 0 0
380 0 0 0 0
381 0 0 0 0
382 0 0 0 0
383 0 0 0 0
384 0 0 0 0
385 0 0 0 0
386 0 0 0 0
387 0 0 0 0
388 0 0 0 0
389 0 0 0 0
390 0 0 0 0
391 0 0 0 0
392 0 0 0 0
393 0 0 0 0
394 0 0 0 0
395 0 0 0 0
396 0 0 0 0
397 0 0 0 0
398 0 0 0 0
399 0 0 0 0
400 0 0 0 0
401 0 0 0 0
402 0 0 0 0
403 0 0 0 0
404 0 0 0 0
405 0 0 0 0
406 0 0 0 0
407 0 0 0 0
408 0 0 0 0
409 0 0 0 0
410 0 0 0 0
411 0 0 0 0
412 0 0 0 0
413 0 0 0 0
414 0 0 0 0
415 0 0 0 0
416 0 0 0 0
417 0 0 0 0
418 0 0 0 0
419 0 0 0 0
420 0 0 0 0
421 0 0 0 0
422 0 0 0 0
423 0 0 0 0
424 0 0 0 0
425 0 0 0 0
426 0 0 0 0
427 0 0 0 0
428 0 0 0 0
429 0 0 0 0
430 0 0 0 0
431 0 0 0 0
432 0 0 0 0
433 0 0 0 0
434 0 0 0 0
435 0 0 0 0
436 0 0 0 0
437 0 0 0 0
438 0 0 0 0
439 0 0 0 0
440 0 0 0 0
441 0 0 0 0
442 0 0 0 0
443 0 0 0 0
444 0 0 0 0
445 0 0 0 0
446 0 0 0 0
447 0 0 0 0
448 0 0 0 0
449 0 0 0 0
450 0 0 0 0
451 0 0 0 0
452 0 0 0 0
453 0 0 0 0
454 0 0 0 0
455 0 0 0 0
456 0 0 0 0
457 0 0 0 0
458 0 0 0 0
459 0 0 0 0
460 0 0 0 0
461 0 0 0 0
462 0 0 0 0
463 0 0 0 0
464 0 0 0 0
465 0 0 0 0
466 0 0 0 0
467 0 0 0 0
468 0 0 0 0
469 0 0 0 0
470 0 0 0 0
471 0 0 0 0
472 0 0 0 0
473 0 0 0 0
474 0 0 0 0
475 0 0 0 0
476 0 0 0 0
477 0 0 0 0
478 0 0 0 0
479 0 0 0 0
480 0 0 0 0
481 0 0 0 0
482 0 0 0 0
483 0 0 0 0
484 0 0 0 0
485 0 0 0 0
486 0 0 0 0
487 0 0 0 0
488 0 0 0 0
489 0 0 0 0
490 0 0 0 0
491 0 0 0 0
492 0 0 0 0
493 0 0 0 0
494 0 0 0 0
495 0 0 0 0
496 0 0 0 0
497 0 0 0 0
498 0 0 0 0
499 0 0 0 0
500 0 0 0 0
501 0 0 0 0
502 0 0 0 0
503 0 0 0 0
504 0 0 0 0
505 0 0 0 0
506 0 0 0 0
507 0 0 0 0
508 0 0 0 0
509 0 0 0 0
510 0 0 0 0
511 0 0 0 0
512 0 0 0 0
513 0 0 0 0
514 0 0 0 0
515 0 0 0 0
516 0 0 0 0
517 0 0 0 0
518 0 0 0 0
519 0 0 0 0
520 0 0 0 0
521 0 0 0 0
522 0 0 0 0
523 0 0 0 0
524 0 0 0 0
525 0 0 0 0
526 0 0 0 0
527 0 0 0 0
528 0 0 0 0
529 0 0 0 0
530 0 0 0 0
531 0 0 0 0
532 0 0 0 0
533 0 0 0 0
534 0 0 0 0
535 0 0 0 0
536 0 0 0 0
537 0 0 0 0
538 0 0 0 0
539 0 0 0 0
540 0 0 0 0
541 0 0 0 0
542 0 0 0 0
543 0 0 0 0
544 0 0 0 0
545 0 0 0 0
546 0 0 0 0
547 0 0 0 0
548 0 0 0 0
549 0 0 0 0
550 0 0 0 0
551 0 0 0 0
552 0 0 0 0
553 0 0 0 0
554 0 0 0 0
555 0 0 0 0
556 0 0 0 0
557 0 0 0 0
558 0 0 0 0
559 0 0 0 0
560 0 0 0 0
561 0 0 0 0
562 0 0 0 0
563 0 0 0 0
564 0 0 0 0
565 0 0 0 0
566 0 0 0 0
567 0 0 0 0
568 0 0 0 0
569 0 0 0 0
570 0 0 0 0
571 0 0 0 0
572 0 0 0 0
573 0 0 0 0
574 0 0 0 0
575 0 0 0 0
576 0 0 0 0
577 0 0 0 0
578 0 0 0 0
579 0 0 0 0
580 0 0 0 0
581 0 0 0 0
582 0 0 0 0
583 0 0 0 0
584 0 0 0 0
585 0 0 0 0
586 0 0 0 0
587 0 0 0 0
588 0 0 0 0
589 0 0 0 0
590 0 0 0 0
591 0 0 0 0
592 0 0 0 0
593 0 0 0 0
594 0 0 0 0
595 0 0 0 0
596 0 0 0 0
597 0 0 0 0
598 0 0 0 0
599 0 0 0 0
600 0 0 0 0
601 0 0 0 0
602 0 0 0 0
603 0 0 0 0
604 0 0 0 0
605 0 0 0 0
606 0 0 0 0
607 0 0 0 0
608 0 0 0 0
609 0 0 0 0
610 0 0 0 0
611 0 0 0 0
612 0 0 0 0
613 0 0 0 0
614 0 0 0 0
615 0 0 0 0
616 0 0 0 0
617 0 0 0 0
618 0 0 0 0
619 0 0 0 0
620 0 0 0 0
621 0 0 0 0
622 0 0 0 0
623 0 0 0 0
624 0 0 0 0
625 0 0 0 0
626 0 0 0 0
627 0 0 0 0
628 0 0 0 0
629 0 0 0 0
630 0 0 0 0
631 0 0 0 0
632 0 0 0 0
633 0 0 0 0
634 0 0 0 0
635 0 0 0 0
636 0 0 0 0
637 0 0 0 0
638 0 0 0 0
639 0 0 0 0
640 0 0 0 0
641 0 0 0 0
642 0 0 0 0
643 0 0 0 0
644 0 0 0 0
645 0 0 0 0
646 0 0 0 0
647 0 0 0 0
648 0 0 0 0
649 0 0 0 0
650 0 0 0 0
651 0 0 0 0
652 0 0 0 0
653 0 0 0 0
654 0 0 0 0
655 0 0 0 0
656 0 0 0 0
657 0 0 0 0
658 0 0 0 0
659 0 0 0 0
660 0 0 0 0
661 0 0 0 0
662 0 0 0 0
663 0 0 0 0
664 0 0 0 0
665 0 0 0 0
666 0 0 0 0
667 0 0 0 0
668 0 0 0 0
669 0 0 0 0
670 0 0 0 0
671 0 0 0 0
672 0 0 0 0
673 0 0 0 0
674 0 0 0 0
675 0 0 0 0
676 0 0 0 0
677 0 0 0 0
678 0 0 0 0
679 0 0 0 0
680 0 0 0 0
681 0 0 0 0
682 0 0 0 0
683 0 0 0 0
684 0 0 0 0
685 0 0 0 0
686 0 0 0 0
687 0 0 0 0
688 0 0 0 0
689 0 0 0 0
690 0 0 0 0
691 0 0 0 0
692 0 0 0 0
693 0 0 0 0
694 0 0 0 0
695 0 0 0 0
696 0 0 0 0
697 0 0 0 0
698 0 0 0 0
699 0 0 0 0
700 0 0 0 0
701 0 0 0 0
702 0 0 0 0
703 0 0 0 0
704 0 0 0 0
705 0 0 0 0
706 0 0 0 0
707 0 0 0 0
708 0 0 0 0
709 0 0 0 0
710 0 0 0 0
711 0 0 0 0
712 0 0 0 0
713 0 0 0 0
714 0 0 0 0
715 0 0 0 0
716 0 0 0 0
717 0 0 0 0
718 0 0 0 0
719 0 0 0 0
720 0 0 0 0
721 0 0 0 0
722 0 0 0 0
723 0 0 0 0
724 0 0 0 0
725 0 0 0 0
726 0 0 0 0
727 0 0 0 0
