0 0 0 0 0
1 0 0 0 0
2 0 0 0 0
3 0 0 0 0
4 0 0 0 0
5 0 0 1 0
6 0 0 1 0
7 0 0 0 0
8 0 0 0 0
9 0 2 1 0
10 0 0 0 0
11 0 0 0 0
12 0 0 0 1
13 0 0 0 3
14 0 0 0 0
15 0 0 0 0
16 0 0 0 1
17 1 0 0 0
18 0 0 0 0
19 2 0 0 0
20 1 0 0 0
21 1 0 0 0
22 0 0 0 0
23 1 0 0 0
24 1 1 0 0
25 0 1 0 0
26 1 1 1 0
27 0 0 0 0
28 1 0 2 1
29 0 1 0 1
30 1 0 0 2
31 0 0 1 0
32 0 0 0 0
33 0 0 0 0
34 1 0 0 0
35 0 1 0 2
36 1 0 0 1
37 2 0 1 0
38 0 0 0 1
39 1 0 0 1
40 2 0 0 0
41 1 1 0 0
42 1 0 1 0
43 2 1 0 0
44 0 1 0 1
45 1 1 1 0
46 0 1 0 1
47 1 1 0 0
48 2 1 1 1
49 1 0 0 2
50 2 0 1 1
51 2 0 0 1
52 1 0 0 2
53 1 1 0 0
54 0 0 2 1
55 2 1 0 1
56 3 1 0 0
57 1 0 0 2
58 1 1 1 2
59 2 1 0 1
60 1 2 0 0
61 3 2 0 0
62 3 0 0 0
63 0 0 0 2
64 1 2 1 1
65 1 2 0 2
66 1 0 2 0
67 1 5 0 1
68 2 0 0 4
69 1 0 1 1
70 1 2 0 1
71 0 1 0 5
72 4 1 0 1
73 1 0 1 2
74 2 1 0 1
75 2 1 0 0
76 2 0 0 1
77 3 5 0 1
78 0 1 0 1
79 3 1 1 2
80 3 1 0 1
81 8 0 2 4
82 4 1 2 1
83 3 1 0 0
84 3 3 1 2
85 3 1 2 1
86 3 1 3 1
87 3 1 0 1
88 2 1 0 4
89 2 2 0 5
90 3 3 3 1
91 1 3 0 3
92 3 0 4 2
93 6 1 1 4
94 3 1 2 3
95 3 2 1 2
96 4 1 0 6
97 4 2 1 4
98 5 4 2 2
99 2 4 1 2
100 5 2 1 3
101 4 3 0 2
102 6 2 0 3
103 7 2 2 4
104 1 1 1 3
105 8 2 3 6
106 6 3 0 3
107 6 3 2 4
108 3 4 2 3
109 5 3 0 5
110 2 7 1 2
111 3 1 4 5
112 6 1 2 4
113 4 1 1 3
114 5 1 5 2
115 6 3 3 7
116 1 3 3 2
117 5 3 3 8
118 5 2 3 4
119 8 1 1 4
120 6 4 0 4
121 1 0 3 8
122 4 3 1 8
123 4 4 3 4
124 3 7 2 3
125 7 3 0 2
126 5 2 0 2
127 5 3 3 5
128 9 2 2 9
129 4 2 1 4
130 8 6 0 6
131 4 0 4 6
132 9 2 1 5
133 10 5 2 2
134 3 4 1 7
135 11 6 2 3
136 6 6 1 2
137 7 7 3 5
138 5 4 3 6
139 7 4 1 10
140 10 3 2 7
141 8 3 1 8
142 8 5 4 4
143 3 1 2 4
144 7 6 5 7
145 4 7 2 7
146 5 5 3 4
147 3 6 1 4
148 4 3 2 5
149 8 6 2 11
150 8 2 3 8
151 4 3 1 8
152 8 2 1 9
153 10 4 3 6
154 8 3 2 7
155 8 1 5 5
156 5 4 1 6
157 5 4 3 5
158 12 6 5 3
159 9 5 3 3
160 4 3 3 6
161 8 4 1 6
162 10 5 3 9
163 5 12 3 7
164 13 4 2 10
165 11 4 2 9
166 8 6 0 8
167 11 3 2 8
168 16 6 2 1
169 11 6 3 8
170 13 6 1 14
171 13 8 3 8
172 14 7 4 5
173 11 12 2 8
174 8 11 4 4
175 11 3 5 14
176 8 4 5 5
177 6 12 7 13
178 10 8 4 14
179 6 6 4 11
180 6 8 3 15
181 11 6 4 18
182 10 7 1 8
183 14 7 2 7
184 12 5 2 13
185 13 3 1 11
186 12 7 5 9
187 18 5 6 9
188 12 3 4 10
189 14 7 6 5
190 16 4 4 9
191 22 7 3 9
192 16 6 13 11
193 13 4 9 14
194 12 8 6 7
195 20 8 6 5
196 14 9 9 14
197 13 8 5 13
198 11 11 4 12
199 13 6 8 17
200 8 17 5 15
201 6 9 6 9
202 9 6 5 12
203 16 9 5 20
204 9 10 7 26
205 7 5 4 12
206 13 11 3 12
207 7 5 2 12
208 10 10 5 19
209 12 7 4 14
210 11 1 4 14
211 15 7 2 11
212 4 10 3 8
213 9 6 3 9
214 8 8 4 7
215 6 2 6 16
216 14 9 4 14
217 5 4 1 5
218 10 10 2 6
219 10 6 5 11
220 4 3 5 13
221 8 4 4 10
222 6 3 1 8
223 7 5 5 12
224 11 7 2 8
225 7 10 2 10
226 6 4 7 8
227 6 4 1 8
228 7 3 4 9
229 6 0 2 5
230 5 3 3 13
231 7 4 3 8
232 7 2 6 11
233 6 6 2 3
234 2 2 6 8
235 7 2 4 9
236 4 5 3 7
237 4 4 6 3
238 5 3 1 6
239 4 2 1 7
240 3 6 2 11
241 5 2 1 7
242 2 1 3 4
243 2 0 3 5
244 3 2 1 13
245 2 1 5 2
246 3 3 1 2
247 3 1 3 4
248 4 0 4 4
249 1 2 0 7
250 3 2 2 4
251 3 3 1 1
252 2 1 1 5
253 5 0 1 3
254 6 1 1 6
255 1 1 0 4
256 2 2 1 2
257 1 1 3 2
258 2 2 2 3
259 2 1 2 2
260 3 1 0 0
261 2 1 2 3
262 2 1 3 3
263 1 2 3 5
264 0 1 1 1
265 0 4 0 4
266 0 1 0 3
267 1 3 0 3
268 2 1 1 3
269 0 0 0 4
270 1 1 0 2
271 4 0 0 3
272 0 1 0 2
273 0 1 0 1
274 2 0 0 0
275 2 0 0 2
276 1 2 2 1
277 2 0 1 1
278 0 0 0 0
279 2 3 0 0
280 0 0 0 2
281 1 0 1 2
282 1 0 1 0
283 0 0 0 4
284 0 2 2 0
285 0 0 0 0
286 0 1 1 2
287 0 1 0 0
288 0 0 0 4
289 0 0 0 0
290 1 0 0 2
291 0 0 0 2
292 1 0 0 0
293 0 0 0 0
294 1 0 0 0
295 1 0 0 0
296 0 0 0 0
297 0 0 1 0
298 1 0 0 0
299 0 1 1 0
300 0 1 0 0
301 0 0 0 1
302 0 0 0 0
303 1 0 0 1
304 0 0 0 1
305 1 0 0 0
306 1 0 0 1
307 0 0 1 0
308 0 0 1 0
309 0 0 0 0
310 0 0 0 0
311 0 0 1 1
312 0 0 0 1
313 1 0 0 0
314 0 0 1 0
315 0 0 0 1
316 0 0 0 0
317 0 0 0 0
318 0 1 0 0
319 0 0 0 0
320 0 0 0 0
321 0 0 0 1
322 0 0 0 1
323 0 0 0 0
324 0 0 0 0
325 0 0 0 0
326 0 0 0 0
327 0 0 0 0
328 0 0 0 0
329 0 0 0 0
330 0 0 0 0
331 0 0 0 0
332 0 0 0 0
333 0 0 0 0
334 0 0 0 0
335 0 0 0 0
336 0 0 0 0
337 0 0 0 0
338 0 0 0 0
339 0 0 0 0
340 0 0 0 0
341 0 0 0 0
342 0 0 0 0
343 0 0 0 0
344 0 0 0 0
345 0 0 0 0
346 0 0 0 0
347 0 0 0 0
348 0 0 0 0
349 0 0 0 0
350 0 0 0 0
351 0 0 0 0
352 0 0 0 0
353 0 0 0 0
354 0 0 0 0
355 0 0 0 0
356 0 0 0 0
357 0 0 0 0
358 0 0 0 0
359 0 0 0 0
360 0 0 0 0
361 0 0 0 0
362 0 0 0 0
363 0 0 0 0
364 0 0 0 0
365 0 0 0 0
366 0 0 0 0
367 0 0 0 0
368 0 0 0 0
369 0 0 0 0
370 0 0 0 0
371 0 0 0 0
372 0 0 0 0
373 0 0 0 0
374 0 0 0 0
375 0 0 0 0
376 0 0 0 0
377 0 0 0 0
378 0 0 0 0
379 0 0 0 0
380 0 0 0 0
381 0 0 0 0
382 0 0 0 0
383 0 0 0 0
384 0 0 0 0
385 0 0 0 0
386 0 0 0 0
387 0 0 0 0
388 0 0 0 0
389 0 0 0 0
390 0 0 0 0
391 0 0 0 0
392 0 0 0 0
393 0 0 0 0
394 0 0 0 0
395 0 0 0 0
396 0 0 0 0
397 0 0 0 0
398 0 0 0 0
399 0 0 0 0
400 0 0 0 0
401 0 0 0 0
402 0 0 0 0
403 0 0 0 0
404 0 0 0 0
405 0 0 0 0
406 0 0 0 0
407 0 0 0 0
408 0 0 0 0
409 0 0 0 0
410 0 0 0 0
411 0 0 0 0
412 0 0 0 0
413 0 0 0 0
414 0 0 0 0
415 0 0 0 0
416 0 0 0 0
417 0 0 0 0
418 0 0 0 0
419 0 0 0 0
420 0 0 0 0
421 0 0 0 0
422 0 0 0 0
423 0 0 0 0
424 0 0 0 0
425 0 0 0 0
426 0 0 0 0
427 0 0 0 0
428 0 0 0 0
429 0 0 0 0
430 0 0 0 0
431 0 0 0 0
432 0 0 0 0
433 0 0 0 0
434 0 0 0 0
435 0 0 0 0
436 0 0 0 0
437 0 0 0 0
438 0 0 0 0
439 0 0 0 0
440 0 0 0 0
441 0 0 0 0
442 0 0 0 0
443 0 0 0 0
444 0 0 0 0
445 0 0 0 0
446 0 0 0 0
447 0 0 0 0
448 0 0 0 0
449 0 0 0 0
450 0 0 0 0
451 0 0 0 0
452 0 0 0 0
453 0 0 0 0
454 0 0 0 0
455 0 0 0 0
456 0 0 0 0
457 0 0 0 0
458 0 0 0 0
459 0 0 0 0
460 0 0 0 0
461 0 0 0 0
462 0 0 0 0
463 0 0 0 0
464 0 0 0 0
465 0 0 0 0
466 0 0 0 0
467 0 0 0 0
468 0 0 0 0
469 0 0 0 0
470 0 0 0 0
471 0 0 0 0
472 0 0 0 0
473 0 0 0 0
474 0 0 0 0
475 0 0 0 0
476 0 0 0 0
477 0 0 0 0
478 0 0 0 0
479 0 0 0 0
480 0 0 0 0
481 0 0 0 0
482 0 0 0 0
483 0 0 0 0
484 0 0 0 0
485 0 0 0 0
486 0 0 0 0
487 0 0 0 0
488 0 0 0 0
489 0 0 0 0
490 0 0 0 0
491 0 0 0 0
492 0 0 0 0
493 0 0 0 0
494 0 0 0 0
495 0 0 0 0
496 0 0 0 0
497 0 0 0 0
498 0 0 0 0
499 0 0 0 0
500 0 0 0 0
501 0 0 0 0
502 0 0 0 0
503 0 0 0 0
504 0 0 0 0
505 0 0 0 0
506 0 0 0 0
507 0 0 0 0
508 0 0 0 0
509 0 0 0 0
510 0 0 0 0
511 0 0 0 0
512 0 0 0 0
513 0 0 0 0
514 0 0 0 0
515 0 0 0 0
516 0 0 0 0
517 0 0 0 0
518 0 0 0 0
519 0 0 0 0
520 0 0 0 0
521 0 0 0 0
522 0 0 0 0
523 0 0 0 0
524 0 0 0 0
525 0 0 0 0
526 0 0 0 0
527 0 0 0 0
528 0 0 0 0
529 0 0 0 0
530 0 0 0 0
531 0 0 0 0
532 0 0 0 0
533 0 0 0 0
534 0 0 0 0
535 0 0 0 0
536 0 0 0 0
537 0 0 0 0
538 0 0 0 0
539 0 0 0 0
540 0 0 0 0
541 0 0 0 0
542 0 0 0 0
543 0 0 0 0
544 0 0 0 0
545 0 0 0 0
546 0 0 0 0
547 0 0 0 0
548 0 0 0 0
549 0 0 0 0
550 0 0 0 0
551 0 0 0 0
552 0 0 0 0
553 0 0 0 0
554 0 0 0 0
555 0 0 0 0
556 0 0 0 0
557 0 0 0 0
558 0 0 0 0
559 0 0 0 0
560 0 0 0 0
561 0 0 0 0
562 0 0 0 0
563 0 0 0 0
564 0 0 0 0
565 0 0 0 0
566 0 0 0 0
567 0 0 0 0
568 0 0 0 0
569 0 0 0 0
570 0 0 0 0
571 0 0 0 0
572 0 0 0 0
573 0 0 0 0
574 0 0 0 0
575 0 0 0 0
576 0 0 0 0
577 0 0 0 0
578 0 0 0 0
579 0 0 0 0
580 0 0 0 0
581 0 0 0 0
582 0 0 0 0
583 0 0 0 0
584 0 0 0 0
585 0 0 0 0
586 0 0 0 0
587 0 0 0 0
588 0 0 0 0
589 0 0 0 0
590 0 0 0 0
591 0 0 0 0
592 0 0 0 0
593 0 0 0 0
594 0 0 0 0
595 0 0 0 0
596 0 0 0 0
597 0 0 0 0
598 0 0 0 0
599 0 0 0 0
600 0 0 0 0
601 0 0 0 0
602 0 0 0 0
603 0 0 0 0
604 0 0 0 0
605 0 0 0 0
606 0 0 0 0
607 0 0 0 0
608 0 0 0 0
609 0 0 0 0
610 0 0 0 0
611 0 0 0 0
612 0 0 0 0
613 0 0 0 0
614 0 0 0 0
615 0 0 0 0
616 0 0 0 0
617 0 0 0 0
618 0 0 0 0
619 0 0 0 0
620 0 0 0 0
621 0 0 0 0
622 0 0 0 0
623 0 0 0 0
624 0 0 0 0
625 0 0 0 0
626 0 0 0 0
627 0 0 0 0
628 0 0 0 0
629 0 0 0 0
630 0 0 0 0
631 0 0 0 0
632 0 0 0 0
633 0 0 0 0
634 0 0 0 0
635 0 0 0 0
636 0 0 0 0
637 0 0 0 0
638 0 0 0 0
639 0 0 0 0
640 0 0 0 0
641 0 0 0 0
642 0 0 0 0
643 0 0 0 0
644 0 0 0 0
645 0 0 0 0
646 0 0 0 0
647 0 0 0 0
648 0 0 0 0
649 0 0 0 0
650 0 0 0 0
651 0 0 0 0
652 0 0 0 0
653 0 0 0 0
654 0 0 0 0
655 0 0 0 0
656 0 0 0 0
657 0 0 0 0
658 0 0 0 0
659 0 0 0 0
660 0 0 0 0
661 0 0 0 0
662 0 0 0 0
663 0 0 0 0
664 0 0 0 0
665 0 0 0 0
666 0 0 0 0
667 0 0 0 0
668 0 0 0 0
669 0 0 0 0
670 0 0 0 0
671 0 0 0 0
672 0 0 0 0
673 0 0 0 0
674 0 0 0 0
675 0 0 0 0
676 0 0 0 0
677 0 0 0 0
678 0 0 0 0
679 0 0 0 0
680 0 0 0 0
681 0 0 0 0
682 0 0 0 0
683 0 0 0 0
684 0 0 0 0
685 0 0 0 0
686 0 0 0 0
687 0 0 0 0
688 0 0 0 0
689 0 0 0 0
690 0 0 0 0
691 0 0 0 0
692 0 0 0 0
693 0 0 0 0
694 0 0 0 0
695 0 0 0 0
696 0 0 0 0
697 0 0 0 0
698 0 0 0 0
699 0 0 0 0
700 0 0 0 0
701 0 0 0 0
702 0 0 0 0
703 0 0 0 0
704 0 0 0 0
705 0 0 0 0
706 0 0 0 0
707 0 0 0 0
708 0 0 0 0
709 0 0 0 0
710 0 0 0 0
711 0 0 0 0
712 0 0 0 0
713 0 0 0 0
714 0 0 0 0
715 0 0 0 0
716 0 0 0 0
717 0 0 0 0
718 0 0 0 0
719 0 0 0 0
720 0 0 0 0
721 0 0 0 0
722 0 0 0 0
723 0 0 0 0
724 0 0 0 0
725 0 0 0 0
726 0 0 0 0
727 0 0 0 0
