0 0 0 0 0
1 0 0 0 0
2 0 0 0 0
3 0 0 0 0
4 0 0 0 0
5 0 4 0 0
6 0 0 0 0
7 0 0 0 0
8 0 0 0 0
9 0 0 1 1
10 0 0 0 0
11 0 0 0 0
12 0 0 0 3
13 0 0 0 1
14 0 0 0 0
15 0 0 0 0
16 0 0 0 0
17 0 0 0 0
18 0 0 0 0
19 0 0 0 0
20 0 0 0 0
21 0 0 0 0
22 0 0 0 0
23 1 0 0 0
24 0 0 0 0
25 0 0 0 0
26 1 0 0 0
27 1 0 0 0
28 1 1 0 0
29 0 0 0 0
30 2 0 0 0
31 2 0 0 0
32 0 0 0 1
33 1 0 0 0
34 1 0 0 0
35 1 1 1 0
36 0 0 1 0
37 1 1 0 0
38 0 0 1 0
39 1 1 1 1
40 0 3 0 1
41 0 0 0 0
42 1 0 0 2
43 1 0 0 1
44 0 0 1 4
45 0 0 0 0
46 0 1 0 1
47 0 0 0 0
48 0 1 0 0
49 0 0 0 0
50 1 0 0 1
51 0 0 1 1
52 2 0 0 0
53 0 0 0 0
54 1 0 0 0
55 1 1 0 1
56 1 0 0 0
57 2 1 0 0
58 1 0 0 1
59 2 1 0 1
60 2 0 1 0
61 1 1 0 1
62 1 0 0 0
63 1 0 0 0
64 0 0 0 0
65 3 1 1 1
66 2 0 2 1
67 2 0 2 1
68 4 3 0 0
69 2 0 1 1
70 1 1 2 0
71 2 2 0 1
72 1 0 1 1
73 3 2 1 2
74 3 1 1 1
75 1 0 1 4
76 2 2 0 2
77 2 0 1 5
78 1 1 2 2
79 2 1 1 1
80 4 2 0 2
81 1 2 1 2
82 0 1 1 1
83 5 1 0 3
84 3 1 1 0
85 7 0 2 4
86 5 1 1 2
87 5 0 1 2
88 2 2 3 1
89 5 1 3 3
90 3 0 4 3
91 5 1 2 1
92 4 2 1 3
93 4 2 1 2
94 6 4 2 1
95 5 2 2 5
96 10 4 0 4
97 9 2 0 5
98 6 4 0 5
99 10 0 0 4
100 5 3 2 3
101 4 9 0 3
102 6 4 5 5
103 6 4 2 2
104 8 4 1 2
105 5 3 5 6
106 8 4 1 5
107 6 5 6 5
108 9 6 1 7
109 6 2 1 10
110 4 1 5 6
111 8 3 3 10
112 4 6 4 3
113 4 3 5 5
114 2 5 3 8
115 6 5 2 9
116 7 5 1 5
117 5 3 3 5
118 3 3 0 7
119 6 1 1 11
120 5 4 1 8
121 6 4 1 7
122 8 3 4 5
123 6 0 1 4
124 10 6 1 5
125 9 2 3 5
126 10 3 2 4
127 7 2 4 3
128 7 4 4 2
129 8 4 4 5
130 8 5 1 3
131 12 5 3 8
132 4 4 3 8
133 14 8 2 5
134 6 7 2 8
135 2 8 5 10
136 11 3 5 7
137 9 2 1 5
138 9 4 3 5
139 10 1 1 9
140 6 6 4 12
141 11 7 3 8
142 9 6 8 13
143 7 5 3 3
144 11 4 2 8
145 5 6 1 9
146 11 8 3 10
147 10 6 2 10
148 10 4 6 7
149 7 4 4 8
150 12 5 3 8
151 7 9 3 9
152 10 3 9 6
153 10 4 6 9
154 9 2 2 7
155 15 5 3 16
156 15 3 1 9
157 6 6 4 9
158 12 3 8 5
159 7 9 6 10
160 13 10 1 6
161 5 8 3 8
162 9 4 1 7
163 17 5 5 11
164 13 6 7 12
165 21 12 4 11
166 14 5 1 8
167 13 6 6 10
168 10 11 6 15
169 16 8 3 13
170 6 10 4 9
171 17 7 4 15
172 9 6 4 17
173 16 11 0 8
174 16 13 3 12
175 18 3 6 13
176 13 7 7 10
177 11 8 2 12
178 17 12 8 15
179 17 10 5 10
180 12 9 9 13
181 13 8 5 12
182 20 7 4 12
183 16 11 6 11
184 14 10 12 12
185 19 9 0 16
186 17 8 3 15
187 12 13 5 20
188 19 7 4 16
189 14 13 7 15
190 15 9 9 11
191 21 10 4 22
192 12 10 6 6
193 17 7 4 15
194 16 8 4 17
195 14 15 1 15
196 17 9 2 16
197 12 8 10 16
198 13 13 7 13
199 18 8 6 18
200 10 8 13 11
201 14 12 5 17
202 18 5 6 17
203 14 10 7 17
204 13 5 11 21
205 13 7 6 18
206 16 11 5 12
207 13 10 5 16
208 10 8 9 15
209 10 7 7 13
210 12 5 4 17
211 9 12 4 11
212 11 7 7 14
213 7 10 5 12
214 7 12 2 14
215 6 11 4 20
216 16 5 2 13
217 13 9 1 10
218 12 4 2 14
219 7 5 5 16
220 6 7 4 15
221 9 4 6 10
222 6 8 4 9
223 6 5 4 9
224 4 1 2 9
225 7 10 3 8
226 4 5 5 14
227 7 5 3 10
228 6 8 1 8
229 7 2 2 10
230 5 5 5 11
231 2 3 2 3
232 4 3 1 11
233 3 2 3 6
234 3 5 0 9
235 5 5 0 6
236 4 2 4 3
237 3 5 0 8
238 2 4 2 4
239 3 3 2 8
240 2 2 1 4
241 3 2 1 6
242 7 2 1 3
243 2 1 1 6
244 7 3 3 6
245 4 3 1 5
246 4 0 0 4
247 1 4 2 3
248 0 1 0 4
249 0 3 1 5
250 1 5 1 0
251 3 2 0 6
252 1 1 2 1
253 3 1 2 3
254 3 2 0 5
255 3 2 0 1
256 1 1 0 5
257 3 0 1 6
258 2 1 0 2
259 1 2 2 2
260 1 2 2 2
261 1 0 0 1
262 0 2 1 1
263 1 2 0 1
264 1 1 1 3
265 1 1 0 1
266 1 1 0 4
267 1 1 0 3
268 1 0 0 1
269 3 2 0 2
270 0 1 0 1
271 2 1 0 2
272 0 2 0 0
273 1 0 0 3
274 1 1 1 0
275 0 0 0 0
276 1 1 0 1
277 0 0 1 1
278 1 2 1 2
279 0 0 0 1
280 0 0 1 0
281 0 0 0 2
282 0 0 0 0
283 0 0 1 1
284 0 0 0 1
285 0 1 0 3
286 0 0 0 0
287 1 1 0 0
288 2 0 0 0
289 1 0 0 1
290 0 0 0 1
291 0 0 0 1
292 1 0 1 0
293 0 1 0 0
294 3 0 1 0
295 1 0 0 0
296 0 0 0 1
297 0 1 0 1
298 0 0 0 1
299 0 1 1 0
300 1 0 0 0
301 0 0 1 0
302 0 0 0 1
303 1 0 1 0
304 0 0 1 1
305 0 0 1 0
306 0 0 0 1
307 0 0 0 1
308 0 0 0 2
309 1 0 0 0
310 0 0 0 0
311 0 0 0 0
312 0 1 0 1
313 0 0 0 0
314 0 1 0 0
315 0 0 0 0
316 0 0 0 0
317 0 0 0 0
318 0 0 0 1
319 0 0 0 1
320 0 0 0 0
321 0 0 0 0
322 0 0 0 0
323 1 0 0 0
324 0 0 0 0
325 0 0 0 0
326 0 0 0 0
327 0 0 0 0
328 0 0 0 0
329 1 1 0 0
330 1 0 0 0
331 0 0 0 0
332 1 0 0 0
333 1 0 0 0
334 0 0 1 0
335 0 0 0 0
336 0 0 0 1
337 0 1 0 0
338 0 0 0 0
339 0 1 0 0
340 0 0 0 0
341 0 0 0 1
342 0 0 1 0
343 0 0 0 1
344 0 0 0 1
345 0 0 0 0
346 0 0 0 0
347 0 0 0 0
348 0 0 0 0
349 0 0 0 1
350 0 0 0 0
351 0 0 0 0
352 0 0 0 0
353 0 0 0 0
354 0 0 0 0
355 0 0 0 0
356 0 0 0 0
357 0 0 0 0
358 0 0 0 0
359 0 0 0 0
360 0 0 0 0
361 0 0 0 0
362 0 0 0 0
363 0 0 0 0
364 0 0 0 0
365 0 0 0 0
366 0 0 0 0
367 0 0 0 0
368 0 0 0 0
369 0 0 0 0
370 0 0 0 0
371 0 0 0 0
372 0 0 0 0
373 0 0 0 0
374 0 0 0 0
375 0 0 0 0
376 0 0 0 0
377 0 0 0 0
378 0 0 0 0
379 0 0 0 0
380 0 0 0 0
381 0 0 0 0
382 0 0 0 0
383 0 0 0 0
384 0 0 0 0
385 0 0 0 0
386 0 0 0 0
387 0 0 0 0
388 0 0 0 0
389 0 0 0 0
390 0 0 0 0
391 0 0 0 0
392 0 0 0 0
393 0 0 0 0
394 0 0 0 0
395 0 0 0 0
396 0 0 0 0
397 0 0 0 0
398 0 0 0 0
399 0 0 0 0
400 0 0 0 0
401 0 0 0 0
402 0 0 0 0
403 0 0 0 0
404 0 0 0 0
405 0 0 0 0
406 0 0 0 0
407 0 0 0 0
408 0 0 0 0
409 0 0 0 0
410 0 0 0 0
411 0 0 0 0
412 0 0 0 0
413 0 0 0 0
414 0 0 0 0
415 0 0 0 0
416 0 0 0 0
417 0 0 0 0
418 0 0 0 0
419 0 0 0 0
420 0 0 0 0
421 0 0 0 0
422 0 0 0 0
423 0 0 0 0
424 0 0 0 0
425 0 0 0 0
426 0 0 0 0
427 0 0 0 0
428 0 0 0 0
429 0 0 0 0
430 0 0 0 0
431 0 0 0 0
432 0 0 0 0
433 0 0 0 0
434 0 0 0 0
435 0 0 0 0
436 0 0 0 0
437 0 0 0 0
438 0 0 0 0
439 0 0 0 0
440 0 0 0 0
441 0 0 0 0
442 0 0 0 0
443 0 0 0 0
444 0 0 0 0
445 0 0 0 0
446 0 0 0 0
447 0 0 0 0
448 0 0 0 0
449 0 0 0 0
450 0 0 0 0
451 0 0 0 0
452 0 0 0 0
453 0 0 0 0
454 0 0 0 0
455 0 0 0 0
456 0 0 0 0
457 0 0 0 0
458 0 0 0 0
459 0 0 0 0
460 0 0 0 0
461 0 0 0 0
462 0 0 0 0
463 0 0 0 0
464 0 0 0 0
465 0 0 0 0
466 0 0 0 0
467 0 0 0 0
468 0 0 0 0
469 0 0 0 0
470 0 0 0 0
471 0 0 0 0
472 0 0 0 0
473 0 0 0 0
474 0 0 0 0
475 0 0 0 0
476 0 0 0 0
477 0 0 0 0
478 0 0 0 0
479 0 0 0 0
480 0 0 0 0
481 0 0 0 0
482 0 0 0 0
483 0 0 0 0
484 0 0 0 0
485 0 0 0 0
486 0 0 0 0
487 0 0 0 0
488 0 0 0 0
489 0 0 0 0
490 0 0 0 0
491 0 0 0 0
492 0 0 0 0
493 0 0 0 0
494 0 0 0 0
495 0 0 0 0
496 0 0 0 0
497 0 0 0 0
498 0 0 0 0
499 0 0 0 0
500 0 0 0 0
501 0 0 0 0
502 0 0 0 0
503 0 0 0 0
504 0 0 0 0
505 0 0 0 0
506 0 0 0 0
507 0 0 0 0
508 0 0 0 0
509 0 0 0 0
510 0 0 0 0
511 0 0 0 0
512 0 0 0 0
513 0 0 0 0
514 0 0 0 0
515 0 0 0 0
516 0 0 0 0
517 0 0 0 0
518 0 0 0 0
519 0 0 0 0
520 0 0 0 0
521 0 0 0 0
522 0 0 0 0
523 0 0 0 0
524 0 0 0 0
525 0 0 0 0
526 0 0 0 0
527 0 0 0 0
528 0 0 0 0
529 0 0 0 0
530 0 0 0 0
531 0 0 0 0
532 0 0 0 0
533 0 0 0 0
534 0 0 0 0
535 0 0 0 0
536 0 0 0 0
537 0 0 0 0
538 0 0 0 0
539 0 0 0 0
540 0 0 0 0
541 0 0 0 0
542 0 0 0 0
543 0 0 0 0
544 0 0 0 0
545 0 0 0 0
546 0 0 0 0
547 0 0 0 0
548 0 0 0 0
549 0 0 0 0
550 0 0 0 0
551 0 0 0 0
552 0 0 0 0
553 0 0 0 0
554 0 0 0 0
555 0 0 0 0
556 0 0 0 0
557 0 0 0 0
558 0 0 0 0
559 0 0 0 0
560 0 0 0 0
561 0 0 0 0
562 0 0 0 0
563 0 0 0 0
564 0 0 0 0
565 0 0 0 0
566 0 0 0 0
567 0 0 0 0
568 0 0 0 0
569 0 0 0 0
570 0 0 0 0
571 0 0 0 0
572 0 0 0 0
573 0 0 0 0
574 0 0 0 0
575 0 0 0 0
576 0 0 0 0
577 0 0 0 0
578 0 0 0 0
579 0 0 0 0
580 0 0 0 0
581 0 0 0 0
582 0 0 0 0
583 0 0 0 0
584 0 0 0 0
585 0 0 0 0
586 0 0 0 0
587 0 0 0 0
588 0 0 0 0
589 0 0 0 0
590 0 0 0 0
591 0 0 0 0
592 0 0 0 0
593 0 0 0 0
594 0 0 0 0
595 0 0 0 0
596 0 0 0 0
597 0 0 0 0
598 0 0 0 0
599 0 0 0 0
600 0 0 0 0
601 0 0 0 0
602 0 0 0 0
603 0 0 0 0
604 0 0 0 0
605 0 0 0 0
606 0 0 0 0
607 0 0 0 0
608 0 0 0 0
609 0 0 0 0
610 0 0 0 0
611 0 0 0 0
612 0 0 0 0
613 0 0 0 0
614 0 0 0 0
615 0 0 0 0
616 0 0 0 0
617 0 0 0 0
618 0 0 0 0
619 0 0 0 0
620 0 0 0 0
621 0 0 0 0
622 0 0 0 0
623 0 0 0 0
624 0 0 0 0
625 0 0 0 0
626 0 0 0 0
627 0 0 0 0
628 0 0 0 0
629 0 0 0 0
630 0 0 0 0
631 0 0 0 0
632 0 0 0 0
633 0 0 0 0
634 0 0 0 0
635 0 0 0 0
636 0 0 0 0
637 0 0 0 0
638 0 0 0 0
639 0 0 0 0
640 0 0 0 0
641 0 0 0 0
642 0 0 0 0
643 0 0 0 0
644 0 0 0 0
645 0 0 0 0
646 0 0 0 0
647 0 0 0 0
648 0 0 0 0
649 0 0 0 0
650 0 0 0 0
651 0 0 0 0
652 0 0 0 0
653 0 0 0 0
654 0 0 0 0
655 0 0 0 0
656 0 0 0 0
657 0 0 0 0
658 0 0 0 0
659 0 0 0 0
660 0 0 0 0
661 0 0 0 0
662 0 0 0 0
663 0 0 0 0
664 0 0 0 0
665 0 0 0 0
666 0 0 0 0
667 0 0 0 0
668 0 0 0 0
669 0 0 0 0
670 0 0 0 0
671 0 0 0 0
672 0 0 0 0
673 0 0 0 0
674 0 0 0 0
675 0 0 0 0
676 0 0 0 0
677 0 0 0 0
678 0 0 0 0
679 0 0 0 0
680 0 0 0 0
681 0 0 0 0
682 0 0 0 0
683 0 0 0 0
684 0 0 0 0
685 0 0 0 0
686 0 0 0 0
687 0 0 0 0
688 0 0 0 0
689 0 0 0 0
690 0 0 0 0
691 0 0 0 0
692 0 0 0 0
693 0 0 0 0
694 0 0 0 0
695 0 0 0 0
696 0 0 0 0
697 0 0 0 0
698 0 0 0 0
699 0 0 0 0
700 0 0 0 0
701 0 0 0 0
702 0 0 0 0
703 0 0 0 0
704 0 0 0 0
705 0 0 0 0
706 0 0 0 0
707 0 0 0 0
708 0 0 0 0
709 0 0 0 0
710 0 0 0 0
711 0 0 0 0
712 0 0 0 0
713 0 0 0 0
714 0 0 0 0
715 0 0 0 0
716 0 0 0 0
717 0 0 0 0
718 0 0 0 0
719 0 0 0 0
720 0 0 0 0
721 0 0 0 0
722 0 0 0 0
723 0 0 0 0
724 0 0 0 0
725 0 0 0 0
726 0 0 0 0
727 0 0 0 0
