0 0 0 0 0
1 0 0 0 0
2 0 0 0 0
3 0 0 0 0
4 0 0 0 0
5 0 0 1 0
6 0 0 0 0
7 0 0 0 0
8 0 0 0 0
9 0 2 2 1
10 0 0 0 0
11 0 0 0 0
12 0 0 0 0
13 0 0 0 2
14 0 0 0 0
15 0 0 0 0
16 0 0 0 2
17 0 0 0 0
18 1 0 0 0
19 1 0 0 0
20 2 0 0 0
21 0 0 0 0
22 1 0 0 0
23 0 1 0 0
24 0 0 1 0
25 1 1 0 0
26 1 0 0 0
27 0 0 0 1
28 1 0 0 0
29 0 0 1 1
30 0 0 0 0
31 1 2 0 1
32 2 0 0 0
33 0 0 0 0
34 1 0 1 0
35 0 0 0 2
36 1 0 0 0
37 0 1 1 0
38 0 0 0 2
39 0 1 0 0
40 0 1 1 0
41 0 0 0 1
42 0 0 0 0
43 0 0 0 1
44 0 0 0 2
45 1 0 1 0
46 0 0 0 0
47 2 0 0 1
48 3 0 0 0
49 0 0 0 1
50 3 1 0 0
51 2 0 0 0
52 1 1 0 0
53 1 1 0 0
54 1 0 0 0
55 1 1 1 0
56 1 0 2 0
57 2 2 1 1
58 1 0 1 0
59 0 1 1 2
60 1 1 1 2
61 0 0 1 2
62 1 1 0 2
63 0 0 0 1
64 0 0 0 2
65 2 0 1 0
66 0 1 0 3
67 1 1 1 1
68 0 0 0 1
69 4 0 0 1
70 3 0 0 0
71 2 0 1 1
72 5 0 1 0
73 4 0 0 1
74 6 3 1 1
75 2 2 0 0
76 4 0 0 0
77 7 3 0 0
78 4 1 2 4
79 4 3 2 2
80 2 2 1 0
81 0 3 2 2
82 1 2 0 3
83 3 1 3 3
84 2 1 1 4
85 4 2 0 3
86 1 5 3 3
87 1 1 1 3
88 3 4 1 4
89 2 1 0 2
90 3 2 1 3
91 3 1 0 2
92 3 2 0 5
93 1 1 1 7
94 1 1 2 2
95 2 3 1 3
96 0 1 0 0
97 4 2 2 3
98 3 0 0 2
99 2 0 1 2
100 5 1 1 2
101 6 1 0 5
102 5 1 2 3
103 8 1 1 0
104 4 2 2 3
105 5 1 2 1
106 3 2 5 2
107 7 2 1 0
108 6 4 1 3
109 3 1 2 3
110 5 2 3 6
111 2 2 2 2
112 4 5 6 4
113 4 4 2 5
114 5 2 1 5
115 3 1 3 4
116 8 0 2 5
117 7 3 2 5
118 8 1 2 6
119 4 1 4 10
120 5 3 0 2
121 4 4 2 3
122 7 2 3 2
123 12 6 4 5
124 10 2 1 4
125 14 4 2 7
126 10 2 1 5
127 12 2 2 8
128 9 4 3 3
129 8 5 3 6
130 9 6 2 4
131 11 7 5 3
132 8 11 3 7
133 8 5 4 6
134 7 4 9 8
135 10 6 6 8
136 15 4 4 10
137 7 3 2 6
138 11 11 3 17
139 13 1 3 13
140 9 7 5 12
141 9 11 7 3
142 11 6 0 15
143 14 2 4 3
144 12 4 6 10
145 12 7 5 17
146 14 4 0 6
147 15 10 6 9
148 11 7 5 17
149 13 10 3 7
150 12 5 3 4
151 16 6 4 11
152 11 10 4 19
153 11 8 2 11
154 13 8 3 8
155 15 11 6 7
156 15 7 5 12
157 15 9 2 11
158 11 6 8 14
159 20 8 3 18
160 13 11 8 11
161 12 6 6 10
162 15 8 5 11
163 19 8 4 11
164 13 10 4 14
165 17 17 3 17
166 12 8 7 16
167 12 9 3 12
168 15 12 9 15
169 15 5 6 12
170 17 6 6 11
171 13 11 7 12
172 16 7 9 20
173 15 8 2 13
174 16 7 7 11
175 14 11 4 19
176 20 8 3 17
177 13 4 11 14
178 16 6 8 20
179 21 10 7 9
180 19 6 3 6
181 19 12 8 13
182 18 9 9 20
183 17 14 6 17
184 23 12 7 12
185 17 12 10 19
186 18 10 10 15
187 24 5 8 12
188 27 9 11 20
189 22 10 8 21
190 10 7 7 22
191 17 13 5 14
192 25 16 7 22
193 21 19 7 20
194 24 10 12 11
195 24 6 7 18
196 18 13 3 19
197 18 13 14 23
198 27 8 11 16
199 27 9 10 21
200 18 13 12 20
201 21 9 13 27
202 18 11 10 16
203 24 16 6 16
204 13 11 10 27
205 18 14 8 21
206 20 14 7 25
207 21 21 7 20
208 15 17 11 19
209 13 8 3 21
210 12 13 11 21
211 11 9 10 28
212 7 7 11 23
213 18 11 3 14
214 6 9 3 19
215 16 9 5 25
216 9 9 8 17
217 14 5 5 26
218 12 7 6 12
219 11 6 4 16
220 12 6 4 16
221 8 5 3 13
222 5 9 7 13
223 10 5 6 17
224 6 10 7 10
225 7 6 5 9
226 2 7 4 10
227 6 5 3 11
228 8 8 3 12
229 8 9 3 13
230 9 4 4 9
231 7 2 0 11
232 11 3 3 12
233 10 1 2 10
234 2 3 5 6
235 8 6 1 6
236 7 3 4 13
237 5 8 4 9
238 3 4 3 4
239 5 3 2 6
240 2 5 5 6
241 5 2 3 11
242 5 4 3 8
243 3 1 2 4
244 2 3 1 10
245 7 4 1 5
246 8 3 2 8
247 2 5 1 6
248 3 2 1 3
249 3 3 0 5
250 3 3 1 4
251 1 0 3 7
252 4 3 1 4
253 0 0 0 4
254 2 4 2 5
255 3 4 3 5
256 3 2 1 4
257 1 4 2 0
258 2 1 0 4
259 3 2 1 6
260 3 3 0 1
261 2 3 1 6
262 1 0 1 4
263 1 1 1 4
264 0 1 2 3
265 1 2 1 1
266 1 0 0 2
267 1 1 0 2
268 0 2 0 5
269 0 0 0 0
270 1 1 2 2
271 1 0 0 1
272 0 0 0 3
273 1 0 0 1
274 0 0 0 4
275 2 1 0 0
276 2 1 0 0
277 2 0 0 1
278 2 0 0 0
279 1 0 1 1
280 0 1 2 0
281 1 2 0 0
282 2 3 0 0
283 2 0 0 2
284 2 0 0 1
285 1 0 0 1
286 0 1 0 0
287 1 3 1 2
288 2 0 1 1
289 1 2 0 3
290 1 1 0 0
291 0 0 0 2
292 1 3 0 1
293 1 0 1 2
294 3 0 0 3
295 0 0 1 0
296 0 0 0 3
297 0 2 0 1
298 2 2 0 0
299 0 2 0 2
300 0 0 0 0
301 0 0 0 2
302 1 0 0 1
303 1 1 2 1
304 0 0 0 0
305 0 0 0 1
306 0 0 0 1
307 0 0 0 2
308 1 0 1 0
309 0 0 0 0
310 1 0 0 1
311 0 0 1 0
312 1 0 0 1
313 0 1 0 0
314 1 0 0 0
315 1 0 1 0
316 0 0 0 1
317 0 1 0 1
318 0 0 0 0
319 1 0 0 1
320 1 1 0 0
321 0 0 0 0
322 1 0 0 0
323 1 1 0 0
324 1 0 1 1
325 0 0 0 0
326 0 0 0 0
327 0 0 0 1
328 0 1 0 1
329 0 1 0 0
330 0 0 0 1
331 0 1 0 0
332 0 0 0 1
333 0 1 0 0
334 0 0 0 0
335 0 0 0 1
336 0 0 0 1
337 0 0 0 0
338 0 0 0 0
339 0 0 0 0
340 0 0 0 1
341 0 0 0 0
342 0 0 0 0
343 0 0 0 0
344 0 0 0 0
345 0 0 0 0
346 0 0 0 0
347 0 0 0 0
348 0 0 0 0
349 0 0 0 0
350 0 0 0 0
351 0 0 0 0
352 0 0 0 0
353 0 0 0 0
354 0 0 0 0
355 0 0 0 0
356 0 0 0 0
357 0 0 0 0
358 0 0 0 0
359 0 0 0 0
360 0 0 0 0
361 0 0 0 0
362 0 0 0 0
363 0 0 0 0
364 0 0 0 0
365 0 0 0 0
366 0 0 0 0
367 0 0 0 0
368 0 0 0 0
369 0 0 0 0
370 0 0 0 0
371 0 0 0 0
372 0 0 0 0
373 0 0 0 0
374 0 0 0 0
375 0 0 0 0
376 0 0 0 0
377 0 0 0 0
378 0 0 0 0
379 0 0 0 0
380 0 0 0 0
381 0 0 0 0
382 0 0 0 0
383 0 0 0 0
384 0 0 0 0
385 0 0 0 0
386 0 0 0 0
387 0 0 0 0
388 0 0 0 0
389 0 0 0 0
390 0 0 0 0
391 0 0 0 0
392 0 0 0 0
393 0 0 0 0
394 0 0 0 0
395 0 0 0 0
396 0 0 0 0
397 0 0 0 0
398 0 0 0 0
399 0 0 0 0
400 0 0 0 0
401 0 0 0 0
402 0 0 0 0
403 0 0 0 0
404 0 0 0 0
405 0 0 0 0
406 0 0 0 0
407 0 0 0 0
408 0 0 0 0
409 0 0 0 0
410 0 0 0 0
411 0 0 0 0
412 0 0 0 0
413 0 0 0 0
414 0 0 0 0
415 0 0 0 0
416 0 0 0 0
417 0 0 0 0
418 0 0 0 0
419 0 0 0 0
420 0 0 0 0
421 0 0 0 0
422 0 0 0 0
423 0 0 0 0
424 0 0 0 0
425 0 0 0 0
426 0 0 0 0
427 0 0 0 0
428 0 0 0 0
429 0 0 0 0
430 0 0 0 0
431 0 0 0 0
432 0 0 0 0
433 0 0 0 0
434 0 0 0 0
435 0 0 0 0
436 0 0 0 0
437 0 0 0 0
438 0 0 0 0
439 0 0 0 0
440 0 0 0 0
441 0 0 0 0
442 0 0 0 0
443 0 0 0 0
444 0 0 0 0
445 0 0 0 0
446 0 0 0 0
447 0 0 0 0
448 0 0 0 0
449 0 0 0 0
450 0 0 0 0
451 0 0 0 0
452 0 0 0 0
453 0 0 0 0
454 0 0 0 0
455 0 0 0 0
456 0 0 0 0
457 0 0 0 0
458 0 0 0 0
459 0 0 0 0
460 0 0 0 0
461 0 0 0 0
462 0 0 0 0
463 0 0 0 0
464 0 0 0 0
465 0 0 0 0
466 0 0 0 0
467 0 0 0 0
468 0 0 0 0
469 0 0 0 0
470 0 0 0 0
471 0 0 0 0
472 0 0 0 0
473 0 0 0 0
474 0 0 0 0
475 0 0 0 0
476 0 0 0 0
477 0 0 0 0
478 0 0 0 0
479 0 0 0 0
480 0 0 0 0
481 0 0 0 0
482 0 0 0 0
483 0 0 0 0
484 0 0 0 0
485 0 0 0 0
486 0 0 0 0
487 0 0 0 0
488 0 0 0 0
489 0 0 0 0
490 0 0 0 0
491 0 0 0 0
492 0 0 0 0
493 0 0 0 0
494 0 0 0 0
495 0 0 0 0
496 0 0 0 0
497 0 0 0 0
498 0 0 0 0
499 0 0 0 0
500 0 0 0 0
501 0 0 0 0
502 0 0 0 0
503 0 0 0 0
504 0 0 0 0
505 0 0 0 0
506 0 0 0 0
507 0 0 0 0
508 0 0 0 0
509 0 0 0 0
510 0 0 0 0
511 0 0 0 0
512 0 0 0 0
513 0 0 0 0
514 0 0 0 0
515 0 0 0 0
516 0 0 0 0
517 0 0 0 0
518 0 0 0 0
519 0 0 0 0
520 0 0 0 0
521 0 0 0 0
522 0 0 0 0
523 0 0 0 0
524 0 0 0 0
525 0 0 0 0
526 0 0 0 0
527 0 0 0 0
528 0 0 0 0
529 0 0 0 0
530 0 0 0 0
531 0 0 0 0
532 0 0 0 0
533 0 0 0 0
534 0 0 0 0
535 0 0 0 0
536 0 0 0 0
537 0 0 0 0
538 0 0 0 0
539 0 0 0 0
540 0 0 0 0
541 0 0 0 0
542 0 0 0 0
543 0 0 0 0
544 0 0 0 0
545 0 0 0 0
546 0 0 0 0
547 0 0 0 0
548 0 0 0 0
549 0 0 0 0
550 0 0 0 0
551 0 0 0 0
552 0 0 0 0
553 0 0 0 0
554 0 0 0 0
555 0 0 0 0
556 0 0 0 0
557 0 0 0 0
558 0 0 0 0
559 0 0 0 0
560 0 0 0 0
561 0 0 0 0
562 0 0 0 0
563 0 0 0 0
564 0 0 0 0
565 0 0 0 0
566 0 0 0 0
567 0 0 0 0
568 0 0 0 0
569 0 0 0 0
570 0 0 0 0
571 0 0 0 0
572 0 0 0 0
573 0 0 0 0
574 0 0 0 0
575 0 0 0 0
576 0 0 0 0
577 0 0 0 0
578 0 0 0 0
579 0 0 0 0
580 0 0 0 0
581 0 0 0 0
582 0 0 0 0
583 0 0 0 0
584 0 0 0 0
585 0 0 0 0
586 0 0 0 0
587 0 0 0 0
588 0 0 0 0
589 0 0 0 0
590 0 0 0 0
591 0 0 0 0
592 0 0 0 0
593 0 0 0 0
594 0 0 0 0
595 0 0 0 0
596 0 0 0 0
597 0 0 0 0
598 0 0 0 0
599 0 0 0 0
600 0 0 0 0
601 0 0 0 0
602 0 0 0 0
603 0 0 0 0
604 0 0 0 0
605 0 0 0 0
606 0 0 0 0
607 0 0 0 0
608 0 0 0 0
609 0 0 0 0
610 0 0 0 0
611 0 0 0 0
612 0 0 0 0
613 0 0 0 0
614 0 0 0 0
615 0 0 0 0
616 0 0 0 0
617 0 0 0 0
618 0 0 0 0
619 0 0 0 0
620 0 0 0 0
621 0 0 0 0
622 0 0 0 0
623 0 0 0 0
624 0 0 0 0
625 0 0 0 0
626 0 0 0 0
627 0 0 0 0
628 0 0 0 0
629 0 0 0 0
630 0 0 0 0
631 0 0 0 0
632 0 0 0 0
633 0 0 0 0
634 0 0 0 0
635 0 0 0 0
636 0 0 0 0
637 0 0 0 0
638 0 0 0 0
639 0 0 0 0
640 0 0 0 0
641 0 0 0 0
642 0 0 0 0
643 0 0 0 0
644 0 0 0 0
645 0 0 0 0
646 0 0 0 0
647 0 0 0 0
648 0 0 0 0
649 0 0 0 0
650 0 0 0 0
651 0 0 0 0
652 0 0 0 0
653 0 0 0 0
654 0 0 0 0
655 0 0 0 0
656 0 0 0 0
657 0 0 0 0
658 0 0 0 0
659 0 0 0 0
660 0 0 0 0
661 0 0 0 0
662 0 0 0 0
663 0 0 0 0
664 0 0 0 0
665 0 0 0 0
666 0 0 0 0
667 0 0 0 0
668 0 0 0 0
669 0 0 0 0
670 0 0 0 0
671 0 0 0 0
672 0 0 0 0
673 0 0 0 0
674 0 0 0 0
675 0 0 0 0
676 0 0 0 0
677 0 0 0 0
678 0 0 0 0
679 0 0 0 0
680 0 0 0 0
681 0 0 0 0
682 0 0 0 0
683 0 0 0 0
684 0 0 0 0
685 0 0 0 0
686 0 0 0 0
687 0 0 0 0
688 0 0 0 0
689 0 0 0 0
690 0 0 0 0
691 0 0 0 0
692 0 0 0 0
693 0 0 0 0
694 0 0 0 0
695 0 0 0 0
696 0 0 0 0
697 0 0 0 0
698 0 0 0 0
699 0 0 0 0
700 0 0 0 0
701 0 0 0 0
702 0 0 0 0
703 0 0 0 0
704 0 0 0 0
705 0 0 0 0
706 0 0 0 0
707 0 0 0 0
708 0 0 0 0
709 0 0 0 0
710 0 0 0 0
711 0 0 0 0
712 0 0 0 0
713 0 0 0 0
714 0 0 0 0
715 0 0 0 0
716 0 0 0 0
717 0 0 0 0
718 0 0 0 0
719 0 0 0 0
720 0 0 0 0
721 0 0 0 0
722 0 0 0 0
723 0 0 0 0
724 0 0 0 0
725 0 0 0 0
726 0 0 0 0
727 0 0 0 0
