0 0 0 0 0
1 0 0 0 0
2 0 0 0 0
3 0 0 0 0
4 0 0 0 0
5 0 1 1 0
6 0 0 0 0
7 0 0 0 0
8 0 0 0 0
9 0 1 2 0
10 0 0 0 0
11 0 0 0 0
12 0 0 0 2
13 0 0 0 2
14 1 0 0 0
15 0 0 0 0
16 0 0 0 1
17 1 0 0 0
18 0 0 0 0
19 0 1 0 0
20 1 0 0 0
21 2 0 0 0
22 1 1 0 0
23 2 0 0 0
24 3 0 0 0
25 1 0 0 0
26 1 1 0 1
27 0 1 0 0
28 0 1 0 0
29 2 2 1 1
30 1 1 0 0
31 0 0 1 0
32 0 1 0 0
33 0 0 1 3
34 0 2 0 2
35 0 0 0 2
36 0 0 0 2
37 0 0 0 0
38 0 0 1 1
39 2 0 1 0
40 0 0 0 1
41 0 0 0 1
42 1 0 0 1
43 1 0 0 1
44 2 0 0 0
45 2 0 0 0
46 1 0 0 0
47 0 1 0 0
48 0 1 2 0
49 2 0 1 0
50 1 0 0 0
51 1 0 0 0
52 0 0 0 2
53 1 0 1 0
54 2 0 3 1
55 0 2 0 1
56 1 1 0 1
57 1 0 0 0
58 1 0 1 2
59 1 1 0 2
60 2 1 0 2
61 1 0 1 1
62 3 0 1 1
63 0 0 1 0
64 0 1 0 1
65 0 1 1 1
66 2 0 1 0
67 2 1 1 1
68 3 0 0 1
69 3 0 0 1
70 2 1 0 1
71 3 1 1 3
72 3 0 1 2
73 3 1 1 0
74 1 2 0 0
75 4 1 1 0
76 2 0 1 2
77 4 1 2 1
78 3 1 1 1
79 1 1 1 1
80 4 2 2 3
81 1 2 1 4
82 3 2 3 2
83 3 1 1 2
84 2 1 3 1
85 1 0 3 2
86 2 1 1 1
87 2 2 2 4
88 3 2 1 6
89 2 2 1 3
90 4 1 0 2
91 3 1 1 6
92 3 2 0 4
93 3 1 0 3
94 4 1 0 1
95 5 2 0 2
96 6 2 1 2
97 5 3 1 0
98 6 1 1 2
99 5 2 3 1
100 6 2 2 3
101 4 4 2 4
102 3 3 0 2
103 8 2 2 5
104 7 3 2 4
105 6 2 0 6
106 4 1 3 2
107 2 2 3 3
108 3 1 7 2
109 2 4 3 2
110 4 3 3 4
111 6 3 1 7
112 3 2 1 7
113 1 2 4 5
114 7 4 0 6
115 7 5 0 5
116 6 3 4 7
117 5 1 0 7
118 6 2 0 3
119 7 2 1 3
120 7 2 1 5
121 6 3 2 4
122 7 0 2 4
123 4 5 2 4
124 10 6 4 0
125 6 6 3 2
126 8 5 0 3
127 11 4 1 7
128 8 3 1 9
129 11 4 2 6
130 8 4 4 4
131 8 5 4 9
132 9 3 6 8
133 9 5 4 7
134 10 7 4 7
135 7 2 3 4
136 10 10 3 8
137 9 6 7 9
138 8 3 6 7
139 7 4 6 10
140 11 4 4 9
141 8 3 4 12
142 6 5 2 7
143 3 7 4 13
144 12 0 2 13
145 13 8 4 7
146 9 7 5 8
147 10 3 2 7
148 12 1 3 6
149 18 8 4 6
150 14 5 4 11
151 18 5 2 3
152 19 2 5 12
153 13 8 5 16
154 16 13 4 9
155 16 7 4 7
156 16 7 5 7
157 16 9 7 9
158 13 9 5 9
159 12 12 5 8
160 12 13 6 11
161 14 5 9 17
162 11 13 7 14
163 15 5 9 17
164 11 6 6 21
165 12 7 3 14
166 10 3 5 22
167 12 9 4 13
168 11 5 7 12
169 18 8 9 12
170 9 10 6 10
171 15 5 4 15
172 15 10 4 10
173 16 11 1 19
174 18 8 6 10
175 20 7 6 8
176 18 6 3 11
177 12 6 2 15
178 20 10 8 11
179 19 6 8 12
180 14 14 8 11
181 12 17 6 14
182 17 13 3 15
183 17 10 7 16
184 17 13 6 18
185 18 7 2 25
186 18 8 4 11
187 13 14 6 16
188 15 7 11 19
189 21 11 7 13
190 22 12 4 13
191 15 5 9 20
192 18 9 6 15
193 19 10 9 14
194 22 16 5 17
195 24 16 6 16
196 20 5 6 20
197 15 7 7 14
198 20 9 10 14
199 27 15 7 19
200 24 11 7 17
201 19 16 8 17
202 20 17 6 21
203 14 12 6 16
204 15 15 7 13
205 16 12 7 24
206 14 9 4 18
207 15 11 9 21
208 10 10 12 20
209 10 9 11 27
210 9 15 6 18
211 10 16 5 23
212 11 11 4 21
213 9 6 5 12
214 6 7 2 15
215 7 7 6 21
216 11 9 1 19
217 10 8 6 21
218 11 7 7 15
219 3 2 2 15
220 7 5 2 9
221 10 6 4 10
222 11 8 1 13
223 11 3 3 7
224 10 4 1 10
225 6 4 2 12
226 10 4 5 7
227 9 8 3 9
228 8 4 4 8
229 7 5 5 11
230 12 6 2 4
231 9 5 6 6
232 8 6 5 3
233 3 3 4 10
234 4 2 2 12
235 6 6 10 8
236 6 5 5 14
237 6 6 5 4
238 2 5 2 11
239 2 3 4 11
240 1 3 3 10
241 1 1 5 7
242 1 1 2 10
243 2 2 0 8
244 4 3 0 9
245 3 2 2 5
246 2 3 2 6
247 3 0 2 4
248 2 0 1 7
249 2 1 0 4
250 3 0 2 4
251 3 0 1 1
252 1 1 2 1
253 2 5 0 3
254 1 1 2 2
255 3 0 1 1
256 2 2 0 3
257 4 0 1 5
258 2 0 1 4
259 5 2 2 2
260 1 3 1 3
261 2 1 1 1
262 2 3 0 1
263 2 1 0 3
264 4 0 4 3
265 2 1 0 1
266 1 3 0 2
267 2 1 1 2
268 0 2 2 4
269 2 2 1 3
270 0 1 1 1
271 1 2 0 2
272 1 0 1 3
273 0 0 1 4
274 0 1 2 2
275 1 0 0 2
276 0 0 1 1
277 0 0 0 2
278 0 0 0 3
279 0 0 0 1
280 0 0 1 1
281 0 1 0 1
282 0 0 0 0
283 0 0 0 0
284 0 0 1 1
285 1 0 0 1
286 1 0 0 0
287 0 0 0 0
288 0 0 0 0
289 0 0 0 0
290 1 0 1 0
291 0 0 1 1
292 1 0 0 0
293 1 0 0 0
294 0 0 0 0
295 0 1 0 0
296 1 0 0 0
297 0 0 0 1
298 0 0 1 1
299 0 0 0 1
300 0 0 0 0
301 0 2 0 0
302 0 0 0 1
303 0 0 0 0
304 0 0 0 0
305 0 0 0 1
306 0 0 0 0
307 0 0 0 0
308 0 0 0 1
309 0 0 0 0
310 0 0 0 0
311 1 0 0 0
312 0 0 0 0
313 1 0 0 0
314 0 0 0 0
315 0 0 0 0
316 0 0 0 0
317 0 0 0 0
318 0 0 0 0
319 0 0 0 0
320 0 1 0 0
321 0 0 0 0
322 0 0 1 0
323 0 0 0 0
324 0 0 0 1
325 0 0 0 0
326 0 0 0 1
327 0 0 0 0
328 0 0 0 0
329 0 0 0 0
330 0 0 0 0
331 0 0 0 0
332 0 0 0 0
333 0 0 0 0
334 0 0 0 0
335 0 0 0 0
336 0 0 0 0
337 0 0 0 0
338 0 0 0 0
339 0 0 0 0
340 0 0 0 0
341 0 0 0 0
342 0 0 0 0
343 0 0 0 0
344 0 0 0 0
345 0 0 0 0
346 0 0 0 0
347 0 0 0 0
348 0 0 0 0
349 0 0 0 0
350 0 0 0 0
351 0 0 0 0
352 0 0 0 0
353 0 0 0 0
354 0 0 0 0
355 0 0 0 0
356 0 0 0 0
357 0 0 0 0
358 0 0 0 0
359 0 0 0 0
360 0 0 0 0
361 0 0 0 0
362 0 0 0 0
363 0 0 0 0
364 0 0 0 0
365 0 0 0 0
366 0 0 0 0
367 0 0 0 0
368 0 0 0 0
369 0 0 0 0
370 0 0 0 0
371 0 0 0 0
372 0 0 0 0
373 0 0 0 0
374 0 0 0 0
375 0 0 0 0
376 0 0 0 0
377 0 0 0 0
378 0 0 0 0
379 0 0 0 0
380 0 0 0 0
381 0 0 0 0
382 0 0 0 0
383 0 0 0 0
384 0 0 0 0
385 0 0 0 0
386 0 0 0 0
387 0 0 0 0
388 0 0 0 0
389 0 0 0 0
390 0 0 0 0
391 0 0 0 0
392 0 0 0 0
393 0 0 0 0
394 0 0 0 0
395 0 0 0 0
396 0 0 0 0
397 0 0 0 0
398 0 0 0 0
399 0 0 0 0
400 0 0 0 0
401 0 0 0 0
402 0 0 0 0
403 0 0 0 0
404 0 0 0 0
405 0 0 0 0
406 0 0 0 0
407 0 0 0 0
408 0 0 0 0
409 0 0 0 0
410 0 0 0 0
411 0 0 0 0
412 0 0 0 0
413 0 0 0 0
414 0 0 0 0
415 0 0 0 0
416 0 0 0 0
417 0 0 0 0
418 0 0 0 0
419 0 0 0 0
420 0 0 0 0
421 0 0 0 0
422 0 0 0 0
423 0 0 0 0
424 0 0 0 0
425 0 0 0 0
426 0 0 0 0
427 0 0 0 0
428 0 0 0 0
429 0 0 0 0
430 0 0 0 0
431 0 0 0 0
432 0 0 0 0
433 0 0 0 0
434 0 0 0 0
435 0 0 0 0
436 0 0 0 0
437 0 0 0 0
438 0 0 0 0
439 0 0 0 0
440 0 0 0 0
441 0 0 0 0
442 0 0 0 0
443 0 0 0 0
444 0 0 0 0
445 0 0 0 0
446 0 0 0 0
447 0 0 0 0
448 0 0 0 0
449 0 0 0 0
450 0 0 0 0
451 0 0 0 0
452 0 0 0 0
453 0 0 0 0
454 0 0 0 0
455 0 0 0 0
456 0 0 0 0
457 0 0 0 0
458 0 0 0 0
459 0 0 0 0
460 0 0 0 0
461 0 0 0 0
462 0 0 0 0
463 0 0 0 0
464 0 0 0 0
465 0 0 0 0
466 0 0 0 0
467 0 0 0 0
468 0 0 0 0
469 0 0 0 0
470 0 0 0 0
471 0 0 0 0
472 0 0 0 0
473 0 0 0 0
474 0 0 0 0
475 0 0 0 0
476 0 0 0 0
477 0 0 0 0
478 0 0 0 0
479 0 0 0 0
480 0 0 0 0
481 0 0 0 0
482 0 0 0 0
483 0 0 0 0
484 0 0 0 0
485 0 0 0 0
486 0 0 0 0
487 0 0 0 0
488 0 0 0 0
489 0 0 0 0
490 0 0 0 0
491 0 0 0 0
492 0 0 0 0
493 0 0 0 0
494 0 0 0 0
495 0 0 0 0
496 0 0 0 0
497 0 0 0 0
498 0 0 0 0
499 0 0 0 0
500 0 0 0 0
501 0 0 0 0
502 0 0 0 0
503 0 0 0 0
504 0 0 0 0
505 0 0 0 0
506 0 0 0 0
507 0 0 0 0
508 0 0 0 0
509 0 0 0 0
510 0 0 0 0
511 0 0 0 0
512 0 0 0 0
513 0 0 0 0
514 0 0 0 0
515 0 0 0 0
516 0 0 0 0
517 0 0 0 0
518 0 0 0 0
519 0 0 0 0
520 0 0 0 0
521 0 0 0 0
522 0 0 0 0
523 0 0 0 0
524 0 0 0 0
525 0 0 0 0
526 0 0 0 0
527 0 0 0 0
528 0 0 0 0
529 0 0 0 0
530 0 0 0 0
531 0 0 0 0
532 0 0 0 0
533 0 0 0 0
534 0 0 0 0
535 0 0 0 0
536 0 0 0 0
537 0 0 0 0
538 0 0 0 0
539 0 0 0 0
540 0 0 0 0
541 0 0 0 0
542 0 0 0 0
543 0 0 0 0
544 0 0 0 0
545 0 0 0 0
546 0 0 0 0
547 0 0 0 0
548 0 0 0 0
549 0 0 0 0
550 0 0 0 0
551 0 0 0 0
552 0 0 0 0
553 0 0 0 0
554 0 0 0 0
555 0 0 0 0
556 0 0 0 0
557 0 0 0 0
558 0 0 0 0
559 0 0 0 0
560 0 0 0 0
561 0 0 0 0
562 0 0 0 0
563 0 0 0 0
564 0 0 0 0
565 0 0 0 0
566 0 0 0 0
567 0 0 0 0
568 0 0 0 0
569 0 0 0 0
570 0 0 0 0
571 0 0 0 0
572 0 0 0 0
573 0 0 0 0
574 0 0 0 0
575 0 0 0 0
576 0 0 0 0
577 0 0 0 0
578 0 0 0 0
579 0 0 0 0
580 0 0 0 0
581 0 0 0 0
582 0 0 0 0
583 0 0 0 0
584 0 0 0 0
585 0 0 0 0
586 0 0 0 0
587 0 0 0 0
588 0 0 0 0
589 0 0 0 0
590 0 0 0 0
591 0 0 0 0
592 0 0 0 0
593 0 0 0 0
594 0 0 0 0
595 0 0 0 0
596 0 0 0 0
597 0 0 0 0
598 0 0 0 0
599 0 0 0 0
600 0 0 0 0
601 0 0 0 0
602 0 0 0 0
603 0 0 0 0
604 0 0 0 0
605 0 0 0 0
606 0 0 0 0
607 0 0 0 0
608 0 0 0 0
609 0 0 0 0
610 0 0 0 0
611 0 0 0 0
612 0 0 0 0
613 0 0 0 0
614 0 0 0 0
615 0 0 0 0
616 0 0 0 0
617 0 0 0 0
618 0 0 0 0
619 0 0 0 0
620 0 0 0 0
621 0 0 0 0
622 0 0 0 0
623 0 0 0 0
624 0 0 0 0
625 0 0 0 0
626 0 0 0 0
627 0 0 0 0
628 0 0 0 0
629 0 0 0 0
630 0 0 0 0
631 0 0 0 0
632 0 0 0 0
633 0 0 0 0
634 0 0 0 0
635 0 0 0 0
636 0 0 0 0
637 0 0 0 0
638 0 0 0 0
639 0 0 0 0
640 0 0 0 0
641 0 0 0 0
642 0 0 0 0
643 0 0 0 0
644 0 0 0 0
645 0 0 0 0
646 0 0 0 0
647 0 0 0 0
648 0 0 0 0
649 0 0 0 0
650 0 0 0 0
651 0 0 0 0
652 0 0 0 0
653 0 0 0 0
654 0 0 0 0
655 0 0 0 0
656 0 0 0 0
657 0 0 0 0
658 0 0 0 0
659 0 0 0 0
660 0 0 0 0
661 0 0 0 0
662 0 0 0 0
663 0 0 0 0
664 0 0 0 0
665 0 0 0 0
666 0 0 0 0
667 0 0 0 0
668 0 0 0 0
669 0 0 0 0
670 0 0 0 0
671 0 0 0 0
672 0 0 0 0
673 0 0 0 0
674 0 0 0 0
675 0 0 0 0
676 0 0 0 0
677 0 0 0 0
678 0 0 0 0
679 0 0 0 0
680 0 0 0 0
681 0 0 0 0
682 0 0 0 0
683 0 0 0 0
684 0 0 0 0
685 0 0 0 0
686 0 0 0 0
687 0 0 0 0
688 0 0 0 0
689 0 0 0 0
690 0 0 0 0
691 0 0 0 0
692 0 0 0 0
693 0 0 0 0
694 0 0 0 0
695 0 0 0 0
696 0 0 0 0
697 0 0 0 0
698 0 0 0 0
699 0 0 0 0
700 0 0 0 0
701 0 0 0 0
702 0 0 0 0
703 0 0 0 0
704 0 0 0 0
705 0 0 0 0
706 0 0 0 0
707 0 0 0 0
708 0 0 0 0
709 0 0 0 0
710 0 0 0 0
711 0 0 0 0
712 0 0 0 0
713 0 0 0 0
714 0 0 0 0
715 0 0 0 0
716 0 0 0 0
717 0 0 0 0
718 0 0 0 0
719 0 0 0 0
720 0 0 0 0
721 0 0 0 0
722 0 0 0 0
723 0 0 0 0
724 0 0 0 0
725 0 0 0 0
726 0 0 0 0
727 0 0 0 0
