0 0 0 0 0
1 0 0 0 0
2 0 0 0 0
3 0 0 0 0
4 0 0 0 0
5 0 2 2 0
6 0 0 0 0
7 0 0 0 0
8 0 0 0 0
9 0 1 0 2
10 0 0 0 0
11 0 0 0 0
12 0 0 0 2
13 0 0 0 1
14 0 0 0 0
15 0 0 0 0
16 1 0 0 0
17 1 0 0 0
18 0 0 0 0
19 1 0 0 0
20 1 0 0 0
21 2 0 0 0
22 1 1 0 0
23 0 0 0 0
24 0 0 0 0
25 1 1 1 0
26 1 0 1 1
27 2 1 0 0
28 0 1 0 0
29 0 0 0 1
30 0 1 1 2
31 0 0 1 1
32 0 1 1 1
33 0 0 0 0
34 0 0 0 0
35 0 0 0 0
36 0 0 0 1
37 0 0 0 2
38 1 0 0 1
39 0 0 0 1
40 1 0 0 0
41 0 0 0 0
42 2 0 0 0
43 2 0 0 0
44 0 0 0 0
45 2 0 0 0
46 0 0 0 0
47 1 2 1 0
48 1 0 0 0
49 0 0 1 0
50 2 1 1 0
51 1 0 0 2
52 1 1 1 0
53 1 1 0 0
54 1 0 0 2
55 2 1 0 0
56 0 1 0 2
57 1 1 0 1
58 2 0 0 0
59 1 1 0 2
60 1 1 1 1
61 2 0 0 0
62 1 1 0 0
63 2 2 0 2
64 0 2 0 1
65 0 0 0 0
66 2 0 1 0
67 0 2 0 3
68 1 0 1 1
69 1 2 0 1
70 1 1 1 1
71 0 1 0 2
72 3 0 0 0
73 0 1 0 3
74 2 0 0 3
75 0 0 1 2
76 0 0 0 0
77 0 1 2 1
78 1 0 1 0
79 0 1 0 1
80 2 0 0 0
81 1 0 0 2
82 2 0 0 1
83 1 1 1 1
84 2 0 0 1
85 0 1 0 0
86 0 0 0 0
87 1 2 1 1
88 0 1 0 0
89 1 0 1 0
90 1 1 0 1
91 0 0 0 0
92 1 0 0 2
93 2 1 1 0
94 1 1 0 4
95 0 0 1 0
96 1 1 0 1
97 2 0 0 1
98 1 0 0 1
99 0 0 1 1
100 3 0 0 2
101 2 1 0 0
102 3 2 0 0
103 1 0 0 0
104 1 0 0 0
105 1 0 1 0
106 3 3 0 1
107 4 2 1 0
108 4 1 0 1
109 3 2 2 2
110 1 1 1 1
111 3 2 0 0
112 0 2 1 2
113 1 0 2 5
114 5 2 1 3
115 3 1 0 0
116 4 3 0 5
117 0 1 2 3
118 4 0 0 4
119 2 2 2 0
120 5 0 1 3
121 2 3 1 4
122 1 0 1 0
123 4 1 3 2
124 4 1 3 1
125 3 1 1 4
126 1 1 1 2
127 1 2 1 4
128 5 2 2 3
129 0 1 3 2
130 2 1 1 2
131 4 0 0 4
132 1 2 0 1
133 3 3 1 1
134 5 1 1 1
135 6 1 0 3
136 4 1 0 6
137 4 3 1 3
138 3 1 0 2
139 7 4 2 2
140 6 5 1 3
141 3 1 0 1
142 5 3 1 1
143 5 0 1 6
144 4 4 1 7
145 0 4 1 0
146 3 2 1 4
147 5 5 1 3
148 7 4 3 2
149 7 4 4 3
150 4 2 0 0
151 4 0 3 9
152 6 5 1 6
153 4 2 1 7
154 3 2 2 2
155 2 2 1 3
156 3 4 1 6
157 1 6 3 3
158 4 4 2 6
159 7 5 1 5
160 5 1 1 3
161 3 4 0 5
162 6 0 2 6
163 3 2 1 8
164 5 3 3 8
165 4 2 1 3
166 7 1 1 2
167 7 3 3 1
168 8 0 3 2
169 9 3 2 3
170 5 2 1 4
171 4 2 3 8
172 4 5 0 4
173 3 4 2 2
174 2 3 6 6
175 3 2 4 2
176 6 8 0 5
177 2 2 1 5
178 6 3 0 8
179 5 1 1 8
180 6 2 0 8
181 5 4 3 4
182 4 3 2 4
183 9 2 2 3
184 6 3 2 5
185 7 4 1 5
186 8 2 0 3
187 9 2 3 3
188 10 4 4 6
189 7 5 2 4
190 6 6 2 3
191 6 6 1 3
192 7 4 2 10
193 11 1 4 6
194 8 4 3 4
195 10 5 3 6
196 9 5 5 1
197 9 5 8 7
198 11 4 5 7
199 10 3 2 10
200 2 4 3 8
201 7 4 6 12
202 5 3 4 8
203 7 4 3 10
204 9 6 3 8
205 7 1 1 11
206 6 4 3 4
207 5 7 3 8
208 6 6 9 11
209 6 5 1 4
210 6 2 5 9
211 8 1 2 5
212 6 2 0 7
213 5 4 3 6
214 6 5 3 12
215 4 5 3 8
216 4 5 4 6
217 3 4 4 7
218 3 4 1 6
219 8 1 2 5
220 5 2 4 8
221 7 4 2 8
222 4 3 2 6
223 2 4 2 4
224 6 0 4 5
225 4 0 0 8
226 6 4 1 7
227 5 4 0 6
228 7 7 1 3
229 3 6 1 0
230 2 2 0 9
231 4 5 1 2
232 4 1 1 3
233 3 4 4 6
234 2 4 2 4
235 3 3 1 12
236 2 3 3 3
237 2 0 3 3
238 4 0 3 4
239 3 0 1 6
240 3 3 0 5
241 0 3 1 2
242 0 1 0 0
243 0 3 1 7
244 2 1 4 6
245 1 1 1 5
246 1 1 0 1
247 3 1 0 3
248 1 0 0 1
249 1 2 1 0
250 3 1 0 2
251 3 0 1 5
252 5 1 1 3
253 1 2 0 1
254 4 1 0 0
255 2 0 1 1
256 2 0 1 3
257 2 1 0 3
258 2 1 0 1
259 2 4 1 1
260 2 2 2 0
261 1 4 1 0
262 0 0 1 2
263 1 2 0 3
264 1 1 0 4
265 2 1 2 3
266 2 0 0 3
267 0 2 0 1
268 0 2 0 3
269 1 1 1 3
270 0 2 1 2
271 2 2 0 1
272 0 0 0 1
273 1 0 0 1
274 2 1 0 3
275 0 0 0 2
276 2 1 1 1
277 0 0 0 2
278 1 0 0 1
279 0 0 0 0
280 2 0 0 1
281 0 1 1 1
282 1 1 0 0
283 1 2 0 1
284 1 0 0 0
285 1 1 0 2
286 0 0 0 0
287 1 2 0 1
288 1 0 0 0
289 1 0 1 1
290 0 0 1 1
291 0 1 0 0
292 2 1 0 1
293 0 0 0 2
294 3 0 1 2
295 0 0 0 0
296 1 0 1 1
297 1 2 1 0
298 0 0 0 2
299 1 2 1 0
300 1 0 0 1
301 1 0 0 1
302 0 0 0 0
303 0 0 0 1
304 0 0 0 2
305 2 1 0 0
306 2 1 0 2
307 0 0 0 0
308 1 0 1 0
309 1 0 1 1
310 0 2 1 1
311 1 0 0 0
312 1 0 1 1
313 0 0 1 1
314 0 1 0 2
315 1 1 0 0
316 0 0 1 1
317 2 0 1 1
318 2 0 0 0
319 1 0 0 0
320 0 0 1 3
321 3 0 0 2
322 2 1 1 0
323 1 1 1 0
324 0 0 1 1
325 0 0 0 0
326 1 2 0 1
327 0 2 0 2
328 0 1 0 1
329 0 0 0 1
330 0 1 0 1
331 0 0 0 1
332 0 0 0 1
333 0 0 0 1
334 2 0 0 2
335 2 0 1 0
336 0 0 0 0
337 1 0 0 0
338 0 0 0 0
339 0 0 1 1
340 0 0 1 0
341 0 0 0 0
342 1 0 0 0
343 2 0 1 1
344 1 1 0 1
345 1 0 0 0
346 1 0 1 0
347 0 1 0 0
348 1 1 1 1
349 0 0 1 1
350 0 1 0 0
351 0 0 0 1
352 0 0 0 1
353 0 0 0 2
354 0 0 0 1
355 0 1 0 1
356 0 0 0 0
357 1 0 1 0
358 1 0 0 0
359 0 0 0 0
360 0 0 0 0
361 1 0 0 1
362 1 1 0 1
363 0 0 1 0
364 1 0 0 0
365 1 0 0 0
366 0 1 0 0
367 0 0 0 1
368 1 0 0 0
369 0 0 0 1
370 1 2 0 0
371 1 0 0 0
372 0 0 0 0
373 0 1 1 1
374 0 0 0 2
375 0 0 0 0
376 0 1 0 0
377 0 0 0 2
378 0 0 0 0
379 0 1 0 0
380 0 0 0 1
381 1 0 0 0
382 0 0 0 0
383 0 0 0 0
384 0 0 0 0
385 0 0 0 0
386 0 0 1 1
387 1 0 0 0
388 0 0 0 0
389 1 0 0 0
390 0 0 0 1
391 0 0 0 0
392 0 0 0 0
393 1 0 0 0
394 1 1 0 0
395 0 0 0 0
396 1 1 0 0
397 0 0 0 0
398 0 1 0 0
399 0 1 0 0
400 0 0 0 0
401 2 0 0 1
402 0 0 0 0
403 0 0 0 1
404 0 0 0 0
405 1 1 0 1
406 0 1 0 1
407 1 0 0 0
408 0 0 0 0
409 2 0 0 0
410 1 1 1 1
411 0 0 0 0
412 0 1 0 1
413 1 0 0 0
414 1 0 1 0
415 1 1 0 0
416 0 0 0 0
417 0 0 0 2
418 0 1 0 1
419 0 0 1 2
420 0 0 0 0
421 1 0 0 0
422 0 1 0 1
423 1 0 0 0
424 1 0 1 0
425 2 0 0 0
426 2 0 0 2
427 1 0 0 0
428 0 0 1 0
429 0 0 0 0
430 0 2 1 0
431 0 0 1 1
432 0 0 1 1
433 0 1 0 0
434 0 0 0 0
435 1 0 1 1
436 1 0 0 1
437 1 0 0 3
438 1 0 0 0
439 1 0 0 1
440 1 0 0 1
441 0 1 0 0
442 1 0 0 0
443 0 0 0 0
444 0 1 0 0
445 3 0 0 1
446 1 0 1 0
447 2 1 1 0
448 1 1 0 1
449 1 1 0 0
450 3 1 1 1
451 1 0 0 1
452 1 2 0 1
453 2 1 0 0
454 6 2 1 2
455 0 1 1 0
456 2 0 0 2
457 3 0 0 2
458 1 0 0 2
459 1 0 4 1
460 4 0 1 0
461 3 2 0 2
462 0 1 2 1
463 1 1 2 1
464 3 0 0 1
465 1 1 1 1
466 4 3 0 4
467 5 1 0 3
468 2 1 0 1
469 2 2 1 2
470 4 2 2 1
471 1 2 1 1
472 1 1 3 2
473 3 2 1 5
474 2 0 0 2
475 2 2 2 2
476 4 3 0 2
477 3 1 2 5
478 4 2 0 1
479 1 3 0 3
480 1 1 0 4
481 5 2 1 2
482 2 1 3 3
483 1 4 0 2
484 3 1 0 2
485 3 1 0 5
486 4 3 1 2
487 1 2 1 2
488 4 0 0 3
489 3 2 1 1
490 2 1 1 5
491 6 1 0 3
492 5 0 2 1
493 3 4 1 3
494 2 2 4 2
495 4 3 1 1
496 2 3 1 1
497 7 2 0 3
498 3 0 2 4
499 2 0 1 2
500 6 3 2 6
501 2 1 3 5
502 1 4 1 2
503 4 1 3 0
504 2 3 0 5
505 1 1 2 3
506 4 2 2 3
507 6 1 0 2
508 2 2 0 5
509 1 4 1 5
510 3 1 0 5
511 6 1 0 2
512 4 2 3 1
513 5 0 0 6
514 4 1 1 2
515 3 4 2 1
516 5 5 2 5
517 6 3 3 0
518 5 3 0 3
519 7 2 1 5
520 13 2 2 5
521 7 4 1 2
522 4 2 1 3
523 6 2 3 2
524 1 4 2 5
525 7 4 4 7
526 4 3 4 5
527 3 1 2 5
528 3 3 2 4
529 2 3 3 3
530 3 6 3 4
531 2 4 0 6
532 4 3 2 9
533 3 2 1 7
534 9 4 1 8
535 4 4 1 5
536 4 2 0 4
537 4 1 1 3
538 5 1 2 4
539 5 5 0 6
540 9 3 0 4
541 4 5 2 4
542 9 1 1 3
543 9 7 1 4
544 6 2 1 2
545 8 4 3 4
546 7 1 2 3
547 4 5 3 5
548 8 4 6 6
549 9 4 3 2
550 8 3 2 7
551 4 4 1 1
552 8 1 2 11
553 4 4 3 6
554 4 3 6 10
555 3 6 3 9
556 6 3 4 5
557 5 6 4 7
558 5 5 2 5
559 4 6 1 6
560 6 2 0 6
561 7 2 2 13
562 6 6 1 9
563 6 2 3 7
564 8 3 2 3
565 6 4 2 3
566 5 2 3 4
567 10 4 2 4
568 3 2 4 7
569 3 4 3 7
570 4 6 1 4
571 2 3 1 4
572 5 4 3 8
573 2 3 1 6
574 3 4 1 5
575 6 2 3 5
576 7 3 2 8
577 4 3 1 6
578 5 2 0 6
579 3 0 2 6
580 2 2 0 3
581 2 5 4 5
582 2 1 0 2
583 6 0 3 5
584 3 6 2 3
585 0 2 2 9
586 3 2 2 1
587 2 1 1 3
588 1 1 1 6
589 3 4 0 2
590 2 1 0 2
591 2 0 0 6
592 2 4 1 2
593 1 1 1 6
594 1 2 1 1
595 2 3 1 2
596 2 4 0 2
597 1 0 0 1
598 1 0 0 0
599 2 1 0 7
600 2 1 1 1
601 1 2 1 3
602 0 2 0 1
603 0 2 0 5
604 0 1 0 1
605 1 1 0 2
606 1 1 0 2
607 1 0 0 3
608 3 1 0 1
609 0 0 2 0
610 2 0 0 0
611 0 0 1 1
612 0 1 0 2
613 0 2 0 3
614 0 0 1 0
615 0 0 1 1
616 0 0 1 0
617 0 0 1 1
618 0 0 0 1
619 0 0 0 2
620 0 0 0 1
621 0 0 0 1
622 1 0 0 0
623 0 0 0 1
624 0 0 0 0
625 0 0 0 0
626 0 0 0 0
627 0 0 0 0
628 0 0 0 0
629 0 0 0 0
630 0 0 0 0
631 0 1 0 0
632 0 0 0 0
633 0 0 0 0
634 0 0 0 0
635 0 0 0 1
636 0 0 0 0
637 0 0 0 0
638 0 0 0 0
639 0 0 0 0
640 0 0 0 0
641 0 0 0 0
642 0 0 0 0
643 0 0 0 0
644 0 0 0 0
645 0 0 0 0
646 0 0 0 0
647 0 0 0 0
648 0 0 0 0
649 0 0 0 0
650 0 0 0 0
651 0 0 0 0
652 0 0 0 0
653 0 0 0 0
654 0 0 0 0
655 0 0 0 0
656 0 0 0 0
657 0 0 0 0
658 0 0 0 0
659 0 0 0 0
660 0 0 0 0
661 0 0 0 0
662 0 0 0 0
663 0 0 0 0
664 0 0 0 0
665 0 0 0 0
666 0 0 0 0
667 0 0 0 0
668 0 0 0 0
669 0 0 0 0
670 0 0 0 0
671 0 0 0 0
672 0 0 0 0
673 0 0 0 0
674 0 0 0 0
675 0 0 0 0
676 0 0 0 0
677 0 0 0 0
678 0 0 0 0
679 0 0 0 0
680 0 0 0 0
681 0 0 0 0
682 0 0 0 0
683 0 0 0 0
684 0 0 0 0
685 0 0 0 0
686 0 0 0 0
687 0 0 0 0
688 0 0 0 0
689 0 0 0 0
690 0 0 0 0
691 0 0 0 0
692 0 0 0 0
693 0 0 0 0
694 0 0 0 0
695 0 0 0 0
696 0 0 0 0
697 0 0 0 0
698 0 0 0 0
699 0 0 0 0
700 0 0 0 0
701 0 0 0 0
702 0 0 0 0
703 0 0 0 0
704 0 0 0 0
705 0 0 0 0
706 0 0 0 0
707 0 0 0 0
708 0 0 0 0
709 0 0 0 0
710 0 0 0 0
711 0 0 0 0
712 0 0 0 0
713 0 0 0 0
714 0 0 0 0
715 0 0 0 0
716 0 0 0 0
717 0 0 0 0
718 0 0 0 0
719 0 0 0 0
720 0 0 0 0
721 0 0 0 0
722 0 0 0 0
723 0 0 0 0
724 0 0 0 0
725 0 0 0 0
726 0 0 0 0
727 0 0 0 0
