0 0 0 0 0
1 0 0 0 0
2 0 0 0 0
3 0 0 0 0
4 0 0 0 0
5 0 1 3 0
6 0 0 0 0
7 0 0 0 0
8 0 0 0 0
9 0 0 1 1
10 0 0 0 0
11 0 0 0 0
12 1 0 0 3
13 0 0 0 0
14 0 0 0 0
15 0 0 0 0
16 0 0 0 1
17 0 1 0 0
18 0 0 0 0
19 1 0 0 0
20 2 0 0 0
21 2 0 0 1
22 2 0 0 0
23 1 0 0 0
24 0 1 0 0
25 1 0 1 0
26 1 0 2 0
27 1 2 0 0
28 3 1 0 0
29 0 0 1 0
30 1 0 0 0
31 2 0 0 3
32 1 1 0 1
33 0 0 1 2
34 0 0 1 1
35 1 1 0 1
36 1 0 0 1
37 2 1 1 1
38 1 0 0 1
39 1 1 0 1
40 1 2 1 0
41 2 0 1 1
42 2 1 0 0
43 1 1 0 1
44 3 0 0 2
45 2 0 1 1
46 2 2 0 1
47 1 1 0 3
48 1 0 2 0
49 2 1 1 0
50 1 1 2 0
51 1 2 0 1
52 2 0 0 2
53 3 1 0 2
54 0 1 1 1
55 1 1 1 3
56 2 1 0 2
57 1 0 2 3
58 0 2 2 1
59 0 0 0 0
60 0 2 0 0
61 3 1 0 2
62 3 1 0 4
63 2 0 0 1
64 6 0 0 4
65 6 2 0 1
66 3 2 0 1
67 1 2 0 0
68 6 1 0 1
69 1 3 0 1
70 4 2 3 1
71 4 0 2 1
72 5 2 0 2
73 3 2 4 2
74 2 2 1 4
75 5 1 2 2
76 2 2 0 2
77 6 4 3 8
78 1 0 2 1
79 4 2 1 1
80 3 1 2 2
81 0 0 2 4
82 4 3 0 6
83 2 1 1 2
84 4 5 2 5
85 5 0 2 1
86 5 3 2 3
87 1 0 4 4
88 4 1 0 4
89 3 2 1 1
90 4 2 0 3
91 4 4 1 7
92 5 2 0 3
93 7 3 1 3
94 4 2 3 2
95 3 4 0 4
96 6 0 1 6
97 3 2 3 3
98 5 3 2 2
99 5 2 1 1
100 3 4 0 2
101 3 4 1 7
102 4 2 2 4
103 3 3 1 2
104 7 0 1 4
105 8 1 3 8
106 3 1 4 3
107 3 3 2 4
108 2 1 6 1
109 3 5 1 6
110 1 5 2 4
111 6 2 2 1
112 7 0 4 4
113 5 2 2 5
114 5 2 2 6
115 5 1 0 8
116 4 1 2 7
117 7 1 4 5
118 3 2 3 2
119 5 1 3 2
120 8 2 3 3
121 15 4 3 6
122 11 3 1 6
123 7 0 1 4
124 5 4 1 3
125 9 4 3 5
126 10 11 1 5
127 12 3 2 4
128 11 2 4 7
129 8 3 3 5
130 8 3 11 6
131 10 9 4 7
132 10 6 5 7
133 8 4 3 6
134 5 3 6 9
135 7 4 4 9
136 5 10 1 9
137 11 6 5 11
138 4 6 3 13
139 6 4 4 10
140 10 7 3 8
141 10 3 5 8
142 8 3 2 7
143 9 3 1 11
144 12 4 3 14
145 13 3 2 8
146 12 10 3 6
147 14 3 3 5
148 9 3 2 6
149 11 3 10 7
150 13 9 5 8
151 13 7 3 9
152 15 6 9 4
153 19 6 4 16
154 14 3 3 11
155 12 7 6 7
156 7 8 7 11
157 11 8 3 10
158 13 12 8 5
159 10 6 4 10
160 13 9 3 9
161 14 6 5 15
162 15 6 10 17
163 16 10 6 16
164 13 6 3 9
165 9 5 5 20
166 14 12 2 14
167 16 9 5 16
168 9 12 2 7
169 14 10 6 12
170 14 8 3 13
171 17 8 5 13
172 21 8 6 12
173 15 4 5 17
174 21 5 3 9
175 13 13 1 12
176 23 8 7 15
177 15 9 5 11
178 13 10 7 12
179 20 12 9 11
180 17 11 7 13
181 25 11 11 10
182 16 3 10 17
183 22 8 8 20
184 16 10 7 17
185 16 14 5 18
186 22 13 5 16
187 20 7 6 23
188 19 7 8 20
189 20 12 6 18
190 23 13 12 14
191 18 17 6 17
192 14 14 13 11
193 22 12 8 15
194 26 9 7 18
195 28 7 10 23
196 19 13 4 28
197 19 6 6 22
198 21 14 8 17
199 20 14 11 18
200 26 14 10 18
201 17 13 6 17
202 18 13 9 20
203 18 15 12 18
204 22 16 8 21
205 14 9 11 18
206 18 13 3 25
207 10 12 8 26
208 16 13 4 22
209 15 17 10 26
210 21 12 4 14
211 9 9 8 24
212 11 7 8 17
213 13 12 5 23
214 13 8 4 13
215 15 8 7 18
216 12 7 6 20
217 12 11 5 18
218 13 8 7 16
219 13 5 9 18
220 6 5 7 14
221 11 4 4 12
222 6 10 4 14
223 8 8 8 14
224 12 8 6 17
225 5 6 1 11
226 3 8 2 16
227 8 8 3 16
228 3 5 5 14
229 2 8 4 7
230 12 8 3 10
231 10 1 4 8
232 6 5 2 12
233 4 3 4 15
234 4 0 1 8
235 7 2 3 6
236 2 3 4 9
237 6 0 4 14
238 3 5 0 0
239 3 3 8 5
240 4 3 3 3
241 6 5 0 4
242 5 3 0 6
243 5 3 2 9
244 6 4 2 1
245 2 2 2 6
246 1 4 3 8
247 3 1 0 6
248 1 2 1 8
249 0 2 3 4
250 5 0 4 6
251 3 2 3 1
252 1 5 2 2
253 3 1 1 9
254 0 0 0 2
255 2 1 3 4
256 1 1 1 3
257 1 1 0 4
258 2 1 1 3
259 2 0 1 6
260 4 1 0 3
261 1 1 0 0
262 2 1 2 4
263 5 0 1 1
264 5 1 1 1
265 3 2 0 0
266 0 0 0 2
267 2 0 1 2
268 1 3 0 2
269 5 1 4 3
270 1 1 2 0
271 2 1 1 1
272 0 2 3 1
273 0 2 1 2
274 2 3 1 2
275 1 0 1 4
276 1 2 0 7
277 1 0 0 4
278 1 1 1 3
279 1 0 1 1
280 0 1 0 3
281 1 1 0 1
282 0 0 0 1
283 0 0 1 1
284 1 1 1 2
285 0 0 0 2
286 1 2 0 0
287 3 1 0 0
288 0 0 0 2
289 0 0 0 0
290 1 0 0 2
291 0 1 0 1
292 0 1 0 0
293 1 1 0 1
294 2 0 0 0
295 1 1 0 1
296 0 1 1 1
297 0 0 0 1
298 0 1 0 0
299 0 1 1 1
300 2 0 1 1
301 1 0 0 0
302 0 0 0 1
303 0 0 0 2
304 0 0 0 1
305 0 0 0 0
306 0 1 0 1
307 1 0 0 0
308 0 0 0 0
309 0 2 0 0
310 1 0 0 0
311 1 0 0 0
312 0 0 0 0
313 1 0 0 2
314 1 0 0 0
315 0 1 0 0
316 0 1 1 1
317 1 0 0 0
318 0 0 0 0
319 1 1 0 1
320 0 0 0 1
321 0 0 0 0
322 0 2 0 0
323 0 0 0 2
324 0 0 1 0
325 0 0 0 0
326 0 0 0 1
327 0 0 0 0
328 0 0 0 0
329 0 0 0 1
330 0 0 0 0
331 0 0 0 1
332 0 0 0 0
333 0 0 0 0
334 0 0 0 0
335 0 0 0 0
336 0 0 0 0
337 0 0 0 0
338 0 0 0 0
339 0 0 0 0
340 0 0 0 0
341 0 0 0 0
342 0 0 0 0
343 0 0 0 0
344 0 0 0 0
345 0 0 0 0
346 0 0 0 0
347 0 0 0 0
348 0 0 0 0
349 0 0 0 0
350 0 0 0 0
351 0 0 0 0
352 0 0 0 0
353 0 0 0 0
354 0 0 0 0
355 0 0 0 0
356 0 0 0 0
357 0 0 0 0
358 0 0 0 0
359 0 0 0 0
360 0 0 0 0
361 0 0 0 0
362 0 0 0 0
363 0 0 0 0
364 0 0 0 0
365 0 0 0 0
366 0 0 0 0
367 0 0 0 0
368 0 0 0 0
369 0 0 0 0
370 0 0 0 0
371 0 0 0 0
372 0 0 0 0
373 0 0 0 0
374 0 0 0 0
375 0 0 0 0
376 0 0 0 0
377 0 0 0 0
378 0 0 0 0
379 0 0 0 0
380 0 0 0 0
381 0 0 0 0
382 0 0 0 0
383 0 0 0 0
384 0 0 0 0
385 0 0 0 0
386 0 0 0 0
387 0 0 0 0
388 0 0 0 0
389 0 0 0 0
390 0 0 0 0
391 0 0 0 0
392 0 0 0 0
393 0 0 0 0
394 0 0 0 0
395 0 0 0 0
396 0 0 0 0
397 0 0 0 0
398 0 0 0 0
399 0 0 0 0
400 0 0 0 0
401 0 0 0 0
402 0 0 0 0
403 0 0 0 0
404 0 0 0 0
405 0 0 0 0
406 0 0 0 0
407 0 0 0 0
408 0 0 0 0
409 0 0 0 0
410 0 0 0 0
411 0 0 0 0
412 0 0 0 0
413 0 0 0 0
414 0 0 0 0
415 0 0 0 0
416 0 0 0 0
417 0 0 0 0
418 0 0 0 0
419 0 0 0 0
420 0 0 0 0
421 0 0 0 0
422 0 0 0 0
423 0 0 0 0
424 0 0 0 0
425 0 0 0 0
426 0 0 0 0
427 0 0 0 0
428 0 0 0 0
429 0 0 0 0
430 0 0 0 0
431 0 0 0 0
432 0 0 0 0
433 0 0 0 0
434 0 0 0 0
435 0 0 0 0
436 0 0 0 0
437 0 0 0 0
438 0 0 0 0
439 0 0 0 0
440 0 0 0 0
441 0 0 0 0
442 0 0 0 0
443 0 0 0 0
444 0 0 0 0
445 0 0 0 0
446 0 0 0 0
447 0 0 0 0
448 0 0 0 0
449 0 0 0 0
450 0 0 0 0
451 0 0 0 0
452 0 0 0 0
453 0 0 0 0
454 0 0 0 0
455 0 0 0 0
456 0 0 0 0
457 0 0 0 0
458 0 0 0 0
459 0 0 0 0
460 0 0 0 0
461 0 0 0 0
462 0 0 0 0
463 0 0 0 0
464 0 0 0 0
465 0 0 0 0
466 0 0 0 0
467 0 0 0 0
468 0 0 0 0
469 0 0 0 0
470 0 0 0 0
471 0 0 0 0
472 0 0 0 0
473 0 0 0 0
474 0 0 0 0
475 0 0 0 0
476 0 0 0 0
477 0 0 0 0
478 0 0 0 0
479 0 0 0 0
480 0 0 0 0
481 0 0 0 0
482 0 0 0 0
483 0 0 0 0
484 0 0 0 0
485 0 0 0 0
486 0 0 0 0
487 0 0 0 0
488 0 0 0 0
489 0 0 0 0
490 0 0 0 0
491 0 0 0 0
492 0 0 0 0
493 0 0 0 0
494 0 0 0 0
495 0 0 0 0
496 0 0 0 0
497 0 0 0 0
498 0 0 0 0
499 0 0 0 0
500 0 0 0 0
501 0 0 0 0
502 0 0 0 0
503 0 0 0 0
504 0 0 0 0
505 0 0 0 0
506 0 0 0 0
507 0 0 0 0
508 0 0 0 0
509 0 0 0 0
510 0 0 0 0
511 0 0 0 0
512 0 0 0 0
513 0 0 0 0
514 0 0 0 0
515 0 0 0 0
516 0 0 0 0
517 0 0 0 0
518 0 0 0 0
519 0 0 0 0
520 0 0 0 0
521 0 0 0 0
522 0 0 0 0
523 0 0 0 0
524 0 0 0 0
525 0 0 0 0
526 0 0 0 0
527 0 0 0 0
528 0 0 0 0
529 0 0 0 0
530 0 0 0 0
531 0 0 0 0
532 0 0 0 0
533 0 0 0 0
534 0 0 0 0
535 0 0 0 0
536 0 0 0 0
537 0 0 0 0
538 0 0 0 0
539 0 0 0 0
540 0 0 0 0
541 0 0 0 0
542 0 0 0 0
543 0 0 0 0
544 0 0 0 0
545 0 0 0 0
546 0 0 0 0
547 0 0 0 0
548 0 0 0 0
549 0 0 0 0
550 0 0 0 0
551 0 0 0 0
552 0 0 0 0
553 0 0 0 0
554 0 0 0 0
555 0 0 0 0
556 0 0 0 0
557 0 0 0 0
558 0 0 0 0
559 0 0 0 0
560 0 0 0 0
561 0 0 0 0
562 0 0 0 0
563 0 0 0 0
564 0 0 0 0
565 0 0 0 0
566 0 0 0 0
567 0 0 0 0
568 0 0 0 0
569 0 0 0 0
570 0 0 0 0
571 0 0 0 0
572 0 0 0 0
573 0 0 0 0
574 0 0 0 0
575 0 0 0 0
576 0 0 0 0
577 0 0 0 0
578 0 0 0 0
579 0 0 0 0
580 0 0 0 0
581 0 0 0 0
582 0 0 0 0
583 0 0 0 0
584 0 0 0 0
585 0 0 0 0
586 0 0 0 0
587 0 0 0 0
588 0 0 0 0
589 0 0 0 0
590 0 0 0 0
591 0 0 0 0
592 0 0 0 0
593 0 0 0 0
594 0 0 0 0
595 0 0 0 0
596 0 0 0 0
597 0 0 0 0
598 0 0 0 0
599 0 0 0 0
600 0 0 0 0
601 0 0 0 0
602 0 0 0 0
603 0 0 0 0
604 0 0 0 0
605 0 0 0 0
606 0 0 0 0
607 0 0 0 0
608 0 0 0 0
609 0 0 0 0
610 0 0 0 0
611 0 0 0 0
612 0 0 0 0
613 0 0 0 0
614 0 0 0 0
615 0 0 0 0
616 0 0 0 0
617 0 0 0 0
618 0 0 0 0
619 0 0 0 0
620 0 0 0 0
621 0 0 0 0
622 0 0 0 0
623 0 0 0 0
624 0 0 0 0
625 0 0 0 0
626 0 0 0 0
627 0 0 0 0
628 0 0 0 0
629 0 0 0 0
630 0 0 0 0
631 0 0 0 0
632 0 0 0 0
633 0 0 0 0
634 0 0 0 0
635 0 0 0 0
636 0 0 0 0
637 0 0 0 0
638 0 0 0 0
639 0 0 0 0
640 0 0 0 0
641 0 0 0 0
642 0 0 0 0
643 0 0 0 0
644 0 0 0 0
645 0 0 0 0
646 0 0 0 0
647 0 0 0 0
648 0 0 0 0
649 0 0 0 0
650 0 0 0 0
651 0 0 0 0
652 0 0 0 0
653 0 0 0 0
654 0 0 0 0
655 0 0 0 0
656 0 0 0 0
657 0 0 0 0
658 0 0 0 0
659 0 0 0 0
660 0 0 0 0
661 0 0 0 0
662 0 0 0 0
663 0 0 0 0
664 0 0 0 0
665 0 0 0 0
666 0 0 0 0
667 0 0 0 0
668 0 0 0 0
669 0 0 0 0
670 0 0 0 0
671 0 0 0 0
672 0 0 0 0
673 0 0 0 0
674 0 0 0 0
675 0 0 0 0
676 0 0 0 0
677 0 0 0 0
678 0 0 0 0
679 0 0 0 0
680 0 0 0 0
681 0 0 0 0
682 0 0 0 0
683 0 0 0 0
684 0 0 0 0
685 0 0 0 0
686 0 0 0 0
687 0 0 0 0
688 0 0 0 0
689 0 0 0 0
690 0 0 0 0
691 0 0 0 0
692 0 0 0 0
693 0 0 0 0
694 0 0 0 0
695 0 0 0 0
696 0 0 0 0
697 0 0 0 0
698 0 0 0 0
699 0 0 0 0
700 0 0 0 0
701 0 0 0 0
702 0 0 0 0
703 0 0 0 0
704 0 0 0 0
705 0 0 0 0
706 0 0 0 0
707 0 0 0 0
708 0 0 0 0
709 0 0 0 0
710 0 0 0 0
711 0 0 0 0
712 0 0 0 0
713 0 0 0 0
714 0 0 0 0
715 0 0 0 0
716 0 0 0 0
717 0 0 0 0
718 0 0 0 0
719 0 0 0 0
720 0 0 0 0
721 0 0 0 0
722 0 0 0 0
723 0 0 0 0
724 0 0 0 0
725 0 0 0 0
726 0 0 0 0
727 0 0 0 0
