0 0 0 0 0
1 0 0 0 0
2 0 0 0 0
3 0 0 0 0
4 0 0 0 0
5 0 2 1 0
6 0 0 0 0
7 0 0 0 0
8 0 0 0 0
9 0 0 2 2
10 0 0 0 0
11 0 0 0 0
12 0 0 0 1
13 0 0 0 0
14 0 0 0 0
15 0 0 0 0
16 0 0 0 2
17 0 0 0 0
18 0 0 0 0
19 0 0 0 0
20 0 0 0 0
21 0 0 0 0
22 0 0 0 0
23 0 0 0 0
24 0 0 0 0
25 0 0 0 0
26 0 0 0 0
27 1 0 0 0
28 0 0 0 0
29 0 0 0 0
30 2 0 0 0
31 0 0 0 0
32 1 1 0 0
33 1 0 0 0
34 2 0 0 0
35 3 2 0 0
36 1 0 0 1
37 1 0 1 0
38 1 0 1 0
39 0 1 0 2
40 0 2 1 0
41 0 0 0 0
42 0 0 0 1
43 1 1 0 1
44 1 1 0 3
45 0 0 1 0
46 0 1 0 0
47 0 0 0 2
48 1 0 1 1
49 1 0 0 1
50 0 0 0 1
51 1 0 0 0
52 4 0 0 0
53 0 2 0 0
54 2 0 0 0
55 3 0 0 1
56 4 0 0 0
57 3 4 0 2
58 0 0 0 0
59 4 1 1 0
60 3 2 2 0
61 0 2 1 4
62 2 0 1 0
63 0 0 0 1
64 1 2 0 0
65 0 1 1 1
66 2 1 1 2
67 1 0 0 4
68 0 2 0 3
69 1 3 1 1
70 0 0 0 0
71 2 2 1 1
72 1 1 0 2
73 2 0 0 5
74 1 0 1 0
75 2 1 0 3
76 1 0 1 1
77 3 1 0 0
78 3 2 0 3
79 2 0 1 1
80 5 1 0 1
81 3 0 1 0
82 3 1 1 2
83 2 2 1 1
84 5 1 2 1
85 7 3 0 0
86 5 2 0 0
87 2 2 1 2
88 4 1 0 1
89 4 2 2 4
90 4 6 0 2
91 4 2 0 3
92 3 2 3 3
93 4 1 2 5
94 1 1 3 4
95 5 4 2 2
96 4 0 0 3
97 3 3 1 6
98 1 4 2 3
99 5 1 0 7
100 4 1 8 1
101 4 1 1 2
102 5 1 0 7
103 4 0 2 0
104 3 2 1 6
105 5 4 2 1
106 9 3 1 2
107 4 0 1 7
108 7 0 2 3
109 10 2 0 4
110 7 2 5 2
111 8 8 1 2
112 6 4 0 3
113 5 2 4 3
114 2 4 1 5
115 2 6 4 3
116 5 3 5 4
117 3 2 4 7
118 7 4 4 9
119 7 1 3 12
120 7 2 2 6
121 7 4 2 6
122 10 4 0 9
123 8 2 2 4
124 7 4 2 2
125 6 1 4 6
126 12 4 1 5
127 7 8 2 5
128 12 4 5 6
129 8 5 3 5
130 5 5 3 4
131 8 3 6 9
132 8 4 4 8
133 7 2 5 7
134 10 2 4 4
135 10 6 4 8
136 8 3 0 6
137 10 11 6 11
138 8 3 2 7
139 7 6 2 9
140 10 7 1 8
141 7 1 3 15
142 10 8 7 7
143 14 3 4 7
144 9 6 2 8
145 12 6 4 4
146 9 3 5 12
147 11 7 3 6
148 8 11 1 7
149 12 5 6 15
150 20 6 2 8
151 14 4 2 6
152 5 6 5 12
153 16 6 2 11
154 11 9 3 9
155 16 9 3 7
156 13 11 6 6
157 16 4 2 8
158 16 9 5 7
159 16 11 8 16
160 7 5 6 17
161 11 5 7 9
162 18 12 8 12
163 14 7 6 17
164 14 15 6 11
165 14 5 5 11
166 10 5 3 21
167 17 9 8 14
168 18 7 2 10
169 15 8 3 17
170 16 7 6 8
171 16 11 5 23
172 12 15 3 9
173 24 6 6 13
174 29 8 6 15
175 19 8 7 9
176 28 7 8 11
177 19 8 7 11
178 18 13 8 15
179 16 14 11 15
180 23 9 9 14
181 21 12 7 19
182 24 16 9 22
183 18 12 11 17
184 28 11 5 16
185 25 16 14 19
186 22 14 7 24
187 15 9 6 20
188 18 8 7 18
189 19 13 12 30
190 27 9 8 23
191 16 13 14 14
192 23 6 11 17
193 23 11 12 23
194 22 14 8 19
195 30 11 10 24
196 30 8 7 24
197 34 12 6 18
198 35 11 9 26
199 29 19 11 20
200 27 19 8 17
201 25 16 10 22
202 29 18 19 22
203 20 11 12 26
204 16 15 14 24
205 14 22 13 19
206 17 16 9 30
207 24 19 12 25
208 15 10 12 30
209 14 11 6 36
210 15 14 5 24
211 14 17 12 27
212 12 15 11 21
213 22 9 10 18
214 18 9 3 30
215 15 6 11 30
216 11 3 7 29
217 12 6 3 14
218 11 15 9 20
219 11 12 4 19
220 9 11 6 18
221 13 4 7 7
222 9 8 6 20
223 13 5 7 12
224 15 6 5 15
225 14 9 3 12
226 14 9 5 16
227 11 8 5 17
228 8 10 4 14
229 9 7 5 15
230 5 7 10 9
231 4 7 5 11
232 7 4 4 13
233 8 7 2 15
234 9 5 5 15
235 3 3 3 15
236 5 7 2 9
237 5 6 3 11
238 3 2 3 8
239 3 2 6 6
240 6 2 1 11
241 3 2 7 8
242 3 6 3 3
243 3 4 2 7
244 4 1 0 10
245 2 3 2 8
246 5 3 0 9
247 4 1 1 5
248 6 2 1 6
249 4 3 2 8
250 2 1 0 4
251 2 3 2 1
252 4 3 2 3
253 4 2 1 1
254 2 3 3 2
255 2 1 3 6
256 2 1 0 4
257 1 2 2 3
258 5 2 0 3
259 5 1 0 7
260 3 0 3 2
261 1 5 0 4
262 3 3 0 2
263 3 2 1 0
264 2 3 0 6
265 1 2 1 3
266 2 0 0 2
267 4 3 2 4
268 4 4 0 4
269 2 0 1 2
270 2 2 0 3
271 0 1 1 5
272 2 3 0 3
273 0 3 2 0
274 1 1 1 3
275 3 0 3 4
276 3 1 1 3
277 1 1 1 4
278 3 0 0 3
279 1 1 0 2
280 3 1 1 3
281 2 2 2 2
282 1 0 0 2
283 0 3 0 0
284 0 0 1 0
285 0 2 1 1
286 1 1 2 2
287 3 1 0 1
288 1 0 0 4
289 1 0 0 3
290 2 0 1 3
291 2 1 1 0
292 3 2 0 2
293 1 0 1 1
294 2 1 0 1
295 3 2 0 2
296 1 0 1 2
297 2 0 0 2
298 0 1 1 0
299 1 1 1 1
300 2 5 0 1
301 3 1 2 1
302 3 2 0 2
303 3 0 0 1
304 1 1 0 3
305 1 1 0 3
306 0 2 0 2
307 1 0 0 2
308 1 1 0 1
309 1 1 0 1
310 0 0 1 1
311 2 2 1 1
312 0 2 1 2
313 0 1 1 2
314 0 2 0 0
315 0 0 0 1
316 0 0 2 2
317 0 0 0 2
318 2 0 0 4
319 0 0 0 1
320 1 0 0 2
321 1 0 0 0
322 0 0 0 0
323 0 2 0 1
324 0 0 0 0
325 1 1 0 0
326 0 0 0 0
327 0 0 0 1
328 0 0 0 0
329 0 0 0 0
330 0 1 1 1
331 0 0 0 1
332 0 0 0 0
333 0 0 0 0
334 0 0 0 0
335 0 0 0 0
336 0 0 0 0
337 0 0 0 2
338 0 0 0 0
339 0 0 0 0
340 0 0 0 0
341 0 0 0 0
342 0 0 0 0
343 0 0 0 0
344 0 0 0 0
345 0 0 0 0
346 0 0 0 0
347 0 0 0 0
348 0 0 0 0
349 0 0 0 0
350 0 0 0 0
351 0 0 0 0
352 0 0 0 0
353 0 0 0 0
354 0 0 0 0
355 0 0 0 0
356 0 0 0 0
357 0 0 0 0
358 0 0 0 0
359 0 0 0 0
360 0 0 0 0
361 0 0 0 0
362 0 0 0 0
363 0 0 0 0
364 0 0 0 0
365 0 0 0 0
366 0 0 0 0
367 0 0 0 0
368 0 0 0 0
369 0 0 0 0
370 0 0 0 0
371 0 0 0 0
372 0 0 0 0
373 0 0 0 0
374 0 0 0 0
375 0 0 0 0
376 0 0 0 0
377 0 0 0 0
378 0 0 0 0
379 0 0 0 0
380 0 0 0 0
381 0 0 0 0
382 0 0 0 0
383 0 0 0 0
384 0 0 0 0
385 0 0 0 0
386 0 0 0 0
387 0 0 0 0
388 0 0 0 0
389 0 0 0 0
390 0 0 0 0
391 0 0 0 0
392 0 0 0 0
393 0 0 0 0
394 0 0 0 0
395 0 0 0 0
396 0 0 0 0
397 0 0 0 0
398 0 0 0 0
399 0 0 0 0
400 0 0 0 0
401 0 0 0 0
402 0 0 0 0
403 0 0 0 0
404 0 0 0 0
405 0 0 0 0
406 0 0 0 0
407 0 0 0 0
408 0 0 0 0
409 0 0 0 0
410 0 0 0 0
411 0 0 0 0
412 0 0 0 0
413 0 0 0 0
414 0 0 0 0
415 0 0 0 0
416 0 0 0 0
417 0 0 0 0
418 0 0 0 0
419 0 0 0 0
420 0 0 0 0
421 0 0 0 0
422 0 0 0 0
423 0 0 0 0
424 0 0 0 0
425 0 0 0 0
426 0 0 0 0
427 0 0 0 0
428 0 0 0 0
429 0 0 0 0
430 0 0 0 0
431 0 0 0 0
432 0 0 0 0
433 0 0 0 0
434 0 0 0 0
435 0 0 0 0
436 0 0 0 0
437 0 0 0 0
438 0 0 0 0
439 0 0 0 0
440 0 0 0 0
441 0 0 0 0
442 0 0 0 0
443 0 0 0 0
444 0 0 0 0
445 0 0 0 0
446 0 0 0 0
447 0 0 0 0
448 0 0 0 0
449 0 0 0 0
450 0 0 0 0
451 0 0 0 0
452 0 0 0 0
453 0 0 0 0
454 0 0 0 0
455 0 0 0 0
456 0 0 0 0
457 0 0 0 0
458 0 0 0 0
459 0 0 0 0
460 0 0 0 0
461 0 0 0 0
462 0 0 0 0
463 0 0 0 0
464 0 0 0 0
465 0 0 0 0
466 0 0 0 0
467 0 0 0 0
468 0 0 0 0
469 0 0 0 0
470 0 0 0 0
471 0 0 0 0
472 0 0 0 0
473 0 0 0 0
474 0 0 0 0
475 0 0 0 0
476 0 0 0 0
477 0 0 0 0
478 0 0 0 0
479 0 0 0 0
480 0 0 0 0
481 0 0 0 0
482 0 0 0 0
483 0 0 0 0
484 0 0 0 0
485 0 0 0 0
486 0 0 0 0
487 0 0 0 0
488 0 0 0 0
489 0 0 0 0
490 0 0 0 0
491 0 0 0 0
492 0 0 0 0
493 0 0 0 0
494 0 0 0 0
495 0 0 0 0
496 0 0 0 0
497 0 0 0 0
498 0 0 0 0
499 0 0 0 0
500 0 0 0 0
501 0 0 0 0
502 0 0 0 0
503 0 0 0 0
504 0 0 0 0
505 0 0 0 0
506 0 0 0 0
507 0 0 0 0
508 0 0 0 0
509 0 0 0 0
510 0 0 0 0
511 0 0 0 0
512 0 0 0 0
513 0 0 0 0
514 0 0 0 0
515 0 0 0 0
516 0 0 0 0
517 0 0 0 0
518 0 0 0 0
519 0 0 0 0
520 0 0 0 0
521 0 0 0 0
522 0 0 0 0
523 0 0 0 0
524 0 0 0 0
525 0 0 0 0
526 0 0 0 0
527 0 0 0 0
528 0 0 0 0
529 0 0 0 0
530 0 0 0 0
531 0 0 0 0
532 0 0 0 0
533 0 0 0 0
534 0 0 0 0
535 0 0 0 0
536 0 0 0 0
537 0 0 0 0
538 0 0 0 0
539 0 0 0 0
540 0 0 0 0
541 0 0 0 0
542 0 0 0 0
543 0 0 0 0
544 0 0 0 0
545 0 0 0 0
546 0 0 0 0
547 0 0 0 0
548 0 0 0 0
549 0 0 0 0
550 0 0 0 0
551 0 0 0 0
552 0 0 0 0
553 0 0 0 0
554 0 0 0 0
555 0 0 0 0
556 0 0 0 0
557 0 0 0 0
558 0 0 0 0
559 0 0 0 0
560 0 0 0 0
561 0 0 0 0
562 0 0 0 0
563 0 0 0 0
564 0 0 0 0
565 0 0 0 0
566 0 0 0 0
567 0 0 0 0
568 0 0 0 0
569 0 0 0 0
570 0 0 0 0
571 0 0 0 0
572 0 0 0 0
573 0 0 0 0
574 0 0 0 0
575 0 0 0 0
576 0 0 0 0
577 0 0 0 0
578 0 0 0 0
579 0 0 0 0
580 0 0 0 0
581 0 0 0 0
582 0 0 0 0
583 0 0 0 0
584 0 0 0 0
585 0 0 0 0
586 0 0 0 0
587 0 0 0 0
588 0 0 0 0
589 0 0 0 0
590 0 0 0 0
591 0 0 0 0
592 0 0 0 0
593 0 0 0 0
594 0 0 0 0
595 0 0 0 0
596 0 0 0 0
597 0 0 0 0
598 0 0 0 0
599 0 0 0 0
600 0 0 0 0
601 0 0 0 0
602 0 0 0 0
603 0 0 0 0
604 0 0 0 0
605 0 0 0 0
606 0 0 0 0
607 0 0 0 0
608 0 0 0 0
609 0 0 0 0
610 0 0 0 0
611 0 0 0 0
612 0 0 0 0
613 0 0 0 0
614 0 0 0 0
615 0 0 0 0
616 0 0 0 0
617 0 0 0 0
618 0 0 0 0
619 0 0 0 0
620 0 0 0 0
621 0 0 0 0
622 0 0 0 0
623 0 0 0 0
624 0 0 0 0
625 0 0 0 0
626 0 0 0 0
627 0 0 0 0
628 0 0 0 0
629 0 0 0 0
630 0 0 0 0
631 0 0 0 0
632 0 0 0 0
633 0 0 0 0
634 0 0 0 0
635 0 0 0 0
636 0 0 0 0
637 0 0 0 0
638 0 0 0 0
639 0 0 0 0
640 0 0 0 0
641 0 0 0 0
642 0 0 0 0
643 0 0 0 0
644 0 0 0 0
645 0 0 0 0
646 0 0 0 0
647 0 0 0 0
648 0 0 0 0
649 0 0 0 0
650 0 0 0 0
651 0 0 0 0
652 0 0 0 0
653 0 0 0 0
654 0 0 0 0
655 0 0 0 0
656 0 0 0 0
657 0 0 0 0
658 0 0 0 0
659 0 0 0 0
660 0 0 0 0
661 0 0 0 0
662 0 0 0 0
663 0 0 0 0
664 0 0 0 0
665 0 0 0 0
666 0 0 0 0
667 0 0 0 0
668 0 0 0 0
669 0 0 0 0
670 0 0 0 0
671 0 0 0 0
672 0 0 0 0
673 0 0 0 0
674 0 0 0 0
675 0 0 0 0
676 0 0 0 0
677 0 0 0 0
678 0 0 0 0
679 0 0 0 0
680 0 0 0 0
681 0 0 0 0
682 0 0 0 0
683 0 0 0 0
684 0 0 0 0
685 0 0 0 0
686 0 0 0 0
687 0 0 0 0
688 0 0 0 0
689 0 0 0 0
690 0 0 0 0
691 0 0 0 0
692 0 0 0 0
693 0 0 0 0
694 0 0 0 0
695 0 0 0 0
696 0 0 0 0
697 0 0 0 0
698 0 0 0 0
699 0 0 0 0
700 0 0 0 0
701 0 0 0 0
702 0 0 0 0
703 0 0 0 0
704 0 0 0 0
705 0 0 0 0
706 0 0 0 0
707 0 0 0 0
708 0 0 0 0
709 0 0 0 0
710 0 0 0 0
711 0 0 0 0
712 0 0 0 0
713 0 0 0 0
714 0 0 0 0
715 0 0 0 0
716 0 0 0 0
717 0 0 0 0
718 0 0 0 0
719 0 0 0 0
720 0 0 0 0
721 0 0 0 0
722 0 0 0 0
723 0 0 0 0
724 0 0 0 0
725 0 0 0 0
726 0 0 0 0
727 0 0 0 0
