0 0 0 0 0
1 0 0 0 0
2 0 0 0 0
3 0 0 0 0
4 0 0 0 0
5 0 2 2 0
6 0 0 1 0
7 0 0 0 0
8 0 0 0 0
9 1 0 0 2
10 0 0 0 0
11 0 0 0 0
12 0 0 0 2
13 0 0 0 1
14 0 0 1 0
15 1 0 0 0
16 1 0 0 0
17 2 0 0 0
18 0 0 0 1
19 0 0 0 0
20 1 1 0 0
21 2 0 0 0
22 0 1 1 0
23 2 0 0 0
24 2 0 0 0
25 1 1 1 0
26 2 0 0 2
27 0 1 0 0
28 0 1 0 0
29 0 1 0 3
30 1 1 1 0
31 0 1 0 1
32 0 1 0 1
33 2 0 1 1
34 1 0 0 1
35 0 1 1 1
36 1 0 0 0
37 2 0 0 2
38 1 0 2 0
39 2 0 0 3
40 2 0 0 0
41 3 1 0 0
42 1 0 1 2
43 0 1 1 0
44 1 1 0 0
45 1 1 0 1
46 0 2 0 1
47 1 1 0 1
48 2 0 1 1
49 2 2 0 1
50 1 2 1 2
51 2 0 0 1
52 0 0 0 0
53 2 1 0 2
54 0 1 0 1
55 1 0 1 1
56 1 3 0 1
57 0 1 0 2
58 5 2 0 1
59 1 0 0 0
60 1 1 0 3
61 3 0 0 0
62 2 1 0 2
63 3 0 1 1
64 2 0 1 2
65 1 1 1 1
66 2 1 0 1
67 4 4 1 1
68 2 1 0 1
69 3 1 0 0
70 1 0 2 1
71 3 2 1 3
72 0 4 0 2
73 2 1 2 1
74 1 2 2 3
75 2 0 1 3
76 2 2 1 3
77 1 0 0 3
78 2 1 0 3
79 0 0 0 2
80 1 3 1 3
81 3 1 1 2
82 1 1 0 0
83 3 1 2 1
84 4 0 0 4
85 7 1 0 3
86 6 1 2 1
87 5 1 0 1
88 2 0 1 1
89 7 2 0 1
90 8 3 3 1
91 6 2 2 1
92 3 2 1 2
93 3 2 2 2
94 4 4 2 5
95 3 3 3 2
96 6 4 1 4
97 4 3 3 3
98 2 3 0 5
99 3 3 0 6
100 0 2 1 4
101 2 2 2 7
102 2 4 2 3
103 1 4 2 4
104 4 3 1 3
105 1 1 2 4
106 1 0 1 4
107 3 1 1 6
108 4 2 0 4
109 4 1 0 5
110 6 1 0 3
111 7 0 1 4
112 4 0 1 2
113 4 3 2 1
114 5 3 0 0
115 8 6 0 2
116 6 2 2 1
117 10 4 0 1
118 6 4 0 2
119 2 3 3 3
120 9 5 3 6
121 10 2 4 4
122 7 4 1 5
123 9 5 2 3
124 2 2 4 5
125 3 5 2 5
126 4 4 6 8
127 8 4 2 7
128 5 5 3 7
129 7 2 3 5
130 4 3 2 9
131 3 3 1 7
132 2 5 3 9
133 3 4 1 7
134 10 0 4 8
135 4 2 2 7
136 7 4 2 6
137 3 1 1 4
138 6 2 1 3
139 9 3 2 5
140 6 3 2 3
141 7 2 1 3
142 11 2 1 4
143 13 8 0 9
144 10 5 3 2
145 9 5 5 2
146 18 5 1 3
147 12 9 1 6
148 12 6 3 9
149 10 6 2 6
150 9 6 3 9
151 8 6 7 6
152 10 9 5 8
153 13 5 5 5
154 8 7 2 11
155 5 6 5 11
156 14 8 4 15
157 12 6 5 9
158 7 6 3 10
159 11 8 3 11
160 9 3 3 13
161 11 9 2 10
162 10 13 4 12
163 11 7 3 10
164 9 2 1 7
165 8 6 3 9
166 15 3 4 16
167 16 8 2 12
168 14 8 8 6
169 11 8 7 11
170 14 7 3 7
171 11 9 3 7
172 15 9 4 13
173 14 7 1 10
174 10 6 1 9
175 5 12 5 17
176 14 5 9 13
177 15 7 8 9
178 18 8 4 9
179 17 4 7 14
180 24 1 6 12
181 19 10 3 10
182 24 7 8 15
183 21 8 5 12
184 18 4 6 12
185 20 13 10 13
186 24 10 8 13
187 19 15 9 10
188 22 14 6 12
189 23 15 7 22
190 22 8 8 11
191 23 11 8 21
192 27 10 11 21
193 14 13 10 25
194 25 15 9 15
195 22 14 9 18
196 23 13 8 23
197 23 10 10 17
198 21 10 10 23
199 18 16 7 19
200 25 13 8 19
201 22 14 15 20
202 16 17 4 26
203 22 16 7 25
204 17 15 10 19
205 27 10 10 27
206 25 12 3 19
207 14 10 13 18
208 15 15 9 22
209 15 14 4 29
210 16 16 8 22
211 23 9 7 25
212 22 8 2 17
213 17 7 9 14
214 16 12 11 18
215 9 16 10 23
216 16 11 9 15
217 12 12 10 29
218 12 8 10 20
219 7 5 4 16
220 12 8 7 18
221 13 10 8 19
222 14 5 8 24
223 14 12 5 11
224 11 5 4 20
225 9 9 7 16
226 8 5 5 14
227 9 11 3 21
228 7 4 5 11
229 9 7 2 10
230 15 8 4 12
231 7 5 4 16
232 16 1 10 12
233 9 6 3 6
234 13 6 3 11
235 5 9 3 13
236 12 8 1 14
237 8 5 8 11
238 13 8 4 11
239 8 5 7 7
240 12 4 2 12
241 5 10 3 8
242 5 2 3 17
243 5 12 4 8
244 2 2 4 8
245 7 10 5 12
246 0 6 1 8
247 0 7 2 12
248 3 3 3 4
249 3 4 2 16
250 1 4 1 11
251 3 2 0 7
252 8 4 1 8
253 2 1 0 9
254 3 1 2 7
255 4 0 0 2
256 4 1 0 6
257 5 4 2 3
258 1 2 1 3
259 3 3 1 2
260 4 1 3 0
261 3 1 4 3
262 0 0 4 4
263 0 0 0 3
264 1 2 2 4
265 1 5 2 5
266 1 3 1 4
267 3 0 1 2
268 1 0 1 3
269 0 0 2 6
270 0 1 0 3
271 2 0 0 2
272 0 0 1 4
273 1 0 0 3
274 2 0 2 0
275 3 1 0 0
276 1 1 0 2
277 0 1 0 1
278 0 0 0 2
279 2 0 1 1
280 3 1 3 1
281 0 1 0 0
282 0 1 0 0
283 0 1 0 1
284 0 2 0 3
285 0 2 0 2
286 0 0 0 0
287 0 0 1 2
288 0 0 1 2
289 0 0 0 1
290 0 0 0 1
291 0 0 0 2
292 1 0 0 0
293 0 0 0 0
294 0 0 0 0
295 1 0 0 1
296 0 0 0 0
297 0 0 0 0
298 1 0 0 0
299 0 0 0 0
300 0 0 1 0
301 0 1 0 0
302 0 0 0 0
303 1 1 0 0
304 0 0 0 0
305 0 0 0 1
306 0 0 0 0
307 0 0 0 1
308 0 0 1 0
309 0 0 0 0
310 0 0 0 1
311 0 0 0 0
312 0 0 0 1
313 0 0 0 0
314 0 0 0 0
315 0 0 0 0
316 0 0 0 0
317 0 0 0 0
318 0 0 0 0
319 0 0 0 0
320 0 0 0 0
321 0 0 0 0
322 0 0 0 0
323 0 0 0 0
324 0 0 0 0
325 0 0 0 0
326 0 0 0 0
327 0 0 0 0
328 0 0 0 0
329 0 0 0 0
330 0 0 0 0
331 0 0 0 0
332 0 0 0 0
333 0 0 0 0
334 0 0 0 0
335 0 0 0 0
336 0 0 0 0
337 0 0 0 0
338 0 0 0 0
339 0 0 0 0
340 0 0 0 0
341 0 0 0 0
342 0 0 0 0
343 0 0 0 0
344 0 0 0 0
345 0 0 0 0
346 0 0 0 0
347 0 0 0 0
348 0 0 0 0
349 0 0 0 0
350 0 0 0 0
351 0 0 0 0
352 0 0 0 0
353 0 0 0 0
354 0 0 0 0
355 0 0 0 0
356 0 0 0 0
357 0 0 0 0
358 0 0 0 0
359 0 0 0 0
360 0 0 0 0
361 0 0 0 0
362 0 0 0 0
363 0 0 0 0
364 0 0 0 0
365 0 0 0 0
366 0 0 0 0
367 0 0 0 0
368 0 0 0 0
369 0 0 0 0
370 0 0 0 0
371 0 0 0 0
372 0 0 0 0
373 0 0 0 0
374 0 0 0 0
375 0 0 0 0
376 0 0 0 0
377 0 0 0 0
378 0 0 0 0
379 0 0 0 0
380 0 0 0 0
381 0 0 0 0
382 0 0 0 0
383 0 0 0 0
384 0 0 0 0
385 0 0 0 0
386 0 0 0 0
387 0 0 0 0
388 0 0 0 0
389 0 0 0 0
390 0 0 0 0
391 0 0 0 0
392 0 0 0 0
393 0 0 0 0
394 0 0 0 0
395 0 0 0 0
396 0 0 0 0
397 0 0 0 0
398 0 0 0 0
399 0 0 0 0
400 0 0 0 0
401 0 0 0 0
402 0 0 0 0
403 0 0 0 0
404 0 0 0 0
405 0 0 0 0
406 0 0 0 0
407 0 0 0 0
408 0 0 0 0
409 0 0 0 0
410 0 0 0 0
411 0 0 0 0
412 0 0 0 0
413 0 0 0 0
414 0 0 0 0
415 0 0 0 0
416 0 0 0 0
417 0 0 0 0
418 0 0 0 0
419 0 0 0 0
420 0 0 0 0
421 0 0 0 0
422 0 0 0 0
423 0 0 0 0
424 0 0 0 0
425 0 0 0 0
426 0 0 0 0
427 0 0 0 0
428 0 0 0 0
429 0 0 0 0
430 0 0 0 0
431 0 0 0 0
432 0 0 0 0
433 0 0 0 0
434 0 0 0 0
435 0 0 0 0
436 0 0 0 0
437 0 0 0 0
438 0 0 0 0
439 0 0 0 0
440 0 0 0 0
441 0 0 0 0
442 0 0 0 0
443 0 0 0 0
444 0 0 0 0
445 0 0 0 0
446 0 0 0 0
447 0 0 0 0
448 0 0 0 0
449 0 0 0 0
450 0 0 0 0
451 0 0 0 0
452 0 0 0 0
453 0 0 0 0
454 0 0 0 0
455 0 0 0 0
456 0 0 0 0
457 0 0 0 0
458 0 0 0 0
459 0 0 0 0
460 0 0 0 0
461 0 0 0 0
462 0 0 0 0
463 0 0 0 0
464 0 0 0 0
465 0 0 0 0
466 0 0 0 0
467 0 0 0 0
468 0 0 0 0
469 0 0 0 0
470 0 0 0 0
471 0 0 0 0
472 0 0 0 0
473 0 0 0 0
474 0 0 0 0
475 0 0 0 0
476 0 0 0 0
477 0 0 0 0
478 0 0 0 0
479 0 0 0 0
480 0 0 0 0
481 0 0 0 0
482 0 0 0 0
483 0 0 0 0
484 0 0 0 0
485 0 0 0 0
486 0 0 0 0
487 0 0 0 0
488 0 0 0 0
489 0 0 0 0
490 0 0 0 0
491 0 0 0 0
492 0 0 0 0
493 0 0 0 0
494 0 0 0 0
495 0 0 0 0
496 0 0 0 0
497 0 0 0 0
498 0 0 0 0
499 0 0 0 0
500 0 0 0 0
501 0 0 0 0
502 0 0 0 0
503 0 0 0 0
504 0 0 0 0
505 0 0 0 0
506 0 0 0 0
507 0 0 0 0
508 0 0 0 0
509 0 0 0 0
510 0 0 0 0
511 0 0 0 0
512 0 0 0 0
513 0 0 0 0
514 0 0 0 0
515 0 0 0 0
516 0 0 0 0
517 0 0 0 0
518 0 0 0 0
519 0 0 0 0
520 0 0 0 0
521 0 0 0 0
522 0 0 0 0
523 0 0 0 0
524 0 0 0 0
525 0 0 0 0
526 0 0 0 0
527 0 0 0 0
528 0 0 0 0
529 0 0 0 0
530 0 0 0 0
531 0 0 0 0
532 0 0 0 0
533 0 0 0 0
534 0 0 0 0
535 0 0 0 0
536 0 0 0 0
537 0 0 0 0
538 0 0 0 0
539 0 0 0 0
540 0 0 0 0
541 0 0 0 0
542 0 0 0 0
543 0 0 0 0
544 0 0 0 0
545 0 0 0 0
546 0 0 0 0
547 0 0 0 0
548 0 0 0 0
549 0 0 0 0
550 0 0 0 0
551 0 0 0 0
552 0 0 0 0
553 0 0 0 0
554 0 0 0 0
555 0 0 0 0
556 0 0 0 0
557 0 0 0 0
558 0 0 0 0
559 0 0 0 0
560 0 0 0 0
561 0 0 0 0
562 0 0 0 0
563 0 0 0 0
564 0 0 0 0
565 0 0 0 0
566 0 0 0 0
567 0 0 0 0
568 0 0 0 0
569 0 0 0 0
570 0 0 0 0
571 0 0 0 0
572 0 0 0 0
573 0 0 0 0
574 0 0 0 0
575 0 0 0 0
576 0 0 0 0
577 0 0 0 0
578 0 0 0 0
579 0 0 0 0
580 0 0 0 0
581 0 0 0 0
582 0 0 0 0
583 0 0 0 0
584 0 0 0 0
585 0 0 0 0
586 0 0 0 0
587 0 0 0 0
588 0 0 0 0
589 0 0 0 0
590 0 0 0 0
591 0 0 0 0
592 0 0 0 0
593 0 0 0 0
594 0 0 0 0
595 0 0 0 0
596 0 0 0 0
597 0 0 0 0
598 0 0 0 0
599 0 0 0 0
600 0 0 0 0
601 0 0 0 0
602 0 0 0 0
603 0 0 0 0
604 0 0 0 0
605 0 0 0 0
606 0 0 0 0
607 0 0 0 0
608 0 0 0 0
609 0 0 0 0
610 0 0 0 0
611 0 0 0 0
612 0 0 0 0
613 0 0 0 0
614 0 0 0 0
615 0 0 0 0
616 0 0 0 0
617 0 0 0 0
618 0 0 0 0
619 0 0 0 0
620 0 0 0 0
621 0 0 0 0
622 0 0 0 0
623 0 0 0 0
624 0 0 0 0
625 0 0 0 0
626 0 0 0 0
627 0 0 0 0
628 0 0 0 0
629 0 0 0 0
630 0 0 0 0
631 0 0 0 0
632 0 0 0 0
633 0 0 0 0
634 0 0 0 0
635 0 0 0 0
636 0 0 0 0
637 0 0 0 0
638 0 0 0 0
639 0 0 0 0
640 0 0 0 0
641 0 0 0 0
642 0 0 0 0
643 0 0 0 0
644 0 0 0 0
645 0 0 0 0
646 0 0 0 0
647 0 0 0 0
648 0 0 0 0
649 0 0 0 0
650 0 0 0 0
651 0 0 0 0
652 0 0 0 0
653 0 0 0 0
654 0 0 0 0
655 0 0 0 0
656 0 0 0 0
657 0 0 0 0
658 0 0 0 0
659 0 0 0 0
660 0 0 0 0
661 0 0 0 0
662 0 0 0 0
663 0 0 0 0
664 0 0 0 0
665 0 0 0 0
666 0 0 0 0
667 0 0 0 0
668 0 0 0 0
669 0 0 0 0
670 0 0 0 0
671 0 0 0 0
672 0 0 0 0
673 0 0 0 0
674 0 0 0 0
675 0 0 0 0
676 0 0 0 0
677 0 0 0 0
678 0 0 0 0
679 0 0 0 0
680 0 0 0 0
681 0 0 0 0
682 0 0 0 0
683 0 0 0 0
684 0 0 0 0
685 0 0 0 0
686 0 0 0 0
687 0 0 0 0
688 0 0 0 0
689 0 0 0 0
690 0 0 0 0
691 0 0 0 0
692 0 0 0 0
693 0 0 0 0
694 0 0 0 0
695 0 0 0 0
696 0 0 0 0
697 0 0 0 0
698 0 0 0 0
699 0 0 0 0
700 0 0 0 0
701 0 0 0 0
702 0 0 0 0
703 0 0 0 0
704 0 0 0 0
705 0 0 0 0
706 0 0 0 0
707 0 0 0 0
708 0 0 0 0
709 0 0 0 0
710 0 0 0 0
711 0 0 0 0
712 0 0 0 0
713 0 0 0 0
714 0 0 0 0
715 0 0 0 0
716 0 0 0 0
717 0 0 0 0
718 0 0 0 0
719 0 0 0 0
720 0 0 0 0
721 0 0 0 0
722 0 0 0 0
723 0 0 0 0
724 0 0 0 0
725 0 0 0 0
726 0 0 0 0
727 0 0 0 0
