0 0 0 0 0
1 0 0 0 0
2 0 0 0 0
3 0 0 0 0
4 0 0 0 0
5 0 1 2 0
6 0 0 0 0
7 0 0 0 0
8 0 0 0 0
9 0 1 1 2
10 0 0 0 0
11 0 0 0 0
12 0 0 0 1
13 0 0 0 1
14 0 0 0 0
15 0 0 0 0
16 0 0 0 1
17 2 0 0 0
18 0 0 0 0
19 2 0 0 0
20 2 0 0 0
21 2 0 0 0
22 2 1 1 0
23 2 0 0 0
24 4 1 0 0
25 1 1 1 0
26 1 2 0 2
27 1 0 0 0
28 0 0 3 0
29 0 1 1 1
30 0 0 1 1
31 2 1 1 1
32 3 1 0 2
33 0 1 1 3
34 1 0 0 1
35 0 1 0 4
36 2 1 1 0
37 0 0 0 1
38 0 0 0 0
39 1 0 0 2
40 0 0 0 3
41 3 1 3 0
42 2 0 0 0
43 1 1 0 0
44 1 1 0 0
45 1 1 0 1
46 1 0 3 0
47 0 1 0 1
48 1 0 0 3
49 2 1 0 1
50 0 0 0 2
51 1 2 0 2
52 3 0 1 0
53 2 1 0 1
54 1 2 0 0
55 1 0 0 1
56 1 1 0 2
57 1 1 1 1
58 1 1 2 2
59 0 1 0 0
60 2 0 0 0
61 2 0 2 2
62 0 0 0 1
63 3 1 0 2
64 2 1 0 1
65 3 1 0 3
66 2 1 2 0
67 2 0 0 1
68 3 1 2 2
69 2 1 2 0
70 1 1 0 1
71 0 1 0 0
72 2 0 1 2
73 0 1 1 5
74 0 3 0 1
75 1 1 0 3
76 3 1 0 1
77 2 1 1 2
78 2 1 0 3
79 3 1 0 1
80 2 0 0 1
81 5 2 0 2
82 1 1 0 1
83 5 0 1 0
84 3 1 1 0
85 3 3 0 2
86 3 2 0 2
87 4 1 1 0
88 2 2 2 1
89 2 0 2 3
90 2 1 4 2
91 2 3 1 3
92 1 3 2 1
93 3 1 2 2
94 6 2 1 2
95 5 0 0 6
96 2 0 3 4
97 2 1 1 5
98 1 1 2 2
99 2 5 0 2
100 4 0 2 4
101 4 2 0 3
102 9 1 0 2
103 8 3 1 3
104 6 5 0 2
105 5 1 0 3
106 7 0 4 4
107 8 3 3 3
108 5 2 3 2
109 6 3 3 1
110 10 3 0 3
111 8 2 5 7
112 8 3 4 0
113 6 2 3 4
114 8 5 2 4
115 4 5 2 11
116 4 9 2 8
117 5 9 1 8
118 6 2 3 5
119 7 8 6 3
120 6 4 0 10
121 8 2 4 11
122 4 5 1 9
123 9 2 1 8
124 6 5 1 5
125 10 1 2 4
126 7 3 1 9
127 7 4 1 6
128 7 7 3 8
129 7 5 3 3
130 10 6 2 1
131 7 7 1 0
132 10 3 2 7
133 8 4 1 8
134 10 6 5 9
135 4 7 1 12
136 9 3 5 4
137 8 7 2 5
138 6 4 0 8
139 5 7 1 10
140 7 4 0 8
141 10 5 4 10
142 6 7 2 2
143 3 4 5 10
144 5 4 0 7
145 9 8 3 9
146 3 8 2 8
147 13 3 0 7
148 11 2 2 6
149 6 2 2 10
150 9 8 3 9
151 11 6 1 2
152 11 3 4 7
153 9 8 4 5
154 13 4 4 8
155 9 1 1 7
156 11 8 9 8
157 10 3 6 14
158 9 3 1 5
159 9 12 4 2
160 9 6 3 12
161 9 6 3 8
162 8 5 6 4
163 11 1 5 19
164 9 9 0 12
165 11 8 4 5
166 14 7 2 10
167 10 9 2 5
168 5 8 1 10
169 12 4 7 14
170 9 6 4 7
171 16 2 6 9
172 10 10 2 13
173 12 3 1 12
174 9 8 6 9
175 11 8 6 5
176 16 8 3 13
177 10 5 4 10
178 8 8 5 11
179 14 2 4 11
180 11 11 4 9
181 21 6 8 8
182 19 10 2 13
183 16 6 2 8
184 15 8 2 13
185 13 6 5 15
186 21 7 5 12
187 16 7 4 16
188 12 13 6 7
189 14 6 4 9
190 17 14 6 8
191 16 11 9 14
192 16 9 6 12
193 16 13 4 12
194 20 6 7 14
195 16 11 8 25
196 14 9 9 14
197 19 5 4 21
198 13 9 5 13
199 16 9 11 9
200 14 9 6 19
201 18 12 9 13
202 15 8 6 22
203 16 7 10 17
204 14 8 8 11
205 11 8 3 18
206 13 9 8 18
207 8 6 4 12
208 10 13 7 15
209 10 8 10 12
210 7 12 5 18
211 7 13 6 21
212 11 5 3 14
213 6 5 6 19
214 11 10 2 8
215 5 7 5 24
216 8 5 2 15
217 4 4 3 13
218 9 4 4 12
219 8 7 1 8
220 8 3 6 13
221 5 7 3 8
222 6 2 1 13
223 5 3 7 5
224 12 3 1 8
225 6 4 4 9
226 12 4 1 5
227 4 2 4 9
228 9 3 4 8
229 3 5 3 6
230 4 4 3 9
231 6 5 2 4
232 3 5 2 8
233 4 7 8 3
234 5 3 1 6
235 6 4 5 6
236 7 1 1 10
237 7 3 3 12
238 5 3 2 6
239 3 3 2 7
240 4 5 1 6
241 3 4 2 3
242 2 2 1 9
243 4 4 1 3
244 4 1 5 7
245 3 2 4 5
246 3 3 3 3
247 5 2 1 6
248 5 1 2 8
249 6 0 2 5
250 3 2 1 8
251 5 3 0 3
252 3 1 2 4
253 2 3 2 2
254 4 3 1 3
255 1 2 1 3
256 0 3 2 3
257 3 4 0 5
258 3 2 1 3
259 3 3 1 3
260 2 5 0 6
261 0 1 0 6
262 1 3 1 2
263 2 2 1 2
264 2 1 1 5
265 1 0 0 1
266 3 0 0 6
267 1 1 2 4
268 1 2 1 3
269 1 2 1 1
270 1 2 0 0
271 2 0 1 2
272 1 0 1 1
273 0 0 0 1
274 0 0 1 2
275 0 2 0 3
276 0 0 2 2
277 1 1 1 1
278 2 0 0 1
279 0 0 1 2
280 0 0 0 2
281 1 0 0 1
282 1 0 0 0
283 0 1 0 1
284 1 0 0 1
285 0 0 0 0
286 0 1 0 1
287 0 0 2 1
288 0 0 0 0
289 2 1 0 0
290 1 0 1 0
291 1 0 0 2
292 0 0 0 0
293 1 0 0 1
294 0 0 0 0
295 1 0 1 0
296 1 1 0 1
297 0 0 0 1
298 0 1 1 0
299 0 0 1 0
300 0 1 0 0
301 1 1 0 0
302 1 0 0 1
303 1 0 0 2
304 0 0 0 0
305 1 0 0 2
306 0 0 0 0
307 0 1 0 1
308 0 1 0 1
309 1 0 0 0
310 1 0 0 0
311 0 0 0 1
312 0 0 1 0
313 0 0 0 0
314 0 1 0 0
315 1 0 0 1
316 0 0 0 0
317 0 0 0 0
318 0 0 1 1
319 0 1 0 1
320 0 0 1 0
321 0 0 0 0
322 0 0 0 1
323 0 0 0 0
324 0 0 0 0
325 0 0 0 0
326 0 0 0 1
327 0 0 0 1
328 0 0 0 0
329 1 0 0 0
330 0 0 0 0
331 0 0 0 0
332 0 0 0 0
333 0 0 0 0
334 0 0 0 0
335 0 0 0 0
336 0 0 0 0
337 0 0 0 0
338 0 0 1 0
339 0 0 0 0
340 0 0 0 0
341 0 0 0 0
342 0 0 0 0
343 0 0 0 0
344 0 0 0 0
345 0 0 0 1
346 0 0 0 0
347 0 0 0 0
348 0 0 0 0
349 0 0 0 0
350 0 0 0 0
351 0 0 0 0
352 0 0 0 0
353 0 0 0 0
354 0 0 0 0
355 0 0 0 0
356 0 0 0 0
357 0 0 0 0
358 0 0 0 0
359 0 0 0 0
360 0 0 0 0
361 0 0 0 0
362 0 0 0 0
363 0 0 0 0
364 0 0 0 0
365 0 0 0 0
366 0 0 0 0
367 0 0 0 0
368 0 0 0 0
369 0 0 0 0
370 0 0 0 0
371 0 0 0 0
372 0 0 0 0
373 0 0 0 0
374 0 0 0 0
375 0 0 0 0
376 0 0 0 0
377 0 0 0 0
378 0 0 0 0
379 0 0 0 0
380 0 0 0 0
381 0 0 0 0
382 0 0 0 0
383 0 0 0 0
384 0 0 0 0
385 0 0 0 0
386 0 0 0 0
387 0 0 0 0
388 0 0 0 0
389 0 0 0 0
390 0 0 0 0
391 0 0 0 0
392 0 0 0 0
393 0 0 0 0
394 0 0 0 0
395 0 0 0 0
396 0 0 0 0
397 0 0 0 0
398 0 0 0 0
399 0 0 0 0
400 0 0 0 0
401 0 0 0 0
402 0 0 0 0
403 0 0 0 0
404 0 0 0 0
405 0 0 0 0
406 0 0 0 0
407 0 0 0 0
408 0 0 0 0
409 0 0 0 0
410 0 0 0 0
411 0 0 0 0
412 0 0 0 0
413 0 0 0 0
414 0 0 0 0
415 0 0 0 0
416 0 0 0 0
417 0 0 0 0
418 0 0 0 0
419 0 0 0 0
420 0 0 0 0
421 0 0 0 0
422 0 0 0 0
423 0 0 0 0
424 0 0 0 0
425 0 0 0 0
426 0 0 0 0
427 0 0 0 0
428 0 0 0 0
429 0 0 0 0
430 0 0 0 0
431 0 0 0 0
432 0 0 0 0
433 0 0 0 0
434 0 0 0 0
435 0 0 0 0
436 0 0 0 0
437 0 0 0 0
438 0 0 0 0
439 0 0 0 0
440 0 0 0 0
441 0 0 0 0
442 0 0 0 0
443 0 0 0 0
444 0 0 0 0
445 0 0 0 0
446 0 0 0 0
447 0 0 0 0
448 0 0 0 0
449 0 0 0 0
450 0 0 0 0
451 0 0 0 0
452 0 0 0 0
453 0 0 0 0
454 0 0 0 0
455 0 0 0 0
456 0 0 0 0
457 0 0 0 0
458 0 0 0 0
459 0 0 0 0
460 0 0 0 0
461 0 0 0 0
462 0 0 0 0
463 0 0 0 0
464 0 0 0 0
465 0 0 0 0
466 0 0 0 0
467 0 0 0 0
468 0 0 0 0
469 0 0 0 0
470 0 0 0 0
471 0 0 0 0
472 0 0 0 0
473 0 0 0 0
474 0 0 0 0
475 0 0 0 0
476 0 0 0 0
477 0 0 0 0
478 0 0 0 0
479 0 0 0 0
480 0 0 0 0
481 0 0 0 0
482 0 0 0 0
483 0 0 0 0
484 0 0 0 0
485 0 0 0 0
486 0 0 0 0
487 0 0 0 0
488 0 0 0 0
489 0 0 0 0
490 0 0 0 0
491 0 0 0 0
492 0 0 0 0
493 0 0 0 0
494 0 0 0 0
495 0 0 0 0
496 0 0 0 0
497 0 0 0 0
498 0 0 0 0
499 0 0 0 0
500 0 0 0 0
501 0 0 0 0
502 0 0 0 0
503 0 0 0 0
504 0 0 0 0
505 0 0 0 0
506 0 0 0 0
507 0 0 0 0
508 0 0 0 0
509 0 0 0 0
510 0 0 0 0
511 0 0 0 0
512 0 0 0 0
513 0 0 0 0
514 0 0 0 0
515 0 0 0 0
516 0 0 0 0
517 0 0 0 0
518 0 0 0 0
519 0 0 0 0
520 0 0 0 0
521 0 0 0 0
522 0 0 0 0
523 0 0 0 0
524 0 0 0 0
525 0 0 0 0
526 0 0 0 0
527 0 0 0 0
528 0 0 0 0
529 0 0 0 0
530 0 0 0 0
531 0 0 0 0
532 0 0 0 0
533 0 0 0 0
534 0 0 0 0
535 0 0 0 0
536 0 0 0 0
537 0 0 0 0
538 0 0 0 0
539 0 0 0 0
540 0 0 0 0
541 0 0 0 0
542 0 0 0 0
543 0 0 0 0
544 0 0 0 0
545 0 0 0 0
546 0 0 0 0
547 0 0 0 0
548 0 0 0 0
549 0 0 0 0
550 0 0 0 0
551 0 0 0 0
552 0 0 0 0
553 0 0 0 0
554 0 0 0 0
555 0 0 0 0
556 0 0 0 0
557 0 0 0 0
558 0 0 0 0
559 0 0 0 0
560 0 0 0 0
561 0 0 0 0
562 0 0 0 0
563 0 0 0 0
564 0 0 0 0
565 0 0 0 0
566 0 0 0 0
567 0 0 0 0
568 0 0 0 0
569 0 0 0 0
570 0 0 0 0
571 0 0 0 0
572 0 0 0 0
573 0 0 0 0
574 0 0 0 0
575 0 0 0 0
576 0 0 0 0
577 0 0 0 0
578 0 0 0 0
579 0 0 0 0
580 0 0 0 0
581 0 0 0 0
582 0 0 0 0
583 0 0 0 0
584 0 0 0 0
585 0 0 0 0
586 0 0 0 0
587 0 0 0 0
588 0 0 0 0
589 0 0 0 0
590 0 0 0 0
591 0 0 0 0
592 0 0 0 0
593 0 0 0 0
594 0 0 0 0
595 0 0 0 0
596 0 0 0 0
597 0 0 0 0
598 0 0 0 0
599 0 0 0 0
600 0 0 0 0
601 0 0 0 0
602 0 0 0 0
603 0 0 0 0
604 0 0 0 0
605 0 0 0 0
606 0 0 0 0
607 0 0 0 0
608 0 0 0 0
609 0 0 0 0
610 0 0 0 0
611 0 0 0 0
612 0 0 0 0
613 0 0 0 0
614 0 0 0 0
615 0 0 0 0
616 0 0 0 0
617 0 0 0 0
618 0 0 0 0
619 0 0 0 0
620 0 0 0 0
621 0 0 0 0
622 0 0 0 0
623 0 0 0 0
624 0 0 0 0
625 0 0 0 0
626 0 0 0 0
627 0 0 0 0
628 0 0 0 0
629 0 0 0 0
630 0 0 0 0
631 0 0 0 0
632 0 0 0 0
633 0 0 0 0
634 0 0 0 0
635 0 0 0 0
636 0 0 0 0
637 0 0 0 0
638 0 0 0 0
639 0 0 0 0
640 0 0 0 0
641 0 0 0 0
642 0 0 0 0
643 0 0 0 0
644 0 0 0 0
645 0 0 0 0
646 0 0 0 0
647 0 0 0 0
648 0 0 0 0
649 0 0 0 0
650 0 0 0 0
651 0 0 0 0
652 0 0 0 0
653 0 0 0 0
654 0 0 0 0
655 0 0 0 0
656 0 0 0 0
657 0 0 0 0
658 0 0 0 0
659 0 0 0 0
660 0 0 0 0
661 0 0 0 0
662 0 0 0 0
663 0 0 0 0
664 0 0 0 0
665 0 0 0 0
666 0 0 0 0
667 0 0 0 0
668 0 0 0 0
669 0 0 0 0
670 0 0 0 0
671 0 0 0 0
672 0 0 0 0
673 0 0 0 0
674 0 0 0 0
675 0 0 0 0
676 0 0 0 0
677 0 0 0 0
678 0 0 0 0
679 0 0 0 0
680 0 0 0 0
681 0 0 0 0
682 0 0 0 0
683 0 0 0 0
684 0 0 0 0
685 0 0 0 0
686 0 0 0 0
687 0 0 0 0
688 0 0 0 0
689 0 0 0 0
690 0 0 0 0
691 0 0 0 0
692 0 0 0 0
693 0 0 0 0
694 0 0 0 0
695 0 0 0 0
696 0 0 0 0
697 0 0 0 0
698 0 0 0 0
699 0 0 0 0
700 0 0 0 0
701 0 0 0 0
702 0 0 0 0
703 0 0 0 0
704 0 0 0 0
705 0 0 0 0
706 0 0 0 0
707 0 0 0 0
708 0 0 0 0
709 0 0 0 0
710 0 0 0 0
711 0 0 0 0
712 0 0 0 0
713 0 0 0 0
714 0 0 0 0
715 0 0 0 0
716 0 0 0 0
717 0 0 0 0
718 0 0 0 0
719 0 0 0 0
720 0 0 0 0
721 0 0 0 0
722 0 0 0 0
723 0 0 0 0
724 0 0 0 0
725 0 0 0 0
726 0 0 0 0
727 0 0 0 0
