0 0 0 0 0
1 0 0 0 0
2 0 0 0 0
3 0 0 0 0
4 0 0 0 0
5 0 1 1 0
6 0 0 0 0
7 0 0 0 0
8 0 0 0 0
9 0 0 3 0
10 0 0 0 0
11 0 0 0 0
12 0 0 0 2
13 0 0 0 0
14 0 0 0 0
15 1 0 0 0
16 0 0 0 3
17 0 0 0 0
18 0 0 0 0
19 0 0 0 0
20 1 0 0 0
21 0 0 0 0
22 2 0 0 0
23 1 0 0 0
24 1 0 1 0
25 0 0 1 0
26 1 0 0 0
27 1 1 1 0
28 0 0 0 1
29 0 1 0 0
30 1 0 0 0
31 1 0 0 1
32 2 1 0 1
33 2 0 0 1
34 0 0 0 1
35 1 1 0 0
36 2 0 2 0
37 1 1 0 0
38 1 2 0 0
39 0 1 0 2
40 1 0 0 1
41 1 0 1 1
42 2 1 0 1
43 1 0 0 1
44 2 0 1 1
45 1 2 1 2
46 0 0 0 0
47 1 2 0 0
48 1 1 0 1
49 1 2 0 2
50 2 0 0 0
51 0 0 1 2
52 0 1 0 3
53 1 0 0 0
54 1 2 0 0
55 2 1 0 1
56 0 1 0 2
57 1 0 0 0
58 0 2 0 1
59 1 1 1 2
60 1 0 0 1
61 1 0 0 1
62 0 1 0 1
63 0 0 0 1
64 0 1 2 0
65 0 0 0 1
66 0 0 0 2
67 0 0 0 0
68 1 0 0 1
69 1 1 0 0
70 1 0 1 0
71 1 0 0 2
72 0 0 0 0
73 1 0 1 1
74 2 0 0 0
75 0 0 0 0
76 0 0 0 0
77 0 0 0 1
78 1 1 0 0
79 1 1 1 0
80 1 1 0 1
81 0 0 0 0
82 0 0 1 0
83 3 1 0 0
84 2 0 0 1
85 1 1 0 1
86 2 0 0 2
87 3 0 1 1
88 3 1 1 0
89 1 0 1 1
90 1 0 0 1
91 2 0 1 0
92 1 1 3 1
93 3 1 2 1
94 2 1 1 1
95 0 2 0 2
96 1 1 1 1
97 4 0 1 2
98 3 0 1 3
99 1 1 0 3
100 2 1 0 2
101 2 1 0 0
102 3 4 2 2
103 4 1 1 2
104 3 0 0 1
105 2 0 2 0
106 3 0 3 4
107 3 1 1 2
108 5 1 4 1
109 1 1 1 3
110 3 1 0 3
111 6 0 0 1
112 6 3 1 1
113 3 4 1 1
114 5 3 1 1
115 1 3 1 5
116 5 2 3 3
117 5 3 1 4
118 2 0 0 2
119 4 3 1 5
120 6 1 2 5
121 2 4 2 5
122 4 2 3 1
123 3 1 0 4
124 3 0 2 5
125 1 3 4 4
126 3 2 1 1
127 6 3 1 2
128 3 1 1 2
129 8 0 2 6
130 3 2 1 3
131 7 4 0 5
132 9 7 1 6
133 5 3 0 1
134 5 3 1 3
135 7 2 2 5
136 4 3 2 6
137 3 4 3 1
138 5 3 2 2
139 8 2 1 7
140 6 2 5 4
141 10 4 5 5
142 8 1 3 6
143 7 2 2 5
144 9 4 3 6
145 7 2 2 7
146 5 2 7 6
147 10 5 5 5
148 8 4 3 7
149 8 3 4 4
150 10 5 1 5
151 10 3 1 7
152 9 7 3 3
153 9 3 3 11
154 15 3 4 10
155 8 7 3 8
156 11 9 0 6
157 10 6 2 5
158 12 3 4 6
159 10 7 6 12
160 12 7 4 3
161 15 8 2 6
162 15 8 5 8
163 16 7 7 16
164 19 5 2 10
165 15 6 6 6
166 14 7 4 16
167 16 9 7 10
168 10 4 8 11
169 13 8 6 9
170 9 12 5 14
171 18 8 6 12
172 11 10 10 13
173 13 6 10 15
174 16 10 5 16
175 11 9 1 14
176 14 9 7 15
177 12 9 4 9
178 16 6 5 15
179 18 9 3 23
180 12 9 6 21
181 10 6 5 12
182 25 11 3 8
183 19 10 5 11
184 16 5 5 14
185 20 8 4 11
186 22 8 2 16
187 14 10 10 14
188 17 14 8 13
189 22 8 5 7
190 17 9 6 8
191 25 15 11 19
192 16 16 2 23
193 15 7 7 14
194 26 13 8 15
195 21 17 5 17
196 21 8 10 17
197 23 15 5 14
198 20 8 11 27
199 10 9 6 20
200 16 11 12 21
201 9 12 9 20
202 14 10 9 18
203 10 13 11 16
204 17 9 8 19
205 8 15 5 24
206 10 9 6 12
207 8 7 9 26
208 16 6 1 14
209 11 5 9 26
210 12 5 3 18
211 9 8 3 13
212 16 4 6 15
213 16 9 9 13
214 10 6 6 15
215 17 9 5 9
216 15 4 7 15
217 11 10 8 13
218 9 4 3 12
219 10 3 5 12
220 12 10 5 10
221 12 6 6 12
222 13 10 7 10
223 7 6 4 16
224 7 4 10 17
225 11 3 8 8
226 8 2 6 9
227 9 8 4 12
228 4 4 3 11
229 5 4 5 15
230 6 9 4 11
231 8 4 4 17
232 6 3 2 7
233 8 6 3 7
234 7 7 4 8
235 8 5 2 11
236 7 7 3 7
237 7 3 2 13
238 3 6 1 6
239 7 5 0 7
240 7 4 3 11
241 8 4 2 6
242 5 3 3 10
243 5 4 2 3
244 11 5 5 7
245 6 4 0 8
246 3 7 2 7
247 7 5 1 7
248 5 2 3 7
249 1 8 2 5
250 4 5 3 4
251 0 1 0 7
252 1 5 1 6
253 1 5 2 16
254 3 3 0 5
255 3 2 3 3
256 1 1 2 6
257 0 2 1 7
258 3 1 0 2
259 1 4 0 5
260 5 1 0 5
261 4 0 1 3
262 2 0 1 4
263 3 2 0 1
264 1 0 3 4
265 4 1 2 1
266 2 0 1 3
267 2 0 2 2
268 2 1 0 2
269 1 3 1 3
270 0 4 1 1
271 0 1 1 1
272 0 2 1 1
273 0 2 0 3
274 0 0 2 4
275 1 1 1 3
276 3 1 0 1
277 3 0 0 4
278 0 0 1 2
279 1 0 0 4
280 0 1 0 2
281 0 0 2 0
282 0 0 0 1
283 0 0 0 0
284 0 0 0 0
285 0 1 0 2
286 1 2 1 0
287 1 0 0 1
288 0 1 0 1
289 2 0 0 1
290 1 0 0 0
291 0 0 0 0
292 1 0 0 1
293 0 0 0 3
294 0 1 0 0
295 1 0 1 0
296 2 1 0 0
297 0 0 1 0
298 0 1 0 0
299 0 0 0 0
300 1 1 0 2
301 0 1 0 1
302 0 0 0 1
303 0 0 0 0
304 0 0 0 0
305 0 1 2 2
306 0 0 0 0
307 0 0 0 1
308 0 0 0 0
309 0 0 0 1
310 0 0 0 0
311 0 0 0 0
312 0 0 0 2
313 1 0 0 0
314 0 0 0 0
315 0 0 0 0
316 0 0 0 0
317 1 0 0 0
318 1 0 0 0
319 0 0 0 0
320 0 0 0 0
321 0 0 0 0
322 0 2 0 0
323 0 0 0 0
324 0 0 0 0
325 0 0 0 0
326 0 0 0 1
327 0 1 0 0
328 0 0 0 0
329 0 0 0 1
330 0 0 0 0
331 0 0 0 1
332 0 0 0 0
333 0 0 0 0
334 0 0 0 0
335 0 0 0 0
336 0 0 0 0
337 0 0 0 0
338 0 0 0 0
339 0 0 0 0
340 0 0 0 0
341 0 0 0 0
342 0 0 0 0
343 0 0 0 0
344 0 0 0 0
345 0 0 0 0
346 0 0 0 0
347 0 0 0 0
348 0 0 0 0
349 0 0 0 0
350 0 0 0 0
351 0 0 0 0
352 0 0 0 0
353 0 0 0 0
354 0 0 0 0
355 0 0 0 0
356 0 0 0 0
357 0 0 0 0
358 0 0 0 0
359 0 0 0 0
360 0 0 0 0
361 0 0 0 0
362 0 0 0 0
363 0 0 0 0
364 0 0 0 0
365 0 0 0 0
366 0 0 0 0
367 0 0 0 0
368 0 0 0 0
369 0 0 0 0
370 0 0 0 0
371 0 0 0 0
372 0 0 0 0
373 0 0 0 0
374 0 0 0 0
375 0 0 0 0
376 0 0 0 0
377 0 0 0 0
378 0 0 0 0
379 0 0 0 0
380 0 0 0 0
381 0 0 0 0
382 0 0 0 0
383 0 0 0 0
384 0 0 0 0
385 0 0 0 0
386 0 0 0 0
387 0 0 0 0
388 0 0 0 0
389 0 0 0 0
390 0 0 0 0
391 0 0 0 0
392 0 0 0 0
393 0 0 0 0
394 0 0 0 0
395 0 0 0 0
396 0 0 0 0
397 0 0 0 0
398 0 0 0 0
399 0 0 0 0
400 0 0 0 0
401 0 0 0 0
402 0 0 0 0
403 0 0 0 0
404 0 0 0 0
405 0 0 0 0
406 0 0 0 0
407 0 0 0 0
408 0 0 0 0
409 0 0 0 0
410 0 0 0 0
411 0 0 0 0
412 0 0 0 0
413 0 0 0 0
414 0 0 0 0
415 0 0 0 0
416 0 0 0 0
417 0 0 0 0
418 0 0 0 0
419 0 0 0 0
420 0 0 0 0
421 0 0 0 0
422 0 0 0 0
423 0 0 0 0
424 0 0 0 0
425 0 0 0 0
426 0 0 0 0
427 0 0 0 0
428 0 0 0 0
429 0 0 0 0
430 0 0 0 0
431 0 0 0 0
432 0 0 0 0
433 0 0 0 0
434 0 0 0 0
435 0 0 0 0
436 0 0 0 0
437 0 0 0 0
438 0 0 0 0
439 0 0 0 0
440 0 0 0 0
441 0 0 0 0
442 0 0 0 0
443 0 0 0 0
444 0 0 0 0
445 0 0 0 0
446 0 0 0 0
447 0 0 0 0
448 0 0 0 0
449 0 0 0 0
450 0 0 0 0
451 0 0 0 0
452 0 0 0 0
453 0 0 0 0
454 0 0 0 0
455 0 0 0 0
456 0 0 0 0
457 0 0 0 0
458 0 0 0 0
459 0 0 0 0
460 0 0 0 0
461 0 0 0 0
462 0 0 0 0
463 0 0 0 0
464 0 0 0 0
465 0 0 0 0
466 0 0 0 0
467 0 0 0 0
468 0 0 0 0
469 0 0 0 0
470 0 0 0 0
471 0 0 0 0
472 0 0 0 0
473 0 0 0 0
474 0 0 0 0
475 0 0 0 0
476 0 0 0 0
477 0 0 0 0
478 0 0 0 0
479 0 0 0 0
480 0 0 0 0
481 0 0 0 0
482 0 0 0 0
483 0 0 0 0
484 0 0 0 0
485 0 0 0 0
486 0 0 0 0
487 0 0 0 0
488 0 0 0 0
489 0 0 0 0
490 0 0 0 0
491 0 0 0 0
492 0 0 0 0
493 0 0 0 0
494 0 0 0 0
495 0 0 0 0
496 0 0 0 0
497 0 0 0 0
498 0 0 0 0
499 0 0 0 0
500 0 0 0 0
501 0 0 0 0
502 0 0 0 0
503 0 0 0 0
504 0 0 0 0
505 0 0 0 0
506 0 0 0 0
507 0 0 0 0
508 0 0 0 0
509 0 0 0 0
510 0 0 0 0
511 0 0 0 0
512 0 0 0 0
513 0 0 0 0
514 0 0 0 0
515 0 0 0 0
516 0 0 0 0
517 0 0 0 0
518 0 0 0 0
519 0 0 0 0
520 0 0 0 0
521 0 0 0 0
522 0 0 0 0
523 0 0 0 0
524 0 0 0 0
525 0 0 0 0
526 0 0 0 0
527 0 0 0 0
528 0 0 0 0
529 0 0 0 0
530 0 0 0 0
531 0 0 0 0
532 0 0 0 0
533 0 0 0 0
534 0 0 0 0
535 0 0 0 0
536 0 0 0 0
537 0 0 0 0
538 0 0 0 0
539 0 0 0 0
540 0 0 0 0
541 0 0 0 0
542 0 0 0 0
543 0 0 0 0
544 0 0 0 0
545 0 0 0 0
546 0 0 0 0
547 0 0 0 0
548 0 0 0 0
549 0 0 0 0
550 0 0 0 0
551 0 0 0 0
552 0 0 0 0
553 0 0 0 0
554 0 0 0 0
555 0 0 0 0
556 0 0 0 0
557 0 0 0 0
558 0 0 0 0
559 0 0 0 0
560 0 0 0 0
561 0 0 0 0
562 0 0 0 0
563 0 0 0 0
564 0 0 0 0
565 0 0 0 0
566 0 0 0 0
567 0 0 0 0
568 0 0 0 0
569 0 0 0 0
570 0 0 0 0
571 0 0 0 0
572 0 0 0 0
573 0 0 0 0
574 0 0 0 0
575 0 0 0 0
576 0 0 0 0
577 0 0 0 0
578 0 0 0 0
579 0 0 0 0
580 0 0 0 0
581 0 0 0 0
582 0 0 0 0
583 0 0 0 0
584 0 0 0 0
585 0 0 0 0
586 0 0 0 0
587 0 0 0 0
588 0 0 0 0
589 0 0 0 0
590 0 0 0 0
591 0 0 0 0
592 0 0 0 0
593 0 0 0 0
594 0 0 0 0
595 0 0 0 0
596 0 0 0 0
597 0 0 0 0
598 0 0 0 0
599 0 0 0 0
600 0 0 0 0
601 0 0 0 0
602 0 0 0 0
603 0 0 0 0
604 0 0 0 0
605 0 0 0 0
606 0 0 0 0
607 0 0 0 0
608 0 0 0 0
609 0 0 0 0
610 0 0 0 0
611 0 0 0 0
612 0 0 0 0
613 0 0 0 0
614 0 0 0 0
615 0 0 0 0
616 0 0 0 0
617 0 0 0 0
618 0 0 0 0
619 0 0 0 0
620 0 0 0 0
621 0 0 0 0
622 0 0 0 0
623 0 0 0 0
624 0 0 0 0
625 0 0 0 0
626 0 0 0 0
627 0 0 0 0
628 0 0 0 0
629 0 0 0 0
630 0 0 0 0
631 0 0 0 0
632 0 0 0 0
633 0 0 0 0
634 0 0 0 0
635 0 0 0 0
636 0 0 0 0
637 0 0 0 0
638 0 0 0 0
639 0 0 0 0
640 0 0 0 0
641 0 0 0 0
642 0 0 0 0
643 0 0 0 0
644 0 0 0 0
645 0 0 0 0
646 0 0 0 0
647 0 0 0 0
648 0 0 0 0
649 0 0 0 0
650 0 0 0 0
651 0 0 0 0
652 0 0 0 0
653 0 0 0 0
654 0 0 0 0
655 0 0 0 0
656 0 0 0 0
657 0 0 0 0
658 0 0 0 0
659 0 0 0 0
660 0 0 0 0
661 0 0 0 0
662 0 0 0 0
663 0 0 0 0
664 0 0 0 0
665 0 0 0 0
666 0 0 0 0
667 0 0 0 0
668 0 0 0 0
669 0 0 0 0
670 0 0 0 0
671 0 0 0 0
672 0 0 0 0
673 0 0 0 0
674 0 0 0 0
675 0 0 0 0
676 0 0 0 0
677 0 0 0 0
678 0 0 0 0
679 0 0 0 0
680 0 0 0 0
681 0 0 0 0
682 0 0 0 0
683 0 0 0 0
684 0 0 0 0
685 0 0 0 0
686 0 0 0 0
687 0 0 0 0
688 0 0 0 0
689 0 0 0 0
690 0 0 0 0
691 0 0 0 0
692 0 0 0 0
693 0 0 0 0
694 0 0 0 0
695 0 0 0 0
696 0 0 0 0
697 0 0 0 0
698 0 0 0 0
699 0 0 0 0
700 0 0 0 0
701 0 0 0 0
702 0 0 0 0
703 0 0 0 0
704 0 0 0 0
705 0 0 0 0
706 0 0 0 0
707 0 0 0 0
708 0 0 0 0
709 0 0 0 0
710 0 0 0 0
711 0 0 0 0
712 0 0 0 0
713 0 0 0 0
714 0 0 0 0
715 0 0 0 0
716 0 0 0 0
717 0 0 0 0
718 0 0 0 0
719 0 0 0 0
720 0 0 0 0
721 0 0 0 0
722 0 0 0 0
723 0 0 0 0
724 0 0 0 0
725 0 0 0 0
726 0 0 0 0
727 0 0 0 0
