0 0 0 0 0
1 0 0 0 0
2 0 0 0 0
3 0 0 0 0
4 0 0 0 0
5 0 1 4 0
6 0 0 0 0
7 0 0 0 0
8 0 0 0 0
9 0 0 0 3
10 0 0 0 0
11 0 0 0 0
12 0 0 0 2
13 0 0 0 0
14 0 0 0 0
15 0 0 0 0
16 2 0 0 0
17 2 0 0 0
18 0 0 0 0
19 3 0 0 0
20 1 0 0 0
21 0 1 0 0
22 2 0 1 0
23 1 0 0 0
24 1 1 1 0
25 2 0 2 0
26 2 1 0 1
27 0 1 0 0
28 0 2 1 2
29 1 0 0 3
30 1 1 0 0
31 1 2 0 0
32 0 0 0 1
33 1 0 1 1
34 0 0 1 2
35 0 1 0 3
36 0 1 0 0
37 1 0 0 1
38 1 1 0 1
39 2 0 0 0
40 0 0 0 0
41 0 0 0 1
42 1 2 0 2
43 2 1 0 1
44 1 0 1 0
45 1 0 0 0
46 0 0 0 1
47 0 0 1 0
48 1 1 0 0
49 4 1 0 1
50 1 1 0 1
51 2 0 0 2
52 3 0 2 1
53 3 0 1 1
54 4 0 0 0
55 0 0 0 0
56 2 1 0 2
57 0 0 0 2
58 4 3 2 0
59 2 1 4 0
60 2 1 0 1
61 3 4 1 0
62 4 0 1 2
63 0 3 1 2
64 1 0 1 2
65 2 1 0 4
66 3 1 0 3
67 2 3 0 2
68 2 0 1 4
69 2 1 0 1
70 1 2 1 3
71 1 3 0 2
72 2 0 1 1
73 1 2 0 1
74 3 2 1 5
75 1 2 1 3
76 4 2 0 0
77 5 0 2 0
78 6 1 0 0
79 2 1 0 3
80 3 1 1 3
81 5 1 1 6
82 4 0 2 0
83 2 1 2 0
84 3 0 0 2
85 5 3 1 2
86 6 4 2 2
87 3 3 5 1
88 2 1 3 1
89 4 1 1 3
90 1 2 2 7
91 2 3 1 6
92 1 1 0 5
93 3 3 0 2
94 3 5 2 6
95 1 0 3 3
96 4 1 1 2
97 2 0 1 0
98 0 0 3 4
99 7 0 1 3
100 6 2 1 4
101 3 1 2 3
102 7 3 1 3
103 7 2 0 3
104 5 2 2 3
105 4 2 3 4
106 8 2 1 4
107 7 2 3 1
108 5 2 5 3
109 8 2 0 4
110 5 1 3 1
111 5 3 5 6
112 7 2 3 5
113 9 5 3 3
114 6 4 4 3
115 6 4 1 10
116 9 7 1 3
117 5 3 2 6
118 10 4 4 5
119 9 3 2 7
120 9 2 4 9
121 5 3 3 7
122 6 3 4 7
123 13 5 1 5
124 13 3 2 6
125 12 8 4 5
126 6 1 3 7
127 15 5 5 8
128 6 7 2 5
129 14 4 4 11
130 11 4 2 1
131 16 5 1 7
132 12 10 6 10
133 8 8 4 8
134 15 8 5 7
135 10 6 5 7
136 12 11 4 8
137 14 4 8 9
138 7 6 7 13
139 11 4 5 20
140 7 10 6 12
141 14 8 6 12
142 11 8 1 12
143 10 3 7 11
144 12 5 5 16
145 9 6 2 11
146 12 10 7 8
147 8 4 5 13
148 19 6 4 16
149 9 5 0 7
150 17 6 4 17
151 13 4 6 12
152 22 6 5 10
153 17 5 10 10
154 19 4 2 5
155 19 11 6 9
156 23 3 7 5
157 18 15 9 12
158 17 10 9 4
159 15 12 5 16
160 18 7 14 12
161 15 16 8 19
162 18 10 6 14
163 21 8 5 18
164 14 7 7 22
165 21 8 6 23
166 17 10 5 10
167 11 10 14 22
168 20 10 3 20
169 16 12 6 17
170 21 9 5 11
171 18 9 4 19
172 24 17 6 8
173 30 11 7 20
174 20 12 8 19
175 29 14 11 16
176 26 7 7 21
177 22 15 5 14
178 22 11 11 18
179 25 12 7 26
180 24 15 14 16
181 23 12 12 20
182 27 14 11 23
183 16 9 11 14
184 24 20 9 18
185 22 19 8 20
186 22 13 14 23
187 25 17 11 29
188 18 8 7 26
189 32 16 10 31
190 33 6 13 23
191 38 14 6 30
192 25 11 4 18
193 31 8 7 23
194 23 24 8 26
195 39 20 10 20
196 30 27 7 22
197 36 12 15 20
198 34 18 13 27
199 33 15 13 25
200 18 16 18 26
201 27 21 11 31
202 29 16 11 29
203 24 16 16 27
204 24 23 10 31
205 27 15 7 27
206 19 28 15 32
207 15 19 9 34
208 25 14 15 30
209 23 12 14 26
210 19 16 6 31
211 19 19 6 34
212 14 9 11 29
213 11 6 9 30
214 17 13 18 24
215 18 12 7 25
216 13 12 6 28
217 17 12 8 14
218 7 8 4 26
219 12 15 7 21
220 18 11 5 20
221 17 9 8 28
222 16 9 6 15
223 14 6 4 18
224 13 9 8 19
225 7 7 6 13
226 8 9 2 17
227 8 11 3 10
228 13 6 8 16
229 14 8 5 13
230 8 10 4 10
231 9 3 5 22
232 12 5 7 15
233 11 10 2 11
234 11 3 5 12
235 10 4 6 10
236 5 3 0 12
237 6 14 5 12
238 6 9 6 8
239 9 3 5 11
240 6 8 2 7
241 8 7 1 12
242 6 6 3 18
243 6 4 3 7
244 6 5 7 16
245 4 4 1 8
246 4 1 3 5
247 2 6 2 12
248 8 4 4 10
249 4 5 1 9
250 6 2 3 2
251 8 2 4 10
252 8 3 2 5
253 5 3 2 8
254 1 3 2 7
255 4 3 2 5
256 3 4 1 3
257 6 5 5 5
258 5 3 1 7
259 5 1 3 8
260 4 5 3 5
261 7 3 1 10
262 2 1 3 2
263 3 2 2 4
264 3 0 1 10
265 2 5 1 7
266 0 4 2 1
267 1 3 1 5
268 2 2 4 0
269 1 2 1 7
270 1 2 2 4
271 1 1 1 5
272 1 0 1 9
273 2 0 0 3
274 2 0 0 3
275 0 0 0 1
276 2 1 0 3
277 2 1 1 1
278 3 2 0 2
279 3 1 2 0
280 3 1 0 0
281 3 1 1 1
282 0 2 0 1
283 2 0 1 4
284 0 0 0 2
285 2 3 0 2
286 3 2 2 0
287 1 1 1 1
288 1 4 1 1
289 0 1 0 3
290 0 1 0 1
291 0 0 1 1
292 1 1 0 5
293 0 1 0 4
294 2 0 1 2
295 1 0 1 2
296 1 0 0 1
297 1 0 2 1
298 0 0 0 1
299 1 2 0 0
300 1 1 0 0
301 0 0 1 2
302 0 0 1 1
303 0 0 0 1
304 0 0 0 2
305 0 1 0 0
306 1 0 0 1
307 0 0 0 1
308 0 1 0 1
309 1 0 0 1
310 0 0 0 0
311 0 0 0 0
312 0 0 0 0
313 0 0 0 0
314 0 1 0 0
315 0 1 0 1
316 0 0 0 0
317 0 0 0 0
318 0 0 0 0
319 0 0 0 0
320 0 0 0 0
321 0 0 0 1
322 0 0 0 1
323 0 0 0 0
324 0 0 0 0
325 0 0 0 0
326 0 0 0 0
327 0 0 0 0
328 0 0 0 0
329 0 0 0 0
330 0 0 0 0
331 0 0 0 0
332 0 0 0 0
333 0 0 0 0
334 0 0 0 0
335 0 0 0 0
336 0 0 0 0
337 0 0 0 0
338 0 0 0 0
339 0 0 0 0
340 0 0 0 0
341 0 0 0 0
342 0 0 0 0
343 0 0 0 0
344 0 0 0 0
345 0 0 0 0
346 0 0 0 0
347 0 0 0 0
348 0 0 0 0
349 0 0 0 0
350 0 0 0 0
351 0 0 0 0
352 0 0 0 0
353 0 0 0 0
354 0 0 0 0
355 0 0 0 0
356 0 0 0 0
357 0 0 0 0
358 0 0 0 0
359 0 0 0 0
360 0 0 0 0
361 0 0 0 0
362 0 0 0 0
363 0 0 0 0
364 0 0 0 0
365 0 0 0 0
366 0 0 0 0
367 0 0 0 0
368 0 0 0 0
369 0 0 0 0
370 0 0 0 0
371 0 0 0 0
372 0 0 0 0
373 0 0 0 0
374 0 0 0 0
375 0 0 0 0
376 0 0 0 0
377 0 0 0 0
378 0 0 0 0
379 0 0 0 0
380 0 0 0 0
381 0 0 0 0
382 0 0 0 0
383 0 0 0 0
384 0 0 0 0
385 0 0 0 0
386 0 0 0 0
387 0 0 0 0
388 0 0 0 0
389 0 0 0 0
390 0 0 0 0
391 0 0 0 0
392 0 0 0 0
393 0 0 0 0
394 0 0 0 0
395 0 0 0 0
396 0 0 0 0
397 0 0 0 0
398 0 0 0 0
399 0 0 0 0
400 0 0 0 0
401 0 0 0 0
402 0 0 0 0
403 0 0 0 0
404 0 0 0 0
405 0 0 0 0
406 0 0 0 0
407 0 0 0 0
408 0 0 0 0
409 0 0 0 0
410 0 0 0 0
411 0 0 0 0
412 0 0 0 0
413 0 0 0 0
414 0 0 0 0
415 0 0 0 0
416 0 0 0 0
417 0 0 0 0
418 0 0 0 0
419 0 0 0 0
420 0 0 0 0
421 0 0 0 0
422 0 0 0 0
423 0 0 0 0
424 0 0 0 0
425 0 0 0 0
426 0 0 0 0
427 0 0 0 0
428 0 0 0 0
429 0 0 0 0
430 0 0 0 0
431 0 0 0 0
432 0 0 0 0
433 0 0 0 0
434 0 0 0 0
435 0 0 0 0
436 0 0 0 0
437 0 0 0 0
438 0 0 0 0
439 0 0 0 0
440 0 0 0 0
441 0 0 0 0
442 0 0 0 0
443 0 0 0 0
444 0 0 0 0
445 0 0 0 0
446 0 0 0 0
447 0 0 0 0
448 0 0 0 0
449 0 0 0 0
450 0 0 0 0
451 0 0 0 0
452 0 0 0 0
453 0 0 0 0
454 0 0 0 0
455 0 0 0 0
456 0 0 0 0
457 0 0 0 0
458 0 0 0 0
459 0 0 0 0
460 0 0 0 0
461 0 0 0 0
462 0 0 0 0
463 0 0 0 0
464 0 0 0 0
465 0 0 0 0
466 0 0 0 0
467 0 0 0 0
468 0 0 0 0
469 0 0 0 0
470 0 0 0 0
471 0 0 0 0
472 0 0 0 0
473 0 0 0 0
474 0 0 0 0
475 0 0 0 0
476 0 0 0 0
477 0 0 0 0
478 0 0 0 0
479 0 0 0 0
480 0 0 0 0
481 0 0 0 0
482 0 0 0 0
483 0 0 0 0
484 0 0 0 0
485 0 0 0 0
486 0 0 0 0
487 0 0 0 0
488 0 0 0 0
489 0 0 0 0
490 0 0 0 0
491 0 0 0 0
492 0 0 0 0
493 0 0 0 0
494 0 0 0 0
495 0 0 0 0
496 0 0 0 0
497 0 0 0 0
498 0 0 0 0
499 0 0 0 0
500 0 0 0 0
501 0 0 0 0
502 0 0 0 0
503 0 0 0 0
504 0 0 0 0
505 0 0 0 0
506 0 0 0 0
507 0 0 0 0
508 0 0 0 0
509 0 0 0 0
510 0 0 0 0
511 0 0 0 0
512 0 0 0 0
513 0 0 0 0
514 0 0 0 0
515 0 0 0 0
516 0 0 0 0
517 0 0 0 0
518 0 0 0 0
519 0 0 0 0
520 0 0 0 0
521 0 0 0 0
522 0 0 0 0
523 0 0 0 0
524 0 0 0 0
525 0 0 0 0
526 0 0 0 0
527 0 0 0 0
528 0 0 0 0
529 0 0 0 0
530 0 0 0 0
531 0 0 0 0
532 0 0 0 0
533 0 0 0 0
534 0 0 0 0
535 0 0 0 0
536 0 0 0 0
537 0 0 0 0
538 0 0 0 0
539 0 0 0 0
540 0 0 0 0
541 0 0 0 0
542 0 0 0 0
543 0 0 0 0
544 0 0 0 0
545 0 0 0 0
546 0 0 0 0
547 0 0 0 0
548 0 0 0 0
549 0 0 0 0
550 0 0 0 0
551 0 0 0 0
552 0 0 0 0
553 0 0 0 0
554 0 0 0 0
555 0 0 0 0
556 0 0 0 0
557 0 0 0 0
558 0 0 0 0
559 0 0 0 0
560 0 0 0 0
561 0 0 0 0
562 0 0 0 0
563 0 0 0 0
564 0 0 0 0
565 0 0 0 0
566 0 0 0 0
567 0 0 0 0
568 0 0 0 0
569 0 0 0 0
570 0 0 0 0
571 0 0 0 0
572 0 0 0 0
573 0 0 0 0
574 0 0 0 0
575 0 0 0 0
576 0 0 0 0
577 0 0 0 0
578 0 0 0 0
579 0 0 0 0
580 0 0 0 0
581 0 0 0 0
582 0 0 0 0
583 0 0 0 0
584 0 0 0 0
585 0 0 0 0
586 0 0 0 0
587 0 0 0 0
588 0 0 0 0
589 0 0 0 0
590 0 0 0 0
591 0 0 0 0
592 0 0 0 0
593 0 0 0 0
594 0 0 0 0
595 0 0 0 0
596 0 0 0 0
597 0 0 0 0
598 0 0 0 0
599 0 0 0 0
600 0 0 0 0
601 0 0 0 0
602 0 0 0 0
603 0 0 0 0
604 0 0 0 0
605 0 0 0 0
606 0 0 0 0
607 0 0 0 0
608 0 0 0 0
609 0 0 0 0
610 0 0 0 0
611 0 0 0 0
612 0 0 0 0
613 0 0 0 0
614 0 0 0 0
615 0 0 0 0
616 0 0 0 0
617 0 0 0 0
618 0 0 0 0
619 0 0 0 0
620 0 0 0 0
621 0 0 0 0
622 0 0 0 0
623 0 0 0 0
624 0 0 0 0
625 0 0 0 0
626 0 0 0 0
627 0 0 0 0
628 0 0 0 0
629 0 0 0 0
630 0 0 0 0
631 0 0 0 0
632 0 0 0 0
633 0 0 0 0
634 0 0 0 0
635 0 0 0 0
636 0 0 0 0
637 0 0 0 0
638 0 0 0 0
639 0 0 0 0
640 0 0 0 0
641 0 0 0 0
642 0 0 0 0
643 0 0 0 0
644 0 0 0 0
645 0 0 0 0
646 0 0 0 0
647 0 0 0 0
648 0 0 0 0
649 0 0 0 0
650 0 0 0 0
651 0 0 0 0
652 0 0 0 0
653 0 0 0 0
654 0 0 0 0
655 0 0 0 0
656 0 0 0 0
657 0 0 0 0
658 0 0 0 0
659 0 0 0 0
660 0 0 0 0
661 0 0 0 0
662 0 0 0 0
663 0 0 0 0
664 0 0 0 0
665 0 0 0 0
666 0 0 0 0
667 0 0 0 0
668 0 0 0 0
669 0 0 0 0
670 0 0 0 0
671 0 0 0 0
672 0 0 0 0
673 0 0 0 0
674 0 0 0 0
675 0 0 0 0
676 0 0 0 0
677 0 0 0 0
678 0 0 0 0
679 0 0 0 0
680 0 0 0 0
681 0 0 0 0
682 0 0 0 0
683 0 0 0 0
684 0 0 0 0
685 0 0 0 0
686 0 0 0 0
687 0 0 0 0
688 0 0 0 0
689 0 0 0 0
690 0 0 0 0
691 0 0 0 0
692 0 0 0 0
693 0 0 0 0
694 0 0 0 0
695 0 0 0 0
696 0 0 0 0
697 0 0 0 0
698 0 0 0 0
699 0 0 0 0
700 0 0 0 0
701 0 0 0 0
702 0 0 0 0
703 0 0 0 0
704 0 0 0 0
705 0 0 0 0
706 0 0 0 0
707 0 0 0 0
708 0 0 0 0
709 0 0 0 0
710 0 0 0 0
711 0 0 0 0
712 0 0 0 0
713 0 0 0 0
714 0 0 0 0
715 0 0 0 0
716 0 0 0 0
717 0 0 0 0
718 0 0 0 0
719 0 0 0 0
720 0 0 0 0
721 0 0 0 0
722 0 0 0 0
723 0 0 0 0
724 0 0 0 0
725 0 0 0 0
726 0 0 0 0
727 0 0 0 0
