0 0 0 0 0
1 0 0 0 0
2 0 0 0 0
3 0 0 0 0
4 0 0 0 0
5 0 2 1 0
6 0 0 0 0
7 0 0 0 0
8 0 0 0 0
9 0 1 1 3
10 0 0 0 0
11 0 0 0 0
12 0 0 0 0
13 0 0 0 0
14 0 0 0 0
15 0 0 0 0
16 0 0 0 2
17 0 0 0 0
18 1 0 0 0
19 0 0 0 0
20 0 0 0 0
21 1 0 0 0
22 2 0 0 0
23 1 0 0 0
24 0 0 0 0
25 2 0 0 0
26 1 1 0 0
27 1 1 1 0
28 1 0 0 0
29 3 0 0 0
30 4 2 0 1
31 1 2 0 1
32 0 1 0 0
33 0 1 0 0
34 1 0 0 3
35 0 0 0 0
36 1 1 0 1
37 1 0 0 0
38 0 2 1 2
39 1 4 1 0
40 0 1 0 2
41 0 0 1 0
42 0 1 0 3
43 0 0 0 2
44 0 0 1 1
45 0 0 0 0
46 0 0 0 3
47 0 0 0 0
48 0 0 0 2
49 1 0 0 1
50 1 0 0 0
51 3 0 0 0
52 3 0 0 0
53 2 0 0 0
54 2 0 1 0
55 2 1 0 0
56 2 1 1 0
57 2 0 1 0
58 4 0 1 1
59 4 2 0 0
60 3 1 1 1
61 1 1 2 0
62 1 2 0 2
63 3 1 0 1
64 2 2 3 3
65 2 2 1 0
66 0 1 1 3
67 1 2 1 0
68 0 0 1 6
69 0 0 2 1
70 4 0 0 3
71 3 0 1 5
72 4 3 0 3
73 3 1 0 2
74 3 0 2 0
75 1 1 1 1
76 1 1 1 2
77 3 2 0 0
78 1 0 0 2
79 1 3 1 2
80 4 1 0 2
81 7 3 0 2
82 3 3 2 1
83 1 1 0 4
84 1 2 0 1
85 4 0 1 0
86 4 3 3 5
87 5 2 0 2
88 3 0 1 3
89 6 3 1 1
90 4 2 4 4
91 4 3 0 3
92 2 2 1 1
93 5 1 1 4
94 7 2 2 5
95 2 3 2 2
96 6 3 1 2
97 3 0 1 3
98 6 2 4 3
99 5 1 2 7
100 5 2 2 4
101 3 4 2 3
102 4 1 1 6
103 5 7 3 2
104 2 1 1 3
105 5 2 3 5
106 5 2 2 4
107 9 2 2 6
108 3 4 3 5
109 7 0 3 0
110 6 3 1 7
111 12 4 0 4
112 3 3 2 6
113 9 1 2 4
114 10 4 0 2
115 8 4 6 8
116 8 3 6 2
117 6 0 2 2
118 9 7 3 5
119 6 5 3 10
120 6 5 4 5
121 8 7 3 4
122 8 5 1 11
123 13 4 6 11
124 11 4 2 4
125 11 1 2 6
126 10 6 1 6
127 7 10 0 14
128 9 4 5 7
129 15 7 3 5
130 7 6 4 9
131 11 5 3 7
132 14 5 4 6
133 11 5 4 9
134 6 11 3 13
135 13 3 3 7
136 13 9 5 11
137 14 7 4 6
138 11 4 4 14
139 16 5 4 7
140 14 4 5 11
141 8 13 4 14
142 13 10 5 5
143 10 4 5 11
144 9 9 6 9
145 11 7 5 16
146 12 7 4 11
147 8 6 6 10
148 13 4 8 12
149 8 6 4 10
150 11 7 5 10
151 9 7 5 11
152 15 7 3 13
153 11 8 7 13
154 14 4 0 14
155 11 7 1 18
156 14 5 2 9
157 16 9 5 10
158 23 10 6 7
159 12 14 4 8
160 16 6 4 12
161 25 5 6 8
162 18 9 5 16
163 19 13 4 15
164 19 6 7 13
165 19 12 5 8
166 18 12 8 14
167 17 10 9 12
168 11 9 6 18
169 15 10 4 14
170 18 17 5 19
171 9 14 5 14
172 14 8 7 14
173 12 4 12 19
174 19 10 7 20
175 17 9 8 21
176 11 10 5 16
177 18 7 7 23
178 16 11 6 12
179 21 17 2 17
180 14 10 5 13
181 20 6 5 16
182 19 8 9 14
183 24 6 6 19
184 19 6 9 13
185 19 7 2 17
186 24 8 6 18
187 26 13 11 14
188 24 15 7 11
189 27 16 10 14
190 14 8 6 15
191 26 14 9 20
192 24 16 12 17
193 26 8 12 15
194 30 13 16 17
195 26 9 7 25
196 23 17 9 28
197 25 12 11 19
198 23 12 12 26
199 21 9 14 20
200 16 16 5 19
201 19 11 12 22
202 26 21 6 26
203 13 17 8 24
204 20 14 10 24
205 19 12 6 25
206 19 11 7 28
207 13 15 11 25
208 14 12 6 16
209 10 9 16 21
210 13 10 12 24
211 9 11 7 25
212 18 10 2 18
213 23 8 6 19
214 9 13 5 26
215 15 11 9 18
216 12 7 5 21
217 18 8 8 19
218 10 10 4 18
219 11 5 7 13
220 12 7 5 11
221 9 10 2 18
222 12 11 7 15
223 6 4 5 7
224 7 8 3 17
225 4 11 5 18
226 10 12 5 18
227 8 4 4 9
228 8 6 5 8
229 12 1 4 16
230 7 3 2 16
231 11 7 6 8
232 5 3 4 15
233 9 2 6 8
234 5 7 1 10
235 3 5 2 12
236 7 5 3 6
237 8 4 2 5
238 4 6 8 13
239 5 4 2 7
240 2 4 4 10
241 4 2 4 3
242 4 5 1 7
243 3 2 2 6
244 2 5 0 9
245 4 4 2 10
246 3 4 2 5
247 4 3 2 6
248 7 1 2 4
249 3 0 0 5
250 5 3 1 5
251 6 1 1 10
252 5 3 1 5
253 13 3 3 2
254 5 1 2 5
255 5 5 2 4
256 2 3 1 3
257 7 7 2 4
258 8 5 3 3
259 3 1 3 6
260 2 4 1 5
261 4 1 1 5
262 2 10 1 5
263 1 5 2 2
264 1 4 1 6
265 2 1 0 8
266 5 6 0 9
267 4 1 3 3
268 1 0 0 3
269 4 0 1 5
270 3 2 0 7
271 2 3 2 5
272 1 2 0 1
273 1 0 1 5
274 0 3 2 3
275 0 2 1 4
276 3 2 2 1
277 1 2 0 0
278 0 1 0 6
279 2 1 0 2
280 2 0 1 3
281 2 1 1 3
282 2 0 0 2
283 1 0 0 3
284 2 1 0 1
285 2 1 1 0
286 1 4 0 0
287 0 0 1 1
288 0 1 0 2
289 0 2 0 1
290 0 0 1 3
291 1 1 0 2
292 0 0 0 1
293 0 0 0 2
294 1 2 0 0
295 0 1 0 1
296 0 0 1 1
297 1 0 0 1
298 0 0 0 2
299 0 0 0 0
300 1 0 0 1
301 1 0 1 1
302 1 1 0 1
303 0 0 0 0
304 1 0 0 0
305 1 0 0 1
306 2 1 0 1
307 0 0 1 0
308 1 0 0 0
309 0 0 2 0
310 1 0 1 1
311 0 1 1 0
312 0 0 0 0
313 0 1 0 1
314 0 0 0 1
315 1 0 0 0
316 0 0 0 1
317 0 0 0 2
318 1 0 0 2
319 0 1 0 0
320 0 1 0 0
321 0 0 0 0
322 1 0 0 0
323 0 0 0 0
324 1 0 0 0
325 0 0 0 0
326 0 0 0 1
327 1 0 1 1
328 1 0 0 0
329 1 0 0 0
330 0 0 0 0
331 0 1 0 1
332 1 0 0 0
333 0 1 0 0
334 1 0 0 0
335 1 0 0 1
336 0 1 0 0
337 0 0 1 0
338 0 1 0 0
339 0 0 1 0
340 0 0 1 2
341 0 1 0 1
342 0 0 0 0
343 0 0 0 0
344 0 0 0 0
345 0 0 0 1
346 0 0 0 1
347 0 0 0 1
348 0 0 0 1
349 0 0 0 0
350 0 0 0 0
351 1 0 0 0
352 0 0 0 0
353 1 0 0 0
354 0 0 0 0
355 0 0 0 0
356 0 0 0 0
357 0 0 0 0
358 1 1 0 0
359 0 0 0 0
360 0 0 1 0
361 0 0 0 0
362 0 0 0 0
363 0 0 0 0
364 0 0 0 0
365 0 0 0 1
366 0 0 0 0
367 0 0 1 1
368 0 0 0 0
369 0 0 0 0
370 0 0 0 0
371 0 0 0 1
372 0 0 0 0
373 0 0 0 0
374 0 0 0 0
375 1 0 0 0
376 0 0 0 0
377 0 0 0 0
378 0 0 0 0
379 0 0 0 0
380 1 0 0 0
381 0 0 0 0
382 0 0 0 0
383 0 0 0 0
384 0 1 0 0
385 0 1 0 0
386 0 0 0 0
387 1 0 0 0
388 1 0 0 0
389 0 0 0 1
390 0 0 0 0
391 0 0 0 1
392 0 0 0 0
393 0 1 0 0
394 0 0 0 0
395 0 0 0 0
396 0 0 1 0
397 0 0 0 0
398 0 0 0 0
399 0 0 0 0
400 0 0 0 1
401 0 0 0 0
402 0 0 0 0
403 0 0 0 1
404 0 0 0 0
405 0 0 0 0
406 0 0 0 0
407 0 0 0 0
408 0 0 0 0
409 1 0 0 0
410 2 0 0 0
411 1 0 0 0
412 0 0 0 0
413 0 0 0 0
414 1 1 0 0
415 1 1 1 0
416 1 0 0 0
417 0 0 0 0
418 0 0 0 0
419 0 0 0 1
420 0 1 1 0
421 1 1 0 1
422 0 0 0 1
423 1 1 0 0
424 0 0 0 2
425 1 0 0 1
426 0 0 0 0
427 0 0 0 0
428 0 0 1 0
429 1 0 0 0
430 1 1 0 1
431 2 0 0 0
432 1 0 0 0
433 0 0 0 0
434 0 0 1 0
435 1 0 1 1
436 0 0 2 0
437 0 0 0 1
438 1 1 0 0
439 2 0 0 0
440 0 0 0 2
441 2 1 0 1
442 0 0 0 2
443 1 0 1 0
444 0 1 1 0
445 0 0 0 0
446 1 1 0 0
447 2 0 0 0
448 2 0 2 2
449 1 0 0 0
450 2 0 1 1
451 2 0 0 1
452 0 0 1 0
453 1 0 0 2
454 0 0 0 0
455 0 3 0 2
456 0 2 0 1
457 0 0 2 0
458 1 1 1 0
459 0 0 0 1
460 0 1 0 3
461 3 0 0 1
462 0 0 0 2
463 1 0 0 0
464 1 0 0 2
465 1 0 0 1
466 2 1 1 0
467 1 1 0 0
468 0 1 0 0
469 2 1 0 0
470 2 1 0 1
471 0 1 0 1
472 1 0 0 1
473 1 0 0 1
474 0 1 1 0
475 2 3 0 1
476 0 1 0 1
477 0 0 0 1
478 1 1 1 1
479 0 0 0 2
480 1 0 1 1
481 0 1 0 1
482 0 0 0 2
483 0 0 0 0
484 1 1 0 1
485 0 1 0 1
486 0 0 0 0
487 0 1 0 0
488 1 0 0 1
489 0 0 1 0
490 2 0 0 0
491 2 0 0 1
492 1 0 0 1
493 0 1 0 1
494 0 0 0 1
495 1 2 0 0
496 0 0 1 0
497 2 1 0 0
498 2 0 0 0
499 0 0 0 0
500 0 0 2 2
501 0 0 0 1
502 1 0 1 2
503 0 1 0 0
504 1 0 0 1
505 1 0 0 0
506 1 1 0 0
507 0 1 0 2
508 0 0 0 0
509 0 0 0 1
510 0 0 1 0
511 0 0 1 1
512 1 0 0 0
513 2 1 0 1
514 0 0 0 0
515 2 1 0 1
516 2 0 0 0
517 1 0 0 2
518 1 1 1 0
519 2 0 0 0
520 1 0 0 0
521 2 2 0 0
522 1 0 0 2
523 1 0 0 0
524 0 0 2 0
525 2 0 1 1
526 1 1 0 0
527 1 0 1 0
528 0 1 1 3
529 0 0 1 0
530 0 3 1 0
531 0 0 1 2
532 0 1 0 3
533 0 0 0 2
534 1 0 0 3
535 0 1 0 1
536 0 1 0 0
537 1 0 0 1
538 0 0 0 0
539 1 1 0 2
540 1 0 0 0
541 2 0 0 0
542 0 1 0 0
543 0 0 0 2
544 0 0 1 0
545 1 0 0 0
546 0 1 0 0
547 0 0 0 0
548 2 0 0 0
549 2 0 1 1
550 2 0 1 0
551 0 0 0 1
552 1 0 0 0
553 2 0 0 1
554 1 1 0 0
555 0 2 0 0
556 0 0 0 1
557 2 2 0 1
558 1 2 2 1
559 0 1 0 0
560 1 0 0 0
561 1 0 1 0
562 0 1 0 4
563 1 0 0 1
564 0 0 0 2
565 1 0 1 3
566 1 2 0 0
567 1 1 0 0
568 0 0 0 0
569 0 0 0 2
570 1 1 0 2
571 0 1 0 1
572 2 2 0 0
573 1 0 0 0
574 0 0 0 1
575 0 1 0 0
576 0 0 0 1
577 0 1 0 0
578 2 0 1 1
579 1 0 0 2
580 0 0 0 0
581 1 1 0 1
582 0 0 0 1
583 1 1 0 0
584 0 1 0 0
585 2 0 0 0
586 0 1 0 0
587 0 0 1 0
588 0 0 0 1
589 0 0 0 0
590 0 0 0 1
591 0 0 0 2
592 0 1 0 0
593 0 0 0 1
594 0 1 1 0
595 0 0 0 0
596 0 0 0 1
597 0 0 0 0
598 0 0 0 1
599 0 0 0 0
600 0 0 0 0
601 0 0 0 1
602 0 0 0 0
603 0 0 0 0
604 0 0 0 0
605 0 0 0 0
606 0 0 0 0
607 0 0 0 0
608 0 0 0 0
609 1 0 0 0
610 0 0 0 0
611 1 0 0 0
612 0 0 0 0
613 0 0 0 0
614 0 0 1 0
615 0 0 0 0
616 0 0 0 0
617 0 0 0 0
618 0 0 0 1
619 0 0 0 0
620 0 1 0 0
621 0 0 0 0
622 0 0 0 0
623 0 0 0 0
624 0 0 0 0
625 0 0 0 0
626 0 0 0 0
627 0 0 0 1
628 0 0 0 0
629 0 0 0 0
630 0 0 0 0
631 0 0 0 0
632 0 0 0 0
633 0 0 0 0
634 0 0 0 0
635 0 0 0 0
636 0 0 0 0
637 0 0 0 0
638 0 0 0 0
639 0 0 0 0
640 0 0 0 0
641 0 0 0 0
642 0 0 0 0
643 0 0 0 0
644 0 0 0 0
645 0 0 0 0
646 0 0 0 0
647 0 0 0 0
648 0 0 0 0
649 0 0 0 0
650 0 0 0 0
651 0 0 0 0
652 0 0 0 0
653 0 0 0 0
654 0 0 0 0
655 0 0 0 0
656 0 0 0 0
657 0 0 0 0
658 0 0 0 0
659 0 0 0 0
660 0 0 0 0
661 0 0 0 0
662 0 0 0 0
663 0 0 0 0
664 0 0 0 0
665 0 0 0 0
666 0 0 0 0
667 0 0 0 0
668 0 0 0 0
669 0 0 0 0
670 0 0 0 0
671 0 0 0 0
672 0 0 0 0
673 0 0 0 0
674 0 0 0 0
675 0 0 0 0
676 0 0 0 0
677 0 0 0 0
678 0 0 0 0
679 0 0 0 0
680 0 0 0 0
681 0 0 0 0
682 0 0 0 0
683 0 0 0 0
684 0 0 0 0
685 0 0 0 0
686 0 0 0 0
687 0 0 0 0
688 0 0 0 0
689 0 0 0 0
690 0 0 0 0
691 0 0 0 0
692 0 0 0 0
693 0 0 0 0
694 0 0 0 0
695 0 0 0 0
696 0 0 0 0
697 0 0 0 0
698 0 0 0 0
699 0 0 0 0
700 0 0 0 0
701 0 0 0 0
702 0 0 0 0
703 0 0 0 0
704 0 0 0 0
705 0 0 0 0
706 0 0 0 0
707 0 0 0 0
708 0 0 0 0
709 0 0 0 0
710 0 0 0 0
711 0 0 0 0
712 0 0 0 0
713 0 0 0 0
714 0 0 0 0
715 0 0 0 0
716 0 0 0 0
717 0 0 0 0
718 0 0 0 0
719 0 0 0 0
720 0 0 0 0
721 0 0 0 0
722 0 0 0 0
723 0 0 0 0
724 0 0 0 0
725 0 0 0 0
726 0 0 0 0
727 0 0 0 0
