0 0 0 0 0
1 0 0 0 0
2 0 0 0 0
3 0 0 0 0
4 0 0 0 0
5 0 2 0 0
6 0 0 0 0
7 0 0 0 0
8 0 0 0 0
9 0 0 3 2
10 0 0 0 0
11 0 0 0 0
12 0 0 0 0
13 0 0 0 0
14 0 0 0 0
15 1 0 0 0
16 0 0 0 3
17 1 0 0 0
18 2 0 0 0
19 1 0 0 0
20 1 1 0 0
21 1 0 0 0
22 1 0 0 0
23 0 0 2 0
24 0 0 0 1
25 3 0 0 0
26 1 2 0 0
27 0 1 0 1
28 1 0 1 0
29 0 1 0 0
30 0 1 0 2
31 0 0 0 1
32 1 0 0 1
33 2 0 0 2
34 0 0 2 1
35 0 0 1 0
36 0 0 0 0
37 1 1 0 0
38 1 0 1 1
39 1 0 0 0
40 0 0 0 1
41 0 1 0 1
42 0 2 0 1
43 0 0 0 0
44 1 1 0 0
45 0 0 0 2
46 2 0 0 1
47 2 0 1 0
48 4 0 0 0
49 1 0 0 1
50 2 0 0 0
51 2 1 0 2
52 2 1 0 0
53 3 2 0 0
54 1 0 0 0
55 3 1 1 1
56 1 0 1 1
57 2 4 0 1
58 1 1 1 0
59 3 1 0 1
60 2 1 1 2
61 1 0 2 1
62 2 1 2 1
63 3 2 0 0
64 1 2 2 4
65 1 1 0 5
66 0 3 0 1
67 3 1 0 2
68 1 2 1 2
69 1 0 2 4
70 0 1 0 1
71 1 1 0 2
72 1 1 0 1
73 0 0 1 3
74 1 0 0 2
75 1 0 0 3
76 4 2 2 1
77 2 1 0 1
78 0 1 0 0
79 2 1 0 1
80 4 1 0 1
81 2 2 0 0
82 1 1 1 1
83 9 0 0 3
84 2 1 1 2
85 3 3 1 0
86 1 1 1 2
87 5 0 0 0
88 4 2 1 2
89 4 4 0 2
90 2 2 1 1
91 6 2 1 2
92 2 6 2 4
93 0 1 2 3
94 3 3 0 1
95 5 2 1 4
96 4 4 2 5
97 4 0 1 5
98 1 0 0 2
99 2 3 1 6
100 2 3 3 3
101 1 2 0 4
102 2 1 2 1
103 3 0 1 6
104 3 0 1 4
105 4 3 0 2
106 2 1 1 4
107 3 1 1 3
108 6 2 2 1
109 6 3 1 3
110 6 1 1 1
111 2 1 1 2
112 6 0 1 2
113 2 4 1 3
114 4 4 2 1
115 4 4 1 3
116 6 3 1 2
117 5 3 2 4
118 3 1 1 6
119 3 1 3 4
120 3 2 0 5
121 3 4 1 6
122 5 3 2 3
123 4 0 3 2
124 2 0 3 1
125 2 2 3 4
126 2 3 0 7
127 4 4 1 3
128 4 2 5 2
129 2 2 0 3
130 2 2 1 3
131 4 2 1 5
132 5 0 0 7
133 6 1 3 2
134 8 0 2 4
135 7 2 1 4
136 4 3 2 2
137 5 2 3 3
138 6 6 1 2
139 3 2 2 1
140 8 2 2 6
141 9 2 1 4
142 8 1 0 6
143 3 3 3 4
144 5 4 3 6
145 5 4 3 3
146 3 6 4 3
147 4 8 1 5
148 5 2 0 7
149 10 3 2 5
150 6 6 2 3
151 7 4 1 9
152 8 1 2 3
153 7 4 2 11
154 5 4 2 4
155 7 4 1 6
156 8 3 3 3
157 11 3 5 8
158 6 2 5 7
159 4 5 2 2
160 9 6 3 7
161 10 3 2 9
162 8 5 5 8
163 8 1 2 9
164 6 6 1 7
165 9 5 3 4
166 6 7 5 9
167 5 5 2 4
168 6 3 0 8
169 6 2 7 10
170 11 7 4 4
171 7 6 1 5
172 7 3 5 3
173 10 3 0 14
174 6 3 2 6
175 11 1 5 5
176 10 3 3 8
177 5 8 1 10
178 5 5 4 5
179 6 7 5 6
180 6 3 6 6
181 10 7 2 6
182 6 4 5 8
183 6 2 1 9
184 7 2 3 10
185 9 8 2 13
186 14 2 4 11
187 8 3 4 6
188 8 4 5 5
189 17 3 2 10
190 11 4 5 2
191 10 4 3 7
192 9 3 4 6
193 10 5 3 8
194 8 11 4 8
195 7 11 2 7
196 9 4 3 4
197 17 5 1 7
198 14 6 6 12
199 12 7 5 13
200 13 10 0 12
201 9 3 6 9
202 13 7 7 11
203 13 11 2 6
204 10 5 4 13
205 8 4 4 10
206 6 8 4 13
207 3 9 6 9
208 8 7 6 8
209 11 10 4 12
210 13 6 4 14
211 5 4 3 10
212 8 8 1 11
213 7 7 4 13
214 8 6 6 15
215 7 3 4 9
216 6 0 1 13
217 3 5 2 8
218 6 5 1 10
219 8 8 3 6
220 8 5 5 7
221 2 5 1 8
222 9 3 2 7
223 9 5 1 8
224 9 4 2 7
225 3 5 4 6
226 3 2 0 8
227 3 8 2 9
228 2 3 7 4
229 1 5 3 8
230 5 1 2 4
231 2 3 2 10
232 1 4 1 8
233 3 1 3 5
234 5 1 1 6
235 2 1 2 9
236 5 2 0 4
237 4 1 0 4
238 0 4 0 3
239 4 4 1 7
240 1 1 1 2
241 2 2 2 0
242 5 4 1 4
243 8 1 1 4
244 4 2 2 3
245 2 1 1 4
246 2 0 1 5
247 2 2 0 1
248 2 4 1 3
249 0 3 0 3
250 3 1 1 2
251 2 2 2 3
252 2 2 3 6
253 1 3 1 1
254 0 1 0 4
255 3 1 2 5
256 1 2 1 4
257 1 1 1 1
258 2 0 0 2
259 2 1 0 4
260 1 2 1 5
261 1 1 0 0
262 1 1 1 1
263 1 0 0 1
264 1 1 1 3
265 2 1 0 1
266 0 1 0 1
267 0 1 2 2
268 0 1 0 1
269 1 0 0 2
270 0 0 0 0
271 1 0 1 4
272 2 0 0 0
273 3 0 1 1
274 1 1 0 0
275 2 0 0 1
276 0 1 0 0
277 0 2 0 0
278 1 1 1 2
279 3 1 0 0
280 1 1 0 2
281 0 0 1 2
282 1 1 0 0
283 1 1 0 1
284 1 2 1 1
285 2 0 0 2
286 1 0 0 1
287 2 0 0 0
288 1 0 1 1
289 0 0 1 0
290 0 1 0 1
291 0 1 0 3
292 2 3 0 1
293 0 1 0 0
294 0 0 1 0
295 0 0 1 0
296 0 0 0 2
297 0 2 1 4
298 0 0 0 2
299 0 0 0 1
300 1 0 0 0
301 0 0 0 3
302 0 0 0 0
303 1 0 0 0
304 0 0 0 0
305 1 0 0 0
306 0 0 0 0
307 0 0 0 0
308 0 1 0 0
309 0 1 0 0
310 0 0 0 0
311 0 0 0 0
312 0 0 0 1
313 0 0 0 0
314 0 1 0 0
315 0 0 0 0
316 0 0 0 1
317 0 0 0 0
318 0 0 0 1
319 0 0 0 0
320 0 0 0 0
321 0 0 0 0
322 0 0 0 0
323 0 0 0 0
324 0 0 0 0
325 0 0 0 0
326 0 0 0 0
327 0 0 0 0
328 0 0 0 0
329 0 0 0 0
330 0 0 0 0
331 0 0 0 0
332 0 0 0 0
333 0 0 0 0
334 0 0 0 0
335 0 0 0 0
336 0 0 0 0
337 0 0 0 0
338 0 0 0 0
339 0 0 0 0
340 0 0 0 0
341 0 0 0 0
342 0 0 0 0
343 0 0 0 0
344 0 0 0 0
345 0 0 0 0
346 0 0 0 0
347 0 0 0 0
348 0 0 0 0
349 0 0 0 0
350 0 0 0 0
351 0 0 0 0
352 0 0 0 0
353 0 0 0 0
354 0 0 0 0
355 0 0 0 0
356 0 0 0 0
357 0 0 0 0
358 0 0 0 0
359 0 0 0 0
360 0 0 0 0
361 0 0 0 0
362 0 0 0 0
363 0 0 0 0
364 0 0 0 0
365 0 0 0 0
366 0 0 0 0
367 0 0 0 0
368 0 0 0 0
369 0 0 0 0
370 0 0 0 0
371 0 0 0 0
372 0 0 0 0
373 0 0 0 0
374 0 0 0 0
375 0 0 0 0
376 0 0 0 0
377 0 0 0 0
378 0 0 0 0
379 0 0 0 0
380 0 0 0 0
381 0 0 0 0
382 0 0 0 0
383 0 0 0 0
384 0 0 0 0
385 0 0 0 0
386 0 0 0 0
387 0 0 0 0
388 0 0 0 0
389 0 0 0 0
390 0 0 0 0
391 0 0 0 0
392 0 0 0 0
393 0 0 0 0
394 0 0 0 0
395 0 0 0 0
396 0 0 0 0
397 0 0 0 0
398 0 0 0 0
399 0 0 0 0
400 0 0 0 0
401 0 0 0 0
402 0 0 0 0
403 0 0 0 0
404 0 0 0 0
405 0 0 0 0
406 0 0 0 0
407 0 0 0 0
408 0 0 0 0
409 0 0 0 0
410 0 0 0 0
411 0 0 0 0
412 0 0 0 0
413 0 0 0 0
414 0 0 0 0
415 0 0 0 0
416 0 0 0 0
417 0 0 0 0
418 0 0 0 0
419 0 0 0 0
420 0 0 0 0
421 0 0 0 0
422 0 0 0 0
423 0 0 0 0
424 0 0 0 0
425 0 0 0 0
426 0 0 0 0
427 0 0 0 0
428 0 0 0 0
429 0 0 0 0
430 0 0 0 0
431 0 0 0 0
432 0 0 0 0
433 0 0 0 0
434 0 0 0 0
435 0 0 0 0
436 0 0 0 0
437 0 0 0 0
438 0 0 0 0
439 0 0 0 0
440 0 0 0 0
441 0 0 0 0
442 0 0 0 0
443 0 0 0 0
444 0 0 0 0
445 0 0 0 0
446 0 0 0 0
447 0 0 0 0
448 0 0 0 0
449 0 0 0 0
450 0 0 0 0
451 0 0 0 0
452 0 0 0 0
453 0 0 0 0
454 0 0 0 0
455 0 0 0 0
456 0 0 0 0
457 0 0 0 0
458 0 0 0 0
459 0 0 0 0
460 0 0 0 0
461 0 0 0 0
462 0 0 0 0
463 0 0 0 0
464 0 0 0 0
465 0 0 0 0
466 0 0 0 0
467 0 0 0 0
468 0 0 0 0
469 0 0 0 0
470 0 0 0 0
471 0 0 0 0
472 0 0 0 0
473 0 0 0 0
474 0 0 0 0
475 0 0 0 0
476 0 0 0 0
477 0 0 0 0
478 0 0 0 0
479 0 0 0 0
480 0 0 0 0
481 0 0 0 0
482 0 0 0 0
483 0 0 0 0
484 0 0 0 0
485 0 0 0 0
486 0 0 0 0
487 0 0 0 0
488 0 0 0 0
489 0 0 0 0
490 0 0 0 0
491 0 0 0 0
492 0 0 0 0
493 0 0 0 0
494 0 0 0 0
495 0 0 0 0
496 0 0 0 0
497 0 0 0 0
498 0 0 0 0
499 0 0 0 0
500 0 0 0 0
501 0 0 0 0
502 0 0 0 0
503 0 0 0 0
504 0 0 0 0
505 0 0 0 0
506 0 0 0 0
507 0 0 0 0
508 0 0 0 0
509 0 0 0 0
510 0 0 0 0
511 0 0 0 0
512 0 0 0 0
513 0 0 0 0
514 0 0 0 0
515 0 0 0 0
516 0 0 0 0
517 0 0 0 0
518 0 0 0 0
519 0 0 0 0
520 0 0 0 0
521 0 0 0 0
522 0 0 0 0
523 0 0 0 0
524 0 0 0 0
525 0 0 0 0
526 0 0 0 0
527 0 0 0 0
528 0 0 0 0
529 0 0 0 0
530 0 0 0 0
531 0 0 0 0
532 0 0 0 0
533 0 0 0 0
534 0 0 0 0
535 0 0 0 0
536 0 0 0 0
537 0 0 0 0
538 0 0 0 0
539 0 0 0 0
540 0 0 0 0
541 0 0 0 0
542 0 0 0 0
543 0 0 0 0
544 0 0 0 0
545 0 0 0 0
546 0 0 0 0
547 0 0 0 0
548 0 0 0 0
549 0 0 0 0
550 0 0 0 0
551 0 0 0 0
552 0 0 0 0
553 0 0 0 0
554 0 0 0 0
555 0 0 0 0
556 0 0 0 0
557 0 0 0 0
558 0 0 0 0
559 0 0 0 0
560 0 0 0 0
561 0 0 0 0
562 0 0 0 0
563 0 0 0 0
564 0 0 0 0
565 0 0 0 0
566 0 0 0 0
567 0 0 0 0
568 0 0 0 0
569 0 0 0 0
570 0 0 0 0
571 0 0 0 0
572 0 0 0 0
573 0 0 0 0
574 0 0 0 0
575 0 0 0 0
576 0 0 0 0
577 0 0 0 0
578 0 0 0 0
579 0 0 0 0
580 0 0 0 0
581 0 0 0 0
582 0 0 0 0
583 0 0 0 0
584 0 0 0 0
585 0 0 0 0
586 0 0 0 0
587 0 0 0 0
588 0 0 0 0
589 0 0 0 0
590 0 0 0 0
591 0 0 0 0
592 0 0 0 0
593 0 0 0 0
594 0 0 0 0
595 0 0 0 0
596 0 0 0 0
597 0 0 0 0
598 0 0 0 0
599 0 0 0 0
600 0 0 0 0
601 0 0 0 0
602 0 0 0 0
603 0 0 0 0
604 0 0 0 0
605 0 0 0 0
606 0 0 0 0
607 0 0 0 0
608 0 0 0 0
609 0 0 0 0
610 0 0 0 0
611 0 0 0 0
612 0 0 0 0
613 0 0 0 0
614 0 0 0 0
615 0 0 0 0
616 0 0 0 0
617 0 0 0 0
618 0 0 0 0
619 0 0 0 0
620 0 0 0 0
621 0 0 0 0
622 0 0 0 0
623 0 0 0 0
624 0 0 0 0
625 0 0 0 0
626 0 0 0 0
627 0 0 0 0
628 0 0 0 0
629 0 0 0 0
630 0 0 0 0
631 0 0 0 0
632 0 0 0 0
633 0 0 0 0
634 0 0 0 0
635 0 0 0 0
636 0 0 0 0
637 0 0 0 0
638 0 0 0 0
639 0 0 0 0
640 0 0 0 0
641 0 0 0 0
642 0 0 0 0
643 0 0 0 0
644 0 0 0 0
645 0 0 0 0
646 0 0 0 0
647 0 0 0 0
648 0 0 0 0
649 0 0 0 0
650 0 0 0 0
651 0 0 0 0
652 0 0 0 0
653 0 0 0 0
654 0 0 0 0
655 0 0 0 0
656 0 0 0 0
657 0 0 0 0
658 0 0 0 0
659 0 0 0 0
660 0 0 0 0
661 0 0 0 0
662 0 0 0 0
663 0 0 0 0
664 0 0 0 0
665 0 0 0 0
666 0 0 0 0
667 0 0 0 0
668 0 0 0 0
669 0 0 0 0
670 0 0 0 0
671 0 0 0 0
672 0 0 0 0
673 0 0 0 0
674 0 0 0 0
675 0 0 0 0
676 0 0 0 0
677 0 0 0 0
678 0 0 0 0
679 0 0 0 0
680 0 0 0 0
681 0 0 0 0
682 0 0 0 0
683 0 0 0 0
684 0 0 0 0
685 0 0 0 0
686 0 0 0 0
687 0 0 0 0
688 0 0 0 0
689 0 0 0 0
690 0 0 0 0
691 0 0 0 0
692 0 0 0 0
693 0 0 0 0
694 0 0 0 0
695 0 0 0 0
696 0 0 0 0
697 0 0 0 0
698 0 0 0 0
699 0 0 0 0
700 0 0 0 0
701 0 0 0 0
702 0 0 0 0
703 0 0 0 0
704 0 0 0 0
705 0 0 0 0
706 0 0 0 0
707 0 0 0 0
708 0 0 0 0
709 0 0 0 0
710 0 0 0 0
711 0 0 0 0
712 0 0 0 0
713 0 0 0 0
714 0 0 0 0
715 0 0 0 0
716 0 0 0 0
717 0 0 0 0
718 0 0 0 0
719 0 0 0 0
720 0 0 0 0
721 0 0 0 0
722 0 0 0 0
723 0 0 0 0
724 0 0 0 0
725 0 0 0 0
726 0 0 0 0
727 0 0 0 0
