0 0 0 0 0
1 0 0 0 0
2 0 0 0 0
3 0 0 0 0
4 0 0 0 0
5 0 1 2 0
6 0 0 0 0
7 0 0 0 0
8 0 0 0 0
9 0 1 1 2
10 0 0 0 0
11 0 0 0 0
12 0 0 0 1
13 0 0 0 0
14 0 0 0 0
15 0 0 0 0
16 0 0 0 2
17 0 0 0 0
18 0 0 0 0
19 0 0 0 0
20 0 0 0 0
21 1 0 0 0
22 1 0 0 0
23 1 0 0 0
24 3 0 0 0
25 2 0 0 0
26 2 1 0 0
27 1 0 0 0
28 1 0 0 0
29 1 3 0 0
30 1 0 0 0
31 0 1 0 0
32 0 1 1 0
33 0 0 1 2
34 0 2 1 0
35 0 2 1 1
36 0 0 0 2
37 1 0 0 2
38 2 0 0 1
39 0 0 0 3
40 1 0 0 0
41 1 0 0 2
42 0 0 0 1
43 0 2 0 0
44 1 0 0 0
45 1 1 0 0
46 2 2 0 0
47 1 0 0 1
48 3 0 0 0
49 2 0 0 1
50 2 0 1 3
51 0 1 1 0
52 2 1 0 0
53 2 0 2 0
54 1 0 2 1
55 1 0 0 0
56 1 0 0 1
57 4 2 1 2
58 2 1 0 2
59 2 1 0 0
60 0 0 0 0
61 2 2 0 4
62 1 1 3 1
63 0 2 1 1
64 1 0 2 1
65 0 1 1 2
66 1 2 1 1
67 4 1 0 3
68 1 0 0 2
69 2 0 0 3
70 2 0 0 3
71 1 1 0 0
72 1 2 1 2
73 3 0 2 0
74 1 1 1 1
75 3 1 0 1
76 3 2 0 3
77 1 0 0 1
78 2 2 0 0
79 0 1 1 0
80 1 2 0 3
81 2 2 1 2
82 1 1 0 2
83 2 1 0 0
84 2 0 0 2
85 3 0 2 3
86 0 3 0 2
87 3 0 2 1
88 3 2 0 1
89 1 1 0 3
90 0 2 0 2
91 2 1 0 0
92 2 0 2 1
93 4 2 1 1
94 2 1 0 4
95 4 0 0 1
96 2 1 1 1
97 5 0 2 2
98 4 2 2 2
99 2 0 0 2
100 1 1 1 3
101 2 0 1 1
102 4 2 2 4
103 2 5 0 0
104 0 0 2 2
105 3 1 1 1
106 2 3 2 1
107 0 2 1 4
108 1 1 2 3
109 2 0 1 4
110 1 1 0 4
111 3 2 2 0
112 1 1 0 3
113 4 0 0 2
114 3 1 1 3
115 3 0 1 2
116 3 1 0 2
117 2 1 0 1
118 6 0 3 3
119 10 1 1 1
120 6 3 1 0
121 8 1 1 4
122 5 3 1 2
123 9 4 1 1
124 8 4 2 1
125 7 3 2 1
126 3 4 3 3
127 5 3 1 5
128 4 6 3 7
129 5 3 2 5
130 5 3 3 6
131 8 0 6 3
132 8 5 2 6
133 4 3 3 6
134 6 6 2 4
135 5 0 1 10
136 9 6 0 7
137 4 4 2 8
138 9 2 0 7
139 5 3 2 2
140 4 5 3 7
141 10 7 4 6
142 5 3 1 3
143 11 5 4 3
144 9 5 2 8
145 6 5 1 7
146 10 2 4 5
147 11 4 3 11
148 12 8 1 10
149 9 4 3 6
150 9 4 4 4
151 11 7 3 4
152 9 2 4 4
153 8 6 7 7
154 4 5 5 10
155 11 3 4 12
156 10 5 9 8
157 8 6 2 13
158 8 3 3 7
159 8 5 3 5
160 11 5 3 11
161 12 5 4 10
162 14 4 6 7
163 14 2 1 11
164 12 8 3 7
165 14 9 4 8
166 9 7 3 10
167 14 3 6 5
168 14 4 8 10
169 17 8 4 11
170 14 9 3 8
171 19 10 4 10
172 15 8 8 14
173 11 3 2 12
174 10 10 7 8
175 13 6 3 15
176 7 6 9 11
177 12 10 9 9
178 18 8 8 14
179 11 8 4 14
180 10 12 5 9
181 11 8 5 17
182 14 4 4 13
183 12 10 8 18
184 14 8 5 16
185 21 6 1 16
186 14 6 4 6
187 23 11 5 20
188 28 4 4 8
189 22 7 3 10
190 25 9 9 17
191 12 7 8 16
192 19 13 6 7
193 12 15 10 8
194 15 13 11 18
195 22 13 4 10
196 14 14 5 13
197 17 12 6 21
198 18 11 6 24
199 16 13 11 19
200 16 11 6 22
201 11 11 6 18
202 11 4 11 17
203 10 5 10 19
204 12 12 8 17
205 12 10 3 24
206 13 6 9 20
207 13 9 3 12
208 16 9 4 15
209 12 10 4 12
210 13 8 3 16
211 15 8 7 17
212 7 6 4 13
213 17 9 4 13
214 12 5 4 11
215 11 8 3 20
216 15 13 5 14
217 13 6 6 13
218 9 9 6 10
219 9 10 4 9
220 17 9 2 15
221 7 5 7 12
222 11 10 8 17
223 4 7 4 15
224 4 3 6 9
225 3 9 8 14
226 7 4 5 18
227 3 9 3 9
228 5 6 3 7
229 8 6 2 16
230 4 2 0 11
231 5 5 2 8
232 3 1 0 14
233 5 2 5 10
234 6 4 2 10
235 3 1 4 8
236 5 6 1 3
237 5 2 0 5
238 5 5 0 4
239 3 2 4 4
240 6 1 2 6
241 3 1 2 5
242 2 4 3 4
243 2 0 3 9
244 3 3 0 1
245 4 3 2 3
246 3 2 2 5
247 1 1 2 4
248 3 2 0 5
249 1 5 0 5
250 0 1 2 4
251 1 3 1 0
252 2 1 1 6
253 1 4 1 5
254 0 1 0 4
255 1 1 0 3
256 1 2 0 3
257 0 1 0 6
258 0 0 1 2
259 0 0 0 0
260 0 0 1 2
261 0 2 0 1
262 2 1 0 1
263 0 0 0 1
264 0 0 0 2
265 1 0 0 1
266 0 0 0 0
267 0 1 0 0
268 2 0 0 1
269 1 0 0 1
270 1 0 1 0
271 0 0 1 1
272 1 0 0 0
273 0 1 1 0
274 1 0 0 1
275 0 0 0 1
276 1 0 0 0
277 0 1 0 2
278 1 1 0 0
279 1 0 1 0
280 1 0 0 0
281 0 0 0 0
282 0 0 0 1
283 0 1 1 1
284 0 0 0 1
285 0 1 0 0
286 0 0 0 0
287 0 0 0 0
288 0 0 1 0
289 0 1 0 1
290 0 0 0 2
291 0 0 0 0
292 0 0 0 0
293 0 0 0 0
294 0 0 0 0
295 0 0 0 1
296 0 0 0 1
297 0 0 0 0
298 0 0 0 0
299 0 0 0 0
300 0 0 0 0
301 0 0 0 0
302 0 0 0 0
303 0 0 0 0
304 0 0 0 0
305 0 0 0 0
306 0 0 0 0
307 0 0 0 0
308 0 0 0 0
309 0 0 0 0
310 0 0 0 0
311 0 0 0 0
312 0 0 0 0
313 0 0 0 0
314 0 0 0 0
315 0 0 0 0
316 0 0 0 0
317 0 0 0 0
318 0 0 0 0
319 0 0 0 0
320 0 0 0 0
321 0 0 0 0
322 0 0 0 0
323 0 0 0 0
324 0 0 0 0
325 0 0 0 0
326 0 0 0 0
327 0 0 0 0
328 0 0 0 0
329 0 0 0 0
330 0 0 0 0
331 0 0 0 0
332 0 0 0 0
333 0 0 0 0
334 0 0 0 0
335 0 0 0 0
336 0 0 0 0
337 0 0 0 0
338 0 0 0 0
339 0 0 0 0
340 0 0 0 0
341 0 0 0 0
342 0 0 0 0
343 0 0 0 0
344 0 0 0 0
345 0 0 0 0
346 0 0 0 0
347 0 0 0 0
348 0 0 0 0
349 0 0 0 0
350 0 0 0 0
351 0 0 0 0
352 0 0 0 0
353 0 0 0 0
354 0 0 0 0
355 0 0 0 0
356 0 0 0 0
357 0 0 0 0
358 0 0 0 0
359 0 0 0 0
360 0 0 0 0
361 0 0 0 0
362 0 0 0 0
363 0 0 0 0
364 0 0 0 0
365 0 0 0 0
366 0 0 0 0
367 0 0 0 0
368 0 0 0 0
369 0 0 0 0
370 0 0 0 0
371 0 0 0 0
372 0 0 0 0
373 0 0 0 0
374 0 0 0 0
375 0 0 0 0
376 0 0 0 0
377 0 0 0 0
378 0 0 0 0
379 0 0 0 0
380 0 0 0 0
381 0 0 0 0
382 0 0 0 0
383 0 0 0 0
384 0 0 0 0
385 0 0 0 0
386 0 0 0 0
387 0 0 0 0
388 0 0 0 0
389 0 0 0 0
390 0 0 0 0
391 0 0 0 0
392 0 0 0 0
393 0 0 0 0
394 0 0 0 0
395 0 0 0 0
396 0 0 0 0
397 0 0 0 0
398 0 0 0 0
399 0 0 0 0
400 0 0 0 0
401 0 0 0 0
402 0 0 0 0
403 0 0 0 0
404 0 0 0 0
405 0 0 0 0
406 0 0 0 0
407 0 0 0 0
408 0 0 0 0
409 0 0 0 0
410 0 0 0 0
411 0 0 0 0
412 0 0 0 0
413 0 0 0 0
414 0 0 0 0
415 0 0 0 0
416 0 0 0 0
417 0 0 0 0
418 0 0 0 0
419 0 0 0 0
420 0 0 0 0
421 0 0 0 0
422 0 0 0 0
423 0 0 0 0
424 0 0 0 0
425 0 0 0 0
426 0 0 0 0
427 0 0 0 0
428 0 0 0 0
429 0 0 0 0
430 0 0 0 0
431 0 0 0 0
432 0 0 0 0
433 0 0 0 0
434 0 0 0 0
435 0 0 0 0
436 0 0 0 0
437 0 0 0 0
438 0 0 0 0
439 0 0 0 0
440 0 0 0 0
441 0 0 0 0
442 0 0 0 0
443 0 0 0 0
444 0 0 0 0
445 0 0 0 0
446 0 0 0 0
447 0 0 0 0
448 0 0 0 0
449 0 0 0 0
450 0 0 0 0
451 0 0 0 0
452 0 0 0 0
453 0 0 0 0
454 0 0 0 0
455 0 0 0 0
456 0 0 0 0
457 0 0 0 0
458 0 0 0 0
459 0 0 0 0
460 0 0 0 0
461 0 0 0 0
462 0 0 0 0
463 0 0 0 0
464 0 0 0 0
465 0 0 0 0
466 0 0 0 0
467 0 0 0 0
468 0 0 0 0
469 0 0 0 0
470 0 0 0 0
471 0 0 0 0
472 0 0 0 0
473 0 0 0 0
474 0 0 0 0
475 0 0 0 0
476 0 0 0 0
477 0 0 0 0
478 0 0 0 0
479 0 0 0 0
480 0 0 0 0
481 0 0 0 0
482 0 0 0 0
483 0 0 0 0
484 0 0 0 0
485 0 0 0 0
486 0 0 0 0
487 0 0 0 0
488 0 0 0 0
489 0 0 0 0
490 0 0 0 0
491 0 0 0 0
492 0 0 0 0
493 0 0 0 0
494 0 0 0 0
495 0 0 0 0
496 0 0 0 0
497 0 0 0 0
498 0 0 0 0
499 0 0 0 0
500 0 0 0 0
501 0 0 0 0
502 0 0 0 0
503 0 0 0 0
504 0 0 0 0
505 0 0 0 0
506 0 0 0 0
507 0 0 0 0
508 0 0 0 0
509 0 0 0 0
510 0 0 0 0
511 0 0 0 0
512 0 0 0 0
513 0 0 0 0
514 0 0 0 0
515 0 0 0 0
516 0 0 0 0
517 0 0 0 0
518 0 0 0 0
519 0 0 0 0
520 0 0 0 0
521 0 0 0 0
522 0 0 0 0
523 0 0 0 0
524 0 0 0 0
525 0 0 0 0
526 0 0 0 0
527 0 0 0 0
528 0 0 0 0
529 0 0 0 0
530 0 0 0 0
531 0 0 0 0
532 0 0 0 0
533 0 0 0 0
534 0 0 0 0
535 0 0 0 0
536 0 0 0 0
537 0 0 0 0
538 0 0 0 0
539 0 0 0 0
540 0 0 0 0
541 0 0 0 0
542 0 0 0 0
543 0 0 0 0
544 0 0 0 0
545 0 0 0 0
546 0 0 0 0
547 0 0 0 0
548 0 0 0 0
549 0 0 0 0
550 0 0 0 0
551 0 0 0 0
552 0 0 0 0
553 0 0 0 0
554 0 0 0 0
555 0 0 0 0
556 0 0 0 0
557 0 0 0 0
558 0 0 0 0
559 0 0 0 0
560 0 0 0 0
561 0 0 0 0
562 0 0 0 0
563 0 0 0 0
564 0 0 0 0
565 0 0 0 0
566 0 0 0 0
567 0 0 0 0
568 0 0 0 0
569 0 0 0 0
570 0 0 0 0
571 0 0 0 0
572 0 0 0 0
573 0 0 0 0
574 0 0 0 0
575 0 0 0 0
576 0 0 0 0
577 0 0 0 0
578 0 0 0 0
579 0 0 0 0
580 0 0 0 0
581 0 0 0 0
582 0 0 0 0
583 0 0 0 0
584 0 0 0 0
585 0 0 0 0
586 0 0 0 0
587 0 0 0 0
588 0 0 0 0
589 0 0 0 0
590 0 0 0 0
591 0 0 0 0
592 0 0 0 0
593 0 0 0 0
594 0 0 0 0
595 0 0 0 0
596 0 0 0 0
597 0 0 0 0
598 0 0 0 0
599 0 0 0 0
600 0 0 0 0
601 0 0 0 0
602 0 0 0 0
603 0 0 0 0
604 0 0 0 0
605 0 0 0 0
606 0 0 0 0
607 0 0 0 0
608 0 0 0 0
609 0 0 0 0
610 0 0 0 0
611 0 0 0 0
612 0 0 0 0
613 0 0 0 0
614 0 0 0 0
615 0 0 0 0
616 0 0 0 0
617 0 0 0 0
618 0 0 0 0
619 0 0 0 0
620 0 0 0 0
621 0 0 0 0
622 0 0 0 0
623 0 0 0 0
624 0 0 0 0
625 0 0 0 0
626 0 0 0 0
627 0 0 0 0
628 0 0 0 0
629 0 0 0 0
630 0 0 0 0
631 0 0 0 0
632 0 0 0 0
633 0 0 0 0
634 0 0 0 0
635 0 0 0 0
636 0 0 0 0
637 0 0 0 0
638 0 0 0 0
639 0 0 0 0
640 0 0 0 0
641 0 0 0 0
642 0 0 0 0
643 0 0 0 0
644 0 0 0 0
645 0 0 0 0
646 0 0 0 0
647 0 0 0 0
648 0 0 0 0
649 0 0 0 0
650 0 0 0 0
651 0 0 0 0
652 0 0 0 0
653 0 0 0 0
654 0 0 0 0
655 0 0 0 0
656 0 0 0 0
657 0 0 0 0
658 0 0 0 0
659 0 0 0 0
660 0 0 0 0
661 0 0 0 0
662 0 0 0 0
663 0 0 0 0
664 0 0 0 0
665 0 0 0 0
666 0 0 0 0
667 0 0 0 0
668 0 0 0 0
669 0 0 0 0
670 0 0 0 0
671 0 0 0 0
672 0 0 0 0
673 0 0 0 0
674 0 0 0 0
675 0 0 0 0
676 0 0 0 0
677 0 0 0 0
678 0 0 0 0
679 0 0 0 0
680 0 0 0 0
681 0 0 0 0
682 0 0 0 0
683 0 0 0 0
684 0 0 0 0
685 0 0 0 0
686 0 0 0 0
687 0 0 0 0
688 0 0 0 0
689 0 0 0 0
690 0 0 0 0
691 0 0 0 0
692 0 0 0 0
693 0 0 0 0
694 0 0 0 0
695 0 0 0 0
696 0 0 0 0
697 0 0 0 0
698 0 0 0 0
699 0 0 0 0
700 0 0 0 0
701 0 0 0 0
702 0 0 0 0
703 0 0 0 0
704 0 0 0 0
705 0 0 0 0
706 0 0 0 0
707 0 0 0 0
708 0 0 0 0
709 0 0 0 0
710 0 0 0 0
711 0 0 0 0
712 0 0 0 0
713 0 0 0 0
714 0 0 0 0
715 0 0 0 0
716 0 0 0 0
717 0 0 0 0
718 0 0 0 0
719 0 0 0 0
720 0 0 0 0
721 0 0 0 0
722 0 0 0 0
723 0 0 0 0
724 0 0 0 0
725 0 0 0 0
726 0 0 0 0
727 0 0 0 0
