0 0 0 0 0
1 0 0 0 0
2 0 0 0 0
3 0 0 0 0
4 0 0 0 0
5 0 4 1 0
6 0 0 0 0
7 0 0 0 0
8 0 0 0 0
9 0 0 0 1
10 0 0 0 0
11 0 0 0 0
12 0 0 0 4
13 0 0 0 0
14 0 0 0 0
15 0 0 0 0
16 0 0 0 0
17 0 0 0 0
18 1 0 0 0
19 0 0 0 0
20 0 0 0 0
21 0 0 0 0
22 0 0 0 0
23 1 0 0 0
24 1 0 0 0
25 1 0 0 0
26 0 0 0 0
27 0 0 1 0
28 1 0 1 0
29 0 0 0 0
30 1 0 0 0
31 0 0 1 1
32 0 0 0 1
33 0 1 0 0
34 0 0 1 0
35 0 0 0 0
36 0 0 0 0
37 0 0 0 0
38 1 0 0 3
39 1 1 0 0
40 2 0 0 0
41 0 0 0 0
42 1 0 0 0
43 0 1 0 0
44 2 0 1 0
45 1 0 2 0
46 1 0 0 1
47 2 0 0 0
48 3 0 0 0
49 1 2 0 2
50 1 0 0 1
51 0 2 0 1
52 1 0 0 0
53 1 0 0 2
54 1 2 0 0
55 1 1 1 1
56 1 1 1 0
57 1 0 2 0
58 1 0 0 3
59 3 0 0 0
60 2 0 1 1
61 1 0 2 2
62 0 0 2 1
63 0 0 1 1
64 1 0 3 1
65 0 0 0 0
66 1 1 0 1
67 1 1 0 2
68 0 0 0 3
69 1 1 1 1
70 3 0 0 1
71 1 0 0 3
72 4 0 1 0
73 2 0 1 2
74 2 0 0 0
75 3 1 0 0
76 5 0 1 0
77 0 2 0 1
78 4 1 0 0
79 6 1 2 1
80 3 1 1 2
81 4 4 2 1
82 2 1 1 0
83 4 3 1 1
84 2 1 5 3
85 2 1 3 3
86 2 1 2 4
87 2 3 0 2
88 2 3 0 6
89 1 0 1 3
90 0 1 1 3
91 2 1 2 3
92 2 1 2 4
93 4 0 2 2
94 3 1 1 4
95 3 0 0 2
96 12 0 2 1
97 7 0 1 3
98 8 2 1 4
99 10 0 2 3
100 7 1 0 2
101 7 4 3 0
102 2 3 2 2
103 3 3 1 0
104 5 4 4 3
105 3 7 4 4
106 1 5 3 4
107 4 3 3 4
108 9 3 2 7
109 2 1 4 9
110 5 3 2 6
111 2 1 0 9
112 4 2 2 9
113 5 7 3 7
114 3 2 0 3
115 8 3 0 1
116 7 1 2 3
117 5 1 3 7
118 6 2 0 2
119 6 1 2 2
120 10 4 2 6
121 6 6 2 3
122 8 4 2 2
123 8 2 4 4
124 6 7 1 6
125 9 4 4 7
126 7 5 2 3
127 8 4 3 7
128 5 6 3 2
129 6 5 2 10
130 4 7 3 7
131 8 5 2 13
132 9 2 1 8
133 12 4 1 7
134 11 1 4 6
135 5 4 1 7
136 9 6 2 4
137 9 3 4 9
138 6 5 4 6
139 9 4 3 6
140 10 6 3 4
141 11 7 2 8
142 18 6 4 8
143 13 5 1 9
144 8 5 3 7
145 11 5 6 8
146 8 8 3 7
147 12 9 5 6
148 7 6 5 10
149 9 6 4 12
150 13 8 6 10
151 8 8 2 13
152 12 8 5 12
153 16 2 5 9
154 13 3 2 11
155 14 7 5 9
156 15 5 5 9
157 7 5 4 14
158 10 10 3 8
159 15 9 4 13
160 10 6 3 9
161 12 10 6 8
162 14 7 9 12
163 14 7 4 12
164 11 8 5 8
165 20 5 8 16
166 20 3 2 9
167 17 6 8 11
168 19 10 2 15
169 19 0 5 18
170 19 10 7 5
171 12 10 5 13
172 16 11 9 12
173 8 11 8 3
174 15 9 7 14
175 16 10 7 14
176 21 9 5 15
177 11 12 4 23
178 16 9 7 14
179 11 13 9 15
180 8 5 8 14
181 9 14 8 20
182 15 6 3 20
183 15 12 5 18
184 23 7 4 10
185 26 7 6 23
186 13 8 5 18
187 19 4 6 16
188 18 9 8 11
189 15 6 8 10
190 19 12 7 19
191 17 13 5 14
192 21 12 7 15
193 30 11 6 10
194 19 12 9 13
195 26 8 9 9
196 16 12 5 20
197 27 16 8 15
198 21 14 9 24
199 16 8 10 19
200 18 13 9 17
201 16 9 5 27
202 16 14 11 16
203 17 13 11 18
204 17 5 8 19
205 12 11 8 20
206 15 7 11 21
207 8 10 7 25
208 13 17 6 16
209 12 12 6 23
210 8 12 4 19
211 10 6 8 14
212 13 9 5 20
213 10 9 9 23
214 7 8 1 16
215 8 3 6 17
216 11 4 3 10
217 5 8 4 18
218 5 7 6 14
219 8 5 2 11
220 7 4 8 12
221 7 6 5 10
222 14 2 6 13
223 9 2 6 8
224 14 4 1 8
225 7 2 8 10
226 8 4 1 10
227 5 7 4 12
228 7 6 2 8
229 9 7 6 8
230 7 5 0 9
231 9 6 5 8
232 6 4 3 7
233 13 3 2 10
234 5 9 2 9
235 5 4 4 9
236 8 5 6 9
237 4 4 5 2
238 6 9 3 11
239 8 3 3 6
240 8 4 1 9
241 5 5 3 12
242 5 1 3 11
243 3 1 3 11
244 3 4 4 6
245 5 4 3 10
246 4 3 2 4
247 2 1 2 5
248 6 3 3 8
249 4 3 1 3
250 4 7 0 8
251 4 5 3 4
252 7 0 0 7
253 5 5 3 1
254 2 1 1 7
255 4 1 2 8
256 2 2 2 3
257 7 3 1 8
258 3 3 0 3
259 3 2 2 0
260 2 4 2 4
261 3 1 2 3
262 3 5 4 6
263 4 0 1 7
264 5 4 0 4
265 1 1 1 0
266 2 4 1 6
267 1 2 1 4
268 1 1 2 3
269 1 2 1 6
270 2 0 1 1
271 2 0 3 5
272 0 1 0 3
273 0 1 3 6
274 1 0 0 1
275 1 2 1 2
276 3 1 0 2
277 0 1 0 3
278 4 1 0 2
279 3 1 0 1
280 1 1 0 1
281 1 0 0 0
282 0 0 0 4
283 2 0 2 1
284 1 1 1 2
285 2 3 0 0
286 0 0 1 1
287 2 0 2 1
288 0 4 0 2
289 0 0 2 0
290 0 2 0 2
291 0 0 0 0
292 0 2 0 6
293 1 0 0 2
294 1 0 0 4
295 1 0 0 1
296 0 0 0 1
297 0 0 0 0
298 0 0 0 0
299 1 0 1 1
300 0 0 1 0
301 0 0 0 0
302 0 1 0 0
303 0 0 0 1
304 1 0 1 1
305 2 0 0 0
306 0 0 0 0
307 0 0 0 0
308 0 0 0 0
309 0 0 0 1
310 0 1 0 0
311 0 0 0 1
312 0 0 0 0
313 0 1 0 0
314 0 0 1 1
315 0 0 0 0
316 0 0 0 0
317 0 0 0 1
318 0 0 0 1
319 0 0 0 0
320 0 0 0 0
321 0 0 0 0
322 0 0 0 0
323 0 0 0 0
324 0 0 0 0
325 0 0 0 0
326 0 0 0 0
327 0 0 0 0
328 0 0 0 0
329 0 0 0 0
330 0 0 0 0
331 0 0 0 0
332 0 0 0 0
333 0 0 0 0
334 0 0 0 0
335 0 0 0 0
336 0 0 0 0
337 0 0 0 0
338 0 0 0 0
339 0 0 0 0
340 0 0 0 0
341 0 0 0 0
342 0 0 0 0
343 0 0 0 0
344 0 0 0 0
345 0 0 0 0
346 0 0 0 0
347 0 0 0 0
348 0 0 0 0
349 0 0 0 0
350 0 0 0 0
351 0 0 0 0
352 0 0 0 0
353 0 0 0 0
354 0 0 0 0
355 0 0 0 0
356 0 0 0 0
357 0 0 0 0
358 0 0 0 0
359 0 0 0 0
360 0 0 0 0
361 0 0 0 0
362 0 0 0 0
363 0 0 0 0
364 0 0 0 0
365 0 0 0 0
366 0 0 0 0
367 0 0 0 0
368 0 0 0 0
369 0 0 0 0
370 0 0 0 0
371 0 0 0 0
372 0 0 0 0
373 0 0 0 0
374 0 0 0 0
375 0 0 0 0
376 0 0 0 0
377 0 0 0 0
378 0 0 0 0
379 0 0 0 0
380 0 0 0 0
381 0 0 0 0
382 0 0 0 0
383 0 0 0 0
384 0 0 0 0
385 0 0 0 0
386 0 0 0 0
387 0 0 0 0
388 0 0 0 0
389 0 0 0 0
390 0 0 0 0
391 0 0 0 0
392 0 0 0 0
393 0 0 0 0
394 0 0 0 0
395 0 0 0 0
396 0 0 0 0
397 0 0 0 0
398 0 0 0 0
399 0 0 0 0
400 0 0 0 0
401 0 0 0 0
402 0 0 0 0
403 0 0 0 0
404 0 0 0 0
405 0 0 0 0
406 0 0 0 0
407 0 0 0 0
408 0 0 0 0
409 0 0 0 0
410 0 0 0 0
411 0 0 0 0
412 0 0 0 0
413 0 0 0 0
414 0 0 0 0
415 0 0 0 0
416 0 0 0 0
417 0 0 0 0
418 0 0 0 0
419 0 0 0 0
420 0 0 0 0
421 0 0 0 0
422 0 0 0 0
423 0 0 0 0
424 0 0 0 0
425 0 0 0 0
426 0 0 0 0
427 0 0 0 0
428 0 0 0 0
429 0 0 0 0
430 0 0 0 0
431 0 0 0 0
432 0 0 0 0
433 0 0 0 0
434 0 0 0 0
435 0 0 0 0
436 0 0 0 0
437 0 0 0 0
438 0 0 0 0
439 0 0 0 0
440 0 0 0 0
441 0 0 0 0
442 0 0 0 0
443 0 0 0 0
444 0 0 0 0
445 0 0 0 0
446 0 0 0 0
447 0 0 0 0
448 0 0 0 0
449 0 0 0 0
450 0 0 0 0
451 0 0 0 0
452 0 0 0 0
453 0 0 0 0
454 0 0 0 0
455 0 0 0 0
456 0 0 0 0
457 0 0 0 0
458 0 0 0 0
459 0 0 0 0
460 0 0 0 0
461 0 0 0 0
462 0 0 0 0
463 0 0 0 0
464 0 0 0 0
465 0 0 0 0
466 0 0 0 0
467 0 0 0 0
468 0 0 0 0
469 0 0 0 0
470 0 0 0 0
471 0 0 0 0
472 0 0 0 0
473 0 0 0 0
474 0 0 0 0
475 0 0 0 0
476 0 0 0 0
477 0 0 0 0
478 0 0 0 0
479 0 0 0 0
480 0 0 0 0
481 0 0 0 0
482 0 0 0 0
483 0 0 0 0
484 0 0 0 0
485 0 0 0 0
486 0 0 0 0
487 0 0 0 0
488 0 0 0 0
489 0 0 0 0
490 0 0 0 0
491 0 0 0 0
492 0 0 0 0
493 0 0 0 0
494 0 0 0 0
495 0 0 0 0
496 0 0 0 0
497 0 0 0 0
498 0 0 0 0
499 0 0 0 0
500 0 0 0 0
501 0 0 0 0
502 0 0 0 0
503 0 0 0 0
504 0 0 0 0
505 0 0 0 0
506 0 0 0 0
507 0 0 0 0
508 0 0 0 0
509 0 0 0 0
510 0 0 0 0
511 0 0 0 0
512 0 0 0 0
513 0 0 0 0
514 0 0 0 0
515 0 0 0 0
516 0 0 0 0
517 0 0 0 0
518 0 0 0 0
519 0 0 0 0
520 0 0 0 0
521 0 0 0 0
522 0 0 0 0
523 0 0 0 0
524 0 0 0 0
525 0 0 0 0
526 0 0 0 0
527 0 0 0 0
528 0 0 0 0
529 0 0 0 0
530 0 0 0 0
531 0 0 0 0
532 0 0 0 0
533 0 0 0 0
534 0 0 0 0
535 0 0 0 0
536 0 0 0 0
537 0 0 0 0
538 0 0 0 0
539 0 0 0 0
540 0 0 0 0
541 0 0 0 0
542 0 0 0 0
543 0 0 0 0
544 0 0 0 0
545 0 0 0 0
546 0 0 0 0
547 0 0 0 0
548 0 0 0 0
549 0 0 0 0
550 0 0 0 0
551 0 0 0 0
552 0 0 0 0
553 0 0 0 0
554 0 0 0 0
555 0 0 0 0
556 0 0 0 0
557 0 0 0 0
558 0 0 0 0
559 0 0 0 0
560 0 0 0 0
561 0 0 0 0
562 0 0 0 0
563 0 0 0 0
564 0 0 0 0
565 0 0 0 0
566 0 0 0 0
567 0 0 0 0
568 0 0 0 0
569 0 0 0 0
570 0 0 0 0
571 0 0 0 0
572 0 0 0 0
573 0 0 0 0
574 0 0 0 0
575 0 0 0 0
576 0 0 0 0
577 0 0 0 0
578 0 0 0 0
579 0 0 0 0
580 0 0 0 0
581 0 0 0 0
582 0 0 0 0
583 0 0 0 0
584 0 0 0 0
585 0 0 0 0
586 0 0 0 0
587 0 0 0 0
588 0 0 0 0
589 0 0 0 0
590 0 0 0 0
591 0 0 0 0
592 0 0 0 0
593 0 0 0 0
594 0 0 0 0
595 0 0 0 0
596 0 0 0 0
597 0 0 0 0
598 0 0 0 0
599 0 0 0 0
600 0 0 0 0
601 0 0 0 0
602 0 0 0 0
603 0 0 0 0
604 0 0 0 0
605 0 0 0 0
606 0 0 0 0
607 0 0 0 0
608 0 0 0 0
609 0 0 0 0
610 0 0 0 0
611 0 0 0 0
612 0 0 0 0
613 0 0 0 0
614 0 0 0 0
615 0 0 0 0
616 0 0 0 0
617 0 0 0 0
618 0 0 0 0
619 0 0 0 0
620 0 0 0 0
621 0 0 0 0
622 0 0 0 0
623 0 0 0 0
624 0 0 0 0
625 0 0 0 0
626 0 0 0 0
627 0 0 0 0
628 0 0 0 0
629 0 0 0 0
630 0 0 0 0
631 0 0 0 0
632 0 0 0 0
633 0 0 0 0
634 0 0 0 0
635 0 0 0 0
636 0 0 0 0
637 0 0 0 0
638 0 0 0 0
639 0 0 0 0
640 0 0 0 0
641 0 0 0 0
642 0 0 0 0
643 0 0 0 0
644 0 0 0 0
645 0 0 0 0
646 0 0 0 0
647 0 0 0 0
648 0 0 0 0
649 0 0 0 0
650 0 0 0 0
651 0 0 0 0
652 0 0 0 0
653 0 0 0 0
654 0 0 0 0
655 0 0 0 0
656 0 0 0 0
657 0 0 0 0
658 0 0 0 0
659 0 0 0 0
660 0 0 0 0
661 0 0 0 0
662 0 0 0 0
663 0 0 0 0
664 0 0 0 0
665 0 0 0 0
666 0 0 0 0
667 0 0 0 0
668 0 0 0 0
669 0 0 0 0
670 0 0 0 0
671 0 0 0 0
672 0 0 0 0
673 0 0 0 0
674 0 0 0 0
675 0 0 0 0
676 0 0 0 0
677 0 0 0 0
678 0 0 0 0
679 0 0 0 0
680 0 0 0 0
681 0 0 0 0
682 0 0 0 0
683 0 0 0 0
684 0 0 0 0
685 0 0 0 0
686 0 0 0 0
687 0 0 0 0
688 0 0 0 0
689 0 0 0 0
690 0 0 0 0
691 0 0 0 0
692 0 0 0 0
693 0 0 0 0
694 0 0 0 0
695 0 0 0 0
696 0 0 0 0
697 0 0 0 0
698 0 0 0 0
699 0 0 0 0
700 0 0 0 0
701 0 0 0 0
702 0 0 0 0
703 0 0 0 0
704 0 0 0 0
705 0 0 0 0
706 0 0 0 0
707 0 0 0 0
708 0 0 0 0
709 0 0 0 0
710 0 0 0 0
711 0 0 0 0
712 0 0 0 0
713 0 0 0 0
714 0 0 0 0
715 0 0 0 0
716 0 0 0 0
717 0 0 0 0
718 0 0 0 0
719 0 0 0 0
720 0 0 0 0
721 0 0 0 0
722 0 0 0 0
723 0 0 0 0
724 0 0 0 0
725 0 0 0 0
726 0 0 0 0
727 0 0 0 0
