0 0 0 0 0
1 0 0 0 0
2 0 0 0 0
3 0 0 0 0
4 0 0 0 0
5 0 0 2 0
6 0 0 0 0
7 0 0 0 0
8 0 0 0 0
9 0 2 1 0
10 0 0 0 0
11 0 0 0 0
12 0 0 0 2
13 0 0 0 1
14 0 0 0 0
15 0 0 0 0
16 0 0 0 2
17 0 0 0 0
18 0 0 0 0
19 0 0 0 0
20 0 0 0 0
21 0 0 0 0
22 0 0 0 0
23 0 0 0 0
24 1 0 0 0
25 2 0 0 0
26 0 0 0 0
27 1 0 0 0
28 2 0 0 0
29 0 1 0 0
30 0 1 0 0
31 0 0 0 0
32 0 0 1 0
33 1 1 1 1
34 0 0 1 0
35 0 0 0 0
36 0 0 0 1
37 0 0 0 2
38 0 1 0 0
39 1 0 0 1
40 1 0 0 0
41 0 0 0 1
42 0 0 0 1
43 1 0 0 0
44 1 0 1 0
45 0 1 0 0
46 1 0 0 0
47 1 0 0 0
48 3 0 0 1
49 0 0 1 0
50 1 0 0 0
51 0 0 0 0
52 0 1 0 1
53 0 2 0 0
54 1 0 0 0
55 2 1 1 0
56 0 0 0 2
57 1 1 1 0
58 1 0 0 1
59 0 0 1 1
60 0 1 0 1
61 0 0 0 1
62 1 1 0 1
63 0 0 0 0
64 0 1 0 2
65 1 0 0 0
66 0 0 0 2
67 1 0 1 0
68 1 0 0 1
69 1 0 0 0
70 0 0 0 0
71 1 1 0 0
72 1 0 1 0
73 3 0 1 0
74 2 1 1 1
75 1 0 0 0
76 1 1 0 0
77 2 1 0 1
78 3 0 2 2
79 1 1 0 1
80 1 0 0 1
81 1 0 0 2
82 0 3 0 1
83 0 1 3 1
84 0 1 1 0
85 2 2 0 1
86 3 1 0 0
87 3 0 0 2
88 0 0 0 2
89 1 0 0 5
90 3 0 1 3
91 3 2 0 0
92 2 1 1 0
93 3 0 0 0
94 1 0 2 0
95 3 3 0 1
96 4 2 1 1
97 3 0 0 1
98 2 1 1 2
99 1 1 0 2
100 2 1 1 2
101 2 6 1 1
102 5 2 2 4
103 3 0 0 1
104 3 1 1 1
105 5 2 0 5
106 4 2 0 4
107 3 2 1 1
108 3 0 2 3
109 5 1 0 2
110 3 5 1 0
111 6 3 4 1
112 1 0 2 2
113 1 3 1 3
114 0 1 1 8
115 1 2 0 6
116 2 2 3 2
117 2 3 0 2
118 2 2 1 2
119 3 1 1 2
120 5 3 0 5
121 1 0 0 2
122 2 1 1 2
123 6 1 0 3
124 5 1 1 4
125 4 1 3 2
126 6 0 0 3
127 6 2 0 2
128 4 2 4 1
129 4 1 4 2
130 3 4 0 1
131 5 2 1 2
132 6 4 3 4
133 4 3 2 3
134 4 1 1 3
135 2 3 1 6
136 9 2 4 6
137 3 2 2 5
138 4 3 1 2
139 1 4 2 6
140 4 2 0 3
141 5 7 3 2
142 6 2 2 3
143 4 2 1 7
144 4 1 2 5
145 4 4 2 9
146 5 2 1 6
147 5 3 5 0
148 2 0 4 5
149 4 2 0 4
150 6 3 1 4
151 9 1 3 5
152 6 3 2 5
153 6 2 0 2
154 5 1 3 7
155 6 3 0 5
156 8 3 3 3
157 9 4 1 2
158 6 3 2 5
159 5 5 3 8
160 6 6 3 2
161 10 5 2 3
162 7 3 4 3
163 7 3 4 9
164 11 3 1 9
165 12 4 3 4
166 5 8 3 11
167 9 1 0 8
168 11 3 4 4
169 7 5 3 2
170 8 8 3 8
171 11 4 4 4
172 7 3 3 10
173 6 5 3 8
174 14 4 5 5
175 14 4 5 6
176 11 9 3 9
177 17 4 6 10
178 13 6 2 11
179 10 9 1 10
180 11 6 6 10
181 14 6 5 11
182 12 8 7 8
183 9 6 3 9
184 6 5 1 11
185 17 8 4 7
186 14 7 5 15
187 11 8 6 13
188 10 9 5 8
189 13 2 5 14
190 9 6 6 8
191 10 8 9 10
192 15 8 3 9
193 14 6 3 12
194 15 14 6 14
195 13 5 5 15
196 18 6 2 13
197 15 10 3 7
198 17 11 3 16
199 14 10 4 8
200 13 9 6 12
201 16 6 7 19
202 13 6 5 11
203 9 10 5 11
204 10 11 4 14
205 9 13 9 13
206 13 12 5 13
207 13 9 7 11
208 10 6 4 16
209 8 1 6 18
210 8 4 5 17
211 6 6 3 12
212 5 9 3 13
213 6 8 3 15
214 10 7 2 16
215 9 7 5 7
216 8 4 5 5
217 8 3 3 8
218 7 5 2 13
219 4 6 1 16
220 9 3 3 10
221 4 4 1 5
222 3 3 4 10
223 5 7 5 8
224 3 6 3 5
225 0 9 2 3
226 3 2 2 6
227 3 2 2 11
228 4 3 2 9
229 3 5 2 7
230 3 2 1 8
231 2 1 1 5
232 4 1 2 10
233 1 3 0 7
234 3 0 1 5
235 6 2 1 3
236 5 4 0 5
237 3 2 1 4
238 3 0 2 2
239 6 3 2 4
240 7 2 1 3
241 5 3 2 1
242 4 1 0 1
243 1 2 0 2
244 1 2 3 4
245 3 3 4 5
246 0 3 4 3
247 2 2 3 1
248 2 4 0 4
249 2 1 1 4
250 0 1 1 5
251 1 0 0 5
252 1 0 1 6
253 2 1 2 5
254 1 1 3 5
255 1 0 0 3
256 1 1 0 0
257 1 1 0 2
258 1 1 0 2
259 0 1 0 1
260 2 0 2 2
261 2 1 1 3
262 3 1 1 1
263 2 0 1 1
264 3 0 0 1
265 5 0 1 0
266 3 1 0 2
267 1 1 0 0
268 2 1 1 2
269 0 2 1 2
270 0 3 1 2
271 0 3 1 1
272 2 1 2 1
273 0 0 0 1
274 1 1 1 4
275 0 0 0 3
276 1 0 0 2
277 1 2 0 1
278 1 0 0 3
279 0 0 0 2
280 0 0 0 0
281 0 1 1 2
282 0 0 1 0
283 0 0 1 1
284 0 0 0 0
285 0 1 0 1
286 0 0 0 0
287 0 1 0 0
288 0 0 0 1
289 0 0 0 2
290 1 0 0 1
291 0 0 0 1
292 0 0 0 0
293 0 0 0 0
294 1 0 0 0
295 0 1 0 0
296 0 0 0 0
297 1 0 0 0
298 0 0 0 0
299 0 0 0 1
300 0 0 0 0
301 0 0 0 0
302 0 0 1 0
303 0 1 0 0
304 0 0 0 0
305 0 0 0 0
306 0 0 0 1
307 0 0 0 0
308 0 0 0 0
309 0 0 0 0
310 0 0 0 1
311 0 0 0 0
312 0 0 0 0
313 0 0 0 0
314 0 0 0 0
315 0 0 0 0
316 0 0 0 0
317 0 0 0 0
318 0 0 0 0
319 0 0 0 0
320 0 0 0 0
321 0 0 0 0
322 0 0 0 0
323 0 0 0 0
324 0 0 0 0
325 0 0 0 0
326 0 0 0 0
327 0 0 0 0
328 0 0 0 0
329 0 0 0 0
330 0 0 0 0
331 0 0 0 0
332 0 0 0 0
333 0 0 0 0
334 0 0 0 0
335 0 0 0 0
336 0 0 0 0
337 0 0 0 0
338 0 0 0 0
339 0 0 0 0
340 0 0 0 0
341 0 0 0 0
342 0 0 0 0
343 0 0 0 0
344 0 0 0 0
345 0 0 0 0
346 0 0 0 0
347 0 0 0 0
348 0 0 0 0
349 0 0 0 0
350 0 0 0 0
351 0 0 0 0
352 0 0 0 0
353 0 0 0 0
354 0 0 0 0
355 0 0 0 0
356 0 0 0 0
357 0 0 0 0
358 0 0 0 0
359 0 0 0 0
360 0 0 0 0
361 0 0 0 0
362 0 0 0 0
363 0 0 0 0
364 0 0 0 0
365 0 0 0 0
366 0 0 0 0
367 0 0 0 0
368 0 0 0 0
369 0 0 0 0
370 0 0 0 0
371 0 0 0 0
372 0 0 0 0
373 0 0 0 0
374 0 0 0 0
375 0 0 0 0
376 0 0 0 0
377 0 0 0 0
378 0 0 0 0
379 0 0 0 0
380 0 0 0 0
381 0 0 0 0
382 0 0 0 0
383 0 0 0 0
384 0 0 0 0
385 0 0 0 0
386 0 0 0 0
387 0 0 0 0
388 0 0 0 0
389 0 0 0 0
390 0 0 0 0
391 0 0 0 0
392 0 0 0 0
393 0 0 0 0
394 0 0 0 0
395 0 0 0 0
396 0 0 0 0
397 0 0 0 0
398 0 0 0 0
399 0 0 0 0
400 0 0 0 0
401 0 0 0 0
402 0 0 0 0
403 0 0 0 0
404 0 0 0 0
405 0 0 0 0
406 0 0 0 0
407 0 0 0 0
408 0 0 0 0
409 0 0 0 0
410 0 0 0 0
411 0 0 0 0
412 0 0 0 0
413 0 0 0 0
414 0 0 0 0
415 0 0 0 0
416 0 0 0 0
417 0 0 0 0
418 0 0 0 0
419 0 0 0 0
420 0 0 0 0
421 0 0 0 0
422 0 0 0 0
423 0 0 0 0
424 0 0 0 0
425 0 0 0 0
426 0 0 0 0
427 0 0 0 0
428 0 0 0 0
429 0 0 0 0
430 0 0 0 0
431 0 0 0 0
432 0 0 0 0
433 0 0 0 0
434 0 0 0 0
435 0 0 0 0
436 0 0 0 0
437 0 0 0 0
438 0 0 0 0
439 0 0 0 0
440 0 0 0 0
441 0 0 0 0
442 0 0 0 0
443 0 0 0 0
444 0 0 0 0
445 0 0 0 0
446 0 0 0 0
447 0 0 0 0
448 0 0 0 0
449 0 0 0 0
450 0 0 0 0
451 0 0 0 0
452 0 0 0 0
453 0 0 0 0
454 0 0 0 0
455 0 0 0 0
456 0 0 0 0
457 0 0 0 0
458 0 0 0 0
459 0 0 0 0
460 0 0 0 0
461 0 0 0 0
462 0 0 0 0
463 0 0 0 0
464 0 0 0 0
465 0 0 0 0
466 0 0 0 0
467 0 0 0 0
468 0 0 0 0
469 0 0 0 0
470 0 0 0 0
471 0 0 0 0
472 0 0 0 0
473 0 0 0 0
474 0 0 0 0
475 0 0 0 0
476 0 0 0 0
477 0 0 0 0
478 0 0 0 0
479 0 0 0 0
480 0 0 0 0
481 0 0 0 0
482 0 0 0 0
483 0 0 0 0
484 0 0 0 0
485 0 0 0 0
486 0 0 0 0
487 0 0 0 0
488 0 0 0 0
489 0 0 0 0
490 0 0 0 0
491 0 0 0 0
492 0 0 0 0
493 0 0 0 0
494 0 0 0 0
495 0 0 0 0
496 0 0 0 0
497 0 0 0 0
498 0 0 0 0
499 0 0 0 0
500 0 0 0 0
501 0 0 0 0
502 0 0 0 0
503 0 0 0 0
504 0 0 0 0
505 0 0 0 0
506 0 0 0 0
507 0 0 0 0
508 0 0 0 0
509 0 0 0 0
510 0 0 0 0
511 0 0 0 0
512 0 0 0 0
513 0 0 0 0
514 0 0 0 0
515 0 0 0 0
516 0 0 0 0
517 0 0 0 0
518 0 0 0 0
519 0 0 0 0
520 0 0 0 0
521 0 0 0 0
522 0 0 0 0
523 0 0 0 0
524 0 0 0 0
525 0 0 0 0
526 0 0 0 0
527 0 0 0 0
528 0 0 0 0
529 0 0 0 0
530 0 0 0 0
531 0 0 0 0
532 0 0 0 0
533 0 0 0 0
534 0 0 0 0
535 0 0 0 0
536 0 0 0 0
537 0 0 0 0
538 0 0 0 0
539 0 0 0 0
540 0 0 0 0
541 0 0 0 0
542 0 0 0 0
543 0 0 0 0
544 0 0 0 0
545 0 0 0 0
546 0 0 0 0
547 0 0 0 0
548 0 0 0 0
549 0 0 0 0
550 0 0 0 0
551 0 0 0 0
552 0 0 0 0
553 0 0 0 0
554 0 0 0 0
555 0 0 0 0
556 0 0 0 0
557 0 0 0 0
558 0 0 0 0
559 0 0 0 0
560 0 0 0 0
561 0 0 0 0
562 0 0 0 0
563 0 0 0 0
564 0 0 0 0
565 0 0 0 0
566 0 0 0 0
567 0 0 0 0
568 0 0 0 0
569 0 0 0 0
570 0 0 0 0
571 0 0 0 0
572 0 0 0 0
573 0 0 0 0
574 0 0 0 0
575 0 0 0 0
576 0 0 0 0
577 0 0 0 0
578 0 0 0 0
579 0 0 0 0
580 0 0 0 0
581 0 0 0 0
582 0 0 0 0
583 0 0 0 0
584 0 0 0 0
585 0 0 0 0
586 0 0 0 0
587 0 0 0 0
588 0 0 0 0
589 0 0 0 0
590 0 0 0 0
591 0 0 0 0
592 0 0 0 0
593 0 0 0 0
594 0 0 0 0
595 0 0 0 0
596 0 0 0 0
597 0 0 0 0
598 0 0 0 0
599 0 0 0 0
600 0 0 0 0
601 0 0 0 0
602 0 0 0 0
603 0 0 0 0
604 0 0 0 0
605 0 0 0 0
606 0 0 0 0
607 0 0 0 0
608 0 0 0 0
609 0 0 0 0
610 0 0 0 0
611 0 0 0 0
612 0 0 0 0
613 0 0 0 0
614 0 0 0 0
615 0 0 0 0
616 0 0 0 0
617 0 0 0 0
618 0 0 0 0
619 0 0 0 0
620 0 0 0 0
621 0 0 0 0
622 0 0 0 0
623 0 0 0 0
624 0 0 0 0
625 0 0 0 0
626 0 0 0 0
627 0 0 0 0
628 0 0 0 0
629 0 0 0 0
630 0 0 0 0
631 0 0 0 0
632 0 0 0 0
633 0 0 0 0
634 0 0 0 0
635 0 0 0 0
636 0 0 0 0
637 0 0 0 0
638 0 0 0 0
639 0 0 0 0
640 0 0 0 0
641 0 0 0 0
642 0 0 0 0
643 0 0 0 0
644 0 0 0 0
645 0 0 0 0
646 0 0 0 0
647 0 0 0 0
648 0 0 0 0
649 0 0 0 0
650 0 0 0 0
651 0 0 0 0
652 0 0 0 0
653 0 0 0 0
654 0 0 0 0
655 0 0 0 0
656 0 0 0 0
657 0 0 0 0
658 0 0 0 0
659 0 0 0 0
660 0 0 0 0
661 0 0 0 0
662 0 0 0 0
663 0 0 0 0
664 0 0 0 0
665 0 0 0 0
666 0 0 0 0
667 0 0 0 0
668 0 0 0 0
669 0 0 0 0
670 0 0 0 0
671 0 0 0 0
672 0 0 0 0
673 0 0 0 0
674 0 0 0 0
675 0 0 0 0
676 0 0 0 0
677 0 0 0 0
678 0 0 0 0
679 0 0 0 0
680 0 0 0 0
681 0 0 0 0
682 0 0 0 0
683 0 0 0 0
684 0 0 0 0
685 0 0 0 0
686 0 0 0 0
687 0 0 0 0
688 0 0 0 0
689 0 0 0 0
690 0 0 0 0
691 0 0 0 0
692 0 0 0 0
693 0 0 0 0
694 0 0 0 0
695 0 0 0 0
696 0 0 0 0
697 0 0 0 0
698 0 0 0 0
699 0 0 0 0
700 0 0 0 0
701 0 0 0 0
702 0 0 0 0
703 0 0 0 0
704 0 0 0 0
705 0 0 0 0
706 0 0 0 0
707 0 0 0 0
708 0 0 0 0
709 0 0 0 0
710 0 0 0 0
711 0 0 0 0
712 0 0 0 0
713 0 0 0 0
714 0 0 0 0
715 0 0 0 0
716 0 0 0 0
717 0 0 0 0
718 0 0 0 0
719 0 0 0 0
720 0 0 0 0
721 0 0 0 0
722 0 0 0 0
723 0 0 0 0
724 0 0 0 0
725 0 0 0 0
726 0 0 0 0
727 0 0 0 0
