0 0 0 0 0
1 0 0 0 0
2 0 0 0 0
3 0 0 0 0
4 0 0 0 0
5 0 0 2 0
6 0 0 0 0
7 0 1 0 0
8 0 0 0 0
9 0 2 0 1
10 0 0 0 0
11 0 0 0 0
12 0 0 0 1
13 0 0 0 2
14 0 0 0 1
15 0 0 0 0
16 0 0 0 0
17 0 0 0 0
18 0 0 0 0
19 0 0 0 0
20 1 0 0 0
21 1 0 0 0
22 1 0 0 0
23 0 0 0 0
24 0 0 0 0
25 0 0 1 0
26 1 0 0 0
27 0 0 0 0
28 0 0 0 0
29 1 0 0 0
30 0 0 1 0
31 2 2 0 0
32 0 0 0 1
33 0 0 0 0
34 0 0 1 0
35 0 0 0 1
36 0 1 0 1
37 1 0 0 1
38 1 0 0 1
39 1 0 0 0
40 1 1 0 1
41 0 0 0 0
42 0 1 0 0
43 0 1 0 0
44 0 1 0 0
45 1 0 1 0
46 2 0 0 1
47 0 0 0 1
48 0 0 0 0
49 0 0 0 1
50 2 0 1 1
51 0 0 1 1
52 3 0 0 0
53 2 0 0 0
54 0 0 0 1
55 0 0 1 1
56 0 0 0 0
57 0 1 1 0
58 0 0 0 0
59 0 2 0 1
60 0 0 0 0
61 0 0 1 1
62 0 2 0 0
63 0 0 0 1
64 1 0 0 1
65 2 0 0 1
66 1 0 0 2
67 1 0 0 0
68 1 0 0 0
69 2 1 0 1
70 1 0 0 0
71 1 0 1 0
72 2 1 0 0
73 3 0 0 1
74 2 2 1 0
75 1 1 0 0
76 1 1 0 1
77 0 0 1 0
78 0 0 2 2
79 1 1 2 1
80 1 0 0 0
81 1 1 1 2
82 0 2 0 0
83 2 0 1 1
84 2 1 0 2
85 0 1 0 3
86 1 0 0 3
87 0 0 0 0
88 1 0 0 1
89 0 0 0 2
90 3 1 0 1
91 3 1 0 0
92 3 1 1 1
93 2 2 1 0
94 3 0 0 1
95 4 0 1 0
96 1 1 0 0
97 3 3 0 3
98 1 1 1 1
99 3 1 4 3
100 2 3 1 1
101 3 0 1 2
102 3 0 1 1
103 3 1 0 2
104 2 2 0 4
105 1 2 1 3
106 3 0 5 1
107 3 3 0 2
108 10 2 0 2
109 4 1 1 2
110 5 0 1 5
111 4 0 1 2
112 3 2 1 4
113 2 3 1 1
114 1 1 2 1
115 2 2 3 1
116 9 2 3 4
117 4 7 3 2
118 6 2 1 4
119 1 1 1 1
120 2 1 1 5
121 5 5 2 4
122 4 0 1 6
123 10 3 1 3
124 5 0 1 9
125 7 2 1 1
126 5 4 0 2
127 5 1 3 4
128 4 5 1 7
129 8 2 2 3
130 4 5 3 3
131 4 4 3 3
132 4 5 3 4
133 3 2 2 5
134 5 4 2 5
135 7 2 2 7
136 3 0 5 6
137 10 1 3 5
138 8 2 3 4
139 8 6 1 5
140 8 6 2 4
141 3 3 0 7
142 5 6 3 4
143 9 3 3 7
144 4 6 2 7
145 7 2 1 5
146 5 3 0 4
147 9 4 3 6
148 9 1 4 6
149 9 5 3 9
150 14 4 3 7
151 9 4 2 8
152 9 5 4 4
153 6 5 2 3
154 11 5 4 6
155 10 6 4 6
156 6 4 4 13
157 7 3 7 6
158 9 4 4 7
159 12 5 2 8
160 13 4 6 7
161 12 4 2 7
162 13 4 2 6
163 5 8 4 9
164 15 6 5 12
165 11 9 2 6
166 8 8 4 7
167 8 6 4 10
168 13 6 1 9
169 9 8 4 9
170 11 4 4 12
171 7 9 5 11
172 10 5 2 7
173 7 10 8 17
174 10 7 5 11
175 8 4 8 12
176 16 5 4 8
177 11 7 3 13
178 21 4 2 13
179 21 4 3 10
180 15 2 2 13
181 19 9 7 10
182 7 5 5 6
183 11 12 7 8
184 15 12 7 4
185 19 9 7 13
186 11 8 8 8
187 21 8 2 10
188 18 8 6 18
189 17 11 3 15
190 16 8 9 22
191 20 7 3 16
192 13 8 9 13
193 18 10 5 12
194 18 9 7 12
195 18 8 9 12
196 19 15 6 21
197 13 12 2 15
198 13 9 8 14
199 20 12 5 14
200 18 13 5 17
201 16 9 10 13
202 20 8 6 17
203 17 9 5 18
204 14 9 2 22
205 17 15 9 22
206 18 7 8 16
207 13 12 5 12
208 17 12 13 14
209 14 9 4 22
210 8 9 2 16
211 15 11 6 11
212 10 6 7 20
213 8 12 6 12
214 8 10 12 15
215 10 6 6 25
216 14 7 6 12
217 13 5 5 17
218 6 2 6 16
219 9 6 2 14
220 11 7 4 16
221 9 8 5 14
222 7 6 6 10
223 10 3 6 12
224 8 7 4 9
225 9 10 4 9
226 7 6 4 7
227 12 6 2 13
228 11 6 4 13
229 5 7 3 14
230 6 6 4 10
231 7 3 1 9
232 5 4 2 11
233 6 5 3 4
234 6 4 2 6
235 4 7 2 9
236 5 9 3 15
237 7 5 6 9
238 6 3 3 3
239 6 2 2 4
240 5 1 3 12
241 6 3 2 11
242 4 5 2 10
243 3 8 1 10
244 4 3 2 7
245 3 1 1 3
246 5 5 1 6
247 9 2 3 8
248 8 2 3 6
249 3 4 2 2
250 7 3 1 7
251 3 3 0 7
252 6 4 1 3
253 4 4 2 7
254 5 1 3 1
255 5 4 3 5
256 2 5 0 3
257 3 7 1 7
258 5 3 1 3
259 1 3 1 7
260 1 5 1 4
261 2 1 0 7
262 3 2 3 7
263 1 4 2 4
264 2 1 2 6
265 3 1 1 1
266 1 1 0 6
267 4 4 1 4
268 2 0 1 2
269 7 0 1 4
270 4 1 3 5
271 5 2 0 6
272 2 2 1 2
273 0 1 1 1
274 0 2 0 3
275 1 0 1 2
276 0 2 3 2
277 2 1 2 3
278 2 2 3 2
279 4 2 0 2
280 1 2 0 2
281 2 0 1 1
282 1 1 1 2
283 2 2 0 4
284 1 1 1 3
285 0 0 0 4
286 1 0 0 3
287 3 0 0 2
288 2 2 1 0
289 1 0 1 0
290 1 1 1 1
291 1 0 0 2
292 3 2 2 1
293 2 3 0 1
294 3 0 0 1
295 0 2 0 2
296 1 1 1 2
297 0 1 0 2
298 1 1 0 0
299 1 1 0 3
300 0 0 0 4
301 1 2 1 0
302 0 1 1 1
303 0 2 1 0
304 0 1 0 1
305 1 0 0 3
306 0 0 0 2
307 1 0 0 0
308 1 0 0 1
309 1 0 0 1
310 1 1 0 3
311 0 0 0 1
312 0 0 0 0
313 1 0 1 0
314 1 1 0 0
315 0 0 0 0
316 0 0 1 0
317 1 0 0 1
318 0 1 1 1
319 0 1 1 0
320 0 0 0 1
321 0 0 0 0
322 1 0 1 1
323 0 0 0 2
324 0 0 0 0
325 0 0 0 0
326 0 0 0 3
327 0 0 1 0
328 0 0 0 0
329 0 0 0 0
330 0 0 0 0
331 0 0 0 1
332 0 0 0 0
333 0 0 0 0
334 0 0 0 0
335 0 0 0 0
336 0 0 0 0
337 0 0 0 0
338 0 0 0 0
339 0 0 0 0
340 0 0 0 0
341 0 0 0 0
342 0 0 0 0
343 0 0 0 0
344 0 0 0 0
345 0 0 0 0
346 0 0 0 0
347 0 0 0 0
348 0 0 0 0
349 0 0 0 0
350 0 0 0 0
351 0 0 0 0
352 0 0 0 0
353 0 0 0 0
354 0 0 0 0
355 0 0 0 0
356 0 0 0 0
357 0 0 0 0
358 0 0 0 0
359 0 0 0 0
360 0 0 0 0
361 0 0 0 0
362 0 0 0 0
363 0 0 0 0
364 0 0 0 0
365 0 0 0 0
366 0 0 0 0
367 0 0 0 0
368 0 0 0 0
369 0 0 0 0
370 0 0 0 0
371 0 0 0 0
372 0 0 0 0
373 0 0 0 0
374 0 0 0 0
375 0 0 0 0
376 0 0 0 0
377 0 0 0 0
378 0 0 0 0
379 0 0 0 0
380 0 0 0 0
381 0 0 0 0
382 0 0 0 0
383 0 0 0 0
384 0 0 0 0
385 0 0 0 0
386 0 0 0 0
387 0 0 0 0
388 0 0 0 0
389 0 0 0 0
390 0 0 0 0
391 0 0 0 0
392 0 0 0 0
393 0 0 0 0
394 0 0 0 0
395 0 0 0 0
396 0 0 0 0
397 0 0 0 0
398 0 0 0 0
399 0 0 0 0
400 0 0 0 0
401 0 0 0 0
402 0 0 0 0
403 0 0 0 0
404 0 0 0 0
405 0 0 0 0
406 0 0 0 0
407 0 0 0 0
408 0 0 0 0
409 0 0 0 0
410 0 0 0 0
411 0 0 0 0
412 0 0 0 0
413 0 0 0 0
414 0 0 0 0
415 0 0 0 0
416 0 0 0 0
417 0 0 0 0
418 0 0 0 0
419 0 0 0 0
420 0 0 0 0
421 0 0 0 0
422 0 0 0 0
423 0 0 0 0
424 0 0 0 0
425 0 0 0 0
426 0 0 0 0
427 0 0 0 0
428 0 0 0 0
429 0 0 0 0
430 0 0 0 0
431 0 0 0 0
432 0 0 0 0
433 0 0 0 0
434 0 0 0 0
435 0 0 0 0
436 0 0 0 0
437 0 0 0 0
438 0 0 0 0
439 0 0 0 0
440 0 0 0 0
441 0 0 0 0
442 0 0 0 0
443 0 0 0 0
444 0 0 0 0
445 0 0 0 0
446 0 0 0 0
447 0 0 0 0
448 0 0 0 0
449 0 0 0 0
450 0 0 0 0
451 0 0 0 0
452 0 0 0 0
453 0 0 0 0
454 0 0 0 0
455 0 0 0 0
456 0 0 0 0
457 0 0 0 0
458 0 0 0 0
459 0 0 0 0
460 0 0 0 0
461 0 0 0 0
462 0 0 0 0
463 0 0 0 0
464 0 0 0 0
465 0 0 0 0
466 0 0 0 0
467 0 0 0 0
468 0 0 0 0
469 0 0 0 0
470 0 0 0 0
471 0 0 0 0
472 0 0 0 0
473 0 0 0 0
474 0 0 0 0
475 0 0 0 0
476 0 0 0 0
477 0 0 0 0
478 0 0 0 0
479 0 0 0 0
480 0 0 0 0
481 0 0 0 0
482 0 0 0 0
483 0 0 0 0
484 0 0 0 0
485 0 0 0 0
486 0 0 0 0
487 0 0 0 0
488 0 0 0 0
489 0 0 0 0
490 0 0 0 0
491 0 0 0 0
492 0 0 0 0
493 0 0 0 0
494 0 0 0 0
495 0 0 0 0
496 0 0 0 0
497 0 0 0 0
498 0 0 0 0
499 0 0 0 0
500 0 0 0 0
501 0 0 0 0
502 0 0 0 0
503 0 0 0 0
504 0 0 0 0
505 0 0 0 0
506 0 0 0 0
507 0 0 0 0
508 0 0 0 0
509 0 0 0 0
510 0 0 0 0
511 0 0 0 0
512 0 0 0 0
513 0 0 0 0
514 0 0 0 0
515 0 0 0 0
516 0 0 0 0
517 0 0 0 0
518 0 0 0 0
519 0 0 0 0
520 0 0 0 0
521 0 0 0 0
522 0 0 0 0
523 0 0 0 0
524 0 0 0 0
525 0 0 0 0
526 0 0 0 0
527 0 0 0 0
528 0 0 0 0
529 0 0 0 0
530 0 0 0 0
531 0 0 0 0
532 0 0 0 0
533 0 0 0 0
534 0 0 0 0
535 0 0 0 0
536 0 0 0 0
537 0 0 0 0
538 0 0 0 0
539 0 0 0 0
540 0 0 0 0
541 0 0 0 0
542 0 0 0 0
543 0 0 0 0
544 0 0 0 0
545 0 0 0 0
546 0 0 0 0
547 0 0 0 0
548 0 0 0 0
549 0 0 0 0
550 0 0 0 0
551 0 0 0 0
552 0 0 0 0
553 0 0 0 0
554 0 0 0 0
555 0 0 0 0
556 0 0 0 0
557 0 0 0 0
558 0 0 0 0
559 0 0 0 0
560 0 0 0 0
561 0 0 0 0
562 0 0 0 0
563 0 0 0 0
564 0 0 0 0
565 0 0 0 0
566 0 0 0 0
567 0 0 0 0
568 0 0 0 0
569 0 0 0 0
570 0 0 0 0
571 0 0 0 0
572 0 0 0 0
573 0 0 0 0
574 0 0 0 0
575 0 0 0 0
576 0 0 0 0
577 0 0 0 0
578 0 0 0 0
579 0 0 0 0
580 0 0 0 0
581 0 0 0 0
582 0 0 0 0
583 0 0 0 0
584 0 0 0 0
585 0 0 0 0
586 0 0 0 0
587 0 0 0 0
588 0 0 0 0
589 0 0 0 0
590 0 0 0 0
591 0 0 0 0
592 0 0 0 0
593 0 0 0 0
594 0 0 0 0
595 0 0 0 0
596 0 0 0 0
597 0 0 0 0
598 0 0 0 0
599 0 0 0 0
600 0 0 0 0
601 0 0 0 0
602 0 0 0 0
603 0 0 0 0
604 0 0 0 0
605 0 0 0 0
606 0 0 0 0
607 0 0 0 0
608 0 0 0 0
609 0 0 0 0
610 0 0 0 0
611 0 0 0 0
612 0 0 0 0
613 0 0 0 0
614 0 0 0 0
615 0 0 0 0
616 0 0 0 0
617 0 0 0 0
618 0 0 0 0
619 0 0 0 0
620 0 0 0 0
621 0 0 0 0
622 0 0 0 0
623 0 0 0 0
624 0 0 0 0
625 0 0 0 0
626 0 0 0 0
627 0 0 0 0
628 0 0 0 0
629 0 0 0 0
630 0 0 0 0
631 0 0 0 0
632 0 0 0 0
633 0 0 0 0
634 0 0 0 0
635 0 0 0 0
636 0 0 0 0
637 0 0 0 0
638 0 0 0 0
639 0 0 0 0
640 0 0 0 0
641 0 0 0 0
642 0 0 0 0
643 0 0 0 0
644 0 0 0 0
645 0 0 0 0
646 0 0 0 0
647 0 0 0 0
648 0 0 0 0
649 0 0 0 0
650 0 0 0 0
651 0 0 0 0
652 0 0 0 0
653 0 0 0 0
654 0 0 0 0
655 0 0 0 0
656 0 0 0 0
657 0 0 0 0
658 0 0 0 0
659 0 0 0 0
660 0 0 0 0
661 0 0 0 0
662 0 0 0 0
663 0 0 0 0
664 0 0 0 0
665 0 0 0 0
666 0 0 0 0
667 0 0 0 0
668 0 0 0 0
669 0 0 0 0
670 0 0 0 0
671 0 0 0 0
672 0 0 0 0
673 0 0 0 0
674 0 0 0 0
675 0 0 0 0
676 0 0 0 0
677 0 0 0 0
678 0 0 0 0
679 0 0 0 0
680 0 0 0 0
681 0 0 0 0
682 0 0 0 0
683 0 0 0 0
684 0 0 0 0
685 0 0 0 0
686 0 0 0 0
687 0 0 0 0
688 0 0 0 0
689 0 0 0 0
690 0 0 0 0
691 0 0 0 0
692 0 0 0 0
693 0 0 0 0
694 0 0 0 0
695 0 0 0 0
696 0 0 0 0
697 0 0 0 0
698 0 0 0 0
699 0 0 0 0
700 0 0 0 0
701 0 0 0 0
702 0 0 0 0
703 0 0 0 0
704 0 0 0 0
705 0 0 0 0
706 0 0 0 0
707 0 0 0 0
708 0 0 0 0
709 0 0 0 0
710 0 0 0 0
711 0 0 0 0
712 0 0 0 0
713 0 0 0 0
714 0 0 0 0
715 0 0 0 0
716 0 0 0 0
717 0 0 0 0
718 0 0 0 0
719 0 0 0 0
720 0 0 0 0
721 0 0 0 0
722 0 0 0 0
723 0 0 0 0
724 0 0 0 0
725 0 0 0 0
726 0 0 0 0
727 0 0 0 0
