0 0 0 0 0
1 0 0 0 0
2 0 0 0 0
3 0 0 0 0
4 0 0 0 0
5 0 1 1 0
6 0 0 0 0
7 0 0 0 0
8 0 0 0 0
9 0 2 1 1
10 0 0 0 0
11 0 0 0 0
12 0 0 0 1
13 0 0 0 0
14 0 0 0 0
15 0 0 0 0
16 0 0 0 3
17 0 0 0 0
18 0 0 0 0
19 0 0 0 0
20 0 0 0 0
21 1 0 0 0
22 1 0 0 0
23 1 0 0 0
24 1 0 0 0
25 0 0 0 0
26 1 0 0 0
27 1 0 1 0
28 1 0 0 0
29 1 0 0 0
30 0 1 1 0
31 0 0 1 0
32 0 0 1 0
33 1 0 0 0
34 1 0 1 2
35 0 0 0 0
36 0 0 1 1
37 0 0 1 1
38 0 0 1 1
39 0 0 1 1
40 1 0 0 1
41 1 0 0 0
42 0 0 0 0
43 0 0 0 0
44 0 0 0 1
45 0 0 1 1
46 1 0 0 1
47 2 0 0 0
48 2 0 0 0
49 1 0 0 0
50 0 1 0 0
51 2 0 1 0
52 1 1 1 1
53 1 0 1 0
54 0 0 0 0
55 4 0 0 0
56 1 1 0 2
57 2 1 1 2
58 0 1 0 1
59 1 0 0 0
60 2 1 1 0
61 2 1 0 0
62 2 1 1 0
63 3 0 0 1
64 0 2 1 2
65 2 1 1 1
66 2 0 1 1
67 3 1 0 2
68 4 2 0 3
69 1 0 0 2
70 4 2 1 0
71 4 3 0 2
72 5 4 1 3
73 3 3 1 0
74 2 1 0 1
75 1 2 0 3
76 3 3 0 4
77 5 0 3 3
78 2 2 0 4
79 3 2 1 1
80 1 2 0 3
81 4 0 3 1
82 4 4 0 1
83 1 0 1 2
84 6 2 0 3
85 2 2 1 3
86 3 1 2 3
87 4 2 3 2
88 3 1 1 4
89 5 3 2 3
90 4 3 1 4
91 6 2 1 4
92 3 2 0 3
93 2 1 2 6
94 1 2 2 3
95 6 3 1 3
96 6 2 2 1
97 8 2 0 2
98 4 1 2 3
99 5 2 0 3
100 13 3 4 5
101 6 2 4 3
102 7 2 3 3
103 7 0 1 4
104 6 2 2 6
105 7 5 1 4
106 8 7 3 4
107 9 3 4 2
108 7 6 1 7
109 4 6 6 5
110 9 2 5 6
111 9 5 1 2
112 7 3 1 6
113 7 3 2 11
114 5 3 2 7
115 7 5 4 6
116 3 8 8 7
117 8 5 3 7
118 5 5 3 6
119 7 3 3 8
120 8 6 1 12
121 10 4 1 5
122 4 4 2 10
123 8 6 1 8
124 13 4 1 9
125 12 3 3 7
126 13 5 3 5
127 11 3 0 8
128 12 5 4 5
129 9 4 4 9
130 12 4 6 8
131 18 4 5 2
132 13 9 2 7
133 16 9 7 8
134 19 8 3 7
135 14 5 8 7
136 8 9 5 11
137 10 5 2 14
138 21 9 5 10
139 14 15 3 11
140 15 9 4 14
141 10 10 7 6
142 15 7 6 13
143 11 9 7 20
144 10 3 10 13
145 12 3 4 17
146 18 6 6 11
147 9 13 6 13
148 10 9 7 17
149 17 7 8 10
150 18 8 4 17
151 19 10 4 14
152 16 9 4 13
153 17 7 2 14
154 15 8 6 15
155 12 14 2 14
156 29 8 6 13
157 18 12 2 12
158 21 8 7 14
159 20 10 5 12
160 24 9 5 9
161 19 12 9 14
162 30 8 8 17
163 21 15 6 19
164 24 9 6 14
165 20 19 11 17
166 22 14 7 14
167 16 15 11 19
168 20 14 9 18
169 20 12 6 21
170 20 10 6 23
171 18 15 8 26
172 23 14 6 24
173 23 20 7 17
174 20 14 4 18
175 27 12 10 28
176 21 12 8 20
177 23 9 8 15
178 22 11 10 18
179 25 14 8 17
180 22 9 8 27
181 37 9 13 18
182 29 24 10 26
183 24 16 7 27
184 24 19 13 17
185 26 12 6 22
186 30 19 9 30
187 22 15 10 17
188 40 15 10 31
189 30 16 11 17
190 28 16 14 32
191 16 17 11 23
192 33 18 6 25
193 34 15 16 26
194 19 18 9 24
195 27 16 13 24
196 30 10 6 27
197 27 25 18 33
198 24 20 13 29
199 36 12 8 27
200 29 11 5 23
201 24 14 9 32
202 26 19 9 35
203 24 14 8 22
204 18 22 15 29
205 16 15 15 26
206 22 17 12 19
207 23 15 14 26
208 24 15 9 37
209 16 13 10 31
210 15 13 6 20
211 10 15 10 27
212 10 21 6 31
213 6 15 7 23
214 8 13 2 19
215 14 12 6 20
216 8 11 4 29
217 9 9 9 25
218 18 5 5 17
219 12 8 6 19
220 9 6 4 15
221 8 4 3 18
222 8 4 3 15
223 12 6 5 14
224 11 13 4 15
225 10 8 4 8
226 6 6 6 9
227 11 10 5 10
228 11 5 3 11
229 11 2 3 13
230 1 1 4 11
231 7 1 2 15
232 8 5 3 12
233 7 8 4 10
234 7 4 4 12
235 7 1 5 4
236 6 6 8 4
237 7 7 6 9
238 3 6 7 7
239 6 2 1 9
240 8 4 1 11
241 6 4 2 10
242 5 4 2 11
243 3 5 2 7
244 1 7 1 9
245 2 2 4 8
246 2 4 2 3
247 7 0 3 7
248 6 1 2 8
249 4 2 4 6
250 6 5 0 4
251 5 3 1 5
252 4 4 3 5
253 5 2 1 7
254 3 1 0 6
255 5 1 1 4
256 4 2 2 5
257 4 6 1 3
258 5 4 3 2
259 6 4 2 7
260 5 3 0 3
261 3 2 2 6
262 3 2 1 6
263 2 5 2 7
264 3 5 0 3
265 4 1 2 3
266 3 2 2 1
267 2 1 3 7
268 2 5 0 4
269 5 1 2 6
270 1 0 2 4
271 3 1 2 5
272 1 0 0 3
273 0 2 1 4
274 1 4 1 2
275 1 0 1 3
276 0 3 3 2
277 2 0 1 3
278 0 2 0 3
279 1 0 2 1
280 4 0 0 4
281 1 1 0 4
282 1 2 0 1
283 1 0 0 4
284 1 0 1 1
285 0 1 1 3
286 2 0 1 2
287 0 1 0 0
288 3 1 0 0
289 3 3 0 2
290 2 0 0 0
291 2 1 0 1
292 2 1 0 0
293 0 0 2 4
294 1 2 1 2
295 2 0 1 1
296 1 0 1 0
297 0 2 0 2
298 2 0 1 2
299 0 1 1 2
300 0 1 2 1
301 0 1 0 2
302 1 0 0 1
303 0 1 0 1
304 0 0 0 0
305 0 0 1 2
306 1 0 0 0
307 1 2 0 4
308 0 0 0 1
309 0 0 0 0
310 0 0 0 0
311 0 1 0 1
312 1 0 1 1
313 0 0 0 1
314 0 0 0 0
315 0 0 0 1
316 1 0 0 0
317 0 0 0 0
318 0 0 0 0
319 0 0 0 1
320 0 0 0 0
321 0 1 1 0
322 0 0 0 0
323 0 0 0 0
324 0 0 0 0
325 0 0 0 1
326 0 0 0 0
327 0 0 0 0
328 0 0 0 1
329 0 0 0 0
330 0 0 0 0
331 1 0 0 0
332 0 0 0 0
333 0 0 0 0
334 0 0 0 0
335 0 0 0 0
336 1 0 1 0
337 0 0 0 0
338 0 0 0 0
339 0 0 0 0
340 0 0 0 0
341 0 0 1 0
342 0 0 0 0
343 0 0 0 1
344 0 0 0 0
345 0 0 0 1
346 0 0 0 0
347 0 0 0 0
348 0 0 0 0
349 0 0 0 0
350 0 0 0 0
351 0 0 0 0
352 0 0 0 0
353 0 0 0 0
354 0 0 0 0
355 0 0 0 0
356 0 0 0 0
357 0 0 0 0
358 0 0 0 0
359 0 0 0 0
360 0 0 0 0
361 0 0 0 0
362 0 0 0 0
363 0 0 0 0
364 0 0 0 0
365 0 0 0 0
366 0 0 0 0
367 0 0 0 0
368 0 0 0 0
369 0 0 0 0
370 0 0 0 0
371 0 0 0 0
372 0 0 0 0
373 0 0 0 0
374 0 0 0 0
375 0 0 0 0
376 0 0 0 0
377 0 0 0 0
378 0 0 0 0
379 0 0 0 0
380 0 0 0 0
381 0 0 0 0
382 0 0 0 0
383 0 0 0 0
384 0 0 0 0
385 0 0 0 0
386 0 0 0 0
387 0 0 0 0
388 0 0 0 0
389 0 0 0 0
390 0 0 0 0
391 0 0 0 0
392 0 0 0 0
393 0 0 0 0
394 0 0 0 0
395 0 0 0 0
396 0 0 0 0
397 0 0 0 0
398 0 0 0 0
399 0 0 0 0
400 0 0 0 0
401 0 0 0 0
402 0 0 0 0
403 0 0 0 0
404 0 0 0 0
405 0 0 0 0
406 0 0 0 0
407 0 0 0 0
408 0 0 0 0
409 0 0 0 0
410 0 0 0 0
411 0 0 0 0
412 0 0 0 0
413 0 0 0 0
414 0 0 0 0
415 0 0 0 0
416 0 0 0 0
417 0 0 0 0
418 0 0 0 0
419 0 0 0 0
420 0 0 0 0
421 0 0 0 0
422 0 0 0 0
423 0 0 0 0
424 0 0 0 0
425 0 0 0 0
426 0 0 0 0
427 0 0 0 0
428 0 0 0 0
429 0 0 0 0
430 0 0 0 0
431 0 0 0 0
432 0 0 0 0
433 0 0 0 0
434 0 0 0 0
435 0 0 0 0
436 0 0 0 0
437 0 0 0 0
438 0 0 0 0
439 0 0 0 0
440 0 0 0 0
441 0 0 0 0
442 0 0 0 0
443 0 0 0 0
444 0 0 0 0
445 0 0 0 0
446 0 0 0 0
447 0 0 0 0
448 0 0 0 0
449 0 0 0 0
450 0 0 0 0
451 0 0 0 0
452 0 0 0 0
453 0 0 0 0
454 0 0 0 0
455 0 0 0 0
456 0 0 0 0
457 0 0 0 0
458 0 0 0 0
459 0 0 0 0
460 0 0 0 0
461 0 0 0 0
462 0 0 0 0
463 0 0 0 0
464 0 0 0 0
465 0 0 0 0
466 0 0 0 0
467 0 0 0 0
468 0 0 0 0
469 0 0 0 0
470 0 0 0 0
471 0 0 0 0
472 0 0 0 0
473 0 0 0 0
474 0 0 0 0
475 0 0 0 0
476 0 0 0 0
477 0 0 0 0
478 0 0 0 0
479 0 0 0 0
480 0 0 0 0
481 0 0 0 0
482 0 0 0 0
483 0 0 0 0
484 0 0 0 0
485 0 0 0 0
486 0 0 0 0
487 0 0 0 0
488 0 0 0 0
489 0 0 0 0
490 0 0 0 0
491 0 0 0 0
492 0 0 0 0
493 0 0 0 0
494 0 0 0 0
495 0 0 0 0
496 0 0 0 0
497 0 0 0 0
498 0 0 0 0
499 0 0 0 0
500 0 0 0 0
501 0 0 0 0
502 0 0 0 0
503 0 0 0 0
504 0 0 0 0
505 0 0 0 0
506 0 0 0 0
507 0 0 0 0
508 0 0 0 0
509 0 0 0 0
510 0 0 0 0
511 0 0 0 0
512 0 0 0 0
513 0 0 0 0
514 0 0 0 0
515 0 0 0 0
516 0 0 0 0
517 0 0 0 0
518 0 0 0 0
519 0 0 0 0
520 0 0 0 0
521 0 0 0 0
522 0 0 0 0
523 0 0 0 0
524 0 0 0 0
525 0 0 0 0
526 0 0 0 0
527 0 0 0 0
528 0 0 0 0
529 0 0 0 0
530 0 0 0 0
531 0 0 0 0
532 0 0 0 0
533 0 0 0 0
534 0 0 0 0
535 0 0 0 0
536 0 0 0 0
537 0 0 0 0
538 0 0 0 0
539 0 0 0 0
540 0 0 0 0
541 0 0 0 0
542 0 0 0 0
543 0 0 0 0
544 0 0 0 0
545 0 0 0 0
546 0 0 0 0
547 0 0 0 0
548 0 0 0 0
549 0 0 0 0
550 0 0 0 0
551 0 0 0 0
552 0 0 0 0
553 0 0 0 0
554 0 0 0 0
555 0 0 0 0
556 0 0 0 0
557 0 0 0 0
558 0 0 0 0
559 0 0 0 0
560 0 0 0 0
561 0 0 0 0
562 0 0 0 0
563 0 0 0 0
564 0 0 0 0
565 0 0 0 0
566 0 0 0 0
567 0 0 0 0
568 0 0 0 0
569 0 0 0 0
570 0 0 0 0
571 0 0 0 0
572 0 0 0 0
573 0 0 0 0
574 0 0 0 0
575 0 0 0 0
576 0 0 0 0
577 0 0 0 0
578 0 0 0 0
579 0 0 0 0
580 0 0 0 0
581 0 0 0 0
582 0 0 0 0
583 0 0 0 0
584 0 0 0 0
585 0 0 0 0
586 0 0 0 0
587 0 0 0 0
588 0 0 0 0
589 0 0 0 0
590 0 0 0 0
591 0 0 0 0
592 0 0 0 0
593 0 0 0 0
594 0 0 0 0
595 0 0 0 0
596 0 0 0 0
597 0 0 0 0
598 0 0 0 0
599 0 0 0 0
600 0 0 0 0
601 0 0 0 0
602 0 0 0 0
603 0 0 0 0
604 0 0 0 0
605 0 0 0 0
606 0 0 0 0
607 0 0 0 0
608 0 0 0 0
609 0 0 0 0
610 0 0 0 0
611 0 0 0 0
612 0 0 0 0
613 0 0 0 0
614 0 0 0 0
615 0 0 0 0
616 0 0 0 0
617 0 0 0 0
618 0 0 0 0
619 0 0 0 0
620 0 0 0 0
621 0 0 0 0
622 0 0 0 0
623 0 0 0 0
624 0 0 0 0
625 0 0 0 0
626 0 0 0 0
627 0 0 0 0
628 0 0 0 0
629 0 0 0 0
630 0 0 0 0
631 0 0 0 0
632 0 0 0 0
633 0 0 0 0
634 0 0 0 0
635 0 0 0 0
636 0 0 0 0
637 0 0 0 0
638 0 0 0 0
639 0 0 0 0
640 0 0 0 0
641 0 0 0 0
642 0 0 0 0
643 0 0 0 0
644 0 0 0 0
645 0 0 0 0
646 0 0 0 0
647 0 0 0 0
648 0 0 0 0
649 0 0 0 0
650 0 0 0 0
651 0 0 0 0
652 0 0 0 0
653 0 0 0 0
654 0 0 0 0
655 0 0 0 0
656 0 0 0 0
657 0 0 0 0
658 0 0 0 0
659 0 0 0 0
660 0 0 0 0
661 0 0 0 0
662 0 0 0 0
663 0 0 0 0
664 0 0 0 0
665 0 0 0 0
666 0 0 0 0
667 0 0 0 0
668 0 0 0 0
669 0 0 0 0
670 0 0 0 0
671 0 0 0 0
672 0 0 0 0
673 0 0 0 0
674 0 0 0 0
675 0 0 0 0
676 0 0 0 0
677 0 0 0 0
678 0 0 0 0
679 0 0 0 0
680 0 0 0 0
681 0 0 0 0
682 0 0 0 0
683 0 0 0 0
684 0 0 0 0
685 0 0 0 0
686 0 0 0 0
687 0 0 0 0
688 0 0 0 0
689 0 0 0 0
690 0 0 0 0
691 0 0 0 0
692 0 0 0 0
693 0 0 0 0
694 0 0 0 0
695 0 0 0 0
696 0 0 0 0
697 0 0 0 0
698 0 0 0 0
699 0 0 0 0
700 0 0 0 0
701 0 0 0 0
702 0 0 0 0
703 0 0 0 0
704 0 0 0 0
705 0 0 0 0
706 0 0 0 0
707 0 0 0 0
708 0 0 0 0
709 0 0 0 0
710 0 0 0 0
711 0 0 0 0
712 0 0 0 0
713 0 0 0 0
714 0 0 0 0
715 0 0 0 0
716 0 0 0 0
717 0 0 0 0
718 0 0 0 0
719 0 0 0 0
720 0 0 0 0
721 0 0 0 0
722 0 0 0 0
723 0 0 0 0
724 0 0 0 0
725 0 0 0 0
726 0 0 0 0
727 0 0 0 0
