0 0 0 0 0
1 0 0 0 0
2 0 0 0 0
3 0 0 0 0
4 0 0 0 0
5 0 1 0 0
6 0 0 0 0
7 0 0 0 0
8 0 0 0 0
9 0 0 4 1
10 0 0 0 0
11 0 0 0 0
12 0 0 0 0
13 0 0 0 3
14 0 0 0 0
15 0 0 0 0
16 0 0 0 1
17 0 0 0 0
18 0 0 0 0
19 1 0 0 0
20 1 0 0 0
21 1 0 0 0
22 1 0 0 0
23 0 0 0 0
24 0 0 0 0
25 0 0 1 0
26 0 1 0 0
27 2 1 0 0
28 1 1 0 0
29 1 0 0 0
30 0 0 0 0
31 0 0 0 1
32 0 1 0 2
33 0 0 1 1
34 0 0 1 0
35 1 0 0 0
36 1 0 1 0
37 1 0 0 1
38 0 0 0 2
39 0 0 0 0
40 0 1 0 0
41 0 0 0 0
42 0 0 0 1
43 0 0 0 0
44 2 0 0 0
45 1 0 1 0
46 1 1 0 0
47 0 0 0 1
48 2 0 0 0
49 0 0 1 1
50 0 0 1 0
51 1 0 0 0
52 0 0 0 0
53 1 1 1 2
54 0 0 0 0
55 0 1 0 0
56 2 0 0 0
57 0 1 0 2
58 0 0 0 0
59 2 0 0 0
60 1 0 1 1
61 1 0 1 0
62 1 1 0 1
63 0 0 0 0
64 0 1 0 2
65 0 0 2 1
66 1 0 1 0
67 1 0 1 1
68 1 1 0 1
69 0 0 0 2
70 0 0 0 0
71 0 0 1 0
72 0 1 0 1
73 1 0 0 1
74 1 0 0 0
75 2 0 0 1
76 2 0 0 1
77 1 0 1 0
78 2 0 1 1
79 3 0 0 0
80 5 0 2 0
81 2 1 1 1
82 2 1 0 0
83 1 0 1 0
84 0 1 0 1
85 2 1 1 1
86 2 1 1 0
87 3 2 1 1
88 3 1 2 2
89 1 3 0 2
90 2 1 1 2
91 0 2 1 3
92 0 1 0 1
93 2 0 0 2
94 2 0 0 3
95 3 2 0 4
96 6 1 1 3
97 0 2 1 1
98 3 2 0 1
99 1 0 1 1
100 2 0 0 1
101 2 1 2 2
102 3 1 0 2
103 3 2 0 2
104 1 2 2 1
105 6 4 2 4
106 0 0 0 1
107 3 1 1 0
108 4 1 0 2
109 1 2 1 2
110 2 3 4 2
111 1 1 0 4
112 1 3 1 5
113 2 1 0 2
114 2 2 0 4
115 2 0 1 1
116 1 1 0 3
117 3 0 2 3
118 2 0 0 2
119 5 2 1 2
120 3 1 2 2
121 2 0 1 1
122 1 1 2 1
123 1 2 0 2
124 3 1 2 3
125 7 1 1 1
126 3 4 0 3
127 4 0 1 3
128 5 1 1 3
129 4 1 2 3
130 2 4 0 2
131 5 0 2 1
132 3 1 1 2
133 2 4 3 4
134 4 2 2 1
135 4 2 0 2
136 4 2 2 1
137 8 1 1 6
138 9 2 2 3
139 7 2 1 3
140 6 2 2 5
141 6 3 1 4
142 4 3 4 1
143 4 6 3 3
144 3 3 4 3
145 6 3 2 6
146 1 4 3 8
147 9 1 0 9
148 6 3 2 5
149 7 3 2 3
150 6 2 2 7
151 6 4 0 4
152 5 7 2 6
153 2 3 2 3
154 8 5 1 3
155 10 1 2 4
156 7 6 2 10
157 7 5 2 4
158 6 3 1 7
159 8 7 1 3
160 9 4 3 4
161 11 3 3 6
162 6 2 1 6
163 9 6 3 11
164 13 5 3 8
165 6 5 2 5
166 10 5 3 4
167 8 5 1 7
168 8 4 2 8
169 14 6 4 1
170 4 5 4 10
171 8 3 2 3
172 6 6 5 9
173 11 6 6 11
174 5 6 9 4
175 8 8 2 6
176 11 1 3 8
177 12 3 2 18
178 15 6 5 11
179 10 2 2 13
180 13 8 4 5
181 7 7 1 8
182 8 9 3 13
183 7 5 6 3
184 9 3 1 7
185 9 6 10 6
186 12 5 4 10
187 16 7 4 13
188 12 6 5 8
189 12 4 7 13
190 14 5 4 10
191 17 3 6 8
192 7 6 2 11
193 16 8 6 10
194 17 6 3 10
195 18 6 7 13
196 11 16 6 9
197 15 5 4 13
198 13 7 7 10
199 8 8 5 11
200 11 16 3 15
201 11 4 5 11
202 9 12 4 11
203 14 7 5 21
204 13 4 2 11
205 9 7 2 9
206 7 7 9 14
207 10 7 5 20
208 13 12 0 6
209 11 9 6 11
210 6 5 4 15
211 10 5 4 9
212 4 7 7 10
213 13 8 5 17
214 9 8 3 8
215 9 2 3 10
216 3 7 0 11
217 3 4 4 15
218 5 6 7 13
219 6 9 1 12
220 6 10 4 5
221 5 0 4 9
222 4 4 4 11
223 7 1 3 11
224 5 1 4 12
225 6 1 1 8
226 6 1 3 6
227 1 5 1 7
228 7 1 3 4
229 5 5 1 5
230 4 3 1 3
231 7 2 1 5
232 3 1 3 5
233 8 4 2 4
234 6 3 3 5
235 6 4 3 2
236 4 3 2 7
237 5 5 2 5
238 6 4 2 4
239 4 3 1 5
240 5 1 1 6
241 6 3 1 6
242 3 7 1 7
243 0 6 3 3
244 3 4 2 5
245 2 3 2 8
246 4 3 3 6
247 2 3 0 9
248 1 1 1 3
249 1 1 2 6
250 1 2 0 5
251 2 2 1 5
252 1 0 0 3
253 2 2 1 5
254 2 1 1 2
255 2 3 0 2
256 0 2 0 1
257 0 1 1 2
258 2 2 0 3
259 4 1 0 1
260 4 1 1 3
261 0 0 0 3
262 2 1 0 3
263 0 0 2 1
264 2 1 3 2
265 2 2 1 1
266 2 0 0 1
267 2 3 0 3
268 1 1 0 1
269 0 1 1 2
270 1 2 0 0
271 1 1 1 6
272 1 2 0 1
273 1 1 0 1
274 1 0 0 1
275 1 0 0 2
276 0 0 0 3
277 0 1 0 0
278 1 1 0 1
279 0 1 0 2
280 0 1 0 0
281 1 1 0 0
282 0 0 0 0
283 0 1 1 1
284 1 0 1 2
285 1 0 0 2
286 2 1 0 0
287 1 0 0 2
288 1 0 0 0
289 0 0 1 0
290 0 1 0 0
291 0 1 0 1
292 1 1 0 0
293 0 0 0 2
294 0 0 0 0
295 0 1 0 1
296 0 0 0 0
297 0 0 1 0
298 0 0 0 1
299 0 0 0 2
300 0 0 0 0
301 1 1 0 0
302 0 0 0 0
303 1 0 0 0
304 1 0 0 1
305 2 0 0 1
306 0 0 0 0
307 0 0 0 0
308 1 1 0 0
309 0 0 0 0
310 0 1 2 0
311 1 0 0 0
312 0 0 0 0
313 0 2 0 0
314 0 0 0 2
315 0 0 0 1
316 0 0 0 0
317 0 0 0 1
318 0 0 0 0
319 0 0 0 0
320 0 0 1 2
321 0 0 0 0
322 0 0 0 0
323 0 0 0 0
324 0 0 0 0
325 0 0 0 0
326 0 0 0 1
327 0 0 0 0
328 0 0 0 0
329 0 0 0 0
330 0 0 0 0
331 0 0 0 0
332 0 0 0 0
333 0 0 0 0
334 0 0 0 0
335 0 0 0 0
336 0 0 0 0
337 0 0 0 0
338 0 0 0 0
339 0 0 0 0
340 0 0 0 0
341 0 0 0 0
342 0 0 0 0
343 0 0 0 0
344 0 0 0 0
345 0 0 0 0
346 0 0 0 0
347 0 0 0 0
348 0 0 0 0
349 0 0 0 0
350 0 0 0 0
351 0 0 0 0
352 0 0 0 0
353 0 0 0 0
354 0 0 0 0
355 0 0 0 0
356 0 0 0 0
357 0 0 0 0
358 0 0 0 0
359 0 0 0 0
360 0 0 0 0
361 0 0 0 0
362 0 0 0 0
363 0 0 0 0
364 0 0 0 0
365 0 0 0 0
366 0 0 0 0
367 0 0 0 0
368 0 0 0 0
369 0 0 0 0
370 0 0 0 0
371 0 0 0 0
372 0 0 0 0
373 0 0 0 0
374 0 0 0 0
375 0 0 0 0
376 0 0 0 0
377 0 0 0 0
378 0 0 0 0
379 0 0 0 0
380 0 0 0 0
381 0 0 0 0
382 0 0 0 0
383 0 0 0 0
384 0 0 0 0
385 0 0 0 0
386 0 0 0 0
387 0 0 0 0
388 0 0 0 0
389 0 0 0 0
390 0 0 0 0
391 0 0 0 0
392 0 0 0 0
393 0 0 0 0
394 0 0 0 0
395 0 0 0 0
396 0 0 0 0
397 0 0 0 0
398 0 0 0 0
399 0 0 0 0
400 0 0 0 0
401 0 0 0 0
402 0 0 0 0
403 0 0 0 0
404 0 0 0 0
405 0 0 0 0
406 0 0 0 0
407 0 0 0 0
408 0 0 0 0
409 0 0 0 0
410 0 0 0 0
411 0 0 0 0
412 0 0 0 0
413 0 0 0 0
414 0 0 0 0
415 0 0 0 0
416 0 0 0 0
417 0 0 0 0
418 0 0 0 0
419 0 0 0 0
420 0 0 0 0
421 0 0 0 0
422 0 0 0 0
423 0 0 0 0
424 0 0 0 0
425 0 0 0 0
426 0 0 0 0
427 0 0 0 0
428 0 0 0 0
429 0 0 0 0
430 0 0 0 0
431 0 0 0 0
432 0 0 0 0
433 0 0 0 0
434 0 0 0 0
435 0 0 0 0
436 0 0 0 0
437 0 0 0 0
438 0 0 0 0
439 0 0 0 0
440 0 0 0 0
441 0 0 0 0
442 0 0 0 0
443 0 0 0 0
444 0 0 0 0
445 0 0 0 0
446 0 0 0 0
447 0 0 0 0
448 0 0 0 0
449 0 0 0 0
450 0 0 0 0
451 0 0 0 0
452 0 0 0 0
453 0 0 0 0
454 0 0 0 0
455 0 0 0 0
456 0 0 0 0
457 0 0 0 0
458 0 0 0 0
459 0 0 0 0
460 0 0 0 0
461 0 0 0 0
462 0 0 0 0
463 0 0 0 0
464 0 0 0 0
465 0 0 0 0
466 0 0 0 0
467 0 0 0 0
468 0 0 0 0
469 0 0 0 0
470 0 0 0 0
471 0 0 0 0
472 0 0 0 0
473 0 0 0 0
474 0 0 0 0
475 0 0 0 0
476 0 0 0 0
477 0 0 0 0
478 0 0 0 0
479 0 0 0 0
480 0 0 0 0
481 0 0 0 0
482 0 0 0 0
483 0 0 0 0
484 0 0 0 0
485 0 0 0 0
486 0 0 0 0
487 0 0 0 0
488 0 0 0 0
489 0 0 0 0
490 0 0 0 0
491 0 0 0 0
492 0 0 0 0
493 0 0 0 0
494 0 0 0 0
495 0 0 0 0
496 0 0 0 0
497 0 0 0 0
498 0 0 0 0
499 0 0 0 0
500 0 0 0 0
501 0 0 0 0
502 0 0 0 0
503 0 0 0 0
504 0 0 0 0
505 0 0 0 0
506 0 0 0 0
507 0 0 0 0
508 0 0 0 0
509 0 0 0 0
510 0 0 0 0
511 0 0 0 0
512 0 0 0 0
513 0 0 0 0
514 0 0 0 0
515 0 0 0 0
516 0 0 0 0
517 0 0 0 0
518 0 0 0 0
519 0 0 0 0
520 0 0 0 0
521 0 0 0 0
522 0 0 0 0
523 0 0 0 0
524 0 0 0 0
525 0 0 0 0
526 0 0 0 0
527 0 0 0 0
528 0 0 0 0
529 0 0 0 0
530 0 0 0 0
531 0 0 0 0
532 0 0 0 0
533 0 0 0 0
534 0 0 0 0
535 0 0 0 0
536 0 0 0 0
537 0 0 0 0
538 0 0 0 0
539 0 0 0 0
540 0 0 0 0
541 0 0 0 0
542 0 0 0 0
543 0 0 0 0
544 0 0 0 0
545 0 0 0 0
546 0 0 0 0
547 0 0 0 0
548 0 0 0 0
549 0 0 0 0
550 0 0 0 0
551 0 0 0 0
552 0 0 0 0
553 0 0 0 0
554 0 0 0 0
555 0 0 0 0
556 0 0 0 0
557 0 0 0 0
558 0 0 0 0
559 0 0 0 0
560 0 0 0 0
561 0 0 0 0
562 0 0 0 0
563 0 0 0 0
564 0 0 0 0
565 0 0 0 0
566 0 0 0 0
567 0 0 0 0
568 0 0 0 0
569 0 0 0 0
570 0 0 0 0
571 0 0 0 0
572 0 0 0 0
573 0 0 0 0
574 0 0 0 0
575 0 0 0 0
576 0 0 0 0
577 0 0 0 0
578 0 0 0 0
579 0 0 0 0
580 0 0 0 0
581 0 0 0 0
582 0 0 0 0
583 0 0 0 0
584 0 0 0 0
585 0 0 0 0
586 0 0 0 0
587 0 0 0 0
588 0 0 0 0
589 0 0 0 0
590 0 0 0 0
591 0 0 0 0
592 0 0 0 0
593 0 0 0 0
594 0 0 0 0
595 0 0 0 0
596 0 0 0 0
597 0 0 0 0
598 0 0 0 0
599 0 0 0 0
600 0 0 0 0
601 0 0 0 0
602 0 0 0 0
603 0 0 0 0
604 0 0 0 0
605 0 0 0 0
606 0 0 0 0
607 0 0 0 0
608 0 0 0 0
609 0 0 0 0
610 0 0 0 0
611 0 0 0 0
612 0 0 0 0
613 0 0 0 0
614 0 0 0 0
615 0 0 0 0
616 0 0 0 0
617 0 0 0 0
618 0 0 0 0
619 0 0 0 0
620 0 0 0 0
621 0 0 0 0
622 0 0 0 0
623 0 0 0 0
624 0 0 0 0
625 0 0 0 0
626 0 0 0 0
627 0 0 0 0
628 0 0 0 0
629 0 0 0 0
630 0 0 0 0
631 0 0 0 0
632 0 0 0 0
633 0 0 0 0
634 0 0 0 0
635 0 0 0 0
636 0 0 0 0
637 0 0 0 0
638 0 0 0 0
639 0 0 0 0
640 0 0 0 0
641 0 0 0 0
642 0 0 0 0
643 0 0 0 0
644 0 0 0 0
645 0 0 0 0
646 0 0 0 0
647 0 0 0 0
648 0 0 0 0
649 0 0 0 0
650 0 0 0 0
651 0 0 0 0
652 0 0 0 0
653 0 0 0 0
654 0 0 0 0
655 0 0 0 0
656 0 0 0 0
657 0 0 0 0
658 0 0 0 0
659 0 0 0 0
660 0 0 0 0
661 0 0 0 0
662 0 0 0 0
663 0 0 0 0
664 0 0 0 0
665 0 0 0 0
666 0 0 0 0
667 0 0 0 0
668 0 0 0 0
669 0 0 0 0
670 0 0 0 0
671 0 0 0 0
672 0 0 0 0
673 0 0 0 0
674 0 0 0 0
675 0 0 0 0
676 0 0 0 0
677 0 0 0 0
678 0 0 0 0
679 0 0 0 0
680 0 0 0 0
681 0 0 0 0
682 0 0 0 0
683 0 0 0 0
684 0 0 0 0
685 0 0 0 0
686 0 0 0 0
687 0 0 0 0
688 0 0 0 0
689 0 0 0 0
690 0 0 0 0
691 0 0 0 0
692 0 0 0 0
693 0 0 0 0
694 0 0 0 0
695 0 0 0 0
696 0 0 0 0
697 0 0 0 0
698 0 0 0 0
699 0 0 0 0
700 0 0 0 0
701 0 0 0 0
702 0 0 0 0
703 0 0 0 0
704 0 0 0 0
705 0 0 0 0
706 0 0 0 0
707 0 0 0 0
708 0 0 0 0
709 0 0 0 0
710 0 0 0 0
711 0 0 0 0
712 0 0 0 0
713 0 0 0 0
714 0 0 0 0
715 0 0 0 0
716 0 0 0 0
717 0 0 0 0
718 0 0 0 0
719 0 0 0 0
720 0 0 0 0
721 0 0 0 0
722 0 0 0 0
723 0 0 0 0
724 0 0 0 0
725 0 0 0 0
726 0 0 0 0
727 0 0 0 0
