0 0 0 0 0
1 0 0 0 0
2 0 0 0 0
3 0 0 0 0
4 0 0 0 0
5 0 1 0 0
6 0 0 0 0
7 0 0 0 0
8 0 0 0 0
9 0 1 3 1
10 0 0 0 0
11 0 0 0 0
12 0 0 0 0
13 0 0 0 1
14 0 0 0 0
15 0 0 0 0
16 1 0 0 3
17 0 0 0 0
18 1 0 0 0
19 1 0 0 0
20 1 0 0 0
21 0 0 0 0
22 1 0 0 0
23 1 0 0 0
24 0 0 1 0
25 0 1 0 0
26 1 0 0 0
27 0 1 1 0
28 1 1 0 0
29 1 1 0 1
30 1 0 0 0
31 0 0 0 3
32 0 0 0 1
33 0 0 0 0
34 0 0 0 0
35 0 0 1 0
36 1 0 0 1
37 0 1 0 0
38 0 1 0 0
39 2 0 1 0
40 1 0 0 0
41 2 0 0 1
42 1 0 0 1
43 0 0 0 1
44 2 0 1 0
45 0 1 0 1
46 3 1 1 0
47 3 1 1 0
48 0 0 0 1
49 2 2 0 0
50 1 0 0 1
51 4 3 0 2
52 2 1 1 2
53 1 0 1 0
54 4 0 1 1
55 0 0 1 0
56 1 1 1 3
57 2 0 0 2
58 0 1 1 2
59 2 1 5 1
60 0 1 0 1
61 2 3 0 0
62 4 1 0 1
63 5 0 0 5
64 2 0 1 1
65 1 0 0 3
66 0 2 1 2
67 4 1 1 0
68 3 3 1 3
69 2 1 0 1
70 2 0 0 0
71 2 3 0 1
72 2 3 2 2
73 3 0 1 4
74 6 1 0 1
75 4 2 0 4
76 2 0 1 1
77 4 4 1 1
78 1 2 1 2
79 2 1 2 5
80 2 1 3 0
81 2 1 2 2
82 2 3 1 2
83 2 1 1 2
84 2 2 1 6
85 3 1 0 4
86 1 0 1 4
87 1 1 1 1
88 3 1 1 4
89 2 1 0 2
90 2 2 2 3
91 3 1 0 0
92 4 1 0 2
93 5 2 1 0
94 2 1 1 4
95 7 1 0 1
96 1 3 0 1
97 2 5 1 5
98 1 4 0 2
99 3 1 1 1
100 3 5 1 0
101 3 0 0 5
102 3 1 1 2
103 7 2 1 3
104 3 3 1 8
105 4 2 0 3
106 4 1 3 2
107 1 1 1 2
108 1 2 2 2
109 3 3 1 1
110 5 3 0 6
111 2 4 1 2
112 3 5 0 3
113 4 0 2 4
114 6 2 3 3
115 2 2 0 5
116 3 2 1 5
117 7 2 0 2
118 3 2 0 8
119 7 3 3 2
120 4 1 1 1
121 9 2 2 1
122 2 4 2 1
123 4 1 2 4
124 5 2 1 2
125 3 1 1 4
126 2 8 0 10
127 5 3 0 2
128 4 6 2 4
129 3 1 6 2
130 3 1 3 6
131 4 0 1 2
132 8 1 1 7
133 5 3 1 5
134 6 3 2 5
135 2 1 2 3
136 2 2 1 5
137 2 5 2 5
138 8 4 0 4
139 7 2 4 3
140 6 2 2 3
141 5 1 3 7
142 7 0 2 2
143 8 5 2 6
144 11 2 2 3
145 9 2 2 6
146 7 4 1 1
147 11 3 3 3
148 7 5 1 4
149 7 6 4 5
150 8 5 2 11
151 8 4 1 4
152 10 3 8 5
153 5 6 2 6
154 4 8 1 10
155 6 5 5 5
156 4 6 5 12
157 5 5 3 8
158 5 3 2 5
159 7 6 0 11
160 8 4 5 7
161 8 4 2 6
162 11 2 1 5
163 10 4 1 8
164 3 3 4 14
165 11 3 3 6
166 13 4 3 5
167 13 5 2 5
168 11 7 3 6
169 20 4 0 2
170 9 7 4 9
171 12 6 4 9
172 13 3 5 8
173 12 6 4 5
174 5 6 9 8
175 11 8 3 11
176 7 11 5 4
177 15 5 7 10
178 10 11 5 14
179 9 5 3 11
180 21 2 6 15
181 7 4 4 15
182 10 3 10 15
183 9 6 7 9
184 13 7 5 7
185 6 12 3 11
186 13 7 4 12
187 10 8 3 10
188 14 5 4 8
189 11 11 3 15
190 12 5 0 11
191 15 4 4 11
192 14 8 0 12
193 16 9 6 11
194 12 4 9 10
195 20 7 6 9
196 19 6 5 11
197 15 8 6 10
198 12 6 8 14
199 18 6 6 9
200 20 16 7 15
201 17 9 3 14
202 14 11 5 17
203 12 6 4 9
204 17 7 8 16
205 13 12 9 12
206 12 10 6 17
207 9 6 7 14
208 12 8 10 7
209 6 8 11 12
210 7 10 4 16
211 9 10 2 17
212 2 7 5 22
213 12 7 4 20
214 8 5 4 15
215 9 7 3 15
216 6 6 3 13
217 9 5 3 13
218 8 7 3 13
219 7 3 4 14
220 8 7 3 9
221 7 4 2 7
222 6 6 3 8
223 11 6 2 6
224 13 5 1 8
225 5 4 2 7
226 6 6 2 11
227 3 5 2 10
228 3 6 3 7
229 6 4 3 4
230 4 4 3 8
231 4 4 3 7
232 5 2 3 10
233 3 5 3 7
234 4 3 2 8
235 3 4 3 7
236 1 2 2 4
237 4 4 1 8
238 2 3 1 4
239 3 2 1 7
240 2 2 1 7
241 1 3 0 7
242 1 5 1 4
243 2 2 1 2
244 2 3 0 3
245 3 3 0 4
246 2 0 0 6
247 5 0 1 3
248 1 1 3 3
249 3 2 0 5
250 5 1 3 2
251 0 0 1 2
252 2 2 1 3
253 0 0 0 1
254 0 0 2 1
255 1 3 2 3
256 1 1 1 4
257 0 0 1 3
258 0 1 0 1
259 0 1 1 1
260 1 1 0 1
261 0 2 1 2
262 3 0 0 4
263 1 0 0 2
264 0 0 0 0
265 0 1 0 3
266 2 0 0 1
267 2 1 1 1
268 0 1 0 1
269 1 0 0 1
270 2 0 0 0
271 1 2 0 2
272 0 0 1 1
273 0 0 0 0
274 0 0 0 0
275 0 1 0 0
276 0 1 0 0
277 0 0 0 0
278 0 1 0 2
279 0 2 0 1
280 0 0 1 1
281 1 0 0 0
282 0 0 0 1
283 1 0 0 0
284 0 0 0 0
285 0 0 0 1
286 0 0 1 2
287 0 0 0 1
288 1 1 0 0
289 1 0 0 0
290 0 0 0 1
291 0 0 0 0
292 2 0 0 1
293 0 1 0 0
294 0 0 0 0
295 0 0 0 0
296 0 0 0 0
297 0 2 0 0
298 1 1 0 0
299 0 0 0 0
300 0 0 0 1
301 1 0 0 2
302 0 0 0 0
303 0 0 1 0
304 0 0 0 0
305 0 0 0 1
306 0 1 0 0
307 0 0 0 0
308 0 0 0 0
309 0 0 0 0
310 0 0 0 2
311 0 0 0 0
312 0 0 0 0
313 0 0 0 0
314 0 0 0 0
315 0 0 0 0
316 0 0 0 0
317 0 0 0 0
318 0 0 0 0
319 0 0 0 0
320 0 0 0 0
321 0 0 0 0
322 0 0 0 0
323 0 0 0 0
324 0 0 0 0
325 0 0 0 0
326 0 0 0 0
327 0 0 0 0
328 0 0 0 0
329 0 0 0 0
330 0 0 0 0
331 0 0 0 0
332 0 0 0 0
333 0 0 0 0
334 0 0 0 0
335 0 0 0 0
336 0 0 0 0
337 0 0 0 0
338 0 0 0 0
339 0 0 0 0
340 0 0 0 0
341 0 0 0 0
342 0 0 0 0
343 0 0 0 0
344 0 0 0 0
345 0 0 0 0
346 0 0 0 0
347 0 0 0 0
348 0 0 0 0
349 0 0 0 0
350 0 0 0 0
351 0 0 0 0
352 0 0 0 0
353 0 0 0 0
354 0 0 0 0
355 0 0 0 0
356 0 0 0 0
357 0 0 0 0
358 0 0 0 0
359 0 0 0 0
360 0 0 0 0
361 0 0 0 0
362 0 0 0 0
363 0 0 0 0
364 0 0 0 0
365 0 0 0 0
366 0 0 0 0
367 0 0 0 0
368 0 0 0 0
369 0 0 0 0
370 0 0 0 0
371 0 0 0 0
372 0 0 0 0
373 0 0 0 0
374 0 0 0 0
375 0 0 0 0
376 0 0 0 0
377 0 0 0 0
378 0 0 0 0
379 0 0 0 0
380 0 0 0 0
381 0 0 0 0
382 0 0 0 0
383 0 0 0 0
384 0 0 0 0
385 0 0 0 0
386 0 0 0 0
387 0 0 0 0
388 0 0 0 0
389 0 0 0 0
390 0 0 0 0
391 0 0 0 0
392 0 0 0 0
393 0 0 0 0
394 0 0 0 0
395 0 0 0 0
396 0 0 0 0
397 0 0 0 0
398 0 0 0 0
399 0 0 0 0
400 0 0 0 0
401 0 0 0 0
402 0 0 0 0
403 0 0 0 0
404 0 0 0 0
405 0 0 0 0
406 0 0 0 0
407 0 0 0 0
408 0 0 0 0
409 0 0 0 0
410 0 0 0 0
411 0 0 0 0
412 0 0 0 0
413 0 0 0 0
414 0 0 0 0
415 0 0 0 0
416 0 0 0 0
417 0 0 0 0
418 0 0 0 0
419 0 0 0 0
420 0 0 0 0
421 0 0 0 0
422 0 0 0 0
423 0 0 0 0
424 0 0 0 0
425 0 0 0 0
426 0 0 0 0
427 0 0 0 0
428 0 0 0 0
429 0 0 0 0
430 0 0 0 0
431 0 0 0 0
432 0 0 0 0
433 0 0 0 0
434 0 0 0 0
435 0 0 0 0
436 0 0 0 0
437 0 0 0 0
438 0 0 0 0
439 0 0 0 0
440 0 0 0 0
441 0 0 0 0
442 0 0 0 0
443 0 0 0 0
444 0 0 0 0
445 0 0 0 0
446 0 0 0 0
447 0 0 0 0
448 0 0 0 0
449 0 0 0 0
450 0 0 0 0
451 0 0 0 0
452 0 0 0 0
453 0 0 0 0
454 0 0 0 0
455 0 0 0 0
456 0 0 0 0
457 0 0 0 0
458 0 0 0 0
459 0 0 0 0
460 0 0 0 0
461 0 0 0 0
462 0 0 0 0
463 0 0 0 0
464 0 0 0 0
465 0 0 0 0
466 0 0 0 0
467 0 0 0 0
468 0 0 0 0
469 0 0 0 0
470 0 0 0 0
471 0 0 0 0
472 0 0 0 0
473 0 0 0 0
474 0 0 0 0
475 0 0 0 0
476 0 0 0 0
477 0 0 0 0
478 0 0 0 0
479 0 0 0 0
480 0 0 0 0
481 0 0 0 0
482 0 0 0 0
483 0 0 0 0
484 0 0 0 0
485 0 0 0 0
486 0 0 0 0
487 0 0 0 0
488 0 0 0 0
489 0 0 0 0
490 0 0 0 0
491 0 0 0 0
492 0 0 0 0
493 0 0 0 0
494 0 0 0 0
495 0 0 0 0
496 0 0 0 0
497 0 0 0 0
498 0 0 0 0
499 0 0 0 0
500 0 0 0 0
501 0 0 0 0
502 0 0 0 0
503 0 0 0 0
504 0 0 0 0
505 0 0 0 0
506 0 0 0 0
507 0 0 0 0
508 0 0 0 0
509 0 0 0 0
510 0 0 0 0
511 0 0 0 0
512 0 0 0 0
513 0 0 0 0
514 0 0 0 0
515 0 0 0 0
516 0 0 0 0
517 0 0 0 0
518 0 0 0 0
519 0 0 0 0
520 0 0 0 0
521 0 0 0 0
522 0 0 0 0
523 0 0 0 0
524 0 0 0 0
525 0 0 0 0
526 0 0 0 0
527 0 0 0 0
528 0 0 0 0
529 0 0 0 0
530 0 0 0 0
531 0 0 0 0
532 0 0 0 0
533 0 0 0 0
534 0 0 0 0
535 0 0 0 0
536 0 0 0 0
537 0 0 0 0
538 0 0 0 0
539 0 0 0 0
540 0 0 0 0
541 0 0 0 0
542 0 0 0 0
543 0 0 0 0
544 0 0 0 0
545 0 0 0 0
546 0 0 0 0
547 0 0 0 0
548 0 0 0 0
549 0 0 0 0
550 0 0 0 0
551 0 0 0 0
552 0 0 0 0
553 0 0 0 0
554 0 0 0 0
555 0 0 0 0
556 0 0 0 0
557 0 0 0 0
558 0 0 0 0
559 0 0 0 0
560 0 0 0 0
561 0 0 0 0
562 0 0 0 0
563 0 0 0 0
564 0 0 0 0
565 0 0 0 0
566 0 0 0 0
567 0 0 0 0
568 0 0 0 0
569 0 0 0 0
570 0 0 0 0
571 0 0 0 0
572 0 0 0 0
573 0 0 0 0
574 0 0 0 0
575 0 0 0 0
576 0 0 0 0
577 0 0 0 0
578 0 0 0 0
579 0 0 0 0
580 0 0 0 0
581 0 0 0 0
582 0 0 0 0
583 0 0 0 0
584 0 0 0 0
585 0 0 0 0
586 0 0 0 0
587 0 0 0 0
588 0 0 0 0
589 0 0 0 0
590 0 0 0 0
591 0 0 0 0
592 0 0 0 0
593 0 0 0 0
594 0 0 0 0
595 0 0 0 0
596 0 0 0 0
597 0 0 0 0
598 0 0 0 0
599 0 0 0 0
600 0 0 0 0
601 0 0 0 0
602 0 0 0 0
603 0 0 0 0
604 0 0 0 0
605 0 0 0 0
606 0 0 0 0
607 0 0 0 0
608 0 0 0 0
609 0 0 0 0
610 0 0 0 0
611 0 0 0 0
612 0 0 0 0
613 0 0 0 0
614 0 0 0 0
615 0 0 0 0
616 0 0 0 0
617 0 0 0 0
618 0 0 0 0
619 0 0 0 0
620 0 0 0 0
621 0 0 0 0
622 0 0 0 0
623 0 0 0 0
624 0 0 0 0
625 0 0 0 0
626 0 0 0 0
627 0 0 0 0
628 0 0 0 0
629 0 0 0 0
630 0 0 0 0
631 0 0 0 0
632 0 0 0 0
633 0 0 0 0
634 0 0 0 0
635 0 0 0 0
636 0 0 0 0
637 0 0 0 0
638 0 0 0 0
639 0 0 0 0
640 0 0 0 0
641 0 0 0 0
642 0 0 0 0
643 0 0 0 0
644 0 0 0 0
645 0 0 0 0
646 0 0 0 0
647 0 0 0 0
648 0 0 0 0
649 0 0 0 0
650 0 0 0 0
651 0 0 0 0
652 0 0 0 0
653 0 0 0 0
654 0 0 0 0
655 0 0 0 0
656 0 0 0 0
657 0 0 0 0
658 0 0 0 0
659 0 0 0 0
660 0 0 0 0
661 0 0 0 0
662 0 0 0 0
663 0 0 0 0
664 0 0 0 0
665 0 0 0 0
666 0 0 0 0
667 0 0 0 0
668 0 0 0 0
669 0 0 0 0
670 0 0 0 0
671 0 0 0 0
672 0 0 0 0
673 0 0 0 0
674 0 0 0 0
675 0 0 0 0
676 0 0 0 0
677 0 0 0 0
678 0 0 0 0
679 0 0 0 0
680 0 0 0 0
681 0 0 0 0
682 0 0 0 0
683 0 0 0 0
684 0 0 0 0
685 0 0 0 0
686 0 0 0 0
687 0 0 0 0
688 0 0 0 0
689 0 0 0 0
690 0 0 0 0
691 0 0 0 0
692 0 0 0 0
693 0 0 0 0
694 0 0 0 0
695 0 0 0 0
696 0 0 0 0
697 0 0 0 0
698 0 0 0 0
699 0 0 0 0
700 0 0 0 0
701 0 0 0 0
702 0 0 0 0
703 0 0 0 0
704 0 0 0 0
705 0 0 0 0
706 0 0 0 0
707 0 0 0 0
708 0 0 0 0
709 0 0 0 0
710 0 0 0 0
711 0 0 0 0
712 0 0 0 0
713 0 0 0 0
714 0 0 0 0
715 0 0 0 0
716 0 0 0 0
717 0 0 0 0
718 0 0 0 0
719 0 0 0 0
720 0 0 0 0
721 0 0 0 0
722 0 0 0 0
723 0 0 0 0
724 0 0 0 0
725 0 0 0 0
726 0 0 0 0
727 0 0 0 0
