0 0 0 0 0
1 0 0 0 0
2 0 0 0 0
3 0 0 0 0
4 0 0 0 0
5 0 2 1 0
6 0 0 0 0
7 0 0 0 0
8 0 0 0 0
9 0 1 1 1
10 0 0 0 0
11 0 0 0 0
12 0 0 0 2
13 0 0 0 1
14 0 0 0 0
15 0 0 0 0
16 0 0 0 1
17 1 0 0 0
18 4 0 0 0
19 1 0 0 0
20 1 0 0 0
21 0 0 0 0
22 3 0 1 0
23 2 2 2 0
24 1 1 0 0
25 2 1 0 0
26 0 0 0 0
27 1 1 1 4
28 1 1 1 1
29 1 1 0 1
30 0 1 1 0
31 0 0 0 2
32 0 1 1 2
33 2 1 0 1
34 0 1 0 0
35 1 0 0 1
36 0 0 0 1
37 0 0 0 3
38 0 0 0 0
39 0 0 0 1
40 1 0 1 0
41 1 0 0 1
42 1 0 1 0
43 3 0 0 0
44 1 1 0 0
45 1 0 0 0
46 0 0 0 1
47 1 0 0 1
48 1 2 0 0
49 2 0 1 0
50 1 0 1 0
51 1 0 1 1
52 2 2 0 1
53 2 1 0 1
54 1 1 0 0
55 1 0 2 1
56 1 0 1 1
57 1 0 0 2
58 1 3 0 1
59 0 0 0 3
60 0 2 0 1
61 0 1 2 0
62 1 0 0 3
63 0 0 2 0
64 1 0 0 0
65 2 0 0 2
66 0 1 0 0
67 1 0 1 2
68 1 0 0 2
69 1 0 0 0
70 0 1 0 2
71 4 0 0 1
72 2 0 0 0
73 1 0 1 1
74 5 1 0 0
75 3 0 0 0
76 3 4 0 0
77 2 2 1 1
78 3 1 0 1
79 2 5 0 0
80 2 1 1 2
81 3 0 0 0
82 3 1 1 0
83 5 0 2 7
84 1 2 0 4
85 2 2 2 1
86 4 0 2 3
87 3 3 2 1
88 2 2 2 1
89 1 0 2 4
90 2 2 1 3
91 2 3 0 4
92 0 0 3 3
93 0 2 0 1
94 2 0 1 3
95 3 0 2 4
96 2 1 1 4
97 4 0 0 2
98 0 0 1 1
99 4 1 1 1
100 2 1 3 3
101 3 0 1 1
102 0 1 1 1
103 3 1 0 2
104 1 0 4 3
105 1 2 0 2
106 4 4 1 1
107 0 0 0 2
108 3 2 2 2
109 4 0 1 3
110 2 1 0 4
111 2 1 1 2
112 2 1 0 4
113 4 0 0 1
114 6 0 2 1
115 5 0 2 2
116 4 1 0 1
117 4 2 3 0
118 5 1 4 1
119 5 1 2 2
120 3 2 2 0
121 6 0 3 6
122 6 2 1 3
123 5 4 3 3
124 4 3 2 3
125 4 1 2 5
126 9 3 2 3
127 1 4 1 5
128 6 2 4 6
129 6 1 1 3
130 6 4 2 3
131 8 4 7 4
132 6 3 0 3
133 5 3 1 5
134 4 2 2 3
135 7 2 3 9
136 6 5 2 4
137 6 1 5 6
138 6 2 3 7
139 6 3 4 4
140 7 5 0 7
141 5 4 3 5
142 8 6 1 5
143 7 4 2 8
144 4 2 3 5
145 6 4 3 5
146 13 1 2 7
147 7 1 4 6
148 9 2 4 7
149 7 1 3 5
150 11 4 1 5
151 12 7 5 6
152 7 6 3 6
153 10 5 2 2
154 15 5 3 6
155 10 6 6 7
156 8 6 5 7
157 14 6 2 9
158 10 4 3 11
159 12 8 6 14
160 8 6 6 5
161 8 4 4 7
162 15 6 5 7
163 12 9 3 14
164 12 3 5 10
165 6 4 6 9
166 5 9 4 15
167 9 6 3 11
168 9 7 4 9
169 7 6 5 7
170 13 3 2 15
171 15 9 5 7
172 18 8 4 12
173 16 7 2 13
174 15 5 3 5
175 22 6 2 14
176 14 7 1 7
177 16 7 5 9
178 17 9 5 10
179 16 7 6 12
180 18 16 6 9
181 16 13 3 12
182 18 11 7 9
183 17 13 4 12
184 21 11 9 18
185 20 9 6 19
186 20 7 6 15
187 11 9 4 18
188 17 5 6 14
189 13 17 5 14
190 12 11 7 17
191 16 14 14 15
192 19 13 6 16
193 24 9 9 12
194 15 10 7 17
195 19 6 6 20
196 13 7 7 24
197 26 10 12 22
198 17 8 7 21
199 17 8 3 17
200 19 12 2 11
201 19 8 6 24
202 14 17 9 14
203 12 5 9 12
204 9 9 11 8
205 23 13 4 14
206 14 20 7 19
207 17 14 6 20
208 15 7 7 11
209 13 11 4 23
210 14 14 3 20
211 17 6 6 21
212 9 9 7 15
213 11 9 6 25
214 9 13 10 17
215 18 8 3 13
216 14 6 4 15
217 10 2 5 16
218 14 8 4 16
219 13 8 6 16
220 7 18 3 12
221 9 6 5 15
222 7 5 2 10
223 8 10 1 14
224 3 11 4 14
225 9 6 6 11
226 7 5 4 10
227 6 8 0 19
228 9 9 5 11
229 6 4 3 10
230 6 2 8 11
231 9 4 2 15
232 1 2 3 11
233 6 4 2 6
234 4 4 3 4
235 2 4 5 13
236 0 5 5 6
237 3 3 1 9
238 4 1 3 7
239 3 1 1 5
240 7 4 0 9
241 4 0 1 4
242 5 2 6 6
243 7 3 1 8
244 4 2 1 2
245 2 1 1 2
246 4 1 2 5
247 2 1 2 6
248 1 2 4 2
249 1 4 2 5
250 3 1 1 2
251 1 3 3 3
252 3 1 4 4
253 2 1 0 8
254 3 0 2 3
255 0 4 1 6
256 2 1 0 2
257 0 1 1 2
258 2 0 0 4
259 2 3 1 4
260 2 0 0 3
261 0 2 1 1
262 2 2 0 2
263 2 2 0 0
264 3 0 1 2
265 2 1 0 2
266 1 1 0 5
267 2 1 1 0
268 1 1 1 1
269 3 3 0 2
270 3 1 0 2
271 3 1 1 3
272 2 0 0 0
273 3 1 1 3
274 2 1 1 1
275 0 0 1 2
276 1 2 2 1
277 2 0 1 1
278 2 2 1 3
279 0 2 0 1
280 2 1 0 4
281 0 1 1 1
282 1 2 1 2
283 1 0 3 1
284 0 0 0 2
285 0 0 0 0
286 2 0 1 4
287 2 2 0 2
288 1 0 0 2
289 1 1 1 1
290 0 0 0 3
291 1 1 0 1
292 0 1 0 0
293 1 0 0 1
294 1 0 0 1
295 0 1 0 0
296 2 1 2 2
297 1 1 0 0
298 0 0 1 1
299 0 1 0 1
300 0 0 0 3
301 2 1 0 0
302 0 1 0 0
303 0 0 0 0
304 0 0 0 1
305 0 1 0 1
306 1 2 1 1
307 1 0 0 0
308 0 0 0 2
309 1 0 0 0
310 1 0 0 2
311 0 0 0 0
312 1 0 0 2
313 0 1 0 0
314 0 0 1 0
315 1 2 0 0
316 1 0 0 0
317 0 0 0 0
318 1 0 0 1
319 0 0 0 1
320 1 0 0 1
321 0 2 0 0
322 0 0 0 1
323 0 0 0 0
324 0 0 1 0
325 0 0 1 2
326 0 0 0 0
327 0 1 0 0
328 0 0 0 1
329 0 0 0 1
330 0 0 0 0
331 0 0 0 0
332 0 0 0 0
333 0 0 0 0
334 0 0 0 1
335 1 0 0 0
336 1 0 0 0
337 0 0 0 0
338 1 0 0 0
339 0 0 0 0
340 1 0 1 0
341 0 1 0 0
342 0 0 0 0
343 0 0 0 0
344 0 0 0 1
345 0 0 0 1
346 1 0 0 0
347 1 0 1 0
348 0 0 0 0
349 1 0 1 0
350 0 0 0 0
351 0 0 1 1
352 0 0 0 0
353 0 0 0 1
354 0 1 0 0
355 1 0 0 0
356 1 0 1 0
357 0 0 0 0
358 0 0 0 1
359 0 0 0 0
360 0 0 1 1
361 0 0 1 1
362 0 0 0 0
363 0 0 0 0
364 0 0 0 1
365 0 0 0 1
366 0 0 0 0
367 1 0 0 0
368 0 0 0 0
369 2 0 0 0
370 1 0 0 0
371 3 0 0 0
372 0 0 1 0
373 0 0 0 0
374 1 0 2 0
375 1 1 0 0
376 0 2 0 0
377 0 0 0 0
378 0 0 0 1
379 0 1 0 1
380 0 1 0 0
381 0 0 0 1
382 0 0 0 1
383 0 0 0 3
384 0 0 1 1
385 0 0 0 0
386 0 0 0 0
387 0 0 0 0
388 0 0 0 1
389 0 0 0 0
390 0 0 0 0
391 1 0 0 0
392 0 0 0 0
393 0 0 0 0
394 0 0 0 0
395 0 0 0 0
396 1 0 0 0
397 0 0 0 0
398 0 0 0 0
399 0 0 0 0
400 0 1 0 0
401 1 0 0 0
402 1 0 0 0
403 0 0 0 0
404 0 0 0 0
405 0 1 0 0
406 0 0 0 1
407 0 1 0 0
408 0 0 0 0
409 0 0 0 1
410 1 0 1 0
411 0 0 0 0
412 1 0 0 0
413 0 0 0 0
414 0 0 0 1
415 0 1 0 0
416 1 0 0 0
417 0 0 0 1
418 0 0 0 0
419 0 0 0 1
420 2 0 0 0
421 1 1 1 0
422 0 0 0 0
423 0 0 0 0
424 1 0 0 0
425 0 1 1 2
426 0 1 0 0
427 0 0 0 0
428 1 0 0 0
429 0 0 0 2
430 0 0 0 1
431 0 0 0 0
432 0 0 0 0
433 0 1 0 0
434 0 0 0 0
435 1 0 0 0
436 0 0 0 0
437 0 1 0 1
438 0 0 0 0
439 1 0 0 0
440 0 0 0 0
441 0 0 0 0
442 1 0 0 0
443 0 0 0 0
444 0 1 1 1
445 0 0 0 0
446 0 0 0 0
447 0 1 0 0
448 0 0 0 2
449 0 0 0 0
450 1 0 0 0
451 1 0 0 1
452 1 0 0 0
453 0 0 0 0
454 0 0 0 0
455 1 0 1 0
456 0 0 0 0
457 0 0 1 0
458 1 0 1 0
459 0 0 0 0
460 0 0 0 0
461 1 0 0 0
462 0 0 0 1
463 1 1 0 0
464 0 1 0 1
465 0 0 0 1
466 0 1 0 0
467 0 0 0 0
468 0 1 0 1
469 0 0 0 0
470 0 0 0 0
471 1 0 0 1
472 0 0 0 1
473 0 0 0 1
474 1 0 0 0
475 2 0 0 0
476 3 1 0 0
477 3 0 0 0
478 0 0 0 0
479 1 0 0 0
480 0 0 0 1
481 0 1 2 0
482 1 1 2 0
483 1 1 0 0
484 0 3 0 0
485 1 0 0 3
486 1 0 0 2
487 0 0 0 1
488 0 0 0 1
489 0 0 0 1
490 1 1 0 0
491 0 0 1 2
492 1 0 1 0
493 0 0 0 0
494 0 0 0 0
495 3 0 1 1
496 0 0 0 1
497 0 1 0 1
498 2 0 0 0
499 2 0 1 1
500 1 0 0 0
501 2 0 0 1
502 3 0 0 0
503 2 0 0 0
504 2 3 0 0
505 1 0 0 0
506 0 0 0 1
507 3 2 2 0
508 2 3 0 2
509 0 1 2 0
510 0 1 1 0
511 2 1 1 1
512 3 1 0 2
513 2 1 1 1
514 2 0 0 6
515 1 0 0 2
516 1 0 4 3
517 1 2 1 2
518 1 1 1 1
519 2 1 0 0
520 3 1 1 2
521 0 1 0 3
522 0 0 1 3
523 1 1 1 1
524 2 1 1 1
525 2 0 1 0
526 0 0 0 2
527 2 0 0 2
528 3 0 0 1
529 3 2 1 1
530 4 1 1 1
531 0 0 0 2
532 2 1 1 0
533 2 0 1 1
534 1 2 1 1
535 1 1 1 0
536 1 0 1 3
537 0 2 1 2
538 1 0 1 2
539 3 0 2 2
540 2 0 1 0
541 2 1 2 4
542 1 0 1 2
543 1 1 0 1
544 0 2 0 0
545 2 1 0 2
546 2 1 1 3
547 3 1 0 2
548 5 0 1 2
549 1 1 0 0
550 4 1 1 0
551 3 1 1 1
552 1 2 0 1
553 3 2 0 4
554 3 1 0 2
555 2 2 1 0
556 2 4 1 1
557 2 0 2 2
558 5 1 1 2
559 3 3 1 1
560 2 0 1 5
561 2 0 2 3
562 3 1 1 5
563 3 1 2 2
564 0 2 2 0
565 3 1 1 0
566 0 2 0 5
567 4 5 0 3
568 2 0 2 6
569 0 1 0 0
570 1 2 1 2
571 1 1 0 1
572 1 3 2 4
573 3 0 0 1
574 1 1 0 5
575 1 0 1 0
576 2 0 1 3
577 0 1 2 2
578 0 0 1 3
579 0 0 0 3
580 1 0 1 0
581 3 1 0 1
582 0 1 1 0
583 2 1 0 1
584 1 1 0 3
585 1 1 0 1
586 1 1 1 0
587 0 0 0 1
588 1 0 2 1
589 0 1 0 2
590 0 0 1 0
591 0 0 0 1
592 0 0 0 1
593 0 1 0 3
594 1 1 0 1
595 1 1 0 2
596 0 0 0 0
597 0 0 1 0
598 1 0 0 0
599 0 0 0 1
600 0 1 0 1
601 0 0 0 2
602 0 0 0 0
603 0 1 0 0
604 0 0 0 1
605 0 0 0 0
606 0 0 0 0
607 0 0 1 1
608 0 0 0 0
609 0 0 0 0
610 1 0 0 0
611 2 0 0 0
612 1 0 0 0
613 0 0 0 0
614 0 0 0 1
615 0 0 1 0
616 0 1 1 0
617 0 0 0 0
618 0 0 0 0
619 0 0 0 0
620 0 0 0 2
621 0 0 1 0
622 0 0 0 1
623 0 0 0 0
624 0 0 0 0
625 0 0 0 1
626 0 0 0 0
627 0 0 0 0
628 0 0 0 0
629 0 0 0 0
630 0 0 0 0
631 0 0 0 0
632 0 0 0 0
633 0 0 0 0
634 0 0 0 0
635 0 0 0 0
636 0 0 0 0
637 0 0 0 0
638 0 0 0 0
639 0 0 0 0
640 0 0 0 0
641 0 0 0 0
642 0 0 0 0
643 0 0 0 0
644 0 0 0 0
645 0 0 0 0
646 0 0 0 0
647 0 0 0 0
648 0 0 0 0
649 0 0 0 0
650 0 0 0 0
651 0 0 0 0
652 0 0 0 0
653 0 0 0 0
654 0 0 0 0
655 0 0 0 0
656 0 0 0 0
657 0 0 0 0
658 0 0 0 0
659 0 0 0 0
660 0 0 0 0
661 0 0 0 0
662 0 0 0 0
663 0 0 0 0
664 0 0 0 0
665 0 0 0 0
666 0 0 0 0
667 0 0 0 0
668 0 0 0 0
669 0 0 0 0
670 0 0 0 0
671 0 0 0 0
672 0 0 0 0
673 0 0 0 0
674 0 0 0 0
675 0 0 0 0
676 0 0 0 0
677 0 0 0 0
678 0 0 0 0
679 0 0 0 0
680 0 0 0 0
681 0 0 0 0
682 0 0 0 0
683 0 0 0 0
684 0 0 0 0
685 0 0 0 0
686 0 0 0 0
687 0 0 0 0
688 0 0 0 0
689 0 0 0 0
690 0 0 0 0
691 0 0 0 0
692 0 0 0 0
693 0 0 0 0
694 0 0 0 0
695 0 0 0 0
696 0 0 0 0
697 0 0 0 0
698 0 0 0 0
699 0 0 0 0
700 0 0 0 0
701 0 0 0 0
702 0 0 0 0
703 0 0 0 0
704 0 0 0 0
705 0 0 0 0
706 0 0 0 0
707 0 0 0 0
708 0 0 0 0
709 0 0 0 0
710 0 0 0 0
711 0 0 0 0
712 0 0 0 0
713 0 0 0 0
714 0 0 0 0
715 0 0 0 0
716 0 0 0 0
717 0 0 0 0
718 0 0 0 0
719 0 0 0 0
720 0 0 0 0
721 0 0 0 0
722 0 0 0 0
723 0 0 0 0
724 0 0 0 0
725 0 0 0 0
726 0 0 0 0
727 0 0 0 0
