0 0 0 0 0
1 0 0 0 0
2 0 0 0 0
3 0 0 0 0
4 0 0 0 0
5 0 0 4 0
6 0 0 1 0
7 0 0 0 0
8 0 0 0 0
9 0 0 0 1
10 0 0 0 0
11 0 0 0 0
12 0 0 0 3
13 0 0 0 1
14 0 0 0 0
15 0 0 0 0
16 0 0 0 0
17 0 0 0 0
18 2 0 0 0
19 0 0 0 0
20 3 0 0 0
21 1 0 0 0
22 1 0 0 0
23 1 1 0 0
24 1 0 0 0
25 1 2 0 0
26 1 1 0 0
27 1 1 1 1
28 0 1 0 0
29 2 1 0 2
30 1 0 1 0
31 1 0 1 2
32 1 0 0 1
33 0 1 0 1
34 1 0 1 1
35 0 0 1 1
36 2 0 2 0
37 1 0 0 1
38 1 1 0 1
39 1 0 1 0
40 0 0 0 1
41 2 1 0 1
42 3 0 0 2
43 3 0 0 2
44 1 0 0 0
45 1 2 0 1
46 1 1 0 0
47 2 2 1 0
48 3 0 3 0
49 2 0 0 2
50 4 4 0 0
51 0 1 0 3
52 1 2 0 1
53 1 0 2 1
54 1 1 0 3
55 2 2 2 3
56 1 1 0 1
57 3 2 0 2
58 2 2 0 0
59 0 1 0 4
60 2 1 0 2
61 0 1 0 1
62 0 2 0 3
63 1 2 0 1
64 2 0 1 3
65 4 1 0 0
66 1 0 1 1
67 4 1 0 1
68 2 1 0 1
69 5 2 1 2
70 4 1 0 2
71 2 0 0 1
72 2 2 0 0
73 0 2 1 0
74 0 5 2 1
75 4 2 1 1
76 2 0 0 3
77 3 0 1 2
78 2 1 3 6
79 4 0 1 3
80 2 2 0 2
81 1 1 2 1
82 5 1 1 6
83 1 0 0 0
84 4 4 2 2
85 2 2 1 1
86 2 0 2 3
87 5 2 2 1
88 6 1 0 5
89 1 1 2 1
90 1 1 0 0
91 4 1 3 3
92 5 3 0 3
93 6 1 2 4
94 1 1 1 4
95 4 0 1 4
96 9 3 1 3
97 6 6 1 1
98 7 3 1 2
99 4 2 0 1
100 6 3 1 6
101 4 2 3 5
102 6 1 5 3
103 6 2 2 2
104 5 5 0 6
105 5 7 3 2
106 4 2 2 3
107 4 5 3 3
108 1 3 3 7
109 7 3 2 10
110 6 4 1 5
111 6 2 1 8
112 3 1 2 5
113 1 2 0 3
114 5 1 2 5
115 2 4 1 6
116 4 3 4 5
117 3 2 1 3
118 3 3 1 3
119 5 3 2 4
120 6 1 0 5
121 5 4 1 3
122 10 2 1 4
123 3 2 3 7
124 3 3 2 3
125 6 2 1 5
126 7 3 1 2
127 10 2 4 4
128 6 4 1 5
129 7 4 4 4
130 5 5 0 3
131 8 4 3 7
132 12 3 2 4
133 7 0 1 4
134 5 3 7 5
135 5 6 2 7
136 2 10 1 5
137 8 6 5 5
138 7 3 2 4
139 8 5 0 8
140 8 3 2 8
141 8 4 2 15
142 6 5 5 6
143 7 3 2 4
144 11 3 3 6
145 8 2 4 3
146 6 1 2 11
147 6 6 2 6
148 10 4 5 9
149 13 6 5 7
150 12 5 4 3
151 14 2 1 6
152 11 2 1 9
153 7 6 4 6
154 18 5 8 11
155 11 6 4 3
156 8 5 8 7
157 11 5 5 9
158 11 9 2 11
159 9 10 5 7
160 13 12 5 11
161 8 8 1 8
162 8 4 4 11
163 12 6 7 13
164 11 2 5 13
165 14 8 4 10
166 16 5 3 12
167 11 8 2 18
168 16 2 8 8
169 12 5 7 11
170 13 3 6 13
171 13 9 4 7
172 10 5 3 10
173 17 6 6 7
174 10 8 8 9
175 13 11 4 10
176 16 9 3 13
177 17 8 8 11
178 13 6 15 13
179 10 3 6 7
180 16 8 2 13
181 16 6 4 20
182 11 4 8 23
183 10 9 3 8
184 12 7 8 15
185 12 8 10 14
186 19 11 7 13
187 17 9 3 8
188 28 9 2 15
189 19 5 4 19
190 20 6 5 16
191 19 10 4 13
192 28 13 4 9
193 21 17 11 12
194 14 5 11 8
195 15 14 5 14
196 23 8 7 17
197 28 18 8 17
198 20 10 10 14
199 14 11 6 14
200 19 10 4 19
201 15 16 6 27
202 19 17 11 25
203 15 10 10 17
204 16 12 5 16
205 15 12 8 17
206 14 9 10 23
207 11 6 7 12
208 20 11 8 23
209 15 9 9 23
210 11 6 9 30
211 15 13 8 11
212 8 8 1 21
213 13 9 8 13
214 13 11 5 19
215 15 10 5 23
216 15 9 6 16
217 11 5 6 14
218 10 10 2 12
219 8 7 4 8
220 9 7 9 18
221 9 9 6 13
222 16 8 6 16
223 8 4 8 14
224 8 4 5 13
225 6 5 5 14
226 6 3 4 11
227 1 11 5 14
228 3 2 6 11
229 4 2 5 9
230 6 8 3 9
231 11 2 5 11
232 7 4 2 10
233 2 5 2 9
234 3 2 1 14
235 2 4 4 12
236 9 3 1 5
237 3 2 1 10
238 8 3 1 6
239 2 0 4 7
240 6 5 2 3
241 8 4 4 2
242 5 0 0 6
243 8 5 2 4
244 3 2 1 3
245 1 5 4 4
246 6 6 3 2
247 3 3 3 9
248 3 1 2 8
249 4 0 2 5
250 3 2 1 8
251 1 1 3 2
252 2 4 2 5
253 1 3 1 5
254 1 2 3 6
255 2 1 4 7
256 3 0 3 4
257 3 2 1 4
258 4 2 0 2
259 3 3 0 5
260 3 0 0 3
261 1 1 0 4
262 3 1 0 4
263 4 1 1 4
264 1 2 2 2
265 1 2 0 1
266 1 2 0 1
267 2 2 0 1
268 3 1 1 2
269 2 2 3 1
270 1 0 1 2
271 2 2 0 3
272 1 3 1 4
273 0 1 2 2
274 1 1 1 1
275 0 0 1 2
276 2 0 2 6
277 1 1 1 1
278 0 1 0 2
279 1 0 0 1
280 1 1 0 3
281 1 1 0 3
282 0 1 0 2
283 0 1 0 1
284 1 0 0 2
285 1 0 1 1
286 0 0 1 1
287 0 0 0 0
288 0 0 1 0
289 1 1 0 1
290 0 1 0 2
291 1 0 0 0
292 0 0 0 0
293 1 0 1 0
294 0 0 1 0
295 2 0 0 1
296 1 0 1 1
297 2 0 0 1
298 1 0 0 0
299 0 0 0 0
300 0 0 0 1
301 0 0 0 2
302 0 1 2 0
303 1 0 0 0
304 0 1 1 0
305 1 1 0 0
306 1 0 0 1
307 1 1 0 0
308 0 0 1 2
309 1 0 0 3
310 1 0 1 0
311 1 0 0 0
312 0 0 0 0
313 0 0 0 0
314 0 1 0 1
315 1 0 1 1
316 0 0 1 0
317 1 0 0 1
318 0 0 0 0
319 1 0 1 1
320 0 2 0 1
321 0 0 0 1
322 0 0 0 0
323 0 0 0 1
324 1 0 0 1
325 0 0 0 0
326 0 0 1 0
327 2 0 0 1
328 0 0 1 0
329 0 0 0 0
330 0 0 0 0
331 0 0 1 0
332 0 0 0 1
333 0 0 0 1
334 0 0 0 0
335 1 0 0 0
336 0 2 0 0
337 1 0 0 0
338 0 0 0 1
339 0 0 0 0
340 2 0 0 0
341 0 0 0 0
342 1 0 1 0
343 0 0 0 2
344 0 1 0 0
345 0 0 1 0
346 0 0 0 1
347 0 1 0 0
348 0 0 0 0
349 0 1 0 0
350 0 0 0 0
351 0 0 0 1
352 0 0 0 1
353 0 0 0 0
354 0 0 0 1
355 0 0 0 1
356 1 0 0 0
357 1 0 0 0
358 0 0 0 0
359 0 0 0 0
360 0 0 0 0
361 0 0 0 0
362 0 1 0 0
363 1 0 0 0
364 0 0 0 0
365 1 1 0 0
366 1 0 0 1
367 0 0 0 0
368 0 1 0 0
369 1 0 0 0
370 1 0 0 0
371 0 0 0 0
372 0 0 0 1
373 0 0 0 0
374 0 1 1 0
375 0 0 2 1
376 0 0 0 0
377 0 0 0 0
378 0 0 0 2
379 0 0 0 2
380 0 0 0 0
381 0 0 0 0
382 0 0 0 0
383 0 0 0 0
384 0 0 0 0
385 0 0 0 0
386 0 0 0 0
387 0 0 0 0
388 1 0 0 0
389 0 0 0 0
390 0 0 0 0
391 0 0 0 0
392 0 0 0 0
393 0 0 0 0
394 0 0 0 0
395 1 0 0 0
396 0 0 0 0
397 0 0 1 0
398 0 0 0 0
399 0 0 0 0
400 0 0 0 0
401 0 0 0 1
402 0 0 0 0
403 0 0 0 0
404 0 0 1 0
405 0 0 0 0
406 0 0 0 0
407 0 0 0 0
408 0 0 0 0
409 0 0 0 1
410 0 0 0 0
411 0 0 0 0
412 0 0 0 0
413 0 0 0 0
414 0 0 0 0
415 0 0 0 0
416 0 0 0 0
417 0 0 0 0
418 0 0 0 0
419 0 0 0 0
420 0 0 0 0
421 1 0 0 0
422 0 0 0 0
423 1 0 0 0
424 1 0 0 0
425 0 0 0 0
426 0 0 0 0
427 0 0 1 0
428 0 0 0 0
429 1 1 0 0
430 1 0 0 0
431 1 0 0 1
432 1 1 0 0
433 0 0 0 1
434 0 0 1 0
435 0 1 0 0
436 0 0 0 0
437 1 0 0 1
438 0 0 0 1
439 0 0 0 1
440 0 0 1 0
441 1 1 0 0
442 0 1 0 0
443 1 0 0 0
444 2 0 0 1
445 1 0 0 1
446 0 1 0 0
447 1 0 0 0
448 1 0 0 0
449 0 2 0 1
450 1 0 0 1
451 1 0 0 0
452 1 0 2 0
453 0 1 0 2
454 0 1 0 0
455 0 1 0 0
456 0 1 0 1
457 0 0 0 1
458 0 0 0 0
459 0 0 0 2
460 0 0 0 0
461 1 0 1 1
462 1 0 0 0
463 0 0 0 1
464 0 0 0 0
465 0 0 0 1
466 0 1 0 0
467 1 1 0 0
468 0 0 0 0
469 0 0 0 0
470 0 0 0 1
471 0 0 0 1
472 1 1 0 0
473 1 0 0 0
474 1 0 0 0
475 0 0 0 0
476 0 0 0 0
477 0 0 0 0
478 0 0 0 0
479 0 1 0 1
480 0 0 0 0
481 0 0 2 0
482 0 0 0 0
483 0 0 0 0
484 0 0 0 0
485 0 0 0 0
486 0 0 0 1
487 0 0 0 0
488 0 0 0 2
489 0 0 0 0
490 0 0 0 0
491 0 0 0 0
492 1 0 0 0
493 1 0 0 0
494 1 0 0 0
495 0 0 0 0
496 0 0 0 0
497 0 0 0 0
498 0 0 0 0
499 2 0 0 0
500 0 0 0 0
501 0 1 0 0
502 1 0 1 0
503 0 1 0 0
504 1 2 0 0
505 2 0 0 1
506 0 0 0 0
507 2 1 0 1
508 0 0 0 1
509 0 0 0 1
510 0 1 0 0
511 0 0 0 2
512 0 0 1 0
513 1 0 1 0
514 1 1 0 0
515 1 0 0 0
516 0 1 0 1
517 0 0 0 1
518 0 1 0 0
519 0 1 0 1
520 1 0 1 2
521 0 0 0 0
522 0 0 0 0
523 1 0 0 1
524 0 0 0 0
525 0 1 0 1
526 2 0 0 0
527 1 0 0 1
528 1 1 0 0
529 2 0 0 0
530 0 0 0 0
531 0 0 0 0
532 0 1 0 1
533 1 0 1 0
534 0 0 2 0
535 0 1 1 1
536 1 0 0 0
537 1 0 0 0
538 0 0 0 1
539 0 0 0 1
540 2 0 0 1
541 1 1 0 2
542 1 0 2 1
543 0 0 0 0
544 0 0 0 0
545 0 0 0 1
546 0 0 1 1
547 0 0 0 0
548 0 0 0 0
549 1 0 2 1
550 2 0 0 1
551 0 1 0 0
552 1 0 0 0
553 1 0 0 2
554 1 1 0 0
555 1 0 1 1
556 2 0 0 0
557 1 0 0 0
558 1 0 0 0
559 1 1 1 1
560 1 0 0 0
561 0 2 1 1
562 1 1 0 0
563 1 0 1 2
564 2 1 0 0
565 2 0 1 0
566 2 1 1 0
567 1 0 0 0
568 1 0 0 4
569 2 0 1 2
570 0 0 0 3
571 0 1 1 0
572 0 2 0 0
573 0 2 0 1
574 1 1 2 0
575 0 1 0 1
576 0 0 0 1
577 0 0 0 1
578 0 0 1 2
579 0 0 0 1
580 0 0 0 1
581 0 0 0 2
582 0 0 0 2
583 0 0 1 0
584 0 0 0 0
585 0 0 0 0
586 1 0 0 0
587 1 0 0 1
588 0 0 0 0
589 1 0 0 0
590 0 0 0 0
591 0 1 0 0
592 0 1 0 0
593 0 0 0 0
594 0 0 0 0
595 1 0 0 0
596 0 0 0 2
597 0 0 0 0
598 0 1 0 0
599 0 0 0 0
600 0 1 0 0
601 0 0 0 0
602 0 0 0 1
603 1 0 0 0
604 1 0 0 0
605 0 0 0 0
606 0 0 0 0
607 0 0 0 1
608 0 0 0 0
609 0 0 0 0
610 0 1 0 0
611 0 0 0 0
612 0 0 0 0
613 0 1 0 0
614 0 0 0 1
615 0 0 0 0
616 0 0 0 0
617 0 0 0 1
618 1 0 0 0
619 0 0 0 0
620 0 0 0 0
621 0 0 0 0
622 0 0 0 0
623 0 0 0 0
624 0 0 0 0
625 0 0 0 0
626 0 0 0 0
627 0 1 0 0
628 0 0 0 0
629 0 0 0 0
630 0 0 0 0
631 0 0 0 0
632 0 0 0 0
633 0 0 0 0
634 0 0 0 1
635 0 0 0 0
636 0 0 0 0
637 0 0 0 0
638 0 0 0 0
639 0 0 0 0
640 0 0 0 0
641 0 0 0 0
642 0 0 0 0
643 0 0 0 0
644 0 0 0 0
645 0 0 0 0
646 0 0 0 0
647 0 0 0 0
648 0 0 0 0
649 0 0 0 0
650 0 0 0 0
651 0 0 0 0
652 0 0 0 0
653 0 0 0 0
654 0 0 0 0
655 0 0 0 0
656 0 0 0 0
657 0 0 0 0
658 0 0 0 0
659 0 0 0 0
660 0 0 0 0
661 0 0 0 0
662 0 0 0 0
663 0 0 0 0
664 0 0 0 0
665 0 0 0 0
666 0 0 0 0
667 0 0 0 0
668 0 0 0 0
669 0 0 0 0
670 0 0 0 0
671 0 0 0 0
672 0 0 0 0
673 0 0 0 0
674 0 0 0 0
675 0 0 0 0
676 0 0 0 0
677 0 0 0 0
678 0 0 0 0
679 0 0 0 0
680 0 0 0 0
681 0 0 0 0
682 0 0 0 0
683 0 0 0 0
684 0 0 0 0
685 0 0 0 0
686 0 0 0 0
687 0 0 0 0
688 0 0 0 0
689 0 0 0 0
690 0 0 0 0
691 0 0 0 0
692 0 0 0 0
693 0 0 0 0
694 0 0 0 0
695 0 0 0 0
696 0 0 0 0
697 0 0 0 0
698 0 0 0 0
699 0 0 0 0
700 0 0 0 0
701 0 0 0 0
702 0 0 0 0
703 0 0 0 0
704 0 0 0 0
705 0 0 0 0
706 0 0 0 0
707 0 0 0 0
708 0 0 0 0
709 0 0 0 0
710 0 0 0 0
711 0 0 0 0
712 0 0 0 0
713 0 0 0 0
714 0 0 0 0
715 0 0 0 0
716 0 0 0 0
717 0 0 0 0
718 0 0 0 0
719 0 0 0 0
720 0 0 0 0
721 0 0 0 0
722 0 0 0 0
723 0 0 0 0
724 0 0 0 0
725 0 0 0 0
726 0 0 0 0
727 0 0 0 0
