0 0 0 0 0
1 0 0 0 0
2 0 0 0 0
3 0 0 0 0
4 0 0 0 0
5 0 1 1 0
6 0 0 0 0
7 0 0 0 0
8 1 0 1 0
9 0 1 1 1
10 0 0 0 0
11 0 0 0 0
12 0 0 0 1
13 0 0 0 1
14 0 0 1 0
15 0 0 0 2
16 0 0 0 0
17 0 0 0 0
18 0 0 0 0
19 2 0 0 0
20 0 0 0 0
21 2 0 0 1
22 1 0 0 0
23 1 0 0 0
24 1 0 2 0
25 1 0 0 0
26 0 1 1 0
27 1 1 0 0
28 1 0 1 1
29 0 1 0 0
30 1 0 0 1
31 3 0 0 1
32 1 0 0 1
33 1 1 0 0
34 2 0 1 1
35 1 0 0 1
36 3 1 1 1
37 1 0 1 1
38 1 1 0 0
39 0 0 3 0
40 1 2 0 0
41 1 0 0 1
42 1 0 0 1
43 3 1 0 4
44 2 0 1 2
45 0 2 2 0
46 2 1 0 1
47 0 0 0 2
48 0 1 0 1
49 1 0 1 3
50 1 1 0 0
51 3 1 1 0
52 2 2 0 1
53 3 0 1 1
54 0 0 0 0
55 1 1 0 2
56 5 1 0 2
57 5 1 0 1
58 5 1 3 1
59 2 1 0 1
60 4 1 2 2
61 5 0 4 1
62 7 2 1 3
63 6 1 1 0
64 2 0 1 2
65 4 2 2 5
66 5 2 3 2
67 4 4 2 2
68 5 5 2 1
69 3 2 1 4
70 0 2 2 3
71 2 4 3 3
72 0 2 0 7
73 4 1 3 6
74 2 3 1 8
75 4 1 1 6
76 4 2 1 1
77 3 0 2 2
78 4 1 4 5
79 4 0 0 3
80 2 1 1 2
81 4 2 1 4
82 4 3 0 2
83 7 2 3 2
84 5 4 2 1
85 5 2 0 5
86 2 1 0 0
87 7 3 1 4
88 2 3 3 6
89 4 2 1 4
90 5 5 0 3
91 5 1 2 5
92 7 4 2 3
93 2 2 2 1
94 3 2 3 7
95 5 2 3 4
96 3 2 2 4
97 4 4 0 2
98 5 1 2 4
99 4 3 0 5
100 8 3 4 4
101 3 4 1 5
102 4 4 0 5
103 5 4 0 5
104 6 3 3 3
105 7 5 0 3
106 10 2 2 5
107 5 3 2 7
108 8 3 0 8
109 8 4 2 2
110 5 3 3 3
111 6 3 3 7
112 8 2 4 4
113 5 4 1 6
114 9 8 1 4
115 4 6 2 7
116 6 5 1 5
117 5 4 2 7
118 6 1 1 6
119 6 3 4 7
120 12 1 3 6
121 8 8 4 4
122 10 3 2 6
123 13 1 3 3
124 5 5 2 7
125 11 2 2 6
126 6 7 0 8
127 14 7 6 4
128 9 8 3 10
129 10 5 7 5
130 9 7 5 4
131 10 1 5 12
132 13 8 5 9
133 7 4 2 11
134 9 5 4 10
135 15 6 4 9
136 15 6 1 13
137 8 7 2 10
138 12 5 3 8
139 12 6 4 11
140 14 10 5 4
141 13 12 7 8
142 18 7 3 7
143 11 6 2 9
144 10 5 3 12
145 11 9 4 17
146 9 3 3 14
147 13 9 7 14
148 11 10 4 9
149 20 8 4 6
150 11 11 3 7
151 20 9 3 13
152 16 7 5 12
153 19 9 3 7
154 16 13 7 13
155 15 12 2 14
156 11 9 8 14
157 12 12 1 14
158 11 5 8 17
159 14 8 4 17
160 13 6 10 18
161 11 8 4 18
162 15 9 9 11
163 11 9 4 9
164 16 7 8 17
165 19 8 4 9
166 10 8 5 13
167 7 10 6 11
168 12 7 5 17
169 15 6 9 16
170 17 6 8 13
171 19 7 2 17
172 17 5 2 10
173 21 8 8 13
174 17 11 9 15
175 16 7 7 15
176 22 11 2 13
177 15 6 7 21
178 20 14 6 14
179 23 13 8 8
180 24 11 7 8
181 20 11 12 14
182 29 9 9 17
183 17 6 7 26
184 26 14 7 18
185 18 14 6 25
186 23 12 5 10
187 17 11 11 17
188 18 11 6 21
189 23 12 9 21
190 18 14 6 19
191 18 11 16 20
192 21 6 11 18
193 17 17 11 16
194 24 16 8 20
195 23 13 7 22
196 17 10 4 17
197 21 11 10 26
198 17 14 3 24
199 20 15 7 22
200 10 11 12 20
201 25 12 6 26
202 23 8 2 15
203 18 14 6 13
204 12 13 10 20
205 14 11 5 17
206 16 20 12 18
207 16 16 7 18
208 12 9 4 23
209 16 6 4 16
210 15 11 6 29
211 14 12 8 27
212 10 13 9 12
213 12 6 4 20
214 10 10 6 16
215 9 6 7 18
216 10 11 3 14
217 7 8 7 11
218 8 8 5 18
219 8 7 5 18
220 13 6 5 13
221 8 8 3 21
222 11 7 0 13
223 6 6 5 11
224 6 6 2 10
225 9 7 6 15
226 12 5 3 9
227 6 4 3 12
228 7 2 4 11
229 8 5 3 11
230 10 6 3 8
231 2 9 3 5
232 4 6 1 7
233 6 4 0 9
234 7 4 5 10
235 7 9 2 9
236 5 2 1 7
237 4 3 4 5
238 4 8 0 10
239 3 3 4 11
240 1 6 0 4
241 4 1 2 7
242 1 3 1 7
243 3 4 5 5
244 4 3 0 9
245 1 1 2 10
246 4 3 1 5
247 5 1 1 4
248 3 1 2 3
249 6 2 2 5
250 4 1 1 5
251 2 1 1 2
252 4 0 2 2
253 2 5 0 5
254 4 4 0 2
255 2 2 3 1
256 5 2 3 4
257 1 3 0 2
258 3 3 1 5
259 2 1 1 3
260 5 1 0 6
261 3 1 1 2
262 3 1 1 7
263 5 4 2 2
264 3 1 1 4
265 1 5 0 2
266 2 1 1 2
267 5 1 2 4
268 3 1 2 0
269 0 3 2 6
270 0 1 0 3
271 0 1 0 4
272 3 6 1 1
273 1 3 0 1
274 2 1 0 1
275 3 0 1 4
276 5 1 1 7
277 2 2 1 2
278 0 1 0 0
279 2 0 1 4
280 2 1 1 3
281 0 2 3 5
282 0 2 0 1
283 0 0 0 0
284 1 0 1 2
285 2 0 3 2
286 1 1 0 3
287 1 0 0 0
288 0 2 0 4
289 2 1 0 2
290 3 2 0 0
291 0 1 0 1
292 1 0 1 2
293 0 0 0 1
294 2 1 0 1
295 2 0 2 2
296 3 0 0 1
297 2 0 0 1
298 3 1 0 1
299 2 1 0 3
300 1 1 0 0
301 1 2 1 0
302 1 0 1 1
303 1 2 2 1
304 1 2 1 1
305 1 1 0 3
306 1 0 1 0
307 0 1 1 2
308 1 0 0 2
309 1 1 1 2
310 2 1 0 4
311 0 1 0 1
312 1 1 0 0
313 1 0 0 1
314 1 1 1 2
315 0 1 0 1
316 0 0 0 1
317 1 1 1 0
318 0 0 0 0
319 1 1 0 2
320 0 0 0 0
321 0 0 0 3
322 0 2 0 0
323 1 0 1 0
324 0 0 1 1
325 1 0 0 0
326 1 0 0 2
327 2 0 0 1
328 1 0 0 1
329 1 0 0 1
330 0 1 0 0
331 2 0 0 0
332 0 1 1 0
333 1 0 0 0
334 1 2 0 0
335 2 0 1 0
336 0 2 1 0
337 1 0 0 1
338 0 1 0 2
339 0 1 0 2
340 1 1 0 1
341 1 0 0 1
342 0 1 0 1
343 1 0 0 1
344 0 0 1 0
345 1 0 0 1
346 1 0 0 1
347 0 0 0 1
348 1 1 1 0
349 1 1 0 1
350 0 1 0 0
351 1 1 0 1
352 1 0 0 1
353 0 0 0 1
354 0 0 0 1
355 0 0 0 1
356 0 0 0 0
357 0 1 1 0
358 0 0 1 1
359 0 0 0 0
360 0 1 0 0
361 0 0 0 1
362 1 0 0 1
363 0 0 0 0
364 1 0 0 1
365 1 0 0 0
366 0 0 0 0
367 0 1 0 1
368 0 0 0 0
369 1 1 0 0
370 0 1 0 0
371 0 0 0 0
372 2 0 0 0
373 0 0 0 1
374 1 0 1 1
375 0 0 0 0
376 0 0 0 0
377 0 0 2 1
378 0 0 0 1
379 1 0 1 0
380 0 0 0 0
381 0 0 0 0
382 0 0 0 0
383 1 0 0 1
384 0 0 0 2
385 0 0 0 0
386 1 0 0 0
387 0 0 0 0
388 1 1 0 0
389 0 0 0 0
390 1 0 0 0
391 1 1 0 0
392 1 0 0 1
393 1 1 0 0
394 0 1 0 0
395 1 0 0 1
396 0 1 0 0
397 0 0 1 1
398 0 2 0 0
399 1 0 0 0
400 0 0 0 1
401 0 0 0 0
402 1 0 0 2
403 0 0 0 1
404 0 1 1 1
405 0 0 0 0
406 0 0 0 0
407 0 1 0 0
408 1 0 0 2
409 2 0 0 0
410 2 0 0 0
411 1 0 0 1
412 1 0 0 0
413 2 1 0 0
414 0 1 0 0
415 2 1 0 0
416 1 0 0 0
417 0 0 0 0
418 0 1 1 0
419 0 1 0 1
420 0 2 1 1
421 1 2 0 1
422 1 1 0 1
423 0 0 0 1
424 1 0 0 3
425 1 0 0 2
426 3 0 0 1
427 2 0 0 0
428 1 0 0 1
429 1 0 0 0
430 0 0 1 0
431 1 1 0 0
432 0 0 2 0
433 0 1 1 0
434 0 1 1 1
435 0 3 0 1
436 0 0 0 0
437 0 0 0 0
438 0 0 1 0
439 0 0 0 4
440 0 0 0 2
441 0 0 0 2
442 0 0 0 2
443 1 0 0 0
444 1 0 0 0
445 1 0 0 0
446 1 0 0 0
447 0 0 0 0
448 1 1 0 0
449 1 1 0 0
450 1 1 0 0
451 1 0 0 0
452 0 0 0 0
453 0 0 0 1
454 2 1 0 0
455 1 1 0 1
456 1 1 0 0
457 1 1 0 1
458 0 0 0 0
459 1 1 2 1
460 0 0 0 1
461 0 0 1 1
462 0 0 0 0
463 0 0 0 1
464 1 1 0 1
465 1 0 0 1
466 1 1 0 2
467 2 0 0 0
468 3 0 1 0
469 0 1 0 0
470 0 0 0 1
471 1 1 0 1
472 0 1 0 1
473 0 2 0 1
474 0 0 1 0
475 0 0 0 0
476 0 0 2 1
477 0 1 0 1
478 0 0 0 2
479 2 0 0 0
480 1 0 0 1
481 1 0 0 0
482 1 0 0 0
483 1 0 0 2
484 1 0 1 1
485 0 1 0 0
486 0 0 1 0
487 0 1 0 0
488 0 1 0 0
489 1 1 0 1
490 0 0 0 0
491 0 0 0 1
492 1 0 1 0
493 0 0 0 2
494 0 0 0 1
495 0 0 0 0
496 0 0 0 1
497 0 0 1 0
498 0 1 0 0
499 0 0 0 1
500 2 0 0 0
501 0 0 0 0
502 0 0 0 1
503 1 0 0 0
504 0 0 0 1
505 1 2 0 0
506 0 0 0 0
507 0 0 0 0
508 0 0 0 0
509 1 0 0 1
510 0 0 1 0
511 1 0 0 0
512 0 1 0 1
513 1 0 0 0
514 1 0 1 0
515 0 0 0 0
516 1 0 1 1
517 0 0 0 1
518 1 1 0 1
519 0 0 0 0
520 0 0 0 1
521 0 0 0 0
522 0 0 0 0
523 0 2 0 0
524 0 0 0 0
525 0 0 1 1
526 1 0 0 0
527 1 0 0 1
528 0 0 0 0
529 0 0 0 0
530 1 0 0 1
531 0 0 1 0
532 0 0 0 1
533 0 0 0 0
534 0 0 0 0
535 0 0 0 1
536 0 1 0 0
537 1 1 0 0
538 0 0 0 0
539 1 0 0 0
540 0 0 0 1
541 0 0 0 1
542 0 0 1 0
543 0 0 0 0
544 0 0 0 0
545 0 0 0 0
546 0 1 0 0
547 1 0 0 0
548 0 0 0 0
549 1 0 0 1
550 0 0 0 0
551 0 0 0 0
552 0 0 0 0
553 1 0 0 1
554 0 0 1 0
555 1 0 0 0
556 0 0 1 0
557 0 0 0 0
558 0 0 0 1
559 0 0 0 0
560 1 0 0 1
561 0 0 0 0
562 0 1 0 0
563 0 0 0 0
564 0 1 0 0
565 0 0 0 0
566 0 0 0 1
567 0 0 0 0
568 0 0 0 1
569 0 0 1 0
570 0 0 0 0
571 0 0 0 0
572 0 0 0 0
573 0 0 0 0
574 0 0 0 0
575 1 0 0 0
576 1 0 0 1
577 0 0 0 0
578 1 0 0 0
579 1 0 0 0
580 1 1 0 0
581 0 1 0 0
582 0 0 0 0
583 0 0 1 0
584 0 0 0 0
585 0 0 0 1
586 0 0 0 0
587 0 0 0 2
588 0 1 0 0
589 0 0 1 0
590 0 0 0 0
591 0 0 0 0
592 0 0 0 0
593 0 0 0 1
594 0 0 0 0
595 0 0 0 1
596 0 0 0 0
597 0 0 0 0
598 0 0 0 0
599 0 0 0 0
600 0 0 0 0
601 0 0 0 0
602 0 0 0 0
603 0 0 0 0
604 0 0 0 0
605 0 0 0 0
606 1 0 0 0
607 0 0 0 0
608 0 0 0 0
609 0 0 0 0
610 0 0 0 0
611 0 0 0 0
612 0 0 0 0
613 0 0 0 0
614 0 0 0 0
615 0 0 1 0
616 0 0 0 0
617 0 0 0 0
618 1 0 0 0
619 0 0 0 1
620 0 0 0 0
621 0 0 0 0
622 0 0 0 0
623 0 1 0 0
624 0 0 0 0
625 0 0 0 0
626 0 0 0 0
627 0 0 0 0
628 0 0 0 0
629 0 0 0 0
630 0 0 0 1
631 0 0 0 0
632 0 0 0 0
633 0 0 0 0
634 0 0 0 0
635 0 0 0 0
636 0 0 0 0
637 0 0 0 0
638 0 0 0 0
639 0 0 0 0
640 0 0 0 0
641 0 0 0 0
642 0 0 0 0
643 0 0 0 0
644 0 0 0 0
645 0 0 0 0
646 0 0 0 0
647 0 0 0 0
648 0 0 0 0
649 0 0 0 0
650 0 0 0 0
651 0 0 0 0
652 0 0 0 0
653 0 0 0 0
654 0 0 0 0
655 0 0 0 0
656 0 0 0 0
657 0 0 0 0
658 0 0 0 0
659 0 0 0 0
660 0 0 0 0
661 0 0 0 0
662 0 0 0 0
663 0 0 0 0
664 0 0 0 0
665 0 0 0 0
666 0 0 0 0
667 0 0 0 0
668 0 0 0 0
669 0 0 0 0
670 0 0 0 0
671 0 0 0 0
672 0 0 0 0
673 0 0 0 0
674 0 0 0 0
675 0 0 0 0
676 0 0 0 0
677 0 0 0 0
678 0 0 0 0
679 0 0 0 0
680 0 0 0 0
681 0 0 0 0
682 0 0 0 0
683 0 0 0 0
684 0 0 0 0
685 0 0 0 0
686 0 0 0 0
687 0 0 0 0
688 0 0 0 0
689 0 0 0 0
690 0 0 0 0
691 0 0 0 0
692 0 0 0 0
693 0 0 0 0
694 0 0 0 0
695 0 0 0 0
696 0 0 0 0
697 0 0 0 0
698 0 0 0 0
699 0 0 0 0
700 0 0 0 0
701 0 0 0 0
702 0 0 0 0
703 0 0 0 0
704 0 0 0 0
705 0 0 0 0
706 0 0 0 0
707 0 0 0 0
708 0 0 0 0
709 0 0 0 0
710 0 0 0 0
711 0 0 0 0
712 0 0 0 0
713 0 0 0 0
714 0 0 0 0
715 0 0 0 0
716 0 0 0 0
717 0 0 0 0
718 0 0 0 0
719 0 0 0 0
720 0 0 0 0
721 0 0 0 0
722 0 0 0 0
723 0 0 0 0
724 0 0 0 0
725 0 0 0 0
726 0 0 0 0
727 0 0 0 0
