0 0 0 0 0
1 0 0 0 0
2 0 0 0 0
3 0 0 0 0
4 0 0 0 0
5 0 2 2 0
6 0 0 0 0
7 0 1 0 0
8 0 0 0 0
9 0 0 0 0
10 0 0 0 0
11 0 0 0 1
12 0 0 0 4
13 0 0 0 0
14 0 0 0 0
15 0 0 0 0
16 1 0 0 0
17 1 0 0 0
18 1 0 0 0
19 0 0 0 0
20 1 0 0 0
21 2 1 0 0
22 0 0 0 0
23 0 0 1 0
24 2 0 1 0
25 1 1 0 1
26 1 1 0 0
27 0 0 0 0
28 0 0 0 0
29 1 1 0 0
30 0 1 1 1
31 0 0 0 2
32 0 0 0 1
33 0 1 0 0
34 0 0 1 1
35 0 0 1 0
36 1 0 0 1
37 0 0 0 2
38 1 0 0 1
39 0 0 0 1
40 0 0 0 0
41 1 0 0 0
42 2 0 0 0
43 0 1 0 0
44 0 0 0 0
45 2 1 0 0
46 1 0 0 0
47 2 0 1 0
48 5 0 0 0
49 1 0 0 1
50 1 0 1 1
51 2 1 1 1
52 0 0 0 0
53 1 1 1 0
54 2 1 2 1
55 3 0 0 1
56 0 4 0 1
57 2 3 0 0
58 2 1 0 2
59 3 2 0 0
60 0 3 0 4
61 1 1 0 2
62 2 0 0 0
63 1 0 1 4
64 3 1 0 4
65 4 0 0 1
66 4 1 2 0
67 4 3 0 2
68 2 2 0 2
69 4 1 0 0
70 1 2 1 2
71 2 0 2 3
72 3 1 1 2
73 2 2 1 1
74 2 2 2 0
75 1 2 0 1
76 1 2 2 1
77 3 4 0 6
78 5 0 1 4
79 1 0 1 2
80 4 1 0 3
81 2 0 1 3
82 3 1 2 2
83 3 2 2 2
84 1 1 1 1
85 2 2 0 2
86 1 1 1 4
87 5 3 1 3
88 4 0 0 0
89 4 3 0 0
90 4 4 0 3
91 3 1 2 3
92 1 2 3 2
93 3 2 1 1
94 4 1 2 4
95 2 3 1 3
96 3 1 4 6
97 3 0 2 5
98 5 3 0 1
99 5 2 0 2
100 3 1 2 5
101 3 1 1 4
102 7 2 1 4
103 5 2 3 2
104 6 3 1 2
105 2 1 2 2
106 4 2 1 4
107 5 4 3 4
108 9 3 0 5
109 8 2 2 2
110 9 3 0 5
111 7 4 3 3
112 10 4 1 6
113 7 6 4 2
114 8 4 1 5
115 12 1 4 5
116 9 2 1 4
117 10 2 3 5
118 5 4 2 6
119 4 7 1 8
120 7 9 7 6
121 5 11 2 7
122 11 6 4 3
123 8 5 2 6
124 4 5 0 8
125 3 3 4 7
126 7 4 1 13
127 7 3 3 13
128 5 2 3 10
129 5 6 0 4
130 10 4 2 5
131 13 8 1 7
132 13 4 2 9
133 8 3 0 4
134 13 3 3 5
135 16 7 1 7
136 12 9 3 6
137 9 9 5 5
138 9 5 2 7
139 12 4 7 9
140 11 10 2 8
141 13 9 3 14
142 13 6 3 7
143 15 8 5 11
144 18 8 6 8
145 9 7 4 10
146 10 6 4 12
147 15 5 5 13
148 12 8 8 14
149 15 9 8 8
150 16 5 5 14
151 14 9 1 9
152 7 5 7 14
153 8 8 3 15
154 10 7 7 12
155 22 7 5 13
156 9 15 5 11
157 17 6 4 5
158 13 5 4 18
159 24 9 6 12
160 17 7 10 19
161 17 2 4 13
162 16 8 3 11
163 18 6 11 14
164 18 12 12 14
165 26 9 5 10
166 25 12 7 8
167 25 10 2 16
168 19 8 7 16
169 21 8 7 15
170 19 15 8 14
171 14 13 12 16
172 21 16 13 17
173 18 10 7 24
174 10 10 10 16
175 18 12 7 17
176 18 11 4 21
177 17 9 11 24
178 25 16 4 26
179 25 8 7 20
180 20 8 7 14
181 11 9 10 20
182 29 8 10 20
183 24 18 5 15
184 23 16 7 19
185 28 13 8 20
186 24 12 3 12
187 21 13 8 19
188 29 13 12 24
189 23 11 11 22
190 32 12 9 17
191 28 15 10 21
192 31 14 8 23
193 30 18 8 19
194 28 13 16 20
195 29 20 9 25
196 29 21 6 16
197 29 21 6 20
198 26 11 8 26
199 31 17 14 23
200 23 21 6 27
201 27 21 8 31
202 24 24 12 29
203 28 15 9 34
204 24 20 8 30
205 22 18 13 18
206 16 17 15 34
207 25 20 12 27
208 23 11 17 31
209 18 12 7 36
210 19 14 3 25
211 25 5 8 29
212 21 13 17 26
213 9 21 7 24
214 17 9 11 25
215 10 14 11 23
216 13 15 6 20
217 17 15 6 19
218 19 11 3 15
219 8 7 11 35
220 12 9 8 25
221 14 7 6 27
222 6 8 6 15
223 6 9 10 23
224 11 7 2 17
225 15 8 8 16
226 10 10 5 16
227 9 10 0 15
228 11 6 3 12
229 9 6 3 11
230 7 8 4 20
231 10 4 1 11
232 6 4 2 12
233 3 7 5 8
234 4 11 2 14
235 6 7 4 7
236 8 7 5 6
237 5 4 2 8
238 2 5 2 9
239 8 2 4 6
240 6 2 3 15
241 5 4 4 11
242 4 1 0 10
243 1 1 2 10
244 5 4 1 4
245 2 8 0 7
246 1 3 2 4
247 4 2 0 4
248 3 6 0 5
249 3 4 1 5
250 0 4 1 6
251 2 3 0 3
252 5 3 0 6
253 2 3 2 1
254 6 2 0 3
255 3 0 0 4
256 4 3 0 10
257 1 2 1 4
258 5 1 0 3
259 1 3 0 0
260 3 3 2 6
261 1 3 2 3
262 3 1 0 0
263 3 1 2 1
264 2 1 0 5
265 1 2 2 3
266 1 2 0 3
267 1 4 2 3
268 0 3 0 3
269 1 1 0 3
270 0 0 0 3
271 1 0 2 4
272 1 0 1 4
273 3 1 1 1
274 0 1 1 2
275 1 1 0 2
276 0 1 0 2
277 1 1 0 1
278 0 0 0 0
279 0 0 0 0
280 2 0 1 2
281 2 0 0 3
282 0 1 3 1
283 0 0 0 0
284 2 0 0 0
285 1 1 1 0
286 1 2 0 2
287 2 0 0 2
288 0 1 0 0
289 0 0 0 2
290 0 0 0 2
291 1 1 1 0
292 0 2 0 2
293 0 0 1 0
294 0 0 1 0
295 0 0 0 1
296 0 0 0 2
297 0 0 0 1
298 0 0 0 2
299 0 0 0 0
300 0 0 1 0
301 0 0 0 0
302 0 0 0 0
303 0 0 0 0
304 0 0 0 1
305 0 0 0 0
306 0 0 0 0
307 0 0 0 0
308 0 0 0 0
309 0 0 0 0
310 0 0 0 0
311 1 0 0 0
312 0 0 0 0
313 0 0 0 0
314 0 0 0 0
315 0 0 0 0
316 0 1 0 0
317 0 0 0 0
318 0 0 0 0
319 0 0 0 0
320 0 0 0 1
321 0 0 0 0
322 0 0 0 0
323 0 0 0 0
324 0 0 0 0
325 0 0 0 0
326 0 0 0 0
327 0 0 0 0
328 0 0 0 0
329 0 0 0 0
330 0 0 0 0
331 0 0 0 0
332 0 0 0 0
333 0 0 0 0
334 0 0 0 0
335 0 0 0 0
336 0 0 0 0
337 0 0 0 0
338 0 0 0 0
339 0 0 0 0
340 0 0 0 0
341 0 0 0 0
342 0 0 0 0
343 0 0 0 0
344 0 0 0 0
345 0 0 0 0
346 0 0 0 0
347 0 0 0 0
348 0 0 0 0
349 0 0 0 0
350 0 0 0 0
351 0 0 0 0
352 0 0 0 0
353 0 0 0 0
354 0 0 0 0
355 0 0 0 0
356 0 0 0 0
357 0 0 0 0
358 0 0 0 0
359 0 0 0 0
360 0 0 0 0
361 0 0 0 0
362 0 0 0 0
363 0 0 0 0
364 0 0 0 0
365 0 0 0 0
366 0 0 0 0
367 0 0 0 0
368 0 0 0 0
369 0 0 0 0
370 0 0 0 0
371 0 0 0 0
372 0 0 0 0
373 0 0 0 0
374 0 0 0 0
375 0 0 0 0
376 0 0 0 0
377 0 0 0 0
378 0 0 0 0
379 0 0 0 0
380 0 0 0 0
381 0 0 0 0
382 0 0 0 0
383 0 0 0 0
384 0 0 0 0
385 0 0 0 0
386 0 0 0 0
387 0 0 0 0
388 0 0 0 0
389 0 0 0 0
390 0 0 0 0
391 0 0 0 0
392 0 0 0 0
393 0 0 0 0
394 0 0 0 0
395 0 0 0 0
396 0 0 0 0
397 0 0 0 0
398 0 0 0 0
399 0 0 0 0
400 0 0 0 0
401 0 0 0 0
402 0 0 0 0
403 0 0 0 0
404 0 0 0 0
405 0 0 0 0
406 0 0 0 0
407 0 0 0 0
408 0 0 0 0
409 0 0 0 0
410 0 0 0 0
411 0 0 0 0
412 0 0 0 0
413 0 0 0 0
414 0 0 0 0
415 0 0 0 0
416 0 0 0 0
417 0 0 0 0
418 0 0 0 0
419 0 0 0 0
420 0 0 0 0
421 0 0 0 0
422 0 0 0 0
423 0 0 0 0
424 0 0 0 0
425 0 0 0 0
426 0 0 0 0
427 0 0 0 0
428 0 0 0 0
429 0 0 0 0
430 0 0 0 0
431 0 0 0 0
432 0 0 0 0
433 0 0 0 0
434 0 0 0 0
435 0 0 0 0
436 0 0 0 0
437 0 0 0 0
438 0 0 0 0
439 0 0 0 0
440 0 0 0 0
441 0 0 0 0
442 0 0 0 0
443 0 0 0 0
444 0 0 0 0
445 0 0 0 0
446 0 0 0 0
447 0 0 0 0
448 0 0 0 0
449 0 0 0 0
450 0 0 0 0
451 0 0 0 0
452 0 0 0 0
453 0 0 0 0
454 0 0 0 0
455 0 0 0 0
456 0 0 0 0
457 0 0 0 0
458 0 0 0 0
459 0 0 0 0
460 0 0 0 0
461 0 0 0 0
462 0 0 0 0
463 0 0 0 0
464 0 0 0 0
465 0 0 0 0
466 0 0 0 0
467 0 0 0 0
468 0 0 0 0
469 0 0 0 0
470 0 0 0 0
471 0 0 0 0
472 0 0 0 0
473 0 0 0 0
474 0 0 0 0
475 0 0 0 0
476 0 0 0 0
477 0 0 0 0
478 0 0 0 0
479 0 0 0 0
480 0 0 0 0
481 0 0 0 0
482 0 0 0 0
483 0 0 0 0
484 0 0 0 0
485 0 0 0 0
486 0 0 0 0
487 0 0 0 0
488 0 0 0 0
489 0 0 0 0
490 0 0 0 0
491 0 0 0 0
492 0 0 0 0
493 0 0 0 0
494 0 0 0 0
495 0 0 0 0
496 0 0 0 0
497 0 0 0 0
498 0 0 0 0
499 0 0 0 0
500 0 0 0 0
501 0 0 0 0
502 0 0 0 0
503 0 0 0 0
504 0 0 0 0
505 0 0 0 0
506 0 0 0 0
507 0 0 0 0
508 0 0 0 0
509 0 0 0 0
510 0 0 0 0
511 0 0 0 0
512 0 0 0 0
513 0 0 0 0
514 0 0 0 0
515 0 0 0 0
516 0 0 0 0
517 0 0 0 0
518 0 0 0 0
519 0 0 0 0
520 0 0 0 0
521 0 0 0 0
522 0 0 0 0
523 0 0 0 0
524 0 0 0 0
525 0 0 0 0
526 0 0 0 0
527 0 0 0 0
528 0 0 0 0
529 0 0 0 0
530 0 0 0 0
531 0 0 0 0
532 0 0 0 0
533 0 0 0 0
534 0 0 0 0
535 0 0 0 0
536 0 0 0 0
537 0 0 0 0
538 0 0 0 0
539 0 0 0 0
540 0 0 0 0
541 0 0 0 0
542 0 0 0 0
543 0 0 0 0
544 0 0 0 0
545 0 0 0 0
546 0 0 0 0
547 0 0 0 0
548 0 0 0 0
549 0 0 0 0
550 0 0 0 0
551 0 0 0 0
552 0 0 0 0
553 0 0 0 0
554 0 0 0 0
555 0 0 0 0
556 0 0 0 0
557 0 0 0 0
558 0 0 0 0
559 0 0 0 0
560 0 0 0 0
561 0 0 0 0
562 0 0 0 0
563 0 0 0 0
564 0 0 0 0
565 0 0 0 0
566 0 0 0 0
567 0 0 0 0
568 0 0 0 0
569 0 0 0 0
570 0 0 0 0
571 0 0 0 0
572 0 0 0 0
573 0 0 0 0
574 0 0 0 0
575 0 0 0 0
576 0 0 0 0
577 0 0 0 0
578 0 0 0 0
579 0 0 0 0
580 0 0 0 0
581 0 0 0 0
582 0 0 0 0
583 0 0 0 0
584 0 0 0 0
585 0 0 0 0
586 0 0 0 0
587 0 0 0 0
588 0 0 0 0
589 0 0 0 0
590 0 0 0 0
591 0 0 0 0
592 0 0 0 0
593 0 0 0 0
594 0 0 0 0
595 0 0 0 0
596 0 0 0 0
597 0 0 0 0
598 0 0 0 0
599 0 0 0 0
600 0 0 0 0
601 0 0 0 0
602 0 0 0 0
603 0 0 0 0
604 0 0 0 0
605 0 0 0 0
606 0 0 0 0
607 0 0 0 0
608 0 0 0 0
609 0 0 0 0
610 0 0 0 0
611 0 0 0 0
612 0 0 0 0
613 0 0 0 0
614 0 0 0 0
615 0 0 0 0
616 0 0 0 0
617 0 0 0 0
618 0 0 0 0
619 0 0 0 0
620 0 0 0 0
621 0 0 0 0
622 0 0 0 0
623 0 0 0 0
624 0 0 0 0
625 0 0 0 0
626 0 0 0 0
627 0 0 0 0
628 0 0 0 0
629 0 0 0 0
630 0 0 0 0
631 0 0 0 0
632 0 0 0 0
633 0 0 0 0
634 0 0 0 0
635 0 0 0 0
636 0 0 0 0
637 0 0 0 0
638 0 0 0 0
639 0 0 0 0
640 0 0 0 0
641 0 0 0 0
642 0 0 0 0
643 0 0 0 0
644 0 0 0 0
645 0 0 0 0
646 0 0 0 0
647 0 0 0 0
648 0 0 0 0
649 0 0 0 0
650 0 0 0 0
651 0 0 0 0
652 0 0 0 0
653 0 0 0 0
654 0 0 0 0
655 0 0 0 0
656 0 0 0 0
657 0 0 0 0
658 0 0 0 0
659 0 0 0 0
660 0 0 0 0
661 0 0 0 0
662 0 0 0 0
663 0 0 0 0
664 0 0 0 0
665 0 0 0 0
666 0 0 0 0
667 0 0 0 0
668 0 0 0 0
669 0 0 0 0
670 0 0 0 0
671 0 0 0 0
672 0 0 0 0
673 0 0 0 0
674 0 0 0 0
675 0 0 0 0
676 0 0 0 0
677 0 0 0 0
678 0 0 0 0
679 0 0 0 0
680 0 0 0 0
681 0 0 0 0
682 0 0 0 0
683 0 0 0 0
684 0 0 0 0
685 0 0 0 0
686 0 0 0 0
687 0 0 0 0
688 0 0 0 0
689 0 0 0 0
690 0 0 0 0
691 0 0 0 0
692 0 0 0 0
693 0 0 0 0
694 0 0 0 0
695 0 0 0 0
696 0 0 0 0
697 0 0 0 0
698 0 0 0 0
699 0 0 0 0
700 0 0 0 0
701 0 0 0 0
702 0 0 0 0
703 0 0 0 0
704 0 0 0 0
705 0 0 0 0
706 0 0 0 0
707 0 0 0 0
708 0 0 0 0
709 0 0 0 0
710 0 0 0 0
711 0 0 0 0
712 0 0 0 0
713 0 0 0 0
714 0 0 0 0
715 0 0 0 0
716 0 0 0 0
717 0 0 0 0
718 0 0 0 0
719 0 0 0 0
720 0 0 0 0
721 0 0 0 0
722 0 0 0 0
723 0 0 0 0
724 0 0 0 0
725 0 0 0 0
726 0 0 0 0
727 0 0 0 0
