0 0 0 0 0
1 0 0 0 0
2 0 0 0 0
3 0 0 0 0
4 0 0 0 0
5 0 1 1 0
6 0 0 0 0
7 0 0 0 0
8 0 0 0 0
9 0 3 0 1
10 0 0 0 0
11 0 0 0 0
12 0 0 0 1
13 0 0 0 1
14 0 0 0 0
15 0 0 0 0
16 0 0 0 2
17 0 0 0 0
18 0 0 0 0
19 0 0 0 0
20 0 0 0 0
21 1 0 0 0
22 1 0 0 0
23 0 0 0 0
24 1 0 0 0
25 0 0 0 0
26 1 0 0 0
27 0 1 0 0
28 0 0 0 0
29 1 1 0 0
30 1 1 0 0
31 1 0 1 0
32 0 0 0 0
33 1 0 0 1
34 1 0 1 2
35 1 0 0 0
36 1 0 1 0
37 0 0 0 0
38 0 0 0 2
39 1 1 1 0
40 0 0 0 0
41 1 0 0 0
42 0 0 1 0
43 0 0 0 1
44 0 2 0 0
45 0 1 0 0
46 0 0 0 2
47 0 0 0 0
48 0 0 0 0
49 0 0 0 1
50 0 1 0 0
51 0 0 0 2
52 0 0 0 1
53 1 0 0 0
54 0 0 0 1
55 0 0 0 0
56 0 0 0 0
57 0 0 0 0
58 0 0 1 0
59 0 0 0 0
60 0 0 0 0
61 0 0 0 0
62 0 0 0 0
63 1 0 0 0
64 1 0 0 1
65 1 0 0 0
66 0 0 0 0
67 0 0 0 0
68 0 0 0 0
69 0 0 0 0
70 1 0 1 0
71 1 0 0 0
72 0 1 0 0
73 0 1 0 0
74 0 0 0 1
75 0 0 0 0
76 0 0 0 0
77 1 0 0 0
78 0 0 0 1
79 0 0 2 0
80 0 0 0 1
81 0 0 0 0
82 1 0 1 0
83 1 0 0 1
84 1 0 0 0
85 0 0 0 0
86 1 0 0 1
87 0 1 0 0
88 0 0 1 0
89 0 0 0 1
90 0 0 0 0
91 0 0 0 1
92 1 0 1 1
93 1 0 0 0
94 2 0 0 0
95 0 0 1 0
96 0 0 0 0
97 1 1 0 0
98 1 0 1 0
99 0 1 0 2
100 1 0 0 0
101 1 0 0 0
102 3 0 0 0
103 2 1 1 0
104 1 0 0 1
105 1 1 1 1
106 0 0 0 1
107 0 1 1 0
108 1 0 2 0
109 2 0 0 0
110 0 0 1 2
111 1 0 1 1
112 1 0 0 4
113 0 1 0 0
114 3 1 1 1
115 1 0 0 0
116 0 0 1 0
117 2 1 1 1
118 2 1 0 3
119 3 2 1 0
120 2 1 0 1
121 0 0 0 3
122 2 1 0 1
123 1 1 0 2
124 3 0 0 1
125 3 1 1 0
126 2 0 1 2
127 2 0 2 0
128 3 1 3 0
129 1 1 1 2
130 4 3 0 1
131 2 0 1 3
132 1 0 0 2
133 3 1 0 1
134 2 0 0 2
135 1 5 0 2
136 0 1 2 1
137 2 4 0 1
138 1 2 0 1
139 5 1 0 3
140 2 1 1 3
141 1 0 0 1
142 1 1 3 4
143 1 2 0 2
144 4 2 1 4
145 1 1 0 0
146 4 0 1 1
147 4 1 1 1
148 2 0 2 1
149 5 2 3 3
150 6 0 1 3
151 4 3 1 3
152 8 3 0 1
153 4 1 0 3
154 4 1 1 1
155 2 1 2 4
156 4 5 1 3
157 6 3 3 2
158 4 3 0 4
159 5 5 2 3
160 5 0 2 3
161 5 3 3 3
162 6 2 3 2
163 2 1 1 5
164 4 2 3 3
165 3 1 0 4
166 5 4 4 6
167 1 3 1 3
168 7 2 1 9
169 3 4 3 4
170 6 1 2 5
171 5 0 4 2
172 6 0 0 3
173 3 4 2 8
174 7 1 2 4
175 8 2 6 4
176 8 5 0 3
177 7 5 0 4
178 10 0 3 3
179 6 4 3 6
180 9 3 3 7
181 12 4 4 5
182 4 3 2 4
183 12 5 4 7
184 9 4 1 5
185 9 4 1 5
186 6 6 4 6
187 7 4 3 5
188 5 7 1 7
189 6 9 6 2
190 12 9 2 11
191 4 3 1 8
192 8 11 2 9
193 7 1 2 12
194 9 6 1 5
195 13 6 5 8
196 18 4 1 13
197 14 5 2 7
198 14 4 4 3
199 17 7 1 17
200 13 5 4 5
201 16 10 2 7
202 12 6 0 9
203 7 10 6 8
204 9 12 5 9
205 11 10 9 11
206 9 11 6 5
207 6 5 6 14
208 12 5 4 13
209 6 6 3 15
210 7 8 5 11
211 3 6 3 16
212 8 2 6 9
213 5 8 4 16
214 7 4 3 14
215 3 6 2 11
216 3 3 1 6
217 8 6 2 12
218 3 2 4 9
219 6 6 2 8
220 3 1 1 4
221 5 2 3 8
222 5 3 2 7
223 2 2 1 7
224 5 4 3 5
225 3 0 2 2
226 3 3 4 7
227 3 3 1 1
228 5 3 2 10
229 4 3 3 4
230 4 4 0 6
231 1 4 2 3
232 3 0 1 1
233 1 1 1 9
234 1 3 0 5
235 3 1 1 7
236 2 1 1 2
237 1 5 3 3
238 4 1 1 6
239 2 2 1 3
240 1 2 1 1
241 2 0 0 3
242 3 1 0 1
243 4 3 1 3
244 1 2 1 6
245 1 1 1 1
246 1 1 1 2
247 0 2 2 2
248 0 1 1 0
249 2 1 1 2
250 0 1 1 5
251 1 0 0 4
252 0 1 1 3
253 0 0 0 3
254 1 0 1 2
255 0 1 0 0
256 3 1 0 1
257 0 0 1 2
258 0 0 0 1
259 0 0 0 2
260 2 0 0 1
261 1 1 2 1
262 0 0 0 0
263 2 0 1 0
264 2 0 0 0
265 0 1 1 2
266 1 0 0 0
267 0 0 0 1
268 1 0 0 1
269 0 1 0 1
270 1 0 1 0
271 1 1 0 0
272 0 1 1 1
273 0 1 0 1
274 1 0 0 1
275 0 0 0 1
276 1 1 0 2
277 0 1 0 0
278 0 0 0 0
279 0 1 0 0
280 0 0 0 1
281 1 1 0 1
282 0 0 0 0
283 1 0 1 2
284 0 0 0 0
285 0 0 0 1
286 0 0 0 0
287 0 0 0 1
288 0 0 0 0
289 0 0 0 0
290 0 1 0 0
291 0 0 0 0
292 0 1 0 0
293 1 0 0 0
294 0 0 0 0
295 0 0 0 0
296 0 0 0 0
297 0 0 0 1
298 0 1 0 0
299 0 0 0 1
300 0 0 0 0
301 0 0 0 0
302 0 0 0 0
303 0 0 0 1
304 0 0 0 0
305 0 0 0 0
306 0 0 0 0
307 0 0 0 0
308 0 0 0 0
309 0 0 0 0
310 0 0 0 0
311 0 0 0 0
312 0 0 0 0
313 0 0 0 0
314 0 0 0 0
315 0 0 0 0
316 1 0 0 0
317 0 0 0 0
318 1 0 0 0
319 1 0 0 0
320 0 0 0 0
321 1 0 0 0
322 1 0 0 0
323 1 1 0 0
324 0 0 0 0
325 0 0 1 0
326 0 1 0 0
327 0 0 0 1
328 0 0 1 0
329 0 0 0 0
330 0 0 0 0
331 0 1 0 0
332 0 0 1 2
333 0 0 0 1
334 0 0 0 0
335 0 0 0 1
336 0 0 0 0
337 1 0 0 0
338 0 0 0 0
339 1 0 0 1
340 0 0 0 0
341 0 0 0 0
342 0 0 1 0
343 0 0 0 0
344 0 0 0 0
345 1 0 0 0
346 1 0 0 0
347 0 0 0 0
348 0 0 1 0
349 0 0 0 1
350 0 0 0 0
351 0 0 1 0
352 1 0 0 0
353 1 0 0 0
354 0 0 1 0
355 0 0 0 1
356 0 0 0 1
357 0 1 0 0
358 0 0 0 0
359 1 0 0 0
360 0 0 0 0
361 0 0 0 2
362 0 1 0 0
363 0 0 0 0
364 0 0 0 0
365 1 0 0 0
366 1 0 0 1
367 0 0 0 0
368 0 1 0 0
369 0 0 0 0
370 0 0 1 0
371 0 0 0 0
372 0 0 0 0
373 1 0 0 0
374 0 0 0 1
375 0 0 1 1
376 0 0 0 0
377 1 0 0 0
378 0 1 0 0
379 0 0 0 1
380 0 0 0 0
381 0 0 0 0
382 0 1 0 0
383 0 0 0 0
384 1 0 0 0
385 0 0 0 1
386 1 0 0 0
387 0 0 0 0
388 0 0 0 0
389 0 1 0 1
390 0 0 0 0
391 0 1 0 0
392 0 0 0 0
393 1 0 0 0
394 0 0 0 1
395 0 0 0 1
396 1 0 0 0
397 0 0 0 0
398 1 0 0 0
399 0 0 0 0
400 1 0 0 0
401 0 0 0 0
402 1 1 0 0
403 0 0 0 0
404 0 0 0 0
405 0 1 0 0
406 0 0 0 0
407 0 1 0 0
408 0 0 0 0
409 0 1 0 2
410 0 0 0 0
411 1 0 1 0
412 1 0 0 0
413 0 0 0 1
414 0 0 0 1
415 1 0 0 1
416 0 1 0 0
417 0 0 0 0
418 1 0 0 0
419 0 0 0 0
420 0 1 0 1
421 0 0 1 0
422 0 0 0 0
423 0 0 1 0
424 0 0 0 1
425 0 0 0 0
426 0 0 0 0
427 0 0 0 1
428 0 0 0 1
429 0 0 0 0
430 0 0 0 0
431 0 0 0 0
432 0 0 0 0
433 0 0 0 0
434 0 0 0 0
435 1 0 0 0
436 2 0 0 0
437 0 0 0 0
438 1 0 0 0
439 0 0 0 0
440 1 0 1 0
441 0 1 0 0
442 1 0 0 0
443 0 0 0 0
444 0 0 0 1
445 1 1 0 0
446 0 0 0 0
447 0 1 1 0
448 0 0 0 1
449 0 1 0 0
450 0 1 0 0
451 0 0 0 0
452 1 0 0 1
453 0 0 0 1
454 0 0 0 3
455 0 0 0 0
456 0 0 0 0
457 1 0 1 0
458 1 0 0 0
459 2 0 0 0
460 0 0 0 0
461 2 0 0 0
462 1 0 1 0
463 1 0 0 0
464 0 0 1 1
465 1 0 0 0
466 0 0 2 0
467 0 0 1 0
468 0 1 0 1
469 0 0 0 1
470 0 2 0 1
471 0 0 0 1
472 0 1 0 0
473 0 0 0 1
474 0 0 0 2
475 0 0 0 1
476 1 0 0 0
477 1 0 0 0
478 1 0 0 0
479 1 0 0 1
480 0 0 0 0
481 0 0 1 0
482 3 1 0 0
483 1 0 1 0
484 1 0 0 0
485 0 1 0 1
486 0 0 0 0
487 2 1 2 1
488 0 0 1 0
489 1 0 0 2
490 1 0 0 0
491 1 0 0 0
492 0 1 0 0
493 3 1 0 0
494 3 1 1 3
495 3 0 0 1
496 0 0 0 1
497 1 0 0 1
498 1 1 1 0
499 3 1 0 0
500 0 4 0 0
501 1 0 0 2
502 2 1 1 1
503 1 2 2 1
504 2 0 1 1
505 1 0 0 1
506 0 0 0 1
507 2 1 0 4
508 0 3 0 1
509 3 0 0 1
510 4 0 1 3
511 1 1 0 0
512 0 0 0 0
513 0 1 1 0
514 2 1 1 2
515 2 1 1 3
516 1 1 1 0
517 0 0 0 2
518 1 2 0 2
519 1 3 1 1
520 1 1 0 1
521 1 1 0 0
522 1 0 0 3
523 1 0 0 3
524 1 3 0 1
525 5 0 0 1
526 0 0 0 2
527 1 1 0 0
528 3 1 0 2
529 5 2 0 0
530 6 1 3 0
531 1 0 1 2
532 0 1 0 1
533 1 0 1 0
534 2 4 1 3
535 3 1 2 1
536 2 0 1 2
537 0 1 1 3
538 2 2 1 0
539 3 1 2 1
540 1 2 0 0
541 0 0 0 6
542 1 1 0 6
543 2 1 1 3
544 2 2 2 1
545 4 1 2 0
546 4 0 0 2
547 3 0 1 4
548 10 0 1 3
549 4 0 0 2
550 5 2 1 0
551 5 2 1 2
552 3 1 3 2
553 3 4 2 0
554 2 3 0 1
555 3 2 1 1
556 1 0 3 2
557 3 5 3 5
558 4 1 1 4
559 3 5 1 4
560 5 1 1 3
561 3 2 0 6
562 3 3 3 4
563 4 1 0 3
564 3 2 1 5
565 4 4 0 0
566 2 3 0 9
567 2 4 1 0
568 2 1 1 3
569 5 2 2 5
570 4 1 0 3
571 3 0 1 2
572 4 1 2 2
573 3 0 2 4
574 4 2 4 4
575 1 3 2 3
576 1 0 3 2
577 1 3 0 2
578 1 1 3 5
579 0 3 1 5
580 0 0 1 3
581 0 2 1 2
582 0 2 1 4
583 2 2 0 3
584 1 0 1 3
585 1 0 0 6
586 2 0 0 2
587 0 0 1 2
588 0 0 1 1
589 2 0 0 2
590 0 0 1 0
591 1 0 0 0
592 0 1 0 0
593 2 0 1 0
594 1 2 0 1
595 2 1 1 1
596 0 0 1 1
597 3 0 0 2
598 2 2 0 0
599 1 0 0 1
600 1 0 1 0
601 0 0 0 2
602 1 1 1 3
603 0 2 1 1
604 1 2 0 0
605 0 0 0 0
606 0 0 1 1
607 2 0 1 3
608 1 0 0 2
609 0 1 0 1
610 0 0 0 1
611 0 0 0 0
612 0 1 0 0
613 0 1 0 1
614 0 0 0 1
615 0 0 0 0
616 2 1 0 1
617 0 1 0 1
618 0 0 0 0
619 0 0 0 1
620 0 0 0 0
621 0 1 0 0
622 0 0 0 0
623 0 0 0 1
624 0 0 0 1
625 0 0 1 0
626 0 0 0 0
627 0 0 0 0
628 0 0 0 1
629 1 0 0 0
630 0 0 0 0
631 0 0 0 0
632 0 0 0 1
633 0 0 0 0
634 0 0 0 0
635 0 0 0 0
636 0 0 0 0
637 0 0 0 0
638 0 1 0 0
639 0 0 0 0
640 0 0 0 0
641 0 0 0 0
642 0 0 0 1
643 0 0 0 0
644 0 0 0 0
645 0 0 0 0
646 0 0 0 0
647 0 0 0 0
648 0 0 0 0
649 0 0 0 0
650 0 0 0 0
651 0 0 0 0
652 0 0 0 0
653 0 0 0 0
654 0 0 0 0
655 0 0 0 0
656 0 0 0 0
657 0 0 0 0
658 0 0 0 0
659 0 0 0 0
660 0 0 0 0
661 0 0 0 0
662 0 0 0 0
663 0 0 0 0
664 0 0 0 0
665 0 0 0 0
666 0 0 0 0
667 0 0 0 0
668 0 0 0 0
669 0 0 0 0
670 0 0 0 0
671 0 0 0 0
672 0 0 0 0
673 0 0 0 0
674 0 0 0 0
675 0 0 0 0
676 0 0 0 0
677 0 0 0 0
678 0 0 0 0
679 0 0 0 0
680 0 0 0 0
681 0 0 0 0
682 0 0 0 0
683 0 0 0 0
684 0 0 0 0
685 0 0 0 0
686 0 0 0 0
687 0 0 0 0
688 0 0 0 0
689 0 0 0 0
690 0 0 0 0
691 0 0 0 0
692 0 0 0 0
693 0 0 0 0
694 0 0 0 0
695 0 0 0 0
696 0 0 0 0
697 0 0 0 0
698 0 0 0 0
699 0 0 0 0
700 0 0 0 0
701 0 0 0 0
702 0 0 0 0
703 0 0 0 0
704 0 0 0 0
705 0 0 0 0
706 0 0 0 0
707 0 0 0 0
708 0 0 0 0
709 0 0 0 0
710 0 0 0 0
711 0 0 0 0
712 0 0 0 0
713 0 0 0 0
714 0 0 0 0
715 0 0 0 0
716 0 0 0 0
717 0 0 0 0
718 0 0 0 0
719 0 0 0 0
720 0 0 0 0
721 0 0 0 0
722 0 0 0 0
723 0 0 0 0
724 0 0 0 0
725 0 0 0 0
726 0 0 0 0
727 0 0 0 0
