0 0 0 0 0
1 0 0 0 0
2 0 0 0 0
3 0 0 0 0
4 0 0 0 0
5 0 2 1 0
6 0 0 0 0
7 0 0 0 0
8 0 0 0 0
9 0 0 2 1
10 0 0 0 0
11 0 0 0 0
12 0 0 0 2
13 0 0 0 1
14 0 0 0 0
15 0 0 0 0
16 0 0 0 1
17 0 0 0 0
18 0 0 0 0
19 1 0 0 0
20 3 0 0 0
21 2 0 0 0
22 3 0 0 0
23 2 0 0 0
24 2 0 0 0
25 1 2 0 0
26 0 0 1 0
27 0 1 1 0
28 2 0 1 0
29 0 2 0 2
30 1 1 0 1
31 1 1 0 1
32 0 0 2 0
33 0 1 1 1
34 0 1 0 1
35 0 0 0 2
36 0 1 0 2
37 0 1 0 1
38 1 0 0 1
39 1 0 1 2
40 0 0 0 2
41 0 0 0 1
42 0 0 0 0
43 0 0 0 1
44 0 0 0 0
45 2 0 0 0
46 1 0 0 0
47 0 1 0 0
48 2 1 0 0
49 2 0 0 0
50 1 0 0 0
51 4 1 0 0
52 1 0 1 1
53 1 0 0 0
54 2 2 1 1
55 1 0 0 1
56 0 2 0 1
57 0 0 1 0
58 1 1 0 1
59 0 2 0 0
60 0 2 1 1
61 0 0 1 2
62 1 0 1 1
63 1 0 1 3
64 1 0 0 3
65 0 0 0 0
66 1 0 0 1
67 1 1 0 2
68 2 0 0 1
69 1 1 0 0
70 1 0 0 0
71 2 0 2 1
72 2 1 0 0
73 2 0 0 1
74 2 0 0 0
75 3 0 1 2
76 1 2 0 0
77 2 4 0 0
78 0 0 0 0
79 1 2 0 2
80 3 1 1 2
81 3 1 0 3
82 1 4 1 0
83 1 0 0 0
84 2 1 1 1
85 2 0 2 0
86 1 1 0 6
87 2 1 0 2
88 0 1 0 2
89 2 2 0 2
90 1 3 1 1
91 1 0 1 1
92 0 2 0 1
93 2 1 0 1
94 3 1 1 4
95 2 0 1 2
96 0 0 0 3
97 0 0 0 2
98 2 0 2 2
99 3 1 2 0
100 0 0 1 0
101 0 0 0 0
102 0 0 1 1
103 3 0 1 1
104 2 3 1 1
105 2 0 0 2
106 1 0 0 3
107 0 1 0 1
108 1 1 2 3
109 2 0 0 0
110 4 0 2 0
111 3 0 1 1
112 1 1 1 3
113 1 0 1 0
114 3 1 0 2
115 3 1 2 0
116 0 0 3 2
117 1 2 0 0
118 3 1 1 1
119 2 3 0 3
120 1 0 3 3
121 3 0 0 2
122 5 0 0 2
123 2 1 0 2
124 4 1 0 2
125 3 0 0 1
126 2 2 1 1
127 6 1 5 3
128 4 2 1 1
129 5 2 2 0
130 5 2 1 4
131 4 3 1 5
132 5 1 0 1
133 2 4 1 2
134 3 1 1 3
135 5 3 1 5
136 4 6 0 1
137 4 2 2 6
138 4 2 3 2
139 2 2 1 2
140 6 5 1 4
141 5 2 2 2
142 8 1 1 3
143 5 2 1 5
144 6 3 1 8
145 8 4 3 5
146 3 3 1 5
147 0 5 2 1
148 4 2 1 5
149 5 2 2 5
150 5 3 4 6
151 2 3 3 5
152 11 1 0 5
153 8 3 3 1
154 10 6 2 5
155 10 1 4 6
156 5 0 1 4
157 15 1 4 6
158 8 3 0 4
159 5 4 2 3
160 7 1 4 4
161 8 8 4 9
162 5 10 3 4
163 4 6 4 4
164 7 3 5 4
165 4 3 2 9
166 3 6 6 16
167 5 4 2 6
168 6 3 0 11
169 7 3 4 3
170 8 6 2 10
171 6 3 2 6
172 8 3 0 6
173 11 2 5 12
174 9 2 2 5
175 13 3 2 2
176 10 4 3 3
177 10 5 2 10
178 13 5 6 6
179 9 4 2 5
180 16 7 3 5
181 7 3 5 8
182 7 7 5 7
183 8 7 5 5
184 4 7 2 10
185 4 10 6 11
186 8 3 3 11
187 6 5 4 10
188 8 4 6 9
189 7 7 1 12
190 9 4 4 5
191 11 3 3 8
192 8 3 3 12
193 8 6 0 8
194 11 1 2 9
195 9 9 2 11
196 14 5 3 8
197 13 8 4 7
198 16 4 6 4
199 17 6 5 9
200 6 6 8 8
201 11 5 5 7
202 16 6 2 6
203 11 9 4 10
204 10 5 8 14
205 9 7 3 14
206 7 11 3 8
207 11 7 5 16
208 10 3 9 12
209 4 4 4 9
210 10 6 4 12
211 10 9 1 10
212 11 3 7 9
213 6 5 6 10
214 7 4 2 14
215 5 7 3 10
216 3 6 6 6
217 7 5 3 8
218 10 3 2 11
219 7 4 4 13
220 8 3 2 10
221 5 5 2 7
222 9 5 2 10
223 8 3 9 10
224 6 4 2 6
225 7 2 3 2
226 8 2 3 5
227 11 2 6 11
228 4 7 4 12
229 9 3 3 7
230 7 2 1 6
231 4 3 4 6
232 4 2 6 9
233 7 4 2 4
234 5 7 5 3
235 8 4 5 8
236 3 6 2 9
237 8 2 1 4
238 5 1 4 14
239 4 3 1 9
240 4 3 1 7
241 6 3 3 7
242 1 6 6 5
243 3 5 2 5
244 2 4 4 4
245 6 0 3 4
246 4 4 2 6
247 3 1 0 3
248 5 1 1 8
249 3 0 2 9
250 4 3 3 7
251 4 1 2 4
252 0 2 2 4
253 3 2 1 4
254 2 3 0 2
255 1 3 0 2
256 2 3 1 4
257 2 2 1 6
258 4 1 1 4
259 1 5 0 5
260 3 1 1 4
261 0 1 0 2
262 2 0 4 3
263 3 1 0 4
264 0 1 0 3
265 3 2 0 0
266 3 0 0 5
267 2 3 2 1
268 2 2 1 1
269 2 2 1 3
270 1 1 0 1
271 2 1 2 2
272 2 2 0 1
273 3 1 1 1
274 3 3 0 5
275 0 0 0 3
276 2 1 0 3
277 0 1 2 0
278 1 3 0 4
279 1 1 1 1
280 1 0 0 3
281 1 0 0 1
282 1 0 1 0
283 0 2 1 2
284 0 0 1 2
285 0 2 1 3
286 2 1 0 1
287 1 1 0 0
288 0 0 0 1
289 0 0 0 3
290 0 0 0 2
291 0 1 0 1
292 0 1 0 1
293 0 0 0 1
294 0 0 0 1
295 0 0 1 0
296 0 0 0 1
297 0 0 0 0
298 1 0 0 1
299 0 0 0 0
300 0 0 0 0
301 1 0 0 0
302 0 0 0 1
303 0 0 0 0
304 0 0 0 0
305 0 0 0 0
306 1 0 0 0
307 0 0 1 0
308 0 0 0 0
309 1 0 0 0
310 0 0 1 0
311 0 1 0 1
312 0 0 0 0
313 0 0 0 0
314 0 0 1 1
315 0 0 0 1
316 0 0 0 0
317 0 0 0 0
318 0 0 0 0
319 0 0 0 0
320 0 0 0 0
321 0 0 0 1
322 0 0 0 0
323 0 0 0 0
324 0 0 0 0
325 0 0 0 0
326 0 0 0 0
327 0 0 0 0
328 0 0 0 0
329 0 0 0 0
330 0 0 0 0
331 0 0 0 0
332 0 0 0 0
333 0 0 0 0
334 0 0 0 0
335 0 0 0 0
336 0 0 0 0
337 0 0 0 0
338 0 0 0 0
339 0 0 0 0
340 0 0 0 0
341 0 0 0 0
342 0 0 0 0
343 0 0 0 0
344 0 0 0 0
345 0 0 0 0
346 0 0 0 0
347 0 0 0 0
348 0 0 0 0
349 0 0 0 0
350 0 0 0 0
351 0 0 0 0
352 0 0 0 0
353 0 0 0 0
354 0 0 0 0
355 0 0 0 0
356 0 0 0 0
357 0 0 0 0
358 0 0 0 0
359 0 0 0 0
360 0 0 0 0
361 0 0 0 0
362 0 0 0 0
363 0 0 0 0
364 0 0 0 0
365 0 0 0 0
366 0 0 0 0
367 0 0 0 0
368 0 0 0 0
369 0 0 0 0
370 0 0 0 0
371 0 0 0 0
372 0 0 0 0
373 0 0 0 0
374 0 0 0 0
375 0 0 0 0
376 0 0 0 0
377 0 0 0 0
378 0 0 0 0
379 0 0 0 0
380 0 0 0 0
381 0 0 0 0
382 0 0 0 0
383 0 0 0 0
384 0 0 0 0
385 0 0 0 0
386 0 0 0 0
387 0 0 0 0
388 0 0 0 0
389 0 0 0 0
390 0 0 0 0
391 0 0 0 0
392 0 0 0 0
393 0 0 0 0
394 0 0 0 0
395 0 0 0 0
396 0 0 0 0
397 0 0 0 0
398 0 0 0 0
399 0 0 0 0
400 0 0 0 0
401 0 0 0 0
402 0 0 0 0
403 0 0 0 0
404 0 0 0 0
405 0 0 0 0
406 0 0 0 0
407 0 0 0 0
408 0 0 0 0
409 0 0 0 0
410 0 0 0 0
411 0 0 0 0
412 0 0 0 0
413 0 0 0 0
414 0 0 0 0
415 0 0 0 0
416 0 0 0 0
417 0 0 0 0
418 0 0 0 0
419 0 0 0 0
420 0 0 0 0
421 0 0 0 0
422 0 0 0 0
423 0 0 0 0
424 0 0 0 0
425 0 0 0 0
426 0 0 0 0
427 0 0 0 0
428 0 0 0 0
429 0 0 0 0
430 0 0 0 0
431 0 0 0 0
432 0 0 0 0
433 0 0 0 0
434 0 0 0 0
435 0 0 0 0
436 0 0 0 0
437 0 0 0 0
438 0 0 0 0
439 0 0 0 0
440 0 0 0 0
441 0 0 0 0
442 0 0 0 0
443 0 0 0 0
444 0 0 0 0
445 0 0 0 0
446 0 0 0 0
447 0 0 0 0
448 0 0 0 0
449 0 0 0 0
450 0 0 0 0
451 0 0 0 0
452 0 0 0 0
453 0 0 0 0
454 0 0 0 0
455 0 0 0 0
456 0 0 0 0
457 0 0 0 0
458 0 0 0 0
459 0 0 0 0
460 0 0 0 0
461 0 0 0 0
462 0 0 0 0
463 0 0 0 0
464 0 0 0 0
465 0 0 0 0
466 0 0 0 0
467 0 0 0 0
468 0 0 0 0
469 0 0 0 0
470 0 0 0 0
471 0 0 0 0
472 0 0 0 0
473 0 0 0 0
474 0 0 0 0
475 0 0 0 0
476 0 0 0 0
477 0 0 0 0
478 0 0 0 0
479 0 0 0 0
480 0 0 0 0
481 0 0 0 0
482 0 0 0 0
483 0 0 0 0
484 0 0 0 0
485 0 0 0 0
486 0 0 0 0
487 0 0 0 0
488 0 0 0 0
489 0 0 0 0
490 0 0 0 0
491 0 0 0 0
492 0 0 0 0
493 0 0 0 0
494 0 0 0 0
495 0 0 0 0
496 0 0 0 0
497 0 0 0 0
498 0 0 0 0
499 0 0 0 0
500 0 0 0 0
501 0 0 0 0
502 0 0 0 0
503 0 0 0 0
504 0 0 0 0
505 0 0 0 0
506 0 0 0 0
507 0 0 0 0
508 0 0 0 0
509 0 0 0 0
510 0 0 0 0
511 0 0 0 0
512 0 0 0 0
513 0 0 0 0
514 0 0 0 0
515 0 0 0 0
516 0 0 0 0
517 0 0 0 0
518 0 0 0 0
519 0 0 0 0
520 0 0 0 0
521 0 0 0 0
522 0 0 0 0
523 0 0 0 0
524 0 0 0 0
525 0 0 0 0
526 0 0 0 0
527 0 0 0 0
528 0 0 0 0
529 0 0 0 0
530 0 0 0 0
531 0 0 0 0
532 0 0 0 0
533 0 0 0 0
534 0 0 0 0
535 0 0 0 0
536 0 0 0 0
537 0 0 0 0
538 0 0 0 0
539 0 0 0 0
540 0 0 0 0
541 0 0 0 0
542 0 0 0 0
543 0 0 0 0
544 0 0 0 0
545 0 0 0 0
546 0 0 0 0
547 0 0 0 0
548 0 0 0 0
549 0 0 0 0
550 0 0 0 0
551 0 0 0 0
552 0 0 0 0
553 0 0 0 0
554 0 0 0 0
555 0 0 0 0
556 0 0 0 0
557 0 0 0 0
558 0 0 0 0
559 0 0 0 0
560 0 0 0 0
561 0 0 0 0
562 0 0 0 0
563 0 0 0 0
564 0 0 0 0
565 0 0 0 0
566 0 0 0 0
567 0 0 0 0
568 0 0 0 0
569 0 0 0 0
570 0 0 0 0
571 0 0 0 0
572 0 0 0 0
573 0 0 0 0
574 0 0 0 0
575 0 0 0 0
576 0 0 0 0
577 0 0 0 0
578 0 0 0 0
579 0 0 0 0
580 0 0 0 0
581 0 0 0 0
582 0 0 0 0
583 0 0 0 0
584 0 0 0 0
585 0 0 0 0
586 0 0 0 0
587 0 0 0 0
588 0 0 0 0
589 0 0 0 0
590 0 0 0 0
591 0 0 0 0
592 0 0 0 0
593 0 0 0 0
594 0 0 0 0
595 0 0 0 0
596 0 0 0 0
597 0 0 0 0
598 0 0 0 0
599 0 0 0 0
600 0 0 0 0
601 0 0 0 0
602 0 0 0 0
603 0 0 0 0
604 0 0 0 0
605 0 0 0 0
606 0 0 0 0
607 0 0 0 0
608 0 0 0 0
609 0 0 0 0
610 0 0 0 0
611 0 0 0 0
612 0 0 0 0
613 0 0 0 0
614 0 0 0 0
615 0 0 0 0
616 0 0 0 0
617 0 0 0 0
618 0 0 0 0
619 0 0 0 0
620 0 0 0 0
621 0 0 0 0
622 0 0 0 0
623 0 0 0 0
624 0 0 0 0
625 0 0 0 0
626 0 0 0 0
627 0 0 0 0
628 0 0 0 0
629 0 0 0 0
630 0 0 0 0
631 0 0 0 0
632 0 0 0 0
633 0 0 0 0
634 0 0 0 0
635 0 0 0 0
636 0 0 0 0
637 0 0 0 0
638 0 0 0 0
639 0 0 0 0
640 0 0 0 0
641 0 0 0 0
642 0 0 0 0
643 0 0 0 0
644 0 0 0 0
645 0 0 0 0
646 0 0 0 0
647 0 0 0 0
648 0 0 0 0
649 0 0 0 0
650 0 0 0 0
651 0 0 0 0
652 0 0 0 0
653 0 0 0 0
654 0 0 0 0
655 0 0 0 0
656 0 0 0 0
657 0 0 0 0
658 0 0 0 0
659 0 0 0 0
660 0 0 0 0
661 0 0 0 0
662 0 0 0 0
663 0 0 0 0
664 0 0 0 0
665 0 0 0 0
666 0 0 0 0
667 0 0 0 0
668 0 0 0 0
669 0 0 0 0
670 0 0 0 0
671 0 0 0 0
672 0 0 0 0
673 0 0 0 0
674 0 0 0 0
675 0 0 0 0
676 0 0 0 0
677 0 0 0 0
678 0 0 0 0
679 0 0 0 0
680 0 0 0 0
681 0 0 0 0
682 0 0 0 0
683 0 0 0 0
684 0 0 0 0
685 0 0 0 0
686 0 0 0 0
687 0 0 0 0
688 0 0 0 0
689 0 0 0 0
690 0 0 0 0
691 0 0 0 0
692 0 0 0 0
693 0 0 0 0
694 0 0 0 0
695 0 0 0 0
696 0 0 0 0
697 0 0 0 0
698 0 0 0 0
699 0 0 0 0
700 0 0 0 0
701 0 0 0 0
702 0 0 0 0
703 0 0 0 0
704 0 0 0 0
705 0 0 0 0
706 0 0 0 0
707 0 0 0 0
708 0 0 0 0
709 0 0 0 0
710 0 0 0 0
711 0 0 0 0
712 0 0 0 0
713 0 0 0 0
714 0 0 0 0
715 0 0 0 0
716 0 0 0 0
717 0 0 0 0
718 0 0 0 0
719 0 0 0 0
720 0 0 0 0
721 0 0 0 0
722 0 0 0 0
723 0 0 0 0
724 0 0 0 0
725 0 0 0 0
726 0 0 0 0
727 0 0 0 0
