0 0 0 0 0
1 0 0 0 0
2 0 0 0 0
3 0 0 0 0
4 0 0 0 0
5 0 3 0 0
6 0 0 0 0
7 0 0 0 0
8 0 0 0 0
9 0 2 0 2
10 0 0 0 0
11 0 0 0 0
12 0 0 0 1
13 0 0 0 0
14 0 0 0 0
15 0 0 0 0
16 2 0 0 2
17 0 0 0 0
18 0 0 0 0
19 0 0 0 0
20 1 0 0 0
21 1 1 1 0
22 1 0 0 0
23 2 0 0 0
24 0 0 0 0
25 2 0 1 2
26 1 0 0 0
27 1 0 1 0
28 1 2 0 0
29 1 0 0 1
30 1 2 0 0
31 1 0 1 0
32 0 0 1 2
33 0 1 0 0
34 0 1 1 1
35 0 0 0 1
36 1 0 0 1
37 0 0 0 3
38 1 0 0 1
39 0 0 1 0
40 1 1 0 0
41 1 0 0 1
42 1 0 0 0
43 1 2 0 1
44 0 0 0 1
45 0 0 0 0
46 0 1 0 0
47 2 0 0 2
48 1 0 0 0
49 2 0 0 0
50 2 1 0 0
51 3 0 1 0
52 0 2 0 0
53 1 1 0 1
54 1 1 0 0
55 0 0 0 0
56 1 2 2 2
57 1 0 0 2
58 0 2 0 2
59 0 1 1 0
60 1 0 0 3
61 0 0 1 0
62 1 0 0 1
63 1 1 0 1
64 2 0 0 0
65 1 0 0 2
66 2 1 0 2
67 2 1 0 1
68 1 0 0 0
69 2 0 1 0
70 2 1 0 0
71 3 1 0 0
72 2 0 1 0
73 0 0 1 1
74 0 1 1 2
75 2 1 0 0
76 1 1 1 2
77 0 2 0 1
78 0 0 0 2
79 0 1 1 1
80 2 0 3 1
81 0 1 1 2
82 0 0 0 0
83 3 0 0 2
84 0 1 1 3
85 0 3 0 1
86 0 0 0 1
87 1 0 0 1
88 0 2 0 3
89 2 0 0 1
90 4 0 0 0
91 1 0 0 0
92 4 1 1 2
93 2 0 0 0
94 2 0 0 0
95 4 1 0 2
96 4 0 1 2
97 6 0 0 0
98 3 3 1 0
99 3 1 2 1
100 2 1 0 1
101 2 5 2 0
102 1 2 1 3
103 1 1 4 1
104 1 6 0 1
105 3 3 0 6
106 2 2 1 3
107 2 0 0 4
108 2 0 1 8
109 2 1 0 2
110 1 1 2 5
111 3 2 0 0
112 3 0 0 2
113 3 0 2 1
114 1 2 1 2
115 5 2 0 3
116 2 3 1 0
117 5 1 0 3
118 6 3 1 2
119 4 0 1 0
120 3 3 1 2
121 4 2 1 1
122 4 2 1 4
123 4 1 3 3
124 6 1 0 1
125 1 0 2 4
126 2 5 0 2
127 3 1 3 6
128 2 4 3 1
129 4 6 1 2
130 1 0 2 5
131 1 1 1 3
132 1 2 0 5
133 1 1 0 6
134 1 0 4 3
135 3 1 2 5
136 3 1 2 4
137 4 0 2 1
138 5 1 1 6
139 4 0 0 1
140 5 2 2 3
141 5 0 0 2
142 8 1 2 3
143 4 2 1 1
144 3 1 1 3
145 10 2 5 0
146 9 1 1 2
147 12 2 6 3
148 5 2 0 1
149 4 0 1 7
150 3 7 2 1
151 4 6 3 3
152 5 4 6 3
153 5 4 2 2
154 6 5 2 8
155 5 3 2 9
156 4 5 2 4
157 3 2 2 8
158 2 2 3 7
159 3 6 0 9
160 3 0 3 7
161 3 5 2 6
162 4 4 1 5
163 6 2 1 5
164 4 2 2 1
165 3 1 3 6
166 3 1 0 6
167 9 1 3 5
168 5 3 1 7
169 11 0 2 4
170 6 2 0 1
171 4 1 2 1
172 8 6 1 3
173 12 2 2 3
174 9 6 3 5
175 8 5 2 5
176 8 3 3 5
177 8 5 3 3
178 8 5 3 7
179 6 5 1 4
180 10 4 4 6
181 7 5 5 4
182 9 4 8 6
183 8 3 3 6
184 10 3 2 11
185 14 4 4 15
186 9 4 4 10
187 8 4 2 7
188 6 7 2 4
189 8 6 6 10
190 9 6 4 8
191 5 6 3 5
192 14 3 4 7
193 17 5 2 12
194 16 8 3 7
195 16 9 5 11
196 16 3 4 9
197 13 5 4 10
198 13 8 5 7
199 13 9 5 13
200 16 4 6 7
201 10 7 8 9
202 18 13 3 10
203 9 6 5 11
204 15 5 8 11
205 8 13 5 16
206 8 6 6 14
207 5 8 10 10
208 11 8 4 13
209 8 9 7 14
210 8 3 5 10
211 9 7 5 20
212 5 3 2 18
213 10 6 9 12
214 12 5 5 10
215 11 2 2 10
216 5 4 4 12
217 6 6 1 10
218 7 5 3 17
219 7 9 5 2
220 4 7 3 12
221 7 3 4 8
222 9 3 5 10
223 5 2 3 11
224 7 5 3 5
225 2 1 1 7
226 7 5 2 11
227 5 4 6 7
228 2 3 2 7
229 5 4 1 4
230 5 2 2 8
231 3 6 1 6
232 1 3 4 4
233 5 4 1 6
234 7 1 1 11
235 4 3 2 5
236 5 1 2 4
237 4 0 2 3
238 3 2 6 7
239 2 4 1 6
240 0 3 2 4
241 2 2 1 2
242 1 2 3 7
243 4 2 4 4
244 3 1 1 3
245 6 0 2 6
246 4 1 0 5
247 3 2 0 7
248 3 3 0 2
249 3 2 0 2
250 1 2 2 4
251 0 1 1 3
252 3 1 4 4
253 4 3 1 0
254 3 2 2 0
255 2 3 1 1
256 3 0 0 6
257 1 0 0 8
258 0 4 2 4
259 2 1 1 3
260 1 0 0 0
261 1 4 1 1
262 4 0 0 4
263 0 0 1 1
264 2 2 0 1
265 1 0 1 4
266 0 0 2 2
267 0 0 2 1
268 1 1 1 4
269 1 2 1 1
270 1 0 1 2
271 0 1 0 2
272 0 0 0 1
273 1 0 0 2
274 1 1 0 2
275 0 1 1 1
276 0 0 0 1
277 1 0 0 0
278 0 2 0 2
279 0 0 0 0
280 0 0 0 0
281 0 0 0 0
282 0 0 0 3
283 0 0 1 0
284 0 0 0 0
285 0 0 0 1
286 0 0 1 0
287 0 0 0 0
288 1 0 0 0
289 0 0 0 0
290 1 0 0 2
291 0 0 0 0
292 0 0 0 0
293 0 0 0 0
294 1 0 0 0
295 0 1 0 0
296 0 0 0 0
297 1 1 0 0
298 1 0 0 0
299 0 0 0 0
300 0 0 0 0
301 1 0 0 0
302 1 1 0 1
303 0 0 1 0
304 0 0 0 1
305 0 0 0 0
306 0 0 0 1
307 0 1 1 1
308 0 0 0 0
309 0 0 0 0
310 0 1 0 0
311 0 0 0 2
312 0 0 0 0
313 0 0 0 0
314 1 0 0 1
315 0 0 0 0
316 0 0 0 0
317 0 0 0 0
318 0 0 0 0
319 0 1 0 0
320 0 0 0 0
321 0 0 0 0
322 0 0 0 0
323 1 0 0 0
324 0 0 0 0
325 0 0 0 0
326 1 0 0 1
327 1 0 0 0
328 0 1 0 0
329 0 0 0 0
330 0 0 0 0
331 0 0 1 0
332 0 0 0 0
333 0 0 0 0
334 0 0 0 0
335 0 0 0 1
336 0 1 0 0
337 0 0 0 0
338 0 0 0 1
339 0 0 0 0
340 0 0 0 1
341 0 0 0 0
342 0 0 0 0
343 0 0 0 0
344 0 0 0 0
345 1 0 0 0
346 1 0 0 0
347 0 0 0 0
348 0 0 0 0
349 0 0 0 0
350 1 0 1 0
351 0 0 0 0
352 1 1 0 0
353 0 0 0 0
354 0 0 0 1
355 0 0 1 0
356 0 0 0 0
357 0 0 0 0
358 0 0 0 0
359 0 0 0 1
360 0 0 0 0
361 0 1 0 0
362 0 0 0 1
363 0 0 0 0
364 0 0 0 0
365 0 0 0 0
366 0 0 0 0
367 0 0 0 0
368 0 0 0 1
369 0 0 0 0
370 0 0 0 0
371 0 0 0 0
372 0 0 0 0
373 0 0 0 0
374 0 0 0 0
375 0 0 0 0
376 0 0 0 0
377 0 0 0 0
378 0 0 0 0
379 0 0 0 0
380 0 0 0 0
381 0 0 0 0
382 0 0 0 0
383 0 0 0 0
384 0 0 0 0
385 0 0 0 0
386 0 0 0 0
387 0 0 0 0
388 0 0 0 0
389 0 0 0 0
390 0 0 0 0
391 0 0 0 0
392 0 0 0 0
393 0 0 0 0
394 0 0 0 0
395 0 0 0 0
396 0 0 0 0
397 0 0 0 0
398 0 0 0 0
399 0 0 0 0
400 0 0 0 0
401 0 0 0 0
402 0 0 0 0
403 0 0 0 0
404 0 0 0 0
405 0 0 0 0
406 0 0 0 0
407 0 0 0 0
408 0 0 0 0
409 0 0 0 0
410 0 0 0 0
411 0 0 0 0
412 0 0 0 0
413 0 0 0 0
414 0 0 0 0
415 0 0 0 0
416 0 0 0 0
417 0 0 0 0
418 0 0 0 0
419 0 0 0 0
420 0 0 0 0
421 0 0 0 0
422 0 0 0 0
423 0 0 0 0
424 0 0 0 0
425 0 0 0 0
426 0 0 0 0
427 0 0 0 0
428 0 0 0 0
429 0 0 0 0
430 0 0 0 0
431 0 0 0 0
432 0 0 0 0
433 0 0 0 0
434 0 0 0 0
435 0 0 0 0
436 0 0 0 0
437 0 0 0 0
438 0 0 0 0
439 0 0 0 0
440 0 0 0 0
441 0 0 0 0
442 0 0 0 0
443 0 0 0 0
444 0 0 0 0
445 0 0 0 0
446 0 0 0 0
447 0 0 0 0
448 0 0 0 0
449 0 0 0 0
450 0 0 0 0
451 0 0 0 0
452 0 0 0 0
453 0 0 0 0
454 0 0 0 0
455 0 0 0 0
456 0 0 0 0
457 0 0 0 0
458 0 0 0 0
459 0 0 0 0
460 0 0 0 0
461 0 0 0 0
462 0 0 0 0
463 0 0 0 0
464 0 0 0 0
465 0 0 0 0
466 0 0 0 0
467 0 0 0 0
468 0 0 0 0
469 0 0 0 0
470 0 0 0 0
471 0 0 0 0
472 0 0 0 0
473 0 0 0 0
474 0 0 0 0
475 0 0 0 0
476 0 0 0 0
477 0 0 0 0
478 0 0 0 0
479 0 0 0 0
480 0 0 0 0
481 0 0 0 0
482 0 0 0 0
483 0 0 0 0
484 0 0 0 0
485 0 0 0 0
486 0 0 0 0
487 0 0 0 0
488 0 0 0 0
489 0 0 0 0
490 0 0 0 0
491 0 0 0 0
492 0 0 0 0
493 0 0 0 0
494 0 0 0 0
495 0 0 0 0
496 0 0 0 0
497 0 0 0 0
498 0 0 0 0
499 0 0 0 0
500 0 0 0 0
501 0 0 0 0
502 0 0 0 0
503 0 0 0 0
504 0 0 0 0
505 0 0 0 0
506 0 0 0 0
507 0 0 0 0
508 0 0 0 0
509 0 0 0 0
510 0 0 0 0
511 0 0 0 0
512 0 0 0 0
513 0 0 0 0
514 0 0 0 0
515 0 0 0 0
516 0 0 0 0
517 0 0 0 0
518 0 0 0 0
519 0 0 0 0
520 0 0 0 0
521 0 0 0 0
522 0 0 0 0
523 0 0 0 0
524 0 0 0 0
525 0 0 0 0
526 0 0 0 0
527 0 0 0 0
528 0 0 0 0
529 0 0 0 0
530 0 0 0 0
531 0 0 0 0
532 0 0 0 0
533 0 0 0 0
534 0 0 0 0
535 0 0 0 0
536 0 0 0 0
537 0 0 0 0
538 0 0 0 0
539 0 0 0 0
540 0 0 0 0
541 0 0 0 0
542 0 0 0 0
543 0 0 0 0
544 0 0 0 0
545 0 0 0 0
546 0 0 0 0
547 0 0 0 0
548 0 0 0 0
549 0 0 0 0
550 0 0 0 0
551 0 0 0 0
552 0 0 0 0
553 0 0 0 0
554 0 0 0 0
555 0 0 0 0
556 0 0 0 0
557 0 0 0 0
558 0 0 0 0
559 0 0 0 0
560 0 0 0 0
561 0 0 0 0
562 0 0 0 0
563 0 0 0 0
564 0 0 0 0
565 0 0 0 0
566 0 0 0 0
567 0 0 0 0
568 0 0 0 0
569 0 0 0 0
570 0 0 0 0
571 0 0 0 0
572 0 0 0 0
573 0 0 0 0
574 0 0 0 0
575 0 0 0 0
576 0 0 0 0
577 0 0 0 0
578 0 0 0 0
579 0 0 0 0
580 0 0 0 0
581 0 0 0 0
582 0 0 0 0
583 0 0 0 0
584 0 0 0 0
585 0 0 0 0
586 0 0 0 0
587 0 0 0 0
588 0 0 0 0
589 0 0 0 0
590 0 0 0 0
591 0 0 0 0
592 0 0 0 0
593 0 0 0 0
594 0 0 0 0
595 0 0 0 0
596 0 0 0 0
597 0 0 0 0
598 0 0 0 0
599 0 0 0 0
600 0 0 0 0
601 0 0 0 0
602 0 0 0 0
603 0 0 0 0
604 0 0 0 0
605 0 0 0 0
606 0 0 0 0
607 0 0 0 0
608 0 0 0 0
609 0 0 0 0
610 0 0 0 0
611 0 0 0 0
612 0 0 0 0
613 0 0 0 0
614 0 0 0 0
615 0 0 0 0
616 0 0 0 0
617 0 0 0 0
618 0 0 0 0
619 0 0 0 0
620 0 0 0 0
621 0 0 0 0
622 0 0 0 0
623 0 0 0 0
624 0 0 0 0
625 0 0 0 0
626 0 0 0 0
627 0 0 0 0
628 0 0 0 0
629 0 0 0 0
630 0 0 0 0
631 0 0 0 0
632 0 0 0 0
633 0 0 0 0
634 0 0 0 0
635 0 0 0 0
636 0 0 0 0
637 0 0 0 0
638 0 0 0 0
639 0 0 0 0
640 0 0 0 0
641 0 0 0 0
642 0 0 0 0
643 0 0 0 0
644 0 0 0 0
645 0 0 0 0
646 0 0 0 0
647 0 0 0 0
648 0 0 0 0
649 0 0 0 0
650 0 0 0 0
651 0 0 0 0
652 0 0 0 0
653 0 0 0 0
654 0 0 0 0
655 0 0 0 0
656 0 0 0 0
657 0 0 0 0
658 0 0 0 0
659 0 0 0 0
660 0 0 0 0
661 0 0 0 0
662 0 0 0 0
663 0 0 0 0
664 0 0 0 0
665 0 0 0 0
666 0 0 0 0
667 0 0 0 0
668 0 0 0 0
669 0 0 0 0
670 0 0 0 0
671 0 0 0 0
672 0 0 0 0
673 0 0 0 0
674 0 0 0 0
675 0 0 0 0
676 0 0 0 0
677 0 0 0 0
678 0 0 0 0
679 0 0 0 0
680 0 0 0 0
681 0 0 0 0
682 0 0 0 0
683 0 0 0 0
684 0 0 0 0
685 0 0 0 0
686 0 0 0 0
687 0 0 0 0
688 0 0 0 0
689 0 0 0 0
690 0 0 0 0
691 0 0 0 0
692 0 0 0 0
693 0 0 0 0
694 0 0 0 0
695 0 0 0 0
696 0 0 0 0
697 0 0 0 0
698 0 0 0 0
699 0 0 0 0
700 0 0 0 0
701 0 0 0 0
702 0 0 0 0
703 0 0 0 0
704 0 0 0 0
705 0 0 0 0
706 0 0 0 0
707 0 0 0 0
708 0 0 0 0
709 0 0 0 0
710 0 0 0 0
711 0 0 0 0
712 0 0 0 0
713 0 0 0 0
714 0 0 0 0
715 0 0 0 0
716 0 0 0 0
717 0 0 0 0
718 0 0 0 0
719 0 0 0 0
720 0 0 0 0
721 0 0 0 0
722 0 0 0 0
723 0 0 0 0
724 0 0 0 0
725 0 0 0 0
726 0 0 0 0
727 0 0 0 0
