0 0 0 0 0
1 0 0 0 0
2 0 0 0 0
3 0 0 0 0
4 0 0 0 0
5 0 4 0 0
6 0 0 0 0
7 0 0 0 0
8 0 0 0 0
9 0 0 1 3
10 0 0 0 0
11 0 0 0 0
12 0 0 0 1
13 0 0 0 0
14 0 0 0 0
15 0 0 0 0
16 0 0 0 1
17 1 0 0 0
18 0 0 0 0
19 2 0 0 0
20 1 0 0 0
21 0 0 0 0
22 0 0 1 0
23 0 0 0 0
24 0 0 1 0
25 0 0 1 0
26 0 0 0 1
27 0 0 0 0
28 0 1 0 0
29 0 0 0 1
30 0 0 0 0
31 0 0 0 1
32 0 0 0 1
33 0 0 0 0
34 0 0 0 0
35 0 0 0 0
36 1 0 0 0
37 0 0 0 0
38 1 0 0 0
39 0 0 0 0
40 1 0 0 0
41 0 1 0 0
42 2 0 0 0
43 0 1 0 0
44 2 0 0 0
45 2 1 0 1
46 0 0 0 0
47 2 1 1 1
48 1 0 0 0
49 0 0 1 0
50 0 0 1 0
51 0 0 0 1
52 0 1 1 1
53 0 1 1 1
54 0 1 0 2
55 0 0 0 0
56 0 0 0 1
57 0 0 0 2
58 1 0 0 1
59 2 0 0 1
60 2 0 0 0
61 3 0 0 0
62 1 0 0 0
63 3 0 0 0
64 2 1 0 0
65 3 2 0 0
66 3 2 1 0
67 1 1 1 0
68 4 1 3 0
69 1 0 0 0
70 2 1 1 2
71 1 1 1 1
72 1 0 1 5
73 1 1 1 1
74 0 2 0 4
75 1 1 1 1
76 1 1 0 1
77 1 3 1 1
78 2 1 0 3
79 2 1 0 2
80 4 1 0 1
81 3 0 2 2
82 3 1 0 1
83 2 0 0 1
84 1 1 0 4
85 2 1 0 1
86 0 1 1 1
87 1 3 3 0
88 0 1 1 3
89 4 2 0 1
90 2 1 0 2
91 4 0 0 3
92 5 1 1 2
93 7 0 1 2
94 3 4 1 4
95 4 0 0 0
96 4 1 0 1
97 3 2 1 1
98 4 3 2 2
99 5 2 2 1
100 3 3 1 0
101 3 2 2 4
102 3 1 2 3
103 6 0 1 3
104 5 5 1 3
105 7 3 2 4
106 7 2 2 3
107 3 2 1 4
108 5 4 3 5
109 3 2 2 3
110 6 1 3 2
111 5 4 2 5
112 6 2 2 7
113 4 4 2 3
114 5 3 3 4
115 5 4 4 6
116 5 3 0 5
117 9 4 2 4
118 8 1 2 7
119 7 3 3 7
120 7 1 3 6
121 9 4 1 4
122 5 4 3 5
123 8 2 2 1
124 6 4 3 7
125 4 4 0 4
126 8 9 2 7
127 9 4 4 3
128 9 4 2 6
129 4 6 3 7
130 10 4 2 8
131 6 4 3 11
132 7 7 4 5
133 10 4 1 10
134 3 3 1 6
135 6 7 4 4
136 13 3 2 13
137 17 5 2 2
138 10 2 2 6
139 12 3 1 12
140 11 3 2 6
141 5 6 6 5
142 13 10 5 8
143 9 6 3 5
144 7 7 4 6
145 9 4 7 6
146 11 9 4 9
147 11 9 5 8
148 10 7 3 11
149 7 4 8 14
150 10 3 3 11
151 8 4 5 10
152 9 10 2 10
153 10 5 2 11
154 8 3 2 13
155 9 5 3 9
156 7 2 4 10
157 7 3 3 9
158 16 7 4 9
159 12 8 4 11
160 17 5 4 6
161 16 5 4 3
162 16 5 3 10
163 14 7 2 9
164 15 7 6 9
165 15 10 6 9
166 21 8 5 8
167 13 11 10 12
168 13 6 6 10
169 17 7 5 15
170 20 11 3 13
171 13 7 7 12
172 14 6 4 12
173 16 9 6 10
174 5 12 5 21
175 20 8 10 11
176 12 11 5 11
177 13 8 4 15
178 11 13 7 18
179 18 11 5 10
180 17 12 6 16
181 19 6 7 18
182 21 9 3 22
183 22 6 3 13
184 18 7 9 14
185 17 7 8 19
186 19 13 6 18
187 23 10 5 12
188 17 8 10 14
189 20 10 11 14
190 27 10 6 10
191 28 18 8 12
192 20 16 10 16
193 22 11 6 20
194 21 13 8 15
195 18 10 6 24
196 22 8 12 27
197 17 9 6 19
198 23 12 11 26
199 19 16 12 15
200 17 18 8 19
201 15 10 9 19
202 11 14 5 18
203 11 15 9 27
204 9 10 5 16
205 15 10 10 21
206 11 8 5 22
207 16 10 3 28
208 12 11 6 19
209 10 9 4 17
210 10 12 4 20
211 5 6 5 16
212 10 8 7 22
213 10 5 4 8
214 13 10 5 13
215 11 6 5 11
216 10 3 7 21
217 19 7 2 11
218 9 5 5 14
219 13 7 3 12
220 9 2 2 10
221 8 8 8 11
222 11 6 5 13
223 12 6 5 8
224 4 8 5 7
225 5 5 2 14
226 6 10 7 9
227 7 7 4 6
228 6 9 3 10
229 8 3 4 5
230 5 4 2 13
231 2 6 5 13
232 5 3 5 11
233 4 3 3 16
234 5 4 4 10
235 4 3 3 13
236 8 4 2 8
237 4 3 1 7
238 6 0 6 10
239 4 1 0 4
240 4 2 1 2
241 0 4 1 8
242 4 2 2 6
243 2 6 4 5
244 3 5 2 2
245 2 5 3 7
246 3 1 0 2
247 3 2 2 9
248 2 0 0 9
249 3 2 1 5
250 2 0 1 4
251 2 2 0 3
252 2 3 0 4
253 1 0 0 2
254 1 2 1 2
255 0 3 1 2
256 1 1 3 4
257 3 3 0 1
258 4 0 2 2
259 1 0 1 3
260 0 0 0 4
261 2 1 0 4
262 1 1 0 2
263 0 3 0 1
264 0 0 1 0
265 1 0 1 2
266 0 2 1 1
267 1 2 0 0
268 2 0 0 1
269 1 0 0 0
270 1 0 2 4
271 1 0 0 2
272 0 0 1 1
273 1 0 0 1
274 0 1 0 2
275 0 1 0 0
276 1 1 1 0
277 1 0 1 1
278 0 0 0 0
279 0 0 0 2
280 1 0 0 2
281 0 0 0 1
282 0 0 1 0
283 1 0 0 1
284 2 0 0 0
285 0 1 0 0
286 1 0 1 1
287 0 0 0 0
288 0 0 1 0
289 0 0 1 0
290 0 0 0 0
291 0 0 0 0
292 0 0 0 1
293 0 0 2 2
294 0 0 0 0
295 0 1 0 1
296 0 0 0 0
297 0 0 0 2
298 0 0 0 0
299 1 0 0 1
300 0 0 0 0
301 0 0 0 0
302 0 0 0 0
303 0 0 0 0
304 1 1 0 0
305 0 0 0 0
306 0 0 0 0
307 0 0 0 0
308 0 0 0 0
309 0 0 1 0
310 0 0 0 0
311 0 0 0 1
312 0 0 0 0
313 0 0 0 1
314 0 0 0 0
315 0 0 0 0
316 0 0 0 0
317 0 0 0 0
318 0 0 0 0
319 0 0 0 0
320 0 0 0 0
321 0 0 0 0
322 0 0 0 0
323 0 0 0 0
324 0 0 0 0
325 0 0 0 0
326 0 0 0 0
327 0 0 0 0
328 0 0 0 0
329 0 0 0 0
330 1 0 0 0
331 0 0 0 0
332 0 0 0 0
333 0 0 0 0
334 0 0 0 0
335 0 0 0 0
336 0 0 0 0
337 0 0 0 0
338 0 0 0 0
339 0 1 0 0
340 0 0 0 0
341 0 0 0 0
342 0 0 0 0
343 0 0 0 1
344 0 0 0 0
345 0 0 0 0
346 0 0 0 0
347 0 0 0 0
348 0 0 0 0
349 0 0 0 0
350 0 0 0 0
351 0 0 0 0
352 0 0 0 0
353 0 0 0 0
354 0 0 0 0
355 0 0 0 0
356 0 0 0 0
357 0 0 0 0
358 0 0 0 0
359 0 0 0 0
360 0 0 0 0
361 0 0 0 0
362 0 0 0 0
363 0 0 0 0
364 0 0 0 0
365 0 0 0 0
366 0 0 0 0
367 0 0 0 0
368 0 0 0 0
369 0 0 0 0
370 0 0 0 0
371 0 0 0 0
372 0 0 0 0
373 0 0 0 0
374 0 0 0 0
375 0 0 0 0
376 0 0 0 0
377 0 0 0 0
378 0 0 0 0
379 0 0 0 0
380 0 0 0 0
381 0 0 0 0
382 0 0 0 0
383 0 0 0 0
384 0 0 0 0
385 0 0 0 0
386 0 0 0 0
387 0 0 0 0
388 0 0 0 0
389 0 0 0 0
390 0 0 0 0
391 0 0 0 0
392 0 0 0 0
393 0 0 0 0
394 0 0 0 0
395 0 0 0 0
396 0 0 0 0
397 0 0 0 0
398 0 0 0 0
399 0 0 0 0
400 0 0 0 0
401 0 0 0 0
402 0 0 0 0
403 0 0 0 0
404 0 0 0 0
405 0 0 0 0
406 0 0 0 0
407 0 0 0 0
408 0 0 0 0
409 0 0 0 0
410 0 0 0 0
411 0 0 0 0
412 0 0 0 0
413 0 0 0 0
414 0 0 0 0
415 0 0 0 0
416 0 0 0 0
417 0 0 0 0
418 0 0 0 0
419 0 0 0 0
420 0 0 0 0
421 0 0 0 0
422 0 0 0 0
423 0 0 0 0
424 0 0 0 0
425 0 0 0 0
426 0 0 0 0
427 0 0 0 0
428 0 0 0 0
429 0 0 0 0
430 0 0 0 0
431 0 0 0 0
432 0 0 0 0
433 0 0 0 0
434 0 0 0 0
435 0 0 0 0
436 0 0 0 0
437 0 0 0 0
438 0 0 0 0
439 0 0 0 0
440 0 0 0 0
441 0 0 0 0
442 0 0 0 0
443 0 0 0 0
444 0 0 0 0
445 0 0 0 0
446 0 0 0 0
447 0 0 0 0
448 0 0 0 0
449 0 0 0 0
450 0 0 0 0
451 0 0 0 0
452 0 0 0 0
453 0 0 0 0
454 0 0 0 0
455 0 0 0 0
456 0 0 0 0
457 0 0 0 0
458 0 0 0 0
459 0 0 0 0
460 0 0 0 0
461 0 0 0 0
462 0 0 0 0
463 0 0 0 0
464 0 0 0 0
465 0 0 0 0
466 0 0 0 0
467 0 0 0 0
468 0 0 0 0
469 0 0 0 0
470 0 0 0 0
471 0 0 0 0
472 0 0 0 0
473 0 0 0 0
474 0 0 0 0
475 0 0 0 0
476 0 0 0 0
477 0 0 0 0
478 0 0 0 0
479 0 0 0 0
480 0 0 0 0
481 0 0 0 0
482 0 0 0 0
483 0 0 0 0
484 0 0 0 0
485 0 0 0 0
486 0 0 0 0
487 0 0 0 0
488 0 0 0 0
489 0 0 0 0
490 0 0 0 0
491 0 0 0 0
492 0 0 0 0
493 0 0 0 0
494 0 0 0 0
495 0 0 0 0
496 0 0 0 0
497 0 0 0 0
498 0 0 0 0
499 0 0 0 0
500 0 0 0 0
501 0 0 0 0
502 0 0 0 0
503 0 0 0 0
504 0 0 0 0
505 0 0 0 0
506 0 0 0 0
507 0 0 0 0
508 0 0 0 0
509 0 0 0 0
510 0 0 0 0
511 0 0 0 0
512 0 0 0 0
513 0 0 0 0
514 0 0 0 0
515 0 0 0 0
516 0 0 0 0
517 0 0 0 0
518 0 0 0 0
519 0 0 0 0
520 0 0 0 0
521 0 0 0 0
522 0 0 0 0
523 0 0 0 0
524 0 0 0 0
525 0 0 0 0
526 0 0 0 0
527 0 0 0 0
528 0 0 0 0
529 0 0 0 0
530 0 0 0 0
531 0 0 0 0
532 0 0 0 0
533 0 0 0 0
534 0 0 0 0
535 0 0 0 0
536 0 0 0 0
537 0 0 0 0
538 0 0 0 0
539 0 0 0 0
540 0 0 0 0
541 0 0 0 0
542 0 0 0 0
543 0 0 0 0
544 0 0 0 0
545 0 0 0 0
546 0 0 0 0
547 0 0 0 0
548 0 0 0 0
549 0 0 0 0
550 0 0 0 0
551 0 0 0 0
552 0 0 0 0
553 0 0 0 0
554 0 0 0 0
555 0 0 0 0
556 0 0 0 0
557 0 0 0 0
558 0 0 0 0
559 0 0 0 0
560 0 0 0 0
561 0 0 0 0
562 0 0 0 0
563 0 0 0 0
564 0 0 0 0
565 0 0 0 0
566 0 0 0 0
567 0 0 0 0
568 0 0 0 0
569 0 0 0 0
570 0 0 0 0
571 0 0 0 0
572 0 0 0 0
573 0 0 0 0
574 0 0 0 0
575 0 0 0 0
576 0 0 0 0
577 0 0 0 0
578 0 0 0 0
579 0 0 0 0
580 0 0 0 0
581 0 0 0 0
582 0 0 0 0
583 0 0 0 0
584 0 0 0 0
585 0 0 0 0
586 0 0 0 0
587 0 0 0 0
588 0 0 0 0
589 0 0 0 0
590 0 0 0 0
591 0 0 0 0
592 0 0 0 0
593 0 0 0 0
594 0 0 0 0
595 0 0 0 0
596 0 0 0 0
597 0 0 0 0
598 0 0 0 0
599 0 0 0 0
600 0 0 0 0
601 0 0 0 0
602 0 0 0 0
603 0 0 0 0
604 0 0 0 0
605 0 0 0 0
606 0 0 0 0
607 0 0 0 0
608 0 0 0 0
609 0 0 0 0
610 0 0 0 0
611 0 0 0 0
612 0 0 0 0
613 0 0 0 0
614 0 0 0 0
615 0 0 0 0
616 0 0 0 0
617 0 0 0 0
618 0 0 0 0
619 0 0 0 0
620 0 0 0 0
621 0 0 0 0
622 0 0 0 0
623 0 0 0 0
624 0 0 0 0
625 0 0 0 0
626 0 0 0 0
627 0 0 0 0
628 0 0 0 0
629 0 0 0 0
630 0 0 0 0
631 0 0 0 0
632 0 0 0 0
633 0 0 0 0
634 0 0 0 0
635 0 0 0 0
636 0 0 0 0
637 0 0 0 0
638 0 0 0 0
639 0 0 0 0
640 0 0 0 0
641 0 0 0 0
642 0 0 0 0
643 0 0 0 0
644 0 0 0 0
645 0 0 0 0
646 0 0 0 0
647 0 0 0 0
648 0 0 0 0
649 0 0 0 0
650 0 0 0 0
651 0 0 0 0
652 0 0 0 0
653 0 0 0 0
654 0 0 0 0
655 0 0 0 0
656 0 0 0 0
657 0 0 0 0
658 0 0 0 0
659 0 0 0 0
660 0 0 0 0
661 0 0 0 0
662 0 0 0 0
663 0 0 0 0
664 0 0 0 0
665 0 0 0 0
666 0 0 0 0
667 0 0 0 0
668 0 0 0 0
669 0 0 0 0
670 0 0 0 0
671 0 0 0 0
672 0 0 0 0
673 0 0 0 0
674 0 0 0 0
675 0 0 0 0
676 0 0 0 0
677 0 0 0 0
678 0 0 0 0
679 0 0 0 0
680 0 0 0 0
681 0 0 0 0
682 0 0 0 0
683 0 0 0 0
684 0 0 0 0
685 0 0 0 0
686 0 0 0 0
687 0 0 0 0
688 0 0 0 0
689 0 0 0 0
690 0 0 0 0
691 0 0 0 0
692 0 0 0 0
693 0 0 0 0
694 0 0 0 0
695 0 0 0 0
696 0 0 0 0
697 0 0 0 0
698 0 0 0 0
699 0 0 0 0
700 0 0 0 0
701 0 0 0 0
702 0 0 0 0
703 0 0 0 0
704 0 0 0 0
705 0 0 0 0
706 0 0 0 0
707 0 0 0 0
708 0 0 0 0
709 0 0 0 0
710 0 0 0 0
711 0 0 0 0
712 0 0 0 0
713 0 0 0 0
714 0 0 0 0
715 0 0 0 0
716 0 0 0 0
717 0 0 0 0
718 0 0 0 0
719 0 0 0 0
720 0 0 0 0
721 0 0 0 0
722 0 0 0 0
723 0 0 0 0
724 0 0 0 0
725 0 0 0 0
726 0 0 0 0
727 0 0 0 0
