0 0 0 0 0
1 0 0 0 0
2 0 0 0 0
3 0 0 0 0
4 0 0 0 0
5 0 3 0 0
6 0 0 0 0
7 0 0 0 0
8 0 0 0 0
9 0 0 2 0
10 0 0 0 0
11 0 0 0 0
12 0 0 0 3
13 0 0 0 2
14 0 0 0 0
15 0 0 0 0
16 0 0 0 0
17 0 0 0 0
18 1 0 0 0
19 0 0 0 0
20 1 0 0 0
21 1 0 0 0
22 0 0 0 0
23 1 0 0 0
24 3 0 0 0
25 1 0 1 0
26 0 0 0 0
27 0 2 0 0
28 0 0 0 0
29 1 1 0 1
30 0 0 0 0
31 0 0 0 0
32 2 1 0 0
33 1 1 1 1
34 0 0 2 2
35 1 0 0 0
36 1 0 0 0
37 0 0 1 1
38 0 1 0 1
39 0 0 0 1
40 0 1 0 1
41 1 1 0 1
42 2 0 0 0
43 1 0 0 0
44 2 0 0 2
45 2 1 0 1
46 2 1 0 0
47 0 2 0 0
48 2 1 0 1
49 2 0 0 0
50 1 0 0 1
51 1 1 1 0
52 2 0 0 1
53 0 3 1 0
54 3 1 3 2
55 3 0 0 2
56 2 0 0 0
57 1 2 0 1
58 2 0 0 2
59 0 1 2 0
60 0 1 0 3
61 0 2 0 5
62 0 1 0 0
63 0 1 0 0
64 1 2 1 0
65 1 0 0 2
66 2 0 0 3
67 1 1 1 1
68 2 0 0 1
69 2 0 0 1
70 3 0 1 1
71 4 0 2 3
72 1 0 0 0
73 3 1 0 0
74 0 0 0 2
75 1 1 1 2
76 2 2 1 0
77 3 3 0 1
78 3 3 1 0
79 4 0 1 2
80 4 2 0 1
81 3 0 2 3
82 3 3 1 0
83 2 2 1 3
84 4 1 2 1
85 1 1 0 5
86 7 1 0 3
87 0 1 1 3
88 5 2 0 3
89 4 5 1 2
90 1 3 0 2
91 7 4 3 3
92 3 1 0 1
93 4 2 3 2
94 3 3 1 2
95 0 0 1 3
96 4 4 1 5
97 5 2 0 2
98 3 2 1 7
99 2 3 0 3
100 4 0 2 3
101 1 3 1 3
102 1 3 1 2
103 3 2 0 5
104 6 1 1 2
105 5 1 2 2
106 4 3 0 4
107 7 0 2 2
108 4 1 3 3
109 7 3 4 2
110 2 2 2 5
111 5 1 4 2
112 5 0 3 5
113 3 2 1 3
114 5 2 3 5
115 5 2 0 2
116 6 5 3 7
117 2 2 2 3
118 6 1 3 8
119 5 0 2 1
120 4 3 3 2
121 2 3 1 2
122 2 3 0 4
123 9 3 4 8
124 9 1 1 7
125 9 3 3 3
126 4 2 1 2
127 2 2 2 5
128 9 7 2 3
129 7 4 3 4
130 5 2 2 8
131 7 2 1 2
132 5 2 2 6
133 10 2 4 4
134 7 4 6 5
135 9 1 3 6
136 14 4 2 6
137 7 6 3 4
138 5 5 5 12
139 8 2 4 7
140 10 4 3 8
141 8 6 4 6
142 13 2 5 4
143 9 3 4 3
144 8 7 1 6
145 10 4 8 11
146 13 3 6 6
147 10 6 6 12
148 11 5 2 9
149 19 6 3 8
150 9 5 5 10
151 10 7 4 12
152 12 9 1 8
153 10 4 2 4
154 7 7 6 8
155 10 7 5 10
156 14 4 4 13
157 7 5 7 9
158 2 8 6 9
159 11 8 1 10
160 14 6 4 10
161 16 9 8 13
162 21 7 2 16
163 17 1 2 5
164 15 7 3 14
165 12 8 6 13
166 11 7 4 15
167 20 9 3 4
168 13 7 10 11
169 15 6 6 7
170 18 7 10 10
171 19 9 8 13
172 16 11 7 16
173 22 10 4 10
174 22 5 7 15
175 16 10 6 21
176 15 14 5 19
177 16 15 3 10
178 28 11 7 10
179 20 9 9 15
180 19 12 5 22
181 16 6 3 14
182 21 13 8 22
183 21 14 7 14
184 22 12 9 20
185 18 19 5 13
186 16 7 8 21
187 22 16 9 21
188 22 11 7 9
189 24 13 8 24
190 19 10 8 16
191 21 6 11 26
192 21 17 7 17
193 33 11 8 22
194 14 10 11 22
195 20 17 5 16
196 25 11 10 24
197 22 19 6 18
198 25 11 9 18
199 23 9 6 26
200 26 8 12 22
201 26 14 8 25
202 16 15 14 13
203 21 10 4 17
204 16 13 9 21
205 26 14 10 20
206 18 18 10 22
207 10 14 10 20
208 12 18 6 25
209 10 12 8 27
210 14 17 8 21
211 12 6 12 19
212 12 10 4 26
213 8 7 10 22
214 12 8 7 26
215 8 9 6 19
216 10 7 6 17
217 8 6 4 22
218 11 7 4 20
219 6 6 5 12
220 7 6 2 17
221 13 2 7 7
222 11 5 2 15
223 7 10 4 13
224 6 5 3 10
225 10 8 2 8
226 8 11 4 9
227 7 6 4 7
228 5 3 2 7
229 10 2 4 8
230 4 5 2 16
231 8 8 3 10
232 7 6 2 6
233 3 1 3 11
234 2 6 8 5
235 4 6 1 12
236 3 3 5 8
237 1 4 4 9
238 2 1 2 12
239 3 3 0 9
240 4 2 3 4
241 4 1 1 12
242 4 1 1 4
243 3 1 2 8
244 2 2 2 2
245 4 3 1 2
246 3 2 0 1
247 3 3 0 6
248 6 2 2 4
249 3 2 0 4
250 2 4 1 3
251 1 2 2 2
252 2 2 1 2
253 5 4 1 1
254 1 1 1 6
255 2 0 1 3
256 1 2 0 3
257 3 3 1 5
258 4 4 2 4
259 3 2 1 2
260 0 2 0 3
261 0 1 0 4
262 1 1 1 5
263 2 0 2 3
264 1 3 0 2
265 2 0 0 1
266 3 2 0 2
267 3 1 1 2
268 2 0 2 4
269 1 1 0 1
270 0 1 1 4
271 3 2 0 1
272 5 1 2 1
273 1 1 0 1
274 2 0 0 2
275 1 1 1 1
276 2 2 1 1
277 1 3 3 2
278 1 1 0 1
279 0 0 2 3
280 1 0 1 3
281 2 2 0 2
282 0 1 1 2
283 0 0 0 2
284 1 0 0 4
285 1 1 1 0
286 0 1 1 1
287 1 0 1 2
288 0 0 0 2
289 0 0 0 2
290 1 1 0 1
291 1 0 0 0
292 1 0 0 1
293 3 1 0 1
294 1 0 0 2
295 2 0 0 0
296 2 1 0 0
297 0 1 0 0
298 0 0 1 0
299 0 0 1 0
300 0 1 2 2
301 0 0 0 1
302 0 1 1 0
303 0 1 0 1
304 0 0 0 1
305 1 1 1 1
306 0 0 0 0
307 0 0 0 2
308 0 0 0 0
309 0 0 0 3
310 1 0 1 1
311 1 0 0 0
312 0 0 0 1
313 0 0 0 0
314 0 0 0 0
315 1 0 0 0
316 0 0 0 0
317 2 0 0 1
318 2 0 0 0
319 1 1 0 0
320 0 1 0 0
321 0 0 0 0
322 0 1 0 0
323 1 1 0 1
324 0 1 1 1
325 0 0 0 0
326 0 0 1 1
327 0 0 1 1
328 0 0 0 2
329 0 0 0 0
330 0 0 0 1
331 0 0 0 1
332 0 1 0 0
333 0 0 0 0
334 0 0 0 0
335 0 0 0 0
336 0 0 0 1
337 0 0 0 0
338 0 0 0 0
339 0 0 0 0
340 0 0 0 0
341 0 0 0 0
342 0 0 0 0
343 0 0 0 0
344 0 0 0 0
345 0 0 0 0
346 0 0 0 0
347 0 0 0 0
348 0 0 0 0
349 0 0 0 0
350 0 0 0 0
351 0 0 0 0
352 0 0 0 0
353 0 0 0 0
354 0 0 0 0
355 0 0 0 0
356 0 0 0 0
357 0 0 0 0
358 0 0 0 0
359 0 0 0 0
360 0 0 0 0
361 0 0 0 0
362 0 0 0 0
363 0 0 0 0
364 0 0 0 0
365 0 0 0 0
366 0 0 0 0
367 0 0 0 0
368 0 0 0 0
369 0 0 0 0
370 0 0 0 0
371 0 0 0 0
372 0 0 0 0
373 0 0 0 0
374 0 0 0 0
375 0 0 0 0
376 0 0 0 0
377 0 0 0 0
378 0 0 0 0
379 0 0 0 0
380 0 0 0 0
381 0 0 0 0
382 0 0 0 0
383 0 0 0 0
384 0 0 0 0
385 0 0 0 0
386 0 0 0 0
387 0 0 0 0
388 0 0 0 0
389 0 0 0 0
390 0 0 0 0
391 0 0 0 0
392 0 0 0 0
393 0 0 0 0
394 0 0 0 0
395 0 0 0 0
396 0 0 0 0
397 0 0 0 0
398 0 0 0 0
399 0 0 0 0
400 0 0 0 0
401 0 0 0 0
402 0 0 0 0
403 0 0 0 0
404 0 0 0 0
405 0 0 0 0
406 0 0 0 0
407 0 0 0 0
408 0 0 0 0
409 0 0 0 0
410 0 0 0 0
411 0 0 0 0
412 0 0 0 0
413 0 0 0 0
414 0 0 0 0
415 0 0 0 0
416 0 0 0 0
417 0 0 0 0
418 0 0 0 0
419 0 0 0 0
420 0 0 0 0
421 0 0 0 0
422 0 0 0 0
423 0 0 0 0
424 0 0 0 0
425 0 0 0 0
426 0 0 0 0
427 0 0 0 0
428 0 0 0 0
429 0 0 0 0
430 0 0 0 0
431 0 0 0 0
432 0 0 0 0
433 0 0 0 0
434 0 0 0 0
435 0 0 0 0
436 0 0 0 0
437 0 0 0 0
438 0 0 0 0
439 0 0 0 0
440 0 0 0 0
441 0 0 0 0
442 0 0 0 0
443 0 0 0 0
444 0 0 0 0
445 0 0 0 0
446 0 0 0 0
447 0 0 0 0
448 0 0 0 0
449 0 0 0 0
450 0 0 0 0
451 0 0 0 0
452 0 0 0 0
453 0 0 0 0
454 0 0 0 0
455 0 0 0 0
456 0 0 0 0
457 0 0 0 0
458 0 0 0 0
459 0 0 0 0
460 0 0 0 0
461 0 0 0 0
462 0 0 0 0
463 0 0 0 0
464 0 0 0 0
465 0 0 0 0
466 0 0 0 0
467 0 0 0 0
468 0 0 0 0
469 0 0 0 0
470 0 0 0 0
471 0 0 0 0
472 0 0 0 0
473 0 0 0 0
474 0 0 0 0
475 0 0 0 0
476 0 0 0 0
477 0 0 0 0
478 0 0 0 0
479 0 0 0 0
480 0 0 0 0
481 0 0 0 0
482 0 0 0 0
483 0 0 0 0
484 0 0 0 0
485 0 0 0 0
486 0 0 0 0
487 0 0 0 0
488 0 0 0 0
489 0 0 0 0
490 0 0 0 0
491 0 0 0 0
492 0 0 0 0
493 0 0 0 0
494 0 0 0 0
495 0 0 0 0
496 0 0 0 0
497 0 0 0 0
498 0 0 0 0
499 0 0 0 0
500 0 0 0 0
501 0 0 0 0
502 0 0 0 0
503 0 0 0 0
504 0 0 0 0
505 0 0 0 0
506 0 0 0 0
507 0 0 0 0
508 0 0 0 0
509 0 0 0 0
510 0 0 0 0
511 0 0 0 0
512 0 0 0 0
513 0 0 0 0
514 0 0 0 0
515 0 0 0 0
516 0 0 0 0
517 0 0 0 0
518 0 0 0 0
519 0 0 0 0
520 0 0 0 0
521 0 0 0 0
522 0 0 0 0
523 0 0 0 0
524 0 0 0 0
525 0 0 0 0
526 0 0 0 0
527 0 0 0 0
528 0 0 0 0
529 0 0 0 0
530 0 0 0 0
531 0 0 0 0
532 0 0 0 0
533 0 0 0 0
534 0 0 0 0
535 0 0 0 0
536 0 0 0 0
537 0 0 0 0
538 0 0 0 0
539 0 0 0 0
540 0 0 0 0
541 0 0 0 0
542 0 0 0 0
543 0 0 0 0
544 0 0 0 0
545 0 0 0 0
546 0 0 0 0
547 0 0 0 0
548 0 0 0 0
549 0 0 0 0
550 0 0 0 0
551 0 0 0 0
552 0 0 0 0
553 0 0 0 0
554 0 0 0 0
555 0 0 0 0
556 0 0 0 0
557 0 0 0 0
558 0 0 0 0
559 0 0 0 0
560 0 0 0 0
561 0 0 0 0
562 0 0 0 0
563 0 0 0 0
564 0 0 0 0
565 0 0 0 0
566 0 0 0 0
567 0 0 0 0
568 0 0 0 0
569 0 0 0 0
570 0 0 0 0
571 0 0 0 0
572 0 0 0 0
573 0 0 0 0
574 0 0 0 0
575 0 0 0 0
576 0 0 0 0
577 0 0 0 0
578 0 0 0 0
579 0 0 0 0
580 0 0 0 0
581 0 0 0 0
582 0 0 0 0
583 0 0 0 0
584 0 0 0 0
585 0 0 0 0
586 0 0 0 0
587 0 0 0 0
588 0 0 0 0
589 0 0 0 0
590 0 0 0 0
591 0 0 0 0
592 0 0 0 0
593 0 0 0 0
594 0 0 0 0
595 0 0 0 0
596 0 0 0 0
597 0 0 0 0
598 0 0 0 0
599 0 0 0 0
600 0 0 0 0
601 0 0 0 0
602 0 0 0 0
603 0 0 0 0
604 0 0 0 0
605 0 0 0 0
606 0 0 0 0
607 0 0 0 0
608 0 0 0 0
609 0 0 0 0
610 0 0 0 0
611 0 0 0 0
612 0 0 0 0
613 0 0 0 0
614 0 0 0 0
615 0 0 0 0
616 0 0 0 0
617 0 0 0 0
618 0 0 0 0
619 0 0 0 0
620 0 0 0 0
621 0 0 0 0
622 0 0 0 0
623 0 0 0 0
624 0 0 0 0
625 0 0 0 0
626 0 0 0 0
627 0 0 0 0
628 0 0 0 0
629 0 0 0 0
630 0 0 0 0
631 0 0 0 0
632 0 0 0 0
633 0 0 0 0
634 0 0 0 0
635 0 0 0 0
636 0 0 0 0
637 0 0 0 0
638 0 0 0 0
639 0 0 0 0
640 0 0 0 0
641 0 0 0 0
642 0 0 0 0
643 0 0 0 0
644 0 0 0 0
645 0 0 0 0
646 0 0 0 0
647 0 0 0 0
648 0 0 0 0
649 0 0 0 0
650 0 0 0 0
651 0 0 0 0
652 0 0 0 0
653 0 0 0 0
654 0 0 0 0
655 0 0 0 0
656 0 0 0 0
657 0 0 0 0
658 0 0 0 0
659 0 0 0 0
660 0 0 0 0
661 0 0 0 0
662 0 0 0 0
663 0 0 0 0
664 0 0 0 0
665 0 0 0 0
666 0 0 0 0
667 0 0 0 0
668 0 0 0 0
669 0 0 0 0
670 0 0 0 0
671 0 0 0 0
672 0 0 0 0
673 0 0 0 0
674 0 0 0 0
675 0 0 0 0
676 0 0 0 0
677 0 0 0 0
678 0 0 0 0
679 0 0 0 0
680 0 0 0 0
681 0 0 0 0
682 0 0 0 0
683 0 0 0 0
684 0 0 0 0
685 0 0 0 0
686 0 0 0 0
687 0 0 0 0
688 0 0 0 0
689 0 0 0 0
690 0 0 0 0
691 0 0 0 0
692 0 0 0 0
693 0 0 0 0
694 0 0 0 0
695 0 0 0 0
696 0 0 0 0
697 0 0 0 0
698 0 0 0 0
699 0 0 0 0
700 0 0 0 0
701 0 0 0 0
702 0 0 0 0
703 0 0 0 0
704 0 0 0 0
705 0 0 0 0
706 0 0 0 0
707 0 0 0 0
708 0 0 0 0
709 0 0 0 0
710 0 0 0 0
711 0 0 0 0
712 0 0 0 0
713 0 0 0 0
714 0 0 0 0
715 0 0 0 0
716 0 0 0 0
717 0 0 0 0
718 0 0 0 0
719 0 0 0 0
720 0 0 0 0
721 0 0 0 0
722 0 0 0 0
723 0 0 0 0
724 0 0 0 0
725 0 0 0 0
726 0 0 0 0
727 0 0 0 0
