0 0 0 0 0
1 0 0 0 0
2 0 0 0 0
3 0 0 0 0
4 0 0 0 0
5 0 2 0 0
6 0 0 0 0
7 0 0 0 0
8 0 0 0 0
9 0 3 0 2
10 0 0 0 0
11 0 0 0 0
12 0 0 0 0
13 0 0 0 1
14 0 0 0 0
15 0 0 0 0
16 0 0 0 2
17 1 0 0 0
18 1 0 0 0
19 1 0 0 0
20 0 0 0 0
21 0 0 0 0
22 0 0 1 0
23 1 0 0 0
24 0 0 0 0
25 0 0 0 0
26 0 0 0 1
27 0 1 0 0
28 1 1 1 0
29 0 0 0 0
30 1 0 0 0
31 0 0 0 0
32 1 0 0 0
33 1 0 0 0
34 1 0 0 1
35 0 0 0 2
36 0 0 0 0
37 0 1 0 0
38 0 0 1 0
39 1 2 0 0
40 0 0 0 0
41 0 1 0 1
42 1 0 0 1
43 1 0 0 1
44 1 0 1 0
45 1 0 0 0
46 0 0 0 1
47 0 1 0 0
48 2 0 0 2
49 1 1 0 0
50 0 1 0 0
51 1 0 0 1
52 0 1 0 0
53 1 0 0 1
54 1 0 1 0
55 0 0 0 0
56 1 0 0 1
57 0 2 1 1
58 0 0 0 0
59 0 0 1 0
60 1 0 0 0
61 0 1 0 4
62 1 0 1 0
63 1 0 0 0
64 0 0 0 0
65 0 0 0 0
66 0 0 0 2
67 2 1 0 0
68 1 0 0 1
69 1 1 0 0
70 4 0 0 0
71 1 0 0 1
72 2 0 1 0
73 2 0 0 1
74 3 1 0 0
75 3 1 2 0
76 1 2 1 1
77 3 2 1 0
78 1 2 0 1
79 1 3 0 2
80 2 0 0 0
81 2 0 0 1
82 1 1 0 2
83 2 1 0 4
84 1 1 3 2
85 2 1 1 1
86 1 1 2 2
87 1 1 0 0
88 0 1 1 3
89 1 0 1 2
90 1 1 0 4
91 0 1 1 2
92 2 1 1 2
93 3 1 0 1
94 3 0 1 1
95 0 1 0 2
96 1 0 0 2
97 3 0 0 1
98 3 1 0 2
99 4 1 0 1
100 5 0 0 0
101 4 1 1 0
102 5 2 3 1
103 4 2 2 1
104 4 1 0 0
105 2 2 1 0
106 4 2 1 2
107 3 6 0 2
108 2 2 1 3
109 2 4 2 3
110 3 4 0 4
111 2 1 0 4
112 2 2 3 2
113 2 3 0 8
114 3 0 0 1
115 3 5 2 4
116 0 1 1 3
117 2 0 1 5
118 2 3 1 1
119 2 0 1 8
120 2 1 2 3
121 4 1 0 1
122 4 0 1 3
123 6 3 1 0
124 1 1 1 2
125 6 0 0 5
126 6 4 1 2
127 6 0 2 2
128 5 1 4 2
129 7 1 1 0
130 5 4 0 4
131 4 2 3 2
132 2 2 4 3
133 1 2 1 4
134 5 0 3 2
135 2 5 2 5
136 2 2 3 3
137 1 1 3 3
138 3 2 4 3
139 2 4 1 8
140 3 0 1 2
141 1 0 2 3
142 2 1 0 9
143 3 3 1 6
144 1 2 1 3
145 2 2 0 3
146 1 0 1 2
147 3 1 1 3
148 3 3 1 3
149 5 1 1 2
150 6 0 0 3
151 5 0 1 1
152 9 3 0 4
153 6 2 1 2
154 8 2 3 2
155 6 2 1 2
156 6 1 0 2
157 9 1 5 4
158 8 3 3 2
159 9 2 6 0
160 8 3 4 0
161 2 4 5 4
162 6 3 3 6
163 3 3 3 7
164 6 4 7 8
165 4 4 2 14
166 6 4 3 5
167 4 4 3 6
168 6 3 2 4
169 9 4 3 8
170 6 3 0 7
171 7 3 2 10
172 13 2 1 4
173 8 4 2 5
174 6 3 2 4
175 9 4 5 6
176 9 4 2 8
177 12 5 5 6
178 15 6 6 3
179 15 2 1 2
180 13 6 5 7
181 13 4 2 7
182 12 4 5 12
183 12 5 6 3
184 10 4 4 14
185 11 9 7 9
186 14 7 4 8
187 12 9 3 9
188 12 11 8 7
189 16 7 3 12
190 12 6 5 11
191 7 9 4 12
192 6 6 4 16
193 20 7 3 9
194 12 8 6 11
195 13 10 6 16
196 13 4 5 9
197 16 7 0 11
198 15 12 6 15
199 8 6 4 16
200 9 6 4 10
201 19 6 2 7
202 5 10 7 14
203 11 10 3 7
204 10 8 5 11
205 18 5 4 13
206 7 10 11 17
207 12 8 2 14
208 9 3 5 9
209 13 6 5 12
210 10 10 7 19
211 10 4 2 16
212 8 8 8 9
213 7 6 4 11
214 10 10 6 11
215 7 8 5 8
216 10 5 5 17
217 9 4 4 11
218 5 6 1 9
219 10 4 2 9
220 10 5 3 11
221 4 8 2 14
222 6 5 3 10
223 8 4 2 10
224 5 5 2 10
225 10 7 3 12
226 9 5 6 5
227 5 2 4 6
228 6 3 4 5
229 4 5 2 10
230 4 2 2 11
231 4 2 3 7
232 8 1 4 10
233 4 2 5 6
234 6 3 5 7
235 6 7 3 3
236 3 4 3 5
237 3 4 0 6
238 1 2 3 7
239 3 3 2 9
240 2 3 2 6
241 2 2 5 6
242 1 0 2 6
243 1 2 2 6
244 2 5 1 4
245 2 0 2 4
246 5 3 0 5
247 0 1 0 6
248 2 1 2 7
249 2 2 0 1
250 1 0 2 3
251 4 2 2 4
252 1 0 0 3
253 0 0 0 4
254 3 2 1 1
255 2 1 0 3
256 2 0 1 0
257 2 1 1 0
258 0 0 0 5
259 1 0 1 0
260 2 4 0 0
261 1 2 1 2
262 0 1 1 1
263 1 1 1 2
264 0 1 0 3
265 1 0 0 2
266 0 0 1 2
267 0 0 0 2
268 2 2 0 2
269 1 1 1 0
270 4 1 0 2
271 1 0 0 0
272 2 0 0 1
273 2 0 1 2
274 0 1 1 1
275 0 3 0 1
276 0 0 1 1
277 0 1 0 1
278 0 1 0 1
279 0 0 1 3
280 0 0 0 1
281 1 2 0 1
282 0 0 1 0
283 0 0 0 1
284 0 0 0 1
285 0 0 0 3
286 0 0 0 0
287 0 0 0 0
288 1 0 0 1
289 2 0 0 0
290 0 0 1 0
291 2 0 0 0
292 0 0 0 0
293 1 0 1 0
294 3 0 0 0
295 3 0 0 0
296 0 1 1 0
297 0 0 0 1
298 0 2 0 0
299 1 0 1 0
300 1 0 1 2
301 1 0 0 0
302 0 1 0 1
303 0 2 0 2
304 0 2 0 1
305 0 0 0 1
306 0 1 0 1
307 0 0 0 0
308 1 0 1 2
309 1 0 1 0
310 3 0 0 3
311 0 0 0 0
312 0 0 0 0
313 0 0 0 1
314 1 0 0 0
315 1 2 0 1
316 1 0 0 0
317 0 2 0 0
318 0 0 0 0
319 1 1 0 2
320 1 1 0 0
321 2 0 0 1
322 0 0 0 0
323 0 1 0 1
324 0 1 0 1
325 0 1 0 0
326 1 2 0 0
327 0 0 0 2
328 0 0 0 0
329 0 1 0 1
330 0 0 0 2
331 0 1 0 1
332 0 0 0 0
333 0 0 0 0
334 0 0 0 0
335 0 0 0 1
336 1 0 0 1
337 0 0 0 0
338 1 0 0 0
339 0 0 0 0
340 1 0 0 0
341 2 0 0 0
342 0 0 0 0
343 0 1 0 0
344 0 0 0 0
345 0 2 0 0
346 0 1 1 0
347 0 0 0 1
348 0 0 0 0
349 0 0 0 2
350 0 0 0 1
351 0 0 0 0
352 0 0 0 0
353 0 0 0 1
354 0 0 0 0
355 0 0 0 0
356 0 0 0 0
357 0 0 0 0
358 0 0 0 0
359 0 0 0 0
360 0 0 0 0
361 0 0 0 0
362 0 0 0 0
363 0 0 0 0
364 0 0 0 0
365 0 0 0 0
366 0 0 0 0
367 0 0 0 0
368 0 0 0 0
369 0 0 0 0
370 0 0 0 0
371 0 0 0 0
372 0 0 0 0
373 0 0 0 0
374 0 0 0 0
375 0 0 0 0
376 0 0 0 0
377 0 0 0 0
378 0 0 0 0
379 0 0 0 0
380 0 0 0 0
381 0 0 0 0
382 0 0 0 0
383 0 0 0 0
384 0 0 0 0
385 0 0 0 0
386 0 0 0 0
387 0 0 0 0
388 0 0 0 0
389 0 0 0 0
390 0 0 0 0
391 0 0 0 0
392 0 0 0 0
393 0 0 0 0
394 0 0 0 0
395 0 0 0 0
396 0 0 0 0
397 0 0 0 0
398 0 0 0 0
399 0 0 0 0
400 0 0 0 0
401 0 0 0 0
402 0 0 0 0
403 0 0 0 0
404 0 0 0 0
405 0 0 0 0
406 0 0 0 0
407 0 0 0 0
408 0 0 0 0
409 0 0 0 0
410 0 0 0 0
411 0 0 0 0
412 0 0 0 0
413 0 0 0 0
414 0 0 0 0
415 0 0 0 0
416 0 0 0 0
417 0 0 0 0
418 0 0 0 0
419 0 0 0 0
420 0 0 0 0
421 0 0 0 0
422 0 0 0 0
423 0 0 0 0
424 0 0 0 0
425 0 0 0 0
426 0 0 0 0
427 0 0 0 0
428 0 0 0 0
429 0 0 0 0
430 0 0 0 0
431 0 0 0 0
432 0 0 0 0
433 0 0 0 0
434 0 0 0 0
435 0 0 0 0
436 0 0 0 0
437 0 0 0 0
438 0 0 0 0
439 0 0 0 0
440 0 0 0 0
441 0 0 0 0
442 0 0 0 0
443 0 0 0 0
444 0 0 0 0
445 0 0 0 0
446 0 0 0 0
447 0 0 0 0
448 0 0 0 0
449 0 0 0 0
450 0 0 0 0
451 0 0 0 0
452 0 0 0 0
453 0 0 0 0
454 0 0 0 0
455 0 0 0 0
456 0 0 0 0
457 0 0 0 0
458 0 0 0 0
459 0 0 0 0
460 0 0 0 0
461 0 0 0 0
462 0 0 0 0
463 0 0 0 0
464 0 0 0 0
465 0 0 0 0
466 0 0 0 0
467 0 0 0 0
468 0 0 0 0
469 0 0 0 0
470 0 0 0 0
471 0 0 0 0
472 0 0 0 0
473 0 0 0 0
474 0 0 0 0
475 0 0 0 0
476 0 0 0 0
477 0 0 0 0
478 0 0 0 0
479 0 0 0 0
480 0 0 0 0
481 0 0 0 0
482 0 0 0 0
483 0 0 0 0
484 0 0 0 0
485 0 0 0 0
486 0 0 0 0
487 0 0 0 0
488 0 0 0 0
489 0 0 0 0
490 0 0 0 0
491 0 0 0 0
492 0 0 0 0
493 0 0 0 0
494 0 0 0 0
495 0 0 0 0
496 0 0 0 0
497 0 0 0 0
498 0 0 0 0
499 0 0 0 0
500 0 0 0 0
501 0 0 0 0
502 0 0 0 0
503 0 0 0 0
504 0 0 0 0
505 0 0 0 0
506 0 0 0 0
507 0 0 0 0
508 0 0 0 0
509 0 0 0 0
510 0 0 0 0
511 0 0 0 0
512 0 0 0 0
513 0 0 0 0
514 0 0 0 0
515 0 0 0 0
516 0 0 0 0
517 0 0 0 0
518 0 0 0 0
519 0 0 0 0
520 0 0 0 0
521 0 0 0 0
522 0 0 0 0
523 0 0 0 0
524 0 0 0 0
525 0 0 0 0
526 0 0 0 0
527 0 0 0 0
528 0 0 0 0
529 0 0 0 0
530 0 0 0 0
531 0 0 0 0
532 0 0 0 0
533 0 0 0 0
534 0 0 0 0
535 0 0 0 0
536 0 0 0 0
537 0 0 0 0
538 0 0 0 0
539 0 0 0 0
540 0 0 0 0
541 0 0 0 0
542 0 0 0 0
543 0 0 0 0
544 0 0 0 0
545 0 0 0 0
546 0 0 0 0
547 0 0 0 0
548 0 0 0 0
549 0 0 0 0
550 0 0 0 0
551 0 0 0 0
552 0 0 0 0
553 0 0 0 0
554 0 0 0 0
555 0 0 0 0
556 0 0 0 0
557 0 0 0 0
558 0 0 0 0
559 0 0 0 0
560 0 0 0 0
561 0 0 0 0
562 0 0 0 0
563 0 0 0 0
564 0 0 0 0
565 0 0 0 0
566 0 0 0 0
567 0 0 0 0
568 0 0 0 0
569 0 0 0 0
570 0 0 0 0
571 0 0 0 0
572 0 0 0 0
573 0 0 0 0
574 0 0 0 0
575 0 0 0 0
576 0 0 0 0
577 0 0 0 0
578 0 0 0 0
579 0 0 0 0
580 0 0 0 0
581 0 0 0 0
582 0 0 0 0
583 0 0 0 0
584 0 0 0 0
585 0 0 0 0
586 0 0 0 0
587 0 0 0 0
588 0 0 0 0
589 0 0 0 0
590 0 0 0 0
591 0 0 0 0
592 0 0 0 0
593 0 0 0 0
594 0 0 0 0
595 0 0 0 0
596 0 0 0 0
597 0 0 0 0
598 0 0 0 0
599 0 0 0 0
600 0 0 0 0
601 0 0 0 0
602 0 0 0 0
603 0 0 0 0
604 0 0 0 0
605 0 0 0 0
606 0 0 0 0
607 0 0 0 0
608 0 0 0 0
609 0 0 0 0
610 0 0 0 0
611 0 0 0 0
612 0 0 0 0
613 0 0 0 0
614 0 0 0 0
615 0 0 0 0
616 0 0 0 0
617 0 0 0 0
618 0 0 0 0
619 0 0 0 0
620 0 0 0 0
621 0 0 0 0
622 0 0 0 0
623 0 0 0 0
624 0 0 0 0
625 0 0 0 0
626 0 0 0 0
627 0 0 0 0
628 0 0 0 0
629 0 0 0 0
630 0 0 0 0
631 0 0 0 0
632 0 0 0 0
633 0 0 0 0
634 0 0 0 0
635 0 0 0 0
636 0 0 0 0
637 0 0 0 0
638 0 0 0 0
639 0 0 0 0
640 0 0 0 0
641 0 0 0 0
642 0 0 0 0
643 0 0 0 0
644 0 0 0 0
645 0 0 0 0
646 0 0 0 0
647 0 0 0 0
648 0 0 0 0
649 0 0 0 0
650 0 0 0 0
651 0 0 0 0
652 0 0 0 0
653 0 0 0 0
654 0 0 0 0
655 0 0 0 0
656 0 0 0 0
657 0 0 0 0
658 0 0 0 0
659 0 0 0 0
660 0 0 0 0
661 0 0 0 0
662 0 0 0 0
663 0 0 0 0
664 0 0 0 0
665 0 0 0 0
666 0 0 0 0
667 0 0 0 0
668 0 0 0 0
669 0 0 0 0
670 0 0 0 0
671 0 0 0 0
672 0 0 0 0
673 0 0 0 0
674 0 0 0 0
675 0 0 0 0
676 0 0 0 0
677 0 0 0 0
678 0 0 0 0
679 0 0 0 0
680 0 0 0 0
681 0 0 0 0
682 0 0 0 0
683 0 0 0 0
684 0 0 0 0
685 0 0 0 0
686 0 0 0 0
687 0 0 0 0
688 0 0 0 0
689 0 0 0 0
690 0 0 0 0
691 0 0 0 0
692 0 0 0 0
693 0 0 0 0
694 0 0 0 0
695 0 0 0 0
696 0 0 0 0
697 0 0 0 0
698 0 0 0 0
699 0 0 0 0
700 0 0 0 0
701 0 0 0 0
702 0 0 0 0
703 0 0 0 0
704 0 0 0 0
705 0 0 0 0
706 0 0 0 0
707 0 0 0 0
708 0 0 0 0
709 0 0 0 0
710 0 0 0 0
711 0 0 0 0
712 0 0 0 0
713 0 0 0 0
714 0 0 0 0
715 0 0 0 0
716 0 0 0 0
717 0 0 0 0
718 0 0 0 0
719 0 0 0 0
720 0 0 0 0
721 0 0 0 0
722 0 0 0 0
723 0 0 0 0
724 0 0 0 0
725 0 0 0 0
726 0 0 0 0
727 0 0 0 0
