0 0 0 0 0
1 0 0 0 0
2 0 0 0 0
3 0 0 0 0
4 0 0 0 0
5 0 1 1 0
6 0 0 0 0
7 0 0 0 0
8 0 0 0 0
9 0 1 2 1
10 0 0 0 0
11 0 0 0 0
12 0 0 0 1
13 0 0 0 1
14 0 0 0 0
15 0 0 0 0
16 0 0 0 2
17 0 0 0 0
18 0 0 0 0
19 1 0 0 0
20 0 0 0 0
21 0 0 0 0
22 1 0 0 0
23 0 0 0 0
24 0 0 0 0
25 0 0 0 0
26 1 0 0 0
27 0 1 0 0
28 0 1 0 0
29 0 0 0 0
30 2 0 0 0
31 0 0 0 1
32 0 0 0 1
33 0 0 0 0
34 1 0 0 0
35 0 2 0 0
36 0 0 0 0
37 1 0 0 0
38 1 0 0 0
39 1 1 1 1
40 1 0 0 0
41 1 0 0 0
42 2 1 0 1
43 2 0 1 1
44 2 0 1 0
45 1 1 0 0
46 1 0 0 2
47 1 0 1 1
48 0 0 1 1
49 0 0 1 0
50 0 0 2 0
51 1 1 1 1
52 1 1 1 1
53 0 0 1 0
54 1 0 0 1
55 1 0 0 3
56 0 0 0 1
57 0 0 0 1
58 0 0 0 1
59 0 1 0 2
60 2 1 0 0
61 2 1 0 0
62 2 0 0 0
63 1 0 0 0
64 1 1 0 1
65 2 2 0 1
66 1 1 0 1
67 2 1 0 0
68 1 0 0 1
69 0 1 0 1
70 0 2 1 1
71 2 1 0 1
72 2 1 1 1
73 0 0 0 1
74 1 0 0 2
75 2 0 1 1
76 1 1 2 1
77 1 1 1 1
78 1 0 0 0
79 2 1 0 2
80 2 0 0 3
81 0 1 0 1
82 1 1 0 0
83 1 1 0 0
84 2 4 0 1
85 1 1 0 0
86 2 0 0 2
87 2 0 0 0
88 3 1 0 2
89 1 2 2 1
90 1 1 0 1
91 2 1 1 3
92 0 1 1 1
93 1 0 0 1
94 4 1 0 1
95 3 0 0 0
96 2 0 1 3
97 1 2 1 1
98 0 2 0 1
99 2 2 2 2
100 4 0 2 1
101 3 1 0 1
102 3 0 1 1
103 3 1 0 2
104 1 2 1 5
105 1 3 2 2
106 2 1 2 3
107 4 2 1 1
108 3 0 0 2
109 4 1 1 2
110 4 1 0 2
111 5 0 0 2
112 7 2 3 2
113 5 0 1 4
114 7 3 0 2
115 6 1 3 0
116 8 2 3 0
117 3 3 3 1
118 3 1 4 1
119 6 3 2 8
120 4 4 1 2
121 6 4 4 3
122 5 1 1 2
123 10 3 2 6
124 3 5 2 9
125 5 4 1 8
126 1 2 5 2
127 3 4 1 6
128 5 5 2 8
129 5 1 3 3
130 7 4 1 5
131 9 2 3 8
132 9 4 1 10
133 8 1 1 6
134 3 3 2 2
135 5 1 3 4
136 9 4 5 3
137 7 5 1 5
138 9 5 2 5
139 7 3 2 5
140 4 2 4 7
141 15 7 2 4
142 11 1 3 6
143 7 2 3 5
144 9 5 0 7
145 11 4 4 10
146 6 10 5 7
147 12 8 3 5
148 8 2 5 2
149 13 5 2 3
150 11 6 8 12
151 18 3 4 13
152 15 8 1 11
153 14 6 3 11
154 10 4 3 11
155 14 5 6 4
156 18 13 6 6
157 10 5 5 8
158 8 15 4 7
159 13 6 4 10
160 12 12 3 15
161 11 11 6 8
162 13 6 3 20
163 17 6 3 16
164 16 9 6 13
165 17 8 9 14
166 10 8 4 11
167 15 7 4 12
168 15 8 3 17
169 15 9 6 11
170 19 9 5 11
171 18 9 3 9
172 16 5 5 14
173 15 11 5 15
174 15 6 8 13
175 13 7 5 10
176 21 9 5 12
177 17 10 6 16
178 21 13 4 13
179 15 11 8 14
180 18 10 7 11
181 18 7 10 17
182 20 8 8 12
183 15 10 8 21
184 13 9 5 20
185 17 14 6 20
186 26 14 3 20
187 18 16 5 17
188 19 7 9 12
189 14 12 7 12
190 18 11 3 20
191 8 17 8 12
192 21 10 9 19
193 14 13 5 15
194 17 11 6 21
195 19 9 7 21
196 21 4 6 24
197 20 14 7 20
198 20 9 5 21
199 22 11 5 11
200 18 9 8 13
201 16 10 13 20
202 16 9 7 21
203 14 12 5 12
204 13 8 10 17
205 11 12 5 18
206 17 10 12 18
207 13 9 8 13
208 13 10 8 20
209 10 12 5 12
210 10 8 4 21
211 12 12 5 19
212 8 9 6 19
213 9 7 8 23
214 8 5 7 11
215 17 9 2 19
216 11 4 2 15
217 5 6 5 14
218 9 5 6 13
219 9 5 5 12
220 8 8 5 10
221 2 6 4 13
222 8 2 3 13
223 9 5 4 8
224 11 9 8 11
225 15 5 4 9
226 11 2 1 8
227 6 6 4 9
228 5 6 1 15
229 9 4 5 7
230 7 7 2 7
231 5 7 2 14
232 4 6 2 9
233 4 4 3 5
234 4 6 6 7
235 2 8 1 7
236 1 2 3 11
237 3 3 4 12
238 3 3 2 12
239 3 2 3 4
240 6 3 0 4
241 3 2 2 6
242 3 1 2 9
243 3 2 1 5
244 6 3 1 8
245 4 1 1 4
246 4 2 2 3
247 4 3 1 1
248 4 1 1 5
249 4 2 1 2
250 2 0 3 3
251 2 2 0 3
252 3 3 1 3
253 3 6 1 6
254 3 4 3 4
255 7 1 0 1
256 2 2 2 2
257 2 2 1 5
258 0 3 0 1
259 0 0 3 3
260 2 1 4 8
261 2 1 2 9
262 0 1 2 1
263 3 0 2 2
264 0 2 1 3
265 1 1 0 5
266 2 0 1 4
267 1 0 0 4
268 0 1 2 2
269 1 1 1 1
270 1 0 1 2
271 1 0 0 1
272 1 1 0 2
273 0 0 0 2
274 2 0 1 1
275 1 2 0 1
276 2 1 0 0
277 1 0 0 0
278 1 0 1 0
279 2 0 1 2
280 0 1 0 1
281 1 1 1 1
282 0 0 0 2
283 0 2 0 1
284 0 1 0 0
285 0 1 0 2
286 1 0 1 0
287 1 1 0 2
288 1 1 0 0
289 0 0 0 0
290 1 1 0 1
291 1 0 0 2
292 0 0 0 2
293 0 0 0 1
294 0 0 0 0
295 0 0 1 0
296 0 0 1 0
297 0 1 0 1
298 0 0 0 0
299 0 1 0 0
300 1 0 1 0
301 0 0 0 0
302 0 0 0 1
303 0 0 0 1
304 0 0 0 2
305 0 0 1 0
306 0 0 0 1
307 0 0 0 0
308 0 0 0 0
309 0 0 0 1
310 1 0 0 0
311 0 0 0 0
312 0 0 0 0
313 0 0 0 0
314 0 0 0 0
315 0 0 0 0
316 0 0 0 0
317 0 0 0 0
318 0 0 0 0
319 0 0 1 0
320 0 0 0 0
321 0 0 0 0
322 1 0 0 0
323 1 0 0 1
324 0 0 0 0
325 0 0 0 0
326 0 0 0 0
327 0 0 0 0
328 0 0 0 0
329 0 0 0 0
330 0 0 0 0
331 0 1 0 0
332 0 1 0 0
333 0 0 0 0
334 0 0 0 0
335 0 0 0 0
336 0 0 0 0
337 0 0 0 0
338 0 0 0 1
339 0 0 0 1
340 0 0 0 0
341 0 0 0 0
342 0 0 0 0
343 0 0 0 0
344 0 0 0 0
345 0 0 0 0
346 0 0 0 0
347 0 0 0 0
348 0 0 0 0
349 0 0 0 0
350 0 0 0 0
351 0 0 0 0
352 0 0 0 0
353 0 0 0 0
354 0 0 0 0
355 0 0 0 0
356 0 0 0 0
357 0 0 0 0
358 0 0 0 0
359 0 0 0 0
360 0 0 0 0
361 0 0 0 0
362 0 0 0 0
363 0 0 0 0
364 0 0 0 0
365 0 0 0 0
366 0 0 0 0
367 0 0 0 0
368 0 0 0 0
369 0 0 0 0
370 0 0 0 0
371 0 0 0 0
372 0 0 0 0
373 0 0 0 0
374 0 0 0 0
375 0 0 0 0
376 0 0 0 0
377 0 0 0 0
378 0 0 0 0
379 0 0 0 0
380 0 0 0 0
381 0 0 0 0
382 0 0 0 0
383 0 0 0 0
384 0 0 0 0
385 0 0 0 0
386 0 0 0 0
387 0 0 0 0
388 0 0 0 0
389 0 0 0 0
390 0 0 0 0
391 0 0 0 0
392 0 0 0 0
393 0 0 0 0
394 0 0 0 0
395 0 0 0 0
396 0 0 0 0
397 0 0 0 0
398 0 0 0 0
399 0 0 0 0
400 0 0 0 0
401 0 0 0 0
402 0 0 0 0
403 0 0 0 0
404 0 0 0 0
405 0 0 0 0
406 0 0 0 0
407 0 0 0 0
408 0 0 0 0
409 0 0 0 0
410 0 0 0 0
411 0 0 0 0
412 0 0 0 0
413 0 0 0 0
414 0 0 0 0
415 0 0 0 0
416 0 0 0 0
417 0 0 0 0
418 0 0 0 0
419 0 0 0 0
420 0 0 0 0
421 0 0 0 0
422 0 0 0 0
423 0 0 0 0
424 0 0 0 0
425 0 0 0 0
426 0 0 0 0
427 0 0 0 0
428 0 0 0 0
429 0 0 0 0
430 0 0 0 0
431 0 0 0 0
432 0 0 0 0
433 0 0 0 0
434 0 0 0 0
435 0 0 0 0
436 0 0 0 0
437 0 0 0 0
438 0 0 0 0
439 0 0 0 0
440 0 0 0 0
441 0 0 0 0
442 0 0 0 0
443 0 0 0 0
444 0 0 0 0
445 0 0 0 0
446 0 0 0 0
447 0 0 0 0
448 0 0 0 0
449 0 0 0 0
450 0 0 0 0
451 0 0 0 0
452 0 0 0 0
453 0 0 0 0
454 0 0 0 0
455 0 0 0 0
456 0 0 0 0
457 0 0 0 0
458 0 0 0 0
459 0 0 0 0
460 0 0 0 0
461 0 0 0 0
462 0 0 0 0
463 0 0 0 0
464 0 0 0 0
465 0 0 0 0
466 0 0 0 0
467 0 0 0 0
468 0 0 0 0
469 0 0 0 0
470 0 0 0 0
471 0 0 0 0
472 0 0 0 0
473 0 0 0 0
474 0 0 0 0
475 0 0 0 0
476 0 0 0 0
477 0 0 0 0
478 0 0 0 0
479 0 0 0 0
480 0 0 0 0
481 0 0 0 0
482 0 0 0 0
483 0 0 0 0
484 0 0 0 0
485 0 0 0 0
486 0 0 0 0
487 0 0 0 0
488 0 0 0 0
489 0 0 0 0
490 0 0 0 0
491 0 0 0 0
492 0 0 0 0
493 0 0 0 0
494 0 0 0 0
495 0 0 0 0
496 0 0 0 0
497 0 0 0 0
498 0 0 0 0
499 0 0 0 0
500 0 0 0 0
501 0 0 0 0
502 0 0 0 0
503 0 0 0 0
504 0 0 0 0
505 0 0 0 0
506 0 0 0 0
507 0 0 0 0
508 0 0 0 0
509 0 0 0 0
510 0 0 0 0
511 0 0 0 0
512 0 0 0 0
513 0 0 0 0
514 0 0 0 0
515 0 0 0 0
516 0 0 0 0
517 0 0 0 0
518 0 0 0 0
519 0 0 0 0
520 0 0 0 0
521 0 0 0 0
522 0 0 0 0
523 0 0 0 0
524 0 0 0 0
525 0 0 0 0
526 0 0 0 0
527 0 0 0 0
528 0 0 0 0
529 0 0 0 0
530 0 0 0 0
531 0 0 0 0
532 0 0 0 0
533 0 0 0 0
534 0 0 0 0
535 0 0 0 0
536 0 0 0 0
537 0 0 0 0
538 0 0 0 0
539 0 0 0 0
540 0 0 0 0
541 0 0 0 0
542 0 0 0 0
543 0 0 0 0
544 0 0 0 0
545 0 0 0 0
546 0 0 0 0
547 0 0 0 0
548 0 0 0 0
549 0 0 0 0
550 0 0 0 0
551 0 0 0 0
552 0 0 0 0
553 0 0 0 0
554 0 0 0 0
555 0 0 0 0
556 0 0 0 0
557 0 0 0 0
558 0 0 0 0
559 0 0 0 0
560 0 0 0 0
561 0 0 0 0
562 0 0 0 0
563 0 0 0 0
564 0 0 0 0
565 0 0 0 0
566 0 0 0 0
567 0 0 0 0
568 0 0 0 0
569 0 0 0 0
570 0 0 0 0
571 0 0 0 0
572 0 0 0 0
573 0 0 0 0
574 0 0 0 0
575 0 0 0 0
576 0 0 0 0
577 0 0 0 0
578 0 0 0 0
579 0 0 0 0
580 0 0 0 0
581 0 0 0 0
582 0 0 0 0
583 0 0 0 0
584 0 0 0 0
585 0 0 0 0
586 0 0 0 0
587 0 0 0 0
588 0 0 0 0
589 0 0 0 0
590 0 0 0 0
591 0 0 0 0
592 0 0 0 0
593 0 0 0 0
594 0 0 0 0
595 0 0 0 0
596 0 0 0 0
597 0 0 0 0
598 0 0 0 0
599 0 0 0 0
600 0 0 0 0
601 0 0 0 0
602 0 0 0 0
603 0 0 0 0
604 0 0 0 0
605 0 0 0 0
606 0 0 0 0
607 0 0 0 0
608 0 0 0 0
609 0 0 0 0
610 0 0 0 0
611 0 0 0 0
612 0 0 0 0
613 0 0 0 0
614 0 0 0 0
615 0 0 0 0
616 0 0 0 0
617 0 0 0 0
618 0 0 0 0
619 0 0 0 0
620 0 0 0 0
621 0 0 0 0
622 0 0 0 0
623 0 0 0 0
624 0 0 0 0
625 0 0 0 0
626 0 0 0 0
627 0 0 0 0
628 0 0 0 0
629 0 0 0 0
630 0 0 0 0
631 0 0 0 0
632 0 0 0 0
633 0 0 0 0
634 0 0 0 0
635 0 0 0 0
636 0 0 0 0
637 0 0 0 0
638 0 0 0 0
639 0 0 0 0
640 0 0 0 0
641 0 0 0 0
642 0 0 0 0
643 0 0 0 0
644 0 0 0 0
645 0 0 0 0
646 0 0 0 0
647 0 0 0 0
648 0 0 0 0
649 0 0 0 0
650 0 0 0 0
651 0 0 0 0
652 0 0 0 0
653 0 0 0 0
654 0 0 0 0
655 0 0 0 0
656 0 0 0 0
657 0 0 0 0
658 0 0 0 0
659 0 0 0 0
660 0 0 0 0
661 0 0 0 0
662 0 0 0 0
663 0 0 0 0
664 0 0 0 0
665 0 0 0 0
666 0 0 0 0
667 0 0 0 0
668 0 0 0 0
669 0 0 0 0
670 0 0 0 0
671 0 0 0 0
672 0 0 0 0
673 0 0 0 0
674 0 0 0 0
675 0 0 0 0
676 0 0 0 0
677 0 0 0 0
678 0 0 0 0
679 0 0 0 0
680 0 0 0 0
681 0 0 0 0
682 0 0 0 0
683 0 0 0 0
684 0 0 0 0
685 0 0 0 0
686 0 0 0 0
687 0 0 0 0
688 0 0 0 0
689 0 0 0 0
690 0 0 0 0
691 0 0 0 0
692 0 0 0 0
693 0 0 0 0
694 0 0 0 0
695 0 0 0 0
696 0 0 0 0
697 0 0 0 0
698 0 0 0 0
699 0 0 0 0
700 0 0 0 0
701 0 0 0 0
702 0 0 0 0
703 0 0 0 0
704 0 0 0 0
705 0 0 0 0
706 0 0 0 0
707 0 0 0 0
708 0 0 0 0
709 0 0 0 0
710 0 0 0 0
711 0 0 0 0
712 0 0 0 0
713 0 0 0 0
714 0 0 0 0
715 0 0 0 0
716 0 0 0 0
717 0 0 0 0
718 0 0 0 0
719 0 0 0 0
720 0 0 0 0
721 0 0 0 0
722 0 0 0 0
723 0 0 0 0
724 0 0 0 0
725 0 0 0 0
726 0 0 0 0
727 0 0 0 0
