0 0 0 0 0
1 0 0 0 0
2 0 0 0 0
3 0 0 0 0
4 0 0 0 0
5 0 2 0 0
6 0 1 0 0
7 0 0 0 0
8 0 0 0 0
9 0 0 2 2
10 0 0 0 1
11 0 0 0 0
12 0 0 0 0
13 0 0 0 1
14 0 0 0 0
15 0 0 0 0
16 0 0 0 1
17 0 0 0 0
18 1 0 0 0
19 2 0 0 0
20 0 0 0 0
21 1 0 0 0
22 1 0 0 0
23 0 0 1 0
24 1 2 0 0
25 1 0 0 0
26 1 0 0 0
27 0 1 0 0
28 0 0 0 2
29 1 0 0 0
30 1 1 1 1
31 1 1 0 0
32 0 0 0 1
33 0 1 0 0
34 0 0 0 0
35 0 0 1 1
36 1 0 0 0
37 0 0 0 2
38 0 1 0 0
39 0 0 0 0
40 1 0 1 1
41 0 0 0 1
42 0 0 0 1
43 1 1 0 0
44 0 0 0 0
45 0 0 0 0
46 0 0 0 0
47 2 0 0 2
48 2 0 0 0
49 2 1 0 0
50 0 0 0 0
51 1 0 0 0
52 3 2 1 0
53 0 0 0 0
54 2 2 0 0
55 1 0 0 0
56 0 1 0 2
57 0 2 2 0
58 0 1 0 1
59 1 0 1 2
60 1 0 2 1
61 1 0 0 2
62 1 0 0 1
63 1 0 0 0
64 0 0 0 4
65 0 0 1 0
66 0 0 0 1
67 0 0 0 1
68 2 1 0 0
69 1 1 0 1
70 1 1 0 0
71 1 1 0 0
72 0 0 0 0
73 1 0 1 0
74 0 1 0 1
75 1 1 0 1
76 0 0 1 1
77 0 1 0 1
78 1 0 0 0
79 0 0 0 1
80 1 0 0 1
81 1 0 0 2
82 0 0 1 0
83 0 0 0 1
84 2 1 1 0
85 1 0 0 0
86 2 0 1 0
87 4 0 0 0
88 3 0 0 0
89 3 2 0 1
90 1 1 0 2
91 1 0 0 1
92 2 1 1 0
93 1 0 4 0
94 1 1 0 1
95 1 1 1 0
96 0 2 0 4
97 2 1 1 3
98 1 1 2 1
99 2 1 0 1
100 0 1 0 2
101 2 1 0 1
102 2 0 1 3
103 2 0 1 1
104 3 0 0 1
105 2 0 0 2
106 2 0 2 2
107 2 1 0 2
108 4 2 2 0
109 2 2 1 0
110 2 2 1 2
111 3 2 0 0
112 6 2 0 2
113 2 2 1 2
114 4 1 1 1
115 5 2 2 4
116 3 1 0 2
117 2 5 1 4
118 3 2 0 2
119 4 1 1 4
120 4 3 3 3
121 2 0 3 2
122 5 0 0 2
123 0 3 2 2
124 3 2 2 4
125 4 1 2 3
126 3 2 1 2
127 5 1 3 5
128 7 1 1 3
129 8 3 0 0
130 5 1 0 5
131 7 1 1 5
132 5 4 2 4
133 8 4 1 4
134 5 2 4 2
135 8 2 0 2
136 10 2 1 4
137 6 3 3 4
138 8 3 5 3
139 11 2 7 4
140 9 8 5 7
141 8 4 3 7
142 6 6 3 2
143 5 5 1 3
144 11 4 1 7
145 6 5 5 8
146 8 2 3 11
147 5 2 7 10
148 12 4 5 8
149 9 4 4 9
150 8 5 0 5
151 7 4 2 11
152 8 3 2 12
153 1 9 6 7
154 11 5 5 5
155 16 6 3 3
156 12 8 1 5
157 9 7 2 8
158 12 3 1 10
159 12 4 3 9
160 12 5 2 9
161 10 5 4 8
162 15 5 1 6
163 11 8 5 13
164 14 10 6 12
165 9 6 4 6
166 8 5 7 4
167 9 7 7 8
168 9 7 5 11
169 11 11 4 8
170 13 4 2 13
171 7 2 7 21
172 7 6 7 10
173 14 7 3 10
174 16 5 4 8
175 7 9 2 11
176 9 3 4 16
177 13 4 3 9
178 13 6 7 10
179 15 8 7 8
180 18 2 4 12
181 17 4 6 5
182 15 8 6 15
183 17 7 10 8
184 23 7 6 10
185 20 7 5 13
186 17 8 7 15
187 23 6 6 9
188 13 6 4 13
189 5 10 10 13
190 16 14 8 18
191 10 14 4 11
192 12 15 11 9
193 10 11 6 12
194 19 1 6 16
195 20 15 4 16
196 17 5 11 31
197 23 6 9 22
198 15 3 4 13
199 19 7 5 16
200 16 5 10 14
201 16 11 5 12
202 27 10 10 12
203 19 12 9 16
204 13 7 7 12
205 18 8 7 11
206 21 11 6 18
207 9 18 8 19
208 12 18 6 18
209 16 10 4 17
210 12 7 12 20
211 10 9 3 14
212 5 9 8 22
213 12 10 3 18
214 11 8 6 24
215 6 16 6 14
216 3 6 1 17
217 8 3 6 18
218 6 10 4 13
219 10 6 3 22
220 2 5 4 6
221 7 3 2 7
222 8 3 7 16
223 11 5 2 10
224 11 5 5 11
225 6 2 0 7
226 5 5 3 10
227 6 6 2 6
228 2 6 3 10
229 5 6 1 7
230 5 1 4 9
231 5 4 4 10
232 2 4 3 4
233 5 4 3 6
234 1 2 1 5
235 2 2 0 11
236 2 2 3 10
237 3 1 3 6
238 2 2 4 3
239 1 0 3 2
240 4 4 0 6
241 3 3 0 4
242 3 2 2 6
243 1 1 0 6
244 1 2 0 4
245 0 2 0 2
246 0 3 2 4
247 2 1 2 1
248 1 0 0 3
249 2 2 1 3
250 1 0 0 4
251 2 1 0 3
252 3 1 1 0
253 1 1 1 3
254 2 1 1 1
255 3 0 0 0
256 1 1 0 3
257 1 1 1 2
258 4 1 0 3
259 1 1 0 1
260 2 0 3 1
261 0 1 1 2
262 1 1 0 0
263 1 4 1 0
264 0 0 1 2
265 0 1 0 3
266 0 0 1 2
267 0 0 1 6
268 0 1 0 1
269 0 1 0 1
270 1 0 0 0
271 2 0 0 0
272 1 1 0 0
273 1 0 0 1
274 2 0 0 2
275 2 1 0 1
276 1 1 1 1
277 2 0 0 0
278 1 1 0 0
279 0 0 1 0
280 2 0 1 1
281 0 1 1 0
282 1 1 0 1
283 1 0 1 2
284 2 0 1 0
285 0 2 0 1
286 2 0 1 2
287 0 1 0 2
288 1 0 1 1
289 0 0 1 0
290 0 0 0 1
291 0 0 1 1
292 0 0 0 3
293 1 0 1 0
294 0 0 0 1
295 1 2 0 1
296 0 0 0 1
297 0 0 1 0
298 1 0 0 0
299 0 0 0 1
300 1 0 0 1
301 1 0 0 0
302 0 0 1 1
303 0 0 0 0
304 0 1 0 1
305 0 0 0 0
306 0 1 0 0
307 1 0 1 0
308 0 0 1 1
309 1 0 0 1
310 0 0 0 0
311 0 0 0 0
312 0 1 0 0
313 0 0 0 1
314 0 0 0 1
315 0 0 0 1
316 0 0 0 1
317 0 0 0 0
318 0 0 1 0
319 0 0 0 0
320 1 0 0 0
321 1 0 0 0
322 0 0 0 0
323 0 0 0 0
324 0 0 0 0
325 0 0 0 1
326 0 0 0 0
327 0 0 0 0
328 0 0 0 0
329 0 0 1 0
330 0 0 1 0
331 0 0 0 0
332 0 0 0 0
333 0 0 0 1
334 0 0 0 0
335 0 0 0 0
336 0 0 0 0
337 0 0 0 1
338 0 0 0 0
339 0 0 0 0
340 0 0 0 0
341 0 0 0 0
342 0 0 0 0
343 0 0 0 0
344 0 0 0 0
345 0 0 0 0
346 0 0 0 0
347 0 0 0 0
348 1 0 0 0
349 0 0 0 0
350 1 0 0 0
351 0 0 0 0
352 0 0 0 0
353 0 1 0 0
354 1 0 0 0
355 1 0 0 0
356 0 0 0 0
357 1 0 0 0
358 1 0 0 0
359 0 1 0 0
360 0 0 1 1
361 0 0 0 0
362 0 1 0 0
363 0 1 1 0
364 0 0 0 1
365 0 0 0 0
366 0 0 0 2
367 0 0 0 2
368 0 0 0 0
369 0 0 0 0
370 0 0 0 0
371 0 0 0 0
372 0 0 0 0
373 0 0 0 0
374 0 0 0 0
375 0 0 0 0
376 0 0 0 0
377 1 0 0 0
378 0 0 0 0
379 0 0 0 0
380 0 0 0 0
381 0 0 0 0
382 1 0 1 0
383 0 0 0 0
384 0 0 0 0
385 0 0 0 0
386 0 0 0 1
387 0 1 0 0
388 0 0 0 0
389 1 0 0 0
390 0 0 0 0
391 0 0 0 1
392 0 0 0 0
393 0 0 0 0
394 1 0 0 0
395 1 0 0 0
396 0 0 0 0
397 0 0 0 0
398 0 0 1 0
399 0 0 0 0
400 0 0 0 0
401 0 0 0 0
402 0 0 0 0
403 0 1 0 0
404 0 1 0 0
405 0 0 0 1
406 0 0 0 0
407 0 0 0 1
408 0 0 0 0
409 0 0 0 1
410 0 0 0 0
411 0 0 0 0
412 0 0 0 0
413 0 0 0 0
414 1 0 0 0
415 0 0 0 0
416 1 0 0 0
417 0 0 0 0
418 0 0 0 0
419 0 0 1 0
420 0 0 0 0
421 1 0 0 0
422 0 0 0 0
423 0 0 0 1
424 0 0 0 0
425 0 0 1 0
426 0 1 0 0
427 0 0 0 0
428 1 0 0 0
429 0 0 0 1
430 0 0 0 1
431 0 0 0 0
432 0 0 0 0
433 0 0 0 0
434 0 0 0 0
435 0 0 0 0
436 0 0 0 0
437 0 0 1 0
438 1 0 0 0
439 1 0 0 0
440 0 0 0 0
441 1 0 0 1
442 1 0 0 0
443 0 0 1 0
444 0 1 0 0
445 0 0 0 0
446 0 0 0 0
447 0 0 2 1
448 0 0 0 0
449 0 0 0 0
450 0 0 0 0
451 0 0 0 3
452 0 0 0 0
453 0 0 0 0
454 1 0 0 0
455 0 0 0 0
456 0 0 0 0
457 1 0 0 0
458 3 0 0 0
459 2 1 0 0
460 2 0 0 0
461 0 0 0 0
462 1 0 0 0
463 0 2 0 0
464 1 2 0 0
465 1 1 0 0
466 2 0 1 1
467 2 1 0 1
468 0 0 0 0
469 1 1 0 1
470 1 0 0 2
471 0 2 0 2
472 1 1 0 0
473 0 1 0 0
474 0 2 0 1
475 0 1 0 2
476 1 1 0 1
477 2 0 0 1
478 1 0 0 1
479 3 2 0 2
480 1 0 0 0
481 2 1 0 1
482 1 0 1 0
483 2 1 0 1
484 1 2 0 0
485 0 0 1 0
486 1 0 1 2
487 0 0 0 0
488 1 1 0 2
489 1 1 0 2
490 0 1 1 1
491 1 0 1 1
492 0 1 1 1
493 0 1 0 1
494 0 1 0 1
495 1 1 0 0
496 0 1 0 2
497 1 0 0 2
498 1 0 0 2
499 0 0 0 1
500 1 0 1 1
501 4 0 0 0
502 1 0 1 1
503 2 0 0 0
504 5 0 0 0
505 2 0 0 0
506 1 2 1 0
507 2 0 2 1
508 3 0 0 0
509 4 1 1 1
510 2 1 2 2
511 0 1 1 2
512 3 1 3 0
513 2 3 0 2
514 5 1 1 2
515 2 1 1 2
516 1 0 0 1
517 2 6 1 1
518 4 1 0 2
519 3 2 1 3
520 3 0 1 3
521 3 0 0 3
522 3 3 1 3
523 1 3 1 2
524 3 2 1 5
525 1 0 3 1
526 5 2 0 3
527 2 3 0 4
528 3 1 1 1
529 4 1 0 4
530 3 1 0 1
531 4 3 1 4
532 1 1 1 2
533 1 4 1 1
534 4 2 1 3
535 4 2 2 1
536 6 1 1 1
537 5 0 0 1
538 3 3 0 4
539 0 2 2 6
540 5 2 4 3
541 6 2 1 3
542 3 0 3 0
543 1 1 2 4
544 6 1 0 3
545 4 5 2 4
546 4 4 2 3
547 6 1 2 5
548 2 0 0 2
549 3 3 2 5
550 4 5 0 6
551 2 3 0 1
552 5 2 2 4
553 5 2 2 5
554 4 2 2 5
555 1 4 0 3
556 4 2 3 4
557 3 4 1 5
558 7 2 2 3
559 5 2 1 5
560 5 0 0 2
561 9 1 2 4
562 8 2 1 2
563 7 6 0 3
564 4 3 1 3
565 7 2 1 4
566 6 8 1 3
567 2 3 5 3
568 7 4 2 5
569 2 4 2 6
570 2 5 3 8
571 6 4 2 2
572 4 6 1 4
573 5 4 1 8
574 4 2 0 11
575 3 3 1 4
576 3 3 1 5
577 6 2 3 7
578 8 0 4 4
579 1 0 1 7
580 4 2 0 5
581 3 3 2 4
582 3 4 2 5
583 2 5 6 1
584 3 2 1 4
585 3 2 2 2
586 3 1 3 4
587 0 1 0 4
588 5 1 0 6
589 2 2 2 6
590 4 2 1 8
591 5 4 1 2
592 2 0 1 1
593 2 1 2 6
594 1 0 2 2
595 2 2 2 3
596 3 1 1 2
597 3 0 3 3
598 4 0 2 3
599 6 1 1 1
600 2 3 2 2
601 1 1 1 4
602 2 2 0 4
603 3 1 2 4
604 2 3 1 5
605 3 1 1 1
606 1 3 0 1
607 3 2 2 2
608 4 2 0 3
609 3 1 1 2
610 2 0 1 2
611 2 1 0 4
612 2 3 1 2
613 2 1 2 5
614 1 3 1 3
615 1 0 0 0
616 2 1 1 3
617 2 2 2 2
618 1 2 1 2
619 0 1 2 2
620 0 1 0 2
621 2 2 0 6
622 2 0 0 2
623 1 1 0 4
624 0 2 0 1
625 3 0 1 2
626 2 2 0 0
627 1 0 1 1
628 1 1 1 3
629 0 0 0 0
630 1 0 2 2
631 1 0 1 0
632 2 0 1 2
633 0 0 0 1
634 1 2 0 2
635 0 1 0 1
636 0 1 0 0
637 0 3 0 1
638 0 0 0 2
639 1 1 1 2
640 0 0 0 1
641 0 0 0 2
642 0 0 0 0
643 2 0 0 2
644 0 1 0 2
645 1 0 0 0
646 0 0 0 0
647 0 0 0 0
648 0 0 1 1
649 0 0 0 0
650 0 1 0 0
651 0 0 0 0
652 0 1 0 0
653 0 0 0 1
654 0 0 0 0
655 0 0 0 0
656 0 0 0 0
657 0 0 0 1
658 0 0 0 0
659 0 0 0 1
660 0 0 0 0
661 1 0 0 0
662 0 0 0 0
663 0 0 0 0
664 0 0 0 0
665 0 0 0 0
666 0 0 1 0
667 0 0 0 0
668 0 0 0 0
669 0 0 0 0
670 0 0 0 0
671 0 0 0 0
672 0 0 0 0
673 0 0 0 1
674 1 0 0 0
675 0 0 0 0
676 0 0 0 0
677 1 0 0 0
678 1 0 0 0
679 0 0 1 0
680 1 0 0 0
681 0 0 0 0
682 1 1 0 0
683 0 0 0 0
684 0 0 0 0
685 0 1 0 0
686 0 0 0 1
687 0 1 1 0
688 0 0 0 0
689 0 0 0 1
690 0 0 0 0
691 0 0 0 1
692 0 0 0 1
693 0 0 0 0
694 0 0 0 1
695 0 0 0 0
696 0 0 0 0
697 0 0 0 0
698 0 0 0 0
699 0 0 0 0
700 0 0 0 0
701 0 0 0 0
702 0 0 0 0
703 0 0 0 0
704 0 0 0 0
705 0 0 0 0
706 0 0 0 0
707 0 0 0 0
708 0 0 0 0
709 0 0 0 0
710 0 0 0 0
711 0 0 0 0
712 0 0 0 0
713 0 0 0 0
714 0 0 0 0
715 0 0 0 0
716 0 0 0 0
717 0 0 0 0
718 0 0 0 0
719 0 0 0 0
720 0 0 0 0
721 0 0 0 0
722 0 0 0 0
723 0 0 0 0
724 0 0 0 0
725 0 0 0 0
726 0 0 0 0
727 0 0 0 0
