0 0 0 0 0
1 0 0 0 0
2 0 0 0 0
3 0 0 0 0
4 0 0 0 0
5 0 0 2 0
6 0 0 0 0
7 0 1 0 0
8 0 0 1 0
9 0 1 0 1
10 0 0 0 0
11 0 0 0 1
12 0 0 0 1
13 0 0 0 1
14 0 0 0 0
15 1 0 0 1
16 1 0 0 0
17 1 0 0 0
18 1 0 0 0
19 2 0 0 0
20 0 0 1 0
21 0 1 0 0
22 1 0 1 0
23 0 0 0 0
24 0 0 1 0
25 2 1 0 1
26 1 0 0 1
27 0 0 1 1
28 0 0 1 0
29 0 0 0 1
30 1 2 0 0
31 3 0 0 1
32 1 0 0 0
33 1 0 0 0
34 0 0 0 3
35 1 2 0 1
36 0 2 0 0
37 1 0 1 0
38 1 0 0 0
39 2 0 0 0
40 1 2 0 1
41 3 0 0 0
42 3 0 1 2
43 4 0 1 1
44 1 1 1 2
45 2 0 1 0
46 2 3 1 1
47 2 1 2 1
48 3 1 1 1
49 1 0 0 2
50 1 1 1 3
51 1 0 1 3
52 1 3 0 1
53 1 2 1 2
54 0 1 0 1
55 2 0 1 2
56 4 2 0 2
57 2 1 1 2
58 3 0 0 0
59 3 1 0 1
60 0 1 0 4
61 2 1 1 3
62 1 1 1 1
63 2 0 0 1
64 2 2 0 1
65 4 0 2 2
66 4 1 1 2
67 3 3 1 0
68 3 3 0 1
69 4 0 0 1
70 2 2 1 2
71 1 2 0 2
72 3 3 0 3
73 0 3 2 0
74 2 3 1 5
75 1 2 1 3
76 3 0 1 2
77 0 0 1 4
78 2 1 1 3
79 1 1 0 1
80 2 1 1 3
81 4 1 3 2
82 2 0 0 4
83 1 4 0 0
84 6 0 0 2
85 5 1 1 3
86 3 1 1 0
87 1 1 1 5
88 4 0 2 2
89 3 5 2 0
90 2 3 2 1
91 2 0 2 2
92 3 1 0 2
93 1 1 1 6
94 4 2 2 2
95 3 1 0 3
96 4 1 1 2
97 2 3 2 5
98 2 1 0 4
99 1 2 0 1
100 1 0 1 2
101 2 2 0 5
102 2 0 1 1
103 3 2 3 0
104 5 1 0 2
105 4 1 2 2
106 4 1 2 1
107 5 2 1 4
108 3 2 1 1
109 7 1 0 4
110 6 4 0 3
111 10 2 1 1
112 4 1 1 1
113 6 3 4 3
114 5 4 1 6
115 7 3 2 3
116 3 8 2 1
117 6 2 0 6
118 4 2 7 3
119 9 2 1 3
120 3 5 5 10
121 0 1 3 5
122 4 2 2 8
123 6 3 5 3
124 3 3 4 6
125 6 1 3 5
126 4 2 1 4
127 1 1 2 9
128 5 2 2 7
129 6 0 1 5
130 4 0 2 5
131 9 2 0 4
132 4 2 3 2
133 9 4 3 3
134 3 6 0 4
135 7 2 4 5
136 6 5 0 2
137 7 1 1 5
138 8 6 3 4
139 7 1 0 7
140 7 6 3 4
141 12 6 1 4
142 8 5 6 10
143 13 3 5 2
144 10 5 3 5
145 7 2 3 4
146 11 4 1 7
147 6 6 3 9
148 8 4 4 8
149 8 4 4 9
150 9 8 4 5
151 10 4 3 8
152 8 6 2 7
153 8 6 2 8
154 5 5 2 8
155 3 5 6 7
156 4 5 5 7
157 7 6 5 13
158 5 6 3 12
159 7 4 2 11
160 9 4 0 4
161 14 3 2 5
162 15 4 4 7
163 16 2 3 13
164 22 3 3 7
165 6 4 5 8
166 13 4 4 7
167 16 2 9 5
168 10 12 4 5
169 10 9 5 8
170 9 6 1 8
171 9 8 5 10
172 10 5 6 15
173 8 12 2 11
174 10 5 7 6
175 8 7 7 16
176 15 11 4 10
177 11 7 2 10
178 9 8 2 13
179 16 4 5 13
180 16 6 1 17
181 13 9 4 9
182 9 7 5 9
183 17 6 2 12
184 16 7 7 9
185 18 6 10 14
186 21 6 2 9
187 16 8 3 9
188 23 10 5 14
189 8 11 6 11
190 14 10 9 7
191 10 11 6 10
192 15 7 8 17
193 17 13 6 9
194 16 4 4 18
195 7 11 6 17
196 16 8 8 18
197 16 10 7 21
198 16 11 5 9
199 10 6 4 19
200 16 7 2 17
201 13 11 6 12
202 17 8 7 13
203 15 10 10 16
204 13 6 4 17
205 12 9 6 14
206 12 6 4 13
207 16 10 4 16
208 14 6 3 15
209 9 11 5 14
210 8 8 5 14
211 12 10 6 14
212 7 9 8 8
213 6 7 5 14
214 9 8 5 12
215 7 7 5 14
216 7 7 10 16
217 8 5 6 11
218 13 3 5 14
219 9 3 2 15
220 7 5 1 15
221 4 3 3 14
222 6 4 3 9
223 8 7 4 9
224 7 5 6 9
225 9 4 1 9
226 7 3 2 7
227 7 5 3 9
228 6 5 5 9
229 8 7 2 6
230 12 2 4 5
231 7 5 3 8
232 3 3 3 7
233 8 5 1 12
234 9 6 1 4
235 9 6 4 10
236 3 4 1 5
237 8 2 3 6
238 2 9 2 6
239 3 3 2 5
240 6 8 4 9
241 2 2 1 10
242 4 6 2 15
243 3 4 3 1
244 5 2 2 6
245 2 3 0 5
246 4 5 1 9
247 1 2 1 8
248 4 2 1 4
249 6 4 3 6
250 3 1 0 8
251 2 3 2 1
252 0 3 0 2
253 1 2 2 5
254 3 4 1 3
255 2 1 3 5
256 1 1 0 4
257 1 0 1 3
258 1 2 1 4
259 0 2 0 4
260 0 3 1 2
261 0 1 0 4
262 2 1 0 4
263 1 1 1 2
264 1 0 0 3
265 1 0 0 2
266 1 1 0 1
267 2 0 0 3
268 1 0 0 0
269 0 1 0 1
270 1 1 0 0
271 3 2 1 1
272 3 1 0 0
273 3 0 0 1
274 0 0 0 0
275 2 0 0 2
276 2 1 3 0
277 0 1 0 1
278 0 1 0 1
279 1 1 0 1
280 1 1 1 2
281 0 2 2 0
282 2 2 0 0
283 2 0 0 2
284 1 1 1 1
285 1 2 0 3
286 0 0 0 2
287 0 0 1 2
288 0 2 0 2
289 0 0 0 2
290 0 0 0 0
291 1 1 0 2
292 0 0 0 2
293 1 1 0 0
294 2 0 1 1
295 0 0 0 1
296 0 1 0 0
297 1 0 0 0
298 0 0 1 2
299 1 0 1 0
300 1 0 0 1
301 2 0 0 0
302 1 0 0 1
303 1 0 1 1
304 0 0 0 0
305 0 1 0 0
306 0 0 2 1
307 1 0 0 1
308 1 0 1 0
309 0 0 0 0
310 0 1 0 1
311 0 0 1 0
312 1 2 0 2
313 0 1 0 1
314 0 0 0 1
315 0 0 0 1
316 1 0 0 2
317 0 1 0 0
318 0 0 0 0
319 0 0 0 0
320 0 0 0 1
321 0 0 1 0
322 0 0 0 0
323 1 0 0 0
324 0 0 0 1
325 0 0 0 0
326 0 0 0 0
327 1 0 0 0
328 0 1 0 1
329 0 0 0 0
330 0 0 0 0
331 0 0 0 0
332 0 0 0 1
333 0 0 0 0
334 0 0 0 0
335 0 0 0 0
336 0 0 1 0
337 0 0 0 0
338 0 0 0 0
339 0 0 0 0
340 0 0 0 0
341 0 0 0 0
342 0 0 0 0
343 0 0 0 1
344 0 0 0 0
345 0 0 0 0
346 0 0 0 0
347 0 0 0 0
348 0 0 0 0
349 0 0 0 0
350 0 0 0 0
351 0 0 0 0
352 0 0 0 0
353 0 0 0 0
354 0 0 0 0
355 0 0 0 0
356 0 0 0 0
357 0 0 0 0
358 0 0 0 0
359 0 0 0 0
360 0 0 0 0
361 0 0 0 0
362 0 0 0 0
363 0 0 0 0
364 0 0 0 0
365 0 0 0 0
366 0 0 0 0
367 0 0 0 0
368 0 0 0 0
369 0 0 0 0
370 0 0 0 0
371 0 0 0 0
372 0 0 0 0
373 0 0 0 0
374 0 0 0 0
375 0 0 0 0
376 0 0 0 0
377 0 0 0 0
378 0 0 0 0
379 0 0 0 0
380 0 0 0 0
381 0 0 0 0
382 0 0 0 0
383 0 0 0 0
384 0 0 0 0
385 0 0 0 0
386 0 0 0 0
387 0 0 0 0
388 0 0 0 0
389 0 0 0 0
390 0 0 0 0
391 0 0 0 0
392 0 0 0 0
393 0 0 0 0
394 0 0 0 0
395 0 0 0 0
396 0 0 0 0
397 0 0 0 0
398 0 0 0 0
399 0 0 0 0
400 0 0 0 0
401 0 0 0 0
402 0 0 0 0
403 0 0 0 0
404 0 0 0 0
405 0 0 0 0
406 0 0 0 0
407 0 0 0 0
408 0 0 0 0
409 0 0 0 0
410 0 0 0 0
411 0 0 0 0
412 0 0 0 0
413 0 0 0 0
414 0 0 0 0
415 0 0 0 0
416 0 0 0 0
417 0 0 0 0
418 0 0 0 0
419 0 0 0 0
420 0 0 0 0
421 0 0 0 0
422 0 0 0 0
423 0 0 0 0
424 0 0 0 0
425 0 0 0 0
426 0 0 0 0
427 0 0 0 0
428 0 0 0 0
429 0 0 0 0
430 0 0 0 0
431 0 0 0 0
432 0 0 0 0
433 0 0 0 0
434 0 0 0 0
435 0 0 0 0
436 0 0 0 0
437 0 0 0 0
438 0 0 0 0
439 0 0 0 0
440 0 0 0 0
441 0 0 0 0
442 0 0 0 0
443 0 0 0 0
444 0 0 0 0
445 0 0 0 0
446 0 0 0 0
447 0 0 0 0
448 0 0 0 0
449 0 0 0 0
450 0 0 0 0
451 0 0 0 0
452 0 0 0 0
453 0 0 0 0
454 0 0 0 0
455 0 0 0 0
456 0 0 0 0
457 0 0 0 0
458 0 0 0 0
459 0 0 0 0
460 0 0 0 0
461 0 0 0 0
462 0 0 0 0
463 0 0 0 0
464 0 0 0 0
465 0 0 0 0
466 0 0 0 0
467 0 0 0 0
468 0 0 0 0
469 0 0 0 0
470 0 0 0 0
471 0 0 0 0
472 0 0 0 0
473 0 0 0 0
474 0 0 0 0
475 0 0 0 0
476 0 0 0 0
477 0 0 0 0
478 0 0 0 0
479 0 0 0 0
480 0 0 0 0
481 0 0 0 0
482 0 0 0 0
483 0 0 0 0
484 0 0 0 0
485 0 0 0 0
486 0 0 0 0
487 0 0 0 0
488 0 0 0 0
489 0 0 0 0
490 0 0 0 0
491 0 0 0 0
492 0 0 0 0
493 0 0 0 0
494 0 0 0 0
495 0 0 0 0
496 0 0 0 0
497 0 0 0 0
498 0 0 0 0
499 0 0 0 0
500 0 0 0 0
501 0 0 0 0
502 0 0 0 0
503 0 0 0 0
504 0 0 0 0
505 0 0 0 0
506 0 0 0 0
507 0 0 0 0
508 0 0 0 0
509 0 0 0 0
510 0 0 0 0
511 0 0 0 0
512 0 0 0 0
513 0 0 0 0
514 0 0 0 0
515 0 0 0 0
516 0 0 0 0
517 0 0 0 0
518 0 0 0 0
519 0 0 0 0
520 0 0 0 0
521 0 0 0 0
522 0 0 0 0
523 0 0 0 0
524 0 0 0 0
525 0 0 0 0
526 0 0 0 0
527 0 0 0 0
528 0 0 0 0
529 0 0 0 0
530 0 0 0 0
531 0 0 0 0
532 0 0 0 0
533 0 0 0 0
534 0 0 0 0
535 0 0 0 0
536 0 0 0 0
537 0 0 0 0
538 0 0 0 0
539 0 0 0 0
540 0 0 0 0
541 0 0 0 0
542 0 0 0 0
543 0 0 0 0
544 0 0 0 0
545 0 0 0 0
546 0 0 0 0
547 0 0 0 0
548 0 0 0 0
549 0 0 0 0
550 0 0 0 0
551 0 0 0 0
552 0 0 0 0
553 0 0 0 0
554 0 0 0 0
555 0 0 0 0
556 0 0 0 0
557 0 0 0 0
558 0 0 0 0
559 0 0 0 0
560 0 0 0 0
561 0 0 0 0
562 0 0 0 0
563 0 0 0 0
564 0 0 0 0
565 0 0 0 0
566 0 0 0 0
567 0 0 0 0
568 0 0 0 0
569 0 0 0 0
570 0 0 0 0
571 0 0 0 0
572 0 0 0 0
573 0 0 0 0
574 0 0 0 0
575 0 0 0 0
576 0 0 0 0
577 0 0 0 0
578 0 0 0 0
579 0 0 0 0
580 0 0 0 0
581 0 0 0 0
582 0 0 0 0
583 0 0 0 0
584 0 0 0 0
585 0 0 0 0
586 0 0 0 0
587 0 0 0 0
588 0 0 0 0
589 0 0 0 0
590 0 0 0 0
591 0 0 0 0
592 0 0 0 0
593 0 0 0 0
594 0 0 0 0
595 0 0 0 0
596 0 0 0 0
597 0 0 0 0
598 0 0 0 0
599 0 0 0 0
600 0 0 0 0
601 0 0 0 0
602 0 0 0 0
603 0 0 0 0
604 0 0 0 0
605 0 0 0 0
606 0 0 0 0
607 0 0 0 0
608 0 0 0 0
609 0 0 0 0
610 0 0 0 0
611 0 0 0 0
612 0 0 0 0
613 0 0 0 0
614 0 0 0 0
615 0 0 0 0
616 0 0 0 0
617 0 0 0 0
618 0 0 0 0
619 0 0 0 0
620 0 0 0 0
621 0 0 0 0
622 0 0 0 0
623 0 0 0 0
624 0 0 0 0
625 0 0 0 0
626 0 0 0 0
627 0 0 0 0
628 0 0 0 0
629 0 0 0 0
630 0 0 0 0
631 0 0 0 0
632 0 0 0 0
633 0 0 0 0
634 0 0 0 0
635 0 0 0 0
636 0 0 0 0
637 0 0 0 0
638 0 0 0 0
639 0 0 0 0
640 0 0 0 0
641 0 0 0 0
642 0 0 0 0
643 0 0 0 0
644 0 0 0 0
645 0 0 0 0
646 0 0 0 0
647 0 0 0 0
648 0 0 0 0
649 0 0 0 0
650 0 0 0 0
651 0 0 0 0
652 0 0 0 0
653 0 0 0 0
654 0 0 0 0
655 0 0 0 0
656 0 0 0 0
657 0 0 0 0
658 0 0 0 0
659 0 0 0 0
660 0 0 0 0
661 0 0 0 0
662 0 0 0 0
663 0 0 0 0
664 0 0 0 0
665 0 0 0 0
666 0 0 0 0
667 0 0 0 0
668 0 0 0 0
669 0 0 0 0
670 0 0 0 0
671 0 0 0 0
672 0 0 0 0
673 0 0 0 0
674 0 0 0 0
675 0 0 0 0
676 0 0 0 0
677 0 0 0 0
678 0 0 0 0
679 0 0 0 0
680 0 0 0 0
681 0 0 0 0
682 0 0 0 0
683 0 0 0 0
684 0 0 0 0
685 0 0 0 0
686 0 0 0 0
687 0 0 0 0
688 0 0 0 0
689 0 0 0 0
690 0 0 0 0
691 0 0 0 0
692 0 0 0 0
693 0 0 0 0
694 0 0 0 0
695 0 0 0 0
696 0 0 0 0
697 0 0 0 0
698 0 0 0 0
699 0 0 0 0
700 0 0 0 0
701 0 0 0 0
702 0 0 0 0
703 0 0 0 0
704 0 0 0 0
705 0 0 0 0
706 0 0 0 0
707 0 0 0 0
708 0 0 0 0
709 0 0 0 0
710 0 0 0 0
711 0 0 0 0
712 0 0 0 0
713 0 0 0 0
714 0 0 0 0
715 0 0 0 0
716 0 0 0 0
717 0 0 0 0
718 0 0 0 0
719 0 0 0 0
720 0 0 0 0
721 0 0 0 0
722 0 0 0 0
723 0 0 0 0
724 0 0 0 0
725 0 0 0 0
726 0 0 0 0
727 0 0 0 0
