0 0 0 0 0
1 0 0 0 0
2 0 0 0 0
3 0 0 0 0
4 0 0 0 0
5 0 1 2 0
6 0 0 0 0
7 0 0 0 0
8 0 0 0 0
9 0 2 0 3
10 0 0 0 0
11 0 0 0 0
12 0 0 0 0
13 0 0 0 1
14 0 0 0 0
15 0 0 0 0
16 1 0 0 1
17 2 0 0 0
18 0 0 0 0
19 0 0 0 0
20 0 0 0 0
21 1 0 0 0
22 0 0 0 0
23 0 0 0 0
24 1 0 0 0
25 0 0 1 0
26 0 1 1 0
27 1 0 0 0
28 2 0 0 0
29 0 0 0 1
30 0 1 0 1
31 1 0 0 0
32 1 0 0 0
33 1 1 2 1
34 1 0 0 1
35 0 0 0 0
36 1 0 1 0
37 2 0 0 1
38 1 1 0 0
39 0 1 0 0
40 2 0 1 2
41 1 0 2 0
42 0 0 2 1
43 1 1 0 2
44 2 0 0 1
45 0 0 1 1
46 1 0 0 1
47 1 0 0 1
48 1 0 0 1
49 0 1 1 1
50 1 0 1 0
51 0 0 0 0
52 0 0 1 1
53 0 2 0 0
54 0 0 0 0
55 0 1 0 0
56 2 1 0 3
57 1 0 0 2
58 2 0 0 0
59 0 1 0 0
60 0 0 0 2
61 2 1 1 0
62 3 0 0 1
63 3 1 1 0
64 2 0 0 0
65 2 0 0 1
66 3 1 0 1
67 0 1 0 1
68 0 1 0 1
69 1 0 0 0
70 1 3 0 2
71 2 3 1 1
72 1 1 1 0
73 2 1 1 0
74 2 1 0 2
75 2 0 2 3
76 3 0 1 1
77 0 0 0 2
78 0 0 2 3
79 1 0 0 2
80 1 2 0 2
81 2 2 1 0
82 2 1 0 1
83 2 2 0 0
84 3 0 1 1
85 0 1 1 2
86 3 2 0 1
87 5 1 2 2
88 4 1 1 4
89 3 1 1 3
90 3 0 0 1
91 4 2 0 2
92 2 1 1 2
93 5 3 1 2
94 6 0 1 1
95 5 2 2 1
96 2 2 3 3
97 3 3 0 2
98 3 3 2 1
99 3 3 1 2
100 2 5 2 4
101 4 0 1 2
102 1 1 2 4
103 4 2 1 6
104 3 1 0 6
105 2 0 1 4
106 3 4 1 2
107 3 0 2 3
108 5 0 4 1
109 9 2 1 3
110 4 1 1 4
111 7 1 2 2
112 8 2 1 2
113 8 3 2 4
114 7 5 1 2
115 4 0 2 5
116 4 3 1 3
117 9 4 2 2
118 11 6 5 6
119 5 6 2 2
120 7 1 2 5
121 4 4 3 5
122 8 5 3 9
123 9 6 4 6
124 5 6 3 3
125 7 3 2 9
126 6 3 1 5
127 3 4 3 7
128 9 6 0 11
129 8 3 1 8
130 5 4 2 7
131 6 6 1 9
132 9 4 4 4
133 6 8 1 6
134 7 5 2 5
135 7 3 5 6
136 7 1 3 5
137 6 10 2 7
138 5 7 1 6
139 6 4 1 10
140 8 4 1 6
141 6 4 1 10
142 9 3 3 9
143 8 4 2 5
144 8 10 0 9
145 10 3 3 4
146 11 4 1 6
147 6 5 2 6
148 8 3 2 10
149 8 7 3 5
150 11 4 1 7
151 4 9 2 6
152 10 7 1 6
153 9 5 1 9
154 12 9 2 5
155 5 4 4 7
156 8 3 2 7
157 5 4 7 7
158 7 2 6 10
159 5 10 4 5
160 5 3 1 5
161 6 8 3 12
162 8 1 5 9
163 7 5 2 9
164 10 4 2 7
165 2 3 0 13
166 10 3 3 10
167 13 8 2 7
168 10 6 0 6
169 13 3 5 5
170 18 3 1 8
171 19 6 1 4
172 9 7 6 5
173 17 7 5 6
174 14 7 3 8
175 18 3 10 5
176 11 10 4 10
177 20 3 4 11
178 16 8 7 9
179 10 12 8 15
180 16 12 7 13
181 12 5 6 7
182 16 7 9 12
183 10 9 1 16
184 10 5 6 15
185 8 11 4 13
186 19 12 6 16
187 11 11 6 14
188 14 6 5 10
189 11 6 5 21
190 15 5 5 13
191 16 10 8 16
192 20 8 8 13
193 15 6 8 17
194 18 6 5 10
195 25 7 6 12
196 27 7 5 12
197 18 14 8 14
198 25 6 6 15
199 21 10 8 15
200 19 10 8 10
201 21 15 8 26
202 22 8 8 10
203 25 14 11 18
204 16 9 10 16
205 13 9 2 16
206 18 13 10 12
207 16 8 10 17
208 11 13 14 23
209 17 14 13 21
210 13 9 7 22
211 15 21 4 19
212 8 9 8 24
213 13 3 5 24
214 8 12 3 15
215 4 12 5 24
216 12 12 6 23
217 11 9 1 12
218 7 8 8 16
219 10 6 3 20
220 10 4 4 12
221 12 7 1 13
222 12 4 5 15
223 13 5 1 17
224 12 4 4 11
225 6 7 6 11
226 6 4 6 9
227 5 6 3 7
228 5 7 5 8
229 7 7 3 6
230 9 6 3 7
231 7 6 5 9
232 3 7 2 13
233 3 6 4 10
234 5 5 2 10
235 6 2 4 13
236 4 4 1 8
237 7 2 2 5
238 4 4 1 9
239 3 8 0 9
240 3 4 5 10
241 4 3 1 8
242 1 4 2 6
243 2 2 1 4
244 1 4 2 7
245 1 0 1 2
246 0 1 0 8
247 0 2 2 6
248 1 0 1 7
249 2 2 1 3
250 0 2 2 2
251 1 0 0 3
252 1 0 1 2
253 3 1 0 4
254 2 1 0 3
255 4 0 0 0
256 3 0 0 1
257 3 1 0 3
258 2 3 2 0
259 0 1 0 1
260 0 2 1 0
261 1 1 1 1
262 0 3 0 2
263 1 1 2 0
264 0 0 2 2
265 2 1 0 4
266 2 0 0 3
267 2 1 0 4
268 2 1 0 2
269 0 0 0 2
270 1 0 1 0
271 0 1 1 1
272 1 0 0 1
273 4 1 0 0
274 0 0 2 2
275 3 0 0 3
276 2 2 0 0
277 0 1 1 0
278 1 1 0 1
279 2 1 0 0
280 0 1 0 2
281 0 2 1 2
282 0 1 1 1
283 1 0 0 1
284 0 2 1 2
285 0 0 0 3
286 0 0 0 0
287 0 0 1 0
288 1 1 1 3
289 1 0 0 2
290 1 0 0 0
291 0 0 0 1
292 0 0 0 1
293 0 1 0 0
294 1 0 0 1
295 1 0 1 1
296 0 0 0 0
297 1 0 0 0
298 1 1 0 0
299 0 0 1 0
300 0 0 1 1
301 0 0 0 0
302 1 0 1 2
303 1 0 0 0
304 0 0 0 1
305 2 0 0 0
306 0 0 0 1
307 0 1 1 0
308 0 0 0 0
309 0 0 0 1
310 0 1 0 0
311 0 0 1 1
312 0 1 0 0
313 0 0 0 0
314 0 0 0 2
315 1 0 0 0
316 0 0 0 1
317 1 0 0 0
318 0 0 0 1
319 1 0 0 0
320 1 0 0 0
321 0 0 0 0
322 1 1 0 0
323 0 0 0 0
324 0 0 2 0
325 0 0 0 0
326 2 0 0 0
327 0 1 0 0
328 0 0 0 1
329 1 0 1 1
330 0 0 0 0
331 1 0 1 2
332 1 0 0 0
333 0 0 0 0
334 0 1 0 0
335 1 0 1 1
336 0 0 1 1
337 1 0 0 0
338 1 0 0 1
339 0 0 0 0
340 0 0 0 1
341 1 1 0 0
342 2 0 1 1
343 1 1 0 0
344 1 1 0 0
345 0 0 0 1
346 0 0 0 1
347 0 1 0 0
348 0 0 0 0
349 1 1 0 1
350 0 1 0 0
351 0 1 0 1
352 0 1 0 0
353 0 0 0 0
354 0 1 0 1
355 0 0 0 1
356 0 0 0 1
357 0 0 0 1
358 0 0 0 1
359 0 0 0 1
360 0 0 0 0
361 0 0 0 0
362 0 0 0 0
363 0 0 0 0
364 0 0 0 0
365 0 0 0 0
366 0 0 0 0
367 0 0 0 0
368 0 0 0 0
369 0 0 0 0
370 0 0 0 0
371 0 0 0 0
372 0 0 0 0
373 0 0 0 0
374 0 0 0 0
375 0 0 0 0
376 0 0 0 0
377 0 0 0 0
378 0 0 0 0
379 0 0 0 0
380 0 0 0 0
381 0 0 0 0
382 0 0 0 0
383 0 0 0 0
384 0 0 0 0
385 0 0 0 0
386 0 0 0 0
387 0 0 0 0
388 0 0 0 0
389 0 0 0 0
390 0 0 0 0
391 0 0 0 0
392 0 0 0 0
393 0 0 0 0
394 0 0 0 0
395 0 0 0 0
396 0 0 0 0
397 0 0 0 0
398 0 0 0 0
399 0 0 0 0
400 0 0 0 0
401 0 0 0 0
402 0 0 0 0
403 0 0 0 0
404 0 0 0 0
405 0 0 0 0
406 0 0 0 0
407 0 0 0 0
408 0 0 0 0
409 0 0 0 0
410 0 0 0 0
411 0 0 0 0
412 0 0 0 0
413 0 0 0 0
414 0 0 0 0
415 0 0 0 0
416 0 0 0 0
417 0 0 0 0
418 0 0 0 0
419 0 0 0 0
420 0 0 0 0
421 0 0 0 0
422 0 0 0 0
423 0 0 0 0
424 0 0 0 0
425 0 0 0 0
426 0 0 0 0
427 0 0 0 0
428 0 0 0 0
429 0 0 0 0
430 0 0 0 0
431 0 0 0 0
432 0 0 0 0
433 0 0 0 0
434 0 0 0 0
435 0 0 0 0
436 0 0 0 0
437 0 0 0 0
438 0 0 0 0
439 0 0 0 0
440 0 0 0 0
441 0 0 0 0
442 0 0 0 0
443 0 0 0 0
444 0 0 0 0
445 0 0 0 0
446 0 0 0 0
447 0 0 0 0
448 0 0 0 0
449 0 0 0 0
450 0 0 0 0
451 0 0 0 0
452 0 0 0 0
453 0 0 0 0
454 0 0 0 0
455 0 0 0 0
456 0 0 0 0
457 0 0 0 0
458 0 0 0 0
459 0 0 0 0
460 0 0 0 0
461 0 0 0 0
462 0 0 0 0
463 0 0 0 0
464 0 0 0 0
465 0 0 0 0
466 0 0 0 0
467 0 0 0 0
468 0 0 0 0
469 0 0 0 0
470 0 0 0 0
471 0 0 0 0
472 0 0 0 0
473 0 0 0 0
474 0 0 0 0
475 0 0 0 0
476 0 0 0 0
477 0 0 0 0
478 0 0 0 0
479 0 0 0 0
480 0 0 0 0
481 0 0 0 0
482 0 0 0 0
483 0 0 0 0
484 0 0 0 0
485 0 0 0 0
486 0 0 0 0
487 0 0 0 0
488 0 0 0 0
489 0 0 0 0
490 0 0 0 0
491 0 0 0 0
492 0 0 0 0
493 0 0 0 0
494 0 0 0 0
495 0 0 0 0
496 0 0 0 0
497 0 0 0 0
498 0 0 0 0
499 0 0 0 0
500 0 0 0 0
501 0 0 0 0
502 0 0 0 0
503 0 0 0 0
504 0 0 0 0
505 0 0 0 0
506 0 0 0 0
507 0 0 0 0
508 0 0 0 0
509 0 0 0 0
510 0 0 0 0
511 0 0 0 0
512 0 0 0 0
513 0 0 0 0
514 0 0 0 0
515 0 0 0 0
516 0 0 0 0
517 0 0 0 0
518 0 0 0 0
519 0 0 0 0
520 0 0 0 0
521 0 0 0 0
522 0 0 0 0
523 0 0 0 0
524 0 0 0 0
525 0 0 0 0
526 0 0 0 0
527 0 0 0 0
528 0 0 0 0
529 0 0 0 0
530 0 0 0 0
531 0 0 0 0
532 0 0 0 0
533 0 0 0 0
534 0 0 0 0
535 0 0 0 0
536 0 0 0 0
537 0 0 0 0
538 0 0 0 0
539 0 0 0 0
540 0 0 0 0
541 0 0 0 0
542 0 0 0 0
543 0 0 0 0
544 0 0 0 0
545 0 0 0 0
546 0 0 0 0
547 0 0 0 0
548 0 0 0 0
549 0 0 0 0
550 0 0 0 0
551 0 0 0 0
552 0 0 0 0
553 0 0 0 0
554 0 0 0 0
555 0 0 0 0
556 0 0 0 0
557 0 0 0 0
558 0 0 0 0
559 0 0 0 0
560 0 0 0 0
561 0 0 0 0
562 0 0 0 0
563 0 0 0 0
564 0 0 0 0
565 0 0 0 0
566 0 0 0 0
567 0 0 0 0
568 0 0 0 0
569 0 0 0 0
570 0 0 0 0
571 0 0 0 0
572 0 0 0 0
573 0 0 0 0
574 0 0 0 0
575 0 0 0 0
576 0 0 0 0
577 0 0 0 0
578 0 0 0 0
579 0 0 0 0
580 0 0 0 0
581 0 0 0 0
582 0 0 0 0
583 0 0 0 0
584 0 0 0 0
585 0 0 0 0
586 0 0 0 0
587 0 0 0 0
588 0 0 0 0
589 0 0 0 0
590 0 0 0 0
591 0 0 0 0
592 0 0 0 0
593 0 0 0 0
594 0 0 0 0
595 0 0 0 0
596 0 0 0 0
597 0 0 0 0
598 0 0 0 0
599 0 0 0 0
600 0 0 0 0
601 0 0 0 0
602 0 0 0 0
603 0 0 0 0
604 0 0 0 0
605 0 0 0 0
606 0 0 0 0
607 0 0 0 0
608 0 0 0 0
609 0 0 0 0
610 0 0 0 0
611 0 0 0 0
612 0 0 0 0
613 0 0 0 0
614 0 0 0 0
615 0 0 0 0
616 0 0 0 0
617 0 0 0 0
618 0 0 0 0
619 0 0 0 0
620 0 0 0 0
621 0 0 0 0
622 0 0 0 0
623 0 0 0 0
624 0 0 0 0
625 0 0 0 0
626 0 0 0 0
627 0 0 0 0
628 0 0 0 0
629 0 0 0 0
630 0 0 0 0
631 0 0 0 0
632 0 0 0 0
633 0 0 0 0
634 0 0 0 0
635 0 0 0 0
636 0 0 0 0
637 0 0 0 0
638 0 0 0 0
639 0 0 0 0
640 0 0 0 0
641 0 0 0 0
642 0 0 0 0
643 0 0 0 0
644 0 0 0 0
645 0 0 0 0
646 0 0 0 0
647 0 0 0 0
648 0 0 0 0
649 0 0 0 0
650 0 0 0 0
651 0 0 0 0
652 0 0 0 0
653 0 0 0 0
654 0 0 0 0
655 0 0 0 0
656 0 0 0 0
657 0 0 0 0
658 0 0 0 0
659 0 0 0 0
660 0 0 0 0
661 0 0 0 0
662 0 0 0 0
663 0 0 0 0
664 0 0 0 0
665 0 0 0 0
666 0 0 0 0
667 0 0 0 0
668 0 0 0 0
669 0 0 0 0
670 0 0 0 0
671 0 0 0 0
672 0 0 0 0
673 0 0 0 0
674 0 0 0 0
675 0 0 0 0
676 0 0 0 0
677 0 0 0 0
678 0 0 0 0
679 0 0 0 0
680 0 0 0 0
681 0 0 0 0
682 0 0 0 0
683 0 0 0 0
684 0 0 0 0
685 0 0 0 0
686 0 0 0 0
687 0 0 0 0
688 0 0 0 0
689 0 0 0 0
690 0 0 0 0
691 0 0 0 0
692 0 0 0 0
693 0 0 0 0
694 0 0 0 0
695 0 0 0 0
696 0 0 0 0
697 0 0 0 0
698 0 0 0 0
699 0 0 0 0
700 0 0 0 0
701 0 0 0 0
702 0 0 0 0
703 0 0 0 0
704 0 0 0 0
705 0 0 0 0
706 0 0 0 0
707 0 0 0 0
708 0 0 0 0
709 0 0 0 0
710 0 0 0 0
711 0 0 0 0
712 0 0 0 0
713 0 0 0 0
714 0 0 0 0
715 0 0 0 0
716 0 0 0 0
717 0 0 0 0
718 0 0 0 0
719 0 0 0 0
720 0 0 0 0
721 0 0 0 0
722 0 0 0 0
723 0 0 0 0
724 0 0 0 0
725 0 0 0 0
726 0 0 0 0
727 0 0 0 0
