0 0 0 0 0
1 0 0 0 0
2 0 0 0 0
3 0 0 0 0
4 0 0 0 0
5 0 1 2 0
6 0 0 0 0
7 0 0 0 0
8 0 0 0 0
9 0 1 1 2
10 0 0 0 0
11 0 0 0 1
12 0 0 0 0
13 0 0 0 1
14 0 0 0 0
15 0 0 0 0
16 0 0 0 1
17 0 0 0 0
18 0 0 0 0
19 0 0 0 0
20 0 0 0 0
21 0 0 0 0
22 0 0 0 0
23 0 0 0 0
24 0 0 0 0
25 0 0 0 0
26 1 0 0 0
27 1 0 0 0
28 0 0 0 0
29 1 0 0 0
30 1 0 0 0
31 1 0 0 0
32 1 0 1 0
33 1 0 0 0
34 0 0 0 0
35 1 0 1 0
36 0 0 1 1
37 0 1 0 0
38 0 0 1 0
39 0 0 1 1
40 0 1 0 0
41 1 0 0 1
42 0 0 1 1
43 0 0 0 2
44 0 0 0 1
45 1 0 0 0
46 1 0 0 0
47 2 0 0 0
48 0 0 0 0
49 1 0 0 1
50 1 1 0 0
51 0 0 0 0
52 0 0 0 0
53 5 0 0 0
54 2 1 1 0
55 1 1 0 0
56 2 1 1 0
57 1 0 0 1
58 2 1 0 1
59 3 1 1 1
60 1 0 1 2
61 1 0 1 1
62 1 3 1 0
63 3 2 0 1
64 2 2 0 1
65 2 1 0 2
66 5 1 0 1
67 2 1 0 2
68 2 2 0 1
69 2 0 1 4
70 1 1 1 1
71 2 2 0 1
72 3 2 0 2
73 4 1 2 1
74 1 0 3 1
75 1 3 1 1
76 4 1 2 3
77 3 0 3 3
78 3 1 3 3
79 1 1 0 1
80 1 2 0 2
81 2 2 0 2
82 3 2 1 5
83 2 1 0 3
84 2 1 0 3
85 2 1 2 2
86 9 0 3 1
87 4 1 2 3
88 4 1 0 2
89 3 1 0 2
90 5 2 1 2
91 8 8 3 2
92 6 2 1 2
93 2 0 3 2
94 4 1 2 3
95 8 1 0 6
96 7 4 4 4
97 5 4 0 4
98 6 2 0 7
99 4 3 2 1
100 6 3 0 7
101 3 6 3 3
102 1 0 3 1
103 2 2 3 4
104 3 5 5 5
105 4 2 2 5
106 4 4 2 4
107 5 2 2 5
108 4 2 0 9
109 8 4 3 6
110 2 0 2 5
111 2 2 1 7
112 3 2 3 2
113 1 0 1 4
114 4 3 3 6
115 7 1 0 3
116 5 2 1 6
117 7 1 1 1
118 5 2 2 4
119 9 2 2 2
120 8 5 4 2
121 6 5 1 5
122 7 4 1 2
123 11 1 2 4
124 10 0 4 7
125 8 4 4 6
126 2 3 3 4
127 6 4 4 4
128 8 7 4 4
129 8 7 1 3
130 5 4 1 6
131 8 1 1 6
132 6 6 3 11
133 5 4 3 8
134 10 4 6 8
135 11 3 2 8
136 8 7 1 6
137 10 5 2 6
138 10 5 4 4
139 9 3 2 8
140 12 7 2 5
141 7 4 2 10
142 10 3 4 7
143 5 7 5 9
144 8 5 2 6
145 7 5 4 10
146 12 3 5 5
147 10 4 7 11
148 8 5 5 8
149 9 8 3 6
150 8 10 3 10
151 9 5 3 9
152 10 5 2 12
153 7 2 4 10
154 13 3 1 12
155 14 8 3 7
156 11 9 4 12
157 14 7 3 9
158 8 3 6 4
159 15 5 5 8
160 10 4 7 8
161 7 8 5 5
162 10 6 9 9
163 11 9 2 13
164 12 5 3 14
165 13 5 3 13
166 12 4 2 15
167 11 7 2 11
168 13 12 5 7
169 21 7 4 9
170 18 10 3 6
171 12 4 7 10
172 18 6 4 11
173 14 4 5 10
174 22 6 8 11
175 15 7 7 20
176 14 10 3 13
177 17 11 5 10
178 13 13 8 13
179 16 12 11 7
180 16 7 3 13
181 16 8 7 11
182 17 7 8 20
183 14 11 10 24
184 27 9 9 15
185 8 13 6 18
186 15 7 4 11
187 20 9 3 16
188 21 7 5 19
189 18 13 10 16
190 26 10 5 15
191 18 12 3 9
192 13 9 7 19
193 16 13 7 16
194 16 11 3 14
195 11 10 9 9
196 23 16 10 18
197 22 10 10 22
198 19 5 10 17
199 16 14 10 24
200 19 6 0 18
201 25 8 13 16
202 21 9 8 16
203 18 8 6 22
204 15 15 5 15
205 9 11 8 18
206 12 10 11 25
207 10 14 13 11
208 17 10 5 22
209 14 12 7 17
210 7 12 5 15
211 13 3 7 17
212 6 9 2 15
213 9 9 11 19
214 10 10 3 23
215 16 6 4 14
216 13 11 1 18
217 13 5 4 25
218 13 6 6 10
219 12 5 5 13
220 8 11 8 9
221 9 8 3 13
222 6 7 1 11
223 4 3 7 12
224 7 8 2 12
225 9 6 6 10
226 7 8 5 9
227 6 5 2 14
228 6 4 3 12
229 9 4 5 8
230 6 4 4 15
231 3 6 4 6
232 4 3 4 10
233 4 3 1 11
234 3 4 7 10
235 5 4 1 7
236 3 2 0 5
237 3 1 3 5
238 5 3 5 12
239 2 2 1 8
240 3 4 0 2
241 2 2 1 10
242 4 0 2 4
243 1 4 3 1
244 1 3 2 2
245 1 1 2 7
246 0 2 1 3
247 4 2 0 6
248 1 0 1 3
249 3 0 1 4
250 3 0 2 5
251 2 2 0 4
252 3 1 1 1
253 1 1 1 3
254 3 2 2 3
255 4 1 2 1
256 2 3 0 3
257 1 0 1 2
258 2 0 0 3
259 1 1 2 2
260 2 1 3 1
261 3 3 0 3
262 2 1 1 1
263 0 2 0 4
264 2 0 2 3
265 1 0 1 1
266 0 0 2 2
267 0 0 2 2
268 1 0 0 3
269 2 0 3 1
270 2 1 1 2
271 0 1 0 0
272 2 0 0 1
273 2 1 0 4
274 2 0 1 4
275 3 2 0 1
276 2 0 0 1
277 1 0 1 0
278 0 0 2 1
279 1 0 2 0
280 0 1 0 0
281 0 2 0 1
282 1 1 0 3
283 1 1 0 1
284 0 1 1 2
285 1 0 1 3
286 0 0 0 2
287 2 1 0 0
288 1 1 0 1
289 1 0 0 0
290 1 1 0 1
291 0 0 0 2
292 1 1 0 1
293 1 0 0 0
294 1 0 0 0
295 0 0 0 1
296 0 2 0 0
297 1 0 1 1
298 0 0 2 0
299 0 1 0 1
300 0 0 0 0
301 0 0 1 0
302 0 0 0 2
303 1 0 1 3
304 0 0 0 0
305 0 0 0 2
306 0 1 0 0
307 0 0 0 0
308 0 0 0 0
309 0 0 0 0
310 0 0 0 2
311 1 0 0 0
312 0 1 0 0
313 0 0 0 0
314 0 0 0 0
315 0 0 0 0
316 0 0 1 1
317 0 0 0 0
318 0 0 0 0
319 1 0 0 0
320 0 0 0 1
321 0 0 0 0
322 1 0 0 0
323 0 0 0 0
324 1 0 0 0
325 0 0 0 0
326 1 0 0 0
327 0 0 0 0
328 1 0 1 0
329 0 0 1 0
330 0 0 0 0
331 0 1 0 0
332 0 0 0 1
333 0 0 0 0
334 0 0 0 0
335 0 1 0 0
336 0 0 0 1
337 0 1 0 0
338 0 0 0 1
339 0 0 0 0
340 0 0 0 0
341 1 0 0 0
342 1 0 0 1
343 0 0 0 0
344 1 0 0 1
345 0 0 0 0
346 0 0 1 0
347 0 0 1 0
348 0 0 0 0
349 0 1 0 0
350 0 0 0 0
351 0 0 0 0
352 1 0 0 0
353 0 0 0 2
354 0 0 0 1
355 0 0 0 0
356 0 0 0 0
357 0 0 0 0
358 0 0 0 0
359 0 0 0 0
360 0 0 0 0
361 0 0 1 0
362 0 0 0 0
363 0 0 0 0
364 0 0 0 0
365 0 0 0 1
366 0 0 0 0
367 0 0 0 0
368 0 0 0 0
369 0 0 0 0
370 0 0 0 0
371 0 0 0 0
372 0 0 0 0
373 0 0 0 0
374 0 0 0 0
375 0 0 0 0
376 0 0 0 0
377 0 0 0 0
378 0 0 0 0
379 0 0 0 0
380 0 0 0 0
381 0 0 0 0
382 0 0 0 0
383 0 0 0 0
384 0 0 0 0
385 0 0 0 0
386 0 0 0 0
387 0 0 0 0
388 0 0 0 0
389 0 0 0 0
390 0 0 0 0
391 0 0 0 0
392 0 0 0 0
393 0 0 0 0
394 0 0 0 0
395 0 0 0 0
396 0 0 0 0
397 0 0 0 0
398 0 0 0 0
399 0 0 0 0
400 0 0 0 0
401 0 0 0 0
402 0 0 0 0
403 0 0 0 0
404 0 0 0 0
405 0 0 0 0
406 0 0 0 0
407 0 0 0 0
408 0 0 0 0
409 0 0 0 0
410 0 0 0 0
411 0 0 0 0
412 0 0 0 0
413 0 0 0 0
414 0 0 0 0
415 0 0 0 0
416 0 0 0 0
417 0 0 0 0
418 0 0 0 0
419 0 0 0 0
420 0 0 0 0
421 0 0 0 0
422 0 0 0 0
423 0 0 0 0
424 0 0 0 0
425 0 0 0 0
426 0 0 0 0
427 0 0 0 0
428 0 0 0 0
429 0 0 0 0
430 0 0 0 0
431 0 0 0 0
432 0 0 0 0
433 0 0 0 0
434 0 0 0 0
435 0 0 0 0
436 0 0 0 0
437 0 0 0 0
438 0 0 0 0
439 0 0 0 0
440 0 0 0 0
441 0 0 0 0
442 0 0 0 0
443 0 0 0 0
444 0 0 0 0
445 0 0 0 0
446 0 0 0 0
447 0 0 0 0
448 0 0 0 0
449 0 0 0 0
450 0 0 0 0
451 0 0 0 0
452 0 0 0 0
453 0 0 0 0
454 0 0 0 0
455 0 0 0 0
456 0 0 0 0
457 0 0 0 0
458 0 0 0 0
459 0 0 0 0
460 0 0 0 0
461 0 0 0 0
462 0 0 0 0
463 0 0 0 0
464 0 0 0 0
465 0 0 0 0
466 0 0 0 0
467 0 0 0 0
468 0 0 0 0
469 0 0 0 0
470 0 0 0 0
471 0 0 0 0
472 0 0 0 0
473 0 0 0 0
474 0 0 0 0
475 0 0 0 0
476 0 0 0 0
477 0 0 0 0
478 0 0 0 0
479 0 0 0 0
480 0 0 0 0
481 0 0 0 0
482 0 0 0 0
483 0 0 0 0
484 0 0 0 0
485 0 0 0 0
486 0 0 0 0
487 0 0 0 0
488 0 0 0 0
489 0 0 0 0
490 0 0 0 0
491 0 0 0 0
492 0 0 0 0
493 0 0 0 0
494 0 0 0 0
495 0 0 0 0
496 0 0 0 0
497 0 0 0 0
498 0 0 0 0
499 0 0 0 0
500 0 0 0 0
501 0 0 0 0
502 0 0 0 0
503 0 0 0 0
504 0 0 0 0
505 0 0 0 0
506 0 0 0 0
507 0 0 0 0
508 0 0 0 0
509 0 0 0 0
510 0 0 0 0
511 0 0 0 0
512 0 0 0 0
513 0 0 0 0
514 0 0 0 0
515 0 0 0 0
516 0 0 0 0
517 0 0 0 0
518 0 0 0 0
519 0 0 0 0
520 0 0 0 0
521 0 0 0 0
522 0 0 0 0
523 0 0 0 0
524 0 0 0 0
525 0 0 0 0
526 0 0 0 0
527 0 0 0 0
528 0 0 0 0
529 0 0 0 0
530 0 0 0 0
531 0 0 0 0
532 0 0 0 0
533 0 0 0 0
534 0 0 0 0
535 0 0 0 0
536 0 0 0 0
537 0 0 0 0
538 0 0 0 0
539 0 0 0 0
540 0 0 0 0
541 0 0 0 0
542 0 0 0 0
543 0 0 0 0
544 0 0 0 0
545 0 0 0 0
546 0 0 0 0
547 0 0 0 0
548 0 0 0 0
549 0 0 0 0
550 0 0 0 0
551 0 0 0 0
552 0 0 0 0
553 0 0 0 0
554 0 0 0 0
555 0 0 0 0
556 0 0 0 0
557 0 0 0 0
558 0 0 0 0
559 0 0 0 0
560 0 0 0 0
561 0 0 0 0
562 0 0 0 0
563 0 0 0 0
564 0 0 0 0
565 0 0 0 0
566 0 0 0 0
567 0 0 0 0
568 0 0 0 0
569 0 0 0 0
570 0 0 0 0
571 0 0 0 0
572 0 0 0 0
573 0 0 0 0
574 0 0 0 0
575 0 0 0 0
576 0 0 0 0
577 0 0 0 0
578 0 0 0 0
579 0 0 0 0
580 0 0 0 0
581 0 0 0 0
582 0 0 0 0
583 0 0 0 0
584 0 0 0 0
585 0 0 0 0
586 0 0 0 0
587 0 0 0 0
588 0 0 0 0
589 0 0 0 0
590 0 0 0 0
591 0 0 0 0
592 0 0 0 0
593 0 0 0 0
594 0 0 0 0
595 0 0 0 0
596 0 0 0 0
597 0 0 0 0
598 0 0 0 0
599 0 0 0 0
600 0 0 0 0
601 0 0 0 0
602 0 0 0 0
603 0 0 0 0
604 0 0 0 0
605 0 0 0 0
606 0 0 0 0
607 0 0 0 0
608 0 0 0 0
609 0 0 0 0
610 0 0 0 0
611 0 0 0 0
612 0 0 0 0
613 0 0 0 0
614 0 0 0 0
615 0 0 0 0
616 0 0 0 0
617 0 0 0 0
618 0 0 0 0
619 0 0 0 0
620 0 0 0 0
621 0 0 0 0
622 0 0 0 0
623 0 0 0 0
624 0 0 0 0
625 0 0 0 0
626 0 0 0 0
627 0 0 0 0
628 0 0 0 0
629 0 0 0 0
630 0 0 0 0
631 0 0 0 0
632 0 0 0 0
633 0 0 0 0
634 0 0 0 0
635 0 0 0 0
636 0 0 0 0
637 0 0 0 0
638 0 0 0 0
639 0 0 0 0
640 0 0 0 0
641 0 0 0 0
642 0 0 0 0
643 0 0 0 0
644 0 0 0 0
645 0 0 0 0
646 0 0 0 0
647 0 0 0 0
648 0 0 0 0
649 0 0 0 0
650 0 0 0 0
651 0 0 0 0
652 0 0 0 0
653 0 0 0 0
654 0 0 0 0
655 0 0 0 0
656 0 0 0 0
657 0 0 0 0
658 0 0 0 0
659 0 0 0 0
660 0 0 0 0
661 0 0 0 0
662 0 0 0 0
663 0 0 0 0
664 0 0 0 0
665 0 0 0 0
666 0 0 0 0
667 0 0 0 0
668 0 0 0 0
669 0 0 0 0
670 0 0 0 0
671 0 0 0 0
672 0 0 0 0
673 0 0 0 0
674 0 0 0 0
675 0 0 0 0
676 0 0 0 0
677 0 0 0 0
678 0 0 0 0
679 0 0 0 0
680 0 0 0 0
681 0 0 0 0
682 0 0 0 0
683 0 0 0 0
684 0 0 0 0
685 0 0 0 0
686 0 0 0 0
687 0 0 0 0
688 0 0 0 0
689 0 0 0 0
690 0 0 0 0
691 0 0 0 0
692 0 0 0 0
693 0 0 0 0
694 0 0 0 0
695 0 0 0 0
696 0 0 0 0
697 0 0 0 0
698 0 0 0 0
699 0 0 0 0
700 0 0 0 0
701 0 0 0 0
702 0 0 0 0
703 0 0 0 0
704 0 0 0 0
705 0 0 0 0
706 0 0 0 0
707 0 0 0 0
708 0 0 0 0
709 0 0 0 0
710 0 0 0 0
711 0 0 0 0
712 0 0 0 0
713 0 0 0 0
714 0 0 0 0
715 0 0 0 0
716 0 0 0 0
717 0 0 0 0
718 0 0 0 0
719 0 0 0 0
720 0 0 0 0
721 0 0 0 0
722 0 0 0 0
723 0 0 0 0
724 0 0 0 0
725 0 0 0 0
726 0 0 0 0
727 0 0 0 0
