0 0 0 0 0
1 0 0 0 0
2 0 0 0 0
3 0 0 0 0
4 0 0 0 0
5 0 2 2 0
6 0 0 0 0
7 0 0 0 0
8 0 0 0 0
9 0 0 1 3
10 0 0 0 0
11 0 0 0 0
12 0 0 0 1
13 0 0 0 1
14 0 0 0 0
15 0 0 0 0
16 1 0 0 0
17 1 0 0 0
18 0 0 0 0
19 1 0 0 0
20 0 0 0 0
21 0 0 0 0
22 1 0 0 0
23 1 0 0 0
24 0 1 0 0
25 0 0 1 0
26 0 1 0 0
27 1 0 0 0
28 0 0 1 1
29 1 0 0 0
30 0 0 0 1
31 0 0 1 0
32 1 0 1 1
33 0 0 0 0
34 0 0 0 0
35 0 0 0 2
36 0 0 0 0
37 0 0 0 0
38 1 0 1 0
39 1 1 0 1
40 1 0 0 0
41 1 0 0 0
42 0 0 0 1
43 0 0 1 0
44 1 0 0 0
45 0 0 0 0
46 1 0 0 1
47 3 0 0 0
48 2 0 1 0
49 0 2 0 0
50 1 1 0 1
51 1 0 0 0
52 2 1 0 0
53 2 1 1 1
54 1 0 0 0
55 1 0 1 1
56 0 1 2 1
57 1 1 0 2
58 0 0 2 0
59 2 2 0 1
60 2 1 0 4
61 2 0 1 0
62 3 0 0 1
63 1 0 0 0
64 1 1 1 1
65 0 1 1 3
66 1 3 0 2
67 2 1 1 1
68 2 1 0 0
69 3 0 1 2
70 3 0 0 1
71 2 1 1 4
72 2 0 1 0
73 1 0 1 3
74 2 2 0 0
75 2 1 0 2
76 0 1 0 1
77 4 1 2 1
78 3 1 1 1
79 7 2 1 1
80 3 1 1 2
81 4 0 0 1
82 1 2 1 1
83 2 4 0 1
84 0 1 3 3
85 3 1 0 1
86 0 1 0 4
87 2 1 0 6
88 1 5 1 2
89 1 1 1 0
90 5 1 4 1
91 1 0 0 3
92 5 2 1 5
93 3 0 0 1
94 2 1 1 2
95 5 2 1 3
96 3 0 1 2
97 5 3 0 3
98 4 2 0 2
99 3 1 2 4
100 3 2 3 0
101 3 5 0 0
102 5 1 2 3
103 5 3 1 2
104 5 2 1 5
105 11 2 2 2
106 5 3 0 3
107 10 0 2 5
108 4 2 2 5
109 4 3 1 4
110 6 5 5 3
111 4 3 3 1
112 7 2 3 6
113 6 1 1 3
114 6 3 3 8
115 9 6 0 6
116 6 7 2 3
117 2 4 2 4
118 7 2 3 4
119 7 3 3 6
120 11 3 4 4
121 2 5 3 9
122 8 1 1 9
123 6 4 2 10
124 9 7 4 4
125 7 6 1 7
126 4 3 3 1
127 6 2 5 6
128 5 4 2 9
129 8 6 2 6
130 12 2 3 8
131 10 3 2 7
132 9 3 3 5
133 5 2 3 7
134 5 3 1 9
135 11 7 2 8
136 6 0 4 5
137 11 9 5 5
138 9 5 2 3
139 8 7 2 10
140 14 8 4 3
141 16 5 0 9
142 14 6 5 6
143 15 5 2 5
144 7 5 6 11
145 12 5 7 8
146 15 9 4 15
147 12 8 6 12
148 15 8 4 5
149 7 5 2 5
150 8 4 5 11
151 12 8 6 15
152 12 6 3 14
153 10 6 5 10
154 11 9 5 9
155 10 8 3 17
156 17 6 6 8
157 14 5 6 10
158 18 4 2 13
159 14 9 1 8
160 13 7 6 10
161 13 10 3 12
162 12 9 4 11
163 16 10 8 11
164 23 9 6 13
165 14 17 5 11
166 17 4 5 15
167 22 9 2 11
168 16 6 7 15
169 11 8 12 14
170 14 9 7 18
171 15 9 6 8
172 13 14 9 19
173 11 8 9 11
174 10 9 4 15
175 16 6 9 12
176 11 11 6 26
177 12 7 9 16
178 20 9 3 16
179 14 6 5 14
180 10 8 5 18
181 19 7 2 13
182 19 6 4 17
183 13 11 8 12
184 21 13 8 16
185 15 2 10 12
186 17 13 5 12
187 25 13 5 15
188 23 4 3 15
189 16 11 7 14
190 22 10 4 19
191 19 11 6 22
192 24 11 6 7
193 26 15 5 16
194 22 7 7 14
195 27 16 7 15
196 30 16 13 18
197 16 10 10 13
198 23 15 5 14
199 20 13 10 19
200 25 13 13 31
201 14 18 9 15
202 19 17 6 18
203 16 11 8 20
204 19 13 12 23
205 10 16 15 27
206 16 7 5 28
207 19 11 11 21
208 15 10 3 26
209 14 11 10 21
210 18 11 0 14
211 13 14 2 26
212 11 6 10 23
213 16 13 4 19
214 12 12 3 16
215 12 14 8 16
216 15 11 7 22
217 11 6 6 16
218 9 6 9 14
219 11 6 4 19
220 8 11 5 12
221 10 9 6 14
222 10 6 4 16
223 7 3 2 20
224 6 7 3 17
225 4 3 5 12
226 8 9 3 8
227 9 7 6 9
228 3 5 4 15
229 6 9 1 8
230 6 5 2 12
231 7 2 4 10
232 6 5 2 9
233 3 6 2 7
234 7 4 1 11
235 4 7 2 6
236 4 3 2 7
237 3 1 1 10
238 7 2 3 4
239 6 4 0 6
240 4 5 2 6
241 0 5 2 7
242 4 1 1 8
243 1 4 5 3
244 2 2 2 6
245 7 1 1 7
246 4 3 0 4
247 5 4 1 6
248 1 2 2 4
249 2 3 2 3
250 3 4 0 6
251 1 0 1 5
252 1 2 1 4
253 2 0 1 4
254 1 3 2 3
255 1 2 1 2
256 3 3 1 4
257 3 0 0 4
258 3 0 2 3
259 3 1 1 3
260 4 1 1 3
261 0 3 0 2
262 2 1 0 1
263 2 1 0 1
264 2 1 0 2
265 3 1 1 4
266 4 2 2 2
267 1 1 2 1
268 1 3 0 2
269 0 3 1 0
270 1 1 0 4
271 0 2 1 1
272 1 1 0 3
273 1 1 1 3
274 1 1 1 2
275 0 2 1 5
276 1 1 0 3
277 0 0 0 3
278 0 0 0 1
279 2 0 1 1
280 1 0 0 1
281 1 0 1 1
282 1 0 1 2
283 0 0 0 1
284 0 0 1 0
285 2 0 1 1
286 2 1 0 0
287 0 0 0 0
288 1 1 0 1
289 0 1 0 1
290 0 0 0 1
291 1 2 1 0
292 0 0 0 2
293 1 0 1 1
294 1 2 0 0
295 1 0 0 2
296 2 1 0 0
297 0 0 0 0
298 0 1 0 2
299 0 0 0 0
300 0 0 1 1
301 0 0 0 1
302 1 0 0 0
303 0 0 1 1
304 1 0 0 1
305 1 1 1 1
306 0 0 0 0
307 0 1 0 1
308 1 0 0 0
309 0 0 1 0
310 0 0 0 0
311 0 0 0 1
312 0 0 0 2
313 1 0 0 0
314 0 1 0 0
315 1 0 0 0
316 0 0 0 1
317 0 1 0 0
318 0 0 1 1
319 0 0 0 0
320 0 0 0 0
321 0 0 0 1
322 0 0 0 1
323 0 0 0 0
324 0 1 0 0
325 0 0 0 0
326 0 0 0 0
327 0 0 0 0
328 1 0 0 1
329 0 0 0 0
330 0 0 0 0
331 1 0 0 0
332 1 0 0 0
333 0 0 0 0
334 0 0 0 0
335 0 0 0 0
336 0 0 0 0
337 0 0 1 0
338 0 0 0 0
339 1 0 0 0
340 0 0 1 0
341 0 1 0 1
342 0 0 0 0
343 0 0 0 0
344 0 0 0 0
345 0 0 0 1
346 0 0 0 1
347 0 0 0 0
348 0 1 0 0
349 0 0 0 0
350 0 0 0 0
351 0 0 0 0
352 0 0 0 1
353 0 0 0 0
354 0 0 0 0
355 0 0 0 0
356 0 0 0 0
357 0 0 0 0
358 0 0 0 0
359 0 0 0 0
360 0 0 0 0
361 0 0 0 0
362 0 0 0 0
363 0 0 0 0
364 0 0 0 0
365 0 0 0 0
366 0 0 0 0
367 0 0 0 0
368 0 0 0 0
369 0 0 0 0
370 0 0 0 0
371 0 0 0 0
372 0 0 0 0
373 0 0 0 0
374 0 0 0 0
375 0 0 0 0
376 0 0 0 0
377 0 0 0 0
378 0 0 0 0
379 0 0 0 0
380 0 0 0 0
381 0 0 0 0
382 0 0 0 0
383 0 0 0 0
384 0 0 0 0
385 0 0 0 0
386 0 0 0 0
387 0 0 0 0
388 0 0 0 0
389 0 0 0 0
390 0 0 0 0
391 0 0 0 0
392 0 0 0 0
393 0 0 0 0
394 0 0 0 0
395 0 0 0 0
396 0 0 0 0
397 0 0 0 0
398 0 0 0 0
399 0 0 0 0
400 0 0 0 0
401 0 0 0 0
402 0 0 0 0
403 0 0 0 0
404 0 0 0 0
405 0 0 0 0
406 0 0 0 0
407 0 0 0 0
408 0 0 0 0
409 0 0 0 0
410 0 0 0 0
411 0 0 0 0
412 0 0 0 0
413 0 0 0 0
414 0 0 0 0
415 0 0 0 0
416 0 0 0 0
417 0 0 0 0
418 0 0 0 0
419 0 0 0 0
420 0 0 0 0
421 0 0 0 0
422 0 0 0 0
423 0 0 0 0
424 0 0 0 0
425 0 0 0 0
426 0 0 0 0
427 0 0 0 0
428 0 0 0 0
429 0 0 0 0
430 0 0 0 0
431 0 0 0 0
432 0 0 0 0
433 0 0 0 0
434 0 0 0 0
435 0 0 0 0
436 0 0 0 0
437 0 0 0 0
438 0 0 0 0
439 0 0 0 0
440 0 0 0 0
441 0 0 0 0
442 0 0 0 0
443 0 0 0 0
444 0 0 0 0
445 0 0 0 0
446 0 0 0 0
447 0 0 0 0
448 0 0 0 0
449 0 0 0 0
450 0 0 0 0
451 0 0 0 0
452 0 0 0 0
453 0 0 0 0
454 0 0 0 0
455 0 0 0 0
456 0 0 0 0
457 0 0 0 0
458 0 0 0 0
459 0 0 0 0
460 0 0 0 0
461 0 0 0 0
462 0 0 0 0
463 0 0 0 0
464 0 0 0 0
465 0 0 0 0
466 0 0 0 0
467 0 0 0 0
468 0 0 0 0
469 0 0 0 0
470 0 0 0 0
471 0 0 0 0
472 0 0 0 0
473 0 0 0 0
474 0 0 0 0
475 0 0 0 0
476 0 0 0 0
477 0 0 0 0
478 0 0 0 0
479 0 0 0 0
480 0 0 0 0
481 0 0 0 0
482 0 0 0 0
483 0 0 0 0
484 0 0 0 0
485 0 0 0 0
486 0 0 0 0
487 0 0 0 0
488 0 0 0 0
489 0 0 0 0
490 0 0 0 0
491 0 0 0 0
492 0 0 0 0
493 0 0 0 0
494 0 0 0 0
495 0 0 0 0
496 0 0 0 0
497 0 0 0 0
498 0 0 0 0
499 0 0 0 0
500 0 0 0 0
501 0 0 0 0
502 0 0 0 0
503 0 0 0 0
504 0 0 0 0
505 0 0 0 0
506 0 0 0 0
507 0 0 0 0
508 0 0 0 0
509 0 0 0 0
510 0 0 0 0
511 0 0 0 0
512 0 0 0 0
513 0 0 0 0
514 0 0 0 0
515 0 0 0 0
516 0 0 0 0
517 0 0 0 0
518 0 0 0 0
519 0 0 0 0
520 0 0 0 0
521 0 0 0 0
522 0 0 0 0
523 0 0 0 0
524 0 0 0 0
525 0 0 0 0
526 0 0 0 0
527 0 0 0 0
528 0 0 0 0
529 0 0 0 0
530 0 0 0 0
531 0 0 0 0
532 0 0 0 0
533 0 0 0 0
534 0 0 0 0
535 0 0 0 0
536 0 0 0 0
537 0 0 0 0
538 0 0 0 0
539 0 0 0 0
540 0 0 0 0
541 0 0 0 0
542 0 0 0 0
543 0 0 0 0
544 0 0 0 0
545 0 0 0 0
546 0 0 0 0
547 0 0 0 0
548 0 0 0 0
549 0 0 0 0
550 0 0 0 0
551 0 0 0 0
552 0 0 0 0
553 0 0 0 0
554 0 0 0 0
555 0 0 0 0
556 0 0 0 0
557 0 0 0 0
558 0 0 0 0
559 0 0 0 0
560 0 0 0 0
561 0 0 0 0
562 0 0 0 0
563 0 0 0 0
564 0 0 0 0
565 0 0 0 0
566 0 0 0 0
567 0 0 0 0
568 0 0 0 0
569 0 0 0 0
570 0 0 0 0
571 0 0 0 0
572 0 0 0 0
573 0 0 0 0
574 0 0 0 0
575 0 0 0 0
576 0 0 0 0
577 0 0 0 0
578 0 0 0 0
579 0 0 0 0
580 0 0 0 0
581 0 0 0 0
582 0 0 0 0
583 0 0 0 0
584 0 0 0 0
585 0 0 0 0
586 0 0 0 0
587 0 0 0 0
588 0 0 0 0
589 0 0 0 0
590 0 0 0 0
591 0 0 0 0
592 0 0 0 0
593 0 0 0 0
594 0 0 0 0
595 0 0 0 0
596 0 0 0 0
597 0 0 0 0
598 0 0 0 0
599 0 0 0 0
600 0 0 0 0
601 0 0 0 0
602 0 0 0 0
603 0 0 0 0
604 0 0 0 0
605 0 0 0 0
606 0 0 0 0
607 0 0 0 0
608 0 0 0 0
609 0 0 0 0
610 0 0 0 0
611 0 0 0 0
612 0 0 0 0
613 0 0 0 0
614 0 0 0 0
615 0 0 0 0
616 0 0 0 0
617 0 0 0 0
618 0 0 0 0
619 0 0 0 0
620 0 0 0 0
621 0 0 0 0
622 0 0 0 0
623 0 0 0 0
624 0 0 0 0
625 0 0 0 0
626 0 0 0 0
627 0 0 0 0
628 0 0 0 0
629 0 0 0 0
630 0 0 0 0
631 0 0 0 0
632 0 0 0 0
633 0 0 0 0
634 0 0 0 0
635 0 0 0 0
636 0 0 0 0
637 0 0 0 0
638 0 0 0 0
639 0 0 0 0
640 0 0 0 0
641 0 0 0 0
642 0 0 0 0
643 0 0 0 0
644 0 0 0 0
645 0 0 0 0
646 0 0 0 0
647 0 0 0 0
648 0 0 0 0
649 0 0 0 0
650 0 0 0 0
651 0 0 0 0
652 0 0 0 0
653 0 0 0 0
654 0 0 0 0
655 0 0 0 0
656 0 0 0 0
657 0 0 0 0
658 0 0 0 0
659 0 0 0 0
660 0 0 0 0
661 0 0 0 0
662 0 0 0 0
663 0 0 0 0
664 0 0 0 0
665 0 0 0 0
666 0 0 0 0
667 0 0 0 0
668 0 0 0 0
669 0 0 0 0
670 0 0 0 0
671 0 0 0 0
672 0 0 0 0
673 0 0 0 0
674 0 0 0 0
675 0 0 0 0
676 0 0 0 0
677 0 0 0 0
678 0 0 0 0
679 0 0 0 0
680 0 0 0 0
681 0 0 0 0
682 0 0 0 0
683 0 0 0 0
684 0 0 0 0
685 0 0 0 0
686 0 0 0 0
687 0 0 0 0
688 0 0 0 0
689 0 0 0 0
690 0 0 0 0
691 0 0 0 0
692 0 0 0 0
693 0 0 0 0
694 0 0 0 0
695 0 0 0 0
696 0 0 0 0
697 0 0 0 0
698 0 0 0 0
699 0 0 0 0
700 0 0 0 0
701 0 0 0 0
702 0 0 0 0
703 0 0 0 0
704 0 0 0 0
705 0 0 0 0
706 0 0 0 0
707 0 0 0 0
708 0 0 0 0
709 0 0 0 0
710 0 0 0 0
711 0 0 0 0
712 0 0 0 0
713 0 0 0 0
714 0 0 0 0
715 0 0 0 0
716 0 0 0 0
717 0 0 0 0
718 0 0 0 0
719 0 0 0 0
720 0 0 0 0
721 0 0 0 0
722 0 0 0 0
723 0 0 0 0
724 0 0 0 0
725 0 0 0 0
726 0 0 0 0
727 0 0 0 0
