0 0 0 0 0
1 0 0 0 0
2 0 0 0 0
3 0 0 0 0
4 0 0 0 0
5 0 0 2 0
6 0 0 0 0
7 0 0 0 0
8 0 0 0 0
9 0 1 2 2
10 0 0 0 0
11 0 0 0 0
12 0 0 0 0
13 0 0 0 2
14 0 0 0 0
15 1 0 0 0
16 0 0 0 1
17 0 0 0 0
18 0 0 0 0
19 1 0 0 0
20 0 0 0 0
21 2 0 0 0
22 1 0 0 0
23 1 0 0 0
24 0 1 1 0
25 0 0 0 0
26 1 2 0 0
27 0 0 0 0
28 0 1 0 1
29 0 0 0 0
30 0 0 0 0
31 0 0 1 1
32 0 0 0 1
33 0 0 0 2
34 0 0 0 0
35 0 0 1 1
36 0 0 0 0
37 0 0 0 0
38 0 0 0 0
39 1 0 0 1
40 3 0 0 0
41 1 0 0 0
42 1 0 0 0
43 2 0 0 0
44 2 0 1 0
45 0 2 0 0
46 2 0 0 0
47 1 0 0 0
48 1 0 0 1
49 0 1 1 2
50 1 2 0 0
51 0 2 1 0
52 0 1 0 0
53 1 1 1 1
54 0 1 0 1
55 0 0 0 2
56 0 0 0 2
57 0 0 0 2
58 0 1 0 2
59 0 0 1 0
60 0 0 0 1
61 1 0 0 0
62 0 0 0 1
63 1 0 0 1
64 1 0 0 0
65 0 0 0 0
66 1 0 1 0
67 3 0 0 0
68 2 0 1 0
69 2 0 1 0
70 2 0 0 1
71 1 1 0 0
72 0 1 0 1
73 4 0 1 0
74 2 0 1 0
75 2 1 0 1
76 1 2 1 2
77 2 0 1 1
78 4 1 2 0
79 2 1 0 1
80 2 1 0 1
81 2 0 1 1
82 3 3 0 0
83 2 5 1 3
84 3 1 1 2
85 1 0 0 4
86 3 0 1 2
87 1 1 0 1
88 2 3 0 1
89 1 2 1 1
90 3 0 1 6
91 5 2 2 2
92 1 0 0 1
93 3 0 2 2
94 2 1 0 1
95 6 2 1 3
96 2 2 2 1
97 3 1 2 1
98 6 0 3 3
99 7 0 3 1
100 5 1 2 4
101 5 2 0 3
102 1 2 0 3
103 1 3 0 1
104 3 8 2 3
105 2 2 2 4
106 5 2 2 3
107 6 3 1 3
108 5 0 1 4
109 2 1 3 3
110 7 2 3 3
111 8 2 2 8
112 5 2 1 2
113 5 3 0 6
114 4 1 0 6
115 4 7 2 2
116 7 6 0 5
117 7 3 2 3
118 6 3 1 2
119 2 3 2 3
120 3 7 2 5
121 3 3 3 5
122 9 6 1 6
123 8 3 1 7
124 6 3 0 9
125 12 3 0 7
126 3 1 1 5
127 3 5 2 4
128 6 4 2 3
129 4 2 2 3
130 4 7 4 4
131 4 2 3 4
132 6 3 3 5
133 5 5 4 1
134 6 4 2 11
135 6 3 0 7
136 3 1 1 3
137 5 3 0 8
138 8 3 2 7
139 10 5 1 8
140 8 6 0 3
141 8 1 4 5
142 9 4 2 4
143 8 2 6 6
144 9 3 1 6
145 2 2 3 7
146 8 4 2 6
147 9 5 3 7
148 11 11 1 1
149 7 1 8 6
150 9 7 0 7
151 9 4 5 7
152 8 4 3 8
153 10 9 3 8
154 8 1 0 5
155 8 3 2 12
156 8 7 2 10
157 11 3 3 11
158 9 7 4 3
159 8 5 5 4
160 10 8 3 6
161 11 6 6 5
162 8 1 4 7
163 9 7 0 13
164 10 3 2 7
165 12 5 7 13
166 10 11 6 5
167 14 7 4 9
168 15 5 5 10
169 17 3 4 9
170 15 7 2 9
171 10 5 4 6
172 10 7 5 12
173 16 2 6 17
174 17 10 4 10
175 13 5 3 8
176 11 8 4 6
177 14 9 10 10
178 17 15 5 13
179 12 13 8 12
180 11 5 6 11
181 14 1 9 18
182 26 7 3 12
183 13 8 3 15
184 19 9 8 14
185 13 7 2 16
186 16 13 4 13
187 17 16 10 11
188 19 6 3 11
189 17 7 7 10
190 16 4 6 11
191 17 11 9 25
192 22 6 8 13
193 22 13 6 18
194 14 8 8 17
195 17 10 6 12
196 12 18 4 15
197 13 12 11 18
198 14 14 7 18
199 21 9 6 14
200 14 9 6 20
201 13 11 8 22
202 15 10 5 20
203 13 9 6 14
204 17 11 7 17
205 15 7 4 17
206 11 10 6 17
207 9 10 3 19
208 12 10 8 15
209 18 6 10 15
210 11 11 6 15
211 4 5 5 22
212 8 5 3 13
213 7 8 2 13
214 6 9 7 14
215 8 11 4 15
216 9 3 4 10
217 7 7 2 13
218 6 3 8 14
219 6 3 4 11
220 9 2 2 11
221 6 4 5 10
222 9 6 3 13
223 3 7 0 6
224 8 4 6 7
225 4 5 5 11
226 4 2 1 6
227 5 6 4 5
228 5 3 2 10
229 1 6 1 9
230 7 2 2 5
231 5 4 3 10
232 3 4 1 7
233 7 6 3 3
234 3 0 3 10
235 6 3 3 6
236 3 2 0 7
237 5 2 1 6
238 4 3 1 6
239 2 3 2 4
240 4 5 3 5
241 3 1 0 2
242 4 6 0 5
243 3 2 2 4
244 4 2 2 3
245 0 3 2 4
246 4 1 1 5
247 5 1 2 9
248 2 0 3 4
249 0 0 2 3
250 0 2 1 3
251 2 3 1 3
252 1 1 2 5
253 0 3 0 0
254 1 0 0 2
255 1 1 1 4
256 3 3 1 5
257 2 2 1 4
258 1 0 0 2
259 3 0 0 1
260 1 0 2 5
261 2 0 2 2
262 2 1 0 1
263 2 0 1 1
264 2 0 1 3
265 1 1 1 2
266 4 2 1 1
267 1 2 0 1
268 0 0 2 0
269 0 1 0 1
270 1 0 0 0
271 1 2 2 2
272 0 1 1 3
273 0 1 0 3
274 1 1 0 1
275 1 1 0 2
276 0 2 0 1
277 0 0 0 0
278 0 0 0 3
279 0 2 0 2
280 0 1 0 2
281 0 0 0 0
282 0 0 0 1
283 0 0 0 2
284 1 0 0 0
285 0 0 0 0
286 0 0 0 1
287 0 0 0 1
288 0 0 0 0
289 0 1 0 0
290 0 0 0 0
291 0 0 0 0
292 1 0 0 0
293 0 0 0 0
294 1 0 0 0
295 0 0 0 0
296 0 0 0 1
297 0 0 1 0
298 0 0 0 0
299 0 1 0 0
300 0 0 0 0
301 0 0 0 1
302 0 0 0 0
303 0 0 0 0
304 0 0 0 0
305 0 0 0 0
306 0 0 0 1
307 0 0 0 0
308 0 0 0 0
309 0 0 0 0
310 0 0 0 0
311 0 0 0 0
312 0 0 0 0
313 0 0 0 0
314 0 0 0 0
315 0 0 0 0
316 0 0 0 0
317 0 0 0 0
318 0 0 0 0
319 0 0 0 0
320 0 0 0 0
321 0 0 0 0
322 0 0 0 0
323 0 0 0 0
324 0 0 0 0
325 0 0 0 0
326 0 0 0 0
327 0 0 0 0
328 0 0 0 0
329 0 0 0 0
330 0 0 0 0
331 0 0 0 0
332 0 0 0 0
333 0 0 0 0
334 0 0 0 0
335 0 0 0 0
336 0 0 0 0
337 0 0 0 0
338 0 0 0 0
339 0 0 0 0
340 0 0 0 0
341 0 0 0 0
342 0 0 0 0
343 0 0 0 0
344 0 0 0 0
345 0 0 0 0
346 0 0 0 0
347 0 0 0 0
348 0 0 0 0
349 0 0 0 0
350 0 0 0 0
351 0 0 0 0
352 0 0 0 0
353 0 0 0 0
354 0 0 0 0
355 0 0 0 0
356 0 0 0 0
357 0 0 0 0
358 0 0 0 0
359 0 0 0 0
360 0 0 0 0
361 0 0 0 0
362 0 0 0 0
363 0 0 0 0
364 0 0 0 0
365 0 0 0 0
366 0 0 0 0
367 0 0 0 0
368 0 0 0 0
369 0 0 0 0
370 0 0 0 0
371 0 0 0 0
372 0 0 0 0
373 0 0 0 0
374 0 0 0 0
375 0 0 0 0
376 0 0 0 0
377 0 0 0 0
378 0 0 0 0
379 0 0 0 0
380 0 0 0 0
381 0 0 0 0
382 0 0 0 0
383 0 0 0 0
384 0 0 0 0
385 0 0 0 0
386 0 0 0 0
387 0 0 0 0
388 0 0 0 0
389 0 0 0 0
390 0 0 0 0
391 0 0 0 0
392 0 0 0 0
393 0 0 0 0
394 0 0 0 0
395 0 0 0 0
396 0 0 0 0
397 0 0 0 0
398 0 0 0 0
399 0 0 0 0
400 0 0 0 0
401 0 0 0 0
402 0 0 0 0
403 0 0 0 0
404 0 0 0 0
405 0 0 0 0
406 0 0 0 0
407 0 0 0 0
408 0 0 0 0
409 0 0 0 0
410 0 0 0 0
411 0 0 0 0
412 0 0 0 0
413 0 0 0 0
414 0 0 0 0
415 0 0 0 0
416 0 0 0 0
417 0 0 0 0
418 0 0 0 0
419 0 0 0 0
420 0 0 0 0
421 0 0 0 0
422 0 0 0 0
423 0 0 0 0
424 0 0 0 0
425 0 0 0 0
426 0 0 0 0
427 0 0 0 0
428 0 0 0 0
429 0 0 0 0
430 0 0 0 0
431 0 0 0 0
432 0 0 0 0
433 0 0 0 0
434 0 0 0 0
435 0 0 0 0
436 0 0 0 0
437 0 0 0 0
438 0 0 0 0
439 0 0 0 0
440 0 0 0 0
441 0 0 0 0
442 0 0 0 0
443 0 0 0 0
444 0 0 0 0
445 0 0 0 0
446 0 0 0 0
447 0 0 0 0
448 0 0 0 0
449 0 0 0 0
450 0 0 0 0
451 0 0 0 0
452 0 0 0 0
453 0 0 0 0
454 0 0 0 0
455 0 0 0 0
456 0 0 0 0
457 0 0 0 0
458 0 0 0 0
459 0 0 0 0
460 0 0 0 0
461 0 0 0 0
462 0 0 0 0
463 0 0 0 0
464 0 0 0 0
465 0 0 0 0
466 0 0 0 0
467 0 0 0 0
468 0 0 0 0
469 0 0 0 0
470 0 0 0 0
471 0 0 0 0
472 0 0 0 0
473 0 0 0 0
474 0 0 0 0
475 0 0 0 0
476 0 0 0 0
477 0 0 0 0
478 0 0 0 0
479 0 0 0 0
480 0 0 0 0
481 0 0 0 0
482 0 0 0 0
483 0 0 0 0
484 0 0 0 0
485 0 0 0 0
486 0 0 0 0
487 0 0 0 0
488 0 0 0 0
489 0 0 0 0
490 0 0 0 0
491 0 0 0 0
492 0 0 0 0
493 0 0 0 0
494 0 0 0 0
495 0 0 0 0
496 0 0 0 0
497 0 0 0 0
498 0 0 0 0
499 0 0 0 0
500 0 0 0 0
501 0 0 0 0
502 0 0 0 0
503 0 0 0 0
504 0 0 0 0
505 0 0 0 0
506 0 0 0 0
507 0 0 0 0
508 0 0 0 0
509 0 0 0 0
510 0 0 0 0
511 0 0 0 0
512 0 0 0 0
513 0 0 0 0
514 0 0 0 0
515 0 0 0 0
516 0 0 0 0
517 0 0 0 0
518 0 0 0 0
519 0 0 0 0
520 0 0 0 0
521 0 0 0 0
522 0 0 0 0
523 0 0 0 0
524 0 0 0 0
525 0 0 0 0
526 0 0 0 0
527 0 0 0 0
528 0 0 0 0
529 0 0 0 0
530 0 0 0 0
531 0 0 0 0
532 0 0 0 0
533 0 0 0 0
534 0 0 0 0
535 0 0 0 0
536 0 0 0 0
537 0 0 0 0
538 0 0 0 0
539 0 0 0 0
540 0 0 0 0
541 0 0 0 0
542 0 0 0 0
543 0 0 0 0
544 0 0 0 0
545 0 0 0 0
546 0 0 0 0
547 0 0 0 0
548 0 0 0 0
549 0 0 0 0
550 0 0 0 0
551 0 0 0 0
552 0 0 0 0
553 0 0 0 0
554 0 0 0 0
555 0 0 0 0
556 0 0 0 0
557 0 0 0 0
558 0 0 0 0
559 0 0 0 0
560 0 0 0 0
561 0 0 0 0
562 0 0 0 0
563 0 0 0 0
564 0 0 0 0
565 0 0 0 0
566 0 0 0 0
567 0 0 0 0
568 0 0 0 0
569 0 0 0 0
570 0 0 0 0
571 0 0 0 0
572 0 0 0 0
573 0 0 0 0
574 0 0 0 0
575 0 0 0 0
576 0 0 0 0
577 0 0 0 0
578 0 0 0 0
579 0 0 0 0
580 0 0 0 0
581 0 0 0 0
582 0 0 0 0
583 0 0 0 0
584 0 0 0 0
585 0 0 0 0
586 0 0 0 0
587 0 0 0 0
588 0 0 0 0
589 0 0 0 0
590 0 0 0 0
591 0 0 0 0
592 0 0 0 0
593 0 0 0 0
594 0 0 0 0
595 0 0 0 0
596 0 0 0 0
597 0 0 0 0
598 0 0 0 0
599 0 0 0 0
600 0 0 0 0
601 0 0 0 0
602 0 0 0 0
603 0 0 0 0
604 0 0 0 0
605 0 0 0 0
606 0 0 0 0
607 0 0 0 0
608 0 0 0 0
609 0 0 0 0
610 0 0 0 0
611 0 0 0 0
612 0 0 0 0
613 0 0 0 0
614 0 0 0 0
615 0 0 0 0
616 0 0 0 0
617 0 0 0 0
618 0 0 0 0
619 0 0 0 0
620 0 0 0 0
621 0 0 0 0
622 0 0 0 0
623 0 0 0 0
624 0 0 0 0
625 0 0 0 0
626 0 0 0 0
627 0 0 0 0
628 0 0 0 0
629 0 0 0 0
630 0 0 0 0
631 0 0 0 0
632 0 0 0 0
633 0 0 0 0
634 0 0 0 0
635 0 0 0 0
636 0 0 0 0
637 0 0 0 0
638 0 0 0 0
639 0 0 0 0
640 0 0 0 0
641 0 0 0 0
642 0 0 0 0
643 0 0 0 0
644 0 0 0 0
645 0 0 0 0
646 0 0 0 0
647 0 0 0 0
648 0 0 0 0
649 0 0 0 0
650 0 0 0 0
651 0 0 0 0
652 0 0 0 0
653 0 0 0 0
654 0 0 0 0
655 0 0 0 0
656 0 0 0 0
657 0 0 0 0
658 0 0 0 0
659 0 0 0 0
660 0 0 0 0
661 0 0 0 0
662 0 0 0 0
663 0 0 0 0
664 0 0 0 0
665 0 0 0 0
666 0 0 0 0
667 0 0 0 0
668 0 0 0 0
669 0 0 0 0
670 0 0 0 0
671 0 0 0 0
672 0 0 0 0
673 0 0 0 0
674 0 0 0 0
675 0 0 0 0
676 0 0 0 0
677 0 0 0 0
678 0 0 0 0
679 0 0 0 0
680 0 0 0 0
681 0 0 0 0
682 0 0 0 0
683 0 0 0 0
684 0 0 0 0
685 0 0 0 0
686 0 0 0 0
687 0 0 0 0
688 0 0 0 0
689 0 0 0 0
690 0 0 0 0
691 0 0 0 0
692 0 0 0 0
693 0 0 0 0
694 0 0 0 0
695 0 0 0 0
696 0 0 0 0
697 0 0 0 0
698 0 0 0 0
699 0 0 0 0
700 0 0 0 0
701 0 0 0 0
702 0 0 0 0
703 0 0 0 0
704 0 0 0 0
705 0 0 0 0
706 0 0 0 0
707 0 0 0 0
708 0 0 0 0
709 0 0 0 0
710 0 0 0 0
711 0 0 0 0
712 0 0 0 0
713 0 0 0 0
714 0 0 0 0
715 0 0 0 0
716 0 0 0 0
717 0 0 0 0
718 0 0 0 0
719 0 0 0 0
720 0 0 0 0
721 0 0 0 0
722 0 0 0 0
723 0 0 0 0
724 0 0 0 0
725 0 0 0 0
726 0 0 0 0
727 0 0 0 0
