0 0 0 0 0
1 0 0 0 0
2 0 0 0 0
3 0 0 0 0
4 0 0 0 0
5 0 0 2 0
6 0 0 0 0
7 0 0 0 0
8 0 0 0 0
9 0 1 2 1
10 0 0 0 0
11 0 0 0 1
12 0 0 0 0
13 0 0 0 2
14 0 0 0 0
15 0 0 0 0
16 0 0 0 1
17 0 0 0 0
18 2 0 0 0
19 2 0 0 0
20 1 0 0 0
21 1 0 0 0
22 1 0 0 0
23 1 0 1 0
24 1 1 0 0
25 1 1 0 0
26 0 0 0 0
27 2 0 2 0
28 2 1 0 0
29 0 0 0 0
30 1 1 1 1
31 1 0 0 2
32 0 0 1 1
33 0 1 1 0
34 0 0 0 3
35 1 0 2 1
36 3 1 1 0
37 1 0 1 1
38 2 0 0 0
39 2 0 0 2
40 1 0 0 2
41 1 1 1 1
42 1 0 1 1
43 2 2 0 1
44 2 2 1 0
45 1 1 0 2
46 2 0 0 1
47 2 1 1 2
48 1 0 1 2
49 3 1 0 0
50 2 0 0 0
51 2 0 0 3
52 1 1 3 2
53 3 2 0 1
54 4 2 1 0
55 2 1 2 0
56 3 0 2 2
57 1 1 0 0
58 6 2 0 2
59 0 2 2 5
60 0 1 0 4
61 1 1 1 1
62 1 3 0 2
63 3 4 2 2
64 4 0 1 2
65 1 0 0 1
66 4 0 0 4
67 1 2 0 5
68 4 0 1 1
69 3 2 1 1
70 4 1 1 1
71 3 1 1 1
72 6 2 1 1
73 7 3 1 2
74 3 0 1 4
75 7 4 1 1
76 3 0 0 2
77 2 4 2 3
78 2 6 1 1
79 3 3 2 4
80 4 4 0 1
81 5 2 2 2
82 2 3 0 8
83 6 1 1 4
84 7 3 2 5
85 1 2 2 5
86 4 3 2 3
87 4 2 0 5
88 6 4 1 6
89 4 2 2 2
90 5 1 0 3
91 5 1 0 0
92 4 6 2 7
93 4 4 3 6
94 8 4 0 1
95 4 2 4 3
96 4 2 0 3
97 6 4 0 4
98 2 4 0 1
99 5 4 2 10
100 7 5 3 4
101 3 3 2 4
102 7 4 1 2
103 6 2 0 4
104 6 0 2 9
105 5 4 5 7
106 6 2 1 8
107 6 3 4 4
108 7 5 2 2
109 6 2 3 0
110 5 3 2 2
111 6 2 1 4
112 6 2 2 12
113 5 6 4 7
114 7 6 1 7
115 6 5 4 3
116 5 1 3 3
117 5 2 3 10
118 8 2 3 6
119 7 2 1 8
120 7 3 4 5
121 8 2 1 6
122 6 4 1 6
123 8 4 6 6
124 6 6 1 5
125 5 4 2 4
126 9 4 4 3
127 12 2 2 6
128 6 5 4 4
129 4 5 1 5
130 5 5 1 12
131 6 4 5 7
132 8 4 4 10
133 9 3 2 5
134 11 5 1 4
135 8 5 3 9
136 9 5 1 7
137 9 7 1 5
138 8 5 1 6
139 12 2 6 10
140 6 7 4 8
141 15 2 3 8
142 11 5 3 6
143 15 4 5 2
144 16 6 5 6
145 9 7 2 6
146 16 9 4 12
147 12 5 2 11
148 5 6 6 9
149 14 4 2 8
150 17 7 3 13
151 16 9 7 8
152 14 10 5 10
153 16 13 3 12
154 10 6 2 9
155 8 11 4 13
156 13 11 6 9
157 11 7 5 9
158 14 16 7 15
159 8 8 6 13
160 14 2 4 17
161 8 9 3 10
162 8 9 3 20
163 11 11 2 20
164 9 7 3 8
165 11 10 3 17
166 17 3 6 9
167 14 7 2 10
168 12 6 3 10
169 13 6 4 16
170 16 6 2 14
171 14 9 3 10
172 13 9 6 8
173 17 3 5 7
174 21 8 7 6
175 16 12 8 13
176 17 12 6 15
177 17 9 5 11
178 18 10 6 14
179 16 11 4 18
180 22 9 4 13
181 21 11 10 17
182 23 7 10 11
183 17 11 7 16
184 19 11 4 9
185 19 12 10 25
186 16 10 6 14
187 12 8 14 17
188 20 8 7 11
189 16 10 5 21
190 10 12 11 20
191 17 10 11 22
192 21 8 5 17
193 11 14 5 15
194 19 13 4 29
195 22 5 6 16
196 21 8 10 13
197 16 13 10 17
198 17 7 5 25
199 23 11 7 9
200 23 8 4 16
201 17 12 5 17
202 13 11 3 14
203 22 4 8 17
204 21 19 7 15
205 18 15 10 12
206 11 9 12 18
207 11 15 4 13
208 15 14 6 20
209 11 15 5 20
210 19 11 4 18
211 16 9 4 26
212 11 6 10 23
213 9 12 8 19
214 10 9 3 16
215 10 6 8 19
216 9 13 4 21
217 8 11 4 17
218 7 4 8 10
219 13 6 4 12
220 11 6 3 17
221 7 7 5 14
222 9 4 5 14
223 12 11 3 15
224 14 7 4 10
225 13 4 7 11
226 12 6 1 6
227 9 5 2 15
228 9 6 7 13
229 6 6 3 10
230 7 6 4 8
231 10 7 6 9
232 4 4 2 14
233 4 7 2 11
234 9 7 5 14
235 3 5 3 13
236 5 5 5 4
237 6 4 2 6
238 5 3 3 7
239 7 6 7 9
240 5 3 2 12
241 4 4 2 10
242 3 2 3 6
243 5 1 3 11
244 6 4 2 9
245 5 3 1 3
246 5 4 1 7
247 8 2 3 5
248 5 4 3 8
249 3 2 3 3
250 1 3 3 2
251 3 2 1 7
252 6 4 1 9
253 1 3 2 7
254 4 1 2 3
255 3 2 2 1
256 1 5 0 3
257 4 5 2 9
258 4 2 0 5
259 5 3 1 5
260 5 2 1 3
261 4 1 3 6
262 1 0 2 3
263 2 1 1 6
264 2 1 0 5
265 2 1 1 1
266 4 3 2 4
267 3 3 0 1
268 3 5 0 4
269 4 3 2 1
270 1 1 1 2
271 2 1 2 1
272 2 0 2 6
273 3 2 0 7
274 3 2 2 1
275 0 1 2 2
276 2 2 2 5
277 1 0 1 2
278 1 3 0 4
279 1 1 0 2
280 0 0 1 2
281 0 2 1 3
282 0 1 1 3
283 0 1 1 4
284 0 0 0 0
285 2 0 0 3
286 0 0 0 2
287 1 0 0 2
288 1 1 0 2
289 0 0 0 0
290 2 0 0 1
291 0 0 1 0
292 1 1 0 1
293 2 1 0 0
294 4 1 0 0
295 1 2 0 0
296 2 0 0 1
297 1 0 1 0
298 1 0 1 1
299 0 2 0 2
300 0 1 0 1
301 0 1 1 2
302 1 1 1 0
303 0 2 1 1
304 1 0 0 0
305 1 0 0 3
306 2 0 0 1
307 1 0 1 5
308 0 0 0 0
309 0 1 0 1
310 0 0 1 0
311 0 1 1 1
312 0 0 0 0
313 0 0 0 0
314 1 0 0 0
315 1 0 0 0
316 0 1 0 2
317 0 0 0 0
318 0 0 0 2
319 0 0 1 0
320 0 0 1 1
321 0 0 0 0
322 0 0 0 0
323 1 0 0 0
324 2 0 0 0
325 0 0 0 0
326 0 0 0 1
327 1 0 0 1
328 1 1 0 0
329 0 1 1 0
330 0 0 0 0
331 0 0 0 0
332 0 0 0 0
333 0 1 0 0
334 0 0 0 0
335 0 0 0 1
336 1 1 0 2
337 0 0 0 1
338 0 0 0 0
339 0 0 0 0
340 2 0 0 1
341 0 0 0 0
342 2 0 0 0
343 1 0 0 0
344 0 0 0 0
345 0 0 1 0
346 0 0 0 0
347 1 1 1 0
348 0 1 0 0
349 1 2 0 0
350 0 0 0 0
351 0 0 0 2
352 0 1 0 2
353 0 0 0 1
354 0 0 1 0
355 0 0 0 0
356 0 0 0 2
357 0 0 0 0
358 0 0 0 1
359 0 0 0 0
360 0 0 0 0
361 0 0 0 0
362 0 0 0 0
363 0 0 0 0
364 0 0 0 0
365 0 0 0 0
366 0 0 0 0
367 0 0 0 0
368 0 0 0 0
369 0 0 0 0
370 0 0 0 0
371 0 0 0 0
372 0 0 0 0
373 0 0 0 0
374 0 0 0 0
375 0 0 0 0
376 0 0 0 0
377 0 0 0 0
378 0 0 0 0
379 0 0 0 0
380 0 0 0 0
381 0 0 0 0
382 0 0 0 0
383 0 0 0 0
384 0 0 0 0
385 0 0 0 0
386 0 0 0 0
387 0 0 0 0
388 0 0 0 0
389 0 0 0 0
390 0 0 0 0
391 0 0 0 0
392 0 0 0 0
393 0 0 0 0
394 0 0 0 0
395 0 0 0 0
396 0 0 0 0
397 0 0 0 0
398 0 0 0 0
399 0 0 0 0
400 0 0 0 0
401 0 0 0 0
402 0 0 0 0
403 0 0 0 0
404 0 0 0 0
405 0 0 0 0
406 0 0 0 0
407 0 0 0 0
408 0 0 0 0
409 0 0 0 0
410 0 0 0 0
411 0 0 0 0
412 0 0 0 0
413 0 0 0 0
414 0 0 0 0
415 0 0 0 0
416 0 0 0 0
417 0 0 0 0
418 0 0 0 0
419 0 0 0 0
420 0 0 0 0
421 0 0 0 0
422 0 0 0 0
423 0 0 0 0
424 0 0 0 0
425 0 0 0 0
426 0 0 0 0
427 0 0 0 0
428 0 0 0 0
429 0 0 0 0
430 0 0 0 0
431 0 0 0 0
432 0 0 0 0
433 0 0 0 0
434 0 0 0 0
435 0 0 0 0
436 0 0 0 0
437 0 0 0 0
438 0 0 0 0
439 0 0 0 0
440 0 0 0 0
441 0 0 0 0
442 0 0 0 0
443 0 0 0 0
444 0 0 0 0
445 0 0 0 0
446 0 0 0 0
447 0 0 0 0
448 0 0 0 0
449 0 0 0 0
450 0 0 0 0
451 0 0 0 0
452 0 0 0 0
453 0 0 0 0
454 0 0 0 0
455 0 0 0 0
456 0 0 0 0
457 0 0 0 0
458 0 0 0 0
459 0 0 0 0
460 0 0 0 0
461 0 0 0 0
462 0 0 0 0
463 0 0 0 0
464 0 0 0 0
465 0 0 0 0
466 0 0 0 0
467 0 0 0 0
468 0 0 0 0
469 0 0 0 0
470 0 0 0 0
471 0 0 0 0
472 0 0 0 0
473 0 0 0 0
474 0 0 0 0
475 0 0 0 0
476 0 0 0 0
477 0 0 0 0
478 0 0 0 0
479 0 0 0 0
480 0 0 0 0
481 0 0 0 0
482 0 0 0 0
483 0 0 0 0
484 0 0 0 0
485 0 0 0 0
486 0 0 0 0
487 0 0 0 0
488 0 0 0 0
489 0 0 0 0
490 0 0 0 0
491 0 0 0 0
492 0 0 0 0
493 0 0 0 0
494 0 0 0 0
495 0 0 0 0
496 0 0 0 0
497 0 0 0 0
498 0 0 0 0
499 0 0 0 0
500 0 0 0 0
501 0 0 0 0
502 0 0 0 0
503 0 0 0 0
504 0 0 0 0
505 0 0 0 0
506 0 0 0 0
507 0 0 0 0
508 0 0 0 0
509 0 0 0 0
510 0 0 0 0
511 0 0 0 0
512 0 0 0 0
513 0 0 0 0
514 0 0 0 0
515 0 0 0 0
516 0 0 0 0
517 0 0 0 0
518 0 0 0 0
519 0 0 0 0
520 0 0 0 0
521 0 0 0 0
522 0 0 0 0
523 0 0 0 0
524 0 0 0 0
525 0 0 0 0
526 0 0 0 0
527 0 0 0 0
528 0 0 0 0
529 0 0 0 0
530 0 0 0 0
531 0 0 0 0
532 0 0 0 0
533 0 0 0 0
534 0 0 0 0
535 0 0 0 0
536 0 0 0 0
537 0 0 0 0
538 0 0 0 0
539 0 0 0 0
540 0 0 0 0
541 0 0 0 0
542 0 0 0 0
543 0 0 0 0
544 0 0 0 0
545 0 0 0 0
546 0 0 0 0
547 0 0 0 0
548 0 0 0 0
549 0 0 0 0
550 0 0 0 0
551 0 0 0 0
552 0 0 0 0
553 0 0 0 0
554 0 0 0 0
555 0 0 0 0
556 0 0 0 0
557 0 0 0 0
558 0 0 0 0
559 0 0 0 0
560 0 0 0 0
561 0 0 0 0
562 0 0 0 0
563 0 0 0 0
564 0 0 0 0
565 0 0 0 0
566 0 0 0 0
567 0 0 0 0
568 0 0 0 0
569 0 0 0 0
570 0 0 0 0
571 0 0 0 0
572 0 0 0 0
573 0 0 0 0
574 0 0 0 0
575 0 0 0 0
576 0 0 0 0
577 0 0 0 0
578 0 0 0 0
579 0 0 0 0
580 0 0 0 0
581 0 0 0 0
582 0 0 0 0
583 0 0 0 0
584 0 0 0 0
585 0 0 0 0
586 0 0 0 0
587 0 0 0 0
588 0 0 0 0
589 0 0 0 0
590 0 0 0 0
591 0 0 0 0
592 0 0 0 0
593 0 0 0 0
594 0 0 0 0
595 0 0 0 0
596 0 0 0 0
597 0 0 0 0
598 0 0 0 0
599 0 0 0 0
600 0 0 0 0
601 0 0 0 0
602 0 0 0 0
603 0 0 0 0
604 0 0 0 0
605 0 0 0 0
606 0 0 0 0
607 0 0 0 0
608 0 0 0 0
609 0 0 0 0
610 0 0 0 0
611 0 0 0 0
612 0 0 0 0
613 0 0 0 0
614 0 0 0 0
615 0 0 0 0
616 0 0 0 0
617 0 0 0 0
618 0 0 0 0
619 0 0 0 0
620 0 0 0 0
621 0 0 0 0
622 0 0 0 0
623 0 0 0 0
624 0 0 0 0
625 0 0 0 0
626 0 0 0 0
627 0 0 0 0
628 0 0 0 0
629 0 0 0 0
630 0 0 0 0
631 0 0 0 0
632 0 0 0 0
633 0 0 0 0
634 0 0 0 0
635 0 0 0 0
636 0 0 0 0
637 0 0 0 0
638 0 0 0 0
639 0 0 0 0
640 0 0 0 0
641 0 0 0 0
642 0 0 0 0
643 0 0 0 0
644 0 0 0 0
645 0 0 0 0
646 0 0 0 0
647 0 0 0 0
648 0 0 0 0
649 0 0 0 0
650 0 0 0 0
651 0 0 0 0
652 0 0 0 0
653 0 0 0 0
654 0 0 0 0
655 0 0 0 0
656 0 0 0 0
657 0 0 0 0
658 0 0 0 0
659 0 0 0 0
660 0 0 0 0
661 0 0 0 0
662 0 0 0 0
663 0 0 0 0
664 0 0 0 0
665 0 0 0 0
666 0 0 0 0
667 0 0 0 0
668 0 0 0 0
669 0 0 0 0
670 0 0 0 0
671 0 0 0 0
672 0 0 0 0
673 0 0 0 0
674 0 0 0 0
675 0 0 0 0
676 0 0 0 0
677 0 0 0 0
678 0 0 0 0
679 0 0 0 0
680 0 0 0 0
681 0 0 0 0
682 0 0 0 0
683 0 0 0 0
684 0 0 0 0
685 0 0 0 0
686 0 0 0 0
687 0 0 0 0
688 0 0 0 0
689 0 0 0 0
690 0 0 0 0
691 0 0 0 0
692 0 0 0 0
693 0 0 0 0
694 0 0 0 0
695 0 0 0 0
696 0 0 0 0
697 0 0 0 0
698 0 0 0 0
699 0 0 0 0
700 0 0 0 0
701 0 0 0 0
702 0 0 0 0
703 0 0 0 0
704 0 0 0 0
705 0 0 0 0
706 0 0 0 0
707 0 0 0 0
708 0 0 0 0
709 0 0 0 0
710 0 0 0 0
711 0 0 0 0
712 0 0 0 0
713 0 0 0 0
714 0 0 0 0
715 0 0 0 0
716 0 0 0 0
717 0 0 0 0
718 0 0 0 0
719 0 0 0 0
720 0 0 0 0
721 0 0 0 0
722 0 0 0 0
723 0 0 0 0
724 0 0 0 0
725 0 0 0 0
726 0 0 0 0
727 0 0 0 0
