0 0 0 0 0
1 0 0 0 0
2 0 0 0 0
3 0 0 0 0
4 0 0 0 0
5 0 2 0 0
6 0 1 0 0
7 0 0 0 0
8 0 0 0 0
9 0 2 0 1
10 0 0 0 1
11 0 0 0 0
12 0 0 0 0
13 0 0 0 3
14 0 0 0 0
15 0 0 0 0
16 0 0 0 0
17 0 0 0 0
18 0 0 0 0
19 0 0 0 0
20 1 0 0 0
21 0 0 0 0
22 0 0 0 0
23 0 0 0 0
24 0 0 0 0
25 0 0 1 0
26 0 0 0 0
27 0 0 0 0
28 0 0 0 0
29 0 0 0 0
30 0 0 0 0
31 1 0 0 0
32 0 0 0 1
33 1 0 0 0
34 0 0 0 0
35 0 0 0 0
36 1 1 0 0
37 0 0 0 0
38 2 1 0 0
39 1 0 0 0
40 0 0 0 1
41 0 0 0 0
42 1 0 0 0
43 0 1 0 0
44 0 0 0 0
45 0 1 1 1
46 1 0 0 0
47 0 1 0 1
48 0 0 0 0
49 1 0 0 2
50 0 0 0 0
51 1 0 1 0
52 0 0 0 0
53 0 0 0 0
54 1 0 0 1
55 0 0 1 1
56 0 0 0 0
57 0 0 0 0
58 0 1 0 0
59 1 0 0 0
60 0 1 0 0
61 0 0 0 0
62 0 0 0 2
63 0 1 0 0
64 0 1 0 1
65 0 0 0 0
66 1 0 0 0
67 1 0 0 1
68 1 0 0 1
69 0 0 0 0
70 1 0 0 0
71 1 1 0 0
72 2 0 0 0
73 2 0 1 0
74 2 0 0 0
75 0 0 0 0
76 0 0 2 0
77 0 0 0 0
78 0 1 0 1
79 0 3 0 0
80 0 0 0 2
81 0 1 1 0
82 0 0 1 0
83 0 0 0 2
84 0 0 0 0
85 0 0 0 3
86 0 0 0 3
87 2 0 0 0
88 0 0 0 0
89 3 0 0 0
90 2 0 0 0
91 1 0 0 0
92 0 1 0 0
93 0 0 0 0
94 1 1 0 0
95 1 2 1 0
96 0 1 0 0
97 0 0 0 0
98 2 1 0 1
99 0 1 0 4
100 1 0 2 1
101 1 0 0 0
102 0 0 0 1
103 0 0 0 1
104 1 0 0 1
105 1 1 0 0
106 2 0 0 0
107 2 2 1 1
108 1 0 0 0
109 2 0 0 0
110 0 0 0 0
111 3 0 1 0
112 2 1 0 1
113 1 0 1 0
114 0 0 2 3
115 2 2 1 1
116 0 1 0 1
117 0 1 0 0
118 1 2 0 0
119 0 0 0 0
120 2 0 4 2
121 0 1 0 1
122 1 0 0 3
123 2 0 1 1
124 2 0 0 3
125 0 0 1 2
126 2 0 0 1
127 1 0 1 2
128 1 1 0 1
129 1 1 1 1
130 0 0 0 0
131 2 0 0 1
132 2 0 2 0
133 3 1 0 1
134 1 0 0 0
135 1 0 2 1
136 2 1 0 2
137 0 1 1 0
138 0 3 0 0
139 1 1 0 2
140 1 1 0 2
141 1 1 2 2
142 0 0 1 1
143 0 0 0 0
144 2 1 1 1
145 3 0 0 6
146 4 0 0 2
147 5 0 0 0
148 2 0 0 2
149 0 2 2 0
150 2 1 1 0
151 2 0 1 0
152 3 4 0 0
153 2 1 0 2
154 5 1 0 0
155 4 2 2 1
156 3 0 3 5
157 0 3 1 2
158 1 1 1 1
159 2 2 3 4
160 1 2 1 2
161 3 1 1 4
162 1 0 0 3
163 3 2 0 4
164 0 0 2 2
165 1 2 0 2
166 2 1 2 2
167 0 0 0 1
168 2 0 1 2
169 1 0 1 2
170 3 0 0 3
171 0 2 0 1
172 2 2 0 2
173 6 0 0 2
174 4 1 0 0
175 2 2 1 2
176 4 0 0 2
177 7 2 1 0
178 2 4 1 0
179 5 1 2 1
180 4 0 0 0
181 4 4 0 3
182 1 4 3 6
183 4 1 2 2
184 2 3 2 1
185 4 3 1 4
186 3 3 1 4
187 4 1 1 3
188 2 2 2 5
189 6 3 0 5
190 3 3 1 2
191 1 2 0 2
192 2 1 3 7
193 4 0 1 3
194 5 2 3 3
195 7 2 1 0
196 8 0 2 5
197 6 1 1 2
198 3 3 1 3
199 3 2 1 3
200 5 3 3 2
201 5 3 2 4
202 7 2 3 4
203 4 3 2 3
204 9 1 1 6
205 5 5 5 4
206 1 2 3 5
207 3 2 3 2
208 1 2 3 5
209 1 1 3 8
210 4 1 2 6
211 2 2 1 3
212 2 2 2 6
213 3 4 3 3
214 4 3 1 3
215 3 4 0 5
216 3 2 0 5
217 2 2 1 7
218 4 1 0 2
219 1 3 0 4
220 3 1 1 4
221 4 1 0 6
222 3 4 1 2
223 6 2 2 0
224 6 0 2 2
225 4 6 0 1
226 0 2 0 4
227 0 0 3 3
228 4 1 3 4
229 1 0 0 5
230 2 3 3 2
231 1 0 0 2
232 0 1 2 6
233 2 4 3 1
234 3 2 0 5
235 1 0 0 1
236 1 0 0 2
237 2 1 1 6
238 1 0 1 1
239 1 2 0 1
240 1 1 0 4
241 1 1 0 2
242 3 0 2 0
243 4 3 1 3
244 2 0 1 1
245 3 1 0 0
246 1 1 1 0
247 1 1 1 3
248 3 2 1 1
249 1 0 2 3
250 0 2 2 3
251 1 1 0 3
252 0 1 0 1
253 0 1 0 2
254 0 0 0 2
255 0 0 1 4
256 0 0 1 1
257 0 1 1 1
258 0 1 0 0
259 1 0 0 1
260 2 1 0 2
261 2 0 0 1
262 1 0 0 2
263 1 0 0 0
264 1 0 1 1
265 1 0 1 0
266 3 1 0 0
267 1 1 0 1
268 2 0 0 1
269 1 1 0 0
270 0 1 1 1
271 1 1 1 0
272 0 1 0 1
273 0 1 2 0
274 0 0 0 3
275 0 0 1 0
276 0 1 1 2
277 0 0 0 3
278 0 0 1 2
279 2 0 0 1
280 1 0 0 1
281 1 0 0 0
282 0 0 0 0
283 1 0 0 1
284 0 0 1 0
285 0 0 1 1
286 0 0 0 0
287 0 0 0 0
288 1 0 1 0
289 1 0 0 0
290 2 1 0 0
291 2 0 0 1
292 0 1 0 1
293 0 1 0 0
294 0 0 0 1
295 0 0 0 1
296 0 0 0 0
297 0 0 0 1
298 0 0 1 0
299 0 1 1 1
300 1 2 0 0
301 0 0 0 0
302 0 0 0 0
303 0 0 0 1
304 1 0 0 3
305 1 0 1 0
306 0 0 0 1
307 0 0 0 0
308 0 0 0 0
309 0 0 1 1
310 0 1 0 0
311 0 0 0 0
312 1 0 0 0
313 0 0 0 0
314 0 0 0 1
315 0 0 0 0
316 0 0 0 1
317 1 1 0 0
318 0 0 0 0
319 0 0 0 0
320 0 0 0 0
321 0 0 0 0
322 0 0 1 0
323 0 0 0 0
324 0 0 0 1
325 0 0 0 0
326 0 0 0 0
327 0 0 0 0
328 0 0 0 0
329 0 0 0 1
330 0 0 0 0
331 0 0 0 0
332 0 0 0 0
333 0 0 0 0
334 0 0 0 0
335 0 0 0 0
336 0 0 0 0
337 0 0 0 0
338 0 0 0 0
339 0 0 0 0
340 0 0 0 0
341 0 0 0 0
342 0 0 0 0
343 0 0 0 0
344 0 0 0 0
345 0 0 0 0
346 0 0 0 0
347 0 0 0 0
348 0 0 0 0
349 0 0 0 0
350 0 0 0 0
351 0 0 0 0
352 0 0 0 0
353 0 0 0 0
354 0 0 0 0
355 0 0 0 0
356 0 0 0 0
357 0 0 0 0
358 0 0 0 0
359 0 0 0 0
360 0 0 0 0
361 0 0 0 0
362 0 0 0 0
363 0 0 0 0
364 0 0 0 0
365 0 0 0 0
366 0 0 0 0
367 0 0 0 0
368 0 0 0 0
369 0 0 0 0
370 0 0 0 0
371 0 0 0 0
372 0 0 0 0
373 0 0 0 0
374 0 0 0 0
375 0 0 0 0
376 0 0 0 0
377 0 0 0 0
378 0 0 0 0
379 0 0 0 0
380 0 0 0 0
381 0 0 0 0
382 0 0 0 0
383 0 0 0 0
384 0 0 0 0
385 0 0 0 0
386 0 0 0 0
387 0 0 0 0
388 0 0 0 0
389 0 0 0 0
390 0 0 0 0
391 0 0 0 0
392 0 0 0 0
393 0 0 0 0
394 0 0 0 0
395 0 0 0 0
396 0 0 0 0
397 0 0 0 0
398 0 0 0 0
399 0 0 0 0
400 0 0 0 0
401 0 0 0 0
402 0 0 0 0
403 0 0 0 0
404 0 0 0 0
405 0 0 0 0
406 0 0 0 0
407 0 0 0 0
408 0 0 0 0
409 0 0 0 0
410 0 0 0 0
411 0 0 0 0
412 0 0 0 0
413 0 0 0 0
414 0 0 0 0
415 0 0 0 0
416 0 0 0 0
417 0 0 0 0
418 0 0 0 0
419 0 0 0 0
420 0 0 0 0
421 0 0 0 0
422 0 0 0 0
423 0 0 0 0
424 0 0 0 0
425 0 0 0 0
426 0 0 0 0
427 0 0 0 0
428 0 0 0 0
429 0 0 0 0
430 0 0 0 0
431 0 0 0 0
432 0 0 0 0
433 0 0 0 0
434 0 0 0 0
435 0 0 0 0
436 0 0 0 0
437 0 0 0 0
438 0 0 0 0
439 0 0 0 0
440 0 0 0 0
441 0 0 0 0
442 0 0 0 0
443 0 0 0 0
444 0 0 0 0
445 0 0 0 0
446 0 0 0 0
447 0 0 0 0
448 0 0 0 0
449 0 0 0 0
450 0 0 0 0
451 0 0 0 0
452 0 0 0 0
453 0 0 0 0
454 0 0 0 0
455 0 0 0 0
456 0 0 0 0
457 0 0 0 0
458 0 0 0 0
459 0 0 0 0
460 0 0 0 0
461 0 0 0 0
462 0 0 0 0
463 0 0 0 0
464 0 0 0 0
465 0 0 0 0
466 0 0 0 0
467 0 0 0 0
468 0 0 0 0
469 0 0 0 0
470 0 0 0 0
471 0 0 0 0
472 0 0 0 0
473 0 0 0 0
474 0 0 0 0
475 0 0 0 0
476 0 0 0 0
477 0 0 0 0
478 0 0 0 0
479 0 0 0 0
480 0 0 0 0
481 0 0 0 0
482 0 0 0 0
483 0 0 0 0
484 0 0 0 0
485 0 0 0 0
486 0 0 0 0
487 0 0 0 0
488 0 0 0 0
489 0 0 0 0
490 0 0 0 0
491 0 0 0 0
492 0 0 0 0
493 0 0 0 0
494 0 0 0 0
495 0 0 0 0
496 0 0 0 0
497 0 0 0 0
498 0 0 0 0
499 0 0 0 0
500 0 0 0 0
501 0 0 0 0
502 0 0 0 0
503 0 0 0 0
504 0 0 0 0
505 0 0 0 0
506 0 0 0 0
507 0 0 0 0
508 0 0 0 0
509 0 0 0 0
510 0 0 0 0
511 0 0 0 0
512 0 0 0 0
513 0 0 0 0
514 0 0 0 0
515 0 0 0 0
516 0 0 0 0
517 0 0 0 0
518 0 0 0 0
519 0 0 0 0
520 0 0 0 0
521 0 0 0 0
522 0 0 0 0
523 0 0 0 0
524 0 0 0 0
525 0 0 0 0
526 0 0 0 0
527 0 0 0 0
528 0 0 0 0
529 0 0 0 0
530 0 0 0 0
531 0 0 0 0
532 0 0 0 0
533 0 0 0 0
534 0 0 0 0
535 0 0 0 0
536 0 0 0 0
537 0 0 0 0
538 0 0 0 0
539 0 0 0 0
540 0 0 0 0
541 0 0 0 0
542 0 0 0 0
543 0 0 0 0
544 0 0 0 0
545 0 0 0 0
546 0 0 0 0
547 0 0 0 0
548 0 0 0 0
549 0 0 0 0
550 0 0 0 0
551 0 0 0 0
552 0 0 0 0
553 0 0 0 0
554 0 0 0 0
555 0 0 0 0
556 0 0 0 0
557 0 0 0 0
558 0 0 0 0
559 0 0 0 0
560 0 0 0 0
561 0 0 0 0
562 0 0 0 0
563 0 0 0 0
564 0 0 0 0
565 0 0 0 0
566 0 0 0 0
567 0 0 0 0
568 0 0 0 0
569 0 0 0 0
570 0 0 0 0
571 0 0 0 0
572 0 0 0 0
573 0 0 0 0
574 0 0 0 0
575 0 0 0 0
576 0 0 0 0
577 0 0 0 0
578 0 0 0 0
579 0 0 0 0
580 0 0 0 0
581 0 0 0 0
582 0 0 0 0
583 0 0 0 0
584 0 0 0 0
585 0 0 0 0
586 0 0 0 0
587 0 0 0 0
588 0 0 0 0
589 0 0 0 0
590 0 0 0 0
591 0 0 0 0
592 0 0 0 0
593 0 0 0 0
594 0 0 0 0
595 0 0 0 0
596 0 0 0 0
597 0 0 0 0
598 0 0 0 0
599 0 0 0 0
600 0 0 0 0
601 0 0 0 0
602 0 0 0 0
603 0 0 0 0
604 0 0 0 0
605 0 0 0 0
606 0 0 0 0
607 0 0 0 0
608 0 0 0 0
609 0 0 0 0
610 0 0 0 0
611 0 0 0 0
612 0 0 0 0
613 0 0 0 0
614 0 0 0 0
615 0 0 0 0
616 0 0 0 0
617 0 0 0 0
618 0 0 0 0
619 0 0 0 0
620 0 0 0 0
621 0 0 0 0
622 0 0 0 0
623 0 0 0 0
624 0 0 0 0
625 0 0 0 0
626 0 0 0 0
627 0 0 0 0
628 0 0 0 0
629 0 0 0 0
630 0 0 0 0
631 0 0 0 0
632 0 0 0 0
633 0 0 0 0
634 0 0 0 0
635 0 0 0 0
636 0 0 0 0
637 0 0 0 0
638 0 0 0 0
639 0 0 0 0
640 0 0 0 0
641 0 0 0 0
642 0 0 0 0
643 0 0 0 0
644 0 0 0 0
645 0 0 0 0
646 0 0 0 0
647 0 0 0 0
648 0 0 0 0
649 0 0 0 0
650 0 0 0 0
651 0 0 0 0
652 0 0 0 0
653 0 0 0 0
654 0 0 0 0
655 0 0 0 0
656 0 0 0 0
657 0 0 0 0
658 0 0 0 0
659 0 0 0 0
660 0 0 0 0
661 0 0 0 0
662 0 0 0 0
663 0 0 0 0
664 0 0 0 0
665 0 0 0 0
666 0 0 0 0
667 0 0 0 0
668 0 0 0 0
669 0 0 0 0
670 0 0 0 0
671 0 0 0 0
672 0 0 0 0
673 0 0 0 0
674 0 0 0 0
675 0 0 0 0
676 0 0 0 0
677 0 0 0 0
678 0 0 0 0
679 0 0 0 0
680 0 0 0 0
681 0 0 0 0
682 0 0 0 0
683 0 0 0 0
684 0 0 0 0
685 0 0 0 0
686 0 0 0 0
687 0 0 0 0
688 0 0 0 0
689 0 0 0 0
690 0 0 0 0
691 0 0 0 0
692 0 0 0 0
693 0 0 0 0
694 0 0 0 0
695 0 0 0 0
696 0 0 0 0
697 0 0 0 0
698 0 0 0 0
699 0 0 0 0
700 0 0 0 0
701 0 0 0 0
702 0 0 0 0
703 0 0 0 0
704 0 0 0 0
705 0 0 0 0
706 0 0 0 0
707 0 0 0 0
708 0 0 0 0
709 0 0 0 0
710 0 0 0 0
711 0 0 0 0
712 0 0 0 0
713 0 0 0 0
714 0 0 0 0
715 0 0 0 0
716 0 0 0 0
717 0 0 0 0
718 0 0 0 0
719 0 0 0 0
720 0 0 0 0
721 0 0 0 0
722 0 0 0 0
723 0 0 0 0
724 0 0 0 0
725 0 0 0 0
726 0 0 0 0
727 0 0 0 0
