0 0 0 0 0
1 0 0 0 0
2 0 0 0 0
3 0 0 0 0
4 0 0 0 0
5 0 3 1 0
6 0 0 0 0
7 0 0 0 0
8 0 0 0 0
9 0 1 0 2
10 0 0 0 0
11 0 0 0 0
12 0 0 0 2
13 0 0 0 1
14 0 0 0 0
15 0 0 0 0
16 0 0 0 0
17 1 0 0 0
18 1 0 0 0
19 1 0 0 0
20 0 0 0 0
21 2 0 0 0
22 2 0 0 0
23 1 0 0 0
24 3 0 0 0
25 0 0 0 0
26 0 2 0 0
27 0 1 2 0
28 1 1 0 0
29 0 2 1 0
30 0 1 0 2
31 1 0 0 0
32 0 0 1 1
33 0 0 0 1
34 0 0 0 3
35 0 0 0 0
36 0 0 0 3
37 0 0 1 1
38 0 0 0 0
39 1 0 0 0
40 2 1 0 0
41 3 0 0 1
42 2 0 0 0
43 1 0 0 0
44 1 0 1 1
45 0 2 0 0
46 1 0 0 0
47 2 2 0 0
48 2 1 0 0
49 1 1 0 2
50 1 2 1 0
51 0 1 0 3
52 1 0 1 0
53 1 0 2 0
54 0 0 1 1
55 0 1 0 2
56 0 1 0 1
57 2 0 0 2
58 1 0 0 2
59 1 0 0 1
60 1 0 0 2
61 0 0 1 0
62 2 2 0 1
63 1 0 1 0
64 0 1 0 0
65 2 1 0 0
66 4 1 0 1
67 2 0 0 1
68 2 1 0 3
69 3 0 0 1
70 1 0 1 0
71 1 2 2 0
72 3 0 1 1
73 3 1 1 1
74 1 1 1 0
75 0 2 1 0
76 1 1 0 0
77 0 1 0 1
78 0 1 4 6
79 1 0 0 3
80 1 1 0 2
81 1 2 1 1
82 1 0 0 3
83 1 0 1 1
84 1 0 0 1
85 1 0 1 4
86 3 1 0 0
87 2 0 0 0
88 3 2 0 2
89 4 0 1 1
90 0 1 0 2
91 4 0 2 0
92 4 0 0 1
93 4 0 1 0
94 0 0 2 0
95 3 3 0 1
96 1 2 2 1
97 1 3 1 2
98 3 2 2 3
99 0 0 0 0
100 0 3 2 2
101 3 1 0 4
102 2 1 1 4
103 1 1 2 3
104 1 0 0 5
105 1 0 1 1
106 5 2 1 2
107 5 1 0 4
108 3 0 0 1
109 2 0 1 0
110 3 1 0 4
111 2 1 2 1
112 3 2 0 1
113 6 2 1 1
114 4 2 0 1
115 11 4 1 2
116 3 4 1 2
117 6 0 0 2
118 1 2 3 2
119 1 2 0 1
120 5 7 0 2
121 4 2 2 1
122 3 3 2 6
123 4 3 1 6
124 6 3 2 5
125 3 2 4 4
126 1 4 3 3
127 4 1 2 3
128 1 2 0 5
129 5 4 1 7
130 3 0 1 6
131 4 1 1 4
132 0 1 3 3
133 5 2 1 9
134 6 3 2 2
135 2 1 0 3
136 7 2 1 2
137 6 0 1 4
138 3 2 1 2
139 1 2 6 2
140 8 4 1 3
141 4 0 2 1
142 5 6 0 0
143 5 2 1 7
144 7 0 0 3
145 5 4 3 4
146 6 3 2 6
147 6 3 2 5
148 5 3 2 1
149 4 3 3 8
150 8 3 1 4
151 8 2 4 4
152 6 6 2 3
153 5 3 4 6
154 4 2 2 5
155 10 5 1 5
156 5 3 1 8
157 8 2 3 6
158 4 2 3 4
159 8 2 4 4
160 3 6 6 5
161 8 2 2 6
162 9 5 0 9
163 5 4 2 5
164 9 1 6 9
165 8 3 3 6
166 5 7 2 6
167 4 1 2 6
168 11 3 4 3
169 9 1 6 4
170 10 6 3 9
171 15 4 4 6
172 9 4 1 9
173 12 4 4 4
174 7 5 4 5
175 14 4 3 7
176 12 4 1 10
177 6 5 5 8
178 10 6 5 8
179 14 5 3 4
180 19 9 7 8
181 6 6 5 10
182 10 3 6 10
183 10 5 2 4
184 13 13 4 17
185 9 10 11 12
186 11 5 2 10
187 10 6 9 10
188 10 4 4 13
189 14 7 4 17
190 11 3 6 9
191 10 4 7 13
192 18 6 5 12
193 16 8 6 5
194 16 3 7 13
195 13 4 3 10
196 15 5 2 14
197 11 4 6 12
198 15 10 6 12
199 14 11 5 7
200 15 8 7 11
201 12 11 8 8
202 7 7 6 13
203 10 8 8 10
204 15 10 2 12
205 4 9 6 20
206 10 6 4 14
207 12 4 5 17
208 8 10 5 13
209 14 8 6 10
210 8 8 2 12
211 6 2 7 11
212 8 3 2 19
213 9 5 6 12
214 6 7 4 11
215 4 5 5 11
216 11 9 3 8
217 4 5 4 14
218 8 4 4 8
219 5 2 3 10
220 14 2 2 7
221 3 5 3 8
222 7 7 2 8
223 8 5 3 13
224 6 3 0 7
225 5 8 5 8
226 3 3 1 6
227 4 6 4 10
228 7 3 3 4
229 5 4 6 11
230 4 3 2 4
231 4 3 0 7
232 5 5 4 7
233 3 2 2 6
234 1 0 3 8
235 4 2 2 7
236 3 2 2 11
237 3 4 4 3
238 1 3 2 3
239 6 2 0 4
240 4 3 2 7
241 1 3 0 5
242 2 0 1 6
243 4 1 0 0
244 2 3 0 8
245 3 3 3 3
246 2 2 0 2
247 3 1 1 3
248 2 3 3 4
249 3 1 1 3
250 2 0 0 0
251 3 0 1 3
252 3 3 1 8
253 2 2 1 3
254 2 1 3 0
255 1 1 1 1
256 4 3 0 3
257 4 2 0 0
258 1 2 0 3
259 1 1 1 4
260 1 0 1 2
261 2 1 2 2
262 0 4 0 3
263 1 1 1 3
264 2 0 1 2
265 0 1 2 2
266 1 1 2 4
267 0 1 0 3
268 2 0 1 1
269 1 0 0 4
270 0 0 0 1
271 1 0 0 2
272 0 1 0 1
273 0 3 0 2
274 3 1 0 0
275 3 1 0 1
276 1 1 0 1
277 0 1 0 2
278 1 0 0 1
279 0 2 0 0
280 2 1 0 1
281 2 0 1 0
282 0 0 0 1
283 0 2 0 3
284 0 0 2 1
285 2 1 0 1
286 2 1 0 0
287 3 0 0 2
288 1 0 0 2
289 0 0 1 0
290 0 0 3 0
291 1 1 0 1
292 0 0 2 1
293 1 0 1 1
294 1 0 0 2
295 0 1 0 1
296 2 1 0 2
297 0 0 0 1
298 0 0 1 0
299 0 0 0 1
300 0 1 0 1
301 0 0 1 0
302 1 0 1 2
303 1 0 0 1
304 1 0 0 1
305 0 1 0 1
306 0 0 0 1
307 0 0 1 0
308 1 0 0 0
309 0 0 0 0
310 0 0 0 0
311 0 0 1 0
312 0 0 0 1
313 0 1 0 0
314 2 0 0 1
315 2 0 0 0
316 0 0 0 0
317 0 1 0 0
318 1 0 0 1
319 0 1 1 0
320 0 1 0 1
321 0 0 1 1
322 0 0 0 0
323 0 1 0 1
324 0 0 0 1
325 0 0 0 0
326 1 0 0 1
327 0 0 0 1
328 0 0 0 1
329 0 0 0 0
330 0 0 0 0
331 0 0 0 0
332 0 0 0 0
333 0 0 0 0
334 0 0 0 0
335 0 0 1 0
336 0 0 0 0
337 1 0 0 0
338 0 0 0 0
339 1 0 0 1
340 0 0 0 0
341 0 0 0 0
342 1 1 0 0
343 0 0 0 0
344 1 0 1 0
345 1 0 0 0
346 0 0 0 1
347 0 0 0 0
348 1 0 0 1
349 0 0 0 0
350 0 0 1 0
351 0 0 1 0
352 0 0 0 0
353 0 1 0 0
354 0 0 0 0
355 0 0 0 0
356 0 0 0 0
357 0 0 1 1
358 0 0 0 1
359 0 0 0 0
360 0 0 0 1
361 0 0 0 0
362 0 0 0 0
363 0 0 0 0
364 0 0 0 1
365 0 0 0 0
366 0 0 0 0
367 0 0 0 0
368 0 0 0 0
369 0 0 0 0
370 0 0 0 0
371 0 0 0 0
372 0 0 0 0
373 0 0 0 0
374 0 0 0 0
375 0 0 0 0
376 0 0 0 0
377 0 0 0 0
378 0 0 0 0
379 0 0 0 0
380 0 0 0 0
381 0 0 0 0
382 0 0 0 0
383 0 0 0 0
384 0 0 0 0
385 0 0 0 0
386 0 0 0 0
387 0 0 0 0
388 0 0 0 0
389 0 0 0 0
390 0 0 0 0
391 0 0 0 0
392 0 0 0 0
393 0 0 0 0
394 0 0 0 0
395 0 0 0 0
396 0 0 0 0
397 0 0 0 0
398 0 0 0 0
399 0 0 0 0
400 0 0 0 0
401 0 0 0 0
402 0 0 0 0
403 0 0 0 0
404 0 0 0 0
405 0 0 0 0
406 0 0 0 0
407 0 0 0 0
408 0 0 0 0
409 0 0 0 0
410 0 0 0 0
411 0 0 0 0
412 0 0 0 0
413 0 0 0 0
414 0 0 0 0
415 0 0 0 0
416 0 0 0 0
417 0 0 0 0
418 0 0 0 0
419 0 0 0 0
420 0 0 0 0
421 0 0 0 0
422 0 0 0 0
423 0 0 0 0
424 0 0 0 0
425 0 0 0 0
426 0 0 0 0
427 0 0 0 0
428 0 0 0 0
429 0 0 0 0
430 0 0 0 0
431 0 0 0 0
432 0 0 0 0
433 0 0 0 0
434 0 0 0 0
435 0 0 0 0
436 0 0 0 0
437 0 0 0 0
438 0 0 0 0
439 0 0 0 0
440 0 0 0 0
441 0 0 0 0
442 0 0 0 0
443 0 0 0 0
444 0 0 0 0
445 0 0 0 0
446 0 0 0 0
447 0 0 0 0
448 0 0 0 0
449 0 0 0 0
450 0 0 0 0
451 0 0 0 0
452 0 0 0 0
453 0 0 0 0
454 0 0 0 0
455 0 0 0 0
456 0 0 0 0
457 0 0 0 0
458 0 0 0 0
459 0 0 0 0
460 0 0 0 0
461 0 0 0 0
462 0 0 0 0
463 0 0 0 0
464 0 0 0 0
465 0 0 0 0
466 0 0 0 0
467 0 0 0 0
468 0 0 0 0
469 0 0 0 0
470 0 0 0 0
471 0 0 0 0
472 0 0 0 0
473 0 0 0 0
474 0 0 0 0
475 0 0 0 0
476 0 0 0 0
477 0 0 0 0
478 0 0 0 0
479 0 0 0 0
480 0 0 0 0
481 0 0 0 0
482 0 0 0 0
483 0 0 0 0
484 0 0 0 0
485 0 0 0 0
486 0 0 0 0
487 0 0 0 0
488 0 0 0 0
489 0 0 0 0
490 0 0 0 0
491 0 0 0 0
492 0 0 0 0
493 0 0 0 0
494 0 0 0 0
495 0 0 0 0
496 0 0 0 0
497 0 0 0 0
498 0 0 0 0
499 0 0 0 0
500 0 0 0 0
501 0 0 0 0
502 0 0 0 0
503 0 0 0 0
504 0 0 0 0
505 0 0 0 0
506 0 0 0 0
507 0 0 0 0
508 0 0 0 0
509 0 0 0 0
510 0 0 0 0
511 0 0 0 0
512 0 0 0 0
513 0 0 0 0
514 0 0 0 0
515 0 0 0 0
516 0 0 0 0
517 0 0 0 0
518 0 0 0 0
519 0 0 0 0
520 0 0 0 0
521 0 0 0 0
522 0 0 0 0
523 0 0 0 0
524 0 0 0 0
525 0 0 0 0
526 0 0 0 0
527 0 0 0 0
528 0 0 0 0
529 0 0 0 0
530 0 0 0 0
531 0 0 0 0
532 0 0 0 0
533 0 0 0 0
534 0 0 0 0
535 0 0 0 0
536 0 0 0 0
537 0 0 0 0
538 0 0 0 0
539 0 0 0 0
540 0 0 0 0
541 0 0 0 0
542 0 0 0 0
543 0 0 0 0
544 0 0 0 0
545 0 0 0 0
546 0 0 0 0
547 0 0 0 0
548 0 0 0 0
549 0 0 0 0
550 0 0 0 0
551 0 0 0 0
552 0 0 0 0
553 0 0 0 0
554 0 0 0 0
555 0 0 0 0
556 0 0 0 0
557 0 0 0 0
558 0 0 0 0
559 0 0 0 0
560 0 0 0 0
561 0 0 0 0
562 0 0 0 0
563 0 0 0 0
564 0 0 0 0
565 0 0 0 0
566 0 0 0 0
567 0 0 0 0
568 0 0 0 0
569 0 0 0 0
570 0 0 0 0
571 0 0 0 0
572 0 0 0 0
573 0 0 0 0
574 0 0 0 0
575 0 0 0 0
576 0 0 0 0
577 0 0 0 0
578 0 0 0 0
579 0 0 0 0
580 0 0 0 0
581 0 0 0 0
582 0 0 0 0
583 0 0 0 0
584 0 0 0 0
585 0 0 0 0
586 0 0 0 0
587 0 0 0 0
588 0 0 0 0
589 0 0 0 0
590 0 0 0 0
591 0 0 0 0
592 0 0 0 0
593 0 0 0 0
594 0 0 0 0
595 0 0 0 0
596 0 0 0 0
597 0 0 0 0
598 0 0 0 0
599 0 0 0 0
600 0 0 0 0
601 0 0 0 0
602 0 0 0 0
603 0 0 0 0
604 0 0 0 0
605 0 0 0 0
606 0 0 0 0
607 0 0 0 0
608 0 0 0 0
609 0 0 0 0
610 0 0 0 0
611 0 0 0 0
612 0 0 0 0
613 0 0 0 0
614 0 0 0 0
615 0 0 0 0
616 0 0 0 0
617 0 0 0 0
618 0 0 0 0
619 0 0 0 0
620 0 0 0 0
621 0 0 0 0
622 0 0 0 0
623 0 0 0 0
624 0 0 0 0
625 0 0 0 0
626 0 0 0 0
627 0 0 0 0
628 0 0 0 0
629 0 0 0 0
630 0 0 0 0
631 0 0 0 0
632 0 0 0 0
633 0 0 0 0
634 0 0 0 0
635 0 0 0 0
636 0 0 0 0
637 0 0 0 0
638 0 0 0 0
639 0 0 0 0
640 0 0 0 0
641 0 0 0 0
642 0 0 0 0
643 0 0 0 0
644 0 0 0 0
645 0 0 0 0
646 0 0 0 0
647 0 0 0 0
648 0 0 0 0
649 0 0 0 0
650 0 0 0 0
651 0 0 0 0
652 0 0 0 0
653 0 0 0 0
654 0 0 0 0
655 0 0 0 0
656 0 0 0 0
657 0 0 0 0
658 0 0 0 0
659 0 0 0 0
660 0 0 0 0
661 0 0 0 0
662 0 0 0 0
663 0 0 0 0
664 0 0 0 0
665 0 0 0 0
666 0 0 0 0
667 0 0 0 0
668 0 0 0 0
669 0 0 0 0
670 0 0 0 0
671 0 0 0 0
672 0 0 0 0
673 0 0 0 0
674 0 0 0 0
675 0 0 0 0
676 0 0 0 0
677 0 0 0 0
678 0 0 0 0
679 0 0 0 0
680 0 0 0 0
681 0 0 0 0
682 0 0 0 0
683 0 0 0 0
684 0 0 0 0
685 0 0 0 0
686 0 0 0 0
687 0 0 0 0
688 0 0 0 0
689 0 0 0 0
690 0 0 0 0
691 0 0 0 0
692 0 0 0 0
693 0 0 0 0
694 0 0 0 0
695 0 0 0 0
696 0 0 0 0
697 0 0 0 0
698 0 0 0 0
699 0 0 0 0
700 0 0 0 0
701 0 0 0 0
702 0 0 0 0
703 0 0 0 0
704 0 0 0 0
705 0 0 0 0
706 0 0 0 0
707 0 0 0 0
708 0 0 0 0
709 0 0 0 0
710 0 0 0 0
711 0 0 0 0
712 0 0 0 0
713 0 0 0 0
714 0 0 0 0
715 0 0 0 0
716 0 0 0 0
717 0 0 0 0
718 0 0 0 0
719 0 0 0 0
720 0 0 0 0
721 0 0 0 0
722 0 0 0 0
723 0 0 0 0
724 0 0 0 0
725 0 0 0 0
726 0 0 0 0
727 0 0 0 0
