0 0 0 0 0
1 0 0 0 0
2 0 0 0 0
3 0 0 0 0
4 0 0 0 0
5 0 0 4 0
6 0 0 0 0
7 0 0 0 0
8 0 0 0 0
9 0 1 0 0
10 0 0 0 0
11 0 0 0 0
12 0 0 0 4
13 0 0 0 1
14 0 0 0 0
15 0 0 0 0
16 0 0 0 0
17 0 0 0 0
18 0 0 0 0
19 0 0 0 0
20 1 0 0 0
21 0 0 0 0
22 1 0 0 0
23 1 0 0 0
24 0 0 0 0
25 1 0 1 0
26 1 0 0 0
27 1 0 0 0
28 1 1 0 0
29 1 0 0 1
30 1 1 0 0
31 2 1 1 0
32 1 0 0 0
33 1 1 0 0
34 0 0 0 0
35 0 1 1 2
36 0 0 1 0
37 0 1 0 1
38 0 1 0 1
39 0 0 0 2
40 0 1 1 1
41 0 0 0 0
42 1 0 0 1
43 1 0 0 1
44 1 0 0 3
45 1 0 0 0
46 2 0 0 0
47 1 0 0 0
48 2 0 1 0
49 1 0 0 0
50 1 0 0 0
51 1 2 1 0
52 1 0 0 1
53 1 1 1 0
54 0 2 0 0
55 1 1 0 2
56 0 1 0 0
57 2 0 1 0
58 2 1 0 2
59 2 0 0 0
60 2 2 0 3
61 1 1 0 2
62 0 0 1 1
63 0 0 0 1
64 0 0 0 1
65 2 1 1 0
66 1 3 0 1
67 1 0 1 1
68 1 1 0 1
69 1 0 0 2
70 1 0 1 3
71 0 0 1 0
72 3 1 0 0
73 2 1 0 0
74 1 2 1 2
75 2 1 0 2
76 2 0 0 0
77 2 2 0 0
78 3 2 0 3
79 1 0 1 1
80 2 1 1 1
81 7 0 1 1
82 2 1 0 1
83 4 1 0 0
84 3 0 0 4
85 5 1 2 2
86 4 2 2 0
87 4 2 1 1
88 2 1 2 0
89 1 1 2 2
90 4 4 5 4
91 0 2 1 2
92 3 3 1 3
93 2 0 0 2
94 2 1 0 7
95 5 3 1 2
96 5 1 1 4
97 1 1 2 4
98 2 1 0 3
99 1 3 1 3
100 3 1 2 2
101 3 1 1 1
102 5 2 0 3
103 5 2 1 5
104 3 2 1 3
105 5 5 2 1
106 7 1 2 1
107 7 3 0 3
108 5 3 2 4
109 4 0 1 4
110 4 2 1 3
111 2 1 2 4
112 6 2 3 5
113 5 0 4 2
114 6 3 0 2
115 9 6 3 5
116 9 2 3 3
117 7 2 6 2
118 5 2 5 2
119 7 1 1 7
120 10 4 4 7
121 12 3 1 8
122 10 4 1 7
123 6 3 3 4
124 8 4 1 8
125 7 6 5 7
126 5 6 3 1
127 10 4 5 7
128 7 9 2 4
129 15 4 4 8
130 9 4 2 8
131 11 6 1 6
132 6 2 5 12
133 13 2 6 9
134 14 6 6 10
135 7 1 3 8
136 11 7 3 5
137 12 1 3 6
138 7 13 8 13
139 12 10 6 6
140 11 5 4 6
141 10 7 3 6
142 9 7 3 13
143 8 6 3 16
144 7 2 4 5
145 12 3 7 15
146 14 7 3 15
147 16 8 1 11
148 15 5 9 7
149 12 3 6 8
150 18 6 5 7
151 17 8 5 11
152 15 7 5 13
153 16 4 6 9
154 10 6 5 8
155 12 6 5 12
156 14 11 5 13
157 12 10 5 9
158 15 11 5 13
159 22 14 2 11
160 19 12 5 8
161 16 7 7 15
162 22 12 2 17
163 16 5 6 19
164 15 9 8 17
165 16 8 13 15
166 24 4 5 16
167 21 11 9 12
168 25 17 5 15
169 17 5 9 18
170 19 9 8 8
171 24 9 10 20
172 28 13 6 21
173 21 8 12 10
174 20 10 8 21
175 24 16 11 25
176 30 14 13 20
177 39 14 8 14
178 26 10 7 11
179 24 6 13 23
180 23 11 9 23
181 26 17 14 22
182 26 21 10 18
183 28 7 16 26
184 22 10 14 16
185 29 17 8 32
186 25 22 8 25
187 24 19 12 25
188 28 18 8 25
189 38 16 8 31
190 28 17 12 25
191 27 14 12 27
192 24 16 8 21
193 20 11 10 30
194 29 19 13 25
195 23 14 12 24
196 31 14 11 24
197 22 21 10 27
198 24 15 12 29
199 33 15 13 25
200 23 23 2 25
201 28 19 10 32
202 24 17 8 26
203 19 15 10 28
204 16 16 8 23
205 20 16 8 31
206 23 18 10 30
207 20 17 10 29
208 25 16 11 29
209 19 12 6 18
210 15 10 8 26
211 13 17 9 23
212 21 11 9 27
213 11 20 6 21
214 10 12 9 21
215 9 11 8 27
216 10 12 3 19
217 14 9 7 23
218 13 11 6 28
219 7 7 5 20
220 9 9 4 20
221 7 10 4 17
222 11 8 6 20
223 5 8 6 14
224 7 1 3 13
225 2 10 4 16
226 7 6 2 9
227 4 6 2 13
228 6 6 0 8
229 5 1 1 16
230 11 2 3 9
231 8 8 3 5
232 9 4 2 10
233 5 8 2 7
234 7 2 1 7
235 8 4 4 11
236 5 2 3 5
237 2 4 5 6
238 3 4 3 4
239 1 5 4 4
240 3 4 7 8
241 4 5 1 7
242 4 4 1 8
243 4 1 2 8
244 4 4 0 9
245 2 2 1 6
246 5 2 0 11
247 2 2 0 8
248 5 2 1 5
249 2 3 2 2
250 4 2 0 1
251 1 3 2 2
252 4 1 1 4
253 1 5 0 2
254 5 1 2 1
255 2 1 5 2
256 2 1 0 5
257 3 1 0 5
258 1 0 2 6
259 1 2 4 3
260 0 1 1 2
261 0 3 2 1
262 2 0 1 6
263 2 1 0 1
264 1 1 0 2
265 3 0 1 4
266 2 2 0 6
267 2 2 0 1
268 1 1 0 3
269 3 1 0 2
270 3 1 1 2
271 4 1 0 2
272 3 1 1 1
273 2 0 0 1
274 2 1 0 2
275 3 1 1 1
276 1 1 1 0
277 2 2 2 0
278 1 1 4 0
279 0 4 0 2
280 0 0 4 0
281 0 0 0 2
282 1 1 1 5
283 1 1 1 6
284 0 1 0 4
285 0 0 1 2
286 1 0 0 1
287 0 1 0 4
288 0 0 1 1
289 0 0 0 1
290 1 0 0 1
291 0 0 0 0
292 1 0 0 2
293 0 0 0 0
294 1 0 0 1
295 1 1 1 0
296 1 0 0 0
297 1 0 0 0
298 1 0 0 0
299 1 0 0 1
300 0 2 0 1
301 0 1 0 0
302 0 0 0 0
303 0 1 0 0
304 0 0 1 1
305 0 0 0 1
306 0 1 0 0
307 0 0 1 1
308 0 0 0 0
309 0 0 0 0
310 0 0 0 1
311 0 0 0 2
312 0 0 0 0
313 0 0 0 1
314 0 0 0 0
315 0 0 0 0
316 0 0 0 0
317 0 0 0 0
318 0 0 0 0
319 0 0 0 0
320 0 0 0 0
321 0 0 0 0
322 1 0 0 0
323 1 0 0 0
324 0 0 0 0
325 0 0 0 0
326 0 0 0 0
327 0 0 0 0
328 0 1 0 0
329 0 0 0 0
330 0 0 0 0
331 0 0 1 0
332 0 0 0 1
333 0 0 0 0
334 0 0 0 0
335 0 0 0 1
336 0 0 0 0
337 0 0 0 0
338 0 0 0 0
339 0 0 0 0
340 0 0 0 0
341 0 0 0 0
342 0 0 0 0
343 0 0 0 0
344 0 0 0 0
345 0 0 0 0
346 0 0 0 0
347 0 0 0 0
348 0 0 0 0
349 0 0 0 0
350 0 0 0 0
351 0 0 0 0
352 0 0 0 0
353 0 0 0 0
354 0 0 0 0
355 0 0 0 0
356 0 0 0 0
357 0 0 0 0
358 0 0 0 0
359 0 0 0 0
360 0 0 0 0
361 0 0 0 0
362 0 0 0 0
363 0 0 0 0
364 0 0 0 0
365 0 0 0 0
366 0 0 0 0
367 0 0 0 0
368 0 0 0 0
369 0 0 0 0
370 0 0 0 0
371 0 0 0 0
372 0 0 0 0
373 0 0 0 0
374 0 0 0 0
375 0 0 0 0
376 0 0 0 0
377 0 0 0 0
378 0 0 0 0
379 0 0 0 0
380 0 0 0 0
381 0 0 0 0
382 0 0 0 0
383 0 0 0 0
384 0 0 0 0
385 0 0 0 0
386 0 0 0 0
387 0 0 0 0
388 0 0 0 0
389 0 0 0 0
390 0 0 0 0
391 0 0 0 0
392 0 0 0 0
393 0 0 0 0
394 0 0 0 0
395 0 0 0 0
396 0 0 0 0
397 0 0 0 0
398 0 0 0 0
399 0 0 0 0
400 0 0 0 0
401 0 0 0 0
402 0 0 0 0
403 0 0 0 0
404 0 0 0 0
405 0 0 0 0
406 0 0 0 0
407 0 0 0 0
408 0 0 0 0
409 0 0 0 0
410 0 0 0 0
411 0 0 0 0
412 0 0 0 0
413 0 0 0 0
414 0 0 0 0
415 0 0 0 0
416 0 0 0 0
417 0 0 0 0
418 0 0 0 0
419 0 0 0 0
420 0 0 0 0
421 0 0 0 0
422 0 0 0 0
423 0 0 0 0
424 0 0 0 0
425 0 0 0 0
426 0 0 0 0
427 0 0 0 0
428 0 0 0 0
429 0 0 0 0
430 0 0 0 0
431 0 0 0 0
432 0 0 0 0
433 0 0 0 0
434 0 0 0 0
435 0 0 0 0
436 0 0 0 0
437 0 0 0 0
438 0 0 0 0
439 0 0 0 0
440 0 0 0 0
441 0 0 0 0
442 0 0 0 0
443 0 0 0 0
444 0 0 0 0
445 0 0 0 0
446 0 0 0 0
447 0 0 0 0
448 0 0 0 0
449 0 0 0 0
450 0 0 0 0
451 0 0 0 0
452 0 0 0 0
453 0 0 0 0
454 0 0 0 0
455 0 0 0 0
456 0 0 0 0
457 0 0 0 0
458 0 0 0 0
459 0 0 0 0
460 0 0 0 0
461 0 0 0 0
462 0 0 0 0
463 0 0 0 0
464 0 0 0 0
465 0 0 0 0
466 0 0 0 0
467 0 0 0 0
468 0 0 0 0
469 0 0 0 0
470 0 0 0 0
471 0 0 0 0
472 0 0 0 0
473 0 0 0 0
474 0 0 0 0
475 0 0 0 0
476 0 0 0 0
477 0 0 0 0
478 0 0 0 0
479 0 0 0 0
480 0 0 0 0
481 0 0 0 0
482 0 0 0 0
483 0 0 0 0
484 0 0 0 0
485 0 0 0 0
486 0 0 0 0
487 0 0 0 0
488 0 0 0 0
489 0 0 0 0
490 0 0 0 0
491 0 0 0 0
492 0 0 0 0
493 0 0 0 0
494 0 0 0 0
495 0 0 0 0
496 0 0 0 0
497 0 0 0 0
498 0 0 0 0
499 0 0 0 0
500 0 0 0 0
501 0 0 0 0
502 0 0 0 0
503 0 0 0 0
504 0 0 0 0
505 0 0 0 0
506 0 0 0 0
507 0 0 0 0
508 0 0 0 0
509 0 0 0 0
510 0 0 0 0
511 0 0 0 0
512 0 0 0 0
513 0 0 0 0
514 0 0 0 0
515 0 0 0 0
516 0 0 0 0
517 0 0 0 0
518 0 0 0 0
519 0 0 0 0
520 0 0 0 0
521 0 0 0 0
522 0 0 0 0
523 0 0 0 0
524 0 0 0 0
525 0 0 0 0
526 0 0 0 0
527 0 0 0 0
528 0 0 0 0
529 0 0 0 0
530 0 0 0 0
531 0 0 0 0
532 0 0 0 0
533 0 0 0 0
534 0 0 0 0
535 0 0 0 0
536 0 0 0 0
537 0 0 0 0
538 0 0 0 0
539 0 0 0 0
540 0 0 0 0
541 0 0 0 0
542 0 0 0 0
543 0 0 0 0
544 0 0 0 0
545 0 0 0 0
546 0 0 0 0
547 0 0 0 0
548 0 0 0 0
549 0 0 0 0
550 0 0 0 0
551 0 0 0 0
552 0 0 0 0
553 0 0 0 0
554 0 0 0 0
555 0 0 0 0
556 0 0 0 0
557 0 0 0 0
558 0 0 0 0
559 0 0 0 0
560 0 0 0 0
561 0 0 0 0
562 0 0 0 0
563 0 0 0 0
564 0 0 0 0
565 0 0 0 0
566 0 0 0 0
567 0 0 0 0
568 0 0 0 0
569 0 0 0 0
570 0 0 0 0
571 0 0 0 0
572 0 0 0 0
573 0 0 0 0
574 0 0 0 0
575 0 0 0 0
576 0 0 0 0
577 0 0 0 0
578 0 0 0 0
579 0 0 0 0
580 0 0 0 0
581 0 0 0 0
582 0 0 0 0
583 0 0 0 0
584 0 0 0 0
585 0 0 0 0
586 0 0 0 0
587 0 0 0 0
588 0 0 0 0
589 0 0 0 0
590 0 0 0 0
591 0 0 0 0
592 0 0 0 0
593 0 0 0 0
594 0 0 0 0
595 0 0 0 0
596 0 0 0 0
597 0 0 0 0
598 0 0 0 0
599 0 0 0 0
600 0 0 0 0
601 0 0 0 0
602 0 0 0 0
603 0 0 0 0
604 0 0 0 0
605 0 0 0 0
606 0 0 0 0
607 0 0 0 0
608 0 0 0 0
609 0 0 0 0
610 0 0 0 0
611 0 0 0 0
612 0 0 0 0
613 0 0 0 0
614 0 0 0 0
615 0 0 0 0
616 0 0 0 0
617 0 0 0 0
618 0 0 0 0
619 0 0 0 0
620 0 0 0 0
621 0 0 0 0
622 0 0 0 0
623 0 0 0 0
624 0 0 0 0
625 0 0 0 0
626 0 0 0 0
627 0 0 0 0
628 0 0 0 0
629 0 0 0 0
630 0 0 0 0
631 0 0 0 0
632 0 0 0 0
633 0 0 0 0
634 0 0 0 0
635 0 0 0 0
636 0 0 0 0
637 0 0 0 0
638 0 0 0 0
639 0 0 0 0
640 0 0 0 0
641 0 0 0 0
642 0 0 0 0
643 0 0 0 0
644 0 0 0 0
645 0 0 0 0
646 0 0 0 0
647 0 0 0 0
648 0 0 0 0
649 0 0 0 0
650 0 0 0 0
651 0 0 0 0
652 0 0 0 0
653 0 0 0 0
654 0 0 0 0
655 0 0 0 0
656 0 0 0 0
657 0 0 0 0
658 0 0 0 0
659 0 0 0 0
660 0 0 0 0
661 0 0 0 0
662 0 0 0 0
663 0 0 0 0
664 0 0 0 0
665 0 0 0 0
666 0 0 0 0
667 0 0 0 0
668 0 0 0 0
669 0 0 0 0
670 0 0 0 0
671 0 0 0 0
672 0 0 0 0
673 0 0 0 0
674 0 0 0 0
675 0 0 0 0
676 0 0 0 0
677 0 0 0 0
678 0 0 0 0
679 0 0 0 0
680 0 0 0 0
681 0 0 0 0
682 0 0 0 0
683 0 0 0 0
684 0 0 0 0
685 0 0 0 0
686 0 0 0 0
687 0 0 0 0
688 0 0 0 0
689 0 0 0 0
690 0 0 0 0
691 0 0 0 0
692 0 0 0 0
693 0 0 0 0
694 0 0 0 0
695 0 0 0 0
696 0 0 0 0
697 0 0 0 0
698 0 0 0 0
699 0 0 0 0
700 0 0 0 0
701 0 0 0 0
702 0 0 0 0
703 0 0 0 0
704 0 0 0 0
705 0 0 0 0
706 0 0 0 0
707 0 0 0 0
708 0 0 0 0
709 0 0 0 0
710 0 0 0 0
711 0 0 0 0
712 0 0 0 0
713 0 0 0 0
714 0 0 0 0
715 0 0 0 0
716 0 0 0 0
717 0 0 0 0
718 0 0 0 0
719 0 0 0 0
720 0 0 0 0
721 0 0 0 0
722 0 0 0 0
723 0 0 0 0
724 0 0 0 0
725 0 0 0 0
726 0 0 0 0
727 0 0 0 0
