0 0 0 0 0
1 0 0 0 0
2 0 0 0 0
3 0 0 0 0
4 0 0 0 0
5 0 0 1 0
6 0 1 0 0
7 0 1 0 0
8 0 0 0 0
9 0 2 0 1
10 0 0 0 1
11 0 0 0 1
12 0 0 0 0
13 0 0 0 0
14 0 0 0 1
15 0 0 0 1
16 0 0 0 0
17 0 0 0 0
18 0 0 0 0
19 0 0 0 0
20 0 0 0 0
21 0 0 0 0
22 1 0 0 0
23 1 0 0 0
24 0 0 0 0
25 1 0 0 0
26 0 0 0 0
27 0 0 0 0
28 0 1 0 0
29 0 0 0 0
30 0 1 0 0
31 1 0 1 0
32 0 0 0 1
33 0 0 0 0
34 0 0 0 0
35 0 0 0 0
36 0 0 0 0
37 0 0 0 1
38 0 0 0 1
39 0 0 0 0
40 0 1 0 0
41 0 0 0 0
42 0 0 0 0
43 0 0 0 0
44 0 0 0 0
45 0 0 0 0
46 0 0 0 0
47 0 0 0 1
48 0 0 0 0
49 0 0 0 0
50 0 0 0 0
51 0 0 0 0
52 0 0 0 0
53 1 0 0 0
54 0 0 0 0
55 0 0 0 0
56 0 0 0 0
57 0 0 0 0
58 1 1 0 0
59 0 0 0 0
60 1 0 0 0
61 1 0 0 0
62 0 0 0 0
63 0 0 0 0
64 0 0 0 0
65 1 0 0 1
66 0 0 0 0
67 0 0 1 0
68 0 0 0 0
69 0 1 0 0
70 0 1 1 0
71 0 0 0 0
72 0 0 0 0
73 0 0 0 1
74 0 0 0 2
75 0 0 0 0
76 0 0 0 0
77 1 0 0 1
78 0 0 0 0
79 0 0 0 0
80 1 0 0 0
81 1 0 0 0
82 0 0 0 0
83 0 0 0 0
84 1 0 0 0
85 1 0 0 0
86 0 1 1 0
87 0 0 0 0
88 0 0 0 0
89 0 0 1 0
90 0 0 0 1
91 0 0 0 0
92 0 0 0 0
93 1 1 0 1
94 1 0 1 0
95 0 0 0 0
96 0 0 0 1
97 1 0 0 1
98 0 0 0 1
99 1 0 1 0
100 1 0 0 0
101 0 0 0 0
102 1 1 0 0
103 1 0 0 1
104 1 0 1 0
105 1 1 0 0
106 2 0 1 1
107 0 1 0 0
108 0 0 0 1
109 0 0 1 1
110 0 1 0 0
111 0 1 0 0
112 1 1 0 0
113 1 0 0 1
114 1 0 0 2
115 0 1 0 0
116 1 0 0 2
117 0 1 0 0
118 2 0 1 1
119 1 0 0 1
120 0 0 0 0
121 3 0 0 0
122 2 0 0 0
123 0 1 1 0
124 0 1 0 2
125 1 0 1 0
126 1 0 3 0
127 0 1 1 1
128 1 0 0 1
129 1 0 0 1
130 1 0 0 3
131 1 2 0 1
132 1 0 0 1
133 0 0 0 0
134 1 2 1 1
135 1 1 0 0
136 0 1 0 0
137 1 0 0 1
138 0 0 0 1
139 1 1 0 0
140 1 0 1 2
141 1 1 0 3
142 0 1 0 0
143 2 0 0 0
144 2 0 1 1
145 1 0 0 0
146 3 0 0 1
147 3 0 0 0
148 1 1 0 1
149 2 2 1 1
150 1 1 0 0
151 0 1 0 1
152 1 2 0 1
153 2 0 0 0
154 1 1 1 1
155 0 2 1 1
156 1 1 0 3
157 0 1 0 0
158 0 0 2 2
159 0 0 0 3
160 0 0 0 1
161 1 0 1 0
162 0 2 0 2
163 1 0 1 0
164 1 0 0 1
165 1 1 0 2
166 0 1 0 1
167 2 0 0 0
168 1 0 1 1
169 1 1 0 1
170 1 0 1 2
171 1 0 0 0
172 0 0 2 1
173 1 0 1 1
174 1 0 0 1
175 1 0 0 1
176 1 0 0 1
177 1 0 0 0
178 2 0 1 0
179 3 0 2 1
180 0 1 1 1
181 2 0 0 0
182 0 1 0 1
183 0 0 1 1
184 0 1 0 1
185 1 0 1 0
186 1 0 2 2
187 0 0 1 1
188 2 1 1 0
189 1 0 0 1
190 2 2 0 1
191 0 1 0 2
192 1 0 0 2
193 2 0 2 2
194 1 0 1 1
195 2 2 0 0
196 2 0 0 0
197 4 1 0 2
198 2 1 0 1
199 3 0 1 2
200 1 0 1 1
201 3 1 0 2
202 3 0 1 1
203 1 0 2 1
204 2 2 1 1
205 4 0 1 0
206 0 2 3 0
207 0 1 0 1
208 4 2 0 1
209 3 1 0 1
210 1 3 2 5
211 2 1 2 4
212 0 0 0 2
213 1 1 1 1
214 2 2 0 3
215 3 1 0 2
216 2 1 0 1
217 1 1 1 4
218 3 2 1 2
219 2 2 1 1
220 0 2 0 1
221 0 0 0 3
222 3 0 1 3
223 1 0 2 1
224 1 2 1 2
225 2 0 2 0
226 0 0 0 3
227 1 3 0 2
228 1 1 2 2
229 0 0 0 1
230 1 1 0 1
231 1 0 0 4
232 0 0 0 3
233 4 1 0 0
234 0 0 1 1
235 1 1 0 1
236 2 1 1 0
237 1 1 0 1
238 2 1 1 0
239 1 0 0 0
240 3 0 1 0
241 0 0 1 2
242 1 2 0 3
243 0 1 1 2
244 1 0 0 0
245 0 1 1 0
246 0 1 0 2
247 0 1 0 3
248 0 1 0 1
249 1 0 2 2
250 1 0 0 0
251 0 0 0 0
252 0 0 0 1
253 0 0 1 2
254 0 1 0 1
255 1 0 1 0
256 1 0 0 1
257 0 0 0 1
258 0 0 0 1
259 0 0 0 1
260 0 1 0 0
261 0 0 1 0
262 1 0 0 0
263 0 0 0 0
264 0 0 0 0
265 1 0 0 0
266 1 0 0 0
267 0 0 0 1
268 1 0 0 1
269 1 0 0 0
270 0 0 0 0
271 0 1 1 0
272 0 0 0 0
273 0 1 1 0
274 0 1 0 0
275 0 0 0 0
276 0 0 0 0
277 0 0 0 1
278 0 0 0 2
279 0 0 0 0
280 0 0 0 1
281 0 0 0 1
282 0 0 0 0
283 1 0 0 0
284 0 0 0 0
285 1 0 0 0
286 0 0 0 0
287 0 0 0 0
288 1 0 1 0
289 0 0 0 0
290 0 0 0 0
291 0 0 0 0
292 0 0 0 0
293 0 0 1 1
294 0 1 0 0
295 0 0 0 0
296 0 0 0 0
297 0 0 0 0
298 0 0 0 1
299 0 0 0 0
300 0 0 0 1
301 1 0 0 0
302 0 0 0 0
303 2 0 0 0
304 1 0 0 0
305 1 0 0 0
306 1 0 1 0
307 1 0 0 0
308 1 0 0 0
309 1 0 0 0
310 0 0 0 1
311 0 0 1 0
312 0 2 1 0
313 0 1 1 0
314 0 1 0 0
315 0 0 0 0
316 0 0 0 1
317 0 0 0 2
318 0 1 0 1
319 0 0 0 1
320 0 0 0 1
321 0 0 0 1
322 0 0 0 1
323 0 0 0 0
324 0 0 0 0
325 0 0 0 0
326 0 0 0 0
327 0 0 0 0
328 0 0 0 0
329 1 0 0 0
330 1 0 0 0
331 1 0 0 0
332 1 0 0 0
333 0 0 0 0
334 0 0 0 0
335 0 0 0 0
336 0 0 1 0
337 0 0 1 0
338 0 1 0 0
339 0 1 0 0
340 0 0 0 1
341 0 0 0 1
342 0 0 0 0
343 0 0 0 1
344 0 0 0 0
345 0 0 0 1
346 1 0 0 0
347 0 0 0 0
348 1 0 0 0
349 1 0 0 0
350 0 0 0 0
351 0 0 1 0
352 0 0 0 0
353 0 0 1 0
354 0 0 0 0
355 0 0 0 0
356 1 0 0 0
357 1 0 0 1
358 1 1 0 1
359 0 0 0 0
360 0 0 0 0
361 0 0 0 0
362 0 0 0 0
363 1 2 0 0
364 0 0 0 0
365 0 1 0 1
366 0 0 0 0
367 0 0 0 1
368 0 0 1 0
369 0 0 0 0
370 0 0 0 1
371 0 0 0 0
372 0 0 0 2
373 0 0 0 0
374 0 0 0 0
375 0 0 0 0
376 0 0 0 0
377 0 0 0 0
378 0 0 0 0
379 1 0 0 0
380 0 0 0 0
381 1 0 0 0
382 0 0 0 0
383 0 0 0 0
384 0 1 0 0
385 1 0 0 0
386 0 1 0 0
387 1 0 0 0
388 1 0 0 0
389 1 0 0 0
390 1 0 0 1
391 0 0 0 1
392 1 0 0 0
393 0 0 1 0
394 0 1 0 0
395 0 0 0 0
396 1 0 1 0
397 1 0 1 1
398 0 1 0 1
399 0 1 0 0
400 0 0 0 1
401 0 1 0 1
402 0 1 0 0
403 0 0 0 1
404 0 0 0 0
405 0 0 0 2
406 0 0 0 0
407 0 0 0 0
408 1 0 0 0
409 0 0 0 1
410 0 0 0 0
411 0 0 0 0
412 2 0 0 0
413 0 0 0 0
414 2 0 0 0
415 0 0 0 0
416 1 0 0 0
417 2 1 1 0
418 0 0 0 0
419 1 1 0 0
420 2 0 0 0
421 1 0 1 0
422 1 0 1 1
423 1 0 1 0
424 1 0 0 1
425 0 1 1 0
426 0 1 0 1
427 0 0 0 1
428 1 3 0 1
429 1 0 1 3
430 0 0 0 0
431 0 1 0 0
432 1 0 0 1
433 0 0 1 3
434 1 1 0 0
435 0 0 0 2
436 0 0 0 0
437 2 0 1 1
438 0 0 0 1
439 0 0 0 0
440 0 1 0 0
441 0 0 1 1
442 0 0 0 0
443 2 0 0 0
444 4 0 0 1
445 1 0 0 1
446 0 2 0 0
447 1 0 0 0
448 0 1 0 0
449 1 2 1 0
450 1 1 0 0
451 1 0 0 0
452 1 1 0 0
453 0 0 1 4
454 1 0 1 0
455 0 0 0 1
456 0 0 1 2
457 0 0 0 2
458 1 0 0 0
459 0 0 2 0
460 0 1 0 0
461 0 1 0 1
462 0 0 0 0
463 0 0 0 2
464 0 0 0 0
465 1 0 0 0
466 0 0 0 1
467 0 0 1 1
468 1 0 0 1
469 1 0 0 0
470 1 0 0 0
471 1 0 0 0
472 2 0 0 0
473 1 0 0 0
474 1 2 0 1
475 1 1 0 0
476 1 0 1 0
477 1 0 1 0
478 0 0 0 1
479 0 1 0 0
480 0 0 0 1
481 0 4 0 2
482 0 1 0 1
483 0 0 0 1
484 1 1 0 0
485 0 0 0 2
486 1 0 0 1
487 1 0 0 0
488 1 0 0 2
489 1 1 0 0
490 0 0 0 0
491 1 0 0 1
492 2 1 0 0
493 0 0 1 1
494 2 0 1 0
495 0 1 0 0
496 0 1 0 0
497 1 0 1 2
498 3 0 0 0
499 1 1 1 1
500 2 0 0 0
501 1 1 0 1
502 1 0 0 0
503 1 1 2 2
504 0 1 0 1
505 1 0 2 1
506 2 2 0 1
507 1 0 0 1
508 0 0 0 0
509 0 0 0 2
510 1 0 1 4
511 0 1 1 1
512 0 0 2 0
513 2 0 0 0
514 1 0 0 0
515 3 2 0 2
516 0 0 0 0
517 3 0 0 1
518 2 0 1 1
519 1 0 0 2
520 1 3 0 0
521 1 0 1 0
522 1 0 1 1
523 2 3 0 0
524 1 0 0 2
525 2 1 0 1
526 1 3 0 0
527 1 1 0 3
528 0 2 0 1
529 2 0 0 2
530 1 1 1 4
531 0 0 0 1
532 1 1 0 0
533 2 1 0 0
534 2 2 0 1
535 1 2 0 2
536 2 0 1 0
537 0 0 1 2
538 1 2 0 1
539 2 1 0 1
540 1 0 1 1
541 3 0 0 1
542 0 0 0 2
543 3 1 0 1
544 2 0 0 1
545 0 2 1 2
546 0 0 1 1
547 3 1 0 1
548 1 2 1 0
549 1 1 0 1
550 2 1 1 0
551 1 0 0 0
552 4 1 3 3
553 1 0 1 1
554 2 0 0 1
555 2 1 0 3
556 2 1 2 3
557 4 3 2 1
558 3 0 1 0
559 5 1 0 3
560 1 0 0 3
561 0 0 1 3
562 2 1 1 0
563 5 2 0 1
564 3 3 1 2
565 3 1 1 1
566 1 1 2 1
567 5 1 1 2
568 2 4 4 4
569 2 2 1 1
570 1 1 1 3
571 4 2 0 1
572 1 4 1 6
573 4 2 0 3
574 5 1 1 4
575 3 1 0 4
576 2 1 1 5
577 0 0 0 1
578 0 2 1 3
579 1 3 3 1
580 2 3 1 3
581 4 1 0 2
582 2 2 0 2
583 2 0 0 4
584 3 1 1 2
585 2 1 1 2
586 0 3 0 4
587 1 1 0 2
588 0 0 1 1
589 0 3 1 0
590 0 1 0 3
591 0 0 1 1
592 0 0 1 2
593 0 1 0 2
594 0 1 1 1
595 0 0 0 1
596 1 0 1 3
597 0 0 0 1
598 1 0 0 3
599 1 0 0 0
600 0 0 0 2
601 1 0 1 0
602 1 0 0 0
603 0 0 0 0
604 1 1 0 0
605 1 0 0 1
606 2 1 0 0
607 0 1 0 0
608 0 0 0 1
609 1 1 0 0
610 1 1 0 1
611 1 2 0 1
612 1 0 0 0
613 0 0 0 0
614 0 0 1 1
615 0 0 1 1
616 1 0 0 1
617 0 1 0 0
618 0 0 0 2
619 0 0 1 1
620 0 1 0 0
621 0 0 0 0
622 0 0 0 0
623 0 0 0 2
624 0 0 0 0
625 0 1 0 0
626 0 0 0 0
627 0 0 0 1
628 0 0 0 0
629 0 0 0 1
630 0 0 0 0
631 0 0 0 0
632 0 0 0 0
633 0 0 0 0
634 0 0 0 0
635 1 0 0 0
636 0 0 0 0
637 0 0 0 0
638 0 0 0 0
639 0 0 0 0
640 0 0 0 0
641 0 0 0 0
642 0 0 0 0
643 0 0 0 0
644 0 0 1 0
645 0 0 0 0
646 0 0 0 0
647 0 0 0 0
648 0 0 0 1
649 0 0 0 0
650 0 0 0 0
651 0 0 0 0
652 0 0 0 0
653 0 0 0 0
654 0 0 0 0
655 0 0 0 0
656 0 0 0 0
657 1 0 0 0
658 0 0 0 0
659 0 0 0 0
660 0 0 0 0
661 0 0 0 0
662 0 0 0 0
663 0 0 0 0
664 0 0 0 0
665 0 0 0 0
666 0 0 1 0
667 0 0 0 0
668 0 0 0 0
669 0 0 0 0
670 0 0 0 1
671 0 0 0 0
672 0 0 0 0
673 0 0 0 0
674 0 0 0 0
675 0 0 0 0
676 0 0 0 0
677 0 0 0 0
678 0 0 0 0
679 0 0 0 0
680 0 0 0 0
681 0 0 0 0
682 0 0 0 0
683 0 0 0 0
684 0 0 0 0
685 0 0 0 0
686 0 0 0 0
687 0 0 0 0
688 0 0 0 0
689 0 0 0 0
690 0 0 0 0
691 0 0 0 0
692 0 0 0 0
693 0 0 0 0
694 0 0 0 0
695 0 0 0 0
696 0 0 0 0
697 0 0 0 0
698 0 0 0 0
699 0 0 0 0
700 0 0 0 0
701 0 0 0 0
702 0 0 0 0
703 0 0 0 0
704 0 0 0 0
705 0 0 0 0
706 0 0 0 0
707 0 0 0 0
708 0 0 0 0
709 0 0 0 0
710 0 0 0 0
711 0 0 0 0
712 0 0 0 0
713 0 0 0 0
714 0 0 0 0
715 0 0 0 0
716 0 0 0 0
717 0 0 0 0
718 0 0 0 0
719 0 0 0 0
720 0 0 0 0
721 0 0 0 0
722 0 0 0 0
723 0 0 0 0
724 0 0 0 0
725 0 0 0 0
726 0 0 0 0
727 0 0 0 0
