0 0 0 0 0
1 0 0 0 0
2 0 0 0 0
3 0 0 0 0
4 0 0 0 0
5 0 2 1 0
6 0 0 0 0
7 0 0 0 0
8 0 0 0 0
9 0 1 1 1
10 0 0 0 0
11 0 0 0 0
12 0 0 0 2
13 0 0 0 1
14 0 0 0 0
15 0 0 0 0
16 0 0 0 1
17 0 0 0 0
18 0 0 0 0
19 1 0 0 0
20 1 0 0 0
21 1 0 0 0
22 2 0 0 0
23 1 0 0 0
24 2 0 0 0
25 1 0 1 0
26 1 1 0 0
27 1 0 0 0
28 1 0 1 0
29 1 1 0 1
30 0 0 0 1
31 2 0 3 0
32 0 0 2 1
33 0 0 2 1
34 0 2 0 0
35 0 0 0 1
36 0 1 0 2
37 1 0 0 2
38 1 0 0 2
39 2 0 0 0
40 2 0 1 1
41 0 0 0 2
42 0 1 0 0
43 0 0 0 0
44 1 0 1 1
45 1 0 2 0
46 5 0 0 0
47 3 1 0 0
48 2 1 0 0
49 2 0 0 1
50 1 0 0 0
51 0 0 1 2
52 0 0 0 3
53 2 1 0 0
54 2 1 2 0
55 3 5 0 1
56 1 2 1 0
57 2 2 0 0
58 1 0 0 0
59 1 0 0 3
60 0 1 0 3
61 1 0 0 4
62 0 3 2 2
63 2 0 1 1
64 1 2 1 1
65 0 0 0 0
66 0 0 0 1
67 1 1 0 2
68 5 2 0 2
69 3 0 0 4
70 2 0 1 0
71 2 0 0 2
72 3 1 0 1
73 0 4 1 0
74 0 1 0 1
75 2 0 0 1
76 1 0 2 0
77 2 0 0 4
78 5 2 2 0
79 3 1 1 1
80 7 0 2 2
81 3 2 1 1
82 2 0 0 3
83 2 1 1 1
84 2 0 4 1
85 5 2 1 2
86 3 2 1 1
87 3 5 0 2
88 3 1 0 7
89 2 2 2 1
90 4 0 3 2
91 4 2 2 2
92 4 2 0 3
93 2 2 0 4
94 1 3 1 4
95 2 0 3 1
96 5 1 2 3
97 7 1 3 4
98 5 2 1 3
99 4 1 4 2
100 8 2 1 0
101 4 2 0 6
102 5 4 1 3
103 7 3 1 5
104 9 2 1 4
105 11 3 4 5
106 2 2 1 6
107 8 3 1 3
108 6 2 4 2
109 6 7 1 6
110 7 8 1 1
111 6 4 1 3
112 10 4 3 9
113 12 4 3 6
114 6 3 6 7
115 4 2 1 7
116 6 3 4 5
117 8 4 4 9
118 3 6 6 3
119 5 6 3 4
120 6 2 3 7
121 9 4 5 8
122 4 6 2 12
123 7 1 3 10
124 10 1 3 8
125 10 2 3 5
126 12 3 4 7
127 11 3 2 2
128 9 2 3 8
129 11 5 4 6
130 12 6 2 5
131 12 2 5 5
132 8 2 6 6
133 10 6 4 14
134 10 5 7 6
135 10 10 2 6
136 12 11 4 7
137 18 3 5 11
138 5 8 3 9
139 14 5 5 10
140 14 8 6 14
141 15 1 6 7
142 17 9 5 16
143 13 6 5 9
144 13 3 3 10
145 12 2 9 3
146 8 6 7 12
147 19 5 3 12
148 14 9 6 9
149 16 10 3 14
150 11 9 6 16
151 10 8 5 6
152 12 13 4 16
153 18 12 6 13
154 9 9 4 11
155 14 6 3 7
156 12 12 3 12
157 14 5 8 21
158 14 15 5 17
159 23 6 5 14
160 17 9 5 13
161 27 7 5 15
162 12 13 4 16
163 19 9 5 13
164 23 11 8 11
165 25 8 7 15
166 18 11 9 16
167 18 12 1 15
168 22 9 8 17
169 26 15 13 13
170 19 15 5 19
171 23 5 8 14
172 19 13 3 13
173 19 12 7 26
174 27 16 12 20
175 22 15 4 21
176 23 12 9 16
177 24 13 9 14
178 25 16 12 19
179 22 17 9 20
180 19 10 8 23
181 25 6 13 25
182 27 12 8 18
183 21 10 13 27
184 26 14 10 15
185 31 12 7 26
186 29 15 8 20
187 18 19 11 24
188 30 16 8 25
189 23 13 11 17
190 24 14 17 27
191 26 17 11 27
192 26 11 4 21
193 26 17 8 21
194 35 16 8 31
195 31 21 7 30
196 33 17 9 25
197 28 18 13 24
198 29 14 10 24
199 31 15 13 21
200 30 18 10 28
201 28 19 10 20
202 28 17 9 31
203 32 18 16 25
204 31 20 12 32
205 22 11 17 25
206 31 19 10 28
207 23 16 11 31
208 14 17 11 33
209 20 20 16 25
210 15 11 12 30
211 12 14 12 28
212 16 14 16 31
213 18 10 12 29
214 15 12 10 23
215 14 14 10 27
216 22 11 4 40
217 17 3 6 22
218 14 13 8 14
219 17 9 5 32
220 14 10 6 22
221 12 11 11 18
222 9 9 10 19
223 13 10 7 12
224 15 9 7 15
225 10 11 7 22
226 9 5 5 17
227 11 4 3 11
228 8 13 1 18
229 8 9 2 22
230 9 7 4 16
231 9 8 4 8
232 13 10 2 12
233 9 7 7 12
234 13 8 2 11
235 7 3 4 15
236 5 4 4 12
237 6 6 4 11
238 4 3 8 12
239 4 9 7 9
240 6 6 3 11
241 8 4 4 12
242 9 4 1 11
243 7 4 2 13
244 3 4 2 6
245 6 4 3 11
246 5 5 1 9
247 6 2 5 5
248 6 6 1 6
249 3 4 1 9
250 4 5 0 7
251 5 5 2 7
252 4 5 1 4
253 5 2 1 4
254 3 6 1 6
255 4 2 3 11
256 5 3 3 5
257 4 4 1 4
258 1 4 1 8
259 4 0 3 5
260 1 3 1 5
261 4 2 2 5
262 6 0 2 6
263 2 0 2 3
264 2 6 0 4
265 2 3 1 3
266 4 4 1 3
267 3 1 2 3
268 1 1 1 5
269 0 0 2 2
270 2 2 0 5
271 0 3 3 4
272 1 1 0 4
273 0 0 0 4
274 0 2 0 1
275 1 1 1 4
276 0 2 0 1
277 0 1 0 0
278 0 0 0 4
279 2 0 1 2
280 1 1 0 1
281 0 0 1 1
282 1 0 0 1
283 0 0 0 2
284 0 1 1 2
285 0 0 0 1
286 0 0 0 0
287 1 0 1 0
288 0 0 0 0
289 1 0 1 0
290 0 0 0 0
291 1 0 0 3
292 1 0 0 0
293 0 0 0 1
294 1 1 0 0
295 0 0 0 0
296 0 1 0 0
297 0 0 0 0
298 0 0 0 1
299 1 0 0 0
300 0 0 1 1
301 1 0 1 0
302 1 0 0 0
303 0 1 0 0
304 0 0 1 1
305 0 0 0 0
306 0 0 1 0
307 0 0 0 0
308 0 0 0 2
309 0 0 0 0
310 0 0 0 2
311 0 1 0 0
312 0 0 0 0
313 0 0 0 0
314 1 0 0 0
315 2 0 0 0
316 0 0 0 0
317 0 0 0 0
318 0 0 0 1
319 0 0 0 0
320 0 0 1 0
321 0 0 0 0
322 1 0 0 0
323 0 0 2 0
324 2 0 0 0
325 1 0 0 0
326 0 0 0 0
327 0 0 0 1
328 1 0 0 0
329 0 1 0 0
330 0 1 0 2
331 0 1 0 0
332 0 0 0 0
333 0 0 1 0
334 0 0 0 1
335 0 0 0 0
336 0 0 0 1
337 0 1 0 0
338 0 0 0 1
339 0 0 0 0
340 0 0 0 1
341 0 0 0 1
342 0 0 0 0
343 0 0 0 0
344 0 0 0 0
345 0 0 0 0
346 0 0 0 0
347 0 0 0 0
348 0 0 0 0
349 0 0 0 0
350 0 0 0 0
351 0 0 0 0
352 0 0 0 0
353 0 0 0 0
354 0 0 0 0
355 0 0 0 0
356 0 0 0 0
357 0 0 0 0
358 0 0 0 0
359 0 0 0 0
360 0 0 0 0
361 0 0 0 0
362 0 0 0 0
363 0 0 0 0
364 0 0 0 0
365 0 0 0 0
366 0 0 0 0
367 0 0 0 0
368 0 0 0 0
369 0 0 0 0
370 0 0 0 0
371 0 0 0 0
372 0 0 0 0
373 0 0 0 0
374 0 0 0 0
375 0 0 0 0
376 0 0 0 0
377 0 0 0 0
378 0 0 0 0
379 0 0 0 0
380 0 0 0 0
381 0 0 0 0
382 0 0 0 0
383 0 0 0 0
384 0 0 0 0
385 0 0 0 0
386 0 0 0 0
387 0 0 0 0
388 0 0 0 0
389 0 0 0 0
390 0 0 0 0
391 0 0 0 0
392 0 0 0 0
393 0 0 0 0
394 0 0 0 0
395 0 0 0 0
396 0 0 0 0
397 0 0 0 0
398 0 0 0 0
399 0 0 0 0
400 0 0 0 0
401 0 0 0 0
402 0 0 0 0
403 0 0 0 0
404 0 0 0 0
405 0 0 0 0
406 0 0 0 0
407 0 0 0 0
408 0 0 0 0
409 0 0 0 0
410 0 0 0 0
411 0 0 0 0
412 0 0 0 0
413 0 0 0 0
414 0 0 0 0
415 0 0 0 0
416 0 0 0 0
417 0 0 0 0
418 0 0 0 0
419 0 0 0 0
420 0 0 0 0
421 0 0 0 0
422 0 0 0 0
423 0 0 0 0
424 0 0 0 0
425 0 0 0 0
426 0 0 0 0
427 0 0 0 0
428 0 0 0 0
429 0 0 0 0
430 0 0 0 0
431 0 0 0 0
432 0 0 0 0
433 0 0 0 0
434 0 0 0 0
435 0 0 0 0
436 0 0 0 0
437 0 0 0 0
438 0 0 0 0
439 0 0 0 0
440 0 0 0 0
441 0 0 0 0
442 0 0 0 0
443 0 0 0 0
444 0 0 0 0
445 0 0 0 0
446 0 0 0 0
447 0 0 0 0
448 0 0 0 0
449 0 0 0 0
450 0 0 0 0
451 0 0 0 0
452 0 0 0 0
453 0 0 0 0
454 0 0 0 0
455 0 0 0 0
456 0 0 0 0
457 0 0 0 0
458 0 0 0 0
459 0 0 0 0
460 0 0 0 0
461 0 0 0 0
462 0 0 0 0
463 0 0 0 0
464 0 0 0 0
465 0 0 0 0
466 0 0 0 0
467 0 0 0 0
468 0 0 0 0
469 0 0 0 0
470 0 0 0 0
471 0 0 0 0
472 0 0 0 0
473 0 0 0 0
474 0 0 0 0
475 0 0 0 0
476 0 0 0 0
477 0 0 0 0
478 0 0 0 0
479 0 0 0 0
480 0 0 0 0
481 0 0 0 0
482 0 0 0 0
483 0 0 0 0
484 0 0 0 0
485 0 0 0 0
486 0 0 0 0
487 0 0 0 0
488 0 0 0 0
489 0 0 0 0
490 0 0 0 0
491 0 0 0 0
492 0 0 0 0
493 0 0 0 0
494 0 0 0 0
495 0 0 0 0
496 0 0 0 0
497 0 0 0 0
498 0 0 0 0
499 0 0 0 0
500 0 0 0 0
501 0 0 0 0
502 0 0 0 0
503 0 0 0 0
504 0 0 0 0
505 0 0 0 0
506 0 0 0 0
507 0 0 0 0
508 0 0 0 0
509 0 0 0 0
510 0 0 0 0
511 0 0 0 0
512 0 0 0 0
513 0 0 0 0
514 0 0 0 0
515 0 0 0 0
516 0 0 0 0
517 0 0 0 0
518 0 0 0 0
519 0 0 0 0
520 0 0 0 0
521 0 0 0 0
522 0 0 0 0
523 0 0 0 0
524 0 0 0 0
525 0 0 0 0
526 0 0 0 0
527 0 0 0 0
528 0 0 0 0
529 0 0 0 0
530 0 0 0 0
531 0 0 0 0
532 0 0 0 0
533 0 0 0 0
534 0 0 0 0
535 0 0 0 0
536 0 0 0 0
537 0 0 0 0
538 0 0 0 0
539 0 0 0 0
540 0 0 0 0
541 0 0 0 0
542 0 0 0 0
543 0 0 0 0
544 0 0 0 0
545 0 0 0 0
546 0 0 0 0
547 0 0 0 0
548 0 0 0 0
549 0 0 0 0
550 0 0 0 0
551 0 0 0 0
552 0 0 0 0
553 0 0 0 0
554 0 0 0 0
555 0 0 0 0
556 0 0 0 0
557 0 0 0 0
558 0 0 0 0
559 0 0 0 0
560 0 0 0 0
561 0 0 0 0
562 0 0 0 0
563 0 0 0 0
564 0 0 0 0
565 0 0 0 0
566 0 0 0 0
567 0 0 0 0
568 0 0 0 0
569 0 0 0 0
570 0 0 0 0
571 0 0 0 0
572 0 0 0 0
573 0 0 0 0
574 0 0 0 0
575 0 0 0 0
576 0 0 0 0
577 0 0 0 0
578 0 0 0 0
579 0 0 0 0
580 0 0 0 0
581 0 0 0 0
582 0 0 0 0
583 0 0 0 0
584 0 0 0 0
585 0 0 0 0
586 0 0 0 0
587 0 0 0 0
588 0 0 0 0
589 0 0 0 0
590 0 0 0 0
591 0 0 0 0
592 0 0 0 0
593 0 0 0 0
594 0 0 0 0
595 0 0 0 0
596 0 0 0 0
597 0 0 0 0
598 0 0 0 0
599 0 0 0 0
600 0 0 0 0
601 0 0 0 0
602 0 0 0 0
603 0 0 0 0
604 0 0 0 0
605 0 0 0 0
606 0 0 0 0
607 0 0 0 0
608 0 0 0 0
609 0 0 0 0
610 0 0 0 0
611 0 0 0 0
612 0 0 0 0
613 0 0 0 0
614 0 0 0 0
615 0 0 0 0
616 0 0 0 0
617 0 0 0 0
618 0 0 0 0
619 0 0 0 0
620 0 0 0 0
621 0 0 0 0
622 0 0 0 0
623 0 0 0 0
624 0 0 0 0
625 0 0 0 0
626 0 0 0 0
627 0 0 0 0
628 0 0 0 0
629 0 0 0 0
630 0 0 0 0
631 0 0 0 0
632 0 0 0 0
633 0 0 0 0
634 0 0 0 0
635 0 0 0 0
636 0 0 0 0
637 0 0 0 0
638 0 0 0 0
639 0 0 0 0
640 0 0 0 0
641 0 0 0 0
642 0 0 0 0
643 0 0 0 0
644 0 0 0 0
645 0 0 0 0
646 0 0 0 0
647 0 0 0 0
648 0 0 0 0
649 0 0 0 0
650 0 0 0 0
651 0 0 0 0
652 0 0 0 0
653 0 0 0 0
654 0 0 0 0
655 0 0 0 0
656 0 0 0 0
657 0 0 0 0
658 0 0 0 0
659 0 0 0 0
660 0 0 0 0
661 0 0 0 0
662 0 0 0 0
663 0 0 0 0
664 0 0 0 0
665 0 0 0 0
666 0 0 0 0
667 0 0 0 0
668 0 0 0 0
669 0 0 0 0
670 0 0 0 0
671 0 0 0 0
672 0 0 0 0
673 0 0 0 0
674 0 0 0 0
675 0 0 0 0
676 0 0 0 0
677 0 0 0 0
678 0 0 0 0
679 0 0 0 0
680 0 0 0 0
681 0 0 0 0
682 0 0 0 0
683 0 0 0 0
684 0 0 0 0
685 0 0 0 0
686 0 0 0 0
687 0 0 0 0
688 0 0 0 0
689 0 0 0 0
690 0 0 0 0
691 0 0 0 0
692 0 0 0 0
693 0 0 0 0
694 0 0 0 0
695 0 0 0 0
696 0 0 0 0
697 0 0 0 0
698 0 0 0 0
699 0 0 0 0
700 0 0 0 0
701 0 0 0 0
702 0 0 0 0
703 0 0 0 0
704 0 0 0 0
705 0 0 0 0
706 0 0 0 0
707 0 0 0 0
708 0 0 0 0
709 0 0 0 0
710 0 0 0 0
711 0 0 0 0
712 0 0 0 0
713 0 0 0 0
714 0 0 0 0
715 0 0 0 0
716 0 0 0 0
717 0 0 0 0
718 0 0 0 0
719 0 0 0 0
720 0 0 0 0
721 0 0 0 0
722 0 0 0 0
723 0 0 0 0
724 0 0 0 0
725 0 0 0 0
726 0 0 0 0
727 0 0 0 0
