0 0 0 0 0
1 0 0 0 0
2 0 0 0 0
3 0 0 0 0
4 0 0 0 0
5 0 2 2 0
6 0 0 0 0
7 0 0 0 0
8 0 0 0 0
9 0 1 0 3
10 0 0 0 0
11 0 0 0 0
12 0 0 0 1
13 0 0 0 1
14 0 0 0 0
15 0 0 0 0
16 0 0 0 0
17 1 0 0 0
18 0 0 0 0
19 0 0 0 0
20 0 0 0 0
21 1 0 0 0
22 0 0 1 0
23 1 0 0 0
24 0 0 0 0
25 1 0 0 0
26 1 0 1 0
27 0 0 0 0
28 0 0 1 0
29 0 0 0 1
30 1 0 0 0
31 0 1 0 0
32 1 0 0 1
33 0 0 0 1
34 0 1 0 0
35 1 0 1 1
36 0 0 0 0
37 0 1 0 0
38 0 0 0 0
39 0 0 0 1
40 0 1 0 0
41 0 0 0 1
42 0 0 0 0
43 1 0 0 0
44 0 0 0 1
45 1 0 0 0
46 0 0 0 1
47 0 0 0 0
48 0 1 0 0
49 0 0 0 0
50 1 0 1 0
51 0 0 0 0
52 0 0 0 0
53 0 0 0 0
54 3 0 0 1
55 1 0 1 1
56 0 0 0 0
57 0 0 0 0
58 0 0 0 0
59 0 2 1 0
60 0 0 1 0
61 0 0 0 0
62 1 0 0 1
63 2 0 0 3
64 0 0 0 0
65 0 0 0 0
66 1 0 0 0
67 0 1 0 1
68 0 1 1 0
69 1 0 0 0
70 1 0 0 0
71 0 0 1 1
72 0 0 0 1
73 4 0 0 0
74 1 0 1 0
75 2 1 0 2
76 2 0 0 0
77 2 0 0 0
78 4 0 2 1
79 0 1 0 0
80 1 2 0 0
81 2 0 0 0
82 1 2 1 3
83 3 4 0 1
84 1 0 0 1
85 0 2 0 0
86 1 1 1 0
87 2 0 0 5
88 1 1 1 0
89 2 0 1 4
90 1 0 1 1
91 1 2 0 0
92 1 1 1 3
93 1 1 0 1
94 1 1 0 0
95 2 1 0 0
96 1 0 1 3
97 3 2 0 3
98 0 2 0 2
99 3 1 0 0
100 1 1 1 1
101 1 1 0 1
102 2 0 2 3
103 2 0 0 1
104 1 2 0 2
105 0 0 0 0
106 5 1 1 2
107 1 1 0 1
108 0 1 3 3
109 0 1 0 0
110 2 0 0 0
111 0 2 2 1
112 0 0 1 2
113 0 0 1 2
114 2 0 0 0
115 2 0 2 4
116 0 1 0 0
117 3 0 0 0
118 4 0 0 3
119 5 1 1 2
120 3 1 1 2
121 2 0 0 0
122 2 1 0 1
123 3 2 1 1
124 3 1 1 2
125 2 2 0 0
126 3 3 1 2
127 4 1 2 0
128 5 2 2 2
129 1 3 1 2
130 5 0 1 7
131 5 1 1 3
132 1 3 2 2
133 2 0 1 1
134 2 1 0 1
135 2 4 2 4
136 5 4 1 5
137 2 4 1 0
138 3 2 1 0
139 6 1 0 7
140 0 1 2 3
141 4 0 0 4
142 5 0 2 3
143 2 1 1 4
144 2 2 0 4
145 3 0 4 1
146 5 2 2 2
147 3 2 4 3
148 6 3 3 2
149 7 0 2 4
150 4 0 2 3
151 8 4 1 3
152 6 0 2 6
153 3 1 3 2
154 7 4 0 4
155 4 0 4 4
156 9 4 4 1
157 9 2 3 3
158 5 6 2 5
159 8 4 1 3
160 4 2 1 5
161 10 3 4 4
162 12 6 0 6
163 4 3 3 7
164 7 6 2 5
165 7 5 1 11
166 2 4 3 6
167 7 4 4 4
168 6 3 2 6
169 6 4 3 5
170 6 9 3 8
171 1 3 5 7
172 7 3 1 8
173 9 5 2 5
174 5 2 3 8
175 12 3 1 6
176 9 4 1 9
177 9 4 0 11
178 11 6 2 4
179 13 1 3 4
180 18 4 2 3
181 12 8 0 6
182 11 6 2 3
183 8 7 2 5
184 12 5 6 5
185 16 8 6 11
186 14 6 4 9
187 10 7 5 8
188 11 11 3 9
189 14 5 7 7
190 13 9 7 11
191 7 10 4 13
192 13 8 4 16
193 10 9 4 10
194 12 11 3 14
195 9 6 3 8
196 10 2 4 17
197 5 10 5 17
198 11 4 8 16
199 10 8 6 11
200 12 6 2 8
201 13 4 4 12
202 11 2 5 9
203 8 4 6 11
204 14 5 8 12
205 12 6 5 10
206 7 8 3 13
207 8 4 5 5
208 11 3 4 10
209 10 9 4 3
210 9 6 9 9
211 8 5 6 12
212 4 12 1 15
213 9 5 6 9
214 6 6 3 12
215 6 3 3 11
216 4 2 0 17
217 7 7 2 11
218 6 6 7 8
219 8 3 3 7
220 9 4 6 7
221 7 0 2 9
222 11 2 2 12
223 4 4 3 4
224 3 4 1 14
225 6 8 2 5
226 6 3 7 4
227 5 7 2 8
228 6 6 2 3
229 3 0 3 9
230 5 3 3 7
231 1 6 4 11
232 2 2 2 8
233 1 5 1 4
234 2 3 1 6
235 2 3 1 10
236 2 4 0 7
237 2 1 2 4
238 0 1 1 3
239 6 1 0 2
240 6 1 0 6
241 2 3 0 5
242 3 0 1 3
243 2 1 1 4
244 3 2 1 1
245 2 1 1 3
246 1 0 2 1
247 2 0 0 1
248 1 4 1 1
249 2 3 4 1
250 3 3 1 2
251 3 3 0 3
252 1 0 1 3
253 2 0 1 6
254 2 1 1 1
255 1 1 0 3
256 1 2 2 3
257 0 0 0 4
258 0 1 0 3
259 2 3 1 1
260 3 0 1 4
261 2 1 0 2
262 1 1 0 2
263 1 0 0 3
264 3 2 0 0
265 1 1 0 1
266 4 0 0 1
267 1 1 0 1
268 5 1 0 0
269 1 2 4 1
270 2 2 0 0
271 2 1 2 3
272 1 1 1 1
273 0 0 1 3
274 0 1 0 0
275 1 1 1 3
276 0 2 0 4
277 2 3 2 2
278 0 1 0 1
279 2 0 0 2
280 1 1 0 2
281 0 0 0 3
282 0 1 0 2
283 0 1 0 2
284 0 1 0 2
285 0 1 0 0
286 0 1 0 0
287 0 0 0 2
288 0 1 0 1
289 0 0 0 2
290 0 0 0 1
291 0 0 0 0
292 0 0 0 0
293 0 0 0 0
294 0 0 0 0
295 0 0 0 1
296 0 0 0 0
297 0 0 0 0
298 1 0 0 0
299 0 0 0 0
300 0 0 0 0
301 0 0 0 0
302 0 0 0 0
303 0 0 0 0
304 0 0 0 0
305 0 0 0 0
306 0 0 0 0
307 0 0 1 0
308 1 0 0 0
309 0 0 0 0
310 0 0 0 0
311 0 0 0 1
312 0 0 0 0
313 0 1 0 0
314 0 0 0 0
315 0 0 0 0
316 0 0 0 0
317 0 0 0 0
318 0 0 0 0
319 0 0 0 0
320 0 0 0 1
321 0 0 0 0
322 0 0 0 0
323 0 0 0 0
324 0 0 0 0
325 0 0 0 0
326 0 0 0 0
327 0 0 0 0
328 0 0 0 0
329 0 0 0 0
330 0 0 0 0
331 0 0 0 0
332 0 0 0 0
333 0 0 0 0
334 0 0 0 0
335 0 0 0 0
336 0 0 0 0
337 0 0 0 0
338 0 0 0 0
339 0 0 0 0
340 0 0 0 0
341 0 0 0 0
342 0 0 0 0
343 0 0 0 0
344 0 0 0 0
345 0 0 0 0
346 0 0 0 0
347 0 0 0 0
348 0 0 0 0
349 0 0 0 0
350 0 0 0 0
351 0 0 0 0
352 0 0 0 0
353 0 0 0 0
354 0 0 0 0
355 0 0 0 0
356 0 0 0 0
357 0 0 0 0
358 0 0 0 0
359 0 0 0 0
360 0 0 0 0
361 0 0 0 0
362 0 0 0 0
363 0 0 0 0
364 0 0 0 0
365 0 0 0 0
366 0 0 0 0
367 0 0 0 0
368 0 0 0 0
369 0 0 0 0
370 0 0 0 0
371 0 0 0 0
372 0 0 0 0
373 0 0 0 0
374 0 0 0 0
375 0 0 0 0
376 0 0 0 0
377 0 0 0 0
378 0 0 0 0
379 0 0 0 0
380 0 0 0 0
381 0 0 0 0
382 0 0 0 0
383 0 0 0 0
384 0 0 0 0
385 0 0 0 0
386 0 0 0 0
387 0 0 0 0
388 0 0 0 0
389 0 0 0 0
390 0 0 0 0
391 0 0 0 0
392 0 0 0 0
393 0 0 0 0
394 0 0 0 0
395 0 0 0 0
396 0 0 0 0
397 0 0 0 0
398 0 0 0 0
399 0 0 0 0
400 0 0 0 0
401 0 0 0 0
402 0 0 0 0
403 0 0 0 0
404 0 0 0 0
405 0 0 0 0
406 0 0 0 0
407 0 0 0 0
408 0 0 0 0
409 0 0 0 0
410 0 0 0 0
411 0 0 0 0
412 0 0 0 0
413 0 0 0 0
414 0 0 0 0
415 0 0 0 0
416 0 0 0 0
417 0 0 0 0
418 0 0 0 0
419 0 0 0 0
420 0 0 0 0
421 0 0 0 0
422 0 0 0 0
423 0 0 0 0
424 0 0 0 0
425 0 0 0 0
426 0 0 0 0
427 0 0 0 0
428 0 0 0 0
429 0 0 0 0
430 0 0 0 0
431 0 0 0 0
432 0 0 0 0
433 0 0 0 0
434 0 0 0 0
435 0 0 0 0
436 0 0 0 0
437 0 0 0 0
438 0 0 0 0
439 0 0 0 0
440 0 0 0 0
441 0 0 0 0
442 0 0 0 0
443 0 0 0 0
444 0 0 0 0
445 0 0 0 0
446 0 0 0 0
447 0 0 0 0
448 0 0 0 0
449 0 0 0 0
450 0 0 0 0
451 0 0 0 0
452 0 0 0 0
453 0 0 0 0
454 0 0 0 0
455 0 0 0 0
456 0 0 0 0
457 0 0 0 0
458 0 0 0 0
459 0 0 0 0
460 0 0 0 0
461 0 0 0 0
462 0 0 0 0
463 0 0 0 0
464 0 0 0 0
465 0 0 0 0
466 0 0 0 0
467 0 0 0 0
468 0 0 0 0
469 0 0 0 0
470 0 0 0 0
471 0 0 0 0
472 0 0 0 0
473 0 0 0 0
474 0 0 0 0
475 0 0 0 0
476 0 0 0 0
477 0 0 0 0
478 0 0 0 0
479 0 0 0 0
480 0 0 0 0
481 0 0 0 0
482 0 0 0 0
483 0 0 0 0
484 0 0 0 0
485 0 0 0 0
486 0 0 0 0
487 0 0 0 0
488 0 0 0 0
489 0 0 0 0
490 0 0 0 0
491 0 0 0 0
492 0 0 0 0
493 0 0 0 0
494 0 0 0 0
495 0 0 0 0
496 0 0 0 0
497 0 0 0 0
498 0 0 0 0
499 0 0 0 0
500 0 0 0 0
501 0 0 0 0
502 0 0 0 0
503 0 0 0 0
504 0 0 0 0
505 0 0 0 0
506 0 0 0 0
507 0 0 0 0
508 0 0 0 0
509 0 0 0 0
510 0 0 0 0
511 0 0 0 0
512 0 0 0 0
513 0 0 0 0
514 0 0 0 0
515 0 0 0 0
516 0 0 0 0
517 0 0 0 0
518 0 0 0 0
519 0 0 0 0
520 0 0 0 0
521 0 0 0 0
522 0 0 0 0
523 0 0 0 0
524 0 0 0 0
525 0 0 0 0
526 0 0 0 0
527 0 0 0 0
528 0 0 0 0
529 0 0 0 0
530 0 0 0 0
531 0 0 0 0
532 0 0 0 0
533 0 0 0 0
534 0 0 0 0
535 0 0 0 0
536 0 0 0 0
537 0 0 0 0
538 0 0 0 0
539 0 0 0 0
540 0 0 0 0
541 0 0 0 0
542 0 0 0 0
543 0 0 0 0
544 0 0 0 0
545 0 0 0 0
546 0 0 0 0
547 0 0 0 0
548 0 0 0 0
549 0 0 0 0
550 0 0 0 0
551 0 0 0 0
552 0 0 0 0
553 0 0 0 0
554 0 0 0 0
555 0 0 0 0
556 0 0 0 0
557 0 0 0 0
558 0 0 0 0
559 0 0 0 0
560 0 0 0 0
561 0 0 0 0
562 0 0 0 0
563 0 0 0 0
564 0 0 0 0
565 0 0 0 0
566 0 0 0 0
567 0 0 0 0
568 0 0 0 0
569 0 0 0 0
570 0 0 0 0
571 0 0 0 0
572 0 0 0 0
573 0 0 0 0
574 0 0 0 0
575 0 0 0 0
576 0 0 0 0
577 0 0 0 0
578 0 0 0 0
579 0 0 0 0
580 0 0 0 0
581 0 0 0 0
582 0 0 0 0
583 0 0 0 0
584 0 0 0 0
585 0 0 0 0
586 0 0 0 0
587 0 0 0 0
588 0 0 0 0
589 0 0 0 0
590 0 0 0 0
591 0 0 0 0
592 0 0 0 0
593 0 0 0 0
594 0 0 0 0
595 0 0 0 0
596 0 0 0 0
597 0 0 0 0
598 0 0 0 0
599 0 0 0 0
600 0 0 0 0
601 0 0 0 0
602 0 0 0 0
603 0 0 0 0
604 0 0 0 0
605 0 0 0 0
606 0 0 0 0
607 0 0 0 0
608 0 0 0 0
609 0 0 0 0
610 0 0 0 0
611 0 0 0 0
612 0 0 0 0
613 0 0 0 0
614 0 0 0 0
615 0 0 0 0
616 0 0 0 0
617 0 0 0 0
618 0 0 0 0
619 0 0 0 0
620 0 0 0 0
621 0 0 0 0
622 0 0 0 0
623 0 0 0 0
624 0 0 0 0
625 0 0 0 0
626 0 0 0 0
627 0 0 0 0
628 0 0 0 0
629 0 0 0 0
630 0 0 0 0
631 0 0 0 0
632 0 0 0 0
633 0 0 0 0
634 0 0 0 0
635 0 0 0 0
636 0 0 0 0
637 0 0 0 0
638 0 0 0 0
639 0 0 0 0
640 0 0 0 0
641 0 0 0 0
642 0 0 0 0
643 0 0 0 0
644 0 0 0 0
645 0 0 0 0
646 0 0 0 0
647 0 0 0 0
648 0 0 0 0
649 0 0 0 0
650 0 0 0 0
651 0 0 0 0
652 0 0 0 0
653 0 0 0 0
654 0 0 0 0
655 0 0 0 0
656 0 0 0 0
657 0 0 0 0
658 0 0 0 0
659 0 0 0 0
660 0 0 0 0
661 0 0 0 0
662 0 0 0 0
663 0 0 0 0
664 0 0 0 0
665 0 0 0 0
666 0 0 0 0
667 0 0 0 0
668 0 0 0 0
669 0 0 0 0
670 0 0 0 0
671 0 0 0 0
672 0 0 0 0
673 0 0 0 0
674 0 0 0 0
675 0 0 0 0
676 0 0 0 0
677 0 0 0 0
678 0 0 0 0
679 0 0 0 0
680 0 0 0 0
681 0 0 0 0
682 0 0 0 0
683 0 0 0 0
684 0 0 0 0
685 0 0 0 0
686 0 0 0 0
687 0 0 0 0
688 0 0 0 0
689 0 0 0 0
690 0 0 0 0
691 0 0 0 0
692 0 0 0 0
693 0 0 0 0
694 0 0 0 0
695 0 0 0 0
696 0 0 0 0
697 0 0 0 0
698 0 0 0 0
699 0 0 0 0
700 0 0 0 0
701 0 0 0 0
702 0 0 0 0
703 0 0 0 0
704 0 0 0 0
705 0 0 0 0
706 0 0 0 0
707 0 0 0 0
708 0 0 0 0
709 0 0 0 0
710 0 0 0 0
711 0 0 0 0
712 0 0 0 0
713 0 0 0 0
714 0 0 0 0
715 0 0 0 0
716 0 0 0 0
717 0 0 0 0
718 0 0 0 0
719 0 0 0 0
720 0 0 0 0
721 0 0 0 0
722 0 0 0 0
723 0 0 0 0
724 0 0 0 0
725 0 0 0 0
726 0 0 0 0
727 0 0 0 0
