0 0 0 0 0
1 0 0 0 0
2 0 0 0 0
3 0 0 0 0
4 0 0 0 0
5 0 1 2 0
6 0 0 0 0
7 0 0 0 0
8 0 0 0 0
9 0 1 1 3
10 0 0 0 0
11 0 0 0 0
12 0 0 0 0
13 0 0 0 1
14 0 0 0 0
15 1 0 0 0
16 0 0 0 1
17 0 0 0 0
18 1 0 0 0
19 1 0 0 0
20 1 0 1 0
21 1 0 0 0
22 1 0 0 0
23 1 0 0 0
24 1 0 0 1
25 2 0 0 0
26 1 0 0 0
27 1 0 1 0
28 1 0 2 0
29 1 1 0 0
30 0 0 2 0
31 0 1 0 0
32 0 0 0 1
33 0 0 1 0
34 1 1 0 3
35 1 1 0 1
36 1 1 0 1
37 1 0 1 1
38 0 1 0 2
39 1 1 0 1
40 1 0 0 0
41 0 0 0 0
42 2 1 0 0
43 0 0 0 2
44 0 0 2 1
45 1 1 1 1
46 0 0 0 0
47 0 1 0 0
48 0 0 0 1
49 0 0 0 1
50 0 0 0 0
51 1 1 0 3
52 1 0 0 1
53 0 0 0 0
54 0 1 0 0
55 1 0 0 1
56 0 1 0 0
57 1 0 0 0
58 1 0 0 0
59 0 0 0 0
60 0 0 1 1
61 1 0 1 1
62 1 0 0 0
63 2 0 1 0
64 1 0 0 1
65 2 0 0 1
66 2 1 1 0
67 1 0 1 0
68 1 0 0 0
69 1 0 0 0
70 1 1 1 2
71 0 0 0 1
72 1 2 0 0
73 1 3 0 1
74 1 0 0 1
75 2 2 1 0
76 0 0 0 1
77 0 0 0 3
78 0 1 1 0
79 1 0 0 2
80 2 1 1 1
81 1 1 0 1
82 2 0 0 2
83 1 0 1 0
84 1 0 0 1
85 0 1 0 2
86 1 0 0 0
87 1 0 1 1
88 2 1 1 0
89 4 1 0 0
90 3 1 0 1
91 2 1 0 1
92 4 0 0 2
93 2 0 2 0
94 3 1 0 1
95 3 0 1 2
96 4 1 1 1
97 2 0 2 1
98 2 3 2 0
99 1 3 2 2
100 2 1 2 3
101 1 2 2 1
102 2 0 0 5
103 2 1 0 2
104 2 2 1 3
105 4 2 2 1
106 4 1 1 3
107 3 3 0 2
108 5 0 0 3
109 3 2 0 3
110 2 0 1 2
111 3 1 1 5
112 6 2 1 1
113 7 1 2 1
114 3 3 1 1
115 7 1 2 0
116 3 1 2 3
117 5 4 4 3
118 8 3 4 2
119 9 1 3 2
120 6 4 2 4
121 4 1 2 8
122 7 1 4 5
123 3 4 2 3
124 5 2 4 6
125 11 3 3 5
126 8 5 2 3
127 4 1 5 6
128 5 4 3 4
129 5 3 3 6
130 9 2 1 7
131 10 3 2 7
132 5 0 2 10
133 10 4 1 6
134 10 7 4 4
135 9 5 5 4
136 4 5 3 5
137 9 0 5 3
138 11 3 1 10
139 8 8 3 6
140 14 8 2 4
141 13 1 3 6
142 3 7 5 9
143 10 9 1 11
144 6 6 5 6
145 4 5 4 4
146 10 5 3 12
147 8 4 4 9
148 7 3 5 10
149 11 3 2 11
150 11 7 4 9
151 17 1 4 7
152 7 5 7 10
153 6 6 6 7
154 3 4 3 8
155 14 8 3 6
156 9 6 4 11
157 17 3 1 10
158 18 4 4 4
159 14 2 5 11
160 18 10 10 11
161 15 6 3 8
162 11 9 4 9
163 14 7 4 11
164 13 7 9 13
165 11 9 4 10
166 11 8 5 9
167 14 10 3 11
168 14 9 5 10
169 14 9 4 14
170 16 13 2 17
171 12 4 6 15
172 15 10 6 11
173 19 9 5 8
174 23 8 4 16
175 16 9 3 13
176 15 4 5 15
177 14 10 8 12
178 14 6 10 11
179 13 14 9 13
180 15 9 2 15
181 22 13 3 13
182 13 7 10 14
183 17 8 7 21
184 10 10 9 19
185 13 8 4 17
186 13 13 8 18
187 19 7 7 10
188 25 7 3 18
189 25 11 3 13
190 32 8 7 23
191 22 7 7 16
192 22 9 8 12
193 12 13 6 13
194 21 16 7 17
195 17 16 10 13
196 18 17 10 15
197 26 13 12 16
198 21 4 14 17
199 21 12 10 24
200 20 11 12 25
201 15 8 6 24
202 17 11 4 17
203 15 10 11 22
204 19 9 3 25
205 19 16 4 14
206 22 11 10 17
207 15 16 9 17
208 13 15 3 14
209 17 8 8 22
210 13 9 6 25
211 16 10 5 19
212 14 7 6 18
213 13 13 6 17
214 10 12 5 18
215 8 11 9 17
216 11 10 7 14
217 14 10 3 15
218 14 10 7 23
219 5 5 2 15
220 6 8 5 20
221 4 9 4 15
222 5 6 8 19
223 7 10 6 9
224 8 1 4 12
225 8 6 3 15
226 10 5 5 7
227 8 7 2 18
228 12 4 1 10
229 8 5 2 16
230 10 0 4 9
231 11 1 2 10
232 10 7 4 5
233 6 7 4 9
234 3 5 1 4
235 6 6 5 6
236 9 5 6 7
237 7 5 2 8
238 5 6 6 5
239 6 3 5 10
240 3 5 3 10
241 6 6 2 8
242 2 3 2 10
243 3 4 2 10
244 0 1 5 5
245 4 5 3 9
246 3 6 1 6
247 5 1 1 11
248 1 3 1 10
249 2 1 0 7
250 7 6 0 5
251 2 1 1 4
252 2 3 0 5
253 3 1 0 3
254 4 2 0 1
255 2 5 2 4
256 4 4 0 2
257 5 1 1 5
258 1 2 0 2
259 3 3 1 7
260 3 1 1 2
261 3 2 0 4
262 4 4 1 0
263 3 2 1 6
264 1 1 1 2
265 3 2 2 3
266 0 2 1 5
267 1 0 2 3
268 2 2 2 3
269 2 2 0 3
270 0 4 0 1
271 1 2 1 0
272 0 0 0 4
273 0 0 0 3
274 0 1 1 3
275 0 0 0 5
276 0 0 2 3
277 0 1 1 1
278 1 0 0 0
279 1 0 0 0
280 0 1 0 2
281 1 0 0 2
282 1 0 0 0
283 1 1 0 0
284 2 1 0 3
285 1 0 0 0
286 1 0 0 0
287 2 1 0 0
288 1 0 1 1
289 1 0 1 0
290 0 1 1 1
291 0 0 1 0
292 0 2 0 1
293 0 1 0 0
294 0 0 0 2
295 0 0 0 1
296 0 0 0 1
297 0 0 1 2
298 0 0 1 0
299 0 0 0 2
300 0 0 0 0
301 0 0 0 0
302 1 0 0 0
303 0 0 0 0
304 0 0 0 2
305 0 0 0 0
306 1 0 0 0
307 1 0 1 0
308 1 0 0 0
309 0 0 0 0
310 2 0 0 0
311 1 1 0 1
312 0 0 0 0
313 1 1 1 0
314 0 0 0 0
315 0 1 0 0
316 0 0 0 0
317 0 0 0 2
318 0 0 1 1
319 0 1 0 1
320 0 1 0 0
321 0 0 0 0
322 0 0 0 0
323 0 0 0 1
324 1 0 0 0
325 0 0 0 1
326 0 0 0 0
327 0 0 0 1
328 0 0 0 0
329 1 1 0 0
330 1 0 0 0
331 0 0 0 0
332 0 0 0 0
333 0 0 0 0
334 0 1 0 0
335 0 1 0 0
336 0 0 0 1
337 0 0 0 0
338 0 0 0 0
339 0 0 0 0
340 0 0 0 0
341 0 0 0 1
342 0 0 0 1
343 0 0 0 0
344 0 0 0 0
345 0 0 0 0
346 0 0 0 0
347 0 0 0 0
348 0 0 0 0
349 0 0 0 0
350 0 0 0 0
351 0 0 0 0
352 0 0 0 0
353 0 0 0 0
354 0 0 0 0
355 0 0 0 0
356 0 0 0 0
357 0 0 0 0
358 0 0 0 0
359 0 0 0 0
360 0 0 0 0
361 0 0 0 0
362 0 0 0 0
363 0 0 0 0
364 0 0 0 0
365 0 0 0 0
366 0 0 0 0
367 0 0 0 0
368 0 0 0 0
369 0 0 0 0
370 0 0 0 0
371 0 0 0 0
372 0 0 0 0
373 0 0 0 0
374 0 0 0 0
375 0 0 0 0
376 0 0 0 0
377 0 0 0 0
378 0 0 0 0
379 0 0 0 0
380 0 0 0 0
381 0 0 0 0
382 0 0 0 0
383 0 0 0 0
384 0 0 0 0
385 0 0 0 0
386 0 0 0 0
387 0 0 0 0
388 0 0 0 0
389 0 0 0 0
390 0 0 0 0
391 0 0 0 0
392 0 0 0 0
393 0 0 0 0
394 0 0 0 0
395 0 0 0 0
396 0 0 0 0
397 0 0 0 0
398 0 0 0 0
399 0 0 0 0
400 0 0 0 0
401 0 0 0 0
402 0 0 0 0
403 0 0 0 0
404 0 0 0 0
405 0 0 0 0
406 0 0 0 0
407 0 0 0 0
408 0 0 0 0
409 0 0 0 0
410 0 0 0 0
411 0 0 0 0
412 0 0 0 0
413 0 0 0 0
414 0 0 0 0
415 0 0 0 0
416 0 0 0 0
417 0 0 0 0
418 0 0 0 0
419 0 0 0 0
420 0 0 0 0
421 0 0 0 0
422 0 0 0 0
423 0 0 0 0
424 0 0 0 0
425 0 0 0 0
426 0 0 0 0
427 0 0 0 0
428 0 0 0 0
429 0 0 0 0
430 0 0 0 0
431 0 0 0 0
432 0 0 0 0
433 0 0 0 0
434 0 0 0 0
435 0 0 0 0
436 0 0 0 0
437 0 0 0 0
438 0 0 0 0
439 0 0 0 0
440 0 0 0 0
441 0 0 0 0
442 0 0 0 0
443 0 0 0 0
444 0 0 0 0
445 0 0 0 0
446 0 0 0 0
447 0 0 0 0
448 0 0 0 0
449 0 0 0 0
450 0 0 0 0
451 0 0 0 0
452 0 0 0 0
453 0 0 0 0
454 0 0 0 0
455 0 0 0 0
456 0 0 0 0
457 0 0 0 0
458 0 0 0 0
459 0 0 0 0
460 0 0 0 0
461 0 0 0 0
462 0 0 0 0
463 0 0 0 0
464 0 0 0 0
465 0 0 0 0
466 0 0 0 0
467 0 0 0 0
468 0 0 0 0
469 0 0 0 0
470 0 0 0 0
471 0 0 0 0
472 0 0 0 0
473 0 0 0 0
474 0 0 0 0
475 0 0 0 0
476 0 0 0 0
477 0 0 0 0
478 0 0 0 0
479 0 0 0 0
480 0 0 0 0
481 0 0 0 0
482 0 0 0 0
483 0 0 0 0
484 0 0 0 0
485 0 0 0 0
486 0 0 0 0
487 0 0 0 0
488 0 0 0 0
489 0 0 0 0
490 0 0 0 0
491 0 0 0 0
492 0 0 0 0
493 0 0 0 0
494 0 0 0 0
495 0 0 0 0
496 0 0 0 0
497 0 0 0 0
498 0 0 0 0
499 0 0 0 0
500 0 0 0 0
501 0 0 0 0
502 0 0 0 0
503 0 0 0 0
504 0 0 0 0
505 0 0 0 0
506 0 0 0 0
507 0 0 0 0
508 0 0 0 0
509 0 0 0 0
510 0 0 0 0
511 0 0 0 0
512 0 0 0 0
513 0 0 0 0
514 0 0 0 0
515 0 0 0 0
516 0 0 0 0
517 0 0 0 0
518 0 0 0 0
519 0 0 0 0
520 0 0 0 0
521 0 0 0 0
522 0 0 0 0
523 0 0 0 0
524 0 0 0 0
525 0 0 0 0
526 0 0 0 0
527 0 0 0 0
528 0 0 0 0
529 0 0 0 0
530 0 0 0 0
531 0 0 0 0
532 0 0 0 0
533 0 0 0 0
534 0 0 0 0
535 0 0 0 0
536 0 0 0 0
537 0 0 0 0
538 0 0 0 0
539 0 0 0 0
540 0 0 0 0
541 0 0 0 0
542 0 0 0 0
543 0 0 0 0
544 0 0 0 0
545 0 0 0 0
546 0 0 0 0
547 0 0 0 0
548 0 0 0 0
549 0 0 0 0
550 0 0 0 0
551 0 0 0 0
552 0 0 0 0
553 0 0 0 0
554 0 0 0 0
555 0 0 0 0
556 0 0 0 0
557 0 0 0 0
558 0 0 0 0
559 0 0 0 0
560 0 0 0 0
561 0 0 0 0
562 0 0 0 0
563 0 0 0 0
564 0 0 0 0
565 0 0 0 0
566 0 0 0 0
567 0 0 0 0
568 0 0 0 0
569 0 0 0 0
570 0 0 0 0
571 0 0 0 0
572 0 0 0 0
573 0 0 0 0
574 0 0 0 0
575 0 0 0 0
576 0 0 0 0
577 0 0 0 0
578 0 0 0 0
579 0 0 0 0
580 0 0 0 0
581 0 0 0 0
582 0 0 0 0
583 0 0 0 0
584 0 0 0 0
585 0 0 0 0
586 0 0 0 0
587 0 0 0 0
588 0 0 0 0
589 0 0 0 0
590 0 0 0 0
591 0 0 0 0
592 0 0 0 0
593 0 0 0 0
594 0 0 0 0
595 0 0 0 0
596 0 0 0 0
597 0 0 0 0
598 0 0 0 0
599 0 0 0 0
600 0 0 0 0
601 0 0 0 0
602 0 0 0 0
603 0 0 0 0
604 0 0 0 0
605 0 0 0 0
606 0 0 0 0
607 0 0 0 0
608 0 0 0 0
609 0 0 0 0
610 0 0 0 0
611 0 0 0 0
612 0 0 0 0
613 0 0 0 0
614 0 0 0 0
615 0 0 0 0
616 0 0 0 0
617 0 0 0 0
618 0 0 0 0
619 0 0 0 0
620 0 0 0 0
621 0 0 0 0
622 0 0 0 0
623 0 0 0 0
624 0 0 0 0
625 0 0 0 0
626 0 0 0 0
627 0 0 0 0
628 0 0 0 0
629 0 0 0 0
630 0 0 0 0
631 0 0 0 0
632 0 0 0 0
633 0 0 0 0
634 0 0 0 0
635 0 0 0 0
636 0 0 0 0
637 0 0 0 0
638 0 0 0 0
639 0 0 0 0
640 0 0 0 0
641 0 0 0 0
642 0 0 0 0
643 0 0 0 0
644 0 0 0 0
645 0 0 0 0
646 0 0 0 0
647 0 0 0 0
648 0 0 0 0
649 0 0 0 0
650 0 0 0 0
651 0 0 0 0
652 0 0 0 0
653 0 0 0 0
654 0 0 0 0
655 0 0 0 0
656 0 0 0 0
657 0 0 0 0
658 0 0 0 0
659 0 0 0 0
660 0 0 0 0
661 0 0 0 0
662 0 0 0 0
663 0 0 0 0
664 0 0 0 0
665 0 0 0 0
666 0 0 0 0
667 0 0 0 0
668 0 0 0 0
669 0 0 0 0
670 0 0 0 0
671 0 0 0 0
672 0 0 0 0
673 0 0 0 0
674 0 0 0 0
675 0 0 0 0
676 0 0 0 0
677 0 0 0 0
678 0 0 0 0
679 0 0 0 0
680 0 0 0 0
681 0 0 0 0
682 0 0 0 0
683 0 0 0 0
684 0 0 0 0
685 0 0 0 0
686 0 0 0 0
687 0 0 0 0
688 0 0 0 0
689 0 0 0 0
690 0 0 0 0
691 0 0 0 0
692 0 0 0 0
693 0 0 0 0
694 0 0 0 0
695 0 0 0 0
696 0 0 0 0
697 0 0 0 0
698 0 0 0 0
699 0 0 0 0
700 0 0 0 0
701 0 0 0 0
702 0 0 0 0
703 0 0 0 0
704 0 0 0 0
705 0 0 0 0
706 0 0 0 0
707 0 0 0 0
708 0 0 0 0
709 0 0 0 0
710 0 0 0 0
711 0 0 0 0
712 0 0 0 0
713 0 0 0 0
714 0 0 0 0
715 0 0 0 0
716 0 0 0 0
717 0 0 0 0
718 0 0 0 0
719 0 0 0 0
720 0 0 0 0
721 0 0 0 0
722 0 0 0 0
723 0 0 0 0
724 0 0 0 0
725 0 0 0 0
726 0 0 0 0
727 0 0 0 0
