0 0 0 0 0
1 0 0 0 0
2 0 0 0 0
3 0 0 0 0
4 0 0 0 0
5 0 1 1 0
6 0 0 1 0
7 0 0 0 0
8 0 0 0 0
9 0 2 0 1
10 0 0 0 0
11 0 0 0 0
12 0 0 0 1
13 0 0 0 2
14 0 0 0 0
15 0 0 0 0
16 0 0 0 1
17 1 0 0 0
18 0 0 0 0
19 2 0 0 0
20 2 0 0 0
21 1 0 0 0
22 1 0 0 0
23 3 0 0 0
24 3 0 0 0
25 1 2 0 0
26 1 2 0 0
27 1 0 0 0
28 1 0 3 0
29 0 1 0 1
30 0 1 1 1
31 0 1 0 0
32 0 0 1 2
33 0 2 0 2
34 0 0 0 0
35 0 0 1 2
36 0 0 1 1
37 0 1 0 2
38 1 0 0 2
39 1 0 0 1
40 1 0 0 1
41 1 0 0 0
42 2 0 0 1
43 0 0 0 1
44 2 0 0 0
45 1 1 0 0
46 1 0 0 0
47 5 0 2 0
48 3 0 1 0
49 2 1 1 0
50 4 0 2 0
51 1 0 2 1
52 1 2 1 1
53 0 2 0 1
54 0 0 0 1
55 0 2 0 2
56 0 0 2 2
57 1 1 0 2
58 0 2 0 1
59 0 2 0 3
60 2 0 1 3
61 4 1 0 1
62 4 0 1 2
63 0 0 0 1
64 3 0 0 0
65 2 2 0 2
66 2 0 2 2
67 3 3 1 1
68 5 0 0 1
69 1 3 0 2
70 1 3 1 1
71 4 0 1 2
72 4 2 0 0
73 1 1 1 2
74 4 0 0 4
75 5 1 1 0
76 4 1 1 3
77 2 4 2 3
78 2 2 0 1
79 2 2 0 2
80 1 3 4 3
81 2 1 1 2
82 1 2 0 2
83 1 2 2 3
84 2 3 0 6
85 3 2 1 0
86 4 0 1 1
87 2 1 0 8
88 4 0 1 3
89 3 1 2 2
90 5 3 1 3
91 7 1 0 3
92 3 1 0 2
93 3 0 2 2
94 4 1 1 2
95 1 2 2 1
96 3 4 3 2
97 3 3 2 4
98 5 1 2 2
99 3 1 3 3
100 0 1 2 3
101 2 0 2 1
102 5 2 1 3
103 10 2 2 6
104 2 2 2 6
105 7 2 0 3
106 5 3 0 3
107 3 2 3 2
108 3 3 2 1
109 3 0 0 3
110 3 2 3 4
111 2 0 3 5
112 3 3 3 6
113 2 3 2 2
114 0 3 1 4
115 6 5 0 4
116 3 2 1 4
117 4 2 0 6
118 4 2 2 3
119 5 0 1 2
120 6 1 1 4
121 4 1 1 2
122 7 0 4 5
123 10 1 0 2
124 7 4 2 3
125 7 5 2 4
126 5 3 0 2
127 7 5 2 2
128 6 2 5 2
129 6 3 2 6
130 9 5 3 2
131 7 2 3 8
132 3 5 6 8
133 7 0 4 6
134 6 5 0 7
135 3 3 1 5
136 5 5 2 8
137 6 3 3 7
138 4 6 2 5
139 4 8 4 5
140 5 2 2 5
141 6 1 0 7
142 8 2 4 5
143 9 3 3 9
144 7 3 2 4
145 5 3 3 5
146 11 4 2 13
147 8 1 2 4
148 9 3 3 2
149 7 3 6 2
150 10 3 1 4
151 13 8 3 5
152 16 3 5 7
153 15 5 2 10
154 9 5 3 2
155 7 4 6 10
156 14 5 6 8
157 13 8 7 6
158 8 7 6 9
159 10 5 8 9
160 15 5 3 12
161 11 9 5 12
162 11 5 8 12
163 11 5 2 13
164 13 3 4 8
165 16 6 7 11
166 12 6 3 14
167 11 4 5 8
168 8 9 4 12
169 12 6 7 10
170 17 11 2 9
171 12 6 5 10
172 13 8 6 14
173 14 4 4 9
174 14 10 8 11
175 17 6 6 10
176 18 5 4 17
177 18 6 5 8
178 14 8 4 19
179 12 13 8 12
180 9 11 4 10
181 11 11 3 11
182 15 13 5 10
183 12 6 5 17
184 19 10 6 15
185 20 9 5 14
186 18 8 4 18
187 24 9 4 11
188 21 11 4 16
189 21 5 8 19
190 20 14 7 9
191 30 5 9 14
192 16 6 8 13
193 27 12 6 14
194 16 11 12 15
195 21 12 14 16
196 19 17 11 12
197 20 10 5 24
198 19 10 9 20
199 14 5 10 24
200 25 13 11 26
201 22 13 5 14
202 23 18 7 20
203 15 11 6 18
204 12 10 6 25
205 14 12 11 16
206 9 18 9 20
207 10 15 8 15
208 10 11 8 21
209 10 10 4 22
210 13 13 5 26
211 11 12 5 18
212 12 6 3 23
213 12 7 6 19
214 12 6 3 22
215 8 5 5 15
216 6 5 4 9
217 10 6 7 11
218 6 9 3 14
219 9 11 3 13
220 4 5 3 12
221 8 4 3 13
222 6 6 3 11
223 9 7 4 9
224 5 4 5 5
225 8 4 3 11
226 5 8 4 16
227 11 3 1 12
228 11 5 3 8
229 10 2 0 6
230 6 1 3 9
231 6 5 1 4
232 3 7 3 11
233 8 6 2 9
234 4 8 6 5
235 4 4 2 5
236 4 9 2 5
237 12 4 3 4
238 4 3 3 16
239 7 4 0 8
240 8 2 2 12
241 3 1 2 4
242 3 5 4 8
243 2 3 2 6
244 4 3 1 7
245 3 1 2 4
246 3 6 3 6
247 3 5 1 3
248 3 4 0 0
249 7 5 5 7
250 5 2 1 8
251 6 0 3 6
252 5 3 1 5
253 0 2 0 8
254 3 4 2 5
255 1 1 2 3
256 4 0 2 8
257 5 0 1 1
258 3 2 2 3
259 6 2 1 5
260 2 4 0 3
261 6 3 2 4
262 5 1 2 4
263 1 3 1 2
264 0 3 1 2
265 0 3 1 5
266 0 4 1 4
267 0 1 3 4
268 1 2 1 2
269 1 1 0 3
270 1 4 0 4
271 2 1 1 6
272 1 0 0 3
273 2 1 0 4
274 4 1 0 4
275 2 0 1 5
276 1 1 1 0
277 0 0 0 2
278 1 0 1 1
279 1 2 1 1
280 0 0 2 1
281 0 2 0 0
282 2 0 0 1
283 2 2 0 2
284 1 0 0 2
285 0 0 0 0
286 2 0 0 1
287 2 1 1 1
288 0 0 1 2
289 1 1 0 0
290 2 0 0 2
291 1 1 2 2
292 0 3 1 0
293 2 0 0 1
294 0 1 0 0
295 0 1 1 4
296 0 0 1 2
297 0 0 0 0
298 0 1 1 0
299 0 0 0 2
300 1 0 0 0
301 0 0 0 1
302 1 0 0 3
303 1 0 0 1
304 0 0 0 0
305 0 0 0 1
306 0 0 0 0
307 0 1 0 0
308 1 1 0 0
309 0 1 0 0
310 1 0 0 0
311 2 0 0 0
312 1 0 0 0
313 0 0 1 0
314 0 0 0 1
315 2 1 0 1
316 2 1 0 1
317 1 1 0 1
318 0 0 0 0
319 0 0 0 0
320 0 2 0 0
321 0 1 0 1
322 0 0 1 1
323 0 0 0 1
324 0 0 1 0
325 0 1 0 0
326 0 0 0 1
327 0 0 0 2
328 0 0 0 1
329 0 0 0 2
330 0 0 0 0
331 0 0 0 0
332 0 0 0 0
333 0 0 0 0
334 0 0 0 0
335 0 0 0 0
336 0 0 0 0
337 0 0 0 0
338 0 0 0 0
339 0 0 0 0
340 0 0 0 0
341 0 0 0 0
342 0 0 0 0
343 0 0 0 0
344 0 0 0 0
345 0 0 0 0
346 0 0 0 0
347 0 0 0 0
348 0 0 0 0
349 0 0 0 0
350 0 0 0 0
351 0 0 0 0
352 0 0 0 0
353 0 0 0 0
354 0 0 0 0
355 0 0 0 0
356 0 0 0 0
357 0 0 0 0
358 0 0 0 0
359 0 0 0 0
360 0 0 0 0
361 0 0 0 0
362 0 0 0 0
363 0 0 0 0
364 0 0 0 0
365 0 0 0 0
366 0 0 0 0
367 0 0 0 0
368 0 0 0 0
369 0 0 0 0
370 0 0 0 0
371 0 0 0 0
372 0 0 0 0
373 0 0 0 0
374 0 0 0 0
375 0 0 0 0
376 0 0 0 0
377 0 0 0 0
378 0 0 0 0
379 0 0 0 0
380 0 0 0 0
381 0 0 0 0
382 0 0 0 0
383 0 0 0 0
384 0 0 0 0
385 0 0 0 0
386 0 0 0 0
387 0 0 0 0
388 0 0 0 0
389 0 0 0 0
390 0 0 0 0
391 0 0 0 0
392 0 0 0 0
393 0 0 0 0
394 0 0 0 0
395 0 0 0 0
396 0 0 0 0
397 0 0 0 0
398 0 0 0 0
399 0 0 0 0
400 0 0 0 0
401 0 0 0 0
402 0 0 0 0
403 0 0 0 0
404 0 0 0 0
405 0 0 0 0
406 0 0 0 0
407 0 0 0 0
408 0 0 0 0
409 0 0 0 0
410 0 0 0 0
411 0 0 0 0
412 0 0 0 0
413 0 0 0 0
414 0 0 0 0
415 0 0 0 0
416 0 0 0 0
417 0 0 0 0
418 0 0 0 0
419 0 0 0 0
420 0 0 0 0
421 0 0 0 0
422 0 0 0 0
423 0 0 0 0
424 0 0 0 0
425 0 0 0 0
426 0 0 0 0
427 0 0 0 0
428 0 0 0 0
429 0 0 0 0
430 0 0 0 0
431 0 0 0 0
432 0 0 0 0
433 0 0 0 0
434 0 0 0 0
435 0 0 0 0
436 0 0 0 0
437 0 0 0 0
438 0 0 0 0
439 0 0 0 0
440 0 0 0 0
441 0 0 0 0
442 0 0 0 0
443 0 0 0 0
444 0 0 0 0
445 0 0 0 0
446 0 0 0 0
447 0 0 0 0
448 0 0 0 0
449 0 0 0 0
450 0 0 0 0
451 0 0 0 0
452 0 0 0 0
453 0 0 0 0
454 0 0 0 0
455 0 0 0 0
456 0 0 0 0
457 0 0 0 0
458 0 0 0 0
459 0 0 0 0
460 0 0 0 0
461 0 0 0 0
462 0 0 0 0
463 0 0 0 0
464 0 0 0 0
465 0 0 0 0
466 0 0 0 0
467 0 0 0 0
468 0 0 0 0
469 0 0 0 0
470 0 0 0 0
471 0 0 0 0
472 0 0 0 0
473 0 0 0 0
474 0 0 0 0
475 0 0 0 0
476 0 0 0 0
477 0 0 0 0
478 0 0 0 0
479 0 0 0 0
480 0 0 0 0
481 0 0 0 0
482 0 0 0 0
483 0 0 0 0
484 0 0 0 0
485 0 0 0 0
486 0 0 0 0
487 0 0 0 0
488 0 0 0 0
489 0 0 0 0
490 0 0 0 0
491 0 0 0 0
492 0 0 0 0
493 0 0 0 0
494 0 0 0 0
495 0 0 0 0
496 0 0 0 0
497 0 0 0 0
498 0 0 0 0
499 0 0 0 0
500 0 0 0 0
501 0 0 0 0
502 0 0 0 0
503 0 0 0 0
504 0 0 0 0
505 0 0 0 0
506 0 0 0 0
507 0 0 0 0
508 0 0 0 0
509 0 0 0 0
510 0 0 0 0
511 0 0 0 0
512 0 0 0 0
513 0 0 0 0
514 0 0 0 0
515 0 0 0 0
516 0 0 0 0
517 0 0 0 0
518 0 0 0 0
519 0 0 0 0
520 0 0 0 0
521 0 0 0 0
522 0 0 0 0
523 0 0 0 0
524 0 0 0 0
525 0 0 0 0
526 0 0 0 0
527 0 0 0 0
528 0 0 0 0
529 0 0 0 0
530 0 0 0 0
531 0 0 0 0
532 0 0 0 0
533 0 0 0 0
534 0 0 0 0
535 0 0 0 0
536 0 0 0 0
537 0 0 0 0
538 0 0 0 0
539 0 0 0 0
540 0 0 0 0
541 0 0 0 0
542 0 0 0 0
543 0 0 0 0
544 0 0 0 0
545 0 0 0 0
546 0 0 0 0
547 0 0 0 0
548 0 0 0 0
549 0 0 0 0
550 0 0 0 0
551 0 0 0 0
552 0 0 0 0
553 0 0 0 0
554 0 0 0 0
555 0 0 0 0
556 0 0 0 0
557 0 0 0 0
558 0 0 0 0
559 0 0 0 0
560 0 0 0 0
561 0 0 0 0
562 0 0 0 0
563 0 0 0 0
564 0 0 0 0
565 0 0 0 0
566 0 0 0 0
567 0 0 0 0
568 0 0 0 0
569 0 0 0 0
570 0 0 0 0
571 0 0 0 0
572 0 0 0 0
573 0 0 0 0
574 0 0 0 0
575 0 0 0 0
576 0 0 0 0
577 0 0 0 0
578 0 0 0 0
579 0 0 0 0
580 0 0 0 0
581 0 0 0 0
582 0 0 0 0
583 0 0 0 0
584 0 0 0 0
585 0 0 0 0
586 0 0 0 0
587 0 0 0 0
588 0 0 0 0
589 0 0 0 0
590 0 0 0 0
591 0 0 0 0
592 0 0 0 0
593 0 0 0 0
594 0 0 0 0
595 0 0 0 0
596 0 0 0 0
597 0 0 0 0
598 0 0 0 0
599 0 0 0 0
600 0 0 0 0
601 0 0 0 0
602 0 0 0 0
603 0 0 0 0
604 0 0 0 0
605 0 0 0 0
606 0 0 0 0
607 0 0 0 0
608 0 0 0 0
609 0 0 0 0
610 0 0 0 0
611 0 0 0 0
612 0 0 0 0
613 0 0 0 0
614 0 0 0 0
615 0 0 0 0
616 0 0 0 0
617 0 0 0 0
618 0 0 0 0
619 0 0 0 0
620 0 0 0 0
621 0 0 0 0
622 0 0 0 0
623 0 0 0 0
624 0 0 0 0
625 0 0 0 0
626 0 0 0 0
627 0 0 0 0
628 0 0 0 0
629 0 0 0 0
630 0 0 0 0
631 0 0 0 0
632 0 0 0 0
633 0 0 0 0
634 0 0 0 0
635 0 0 0 0
636 0 0 0 0
637 0 0 0 0
638 0 0 0 0
639 0 0 0 0
640 0 0 0 0
641 0 0 0 0
642 0 0 0 0
643 0 0 0 0
644 0 0 0 0
645 0 0 0 0
646 0 0 0 0
647 0 0 0 0
648 0 0 0 0
649 0 0 0 0
650 0 0 0 0
651 0 0 0 0
652 0 0 0 0
653 0 0 0 0
654 0 0 0 0
655 0 0 0 0
656 0 0 0 0
657 0 0 0 0
658 0 0 0 0
659 0 0 0 0
660 0 0 0 0
661 0 0 0 0
662 0 0 0 0
663 0 0 0 0
664 0 0 0 0
665 0 0 0 0
666 0 0 0 0
667 0 0 0 0
668 0 0 0 0
669 0 0 0 0
670 0 0 0 0
671 0 0 0 0
672 0 0 0 0
673 0 0 0 0
674 0 0 0 0
675 0 0 0 0
676 0 0 0 0
677 0 0 0 0
678 0 0 0 0
679 0 0 0 0
680 0 0 0 0
681 0 0 0 0
682 0 0 0 0
683 0 0 0 0
684 0 0 0 0
685 0 0 0 0
686 0 0 0 0
687 0 0 0 0
688 0 0 0 0
689 0 0 0 0
690 0 0 0 0
691 0 0 0 0
692 0 0 0 0
693 0 0 0 0
694 0 0 0 0
695 0 0 0 0
696 0 0 0 0
697 0 0 0 0
698 0 0 0 0
699 0 0 0 0
700 0 0 0 0
701 0 0 0 0
702 0 0 0 0
703 0 0 0 0
704 0 0 0 0
705 0 0 0 0
706 0 0 0 0
707 0 0 0 0
708 0 0 0 0
709 0 0 0 0
710 0 0 0 0
711 0 0 0 0
712 0 0 0 0
713 0 0 0 0
714 0 0 0 0
715 0 0 0 0
716 0 0 0 0
717 0 0 0 0
718 0 0 0 0
719 0 0 0 0
720 0 0 0 0
721 0 0 0 0
722 0 0 0 0
723 0 0 0 0
724 0 0 0 0
725 0 0 0 0
726 0 0 0 0
727 0 0 0 0
