0 0 0 0 0
1 0 0 0 0
2 0 0 0 0
3 0 0 0 0
4 0 0 0 0
5 0 2 0 0
6 0 0 1 0
7 0 0 0 0
8 0 0 0 0
9 0 1 1 1
10 0 0 0 1
11 0 0 0 0
12 0 0 0 1
13 0 0 0 2
14 0 0 0 0
15 0 0 0 0
16 0 0 0 0
17 1 0 0 0
18 0 0 0 0
19 1 0 0 0
20 0 0 0 0
21 0 0 0 0
22 1 1 0 0
23 2 0 0 0
24 1 1 0 0
25 2 0 0 0
26 0 0 0 1
27 0 0 1 0
28 1 0 1 0
29 0 1 0 0
30 1 1 0 0
31 1 0 0 1
32 0 1 0 1
33 1 0 0 1
34 0 1 1 1
35 0 0 0 0
36 0 0 0 1
37 1 0 0 1
38 0 1 0 0
39 1 0 0 0
40 0 1 0 0
41 2 0 0 2
42 4 1 0 1
43 1 0 0 0
44 2 1 0 1
45 2 0 0 0
46 1 1 1 0
47 1 0 1 0
48 2 1 0 0
49 0 0 0 1
50 0 2 1 1
51 3 2 2 1
52 3 0 0 0
53 2 2 1 1
54 1 0 0 2
55 1 0 0 4
56 1 4 0 0
57 1 1 0 4
58 0 1 1 1
59 1 0 0 0
60 2 1 1 2
61 2 1 1 1
62 2 0 0 2
63 2 0 0 3
64 1 1 0 1
65 1 2 1 0
66 2 1 1 0
67 1 0 0 1
68 0 2 1 2
69 0 1 0 1
70 1 2 0 1
71 1 2 1 1
72 1 0 0 3
73 1 0 0 1
74 1 0 0 1
75 2 1 0 3
76 4 1 1 1
77 1 0 0 1
78 1 0 0 2
79 4 1 1 1
80 1 0 0 0
81 2 3 2 0
82 2 2 0 0
83 1 0 0 3
84 2 2 1 0
85 3 2 0 2
86 4 1 1 1
87 2 0 2 0
88 1 1 2 5
89 3 0 1 3
90 2 1 0 0
91 3 1 2 2
92 4 1 0 2
93 5 0 2 4
94 4 2 1 2
95 3 2 0 2
96 2 3 0 0
97 6 1 0 2
98 2 5 1 2
99 4 2 1 2
100 5 3 0 2
101 3 3 2 4
102 6 3 1 2
103 10 2 0 2
104 5 3 1 3
105 6 1 2 6
106 5 2 2 6
107 5 4 2 1
108 6 3 4 4
109 4 4 3 1
110 7 2 1 4
111 6 2 1 5
112 6 3 3 7
113 5 4 1 5
114 6 4 3 6
115 5 7 1 4
116 3 6 1 6
117 6 4 4 0
118 6 1 4 7
119 5 2 2 10
120 3 4 3 8
121 6 2 0 6
122 5 5 2 5
123 6 5 1 6
124 6 1 2 5
125 7 3 0 4
126 8 4 1 7
127 7 5 3 8
128 7 4 2 3
129 4 0 3 3
130 11 6 2 7
131 7 2 0 3
132 7 3 2 4
133 4 1 6 4
134 6 3 2 12
135 7 9 5 4
136 7 6 2 4
137 10 4 1 3
138 7 3 1 3
139 5 4 2 9
140 9 4 8 15
141 7 1 4 5
142 6 6 1 7
143 15 3 2 4
144 4 4 1 7
145 7 4 4 5
146 10 6 2 6
147 6 6 1 9
148 7 5 4 5
149 10 7 4 10
150 14 5 5 10
151 8 6 5 4
152 12 4 5 5
153 6 5 0 6
154 18 4 3 8
155 14 6 3 14
156 7 6 2 12
157 10 3 3 9
158 12 3 5 6
159 9 12 8 9
160 11 7 1 8
161 14 8 6 6
162 14 3 5 12
163 11 3 7 16
164 11 10 6 9
165 15 4 2 9
166 15 7 1 13
167 17 5 8 7
168 13 4 4 16
169 16 11 3 5
170 17 8 8 9
171 14 8 7 16
172 18 9 4 8
173 11 3 6 12
174 15 16 3 13
175 15 12 5 8
176 20 16 3 13
177 17 10 11 15
178 13 6 4 17
179 16 8 7 15
180 13 10 4 14
181 13 12 8 20
182 18 13 6 14
183 22 9 9 17
184 13 6 8 19
185 19 11 4 14
186 15 6 4 16
187 10 11 5 18
188 17 10 9 15
189 12 8 7 17
190 12 8 7 10
191 11 12 1 15
192 18 11 6 15
193 19 3 6 15
194 15 12 9 17
195 16 7 10 17
196 17 4 2 16
197 18 14 9 11
198 17 6 5 21
199 16 5 6 22
200 18 7 8 4
201 8 14 2 20
202 16 16 5 5
203 11 11 4 13
204 14 12 5 15
205 11 9 8 18
206 14 5 5 23
207 10 12 7 16
208 9 9 3 19
209 10 8 7 15
210 11 5 6 12
211 9 7 10 16
212 7 7 2 13
213 10 6 6 17
214 7 8 3 14
215 6 6 6 15
216 6 6 5 11
217 2 7 3 13
218 7 4 1 10
219 3 7 4 6
220 6 6 1 10
221 6 4 2 15
222 8 5 2 12
223 3 3 2 6
224 8 5 0 6
225 6 1 3 2
226 8 4 2 13
227 7 6 5 5
228 1 2 1 7
229 2 4 2 6
230 4 4 1 9
231 5 1 4 10
232 3 4 1 4
233 4 2 2 1
234 0 2 3 4
235 2 3 1 4
236 3 5 1 10
237 0 1 0 6
238 2 1 1 6
239 0 1 1 4
240 0 1 3 4
241 0 1 5 3
242 3 2 0 1
243 4 0 1 5
244 1 1 0 3
245 3 0 0 3
246 4 0 0 2
247 2 2 0 2
248 0 1 1 4
249 1 0 0 1
250 2 0 2 0
251 0 3 1 1
252 3 1 1 1
253 1 0 1 0
254 2 1 1 2
255 5 0 2 3
256 0 2 0 1
257 2 1 0 4
258 1 1 0 3
259 1 2 2 2
260 1 2 0 2
261 1 1 1 1
262 0 1 0 2
263 0 0 1 2
264 1 4 0 1
265 1 0 0 3
266 1 0 1 1
267 3 0 0 1
268 0 0 0 3
269 2 2 0 1
270 0 1 1 1
271 0 1 0 1
272 0 2 0 0
273 0 0 0 1
274 0 0 1 2
275 1 0 0 0
276 2 0 1 2
277 1 0 0 1
278 0 0 1 1
279 1 0 0 1
280 3 0 0 1
281 1 0 1 1
282 2 0 0 1
283 2 0 0 0
284 2 1 0 0
285 2 1 2 1
286 1 0 1 0
287 0 2 0 0
288 1 1 0 0
289 0 1 1 3
290 0 1 0 1
291 0 0 0 3
292 0 1 2 0
293 1 1 0 1
294 1 0 2 1
295 0 1 0 1
296 0 0 0 2
297 2 0 0 1
298 1 0 0 1
299 0 0 0 2
300 1 0 0 0
301 0 0 0 1
302 1 1 2 1
303 0 1 0 0
304 1 1 0 0
305 1 1 0 0
306 0 0 0 1
307 2 1 0 0
308 1 0 0 1
309 3 0 1 3
310 0 0 0 1
311 2 0 0 1
312 1 1 0 0
313 0 0 1 1
314 1 2 1 0
315 0 0 0 0
316 1 1 2 0
317 0 0 0 1
318 0 1 0 2
319 1 0 1 1
320 0 0 0 1
321 0 1 1 1
322 0 0 0 1
323 0 0 0 2
324 0 1 0 0
325 0 0 0 2
326 0 0 0 0
327 0 0 0 0
328 0 0 0 1
329 1 0 0 0
330 1 0 0 0
331 0 0 0 1
332 0 0 0 0
333 1 0 0 0
334 1 0 0 0
335 0 1 0 0
336 0 0 0 0
337 0 0 0 0
338 0 0 1 0
339 0 0 0 1
340 0 0 0 0
341 0 0 0 0
342 1 0 1 1
343 0 0 1 0
344 0 0 0 0
345 0 0 0 0
346 0 0 0 1
347 0 0 1 1
348 0 0 0 0
349 0 0 0 0
350 0 0 0 0
351 0 0 0 1
352 0 0 0 0
353 0 0 0 0
354 0 0 0 0
355 0 0 0 0
356 0 0 0 0
357 1 0 0 0
358 0 0 0 0
359 0 0 0 0
360 0 0 0 0
361 0 0 0 0
362 0 1 0 0
363 0 0 0 0
364 0 0 0 0
365 0 0 0 0
366 0 0 0 0
367 0 0 0 0
368 0 0 0 0
369 0 0 0 1
370 0 0 0 0
371 0 0 0 0
372 0 0 0 0
373 0 0 0 0
374 0 0 0 0
375 0 0 0 0
376 0 0 0 0
377 0 0 0 0
378 0 0 0 0
379 0 0 0 0
380 0 0 0 0
381 0 0 0 0
382 0 0 0 0
383 0 0 0 0
384 0 0 0 0
385 0 0 0 0
386 0 0 0 0
387 0 0 0 0
388 0 0 0 0
389 0 0 0 0
390 0 0 0 0
391 0 0 0 0
392 0 0 0 0
393 0 0 0 0
394 0 0 0 0
395 0 0 0 0
396 0 0 0 0
397 0 0 0 0
398 0 0 0 0
399 0 0 0 0
400 0 0 0 0
401 0 0 0 0
402 0 0 0 0
403 0 0 0 0
404 0 0 0 0
405 0 0 0 0
406 0 0 0 0
407 0 0 0 0
408 0 0 0 0
409 0 0 0 0
410 0 0 0 0
411 0 0 0 0
412 0 0 0 0
413 0 0 0 0
414 0 0 0 0
415 0 0 0 0
416 0 0 0 0
417 0 0 0 0
418 0 0 0 0
419 0 0 0 0
420 0 0 0 0
421 0 0 0 0
422 0 0 0 0
423 0 0 0 0
424 0 0 0 0
425 0 0 0 0
426 0 0 0 0
427 0 0 0 0
428 0 0 0 0
429 0 0 0 0
430 0 0 0 0
431 0 0 0 0
432 0 0 0 0
433 0 0 0 0
434 0 0 0 0
435 0 0 0 0
436 0 0 0 0
437 0 0 0 0
438 0 0 0 0
439 0 0 0 0
440 0 0 0 0
441 0 0 0 0
442 0 0 0 0
443 0 0 0 0
444 0 0 0 0
445 0 0 0 0
446 0 0 0 0
447 0 0 0 0
448 0 0 0 0
449 0 0 0 0
450 0 0 0 0
451 0 0 0 0
452 0 0 0 0
453 0 0 0 0
454 0 0 0 0
455 0 0 0 0
456 0 0 0 0
457 0 0 0 0
458 0 0 0 0
459 0 0 0 0
460 0 0 0 0
461 0 0 0 0
462 0 0 0 0
463 0 0 0 0
464 0 0 0 0
465 0 0 0 0
466 0 0 0 0
467 0 0 0 0
468 0 0 0 0
469 0 0 0 0
470 0 0 0 0
471 0 0 0 0
472 0 0 0 0
473 0 0 0 0
474 0 0 0 0
475 0 0 0 0
476 0 0 0 0
477 0 0 0 0
478 0 0 0 0
479 0 0 0 0
480 0 0 0 0
481 0 0 0 0
482 0 0 0 0
483 0 0 0 0
484 0 0 0 0
485 0 0 0 0
486 0 0 0 0
487 0 0 0 0
488 0 0 0 0
489 0 0 0 0
490 0 0 0 0
491 0 0 0 0
492 0 0 0 0
493 0 0 0 0
494 0 0 0 0
495 0 0 0 0
496 0 0 0 0
497 0 0 0 0
498 0 0 0 0
499 0 0 0 0
500 0 0 0 0
501 0 0 0 0
502 0 0 0 0
503 0 0 0 0
504 0 0 0 0
505 0 0 0 0
506 0 0 0 0
507 0 0 0 0
508 0 0 0 0
509 0 0 0 0
510 0 0 0 0
511 0 0 0 0
512 0 0 0 0
513 0 0 0 0
514 0 0 0 0
515 0 0 0 0
516 0 0 0 0
517 0 0 0 0
518 0 0 0 0
519 0 0 0 0
520 0 0 0 0
521 0 0 0 0
522 0 0 0 0
523 0 0 0 0
524 0 0 0 0
525 0 0 0 0
526 0 0 0 0
527 0 0 0 0
528 0 0 0 0
529 0 0 0 0
530 0 0 0 0
531 0 0 0 0
532 0 0 0 0
533 0 0 0 0
534 0 0 0 0
535 0 0 0 0
536 0 0 0 0
537 0 0 0 0
538 0 0 0 0
539 0 0 0 0
540 0 0 0 0
541 0 0 0 0
542 0 0 0 0
543 0 0 0 0
544 0 0 0 0
545 0 0 0 0
546 0 0 0 0
547 0 0 0 0
548 0 0 0 0
549 0 0 0 0
550 0 0 0 0
551 0 0 0 0
552 0 0 0 0
553 0 0 0 0
554 0 0 0 0
555 0 0 0 0
556 0 0 0 0
557 0 0 0 0
558 0 0 0 0
559 0 0 0 0
560 0 0 0 0
561 0 0 0 0
562 0 0 0 0
563 0 0 0 0
564 0 0 0 0
565 0 0 0 0
566 0 0 0 0
567 0 0 0 0
568 0 0 0 0
569 0 0 0 0
570 0 0 0 0
571 0 0 0 0
572 0 0 0 0
573 0 0 0 0
574 0 0 0 0
575 0 0 0 0
576 0 0 0 0
577 0 0 0 0
578 0 0 0 0
579 0 0 0 0
580 0 0 0 0
581 0 0 0 0
582 0 0 0 0
583 0 0 0 0
584 0 0 0 0
585 0 0 0 0
586 0 0 0 0
587 0 0 0 0
588 0 0 0 0
589 0 0 0 0
590 0 0 0 0
591 0 0 0 0
592 0 0 0 0
593 0 0 0 0
594 0 0 0 0
595 0 0 0 0
596 0 0 0 0
597 0 0 0 0
598 0 0 0 0
599 0 0 0 0
600 0 0 0 0
601 0 0 0 0
602 0 0 0 0
603 0 0 0 0
604 0 0 0 0
605 0 0 0 0
606 0 0 0 0
607 0 0 0 0
608 0 0 0 0
609 0 0 0 0
610 0 0 0 0
611 0 0 0 0
612 0 0 0 0
613 0 0 0 0
614 0 0 0 0
615 0 0 0 0
616 0 0 0 0
617 0 0 0 0
618 0 0 0 0
619 0 0 0 0
620 0 0 0 0
621 0 0 0 0
622 0 0 0 0
623 0 0 0 0
624 0 0 0 0
625 0 0 0 0
626 0 0 0 0
627 0 0 0 0
628 0 0 0 0
629 0 0 0 0
630 0 0 0 0
631 0 0 0 0
632 0 0 0 0
633 0 0 0 0
634 0 0 0 0
635 0 0 0 0
636 0 0 0 0
637 0 0 0 0
638 0 0 0 0
639 0 0 0 0
640 0 0 0 0
641 0 0 0 0
642 0 0 0 0
643 0 0 0 0
644 0 0 0 0
645 0 0 0 0
646 0 0 0 0
647 0 0 0 0
648 0 0 0 0
649 0 0 0 0
650 0 0 0 0
651 0 0 0 0
652 0 0 0 0
653 0 0 0 0
654 0 0 0 0
655 0 0 0 0
656 0 0 0 0
657 0 0 0 0
658 0 0 0 0
659 0 0 0 0
660 0 0 0 0
661 0 0 0 0
662 0 0 0 0
663 0 0 0 0
664 0 0 0 0
665 0 0 0 0
666 0 0 0 0
667 0 0 0 0
668 0 0 0 0
669 0 0 0 0
670 0 0 0 0
671 0 0 0 0
672 0 0 0 0
673 0 0 0 0
674 0 0 0 0
675 0 0 0 0
676 0 0 0 0
677 0 0 0 0
678 0 0 0 0
679 0 0 0 0
680 0 0 0 0
681 0 0 0 0
682 0 0 0 0
683 0 0 0 0
684 0 0 0 0
685 0 0 0 0
686 0 0 0 0
687 0 0 0 0
688 0 0 0 0
689 0 0 0 0
690 0 0 0 0
691 0 0 0 0
692 0 0 0 0
693 0 0 0 0
694 0 0 0 0
695 0 0 0 0
696 0 0 0 0
697 0 0 0 0
698 0 0 0 0
699 0 0 0 0
700 0 0 0 0
701 0 0 0 0
702 0 0 0 0
703 0 0 0 0
704 0 0 0 0
705 0 0 0 0
706 0 0 0 0
707 0 0 0 0
708 0 0 0 0
709 0 0 0 0
710 0 0 0 0
711 0 0 0 0
712 0 0 0 0
713 0 0 0 0
714 0 0 0 0
715 0 0 0 0
716 0 0 0 0
717 0 0 0 0
718 0 0 0 0
719 0 0 0 0
720 0 0 0 0
721 0 0 0 0
722 0 0 0 0
723 0 0 0 0
724 0 0 0 0
725 0 0 0 0
726 0 0 0 0
727 0 0 0 0
