0 0 0 0 0
1 0 0 0 0
2 0 0 0 0
3 0 0 0 0
4 0 0 0 0
5 0 1 1 0
6 0 0 0 0
7 0 0 0 0
8 0 0 0 0
9 0 1 2 2
10 0 0 0 0
11 0 0 0 0
12 0 0 0 0
13 0 0 0 2
14 0 0 0 0
15 0 0 0 0
16 0 0 0 1
17 0 0 0 0
18 0 0 0 0
19 0 0 0 0
20 1 0 0 0
21 0 0 0 0
22 0 0 0 0
23 0 0 0 0
24 1 0 0 0
25 1 0 0 0
26 3 0 0 0
27 1 0 0 0
28 2 0 0 0
29 0 0 1 0
30 1 0 1 0
31 1 0 1 0
32 0 0 0 0
33 0 1 0 0
34 1 1 1 1
35 1 1 1 0
36 0 1 1 1
37 0 0 1 1
38 0 0 0 2
39 1 1 0 0
40 0 0 0 1
41 0 0 0 1
42 0 0 0 2
43 1 0 0 1
44 2 0 2 1
45 0 0 0 0
46 1 0 0 1
47 0 0 0 0
48 0 0 0 1
49 2 1 0 0
50 3 0 0 0
51 2 0 0 1
52 1 0 1 0
53 1 1 0 1
54 1 0 0 0
55 0 1 1 0
56 1 1 0 0
57 2 0 0 0
58 0 1 1 0
59 1 2 1 2
60 1 0 1 2
61 0 1 0 0
62 2 0 1 3
63 2 0 0 1
64 1 0 0 0
65 2 0 2 1
66 3 2 0 3
67 5 0 1 1
68 0 1 0 0
69 2 0 1 1
70 0 0 0 0
71 2 2 1 1
72 1 3 1 1
73 1 0 0 2
74 0 1 0 0
75 0 2 0 2
76 3 2 1 3
77 1 0 1 0
78 2 0 2 3
79 4 0 0 3
80 2 2 1 3
81 1 0 0 0
82 4 0 0 3
83 3 1 0 0
84 2 1 1 3
85 4 4 1 0
86 3 1 1 1
87 5 4 1 0
88 5 3 1 2
89 1 2 0 1
90 5 0 2 2
91 3 1 1 3
92 6 3 1 6
93 6 1 1 2
94 4 2 1 2
95 2 3 0 3
96 4 3 0 2
97 3 5 3 3
98 7 3 3 2
99 6 5 1 4
100 6 3 0 4
101 2 0 3 4
102 8 2 1 2
103 3 2 0 4
104 4 1 2 7
105 5 5 1 8
106 5 0 1 6
107 3 7 4 3
108 8 3 3 1
109 5 2 1 3
110 6 1 3 1
111 7 4 0 8
112 6 1 3 6
113 10 5 5 2
114 9 1 2 7
115 10 3 4 6
116 7 1 3 4
117 5 1 2 8
118 7 5 7 3
119 5 5 3 8
120 10 5 4 7
121 6 3 5 3
122 8 5 1 5
123 7 5 2 3
124 4 3 4 8
125 8 7 4 12
126 5 1 3 9
127 7 6 5 8
128 9 3 2 5
129 7 1 3 8
130 10 6 0 6
131 9 2 0 10
132 9 5 4 9
133 13 4 5 5
134 10 3 2 7
135 6 6 4 3
136 13 6 4 7
137 13 6 5 10
138 16 9 2 4
139 15 7 1 6
140 12 3 2 5
141 9 4 2 8
142 12 8 5 13
143 12 10 9 10
144 11 4 5 6
145 8 12 4 10
146 6 5 6 9
147 4 9 5 16
148 8 4 8 7
149 7 4 5 15
150 12 3 4 12
151 14 3 4 13
152 10 5 5 12
153 12 5 4 16
154 6 5 5 10
155 7 5 5 12
156 7 3 4 3
157 14 9 2 9
158 17 4 1 8
159 8 3 4 11
160 14 7 5 10
161 9 1 6 9
162 23 9 9 6
163 9 11 3 7
164 14 2 3 10
165 18 8 4 6
166 18 2 6 8
167 15 15 9 16
168 17 4 2 6
169 11 9 4 16
170 8 10 5 11
171 17 9 7 17
172 13 6 4 12
173 13 8 6 14
174 12 11 3 14
175 13 11 2 11
176 11 18 5 10
177 8 10 8 17
178 15 8 5 16
179 13 5 4 9
180 18 11 5 15
181 22 6 7 16
182 15 4 5 13
183 19 6 9 16
184 15 5 5 17
185 13 4 5 11
186 14 12 7 10
187 15 11 6 20
188 16 11 4 14
189 18 8 13 8
190 14 9 6 10
191 21 7 4 14
192 23 13 5 13
193 19 12 4 23
194 22 6 7 18
195 19 10 6 13
196 19 10 6 20
197 23 13 9 12
198 26 15 8 10
199 25 17 6 20
200 20 11 7 19
201 20 13 2 17
202 28 15 6 16
203 16 15 6 20
204 20 18 9 19
205 18 11 11 23
206 20 11 8 20
207 15 10 12 18
208 15 10 7 12
209 9 9 9 26
210 17 12 7 19
211 12 20 8 30
212 11 14 6 19
213 13 13 6 24
214 15 12 6 20
215 14 8 10 23
216 12 7 4 14
217 7 9 4 16
218 6 6 7 20
219 13 9 5 21
220 8 10 7 21
221 6 6 4 20
222 7 3 2 13
223 9 6 3 9
224 6 5 3 20
225 12 11 2 14
226 7 4 3 7
227 11 5 2 9
228 7 8 7 7
229 10 4 3 10
230 8 3 2 8
231 10 5 2 6
232 5 2 8 13
233 5 4 1 8
234 7 7 9 7
235 7 1 3 11
236 4 5 6 6
237 4 5 2 5
238 3 4 3 15
239 4 7 5 7
240 6 5 5 7
241 2 3 0 11
242 2 2 1 9
243 1 3 2 10
244 4 1 1 8
245 3 1 4 3
246 1 1 1 8
247 2 2 1 7
248 1 2 0 3
249 1 1 2 4
250 5 3 2 5
251 2 0 0 5
252 3 0 1 2
253 3 3 1 1
254 2 1 1 4
255 1 2 1 2
256 1 2 0 2
257 1 1 0 3
258 1 1 2 1
259 2 2 2 2
260 4 2 0 4
261 5 1 2 2
262 1 0 1 2
263 1 1 0 2
264 1 1 1 1
265 0 3 0 3
266 1 1 0 4
267 0 1 0 2
268 4 0 0 3
269 2 2 0 2
270 4 3 2 0
271 1 1 0 2
272 0 1 0 1
273 0 3 0 3
274 1 1 0 1
275 1 3 1 0
276 0 0 0 1
277 0 1 1 7
278 4 1 0 2
279 2 0 0 2
280 1 0 2 0
281 1 0 1 0
282 0 0 0 3
283 1 2 1 0
284 0 0 1 2
285 0 1 0 0
286 0 0 0 0
287 0 1 0 2
288 0 1 0 2
289 0 0 0 1
290 1 1 0 3
291 1 0 0 0
292 2 1 0 0
293 1 0 0 0
294 1 0 0 1
295 1 0 0 1
296 0 0 1 0
297 3 0 1 1
298 3 0 1 0
299 2 0 2 1
300 1 1 1 0
301 0 0 0 1
302 0 1 0 0
303 2 1 1 3
304 0 1 1 1
305 1 0 1 1
306 0 1 1 1
307 1 1 0 1
308 1 1 0 2
309 1 0 0 1
310 0 0 1 3
311 0 0 0 0
312 0 1 1 0
313 2 0 0 1
314 0 0 0 2
315 1 0 0 1
316 1 0 0 2
317 1 0 1 0
318 0 2 1 0
319 0 0 0 0
320 0 0 1 0
321 0 1 0 1
322 0 0 0 1
323 0 0 0 0
324 0 0 0 1
325 0 0 0 3
326 0 0 1 0
327 0 0 0 0
328 0 0 0 0
329 0 0 0 0
330 1 0 0 0
331 1 0 0 0
332 0 0 0 0
333 0 0 0 1
334 3 0 0 0
335 0 0 0 0
336 1 0 0 0
337 1 0 0 0
338 1 0 0 0
339 0 3 0 0
340 0 0 1 0
341 0 1 0 0
342 0 0 0 0
343 0 1 1 1
344 0 0 0 0
345 0 0 0 1
346 0 1 0 2
347 0 0 0 3
348 0 0 0 0
349 0 0 0 0
350 0 0 0 1
351 0 0 0 0
352 0 0 0 0
353 0 0 0 0
354 1 0 0 0
355 0 0 0 0
356 0 0 0 0
357 0 0 0 0
358 0 0 0 0
359 0 0 1 0
360 0 0 0 0
361 0 0 0 0
362 0 0 0 0
363 0 0 0 1
364 0 0 0 0
365 1 0 0 0
366 1 0 0 0
367 0 0 0 0
368 0 0 0 0
369 0 0 0 0
370 1 0 0 0
371 0 0 1 0
372 0 0 0 0
373 1 0 0 0
374 0 0 1 0
375 0 1 0 1
376 0 0 0 0
377 0 0 0 0
378 0 1 0 1
379 0 0 0 0
380 0 0 0 0
381 0 0 0 0
382 0 0 0 1
383 0 0 0 0
384 0 0 0 0
385 0 0 0 1
386 0 0 0 0
387 0 0 0 0
388 0 0 0 0
389 0 0 0 0
390 1 0 0 0
391 0 0 0 0
392 2 0 0 0
393 1 0 0 0
394 1 0 0 0
395 0 0 0 0
396 1 0 0 0
397 0 0 1 0
398 0 0 0 0
399 1 1 0 0
400 0 0 0 0
401 0 1 1 1
402 0 0 0 0
403 0 1 0 1
404 0 0 0 0
405 0 1 0 1
406 0 0 0 0
407 0 0 0 1
408 0 1 0 1
409 0 0 0 1
410 0 0 0 0
411 0 0 0 0
412 0 0 0 0
413 0 0 0 0
414 1 0 0 0
415 0 0 0 1
416 1 0 0 0
417 0 0 0 0
418 2 0 0 0
419 1 0 0 0
420 2 1 0 0
421 0 1 0 0
422 0 0 0 0
423 1 1 0 0
424 0 0 0 0
425 0 0 1 1
426 0 0 0 0
427 0 1 0 2
428 0 1 0 0
429 0 1 0 1
430 0 0 0 0
431 0 0 0 0
432 1 0 1 1
433 0 0 0 0
434 1 0 0 1
435 0 0 0 0
436 0 0 0 2
437 0 1 0 0
438 3 0 0 0
439 0 0 1 0
440 1 0 0 0
441 0 0 0 0
442 0 0 0 0
443 1 3 0 0
444 0 0 0 1
445 1 0 0 0
446 1 0 0 1
447 2 0 0 2
448 0 0 0 0
449 0 1 0 0
450 0 0 1 1
451 2 0 0 0
452 1 0 2 0
453 0 0 0 1
454 0 0 0 1
455 1 1 0 0
456 1 1 1 1
457 2 0 0 0
458 1 0 0 0
459 1 0 0 2
460 1 0 1 2
461 2 1 0 0
462 1 0 1 0
463 1 2 0 0
464 0 0 1 0
465 0 0 1 1
466 1 1 1 1
467 2 0 0 1
468 2 1 0 0
469 0 0 0 1
470 0 1 0 4
471 1 0 1 1
472 1 3 0 0
473 2 2 0 0
474 2 0 0 1
475 1 1 0 1
476 3 1 0 0
477 4 0 0 1
478 0 0 1 1
479 2 0 1 3
480 2 0 0 1
481 0 0 3 0
482 0 1 1 1
483 0 1 0 1
484 0 1 1 0
485 1 2 0 2
486 3 3 0 2
487 1 0 0 1
488 0 0 1 3
489 0 1 0 1
490 1 0 0 2
491 0 1 1 1
492 2 1 0 2
493 1 0 0 2
494 1 1 0 0
495 0 0 1 1
496 0 0 0 0
497 2 0 1 0
498 1 1 0 2
499 1 2 0 1
500 2 0 0 0
501 3 1 0 2
502 1 1 0 1
503 2 0 1 2
504 2 1 0 0
505 0 0 0 1
506 1 1 3 1
507 2 2 0 1
508 6 2 0 2
509 2 1 0 0
510 0 0 0 3
511 4 0 0 0
512 0 1 0 1
513 1 2 2 2
514 1 0 0 2
515 3 1 0 1
516 4 2 1 0
517 3 3 1 1
518 1 2 0 0
519 1 1 0 1
520 2 3 0 5
521 3 0 2 2
522 1 2 2 2
523 1 1 0 1
524 1 1 1 4
525 1 1 3 3
526 0 2 1 3
527 3 1 0 3
528 3 0 1 1
529 2 1 0 3
530 2 0 0 0
531 5 0 0 1
532 7 1 2 3
533 2 0 2 3
534 3 3 0 1
535 3 1 1 0
536 5 3 2 3
537 4 1 2 2
538 1 1 0 2
539 2 2 1 2
540 3 1 2 2
541 1 6 3 3
542 1 1 1 2
543 2 1 1 4
544 2 2 1 2
545 3 1 1 6
546 6 0 2 2
547 6 2 0 1
548 6 0 0 6
549 5 1 0 3
550 4 0 1 4
551 3 0 2 2
552 8 4 0 1
553 4 2 3 1
554 7 7 0 1
555 8 3 3 1
556 7 2 2 0
557 5 4 3 4
558 6 4 0 7
559 3 3 4 8
560 3 3 2 5
561 4 4 3 4
562 2 3 1 5
563 3 3 2 7
564 3 6 1 3
565 4 1 4 7
566 2 3 1 3
567 4 2 2 6
568 3 3 0 7
569 0 2 4 8
570 4 5 1 4
571 7 0 2 3
572 4 2 1 2
573 1 0 1 4
574 3 1 0 6
575 6 3 1 3
576 3 2 2 7
577 5 2 2 2
578 2 0 1 1
579 7 2 1 1
580 2 5 2 2
581 3 2 3 3
582 4 2 1 3
583 4 1 1 4
584 4 4 3 7
585 1 1 1 4
586 2 2 4 3
587 0 2 1 3
588 2 2 1 6
589 1 3 0 3
590 2 1 0 4
591 0 4 0 5
592 0 2 0 2
593 0 2 0 7
594 1 1 0 2
595 0 1 0 2
596 1 0 0 1
597 2 2 0 0
598 1 0 0 4
599 2 0 2 2
600 2 0 0 2
601 0 1 0 2
602 1 0 0 0
603 2 0 1 1
604 1 2 0 1
605 1 1 0 1
606 1 2 0 1
607 1 1 0 1
608 1 1 0 1
609 0 2 0 0
610 0 0 1 1
611 0 1 0 1
612 0 2 0 2
613 0 1 0 2
614 0 0 0 1
615 0 0 0 0
616 0 0 0 2
617 0 0 0 1
618 1 0 0 1
619 0 0 0 1
620 0 0 0 1
621 1 0 0 0
622 1 0 0 0
623 0 0 1 0
624 1 0 0 0
625 0 0 0 0
626 1 0 0 0
627 0 1 0 1
628 0 0 0 0
629 1 1 0 0
630 0 1 0 0
631 0 0 0 1
632 0 0 0 0
633 0 0 0 0
634 0 0 1 0
635 0 1 0 0
636 0 0 0 1
637 0 0 0 1
638 0 0 0 0
639 0 0 0 1
640 0 0 0 0
641 0 0 0 1
642 0 0 0 0
643 0 0 0 0
644 0 0 0 0
645 0 0 0 0
646 0 0 0 0
647 0 0 0 0
648 0 0 0 0
649 1 0 0 0
650 0 0 0 0
651 0 0 0 0
652 0 0 0 0
653 0 0 0 0
654 0 0 1 0
655 0 0 0 0
656 0 0 0 0
657 0 0 0 0
658 0 0 0 0
659 0 0 0 0
660 0 0 0 0
661 0 0 0 1
662 0 0 0 0
663 0 0 0 0
664 0 0 0 0
665 0 0 0 0
666 0 0 0 0
667 0 0 0 0
668 0 0 0 0
669 0 0 0 0
670 0 0 0 0
671 0 0 0 0
672 0 0 0 0
673 0 0 0 0
674 0 0 0 0
675 0 0 0 0
676 0 0 0 0
677 0 0 0 0
678 0 0 0 0
679 0 0 0 0
680 0 0 0 0
681 0 0 0 0
682 0 0 0 0
683 0 0 0 0
684 0 0 0 0
685 0 0 0 0
686 0 0 0 0
687 0 0 0 0
688 0 0 0 0
689 0 0 0 0
690 0 0 0 0
691 0 0 0 0
692 0 0 0 0
693 0 0 0 0
694 0 0 0 0
695 0 0 0 0
696 0 0 0 0
697 0 0 0 0
698 0 0 0 0
699 0 0 0 0
700 0 0 0 0
701 0 0 0 0
702 0 0 0 0
703 0 0 0 0
704 0 0 0 0
705 0 0 0 0
706 0 0 0 0
707 0 0 0 0
708 0 0 0 0
709 0 0 0 0
710 0 0 0 0
711 0 0 0 0
712 0 0 0 0
713 0 0 0 0
714 0 0 0 0
715 0 0 0 0
716 0 0 0 0
717 0 0 0 0
718 0 0 0 0
719 0 0 0 0
720 0 0 0 0
721 0 0 0 0
722 0 0 0 0
723 0 0 0 0
724 0 0 0 0
725 0 0 0 0
726 0 0 0 0
727 0 0 0 0
