0 0 0 0 0
1 0 0 0 0
2 0 0 0 0
3 0 0 0 0
4 0 0 0 0
5 0 0 1 0
6 0 0 0 0
7 0 0 0 0
8 0 0 0 0
9 0 2 2 1
10 0 0 0 0
11 0 0 0 0
12 0 0 0 0
13 0 0 0 2
14 0 0 0 0
15 0 0 0 0
16 0 0 0 2
17 0 0 0 0
18 0 0 0 0
19 1 0 0 0
20 0 0 0 0
21 1 0 0 0
22 1 0 0 0
23 2 0 0 0
24 0 0 0 0
25 0 0 0 0
26 2 0 0 0
27 0 1 0 0
28 2 1 0 0
29 2 0 0 0
30 0 1 0 0
31 1 1 0 0
32 2 1 1 1
33 0 1 0 0
34 0 0 0 1
35 1 0 1 1
36 0 0 1 2
37 0 1 0 1
38 0 1 1 0
39 0 0 0 2
40 1 0 0 1
41 0 0 2 1
42 1 0 0 0
43 0 0 0 0
44 0 1 0 0
45 0 0 0 4
46 1 0 0 0
47 0 0 2 0
48 0 0 0 1
49 2 0 0 0
50 1 0 0 0
51 2 0 1 1
52 2 0 0 0
53 2 0 0 0
54 1 1 1 1
55 2 0 0 0
56 2 0 1 0
57 2 0 0 0
58 0 1 0 2
59 0 2 1 0
60 0 1 1 1
61 1 2 1 1
62 1 1 0 0
63 1 0 0 2
64 2 1 0 0
65 1 1 0 2
66 3 0 1 1
67 1 0 1 2
68 1 0 0 3
69 1 0 0 1
70 2 0 2 0
71 1 0 0 0
72 0 0 2 1
73 2 2 1 1
74 0 0 0 1
75 0 3 2 0
76 1 1 0 0
77 2 0 0 5
78 1 3 0 0
79 1 0 0 2
80 0 0 0 2
81 1 0 0 0
82 1 1 1 5
83 2 1 0 0
84 1 1 0 0
85 0 0 1 2
86 2 0 0 1
87 3 0 0 1
88 3 0 1 0
89 5 0 0 1
90 1 0 1 0
91 1 0 2 1
92 2 2 1 1
93 1 1 1 0
94 4 3 2 1
95 4 0 0 3
96 3 2 0 1
97 1 0 2 1
98 1 1 0 4
99 1 0 2 2
100 2 2 1 2
101 0 1 3 2
102 1 0 1 1
103 3 2 1 2
104 1 1 2 3
105 1 3 0 4
106 1 1 0 1
107 0 0 0 2
108 0 0 0 2
109 1 1 0 4
110 3 1 0 2
111 1 2 1 2
112 0 0 2 0
113 5 0 0 1
114 1 0 0 1
115 4 0 1 3
116 2 0 0 2
117 3 0 0 0
118 1 2 1 0
119 5 3 0 0
120 3 2 0 0
121 5 0 2 0
122 4 3 1 3
123 2 0 1 1
124 2 5 1 0
125 5 0 0 2
126 3 3 0 5
127 6 5 0 3
128 2 2 0 2
129 3 3 1 1
130 1 6 3 3
131 2 1 1 5
132 3 2 1 2
133 2 0 2 3
134 4 1 1 10
135 6 1 1 1
136 3 3 2 3
137 4 2 0 4
138 1 1 2 2
139 2 1 0 3
140 3 2 2 5
141 3 2 1 1
142 4 4 0 1
143 5 2 3 3
144 8 1 1 6
145 7 0 4 3
146 2 2 0 2
147 4 1 0 3
148 9 2 1 4
149 8 2 3 3
150 4 2 3 5
151 8 4 3 0
152 3 4 1 4
153 4 4 3 4
154 2 5 2 4
155 3 2 0 4
156 1 4 2 3
157 2 5 2 6
158 5 4 3 9
159 2 2 2 4
160 2 3 1 9
161 4 1 1 4
162 3 2 0 7
163 4 1 2 5
164 4 1 2 7
165 6 1 2 2
166 8 3 0 3
167 9 2 1 2
168 6 4 0 3
169 9 1 2 1
170 11 6 2 2
171 9 0 5 2
172 4 4 1 5
173 13 2 1 2
174 7 5 3 9
175 11 7 3 4
176 7 3 4 3
177 11 3 1 4
178 3 7 4 8
179 5 2 7 10
180 11 8 8 4
181 6 7 1 3
182 7 7 4 9
183 10 1 3 10
184 16 0 2 8
185 10 4 3 11
186 6 6 1 10
187 13 1 5 10
188 14 7 2 3
189 12 8 10 8
190 10 4 6 6
191 17 3 2 5
192 18 5 5 8
193 18 8 3 13
194 23 7 4 9
195 15 4 3 9
196 20 10 8 14
197 14 10 7 12
198 12 8 12 8
199 10 9 6 8
200 8 12 6 10
201 13 12 10 12
202 10 11 3 16
203 13 14 6 25
204 10 6 2 16
205 5 7 2 18
206 8 5 9 9
207 7 4 5 22
208 9 10 6 17
209 8 7 3 15
210 6 7 1 18
211 8 5 4 4
212 8 5 4 13
213 11 8 2 12
214 5 5 2 12
215 12 2 4 9
216 10 3 2 9
217 7 6 1 7
218 10 5 6 7
219 6 5 0 9
220 7 5 3 7
221 10 4 6 8
222 5 6 4 9
223 4 6 3 4
224 4 6 5 7
225 5 6 4 13
226 4 3 3 7
227 5 5 2 12
228 2 3 3 9
229 3 4 2 7
230 2 4 2 9
231 2 3 2 8
232 2 3 1 8
233 2 1 0 6
234 1 2 2 6
235 4 2 2 5
236 2 2 1 6
237 1 1 0 5
238 2 2 1 4
239 0 0 1 2
240 1 1 1 0
241 5 2 2 0
242 4 1 1 6
243 1 2 1 3
244 3 3 0 2
245 2 0 0 3
246 2 2 1 1
247 3 4 0 2
248 1 2 0 6
249 1 1 0 2
250 1 3 1 0
251 1 0 0 4
252 2 1 1 1
253 1 1 1 5
254 0 1 0 4
255 1 2 1 1
256 1 0 2 1
257 0 2 1 1
258 1 0 0 1
259 0 0 0 2
260 0 1 0 3
261 0 0 0 1
262 0 0 1 1
263 1 0 0 1
264 0 0 0 2
265 0 0 1 0
266 0 0 0 0
267 0 1 0 1
268 2 1 0 0
269 2 0 0 2
270 2 0 0 0
271 2 0 0 0
272 1 0 0 0
273 0 0 0 1
274 0 0 0 1
275 1 2 0 0
276 0 1 1 0
277 1 0 3 0
278 1 2 0 0
279 1 0 0 0
280 1 1 0 1
281 0 0 0 1
282 0 0 0 3
283 0 0 1 1
284 1 0 1 2
285 0 1 0 1
286 0 0 1 0
287 0 0 0 1
288 0 0 0 1
289 0 0 0 1
290 0 0 0 2
291 0 0 0 0
292 1 0 0 0
293 1 0 1 0
294 0 0 0 0
295 0 0 0 0
296 0 0 0 0
297 1 0 1 0
298 0 0 0 0
299 0 0 0 0
300 0 0 0 1
301 0 0 0 0
302 0 0 1 0
303 0 0 0 0
304 0 0 0 1
305 0 0 0 0
306 0 1 0 1
307 0 0 0 0
308 0 0 0 0
309 0 0 0 0
310 0 0 0 0
311 0 0 0 0
312 0 0 0 0
313 0 0 0 1
314 0 0 0 0
315 0 0 0 0
316 0 0 0 0
317 0 0 0 0
318 0 0 0 0
319 0 0 0 0
320 0 0 0 0
321 0 0 0 0
322 0 0 0 0
323 0 0 0 0
324 0 0 0 0
325 0 0 0 0
326 0 0 0 0
327 0 0 0 0
328 0 0 0 0
329 0 0 0 0
330 0 0 0 0
331 0 0 0 0
332 0 0 0 0
333 0 0 0 0
334 0 0 0 0
335 0 0 0 0
336 0 0 0 0
337 0 0 0 0
338 0 0 0 0
339 0 0 0 0
340 0 0 0 0
341 0 0 0 0
342 0 0 0 0
343 0 0 0 0
344 0 0 0 0
345 0 0 0 0
346 0 0 0 0
347 0 0 0 0
348 0 0 0 0
349 0 0 0 0
350 0 0 0 0
351 0 0 0 0
352 0 0 0 0
353 0 0 0 0
354 0 0 0 0
355 0 0 0 0
356 0 0 0 0
357 0 0 0 0
358 0 0 0 0
359 0 0 0 0
360 0 0 0 0
361 0 0 0 0
362 0 0 0 0
363 0 0 0 0
364 0 0 0 0
365 0 0 0 0
366 0 0 0 0
367 0 0 0 0
368 0 0 0 0
369 0 0 0 0
370 0 0 0 0
371 0 0 0 0
372 0 0 0 0
373 0 0 0 0
374 0 0 0 0
375 0 0 0 0
376 0 0 0 0
377 0 0 0 0
378 0 0 0 0
379 0 0 0 0
380 0 0 0 0
381 0 0 0 0
382 0 0 0 0
383 0 0 0 0
384 0 0 0 0
385 0 0 0 0
386 0 0 0 0
387 0 0 0 0
388 0 0 0 0
389 0 0 0 0
390 0 0 0 0
391 0 0 0 0
392 0 0 0 0
393 0 0 0 0
394 0 0 0 0
395 0 0 0 0
396 0 0 0 0
397 0 0 0 0
398 0 0 0 0
399 0 0 0 0
400 0 0 0 0
401 0 0 0 0
402 0 0 0 0
403 0 0 0 0
404 0 0 0 0
405 0 0 0 0
406 0 0 0 0
407 0 0 0 0
408 0 0 0 0
409 0 0 0 0
410 0 0 0 0
411 0 0 0 0
412 0 0 0 0
413 0 0 0 0
414 0 0 0 0
415 0 0 0 0
416 0 0 0 0
417 0 0 0 0
418 0 0 0 0
419 0 0 0 0
420 0 0 0 0
421 0 0 0 0
422 0 0 0 0
423 0 0 0 0
424 0 0 0 0
425 0 0 0 0
426 0 0 0 0
427 0 0 0 0
428 0 0 0 0
429 0 0 0 0
430 0 0 0 0
431 0 0 0 0
432 0 0 0 0
433 0 0 0 0
434 0 0 0 0
435 0 0 0 0
436 0 0 0 0
437 0 0 0 0
438 0 0 0 0
439 0 0 0 0
440 0 0 0 0
441 0 0 0 0
442 0 0 0 0
443 0 0 0 0
444 0 0 0 0
445 0 0 0 0
446 0 0 0 0
447 0 0 0 0
448 0 0 0 0
449 0 0 0 0
450 0 0 0 0
451 0 0 0 0
452 0 0 0 0
453 0 0 0 0
454 0 0 0 0
455 0 0 0 0
456 0 0 0 0
457 0 0 0 0
458 0 0 0 0
459 0 0 0 0
460 0 0 0 0
461 0 0 0 0
462 0 0 0 0
463 0 0 0 0
464 0 0 0 0
465 0 0 0 0
466 0 0 0 0
467 0 0 0 0
468 0 0 0 0
469 0 0 0 0
470 0 0 0 0
471 0 0 0 0
472 0 0 0 0
473 0 0 0 0
474 0 0 0 0
475 0 0 0 0
476 0 0 0 0
477 0 0 0 0
478 0 0 0 0
479 0 0 0 0
480 0 0 0 0
481 0 0 0 0
482 0 0 0 0
483 0 0 0 0
484 0 0 0 0
485 0 0 0 0
486 0 0 0 0
487 0 0 0 0
488 0 0 0 0
489 0 0 0 0
490 0 0 0 0
491 0 0 0 0
492 0 0 0 0
493 0 0 0 0
494 0 0 0 0
495 0 0 0 0
496 0 0 0 0
497 0 0 0 0
498 0 0 0 0
499 0 0 0 0
500 0 0 0 0
501 0 0 0 0
502 0 0 0 0
503 0 0 0 0
504 0 0 0 0
505 0 0 0 0
506 0 0 0 0
507 0 0 0 0
508 0 0 0 0
509 0 0 0 0
510 0 0 0 0
511 0 0 0 0
512 0 0 0 0
513 0 0 0 0
514 0 0 0 0
515 0 0 0 0
516 0 0 0 0
517 0 0 0 0
518 0 0 0 0
519 0 0 0 0
520 0 0 0 0
521 0 0 0 0
522 0 0 0 0
523 0 0 0 0
524 0 0 0 0
525 0 0 0 0
526 0 0 0 0
527 0 0 0 0
528 0 0 0 0
529 0 0 0 0
530 0 0 0 0
531 0 0 0 0
532 0 0 0 0
533 0 0 0 0
534 0 0 0 0
535 0 0 0 0
536 0 0 0 0
537 0 0 0 0
538 0 0 0 0
539 0 0 0 0
540 0 0 0 0
541 0 0 0 0
542 0 0 0 0
543 0 0 0 0
544 0 0 0 0
545 0 0 0 0
546 0 0 0 0
547 0 0 0 0
548 0 0 0 0
549 0 0 0 0
550 0 0 0 0
551 0 0 0 0
552 0 0 0 0
553 0 0 0 0
554 0 0 0 0
555 0 0 0 0
556 0 0 0 0
557 0 0 0 0
558 0 0 0 0
559 0 0 0 0
560 0 0 0 0
561 0 0 0 0
562 0 0 0 0
563 0 0 0 0
564 0 0 0 0
565 0 0 0 0
566 0 0 0 0
567 0 0 0 0
568 0 0 0 0
569 0 0 0 0
570 0 0 0 0
571 0 0 0 0
572 0 0 0 0
573 0 0 0 0
574 0 0 0 0
575 0 0 0 0
576 0 0 0 0
577 0 0 0 0
578 0 0 0 0
579 0 0 0 0
580 0 0 0 0
581 0 0 0 0
582 0 0 0 0
583 0 0 0 0
584 0 0 0 0
585 0 0 0 0
586 0 0 0 0
587 0 0 0 0
588 0 0 0 0
589 0 0 0 0
590 0 0 0 0
591 0 0 0 0
592 0 0 0 0
593 0 0 0 0
594 0 0 0 0
595 0 0 0 0
596 0 0 0 0
597 0 0 0 0
598 0 0 0 0
599 0 0 0 0
600 0 0 0 0
601 0 0 0 0
602 0 0 0 0
603 0 0 0 0
604 0 0 0 0
605 0 0 0 0
606 0 0 0 0
607 0 0 0 0
608 0 0 0 0
609 0 0 0 0
610 0 0 0 0
611 0 0 0 0
612 0 0 0 0
613 0 0 0 0
614 0 0 0 0
615 0 0 0 0
616 0 0 0 0
617 0 0 0 0
618 0 0 0 0
619 0 0 0 0
620 0 0 0 0
621 0 0 0 0
622 0 0 0 0
623 0 0 0 0
624 0 0 0 0
625 0 0 0 0
626 0 0 0 0
627 0 0 0 0
628 0 0 0 0
629 0 0 0 0
630 0 0 0 0
631 0 0 0 0
632 0 0 0 0
633 0 0 0 0
634 0 0 0 0
635 0 0 0 0
636 0 0 0 0
637 0 0 0 0
638 0 0 0 0
639 0 0 0 0
640 0 0 0 0
641 0 0 0 0
642 0 0 0 0
643 0 0 0 0
644 0 0 0 0
645 0 0 0 0
646 0 0 0 0
647 0 0 0 0
648 0 0 0 0
649 0 0 0 0
650 0 0 0 0
651 0 0 0 0
652 0 0 0 0
653 0 0 0 0
654 0 0 0 0
655 0 0 0 0
656 0 0 0 0
657 0 0 0 0
658 0 0 0 0
659 0 0 0 0
660 0 0 0 0
661 0 0 0 0
662 0 0 0 0
663 0 0 0 0
664 0 0 0 0
665 0 0 0 0
666 0 0 0 0
667 0 0 0 0
668 0 0 0 0
669 0 0 0 0
670 0 0 0 0
671 0 0 0 0
672 0 0 0 0
673 0 0 0 0
674 0 0 0 0
675 0 0 0 0
676 0 0 0 0
677 0 0 0 0
678 0 0 0 0
679 0 0 0 0
680 0 0 0 0
681 0 0 0 0
682 0 0 0 0
683 0 0 0 0
684 0 0 0 0
685 0 0 0 0
686 0 0 0 0
687 0 0 0 0
688 0 0 0 0
689 0 0 0 0
690 0 0 0 0
691 0 0 0 0
692 0 0 0 0
693 0 0 0 0
694 0 0 0 0
695 0 0 0 0
696 0 0 0 0
697 0 0 0 0
698 0 0 0 0
699 0 0 0 0
700 0 0 0 0
701 0 0 0 0
702 0 0 0 0
703 0 0 0 0
704 0 0 0 0
705 0 0 0 0
706 0 0 0 0
707 0 0 0 0
708 0 0 0 0
709 0 0 0 0
710 0 0 0 0
711 0 0 0 0
712 0 0 0 0
713 0 0 0 0
714 0 0 0 0
715 0 0 0 0
716 0 0 0 0
717 0 0 0 0
718 0 0 0 0
719 0 0 0 0
720 0 0 0 0
721 0 0 0 0
722 0 0 0 0
723 0 0 0 0
724 0 0 0 0
725 0 0 0 0
726 0 0 0 0
727 0 0 0 0
