0 0 0 0 0
1 0 0 0 0
2 0 0 0 0
3 0 0 0 0
4 0 0 0 0
5 0 2 1 0
6 0 0 0 0
7 0 1 0 0
8 0 0 0 0
9 0 1 0 1
10 0 0 0 0
11 0 0 0 1
12 0 0 0 2
13 0 0 0 1
14 0 0 0 0
15 0 0 0 0
16 0 0 0 0
17 0 0 0 0
18 0 0 0 0
19 0 0 0 0
20 0 0 0 0
21 0 0 0 0
22 0 0 0 0
23 1 0 0 0
24 1 0 0 0
25 0 0 0 0
26 0 0 0 0
27 0 0 0 0
28 1 0 0 0
29 0 0 1 0
30 0 0 0 0
31 0 0 0 0
32 0 0 1 0
33 0 0 0 0
34 0 0 0 0
35 0 0 0 0
36 0 0 0 2
37 0 0 1 0
38 0 0 0 0
39 0 0 0 0
40 0 0 0 0
41 0 0 0 1
42 0 0 0 0
43 0 0 0 0
44 0 0 0 0
45 0 0 0 0
46 0 0 0 0
47 1 0 0 0
48 0 0 0 0
49 2 0 0 0
50 1 0 0 0
51 0 0 0 0
52 2 0 1 0
53 1 0 0 0
54 1 1 1 0
55 0 0 1 0
56 1 0 0 1
57 2 0 1 0
58 0 0 1 2
59 1 1 0 0
60 1 0 0 0
61 1 1 0 1
62 2 1 1 2
63 2 0 0 0
64 1 1 0 0
65 1 0 0 0
66 0 2 1 2
67 0 0 0 0
68 0 1 0 2
69 2 1 0 1
70 3 0 0 0
71 0 1 1 0
72 2 0 1 1
73 0 0 0 3
74 0 3 0 0
75 1 1 0 1
76 0 0 0 2
77 6 0 0 0
78 3 0 0 2
79 2 1 1 1
80 0 0 1 0
81 2 2 0 2
82 3 2 1 0
83 4 2 0 0
84 3 0 1 1
85 3 0 1 1
86 1 3 1 3
87 1 0 1 0
88 2 2 2 1
89 2 0 0 3
90 0 1 3 5
91 2 2 1 2
92 3 0 2 1
93 3 2 2 1
94 2 1 1 3
95 0 0 0 4
96 4 0 2 0
97 3 1 1 5
98 1 0 1 2
99 6 1 1 2
100 2 0 0 1
101 4 1 2 2
102 3 1 3 1
103 2 0 0 4
104 2 0 3 1
105 5 2 1 2
106 2 3 1 2
107 3 2 0 0
108 3 4 0 3
109 2 1 2 5
110 5 4 2 2
111 8 2 0 2
112 4 2 0 2
113 1 2 0 3
114 5 0 2 4
115 3 1 2 2
116 3 4 3 3
117 7 4 1 4
118 8 0 1 2
119 5 4 1 4
120 5 2 3 9
121 5 0 3 4
122 9 4 2 0
123 4 4 2 4
124 7 4 1 4
125 7 2 1 3
126 4 2 2 5
127 8 7 3 6
128 6 1 1 5
129 5 4 4 2
130 4 4 6 6
131 5 5 1 9
132 3 3 2 2
133 7 4 2 7
134 8 4 0 6
135 8 2 1 7
136 4 3 3 5
137 7 2 3 8
138 4 2 1 3
139 5 5 4 4
140 6 4 1 9
141 7 1 1 6
142 9 7 4 2
143 10 0 3 5
144 9 6 3 3
145 12 6 2 2
146 12 6 1 11
147 6 6 2 5
148 5 3 2 9
149 10 4 1 11
150 8 3 3 5
151 6 9 3 8
152 14 6 5 8
153 10 4 3 6
154 5 8 7 5
155 7 7 2 5
156 9 2 4 7
157 6 10 6 4
158 8 4 3 14
159 8 2 2 12
160 9 6 1 10
161 8 4 3 15
162 6 5 3 9
163 7 5 3 5
164 8 3 5 9
165 7 5 5 8
166 11 6 4 6
167 10 0 3 12
168 7 7 3 6
169 7 5 3 10
170 15 2 5 7
171 17 5 5 3
172 15 3 1 9
173 19 4 3 8
174 14 1 6 6
175 12 10 5 12
176 17 15 3 7
177 10 8 4 8
178 17 6 2 8
179 23 9 3 9
180 9 5 6 9
181 18 12 5 11
182 13 12 2 9
183 19 10 8 19
184 13 14 5 12
185 8 4 8 20
186 4 11 5 12
187 5 3 12 14
188 8 16 6 13
189 18 7 3 14
190 16 7 6 13
191 15 5 2 22
192 22 9 3 14
193 14 3 8 16
194 20 11 3 8
195 18 6 1 17
196 12 7 3 11
197 8 9 7 15
198 15 10 6 12
199 21 9 12 12
200 16 16 3 10
201 12 7 8 11
202 20 4 2 6
203 15 6 6 13
204 10 13 3 17
205 15 9 4 24
206 15 9 2 14
207 16 14 10 15
208 8 9 8 17
209 9 9 8 12
210 6 13 3 10
211 13 13 3 15
212 9 10 8 20
213 9 1 4 16
214 11 7 4 17
215 6 7 4 11
216 8 15 2 16
217 8 4 6 14
218 7 5 7 11
219 7 4 5 16
220 5 4 5 11
221 6 6 3 9
222 11 6 2 10
223 5 3 3 11
224 8 2 3 10
225 3 3 2 10
226 3 4 1 12
227 7 8 4 7
228 6 3 2 10
229 5 3 3 7
230 9 3 2 5
231 7 3 4 8
232 6 4 3 5
233 8 4 5 6
234 6 3 1 5
235 9 3 1 6
236 5 6 2 7
237 6 7 1 8
238 6 5 4 6
239 5 6 1 4
240 6 5 1 10
241 5 2 2 5
242 2 0 2 7
243 4 5 4 11
244 4 6 2 6
245 2 5 1 7
246 5 5 2 3
247 1 1 0 5
248 3 1 3 5
249 2 2 3 3
250 2 4 1 9
251 2 4 2 6
252 6 1 0 6
253 4 4 1 7
254 1 0 1 4
255 4 2 1 2
256 0 0 1 2
257 2 1 1 5
258 1 4 2 4
259 1 1 0 3
260 1 2 2 3
261 2 2 2 3
262 2 0 1 6
263 2 0 0 1
264 4 0 1 2
265 2 0 0 1
266 1 1 1 2
267 3 2 2 2
268 1 1 1 4
269 1 3 0 0
270 2 0 1 1
271 1 1 0 3
272 1 0 2 3
273 1 1 2 2
274 3 0 1 2
275 3 0 1 1
276 2 1 2 2
277 0 0 0 2
278 1 1 0 1
279 1 1 2 2
280 2 0 1 3
281 0 2 1 0
282 0 1 0 1
283 2 0 1 3
284 0 2 1 0
285 0 0 1 0
286 0 0 0 3
287 1 1 0 2
288 1 0 1 3
289 2 0 1 1
290 0 0 0 1
291 2 0 0 2
292 0 0 1 1
293 2 0 1 1
294 1 0 0 0
295 2 0 0 0
296 2 2 0 1
297 0 0 0 0
298 1 1 3 0
299 0 1 0 0
300 1 0 1 2
301 0 0 2 0
302 0 0 0 1
303 1 1 0 1
304 1 2 0 0
305 0 0 0 4
306 0 1 0 1
307 0 0 0 1
308 0 0 0 2
309 2 0 0 0
310 2 0 1 2
311 0 0 0 1
312 0 1 0 0
313 0 0 0 0
314 0 1 0 1
315 1 0 1 0
316 0 0 0 1
317 2 0 0 0
318 0 1 0 0
319 0 1 0 0
320 0 0 0 0
321 0 0 0 1
322 0 1 0 1
323 1 0 0 1
324 0 1 0 1
325 0 0 0 0
326 0 0 1 0
327 1 0 0 0
328 0 0 0 0
329 0 0 0 1
330 0 0 0 0
331 0 0 0 1
332 0 2 0 0
333 0 0 0 1
334 0 0 0 0
335 0 0 0 0
336 2 0 0 0
337 0 0 0 0
338 0 0 0 0
339 0 0 0 2
340 0 0 0 0
341 0 1 0 0
342 0 0 0 0
343 0 0 0 0
344 0 0 0 0
345 0 1 0 1
346 0 0 0 0
347 0 0 0 0
348 0 0 0 0
349 1 0 0 0
350 0 0 0 0
351 0 0 0 0
352 0 0 0 1
353 1 0 0 0
354 1 0 0 0
355 0 0 0 0
356 0 0 0 0
357 0 0 0 0
358 0 1 1 0
359 0 0 0 0
360 0 0 0 0
361 0 0 0 0
362 1 0 0 1
363 0 0 1 0
364 0 0 0 0
365 0 0 0 1
366 0 0 0 0
367 1 1 0 1
368 1 0 0 0
369 0 0 0 0
370 0 0 0 0
371 0 0 0 0
372 0 0 1 0
373 0 0 0 0
374 1 0 0 1
375 0 0 0 0
376 0 0 0 0
377 0 0 1 1
378 0 0 0 0
379 0 1 0 0
380 0 0 0 0
381 0 0 0 1
382 0 0 0 0
383 0 0 0 1
384 0 0 0 0
385 0 0 0 0
386 0 0 0 0
387 0 0 0 0
388 0 0 0 0
389 1 0 0 0
390 0 0 0 0
391 0 0 0 0
392 0 0 0 0
393 0 0 0 0
394 0 0 1 0
395 0 0 0 0
396 0 0 0 0
397 1 0 0 0
398 0 0 0 0
399 0 0 0 0
400 0 0 0 0
401 0 0 0 1
402 0 0 0 0
403 0 0 0 0
404 0 0 0 0
405 0 0 0 0
406 1 0 1 0
407 0 0 0 0
408 0 0 0 0
409 0 0 0 0
410 0 0 0 0
411 1 0 0 0
412 1 0 0 0
413 1 0 0 1
414 0 0 0 0
415 1 0 1 0
416 1 0 1 0
417 0 1 0 0
418 1 0 0 0
419 3 0 0 0
420 0 0 1 0
421 1 1 0 0
422 1 1 0 1
423 0 1 0 1
424 0 3 0 1
425 1 0 0 1
426 0 0 1 1
427 1 0 0 2
428 1 0 0 3
429 0 1 0 0
430 1 0 0 1
431 0 0 0 0
432 1 0 0 0
433 1 0 1 0
434 2 0 1 0
435 1 0 0 0
436 0 1 0 1
437 2 1 0 0
438 1 1 0 1
439 0 0 1 0
440 2 1 0 2
441 1 0 0 1
442 0 0 0 0
443 0 2 1 0
444 2 0 0 0
445 2 0 0 1
446 3 2 0 1
447 3 0 0 4
448 3 1 0 0
449 2 0 2 0
450 3 1 1 1
451 3 2 0 0
452 2 0 0 0
453 0 1 1 1
454 0 2 0 1
455 2 2 1 3
456 4 1 3 2
457 1 2 2 1
458 1 1 0 1
459 2 0 1 1
460 2 1 2 4
461 3 2 1 3
462 0 0 0 2
463 0 0 1 3
464 2 2 2 3
465 3 2 0 3
466 0 1 0 0
467 2 0 1 3
468 0 0 0 4
469 1 1 1 2
470 1 2 1 1
471 2 1 0 0
472 0 1 0 1
473 3 1 0 1
474 4 1 1 4
475 3 1 0 1
476 7 0 1 1
477 5 0 0 1
478 1 0 1 2
479 2 1 0 2
480 0 1 2 1
481 1 2 3 0
482 2 1 2 1
483 1 2 1 1
484 0 1 1 1
485 1 2 0 4
486 0 2 2 0
487 0 1 1 2
488 1 1 1 3
489 1 0 0 5
490 1 0 3 4
491 0 0 0 3
492 1 0 0 2
493 1 1 0 1
494 1 1 0 2
495 0 0 0 1
496 1 0 0 0
497 3 0 0 1
498 4 1 0 1
499 3 0 2 0
500 3 0 0 1
501 6 0 2 0
502 5 2 1 0
503 3 2 2 1
504 3 2 1 0
505 1 2 0 1
506 1 2 1 4
507 1 1 0 2
508 1 0 0 5
509 5 1 2 1
510 4 1 2 3
511 2 1 3 1
512 1 2 1 1
513 5 0 1 3
514 4 3 1 0
515 3 2 2 4
516 3 1 0 5
517 8 2 0 3
518 1 4 1 2
519 3 1 3 3
520 1 3 1 2
521 3 1 1 3
522 6 6 3 4
523 6 0 2 1
524 2 2 1 3
525 0 2 1 4
526 4 2 1 9
527 3 3 1 2
528 4 3 2 3
529 4 0 1 5
530 4 1 0 3
531 5 1 2 3
532 8 2 0 5
533 4 0 1 2
534 3 0 3 2
535 5 2 4 4
536 5 2 2 1
537 3 6 4 1
538 3 2 1 1
539 5 1 1 2
540 4 0 4 4
541 3 3 3 9
542 7 3 1 7
543 7 3 2 2
544 2 7 0 4
545 5 4 0 6
546 5 3 0 3
547 8 4 2 7
548 7 3 0 5
549 5 2 1 5
550 5 1 1 2
551 3 2 1 6
552 3 4 4 2
553 2 1 1 5
554 9 5 1 4
555 8 4 2 4
556 7 2 3 2
557 6 5 2 3
558 7 1 2 6
559 4 6 1 8
560 5 5 4 1
561 5 5 1 7
562 3 1 3 5
563 3 4 3 6
564 7 1 2 8
565 7 5 1 4
566 4 7 2 5
567 10 4 1 9
568 8 1 1 4
569 4 3 1 9
570 1 1 1 10
571 2 2 2 3
572 5 4 4 2
573 2 3 2 2
574 4 8 2 4
575 4 1 3 4
576 3 3 3 7
577 2 4 4 5
578 4 1 1 6
579 3 1 1 6
580 2 3 2 5
581 3 1 1 9
582 2 2 0 4
583 3 3 0 2
584 1 2 1 6
585 1 3 2 2
586 3 0 1 2
587 2 4 1 3
588 4 1 2 3
589 1 0 0 6
590 4 3 1 4
591 3 1 2 5
592 2 2 0 3
593 3 1 1 0
594 1 0 0 3
595 8 1 1 5
596 3 1 2 0
597 1 2 2 1
598 2 1 2 0
599 1 1 2 3
600 1 2 2 3
601 2 3 0 1
602 2 2 0 2
603 2 0 1 2
604 1 2 4 3
605 0 1 0 3
606 0 1 0 3
607 1 1 1 5
608 1 2 0 5
609 1 1 0 1
610 0 0 0 1
611 1 1 0 4
612 0 1 1 2
613 1 0 2 1
614 0 1 0 1
615 1 0 0 2
616 3 0 0 0
617 1 0 0 1
618 0 0 0 1
619 0 0 0 2
620 1 1 1 1
621 1 1 2 0
622 1 1 1 0
623 1 0 0 0
624 0 0 0 1
625 1 0 0 2
626 1 0 1 1
627 1 0 0 1
628 0 0 0 1
629 2 1 0 1
630 0 0 0 0
631 0 1 0 0
632 1 0 1 0
633 2 0 0 2
634 1 1 1 0
635 0 1 0 0
636 2 1 0 0
637 0 0 1 0
638 0 1 1 3
639 1 1 0 1
640 1 0 1 1
641 0 0 2 0
642 0 0 0 3
643 0 0 0 0
644 0 0 0 2
645 0 1 1 0
646 0 0 0 1
647 0 0 0 0
648 1 0 0 2
649 0 0 0 0
650 0 0 0 0
651 0 0 0 0
652 0 0 0 2
653 2 0 1 0
654 0 0 0 0
655 1 0 0 0
656 1 0 0 0
657 2 0 0 1
658 0 0 0 0
659 1 0 0 0
660 0 1 0 0
661 1 0 0 0
662 1 1 2 0
663 1 0 0 0
664 0 1 0 1
665 1 1 0 0
666 0 2 0 2
667 0 0 0 0
668 0 1 0 0
669 0 0 0 1
670 0 0 1 1
671 0 0 1 1
672 0 0 0 2
673 0 0 0 1
674 0 0 0 1
675 0 0 0 1
676 0 0 0 0
677 0 0 0 0
678 0 0 0 0
679 0 0 0 0
680 0 0 0 0
681 1 0 0 0
682 0 0 0 0
683 0 0 0 0
684 0 0 0 0
685 0 0 0 0
686 0 0 1 0
687 0 0 0 0
688 0 0 0 0
689 0 0 0 0
690 0 0 0 1
691 0 0 0 0
692 0 0 0 0
693 0 0 0 0
694 0 0 0 0
695 0 0 0 0
696 0 0 0 0
697 0 0 0 0
698 0 0 0 0
699 0 0 0 0
700 0 0 0 0
701 0 0 0 0
702 0 0 0 0
703 0 0 0 0
704 0 0 0 0
705 0 0 0 0
706 0 0 0 0
707 0 0 0 0
708 0 0 0 0
709 0 0 0 0
710 0 0 0 0
711 0 0 0 0
712 0 0 0 0
713 0 0 0 0
714 0 0 0 0
715 0 0 0 0
716 0 0 0 0
717 0 0 0 0
718 0 0 0 0
719 0 0 0 0
720 0 0 0 0
721 0 0 0 0
722 0 0 0 0
723 0 0 0 0
724 0 0 0 0
725 0 0 0 0
726 0 0 0 0
727 0 0 0 0
