0 0 0 0 0
1 0 0 0 0
2 0 0 0 0
3 0 0 0 0
4 0 0 0 0
5 0 1 1 0
6 0 0 0 0
7 0 0 0 0
8 0 0 0 0
9 0 1 2 0
10 0 0 0 0
11 0 0 0 0
12 0 0 0 2
13 0 0 0 2
14 0 0 0 0
15 0 0 0 0
16 1 0 0 1
17 1 0 0 0
18 0 0 0 0
19 0 0 0 0
20 0 0 0 0
21 2 0 0 0
22 0 0 0 0
23 1 0 0 0
24 1 0 0 0
25 0 1 0 0
26 1 0 1 0
27 0 0 0 0
28 3 1 0 0
29 0 1 0 1
30 1 2 0 1
31 0 0 0 0
32 0 0 0 1
33 0 2 0 0
34 0 0 0 1
35 0 1 1 1
36 0 0 0 1
37 0 0 1 1
38 1 0 0 0
39 0 0 0 0
40 0 0 0 1
41 1 0 0 0
42 0 0 0 2
43 1 1 0 0
44 0 0 0 1
45 1 0 0 0
46 0 0 1 0
47 0 0 0 1
48 2 0 0 0
49 0 0 0 0
50 1 0 0 0
51 1 1 0 0
52 2 1 0 0
53 1 2 0 1
54 3 0 0 0
55 2 0 0 1
56 1 1 0 0
57 3 0 0 1
58 2 1 0 0
59 2 0 2 1
60 0 1 0 1
61 1 2 1 0
62 0 0 1 0
63 0 3 0 2
64 0 2 1 0
65 0 1 0 2
66 1 2 0 1
67 1 0 0 2
68 2 0 0 4
69 2 0 0 0
70 2 1 0 3
71 0 1 0 2
72 2 1 0 2
73 1 0 0 0
74 0 2 1 1
75 2 0 1 1
76 1 0 0 0
77 3 1 2 0
78 1 0 0 2
79 6 1 0 2
80 4 1 0 0
81 4 1 0 4
82 2 0 1 0
83 2 0 0 0
84 0 2 1 1
85 1 1 1 0
86 2 3 1 2
87 3 1 0 0
88 2 2 1 1
89 3 2 1 2
90 4 2 2 2
91 1 2 1 4
92 5 2 0 1
93 3 0 1 3
94 5 0 3 3
95 1 1 1 5
96 3 1 2 3
97 4 2 1 1
98 1 2 1 3
99 4 4 2 2
100 3 0 0 2
101 2 4 0 1
102 4 3 2 3
103 2 2 1 5
104 0 1 2 2
105 6 3 0 2
106 4 1 3 6
107 5 1 1 1
108 3 0 1 4
109 2 1 1 4
110 5 3 1 3
111 5 2 1 2
112 3 3 1 2
113 1 1 1 5
114 2 1 4 5
115 4 1 3 2
116 3 4 1 2
117 4 2 0 1
118 3 2 0 2
119 2 3 1 5
120 3 1 1 5
121 1 0 2 5
122 5 1 0 4
123 8 2 1 2
124 5 4 1 1
125 2 3 1 2
126 6 3 2 3
127 7 3 1 1
128 3 3 1 4
129 4 1 2 3
130 5 1 0 6
131 5 2 3 6
132 1 4 3 3
133 5 4 1 5
134 8 3 1 0
135 9 5 2 3
136 5 5 2 5
137 4 1 0 6
138 5 2 4 6
139 8 3 2 6
140 6 4 4 4
141 5 3 1 0
142 4 2 1 5
143 6 5 2 9
144 4 4 0 6
145 6 4 2 6
146 6 0 4 6
147 8 3 1 7
148 4 7 4 3
149 4 2 3 3
150 5 2 2 7
151 10 2 2 4
152 6 4 2 6
153 8 2 2 5
154 6 4 2 2
155 6 2 4 9
156 6 5 2 5
157 8 1 3 3
158 11 6 0 6
159 13 3 1 6
160 10 4 6 8
161 6 6 3 4
162 10 5 5 4
163 10 8 5 7
164 11 5 8 7
165 10 4 1 13
166 12 1 3 5
167 14 2 4 17
168 13 7 3 9
169 14 12 3 10
170 13 9 0 3
171 9 8 6 7
172 15 6 5 9
173 11 5 6 12
174 18 6 6 6
175 9 9 2 7
176 14 8 4 12
177 15 11 4 12
178 13 8 3 15
179 14 6 10 12
180 12 6 2 9
181 12 7 4 10
182 15 7 4 8
183 13 9 4 19
184 11 8 5 13
185 12 6 9 15
186 13 8 6 7
187 9 10 8 11
188 15 10 4 12
189 10 5 2 18
190 18 8 5 13
191 19 6 5 13
192 13 8 6 14
193 16 14 3 9
194 13 6 8 18
195 19 4 10 11
196 13 4 8 13
197 19 10 2 19
198 13 7 3 10
199 14 9 11 13
200 18 9 7 13
201 19 11 6 16
202 14 16 2 13
203 19 4 3 14
204 15 12 9 12
205 11 5 6 17
206 10 9 8 20
207 15 6 9 12
208 11 11 7 21
209 10 7 7 15
210 15 10 8 10
211 10 8 3 13
212 13 7 9 15
213 14 8 8 19
214 11 2 6 20
215 11 15 3 9
216 11 5 4 16
217 10 9 3 13
218 10 8 8 13
219 4 10 1 17
220 10 9 3 10
221 12 3 6 11
222 10 4 7 16
223 7 6 2 9
224 9 4 5 11
225 2 7 6 13
226 8 4 5 16
227 7 8 5 4
228 9 3 3 12
229 8 2 6 7
230 9 4 2 10
231 11 5 5 8
232 8 2 4 8
233 9 5 4 8
234 5 2 5 15
235 11 6 3 11
236 6 4 3 8
237 7 5 4 7
238 1 3 1 10
239 8 3 3 5
240 3 3 7 6
241 7 6 4 9
242 4 5 5 9
243 4 2 1 5
244 5 3 7 5
245 8 3 1 9
246 0 6 2 10
247 5 1 1 10
248 4 4 3 7
249 3 0 3 4
250 1 4 2 3
251 4 1 2 8
252 4 4 0 8
253 2 1 3 8
254 4 3 4 3
255 5 0 1 5
256 6 2 0 3
257 5 2 2 5
258 6 0 1 3
259 2 1 2 2
260 5 3 1 4
261 3 3 2 6
262 4 3 2 2
263 2 6 2 2
264 4 4 1 4
265 2 2 5 5
266 4 3 0 3
267 0 4 1 4
268 3 2 0 4
269 1 2 2 7
270 4 2 1 5
271 3 1 1 7
272 3 0 1 3
273 2 1 0 4
274 1 1 0 3
275 2 3 1 3
276 1 1 0 3
277 2 2 3 2
278 2 2 1 1
279 2 1 1 2
280 0 4 0 2
281 2 0 0 3
282 0 2 0 3
283 1 2 0 1
284 2 0 0 6
285 2 1 0 1
286 1 2 0 2
287 2 0 0 1
288 1 2 0 0
289 1 0 0 1
290 2 1 0 3
291 0 1 0 0
292 1 1 1 4
293 0 2 2 0
294 2 1 1 0
295 0 1 1 0
296 1 1 0 0
297 1 1 0 2
298 2 0 0 3
299 3 0 1 4
300 4 0 0 3
301 2 1 0 1
302 0 0 0 0
303 2 2 0 2
304 0 1 2 0
305 1 0 0 1
306 2 1 0 0
307 1 0 2 0
308 0 2 0 2
309 1 1 2 0
310 0 0 1 3
311 0 1 0 2
312 0 0 1 1
313 0 0 0 3
314 0 2 0 1
315 0 1 0 1
316 0 1 0 1
317 0 0 0 1
318 0 0 0 1
319 0 0 0 1
320 0 0 0 1
321 0 0 0 2
322 0 0 0 0
323 1 0 0 0
324 0 0 0 0
325 0 0 0 0
326 1 0 0 0
327 1 0 0 0
328 0 1 0 0
329 2 0 0 0
330 0 0 0 0
331 0 0 0 0
332 0 1 0 1
333 0 0 0 0
334 0 1 1 0
335 0 1 0 0
336 0 0 0 1
337 0 0 0 0
338 0 0 0 0
339 0 0 0 0
340 0 0 0 0
341 0 0 0 2
342 0 0 0 1
343 0 0 0 0
344 0 0 0 0
345 0 0 0 0
346 0 0 0 0
347 0 0 0 0
348 0 0 0 0
349 0 0 0 0
350 0 0 0 0
351 0 0 0 0
352 0 0 0 0
353 0 0 0 0
354 0 0 0 0
355 0 0 0 0
356 0 0 0 0
357 0 0 0 0
358 0 0 0 0
359 0 0 0 0
360 0 0 0 0
361 0 0 0 0
362 0 0 0 0
363 0 0 0 0
364 0 0 0 0
365 0 0 0 0
366 0 0 0 0
367 0 0 0 0
368 0 0 0 0
369 0 0 0 0
370 0 0 0 0
371 0 0 0 0
372 0 0 0 0
373 0 0 0 0
374 0 0 0 0
375 0 0 0 0
376 0 0 0 0
377 0 0 0 0
378 0 0 0 0
379 0 0 0 0
380 0 0 0 0
381 0 0 0 0
382 0 0 0 0
383 0 0 0 0
384 0 0 0 0
385 0 0 0 0
386 0 0 0 0
387 0 0 0 0
388 0 0 0 0
389 0 0 0 0
390 0 0 0 0
391 0 0 0 0
392 0 0 0 0
393 0 0 0 0
394 0 0 0 0
395 0 0 0 0
396 0 0 0 0
397 0 0 0 0
398 0 0 0 0
399 0 0 0 0
400 0 0 0 0
401 0 0 0 0
402 0 0 0 0
403 0 0 0 0
404 0 0 0 0
405 0 0 0 0
406 0 0 0 0
407 0 0 0 0
408 0 0 0 0
409 0 0 0 0
410 0 0 0 0
411 0 0 0 0
412 0 0 0 0
413 0 0 0 0
414 0 0 0 0
415 0 0 0 0
416 0 0 0 0
417 0 0 0 0
418 0 0 0 0
419 0 0 0 0
420 0 0 0 0
421 0 0 0 0
422 0 0 0 0
423 0 0 0 0
424 0 0 0 0
425 0 0 0 0
426 0 0 0 0
427 0 0 0 0
428 0 0 0 0
429 0 0 0 0
430 0 0 0 0
431 0 0 0 0
432 0 0 0 0
433 0 0 0 0
434 0 0 0 0
435 0 0 0 0
436 0 0 0 0
437 0 0 0 0
438 0 0 0 0
439 0 0 0 0
440 0 0 0 0
441 0 0 0 0
442 0 0 0 0
443 0 0 0 0
444 0 0 0 0
445 0 0 0 0
446 0 0 0 0
447 0 0 0 0
448 0 0 0 0
449 0 0 0 0
450 0 0 0 0
451 0 0 0 0
452 0 0 0 0
453 0 0 0 0
454 0 0 0 0
455 0 0 0 0
456 0 0 0 0
457 0 0 0 0
458 0 0 0 0
459 0 0 0 0
460 0 0 0 0
461 0 0 0 0
462 0 0 0 0
463 0 0 0 0
464 0 0 0 0
465 0 0 0 0
466 0 0 0 0
467 0 0 0 0
468 0 0 0 0
469 0 0 0 0
470 0 0 0 0
471 0 0 0 0
472 0 0 0 0
473 0 0 0 0
474 0 0 0 0
475 0 0 0 0
476 0 0 0 0
477 0 0 0 0
478 0 0 0 0
479 0 0 0 0
480 0 0 0 0
481 0 0 0 0
482 0 0 0 0
483 0 0 0 0
484 0 0 0 0
485 0 0 0 0
486 0 0 0 0
487 0 0 0 0
488 0 0 0 0
489 0 0 0 0
490 0 0 0 0
491 0 0 0 0
492 0 0 0 0
493 0 0 0 0
494 0 0 0 0
495 0 0 0 0
496 0 0 0 0
497 0 0 0 0
498 0 0 0 0
499 0 0 0 0
500 0 0 0 0
501 0 0 0 0
502 0 0 0 0
503 0 0 0 0
504 0 0 0 0
505 0 0 0 0
506 0 0 0 0
507 0 0 0 0
508 0 0 0 0
509 0 0 0 0
510 0 0 0 0
511 0 0 0 0
512 0 0 0 0
513 0 0 0 0
514 0 0 0 0
515 0 0 0 0
516 0 0 0 0
517 0 0 0 0
518 0 0 0 0
519 0 0 0 0
520 0 0 0 0
521 0 0 0 0
522 0 0 0 0
523 0 0 0 0
524 0 0 0 0
525 0 0 0 0
526 0 0 0 0
527 0 0 0 0
528 0 0 0 0
529 0 0 0 0
530 0 0 0 0
531 0 0 0 0
532 0 0 0 0
533 0 0 0 0
534 0 0 0 0
535 0 0 0 0
536 0 0 0 0
537 0 0 0 0
538 0 0 0 0
539 0 0 0 0
540 0 0 0 0
541 0 0 0 0
542 0 0 0 0
543 0 0 0 0
544 0 0 0 0
545 0 0 0 0
546 0 0 0 0
547 0 0 0 0
548 0 0 0 0
549 0 0 0 0
550 0 0 0 0
551 0 0 0 0
552 0 0 0 0
553 0 0 0 0
554 0 0 0 0
555 0 0 0 0
556 0 0 0 0
557 0 0 0 0
558 0 0 0 0
559 0 0 0 0
560 0 0 0 0
561 0 0 0 0
562 0 0 0 0
563 0 0 0 0
564 0 0 0 0
565 0 0 0 0
566 0 0 0 0
567 0 0 0 0
568 0 0 0 0
569 0 0 0 0
570 0 0 0 0
571 0 0 0 0
572 0 0 0 0
573 0 0 0 0
574 0 0 0 0
575 0 0 0 0
576 0 0 0 0
577 0 0 0 0
578 0 0 0 0
579 0 0 0 0
580 0 0 0 0
581 0 0 0 0
582 0 0 0 0
583 0 0 0 0
584 0 0 0 0
585 0 0 0 0
586 0 0 0 0
587 0 0 0 0
588 0 0 0 0
589 0 0 0 0
590 0 0 0 0
591 0 0 0 0
592 0 0 0 0
593 0 0 0 0
594 0 0 0 0
595 0 0 0 0
596 0 0 0 0
597 0 0 0 0
598 0 0 0 0
599 0 0 0 0
600 0 0 0 0
601 0 0 0 0
602 0 0 0 0
603 0 0 0 0
604 0 0 0 0
605 0 0 0 0
606 0 0 0 0
607 0 0 0 0
608 0 0 0 0
609 0 0 0 0
610 0 0 0 0
611 0 0 0 0
612 0 0 0 0
613 0 0 0 0
614 0 0 0 0
615 0 0 0 0
616 0 0 0 0
617 0 0 0 0
618 0 0 0 0
619 0 0 0 0
620 0 0 0 0
621 0 0 0 0
622 0 0 0 0
623 0 0 0 0
624 0 0 0 0
625 0 0 0 0
626 0 0 0 0
627 0 0 0 0
628 0 0 0 0
629 0 0 0 0
630 0 0 0 0
631 0 0 0 0
632 0 0 0 0
633 0 0 0 0
634 0 0 0 0
635 0 0 0 0
636 0 0 0 0
637 0 0 0 0
638 0 0 0 0
639 0 0 0 0
640 0 0 0 0
641 0 0 0 0
642 0 0 0 0
643 0 0 0 0
644 0 0 0 0
645 0 0 0 0
646 0 0 0 0
647 0 0 0 0
648 0 0 0 0
649 0 0 0 0
650 0 0 0 0
651 0 0 0 0
652 0 0 0 0
653 0 0 0 0
654 0 0 0 0
655 0 0 0 0
656 0 0 0 0
657 0 0 0 0
658 0 0 0 0
659 0 0 0 0
660 0 0 0 0
661 0 0 0 0
662 0 0 0 0
663 0 0 0 0
664 0 0 0 0
665 0 0 0 0
666 0 0 0 0
667 0 0 0 0
668 0 0 0 0
669 0 0 0 0
670 0 0 0 0
671 0 0 0 0
672 0 0 0 0
673 0 0 0 0
674 0 0 0 0
675 0 0 0 0
676 0 0 0 0
677 0 0 0 0
678 0 0 0 0
679 0 0 0 0
680 0 0 0 0
681 0 0 0 0
682 0 0 0 0
683 0 0 0 0
684 0 0 0 0
685 0 0 0 0
686 0 0 0 0
687 0 0 0 0
688 0 0 0 0
689 0 0 0 0
690 0 0 0 0
691 0 0 0 0
692 0 0 0 0
693 0 0 0 0
694 0 0 0 0
695 0 0 0 0
696 0 0 0 0
697 0 0 0 0
698 0 0 0 0
699 0 0 0 0
700 0 0 0 0
701 0 0 0 0
702 0 0 0 0
703 0 0 0 0
704 0 0 0 0
705 0 0 0 0
706 0 0 0 0
707 0 0 0 0
708 0 0 0 0
709 0 0 0 0
710 0 0 0 0
711 0 0 0 0
712 0 0 0 0
713 0 0 0 0
714 0 0 0 0
715 0 0 0 0
716 0 0 0 0
717 0 0 0 0
718 0 0 0 0
719 0 0 0 0
720 0 0 0 0
721 0 0 0 0
722 0 0 0 0
723 0 0 0 0
724 0 0 0 0
725 0 0 0 0
726 0 0 0 0
727 0 0 0 0
