0 0 0 0 0
1 0 0 0 0
2 0 0 0 0
3 0 0 0 0
4 0 0 0 0
5 0 3 0 0
6 0 0 0 0
7 0 0 0 0
8 0 0 0 0
9 0 1 1 1
10 0 0 0 0
11 0 0 0 0
12 0 0 0 2
13 0 0 0 1
14 0 0 0 0
15 0 0 0 0
16 0 0 0 1
17 0 0 0 0
18 0 0 0 0
19 1 0 0 0
20 0 0 0 0
21 0 0 0 0
22 0 0 0 0
23 1 0 0 0
24 0 1 0 0
25 2 0 0 0
26 1 0 0 0
27 1 0 0 0
28 0 0 0 0
29 1 0 0 0
30 1 1 1 0
31 2 0 0 1
32 0 1 0 0
33 0 0 0 0
34 1 1 0 1
35 0 1 0 0
36 2 1 0 0
37 1 0 0 1
38 1 0 1 1
39 1 1 0 1
40 1 1 0 1
41 1 0 1 0
42 1 1 0 2
43 1 0 2 0
44 1 0 0 0
45 1 0 1 1
46 2 1 0 1
47 2 0 0 1
48 0 0 1 0
49 3 0 2 2
50 1 0 1 2
51 0 2 1 0
52 0 2 1 0
53 4 0 0 3
54 2 0 0 0
55 0 0 0 2
56 1 1 0 1
57 2 0 0 1
58 2 3 0 2
59 3 2 2 2
60 0 0 0 1
61 2 1 0 0
62 2 2 1 2
63 2 1 1 2
64 3 0 2 0
65 2 0 0 2
66 6 1 2 4
67 3 2 0 1
68 1 1 0 2
69 3 0 1 1
70 5 2 0 2
71 6 3 1 2
72 3 3 1 0
73 5 1 2 2
74 3 2 0 2
75 4 3 0 4
76 5 2 2 0
77 2 1 1 2
78 5 2 4 4
79 5 3 3 2
80 1 5 1 5
81 2 2 0 2
82 0 1 1 4
83 1 4 1 6
84 2 2 1 2
85 2 1 3 5
86 4 1 1 4
87 4 1 0 7
88 2 3 0 2
89 5 1 0 5
90 4 1 2 4
91 4 1 1 2
92 7 2 1 2
93 5 2 0 2
94 11 2 1 1
95 6 2 3 2
96 5 4 1 1
97 4 4 2 3
98 7 3 1 1
99 4 5 4 4
100 6 1 3 5
101 5 2 2 8
102 6 2 5 6
103 5 2 3 5
104 3 7 2 3
105 5 4 0 4
106 7 1 3 11
107 4 5 3 5
108 6 1 2 6
109 7 1 3 2
110 7 1 3 3
111 5 4 1 7
112 6 1 2 5
113 5 3 4 6
114 7 5 2 9
115 6 3 4 2
116 4 3 3 4
117 10 3 2 4
118 5 4 3 7
119 10 1 6 7
120 6 5 2 8
121 15 2 1 7
122 8 3 4 3
123 7 3 3 7
124 7 4 4 6
125 9 7 1 5
126 6 7 6 7
127 9 4 4 8
128 7 4 3 8
129 9 1 3 8
130 9 8 7 4
131 10 4 2 7
132 9 6 4 5
133 7 6 3 13
134 15 4 0 9
135 8 2 3 8
136 8 5 4 5
137 9 5 2 11
138 11 4 6 6
139 5 9 8 6
140 8 3 3 9
141 10 2 4 6
142 12 9 1 12
143 13 6 3 16
144 10 5 2 4
145 13 5 4 4
146 14 6 1 11
147 13 10 5 10
148 7 7 4 9
149 15 3 4 11
150 10 7 4 6
151 9 10 2 9
152 12 8 4 14
153 12 5 6 5
154 12 9 6 12
155 13 7 6 12
156 20 6 3 12
157 18 7 5 10
158 14 7 4 10
159 17 8 5 14
160 13 9 2 9
161 11 11 7 15
162 14 10 8 12
163 10 6 5 18
164 11 10 5 10
165 10 8 6 15
166 15 7 9 11
167 20 11 2 10
168 19 9 5 12
169 18 9 5 20
170 8 6 3 14
171 15 7 6 15
172 16 9 7 11
173 16 11 5 12
174 15 11 5 12
175 11 8 6 13
176 15 10 7 19
177 18 11 7 14
178 17 5 10 15
179 16 7 2 13
180 20 3 5 17
181 20 9 3 16
182 26 6 14 11
183 23 12 12 10
184 17 10 4 14
185 20 9 11 18
186 29 10 4 16
187 22 11 3 16
188 25 11 12 15
189 23 11 10 19
190 27 12 6 23
191 26 19 11 13
192 24 9 7 23
193 27 11 10 20
194 20 15 13 15
195 14 20 6 27
196 21 19 8 14
197 23 16 6 24
198 24 13 7 26
199 20 14 12 18
200 22 10 8 25
201 20 17 10 26
202 26 14 9 21
203 17 15 11 24
204 15 7 6 21
205 16 16 5 28
206 17 21 3 24
207 11 14 15 16
208 13 9 9 23
209 14 12 7 21
210 9 5 8 23
211 12 9 6 19
212 6 14 5 24
213 14 8 4 27
214 11 7 9 23
215 6 9 5 11
216 13 6 3 18
217 11 6 5 12
218 11 10 3 21
219 10 5 3 13
220 5 8 2 8
221 9 5 4 10
222 13 9 4 12
223 8 13 3 11
224 5 6 3 9
225 7 4 4 12
226 4 4 4 17
227 4 6 3 14
228 6 6 2 10
229 11 3 2 2
230 8 6 5 12
231 11 6 3 8
232 2 6 1 14
233 9 3 2 5
234 5 9 3 11
235 3 3 5 6
236 4 3 2 8
237 6 3 1 7
238 5 1 4 11
239 3 4 1 8
240 4 3 4 3
241 4 2 2 7
242 4 6 3 7
243 3 3 2 7
244 8 2 1 5
245 3 4 0 4
246 2 2 2 7
247 2 1 2 8
248 2 1 4 4
249 3 5 4 6
250 1 2 2 4
251 2 2 3 4
252 3 1 0 3
253 3 2 1 4
254 0 1 1 2
255 2 0 1 4
256 1 2 1 7
257 0 2 0 4
258 6 3 1 3
259 3 0 0 0
260 2 0 1 4
261 2 1 1 3
262 4 0 1 3
263 2 2 1 1
264 2 1 1 3
265 2 1 1 2
266 2 1 0 0
267 1 5 3 1
268 0 1 2 2
269 2 1 1 2
270 1 2 0 3
271 1 0 2 7
272 1 1 0 2
273 0 1 0 1
274 0 1 1 3
275 0 0 1 5
276 0 0 1 2
277 0 1 0 0
278 1 0 1 1
279 0 0 0 0
280 0 0 0 2
281 1 0 0 2
282 1 0 0 2
283 0 0 0 0
284 1 0 0 0
285 0 0 0 0
286 0 0 1 0
287 0 2 0 0
288 1 0 0 0
289 0 0 0 0
290 1 0 0 1
291 0 0 1 2
292 0 0 0 0
293 0 1 0 0
294 1 0 0 0
295 0 0 0 1
296 0 0 0 0
297 0 0 0 1
298 0 0 0 0
299 2 2 0 0
300 0 0 0 0
301 0 0 0 0
302 0 0 0 0
303 0 0 0 1
304 0 1 1 0
305 1 0 0 0
306 0 0 0 1
307 0 0 0 0
308 0 0 0 2
309 0 0 0 0
310 0 1 0 0
311 0 0 0 0
312 0 0 0 0
313 0 0 0 0
314 0 0 0 0
315 0 0 0 0
316 0 0 0 0
317 0 0 0 1
318 0 0 0 0
319 0 0 0 0
320 0 0 0 0
321 0 0 0 0
322 0 0 0 0
323 0 0 0 0
324 0 0 0 0
325 0 0 0 0
326 0 0 0 0
327 0 0 0 0
328 0 0 0 0
329 0 0 0 0
330 0 0 0 0
331 0 0 0 0
332 0 0 0 0
333 0 0 0 0
334 0 0 0 0
335 0 0 0 0
336 0 0 0 0
337 0 0 0 0
338 0 0 0 0
339 0 0 0 0
340 0 0 0 0
341 0 0 0 0
342 0 0 0 0
343 0 0 0 0
344 0 0 0 0
345 0 0 0 0
346 0 0 0 0
347 0 0 0 0
348 0 0 0 0
349 0 0 0 0
350 0 0 0 0
351 0 0 0 0
352 0 0 0 0
353 0 0 0 0
354 0 0 0 0
355 0 0 0 0
356 0 0 0 0
357 0 0 0 0
358 0 0 0 0
359 0 0 0 0
360 0 0 0 0
361 0 0 0 0
362 0 0 0 0
363 0 0 0 0
364 0 0 0 0
365 0 0 0 0
366 0 0 0 0
367 0 0 0 0
368 0 0 0 0
369 0 0 0 0
370 0 0 0 0
371 0 0 0 0
372 0 0 0 0
373 0 0 0 0
374 0 0 0 0
375 0 0 0 0
376 0 0 0 0
377 0 0 0 0
378 0 0 0 0
379 0 0 0 0
380 0 0 0 0
381 0 0 0 0
382 0 0 0 0
383 0 0 0 0
384 0 0 0 0
385 0 0 0 0
386 0 0 0 0
387 0 0 0 0
388 0 0 0 0
389 0 0 0 0
390 0 0 0 0
391 0 0 0 0
392 0 0 0 0
393 0 0 0 0
394 0 0 0 0
395 0 0 0 0
396 0 0 0 0
397 0 0 0 0
398 0 0 0 0
399 0 0 0 0
400 0 0 0 0
401 0 0 0 0
402 0 0 0 0
403 0 0 0 0
404 0 0 0 0
405 0 0 0 0
406 0 0 0 0
407 0 0 0 0
408 0 0 0 0
409 0 0 0 0
410 0 0 0 0
411 0 0 0 0
412 0 0 0 0
413 0 0 0 0
414 0 0 0 0
415 0 0 0 0
416 0 0 0 0
417 0 0 0 0
418 0 0 0 0
419 0 0 0 0
420 0 0 0 0
421 0 0 0 0
422 0 0 0 0
423 0 0 0 0
424 0 0 0 0
425 0 0 0 0
426 0 0 0 0
427 0 0 0 0
428 0 0 0 0
429 0 0 0 0
430 0 0 0 0
431 0 0 0 0
432 0 0 0 0
433 0 0 0 0
434 0 0 0 0
435 0 0 0 0
436 0 0 0 0
437 0 0 0 0
438 0 0 0 0
439 0 0 0 0
440 0 0 0 0
441 0 0 0 0
442 0 0 0 0
443 0 0 0 0
444 0 0 0 0
445 0 0 0 0
446 0 0 0 0
447 0 0 0 0
448 0 0 0 0
449 0 0 0 0
450 0 0 0 0
451 0 0 0 0
452 0 0 0 0
453 0 0 0 0
454 0 0 0 0
455 0 0 0 0
456 0 0 0 0
457 0 0 0 0
458 0 0 0 0
459 0 0 0 0
460 0 0 0 0
461 0 0 0 0
462 0 0 0 0
463 0 0 0 0
464 0 0 0 0
465 0 0 0 0
466 0 0 0 0
467 0 0 0 0
468 0 0 0 0
469 0 0 0 0
470 0 0 0 0
471 0 0 0 0
472 0 0 0 0
473 0 0 0 0
474 0 0 0 0
475 0 0 0 0
476 0 0 0 0
477 0 0 0 0
478 0 0 0 0
479 0 0 0 0
480 0 0 0 0
481 0 0 0 0
482 0 0 0 0
483 0 0 0 0
484 0 0 0 0
485 0 0 0 0
486 0 0 0 0
487 0 0 0 0
488 0 0 0 0
489 0 0 0 0
490 0 0 0 0
491 0 0 0 0
492 0 0 0 0
493 0 0 0 0
494 0 0 0 0
495 0 0 0 0
496 0 0 0 0
497 0 0 0 0
498 0 0 0 0
499 0 0 0 0
500 0 0 0 0
501 0 0 0 0
502 0 0 0 0
503 0 0 0 0
504 0 0 0 0
505 0 0 0 0
506 0 0 0 0
507 0 0 0 0
508 0 0 0 0
509 0 0 0 0
510 0 0 0 0
511 0 0 0 0
512 0 0 0 0
513 0 0 0 0
514 0 0 0 0
515 0 0 0 0
516 0 0 0 0
517 0 0 0 0
518 0 0 0 0
519 0 0 0 0
520 0 0 0 0
521 0 0 0 0
522 0 0 0 0
523 0 0 0 0
524 0 0 0 0
525 0 0 0 0
526 0 0 0 0
527 0 0 0 0
528 0 0 0 0
529 0 0 0 0
530 0 0 0 0
531 0 0 0 0
532 0 0 0 0
533 0 0 0 0
534 0 0 0 0
535 0 0 0 0
536 0 0 0 0
537 0 0 0 0
538 0 0 0 0
539 0 0 0 0
540 0 0 0 0
541 0 0 0 0
542 0 0 0 0
543 0 0 0 0
544 0 0 0 0
545 0 0 0 0
546 0 0 0 0
547 0 0 0 0
548 0 0 0 0
549 0 0 0 0
550 0 0 0 0
551 0 0 0 0
552 0 0 0 0
553 0 0 0 0
554 0 0 0 0
555 0 0 0 0
556 0 0 0 0
557 0 0 0 0
558 0 0 0 0
559 0 0 0 0
560 0 0 0 0
561 0 0 0 0
562 0 0 0 0
563 0 0 0 0
564 0 0 0 0
565 0 0 0 0
566 0 0 0 0
567 0 0 0 0
568 0 0 0 0
569 0 0 0 0
570 0 0 0 0
571 0 0 0 0
572 0 0 0 0
573 0 0 0 0
574 0 0 0 0
575 0 0 0 0
576 0 0 0 0
577 0 0 0 0
578 0 0 0 0
579 0 0 0 0
580 0 0 0 0
581 0 0 0 0
582 0 0 0 0
583 0 0 0 0
584 0 0 0 0
585 0 0 0 0
586 0 0 0 0
587 0 0 0 0
588 0 0 0 0
589 0 0 0 0
590 0 0 0 0
591 0 0 0 0
592 0 0 0 0
593 0 0 0 0
594 0 0 0 0
595 0 0 0 0
596 0 0 0 0
597 0 0 0 0
598 0 0 0 0
599 0 0 0 0
600 0 0 0 0
601 0 0 0 0
602 0 0 0 0
603 0 0 0 0
604 0 0 0 0
605 0 0 0 0
606 0 0 0 0
607 0 0 0 0
608 0 0 0 0
609 0 0 0 0
610 0 0 0 0
611 0 0 0 0
612 0 0 0 0
613 0 0 0 0
614 0 0 0 0
615 0 0 0 0
616 0 0 0 0
617 0 0 0 0
618 0 0 0 0
619 0 0 0 0
620 0 0 0 0
621 0 0 0 0
622 0 0 0 0
623 0 0 0 0
624 0 0 0 0
625 0 0 0 0
626 0 0 0 0
627 0 0 0 0
628 0 0 0 0
629 0 0 0 0
630 0 0 0 0
631 0 0 0 0
632 0 0 0 0
633 0 0 0 0
634 0 0 0 0
635 0 0 0 0
636 0 0 0 0
637 0 0 0 0
638 0 0 0 0
639 0 0 0 0
640 0 0 0 0
641 0 0 0 0
642 0 0 0 0
643 0 0 0 0
644 0 0 0 0
645 0 0 0 0
646 0 0 0 0
647 0 0 0 0
648 0 0 0 0
649 0 0 0 0
650 0 0 0 0
651 0 0 0 0
652 0 0 0 0
653 0 0 0 0
654 0 0 0 0
655 0 0 0 0
656 0 0 0 0
657 0 0 0 0
658 0 0 0 0
659 0 0 0 0
660 0 0 0 0
661 0 0 0 0
662 0 0 0 0
663 0 0 0 0
664 0 0 0 0
665 0 0 0 0
666 0 0 0 0
667 0 0 0 0
668 0 0 0 0
669 0 0 0 0
670 0 0 0 0
671 0 0 0 0
672 0 0 0 0
673 0 0 0 0
674 0 0 0 0
675 0 0 0 0
676 0 0 0 0
677 0 0 0 0
678 0 0 0 0
679 0 0 0 0
680 0 0 0 0
681 0 0 0 0
682 0 0 0 0
683 0 0 0 0
684 0 0 0 0
685 0 0 0 0
686 0 0 0 0
687 0 0 0 0
688 0 0 0 0
689 0 0 0 0
690 0 0 0 0
691 0 0 0 0
692 0 0 0 0
693 0 0 0 0
694 0 0 0 0
695 0 0 0 0
696 0 0 0 0
697 0 0 0 0
698 0 0 0 0
699 0 0 0 0
700 0 0 0 0
701 0 0 0 0
702 0 0 0 0
703 0 0 0 0
704 0 0 0 0
705 0 0 0 0
706 0 0 0 0
707 0 0 0 0
708 0 0 0 0
709 0 0 0 0
710 0 0 0 0
711 0 0 0 0
712 0 0 0 0
713 0 0 0 0
714 0 0 0 0
715 0 0 0 0
716 0 0 0 0
717 0 0 0 0
718 0 0 0 0
719 0 0 0 0
720 0 0 0 0
721 0 0 0 0
722 0 0 0 0
723 0 0 0 0
724 0 0 0 0
725 0 0 0 0
726 0 0 0 0
727 0 0 0 0
