0 0 0 0 0
1 0 0 0 0
2 0 0 0 0
3 0 0 0 0
4 0 0 0 0
5 0 0 3 0
6 0 0 0 0
7 0 0 0 0
8 0 0 0 0
9 0 2 0 2
10 0 0 0 0
11 0 0 0 0
12 0 0 0 1
13 0 0 0 1
14 0 0 0 0
15 0 0 0 0
16 0 0 0 1
17 1 0 0 0
18 1 0 0 0
19 0 0 0 0
20 1 0 0 0
21 1 0 0 0
22 3 0 0 0
23 1 0 0 0
24 1 0 0 0
25 2 0 0 0
26 1 1 1 0
27 1 1 3 0
28 1 0 0 0
29 0 2 0 0
30 0 2 0 1
31 0 0 0 2
32 1 1 0 0
33 2 0 0 2
34 0 0 0 2
35 1 1 1 0
36 0 1 0 1
37 1 0 0 2
38 0 1 0 0
39 2 0 1 2
40 2 1 0 1
41 1 1 0 0
42 0 0 0 2
43 1 0 0 0
44 1 1 1 1
45 1 0 0 1
46 1 2 0 1
47 0 0 0 0
48 0 0 0 0
49 0 3 0 0
50 1 0 1 2
51 1 0 1 2
52 3 1 0 0
53 0 0 0 2
54 1 0 0 1
55 1 0 1 0
56 0 0 0 2
57 0 0 0 0
58 1 0 0 1
59 2 0 0 0
60 2 0 1 0
61 1 0 3 0
62 2 0 0 1
63 4 1 1 0
64 2 2 1 1
65 0 0 1 2
66 0 0 0 0
67 1 0 0 0
68 3 2 0 3
69 1 1 1 1
70 1 0 1 2
71 2 1 1 0
72 2 1 1 1
73 1 3 0 1
74 5 1 0 0
75 4 1 0 4
76 1 1 2 2
77 1 0 1 3
78 2 0 1 1
79 1 2 1 1
80 3 3 0 4
81 4 3 1 1
82 3 0 0 1
83 3 1 3 3
84 2 0 1 3
85 9 0 0 4
86 1 1 1 0
87 2 0 1 4
88 6 0 1 1
89 4 3 0 0
90 2 5 4 3
91 4 1 1 0
92 1 1 2 2
93 4 4 4 0
94 1 4 2 5
95 3 1 0 2
96 3 1 1 5
97 1 0 1 9
98 5 2 2 5
99 1 3 1 2
100 0 1 2 5
101 3 1 1 2
102 5 0 1 1
103 5 1 1 3
104 7 3 0 1
105 4 1 1 4
106 2 3 1 2
107 4 1 3 3
108 2 2 0 3
109 6 2 2 3
110 3 0 2 4
111 3 3 2 2
112 3 4 1 2
113 4 2 0 3
114 6 2 5 2
115 7 0 1 2
116 4 2 0 4
117 4 1 2 4
118 7 2 3 5
119 4 6 2 3
120 8 4 2 2
121 9 2 3 7
122 5 2 2 2
123 4 2 3 5
124 3 5 0 4
125 8 5 1 5
126 7 2 5 5
127 8 2 2 5
128 10 3 1 4
129 7 3 1 7
130 9 4 3 5
131 4 4 3 5
132 11 2 5 5
133 9 4 2 9
134 11 4 5 7
135 7 6 2 4
136 7 3 1 3
137 4 5 4 7
138 9 7 2 9
139 7 4 5 8
140 10 2 2 4
141 7 8 4 8
142 6 3 4 7
143 15 8 4 7
144 12 2 4 7
145 3 6 2 11
146 17 4 1 5
147 13 2 4 8
148 15 5 4 10
149 6 5 5 13
150 13 4 2 7
151 7 8 6 5
152 14 12 6 6
153 18 10 5 12
154 14 3 3 7
155 8 9 6 13
156 12 9 5 11
157 12 6 8 13
158 12 6 6 10
159 14 8 4 16
160 22 3 3 9
161 17 5 4 10
162 15 8 6 13
163 12 7 6 13
164 12 6 4 7
165 9 13 6 14
166 17 9 6 14
167 20 8 2 8
168 14 9 4 11
169 14 5 8 18
170 15 8 5 15
171 14 4 13 11
172 18 13 9 18
173 18 10 7 13
174 21 6 2 14
175 14 11 5 12
176 16 9 5 12
177 24 7 7 17
178 17 11 10 12
179 23 8 6 27
180 22 6 5 13
181 28 10 7 12
182 14 9 12 12
183 26 19 8 14
184 28 15 7 15
185 16 12 10 23
186 20 13 6 19
187 19 5 6 13
188 22 16 9 16
189 19 17 11 20
190 12 21 4 31
191 26 14 7 16
192 21 12 8 25
193 18 11 8 24
194 15 13 4 22
195 29 7 10 21
196 19 19 10 21
197 22 11 11 18
198 20 10 12 18
199 18 9 2 14
200 19 14 14 32
201 13 12 7 23
202 20 10 9 22
203 20 11 6 16
204 26 13 6 24
205 18 12 5 18
206 13 12 8 16
207 16 13 6 18
208 12 11 8 20
209 8 12 11 18
210 15 10 6 23
211 9 10 6 23
212 14 14 8 14
213 12 11 5 18
214 9 8 5 13
215 13 6 9 25
216 15 4 6 21
217 11 8 6 16
218 8 6 4 11
219 9 8 2 20
220 11 7 4 17
221 6 9 6 12
222 10 6 4 9
223 8 6 2 9
224 6 14 1 12
225 9 6 7 15
226 8 5 2 11
227 8 6 3 13
228 7 3 3 16
229 7 3 5 11
230 9 10 4 5
231 6 5 3 11
232 8 4 3 10
233 8 8 3 9
234 5 2 2 7
235 5 6 2 7
236 7 3 4 5
237 12 3 0 16
238 1 5 2 6
239 1 1 4 8
240 5 6 2 9
241 6 5 2 5
242 3 5 5 9
243 1 2 1 6
244 5 2 1 3
245 4 6 2 7
246 3 3 6 7
247 1 1 1 6
248 2 1 0 3
249 3 2 3 7
250 3 1 3 8
251 2 3 0 4
252 0 1 0 5
253 4 2 3 6
254 4 1 1 5
255 5 3 2 4
256 2 0 0 1
257 1 0 1 1
258 4 1 2 3
259 5 0 2 3
260 2 3 2 3
261 1 1 1 0
262 2 1 3 7
263 1 4 1 1
264 4 5 0 3
265 1 0 1 1
266 1 0 1 4
267 3 2 1 5
268 2 2 0 4
269 0 2 1 2
270 2 1 0 2
271 2 0 0 6
272 1 2 1 1
273 0 2 2 2
274 0 0 0 0
275 1 3 0 1
276 0 2 1 2
277 0 0 1 4
278 3 0 0 0
279 3 0 0 4
280 0 0 0 1
281 3 0 0 1
282 2 0 0 3
283 3 2 0 2
284 2 0 1 0
285 1 0 0 0
286 0 0 1 0
287 0 3 0 1
288 0 1 3 0
289 0 0 1 0
290 0 1 1 1
291 0 0 0 2
292 0 2 0 3
293 0 1 0 1
294 0 1 0 2
295 0 0 0 1
296 0 0 0 1
297 0 0 0 3
298 0 0 0 1
299 0 0 0 2
300 0 0 0 0
301 0 0 0 0
302 0 0 0 0
303 0 0 0 0
304 0 0 0 0
305 1 0 0 0
306 0 0 0 0
307 0 0 0 0
308 0 0 0 0
309 0 0 0 0
310 1 1 0 0
311 0 0 0 0
312 0 0 0 0
313 0 0 0 0
314 0 0 0 1
315 0 0 0 0
316 0 0 0 0
317 0 0 0 0
318 0 0 0 0
319 0 1 0 0
320 0 0 0 0
321 0 0 0 0
322 0 0 0 0
323 0 0 0 0
324 0 0 0 0
325 0 0 0 0
326 0 0 0 1
327 0 0 0 0
328 0 0 0 0
329 0 0 0 0
330 0 0 0 0
331 0 0 0 0
332 0 0 0 0
333 0 0 0 0
334 0 0 0 0
335 0 0 0 0
336 0 0 0 0
337 0 0 0 0
338 0 0 0 0
339 0 0 0 0
340 0 0 0 0
341 0 0 0 0
342 0 0 0 0
343 0 0 0 0
344 0 0 0 0
345 0 0 0 0
346 0 0 0 0
347 0 0 0 0
348 0 0 0 0
349 0 0 0 0
350 0 0 0 0
351 0 0 0 0
352 0 0 0 0
353 0 0 0 0
354 0 0 0 0
355 0 0 0 0
356 0 0 0 0
357 0 0 0 0
358 0 0 0 0
359 0 0 0 0
360 0 0 0 0
361 0 0 0 0
362 0 0 0 0
363 0 0 0 0
364 0 0 0 0
365 0 0 0 0
366 0 0 0 0
367 0 0 0 0
368 0 0 0 0
369 0 0 0 0
370 0 0 0 0
371 0 0 0 0
372 0 0 0 0
373 0 0 0 0
374 0 0 0 0
375 0 0 0 0
376 0 0 0 0
377 0 0 0 0
378 0 0 0 0
379 0 0 0 0
380 0 0 0 0
381 0 0 0 0
382 0 0 0 0
383 0 0 0 0
384 0 0 0 0
385 0 0 0 0
386 0 0 0 0
387 0 0 0 0
388 0 0 0 0
389 0 0 0 0
390 0 0 0 0
391 0 0 0 0
392 0 0 0 0
393 0 0 0 0
394 0 0 0 0
395 0 0 0 0
396 0 0 0 0
397 0 0 0 0
398 0 0 0 0
399 0 0 0 0
400 0 0 0 0
401 0 0 0 0
402 0 0 0 0
403 0 0 0 0
404 0 0 0 0
405 0 0 0 0
406 0 0 0 0
407 0 0 0 0
408 0 0 0 0
409 0 0 0 0
410 0 0 0 0
411 0 0 0 0
412 0 0 0 0
413 0 0 0 0
414 0 0 0 0
415 0 0 0 0
416 0 0 0 0
417 0 0 0 0
418 0 0 0 0
419 0 0 0 0
420 0 0 0 0
421 0 0 0 0
422 0 0 0 0
423 0 0 0 0
424 0 0 0 0
425 0 0 0 0
426 0 0 0 0
427 0 0 0 0
428 0 0 0 0
429 0 0 0 0
430 0 0 0 0
431 0 0 0 0
432 0 0 0 0
433 0 0 0 0
434 0 0 0 0
435 0 0 0 0
436 0 0 0 0
437 0 0 0 0
438 0 0 0 0
439 0 0 0 0
440 0 0 0 0
441 0 0 0 0
442 0 0 0 0
443 0 0 0 0
444 0 0 0 0
445 0 0 0 0
446 0 0 0 0
447 0 0 0 0
448 0 0 0 0
449 0 0 0 0
450 0 0 0 0
451 0 0 0 0
452 0 0 0 0
453 0 0 0 0
454 0 0 0 0
455 0 0 0 0
456 0 0 0 0
457 0 0 0 0
458 0 0 0 0
459 0 0 0 0
460 0 0 0 0
461 0 0 0 0
462 0 0 0 0
463 0 0 0 0
464 0 0 0 0
465 0 0 0 0
466 0 0 0 0
467 0 0 0 0
468 0 0 0 0
469 0 0 0 0
470 0 0 0 0
471 0 0 0 0
472 0 0 0 0
473 0 0 0 0
474 0 0 0 0
475 0 0 0 0
476 0 0 0 0
477 0 0 0 0
478 0 0 0 0
479 0 0 0 0
480 0 0 0 0
481 0 0 0 0
482 0 0 0 0
483 0 0 0 0
484 0 0 0 0
485 0 0 0 0
486 0 0 0 0
487 0 0 0 0
488 0 0 0 0
489 0 0 0 0
490 0 0 0 0
491 0 0 0 0
492 0 0 0 0
493 0 0 0 0
494 0 0 0 0
495 0 0 0 0
496 0 0 0 0
497 0 0 0 0
498 0 0 0 0
499 0 0 0 0
500 0 0 0 0
501 0 0 0 0
502 0 0 0 0
503 0 0 0 0
504 0 0 0 0
505 0 0 0 0
506 0 0 0 0
507 0 0 0 0
508 0 0 0 0
509 0 0 0 0
510 0 0 0 0
511 0 0 0 0
512 0 0 0 0
513 0 0 0 0
514 0 0 0 0
515 0 0 0 0
516 0 0 0 0
517 0 0 0 0
518 0 0 0 0
519 0 0 0 0
520 0 0 0 0
521 0 0 0 0
522 0 0 0 0
523 0 0 0 0
524 0 0 0 0
525 0 0 0 0
526 0 0 0 0
527 0 0 0 0
528 0 0 0 0
529 0 0 0 0
530 0 0 0 0
531 0 0 0 0
532 0 0 0 0
533 0 0 0 0
534 0 0 0 0
535 0 0 0 0
536 0 0 0 0
537 0 0 0 0
538 0 0 0 0
539 0 0 0 0
540 0 0 0 0
541 0 0 0 0
542 0 0 0 0
543 0 0 0 0
544 0 0 0 0
545 0 0 0 0
546 0 0 0 0
547 0 0 0 0
548 0 0 0 0
549 0 0 0 0
550 0 0 0 0
551 0 0 0 0
552 0 0 0 0
553 0 0 0 0
554 0 0 0 0
555 0 0 0 0
556 0 0 0 0
557 0 0 0 0
558 0 0 0 0
559 0 0 0 0
560 0 0 0 0
561 0 0 0 0
562 0 0 0 0
563 0 0 0 0
564 0 0 0 0
565 0 0 0 0
566 0 0 0 0
567 0 0 0 0
568 0 0 0 0
569 0 0 0 0
570 0 0 0 0
571 0 0 0 0
572 0 0 0 0
573 0 0 0 0
574 0 0 0 0
575 0 0 0 0
576 0 0 0 0
577 0 0 0 0
578 0 0 0 0
579 0 0 0 0
580 0 0 0 0
581 0 0 0 0
582 0 0 0 0
583 0 0 0 0
584 0 0 0 0
585 0 0 0 0
586 0 0 0 0
587 0 0 0 0
588 0 0 0 0
589 0 0 0 0
590 0 0 0 0
591 0 0 0 0
592 0 0 0 0
593 0 0 0 0
594 0 0 0 0
595 0 0 0 0
596 0 0 0 0
597 0 0 0 0
598 0 0 0 0
599 0 0 0 0
600 0 0 0 0
601 0 0 0 0
602 0 0 0 0
603 0 0 0 0
604 0 0 0 0
605 0 0 0 0
606 0 0 0 0
607 0 0 0 0
608 0 0 0 0
609 0 0 0 0
610 0 0 0 0
611 0 0 0 0
612 0 0 0 0
613 0 0 0 0
614 0 0 0 0
615 0 0 0 0
616 0 0 0 0
617 0 0 0 0
618 0 0 0 0
619 0 0 0 0
620 0 0 0 0
621 0 0 0 0
622 0 0 0 0
623 0 0 0 0
624 0 0 0 0
625 0 0 0 0
626 0 0 0 0
627 0 0 0 0
628 0 0 0 0
629 0 0 0 0
630 0 0 0 0
631 0 0 0 0
632 0 0 0 0
633 0 0 0 0
634 0 0 0 0
635 0 0 0 0
636 0 0 0 0
637 0 0 0 0
638 0 0 0 0
639 0 0 0 0
640 0 0 0 0
641 0 0 0 0
642 0 0 0 0
643 0 0 0 0
644 0 0 0 0
645 0 0 0 0
646 0 0 0 0
647 0 0 0 0
648 0 0 0 0
649 0 0 0 0
650 0 0 0 0
651 0 0 0 0
652 0 0 0 0
653 0 0 0 0
654 0 0 0 0
655 0 0 0 0
656 0 0 0 0
657 0 0 0 0
658 0 0 0 0
659 0 0 0 0
660 0 0 0 0
661 0 0 0 0
662 0 0 0 0
663 0 0 0 0
664 0 0 0 0
665 0 0 0 0
666 0 0 0 0
667 0 0 0 0
668 0 0 0 0
669 0 0 0 0
670 0 0 0 0
671 0 0 0 0
672 0 0 0 0
673 0 0 0 0
674 0 0 0 0
675 0 0 0 0
676 0 0 0 0
677 0 0 0 0
678 0 0 0 0
679 0 0 0 0
680 0 0 0 0
681 0 0 0 0
682 0 0 0 0
683 0 0 0 0
684 0 0 0 0
685 0 0 0 0
686 0 0 0 0
687 0 0 0 0
688 0 0 0 0
689 0 0 0 0
690 0 0 0 0
691 0 0 0 0
692 0 0 0 0
693 0 0 0 0
694 0 0 0 0
695 0 0 0 0
696 0 0 0 0
697 0 0 0 0
698 0 0 0 0
699 0 0 0 0
700 0 0 0 0
701 0 0 0 0
702 0 0 0 0
703 0 0 0 0
704 0 0 0 0
705 0 0 0 0
706 0 0 0 0
707 0 0 0 0
708 0 0 0 0
709 0 0 0 0
710 0 0 0 0
711 0 0 0 0
712 0 0 0 0
713 0 0 0 0
714 0 0 0 0
715 0 0 0 0
716 0 0 0 0
717 0 0 0 0
718 0 0 0 0
719 0 0 0 0
720 0 0 0 0
721 0 0 0 0
722 0 0 0 0
723 0 0 0 0
724 0 0 0 0
725 0 0 0 0
726 0 0 0 0
727 0 0 0 0
