0 0 0 0 0
1 0 0 0 0
2 0 0 0 0
3 0 0 0 0
4 0 0 0 0
5 0 2 2 0
6 0 0 0 0
7 0 0 0 0
8 0 0 0 0
9 0 1 0 1
10 0 0 0 1
11 0 0 0 0
12 0 0 0 2
13 0 0 0 1
14 0 0 0 0
15 0 0 0 0
16 0 0 0 0
17 0 0 0 0
18 0 0 0 0
19 0 0 0 0
20 0 0 0 0
21 0 0 0 0
22 0 0 0 0
23 0 0 0 0
24 0 0 0 0
25 0 0 0 0
26 1 0 0 0
27 1 0 0 0
28 0 0 0 0
29 0 0 0 0
30 1 0 0 0
31 1 1 0 0
32 0 0 0 0
33 0 0 0 0
34 0 0 0 0
35 0 1 0 1
36 0 1 0 0
37 0 0 0 0
38 0 0 0 0
39 0 0 0 1
40 0 1 0 0
41 0 0 0 0
42 0 0 0 0
43 0 0 0 1
44 0 0 0 1
45 1 0 0 0
46 0 0 0 0
47 1 0 0 0
48 1 0 0 0
49 2 0 0 0
50 1 1 0 0
51 1 0 0 0
52 1 1 0 0
53 0 0 1 0
54 1 0 1 0
55 1 1 0 0
56 1 0 0 1
57 1 1 0 1
58 0 1 0 1
59 1 1 0 0
60 1 0 1 1
61 0 0 0 1
62 1 0 0 1
63 0 0 0 1
64 1 2 0 2
65 1 1 0 0
66 0 1 0 0
67 0 0 0 0
68 1 0 0 2
69 1 0 1 0
70 0 1 0 1
71 1 1 0 0
72 1 0 0 1
73 0 1 1 0
74 2 0 1 0
75 0 0 0 1
76 0 1 0 1
77 3 1 0 1
78 1 0 0 1
79 0 1 1 0
80 1 0 0 3
81 1 0 0 0
82 1 1 1 0
83 0 0 1 0
84 1 0 0 1
85 3 0 1 0
86 0 2 0 2
87 1 0 0 0
88 2 0 0 0
89 1 0 0 2
90 1 0 1 1
91 4 0 1 0
92 0 1 0 2
93 0 3 1 1
94 2 0 1 1
95 2 0 0 1
96 2 2 1 0
97 3 0 0 1
98 4 1 0 1
99 3 1 0 1
100 2 2 0 4
101 2 2 0 0
102 5 1 1 1
103 2 2 2 2
104 3 1 3 0
105 5 0 1 1
106 3 3 0 3
107 1 1 1 4
108 2 2 0 4
109 1 1 1 1
110 2 1 3 3
111 7 4 1 3
112 2 1 0 1
113 5 3 1 3
114 5 1 2 1
115 4 1 1 2
116 4 4 0 2
117 6 0 0 6
118 4 2 1 5
119 3 2 2 1
120 2 3 3 4
121 3 3 2 2
122 5 4 2 1
123 2 2 2 3
124 1 2 1 2
125 5 1 1 5
126 3 3 1 5
127 4 4 2 6
128 3 2 1 4
129 6 1 0 5
130 5 2 3 3
131 7 1 1 5
132 9 1 1 1
133 7 1 0 3
134 8 5 2 4
135 9 3 1 3
136 4 2 2 2
137 5 6 0 6
138 5 4 3 5
139 1 6 4 3
140 2 3 5 4
141 3 2 2 5
142 4 3 2 6
143 4 3 0 6
144 2 4 1 8
145 4 3 1 5
146 4 2 4 6
147 2 4 1 6
148 5 2 2 5
149 8 1 0 4
150 3 2 1 4
151 6 2 1 3
152 7 0 2 5
153 7 2 1 4
154 7 4 6 3
155 11 2 3 2
156 6 1 1 3
157 10 5 2 6
158 11 3 2 8
159 6 2 4 2
160 9 8 5 2
161 6 5 5 6
162 5 5 5 5
163 5 6 2 4
164 2 5 2 13
165 8 3 2 9
166 6 6 1 6
167 4 7 4 10
168 5 3 1 8
169 8 3 3 9
170 7 3 1 9
171 9 3 2 6
172 9 3 1 5
173 7 3 1 6
174 7 3 6 7
175 11 5 2 5
176 11 3 4 5
177 10 3 2 5
178 6 6 5 7
179 12 3 3 5
180 15 7 4 7
181 9 9 4 7
182 9 6 3 9
183 9 4 3 3
184 13 3 5 10
185 14 9 6 7
186 9 0 6 9
187 13 4 4 9
188 12 9 4 14
189 10 3 4 11
190 7 8 8 9
191 14 3 4 10
192 9 5 2 12
193 14 7 5 6
194 12 6 6 9
195 7 5 5 13
196 8 12 5 3
197 12 5 4 15
198 11 8 2 11
199 13 5 3 11
200 8 6 3 14
201 9 6 7 9
202 13 5 6 8
203 12 4 4 13
204 11 7 5 10
205 15 6 1 11
206 12 6 6 10
207 12 8 6 8
208 13 9 2 16
209 9 6 3 9
210 6 8 3 12
211 5 10 4 11
212 10 5 4 8
213 6 5 9 14
214 3 8 7 10
215 5 6 2 12
216 5 7 5 6
217 3 5 3 15
218 3 5 1 15
219 2 4 3 10
220 4 1 2 13
221 3 6 4 10
222 5 3 1 4
223 2 2 2 9
224 7 1 1 5
225 7 2 1 10
226 5 2 0 6
227 4 1 1 4
228 6 4 0 3
229 8 4 2 3
230 1 3 3 5
231 2 2 2 1
232 2 2 2 5
233 3 5 3 2
234 2 5 2 6
235 6 2 3 3
236 3 0 0 5
237 4 0 2 3
238 0 4 3 9
239 1 1 1 4
240 2 2 3 7
241 3 3 1 3
242 2 2 1 4
243 2 0 0 1
244 1 2 2 2
245 1 2 0 8
246 1 1 3 2
247 0 1 0 4
248 3 1 2 5
249 4 0 1 3
250 4 0 1 4
251 2 0 2 2
252 2 0 0 2
253 2 2 0 0
254 2 2 0 1
255 1 1 2 3
256 4 0 0 1
257 3 3 1 0
258 1 3 0 1
259 0 1 0 0
260 1 1 1 2
261 0 0 0 4
262 2 1 1 6
263 0 3 0 1
264 1 1 0 1
265 1 3 2 1
266 0 0 2 1
267 2 2 0 3
268 0 0 0 1
269 1 0 0 2
270 2 0 0 2
271 2 0 0 1
272 1 0 0 4
273 1 1 0 1
274 0 1 1 1
275 1 2 0 0
276 1 0 3 0
277 1 0 0 1
278 0 0 0 0
279 1 0 0 1
280 2 2 0 0
281 0 2 0 1
282 0 1 0 2
283 0 0 0 3
284 1 0 0 2
285 0 1 1 1
286 1 1 0 1
287 0 0 0 0
288 1 0 0 1
289 0 0 2 1
290 0 0 0 0
291 0 0 1 0
292 0 0 0 1
293 1 0 0 3
294 0 0 0 0
295 0 0 0 1
296 1 0 0 0
297 1 1 0 0
298 0 0 0 0
299 0 0 0 0
300 1 0 0 0
301 0 0 0 1
302 0 1 1 0
303 1 0 0 0
304 1 0 0 0
305 0 2 0 0
306 0 0 0 1
307 0 0 0 0
308 1 0 0 0
309 1 0 0 1
310 0 0 0 0
311 0 0 0 0
312 0 0 1 2
313 1 1 0 0
314 0 0 0 0
315 0 0 0 0
316 1 0 0 1
317 2 0 1 1
318 0 2 0 0
319 0 0 0 0
320 1 0 0 0
321 1 0 0 0
322 0 1 0 2
323 0 0 0 0
324 0 0 0 1
325 0 1 0 0
326 0 1 1 1
327 0 0 0 0
328 0 0 0 0
329 1 1 0 1
330 1 0 0 2
331 0 0 0 0
332 0 0 0 0
333 1 0 0 0
334 0 1 0 0
335 0 1 0 0
336 1 0 0 1
337 1 0 0 0
338 0 0 0 1
339 0 0 0 0
340 0 0 0 0
341 0 1 0 1
342 0 1 1 0
343 0 0 0 0
344 1 0 0 0
345 0 0 0 0
346 0 0 0 2
347 0 0 0 0
348 0 0 0 1
349 0 0 0 0
350 0 0 0 0
351 0 0 0 0
352 0 0 0 0
353 0 0 1 0
354 0 0 0 0
355 0 0 0 0
356 0 0 0 0
357 0 0 0 0
358 0 0 0 0
359 0 0 0 0
360 0 0 0 1
361 0 0 0 0
362 0 0 0 0
363 0 0 0 0
364 0 0 0 0
365 0 0 0 0
366 0 0 0 0
367 1 0 0 0
368 0 0 0 0
369 0 0 0 0
370 0 0 0 0
371 0 0 0 0
372 1 1 0 0
373 0 0 0 0
374 0 0 0 0
375 0 0 0 0
376 0 0 0 0
377 0 0 0 0
378 0 0 0 0
379 0 0 0 1
380 0 0 0 0
381 0 0 1 0
382 0 0 0 0
383 0 0 0 0
384 0 0 0 0
385 0 0 0 1
386 0 0 0 0
387 0 0 0 0
388 0 0 0 0
389 0 0 0 0
390 0 0 0 0
391 0 0 0 0
392 0 0 0 0
393 0 0 0 0
394 0 0 0 0
395 1 0 0 0
396 0 0 0 0
397 0 0 0 0
398 0 0 0 0
399 0 0 0 0
400 1 0 1 0
401 1 0 0 0
402 1 0 0 0
403 0 0 0 0
404 0 0 0 0
405 0 0 0 0
406 1 0 0 0
407 0 1 0 1
408 0 0 0 0
409 0 0 1 0
410 0 0 1 0
411 1 1 0 0
412 0 0 0 0
413 1 0 0 0
414 1 0 0 1
415 0 0 0 0
416 0 1 0 1
417 0 0 0 1
418 0 0 0 1
419 0 0 1 0
420 0 0 0 0
421 0 0 0 0
422 0 1 0 0
423 1 0 0 2
424 2 0 0 0
425 1 0 0 0
426 1 0 0 0
427 3 0 0 0
428 1 0 0 0
429 0 0 2 1
430 0 0 0 0
431 1 1 0 0
432 2 3 1 0
433 1 0 1 2
434 1 1 0 0
435 0 0 0 0
436 1 0 1 4
437 1 0 0 1
438 0 0 0 1
439 0 0 0 0
440 1 0 0 1
441 1 3 0 1
442 0 1 0 0
443 0 1 0 0
444 0 0 0 0
445 1 1 0 1
446 1 0 1 0
447 1 0 0 0
448 2 0 0 2
449 0 0 0 2
450 2 2 0 1
451 2 1 0 0
452 1 1 0 1
453 1 0 0 0
454 1 0 0 1
455 1 1 1 0
456 1 0 0 1
457 0 1 2 1
458 2 0 0 1
459 0 0 0 1
460 1 2 0 0
461 0 0 0 1
462 2 0 1 1
463 0 2 0 0
464 2 1 0 3
465 0 1 1 0
466 0 0 0 1
467 0 2 1 2
468 1 0 0 0
469 1 2 0 0
470 0 0 0 1
471 2 0 0 4
472 0 0 0 2
473 2 0 0 0
474 1 1 0 0
475 2 0 0 0
476 2 0 0 2
477 1 0 1 0
478 2 1 1 1
479 2 1 0 0
480 2 1 2 0
481 3 1 1 1
482 3 1 0 1
483 2 0 0 1
484 1 1 2 3
485 0 1 0 2
486 0 1 1 0
487 0 1 2 0
488 2 0 0 4
489 0 2 0 2
490 3 1 0 1
491 1 1 1 1
492 0 2 0 0
493 0 1 0 2
494 0 0 0 2
495 0 3 0 2
496 0 1 0 1
497 1 0 1 1
498 0 0 0 0
499 1 0 0 2
500 2 0 0 1
501 0 0 0 0
502 2 1 0 3
503 0 0 0 1
504 1 0 0 1
505 1 2 0 0
506 2 0 0 0
507 1 0 0 0
508 3 0 1 0
509 0 0 1 2
510 2 0 0 0
511 0 0 3 0
512 0 0 1 1
513 0 3 0 1
514 1 1 0 0
515 1 0 2 1
516 1 0 0 1
517 1 0 0 3
518 1 0 0 4
519 1 1 1 1
520 2 0 0 0
521 0 1 0 0
522 0 0 1 1
523 0 1 0 2
524 1 2 0 0
525 0 0 0 0
526 0 0 0 1
527 0 0 0 1
528 1 0 0 2
529 2 2 1 0
530 1 0 0 0
531 2 0 0 1
532 1 0 0 0
533 4 1 0 1
534 0 1 0 1
535 1 0 1 0
536 0 1 1 1
537 2 0 0 1
538 4 3 1 0
539 2 1 0 1
540 2 1 0 0
541 0 0 0 1
542 1 1 2 2
543 4 0 1 3
544 2 0 1 0
545 1 1 0 2
546 0 0 0 1
547 3 2 1 2
548 3 0 1 1
549 1 0 1 3
550 1 0 0 0
551 2 1 0 1
552 1 4 2 1
553 2 1 1 1
554 3 1 0 1
555 0 0 0 1
556 4 3 0 3
557 2 2 2 1
558 1 1 0 2
559 2 1 1 2
560 3 0 1 3
561 5 1 2 2
562 5 1 2 2
563 1 2 0 3
564 3 1 0 3
565 2 3 0 2
566 2 1 0 3
567 3 4 1 2
568 4 0 2 2
569 0 0 1 1
570 2 4 1 0
571 3 2 0 3
572 0 1 1 2
573 1 3 3 1
574 1 1 0 2
575 0 1 1 3
576 0 0 1 1
577 2 0 1 10
578 1 1 0 1
579 0 0 2 3
580 0 2 1 3
581 0 0 0 0
582 2 0 0 3
583 0 0 0 2
584 1 0 0 3
585 1 0 0 0
586 1 1 1 0
587 1 2 0 0
588 0 0 0 0
589 0 0 0 0
590 1 0 0 1
591 1 0 1 1
592 1 0 0 0
593 2 0 1 1
594 0 0 1 1
595 2 0 1 0
596 2 0 1 0
597 2 1 0 1
598 1 0 0 1
599 1 1 0 1
600 2 1 1 0
601 1 1 0 2
602 1 1 3 0
603 1 0 1 2
604 1 2 0 1
605 0 2 1 0
606 0 1 0 1
607 0 1 0 2
608 1 1 0 2
609 0 1 0 6
610 1 0 0 1
611 1 0 0 2
612 1 0 0 0
613 1 0 0 0
614 1 0 0 0
615 3 0 0 1
616 1 0 1 1
617 0 2 0 0
618 1 0 0 0
619 1 1 1 0
620 0 1 0 0
621 0 0 1 2
622 0 1 0 0
623 0 0 0 1
624 0 2 0 1
625 0 1 0 0
626 0 0 0 2
627 0 1 0 0
628 0 0 0 3
629 0 0 0 1
630 0 0 0 0
631 1 0 0 1
632 1 0 0 1
633 0 0 0 0
634 1 0 0 0
635 0 0 0 0
636 0 1 0 0
637 0 0 1 0
638 1 0 0 0
639 0 1 0 0
640 0 0 0 0
641 0 0 0 1
642 2 0 0 0
643 2 0 0 1
644 0 0 0 0
645 0 0 0 0
646 0 0 0 1
647 1 0 2 0
648 0 0 0 0
649 0 0 0 0
650 1 0 0 0
651 1 1 0 2
652 0 2 1 0
653 0 0 0 0
654 0 0 0 0
655 0 0 0 1
656 0 1 0 2
657 0 0 0 0
658 0 0 0 0
659 0 0 0 1
660 0 1 0 1
661 0 0 0 0
662 0 0 0 0
663 0 0 0 0
664 0 0 0 0
665 0 0 0 0
666 0 0 0 0
667 0 0 0 1
668 0 0 0 0
669 0 0 0 0
670 0 0 0 0
671 0 0 0 0
672 0 0 0 0
673 0 0 0 0
674 0 0 0 0
675 0 0 0 0
676 0 0 0 0
677 0 0 0 0
678 0 0 0 0
679 0 0 0 0
680 0 0 0 0
681 0 0 0 0
682 0 0 0 0
683 0 0 0 0
684 0 0 0 0
685 0 0 0 0
686 0 0 0 0
687 0 0 0 0
688 0 0 0 0
689 0 0 0 0
690 0 0 0 0
691 0 0 0 0
692 0 0 0 0
693 0 0 0 0
694 0 0 0 0
695 0 0 0 0
696 0 0 0 0
697 0 0 0 0
698 0 0 0 0
699 0 0 0 0
700 0 0 0 0
701 0 0 0 0
702 0 0 0 0
703 0 0 0 0
704 0 0 0 0
705 0 0 0 0
706 0 0 0 0
707 0 0 0 0
708 0 0 0 0
709 0 0 0 0
710 0 0 0 0
711 0 0 0 0
712 0 0 0 0
713 0 0 0 0
714 0 0 0 0
715 0 0 0 0
716 0 0 0 0
717 0 0 0 0
718 0 0 0 0
719 0 0 0 0
720 0 0 0 0
721 0 0 0 0
722 0 0 0 0
723 0 0 0 0
724 0 0 0 0
725 0 0 0 0
726 0 0 0 0
727 0 0 0 0
