0 0 0 0 0
1 0 0 0 0
2 0 0 0 0
3 0 0 0 0
4 0 0 0 0
5 0 3 0 0
6 0 0 0 0
7 0 0 0 0
8 0 0 0 0
9 0 1 1 3
10 0 0 0 0
11 0 0 0 0
12 0 0 0 0
13 0 0 0 2
14 0 0 0 0
15 1 0 0 0
16 0 0 0 0
17 1 0 0 0
18 2 0 0 0
19 0 0 0 0
20 1 0 0 0
21 2 0 0 0
22 0 0 0 0
23 2 0 1 0
24 1 0 1 0
25 1 0 0 0
26 0 1 0 0
27 0 0 1 0
28 0 0 0 1
29 0 1 1 0
30 0 2 0 1
31 0 0 0 0
32 1 0 2 0
33 0 1 0 3
34 0 0 0 2
35 0 0 0 0
36 0 0 0 1
37 0 0 0 1
38 0 0 0 0
39 1 0 0 1
40 1 0 0 1
41 1 1 0 0
42 2 0 0 0
43 2 0 0 0
44 2 0 0 0
45 1 0 0 0
46 1 0 0 0
47 3 1 0 0
48 2 1 1 1
49 4 0 1 0
50 3 2 0 0
51 1 1 1 0
52 2 3 1 0
53 0 2 1 1
54 2 3 0 2
55 0 2 0 3
56 2 0 2 2
57 1 0 0 3
58 0 0 1 2
59 1 1 1 3
60 0 0 0 3
61 0 2 1 2
62 1 0 0 2
63 1 0 1 1
64 2 1 0 0
65 4 0 1 2
66 4 1 0 1
67 5 0 0 0
68 1 0 1 2
69 3 0 1 1
70 2 1 0 2
71 0 2 2 0
72 3 1 2 0
73 2 2 0 1
74 5 3 1 1
75 3 2 1 3
76 4 1 1 1
77 3 1 0 2
78 5 1 0 4
79 2 3 3 3
80 0 1 2 2
81 2 5 0 3
82 2 2 0 2
83 1 2 5 3
84 4 2 0 2
85 1 2 0 2
86 3 1 0 4
87 0 0 0 6
88 3 1 0 5
89 2 2 1 1
90 6 0 1 2
91 1 2 1 1
92 5 1 0 3
93 8 0 1 2
94 2 2 0 0
95 3 3 2 1
96 4 0 0 3
97 4 3 3 2
98 2 2 3 4
99 2 3 1 3
100 1 3 1 0
101 3 3 0 5
102 1 4 1 3
103 2 0 2 3
104 0 1 0 4
105 1 2 1 8
106 1 4 0 2
107 2 2 0 2
108 1 2 0 1
109 1 0 0 5
110 6 0 2 2
111 3 0 0 1
112 2 1 2 3
113 2 0 0 3
114 3 1 0 2
115 5 3 3 0
116 6 1 2 3
117 5 1 0 1
118 7 0 1 0
119 0 2 0 4
120 3 0 1 2
121 4 4 1 1
122 3 5 3 2
123 2 4 0 2
124 3 2 1 1
125 4 2 2 4
126 3 0 2 5
127 0 4 2 4
128 1 0 1 4
129 2 2 0 5
130 1 2 0 1
131 1 2 1 5
132 4 2 0 6
133 2 2 1 1
134 6 4 1 4
135 1 1 0 2
136 5 0 1 2
137 6 0 2 2
138 4 3 0 5
139 5 2 1 1
140 6 1 0 1
141 9 4 1 2
142 3 5 2 3
143 4 2 4 4
144 5 1 2 2
145 3 5 2 6
146 2 3 3 4
147 4 1 2 2
148 2 1 3 2
149 3 1 2 5
150 2 2 2 9
151 6 1 1 3
152 4 2 2 8
153 2 3 1 1
154 2 2 2 2
155 1 1 3 3
156 2 3 0 7
157 0 2 2 2
158 3 2 0 3
159 3 0 2 4
160 2 3 2 3
161 5 1 2 3
162 5 0 1 2
163 7 0 1 5
164 7 1 0 5
165 7 0 1 5
166 7 1 2 0
167 7 5 1 2
168 9 5 2 1
169 5 1 2 3
170 6 4 3 0
171 3 3 5 3
172 9 4 3 3
173 7 5 3 5
174 10 6 0 7
175 11 2 1 8
176 6 3 3 3
177 4 4 4 6
178 6 5 2 9
179 7 6 2 7
180 5 4 3 7
181 4 7 3 7
182 5 1 2 7
183 4 5 3 8
184 5 6 2 8
185 4 3 2 7
186 5 0 5 5
187 7 3 3 6
188 7 3 5 9
189 6 2 3 4
190 8 2 0 7
191 10 1 4 3
192 5 3 4 7
193 8 3 4 5
194 9 4 2 7
195 9 6 0 6
196 11 2 3 7
197 9 4 3 2
198 9 4 0 7
199 7 5 1 6
200 6 11 2 7
201 11 4 7 4
202 10 7 3 4
203 10 9 3 5
204 11 1 3 13
205 7 3 3 9
206 8 3 3 4
207 3 6 4 14
208 6 5 2 6
209 6 4 4 12
210 4 5 8 8
211 5 3 3 10
212 5 5 2 6
213 6 4 4 9
214 3 4 2 9
215 3 7 0 8
216 5 3 4 8
217 3 3 4 8
218 3 3 1 5
219 4 2 2 10
220 3 0 1 3
221 4 2 5 4
222 1 3 1 2
223 3 3 1 10
224 0 2 4 8
225 2 2 0 5
226 2 4 1 3
227 6 0 0 3
228 1 1 1 4
229 2 2 0 3
230 1 0 2 4
231 2 2 0 4
232 3 5 1 2
233 3 0 0 4
234 5 2 0 3
235 2 0 1 2
236 3 3 1 4
237 1 1 2 0
238 1 1 2 2
239 1 3 1 3
240 1 2 0 1
241 1 3 1 1
242 1 1 1 1
243 0 1 0 4
244 1 0 0 3
245 0 0 2 4
246 0 1 0 5
247 1 0 1 1
248 0 0 1 3
249 1 1 1 2
250 0 0 0 1
251 1 1 0 0
252 1 0 0 0
253 2 0 0 2
254 0 0 1 1
255 2 0 0 1
256 2 2 0 1
257 1 1 0 0
258 1 0 1 2
259 1 0 0 0
260 2 0 0 0
261 1 3 0 1
262 0 0 0 1
263 0 0 0 2
264 0 1 2 0
265 0 1 0 2
266 0 2 0 0
267 0 0 1 0
268 0 0 0 4
269 0 1 0 0
270 0 0 0 2
271 0 0 0 0
272 0 0 0 1
273 0 0 0 0
274 0 0 0 1
275 1 0 0 0
276 0 0 0 1
277 1 0 0 0
278 1 0 0 0
279 0 0 0 0
280 0 1 0 0
281 1 0 0 0
282 0 0 0 0
283 0 0 0 0
284 0 0 0 1
285 0 0 0 0
286 0 1 0 0
287 0 1 0 0
288 0 0 0 0
289 1 0 0 0
290 0 1 0 0
291 1 0 0 1
292 0 0 0 0
293 0 0 0 1
294 0 0 1 1
295 0 0 0 0
296 0 0 0 0
297 0 0 0 0
298 0 0 0 0
299 0 0 0 0
300 1 0 1 0
301 0 0 0 1
302 0 0 0 0
303 0 0 0 0
304 0 0 0 0
305 1 0 0 0
306 2 0 0 0
307 1 0 0 1
308 0 0 0 0
309 1 1 0 0
310 1 1 0 0
311 2 0 1 0
312 1 0 1 0
313 1 0 0 1
314 1 1 0 1
315 0 1 1 0
316 0 1 0 1
317 1 0 0 0
318 0 1 0 2
319 0 0 0 0
320 0 1 0 1
321 0 0 1 0
322 0 0 0 2
323 1 1 0 0
324 1 0 0 1
325 0 0 0 1
326 0 1 0 0
327 0 0 0 0
328 0 0 0 1
329 0 0 0 0
330 1 0 0 1
331 0 0 0 0
332 1 1 0 0
333 2 0 1 1
334 0 0 0 0
335 1 1 0 0
336 0 0 0 0
337 0 0 0 1
338 0 0 0 0
339 0 0 0 2
340 0 0 0 0
341 0 1 0 0
342 1 2 0 0
343 0 0 0 0
344 0 0 1 0
345 0 0 0 0
346 1 0 0 2
347 0 0 0 0
348 0 0 0 1
349 0 0 0 0
350 0 0 0 0
351 0 0 1 1
352 0 0 0 0
353 0 0 0 0
354 0 0 0 0
355 0 0 1 0
356 0 0 0 0
357 0 0 0 0
358 0 0 0 1
359 1 0 0 0
360 0 0 0 0
361 0 0 0 0
362 0 0 0 1
363 1 0 0 0
364 1 1 0 0
365 0 0 0 0
366 1 0 0 0
367 0 0 0 0
368 0 0 1 0
369 1 0 1 0
370 0 0 0 0
371 0 0 1 1
372 0 0 0 1
373 0 0 0 0
374 0 0 0 0
375 0 0 0 0
376 0 0 0 1
377 0 0 0 1
378 0 0 1 0
379 1 0 0 0
380 1 0 0 0
381 1 0 0 0
382 2 0 0 1
383 1 0 0 0
384 1 1 0 0
385 0 0 0 0
386 1 0 0 0
387 0 1 1 0
388 0 0 1 1
389 1 0 2 0
390 0 0 1 0
391 0 0 0 1
392 0 0 0 1
393 0 0 0 1
394 0 0 0 2
395 0 1 0 0
396 0 0 0 1
397 0 0 0 0
398 0 1 0 0
399 0 0 0 0
400 2 0 0 0
401 1 0 0 0
402 1 0 0 2
403 1 0 0 0
404 0 0 0 0
405 0 0 0 0
406 0 0 1 0
407 0 0 0 0
408 0 0 0 0
409 0 1 1 0
410 1 0 0 1
411 1 1 0 0
412 2 0 1 0
413 0 0 0 0
414 1 0 0 0
415 0 0 0 2
416 1 0 1 1
417 1 0 1 0
418 0 0 0 0
419 0 0 2 1
420 1 0 0 1
421 0 0 1 0
422 1 0 0 0
423 1 0 0 2
424 1 1 0 1
425 3 1 0 0
426 1 0 0 0
427 3 0 0 0
428 0 1 0 1
429 2 1 1 1
430 1 0 1 0
431 1 1 1 1
432 2 0 0 0
433 4 0 0 2
434 2 1 1 0
435 0 1 0 3
436 1 2 1 0
437 1 0 1 0
438 2 2 3 3
439 0 1 0 1
440 1 0 0 0
441 4 1 1 1
442 1 1 1 2
443 1 0 2 3
444 2 0 0 0
445 1 0 0 4
446 1 1 2 1
447 0 1 1 2
448 1 0 1 0
449 1 0 2 2
450 2 2 1 3
451 1 0 0 1
452 0 0 0 0
453 1 1 0 2
454 2 0 0 2
455 3 3 0 1
456 8 0 0 1
457 4 1 0 2
458 6 1 1 0
459 3 0 1 1
460 1 1 1 1
461 4 4 1 1
462 4 1 3 2
463 1 1 4 0
464 3 1 1 1
465 1 2 2 4
466 2 3 1 2
467 0 4 1 7
468 3 2 1 2
469 3 2 0 5
470 4 0 2 3
471 3 1 1 4
472 4 0 0 3
473 4 1 1 2
474 4 1 1 3
475 1 1 1 3
476 7 0 0 2
477 4 2 1 2
478 4 2 1 2
479 7 3 2 2
480 4 2 3 1
481 3 2 2 3
482 4 4 2 3
483 6 1 1 4
484 7 1 0 4
485 6 3 3 0
486 3 1 1 3
487 4 2 3 4
488 6 7 4 5
489 2 2 4 6
490 2 0 3 1
491 5 4 2 3
492 6 1 2 10
493 6 3 3 4
494 2 4 1 5
495 6 0 0 9
496 3 4 4 5
497 6 4 3 5
498 4 4 0 5
499 5 3 1 0
500 8 0 2 6
501 6 2 1 5
502 8 5 0 2
503 8 2 1 7
504 5 2 6 4
505 9 4 2 1
506 6 5 3 6
507 6 6 1 4
508 12 3 3 7
509 7 2 3 4
510 11 4 2 8
511 3 3 1 7
512 4 3 4 6
513 8 8 2 4
514 6 7 2 5
515 4 7 5 5
516 4 3 3 6
517 8 5 1 5
518 5 2 5 6
519 3 4 1 11
520 9 0 0 10
521 5 2 3 9
522 8 4 6 9
523 9 5 2 4
524 7 2 3 3
525 10 7 2 7
526 7 4 1 8
527 9 3 3 2
528 7 2 2 7
529 8 2 2 9
530 9 3 4 9
531 17 7 1 5
532 9 7 4 6
533 10 6 2 4
534 9 4 6 5
535 15 8 1 6
536 9 14 5 9
537 11 7 2 7
538 10 5 4 11
539 7 5 2 10
540 7 9 0 17
541 9 4 3 7
542 8 6 7 7
543 9 3 6 12
544 11 8 3 11
545 4 4 5 10
546 5 6 4 11
547 12 5 4 7
548 8 2 3 8
549 12 7 4 8
550 4 5 0 8
551 9 5 4 9
552 9 5 10 9
553 14 3 7 15
554 20 4 2 5
555 12 3 1 5
556 9 8 3 12
557 7 4 4 7
558 14 9 3 10
559 12 11 4 9
560 12 6 3 12
561 19 4 5 6
562 8 4 4 9
563 11 12 4 15
564 15 6 5 10
565 15 5 4 12
566 5 9 3 7
567 5 7 1 12
568 10 5 6 10
569 9 8 6 8
570 5 15 4 13
571 9 7 4 12
572 12 6 3 11
573 8 11 4 13
574 10 5 1 14
575 10 1 1 12
576 5 4 1 12
577 8 8 5 18
578 6 9 3 9
579 6 9 3 6
580 7 8 5 5
581 4 3 3 9
582 4 6 2 8
583 3 3 3 9
584 8 5 3 8
585 5 1 5 6
586 4 2 5 10
587 3 3 2 15
588 3 2 2 7
589 3 4 5 6
590 5 1 1 2
591 5 2 2 8
592 6 2 2 7
593 0 4 2 9
594 1 2 1 5
595 2 3 1 3
596 3 4 0 7
597 5 4 3 4
598 1 3 0 4
599 1 2 1 4
600 6 2 1 4
601 4 2 1 6
602 2 0 2 5
603 2 0 0 4
604 2 0 1 3
605 4 2 1 3
606 3 5 1 3
607 1 1 1 1
608 0 1 0 2
609 3 2 2 0
610 1 1 3 3
611 1 2 0 1
612 3 1 0 3
613 0 1 0 6
614 1 1 2 3
615 0 1 2 2
616 0 1 1 1
617 0 1 1 1
618 0 0 1 5
619 0 0 1 4
620 0 0 0 0
621 1 1 0 2
622 1 0 0 0
623 1 0 0 3
624 0 0 0 1
625 2 0 0 2
626 3 1 0 0
627 1 1 0 0
628 1 1 0 0
629 0 0 0 0
630 0 1 0 1
631 0 1 2 1
632 0 0 1 1
633 0 0 0 0
634 0 0 1 1
635 1 0 0 2
636 0 0 0 0
637 0 1 0 0
638 0 0 0 1
639 1 0 0 1
640 0 0 0 0
641 0 0 0 2
642 1 0 0 0
643 0 0 0 0
644 0 0 1 0
645 0 0 0 0
646 0 0 0 0
647 2 1 0 0
648 1 1 0 0
649 1 0 0 0
650 0 0 0 0
651 2 0 0 1
652 0 0 2 1
653 0 0 0 0
654 0 0 1 1
655 0 0 0 0
656 1 0 0 0
657 0 1 1 1
658 0 0 0 1
659 0 0 0 1
660 0 0 1 0
661 0 0 1 1
662 0 0 0 0
663 0 0 0 0
664 0 0 0 1
665 1 0 0 1
666 1 0 0 0
667 0 0 0 1
668 0 0 0 0
669 0 0 0 0
670 0 0 0 0
671 2 0 0 0
672 0 0 0 0
673 0 0 0 0
674 0 0 1 0
675 0 0 1 0
676 0 0 0 0
677 0 0 0 0
678 0 0 0 1
679 0 0 0 1
680 0 0 2 0
681 0 0 0 0
682 0 0 0 0
683 0 0 0 0
684 0 0 0 1
685 0 0 0 0
686 0 0 0 0
687 0 0 0 1
688 0 0 0 0
689 0 0 0 0
690 0 0 0 0
691 1 0 0 0
692 0 0 0 0
693 0 0 0 0
694 0 0 0 0
695 0 0 0 0
696 1 0 0 0
697 1 0 0 0
698 0 0 0 0
699 0 0 0 0
700 0 1 0 0
701 0 0 1 0
702 0 1 0 0
703 0 0 0 0
704 0 0 0 0
705 0 0 0 0
706 0 0 0 0
707 0 0 0 1
708 0 0 0 1
709 0 0 0 1
710 0 0 0 0
711 0 0 0 0
712 0 0 0 0
713 0 0 0 0
714 0 0 0 0
715 0 0 0 0
716 0 0 0 0
717 0 0 0 0
718 0 0 0 0
719 0 0 0 0
720 0 0 0 0
721 0 0 0 0
722 0 0 0 0
723 0 0 0 0
724 0 0 0 0
725 0 0 0 0
726 0 0 0 0
727 0 0 0 0
