0 0 0 0 0
1 0 0 0 0
2 0 0 0 0
3 0 0 0 0
4 0 0 0 0
5 0 0 2 0
6 0 0 0 0
7 0 0 0 0
8 0 0 0 0
9 0 2 1 2
10 0 0 0 0
11 0 0 0 0
12 0 0 0 0
13 0 0 0 1
14 0 0 0 0
15 0 0 0 0
16 1 0 0 2
17 0 0 0 0
18 0 0 0 0
19 1 0 0 0
20 1 0 0 0
21 1 1 0 0
22 0 0 0 0
23 1 0 0 0
24 3 0 0 0
25 2 0 0 1
26 2 0 0 0
27 3 0 0 0
28 2 1 1 0
29 4 0 1 0
30 2 1 0 0
31 0 0 0 0
32 0 0 0 2
33 2 2 3 1
34 1 2 1 0
35 3 2 1 0
36 1 2 1 0
37 0 0 0 3
38 1 2 3 2
39 1 1 0 2
40 0 0 0 5
41 0 0 1 2
42 1 0 0 4
43 0 1 1 2
44 0 3 1 0
45 0 0 0 2
46 1 0 0 0
47 2 1 0 1
48 3 0 0 0
49 2 0 0 0
50 5 0 0 1
51 4 1 0 4
52 5 1 0 0
53 0 0 0 0
54 5 0 1 1
55 1 3 1 1
56 1 1 2 1
57 1 4 2 0
58 3 0 1 0
59 0 2 1 3
60 1 2 1 1
61 2 2 1 6
62 1 0 0 1
63 0 2 1 3
64 1 0 0 3
65 0 1 1 2
66 0 1 2 2
67 1 3 0 5
68 4 0 0 1
69 5 0 0 0
70 3 0 0 2
71 5 0 0 3
72 5 1 0 2
73 3 1 1 1
74 7 1 0 0
75 6 1 1 0
76 6 2 1 0
77 6 4 2 0
78 4 6 1 0
79 5 5 3 2
80 4 2 3 4
81 4 1 2 4
82 5 3 0 6
83 2 4 0 6
84 6 4 1 6
85 7 3 3 5
86 5 3 1 4
87 0 2 2 4
88 2 2 2 5
89 3 3 4 4
90 3 5 3 2
91 3 4 3 3
92 4 2 0 8
93 5 0 0 7
94 4 2 0 7
95 1 3 0 7
96 9 0 0 3
97 5 1 2 3
98 7 4 1 2
99 5 2 1 3
100 7 5 0 0
101 5 0 5 2
102 6 3 1 5
103 7 2 1 1
104 6 1 1 6
105 3 6 5 2
106 6 4 1 4
107 3 7 5 6
108 3 3 3 4
109 4 4 1 8
110 4 2 1 3
111 5 2 1 4
112 2 3 2 7
113 6 3 2 6
114 7 2 2 10
115 5 4 1 6
116 7 1 5 7
117 6 1 1 2
118 8 4 0 3
119 6 4 2 3
120 7 0 4 7
121 7 2 1 3
122 8 5 1 4
123 10 2 6 6
124 8 4 4 2
125 8 6 1 3
126 5 6 3 5
127 6 6 2 6
128 6 3 6 9
129 9 6 3 7
130 6 2 0 11
131 8 4 3 7
132 4 5 2 4
133 4 3 1 7
134 5 8 5 6
135 9 4 3 10
136 8 5 4 7
137 11 4 2 1
138 8 3 2 8
139 6 4 1 10
140 10 8 1 6
141 8 4 0 14
142 8 2 6 2
143 7 5 1 7
144 12 4 2 6
145 18 10 5 9
146 11 3 4 9
147 10 4 4 4
148 11 6 3 6
149 13 5 5 10
150 7 7 7 11
151 6 7 2 9
152 9 5 2 12
153 10 4 1 4
154 8 9 6 11
155 10 6 3 7
156 10 5 5 10
157 12 8 4 9
158 9 10 4 12
159 8 5 4 8
160 7 5 3 7
161 11 9 1 16
162 13 7 5 12
163 11 4 5 13
164 6 3 5 6
165 10 6 5 11
166 11 7 2 8
167 12 4 4 7
168 12 7 4 11
169 16 1 2 15
170 9 6 5 9
171 13 7 4 8
172 12 4 7 8
173 16 3 4 6
174 20 6 4 8
175 23 10 4 13
176 27 7 5 9
177 19 8 7 6
178 20 11 6 9
179 15 8 4 13
180 16 14 7 11
181 11 11 8 12
182 15 11 5 15
183 6 12 10 12
184 18 16 3 21
185 17 8 7 19
186 11 9 9 15
187 10 11 6 20
188 9 5 6 22
189 17 9 10 16
190 20 8 7 16
191 14 8 6 15
192 23 5 3 15
193 19 4 8 18
194 18 9 5 19
195 19 10 6 12
196 24 4 8 12
197 28 11 11 12
198 25 12 5 16
199 14 16 4 10
200 14 11 9 13
201 17 13 8 18
202 20 15 6 21
203 14 15 7 11
204 14 10 5 19
205 16 12 6 19
206 15 18 9 23
207 15 11 9 22
208 14 10 3 17
209 10 6 6 19
210 7 12 3 22
211 8 12 7 22
212 8 6 4 15
213 10 8 14 17
214 7 7 5 17
215 10 7 3 16
216 8 8 6 10
217 8 2 1 21
218 12 8 4 11
219 8 2 4 13
220 9 10 3 22
221 6 6 3 8
222 7 5 4 12
223 8 6 3 7
224 5 2 4 11
225 4 5 2 7
226 4 4 2 8
227 3 4 6 8
228 5 5 5 11
229 3 6 3 9
230 3 2 2 9
231 3 4 2 6
232 3 3 1 8
233 5 5 1 5
234 4 3 0 8
235 7 3 0 4
236 5 0 1 9
237 3 2 4 5
238 1 3 2 6
239 5 3 0 3
240 2 3 2 3
241 6 0 4 6
242 2 0 2 2
243 5 2 3 1
244 4 7 0 3
245 1 4 0 5
246 2 2 2 5
247 2 1 0 4
248 1 1 3 10
249 1 3 1 1
250 3 1 1 3
251 0 1 1 2
252 0 2 1 6
253 2 2 2 4
254 3 0 0 1
255 2 4 0 4
256 2 1 0 6
257 2 0 0 3
258 0 2 0 0
259 1 1 0 3
260 0 1 0 3
261 2 1 1 0
262 1 2 0 3
263 1 0 2 0
264 0 1 0 0
265 1 0 0 1
266 0 1 1 3
267 0 1 0 2
268 0 1 1 1
269 0 0 0 0
270 2 2 0 1
271 0 0 0 1
272 0 0 0 2
273 0 0 0 2
274 0 0 0 1
275 0 1 1 0
276 0 0 0 0
277 0 0 0 2
278 0 0 0 0
279 0 0 0 2
280 0 0 0 0
281 0 0 0 0
282 0 0 0 0
283 0 0 0 0
284 0 0 0 0
285 0 0 0 0
286 0 0 0 0
287 0 0 0 0
288 0 0 0 0
289 0 0 0 0
290 0 0 0 0
291 1 0 0 0
292 0 0 0 0
293 0 0 0 0
294 0 0 0 0
295 0 0 0 0
296 0 1 0 0
297 1 0 0 0
298 0 0 0 0
299 1 0 0 0
300 0 0 0 0
301 0 0 0 0
302 0 1 0 0
303 0 0 0 1
304 0 1 0 0
305 0 0 0 0
306 0 0 0 1
307 0 0 0 0
308 0 0 0 1
309 0 0 0 0
310 0 0 0 0
311 0 0 0 0
312 0 0 0 0
313 0 0 0 0
314 0 0 0 0
315 0 0 0 0
316 0 0 0 0
317 0 0 0 0
318 0 0 0 0
319 0 0 0 0
320 0 0 0 0
321 0 0 0 0
322 0 0 0 0
323 0 0 0 0
324 0 0 0 0
325 0 0 0 0
326 0 0 0 0
327 0 0 0 0
328 0 0 0 0
329 0 0 0 0
330 0 0 0 0
331 0 0 0 0
332 0 0 0 0
333 0 0 0 0
334 0 0 0 0
335 0 0 0 0
336 0 0 0 0
337 0 0 0 0
338 0 0 0 0
339 0 0 0 0
340 0 0 0 0
341 0 0 0 0
342 0 0 0 0
343 0 0 0 0
344 0 0 0 0
345 0 0 0 0
346 0 0 0 0
347 0 0 0 0
348 0 0 0 0
349 0 0 0 0
350 0 0 0 0
351 0 0 0 0
352 0 0 0 0
353 0 0 0 0
354 0 0 0 0
355 0 0 0 0
356 0 0 0 0
357 0 0 0 0
358 0 0 0 0
359 0 0 0 0
360 0 0 0 0
361 0 0 0 0
362 0 0 0 0
363 0 0 0 0
364 0 0 0 0
365 0 0 0 0
366 0 0 0 0
367 0 0 0 0
368 0 0 0 0
369 0 0 0 0
370 0 0 0 0
371 0 0 0 0
372 0 0 0 0
373 0 0 0 0
374 0 0 0 0
375 0 0 0 0
376 0 0 0 0
377 0 0 0 0
378 0 0 0 0
379 0 0 0 0
380 0 0 0 0
381 0 0 0 0
382 0 0 0 0
383 0 0 0 0
384 0 0 0 0
385 0 0 0 0
386 0 0 0 0
387 0 0 0 0
388 0 0 0 0
389 0 0 0 0
390 0 0 0 0
391 0 0 0 0
392 0 0 0 0
393 0 0 0 0
394 0 0 0 0
395 0 0 0 0
396 0 0 0 0
397 0 0 0 0
398 0 0 0 0
399 0 0 0 0
400 0 0 0 0
401 0 0 0 0
402 0 0 0 0
403 0 0 0 0
404 0 0 0 0
405 0 0 0 0
406 0 0 0 0
407 0 0 0 0
408 0 0 0 0
409 0 0 0 0
410 0 0 0 0
411 0 0 0 0
412 0 0 0 0
413 0 0 0 0
414 0 0 0 0
415 0 0 0 0
416 0 0 0 0
417 0 0 0 0
418 0 0 0 0
419 0 0 0 0
420 0 0 0 0
421 0 0 0 0
422 0 0 0 0
423 0 0 0 0
424 0 0 0 0
425 0 0 0 0
426 0 0 0 0
427 0 0 0 0
428 0 0 0 0
429 0 0 0 0
430 0 0 0 0
431 0 0 0 0
432 0 0 0 0
433 0 0 0 0
434 0 0 0 0
435 0 0 0 0
436 0 0 0 0
437 0 0 0 0
438 0 0 0 0
439 0 0 0 0
440 0 0 0 0
441 0 0 0 0
442 0 0 0 0
443 0 0 0 0
444 0 0 0 0
445 0 0 0 0
446 0 0 0 0
447 0 0 0 0
448 0 0 0 0
449 0 0 0 0
450 0 0 0 0
451 0 0 0 0
452 0 0 0 0
453 0 0 0 0
454 0 0 0 0
455 0 0 0 0
456 0 0 0 0
457 0 0 0 0
458 0 0 0 0
459 0 0 0 0
460 0 0 0 0
461 0 0 0 0
462 0 0 0 0
463 0 0 0 0
464 0 0 0 0
465 0 0 0 0
466 0 0 0 0
467 0 0 0 0
468 0 0 0 0
469 0 0 0 0
470 0 0 0 0
471 0 0 0 0
472 0 0 0 0
473 0 0 0 0
474 0 0 0 0
475 0 0 0 0
476 0 0 0 0
477 0 0 0 0
478 0 0 0 0
479 0 0 0 0
480 0 0 0 0
481 0 0 0 0
482 0 0 0 0
483 0 0 0 0
484 0 0 0 0
485 0 0 0 0
486 0 0 0 0
487 0 0 0 0
488 0 0 0 0
489 0 0 0 0
490 0 0 0 0
491 0 0 0 0
492 0 0 0 0
493 0 0 0 0
494 0 0 0 0
495 0 0 0 0
496 0 0 0 0
497 0 0 0 0
498 0 0 0 0
499 0 0 0 0
500 0 0 0 0
501 0 0 0 0
502 0 0 0 0
503 0 0 0 0
504 0 0 0 0
505 0 0 0 0
506 0 0 0 0
507 0 0 0 0
508 0 0 0 0
509 0 0 0 0
510 0 0 0 0
511 0 0 0 0
512 0 0 0 0
513 0 0 0 0
514 0 0 0 0
515 0 0 0 0
516 0 0 0 0
517 0 0 0 0
518 0 0 0 0
519 0 0 0 0
520 0 0 0 0
521 0 0 0 0
522 0 0 0 0
523 0 0 0 0
524 0 0 0 0
525 0 0 0 0
526 0 0 0 0
527 0 0 0 0
528 0 0 0 0
529 0 0 0 0
530 0 0 0 0
531 0 0 0 0
532 0 0 0 0
533 0 0 0 0
534 0 0 0 0
535 0 0 0 0
536 0 0 0 0
537 0 0 0 0
538 0 0 0 0
539 0 0 0 0
540 0 0 0 0
541 0 0 0 0
542 0 0 0 0
543 0 0 0 0
544 0 0 0 0
545 0 0 0 0
546 0 0 0 0
547 0 0 0 0
548 0 0 0 0
549 0 0 0 0
550 0 0 0 0
551 0 0 0 0
552 0 0 0 0
553 0 0 0 0
554 0 0 0 0
555 0 0 0 0
556 0 0 0 0
557 0 0 0 0
558 0 0 0 0
559 0 0 0 0
560 0 0 0 0
561 0 0 0 0
562 0 0 0 0
563 0 0 0 0
564 0 0 0 0
565 0 0 0 0
566 0 0 0 0
567 0 0 0 0
568 0 0 0 0
569 0 0 0 0
570 0 0 0 0
571 0 0 0 0
572 0 0 0 0
573 0 0 0 0
574 0 0 0 0
575 0 0 0 0
576 0 0 0 0
577 0 0 0 0
578 0 0 0 0
579 0 0 0 0
580 0 0 0 0
581 0 0 0 0
582 0 0 0 0
583 0 0 0 0
584 0 0 0 0
585 0 0 0 0
586 0 0 0 0
587 0 0 0 0
588 0 0 0 0
589 0 0 0 0
590 0 0 0 0
591 0 0 0 0
592 0 0 0 0
593 0 0 0 0
594 0 0 0 0
595 0 0 0 0
596 0 0 0 0
597 0 0 0 0
598 0 0 0 0
599 0 0 0 0
600 0 0 0 0
601 0 0 0 0
602 0 0 0 0
603 0 0 0 0
604 0 0 0 0
605 0 0 0 0
606 0 0 0 0
607 0 0 0 0
608 0 0 0 0
609 0 0 0 0
610 0 0 0 0
611 0 0 0 0
612 0 0 0 0
613 0 0 0 0
614 0 0 0 0
615 0 0 0 0
616 0 0 0 0
617 0 0 0 0
618 0 0 0 0
619 0 0 0 0
620 0 0 0 0
621 0 0 0 0
622 0 0 0 0
623 0 0 0 0
624 0 0 0 0
625 0 0 0 0
626 0 0 0 0
627 0 0 0 0
628 0 0 0 0
629 0 0 0 0
630 0 0 0 0
631 0 0 0 0
632 0 0 0 0
633 0 0 0 0
634 0 0 0 0
635 0 0 0 0
636 0 0 0 0
637 0 0 0 0
638 0 0 0 0
639 0 0 0 0
640 0 0 0 0
641 0 0 0 0
642 0 0 0 0
643 0 0 0 0
644 0 0 0 0
645 0 0 0 0
646 0 0 0 0
647 0 0 0 0
648 0 0 0 0
649 0 0 0 0
650 0 0 0 0
651 0 0 0 0
652 0 0 0 0
653 0 0 0 0
654 0 0 0 0
655 0 0 0 0
656 0 0 0 0
657 0 0 0 0
658 0 0 0 0
659 0 0 0 0
660 0 0 0 0
661 0 0 0 0
662 0 0 0 0
663 0 0 0 0
664 0 0 0 0
665 0 0 0 0
666 0 0 0 0
667 0 0 0 0
668 0 0 0 0
669 0 0 0 0
670 0 0 0 0
671 0 0 0 0
672 0 0 0 0
673 0 0 0 0
674 0 0 0 0
675 0 0 0 0
676 0 0 0 0
677 0 0 0 0
678 0 0 0 0
679 0 0 0 0
680 0 0 0 0
681 0 0 0 0
682 0 0 0 0
683 0 0 0 0
684 0 0 0 0
685 0 0 0 0
686 0 0 0 0
687 0 0 0 0
688 0 0 0 0
689 0 0 0 0
690 0 0 0 0
691 0 0 0 0
692 0 0 0 0
693 0 0 0 0
694 0 0 0 0
695 0 0 0 0
696 0 0 0 0
697 0 0 0 0
698 0 0 0 0
699 0 0 0 0
700 0 0 0 0
701 0 0 0 0
702 0 0 0 0
703 0 0 0 0
704 0 0 0 0
705 0 0 0 0
706 0 0 0 0
707 0 0 0 0
708 0 0 0 0
709 0 0 0 0
710 0 0 0 0
711 0 0 0 0
712 0 0 0 0
713 0 0 0 0
714 0 0 0 0
715 0 0 0 0
716 0 0 0 0
717 0 0 0 0
718 0 0 0 0
719 0 0 0 0
720 0 0 0 0
721 0 0 0 0
722 0 0 0 0
723 0 0 0 0
724 0 0 0 0
725 0 0 0 0
726 0 0 0 0
727 0 0 0 0
