0 0 0 0 0
1 0 0 0 0
2 0 0 0 0
3 0 0 0 0
4 0 0 0 0
5 0 2 2 0
6 1 0 0 0
7 0 0 0 0
8 0 0 0 0
9 0 1 0 1
10 0 0 0 0
11 0 1 0 0
12 0 0 0 3
13 0 0 0 1
14 0 0 0 0
15 0 0 0 0
16 0 0 0 0
17 1 0 0 0
18 1 0 0 1
19 0 0 0 0
20 0 0 0 0
21 1 0 0 0
22 0 0 1 0
23 0 1 0 0
24 2 0 0 0
25 2 0 0 0
26 1 1 0 0
27 1 0 0 0
28 1 0 0 0
29 1 1 1 1
30 0 1 1 2
31 0 0 1 0
32 1 0 0 0
33 0 0 0 1
34 0 1 0 1
35 1 0 0 0
36 1 0 1 1
37 3 1 1 1
38 1 0 0 2
39 1 0 0 0
40 1 0 1 1
41 2 0 1 1
42 1 0 2 0
43 0 0 0 0
44 0 0 1 2
45 1 0 1 1
46 0 0 1 2
47 2 0 2 0
48 1 0 0 0
49 0 1 0 1
50 2 2 0 1
51 2 0 0 2
52 2 1 0 0
53 2 0 1 1
54 0 0 0 2
55 1 0 1 1
56 0 2 0 0
57 0 0 2 0
58 2 1 0 1
59 1 0 1 0
60 2 2 0 2
61 2 0 0 2
62 0 1 0 1
63 0 2 0 2
64 2 1 0 1
65 3 0 0 1
66 2 1 0 0
67 1 0 0 2
68 2 0 0 2
69 2 1 3 0
70 4 1 1 1
71 1 1 1 0
72 1 1 0 0
73 4 0 0 4
74 1 2 0 0
75 1 1 0 0
76 4 0 0 1
77 3 2 0 2
78 2 2 1 4
79 1 2 2 1
80 2 2 0 0
81 2 1 2 2
82 2 3 1 3
83 1 2 0 3
84 3 0 0 3
85 2 3 1 0
86 2 2 1 2
87 0 0 2 3
88 2 1 0 2
89 0 1 0 4
90 0 0 2 0
91 1 1 1 1
92 3 1 0 4
93 4 1 3 3
94 2 1 0 2
95 3 0 0 1
96 0 0 0 1
97 4 1 0 3
98 4 0 0 1
99 5 1 0 2
100 2 2 0 1
101 5 2 0 2
102 4 5 2 0
103 2 1 1 1
104 5 2 3 2
105 4 0 1 1
106 4 4 2 6
107 4 1 3 2
108 5 1 1 3
109 4 5 0 1
110 4 2 0 2
111 5 3 2 4
112 2 2 1 2
113 2 2 3 6
114 2 4 0 5
115 2 5 0 5
116 2 1 3 4
117 2 2 2 4
118 5 0 2 3
119 5 1 1 4
120 1 2 1 2
121 5 0 0 4
122 7 3 0 3
123 7 5 0 5
124 8 3 4 4
125 4 1 2 0
126 9 2 1 3
127 6 2 4 5
128 6 1 4 4
129 9 2 1 3
130 5 3 3 5
131 8 2 3 7
132 5 3 2 4
133 6 5 2 1
134 10 4 0 6
135 11 4 2 4
136 6 4 4 5
137 10 2 4 7
138 7 3 7 4
139 8 3 7 1
140 8 8 2 8
141 4 3 4 7
142 8 6 1 12
143 5 3 4 8
144 6 8 3 6
145 6 6 2 8
146 2 5 2 7
147 9 6 3 12
148 6 3 0 8
149 10 6 0 10
150 7 1 2 7
151 13 5 0 11
152 15 3 3 5
153 14 4 2 4
154 25 7 3 6
155 15 3 4 5
156 21 8 5 5
157 13 8 2 3
158 14 4 9 7
159 18 11 4 11
160 18 15 4 13
161 13 11 8 8
162 14 3 4 10
163 10 15 2 12
164 10 9 3 13
165 9 14 8 15
166 9 10 12 9
167 10 10 8 19
168 9 8 5 17
169 10 5 4 18
170 9 6 5 18
171 10 4 6 15
172 16 5 4 17
173 7 6 5 14
174 13 7 1 17
175 22 3 4 13
176 16 6 3 11
177 9 7 2 8
178 13 4 3 7
179 19 7 3 7
180 23 13 8 12
181 16 9 9 11
182 19 5 2 7
183 19 6 5 7
184 19 11 4 12
185 16 11 7 16
186 16 9 4 9
187 22 8 13 15
188 17 12 13 17
189 18 16 9 15
190 20 7 9 15
191 10 8 9 18
192 15 12 5 16
193 19 14 6 19
194 17 11 7 20
195 20 11 9 23
196 12 12 3 22
197 13 9 4 19
198 17 13 6 16
199 16 7 9 21
200 11 7 8 12
201 17 5 7 14
202 12 8 4 22
203 12 11 4 19
204 17 10 8 12
205 13 7 5 12
206 16 15 5 14
207 15 9 7 15
208 9 11 2 15
209 9 10 10 11
210 16 7 5 21
211 11 8 4 15
212 12 8 3 12
213 8 6 5 20
214 8 11 4 14
215 8 9 4 12
216 2 11 5 9
217 5 8 5 10
218 7 7 1 12
219 7 8 5 15
220 8 4 3 17
221 5 3 1 16
222 13 5 1 14
223 5 5 5 11
224 5 6 5 12
225 11 4 2 5
226 3 5 2 9
227 7 6 3 7
228 4 3 0 5
229 6 7 2 5
230 3 1 7 7
231 6 2 3 15
232 8 2 4 4
233 4 2 1 11
234 3 6 1 8
235 6 3 1 6
236 4 3 4 4
237 6 1 3 4
238 3 4 2 5
239 0 3 1 6
240 3 5 1 6
241 1 6 2 6
242 0 4 1 4
243 2 4 0 7
244 1 1 2 2
245 1 1 2 9
246 2 3 0 4
247 2 0 0 5
248 2 2 0 3
249 1 1 0 5
250 3 2 0 4
251 2 0 0 2
252 2 0 1 3
253 4 1 1 3
254 5 2 0 1
255 1 5 0 0
256 2 0 1 1
257 1 0 1 2
258 1 0 1 1
259 1 2 0 1
260 1 2 0 2
261 0 2 1 3
262 0 2 1 3
263 0 2 1 2
264 2 0 0 1
265 1 1 0 4
266 0 0 1 1
267 0 1 0 2
268 0 1 0 0
269 1 1 0 2
270 0 1 0 2
271 0 0 0 1
272 1 0 0 2
273 2 1 0 1
274 0 1 0 1
275 2 0 0 0
276 2 0 0 1
277 1 1 0 0
278 0 1 0 0
279 0 0 0 0
280 0 1 0 1
281 0 0 0 1
282 0 1 1 1
283 0 0 1 0
284 1 1 0 2
285 0 1 0 0
286 1 0 0 2
287 0 0 0 1
288 0 0 0 0
289 0 1 0 0
290 0 0 0 0
291 0 0 1 1
292 0 0 0 1
293 0 0 0 1
294 0 0 0 0
295 0 0 0 0
296 0 0 0 0
297 0 0 0 0
298 0 0 0 1
299 0 0 0 0
300 0 0 0 0
301 1 0 0 0
302 1 0 0 0
303 1 0 0 0
304 0 0 0 0
305 0 0 0 0
306 0 0 0 0
307 0 1 0 0
308 0 1 0 0
309 0 0 0 0
310 0 0 1 0
311 0 0 0 0
312 0 0 0 1
313 0 0 0 0
314 0 0 0 1
315 0 0 0 0
316 0 0 0 0
317 0 0 0 1
318 0 0 0 0
319 0 0 0 0
320 0 0 0 0
321 0 0 0 0
322 0 0 0 0
323 0 0 0 0
324 0 0 0 0
325 0 0 0 0
326 0 0 0 0
327 0 0 0 0
328 0 0 0 0
329 0 0 0 0
330 0 0 0 0
331 0 0 0 0
332 0 0 0 0
333 0 0 0 0
334 0 0 0 0
335 0 0 0 0
336 0 0 0 0
337 0 0 0 0
338 0 0 0 0
339 0 0 0 0
340 0 0 0 0
341 0 0 0 0
342 0 0 0 0
343 0 0 0 0
344 0 0 0 0
345 0 0 0 0
346 0 0 0 0
347 0 0 0 0
348 0 0 0 0
349 0 0 0 0
350 0 0 0 0
351 0 0 0 0
352 0 0 0 0
353 0 0 0 0
354 0 0 0 0
355 0 0 0 0
356 0 0 0 0
357 0 0 0 0
358 0 0 0 0
359 0 0 0 0
360 0 0 0 0
361 0 0 0 0
362 0 0 0 0
363 0 0 0 0
364 0 0 0 0
365 0 0 0 0
366 0 0 0 0
367 0 0 0 0
368 0 0 0 0
369 0 0 0 0
370 0 0 0 0
371 0 0 0 0
372 0 0 0 0
373 0 0 0 0
374 0 0 0 0
375 0 0 0 0
376 0 0 0 0
377 0 0 0 0
378 0 0 0 0
379 0 0 0 0
380 0 0 0 0
381 0 0 0 0
382 0 0 0 0
383 0 0 0 0
384 0 0 0 0
385 0 0 0 0
386 0 0 0 0
387 0 0 0 0
388 0 0 0 0
389 0 0 0 0
390 0 0 0 0
391 0 0 0 0
392 0 0 0 0
393 0 0 0 0
394 0 0 0 0
395 0 0 0 0
396 0 0 0 0
397 0 0 0 0
398 0 0 0 0
399 0 0 0 0
400 0 0 0 0
401 0 0 0 0
402 0 0 0 0
403 0 0 0 0
404 0 0 0 0
405 0 0 0 0
406 0 0 0 0
407 0 0 0 0
408 0 0 0 0
409 0 0 0 0
410 0 0 0 0
411 0 0 0 0
412 0 0 0 0
413 0 0 0 0
414 0 0 0 0
415 0 0 0 0
416 0 0 0 0
417 0 0 0 0
418 0 0 0 0
419 0 0 0 0
420 0 0 0 0
421 0 0 0 0
422 0 0 0 0
423 0 0 0 0
424 0 0 0 0
425 0 0 0 0
426 0 0 0 0
427 0 0 0 0
428 0 0 0 0
429 0 0 0 0
430 0 0 0 0
431 0 0 0 0
432 0 0 0 0
433 0 0 0 0
434 0 0 0 0
435 0 0 0 0
436 0 0 0 0
437 0 0 0 0
438 0 0 0 0
439 0 0 0 0
440 0 0 0 0
441 0 0 0 0
442 0 0 0 0
443 0 0 0 0
444 0 0 0 0
445 0 0 0 0
446 0 0 0 0
447 0 0 0 0
448 0 0 0 0
449 0 0 0 0
450 0 0 0 0
451 0 0 0 0
452 0 0 0 0
453 0 0 0 0
454 0 0 0 0
455 0 0 0 0
456 0 0 0 0
457 0 0 0 0
458 0 0 0 0
459 0 0 0 0
460 0 0 0 0
461 0 0 0 0
462 0 0 0 0
463 0 0 0 0
464 0 0 0 0
465 0 0 0 0
466 0 0 0 0
467 0 0 0 0
468 0 0 0 0
469 0 0 0 0
470 0 0 0 0
471 0 0 0 0
472 0 0 0 0
473 0 0 0 0
474 0 0 0 0
475 0 0 0 0
476 0 0 0 0
477 0 0 0 0
478 0 0 0 0
479 0 0 0 0
480 0 0 0 0
481 0 0 0 0
482 0 0 0 0
483 0 0 0 0
484 0 0 0 0
485 0 0 0 0
486 0 0 0 0
487 0 0 0 0
488 0 0 0 0
489 0 0 0 0
490 0 0 0 0
491 0 0 0 0
492 0 0 0 0
493 0 0 0 0
494 0 0 0 0
495 0 0 0 0
496 0 0 0 0
497 0 0 0 0
498 0 0 0 0
499 0 0 0 0
500 0 0 0 0
501 0 0 0 0
502 0 0 0 0
503 0 0 0 0
504 0 0 0 0
505 0 0 0 0
506 0 0 0 0
507 0 0 0 0
508 0 0 0 0
509 0 0 0 0
510 0 0 0 0
511 0 0 0 0
512 0 0 0 0
513 0 0 0 0
514 0 0 0 0
515 0 0 0 0
516 0 0 0 0
517 0 0 0 0
518 0 0 0 0
519 0 0 0 0
520 0 0 0 0
521 0 0 0 0
522 0 0 0 0
523 0 0 0 0
524 0 0 0 0
525 0 0 0 0
526 0 0 0 0
527 0 0 0 0
528 0 0 0 0
529 0 0 0 0
530 0 0 0 0
531 0 0 0 0
532 0 0 0 0
533 0 0 0 0
534 0 0 0 0
535 0 0 0 0
536 0 0 0 0
537 0 0 0 0
538 0 0 0 0
539 0 0 0 0
540 0 0 0 0
541 0 0 0 0
542 0 0 0 0
543 0 0 0 0
544 0 0 0 0
545 0 0 0 0
546 0 0 0 0
547 0 0 0 0
548 0 0 0 0
549 0 0 0 0
550 0 0 0 0
551 0 0 0 0
552 0 0 0 0
553 0 0 0 0
554 0 0 0 0
555 0 0 0 0
556 0 0 0 0
557 0 0 0 0
558 0 0 0 0
559 0 0 0 0
560 0 0 0 0
561 0 0 0 0
562 0 0 0 0
563 0 0 0 0
564 0 0 0 0
565 0 0 0 0
566 0 0 0 0
567 0 0 0 0
568 0 0 0 0
569 0 0 0 0
570 0 0 0 0
571 0 0 0 0
572 0 0 0 0
573 0 0 0 0
574 0 0 0 0
575 0 0 0 0
576 0 0 0 0
577 0 0 0 0
578 0 0 0 0
579 0 0 0 0
580 0 0 0 0
581 0 0 0 0
582 0 0 0 0
583 0 0 0 0
584 0 0 0 0
585 0 0 0 0
586 0 0 0 0
587 0 0 0 0
588 0 0 0 0
589 0 0 0 0
590 0 0 0 0
591 0 0 0 0
592 0 0 0 0
593 0 0 0 0
594 0 0 0 0
595 0 0 0 0
596 0 0 0 0
597 0 0 0 0
598 0 0 0 0
599 0 0 0 0
600 0 0 0 0
601 0 0 0 0
602 0 0 0 0
603 0 0 0 0
604 0 0 0 0
605 0 0 0 0
606 0 0 0 0
607 0 0 0 0
608 0 0 0 0
609 0 0 0 0
610 0 0 0 0
611 0 0 0 0
612 0 0 0 0
613 0 0 0 0
614 0 0 0 0
615 0 0 0 0
616 0 0 0 0
617 0 0 0 0
618 0 0 0 0
619 0 0 0 0
620 0 0 0 0
621 0 0 0 0
622 0 0 0 0
623 0 0 0 0
624 0 0 0 0
625 0 0 0 0
626 0 0 0 0
627 0 0 0 0
628 0 0 0 0
629 0 0 0 0
630 0 0 0 0
631 0 0 0 0
632 0 0 0 0
633 0 0 0 0
634 0 0 0 0
635 0 0 0 0
636 0 0 0 0
637 0 0 0 0
638 0 0 0 0
639 0 0 0 0
640 0 0 0 0
641 0 0 0 0
642 0 0 0 0
643 0 0 0 0
644 0 0 0 0
645 0 0 0 0
646 0 0 0 0
647 0 0 0 0
648 0 0 0 0
649 0 0 0 0
650 0 0 0 0
651 0 0 0 0
652 0 0 0 0
653 0 0 0 0
654 0 0 0 0
655 0 0 0 0
656 0 0 0 0
657 0 0 0 0
658 0 0 0 0
659 0 0 0 0
660 0 0 0 0
661 0 0 0 0
662 0 0 0 0
663 0 0 0 0
664 0 0 0 0
665 0 0 0 0
666 0 0 0 0
667 0 0 0 0
668 0 0 0 0
669 0 0 0 0
670 0 0 0 0
671 0 0 0 0
672 0 0 0 0
673 0 0 0 0
674 0 0 0 0
675 0 0 0 0
676 0 0 0 0
677 0 0 0 0
678 0 0 0 0
679 0 0 0 0
680 0 0 0 0
681 0 0 0 0
682 0 0 0 0
683 0 0 0 0
684 0 0 0 0
685 0 0 0 0
686 0 0 0 0
687 0 0 0 0
688 0 0 0 0
689 0 0 0 0
690 0 0 0 0
691 0 0 0 0
692 0 0 0 0
693 0 0 0 0
694 0 0 0 0
695 0 0 0 0
696 0 0 0 0
697 0 0 0 0
698 0 0 0 0
699 0 0 0 0
700 0 0 0 0
701 0 0 0 0
702 0 0 0 0
703 0 0 0 0
704 0 0 0 0
705 0 0 0 0
706 0 0 0 0
707 0 0 0 0
708 0 0 0 0
709 0 0 0 0
710 0 0 0 0
711 0 0 0 0
712 0 0 0 0
713 0 0 0 0
714 0 0 0 0
715 0 0 0 0
716 0 0 0 0
717 0 0 0 0
718 0 0 0 0
719 0 0 0 0
720 0 0 0 0
721 0 0 0 0
722 0 0 0 0
723 0 0 0 0
724 0 0 0 0
725 0 0 0 0
726 0 0 0 0
727 0 0 0 0
