0 0 0 0 0
1 0 0 0 0
2 0 0 0 0
3 0 0 0 0
4 0 0 0 0
5 0 2 0 0
6 0 0 0 0
7 0 0 0 0
8 0 0 0 0
9 0 1 2 0
10 0 0 0 0
11 0 0 0 0
12 0 0 0 2
13 0 0 0 2
14 0 0 0 0
15 0 0 0 0
16 0 0 0 1
17 0 0 0 0
18 0 0 0 0
19 0 0 0 0
20 0 0 0 0
21 1 0 0 0
22 1 0 0 0
23 2 0 0 0
24 0 0 0 0
25 0 0 0 0
26 1 1 0 0
27 2 1 0 0
28 1 0 2 0
29 1 0 0 0
30 1 0 0 1
31 1 0 0 1
32 0 1 0 2
33 0 1 0 0
34 0 0 1 0
35 1 1 0 0
36 0 2 0 1
37 0 0 0 1
38 0 0 0 0
39 3 0 1 0
40 3 0 1 1
41 1 0 0 1
42 1 0 0 2
43 0 0 0 0
44 1 1 1 1
45 2 1 0 0
46 0 0 0 1
47 0 1 0 0
48 0 1 0 1
49 0 2 1 0
50 0 2 1 0
51 0 0 0 2
52 1 0 0 2
53 1 0 0 0
54 2 0 0 0
55 0 0 0 1
56 1 0 0 3
57 0 1 0 2
58 0 1 0 0
59 0 1 0 0
60 2 0 0 0
61 0 0 0 0
62 2 0 0 1
63 6 0 1 1
64 5 0 0 1
65 3 1 2 0
66 0 0 0 0
67 3 1 1 1
68 0 1 3 0
69 1 2 0 1
70 1 1 1 0
71 0 0 0 2
72 3 2 2 4
73 2 1 2 0
74 1 1 0 2
75 1 0 1 2
76 1 0 1 5
77 0 2 0 1
78 2 1 0 1
79 1 1 0 1
80 1 0 0 3
81 5 1 1 1
82 0 1 1 1
83 3 1 0 1
84 3 1 1 1
85 0 0 1 2
86 5 1 1 0
87 3 1 1 0
88 7 2 1 2
89 1 3 0 3
90 4 0 1 3
91 3 2 1 2
92 3 1 1 1
93 7 2 0 2
94 5 0 0 1
95 4 4 1 3
96 2 2 3 1
97 7 4 3 2
98 5 2 3 1
99 4 3 1 4
100 3 1 1 5
101 4 1 1 2
102 5 5 2 6
103 5 4 1 5
104 8 3 0 5
105 5 4 0 3
106 6 4 2 7
107 6 4 0 4
108 3 6 2 4
109 5 3 0 5
110 5 1 3 6
111 4 4 2 3
112 7 1 2 4
113 5 3 2 3
114 3 3 1 4
115 7 4 1 6
116 7 3 2 3
117 3 3 1 4
118 6 3 1 7
119 4 3 0 1
120 6 6 3 8
121 6 5 4 3
122 3 5 0 6
123 5 4 3 3
124 6 2 2 7
125 6 3 1 6
126 4 1 3 5
127 7 2 2 8
128 5 1 4 5
129 6 4 5 5
130 9 5 2 7
131 4 4 0 5
132 5 6 2 4
133 9 1 4 3
134 6 4 2 6
135 12 3 4 5
136 13 0 3 13
137 3 0 5 5
138 5 4 0 5
139 5 4 2 4
140 14 2 3 5
141 7 4 3 9
142 13 7 1 6
143 11 4 3 4
144 9 9 4 5
145 15 7 7 5
146 14 0 1 2
147 5 6 5 5
148 7 2 4 10
149 16 6 7 20
150 10 8 6 3
151 7 11 4 12
152 12 3 5 7
153 5 5 2 9
154 6 8 8 13
155 13 7 5 10
156 9 3 2 12
157 11 8 4 5
158 16 4 3 13
159 18 5 4 11
160 16 7 3 10
161 12 8 3 19
162 15 3 3 5
163 13 8 3 4
164 14 9 10 8
165 15 13 2 12
166 17 7 7 6
167 18 7 10 11
168 17 8 5 17
169 15 9 3 15
170 6 6 10 12
171 13 5 8 14
172 15 12 6 13
173 12 10 1 16
174 19 6 5 17
175 15 5 4 13
176 4 11 6 17
177 13 12 9 16
178 14 8 5 11
179 12 12 4 9
180 17 8 4 14
181 14 9 2 17
182 19 10 7 12
183 10 9 5 16
184 17 8 3 15
185 23 8 4 12
186 24 8 5 16
187 12 11 6 12
188 19 7 4 9
189 21 5 12 19
190 27 6 6 16
191 22 11 10 16
192 23 8 3 12
193 20 11 6 7
194 24 12 12 11
195 20 13 12 12
196 11 12 2 19
197 16 10 8 18
198 18 10 9 19
199 18 15 11 21
200 10 12 10 15
201 14 12 9 24
202 15 17 4 17
203 13 14 9 19
204 17 14 11 20
205 17 6 6 24
206 14 11 2 26
207 11 10 4 19
208 10 7 6 23
209 11 6 3 19
210 10 13 6 17
211 11 9 9 18
212 11 7 4 11
213 15 11 4 11
214 9 9 5 18
215 10 6 5 18
216 14 8 4 10
217 8 4 3 15
218 7 8 5 15
219 13 5 5 12
220 8 5 6 15
221 10 6 7 8
222 4 5 6 10
223 5 5 0 9
224 9 6 7 11
225 8 7 2 14
226 9 7 3 11
227 13 5 3 7
228 6 4 2 15
229 8 6 3 10
230 10 3 4 9
231 8 6 2 11
232 7 7 4 7
233 6 4 3 9
234 3 10 1 7
235 4 5 1 11
236 2 7 5 8
237 1 5 2 7
238 6 2 3 6
239 4 2 4 9
240 2 4 1 10
241 2 3 1 13
242 5 4 1 6
243 4 2 1 6
244 4 1 2 5
245 3 3 0 5
246 4 0 1 6
247 5 4 2 2
248 3 2 2 4
249 2 0 1 4
250 4 1 1 2
251 1 5 0 6
252 2 2 2 5
253 3 3 3 1
254 2 0 3 2
255 2 3 1 5
256 2 2 1 0
257 1 0 0 3
258 1 2 1 5
259 1 3 1 5
260 1 0 1 5
261 3 0 2 0
262 1 2 1 5
263 1 1 1 2
264 2 2 1 1
265 1 0 1 2
266 0 0 1 5
267 2 1 0 2
268 3 0 1 1
269 3 1 2 2
270 2 2 1 1
271 2 0 0 3
272 0 1 1 1
273 2 0 0 2
274 1 1 0 1
275 0 1 1 1
276 0 0 0 3
277 1 1 2 2
278 2 1 1 1
279 2 1 0 1
280 0 2 0 0
281 0 0 0 2
282 0 2 0 1
283 0 1 0 1
284 0 0 1 3
285 0 0 0 2
286 1 1 0 1
287 0 0 1 1
288 1 1 0 1
289 1 0 0 0
290 0 0 0 1
291 0 0 0 1
292 0 0 0 1
293 1 0 1 1
294 1 0 0 0
295 1 0 1 0
296 0 0 0 0
297 1 0 0 1
298 2 1 0 0
299 0 0 0 1
300 0 1 0 0
301 1 0 0 0
302 0 1 0 1
303 0 0 2 0
304 0 0 0 1
305 0 0 0 0
306 0 2 0 0
307 0 1 0 1
308 0 0 0 0
309 0 0 0 1
310 0 0 0 3
311 0 0 0 1
312 0 0 0 0
313 0 0 0 0
314 0 0 0 0
315 0 0 0 0
316 0 0 0 0
317 0 0 0 0
318 0 0 0 0
319 1 0 0 0
320 0 0 0 0
321 0 0 0 0
322 0 0 0 0
323 0 0 0 0
324 0 0 0 0
325 0 0 0 0
326 0 0 0 0
327 0 0 0 0
328 1 1 0 0
329 0 0 0 0
330 1 0 0 0
331 0 0 0 0
332 0 0 0 1
333 0 1 0 0
334 0 0 0 0
335 0 0 0 0
336 0 0 0 0
337 0 0 0 0
338 0 0 0 0
339 0 0 1 0
340 0 0 0 1
341 0 0 0 0
342 0 0 0 0
343 0 0 0 0
344 0 0 0 0
345 0 0 0 0
346 0 0 0 1
347 0 0 0 0
348 0 0 0 0
349 1 0 0 0
350 0 0 0 0
351 1 0 0 0
352 0 0 0 0
353 0 0 0 0
354 0 1 0 0
355 0 0 0 0
356 0 1 0 0
357 0 0 0 0
358 0 0 0 0
359 0 0 0 0
360 0 0 0 1
361 0 0 0 0
362 0 0 0 0
363 0 0 0 1
364 0 0 0 0
365 0 0 0 0
366 0 0 0 0
367 0 0 0 0
368 0 0 0 0
369 1 0 0 0
370 0 0 0 0
371 0 0 0 0
372 0 0 0 0
373 0 0 0 0
374 0 0 1 0
375 0 0 0 0
376 0 0 0 0
377 0 0 0 0
378 0 0 0 1
379 0 0 0 0
380 0 0 0 0
381 0 0 0 0
382 0 0 0 0
383 0 0 0 0
384 0 0 0 0
385 0 0 0 0
386 0 0 0 0
387 0 0 0 0
388 0 0 0 0
389 0 0 0 0
390 1 0 0 0
391 0 0 0 0
392 0 0 0 0
393 0 0 0 0
394 0 0 0 0
395 1 0 1 0
396 0 0 0 0
397 0 0 0 0
398 0 0 0 0
399 0 0 0 1
400 0 0 0 0
401 0 0 0 0
402 0 0 0 0
403 0 0 0 0
404 0 1 0 0
405 0 0 0 0
406 1 0 0 0
407 0 0 0 0
408 0 0 0 1
409 0 0 0 0
410 0 0 0 0
411 0 0 0 0
412 0 0 0 0
413 0 0 0 0
414 0 0 0 0
415 0 1 0 0
416 0 0 0 0
417 0 0 0 0
418 0 0 0 0
419 0 0 0 0
420 0 0 0 0
421 0 0 0 0
422 0 0 0 1
423 0 0 0 0
424 1 0 0 0
425 1 0 0 0
426 0 0 0 0
427 2 0 0 0
428 1 0 0 0
429 0 0 1 0
430 0 1 0 0
431 0 0 0 0
432 0 0 0 0
433 0 1 0 1
434 0 1 0 1
435 0 0 0 0
436 0 1 0 0
437 0 0 0 1
438 0 0 0 0
439 0 0 0 0
440 0 0 0 0
441 0 0 0 1
442 0 0 0 0
443 1 0 0 1
444 1 0 0 0
445 0 0 0 0
446 0 0 0 0
447 0 0 0 0
448 0 1 0 0
449 1 0 0 0
450 0 0 0 0
451 0 0 0 0
452 0 0 0 1
453 0 0 1 0
454 1 0 0 0
455 0 0 0 0
456 0 0 0 0
457 0 0 0 1
458 0 1 0 0
459 0 1 0 0
460 0 0 0 0
461 0 0 0 0
462 0 0 0 1
463 0 0 0 1
464 0 0 0 0
465 0 0 0 0
466 0 0 0 0
467 0 0 0 0
468 0 0 0 0
469 1 0 0 0
470 1 0 0 0
471 0 0 0 0
472 0 0 0 0
473 0 0 0 0
474 1 0 0 0
475 2 0 0 0
476 0 0 0 0
477 1 0 0 0
478 1 0 1 0
479 0 1 1 0
480 0 0 0 0
481 0 0 0 0
482 0 1 0 0
483 0 1 0 1
484 1 2 0 0
485 1 0 0 1
486 0 0 0 2
487 0 0 0 1
488 0 0 0 0
489 0 0 1 0
490 1 0 0 0
491 0 0 0 2
492 1 0 0 0
493 2 0 0 1
494 1 0 1 0
495 2 0 1 0
496 3 0 0 0
497 1 0 1 0
498 1 2 0 1
499 1 0 1 0
500 1 0 0 0
501 0 1 1 1
502 1 1 0 3
503 2 0 0 0
504 1 1 2 0
505 2 0 2 2
506 1 0 0 2
507 1 1 1 0
508 1 1 0 1
509 0 0 1 2
510 1 0 0 0
511 0 0 0 4
512 1 2 0 1
513 1 1 0 1
514 0 1 1 0
515 2 0 1 0
516 1 1 0 0
517 2 0 0 1
518 1 1 0 1
519 1 0 0 2
520 1 0 0 1
521 2 2 0 1
522 1 1 0 2
523 1 0 0 0
524 0 1 1 0
525 0 0 1 1
526 1 3 0 0
527 0 2 0 0
528 0 1 1 3
529 1 0 0 2
530 0 0 0 1
531 0 0 0 1
532 0 0 0 2
533 0 0 0 2
534 0 1 0 1
535 1 0 1 0
536 2 0 0 0
537 1 0 0 0
538 2 0 0 0
539 0 0 0 1
540 2 1 0 0
541 3 2 0 1
542 2 1 0 0
543 1 2 0 0
544 0 0 0 0
545 5 1 1 2
546 2 1 1 1
547 1 0 1 2
548 0 1 0 0
549 0 0 0 1
550 0 4 0 1
551 1 1 2 1
552 1 0 0 2
553 1 0 0 2
554 2 1 1 4
555 2 0 0 2
556 0 0 1 0
557 1 0 1 0
558 2 1 0 3
559 3 0 1 0
560 2 1 1 1
561 1 0 0 0
562 1 0 0 1
563 1 3 0 1
564 0 2 0 3
565 1 0 1 0
566 1 1 0 0
567 1 0 1 3
568 2 2 1 1
569 3 1 0 0
570 4 1 0 1
571 4 1 0 1
572 2 0 0 3
573 4 0 2 1
574 0 2 0 1
575 0 2 1 2
576 2 3 1 0
577 2 1 1 1
578 3 0 3 2
579 2 1 1 1
580 1 0 1 4
581 0 0 1 1
582 1 0 3 4
583 1 2 1 3
584 0 0 0 2
585 2 1 0 1
586 0 1 0 4
587 0 0 0 4
588 0 2 0 0
589 0 1 0 0
590 0 1 0 1
591 1 0 1 0
592 0 0 1 1
593 0 0 0 0
594 0 1 0 1
595 0 0 0 2
596 0 0 0 1
597 0 0 0 0
598 0 0 0 2
599 1 0 0 1
600 1 1 0 0
601 1 0 0 0
602 0 0 0 0
603 0 0 0 0
604 0 0 0 0
605 0 0 0 0
606 0 0 0 1
607 0 0 0 0
608 0 0 1 0
609 0 1 0 0
610 0 1 0 0
611 1 0 0 0
612 1 0 0 1
613 0 0 0 0
614 0 0 0 0
615 0 0 0 0
616 0 0 0 1
617 0 1 0 1
618 0 0 0 0
619 0 0 0 0
620 0 1 0 0
621 0 0 0 0
622 0 0 0 0
623 0 0 0 0
624 0 0 0 1
625 0 0 0 0
626 0 0 0 0
627 0 0 0 1
628 0 0 0 0
629 0 0 0 0
630 0 0 0 0
631 0 0 0 0
632 0 0 0 0
633 0 0 0 0
634 0 0 0 0
635 0 0 0 0
636 0 0 0 0
637 0 0 0 0
638 0 0 0 0
639 0 0 0 0
640 0 0 0 0
641 0 0 0 0
642 0 0 0 0
643 0 0 0 0
644 0 0 0 0
645 0 0 0 0
646 0 0 0 0
647 0 0 0 0
648 0 0 0 0
649 0 0 0 0
650 0 0 0 0
651 0 0 0 0
652 0 0 0 0
653 0 0 0 0
654 0 0 0 0
655 0 0 0 0
656 0 0 0 0
657 0 0 0 0
658 0 0 0 0
659 0 0 0 0
660 0 0 0 0
661 0 0 0 0
662 0 0 0 0
663 0 0 0 0
664 0 0 0 0
665 0 0 0 0
666 0 0 0 0
667 0 0 0 0
668 0 0 0 0
669 0 0 0 0
670 0 0 0 0
671 0 0 0 0
672 0 0 0 0
673 0 0 0 0
674 0 0 0 0
675 0 0 0 0
676 0 0 0 0
677 0 0 0 0
678 0 0 0 0
679 0 0 0 0
680 0 0 0 0
681 0 0 0 0
682 0 0 0 0
683 0 0 0 0
684 0 0 0 0
685 0 0 0 0
686 0 0 0 0
687 0 0 0 0
688 0 0 0 0
689 0 0 0 0
690 0 0 0 0
691 0 0 0 0
692 0 0 0 0
693 0 0 0 0
694 0 0 0 0
695 0 0 0 0
696 0 0 0 0
697 0 0 0 0
698 0 0 0 0
699 0 0 0 0
700 0 0 0 0
701 0 0 0 0
702 0 0 0 0
703 0 0 0 0
704 0 0 0 0
705 0 0 0 0
706 0 0 0 0
707 0 0 0 0
708 0 0 0 0
709 0 0 0 0
710 0 0 0 0
711 0 0 0 0
712 0 0 0 0
713 0 0 0 0
714 0 0 0 0
715 0 0 0 0
716 0 0 0 0
717 0 0 0 0
718 0 0 0 0
719 0 0 0 0
720 0 0 0 0
721 0 0 0 0
722 0 0 0 0
723 0 0 0 0
724 0 0 0 0
725 0 0 0 0
726 0 0 0 0
727 0 0 0 0
