0 0 0 0 0
1 0 0 0 0
2 0 0 0 0
3 0 0 0 0
4 0 0 0 0
5 0 1 2 0
6 0 0 0 0
7 0 0 0 0
8 0 0 0 0
9 0 1 1 2
10 0 0 0 0
11 0 0 0 0
12 0 0 0 1
13 0 0 0 0
14 0 0 0 0
15 0 0 0 0
16 1 0 0 2
17 1 0 0 0
18 1 0 0 0
19 2 0 0 0
20 1 0 0 0
21 1 1 0 0
22 2 1 0 0
23 3 1 0 0
24 1 1 0 0
25 0 0 0 0
26 0 0 0 1
27 1 1 0 0
28 1 1 0 2
29 1 1 0 0
30 1 1 2 1
31 1 1 0 0
32 0 1 0 1
33 0 2 0 0
34 0 1 0 2
35 1 0 0 1
36 0 0 1 3
37 0 0 0 3
38 2 0 0 0
39 1 1 0 0
40 0 2 0 0
41 1 0 0 1
42 0 0 0 0
43 0 1 0 1
44 2 0 0 1
45 2 0 0 0
46 1 1 0 1
47 1 0 1 1
48 1 1 0 0
49 1 0 1 0
50 1 2 0 1
51 1 0 1 0
52 0 0 0 1
53 1 1 0 1
54 1 0 0 2
55 2 1 0 2
56 0 2 0 1
57 3 1 0 1
58 0 1 0 0
59 2 0 0 0
60 1 1 0 2
61 2 0 0 1
62 1 1 0 1
63 1 1 0 0
64 1 3 0 2
65 1 1 0 0
66 2 3 2 1
67 0 0 1 0
68 1 1 0 2
69 1 0 0 1
70 1 0 0 4
71 4 2 0 2
72 2 0 0 1
73 2 1 0 2
74 2 0 1 0
75 0 0 0 1
76 2 1 0 0
77 2 3 0 0
78 3 3 0 1
79 1 2 1 0
80 3 1 2 1
81 4 1 0 2
82 3 2 0 2
83 4 2 0 3
84 1 1 0 3
85 4 0 3 1
86 3 2 1 3
87 4 2 1 3
88 3 2 1 1
89 4 1 1 0
90 0 3 2 3
91 1 2 1 3
92 2 2 1 5
93 4 2 1 2
94 4 3 1 3
95 4 0 0 2
96 3 2 1 3
97 4 0 0 4
98 3 2 1 4
99 3 1 0 1
100 5 2 1 4
101 3 3 1 2
102 6 2 2 2
103 4 4 0 2
104 7 2 1 1
105 3 5 1 5
106 7 3 0 3
107 4 2 1 2
108 1 2 1 1
109 3 2 4 4
110 2 3 2 6
111 3 3 3 3
112 0 4 2 6
113 3 2 0 3
114 3 0 1 3
115 2 2 3 4
116 4 1 0 4
117 7 1 0 4
118 2 3 1 4
119 2 1 3 8
120 3 4 0 2
121 3 1 2 2
122 5 4 2 2
123 14 2 0 3
124 4 1 0 1
125 7 2 0 6
126 8 2 2 2
127 9 3 1 4
128 13 5 2 2
129 12 3 0 5
130 10 4 3 5
131 9 5 0 5
132 11 7 6 4
133 8 6 6 2
134 2 2 2 3
135 7 7 2 5
136 5 4 2 9
137 5 5 7 10
138 9 8 3 7
139 3 4 1 9
140 6 6 3 7
141 7 6 2 8
142 4 5 4 10
143 6 4 4 7
144 11 5 1 11
145 8 4 3 11
146 8 3 0 5
147 8 3 2 10
148 7 2 2 4
149 12 5 6 10
150 11 4 3 4
151 9 4 1 6
152 11 5 3 6
153 17 3 3 5
154 11 10 3 6
155 17 8 4 6
156 11 5 3 12
157 12 5 3 6
158 9 7 7 13
159 13 6 4 10
160 15 10 5 8
161 15 5 3 8
162 11 10 9 13
163 12 6 4 11
164 13 7 6 8
165 13 6 9 9
166 9 7 7 17
167 13 4 4 14
168 14 6 5 12
169 15 8 6 15
170 18 6 5 13
171 20 9 1 7
172 17 7 7 12
173 18 8 5 12
174 14 10 7 10
175 18 6 7 10
176 20 14 2 17
177 18 16 6 14
178 13 10 4 16
179 21 9 9 10
180 19 11 10 13
181 16 9 4 19
182 28 11 8 15
183 25 7 6 15
184 24 8 9 20
185 20 6 14 14
186 19 11 3 19
187 31 10 9 16
188 29 11 13 20
189 25 11 10 15
190 23 13 4 15
191 25 19 9 20
192 29 14 10 19
193 28 20 8 17
194 19 20 6 14
195 32 14 5 31
196 23 20 16 23
197 23 13 13 28
198 27 23 5 27
199 24 13 8 25
200 17 15 9 33
201 21 20 10 24
202 18 10 13 22
203 16 15 11 28
204 17 15 15 28
205 20 15 5 25
206 16 15 3 21
207 10 6 11 24
208 20 11 9 32
209 14 12 5 19
210 16 11 8 22
211 14 9 8 23
212 15 7 9 18
213 9 13 6 19
214 11 6 8 19
215 10 10 9 21
216 13 5 7 15
217 13 9 6 21
218 13 8 7 11
219 7 11 5 17
220 12 6 5 14
221 11 5 10 13
222 11 4 5 19
223 11 4 7 17
224 10 9 1 13
225 9 6 6 17
226 7 7 6 10
227 8 6 5 11
228 9 3 3 8
229 3 10 3 12
230 8 8 2 13
231 6 6 2 12
232 7 5 4 9
233 3 3 6 13
234 1 0 4 8
235 3 6 2 8
236 3 4 3 11
237 2 4 3 11
238 4 0 3 5
239 4 6 0 8
240 5 3 1 10
241 7 1 4 7
242 5 1 3 7
243 4 0 2 2
244 3 2 3 3
245 0 3 2 3
246 3 2 2 7
247 7 2 2 4
248 4 1 2 5
249 4 4 0 5
250 2 2 1 2
251 2 1 3 6
252 8 5 2 3
253 3 2 2 4
254 3 1 1 3
255 5 1 3 3
256 1 1 1 5
257 1 2 4 3
258 0 3 0 4
259 0 0 1 6
260 1 4 1 3
261 2 3 1 1
262 2 2 2 3
263 2 1 0 2
264 0 0 1 8
265 5 1 1 4
266 0 0 2 3
267 2 1 0 3
268 0 0 0 3
269 2 0 0 2
270 0 2 2 3
271 0 1 1 1
272 1 1 2 1
273 3 0 1 0
274 1 1 0 2
275 0 0 0 1
276 1 0 0 2
277 0 1 0 2
278 1 0 2 2
279 1 0 1 1
280 1 0 0 1
281 0 0 0 0
282 0 1 1 2
283 1 1 0 1
284 0 0 0 1
285 1 1 1 0
286 0 0 0 0
287 1 0 0 1
288 0 1 1 0
289 0 0 0 4
290 0 0 0 0
291 1 0 0 0
292 1 1 0 1
293 2 0 0 0
294 0 1 0 0
295 0 0 0 1
296 0 1 0 1
297 2 1 0 0
298 0 0 0 0
299 0 0 0 0
300 0 0 0 0
301 1 1 0 2
302 1 1 1 0
303 0 0 0 1
304 0 0 0 0
305 0 0 0 0
306 0 0 1 2
307 1 0 1 0
308 0 0 0 1
309 0 0 0 0
310 1 0 1 1
311 0 0 0 1
312 0 0 0 0
313 0 0 0 0
314 1 0 0 1
315 0 0 1 0
316 0 0 1 0
317 0 0 0 0
318 1 0 0 0
319 0 1 0 0
320 0 0 0 1
321 0 0 0 0
322 0 0 0 1
323 0 0 0 1
324 0 0 0 0
325 0 0 0 0
326 0 0 0 0
327 0 0 1 0
328 0 0 0 0
329 0 0 0 0
330 0 0 0 0
331 0 0 0 0
332 0 0 0 0
333 0 0 0 0
334 0 0 0 1
335 0 0 0 0
336 0 0 0 0
337 0 0 0 0
338 0 0 0 0
339 0 0 0 0
340 0 0 0 0
341 0 0 0 0
342 0 0 0 0
343 0 0 0 0
344 0 0 0 0
345 0 0 0 0
346 0 0 0 0
347 0 0 0 0
348 0 0 0 0
349 0 0 0 0
350 0 0 0 0
351 0 0 0 0
352 0 0 0 0
353 0 0 0 0
354 0 0 0 0
355 0 0 0 0
356 0 0 0 0
357 0 0 0 0
358 0 0 0 0
359 0 0 0 0
360 0 0 0 0
361 0 0 0 0
362 0 0 0 0
363 0 0 0 0
364 0 0 0 0
365 0 0 0 0
366 0 0 0 0
367 0 0 0 0
368 0 0 0 0
369 0 0 0 0
370 0 0 0 0
371 0 0 0 0
372 0 0 0 0
373 0 0 0 0
374 0 0 0 0
375 0 0 0 0
376 0 0 0 0
377 0 0 0 0
378 0 0 0 0
379 0 0 0 0
380 0 0 0 0
381 0 0 0 0
382 0 0 0 0
383 0 0 0 0
384 0 0 0 0
385 0 0 0 0
386 0 0 0 0
387 0 0 0 0
388 0 0 0 0
389 0 0 0 0
390 0 0 0 0
391 0 0 0 0
392 0 0 0 0
393 0 0 0 0
394 0 0 0 0
395 0 0 0 0
396 0 0 0 0
397 0 0 0 0
398 0 0 0 0
399 0 0 0 0
400 0 0 0 0
401 0 0 0 0
402 0 0 0 0
403 0 0 0 0
404 0 0 0 0
405 0 0 0 0
406 0 0 0 0
407 0 0 0 0
408 0 0 0 0
409 0 0 0 0
410 0 0 0 0
411 0 0 0 0
412 0 0 0 0
413 0 0 0 0
414 0 0 0 0
415 0 0 0 0
416 0 0 0 0
417 0 0 0 0
418 0 0 0 0
419 0 0 0 0
420 0 0 0 0
421 0 0 0 0
422 0 0 0 0
423 0 0 0 0
424 0 0 0 0
425 0 0 0 0
426 0 0 0 0
427 0 0 0 0
428 0 0 0 0
429 0 0 0 0
430 0 0 0 0
431 0 0 0 0
432 0 0 0 0
433 0 0 0 0
434 0 0 0 0
435 0 0 0 0
436 0 0 0 0
437 0 0 0 0
438 0 0 0 0
439 0 0 0 0
440 0 0 0 0
441 0 0 0 0
442 0 0 0 0
443 0 0 0 0
444 0 0 0 0
445 0 0 0 0
446 0 0 0 0
447 0 0 0 0
448 0 0 0 0
449 0 0 0 0
450 0 0 0 0
451 0 0 0 0
452 0 0 0 0
453 0 0 0 0
454 0 0 0 0
455 0 0 0 0
456 0 0 0 0
457 0 0 0 0
458 0 0 0 0
459 0 0 0 0
460 0 0 0 0
461 0 0 0 0
462 0 0 0 0
463 0 0 0 0
464 0 0 0 0
465 0 0 0 0
466 0 0 0 0
467 0 0 0 0
468 0 0 0 0
469 0 0 0 0
470 0 0 0 0
471 0 0 0 0
472 0 0 0 0
473 0 0 0 0
474 0 0 0 0
475 0 0 0 0
476 0 0 0 0
477 0 0 0 0
478 0 0 0 0
479 0 0 0 0
480 0 0 0 0
481 0 0 0 0
482 0 0 0 0
483 0 0 0 0
484 0 0 0 0
485 0 0 0 0
486 0 0 0 0
487 0 0 0 0
488 0 0 0 0
489 0 0 0 0
490 0 0 0 0
491 0 0 0 0
492 0 0 0 0
493 0 0 0 0
494 0 0 0 0
495 0 0 0 0
496 0 0 0 0
497 0 0 0 0
498 0 0 0 0
499 0 0 0 0
500 0 0 0 0
501 0 0 0 0
502 0 0 0 0
503 0 0 0 0
504 0 0 0 0
505 0 0 0 0
506 0 0 0 0
507 0 0 0 0
508 0 0 0 0
509 0 0 0 0
510 0 0 0 0
511 0 0 0 0
512 0 0 0 0
513 0 0 0 0
514 0 0 0 0
515 0 0 0 0
516 0 0 0 0
517 0 0 0 0
518 0 0 0 0
519 0 0 0 0
520 0 0 0 0
521 0 0 0 0
522 0 0 0 0
523 0 0 0 0
524 0 0 0 0
525 0 0 0 0
526 0 0 0 0
527 0 0 0 0
528 0 0 0 0
529 0 0 0 0
530 0 0 0 0
531 0 0 0 0
532 0 0 0 0
533 0 0 0 0
534 0 0 0 0
535 0 0 0 0
536 0 0 0 0
537 0 0 0 0
538 0 0 0 0
539 0 0 0 0
540 0 0 0 0
541 0 0 0 0
542 0 0 0 0
543 0 0 0 0
544 0 0 0 0
545 0 0 0 0
546 0 0 0 0
547 0 0 0 0
548 0 0 0 0
549 0 0 0 0
550 0 0 0 0
551 0 0 0 0
552 0 0 0 0
553 0 0 0 0
554 0 0 0 0
555 0 0 0 0
556 0 0 0 0
557 0 0 0 0
558 0 0 0 0
559 0 0 0 0
560 0 0 0 0
561 0 0 0 0
562 0 0 0 0
563 0 0 0 0
564 0 0 0 0
565 0 0 0 0
566 0 0 0 0
567 0 0 0 0
568 0 0 0 0
569 0 0 0 0
570 0 0 0 0
571 0 0 0 0
572 0 0 0 0
573 0 0 0 0
574 0 0 0 0
575 0 0 0 0
576 0 0 0 0
577 0 0 0 0
578 0 0 0 0
579 0 0 0 0
580 0 0 0 0
581 0 0 0 0
582 0 0 0 0
583 0 0 0 0
584 0 0 0 0
585 0 0 0 0
586 0 0 0 0
587 0 0 0 0
588 0 0 0 0
589 0 0 0 0
590 0 0 0 0
591 0 0 0 0
592 0 0 0 0
593 0 0 0 0
594 0 0 0 0
595 0 0 0 0
596 0 0 0 0
597 0 0 0 0
598 0 0 0 0
599 0 0 0 0
600 0 0 0 0
601 0 0 0 0
602 0 0 0 0
603 0 0 0 0
604 0 0 0 0
605 0 0 0 0
606 0 0 0 0
607 0 0 0 0
608 0 0 0 0
609 0 0 0 0
610 0 0 0 0
611 0 0 0 0
612 0 0 0 0
613 0 0 0 0
614 0 0 0 0
615 0 0 0 0
616 0 0 0 0
617 0 0 0 0
618 0 0 0 0
619 0 0 0 0
620 0 0 0 0
621 0 0 0 0
622 0 0 0 0
623 0 0 0 0
624 0 0 0 0
625 0 0 0 0
626 0 0 0 0
627 0 0 0 0
628 0 0 0 0
629 0 0 0 0
630 0 0 0 0
631 0 0 0 0
632 0 0 0 0
633 0 0 0 0
634 0 0 0 0
635 0 0 0 0
636 0 0 0 0
637 0 0 0 0
638 0 0 0 0
639 0 0 0 0
640 0 0 0 0
641 0 0 0 0
642 0 0 0 0
643 0 0 0 0
644 0 0 0 0
645 0 0 0 0
646 0 0 0 0
647 0 0 0 0
648 0 0 0 0
649 0 0 0 0
650 0 0 0 0
651 0 0 0 0
652 0 0 0 0
653 0 0 0 0
654 0 0 0 0
655 0 0 0 0
656 0 0 0 0
657 0 0 0 0
658 0 0 0 0
659 0 0 0 0
660 0 0 0 0
661 0 0 0 0
662 0 0 0 0
663 0 0 0 0
664 0 0 0 0
665 0 0 0 0
666 0 0 0 0
667 0 0 0 0
668 0 0 0 0
669 0 0 0 0
670 0 0 0 0
671 0 0 0 0
672 0 0 0 0
673 0 0 0 0
674 0 0 0 0
675 0 0 0 0
676 0 0 0 0
677 0 0 0 0
678 0 0 0 0
679 0 0 0 0
680 0 0 0 0
681 0 0 0 0
682 0 0 0 0
683 0 0 0 0
684 0 0 0 0
685 0 0 0 0
686 0 0 0 0
687 0 0 0 0
688 0 0 0 0
689 0 0 0 0
690 0 0 0 0
691 0 0 0 0
692 0 0 0 0
693 0 0 0 0
694 0 0 0 0
695 0 0 0 0
696 0 0 0 0
697 0 0 0 0
698 0 0 0 0
699 0 0 0 0
700 0 0 0 0
701 0 0 0 0
702 0 0 0 0
703 0 0 0 0
704 0 0 0 0
705 0 0 0 0
706 0 0 0 0
707 0 0 0 0
708 0 0 0 0
709 0 0 0 0
710 0 0 0 0
711 0 0 0 0
712 0 0 0 0
713 0 0 0 0
714 0 0 0 0
715 0 0 0 0
716 0 0 0 0
717 0 0 0 0
718 0 0 0 0
719 0 0 0 0
720 0 0 0 0
721 0 0 0 0
722 0 0 0 0
723 0 0 0 0
724 0 0 0 0
725 0 0 0 0
726 0 0 0 0
727 0 0 0 0
