0 0 0 0 0
1 0 0 0 0
2 0 0 0 0
3 0 0 0 0
4 0 0 0 0
5 0 2 1 0
6 0 0 0 0
7 0 0 0 0
8 0 0 0 0
9 0 2 0 2
10 0 0 0 0
11 0 0 0 0
12 0 0 0 1
13 0 0 0 0
14 0 0 0 0
15 0 0 0 0
16 1 0 0 2
17 1 0 0 0
18 0 0 0 0
19 1 0 0 0
20 0 0 0 0
21 0 0 0 0
22 0 0 1 0
23 2 0 0 0
24 1 0 1 0
25 0 1 0 0
26 2 0 0 0
27 2 0 0 0
28 0 1 0 1
29 1 0 0 1
30 1 0 0 0
31 0 1 0 0
32 0 1 1 1
33 0 0 1 0
34 0 0 1 0
35 1 0 1 1
36 1 0 1 2
37 0 0 0 1
38 1 0 0 2
39 0 1 0 0
40 0 1 0 0
41 0 0 0 0
42 1 0 0 1
43 0 0 1 1
44 1 1 0 0
45 1 0 0 0
46 1 0 0 1
47 1 1 0 1
48 1 0 0 1
49 3 1 0 0
50 3 0 1 0
51 2 0 0 1
52 1 0 1 0
53 1 0 1 0
54 2 0 0 1
55 4 2 1 1
56 3 1 0 1
57 3 0 1 0
58 1 1 2 0
59 2 0 2 2
60 2 1 3 1
61 0 1 1 0
62 2 1 2 4
63 0 1 1 2
64 1 2 1 4
65 0 1 3 3
66 2 0 0 4
67 3 1 0 2
68 3 0 0 1
69 4 0 0 3
70 3 0 0 2
71 2 2 0 3
72 1 1 0 0
73 5 1 3 0
74 4 1 1 0
75 7 1 1 0
76 3 3 1 1
77 7 0 0 4
78 4 2 1 4
79 5 4 0 2
80 6 4 2 3
81 3 2 0 0
82 2 4 1 2
83 3 1 3 3
84 4 2 3 2
85 5 2 2 4
86 4 5 2 3
87 1 2 1 5
88 3 3 3 1
89 3 1 4 7
90 1 1 3 8
91 4 1 3 6
92 2 0 0 5
93 2 3 0 5
94 6 2 1 4
95 6 1 1 6
96 5 2 3 1
97 3 2 0 0
98 5 1 1 2
99 8 2 0 2
100 6 5 2 6
101 6 5 0 3
102 9 2 0 1
103 4 4 4 3
104 6 2 4 6
105 11 2 3 6
106 9 2 1 2
107 5 3 1 5
108 7 2 1 2
109 7 4 4 4
110 5 3 8 5
111 5 2 8 6
112 4 3 2 3
113 5 3 4 7
114 9 6 5 8
115 6 4 1 9
116 8 3 1 7
117 10 2 2 8
118 8 4 1 11
119 7 4 5 5
120 4 3 1 5
121 12 2 4 6
122 7 6 3 4
123 10 7 2 9
124 10 7 1 6
125 7 1 5 5
126 7 6 5 9
127 3 4 3 7
128 8 5 1 9
129 8 6 1 4
130 7 6 3 8
131 10 7 0 5
132 10 4 5 7
133 12 7 5 9
134 7 4 2 11
135 5 5 3 10
136 10 1 4 5
137 6 3 1 8
138 5 1 8 5
139 15 5 1 14
140 7 5 5 11
141 12 9 4 2
142 10 6 5 7
143 7 4 3 4
144 11 8 1 8
145 7 4 3 6
146 8 4 3 11
147 17 6 4 9
148 8 6 4 14
149 8 3 6 6
150 10 5 8 9
151 19 5 3 10
152 13 4 8 8
153 10 4 6 9
154 19 3 4 11
155 11 8 1 10
156 14 13 6 8
157 13 2 6 12
158 14 6 4 10
159 13 7 8 9
160 14 7 8 15
161 17 7 6 5
162 10 6 5 9
163 15 7 4 15
164 16 6 8 11
165 12 7 7 14
166 14 11 4 16
167 24 6 8 15
168 20 8 5 15
169 11 11 6 10
170 14 10 5 12
171 12 8 6 9
172 11 11 7 14
173 12 7 7 18
174 27 6 4 19
175 11 13 5 11
176 19 12 8 15
177 18 6 10 15
178 17 10 2 14
179 17 13 11 20
180 12 7 4 14
181 24 13 5 15
182 23 9 8 13
183 18 5 8 24
184 19 8 10 11
185 16 8 7 13
186 21 9 9 23
187 19 16 6 15
188 29 11 4 20
189 16 9 6 14
190 16 10 7 17
191 22 11 11 18
192 28 9 9 9
193 30 12 13 14
194 23 7 10 22
195 28 17 3 21
196 20 13 9 19
197 28 17 11 21
198 23 16 9 18
199 16 7 11 17
200 24 11 9 23
201 22 18 9 26
202 22 20 10 23
203 16 14 10 18
204 22 16 9 20
205 15 10 9 36
206 25 15 9 29
207 18 9 10 21
208 19 13 6 23
209 15 12 11 22
210 16 11 6 20
211 13 16 11 22
212 14 9 9 20
213 16 13 5 25
214 9 10 6 14
215 14 10 9 20
216 10 9 5 21
217 11 12 8 18
218 11 12 5 22
219 13 8 3 22
220 17 7 4 18
221 8 8 4 19
222 7 8 5 16
223 16 3 5 11
224 10 12 5 14
225 8 7 5 17
226 9 6 6 17
227 8 4 5 8
228 11 4 7 12
229 8 8 5 12
230 6 4 1 11
231 4 7 5 12
232 6 9 5 14
233 2 5 6 11
234 5 9 0 8
235 6 5 2 7
236 3 2 2 15
237 1 4 2 8
238 3 4 1 14
239 5 7 1 12
240 3 2 2 7
241 1 2 3 4
242 4 2 0 2
243 2 0 3 4
244 2 3 1 7
245 2 0 1 7
246 3 1 1 7
247 2 1 2 2
248 4 2 2 3
249 3 5 0 2
250 1 0 0 4
251 4 2 1 3
252 4 3 1 5
253 2 2 1 2
254 5 2 3 0
255 1 0 1 2
256 1 0 2 6
257 2 3 0 3
258 1 1 1 5
259 2 4 1 2
260 1 2 1 1
261 2 1 1 3
262 0 1 1 2
263 0 1 1 3
264 1 0 0 2
265 1 0 1 2
266 1 0 1 5
267 0 0 0 4
268 1 2 0 0
269 0 1 1 0
270 0 0 2 2
271 0 0 1 0
272 3 0 0 2
273 3 1 0 1
274 1 0 0 1
275 2 0 0 1
276 1 0 0 1
277 1 0 0 2
278 1 0 1 1
279 0 1 0 0
280 1 0 0 0
281 1 1 3 0
282 2 1 1 0
283 0 1 0 1
284 0 2 0 0
285 1 0 0 3
286 0 1 1 1
287 0 0 0 1
288 0 0 0 3
289 0 0 1 1
290 0 1 0 2
291 0 1 1 1
292 1 0 0 0
293 0 0 0 0
294 0 0 0 1
295 0 0 0 0
296 2 0 0 1
297 1 0 0 0
298 0 0 0 2
299 0 0 0 0
300 0 0 0 0
301 0 1 1 0
302 1 0 1 0
303 0 0 0 0
304 0 0 0 0
305 3 1 0 1
306 3 0 0 1
307 2 0 0 0
308 3 0 0 1
309 0 0 0 1
310 0 1 1 0
311 1 1 2 0
312 0 1 0 0
313 0 0 0 0
314 0 0 1 1
315 0 1 0 2
316 0 1 0 1
317 0 3 0 1
318 0 0 0 1
319 0 0 0 0
320 0 1 0 1
321 0 0 0 3
322 0 0 0 1
323 0 0 0 0
324 0 0 0 2
325 0 0 0 0
326 0 0 0 0
327 1 0 0 0
328 1 0 0 0
329 0 0 0 0
330 0 0 0 0
331 0 0 0 0
332 0 0 0 0
333 0 0 0 0
334 0 0 0 0
335 0 0 0 0
336 0 0 1 0
337 0 1 0 0
338 0 0 0 0
339 0 0 0 0
340 0 0 0 1
341 0 0 0 0
342 0 0 0 0
343 0 0 0 0
344 0 0 0 1
345 0 0 0 0
346 0 0 0 0
347 0 0 0 0
348 0 0 0 0
349 0 0 0 0
350 0 0 0 0
351 0 0 0 0
352 0 0 0 0
353 0 0 0 0
354 0 0 0 0
355 0 0 0 0
356 0 0 0 0
357 0 0 0 0
358 0 0 0 0
359 0 0 0 0
360 0 0 0 0
361 0 0 0 0
362 0 0 0 0
363 0 0 0 0
364 0 0 0 0
365 0 0 0 0
366 0 0 0 0
367 0 0 0 0
368 0 0 0 0
369 0 0 0 0
370 0 0 0 0
371 0 0 0 0
372 0 0 0 0
373 0 0 0 0
374 0 0 0 0
375 0 0 0 0
376 0 0 0 0
377 0 0 0 0
378 0 0 0 0
379 0 0 0 0
380 0 0 0 0
381 0 0 0 0
382 0 0 0 0
383 0 0 0 0
384 0 0 0 0
385 0 0 0 0
386 0 0 0 0
387 0 0 0 0
388 0 0 0 0
389 0 0 0 0
390 0 0 0 0
391 0 0 0 0
392 0 0 0 0
393 0 0 0 0
394 0 0 0 0
395 0 0 0 0
396 0 0 0 0
397 0 0 0 0
398 0 0 0 0
399 0 0 0 0
400 0 0 0 0
401 0 0 0 0
402 0 0 0 0
403 0 0 0 0
404 0 0 0 0
405 0 0 0 0
406 0 0 0 0
407 0 0 0 0
408 0 0 0 0
409 0 0 0 0
410 0 0 0 0
411 0 0 0 0
412 0 0 0 0
413 0 0 0 0
414 0 0 0 0
415 0 0 0 0
416 0 0 0 0
417 0 0 0 0
418 0 0 0 0
419 0 0 0 0
420 0 0 0 0
421 0 0 0 0
422 0 0 0 0
423 0 0 0 0
424 0 0 0 0
425 0 0 0 0
426 0 0 0 0
427 0 0 0 0
428 0 0 0 0
429 0 0 0 0
430 0 0 0 0
431 0 0 0 0
432 0 0 0 0
433 0 0 0 0
434 0 0 0 0
435 0 0 0 0
436 0 0 0 0
437 0 0 0 0
438 0 0 0 0
439 0 0 0 0
440 0 0 0 0
441 0 0 0 0
442 0 0 0 0
443 0 0 0 0
444 0 0 0 0
445 0 0 0 0
446 0 0 0 0
447 0 0 0 0
448 0 0 0 0
449 0 0 0 0
450 0 0 0 0
451 0 0 0 0
452 0 0 0 0
453 0 0 0 0
454 0 0 0 0
455 0 0 0 0
456 0 0 0 0
457 0 0 0 0
458 0 0 0 0
459 0 0 0 0
460 0 0 0 0
461 0 0 0 0
462 0 0 0 0
463 0 0 0 0
464 0 0 0 0
465 0 0 0 0
466 0 0 0 0
467 0 0 0 0
468 0 0 0 0
469 0 0 0 0
470 0 0 0 0
471 0 0 0 0
472 0 0 0 0
473 0 0 0 0
474 0 0 0 0
475 0 0 0 0
476 0 0 0 0
477 0 0 0 0
478 0 0 0 0
479 0 0 0 0
480 0 0 0 0
481 0 0 0 0
482 0 0 0 0
483 0 0 0 0
484 0 0 0 0
485 0 0 0 0
486 0 0 0 0
487 0 0 0 0
488 0 0 0 0
489 0 0 0 0
490 0 0 0 0
491 0 0 0 0
492 0 0 0 0
493 0 0 0 0
494 0 0 0 0
495 0 0 0 0
496 0 0 0 0
497 0 0 0 0
498 0 0 0 0
499 0 0 0 0
500 0 0 0 0
501 0 0 0 0
502 0 0 0 0
503 0 0 0 0
504 0 0 0 0
505 0 0 0 0
506 0 0 0 0
507 0 0 0 0
508 0 0 0 0
509 0 0 0 0
510 0 0 0 0
511 0 0 0 0
512 0 0 0 0
513 0 0 0 0
514 0 0 0 0
515 0 0 0 0
516 0 0 0 0
517 0 0 0 0
518 0 0 0 0
519 0 0 0 0
520 0 0 0 0
521 0 0 0 0
522 0 0 0 0
523 0 0 0 0
524 0 0 0 0
525 0 0 0 0
526 0 0 0 0
527 0 0 0 0
528 0 0 0 0
529 0 0 0 0
530 0 0 0 0
531 0 0 0 0
532 0 0 0 0
533 0 0 0 0
534 0 0 0 0
535 0 0 0 0
536 0 0 0 0
537 0 0 0 0
538 0 0 0 0
539 0 0 0 0
540 0 0 0 0
541 0 0 0 0
542 0 0 0 0
543 0 0 0 0
544 0 0 0 0
545 0 0 0 0
546 0 0 0 0
547 0 0 0 0
548 0 0 0 0
549 0 0 0 0
550 0 0 0 0
551 0 0 0 0
552 0 0 0 0
553 0 0 0 0
554 0 0 0 0
555 0 0 0 0
556 0 0 0 0
557 0 0 0 0
558 0 0 0 0
559 0 0 0 0
560 0 0 0 0
561 0 0 0 0
562 0 0 0 0
563 0 0 0 0
564 0 0 0 0
565 0 0 0 0
566 0 0 0 0
567 0 0 0 0
568 0 0 0 0
569 0 0 0 0
570 0 0 0 0
571 0 0 0 0
572 0 0 0 0
573 0 0 0 0
574 0 0 0 0
575 0 0 0 0
576 0 0 0 0
577 0 0 0 0
578 0 0 0 0
579 0 0 0 0
580 0 0 0 0
581 0 0 0 0
582 0 0 0 0
583 0 0 0 0
584 0 0 0 0
585 0 0 0 0
586 0 0 0 0
587 0 0 0 0
588 0 0 0 0
589 0 0 0 0
590 0 0 0 0
591 0 0 0 0
592 0 0 0 0
593 0 0 0 0
594 0 0 0 0
595 0 0 0 0
596 0 0 0 0
597 0 0 0 0
598 0 0 0 0
599 0 0 0 0
600 0 0 0 0
601 0 0 0 0
602 0 0 0 0
603 0 0 0 0
604 0 0 0 0
605 0 0 0 0
606 0 0 0 0
607 0 0 0 0
608 0 0 0 0
609 0 0 0 0
610 0 0 0 0
611 0 0 0 0
612 0 0 0 0
613 0 0 0 0
614 0 0 0 0
615 0 0 0 0
616 0 0 0 0
617 0 0 0 0
618 0 0 0 0
619 0 0 0 0
620 0 0 0 0
621 0 0 0 0
622 0 0 0 0
623 0 0 0 0
624 0 0 0 0
625 0 0 0 0
626 0 0 0 0
627 0 0 0 0
628 0 0 0 0
629 0 0 0 0
630 0 0 0 0
631 0 0 0 0
632 0 0 0 0
633 0 0 0 0
634 0 0 0 0
635 0 0 0 0
636 0 0 0 0
637 0 0 0 0
638 0 0 0 0
639 0 0 0 0
640 0 0 0 0
641 0 0 0 0
642 0 0 0 0
643 0 0 0 0
644 0 0 0 0
645 0 0 0 0
646 0 0 0 0
647 0 0 0 0
648 0 0 0 0
649 0 0 0 0
650 0 0 0 0
651 0 0 0 0
652 0 0 0 0
653 0 0 0 0
654 0 0 0 0
655 0 0 0 0
656 0 0 0 0
657 0 0 0 0
658 0 0 0 0
659 0 0 0 0
660 0 0 0 0
661 0 0 0 0
662 0 0 0 0
663 0 0 0 0
664 0 0 0 0
665 0 0 0 0
666 0 0 0 0
667 0 0 0 0
668 0 0 0 0
669 0 0 0 0
670 0 0 0 0
671 0 0 0 0
672 0 0 0 0
673 0 0 0 0
674 0 0 0 0
675 0 0 0 0
676 0 0 0 0
677 0 0 0 0
678 0 0 0 0
679 0 0 0 0
680 0 0 0 0
681 0 0 0 0
682 0 0 0 0
683 0 0 0 0
684 0 0 0 0
685 0 0 0 0
686 0 0 0 0
687 0 0 0 0
688 0 0 0 0
689 0 0 0 0
690 0 0 0 0
691 0 0 0 0
692 0 0 0 0
693 0 0 0 0
694 0 0 0 0
695 0 0 0 0
696 0 0 0 0
697 0 0 0 0
698 0 0 0 0
699 0 0 0 0
700 0 0 0 0
701 0 0 0 0
702 0 0 0 0
703 0 0 0 0
704 0 0 0 0
705 0 0 0 0
706 0 0 0 0
707 0 0 0 0
708 0 0 0 0
709 0 0 0 0
710 0 0 0 0
711 0 0 0 0
712 0 0 0 0
713 0 0 0 0
714 0 0 0 0
715 0 0 0 0
716 0 0 0 0
717 0 0 0 0
718 0 0 0 0
719 0 0 0 0
720 0 0 0 0
721 0 0 0 0
722 0 0 0 0
723 0 0 0 0
724 0 0 0 0
725 0 0 0 0
726 0 0 0 0
727 0 0 0 0
