0 0 0 0 0
1 0 0 0 0
2 0 0 0 0
3 0 0 0 0
4 0 0 0 0
5 0 1 1 0
6 0 0 0 0
7 0 0 0 0
8 0 0 0 0
9 0 1 2 2
10 0 0 0 0
11 0 0 0 0
12 0 0 0 0
13 0 0 0 1
14 0 0 0 0
15 0 0 0 1
16 0 0 0 1
17 0 0 0 0
18 0 0 0 0
19 0 0 0 0
20 1 0 0 0
21 4 0 0 0
22 2 0 0 0
23 1 0 0 0
24 2 0 0 0
25 1 1 0 0
26 0 1 1 0
27 0 0 0 0
28 0 0 0 0
29 1 2 1 0
30 0 2 0 2
31 0 2 0 0
32 0 0 1 1
33 0 0 0 1
34 0 0 0 0
35 0 0 0 1
36 0 0 0 2
37 0 0 0 2
38 1 0 1 1
39 1 0 0 1
40 0 0 0 0
41 0 0 0 0
42 1 0 0 0
43 1 1 0 0
44 2 1 0 0
45 3 0 0 1
46 2 0 0 0
47 2 0 1 0
48 1 1 0 0
49 2 1 0 0
50 0 0 1 1
51 1 0 0 1
52 0 0 1 0
53 1 1 1 1
54 1 2 2 2
55 1 0 2 1
56 2 1 1 0
57 2 0 0 1
58 0 0 0 1
59 0 1 0 2
60 2 0 0 2
61 3 0 1 3
62 1 2 0 1
63 2 1 0 2
64 1 0 0 0
65 4 3 1 1
66 3 0 0 1
67 0 0 1 0
68 3 0 1 0
69 1 0 0 4
70 2 2 3 1
71 1 0 2 0
72 1 1 0 1
73 4 1 1 0
74 2 0 3 4
75 4 2 1 2
76 2 0 0 0
77 1 2 0 2
78 3 1 1 3
79 4 0 2 2
80 1 2 1 1
81 0 1 1 2
82 3 0 1 2
83 4 3 1 2
84 1 5 1 4
85 1 1 1 3
86 2 0 1 1
87 1 2 1 1
88 0 1 1 4
89 1 1 0 0
90 2 1 0 5
91 0 0 2 6
92 3 2 1 4
93 1 0 0 1
94 3 1 0 1
95 3 1 0 2
96 5 0 0 0
97 2 1 1 0
98 3 0 0 1
99 2 0 1 3
100 2 0 2 0
101 1 2 2 1
102 1 1 0 1
103 3 1 3 0
104 0 1 2 3
105 1 2 2 2
106 3 1 0 2
107 3 1 1 0
108 1 1 1 5
109 1 1 0 2
110 4 0 1 5
111 3 1 0 1
112 4 2 3 2
113 1 0 1 1
114 2 0 1 2
115 2 5 0 3
116 1 1 1 2
117 3 1 1 1
118 2 0 1 1
119 4 3 0 5
120 0 2 1 1
121 3 3 1 1
122 0 0 1 3
123 5 0 1 4
124 2 2 0 1
125 1 0 1 2
126 4 3 1 1
127 4 0 1 4
128 4 2 3 4
129 2 0 1 1
130 6 0 2 2
131 8 2 0 2
132 2 3 1 3
133 4 2 1 3
134 6 2 0 1
135 7 3 0 3
136 5 2 3 5
137 6 1 2 1
138 9 3 1 2
139 5 5 0 1
140 11 4 4 5
141 9 2 0 1
142 6 2 1 5
143 4 5 3 6
144 4 2 4 6
145 5 6 4 2
146 3 8 3 5
147 5 4 3 10
148 4 3 0 3
149 7 2 5 8
150 5 2 3 9
151 4 1 4 6
152 9 5 2 4
153 2 3 1 7
154 4 8 0 7
155 9 1 1 4
156 8 4 2 6
157 3 4 2 4
158 6 1 3 6
159 5 6 0 7
160 6 5 2 4
161 6 5 3 8
162 6 2 1 2
163 10 6 1 7
164 4 4 1 9
165 9 5 0 7
166 11 3 0 6
167 4 2 3 5
168 5 5 3 5
169 9 9 0 4
170 7 1 8 4
171 10 2 5 4
172 8 2 6 8
173 9 5 1 8
174 8 3 0 9
175 9 4 7 2
176 12 6 2 8
177 8 3 1 6
178 8 6 5 8
179 8 4 3 7
180 6 8 2 6
181 4 6 5 5
182 9 9 3 11
183 4 7 1 11
184 14 4 3 9
185 10 4 2 7
186 8 6 1 9
187 12 2 6 8
188 14 5 1 12
189 16 4 4 8
190 12 3 3 8
191 11 2 2 8
192 11 3 6 6
193 13 8 12 8
194 16 8 6 10
195 10 6 5 4
196 16 6 7 8
197 8 9 1 10
198 12 9 5 7
199 6 9 8 11
200 15 4 3 16
201 12 8 7 12
202 10 4 7 17
203 8 9 6 17
204 11 6 4 8
205 15 8 5 10
206 6 4 4 18
207 11 7 4 6
208 8 5 2 13
209 13 8 4 9
210 10 9 5 17
211 7 2 4 11
212 7 3 4 9
213 11 12 1 7
214 9 10 6 8
215 11 5 3 5
216 9 4 5 12
217 8 4 4 17
218 6 8 5 12
219 7 4 5 4
220 5 3 4 12
221 12 2 3 16
222 13 5 3 9
223 10 6 5 9
224 5 7 6 7
225 6 5 2 9
226 12 5 3 9
227 2 6 2 9
228 3 2 3 13
229 6 3 0 5
230 9 7 5 9
231 7 9 5 8
232 3 4 2 9
233 3 2 2 4
234 3 0 2 10
235 4 4 6 11
236 3 5 4 7
237 4 2 2 4
238 4 2 3 6
239 4 4 2 8
240 7 2 0 8
241 3 2 1 5
242 4 2 1 9
243 3 1 3 6
244 8 5 1 2
245 9 3 1 4
246 4 1 1 4
247 5 4 1 3
248 5 2 0 4
249 2 6 4 1
250 5 4 6 4
251 3 2 2 6
252 1 2 0 4
253 3 4 2 7
254 0 0 3 9
255 3 3 1 4
256 1 5 1 6
257 0 3 2 6
258 3 3 1 3
259 5 1 0 3
260 4 0 2 8
261 1 1 0 6
262 3 0 0 5
263 1 1 2 1
264 3 4 3 2
265 5 0 0 1
266 4 0 1 0
267 3 2 1 2
268 2 0 0 5
269 1 1 4 0
270 1 2 1 3
271 1 1 2 4
272 1 1 2 0
273 0 1 2 3
274 3 1 1 3
275 1 1 0 2
276 0 1 0 6
277 3 0 2 2
278 0 1 0 2
279 1 1 2 1
280 0 1 0 2
281 0 0 1 3
282 0 1 1 1
283 3 0 0 2
284 0 1 1 1
285 2 0 0 1
286 1 0 1 3
287 0 0 0 0
288 1 0 1 2
289 1 0 0 1
290 1 1 0 0
291 0 0 1 0
292 2 2 0 1
293 2 1 0 1
294 1 2 0 1
295 1 1 0 1
296 1 0 0 0
297 1 0 1 1
298 1 1 1 1
299 0 0 0 4
300 1 0 1 0
301 0 1 1 0
302 0 0 0 2
303 0 1 0 0
304 1 0 0 1
305 1 0 0 2
306 0 0 1 0
307 0 1 0 0
308 1 0 0 1
309 2 1 1 0
310 0 0 0 2
311 1 0 0 1
312 0 0 0 0
313 1 1 0 1
314 0 1 1 0
315 0 0 0 0
316 2 0 0 1
317 1 0 0 1
318 1 1 0 0
319 0 0 0 0
320 0 1 0 0
321 0 0 0 2
322 0 1 0 1
323 0 0 0 0
324 0 0 0 1
325 1 2 0 0
326 0 0 1 0
327 0 1 0 0
328 0 0 0 0
329 0 0 0 2
330 0 0 0 0
331 0 0 0 1
332 0 0 0 1
333 0 0 0 1
334 0 1 0 0
335 0 0 0 0
336 0 0 0 0
337 0 0 0 0
338 0 0 0 1
339 0 0 0 0
340 0 0 0 0
341 0 0 0 0
342 0 0 0 0
343 0 0 0 0
344 0 0 0 0
345 0 0 0 0
346 0 0 0 0
347 0 0 0 0
348 0 0 0 0
349 0 0 0 0
350 0 0 0 0
351 0 0 0 0
352 0 0 0 0
353 0 0 0 0
354 0 0 0 0
355 0 0 0 0
356 0 0 0 0
357 0 0 0 0
358 0 0 0 0
359 0 0 0 0
360 0 0 0 0
361 0 0 0 0
362 0 0 0 0
363 0 0 0 0
364 0 0 0 0
365 0 0 0 0
366 0 0 0 0
367 0 0 0 0
368 0 0 0 0
369 0 0 0 0
370 0 0 0 0
371 0 0 0 0
372 0 0 0 0
373 0 0 0 0
374 0 0 0 0
375 0 0 0 0
376 0 0 0 0
377 0 0 0 0
378 0 0 0 0
379 0 0 0 0
380 0 0 0 0
381 0 0 0 0
382 0 0 0 0
383 0 0 0 0
384 0 0 0 0
385 0 0 0 0
386 0 0 0 0
387 0 0 0 0
388 0 0 0 0
389 0 0 0 0
390 0 0 0 0
391 0 0 0 0
392 0 0 0 0
393 0 0 0 0
394 0 0 0 0
395 0 0 0 0
396 0 0 0 0
397 0 0 0 0
398 0 0 0 0
399 0 0 0 0
400 0 0 0 0
401 0 0 0 0
402 0 0 0 0
403 0 0 0 0
404 0 0 0 0
405 0 0 0 0
406 0 0 0 0
407 0 0 0 0
408 0 0 0 0
409 0 0 0 0
410 0 0 0 0
411 0 0 0 0
412 0 0 0 0
413 0 0 0 0
414 0 0 0 0
415 0 0 0 0
416 0 0 0 0
417 0 0 0 0
418 0 0 0 0
419 0 0 0 0
420 0 0 0 0
421 0 0 0 0
422 0 0 0 0
423 0 0 0 0
424 0 0 0 0
425 0 0 0 0
426 0 0 0 0
427 0 0 0 0
428 0 0 0 0
429 0 0 0 0
430 0 0 0 0
431 0 0 0 0
432 0 0 0 0
433 0 0 0 0
434 0 0 0 0
435 0 0 0 0
436 0 0 0 0
437 0 0 0 0
438 0 0 0 0
439 0 0 0 0
440 0 0 0 0
441 0 0 0 0
442 0 0 0 0
443 0 0 0 0
444 0 0 0 0
445 0 0 0 0
446 0 0 0 0
447 0 0 0 0
448 0 0 0 0
449 0 0 0 0
450 0 0 0 0
451 0 0 0 0
452 0 0 0 0
453 0 0 0 0
454 0 0 0 0
455 0 0 0 0
456 0 0 0 0
457 0 0 0 0
458 0 0 0 0
459 0 0 0 0
460 0 0 0 0
461 0 0 0 0
462 0 0 0 0
463 0 0 0 0
464 0 0 0 0
465 0 0 0 0
466 0 0 0 0
467 0 0 0 0
468 0 0 0 0
469 0 0 0 0
470 0 0 0 0
471 0 0 0 0
472 0 0 0 0
473 0 0 0 0
474 0 0 0 0
475 0 0 0 0
476 0 0 0 0
477 0 0 0 0
478 0 0 0 0
479 0 0 0 0
480 0 0 0 0
481 0 0 0 0
482 0 0 0 0
483 0 0 0 0
484 0 0 0 0
485 0 0 0 0
486 0 0 0 0
487 0 0 0 0
488 0 0 0 0
489 0 0 0 0
490 0 0 0 0
491 0 0 0 0
492 0 0 0 0
493 0 0 0 0
494 0 0 0 0
495 0 0 0 0
496 0 0 0 0
497 0 0 0 0
498 0 0 0 0
499 0 0 0 0
500 0 0 0 0
501 0 0 0 0
502 0 0 0 0
503 0 0 0 0
504 0 0 0 0
505 0 0 0 0
506 0 0 0 0
507 0 0 0 0
508 0 0 0 0
509 0 0 0 0
510 0 0 0 0
511 0 0 0 0
512 0 0 0 0
513 0 0 0 0
514 0 0 0 0
515 0 0 0 0
516 0 0 0 0
517 0 0 0 0
518 0 0 0 0
519 0 0 0 0
520 0 0 0 0
521 0 0 0 0
522 0 0 0 0
523 0 0 0 0
524 0 0 0 0
525 0 0 0 0
526 0 0 0 0
527 0 0 0 0
528 0 0 0 0
529 0 0 0 0
530 0 0 0 0
531 0 0 0 0
532 0 0 0 0
533 0 0 0 0
534 0 0 0 0
535 0 0 0 0
536 0 0 0 0
537 0 0 0 0
538 0 0 0 0
539 0 0 0 0
540 0 0 0 0
541 0 0 0 0
542 0 0 0 0
543 0 0 0 0
544 0 0 0 0
545 0 0 0 0
546 0 0 0 0
547 0 0 0 0
548 0 0 0 0
549 0 0 0 0
550 0 0 0 0
551 0 0 0 0
552 0 0 0 0
553 0 0 0 0
554 0 0 0 0
555 0 0 0 0
556 0 0 0 0
557 0 0 0 0
558 0 0 0 0
559 0 0 0 0
560 0 0 0 0
561 0 0 0 0
562 0 0 0 0
563 0 0 0 0
564 0 0 0 0
565 0 0 0 0
566 0 0 0 0
567 0 0 0 0
568 0 0 0 0
569 0 0 0 0
570 0 0 0 0
571 0 0 0 0
572 0 0 0 0
573 0 0 0 0
574 0 0 0 0
575 0 0 0 0
576 0 0 0 0
577 0 0 0 0
578 0 0 0 0
579 0 0 0 0
580 0 0 0 0
581 0 0 0 0
582 0 0 0 0
583 0 0 0 0
584 0 0 0 0
585 0 0 0 0
586 0 0 0 0
587 0 0 0 0
588 0 0 0 0
589 0 0 0 0
590 0 0 0 0
591 0 0 0 0
592 0 0 0 0
593 0 0 0 0
594 0 0 0 0
595 0 0 0 0
596 0 0 0 0
597 0 0 0 0
598 0 0 0 0
599 0 0 0 0
600 0 0 0 0
601 0 0 0 0
602 0 0 0 0
603 0 0 0 0
604 0 0 0 0
605 0 0 0 0
606 0 0 0 0
607 0 0 0 0
608 0 0 0 0
609 0 0 0 0
610 0 0 0 0
611 0 0 0 0
612 0 0 0 0
613 0 0 0 0
614 0 0 0 0
615 0 0 0 0
616 0 0 0 0
617 0 0 0 0
618 0 0 0 0
619 0 0 0 0
620 0 0 0 0
621 0 0 0 0
622 0 0 0 0
623 0 0 0 0
624 0 0 0 0
625 0 0 0 0
626 0 0 0 0
627 0 0 0 0
628 0 0 0 0
629 0 0 0 0
630 0 0 0 0
631 0 0 0 0
632 0 0 0 0
633 0 0 0 0
634 0 0 0 0
635 0 0 0 0
636 0 0 0 0
637 0 0 0 0
638 0 0 0 0
639 0 0 0 0
640 0 0 0 0
641 0 0 0 0
642 0 0 0 0
643 0 0 0 0
644 0 0 0 0
645 0 0 0 0
646 0 0 0 0
647 0 0 0 0
648 0 0 0 0
649 0 0 0 0
650 0 0 0 0
651 0 0 0 0
652 0 0 0 0
653 0 0 0 0
654 0 0 0 0
655 0 0 0 0
656 0 0 0 0
657 0 0 0 0
658 0 0 0 0
659 0 0 0 0
660 0 0 0 0
661 0 0 0 0
662 0 0 0 0
663 0 0 0 0
664 0 0 0 0
665 0 0 0 0
666 0 0 0 0
667 0 0 0 0
668 0 0 0 0
669 0 0 0 0
670 0 0 0 0
671 0 0 0 0
672 0 0 0 0
673 0 0 0 0
674 0 0 0 0
675 0 0 0 0
676 0 0 0 0
677 0 0 0 0
678 0 0 0 0
679 0 0 0 0
680 0 0 0 0
681 0 0 0 0
682 0 0 0 0
683 0 0 0 0
684 0 0 0 0
685 0 0 0 0
686 0 0 0 0
687 0 0 0 0
688 0 0 0 0
689 0 0 0 0
690 0 0 0 0
691 0 0 0 0
692 0 0 0 0
693 0 0 0 0
694 0 0 0 0
695 0 0 0 0
696 0 0 0 0
697 0 0 0 0
698 0 0 0 0
699 0 0 0 0
700 0 0 0 0
701 0 0 0 0
702 0 0 0 0
703 0 0 0 0
704 0 0 0 0
705 0 0 0 0
706 0 0 0 0
707 0 0 0 0
708 0 0 0 0
709 0 0 0 0
710 0 0 0 0
711 0 0 0 0
712 0 0 0 0
713 0 0 0 0
714 0 0 0 0
715 0 0 0 0
716 0 0 0 0
717 0 0 0 0
718 0 0 0 0
719 0 0 0 0
720 0 0 0 0
721 0 0 0 0
722 0 0 0 0
723 0 0 0 0
724 0 0 0 0
725 0 0 0 0
726 0 0 0 0
727 0 0 0 0
