0 0 0 0 0
1 0 0 0 0
2 0 0 0 0
3 0 0 0 0
4 0 0 0 0
5 0 0 2 0
6 0 1 0 0
7 0 0 0 0
8 0 0 0 0
9 0 2 0 1
10 0 0 0 0
11 0 0 0 0
12 0 0 0 1
13 0 0 0 3
14 0 0 0 0
15 0 0 0 0
16 1 0 0 0
17 1 0 0 0
18 1 0 0 0
19 1 0 0 0
20 1 0 0 0
21 1 0 0 0
22 2 1 0 0
23 1 0 0 0
24 2 0 0 0
25 1 0 2 0
26 1 0 0 1
27 0 3 0 0
28 2 2 0 0
29 0 0 1 1
30 2 1 0 0
31 2 0 0 2
32 0 0 0 2
33 0 0 1 1
34 0 1 0 2
35 1 2 1 1
36 0 1 1 0
37 0 1 1 1
38 0 0 0 0
39 0 0 0 0
40 0 0 0 0
41 0 0 0 3
42 1 0 0 3
43 1 0 0 2
44 2 0 1 0
45 1 0 0 0
46 0 0 0 0
47 0 0 0 0
48 1 0 0 1
49 0 1 0 0
50 1 0 0 0
51 1 1 0 0
52 1 1 0 0
53 0 1 0 1
54 0 0 1 0
55 0 0 1 0
56 1 1 0 1
57 0 1 0 0
58 0 0 0 2
59 0 0 0 0
60 0 0 0 1
61 0 1 0 0
62 0 0 0 1
63 1 0 0 1
64 0 0 0 1
65 1 0 1 0
66 1 0 0 0
67 1 0 0 0
68 1 0 0 1
69 1 0 0 1
70 1 1 0 0
71 0 0 0 0
72 0 1 0 0
73 0 0 0 0
74 3 0 0 1
75 4 2 1 0
76 1 0 1 1
77 2 0 0 0
78 1 1 0 0
79 1 2 0 0
80 2 0 2 0
81 0 1 0 0
82 1 1 0 3
83 1 1 0 2
84 0 1 1 0
85 0 2 0 2
86 1 0 1 3
87 0 1 1 2
88 1 0 2 1
89 3 0 0 1
90 4 0 0 0
91 2 1 0 2
92 2 0 0 3
93 1 0 0 1
94 1 3 0 0
95 3 1 1 2
96 4 2 0 0
97 1 2 1 0
98 4 0 0 3
99 4 2 0 1
100 2 1 1 1
101 2 1 0 2
102 1 1 0 1
103 4 1 2 2
104 3 1 3 2
105 4 4 1 0
106 3 2 1 1
107 3 2 0 2
108 2 4 0 3
109 0 0 2 2
110 6 0 3 2
111 3 0 1 3
112 3 0 1 7
113 2 2 1 4
114 0 1 0 2
115 1 6 1 1
116 2 3 2 2
117 4 2 2 4
118 4 1 0 2
119 3 0 1 4
120 5 1 1 4
121 5 1 1 3
122 7 1 1 3
123 6 3 0 2
124 6 1 0 4
125 5 2 2 2
126 11 5 1 2
127 3 2 3 0
128 2 2 2 2
129 2 2 3 1
130 3 2 2 6
131 1 4 6 4
132 4 3 2 4
133 1 2 2 7
134 1 2 2 2
135 3 3 2 8
136 3 3 1 4
137 3 1 2 4
138 4 0 0 7
139 8 1 1 4
140 5 0 0 4
141 4 0 2 4
142 5 2 1 3
143 8 2 1 4
144 10 5 2 1
145 10 2 4 2
146 11 2 1 2
147 9 3 0 0
148 9 5 2 6
149 4 3 4 4
150 6 3 1 6
151 7 5 6 2
152 3 2 5 7
153 7 8 2 4
154 6 7 4 6
155 7 7 1 9
156 4 7 3 8
157 6 5 2 7
158 4 2 2 9
159 11 2 1 9
160 12 3 4 8
161 14 1 1 10
162 12 6 4 5
163 14 6 1 5
164 8 5 2 5
165 5 4 3 3
166 8 4 1 7
167 11 5 6 11
168 10 11 4 4
169 15 8 3 8
170 12 12 2 5
171 12 5 5 11
172 11 8 4 13
173 5 7 2 9
174 8 10 1 10
175 9 4 4 9
176 8 7 2 9
177 6 4 5 15
178 20 5 2 9
179 9 4 6 11
180 13 5 5 8
181 12 8 5 13
182 15 6 3 11
183 11 13 4 8
184 14 4 3 7
185 12 6 4 5
186 14 3 6 8
187 18 7 7 17
188 11 5 6 12
189 9 8 4 13
190 14 6 8 18
191 12 5 12 11
192 14 6 6 7
193 14 10 1 5
194 13 5 2 12
195 16 8 5 16
196 14 13 5 10
197 19 8 7 14
198 20 7 6 10
199 14 9 4 18
200 18 7 8 14
201 13 9 4 13
202 15 8 7 13
203 12 8 12 17
204 14 6 5 13
205 12 9 8 14
206 16 6 7 11
207 18 10 7 19
208 7 10 4 8
209 9 9 4 18
210 9 11 4 15
211 8 11 8 18
212 10 12 4 16
213 10 9 3 15
214 11 7 5 17
215 13 7 6 12
216 2 8 8 11
217 10 3 3 11
218 6 5 3 16
219 8 4 4 17
220 6 6 3 14
221 7 6 2 11
222 11 8 1 9
223 5 3 3 16
224 10 9 0 9
225 7 3 3 7
226 8 4 3 5
227 9 5 1 6
228 7 4 3 10
229 5 4 3 9
230 6 7 2 5
231 8 9 3 8
232 10 3 4 5
233 6 5 3 8
234 7 2 3 9
235 4 5 1 9
236 5 7 2 6
237 4 5 5 6
238 2 5 2 10
239 3 7 0 10
240 1 6 2 6
241 5 4 1 7
242 2 4 0 9
243 3 2 1 10
244 2 4 0 9
245 2 3 0 4
246 2 4 1 4
247 1 1 1 4
248 4 2 0 6
249 3 2 1 3
250 2 2 0 4
251 5 1 1 2
252 2 2 1 3
253 3 1 3 3
254 5 1 0 2
255 6 1 1 2
256 2 3 0 2
257 2 2 2 3
258 3 3 0 2
259 2 2 1 3
260 1 3 4 5
261 2 0 1 3
262 2 3 1 4
263 0 3 2 1
264 1 1 1 6
265 0 0 1 2
266 0 1 0 4
267 0 0 1 5
268 1 0 1 2
269 1 2 0 3
270 1 0 1 3
271 1 1 0 1
272 0 0 0 0
273 0 0 0 0
274 1 0 0 0
275 3 1 0 3
276 1 0 0 1
277 3 0 0 1
278 1 1 0 0
279 1 2 0 1
280 1 2 0 0
281 1 0 0 0
282 0 2 0 0
283 0 0 0 2
284 1 0 2 2
285 1 1 0 1
286 0 0 1 0
287 1 0 1 0
288 0 1 0 0
289 0 1 1 2
290 0 0 2 0
291 0 0 0 2
292 1 0 1 1
293 0 0 0 1
294 1 0 0 2
295 2 0 0 1
296 0 0 0 2
297 0 1 0 1
298 2 0 0 0
299 0 1 0 1
300 1 0 0 0
301 1 0 0 0
302 0 0 0 1
303 0 0 0 1
304 0 1 1 0
305 0 1 0 0
306 0 1 0 0
307 0 1 1 0
308 0 0 0 1
309 0 0 0 1
310 0 0 0 1
311 0 0 0 3
312 0 0 0 0
313 0 0 0 0
314 0 0 0 0
315 0 0 0 0
316 0 0 0 0
317 0 0 0 0
318 0 0 0 0
319 0 0 0 0
320 0 0 0 0
321 1 0 0 0
322 1 0 0 0
323 1 0 0 0
324 1 0 0 0
325 0 0 0 0
326 1 1 0 0
327 1 0 0 0
328 1 1 0 0
329 0 0 1 0
330 0 0 0 0
331 0 0 2 0
332 0 1 0 1
333 0 0 1 2
334 0 0 0 0
335 0 0 0 2
336 0 0 0 1
337 0 0 0 0
338 0 0 0 0
339 0 0 0 0
340 0 0 0 1
341 0 0 0 0
342 0 0 0 0
343 0 0 0 0
344 0 0 0 0
345 0 0 0 0
346 0 0 0 0
347 0 0 0 0
348 0 0 0 0
349 0 0 0 0
350 0 0 0 0
351 0 0 0 0
352 1 0 0 0
353 0 0 0 0
354 0 0 0 0
355 0 0 0 0
356 0 0 0 0
357 0 1 0 0
358 0 0 0 0
359 0 0 0 0
360 0 0 0 0
361 0 0 0 1
362 0 0 0 0
363 0 0 0 0
364 0 0 0 0
365 0 0 0 0
366 0 0 0 0
367 0 0 0 0
368 0 0 0 0
369 0 0 0 0
370 0 0 0 0
371 0 0 0 0
372 0 0 0 0
373 0 0 0 0
374 0 0 0 0
375 0 0 0 0
376 0 0 0 0
377 0 0 0 0
378 0 0 0 0
379 0 0 0 0
380 0 0 0 0
381 0 0 0 0
382 0 0 0 0
383 0 0 0 0
384 0 0 0 0
385 0 0 0 0
386 0 0 0 0
387 0 0 0 0
388 0 0 0 0
389 0 0 0 0
390 0 0 0 0
391 0 0 0 0
392 0 0 0 0
393 0 0 0 0
394 0 0 0 0
395 0 0 0 0
396 0 0 0 0
397 0 0 0 0
398 0 0 0 0
399 0 0 0 0
400 0 0 0 0
401 0 0 0 0
402 0 0 0 0
403 0 0 0 0
404 0 0 0 0
405 0 0 0 0
406 0 0 0 0
407 0 0 0 0
408 0 0 0 0
409 0 0 0 0
410 0 0 0 0
411 0 0 0 0
412 0 0 0 0
413 0 0 0 0
414 0 0 0 0
415 0 0 0 0
416 0 0 0 0
417 0 0 0 0
418 0 0 0 0
419 0 0 0 0
420 0 0 0 0
421 0 0 0 0
422 0 0 0 0
423 0 0 0 0
424 0 0 0 0
425 0 0 0 0
426 0 0 0 0
427 0 0 0 0
428 0 0 0 0
429 0 0 0 0
430 0 0 0 0
431 0 0 0 0
432 0 0 0 0
433 0 0 0 0
434 0 0 0 0
435 0 0 0 0
436 0 0 0 0
437 0 0 0 0
438 0 0 0 0
439 0 0 0 0
440 0 0 0 0
441 0 0 0 0
442 0 0 0 0
443 0 0 0 0
444 0 0 0 0
445 0 0 0 0
446 0 0 0 0
447 0 0 0 0
448 0 0 0 0
449 0 0 0 0
450 0 0 0 0
451 0 0 0 0
452 0 0 0 0
453 0 0 0 0
454 0 0 0 0
455 0 0 0 0
456 0 0 0 0
457 0 0 0 0
458 0 0 0 0
459 0 0 0 0
460 0 0 0 0
461 0 0 0 0
462 0 0 0 0
463 0 0 0 0
464 0 0 0 0
465 0 0 0 0
466 0 0 0 0
467 0 0 0 0
468 0 0 0 0
469 0 0 0 0
470 0 0 0 0
471 0 0 0 0
472 0 0 0 0
473 0 0 0 0
474 0 0 0 0
475 0 0 0 0
476 0 0 0 0
477 0 0 0 0
478 0 0 0 0
479 0 0 0 0
480 0 0 0 0
481 0 0 0 0
482 0 0 0 0
483 0 0 0 0
484 0 0 0 0
485 0 0 0 0
486 0 0 0 0
487 0 0 0 0
488 0 0 0 0
489 0 0 0 0
490 0 0 0 0
491 0 0 0 0
492 0 0 0 0
493 0 0 0 0
494 0 0 0 0
495 0 0 0 0
496 0 0 0 0
497 0 0 0 0
498 0 0 0 0
499 0 0 0 0
500 0 0 0 0
501 0 0 0 0
502 0 0 0 0
503 0 0 0 0
504 0 0 0 0
505 0 0 0 0
506 0 0 0 0
507 0 0 0 0
508 0 0 0 0
509 0 0 0 0
510 0 0 0 0
511 0 0 0 0
512 0 0 0 0
513 0 0 0 0
514 0 0 0 0
515 0 0 0 0
516 0 0 0 0
517 0 0 0 0
518 0 0 0 0
519 0 0 0 0
520 0 0 0 0
521 0 0 0 0
522 0 0 0 0
523 0 0 0 0
524 0 0 0 0
525 0 0 0 0
526 0 0 0 0
527 0 0 0 0
528 0 0 0 0
529 0 0 0 0
530 0 0 0 0
531 0 0 0 0
532 0 0 0 0
533 0 0 0 0
534 0 0 0 0
535 0 0 0 0
536 0 0 0 0
537 0 0 0 0
538 0 0 0 0
539 0 0 0 0
540 0 0 0 0
541 0 0 0 0
542 0 0 0 0
543 0 0 0 0
544 0 0 0 0
545 0 0 0 0
546 0 0 0 0
547 0 0 0 0
548 0 0 0 0
549 0 0 0 0
550 0 0 0 0
551 0 0 0 0
552 0 0 0 0
553 0 0 0 0
554 0 0 0 0
555 0 0 0 0
556 0 0 0 0
557 0 0 0 0
558 0 0 0 0
559 0 0 0 0
560 0 0 0 0
561 0 0 0 0
562 0 0 0 0
563 0 0 0 0
564 0 0 0 0
565 0 0 0 0
566 0 0 0 0
567 0 0 0 0
568 0 0 0 0
569 0 0 0 0
570 0 0 0 0
571 0 0 0 0
572 0 0 0 0
573 0 0 0 0
574 0 0 0 0
575 0 0 0 0
576 0 0 0 0
577 0 0 0 0
578 0 0 0 0
579 0 0 0 0
580 0 0 0 0
581 0 0 0 0
582 0 0 0 0
583 0 0 0 0
584 0 0 0 0
585 0 0 0 0
586 0 0 0 0
587 0 0 0 0
588 0 0 0 0
589 0 0 0 0
590 0 0 0 0
591 0 0 0 0
592 0 0 0 0
593 0 0 0 0
594 0 0 0 0
595 0 0 0 0
596 0 0 0 0
597 0 0 0 0
598 0 0 0 0
599 0 0 0 0
600 0 0 0 0
601 0 0 0 0
602 0 0 0 0
603 0 0 0 0
604 0 0 0 0
605 0 0 0 0
606 0 0 0 0
607 0 0 0 0
608 0 0 0 0
609 0 0 0 0
610 0 0 0 0
611 0 0 0 0
612 0 0 0 0
613 0 0 0 0
614 0 0 0 0
615 0 0 0 0
616 0 0 0 0
617 0 0 0 0
618 0 0 0 0
619 0 0 0 0
620 0 0 0 0
621 0 0 0 0
622 0 0 0 0
623 0 0 0 0
624 0 0 0 0
625 0 0 0 0
626 0 0 0 0
627 0 0 0 0
628 0 0 0 0
629 0 0 0 0
630 0 0 0 0
631 0 0 0 0
632 0 0 0 0
633 0 0 0 0
634 0 0 0 0
635 0 0 0 0
636 0 0 0 0
637 0 0 0 0
638 0 0 0 0
639 0 0 0 0
640 0 0 0 0
641 0 0 0 0
642 0 0 0 0
643 0 0 0 0
644 0 0 0 0
645 0 0 0 0
646 0 0 0 0
647 0 0 0 0
648 0 0 0 0
649 0 0 0 0
650 0 0 0 0
651 0 0 0 0
652 0 0 0 0
653 0 0 0 0
654 0 0 0 0
655 0 0 0 0
656 0 0 0 0
657 0 0 0 0
658 0 0 0 0
659 0 0 0 0
660 0 0 0 0
661 0 0 0 0
662 0 0 0 0
663 0 0 0 0
664 0 0 0 0
665 0 0 0 0
666 0 0 0 0
667 0 0 0 0
668 0 0 0 0
669 0 0 0 0
670 0 0 0 0
671 0 0 0 0
672 0 0 0 0
673 0 0 0 0
674 0 0 0 0
675 0 0 0 0
676 0 0 0 0
677 0 0 0 0
678 0 0 0 0
679 0 0 0 0
680 0 0 0 0
681 0 0 0 0
682 0 0 0 0
683 0 0 0 0
684 0 0 0 0
685 0 0 0 0
686 0 0 0 0
687 0 0 0 0
688 0 0 0 0
689 0 0 0 0
690 0 0 0 0
691 0 0 0 0
692 0 0 0 0
693 0 0 0 0
694 0 0 0 0
695 0 0 0 0
696 0 0 0 0
697 0 0 0 0
698 0 0 0 0
699 0 0 0 0
700 0 0 0 0
701 0 0 0 0
702 0 0 0 0
703 0 0 0 0
704 0 0 0 0
705 0 0 0 0
706 0 0 0 0
707 0 0 0 0
708 0 0 0 0
709 0 0 0 0
710 0 0 0 0
711 0 0 0 0
712 0 0 0 0
713 0 0 0 0
714 0 0 0 0
715 0 0 0 0
716 0 0 0 0
717 0 0 0 0
718 0 0 0 0
719 0 0 0 0
720 0 0 0 0
721 0 0 0 0
722 0 0 0 0
723 0 0 0 0
724 0 0 0 0
725 0 0 0 0
726 0 0 0 0
727 0 0 0 0
