0 0 0 0 0
1 0 0 0 0
2 0 0 0 0
3 0 0 0 0
4 0 0 0 0
5 0 2 0 0
6 0 0 0 0
7 0 0 0 0
8 0 0 0 0
9 0 2 1 1
10 0 0 0 0
11 0 0 0 0
12 0 0 0 1
13 0 0 0 2
14 0 0 0 0
15 0 0 0 0
16 0 0 0 1
17 1 0 0 0
18 0 0 0 0
19 0 0 0 0
20 0 0 0 0
21 0 0 0 0
22 1 0 1 0
23 1 0 0 0
24 0 0 0 0
25 0 0 0 0
26 0 0 0 0
27 1 0 0 0
28 1 1 0 0
29 0 0 0 1
30 0 0 0 0
31 1 1 0 0
32 1 0 0 1
33 1 0 1 0
34 0 0 0 0
35 0 0 0 1
36 0 1 1 0
37 0 1 0 0
38 1 0 0 0
39 0 0 0 0
40 1 0 0 2
41 0 0 0 0
42 0 1 0 0
43 0 0 1 1
44 0 0 0 1
45 1 0 0 0
46 0 0 0 1
47 0 0 0 0
48 0 0 0 0
49 0 1 0 1
50 0 1 0 0
51 1 0 0 0
52 1 0 0 0
53 2 0 0 1
54 2 0 0 0
55 2 0 0 0
56 4 0 1 0
57 3 1 0 1
58 0 0 0 0
59 1 0 0 0
60 1 2 0 0
61 0 2 0 0
62 1 3 2 0
63 2 0 1 1
64 0 1 0 2
65 2 1 1 1
66 0 1 1 3
67 0 0 0 2
68 0 0 0 1
69 0 0 0 3
70 1 0 0 1
71 0 0 1 1
72 0 1 1 1
73 1 0 0 1
74 1 0 2 0
75 2 0 0 0
76 2 0 0 2
77 1 0 0 0
78 1 1 0 1
79 3 1 1 0
80 2 1 1 0
81 1 0 1 2
82 1 1 0 0
83 4 0 0 2
84 3 0 2 0
85 2 1 0 1
86 1 0 0 1
87 1 2 0 2
88 3 3 0 2
89 1 2 1 1
90 3 1 1 0
91 1 0 0 2
92 2 1 1 1
93 2 3 1 3
94 0 1 1 2
95 2 3 0 2
96 2 1 1 0
97 1 2 0 2
98 1 0 1 1
99 4 1 0 5
100 3 1 0 4
101 4 0 2 3
102 1 1 0 1
103 2 1 0 1
104 2 3 0 0
105 2 2 0 1
106 5 1 1 1
107 0 0 1 1
108 3 1 1 3
109 3 3 0 2
110 3 2 2 2
111 4 3 1 1
112 3 1 0 2
113 4 2 1 2
114 5 3 1 2
115 4 3 0 1
116 4 2 1 4
117 5 1 2 4
118 5 1 1 6
119 1 1 3 3
120 4 4 2 1
121 3 2 2 3
122 1 3 0 1
123 3 3 2 4
124 4 1 1 7
125 2 0 1 6
126 3 3 2 4
127 3 2 0 2
128 1 1 1 0
129 1 3 2 3
130 3 0 1 6
131 2 1 1 3
132 5 2 2 2
133 2 1 3 3
134 3 1 2 1
135 10 2 2 1
136 5 0 1 7
137 4 4 0 3
138 6 0 0 3
139 4 3 0 3
140 4 7 1 2
141 4 3 1 4
142 4 1 3 2
143 6 3 0 1
144 5 2 3 6
145 8 3 3 4
146 8 3 0 4
147 4 1 5 5
148 5 6 1 3
149 5 3 2 4
150 8 4 4 3
151 6 5 1 4
152 6 3 3 9
153 7 3 1 4
154 9 3 3 10
155 4 3 3 4
156 2 1 1 6
157 4 3 1 4
158 7 4 2 9
159 5 6 7 5
160 5 4 3 6
161 9 1 2 2
162 7 3 2 3
163 3 5 3 6
164 6 2 2 8
165 6 3 0 6
166 8 4 1 8
167 10 5 1 7
168 11 3 2 6
169 8 3 3 7
170 11 4 1 5
171 3 3 2 5
172 14 5 1 4
173 10 8 3 7
174 12 5 2 2
175 6 8 3 5
176 7 4 1 4
177 12 10 3 8
178 5 10 1 7
179 12 10 5 8
180 10 2 5 7
181 8 8 3 12
182 10 5 9 15
183 8 2 2 11
184 6 3 4 7
185 7 4 3 7
186 4 2 3 15
187 3 5 5 5
188 10 8 5 13
189 9 4 2 11
190 9 5 4 5
191 8 5 2 7
192 9 1 3 12
193 11 4 5 6
194 9 3 1 10
195 12 2 4 5
196 11 5 3 4
197 8 11 2 9
198 9 8 6 8
199 9 2 4 5
200 10 6 4 9
201 9 7 0 8
202 10 5 3 10
203 9 5 8 6
204 8 6 3 11
205 10 6 1 14
206 7 5 3 9
207 10 6 4 11
208 8 7 4 7
209 7 7 4 6
210 6 8 4 9
211 4 2 4 9
212 6 7 3 10
213 6 5 3 11
214 8 7 2 9
215 5 5 4 7
216 5 2 2 12
217 7 2 4 9
218 8 3 1 10
219 8 7 2 5
220 10 3 1 5
221 10 4 1 8
222 8 1 3 11
223 5 6 2 7
224 5 5 2 4
225 3 6 3 3
226 6 6 5 8
227 3 4 2 3
228 4 4 2 7
229 6 6 5 8
230 1 3 1 13
231 2 4 1 7
232 2 5 0 7
233 2 1 2 7
234 5 3 4 4
235 4 2 1 5
236 6 1 0 9
237 1 1 1 3
238 4 2 0 8
239 4 1 2 3
240 2 5 1 3
241 3 3 2 2
242 2 1 2 4
243 3 1 2 1
244 4 4 1 6
245 1 1 3 3
246 1 0 1 4
247 3 2 2 3
248 2 1 1 6
249 2 0 4 1
250 4 2 2 2
251 2 1 0 6
252 2 1 3 5
253 2 1 1 4
254 3 0 0 3
255 2 0 2 0
256 1 1 0 3
257 0 1 1 1
258 3 2 2 2
259 1 1 2 2
260 1 1 1 1
261 1 2 0 1
262 2 0 0 2
263 0 0 2 3
264 1 1 0 1
265 0 0 0 4
266 1 0 1 1
267 3 2 1 2
268 1 1 0 3
269 2 1 0 0
270 0 0 0 2
271 1 2 0 2
272 1 1 0 0
273 0 1 1 0
274 0 0 0 2
275 1 0 1 1
276 0 2 1 1
277 2 0 0 1
278 0 1 1 2
279 1 0 0 1
280 1 1 0 1
281 1 0 1 0
282 1 1 0 3
283 1 0 0 3
284 0 0 1 1
285 1 1 0 1
286 1 1 1 1
287 0 1 0 0
288 0 0 0 1
289 0 0 0 0
290 1 0 0 1
291 1 1 0 0
292 0 0 1 1
293 0 0 0 1
294 1 0 1 1
295 1 1 0 1
296 1 0 1 0
297 0 0 0 0
298 0 0 0 0
299 0 0 1 2
300 1 1 0 1
301 0 1 0 1
302 0 0 0 0
303 0 0 0 1
304 0 0 0 0
305 0 0 1 1
306 0 0 0 0
307 1 0 0 1
308 0 0 0 0
309 0 0 0 1
310 0 0 0 0
311 0 0 0 0
312 0 0 0 0
313 0 0 0 0
314 0 0 0 0
315 0 0 0 0
316 2 0 1 0
317 0 0 0 0
318 1 0 0 0
319 2 0 0 0
320 0 0 0 0
321 0 1 0 0
322 0 0 0 0
323 0 0 1 1
324 0 0 0 0
325 0 1 0 1
326 0 0 0 0
327 1 0 0 1
328 0 1 1 0
329 0 0 0 1
330 0 0 0 0
331 0 0 0 0
332 0 1 0 1
333 0 0 0 0
334 0 0 0 0
335 0 0 0 1
336 0 0 0 0
337 0 0 0 0
338 0 0 0 0
339 0 0 0 1
340 0 0 0 0
341 0 0 0 0
342 0 0 0 0
343 0 0 0 0
344 0 0 0 0
345 1 0 0 0
346 1 0 0 0
347 1 0 0 0
348 0 0 0 0
349 0 0 0 0
350 0 1 0 0
351 0 0 0 0
352 0 0 0 0
353 0 0 0 0
354 1 0 0 1
355 1 1 0 0
356 0 0 1 0
357 0 0 0 0
358 0 0 0 0
359 0 0 1 0
360 0 1 0 0
361 0 0 0 0
362 0 0 0 2
363 0 0 0 0
364 0 0 0 1
365 0 0 0 0
366 0 0 0 1
367 0 0 0 0
368 0 0 0 0
369 0 0 0 0
370 0 0 0 0
371 0 0 0 0
372 0 0 0 0
373 0 0 0 0
374 0 0 0 0
375 0 0 0 0
376 0 0 0 0
377 0 0 0 0
378 0 0 0 0
379 0 0 0 0
380 0 0 0 0
381 0 0 0 0
382 0 0 0 0
383 0 0 0 0
384 0 0 0 0
385 0 0 0 0
386 0 0 0 0
387 0 0 0 0
388 0 0 0 0
389 0 0 0 0
390 0 0 0 0
391 0 0 0 0
392 0 0 0 0
393 0 0 0 0
394 0 0 0 0
395 0 0 0 0
396 0 0 0 0
397 0 0 0 0
398 0 0 0 0
399 0 0 0 0
400 0 0 0 0
401 0 0 0 0
402 0 0 0 0
403 0 0 0 0
404 0 0 0 0
405 0 0 0 0
406 0 0 0 0
407 0 0 0 0
408 0 0 0 0
409 0 0 0 0
410 0 0 0 0
411 0 0 0 0
412 0 0 0 0
413 0 0 0 0
414 0 0 0 0
415 0 0 0 0
416 0 0 0 0
417 0 0 0 0
418 0 0 0 0
419 0 0 0 0
420 0 0 0 0
421 0 0 0 0
422 0 0 0 0
423 0 0 0 0
424 0 0 0 0
425 0 0 0 0
426 0 0 0 0
427 0 0 0 0
428 0 0 0 0
429 0 0 0 0
430 0 0 0 0
431 0 0 0 0
432 0 0 0 0
433 0 0 0 0
434 0 0 0 0
435 0 0 0 0
436 0 0 0 0
437 0 0 0 0
438 0 0 0 0
439 0 0 0 0
440 0 0 0 0
441 0 0 0 0
442 0 0 0 0
443 0 0 0 0
444 0 0 0 0
445 0 0 0 0
446 0 0 0 0
447 0 0 0 0
448 0 0 0 0
449 0 0 0 0
450 0 0 0 0
451 0 0 0 0
452 0 0 0 0
453 0 0 0 0
454 0 0 0 0
455 0 0 0 0
456 0 0 0 0
457 0 0 0 0
458 0 0 0 0
459 0 0 0 0
460 0 0 0 0
461 0 0 0 0
462 0 0 0 0
463 0 0 0 0
464 0 0 0 0
465 0 0 0 0
466 0 0 0 0
467 0 0 0 0
468 0 0 0 0
469 0 0 0 0
470 0 0 0 0
471 0 0 0 0
472 0 0 0 0
473 0 0 0 0
474 0 0 0 0
475 0 0 0 0
476 0 0 0 0
477 0 0 0 0
478 0 0 0 0
479 0 0 0 0
480 0 0 0 0
481 0 0 0 0
482 0 0 0 0
483 0 0 0 0
484 0 0 0 0
485 0 0 0 0
486 0 0 0 0
487 0 0 0 0
488 0 0 0 0
489 0 0 0 0
490 0 0 0 0
491 0 0 0 0
492 0 0 0 0
493 0 0 0 0
494 0 0 0 0
495 0 0 0 0
496 0 0 0 0
497 0 0 0 0
498 0 0 0 0
499 0 0 0 0
500 0 0 0 0
501 0 0 0 0
502 0 0 0 0
503 0 0 0 0
504 0 0 0 0
505 0 0 0 0
506 0 0 0 0
507 0 0 0 0
508 0 0 0 0
509 0 0 0 0
510 0 0 0 0
511 0 0 0 0
512 0 0 0 0
513 0 0 0 0
514 0 0 0 0
515 0 0 0 0
516 0 0 0 0
517 0 0 0 0
518 0 0 0 0
519 0 0 0 0
520 0 0 0 0
521 0 0 0 0
522 0 0 0 0
523 0 0 0 0
524 0 0 0 0
525 0 0 0 0
526 0 0 0 0
527 0 0 0 0
528 0 0 0 0
529 0 0 0 0
530 0 0 0 0
531 0 0 0 0
532 0 0 0 0
533 0 0 0 0
534 0 0 0 0
535 0 0 0 0
536 0 0 0 0
537 0 0 0 0
538 0 0 0 0
539 0 0 0 0
540 0 0 0 0
541 0 0 0 0
542 0 0 0 0
543 0 0 0 0
544 0 0 0 0
545 0 0 0 0
546 0 0 0 0
547 0 0 0 0
548 0 0 0 0
549 0 0 0 0
550 0 0 0 0
551 0 0 0 0
552 0 0 0 0
553 0 0 0 0
554 0 0 0 0
555 0 0 0 0
556 0 0 0 0
557 0 0 0 0
558 0 0 0 0
559 0 0 0 0
560 0 0 0 0
561 0 0 0 0
562 0 0 0 0
563 0 0 0 0
564 0 0 0 0
565 0 0 0 0
566 0 0 0 0
567 0 0 0 0
568 0 0 0 0
569 0 0 0 0
570 0 0 0 0
571 0 0 0 0
572 0 0 0 0
573 0 0 0 0
574 0 0 0 0
575 0 0 0 0
576 0 0 0 0
577 0 0 0 0
578 0 0 0 0
579 0 0 0 0
580 0 0 0 0
581 0 0 0 0
582 0 0 0 0
583 0 0 0 0
584 0 0 0 0
585 0 0 0 0
586 0 0 0 0
587 0 0 0 0
588 0 0 0 0
589 0 0 0 0
590 0 0 0 0
591 0 0 0 0
592 0 0 0 0
593 0 0 0 0
594 0 0 0 0
595 0 0 0 0
596 0 0 0 0
597 0 0 0 0
598 0 0 0 0
599 0 0 0 0
600 0 0 0 0
601 0 0 0 0
602 0 0 0 0
603 0 0 0 0
604 0 0 0 0
605 0 0 0 0
606 0 0 0 0
607 0 0 0 0
608 0 0 0 0
609 0 0 0 0
610 0 0 0 0
611 0 0 0 0
612 0 0 0 0
613 0 0 0 0
614 0 0 0 0
615 0 0 0 0
616 0 0 0 0
617 0 0 0 0
618 0 0 0 0
619 0 0 0 0
620 0 0 0 0
621 0 0 0 0
622 0 0 0 0
623 0 0 0 0
624 0 0 0 0
625 0 0 0 0
626 0 0 0 0
627 0 0 0 0
628 0 0 0 0
629 0 0 0 0
630 0 0 0 0
631 0 0 0 0
632 0 0 0 0
633 0 0 0 0
634 0 0 0 0
635 0 0 0 0
636 0 0 0 0
637 0 0 0 0
638 0 0 0 0
639 0 0 0 0
640 0 0 0 0
641 0 0 0 0
642 0 0 0 0
643 0 0 0 0
644 0 0 0 0
645 0 0 0 0
646 0 0 0 0
647 0 0 0 0
648 0 0 0 0
649 0 0 0 0
650 0 0 0 0
651 0 0 0 0
652 0 0 0 0
653 0 0 0 0
654 0 0 0 0
655 0 0 0 0
656 0 0 0 0
657 0 0 0 0
658 0 0 0 0
659 0 0 0 0
660 0 0 0 0
661 0 0 0 0
662 0 0 0 0
663 0 0 0 0
664 0 0 0 0
665 0 0 0 0
666 0 0 0 0
667 0 0 0 0
668 0 0 0 0
669 0 0 0 0
670 0 0 0 0
671 0 0 0 0
672 0 0 0 0
673 0 0 0 0
674 0 0 0 0
675 0 0 0 0
676 0 0 0 0
677 0 0 0 0
678 0 0 0 0
679 0 0 0 0
680 0 0 0 0
681 0 0 0 0
682 0 0 0 0
683 0 0 0 0
684 0 0 0 0
685 0 0 0 0
686 0 0 0 0
687 0 0 0 0
688 0 0 0 0
689 0 0 0 0
690 0 0 0 0
691 0 0 0 0
692 0 0 0 0
693 0 0 0 0
694 0 0 0 0
695 0 0 0 0
696 0 0 0 0
697 0 0 0 0
698 0 0 0 0
699 0 0 0 0
700 0 0 0 0
701 0 0 0 0
702 0 0 0 0
703 0 0 0 0
704 0 0 0 0
705 0 0 0 0
706 0 0 0 0
707 0 0 0 0
708 0 0 0 0
709 0 0 0 0
710 0 0 0 0
711 0 0 0 0
712 0 0 0 0
713 0 0 0 0
714 0 0 0 0
715 0 0 0 0
716 0 0 0 0
717 0 0 0 0
718 0 0 0 0
719 0 0 0 0
720 0 0 0 0
721 0 0 0 0
722 0 0 0 0
723 0 0 0 0
724 0 0 0 0
725 0 0 0 0
726 0 0 0 0
727 0 0 0 0
