0 0 0 0 0
1 0 0 0 0
2 0 0 0 0
3 0 0 0 0
4 0 0 0 0
5 0 0 1 0
6 0 0 0 0
7 0 0 0 0
8 0 0 0 0
9 0 3 1 1
10 0 0 0 0
11 0 0 0 0
12 0 0 0 0
13 0 0 0 2
14 0 0 0 0
15 0 0 0 0
16 0 0 0 2
17 0 0 0 0
18 1 0 0 0
19 0 0 0 0
20 1 0 0 0
21 0 0 0 0
22 0 0 0 0
23 1 0 0 0
24 1 0 0 0
25 1 1 0 0
26 1 0 0 0
27 0 0 1 0
28 1 0 1 0
29 1 0 1 1
30 1 0 0 0
31 1 0 0 1
32 0 0 0 1
33 0 0 1 1
34 0 2 0 0
35 0 0 1 0
36 0 0 0 0
37 1 0 0 0
38 0 0 0 0
39 0 1 0 1
40 0 0 1 1
41 1 0 0 2
42 0 0 0 0
43 1 0 0 0
44 0 1 0 1
45 1 0 0 0
46 0 0 0 1
47 1 0 0 0
48 1 0 1 1
49 1 0 0 0
50 0 2 0 0
51 0 0 0 0
52 1 1 0 1
53 3 0 0 0
54 1 0 0 1
55 2 0 0 1
56 0 0 0 0
57 0 1 0 0
58 1 1 1 0
59 1 0 0 1
60 1 0 1 0
61 0 1 0 1
62 0 2 0 2
63 0 0 1 0
64 0 0 2 0
65 0 0 1 1
66 0 0 0 2
67 1 1 0 1
68 1 0 0 0
69 1 0 0 1
70 1 0 0 0
71 1 0 0 3
72 1 1 0 1
73 0 1 0 0
74 1 0 0 0
75 2 0 0 0
76 2 0 1 1
77 1 1 1 0
78 2 1 0 0
79 0 1 0 0
80 3 1 0 2
81 2 1 0 0
82 2 0 1 1
83 2 1 0 2
84 0 0 1 1
85 0 2 2 1
86 1 0 2 0
87 1 0 2 2
88 1 0 1 1
89 0 0 0 3
90 2 0 0 2
91 0 1 1 1
92 2 2 0 4
93 0 1 0 0
94 0 0 0 0
95 0 1 0 1
96 0 0 0 2
97 1 0 2 1
98 3 0 0 1
99 1 0 1 1
100 1 0 0 0
101 2 0 0 0
102 2 0 1 0
103 1 1 0 2
104 1 0 0 1
105 3 1 1 0
106 4 0 1 1
107 3 2 0 1
108 2 0 0 0
109 4 0 0 1
110 3 1 1 0
111 2 3 2 1
112 2 3 1 1
113 3 0 1 1
114 2 1 2 2
115 2 0 3 3
116 3 1 1 3
117 2 3 0 1
118 4 1 4 3
119 2 3 0 1
120 1 0 2 2
121 2 3 1 2
122 3 1 0 6
123 2 1 1 4
124 5 0 0 3
125 1 1 0 4
126 1 3 0 1
127 0 0 2 3
128 4 2 0 2
129 5 1 1 1
130 3 1 2 3
131 6 2 1 1
132 4 1 1 0
133 5 5 0 1
134 3 1 0 3
135 8 1 3 5
136 5 0 0 3
137 3 3 1 4
138 5 6 3 0
139 4 2 1 4
140 4 7 3 2
141 3 4 2 3
142 6 2 1 5
143 2 1 1 2
144 7 4 1 4
145 2 2 2 10
146 3 2 0 4
147 5 5 3 8
148 6 0 2 5
149 3 5 2 4
150 6 1 1 0
151 3 1 2 5
152 9 3 2 1
153 6 4 1 6
154 8 3 1 6
155 3 4 2 3
156 7 3 1 9
157 1 4 2 4
158 4 3 0 4
159 6 3 4 3
160 6 2 0 4
161 4 10 3 3
162 4 2 1 5
163 6 2 2 5
164 5 4 0 4
165 9 0 4 6
166 8 4 0 6
167 3 2 3 7
168 8 2 2 8
169 5 5 0 4
170 9 1 5 1
171 8 2 2 6
172 8 5 2 2
173 8 3 1 5
174 6 4 2 8
175 6 7 3 7
176 4 3 1 5
177 7 9 2 5
178 5 3 5 5
179 3 7 2 8
180 8 5 3 3
181 4 5 2 6
182 7 2 3 11
183 6 4 1 8
184 13 4 1 9
185 7 0 3 7
186 7 2 3 7
187 12 3 2 7
188 9 3 3 3
189 8 9 2 4
190 9 4 1 6
191 13 6 2 6
192 7 3 3 6
193 9 7 2 10
194 8 7 5 4
195 7 5 2 7
196 13 7 8 6
197 9 6 3 7
198 11 6 1 11
199 8 5 5 7
200 7 7 2 11
201 7 9 3 10
202 6 6 4 7
203 6 6 3 12
204 2 4 3 7
205 7 4 5 12
206 10 1 3 11
207 11 8 4 11
208 6 7 4 5
209 8 0 3 8
210 8 3 1 7
211 6 2 1 10
212 6 4 1 13
213 6 4 1 3
214 8 6 4 6
215 6 9 4 6
216 5 7 2 4
217 1 2 2 6
218 1 4 3 4
219 3 9 2 12
220 4 4 4 9
221 3 5 1 7
222 5 4 0 9
223 2 0 1 9
224 3 1 1 5
225 2 3 1 6
226 4 1 1 6
227 4 1 5 5
228 2 1 1 4
229 3 4 1 3
230 3 1 1 1
231 2 3 1 5
232 4 3 1 4
233 3 1 0 4
234 1 1 1 4
235 3 1 0 2
236 3 1 1 4
237 4 1 2 1
238 1 3 0 3
239 5 2 1 4
240 2 4 0 2
241 3 3 3 5
242 3 1 1 0
243 1 1 0 1
244 1 3 1 2
245 1 1 0 8
246 1 1 3 4
247 2 2 1 2
248 1 1 1 1
249 0 1 1 2
250 1 1 1 4
251 1 1 0 7
252 1 0 1 0
253 2 0 1 4
254 1 1 0 1
255 2 0 1 1
256 2 1 0 1
257 0 1 1 2
258 1 1 0 2
259 1 1 1 1
260 0 0 1 1
261 2 1 0 2
262 1 1 0 1
263 2 1 0 0
264 2 2 1 2
265 2 0 1 1
266 0 1 0 1
267 1 1 0 1
268 2 0 1 1
269 1 0 2 1
270 0 0 2 0
271 1 0 0 3
272 0 0 1 2
273 0 1 0 3
274 0 2 1 1
275 2 0 0 0
276 2 0 1 0
277 0 0 0 1
278 1 0 0 1
279 2 0 0 1
280 2 1 1 1
281 1 0 1 2
282 0 0 0 0
283 2 0 1 1
284 2 1 0 1
285 1 1 0 1
286 0 0 1 0
287 1 1 0 2
288 0 2 1 0
289 1 0 1 1
290 0 0 1 1
291 0 0 0 2
292 0 1 1 3
293 1 1 1 0
294 1 0 1 0
295 3 0 0 0
296 1 0 0 4
297 0 0 0 1
298 0 0 1 1
299 0 0 0 0
300 0 2 1 1
301 1 1 0 0
302 2 0 0 1
303 0 1 0 0
304 0 0 0 1
305 0 0 0 1
306 0 0 1 0
307 0 1 0 3
308 0 0 0 0
309 1 0 0 0
310 1 0 0 0
311 0 0 1 0
312 1 0 0 0
313 0 0 0 1
314 0 1 0 1
315 0 0 0 1
316 1 0 0 0
317 1 0 1 0
318 0 0 0 0
319 0 0 1 0
320 0 0 0 0
321 0 0 1 2
322 0 0 1 0
323 0 0 0 1
324 0 0 0 0
325 0 0 0 1
326 0 0 0 0
327 0 0 0 0
328 1 0 0 0
329 0 0 0 1
330 1 0 0 0
331 1 0 0 0
332 0 0 0 0
333 0 0 0 0
334 1 0 0 0
335 1 0 0 0
336 0 0 1 0
337 0 1 0 0
338 0 0 0 0
339 0 1 1 0
340 0 1 0 0
341 0 0 0 1
342 0 0 0 0
343 0 0 0 2
344 0 0 0 0
345 1 0 0 0
346 1 0 0 1
347 0 0 0 1
348 0 0 0 0
349 1 0 0 0
350 0 0 0 0
351 0 1 0 0
352 0 0 0 0
353 1 0 0 0
354 0 2 0 0
355 1 0 0 1
356 0 0 0 0
357 0 0 0 0
358 0 0 1 0
359 1 0 0 0
360 0 0 0 0
361 0 0 0 2
362 0 0 0 1
363 0 0 0 0
364 0 1 1 0
365 0 0 0 0
366 0 0 0 0
367 0 0 0 0
368 0 0 0 0
369 0 0 0 0
370 0 0 0 1
371 0 0 0 1
372 0 0 0 0
373 0 0 0 0
374 0 0 0 0
375 0 0 0 0
376 1 0 0 0
377 0 0 0 0
378 0 0 0 0
379 1 0 0 0
380 0 0 0 0
381 0 0 0 0
382 0 0 0 0
383 0 0 0 0
384 0 1 0 0
385 0 1 0 0
386 0 0 0 0
387 0 0 0 0
388 0 0 0 0
389 0 0 0 1
390 0 0 0 0
391 0 0 0 1
392 0 0 0 0
393 0 0 0 0
394 0 0 0 0
395 0 0 0 0
396 0 0 0 0
397 1 0 0 0
398 0 0 0 0
399 0 0 0 0
400 0 0 0 0
401 0 0 0 0
402 1 0 0 0
403 0 0 0 0
404 1 0 0 0
405 0 0 0 0
406 0 0 1 0
407 0 1 0 0
408 0 0 0 0
409 0 1 0 0
410 0 0 0 0
411 0 0 0 1
412 0 0 0 0
413 0 0 0 2
414 0 0 0 0
415 0 0 0 0
416 0 0 0 0
417 0 0 0 0
418 0 0 0 0
419 0 0 0 0
420 0 0 0 0
421 0 0 0 0
422 0 0 0 0
423 0 0 0 0
424 0 0 0 0
425 0 0 0 0
426 0 0 0 0
427 0 0 0 0
428 0 0 0 0
429 0 0 0 0
430 0 0 0 0
431 0 0 0 0
432 0 0 0 0
433 0 0 0 0
434 0 0 0 0
435 0 0 0 0
436 0 0 0 0
437 0 0 0 0
438 0 0 0 0
439 0 0 0 0
440 0 0 0 0
441 0 0 0 0
442 0 0 0 0
443 0 0 0 0
444 0 0 0 0
445 0 0 0 0
446 0 0 0 0
447 0 0 0 0
448 0 0 0 0
449 0 0 0 0
450 0 0 0 0
451 0 0 0 0
452 0 0 0 0
453 0 0 0 0
454 0 0 0 0
455 0 0 0 0
456 0 0 0 0
457 0 0 0 0
458 0 0 0 0
459 0 0 0 0
460 0 0 0 0
461 0 0 0 0
462 0 0 0 0
463 0 0 0 0
464 0 0 0 0
465 0 0 0 0
466 0 0 0 0
467 0 0 0 0
468 0 0 0 0
469 0 0 0 0
470 0 0 0 0
471 0 0 0 0
472 0 0 0 0
473 0 0 0 0
474 0 0 0 0
475 0 0 0 0
476 0 0 0 0
477 0 0 0 0
478 0 0 0 0
479 0 0 0 0
480 0 0 0 0
481 0 0 0 0
482 0 0 0 0
483 0 0 0 0
484 0 0 0 0
485 0 0 0 0
486 0 0 0 0
487 0 0 0 0
488 0 0 0 0
489 0 0 0 0
490 0 0 0 0
491 0 0 0 0
492 0 0 0 0
493 0 0 0 0
494 0 0 0 0
495 0 0 0 0
496 0 0 0 0
497 0 0 0 0
498 0 0 0 0
499 0 0 0 0
500 0 0 0 0
501 0 0 0 0
502 0 0 0 0
503 0 0 0 0
504 0 0 0 0
505 0 0 0 0
506 0 0 0 0
507 0 0 0 0
508 0 0 0 0
509 0 0 0 0
510 0 0 0 0
511 0 0 0 0
512 0 0 0 0
513 0 0 0 0
514 0 0 0 0
515 0 0 0 0
516 0 0 0 0
517 0 0 0 0
518 0 0 0 0
519 0 0 0 0
520 0 0 0 0
521 0 0 0 0
522 0 0 0 0
523 0 0 0 0
524 0 0 0 0
525 0 0 0 0
526 0 0 0 0
527 0 0 0 0
528 0 0 0 0
529 0 0 0 0
530 0 0 0 0
531 0 0 0 0
532 0 0 0 0
533 0 0 0 0
534 0 0 0 0
535 0 0 0 0
536 0 0 0 0
537 0 0 0 0
538 0 0 0 0
539 0 0 0 0
540 0 0 0 0
541 0 0 0 0
542 0 0 0 0
543 0 0 0 0
544 0 0 0 0
545 0 0 0 0
546 0 0 0 0
547 0 0 0 0
548 0 0 0 0
549 0 0 0 0
550 0 0 0 0
551 0 0 0 0
552 0 0 0 0
553 0 0 0 0
554 0 0 0 0
555 0 0 0 0
556 0 0 0 0
557 0 0 0 0
558 0 0 0 0
559 0 0 0 0
560 0 0 0 0
561 0 0 0 0
562 0 0 0 0
563 0 0 0 0
564 0 0 0 0
565 0 0 0 0
566 0 0 0 0
567 0 0 0 0
568 0 0 0 0
569 0 0 0 0
570 0 0 0 0
571 0 0 0 0
572 0 0 0 0
573 0 0 0 0
574 0 0 0 0
575 0 0 0 0
576 0 0 0 0
577 0 0 0 0
578 0 0 0 0
579 0 0 0 0
580 0 0 0 0
581 0 0 0 0
582 0 0 0 0
583 0 0 0 0
584 0 0 0 0
585 0 0 0 0
586 0 0 0 0
587 0 0 0 0
588 0 0 0 0
589 0 0 0 0
590 0 0 0 0
591 0 0 0 0
592 0 0 0 0
593 0 0 0 0
594 0 0 0 0
595 0 0 0 0
596 0 0 0 0
597 0 0 0 0
598 0 0 0 0
599 0 0 0 0
600 0 0 0 0
601 0 0 0 0
602 0 0 0 0
603 0 0 0 0
604 0 0 0 0
605 0 0 0 0
606 0 0 0 0
607 0 0 0 0
608 0 0 0 0
609 0 0 0 0
610 0 0 0 0
611 0 0 0 0
612 0 0 0 0
613 0 0 0 0
614 0 0 0 0
615 0 0 0 0
616 0 0 0 0
617 0 0 0 0
618 0 0 0 0
619 0 0 0 0
620 0 0 0 0
621 0 0 0 0
622 0 0 0 0
623 0 0 0 0
624 0 0 0 0
625 0 0 0 0
626 0 0 0 0
627 0 0 0 0
628 0 0 0 0
629 0 0 0 0
630 0 0 0 0
631 0 0 0 0
632 0 0 0 0
633 0 0 0 0
634 0 0 0 0
635 0 0 0 0
636 0 0 0 0
637 0 0 0 0
638 0 0 0 0
639 0 0 0 0
640 0 0 0 0
641 0 0 0 0
642 0 0 0 0
643 0 0 0 0
644 0 0 0 0
645 0 0 0 0
646 0 0 0 0
647 0 0 0 0
648 0 0 0 0
649 0 0 0 0
650 0 0 0 0
651 0 0 0 0
652 0 0 0 0
653 0 0 0 0
654 0 0 0 0
655 0 0 0 0
656 0 0 0 0
657 0 0 0 0
658 0 0 0 0
659 0 0 0 0
660 0 0 0 0
661 0 0 0 0
662 0 0 0 0
663 0 0 0 0
664 0 0 0 0
665 0 0 0 0
666 0 0 0 0
667 0 0 0 0
668 0 0 0 0
669 0 0 0 0
670 0 0 0 0
671 0 0 0 0
672 0 0 0 0
673 0 0 0 0
674 0 0 0 0
675 0 0 0 0
676 0 0 0 0
677 0 0 0 0
678 0 0 0 0
679 0 0 0 0
680 0 0 0 0
681 0 0 0 0
682 0 0 0 0
683 0 0 0 0
684 0 0 0 0
685 0 0 0 0
686 0 0 0 0
687 0 0 0 0
688 0 0 0 0
689 0 0 0 0
690 0 0 0 0
691 0 0 0 0
692 0 0 0 0
693 0 0 0 0
694 0 0 0 0
695 0 0 0 0
696 0 0 0 0
697 0 0 0 0
698 0 0 0 0
699 0 0 0 0
700 0 0 0 0
701 0 0 0 0
702 0 0 0 0
703 0 0 0 0
704 0 0 0 0
705 0 0 0 0
706 0 0 0 0
707 0 0 0 0
708 0 0 0 0
709 0 0 0 0
710 0 0 0 0
711 0 0 0 0
712 0 0 0 0
713 0 0 0 0
714 0 0 0 0
715 0 0 0 0
716 0 0 0 0
717 0 0 0 0
718 0 0 0 0
719 0 0 0 0
720 0 0 0 0
721 0 0 0 0
722 0 0 0 0
723 0 0 0 0
724 0 0 0 0
725 0 0 0 0
726 0 0 0 0
727 0 0 0 0
