0 0 0 0 0
1 0 0 0 0
2 0 0 0 0
3 0 0 0 0
4 0 0 0 0
5 0 1 1 0
6 0 0 0 0
7 0 0 0 0
8 0 0 0 0
9 0 1 2 1
10 0 0 0 0
11 1 0 0 0
12 0 0 0 1
13 0 0 0 2
14 0 0 0 0
15 0 0 0 0
16 0 1 0 1
17 0 0 0 0
18 0 0 0 0
19 0 0 0 0
20 0 0 0 0
21 0 0 0 0
22 1 0 0 0
23 2 0 0 1
24 0 0 0 0
25 0 0 0 0
26 0 0 0 0
27 0 0 1 0
28 1 1 1 0
29 0 0 0 0
30 1 0 0 0
31 2 0 0 0
32 0 0 0 2
33 0 1 0 0
34 1 0 0 1
35 0 0 0 0
36 0 0 1 0
37 1 0 0 0
38 0 0 0 0
39 1 1 0 0
40 2 1 0 1
41 2 0 0 0
42 3 0 0 0
43 1 0 1 2
44 1 0 0 0
45 3 1 0 0
46 1 0 2 0
47 1 1 1 1
48 2 0 1 0
49 1 2 0 0
50 0 2 0 3
51 1 1 0 2
52 1 1 0 2
53 2 0 1 0
54 2 1 1 2
55 1 1 0 1
56 0 1 0 3
57 3 1 1 1
58 3 1 0 2
59 1 0 1 1
60 3 0 1 1
61 4 0 0 1
62 4 2 2 1
63 1 2 1 0
64 3 2 0 1
65 4 0 1 0
66 3 2 1 3
67 1 2 1 3
68 3 0 0 0
69 6 2 0 3
70 3 2 2 4
71 4 3 2 2
72 3 1 0 0
73 6 3 1 0
74 3 2 2 3
75 3 1 0 3
76 1 2 3 2
77 0 5 1 5
78 1 2 1 3
79 3 3 1 2
80 1 3 0 7
81 2 0 0 5
82 1 3 2 1
83 2 1 1 2
84 4 2 1 8
85 3 0 1 2
86 1 1 0 5
87 2 0 0 1
88 3 1 3 2
89 4 2 1 2
90 5 1 1 3
91 4 1 0 1
92 1 1 0 3
93 1 3 1 3
94 6 0 2 0
95 7 2 0 3
96 4 2 2 0
97 2 2 0 1
98 4 1 2 1
99 5 4 4 1
100 7 3 1 6
101 5 4 1 2
102 2 1 0 4
103 4 2 2 6
104 4 2 3 3
105 3 3 1 2
106 4 2 1 3
107 4 4 0 6
108 1 7 1 8
109 5 3 3 3
110 8 3 1 1
111 8 1 1 2
112 6 1 3 5
113 6 0 0 4
114 6 3 0 4
115 6 1 3 6
116 5 2 2 7
117 5 1 3 3
118 7 1 5 3
119 8 4 6 2
120 10 5 6 0
121 4 5 2 6
122 7 6 1 7
123 8 4 1 7
124 4 5 2 7
125 5 2 4 4
126 6 3 0 9
127 11 4 4 7
128 7 3 2 7
129 4 5 2 9
130 3 2 4 7
131 8 4 4 9
132 7 6 3 4
133 6 1 2 4
134 6 3 1 7
135 8 2 0 5
136 12 4 7 7
137 10 6 2 6
138 11 3 3 6
139 13 3 1 4
140 14 2 2 8
141 11 9 3 7
142 15 4 4 6
143 10 4 7 7
144 7 5 6 7
145 12 7 7 6
146 14 7 3 9
147 7 9 5 5
148 9 12 2 14
149 10 5 1 9
150 7 8 4 11
151 3 9 7 9
152 8 6 2 13
153 5 7 3 8
154 12 6 4 16
155 13 4 4 16
156 10 2 2 6
157 13 5 6 8
158 11 3 6 16
159 15 10 5 9
160 10 2 4 9
161 6 5 1 8
162 15 2 2 7
163 10 5 0 11
164 10 9 5 8
165 14 7 4 7
166 16 9 4 10
167 18 10 6 7
168 20 13 3 10
169 9 3 5 4
170 16 7 4 9
171 19 9 3 14
172 12 8 6 19
173 10 11 10 9
174 11 7 3 11
175 12 4 11 11
176 7 7 8 16
177 8 9 3 20
178 10 5 5 13
179 11 13 6 11
180 11 13 5 17
181 16 7 5 12
182 21 5 4 14
183 13 4 4 16
184 18 6 4 19
185 17 3 5 10
186 15 8 4 12
187 15 12 4 8
188 19 8 3 12
189 21 9 8 9
190 22 14 3 12
191 26 7 6 12
192 21 8 8 8
193 20 9 10 13
194 24 13 6 19
195 25 10 7 16
196 22 7 10 19
197 20 15 9 15
198 22 9 9 15
199 19 14 13 13
200 12 15 15 19
201 22 8 12 22
202 22 13 9 16
203 20 10 10 24
204 11 12 8 30
205 7 9 9 24
206 14 13 11 22
207 11 11 13 27
208 10 9 11 14
209 12 7 4 25
210 18 7 3 18
211 8 11 7 25
212 12 7 5 14
213 13 2 8 20
214 15 8 3 15
215 12 10 7 16
216 8 9 5 9
217 12 4 5 10
218 12 8 5 18
219 7 9 5 19
220 14 5 4 12
221 8 5 4 10
222 18 5 8 8
223 9 9 8 13
224 11 5 5 10
225 7 6 3 10
226 8 5 4 16
227 9 7 4 13
228 8 3 4 10
229 9 9 7 8
230 10 8 2 15
231 12 5 7 13
232 4 8 3 9
233 4 1 5 12
234 4 5 2 6
235 7 7 3 10
236 7 5 7 15
237 6 4 2 11
238 6 4 3 11
239 1 7 1 9
240 2 5 4 7
241 3 3 3 5
242 5 1 1 9
243 10 3 1 8
244 2 2 1 7
245 6 1 2 4
246 6 4 4 6
247 1 4 2 9
248 2 5 2 5
249 3 1 2 2
250 2 1 2 6
251 1 2 2 6
252 2 4 2 4
253 3 1 2 5
254 1 3 4 5
255 0 2 1 5
256 1 1 0 5
257 2 1 0 1
258 2 1 1 7
259 2 1 0 5
260 2 0 0 2
261 1 0 1 3
262 2 1 1 4
263 4 2 1 1
264 2 0 1 0
265 2 1 0 1
266 5 1 1 2
267 3 0 0 3
268 3 2 0 0
269 3 2 1 1
270 3 1 0 0
271 2 1 4 1
272 1 3 2 1
273 0 4 0 4
274 0 3 0 2
275 1 2 1 4
276 2 1 2 2
277 2 0 1 0
278 0 0 1 6
279 2 1 1 4
280 2 0 0 6
281 2 0 0 1
282 1 0 1 2
283 1 0 0 1
284 1 0 2 1
285 0 4 0 0
286 2 2 1 3
287 2 0 0 0
288 0 1 1 2
289 1 0 0 2
290 1 0 0 2
291 0 2 0 0
292 0 1 0 5
293 1 1 0 0
294 1 0 1 0
295 0 1 1 0
296 1 1 0 0
297 0 0 0 0
298 1 0 0 3
299 1 0 0 2
300 0 0 0 1
301 0 0 1 0
302 0 1 0 1
303 1 1 0 1
304 0 0 0 0
305 1 0 0 1
306 0 1 0 1
307 0 1 0 0
308 0 0 1 0
309 2 0 0 0
310 2 0 0 1
311 0 0 0 0
312 0 0 0 1
313 0 0 0 1
314 1 2 0 0
315 1 0 0 1
316 0 0 0 0
317 0 0 0 0
318 1 0 1 0
319 0 1 2 0
320 0 0 1 0
321 0 0 0 2
322 1 0 0 0
323 1 0 1 1
324 1 0 0 1
325 0 0 0 1
326 0 0 0 2
327 1 0 1 1
328 1 1 0 0
329 0 0 0 0
330 0 0 0 0
331 0 0 0 0
332 0 0 1 0
333 0 2 0 0
334 1 0 0 1
335 0 0 0 1
336 0 0 0 1
337 1 0 0 2
338 0 0 0 0
339 0 0 0 0
340 0 0 0 0
341 1 0 0 0
342 0 0 0 0
343 0 1 0 0
344 0 0 0 0
345 1 0 0 0
346 1 2 0 0
347 0 0 0 0
348 0 0 0 0
349 0 0 0 0
350 0 1 0 3
351 0 0 1 0
352 0 0 0 0
353 0 0 0 0
354 0 0 0 0
355 0 0 0 1
356 0 0 0 0
357 0 0 0 1
358 0 0 0 0
359 0 0 0 0
360 0 0 0 0
361 0 0 0 0
362 0 0 0 0
363 0 0 0 0
364 0 0 0 0
365 0 0 0 0
366 0 0 0 0
367 0 0 0 0
368 0 0 0 0
369 0 0 0 0
370 0 0 0 0
371 0 0 0 0
372 0 0 0 0
373 0 0 0 0
374 0 0 0 0
375 0 0 0 0
376 0 0 0 0
377 0 0 0 0
378 0 0 0 0
379 0 0 0 0
380 0 0 0 0
381 0 0 0 0
382 0 0 0 0
383 0 0 0 0
384 0 0 0 0
385 0 0 0 0
386 0 0 0 0
387 0 0 0 0
388 0 0 0 0
389 0 0 0 0
390 0 0 0 0
391 0 0 0 0
392 0 0 0 0
393 0 0 0 0
394 0 0 0 0
395 0 0 0 0
396 0 0 0 0
397 0 0 0 0
398 0 0 0 0
399 0 0 0 0
400 0 0 0 0
401 0 0 0 0
402 0 0 0 0
403 0 0 0 0
404 0 0 0 0
405 0 0 0 0
406 0 0 0 0
407 0 0 0 0
408 0 0 0 0
409 0 0 0 0
410 0 0 0 0
411 0 0 0 0
412 0 0 0 0
413 0 0 0 0
414 0 0 0 0
415 0 0 0 0
416 0 0 0 0
417 0 0 0 0
418 0 0 0 0
419 0 0 0 0
420 0 0 0 0
421 0 0 0 0
422 0 0 0 0
423 0 0 0 0
424 0 0 0 0
425 0 0 0 0
426 0 0 0 0
427 0 0 0 0
428 0 0 0 0
429 0 0 0 0
430 0 0 0 0
431 0 0 0 0
432 0 0 0 0
433 0 0 0 0
434 0 0 0 0
435 0 0 0 0
436 0 0 0 0
437 0 0 0 0
438 0 0 0 0
439 0 0 0 0
440 0 0 0 0
441 0 0 0 0
442 0 0 0 0
443 0 0 0 0
444 0 0 0 0
445 0 0 0 0
446 0 0 0 0
447 0 0 0 0
448 0 0 0 0
449 0 0 0 0
450 0 0 0 0
451 0 0 0 0
452 0 0 0 0
453 0 0 0 0
454 0 0 0 0
455 0 0 0 0
456 0 0 0 0
457 0 0 0 0
458 0 0 0 0
459 0 0 0 0
460 0 0 0 0
461 0 0 0 0
462 0 0 0 0
463 0 0 0 0
464 0 0 0 0
465 0 0 0 0
466 0 0 0 0
467 0 0 0 0
468 0 0 0 0
469 0 0 0 0
470 0 0 0 0
471 0 0 0 0
472 0 0 0 0
473 0 0 0 0
474 0 0 0 0
475 0 0 0 0
476 0 0 0 0
477 0 0 0 0
478 0 0 0 0
479 0 0 0 0
480 0 0 0 0
481 0 0 0 0
482 0 0 0 0
483 0 0 0 0
484 0 0 0 0
485 0 0 0 0
486 0 0 0 0
487 0 0 0 0
488 0 0 0 0
489 0 0 0 0
490 0 0 0 0
491 0 0 0 0
492 0 0 0 0
493 0 0 0 0
494 0 0 0 0
495 0 0 0 0
496 0 0 0 0
497 0 0 0 0
498 0 0 0 0
499 0 0 0 0
500 0 0 0 0
501 0 0 0 0
502 0 0 0 0
503 0 0 0 0
504 0 0 0 0
505 0 0 0 0
506 0 0 0 0
507 0 0 0 0
508 0 0 0 0
509 0 0 0 0
510 0 0 0 0
511 0 0 0 0
512 0 0 0 0
513 0 0 0 0
514 0 0 0 0
515 0 0 0 0
516 0 0 0 0
517 0 0 0 0
518 0 0 0 0
519 0 0 0 0
520 0 0 0 0
521 0 0 0 0
522 0 0 0 0
523 0 0 0 0
524 0 0 0 0
525 0 0 0 0
526 0 0 0 0
527 0 0 0 0
528 0 0 0 0
529 0 0 0 0
530 0 0 0 0
531 0 0 0 0
532 0 0 0 0
533 0 0 0 0
534 0 0 0 0
535 0 0 0 0
536 0 0 0 0
537 0 0 0 0
538 0 0 0 0
539 0 0 0 0
540 0 0 0 0
541 0 0 0 0
542 0 0 0 0
543 0 0 0 0
544 0 0 0 0
545 0 0 0 0
546 0 0 0 0
547 0 0 0 0
548 0 0 0 0
549 0 0 0 0
550 0 0 0 0
551 0 0 0 0
552 0 0 0 0
553 0 0 0 0
554 0 0 0 0
555 0 0 0 0
556 0 0 0 0
557 0 0 0 0
558 0 0 0 0
559 0 0 0 0
560 0 0 0 0
561 0 0 0 0
562 0 0 0 0
563 0 0 0 0
564 0 0 0 0
565 0 0 0 0
566 0 0 0 0
567 0 0 0 0
568 0 0 0 0
569 0 0 0 0
570 0 0 0 0
571 0 0 0 0
572 0 0 0 0
573 0 0 0 0
574 0 0 0 0
575 0 0 0 0
576 0 0 0 0
577 0 0 0 0
578 0 0 0 0
579 0 0 0 0
580 0 0 0 0
581 0 0 0 0
582 0 0 0 0
583 0 0 0 0
584 0 0 0 0
585 0 0 0 0
586 0 0 0 0
587 0 0 0 0
588 0 0 0 0
589 0 0 0 0
590 0 0 0 0
591 0 0 0 0
592 0 0 0 0
593 0 0 0 0
594 0 0 0 0
595 0 0 0 0
596 0 0 0 0
597 0 0 0 0
598 0 0 0 0
599 0 0 0 0
600 0 0 0 0
601 0 0 0 0
602 0 0 0 0
603 0 0 0 0
604 0 0 0 0
605 0 0 0 0
606 0 0 0 0
607 0 0 0 0
608 0 0 0 0
609 0 0 0 0
610 0 0 0 0
611 0 0 0 0
612 0 0 0 0
613 0 0 0 0
614 0 0 0 0
615 0 0 0 0
616 0 0 0 0
617 0 0 0 0
618 0 0 0 0
619 0 0 0 0
620 0 0 0 0
621 0 0 0 0
622 0 0 0 0
623 0 0 0 0
624 0 0 0 0
625 0 0 0 0
626 0 0 0 0
627 0 0 0 0
628 0 0 0 0
629 0 0 0 0
630 0 0 0 0
631 0 0 0 0
632 0 0 0 0
633 0 0 0 0
634 0 0 0 0
635 0 0 0 0
636 0 0 0 0
637 0 0 0 0
638 0 0 0 0
639 0 0 0 0
640 0 0 0 0
641 0 0 0 0
642 0 0 0 0
643 0 0 0 0
644 0 0 0 0
645 0 0 0 0
646 0 0 0 0
647 0 0 0 0
648 0 0 0 0
649 0 0 0 0
650 0 0 0 0
651 0 0 0 0
652 0 0 0 0
653 0 0 0 0
654 0 0 0 0
655 0 0 0 0
656 0 0 0 0
657 0 0 0 0
658 0 0 0 0
659 0 0 0 0
660 0 0 0 0
661 0 0 0 0
662 0 0 0 0
663 0 0 0 0
664 0 0 0 0
665 0 0 0 0
666 0 0 0 0
667 0 0 0 0
668 0 0 0 0
669 0 0 0 0
670 0 0 0 0
671 0 0 0 0
672 0 0 0 0
673 0 0 0 0
674 0 0 0 0
675 0 0 0 0
676 0 0 0 0
677 0 0 0 0
678 0 0 0 0
679 0 0 0 0
680 0 0 0 0
681 0 0 0 0
682 0 0 0 0
683 0 0 0 0
684 0 0 0 0
685 0 0 0 0
686 0 0 0 0
687 0 0 0 0
688 0 0 0 0
689 0 0 0 0
690 0 0 0 0
691 0 0 0 0
692 0 0 0 0
693 0 0 0 0
694 0 0 0 0
695 0 0 0 0
696 0 0 0 0
697 0 0 0 0
698 0 0 0 0
699 0 0 0 0
700 0 0 0 0
701 0 0 0 0
702 0 0 0 0
703 0 0 0 0
704 0 0 0 0
705 0 0 0 0
706 0 0 0 0
707 0 0 0 0
708 0 0 0 0
709 0 0 0 0
710 0 0 0 0
711 0 0 0 0
712 0 0 0 0
713 0 0 0 0
714 0 0 0 0
715 0 0 0 0
716 0 0 0 0
717 0 0 0 0
718 0 0 0 0
719 0 0 0 0
720 0 0 0 0
721 0 0 0 0
722 0 0 0 0
723 0 0 0 0
724 0 0 0 0
725 0 0 0 0
726 0 0 0 0
727 0 0 0 0
