0 0 0 0 0
1 0 0 0 0
2 0 0 0 0
3 0 0 0 0
4 0 0 0 0
5 0 2 1 0
6 0 0 0 0
7 0 0 0 0
8 0 0 0 0
9 0 1 1 2
10 0 0 0 0
11 0 0 0 0
12 0 0 0 1
13 0 0 0 1
14 0 0 0 0
15 0 0 0 0
16 0 0 0 1
17 0 0 0 0
18 0 0 0 0
19 0 0 0 0
20 0 0 0 0
21 1 0 0 0
22 0 0 0 0
23 2 0 0 0
24 1 0 0 0
25 1 0 0 0
26 1 0 0 0
27 1 0 0 0
28 0 1 1 0
29 0 1 0 0
30 0 1 0 0
31 0 0 0 0
32 1 0 0 2
33 1 0 0 0
34 0 0 1 0
35 0 0 1 0
36 1 1 0 1
37 0 0 0 1
38 0 0 0 1
39 1 0 0 1
40 1 0 0 1
41 0 2 0 0
42 2 0 1 0
43 0 0 0 0
44 0 0 0 0
45 0 0 0 1
46 0 0 0 1
47 0 0 1 0
48 0 0 1 1
49 0 0 1 0
50 0 0 0 0
51 0 1 0 1
52 0 0 0 1
53 0 0 0 0
54 0 0 0 0
55 0 0 0 0
56 0 0 0 1
57 0 0 0 0
58 0 0 0 1
59 1 0 0 0
60 0 0 0 0
61 1 0 0 0
62 2 0 0 0
63 1 0 0 0
64 1 0 0 0
65 1 0 0 0
66 1 0 1 0
67 1 0 0 0
68 3 1 1 0
69 3 0 0 0
70 1 1 0 1
71 3 2 0 0
72 2 0 0 0
73 1 0 2 0
74 2 1 2 0
75 0 2 0 2
76 1 1 1 0
77 2 0 4 1
78 0 0 0 2
79 2 1 0 2
80 0 1 1 4
81 2 1 0 5
82 0 3 0 0
83 1 1 0 0
84 4 1 0 2
85 3 0 0 0
86 0 0 0 4
87 1 0 0 2
88 6 1 0 1
89 3 1 0 0
90 1 1 2 1
91 0 0 0 1
92 0 0 1 0
93 5 6 1 1
94 2 1 2 1
95 2 0 0 2
96 2 1 1 1
97 0 2 0 6
98 1 2 1 1
99 3 2 1 0
100 2 1 0 3
101 2 0 0 2
102 1 2 1 1
103 0 1 0 3
104 2 1 1 2
105 1 2 1 2
106 5 0 1 3
107 2 0 0 2
108 2 2 0 0
109 2 2 1 4
110 4 1 1 1
111 2 2 2 2
112 1 1 0 0
113 4 1 0 0
114 0 1 0 2
115 1 2 1 3
116 3 1 0 3
117 2 3 0 1
118 2 4 0 4
119 3 2 1 2
120 3 1 0 1
121 4 1 0 2
122 4 1 0 1
123 2 0 0 2
124 1 2 1 2
125 2 0 3 4
126 0 0 2 3
127 3 4 1 1
128 1 2 1 2
129 3 1 1 3
130 3 4 1 1
131 2 0 1 5
132 2 2 0 1
133 6 1 1 3
134 4 2 1 4
135 5 0 1 3
136 5 1 2 1
137 3 1 0 4
138 2 3 2 3
139 3 3 1 1
140 2 0 3 0
141 4 5 1 1
142 4 2 1 4
143 3 1 0 6
144 5 3 4 4
145 3 1 0 5
146 3 2 1 3
147 2 0 3 0
148 6 2 1 6
149 6 3 2 1
150 8 2 1 2
151 4 3 1 7
152 5 0 2 2
153 6 3 4 4
154 7 3 1 4
155 6 1 2 4
156 6 3 0 3
157 4 4 1 5
158 8 4 5 2
159 6 4 4 2
160 6 3 1 3
161 5 3 1 5
162 7 4 0 5
163 6 5 4 8
164 1 3 2 4
165 0 3 4 7
166 5 3 1 6
167 6 4 1 7
168 4 5 3 5
169 8 0 2 5
170 4 4 0 5
171 5 4 4 7
172 9 4 0 8
173 6 1 2 4
174 5 5 2 2
175 8 2 1 6
176 6 3 1 4
177 8 4 2 4
178 5 1 4 6
179 6 5 1 5
180 9 5 5 3
181 13 5 4 8
182 10 6 1 0
183 10 3 4 7
184 12 3 3 8
185 10 1 3 10
186 7 7 4 7
187 9 4 3 8
188 9 5 1 6
189 8 8 2 4
190 7 8 3 10
191 10 8 4 6
192 7 4 5 6
193 16 6 8 11
194 9 3 3 8
195 13 3 7 10
196 9 6 5 10
197 12 3 5 12
198 14 8 6 7
199 9 1 3 11
200 12 5 8 16
201 12 5 3 7
202 10 8 3 12
203 7 8 5 5
204 11 6 2 13
205 10 8 3 11
206 10 9 5 8
207 8 6 7 9
208 9 2 7 6
209 8 5 4 12
210 5 3 3 15
211 7 3 3 12
212 9 4 3 11
213 6 6 5 14
214 7 10 2 7
215 4 9 1 7
216 8 3 2 6
217 5 7 4 9
218 5 5 2 8
219 6 4 5 8
220 4 7 1 7
221 7 3 4 13
222 8 4 1 7
223 4 4 2 10
224 7 7 2 9
225 4 1 3 10
226 4 2 2 4
227 2 4 2 8
228 2 1 1 8
229 0 2 3 4
230 2 3 2 2
231 1 3 1 3
232 1 1 1 5
233 4 4 2 5
234 2 3 0 7
235 3 1 2 5
236 5 1 2 2
237 4 0 1 10
238 5 0 3 4
239 1 1 2 3
240 2 1 0 3
241 1 2 1 1
242 4 2 2 1
243 3 1 2 2
244 2 2 1 1
245 3 1 2 2
246 1 2 1 5
247 3 3 0 3
248 1 0 0 5
249 1 0 3 3
250 2 1 1 0
251 1 1 2 3
252 4 1 3 1
253 0 0 1 6
254 1 2 0 3
255 2 0 1 3
256 2 1 2 2
257 0 1 1 2
258 3 0 0 1
259 1 1 1 2
260 1 0 0 1
261 1 3 0 3
262 3 0 0 1
263 3 1 2 4
264 2 1 1 0
265 2 1 0 2
266 1 1 0 0
267 0 2 2 0
268 0 0 3 2
269 2 1 1 1
270 2 1 0 4
271 3 1 0 2
272 1 0 1 2
273 2 0 1 3
274 0 1 1 4
275 3 0 0 1
276 2 1 1 1
277 1 2 0 1
278 2 2 0 1
279 2 1 0 0
280 4 1 3 3
281 0 0 1 1
282 2 1 1 0
283 0 1 0 0
284 1 0 0 4
285 0 1 1 3
286 0 0 0 3
287 0 1 2 1
288 1 0 2 0
289 3 2 2 1
290 1 0 0 1
291 0 0 0 1
292 1 0 0 1
293 1 1 0 2
294 0 2 1 2
295 2 1 0 3
296 3 0 0 1
297 5 1 0 1
298 2 1 0 3
299 1 0 0 0
300 0 0 1 0
301 1 0 0 0
302 0 2 1 1
303 0 1 1 0
304 1 2 0 1
305 2 2 1 1
306 1 1 1 1
307 0 0 0 3
308 0 0 0 2
309 0 0 0 3
310 0 1 1 2
311 0 1 0 0
312 1 0 0 1
313 0 0 1 1
314 1 0 1 2
315 3 0 0 1
316 3 0 0 0
317 0 0 0 0
318 0 0 0 1
319 2 0 0 0
320 1 0 1 1
321 2 2 3 0
322 1 0 0 0
323 2 1 0 0
324 0 1 0 1
325 0 0 0 2
326 0 1 1 0
327 0 0 0 1
328 0 3 0 3
329 0 0 1 0
330 0 0 0 0
331 2 0 1 1
332 0 0 1 0
333 1 0 0 2
334 0 0 0 0
335 1 0 0 3
336 2 2 0 1
337 0 0 0 0
338 1 1 0 1
339 1 0 0 1
340 0 0 1 1
341 1 0 0 0
342 0 0 0 0
343 0 1 0 1
344 0 0 0 1
345 0 1 1 1
346 1 0 1 0
347 0 0 0 1
348 0 1 0 0
349 0 0 0 2
350 0 0 0 1
351 0 0 1 0
352 0 0 0 1
353 0 0 0 0
354 0 0 0 0
355 0 0 0 1
356 1 0 0 0
357 2 0 0 0
358 0 0 0 0
359 0 0 0 0
360 0 0 0 0
361 0 0 0 0
362 1 0 1 0
363 0 0 0 0
364 0 0 0 0
365 0 0 1 0
366 0 1 0 0
367 0 0 0 0
368 1 0 0 0
369 0 0 0 2
370 0 0 0 1
371 0 1 0 0
372 0 0 0 0
373 0 0 0 0
374 0 0 0 0
375 0 0 0 0
376 0 0 0 0
377 0 1 0 0
378 0 0 0 1
379 1 0 0 0
380 0 0 0 0
381 0 0 0 1
382 0 0 0 0
383 0 0 0 0
384 0 0 0 0
385 0 0 0 0
386 0 0 0 0
387 0 0 0 0
388 0 1 0 0
389 0 0 0 0
390 0 0 0 0
391 1 0 0 0
392 0 0 0 1
393 0 0 0 0
394 0 0 0 0
395 0 0 0 0
396 0 0 1 0
397 0 0 0 0
398 0 0 0 0
399 0 0 0 0
400 0 0 0 0
401 0 0 0 0
402 0 0 0 0
403 0 0 0 1
404 0 0 0 0
405 0 0 0 0
406 0 0 0 0
407 0 0 0 0
408 0 0 0 0
409 0 0 0 0
410 0 0 0 0
411 0 0 0 0
412 0 0 0 0
413 0 0 0 0
414 0 0 0 0
415 0 0 0 0
416 0 0 0 0
417 0 0 0 0
418 1 0 0 0
419 0 0 0 0
420 0 0 0 0
421 0 0 0 0
422 1 0 0 0
423 0 0 0 0
424 0 0 0 0
425 0 0 0 0
426 0 0 0 0
427 1 2 0 0
428 1 0 0 0
429 1 0 0 0
430 0 0 0 0
431 0 0 0 0
432 0 1 0 0
433 0 1 0 0
434 0 1 0 2
435 0 0 0 0
436 0 0 0 0
437 0 0 0 1
438 0 0 0 1
439 1 0 0 1
440 0 0 0 0
441 1 0 0 0
442 0 0 0 0
443 0 0 0 0
444 0 0 1 0
445 1 0 0 0
446 1 0 0 0
447 0 0 0 0
448 1 0 0 0
449 0 0 0 0
450 0 0 1 0
451 1 0 1 1
452 0 0 0 0
453 1 1 0 0
454 0 1 0 1
455 0 0 0 0
456 0 0 0 0
457 0 0 0 1
458 0 1 0 1
459 1 0 0 0
460 0 0 1 0
461 2 0 0 1
462 0 0 0 0
463 3 0 0 0
464 1 0 0 0
465 1 0 0 1
466 0 1 1 1
467 1 0 0 0
468 1 2 0 0
469 2 0 0 0
470 2 1 0 2
471 0 0 0 0
472 0 3 0 0
473 1 2 0 0
474 1 0 0 1
475 1 0 0 2
476 1 0 0 2
477 0 0 0 2
478 1 2 1 0
479 1 2 0 0
480 0 1 0 1
481 1 0 1 0
482 0 0 0 2
483 0 1 1 2
484 1 1 0 1
485 0 0 0 1
486 2 0 0 0
487 0 0 0 0
488 3 0 0 1
489 0 0 1 0
490 1 1 0 2
491 0 0 1 1
492 1 0 0 0
493 0 1 0 0
494 0 0 0 1
495 0 1 0 0
496 0 0 0 1
497 0 3 0 0
498 1 0 0 2
499 1 0 1 1
500 3 0 0 0
501 1 0 0 2
502 0 0 0 0
503 0 1 0 1
504 0 0 0 1
505 0 1 1 0
506 0 0 1 0
507 1 0 0 0
508 0 1 0 0
509 1 0 1 2
510 0 0 0 2
511 0 0 0 0
512 0 1 0 1
513 0 0 0 1
514 0 1 0 0
515 0 0 0 0
516 0 0 0 1
517 0 0 0 0
518 0 0 0 0
519 0 0 0 0
520 1 0 0 0
521 0 0 0 1
522 0 0 0 0
523 0 0 0 0
524 0 0 0 0
525 0 0 1 0
526 0 0 0 0
527 0 0 0 0
528 2 0 0 0
529 0 0 0 1
530 0 0 0 0
531 1 0 0 0
532 1 0 0 0
533 0 0 0 0
534 0 0 0 0
535 0 0 0 0
536 0 0 0 0
537 0 1 1 0
538 0 0 0 0
539 0 0 0 0
540 0 0 1 0
541 0 1 0 1
542 0 0 0 0
543 0 0 0 0
544 0 0 0 2
545 0 0 0 1
546 0 0 0 0
547 0 0 0 0
548 1 0 0 0
549 1 0 0 0
550 1 0 0 0
551 1 0 0 0
552 1 0 0 0
553 2 1 0 0
554 3 0 0 0
555 3 0 0 0
556 1 1 0 0
557 0 0 0 1
558 2 3 0 0
559 3 3 0 0
560 1 1 0 1
561 2 1 1 0
562 1 0 0 1
563 0 1 1 4
564 1 1 2 1
565 1 2 0 2
566 0 1 0 1
567 0 1 1 1
568 0 0 1 0
569 0 0 1 2
570 0 0 1 2
571 0 0 0 3
572 2 0 0 0
573 0 0 0 2
574 0 1 0 1
575 1 0 0 1
576 0 0 0 1
577 0 1 1 0
578 0 0 0 0
579 1 0 0 0
580 0 0 1 0
581 0 0 0 3
582 0 0 0 0
583 0 0 0 0
584 0 0 0 0
585 0 0 0 0
586 0 0 0 0
587 0 0 0 1
588 0 0 1 0
589 0 0 0 0
590 0 0 0 0
591 0 0 0 0
592 1 0 0 1
593 0 0 0 0
594 0 0 0 0
595 0 0 0 0
596 0 0 0 0
597 0 0 0 0
598 0 0 0 0
599 0 0 0 0
600 0 0 0 0
601 0 0 1 0
602 0 0 0 0
603 0 0 0 0
604 0 0 0 0
605 0 0 0 1
606 0 0 0 0
607 0 0 0 0
608 0 0 0 0
609 1 0 0 0
610 0 0 0 0
611 0 0 0 0
612 0 0 0 0
613 0 0 0 0
614 0 1 0 0
615 1 0 0 0
616 0 0 0 0
617 0 0 0 0
618 0 0 0 1
619 0 0 0 0
620 0 1 0 0
621 0 0 0 0
622 0 0 0 0
623 0 0 0 0
624 0 0 0 1
625 0 0 0 0
626 0 0 0 0
627 0 0 0 0
628 0 0 0 0
629 0 0 0 0
630 0 0 0 0
631 0 0 0 0
632 0 0 0 0
633 0 0 0 0
634 0 0 0 0
635 0 0 0 0
636 0 0 0 0
637 0 0 0 0
638 0 0 0 0
639 0 0 0 0
640 0 0 0 0
641 0 0 0 0
642 0 0 0 0
643 0 0 0 0
644 0 0 0 0
645 0 0 0 0
646 0 0 0 0
647 0 0 0 0
648 0 0 0 0
649 0 0 0 0
650 0 0 0 0
651 0 0 0 0
652 0 0 0 0
653 0 0 0 0
654 0 0 0 0
655 0 0 0 0
656 0 0 0 0
657 0 0 0 0
658 0 0 0 0
659 0 0 0 0
660 0 0 0 0
661 0 0 0 0
662 0 0 0 0
663 0 0 0 0
664 0 0 0 0
665 0 0 0 0
666 0 0 0 0
667 0 0 0 0
668 0 0 0 0
669 0 0 0 0
670 0 0 0 0
671 0 0 0 0
672 0 0 0 0
673 0 0 0 0
674 0 0 0 0
675 0 0 0 0
676 0 0 0 0
677 0 0 0 0
678 0 0 0 0
679 0 0 0 0
680 0 0 0 0
681 0 0 0 0
682 0 0 0 0
683 0 0 0 0
684 0 0 0 0
685 0 0 0 0
686 0 0 0 0
687 0 0 0 0
688 0 0 0 0
689 0 0 0 0
690 0 0 0 0
691 0 0 0 0
692 0 0 0 0
693 0 0 0 0
694 0 0 0 0
695 0 0 0 0
696 0 0 0 0
697 0 0 0 0
698 0 0 0 0
699 0 0 0 0
700 0 0 0 0
701 0 0 0 0
702 0 0 0 0
703 0 0 0 0
704 0 0 0 0
705 0 0 0 0
706 0 0 0 0
707 0 0 0 0
708 0 0 0 0
709 0 0 0 0
710 0 0 0 0
711 0 0 0 0
712 0 0 0 0
713 0 0 0 0
714 0 0 0 0
715 0 0 0 0
716 0 0 0 0
717 0 0 0 0
718 0 0 0 0
719 0 0 0 0
720 0 0 0 0
721 0 0 0 0
722 0 0 0 0
723 0 0 0 0
724 0 0 0 0
725 0 0 0 0
726 0 0 0 0
727 0 0 0 0
