0 0 0 0 0
1 0 0 0 0
2 0 0 0 0
3 0 0 0 0
4 0 0 0 0
5 0 1 2 0
6 0 0 1 0
7 0 0 0 0
8 0 0 0 0
9 0 1 0 2
10 0 0 0 0
11 0 0 0 0
12 0 0 0 1
13 0 0 0 1
14 0 0 0 0
15 0 0 0 0
16 0 0 0 1
17 1 0 0 0
18 0 0 0 0
19 0 0 0 0
20 0 0 0 0
21 0 0 0 0
22 0 0 0 0
23 0 0 0 0
24 0 0 0 0
25 1 0 0 0
26 0 1 0 0
27 1 0 0 0
28 1 0 0 0
29 0 0 0 0
30 0 0 0 0
31 0 0 0 0
32 1 0 0 0
33 0 0 1 1
34 0 1 0 0
35 0 0 0 0
36 0 1 0 0
37 0 0 0 0
38 0 0 0 1
39 0 0 0 0
40 0 0 0 1
41 0 1 0 0
42 0 0 0 0
43 0 0 0 1
44 0 0 0 0
45 0 0 0 1
46 2 0 0 0
47 0 0 0 0
48 2 0 0 0
49 1 0 0 0
50 1 0 0 0
51 1 0 0 0
52 0 0 0 0
53 2 0 2 0
54 2 0 1 0
55 2 3 0 0
56 2 1 0 0
57 1 0 0 1
58 2 0 0 1
59 3 0 0 1
60 2 0 0 2
61 1 0 1 0
62 0 2 1 2
63 1 0 3 0
64 1 2 1 0
65 0 1 2 1
66 0 0 0 0
67 0 0 1 2
68 0 2 1 0
69 0 1 0 6
70 0 0 1 1
71 0 0 0 3
72 0 0 0 2
73 1 0 0 1
74 1 0 0 2
75 1 0 0 1
76 0 0 0 0
77 0 0 0 0
78 2 0 1 0
79 1 0 0 0
80 2 1 0 0
81 2 0 0 0
82 1 0 0 1
83 1 1 0 0
84 2 0 0 1
85 2 0 0 0
86 2 2 0 0
87 1 0 1 1
88 2 1 1 0
89 2 0 3 0
90 2 2 1 1
91 2 0 2 0
92 1 0 0 2
93 3 3 0 3
94 1 0 1 3
95 1 1 0 1
96 2 0 1 1
97 1 0 0 2
98 2 0 2 1
99 3 2 0 0
100 2 2 0 3
101 5 0 2 1
102 1 3 0 3
103 3 0 2 0
104 3 2 0 0
105 4 0 2 2
106 4 2 1 5
107 7 1 0 2
108 1 1 1 1
109 1 3 0 1
110 2 1 2 4
111 4 5 1 2
112 2 2 3 2
113 3 1 1 1
114 1 1 4 4
115 1 0 1 7
116 0 3 1 4
117 1 0 1 0
118 1 2 1 3
119 0 0 1 4
120 1 2 0 3
121 4 1 0 2
122 1 1 1 3
123 3 1 1 4
124 2 0 1 2
125 5 1 0 0
126 4 0 1 2
127 4 0 0 1
128 4 1 0 1
129 5 1 0 0
130 5 4 2 2
131 3 1 2 1
132 3 4 1 1
133 5 0 2 2
134 5 1 2 4
135 6 2 1 1
136 3 1 1 2
137 5 3 3 3
138 6 3 2 3
139 5 4 2 6
140 5 5 2 2
141 6 2 1 6
142 4 3 3 4
143 6 2 2 3
144 4 4 1 10
145 2 1 2 5
146 4 4 2 7
147 4 6 1 4
148 1 2 2 3
149 4 5 1 5
150 5 3 1 3
151 3 3 1 7
152 5 5 1 5
153 5 3 0 5
154 4 3 1 5
155 7 1 2 3
156 8 0 0 6
157 9 1 2 2
158 9 4 0 4
159 8 4 2 5
160 11 3 4 3
161 7 3 5 4
162 8 4 4 1
163 9 0 4 4
164 8 5 3 4
165 8 7 3 8
166 7 4 1 5
167 6 6 6 5
168 6 3 4 6
169 8 3 6 14
170 6 4 6 6
171 8 2 2 12
172 9 3 5 5
173 5 2 4 6
174 8 2 5 8
175 8 4 3 5
176 6 4 4 9
177 6 4 3 12
178 11 5 2 3
179 6 1 6 9
180 3 8 3 8
181 8 6 3 7
182 8 4 0 6
183 10 5 4 7
184 8 5 2 7
185 11 4 1 7
186 13 2 5 5
187 20 6 3 14
188 16 6 2 10
189 16 4 1 1
190 10 6 4 5
191 11 5 5 8
192 8 5 10 9
193 8 7 7 9
194 12 6 6 8
195 19 5 8 14
196 13 12 2 11
197 12 4 4 11
198 12 7 7 7
199 13 10 2 13
200 12 8 5 16
201 9 8 5 12
202 10 4 3 15
203 9 8 4 12
204 15 9 8 11
205 14 10 4 12
206 8 10 3 9
207 8 6 3 11
208 10 5 3 17
209 9 8 5 10
210 7 8 5 9
211 5 5 4 16
212 9 13 2 10
213 6 6 4 14
214 7 7 0 9
215 5 5 4 8
216 8 1 0 13
217 10 10 4 13
218 6 5 4 10
219 6 5 1 11
220 13 3 3 4
221 8 3 3 10
222 9 3 3 8
223 5 5 3 3
224 5 2 3 9
225 3 5 4 9
226 7 6 6 6
227 3 4 0 8
228 4 5 3 6
229 0 2 7 10
230 5 3 2 7
231 2 2 5 5
232 3 0 2 6
233 5 3 1 10
234 3 0 2 3
235 3 8 1 11
236 3 3 1 5
237 2 2 2 5
238 1 1 2 4
239 2 1 1 6
240 0 0 1 3
241 0 2 1 3
242 5 2 1 6
243 2 2 2 5
244 3 3 2 3
245 4 1 0 3
246 7 0 1 2
247 2 3 1 3
248 5 1 0 4
249 2 1 0 0
250 0 3 0 3
251 2 2 2 3
252 1 1 1 2
253 2 2 1 0
254 5 0 2 3
255 3 1 2 3
256 3 2 1 3
257 1 2 1 5
258 1 2 2 2
259 3 0 2 1
260 0 1 0 4
261 2 1 2 3
262 1 0 1 5
263 3 1 2 2
264 0 2 1 2
265 1 0 1 2
266 0 0 2 0
267 0 0 1 1
268 2 2 2 4
269 0 0 0 1
270 0 1 0 3
271 1 2 0 2
272 2 0 1 5
273 1 0 0 1
274 0 0 0 0
275 1 0 0 0
276 0 0 1 1
277 0 2 1 1
278 1 0 0 2
279 1 0 0 0
280 1 0 0 0
281 1 0 1 1
282 1 1 0 0
283 1 0 1 2
284 2 2 0 1
285 1 0 0 0
286 2 0 0 0
287 0 0 0 1
288 0 1 0 2
289 0 1 0 1
290 1 1 2 0
291 0 2 0 1
292 1 0 0 0
293 0 1 0 1
294 0 0 0 0
295 1 1 1 3
296 0 0 0 0
297 0 1 0 3
298 1 0 0 1
299 0 0 0 1
300 1 0 0 0
301 0 0 0 0
302 1 0 0 1
303 0 0 0 1
304 0 1 0 0
305 0 0 0 0
306 0 0 0 0
307 0 0 1 0
308 0 0 0 0
309 0 1 0 0
310 0 0 0 0
311 0 0 1 2
312 1 0 0 0
313 0 0 0 1
314 0 0 0 0
315 0 0 0 1
316 0 0 0 0
317 0 0 0 0
318 0 0 0 0
319 0 0 0 0
320 0 0 0 0
321 0 0 1 0
322 0 0 0 0
323 0 0 0 0
324 0 0 0 0
325 1 0 0 1
326 0 0 0 0
327 0 0 0 0
328 0 0 0 0
329 0 0 0 0
330 1 1 0 0
331 1 0 0 0
332 0 0 0 0
333 0 0 0 0
334 0 0 0 1
335 0 0 1 0
336 0 0 0 0
337 0 0 0 0
338 0 0 0 0
339 0 0 0 0
340 0 1 0 0
341 0 0 0 0
342 0 0 0 1
343 0 0 0 0
344 0 0 0 1
345 0 0 0 0
346 0 0 0 0
347 0 0 0 0
348 0 0 0 0
349 1 0 0 0
350 0 0 0 0
351 0 0 0 0
352 0 0 0 0
353 0 0 0 0
354 0 1 0 0
355 0 0 0 0
356 0 0 0 0
357 1 0 0 0
358 0 0 0 1
359 0 0 0 0
360 0 0 0 0
361 0 0 0 0
362 0 0 0 0
363 0 0 0 0
364 0 0 0 0
365 0 0 0 0
366 0 1 0 0
367 0 0 0 0
368 0 0 0 0
369 0 0 0 0
370 0 0 0 0
371 0 0 0 0
372 0 0 0 0
373 0 0 0 1
374 0 0 0 0
375 0 0 0 0
376 0 0 0 0
377 0 0 0 0
378 1 0 0 0
379 0 0 0 0
380 0 0 0 0
381 0 0 0 0
382 0 0 0 0
383 0 0 0 0
384 0 0 0 0
385 0 0 0 0
386 1 0 0 0
387 1 1 0 0
388 1 0 0 0
389 0 0 0 0
390 0 0 0 0
391 1 0 0 1
392 1 1 0 0
393 0 0 0 0
394 0 0 0 0
395 1 0 1 0
396 0 0 0 0
397 0 2 0 0
398 0 0 0 0
399 1 0 0 2
400 2 0 1 0
401 2 0 0 1
402 0 0 0 0
403 1 0 0 0
404 0 2 0 1
405 0 1 0 1
406 0 1 0 0
407 1 0 0 0
408 0 1 0 1
409 1 0 1 0
410 0 1 0 1
411 1 0 0 1
412 0 0 0 2
413 0 0 0 1
414 1 0 0 1
415 2 0 0 0
416 1 0 2 0
417 2 0 0 0
418 1 1 0 0
419 0 0 1 0
420 3 0 0 0
421 0 0 1 0
422 1 1 1 0
423 1 0 0 3
424 0 2 0 0
425 1 2 0 2
426 1 0 0 1
427 2 0 1 0
428 1 0 0 2
429 0 0 1 3
430 2 0 0 0
431 2 1 1 0
432 2 1 0 0
433 2 0 1 0
434 1 1 0 1
435 1 0 0 0
436 1 1 2 1
437 2 1 2 1
438 1 0 0 3
439 1 1 1 1
440 0 0 1 1
441 0 1 0 2
442 4 2 2 0
443 3 0 0 3
444 2 0 0 1
445 2 0 0 1
446 2 1 0 3
447 1 3 1 1
448 1 3 0 0
449 2 1 1 2
450 2 0 0 1
451 3 0 0 0
452 2 2 1 2
453 3 0 0 2
454 3 2 1 3
455 0 1 3 2
456 0 2 0 2
457 0 2 0 0
458 2 1 1 2
459 2 2 2 3
460 1 1 0 1
461 1 0 0 3
462 1 1 0 2
463 0 1 1 3
464 1 0 0 1
465 1 0 0 2
466 2 1 0 2
467 1 1 0 0
468 0 2 1 0
469 1 0 0 1
470 1 0 1 2
471 1 1 2 1
472 2 1 0 1
473 2 0 1 1
474 2 0 0 1
475 4 0 1 3
476 2 0 1 1
477 2 0 0 1
478 3 1 1 2
479 1 0 1 1
480 0 2 0 0
481 3 2 1 0
482 0 1 1 1
483 3 2 1 1
484 3 3 0 1
485 1 1 0 4
486 3 1 1 2
487 6 0 1 3
488 3 1 1 0
489 6 0 1 1
490 4 1 1 1
491 4 0 1 3
492 5 4 2 2
493 2 4 1 3
494 2 2 1 2
495 2 2 0 1
496 2 2 1 2
497 5 2 2 3
498 2 2 3 2
499 4 5 0 6
500 1 3 1 4
501 3 1 2 5
502 3 3 1 3
503 1 2 0 4
504 3 2 1 1
505 0 1 0 5
506 5 2 1 5
507 4 1 2 4
508 3 1 1 3
509 4 1 1 3
510 5 0 1 1
511 6 4 1 3
512 9 1 2 1
513 7 2 0 4
514 3 2 1 2
515 5 3 1 3
516 4 4 1 4
517 5 5 3 0
518 1 4 3 3
519 8 2 2 2
520 5 3 2 5
521 6 2 2 6
522 10 4 0 7
523 7 1 0 3
524 7 4 5 7
525 6 3 2 5
526 7 4 2 5
527 8 3 4 4
528 8 4 3 6
529 7 4 4 6
530 3 4 2 5
531 3 3 4 6
532 9 4 3 2
533 7 5 2 5
534 6 7 0 9
535 7 2 3 8
536 6 0 5 8
537 4 2 2 9
538 8 5 3 7
539 6 2 3 5
540 10 4 1 5
541 12 6 3 5
542 9 3 0 6
543 10 6 2 5
544 6 5 2 8
545 11 5 4 10
546 11 7 4 3
547 9 5 3 6
548 13 6 3 9
549 9 7 1 5
550 14 3 5 9
551 14 6 3 2
552 17 4 5 10
553 12 6 2 9
554 11 7 4 13
555 9 7 3 10
556 11 4 7 9
557 6 10 4 9
558 10 6 7 14
559 8 10 5 7
560 9 5 5 7
561 9 8 8 10
562 8 6 2 9
563 10 4 4 12
564 8 7 5 15
565 8 7 3 15
566 11 7 1 14
567 8 6 4 6
568 10 5 4 13
569 8 4 3 9
570 5 5 4 7
571 8 5 5 8
572 8 2 6 11
573 6 5 2 10
574 6 3 4 11
575 6 7 4 12
576 4 3 5 10
577 12 6 3 9
578 9 3 3 6
579 5 6 0 6
580 3 6 2 7
581 3 3 4 8
582 4 7 2 8
583 3 4 1 9
584 5 2 4 9
585 3 2 0 8
586 7 5 2 4
587 2 7 2 6
588 2 1 3 6
589 2 5 0 5
590 4 3 1 6
591 0 3 3 3
592 6 1 0 3
593 4 2 1 9
594 2 1 1 7
595 0 2 1 7
596 2 1 0 3
597 2 3 2 4
598 2 3 0 3
599 0 3 3 2
600 1 0 0 1
601 1 3 1 2
602 0 2 2 3
603 2 0 0 5
604 1 0 0 4
605 1 0 0 6
606 2 0 0 3
607 4 2 1 0
608 2 0 1 1
609 2 1 1 2
610 1 0 0 0
611 0 2 0 1
612 0 4 0 1
613 2 0 1 1
614 2 1 0 1
615 1 0 0 2
616 0 2 1 5
617 0 0 1 0
618 1 1 1 0
619 2 1 1 1
620 0 0 0 3
621 0 0 0 2
622 1 1 0 1
623 1 0 0 1
624 0 0 2 0
625 0 0 0 1
626 0 0 0 2
627 0 1 1 0
628 2 1 0 0
629 0 0 0 2
630 0 0 0 0
631 1 1 0 2
632 0 0 0 0
633 0 0 1 0
634 0 0 0 1
635 1 0 0 2
636 0 0 1 0
637 0 1 0 1
638 0 0 0 0
639 1 0 0 0
640 1 1 0 1
641 0 0 0 1
642 0 0 0 0
643 0 0 0 0
644 0 0 0 0
645 0 0 0 0
646 0 0 0 0
647 0 0 0 1
648 0 1 0 0
649 0 1 0 0
650 0 0 0 0
651 0 0 0 0
652 0 0 0 1
653 0 0 0 0
654 0 0 0 0
655 0 0 0 0
656 0 0 0 1
657 0 0 0 0
658 0 0 0 0
659 0 0 0 0
660 0 0 0 0
661 0 0 0 0
662 0 0 0 0
663 0 0 0 0
664 0 0 0 0
665 0 0 0 0
666 0 0 0 0
667 0 0 0 0
668 0 0 0 0
669 0 0 0 0
670 0 0 0 0
671 0 0 0 0
672 0 0 0 0
673 0 0 0 0
674 0 0 0 0
675 0 0 0 0
676 0 0 0 0
677 0 0 0 0
678 0 0 0 0
679 0 0 0 0
680 0 0 0 0
681 0 0 0 0
682 0 0 0 0
683 0 0 0 0
684 0 0 0 0
685 0 0 0 0
686 0 0 0 0
687 0 0 0 0
688 0 0 0 0
689 0 0 0 0
690 0 0 0 0
691 0 0 0 0
692 0 0 0 0
693 0 0 0 0
694 0 0 0 0
695 0 0 0 0
696 0 0 0 0
697 0 0 0 0
698 0 0 0 0
699 0 0 0 0
700 0 0 0 0
701 0 0 0 0
702 0 0 0 0
703 0 0 0 0
704 0 0 0 0
705 0 0 0 0
706 0 0 0 0
707 0 0 0 0
708 0 0 0 0
709 0 0 0 0
710 0 0 0 0
711 0 0 0 0
712 0 0 0 0
713 0 0 0 0
714 0 0 0 0
715 0 0 0 0
716 0 0 0 0
717 0 0 0 0
718 0 0 0 0
719 0 0 0 0
720 0 0 0 0
721 0 0 0 0
722 0 0 0 0
723 0 0 0 0
724 0 0 0 0
725 0 0 0 0
726 0 0 0 0
727 0 0 0 0
