0 0 0 0 0
1 0 0 0 0
2 0 0 0 0
3 0 0 0 0
4 0 0 0 0
5 0 1 1 0
6 0 0 0 0
7 0 0 0 0
8 0 0 0 0
9 0 3 0 2
10 0 0 0 0
11 0 0 0 0
12 0 0 0 0
13 0 0 0 1
14 0 0 0 1
15 0 0 0 0
16 1 0 0 1
17 0 0 0 0
18 0 0 0 0
19 1 0 0 0
20 0 0 0 0
21 0 1 0 0
22 0 0 0 0
23 2 0 0 0
24 0 1 0 0
25 1 0 0 1
26 0 0 0 0
27 0 0 0 0
28 0 2 0 0
29 1 0 0 0
30 1 0 0 0
31 2 0 0 1
32 0 0 0 1
33 0 0 0 0
34 1 2 0 0
35 0 0 0 1
36 0 1 0 0
37 0 0 0 0
38 0 0 0 1
39 0 1 1 0
40 0 1 0 1
41 0 0 0 1
42 0 0 0 0
43 0 0 0 0
44 1 0 0 0
45 0 0 0 0
46 0 0 0 2
47 2 0 0 1
48 0 0 0 0
49 3 0 0 0
50 2 0 0 0
51 1 0 0 0
52 0 2 0 0
53 0 0 1 0
54 0 1 0 0
55 0 0 1 0
56 2 0 0 2
57 0 0 0 0
58 0 1 1 1
59 2 1 0 0
60 0 1 0 1
61 3 0 0 0
62 0 0 0 2
63 1 0 0 1
64 1 0 0 1
65 1 2 0 1
66 0 2 0 0
67 1 0 0 0
68 2 0 1 0
69 3 1 0 1
70 1 1 1 1
71 3 0 0 0
72 3 0 1 1
73 1 1 1 2
74 2 0 1 1
75 1 0 1 1
76 4 2 2 1
77 1 0 0 2
78 3 1 3 0
79 1 0 1 1
80 1 0 0 6
81 2 5 1 0
82 1 0 1 3
83 2 3 0 1
84 5 1 0 0
85 1 0 2 4
86 2 0 0 1
87 4 2 0 1
88 4 2 1 3
89 3 3 1 2
90 2 0 2 2
91 2 1 0 1
92 2 2 0 4
93 2 2 1 1
94 3 3 1 2
95 5 2 0 2
96 3 2 1 3
97 3 1 0 2
98 6 0 1 1
99 4 3 0 3
100 3 3 1 3
101 5 0 3 5
102 7 1 3 0
103 5 3 1 2
104 7 5 0 2
105 8 4 1 2
106 4 4 0 3
107 6 4 3 2
108 6 0 1 6
109 4 2 4 6
110 7 7 2 7
111 5 3 2 5
112 3 3 5 3
113 6 3 1 4
114 9 4 1 5
115 4 2 1 2
116 10 4 2 8
117 6 4 2 8
118 5 2 3 7
119 11 6 5 5
120 6 2 3 4
121 8 2 2 7
122 10 3 1 5
123 11 3 2 7
124 9 3 1 6
125 11 9 3 4
126 8 6 1 8
127 12 7 2 3
128 3 8 4 4
129 12 4 4 8
130 9 4 5 7
131 11 2 5 7
132 10 8 5 13
133 7 4 2 11
134 13 6 5 8
135 9 4 6 7
136 8 4 7 7
137 9 4 4 9
138 7 5 6 14
139 8 8 7 7
140 14 5 5 8
141 9 6 4 8
142 15 3 2 14
143 13 4 3 13
144 10 5 3 8
145 11 5 9 8
146 16 6 5 11
147 7 10 3 7
148 11 5 7 9
149 11 3 4 10
150 16 6 5 9
151 13 9 7 15
152 12 3 3 17
153 14 10 5 7
154 17 6 4 12
155 9 6 7 8
156 17 4 7 6
157 18 7 2 13
158 9 7 5 17
159 11 10 5 7
160 15 8 3 13
161 18 10 6 8
162 13 6 9 16
163 12 12 3 12
164 12 4 6 11
165 11 8 5 15
166 15 12 7 12
167 12 8 3 11
168 16 7 4 14
169 16 11 6 17
170 16 9 4 18
171 16 11 6 10
172 22 9 5 12
173 21 14 4 18
174 26 10 4 13
175 24 9 4 15
176 17 10 3 16
177 18 6 8 17
178 16 8 14 14
179 20 12 8 14
180 19 10 13 14
181 22 13 6 16
182 23 12 6 18
183 21 13 11 12
184 19 11 10 14
185 22 10 7 22
186 18 10 9 18
187 24 9 6 30
188 22 11 8 17
189 18 9 10 17
190 22 14 11 21
191 22 12 7 19
192 25 15 10 22
193 25 14 7 19
194 24 10 10 19
195 28 10 12 18
196 29 13 10 19
197 20 12 6 29
198 25 16 6 17
199 16 18 12 24
200 20 12 11 11
201 20 16 13 22
202 23 11 12 23
203 15 16 8 32
204 18 12 9 22
205 16 18 10 23
206 17 8 8 28
207 21 15 9 24
208 12 9 5 21
209 20 9 8 23
210 14 12 12 20
211 13 10 6 27
212 11 10 9 19
213 10 12 2 15
214 17 12 3 21
215 12 8 6 19
216 11 15 3 28
217 11 11 6 19
218 8 15 5 11
219 11 8 4 16
220 12 5 3 13
221 11 6 3 21
222 11 3 5 17
223 12 9 5 20
224 8 6 3 8
225 11 9 5 14
226 10 7 5 5
227 11 6 2 11
228 13 7 11 8
229 7 4 3 10
230 5 4 4 12
231 6 10 4 11
232 6 7 2 19
233 6 4 3 12
234 2 5 4 8
235 7 4 2 17
236 3 6 2 5
237 3 8 2 4
238 5 6 1 9
239 5 3 0 8
240 1 4 4 11
241 6 2 2 7
242 3 3 2 6
243 2 2 2 4
244 1 4 1 9
245 5 3 1 9
246 7 2 3 6
247 4 3 1 6
248 4 2 0 3
249 1 1 1 3
250 2 3 3 3
251 2 2 1 4
252 3 2 1 4
253 1 2 0 5
254 1 2 1 6
255 2 2 3 0
256 3 0 1 1
257 2 3 1 4
258 0 0 0 3
259 0 0 2 6
260 1 1 2 1
261 0 1 0 5
262 0 0 2 1
263 0 1 0 2
264 0 1 0 4
265 1 1 2 1
266 0 0 1 2
267 1 0 1 3
268 0 0 0 0
269 0 0 0 0
270 1 1 0 0
271 0 0 0 2
272 0 0 0 3
273 1 0 0 1
274 0 0 0 0
275 0 1 0 0
276 0 1 0 0
277 1 0 0 1
278 0 1 0 0
279 0 0 0 1
280 0 0 0 0
281 0 0 0 0
282 0 0 1 1
283 0 0 0 1
284 0 0 0 0
285 0 0 0 0
286 1 0 0 1
287 0 0 0 0
288 0 0 0 0
289 0 0 0 0
290 0 0 0 0
291 0 1 0 0
292 0 0 0 0
293 0 0 0 0
294 0 0 0 0
295 0 0 0 0
296 0 0 0 0
297 0 0 0 0
298 0 0 0 1
299 0 0 0 0
300 0 0 0 0
301 0 0 0 0
302 0 0 0 0
303 1 0 0 0
304 0 0 0 0
305 0 0 0 0
306 0 0 0 0
307 0 0 0 0
308 0 0 0 0
309 0 0 0 0
310 0 0 0 0
311 0 0 0 0
312 0 0 1 0
313 0 0 0 0
314 0 0 0 0
315 0 0 0 0
316 0 0 0 0
317 0 0 0 0
318 0 0 0 0
319 0 0 0 1
320 0 0 0 0
321 0 0 0 0
322 0 0 0 0
323 0 0 0 0
324 0 0 0 0
325 0 0 0 0
326 0 0 0 0
327 0 0 0 0
328 0 0 0 0
329 0 0 0 0
330 0 0 0 0
331 0 0 0 0
332 0 0 0 0
333 0 0 0 0
334 0 0 0 0
335 0 0 0 0
336 0 0 0 0
337 0 0 0 0
338 0 0 0 0
339 0 0 0 0
340 0 0 0 0
341 0 0 0 0
342 0 0 0 0
343 0 0 0 0
344 0 0 0 0
345 0 0 0 0
346 0 0 0 0
347 0 0 0 0
348 0 0 0 0
349 0 0 0 0
350 0 0 0 0
351 0 0 0 0
352 0 0 0 0
353 0 0 0 0
354 0 0 0 0
355 0 0 0 0
356 0 0 0 0
357 0 0 0 0
358 0 0 0 0
359 0 0 0 0
360 0 0 0 0
361 0 0 0 0
362 0 0 0 0
363 0 0 0 0
364 0 0 0 0
365 0 0 0 0
366 0 0 0 0
367 0 0 0 0
368 0 0 0 0
369 0 0 0 0
370 0 0 0 0
371 0 0 0 0
372 0 0 0 0
373 0 0 0 0
374 0 0 0 0
375 0 0 0 0
376 0 0 0 0
377 0 0 0 0
378 0 0 0 0
379 0 0 0 0
380 0 0 0 0
381 0 0 0 0
382 0 0 0 0
383 0 0 0 0
384 0 0 0 0
385 0 0 0 0
386 0 0 0 0
387 0 0 0 0
388 0 0 0 0
389 0 0 0 0
390 0 0 0 0
391 0 0 0 0
392 0 0 0 0
393 0 0 0 0
394 0 0 0 0
395 0 0 0 0
396 0 0 0 0
397 0 0 0 0
398 0 0 0 0
399 0 0 0 0
400 0 0 0 0
401 0 0 0 0
402 0 0 0 0
403 0 0 0 0
404 0 0 0 0
405 0 0 0 0
406 0 0 0 0
407 0 0 0 0
408 0 0 0 0
409 0 0 0 0
410 0 0 0 0
411 0 0 0 0
412 0 0 0 0
413 0 0 0 0
414 0 0 0 0
415 0 0 0 0
416 0 0 0 0
417 0 0 0 0
418 0 0 0 0
419 0 0 0 0
420 0 0 0 0
421 0 0 0 0
422 0 0 0 0
423 0 0 0 0
424 0 0 0 0
425 0 0 0 0
426 0 0 0 0
427 0 0 0 0
428 0 0 0 0
429 0 0 0 0
430 0 0 0 0
431 0 0 0 0
432 0 0 0 0
433 0 0 0 0
434 0 0 0 0
435 0 0 0 0
436 0 0 0 0
437 0 0 0 0
438 0 0 0 0
439 0 0 0 0
440 0 0 0 0
441 0 0 0 0
442 0 0 0 0
443 0 0 0 0
444 0 0 0 0
445 0 0 0 0
446 0 0 0 0
447 0 0 0 0
448 0 0 0 0
449 0 0 0 0
450 0 0 0 0
451 0 0 0 0
452 0 0 0 0
453 0 0 0 0
454 0 0 0 0
455 0 0 0 0
456 0 0 0 0
457 0 0 0 0
458 0 0 0 0
459 0 0 0 0
460 0 0 0 0
461 0 0 0 0
462 0 0 0 0
463 0 0 0 0
464 0 0 0 0
465 0 0 0 0
466 0 0 0 0
467 0 0 0 0
468 0 0 0 0
469 0 0 0 0
470 0 0 0 0
471 0 0 0 0
472 0 0 0 0
473 0 0 0 0
474 0 0 0 0
475 0 0 0 0
476 0 0 0 0
477 0 0 0 0
478 0 0 0 0
479 0 0 0 0
480 0 0 0 0
481 0 0 0 0
482 0 0 0 0
483 0 0 0 0
484 0 0 0 0
485 0 0 0 0
486 0 0 0 0
487 0 0 0 0
488 0 0 0 0
489 0 0 0 0
490 0 0 0 0
491 0 0 0 0
492 0 0 0 0
493 0 0 0 0
494 0 0 0 0
495 0 0 0 0
496 0 0 0 0
497 0 0 0 0
498 0 0 0 0
499 0 0 0 0
500 0 0 0 0
501 0 0 0 0
502 0 0 0 0
503 0 0 0 0
504 0 0 0 0
505 0 0 0 0
506 0 0 0 0
507 0 0 0 0
508 0 0 0 0
509 0 0 0 0
510 0 0 0 0
511 0 0 0 0
512 0 0 0 0
513 0 0 0 0
514 0 0 0 0
515 0 0 0 0
516 0 0 0 0
517 0 0 0 0
518 0 0 0 0
519 0 0 0 0
520 0 0 0 0
521 0 0 0 0
522 0 0 0 0
523 0 0 0 0
524 0 0 0 0
525 0 0 0 0
526 0 0 0 0
527 0 0 0 0
528 0 0 0 0
529 0 0 0 0
530 0 0 0 0
531 0 0 0 0
532 0 0 0 0
533 0 0 0 0
534 0 0 0 0
535 0 0 0 0
536 0 0 0 0
537 0 0 0 0
538 0 0 0 0
539 0 0 0 0
540 0 0 0 0
541 0 0 0 0
542 0 0 0 0
543 0 0 0 0
544 0 0 0 0
545 0 0 0 0
546 0 0 0 0
547 0 0 0 0
548 0 0 0 0
549 0 0 0 0
550 0 0 0 0
551 0 0 0 0
552 0 0 0 0
553 0 0 0 0
554 0 0 0 0
555 0 0 0 0
556 0 0 0 0
557 0 0 0 0
558 0 0 0 0
559 0 0 0 0
560 0 0 0 0
561 0 0 0 0
562 0 0 0 0
563 0 0 0 0
564 0 0 0 0
565 0 0 0 0
566 0 0 0 0
567 0 0 0 0
568 0 0 0 0
569 0 0 0 0
570 0 0 0 0
571 0 0 0 0
572 0 0 0 0
573 0 0 0 0
574 0 0 0 0
575 0 0 0 0
576 0 0 0 0
577 0 0 0 0
578 0 0 0 0
579 0 0 0 0
580 0 0 0 0
581 0 0 0 0
582 0 0 0 0
583 0 0 0 0
584 0 0 0 0
585 0 0 0 0
586 0 0 0 0
587 0 0 0 0
588 0 0 0 0
589 0 0 0 0
590 0 0 0 0
591 0 0 0 0
592 0 0 0 0
593 0 0 0 0
594 0 0 0 0
595 0 0 0 0
596 0 0 0 0
597 0 0 0 0
598 0 0 0 0
599 0 0 0 0
600 0 0 0 0
601 0 0 0 0
602 0 0 0 0
603 0 0 0 0
604 0 0 0 0
605 0 0 0 0
606 0 0 0 0
607 0 0 0 0
608 0 0 0 0
609 0 0 0 0
610 0 0 0 0
611 0 0 0 0
612 0 0 0 0
613 0 0 0 0
614 0 0 0 0
615 0 0 0 0
616 0 0 0 0
617 0 0 0 0
618 0 0 0 0
619 0 0 0 0
620 0 0 0 0
621 0 0 0 0
622 0 0 0 0
623 0 0 0 0
624 0 0 0 0
625 0 0 0 0
626 0 0 0 0
627 0 0 0 0
628 0 0 0 0
629 0 0 0 0
630 0 0 0 0
631 0 0 0 0
632 0 0 0 0
633 0 0 0 0
634 0 0 0 0
635 0 0 0 0
636 0 0 0 0
637 0 0 0 0
638 0 0 0 0
639 0 0 0 0
640 0 0 0 0
641 0 0 0 0
642 0 0 0 0
643 0 0 0 0
644 0 0 0 0
645 0 0 0 0
646 0 0 0 0
647 0 0 0 0
648 0 0 0 0
649 0 0 0 0
650 0 0 0 0
651 0 0 0 0
652 0 0 0 0
653 0 0 0 0
654 0 0 0 0
655 0 0 0 0
656 0 0 0 0
657 0 0 0 0
658 0 0 0 0
659 0 0 0 0
660 0 0 0 0
661 0 0 0 0
662 0 0 0 0
663 0 0 0 0
664 0 0 0 0
665 0 0 0 0
666 0 0 0 0
667 0 0 0 0
668 0 0 0 0
669 0 0 0 0
670 0 0 0 0
671 0 0 0 0
672 0 0 0 0
673 0 0 0 0
674 0 0 0 0
675 0 0 0 0
676 0 0 0 0
677 0 0 0 0
678 0 0 0 0
679 0 0 0 0
680 0 0 0 0
681 0 0 0 0
682 0 0 0 0
683 0 0 0 0
684 0 0 0 0
685 0 0 0 0
686 0 0 0 0
687 0 0 0 0
688 0 0 0 0
689 0 0 0 0
690 0 0 0 0
691 0 0 0 0
692 0 0 0 0
693 0 0 0 0
694 0 0 0 0
695 0 0 0 0
696 0 0 0 0
697 0 0 0 0
698 0 0 0 0
699 0 0 0 0
700 0 0 0 0
701 0 0 0 0
702 0 0 0 0
703 0 0 0 0
704 0 0 0 0
705 0 0 0 0
706 0 0 0 0
707 0 0 0 0
708 0 0 0 0
709 0 0 0 0
710 0 0 0 0
711 0 0 0 0
712 0 0 0 0
713 0 0 0 0
714 0 0 0 0
715 0 0 0 0
716 0 0 0 0
717 0 0 0 0
718 0 0 0 0
719 0 0 0 0
720 0 0 0 0
721 0 0 0 0
722 0 0 0 0
723 0 0 0 0
724 0 0 0 0
725 0 0 0 0
726 0 0 0 0
727 0 0 0 0
