0 0 0 0 0
1 0 0 0 0
2 0 0 0 0
3 0 0 0 0
4 0 0 0 0
5 0 1 3 0
6 0 0 0 0
7 0 0 0 0
8 1 0 0 0
9 0 1 0 2
10 0 0 0 0
11 0 0 0 0
12 0 0 0 2
13 0 0 1 0
14 0 0 0 0
15 0 0 0 0
16 0 0 0 1
17 1 0 0 1
18 0 0 0 0
19 0 0 0 0
20 0 0 0 0
21 0 0 0 0
22 0 0 0 0
23 0 0 0 0
24 0 0 0 0
25 0 0 0 0
26 0 1 0 0
27 1 0 0 0
28 0 0 0 0
29 1 0 0 0
30 1 0 0 1
31 1 0 0 0
32 2 0 0 0
33 1 0 0 0
34 2 0 0 0
35 1 0 0 0
36 0 1 1 0
37 0 2 0 0
38 0 1 0 0
39 0 1 1 0
40 0 0 0 1
41 1 0 0 2
42 0 1 1 0
43 0 0 0 1
44 0 1 0 1
45 0 0 0 1
46 0 1 0 1
47 0 0 0 0
48 2 0 0 1
49 2 0 0 1
50 1 0 0 1
51 1 0 0 1
52 1 0 0 0
53 1 2 0 0
54 0 2 0 0
55 2 0 1 0
56 2 0 0 0
57 3 1 0 1
58 3 1 0 1
59 2 0 0 1
60 5 2 1 1
61 3 1 0 1
62 2 1 1 0
63 2 0 1 0
64 3 0 0 4
65 1 2 3 1
66 1 1 1 1
67 1 3 2 0
68 2 0 2 1
69 1 2 1 2
70 0 2 0 1
71 1 0 0 2
72 2 2 0 5
73 2 1 2 3
74 3 0 1 5
75 3 1 0 1
76 5 0 1 2
77 4 1 0 2
78 2 1 0 1
79 7 0 0 2
80 6 1 1 2
81 2 4 2 1
82 8 1 2 1
83 7 3 1 0
84 6 3 1 0
85 8 2 1 5
86 8 0 3 2
87 7 4 3 3
88 4 5 1 6
89 5 3 1 3
90 6 2 3 3
91 0 6 4 3
92 5 10 0 2
93 7 4 2 6
94 6 5 2 7
95 7 7 1 9
96 4 2 1 3
97 5 3 1 7
98 6 4 2 8
99 6 2 0 12
100 5 2 3 5
101 4 4 0 4
102 7 4 0 9
103 6 10 1 2
104 7 2 3 6
105 8 1 3 4
106 8 4 1 4
107 3 1 2 10
108 12 7 0 4
109 8 2 3 3
110 9 7 2 7
111 15 4 4 4
112 16 0 3 5
113 10 6 6 2
114 8 5 2 4
115 12 3 4 10
116 16 7 2 5
117 8 8 4 8
118 10 4 7 10
119 10 2 6 4
120 8 8 7 11
121 11 6 9 12
122 9 4 5 10
123 13 8 2 11
124 13 7 3 12
125 9 7 5 13
126 14 6 4 11
127 9 2 4 15
128 8 6 5 10
129 8 6 4 7
130 8 4 5 7
131 7 13 3 8
132 17 7 5 12
133 12 8 5 12
134 13 9 4 9
135 9 5 6 13
136 18 4 1 7
137 17 11 6 7
138 18 3 2 17
139 9 6 5 15
140 18 6 4 11
141 12 10 6 11
142 15 12 7 9
143 23 8 6 9
144 19 8 1 14
145 18 6 6 14
146 17 7 4 17
147 5 10 8 12
148 9 13 1 7
149 7 9 12 12
150 8 10 6 11
151 16 6 7 17
152 9 7 8 15
153 10 6 9 19
154 12 7 5 13
155 14 9 3 11
156 19 4 7 18
157 14 6 2 18
158 19 7 3 14
159 12 8 4 12
160 14 8 7 11
161 20 6 6 10
162 20 2 12 9
163 17 10 3 15
164 22 8 6 12
165 28 10 9 12
166 24 8 5 10
167 22 15 7 12
168 24 7 9 10
169 26 13 7 18
170 25 18 12 15
171 22 11 9 24
172 23 10 4 22
173 22 12 10 19
174 20 14 15 20
175 17 21 9 14
176 29 18 7 16
177 16 16 8 27
178 23 14 5 29
179 18 10 10 18
180 21 10 6 25
181 22 17 11 24
182 23 9 9 33
183 19 13 10 23
184 28 12 6 15
185 30 12 10 19
186 26 13 7 20
187 23 10 7 17
188 27 8 11 22
189 27 14 9 22
190 31 22 9 26
191 34 15 11 20
192 28 11 11 14
193 32 18 14 24
194 29 11 11 23
195 31 21 12 23
196 33 17 14 28
197 24 14 15 31
198 31 21 11 25
199 32 13 16 29
200 27 12 13 30
201 24 13 15 29
202 24 9 14 31
203 26 23 8 29
204 20 23 12 26
205 18 17 13 27
206 18 11 10 27
207 22 21 9 25
208 12 17 9 27
209 12 18 9 32
210 14 12 8 28
211 16 12 9 30
212 9 15 11 30
213 13 8 7 22
214 17 8 7 27
215 13 11 3 20
216 12 11 6 27
217 16 4 6 17
218 13 8 11 21
219 8 6 8 13
220 15 10 8 15
221 13 5 4 10
222 10 11 5 24
223 9 12 5 18
224 14 4 4 12
225 15 7 6 12
226 5 6 5 13
227 10 5 3 20
228 6 8 0 7
229 3 9 5 17
230 8 10 7 11
231 7 4 5 9
232 4 6 6 9
233 3 5 5 14
234 5 6 2 13
235 0 3 2 7
236 4 5 4 19
237 4 2 3 11
238 2 1 0 9
239 3 5 1 7
240 3 2 1 10
241 4 2 0 5
242 4 2 2 3
243 3 3 2 7
244 4 2 1 4
245 6 4 0 2
246 4 2 1 5
247 5 1 2 5
248 6 1 1 2
249 1 2 2 5
250 3 5 2 0
251 0 2 2 5
252 0 1 0 2
253 2 1 4 4
254 4 2 1 7
255 5 1 0 3
256 2 4 0 3
257 2 2 1 3
258 2 1 1 4
259 2 4 1 2
260 3 2 0 3
261 1 0 0 2
262 1 0 2 2
263 3 1 1 6
264 0 2 3 3
265 0 1 1 0
266 1 0 0 4
267 1 2 2 1
268 0 1 0 3
269 1 1 1 3
270 0 1 0 1
271 0 1 0 3
272 0 2 1 1
273 1 0 0 1
274 0 0 0 4
275 2 1 0 1
276 3 0 0 2
277 1 0 0 1
278 1 2 0 0
279 1 0 0 3
280 1 0 2 0
281 1 0 1 0
282 1 1 0 0
283 0 1 0 0
284 0 0 0 0
285 0 1 2 2
286 0 0 0 0
287 0 0 0 4
288 0 1 0 1
289 0 0 0 1
290 1 1 0 0
291 0 1 0 0
292 0 0 0 3
293 0 0 0 0
294 0 0 0 1
295 1 1 0 1
296 0 0 0 0
297 0 0 0 0
298 0 0 0 0
299 0 0 0 0
300 0 0 0 0
301 0 0 0 0
302 1 0 0 1
303 0 0 0 0
304 1 1 0 0
305 1 0 0 0
306 1 0 0 0
307 1 1 0 0
308 0 0 0 0
309 0 0 1 1
310 0 1 0 0
311 0 0 0 0
312 1 1 0 0
313 0 0 0 1
314 0 0 0 1
315 0 1 0 0
316 1 0 0 0
317 0 0 0 1
318 0 0 0 1
319 0 0 0 0
320 0 0 0 0
321 0 1 1 0
322 0 0 0 1
323 0 0 0 0
324 0 0 0 0
325 0 0 0 1
326 0 0 0 0
327 0 0 0 1
328 1 0 0 0
329 0 0 0 0
330 0 0 0 0
331 0 0 0 0
332 0 0 0 0
333 0 0 0 0
334 0 0 0 0
335 0 0 0 0
336 0 0 0 0
337 0 0 1 0
338 0 0 0 0
339 1 0 0 0
340 0 0 0 0
341 1 0 0 1
342 0 0 0 0
343 0 0 0 0
344 1 0 0 0
345 0 0 0 0
346 0 0 0 0
347 0 0 0 0
348 0 1 0 0
349 0 0 0 0
350 0 0 1 0
351 1 0 0 0
352 2 0 0 1
353 0 1 0 0
354 0 0 0 0
355 0 0 0 0
356 1 1 0 0
357 0 1 0 1
358 0 0 0 0
359 1 0 0 0
360 0 0 0 2
361 1 1 0 1
362 0 0 0 0
363 1 0 0 0
364 0 0 0 0
365 0 0 1 1
366 0 1 0 0
367 0 0 0 0
368 0 1 0 0
369 0 0 0 0
370 0 0 0 1
371 0 0 0 0
372 0 0 1 1
373 0 0 0 0
374 0 0 0 0
375 1 0 0 1
376 0 0 0 0
377 1 0 0 0
378 1 0 0 0
379 0 0 0 1
380 0 1 0 0
381 0 0 0 0
382 1 0 0 0
383 0 0 0 0
384 0 0 0 1
385 0 0 0 0
386 1 0 1 0
387 1 0 1 0
388 0 0 0 0
389 0 0 0 0
390 2 0 0 1
391 0 1 1 1
392 1 1 0 0
393 1 0 0 0
394 3 0 0 0
395 0 1 0 2
396 2 0 0 0
397 0 0 1 0
398 1 0 1 0
399 1 3 0 2
400 1 0 0 0
401 1 1 0 0
402 1 0 0 1
403 1 1 0 2
404 0 0 0 1
405 0 2 0 0
406 0 1 0 1
407 1 2 0 0
408 0 1 0 1
409 0 0 0 2
410 0 0 0 2
411 0 0 0 1
412 0 1 0 1
413 0 0 0 0
414 0 0 0 1
415 1 0 0 0
416 1 1 0 1
417 0 0 0 0
418 1 0 0 0
419 2 0 0 0
420 0 0 1 1
421 0 0 1 0
422 1 0 0 0
423 1 1 0 0
424 1 1 0 1
425 0 0 0 0
426 0 0 0 0
427 1 0 0 2
428 0 0 1 1
429 1 1 0 0
430 0 0 0 0
431 0 1 0 0
432 0 0 1 0
433 0 0 0 1
434 0 0 0 0
435 0 0 0 2
436 0 1 0 1
437 0 0 0 0
438 0 1 0 0
439 0 0 0 0
440 1 0 0 1
441 1 0 0 0
442 0 0 0 1
443 0 0 0 0
444 2 0 0 0
445 0 1 0 0
446 1 0 1 0
447 1 0 0 0
448 3 0 0 0
449 0 2 0 0
450 1 0 0 1
451 2 0 0 0
452 0 1 0 1
453 0 1 0 1
454 0 0 0 0
455 0 1 1 0
456 1 1 1 2
457 0 2 0 0
458 1 0 0 0
459 3 0 0 1
460 1 0 0 2
461 0 0 0 2
462 0 1 0 1
463 2 1 0 1
464 0 1 0 0
465 0 0 1 0
466 2 0 0 1
467 1 0 0 0
468 1 1 2 0
469 0 0 0 0
470 3 0 0 1
471 2 0 0 1
472 2 2 0 2
473 0 0 0 0
474 0 0 0 0
475 1 4 1 2
476 2 0 1 0
477 1 1 0 0
478 0 0 0 0
479 1 0 0 7
480 1 1 0 1
481 1 0 2 1
482 1 2 0 0
483 0 0 0 0
484 0 0 2 0
485 1 1 1 1
486 2 0 0 2
487 1 1 0 1
488 1 0 0 2
489 1 0 0 2
490 0 1 0 0
491 0 0 2 0
492 1 1 0 1
493 0 1 0 0
494 2 0 1 2
495 1 0 0 1
496 1 0 0 1
497 1 0 1 0
498 1 1 0 2
499 1 1 1 0
500 2 0 1 1
501 1 0 1 0
502 3 0 0 0
503 2 0 1 1
504 0 1 0 2
505 2 0 1 1
506 2 1 0 1
507 1 1 1 1
508 1 0 0 2
509 0 0 1 1
510 2 1 1 1
511 2 1 2 1
512 1 1 1 0
513 2 0 1 1
514 2 1 0 1
515 3 2 0 1
516 2 1 1 1
517 1 1 0 3
518 1 0 0 2
519 0 1 0 2
520 2 2 0 1
521 1 0 2 2
522 1 2 1 1
523 1 0 0 1
524 1 1 1 3
525 2 1 0 2
526 1 1 1 2
527 2 1 0 0
528 3 1 0 1
529 1 2 0 1
530 1 0 0 1
531 1 1 0 2
532 4 1 0 1
533 3 0 1 1
534 1 1 1 0
535 2 2 0 1
536 3 1 0 3
537 1 4 1 1
538 6 2 1 1
539 4 0 1 2
540 2 0 1 0
541 4 5 0 4
542 2 1 0 2
543 2 2 2 2
544 1 3 1 3
545 2 0 0 3
546 1 0 2 0
547 3 4 1 2
548 2 3 0 6
549 2 2 0 1
550 6 1 3 3
551 4 0 1 5
552 2 1 0 1
553 4 2 1 1
554 0 1 1 3
555 1 4 0 3
556 0 3 2 2
557 1 1 0 3
558 1 3 0 1
559 3 2 0 3
560 2 1 0 5
561 2 0 1 1
562 2 1 0 3
563 0 0 0 5
564 1 1 2 1
565 2 0 1 2
566 1 2 0 2
567 2 0 2 1
568 2 1 1 3
569 0 1 0 0
570 1 0 1 1
571 2 1 1 1
572 3 1 0 3
573 0 3 0 2
574 1 1 0 1
575 0 0 1 0
576 1 2 0 1
577 0 0 1 3
578 1 0 0 3
579 2 1 0 0
580 0 1 0 2
581 2 2 0 0
582 0 0 0 1
583 0 0 0 2
584 0 2 0 1
585 3 1 0 1
586 2 1 0 0
587 1 1 0 1
588 1 0 0 2
589 1 0 0 0
590 0 1 2 0
591 1 1 0 1
592 0 0 0 1
593 0 0 0 2
594 0 2 0 2
595 0 1 0 0
596 1 1 1 0
597 0 0 1 1
598 0 0 0 1
599 0 0 0 1
600 0 0 0 1
601 0 1 0 3
602 1 0 0 0
603 0 0 0 1
604 0 0 0 0
605 2 0 0 1
606 2 0 0 0
607 1 0 1 0
608 2 0 0 0
609 1 0 0 0
610 0 0 1 0
611 0 0 0 0
612 1 0 0 0
613 1 0 0 0
614 0 2 0 1
615 0 1 1 0
616 0 0 1 0
617 0 2 0 1
618 0 1 0 0
619 0 0 0 1
620 0 0 0 1
621 0 0 1 3
622 0 0 0 2
623 0 0 0 0
624 0 0 0 1
625 0 0 0 1
626 0 0 0 0
627 0 0 0 0
628 0 0 0 0
629 1 0 0 0
630 0 0 0 0
631 0 0 0 0
632 0 0 0 0
633 0 0 0 0
634 0 0 0 0
635 1 0 0 0
636 0 0 0 0
637 0 0 0 0
638 0 1 0 0
639 0 0 0 0
640 0 1 0 0
641 0 0 0 0
642 0 0 0 0
643 0 0 0 0
644 0 0 0 0
645 0 0 0 1
646 0 0 0 1
647 0 0 0 0
648 0 0 0 0
649 0 0 0 0
650 0 0 0 0
651 0 0 0 0
652 0 0 0 0
653 0 0 0 0
654 0 0 0 0
655 0 0 0 0
656 0 0 0 0
657 0 0 0 0
658 0 0 0 0
659 0 0 0 0
660 0 0 0 0
661 0 0 0 0
662 0 0 0 0
663 0 0 0 0
664 0 0 0 0
665 0 0 0 0
666 0 0 0 0
667 0 0 0 0
668 0 0 0 0
669 0 0 0 0
670 0 0 0 0
671 0 0 0 0
672 0 0 0 0
673 0 0 0 0
674 0 0 0 0
675 0 0 0 0
676 0 0 0 0
677 0 0 0 0
678 0 0 0 0
679 0 0 0 0
680 0 0 0 0
681 0 0 0 0
682 0 0 0 0
683 0 0 0 0
684 0 0 0 0
685 0 0 0 0
686 0 0 0 0
687 0 0 0 0
688 0 0 0 0
689 0 0 0 0
690 0 0 0 0
691 0 0 0 0
692 0 0 0 0
693 0 0 0 0
694 0 0 0 0
695 0 0 0 0
696 0 0 0 0
697 0 0 0 0
698 0 0 0 0
699 0 0 0 0
700 0 0 0 0
701 0 0 0 0
702 0 0 0 0
703 0 0 0 0
704 0 0 0 0
705 0 0 0 0
706 0 0 0 0
707 0 0 0 0
708 0 0 0 0
709 0 0 0 0
710 0 0 0 0
711 0 0 0 0
712 0 0 0 0
713 0 0 0 0
714 0 0 0 0
715 0 0 0 0
716 0 0 0 0
717 0 0 0 0
718 0 0 0 0
719 0 0 0 0
720 0 0 0 0
721 0 0 0 0
722 0 0 0 0
723 0 0 0 0
724 0 0 0 0
725 0 0 0 0
726 0 0 0 0
727 0 0 0 0
