0 0 0 0 0
1 0 0 0 0
2 0 0 0 0
3 0 0 0 0
4 0 0 0 0
5 0 1 1 0
6 0 0 0 0
7 0 0 0 0
8 0 0 0 0
9 0 2 1 0
10 0 0 0 0
11 0 0 0 0
12 1 0 0 2
13 0 0 0 0
14 0 0 0 0
15 0 0 0 0
16 0 0 0 3
17 0 0 1 0
18 0 0 0 0
19 0 0 0 0
20 0 0 0 0
21 0 0 0 1
22 1 0 0 0
23 1 0 0 0
24 3 0 0 0
25 0 0 0 0
26 2 0 0 0
27 2 1 0 0
28 2 1 0 0
29 2 1 1 0
30 1 0 0 0
31 1 0 1 1
32 0 0 0 0
33 1 1 0 0
34 2 1 0 0
35 0 0 1 2
36 1 0 3 1
37 1 2 0 2
38 0 1 0 0
39 1 1 1 1
40 0 0 0 1
41 1 1 0 3
42 1 2 0 1
43 0 1 0 2
44 0 0 0 0
45 1 0 0 0
46 1 1 0 4
47 1 1 0 0
48 1 1 0 1
49 1 0 0 0
50 2 0 0 2
51 4 0 1 0
52 2 1 0 0
53 5 1 0 0
54 2 0 1 1
55 2 2 0 2
56 2 1 1 0
57 1 2 0 1
58 2 2 3 1
59 2 1 0 3
60 2 1 0 1
61 0 2 0 2
62 2 2 0 3
63 2 0 2 1
64 1 2 2 0
65 3 2 0 5
66 2 0 1 2
67 2 1 0 1
68 6 2 1 3
69 6 0 1 1
70 3 1 0 2
71 2 1 1 1
72 4 0 1 4
73 1 2 0 1
74 3 3 3 1
75 3 1 0 1
76 3 1 3 1
77 3 2 2 2
78 6 1 2 3
79 7 1 3 1
80 5 2 2 1
81 2 3 1 6
82 2 2 1 2
83 7 2 3 6
84 7 2 2 3
85 3 3 2 5
86 5 2 0 4
87 3 1 0 5
88 5 4 2 6
89 2 1 1 5
90 4 0 5 3
91 7 2 2 0
92 5 3 1 3
93 5 3 3 1
94 8 1 1 4
95 7 3 3 8
96 8 5 2 3
97 6 4 3 4
98 4 2 2 2
99 3 5 1 7
100 9 2 2 7
101 3 6 3 5
102 5 1 2 4
103 5 4 0 9
104 5 4 5 2
105 6 4 1 6
106 10 5 4 3
107 5 1 2 7
108 7 3 2 9
109 8 3 5 4
110 10 0 3 6
111 8 6 3 6
112 11 3 3 4
113 7 5 2 10
114 4 3 6 5
115 6 5 5 5
116 5 3 3 6
117 5 7 2 5
118 11 4 2 13
119 10 3 3 7
120 8 4 2 4
121 2 6 1 9
122 16 1 3 9
123 14 5 3 7
124 9 4 4 8
125 13 4 3 5
126 11 1 3 9
127 14 8 5 5
128 11 7 4 7
129 10 2 8 6
130 8 4 1 9
131 14 6 7 9
132 11 8 3 6
133 14 6 4 3
134 13 10 8 6
135 14 3 5 13
136 10 16 0 13
137 12 5 3 10
138 14 5 3 16
139 10 8 5 8
140 6 8 5 16
141 16 6 3 13
142 19 12 1 5
143 25 4 8 13
144 13 8 4 11
145 17 6 4 11
146 15 9 8 11
147 17 10 7 13
148 21 13 8 14
149 9 7 5 13
150 13 10 5 14
151 20 17 3 12
152 12 13 7 16
153 19 11 5 13
154 15 7 7 16
155 14 8 8 17
156 12 14 6 12
157 16 11 7 19
158 17 7 5 17
159 16 4 5 22
160 13 6 9 13
161 20 5 7 20
162 22 11 8 13
163 19 14 4 15
164 16 7 7 17
165 14 6 4 13
166 20 11 10 17
167 19 12 8 17
168 19 5 11 13
169 21 8 4 9
170 16 10 8 20
171 18 17 6 18
172 20 13 5 17
173 20 11 6 17
174 23 14 3 19
175 26 12 6 20
176 27 8 8 11
177 21 15 7 19
178 25 9 12 21
179 24 11 6 22
180 30 14 8 13
181 16 15 10 16
182 26 10 9 20
183 26 15 13 17
184 26 15 8 20
185 28 16 11 14
186 28 10 6 21
187 24 13 10 27
188 23 15 14 32
189 25 19 11 23
190 18 11 14 22
191 32 16 12 16
192 21 19 9 31
193 25 13 10 24
194 22 16 10 24
195 34 16 8 34
196 33 10 13 27
197 33 11 11 23
198 24 15 16 24
199 34 11 6 31
200 27 20 13 29
201 33 14 14 22
202 29 12 8 25
203 29 17 7 19
204 33 26 14 32
205 25 20 11 24
206 20 20 14 18
207 25 13 11 26
208 24 20 11 32
209 13 14 16 26
210 18 18 11 27
211 14 13 8 31
212 19 23 6 35
213 12 17 17 29
214 13 10 8 35
215 18 10 11 22
216 13 7 8 33
217 7 11 8 28
218 9 8 9 23
219 9 8 8 24
220 10 7 3 22
221 14 11 6 18
222 13 3 1 17
223 15 8 3 17
224 10 12 4 13
225 14 5 3 15
226 11 7 7 12
227 16 8 5 9
228 9 7 6 20
229 9 5 4 9
230 9 10 7 13
231 7 3 4 15
232 10 6 8 9
233 7 6 4 13
234 8 5 4 12
235 4 8 8 12
236 4 7 3 8
237 11 7 5 15
238 7 1 5 10
239 7 5 1 13
240 4 5 5 8
241 3 4 1 10
242 2 8 1 10
243 5 8 2 11
244 1 2 2 9
245 5 3 2 5
246 6 5 2 7
247 1 3 1 12
248 2 3 1 3
249 3 0 5 8
250 3 0 3 7
251 2 1 2 2
252 3 2 1 4
253 4 0 0 7
254 3 1 3 6
255 7 4 1 3
256 4 2 1 2
257 8 1 2 2
258 7 3 1 3
259 4 1 0 7
260 3 4 1 0
261 1 3 2 2
262 2 2 1 3
263 1 4 4 3
264 3 4 1 6
265 0 1 1 4
266 0 2 4 2
267 0 1 1 7
268 0 3 0 1
269 0 3 1 6
270 1 1 0 8
271 2 1 0 4
272 0 0 0 0
273 0 1 0 5
274 0 0 0 3
275 1 1 0 3
276 1 0 0 2
277 0 0 0 1
278 1 0 0 0
279 0 0 0 1
280 2 1 1 0
281 1 1 0 0
282 4 0 0 0
283 0 1 0 0
284 0 0 1 2
285 1 1 0 1
286 0 1 0 0
287 0 0 0 1
288 0 0 0 1
289 3 1 0 1
290 1 1 0 1
291 1 2 2 0
292 1 0 0 0
293 0 0 0 1
294 0 2 0 1
295 0 0 0 2
296 0 0 0 1
297 0 0 0 0
298 0 1 0 1
299 0 1 0 1
300 0 1 0 0
301 0 0 1 1
302 0 0 0 0
303 0 0 0 1
304 0 0 0 0
305 0 0 0 3
306 0 0 0 0
307 0 0 0 0
308 0 0 0 0
309 0 0 0 0
310 0 0 0 0
311 0 0 0 0
312 0 0 0 0
313 0 0 0 0
314 0 0 0 0
315 0 0 0 0
316 0 0 0 0
317 0 0 0 0
318 0 0 0 0
319 0 0 0 0
320 0 0 0 0
321 0 0 0 0
322 0 0 0 0
323 0 0 0 0
324 0 0 0 0
325 0 0 0 0
326 0 0 0 0
327 0 0 0 0
328 0 0 0 0
329 0 0 0 0
330 0 0 0 0
331 0 0 0 0
332 0 0 0 0
333 0 0 0 0
334 0 0 0 0
335 0 0 0 0
336 0 0 0 0
337 0 0 0 0
338 0 0 0 0
339 0 0 0 0
340 0 0 0 0
341 0 0 0 0
342 0 0 0 0
343 0 0 0 0
344 0 0 0 0
345 0 0 0 0
346 0 0 0 0
347 0 0 0 0
348 0 0 0 0
349 0 0 0 0
350 0 0 0 0
351 0 0 0 0
352 0 0 0 0
353 0 0 0 0
354 0 0 0 0
355 0 0 0 0
356 0 0 0 0
357 0 0 0 0
358 0 0 0 0
359 0 0 0 0
360 0 0 0 0
361 0 0 0 0
362 0 0 0 0
363 0 0 0 0
364 0 0 0 0
365 0 0 0 0
366 0 0 0 0
367 0 0 0 0
368 0 0 0 0
369 0 0 0 0
370 0 0 0 0
371 0 0 0 0
372 0 0 0 0
373 0 0 0 0
374 0 0 0 0
375 0 0 0 0
376 0 0 0 0
377 0 0 0 0
378 0 0 0 0
379 0 0 0 0
380 0 0 0 0
381 0 0 0 0
382 0 0 0 0
383 0 0 0 0
384 0 0 0 0
385 0 0 0 0
386 0 0 0 0
387 0 0 0 0
388 0 0 0 0
389 0 0 0 0
390 0 0 0 0
391 0 0 0 0
392 0 0 0 0
393 0 0 0 0
394 0 0 0 0
395 0 0 0 0
396 0 0 0 0
397 0 0 0 0
398 0 0 0 0
399 0 0 0 0
400 0 0 0 0
401 0 0 0 0
402 0 0 0 0
403 0 0 0 0
404 0 0 0 0
405 0 0 0 0
406 0 0 0 0
407 0 0 0 0
408 0 0 0 0
409 0 0 0 0
410 0 0 0 0
411 0 0 0 0
412 0 0 0 0
413 0 0 0 0
414 0 0 0 0
415 0 0 0 0
416 0 0 0 0
417 0 0 0 0
418 0 0 0 0
419 0 0 0 0
420 0 0 0 0
421 0 0 0 0
422 0 0 0 0
423 0 0 0 0
424 0 0 0 0
425 0 0 0 0
426 0 0 0 0
427 0 0 0 0
428 0 0 0 0
429 0 0 0 0
430 0 0 0 0
431 0 0 0 0
432 0 0 0 0
433 0 0 0 0
434 0 0 0 0
435 0 0 0 0
436 0 0 0 0
437 0 0 0 0
438 0 0 0 0
439 0 0 0 0
440 0 0 0 0
441 0 0 0 0
442 0 0 0 0
443 0 0 0 0
444 0 0 0 0
445 0 0 0 0
446 0 0 0 0
447 0 0 0 0
448 0 0 0 0
449 0 0 0 0
450 0 0 0 0
451 0 0 0 0
452 0 0 0 0
453 0 0 0 0
454 0 0 0 0
455 0 0 0 0
456 0 0 0 0
457 0 0 0 0
458 0 0 0 0
459 0 0 0 0
460 0 0 0 0
461 0 0 0 0
462 0 0 0 0
463 0 0 0 0
464 0 0 0 0
465 0 0 0 0
466 0 0 0 0
467 0 0 0 0
468 0 0 0 0
469 0 0 0 0
470 0 0 0 0
471 0 0 0 0
472 0 0 0 0
473 0 0 0 0
474 0 0 0 0
475 0 0 0 0
476 0 0 0 0
477 0 0 0 0
478 0 0 0 0
479 0 0 0 0
480 0 0 0 0
481 0 0 0 0
482 0 0 0 0
483 0 0 0 0
484 0 0 0 0
485 0 0 0 0
486 0 0 0 0
487 0 0 0 0
488 0 0 0 0
489 0 0 0 0
490 0 0 0 0
491 0 0 0 0
492 0 0 0 0
493 0 0 0 0
494 0 0 0 0
495 0 0 0 0
496 0 0 0 0
497 0 0 0 0
498 0 0 0 0
499 0 0 0 0
500 0 0 0 0
501 0 0 0 0
502 0 0 0 0
503 0 0 0 0
504 0 0 0 0
505 0 0 0 0
506 0 0 0 0
507 0 0 0 0
508 0 0 0 0
509 0 0 0 0
510 0 0 0 0
511 0 0 0 0
512 0 0 0 0
513 0 0 0 0
514 0 0 0 0
515 0 0 0 0
516 0 0 0 0
517 0 0 0 0
518 0 0 0 0
519 0 0 0 0
520 0 0 0 0
521 0 0 0 0
522 0 0 0 0
523 0 0 0 0
524 0 0 0 0
525 0 0 0 0
526 0 0 0 0
527 0 0 0 0
528 0 0 0 0
529 0 0 0 0
530 0 0 0 0
531 0 0 0 0
532 0 0 0 0
533 0 0 0 0
534 0 0 0 0
535 0 0 0 0
536 0 0 0 0
537 0 0 0 0
538 0 0 0 0
539 0 0 0 0
540 0 0 0 0
541 0 0 0 0
542 0 0 0 0
543 0 0 0 0
544 0 0 0 0
545 0 0 0 0
546 0 0 0 0
547 0 0 0 0
548 0 0 0 0
549 0 0 0 0
550 0 0 0 0
551 0 0 0 0
552 0 0 0 0
553 0 0 0 0
554 0 0 0 0
555 0 0 0 0
556 0 0 0 0
557 0 0 0 0
558 0 0 0 0
559 0 0 0 0
560 0 0 0 0
561 0 0 0 0
562 0 0 0 0
563 0 0 0 0
564 0 0 0 0
565 0 0 0 0
566 0 0 0 0
567 0 0 0 0
568 0 0 0 0
569 0 0 0 0
570 0 0 0 0
571 0 0 0 0
572 0 0 0 0
573 0 0 0 0
574 0 0 0 0
575 0 0 0 0
576 0 0 0 0
577 0 0 0 0
578 0 0 0 0
579 0 0 0 0
580 0 0 0 0
581 0 0 0 0
582 0 0 0 0
583 0 0 0 0
584 0 0 0 0
585 0 0 0 0
586 0 0 0 0
587 0 0 0 0
588 0 0 0 0
589 0 0 0 0
590 0 0 0 0
591 0 0 0 0
592 0 0 0 0
593 0 0 0 0
594 0 0 0 0
595 0 0 0 0
596 0 0 0 0
597 0 0 0 0
598 0 0 0 0
599 0 0 0 0
600 0 0 0 0
601 0 0 0 0
602 0 0 0 0
603 0 0 0 0
604 0 0 0 0
605 0 0 0 0
606 0 0 0 0
607 0 0 0 0
608 0 0 0 0
609 0 0 0 0
610 0 0 0 0
611 0 0 0 0
612 0 0 0 0
613 0 0 0 0
614 0 0 0 0
615 0 0 0 0
616 0 0 0 0
617 0 0 0 0
618 0 0 0 0
619 0 0 0 0
620 0 0 0 0
621 0 0 0 0
622 0 0 0 0
623 0 0 0 0
624 0 0 0 0
625 0 0 0 0
626 0 0 0 0
627 0 0 0 0
628 0 0 0 0
629 0 0 0 0
630 0 0 0 0
631 0 0 0 0
632 0 0 0 0
633 0 0 0 0
634 0 0 0 0
635 0 0 0 0
636 0 0 0 0
637 0 0 0 0
638 0 0 0 0
639 0 0 0 0
640 0 0 0 0
641 0 0 0 0
642 0 0 0 0
643 0 0 0 0
644 0 0 0 0
645 0 0 0 0
646 0 0 0 0
647 0 0 0 0
648 0 0 0 0
649 0 0 0 0
650 0 0 0 0
651 0 0 0 0
652 0 0 0 0
653 0 0 0 0
654 0 0 0 0
655 0 0 0 0
656 0 0 0 0
657 0 0 0 0
658 0 0 0 0
659 0 0 0 0
660 0 0 0 0
661 0 0 0 0
662 0 0 0 0
663 0 0 0 0
664 0 0 0 0
665 0 0 0 0
666 0 0 0 0
667 0 0 0 0
668 0 0 0 0
669 0 0 0 0
670 0 0 0 0
671 0 0 0 0
672 0 0 0 0
673 0 0 0 0
674 0 0 0 0
675 0 0 0 0
676 0 0 0 0
677 0 0 0 0
678 0 0 0 0
679 0 0 0 0
680 0 0 0 0
681 0 0 0 0
682 0 0 0 0
683 0 0 0 0
684 0 0 0 0
685 0 0 0 0
686 0 0 0 0
687 0 0 0 0
688 0 0 0 0
689 0 0 0 0
690 0 0 0 0
691 0 0 0 0
692 0 0 0 0
693 0 0 0 0
694 0 0 0 0
695 0 0 0 0
696 0 0 0 0
697 0 0 0 0
698 0 0 0 0
699 0 0 0 0
700 0 0 0 0
701 0 0 0 0
702 0 0 0 0
703 0 0 0 0
704 0 0 0 0
705 0 0 0 0
706 0 0 0 0
707 0 0 0 0
708 0 0 0 0
709 0 0 0 0
710 0 0 0 0
711 0 0 0 0
712 0 0 0 0
713 0 0 0 0
714 0 0 0 0
715 0 0 0 0
716 0 0 0 0
717 0 0 0 0
718 0 0 0 0
719 0 0 0 0
720 0 0 0 0
721 0 0 0 0
722 0 0 0 0
723 0 0 0 0
724 0 0 0 0
725 0 0 0 0
726 0 0 0 0
727 0 0 0 0
