0 0 0 0 0
1 0 0 0 0
2 0 0 0 0
3 0 0 0 0
4 0 0 0 0
5 0 1 1 0
6 0 0 0 0
7 0 0 0 0
8 0 0 0 0
9 0 1 2 1
10 0 0 0 0
11 0 0 0 0
12 0 0 0 1
13 0 0 0 1
14 0 0 0 0
15 0 0 0 0
16 0 0 0 2
17 0 0 0 0
18 1 0 0 0
19 0 0 0 0
20 0 0 0 0
21 1 0 0 0
22 1 0 0 0
23 0 0 0 0
24 0 0 0 0
25 0 0 0 0
26 0 0 0 0
27 1 0 2 0
28 4 0 0 0
29 0 0 0 0
30 2 0 1 0
31 1 0 0 1
32 0 0 1 0
33 1 0 1 0
34 1 0 0 2
35 0 0 0 0
36 1 0 0 1
37 3 1 2 1
38 0 2 0 0
39 0 0 1 0
40 1 1 0 0
41 1 0 1 2
42 0 1 1 1
43 0 0 1 1
44 1 0 0 1
45 1 0 0 2
46 1 1 0 0
47 0 0 0 2
48 0 0 0 0
49 1 2 0 2
50 1 1 1 0
51 0 1 0 0
52 3 0 0 0
53 1 0 0 1
54 4 0 0 0
55 1 1 0 1
56 2 0 0 2
57 5 1 2 2
58 0 1 1 0
59 0 2 0 1
60 1 0 0 0
61 0 0 1 1
62 1 1 2 1
63 1 2 1 1
64 3 0 0 3
65 3 0 0 1
66 3 3 0 1
67 2 0 0 2
68 1 0 0 1
69 2 2 1 2
70 4 1 1 2
71 4 3 1 0
72 1 0 2 0
73 4 1 1 4
74 3 0 0 0
75 6 1 1 3
76 5 2 1 2
77 3 0 0 4
78 3 2 2 1
79 3 3 1 1
80 4 3 1 2
81 3 3 3 0
82 2 1 2 5
83 6 3 0 4
84 4 3 1 3
85 6 3 1 2
86 6 1 1 2
87 3 1 3 3
88 2 5 3 7
89 5 1 1 5
90 4 4 2 1
91 7 3 2 5
92 2 3 0 7
93 6 1 1 3
94 4 3 3 5
95 5 2 2 2
96 9 4 1 0
97 5 1 0 5
98 4 4 3 9
99 4 3 2 6
100 5 2 2 4
101 3 2 2 2
102 9 2 3 5
103 8 0 2 3
104 4 4 5 3
105 7 7 2 7
106 6 2 0 6
107 11 7 1 4
108 11 5 3 4
109 4 3 1 7
110 7 1 3 3
111 7 3 4 10
112 8 3 4 8
113 4 6 3 1
114 6 5 1 1
115 10 5 2 10
116 8 5 3 6
117 8 6 4 8
118 6 4 3 8
119 11 2 4 6
120 8 5 6 5
121 7 6 4 7
122 10 4 2 7
123 8 4 0 10
124 8 2 5 10
125 10 3 3 9
126 8 4 2 5
127 12 5 5 6
128 5 3 5 9
129 11 3 5 8
130 9 4 3 8
131 12 8 0 7
132 10 7 4 7
133 13 2 1 9
134 9 4 4 9
135 11 4 4 9
136 16 11 4 7
137 14 6 4 4
138 17 10 5 3
139 12 10 3 10
140 9 4 4 8
141 15 10 6 11
142 13 6 9 12
143 13 6 2 14
144 13 7 4 9
145 15 5 6 12
146 24 8 7 18
147 18 9 8 8
148 13 7 3 13
149 11 10 0 14
150 17 5 8 13
151 10 13 7 21
152 16 16 3 5
153 15 7 6 11
154 20 9 6 11
155 14 9 10 21
156 22 7 6 14
157 16 9 5 17
158 22 10 5 15
159 18 13 8 20
160 23 3 7 10
161 23 9 9 17
162 20 7 5 17
163 16 8 10 17
164 18 13 7 9
165 18 15 13 21
166 22 11 7 13
167 20 15 10 14
168 18 8 8 17
169 25 15 7 22
170 20 16 5 23
171 21 13 11 26
172 16 11 9 18
173 23 8 7 19
174 23 15 7 24
175 19 9 9 23
176 22 10 5 22
177 23 12 7 12
178 20 11 6 19
179 22 9 9 15
180 25 14 11 18
181 18 13 8 17
182 34 14 12 19
183 32 5 15 19
184 23 9 12 26
185 23 15 10 19
186 27 8 12 19
187 27 19 8 22
188 26 15 12 18
189 35 14 11 23
190 34 13 6 21
191 31 17 16 28
192 22 20 8 27
193 20 16 7 25
194 36 20 8 18
195 34 16 16 30
196 27 17 12 23
197 27 14 13 24
198 27 13 13 32
199 24 23 13 33
200 27 18 11 31
201 31 15 7 28
202 20 14 12 27
203 26 21 9 26
204 27 21 12 23
205 22 17 14 28
206 13 14 14 33
207 18 16 10 37
208 13 14 7 25
209 14 18 9 28
210 14 18 11 28
211 17 9 2 28
212 16 12 9 26
213 7 9 6 27
214 14 11 5 31
215 15 12 5 15
216 17 8 8 26
217 13 9 7 21
218 17 5 3 13
219 16 7 7 19
220 19 10 7 16
221 18 6 7 14
222 10 10 4 9
223 12 7 7 12
224 11 9 6 19
225 6 15 10 10
226 11 12 4 18
227 11 9 3 15
228 12 8 6 16
229 15 6 7 13
230 8 8 1 14
231 11 3 4 11
232 7 8 4 21
233 9 4 5 13
234 7 8 4 14
235 6 7 6 16
236 10 8 4 13
237 7 7 6 7
238 6 6 4 10
239 6 6 3 12
240 9 5 2 12
241 8 4 3 11
242 6 9 1 11
243 2 5 2 8
244 10 6 4 9
245 7 6 4 7
246 4 4 3 8
247 8 5 2 8
248 5 0 2 10
249 2 6 2 11
250 3 4 6 10
251 5 3 2 7
252 4 1 2 7
253 5 2 7 6
254 6 2 2 10
255 3 1 3 4
256 2 4 6 5
257 0 2 1 9
258 2 3 0 5
259 1 0 1 5
260 2 1 1 8
261 2 2 2 2
262 3 1 1 3
263 5 4 3 6
264 7 1 0 2
265 1 1 1 4
266 1 1 0 1
267 3 0 1 4
268 2 3 2 3
269 1 5 0 2
270 2 0 1 6
271 2 0 1 1
272 2 2 1 3
273 1 3 2 4
274 3 2 0 0
275 0 1 1 3
276 0 2 0 4
277 0 0 0 5
278 1 0 0 3
279 1 1 2 1
280 2 1 0 1
281 1 2 0 1
282 2 0 1 1
283 1 1 1 4
284 0 1 0 0
285 1 1 0 1
286 0 0 1 0
287 1 1 1 3
288 1 1 0 3
289 0 1 0 0
290 2 1 0 0
291 1 0 0 1
292 0 1 0 2
293 0 1 0 2
294 0 0 0 2
295 1 1 0 0
296 0 0 0 1
297 0 0 0 0
298 1 0 0 0
299 1 0 1 0
300 3 2 0 1
301 3 0 0 0
302 0 0 0 1
303 1 0 0 0
304 0 0 0 1
305 0 3 0 0
306 0 1 0 1
307 0 0 1 1
308 0 0 1 0
309 0 0 0 2
310 0 2 0 0
311 0 0 0 1
312 0 0 1 2
313 0 0 0 1
314 0 0 0 1
315 0 0 0 0
316 0 0 0 1
317 0 0 0 1
318 0 0 0 0
319 0 0 0 0
320 0 0 0 0
321 0 0 0 0
322 2 0 0 0
323 0 0 0 0
324 0 0 0 0
325 0 0 0 0
326 0 0 0 0
327 0 0 1 0
328 0 0 0 0
329 0 0 0 0
330 0 0 0 0
331 0 1 0 0
332 0 0 0 0
333 0 0 0 0
334 0 0 0 1
335 0 0 0 1
336 0 0 0 0
337 0 0 0 0
338 0 0 0 0
339 0 0 0 0
340 0 0 0 0
341 0 0 0 0
342 0 0 0 0
343 1 0 0 0
344 0 0 0 0
345 0 0 0 0
346 1 0 0 0
347 0 0 0 0
348 0 0 0 0
349 0 1 0 0
350 0 0 0 0
351 0 0 1 0
352 0 0 0 0
353 0 0 0 0
354 0 0 0 0
355 0 0 0 2
356 0 0 0 0
357 0 0 0 0
358 0 0 0 0
359 0 0 0 0
360 0 0 0 0
361 0 0 0 0
362 0 0 0 0
363 0 0 0 0
364 0 0 0 0
365 0 0 0 0
366 0 0 0 0
367 0 0 0 0
368 0 0 0 0
369 0 0 0 0
370 0 0 0 0
371 0 0 0 0
372 0 0 0 0
373 0 0 0 0
374 0 0 0 0
375 0 0 0 0
376 0 0 0 0
377 0 0 0 0
378 0 0 0 0
379 0 0 0 0
380 0 0 0 0
381 0 0 0 0
382 0 0 0 0
383 0 0 0 0
384 0 0 0 0
385 0 0 0 0
386 0 0 0 0
387 0 0 0 0
388 0 0 0 0
389 0 0 0 0
390 0 0 0 0
391 0 0 0 0
392 0 0 0 0
393 0 0 0 0
394 0 0 0 0
395 0 0 0 0
396 0 0 0 0
397 0 0 0 0
398 0 0 0 0
399 0 0 0 0
400 0 0 0 0
401 0 0 0 0
402 0 0 0 0
403 0 0 0 0
404 0 0 0 0
405 0 0 0 0
406 0 0 0 0
407 0 0 0 0
408 0 0 0 0
409 0 0 0 0
410 0 0 0 0
411 0 0 0 0
412 0 0 0 0
413 0 0 0 0
414 0 0 0 0
415 0 0 0 0
416 0 0 0 0
417 0 0 0 0
418 0 0 0 0
419 0 0 0 0
420 0 0 0 0
421 0 0 0 0
422 0 0 0 0
423 0 0 0 0
424 0 0 0 0
425 0 0 0 0
426 0 0 0 0
427 0 0 0 0
428 0 0 0 0
429 0 0 0 0
430 0 0 0 0
431 0 0 0 0
432 0 0 0 0
433 0 0 0 0
434 0 0 0 0
435 0 0 0 0
436 0 0 0 0
437 0 0 0 0
438 0 0 0 0
439 0 0 0 0
440 0 0 0 0
441 0 0 0 0
442 0 0 0 0
443 0 0 0 0
444 0 0 0 0
445 0 0 0 0
446 0 0 0 0
447 0 0 0 0
448 0 0 0 0
449 0 0 0 0
450 0 0 0 0
451 0 0 0 0
452 0 0 0 0
453 0 0 0 0
454 0 0 0 0
455 0 0 0 0
456 0 0 0 0
457 0 0 0 0
458 0 0 0 0
459 0 0 0 0
460 0 0 0 0
461 0 0 0 0
462 0 0 0 0
463 0 0 0 0
464 0 0 0 0
465 0 0 0 0
466 0 0 0 0
467 0 0 0 0
468 0 0 0 0
469 0 0 0 0
470 0 0 0 0
471 0 0 0 0
472 0 0 0 0
473 0 0 0 0
474 0 0 0 0
475 0 0 0 0
476 0 0 0 0
477 0 0 0 0
478 0 0 0 0
479 0 0 0 0
480 0 0 0 0
481 0 0 0 0
482 0 0 0 0
483 0 0 0 0
484 0 0 0 0
485 0 0 0 0
486 0 0 0 0
487 0 0 0 0
488 0 0 0 0
489 0 0 0 0
490 0 0 0 0
491 0 0 0 0
492 0 0 0 0
493 0 0 0 0
494 0 0 0 0
495 0 0 0 0
496 0 0 0 0
497 0 0 0 0
498 0 0 0 0
499 0 0 0 0
500 0 0 0 0
501 0 0 0 0
502 0 0 0 0
503 0 0 0 0
504 0 0 0 0
505 0 0 0 0
506 0 0 0 0
507 0 0 0 0
508 0 0 0 0
509 0 0 0 0
510 0 0 0 0
511 0 0 0 0
512 0 0 0 0
513 0 0 0 0
514 0 0 0 0
515 0 0 0 0
516 0 0 0 0
517 0 0 0 0
518 0 0 0 0
519 0 0 0 0
520 0 0 0 0
521 0 0 0 0
522 0 0 0 0
523 0 0 0 0
524 0 0 0 0
525 0 0 0 0
526 0 0 0 0
527 0 0 0 0
528 0 0 0 0
529 0 0 0 0
530 0 0 0 0
531 0 0 0 0
532 0 0 0 0
533 0 0 0 0
534 0 0 0 0
535 0 0 0 0
536 0 0 0 0
537 0 0 0 0
538 0 0 0 0
539 0 0 0 0
540 0 0 0 0
541 0 0 0 0
542 0 0 0 0
543 0 0 0 0
544 0 0 0 0
545 0 0 0 0
546 0 0 0 0
547 0 0 0 0
548 0 0 0 0
549 0 0 0 0
550 0 0 0 0
551 0 0 0 0
552 0 0 0 0
553 0 0 0 0
554 0 0 0 0
555 0 0 0 0
556 0 0 0 0
557 0 0 0 0
558 0 0 0 0
559 0 0 0 0
560 0 0 0 0
561 0 0 0 0
562 0 0 0 0
563 0 0 0 0
564 0 0 0 0
565 0 0 0 0
566 0 0 0 0
567 0 0 0 0
568 0 0 0 0
569 0 0 0 0
570 0 0 0 0
571 0 0 0 0
572 0 0 0 0
573 0 0 0 0
574 0 0 0 0
575 0 0 0 0
576 0 0 0 0
577 0 0 0 0
578 0 0 0 0
579 0 0 0 0
580 0 0 0 0
581 0 0 0 0
582 0 0 0 0
583 0 0 0 0
584 0 0 0 0
585 0 0 0 0
586 0 0 0 0
587 0 0 0 0
588 0 0 0 0
589 0 0 0 0
590 0 0 0 0
591 0 0 0 0
592 0 0 0 0
593 0 0 0 0
594 0 0 0 0
595 0 0 0 0
596 0 0 0 0
597 0 0 0 0
598 0 0 0 0
599 0 0 0 0
600 0 0 0 0
601 0 0 0 0
602 0 0 0 0
603 0 0 0 0
604 0 0 0 0
605 0 0 0 0
606 0 0 0 0
607 0 0 0 0
608 0 0 0 0
609 0 0 0 0
610 0 0 0 0
611 0 0 0 0
612 0 0 0 0
613 0 0 0 0
614 0 0 0 0
615 0 0 0 0
616 0 0 0 0
617 0 0 0 0
618 0 0 0 0
619 0 0 0 0
620 0 0 0 0
621 0 0 0 0
622 0 0 0 0
623 0 0 0 0
624 0 0 0 0
625 0 0 0 0
626 0 0 0 0
627 0 0 0 0
628 0 0 0 0
629 0 0 0 0
630 0 0 0 0
631 0 0 0 0
632 0 0 0 0
633 0 0 0 0
634 0 0 0 0
635 0 0 0 0
636 0 0 0 0
637 0 0 0 0
638 0 0 0 0
639 0 0 0 0
640 0 0 0 0
641 0 0 0 0
642 0 0 0 0
643 0 0 0 0
644 0 0 0 0
645 0 0 0 0
646 0 0 0 0
647 0 0 0 0
648 0 0 0 0
649 0 0 0 0
650 0 0 0 0
651 0 0 0 0
652 0 0 0 0
653 0 0 0 0
654 0 0 0 0
655 0 0 0 0
656 0 0 0 0
657 0 0 0 0
658 0 0 0 0
659 0 0 0 0
660 0 0 0 0
661 0 0 0 0
662 0 0 0 0
663 0 0 0 0
664 0 0 0 0
665 0 0 0 0
666 0 0 0 0
667 0 0 0 0
668 0 0 0 0
669 0 0 0 0
670 0 0 0 0
671 0 0 0 0
672 0 0 0 0
673 0 0 0 0
674 0 0 0 0
675 0 0 0 0
676 0 0 0 0
677 0 0 0 0
678 0 0 0 0
679 0 0 0 0
680 0 0 0 0
681 0 0 0 0
682 0 0 0 0
683 0 0 0 0
684 0 0 0 0
685 0 0 0 0
686 0 0 0 0
687 0 0 0 0
688 0 0 0 0
689 0 0 0 0
690 0 0 0 0
691 0 0 0 0
692 0 0 0 0
693 0 0 0 0
694 0 0 0 0
695 0 0 0 0
696 0 0 0 0
697 0 0 0 0
698 0 0 0 0
699 0 0 0 0
700 0 0 0 0
701 0 0 0 0
702 0 0 0 0
703 0 0 0 0
704 0 0 0 0
705 0 0 0 0
706 0 0 0 0
707 0 0 0 0
708 0 0 0 0
709 0 0 0 0
710 0 0 0 0
711 0 0 0 0
712 0 0 0 0
713 0 0 0 0
714 0 0 0 0
715 0 0 0 0
716 0 0 0 0
717 0 0 0 0
718 0 0 0 0
719 0 0 0 0
720 0 0 0 0
721 0 0 0 0
722 0 0 0 0
723 0 0 0 0
724 0 0 0 0
725 0 0 0 0
726 0 0 0 0
727 0 0 0 0
