0 0 0 0 0
1 0 0 0 0
2 0 0 0 0
3 0 0 0 0
4 0 0 0 0
5 0 1 2 0
6 0 0 0 0
7 0 0 0 0
8 0 0 0 0
9 0 2 0 0
10 0 0 0 0
11 0 0 0 0
12 0 0 0 3
13 0 0 0 1
14 0 0 0 0
15 0 0 0 0
16 0 0 0 1
17 2 0 0 0
18 0 0 0 0
19 0 0 0 0
20 2 0 0 0
21 2 0 0 0
22 1 0 2 0
23 2 0 0 0
24 1 0 0 0
25 0 1 0 0
26 1 0 2 0
27 1 0 0 0
28 0 0 0 0
29 0 1 1 3
30 1 0 0 0
31 1 0 1 0
32 1 1 2 0
33 0 0 0 4
34 1 0 0 0
35 0 1 1 0
36 2 0 0 3
37 0 0 0 0
38 2 0 0 1
39 3 0 1 1
40 0 1 0 0
41 4 1 2 0
42 4 0 0 1
43 2 1 0 0
44 1 0 0 1
45 3 0 0 0
46 4 1 3 1
47 1 2 0 1
48 2 1 2 3
49 1 1 0 0
50 2 2 3 3
51 0 3 1 2
52 1 1 0 2
53 2 0 1 2
54 1 0 1 2
55 2 2 1 4
56 2 1 0 1
57 3 0 1 4
58 1 1 0 1
59 0 2 0 1
60 5 0 2 1
61 3 0 2 2
62 3 1 1 2
63 2 0 0 0
64 2 1 0 2
65 2 2 1 1
66 3 4 0 3
67 1 2 1 2
68 1 1 1 2
69 3 1 3 2
70 3 0 0 3
71 5 1 1 2
72 2 1 0 2
73 6 1 1 4
74 0 1 3 1
75 2 2 3 2
76 2 2 2 1
77 3 1 1 0
78 4 2 2 2
79 2 0 0 4
80 2 2 1 2
81 2 0 0 4
82 3 2 1 6
83 4 1 3 4
84 3 1 0 3
85 5 1 1 0
86 3 1 2 2
87 3 1 0 2
88 9 3 0 0
89 4 4 3 2
90 7 4 1 3
91 6 2 1 1
92 4 1 4 4
93 5 1 2 6
94 11 1 1 3
95 9 3 3 3
96 4 1 1 5
97 9 5 4 5
98 5 2 3 2
99 4 5 3 5
100 6 5 1 1
101 7 3 1 7
102 7 3 3 6
103 4 4 1 6
104 3 4 3 6
105 4 4 0 4
106 8 9 3 5
107 3 6 1 6
108 8 3 1 5
109 7 4 1 7
110 6 4 2 12
111 15 8 2 8
112 12 1 4 2
113 11 2 3 8
114 11 3 3 7
115 11 3 2 8
116 8 4 9 2
117 7 5 5 6
118 11 5 3 10
119 5 3 4 4
120 9 6 5 7
121 4 9 4 8
122 10 4 6 10
123 8 9 3 8
124 5 5 1 13
125 10 7 2 10
126 14 3 2 12
127 16 4 3 7
128 8 0 5 8
129 11 3 3 10
130 10 7 1 10
131 9 10 3 6
132 6 8 7 5
133 14 5 2 7
134 9 9 3 8
135 12 10 2 10
136 17 10 2 7
137 18 4 4 7
138 16 6 7 11
139 15 7 3 17
140 11 6 4 10
141 7 6 3 12
142 20 6 6 13
143 14 7 5 13
144 12 9 7 9
145 17 5 8 8
146 14 7 8 8
147 14 11 11 7
148 11 9 5 10
149 13 6 7 18
150 14 5 3 16
151 11 10 4 23
152 13 10 7 12
153 17 6 4 16
154 11 15 4 14
155 11 8 5 10
156 9 5 7 14
157 10 7 5 9
158 24 7 5 20
159 17 7 4 13
160 24 6 4 9
161 19 3 5 17
162 18 11 4 15
163 18 11 6 15
164 18 6 8 9
165 17 13 6 9
166 26 8 6 12
167 25 18 12 16
168 17 13 4 14
169 26 11 9 19
170 17 4 8 17
171 19 9 7 22
172 19 14 5 14
173 23 14 6 17
174 19 14 14 18
175 22 12 12 16
176 20 20 4 15
177 22 8 9 15
178 26 14 10 20
179 22 5 4 24
180 26 12 10 26
181 21 14 5 24
182 18 14 8 22
183 18 21 12 15
184 28 18 6 19
185 30 15 10 20
186 26 14 3 18
187 18 10 6 29
188 31 16 6 19
189 30 18 10 23
190 39 12 15 26
191 31 10 11 23
192 27 15 5 23
193 29 16 11 24
194 24 17 12 23
195 25 17 12 26
196 26 14 9 22
197 30 23 8 21
198 26 19 7 21
199 30 22 15 20
200 21 15 12 28
201 23 15 14 34
202 16 22 10 33
203 15 19 4 29
204 25 15 13 30
205 21 12 6 31
206 19 15 10 34
207 16 13 13 21
208 18 15 8 30
209 14 15 7 27
210 21 17 8 16
211 12 10 8 24
212 20 8 7 20
213 24 12 10 30
214 14 9 6 27
215 15 11 5 21
216 12 10 7 16
217 14 14 8 27
218 14 11 10 15
219 12 8 11 13
220 14 9 5 11
221 8 8 4 21
222 12 9 7 23
223 11 11 5 23
224 12 6 5 15
225 12 7 10 18
226 9 9 6 16
227 9 4 6 15
228 12 8 3 9
229 9 7 1 17
230 6 5 6 16
231 7 5 2 11
232 7 8 5 11
233 7 8 3 11
234 8 7 3 12
235 8 7 4 11
236 6 1 3 8
237 12 9 3 11
238 7 2 6 10
239 5 4 2 11
240 3 4 5 7
241 2 3 2 13
242 7 4 1 7
243 3 8 4 5
244 7 4 1 9
245 2 2 2 11
246 1 5 4 2
247 4 3 3 8
248 4 3 2 4
249 4 2 2 6
250 6 0 1 10
251 1 4 1 6
252 2 1 2 4
253 3 4 3 8
254 3 2 1 4
255 5 1 2 6
256 2 1 3 5
257 2 1 2 5
258 4 2 1 4
259 3 2 1 1
260 1 2 1 6
261 3 1 0 4
262 1 2 1 4
263 0 3 0 3
264 2 4 1 1
265 0 1 0 2
266 1 2 1 3
267 1 3 2 4
268 1 1 0 4
269 1 2 1 2
270 0 0 0 3
271 1 0 0 5
272 1 0 0 1
273 0 0 0 2
274 0 0 0 2
275 0 1 0 0
276 0 0 2 1
277 1 2 0 0
278 2 1 0 0
279 0 0 0 0
280 0 0 0 1
281 2 0 0 1
282 2 0 1 1
283 0 1 1 1
284 0 0 0 1
285 1 0 0 1
286 0 1 0 1
287 1 0 0 1
288 0 0 0 0
289 0 0 0 0
290 0 1 1 1
291 1 2 0 0
292 1 0 1 0
293 1 0 0 1
294 0 0 0 0
295 1 0 0 1
296 0 0 0 1
297 0 0 0 2
298 1 0 1 1
299 1 0 0 0
300 0 1 1 0
301 0 0 1 0
302 0 0 0 0
303 0 0 1 0
304 1 0 0 1
305 0 0 0 1
306 1 0 0 0
307 0 0 0 2
308 0 1 0 1
309 0 0 0 0
310 0 0 0 0
311 0 0 0 0
312 1 0 0 0
313 0 1 0 0
314 1 0 0 0
315 0 0 1 1
316 0 0 0 0
317 0 0 0 0
318 0 0 0 0
319 0 0 0 1
320 1 0 0 1
321 0 1 0 0
322 0 0 0 0
323 2 1 0 0
324 1 0 0 0
325 0 0 0 0
326 0 0 0 0
327 0 0 0 1
328 0 1 0 1
329 1 1 0 0
330 1 0 1 0
331 0 0 0 0
332 0 1 0 0
333 0 0 0 0
334 0 1 0 0
335 0 0 1 1
336 0 0 0 2
337 0 0 0 1
338 0 0 0 0
339 0 0 0 0
340 0 0 0 0
341 0 0 0 1
342 0 0 0 1
343 0 0 0 0
344 0 0 0 0
345 0 0 0 0
346 0 0 0 0
347 0 0 0 0
348 0 0 0 0
349 0 0 0 0
350 0 0 0 0
351 1 0 0 0
352 0 0 0 0
353 0 0 0 0
354 0 0 0 0
355 0 0 0 0
356 0 1 0 0
357 0 0 0 0
358 0 0 0 0
359 0 0 0 0
360 0 0 0 1
361 0 0 0 0
362 0 0 0 0
363 0 0 0 0
364 0 0 0 0
365 0 0 0 0
366 0 0 0 0
367 0 0 0 0
368 0 0 0 0
369 0 0 0 0
370 0 0 0 0
371 0 0 0 0
372 0 0 0 0
373 0 0 0 0
374 0 0 0 0
375 0 0 0 0
376 0 0 0 0
377 0 0 0 0
378 0 0 0 0
379 0 0 0 0
380 0 0 0 0
381 0 0 0 0
382 0 0 0 0
383 0 0 0 0
384 0 0 0 0
385 0 0 0 0
386 0 0 0 0
387 0 0 0 0
388 0 0 0 0
389 0 0 0 0
390 0 0 0 0
391 0 0 0 0
392 0 0 0 0
393 0 0 0 0
394 0 0 0 0
395 0 0 0 0
396 0 0 0 0
397 0 0 0 0
398 0 0 0 0
399 0 0 0 0
400 0 0 0 0
401 0 0 0 0
402 0 0 0 0
403 0 0 0 0
404 0 0 0 0
405 0 0 0 0
406 0 0 0 0
407 0 0 0 0
408 0 0 0 0
409 0 0 0 0
410 0 0 0 0
411 0 0 0 0
412 0 0 0 0
413 0 0 0 0
414 0 0 0 0
415 0 0 0 0
416 0 0 0 0
417 0 0 0 0
418 0 0 0 0
419 0 0 0 0
420 0 0 0 0
421 0 0 0 0
422 0 0 0 0
423 0 0 0 0
424 0 0 0 0
425 0 0 0 0
426 0 0 0 0
427 0 0 0 0
428 0 0 0 0
429 0 0 0 0
430 0 0 0 0
431 0 0 0 0
432 0 0 0 0
433 0 0 0 0
434 0 0 0 0
435 0 0 0 0
436 0 0 0 0
437 0 0 0 0
438 0 0 0 0
439 0 0 0 0
440 0 0 0 0
441 0 0 0 0
442 0 0 0 0
443 0 0 0 0
444 0 0 0 0
445 0 0 0 0
446 0 0 0 0
447 0 0 0 0
448 0 0 0 0
449 0 0 0 0
450 0 0 0 0
451 0 0 0 0
452 0 0 0 0
453 0 0 0 0
454 0 0 0 0
455 0 0 0 0
456 0 0 0 0
457 0 0 0 0
458 0 0 0 0
459 0 0 0 0
460 0 0 0 0
461 0 0 0 0
462 0 0 0 0
463 0 0 0 0
464 0 0 0 0
465 0 0 0 0
466 0 0 0 0
467 0 0 0 0
468 0 0 0 0
469 0 0 0 0
470 0 0 0 0
471 0 0 0 0
472 0 0 0 0
473 0 0 0 0
474 0 0 0 0
475 0 0 0 0
476 0 0 0 0
477 0 0 0 0
478 0 0 0 0
479 0 0 0 0
480 0 0 0 0
481 0 0 0 0
482 0 0 0 0
483 0 0 0 0
484 0 0 0 0
485 0 0 0 0
486 0 0 0 0
487 0 0 0 0
488 0 0 0 0
489 0 0 0 0
490 0 0 0 0
491 0 0 0 0
492 0 0 0 0
493 0 0 0 0
494 0 0 0 0
495 0 0 0 0
496 0 0 0 0
497 0 0 0 0
498 0 0 0 0
499 0 0 0 0
500 0 0 0 0
501 0 0 0 0
502 0 0 0 0
503 0 0 0 0
504 0 0 0 0
505 0 0 0 0
506 0 0 0 0
507 0 0 0 0
508 0 0 0 0
509 0 0 0 0
510 0 0 0 0
511 0 0 0 0
512 0 0 0 0
513 0 0 0 0
514 0 0 0 0
515 0 0 0 0
516 0 0 0 0
517 0 0 0 0
518 0 0 0 0
519 0 0 0 0
520 0 0 0 0
521 0 0 0 0
522 0 0 0 0
523 0 0 0 0
524 0 0 0 0
525 0 0 0 0
526 0 0 0 0
527 0 0 0 0
528 0 0 0 0
529 0 0 0 0
530 0 0 0 0
531 0 0 0 0
532 0 0 0 0
533 0 0 0 0
534 0 0 0 0
535 0 0 0 0
536 0 0 0 0
537 0 0 0 0
538 0 0 0 0
539 0 0 0 0
540 0 0 0 0
541 0 0 0 0
542 0 0 0 0
543 0 0 0 0
544 0 0 0 0
545 0 0 0 0
546 0 0 0 0
547 0 0 0 0
548 0 0 0 0
549 0 0 0 0
550 0 0 0 0
551 0 0 0 0
552 0 0 0 0
553 0 0 0 0
554 0 0 0 0
555 0 0 0 0
556 0 0 0 0
557 0 0 0 0
558 0 0 0 0
559 0 0 0 0
560 0 0 0 0
561 0 0 0 0
562 0 0 0 0
563 0 0 0 0
564 0 0 0 0
565 0 0 0 0
566 0 0 0 0
567 0 0 0 0
568 0 0 0 0
569 0 0 0 0
570 0 0 0 0
571 0 0 0 0
572 0 0 0 0
573 0 0 0 0
574 0 0 0 0
575 0 0 0 0
576 0 0 0 0
577 0 0 0 0
578 0 0 0 0
579 0 0 0 0
580 0 0 0 0
581 0 0 0 0
582 0 0 0 0
583 0 0 0 0
584 0 0 0 0
585 0 0 0 0
586 0 0 0 0
587 0 0 0 0
588 0 0 0 0
589 0 0 0 0
590 0 0 0 0
591 0 0 0 0
592 0 0 0 0
593 0 0 0 0
594 0 0 0 0
595 0 0 0 0
596 0 0 0 0
597 0 0 0 0
598 0 0 0 0
599 0 0 0 0
600 0 0 0 0
601 0 0 0 0
602 0 0 0 0
603 0 0 0 0
604 0 0 0 0
605 0 0 0 0
606 0 0 0 0
607 0 0 0 0
608 0 0 0 0
609 0 0 0 0
610 0 0 0 0
611 0 0 0 0
612 0 0 0 0
613 0 0 0 0
614 0 0 0 0
615 0 0 0 0
616 0 0 0 0
617 0 0 0 0
618 0 0 0 0
619 0 0 0 0
620 0 0 0 0
621 0 0 0 0
622 0 0 0 0
623 0 0 0 0
624 0 0 0 0
625 0 0 0 0
626 0 0 0 0
627 0 0 0 0
628 0 0 0 0
629 0 0 0 0
630 0 0 0 0
631 0 0 0 0
632 0 0 0 0
633 0 0 0 0
634 0 0 0 0
635 0 0 0 0
636 0 0 0 0
637 0 0 0 0
638 0 0 0 0
639 0 0 0 0
640 0 0 0 0
641 0 0 0 0
642 0 0 0 0
643 0 0 0 0
644 0 0 0 0
645 0 0 0 0
646 0 0 0 0
647 0 0 0 0
648 0 0 0 0
649 0 0 0 0
650 0 0 0 0
651 0 0 0 0
652 0 0 0 0
653 0 0 0 0
654 0 0 0 0
655 0 0 0 0
656 0 0 0 0
657 0 0 0 0
658 0 0 0 0
659 0 0 0 0
660 0 0 0 0
661 0 0 0 0
662 0 0 0 0
663 0 0 0 0
664 0 0 0 0
665 0 0 0 0
666 0 0 0 0
667 0 0 0 0
668 0 0 0 0
669 0 0 0 0
670 0 0 0 0
671 0 0 0 0
672 0 0 0 0
673 0 0 0 0
674 0 0 0 0
675 0 0 0 0
676 0 0 0 0
677 0 0 0 0
678 0 0 0 0
679 0 0 0 0
680 0 0 0 0
681 0 0 0 0
682 0 0 0 0
683 0 0 0 0
684 0 0 0 0
685 0 0 0 0
686 0 0 0 0
687 0 0 0 0
688 0 0 0 0
689 0 0 0 0
690 0 0 0 0
691 0 0 0 0
692 0 0 0 0
693 0 0 0 0
694 0 0 0 0
695 0 0 0 0
696 0 0 0 0
697 0 0 0 0
698 0 0 0 0
699 0 0 0 0
700 0 0 0 0
701 0 0 0 0
702 0 0 0 0
703 0 0 0 0
704 0 0 0 0
705 0 0 0 0
706 0 0 0 0
707 0 0 0 0
708 0 0 0 0
709 0 0 0 0
710 0 0 0 0
711 0 0 0 0
712 0 0 0 0
713 0 0 0 0
714 0 0 0 0
715 0 0 0 0
716 0 0 0 0
717 0 0 0 0
718 0 0 0 0
719 0 0 0 0
720 0 0 0 0
721 0 0 0 0
722 0 0 0 0
723 0 0 0 0
724 0 0 0 0
725 0 0 0 0
726 0 0 0 0
727 0 0 0 0
