0 0 0 0 0
1 0 0 0 0
2 0 0 0 0
3 0 0 0 0
4 0 0 0 0
5 0 2 0 0
6 0 0 0 0
7 0 0 0 0
8 0 0 0 0
9 0 1 2 1
10 0 0 0 0
11 0 0 0 0
12 0 0 0 1
13 0 0 0 2
14 0 0 0 0
15 0 0 0 0
16 1 0 0 1
17 0 0 0 0
18 0 0 0 0
19 0 0 0 0
20 2 0 0 0
21 0 0 0 0
22 3 0 0 0
23 2 0 0 0
24 0 0 0 0
25 0 3 0 0
26 3 0 0 0
27 1 1 1 0
28 2 1 1 0
29 2 0 0 1
30 1 0 0 1
31 1 0 1 1
32 1 1 1 2
33 0 1 0 0
34 0 0 1 1
35 0 1 2 2
36 0 0 1 2
37 0 1 1 1
38 1 0 1 1
39 0 0 0 0
40 2 0 0 0
41 2 0 0 2
42 2 0 0 4
43 2 0 1 1
44 3 0 0 0
45 1 1 0 0
46 1 0 0 0
47 2 1 0 0
48 1 0 2 0
49 4 1 0 0
50 4 1 2 1
51 2 1 1 1
52 0 1 1 2
53 2 2 1 0
54 1 1 1 2
55 3 0 2 2
56 5 0 0 2
57 5 1 0 2
58 4 2 1 1
59 0 2 0 2
60 2 2 1 2
61 0 0 2 2
62 3 0 4 2
63 2 0 3 2
64 3 0 2 3
65 4 3 1 4
66 1 2 0 3
67 4 1 1 3
68 2 0 1 1
69 4 1 2 4
70 3 2 2 2
71 0 1 3 3
72 6 0 0 2
73 6 2 1 2
74 3 0 2 0
75 4 1 0 2
76 3 2 2 2
77 4 2 0 6
78 5 2 4 2
79 2 3 1 1
80 1 1 3 3
81 1 5 1 3
82 4 3 3 1
83 5 1 2 4
84 5 1 1 3
85 6 1 0 10
86 3 2 1 5
87 5 1 2 2
88 4 1 1 1
89 4 0 2 5
90 8 1 1 1
91 8 2 2 3
92 12 3 3 2
93 7 5 1 5
94 7 5 3 3
95 6 3 1 4
96 10 4 2 3
97 8 5 1 5
98 7 2 2 4
99 9 2 7 5
100 6 3 4 6
101 8 10 4 8
102 4 6 6 5
103 10 7 0 8
104 7 4 3 7
105 8 4 1 8
106 10 1 2 9
107 12 2 2 10
108 16 4 5 11
109 11 4 5 8
110 11 5 1 3
111 12 4 3 5
112 13 7 6 6
113 14 7 8 7
114 7 11 3 6
115 4 5 6 7
116 12 6 5 10
117 11 4 5 9
118 4 7 3 6
119 13 4 5 14
120 13 7 1 13
121 11 14 1 18
122 7 10 8 12
123 11 2 3 12
124 20 3 4 7
125 15 6 5 8
126 10 7 2 15
127 14 2 3 10
128 14 6 8 8
129 13 14 4 14
130 17 7 8 11
131 13 4 5 4
132 15 9 2 10
133 18 12 3 13
134 16 7 6 14
135 12 8 11 11
136 13 8 6 12
137 8 7 7 9
138 17 11 8 12
139 13 7 5 12
140 15 8 4 16
141 14 9 3 15
142 13 4 6 22
143 11 9 4 17
144 13 10 3 14
145 14 9 7 15
146 10 8 5 11
147 17 12 6 14
148 15 8 8 13
149 13 10 4 11
150 12 9 9 11
151 20 4 3 17
152 21 8 7 15
153 15 4 8 16
154 14 4 5 14
155 22 9 8 11
156 31 5 8 12
157 16 8 8 20
158 17 10 5 10
159 23 5 7 16
160 20 12 11 7
161 15 11 18 14
162 18 8 10 18
163 23 11 4 14
164 16 13 13 18
165 9 14 11 22
166 18 11 4 16
167 21 7 9 17
168 20 12 6 25
169 24 7 5 26
170 22 5 5 16
171 17 8 7 26
172 15 13 11 16
173 23 16 12 17
174 36 10 2 9
175 21 15 10 15
176 26 12 7 14
177 26 9 8 23
178 30 18 8 19
179 27 13 12 26
180 25 10 10 21
181 23 12 6 10
182 29 10 15 18
183 34 16 14 24
184 30 17 6 22
185 29 12 10 22
186 29 15 10 30
187 34 24 9 20
188 28 17 19 23
189 30 17 13 19
190 27 15 13 29
191 29 19 13 26
192 26 22 8 33
193 28 17 8 29
194 27 15 11 25
195 35 15 17 30
196 35 17 9 38
197 31 16 18 30
198 35 22 11 31
199 29 13 11 27
200 36 23 17 28
201 39 17 13 34
202 25 21 13 37
203 36 19 10 22
204 29 18 12 28
205 31 20 15 27
206 25 21 8 34
207 26 15 14 34
208 25 15 11 32
209 26 21 12 34
210 29 16 16 30
211 20 19 11 25
212 22 16 15 33
213 19 17 12 29
214 15 17 5 30
215 11 15 11 26
216 18 17 7 35
217 11 15 9 27
218 14 16 13 34
219 9 14 8 27
220 8 14 1 28
221 8 10 5 26
222 10 11 3 23
223 9 9 8 26
224 9 6 2 17
225 10 10 3 21
226 7 2 6 17
227 9 6 10 18
228 10 4 8 12
229 10 7 1 11
230 6 7 3 8
231 11 2 2 12
232 9 8 3 15
233 8 6 2 6
234 6 8 1 11
235 8 4 6 7
236 12 2 7 9
237 5 6 7 10
238 8 4 6 5
239 9 4 1 12
240 6 3 7 10
241 3 5 5 12
242 9 2 3 12
243 1 3 2 9
244 6 3 2 11
245 4 4 3 10
246 1 3 3 4
247 6 7 4 7
248 7 3 3 6
249 5 6 3 5
250 2 0 1 8
251 4 2 2 11
252 4 1 2 7
253 4 6 0 4
254 1 5 2 3
255 6 2 0 4
256 5 3 3 7
257 1 3 4 3
258 2 2 2 6
259 7 0 0 2
260 3 1 3 9
261 0 1 1 8
262 3 1 1 4
263 6 1 1 2
264 2 1 3 3
265 3 1 5 2
266 2 0 0 2
267 1 1 2 5
268 2 3 2 5
269 1 1 1 3
270 4 1 0 0
271 1 1 2 2
272 2 2 2 3
273 1 0 2 0
274 2 2 2 3
275 2 1 1 8
276 1 2 0 3
277 0 1 0 1
278 1 1 0 2
279 0 2 1 4
280 1 0 1 2
281 0 1 1 2
282 1 1 0 1
283 0 0 1 2
284 1 0 1 1
285 0 1 0 1
286 1 0 0 2
287 1 0 2 2
288 1 0 0 2
289 0 0 1 1
290 0 0 0 0
291 1 1 0 2
292 0 0 0 1
293 2 0 0 1
294 0 0 0 1
295 0 0 0 1
296 1 2 0 0
297 0 0 1 0
298 1 0 0 0
299 0 0 0 0
300 2 0 0 1
301 1 0 0 0
302 0 0 2 0
303 1 0 0 1
304 0 0 0 1
305 0 0 3 0
306 0 1 1 2
307 1 0 0 0
308 0 1 0 0
309 0 0 0 2
310 0 0 0 1
311 0 0 0 0
312 0 0 0 2
313 0 0 0 1
314 0 0 0 0
315 0 0 0 0
316 0 1 0 0
317 0 0 0 0
318 0 0 0 0
319 2 0 0 0
320 3 0 0 1
321 0 0 0 0
322 1 0 0 0
323 1 0 0 0
324 1 1 0 0
325 2 1 0 0
326 0 0 0 0
327 1 0 1 0
328 0 2 0 1
329 1 1 2 0
330 0 0 0 0
331 0 0 0 0
332 0 1 0 2
333 0 0 0 1
334 0 1 2 1
335 0 0 0 1
336 0 0 0 3
337 0 0 0 0
338 0 0 0 2
339 0 0 0 0
340 0 0 0 0
341 0 0 0 1
342 0 0 0 0
343 0 0 0 0
344 1 0 0 0
345 0 0 0 0
346 0 0 0 0
347 0 0 0 0
348 0 0 0 0
349 0 1 0 0
350 0 0 0 0
351 0 0 0 0
352 0 0 0 0
353 0 0 0 1
354 0 0 0 0
355 0 0 0 0
356 0 0 0 0
357 0 0 0 0
358 0 0 0 0
359 0 0 0 0
360 0 0 0 0
361 0 0 0 0
362 0 0 0 0
363 0 0 0 0
364 0 0 0 0
365 0 0 0 0
366 0 0 0 0
367 0 0 0 0
368 0 0 0 0
369 0 0 0 0
370 0 0 0 0
371 0 0 0 0
372 0 0 0 0
373 0 0 0 0
374 0 0 0 0
375 0 0 0 0
376 0 0 0 0
377 0 0 0 0
378 0 0 0 0
379 0 0 0 0
380 0 0 0 0
381 0 0 0 0
382 0 0 0 0
383 0 0 0 0
384 0 0 0 0
385 0 0 0 0
386 0 0 0 0
387 0 0 0 0
388 0 0 0 0
389 0 0 0 0
390 0 0 0 0
391 0 0 0 0
392 0 0 0 0
393 0 0 0 0
394 0 0 0 0
395 0 0 0 0
396 0 0 0 0
397 0 0 0 0
398 0 0 0 0
399 0 0 0 0
400 0 0 0 0
401 0 0 0 0
402 0 0 0 0
403 0 0 0 0
404 0 0 0 0
405 0 0 0 0
406 0 0 0 0
407 0 0 0 0
408 0 0 0 0
409 0 0 0 0
410 0 0 0 0
411 0 0 0 0
412 0 0 0 0
413 0 0 0 0
414 0 0 0 0
415 0 0 0 0
416 0 0 0 0
417 0 0 0 0
418 0 0 0 0
419 0 0 0 0
420 0 0 0 0
421 0 0 0 0
422 0 0 0 0
423 0 0 0 0
424 0 0 0 0
425 0 0 0 0
426 0 0 0 0
427 0 0 0 0
428 0 0 0 0
429 0 0 0 0
430 0 0 0 0
431 0 0 0 0
432 0 0 0 0
433 0 0 0 0
434 0 0 0 0
435 0 0 0 0
436 0 0 0 0
437 0 0 0 0
438 0 0 0 0
439 0 0 0 0
440 0 0 0 0
441 0 0 0 0
442 0 0 0 0
443 0 0 0 0
444 0 0 0 0
445 0 0 0 0
446 0 0 0 0
447 0 0 0 0
448 0 0 0 0
449 0 0 0 0
450 0 0 0 0
451 0 0 0 0
452 0 0 0 0
453 0 0 0 0
454 0 0 0 0
455 0 0 0 0
456 0 0 0 0
457 0 0 0 0
458 0 0 0 0
459 0 0 0 0
460 0 0 0 0
461 0 0 0 0
462 0 0 0 0
463 0 0 0 0
464 0 0 0 0
465 0 0 0 0
466 0 0 0 0
467 0 0 0 0
468 0 0 0 0
469 0 0 0 0
470 0 0 0 0
471 0 0 0 0
472 0 0 0 0
473 0 0 0 0
474 0 0 0 0
475 0 0 0 0
476 0 0 0 0
477 0 0 0 0
478 0 0 0 0
479 0 0 0 0
480 0 0 0 0
481 0 0 0 0
482 0 0 0 0
483 0 0 0 0
484 0 0 0 0
485 0 0 0 0
486 0 0 0 0
487 0 0 0 0
488 0 0 0 0
489 0 0 0 0
490 0 0 0 0
491 0 0 0 0
492 0 0 0 0
493 0 0 0 0
494 0 0 0 0
495 0 0 0 0
496 0 0 0 0
497 0 0 0 0
498 0 0 0 0
499 0 0 0 0
500 0 0 0 0
501 0 0 0 0
502 0 0 0 0
503 0 0 0 0
504 0 0 0 0
505 0 0 0 0
506 0 0 0 0
507 0 0 0 0
508 0 0 0 0
509 0 0 0 0
510 0 0 0 0
511 0 0 0 0
512 0 0 0 0
513 0 0 0 0
514 0 0 0 0
515 0 0 0 0
516 0 0 0 0
517 0 0 0 0
518 0 0 0 0
519 0 0 0 0
520 0 0 0 0
521 0 0 0 0
522 0 0 0 0
523 0 0 0 0
524 0 0 0 0
525 0 0 0 0
526 0 0 0 0
527 0 0 0 0
528 0 0 0 0
529 0 0 0 0
530 0 0 0 0
531 0 0 0 0
532 0 0 0 0
533 0 0 0 0
534 0 0 0 0
535 0 0 0 0
536 0 0 0 0
537 0 0 0 0
538 0 0 0 0
539 0 0 0 0
540 0 0 0 0
541 0 0 0 0
542 0 0 0 0
543 0 0 0 0
544 0 0 0 0
545 0 0 0 0
546 0 0 0 0
547 0 0 0 0
548 0 0 0 0
549 0 0 0 0
550 0 0 0 0
551 0 0 0 0
552 0 0 0 0
553 0 0 0 0
554 0 0 0 0
555 0 0 0 0
556 0 0 0 0
557 0 0 0 0
558 0 0 0 0
559 0 0 0 0
560 0 0 0 0
561 0 0 0 0
562 0 0 0 0
563 0 0 0 0
564 0 0 0 0
565 0 0 0 0
566 0 0 0 0
567 0 0 0 0
568 0 0 0 0
569 0 0 0 0
570 0 0 0 0
571 0 0 0 0
572 0 0 0 0
573 0 0 0 0
574 0 0 0 0
575 0 0 0 0
576 0 0 0 0
577 0 0 0 0
578 0 0 0 0
579 0 0 0 0
580 0 0 0 0
581 0 0 0 0
582 0 0 0 0
583 0 0 0 0
584 0 0 0 0
585 0 0 0 0
586 0 0 0 0
587 0 0 0 0
588 0 0 0 0
589 0 0 0 0
590 0 0 0 0
591 0 0 0 0
592 0 0 0 0
593 0 0 0 0
594 0 0 0 0
595 0 0 0 0
596 0 0 0 0
597 0 0 0 0
598 0 0 0 0
599 0 0 0 0
600 0 0 0 0
601 0 0 0 0
602 0 0 0 0
603 0 0 0 0
604 0 0 0 0
605 0 0 0 0
606 0 0 0 0
607 0 0 0 0
608 0 0 0 0
609 0 0 0 0
610 0 0 0 0
611 0 0 0 0
612 0 0 0 0
613 0 0 0 0
614 0 0 0 0
615 0 0 0 0
616 0 0 0 0
617 0 0 0 0
618 0 0 0 0
619 0 0 0 0
620 0 0 0 0
621 0 0 0 0
622 0 0 0 0
623 0 0 0 0
624 0 0 0 0
625 0 0 0 0
626 0 0 0 0
627 0 0 0 0
628 0 0 0 0
629 0 0 0 0
630 0 0 0 0
631 0 0 0 0
632 0 0 0 0
633 0 0 0 0
634 0 0 0 0
635 0 0 0 0
636 0 0 0 0
637 0 0 0 0
638 0 0 0 0
639 0 0 0 0
640 0 0 0 0
641 0 0 0 0
642 0 0 0 0
643 0 0 0 0
644 0 0 0 0
645 0 0 0 0
646 0 0 0 0
647 0 0 0 0
648 0 0 0 0
649 0 0 0 0
650 0 0 0 0
651 0 0 0 0
652 0 0 0 0
653 0 0 0 0
654 0 0 0 0
655 0 0 0 0
656 0 0 0 0
657 0 0 0 0
658 0 0 0 0
659 0 0 0 0
660 0 0 0 0
661 0 0 0 0
662 0 0 0 0
663 0 0 0 0
664 0 0 0 0
665 0 0 0 0
666 0 0 0 0
667 0 0 0 0
668 0 0 0 0
669 0 0 0 0
670 0 0 0 0
671 0 0 0 0
672 0 0 0 0
673 0 0 0 0
674 0 0 0 0
675 0 0 0 0
676 0 0 0 0
677 0 0 0 0
678 0 0 0 0
679 0 0 0 0
680 0 0 0 0
681 0 0 0 0
682 0 0 0 0
683 0 0 0 0
684 0 0 0 0
685 0 0 0 0
686 0 0 0 0
687 0 0 0 0
688 0 0 0 0
689 0 0 0 0
690 0 0 0 0
691 0 0 0 0
692 0 0 0 0
693 0 0 0 0
694 0 0 0 0
695 0 0 0 0
696 0 0 0 0
697 0 0 0 0
698 0 0 0 0
699 0 0 0 0
700 0 0 0 0
701 0 0 0 0
702 0 0 0 0
703 0 0 0 0
704 0 0 0 0
705 0 0 0 0
706 0 0 0 0
707 0 0 0 0
708 0 0 0 0
709 0 0 0 0
710 0 0 0 0
711 0 0 0 0
712 0 0 0 0
713 0 0 0 0
714 0 0 0 0
715 0 0 0 0
716 0 0 0 0
717 0 0 0 0
718 0 0 0 0
719 0 0 0 0
720 0 0 0 0
721 0 0 0 0
722 0 0 0 0
723 0 0 0 0
724 0 0 0 0
725 0 0 0 0
726 0 0 0 0
727 0 0 0 0
