0 0 0 0 0
1 0 0 0 0
2 0 0 0 0
3 0 0 0 0
4 0 0 0 0
5 0 0 0 0
6 0 0 0 0
7 0 0 0 0
8 0 0 0 0
9 0 1 4 0
10 0 0 0 0
11 0 0 0 0
12 0 0 0 0
13 1 0 0 3
14 0 0 0 0
15 0 0 0 0
16 0 0 0 2
17 0 0 0 0
18 0 0 0 0
19 1 0 0 0
20 1 0 0 0
21 1 0 0 0
22 0 0 1 0
23 1 0 0 0
24 1 0 0 0
25 1 0 0 0
26 1 2 0 1
27 0 0 0 0
28 1 1 0 0
29 1 2 0 0
30 1 0 0 2
31 1 1 0 0
32 1 0 0 0
33 0 0 0 1
34 0 1 0 0
35 0 0 1 2
36 0 1 0 1
37 0 0 1 0
38 0 0 1 1
39 0 0 0 0
40 0 0 0 0
41 0 1 0 0
42 0 0 0 1
43 0 0 0 1
44 2 0 0 1
45 0 0 0 1
46 0 0 0 0
47 1 0 0 0
48 1 0 0 1
49 1 2 0 0
50 1 0 0 0
51 3 0 0 0
52 1 0 0 0
53 1 1 0 0
54 1 0 0 0
55 2 0 1 0
56 0 3 1 2
57 0 1 0 0
58 0 1 0 0
59 0 0 0 0
60 2 2 0 3
61 1 0 1 1
62 0 0 0 2
63 1 1 0 2
64 0 0 0 1
65 0 0 0 0
66 1 1 0 0
67 0 0 0 2
68 2 0 1 1
69 1 1 1 0
70 0 0 0 0
71 2 0 0 0
72 2 0 0 1
73 0 0 0 3
74 2 1 0 0
75 2 0 1 0
76 1 0 1 0
77 2 2 1 0
78 0 0 0 0
79 2 0 1 2
80 3 1 0 0
81 0 1 0 1
82 0 0 0 0
83 3 0 1 2
84 0 1 2 1
85 1 0 1 1
86 0 2 0 2
87 2 0 0 0
88 0 1 1 2
89 0 2 1 1
90 0 0 0 2
91 0 0 0 1
92 1 2 2 1
93 1 0 0 3
94 1 1 0 0
95 1 0 0 1
96 2 0 0 3
97 0 1 0 0
98 2 0 1 1
99 5 0 0 2
100 1 1 0 0
101 5 0 1 0
102 2 0 0 1
103 1 1 3 0
104 0 1 1 1
105 1 0 0 1
106 3 0 1 0
107 1 1 1 4
108 1 3 1 0
109 0 1 0 0
110 1 2 2 1
111 0 0 2 3
112 0 1 0 3
113 1 0 0 2
114 0 1 0 3
115 1 0 1 2
116 0 0 0 1
117 2 1 0 2
118 6 0 0 1
119 1 1 0 0
120 3 0 0 0
121 5 0 0 1
122 4 1 0 1
123 3 1 1 0
124 3 2 1 1
125 1 1 2 0
126 4 2 1 1
127 2 4 3 1
128 6 1 0 2
129 4 0 2 2
130 5 2 1 1
131 5 2 1 4
132 4 3 0 3
133 7 5 1 4
134 4 4 1 6
135 4 1 2 2
136 5 3 2 4
137 5 2 2 6
138 4 2 5 3
139 7 3 2 1
140 7 2 1 3
141 2 2 1 5
142 2 3 1 6
143 7 5 0 6
144 6 5 0 4
145 8 2 4 5
146 8 4 0 3
147 10 1 0 5
148 1 3 3 2
149 4 4 5 8
150 6 5 0 5
151 7 3 5 3
152 9 9 3 5
153 6 1 1 5
154 5 7 0 4
155 9 1 3 6
156 4 4 2 14
157 3 2 1 5
158 3 2 1 3
159 5 4 3 6
160 4 7 3 2
161 9 4 3 10
162 6 3 3 3
163 8 2 1 5
164 10 4 3 5
165 11 2 3 3
166 7 5 2 9
167 10 1 1 6
168 9 1 3 10
169 7 4 3 7
170 9 6 6 8
171 7 5 3 2
172 11 4 8 4
173 6 7 4 5
174 12 4 2 7
175 10 9 0 5
176 8 1 7 12
177 8 5 4 10
178 9 6 2 5
179 9 7 2 10
180 10 5 1 12
181 8 4 3 7
182 12 3 4 7
183 10 6 5 6
184 7 8 6 9
185 10 4 6 11
186 7 4 3 7
187 12 8 2 11
188 10 2 3 12
189 11 5 7 9
190 8 9 3 8
191 7 2 6 6
192 7 8 4 7
193 7 2 1 8
194 16 5 2 17
195 9 3 4 5
196 4 6 3 14
197 9 7 3 3
198 8 9 5 11
199 11 8 8 8
200 12 3 6 8
201 7 4 2 6
202 14 4 2 12
203 9 7 2 14
204 10 6 2 12
205 7 5 4 10
206 11 5 3 9
207 5 8 2 7
208 7 9 3 7
209 10 5 4 7
210 3 5 2 8
211 4 8 7 9
212 3 0 4 11
213 2 4 2 8
214 5 6 2 10
215 4 3 5 16
216 2 3 4 5
217 4 2 1 5
218 3 2 4 10
219 4 2 1 6
220 2 3 2 7
221 3 3 2 8
222 4 4 1 8
223 4 2 1 2
224 1 1 1 5
225 3 1 0 4
226 2 1 3 6
227 4 4 0 1
228 3 1 4 5
229 3 4 1 4
230 4 0 1 4
231 2 2 1 3
232 3 2 1 3
233 6 0 3 3
234 2 1 2 3
235 3 2 1 2
236 2 3 1 6
237 2 1 1 3
238 0 3 3 3
239 2 2 0 3
240 3 0 1 3
241 1 0 1 4
242 6 2 2 3
243 1 1 0 1
244 1 0 3 1
245 3 1 1 3
246 3 0 2 4
247 2 2 1 1
248 0 1 1 2
249 1 1 0 2
250 1 2 1 1
251 0 3 1 5
252 0 2 1 3
253 1 0 1 3
254 0 2 0 1
255 2 1 2 4
256 0 0 0 2
257 1 0 0 2
258 2 0 0 3
259 2 0 0 4
260 1 1 0 1
261 0 0 0 0
262 0 0 1 0
263 3 0 1 0
264 0 0 3 0
265 0 1 0 0
266 0 1 1 0
267 0 0 0 2
268 0 1 0 1
269 0 0 0 2
270 1 0 0 0
271 0 0 0 2
272 2 2 0 0
273 0 0 0 2
274 1 0 0 0
275 0 0 0 1
276 2 0 0 2
277 0 1 0 0
278 0 0 0 0
279 0 1 0 0
280 1 0 0 0
281 0 1 0 1
282 0 0 0 0
283 0 0 1 0
284 0 0 0 1
285 0 0 2 0
286 0 0 0 0
287 0 0 0 1
288 0 0 0 1
289 0 0 1 2
290 0 0 0 0
291 0 0 0 0
292 0 0 0 0
293 0 0 0 0
294 1 0 0 0
295 0 0 0 0
296 0 0 0 1
297 0 0 0 0
298 0 0 0 0
299 1 0 0 0
300 1 0 0 0
301 0 0 1 0
302 1 0 0 0
303 1 0 0 0
304 1 0 1 0
305 0 1 0 0
306 1 0 0 0
307 1 0 0 0
308 0 0 0 1
309 0 0 1 0
310 0 0 0 0
311 0 0 1 1
312 0 1 1 1
313 0 0 0 1
314 0 0 0 0
315 0 0 1 1
316 0 0 0 1
317 0 0 0 0
318 0 0 0 0
319 0 0 0 2
320 0 0 0 0
321 0 0 0 0
322 0 0 0 0
323 1 0 0 0
324 0 0 0 0
325 0 0 0 0
326 1 0 0 0
327 1 0 0 0
328 1 0 0 0
329 1 0 0 0
330 1 0 0 0
331 0 1 0 0
332 1 1 1 0
333 0 1 0 0
334 0 1 0 0
335 0 1 0 1
336 0 0 0 1
337 0 0 0 0
338 0 0 0 0
339 0 0 0 1
340 0 0 0 1
341 0 0 1 2
342 0 0 0 0
343 0 0 0 0
344 0 0 0 0
345 0 0 0 0
346 0 0 0 0
347 0 0 0 0
348 0 0 0 1
349 1 0 0 0
350 1 0 0 0
351 1 0 0 0
352 2 0 0 0
353 0 0 0 0
354 1 0 1 0
355 0 0 0 0
356 1 1 0 0
357 0 1 0 0
358 1 0 0 1
359 0 2 0 0
360 0 0 0 1
361 0 1 1 0
362 0 0 0 0
363 0 1 0 1
364 0 0 0 1
365 0 0 0 2
366 0 0 0 1
367 0 0 0 1
368 0 0 0 0
369 0 0 0 0
370 0 0 0 0
371 0 0 0 0
372 0 0 0 0
373 1 0 0 0
374 0 0 0 0
375 0 0 0 0
376 0 0 0 0
377 0 0 0 0
378 0 1 0 0
379 0 0 0 0
380 0 0 0 0
381 0 0 0 0
382 0 0 0 1
383 0 0 0 0
384 0 0 0 0
385 0 0 0 0
386 0 0 0 0
387 0 0 0 0
388 0 0 0 0
389 0 0 0 0
390 0 0 0 0
391 0 0 0 0
392 0 0 0 0
393 0 0 0 0
394 0 0 0 0
395 0 0 0 0
396 0 0 0 0
397 0 0 0 0
398 0 0 0 0
399 0 0 0 0
400 0 0 0 0
401 0 0 0 0
402 0 0 0 0
403 0 0 0 0
404 0 0 0 0
405 0 0 0 0
406 0 0 0 0
407 0 0 0 0
408 0 0 0 0
409 0 0 0 0
410 0 0 0 0
411 0 0 0 0
412 0 0 0 0
413 0 0 0 0
414 0 0 0 0
415 0 0 0 0
416 0 0 0 0
417 0 0 0 0
418 0 0 0 0
419 0 0 0 0
420 0 0 0 0
421 0 0 0 0
422 0 0 0 0
423 0 0 0 0
424 0 0 0 0
425 0 0 0 0
426 0 0 0 0
427 0 0 0 0
428 0 0 0 0
429 0 0 0 0
430 0 0 0 0
431 0 0 0 0
432 0 0 0 0
433 0 0 0 0
434 0 0 0 0
435 0 0 0 0
436 0 0 0 0
437 0 0 0 0
438 0 0 0 0
439 0 0 0 0
440 0 0 0 0
441 0 0 0 0
442 0 0 0 0
443 0 0 0 0
444 0 0 0 0
445 0 0 0 0
446 0 0 0 0
447 0 0 0 0
448 0 0 0 0
449 0 0 0 0
450 0 0 0 0
451 0 0 0 0
452 0 0 0 0
453 0 0 0 0
454 0 0 0 0
455 0 0 0 0
456 0 0 0 0
457 0 0 0 0
458 0 0 0 0
459 0 0 0 0
460 0 0 0 0
461 0 0 0 0
462 0 0 0 0
463 0 0 0 0
464 0 0 0 0
465 0 0 0 0
466 0 0 0 0
467 0 0 0 0
468 0 0 0 0
469 0 0 0 0
470 0 0 0 0
471 0 0 0 0
472 0 0 0 0
473 0 0 0 0
474 0 0 0 0
475 0 0 0 0
476 0 0 0 0
477 0 0 0 0
478 0 0 0 0
479 0 0 0 0
480 0 0 0 0
481 0 0 0 0
482 0 0 0 0
483 0 0 0 0
484 0 0 0 0
485 0 0 0 0
486 0 0 0 0
487 0 0 0 0
488 0 0 0 0
489 0 0 0 0
490 0 0 0 0
491 0 0 0 0
492 0 0 0 0
493 0 0 0 0
494 0 0 0 0
495 0 0 0 0
496 0 0 0 0
497 0 0 0 0
498 0 0 0 0
499 0 0 0 0
500 0 0 0 0
501 0 0 0 0
502 0 0 0 0
503 0 0 0 0
504 0 0 0 0
505 0 0 0 0
506 0 0 0 0
507 0 0 0 0
508 0 0 0 0
509 0 0 0 0
510 0 0 0 0
511 0 0 0 0
512 0 0 0 0
513 0 0 0 0
514 0 0 0 0
515 0 0 0 0
516 0 0 0 0
517 0 0 0 0
518 0 0 0 0
519 0 0 0 0
520 0 0 0 0
521 0 0 0 0
522 0 0 0 0
523 0 0 0 0
524 0 0 0 0
525 0 0 0 0
526 0 0 0 0
527 0 0 0 0
528 0 0 0 0
529 0 0 0 0
530 0 0 0 0
531 0 0 0 0
532 0 0 0 0
533 0 0 0 0
534 0 0 0 0
535 0 0 0 0
536 0 0 0 0
537 0 0 0 0
538 0 0 0 0
539 0 0 0 0
540 0 0 0 0
541 0 0 0 0
542 0 0 0 0
543 0 0 0 0
544 0 0 0 0
545 0 0 0 0
546 0 0 0 0
547 0 0 0 0
548 0 0 0 0
549 0 0 0 0
550 0 0 0 0
551 0 0 0 0
552 0 0 0 0
553 0 0 0 0
554 0 0 0 0
555 0 0 0 0
556 0 0 0 0
557 0 0 0 0
558 0 0 0 0
559 0 0 0 0
560 0 0 0 0
561 0 0 0 0
562 0 0 0 0
563 0 0 0 0
564 0 0 0 0
565 0 0 0 0
566 0 0 0 0
567 0 0 0 0
568 0 0 0 0
569 0 0 0 0
570 0 0 0 0
571 0 0 0 0
572 0 0 0 0
573 0 0 0 0
574 0 0 0 0
575 0 0 0 0
576 0 0 0 0
577 0 0 0 0
578 0 0 0 0
579 0 0 0 0
580 0 0 0 0
581 0 0 0 0
582 0 0 0 0
583 0 0 0 0
584 0 0 0 0
585 0 0 0 0
586 0 0 0 0
587 0 0 0 0
588 0 0 0 0
589 0 0 0 0
590 0 0 0 0
591 0 0 0 0
592 0 0 0 0
593 0 0 0 0
594 0 0 0 0
595 0 0 0 0
596 0 0 0 0
597 0 0 0 0
598 0 0 0 0
599 0 0 0 0
600 0 0 0 0
601 0 0 0 0
602 0 0 0 0
603 0 0 0 0
604 0 0 0 0
605 0 0 0 0
606 0 0 0 0
607 0 0 0 0
608 0 0 0 0
609 0 0 0 0
610 0 0 0 0
611 0 0 0 0
612 0 0 0 0
613 0 0 0 0
614 0 0 0 0
615 0 0 0 0
616 0 0 0 0
617 0 0 0 0
618 0 0 0 0
619 0 0 0 0
620 0 0 0 0
621 0 0 0 0
622 0 0 0 0
623 0 0 0 0
624 0 0 0 0
625 0 0 0 0
626 0 0 0 0
627 0 0 0 0
628 0 0 0 0
629 0 0 0 0
630 0 0 0 0
631 0 0 0 0
632 0 0 0 0
633 0 0 0 0
634 0 0 0 0
635 0 0 0 0
636 0 0 0 0
637 0 0 0 0
638 0 0 0 0
639 0 0 0 0
640 0 0 0 0
641 0 0 0 0
642 0 0 0 0
643 0 0 0 0
644 0 0 0 0
645 0 0 0 0
646 0 0 0 0
647 0 0 0 0
648 0 0 0 0
649 0 0 0 0
650 0 0 0 0
651 0 0 0 0
652 0 0 0 0
653 0 0 0 0
654 0 0 0 0
655 0 0 0 0
656 0 0 0 0
657 0 0 0 0
658 0 0 0 0
659 0 0 0 0
660 0 0 0 0
661 0 0 0 0
662 0 0 0 0
663 0 0 0 0
664 0 0 0 0
665 0 0 0 0
666 0 0 0 0
667 0 0 0 0
668 0 0 0 0
669 0 0 0 0
670 0 0 0 0
671 0 0 0 0
672 0 0 0 0
673 0 0 0 0
674 0 0 0 0
675 0 0 0 0
676 0 0 0 0
677 0 0 0 0
678 0 0 0 0
679 0 0 0 0
680 0 0 0 0
681 0 0 0 0
682 0 0 0 0
683 0 0 0 0
684 0 0 0 0
685 0 0 0 0
686 0 0 0 0
687 0 0 0 0
688 0 0 0 0
689 0 0 0 0
690 0 0 0 0
691 0 0 0 0
692 0 0 0 0
693 0 0 0 0
694 0 0 0 0
695 0 0 0 0
696 0 0 0 0
697 0 0 0 0
698 0 0 0 0
699 0 0 0 0
700 0 0 0 0
701 0 0 0 0
702 0 0 0 0
703 0 0 0 0
704 0 0 0 0
705 0 0 0 0
706 0 0 0 0
707 0 0 0 0
708 0 0 0 0
709 0 0 0 0
710 0 0 0 0
711 0 0 0 0
712 0 0 0 0
713 0 0 0 0
714 0 0 0 0
715 0 0 0 0
716 0 0 0 0
717 0 0 0 0
718 0 0 0 0
719 0 0 0 0
720 0 0 0 0
721 0 0 0 0
722 0 0 0 0
723 0 0 0 0
724 0 0 0 0
725 0 0 0 0
726 0 0 0 0
727 0 0 0 0
