0 0 0 0 0
1 0 0 0 0
2 0 0 0 0
3 0 0 0 0
4 0 0 0 0
5 0 3 0 0
6 0 0 0 0
7 0 0 0 0
8 0 0 0 0
9 0 2 0 1
10 0 0 0 0
11 0 0 0 0
12 0 0 0 2
13 0 0 0 0
14 0 0 0 0
15 0 0 0 0
16 0 0 0 2
17 0 0 0 0
18 0 0 0 0
19 0 0 0 0
20 0 0 0 0
21 0 0 0 0
22 0 0 0 0
23 1 0 0 0
24 0 0 0 0
25 0 0 0 0
26 0 0 0 0
27 1 0 0 0
28 1 1 0 0
29 0 0 0 0
30 0 0 0 0
31 0 0 0 0
32 0 1 0 0
33 0 0 0 0
34 0 0 0 0
35 0 0 0 1
36 0 0 0 1
37 0 0 1 0
38 0 0 0 0
39 1 0 0 0
40 0 0 0 0
41 0 0 0 0
42 0 0 0 0
43 0 0 0 0
44 1 0 1 1
45 1 0 0 0
46 1 0 0 0
47 0 0 0 0
48 0 0 0 0
49 2 0 0 0
50 1 1 0 1
51 1 1 0 0
52 0 0 0 0
53 0 0 1 0
54 0 1 0 1
55 0 0 1 1
56 0 0 0 0
57 1 0 0 1
58 1 0 1 1
59 1 0 0 0
60 2 1 0 0
61 2 0 0 0
62 2 0 1 1
63 1 0 1 0
64 1 1 0 0
65 1 0 1 1
66 0 2 0 0
67 0 0 0 2
68 0 0 0 0
69 0 0 1 2
70 0 1 0 0
71 0 1 1 1
72 2 0 1 0
73 0 0 1 3
74 0 0 0 1
75 0 0 0 0
76 1 0 0 0
77 0 0 2 2
78 1 0 0 2
79 1 0 0 0
80 2 0 0 0
81 1 0 1 0
82 2 0 0 0
83 1 0 1 0
84 0 0 0 2
85 0 0 1 1
86 0 0 1 0
87 3 0 0 0
88 3 1 1 0
89 2 1 0 0
90 0 0 0 1
91 2 2 0 0
92 0 1 0 2
93 2 2 1 3
94 1 0 0 0
95 3 0 0 2
96 1 2 2 0
97 2 0 0 0
98 5 2 0 0
99 1 0 0 1
100 3 0 2 4
101 1 1 0 1
102 3 2 1 1
103 0 1 1 2
104 4 1 1 1
105 1 0 2 1
106 1 1 1 2
107 1 2 3 3
108 1 0 0 3
109 2 1 3 1
110 0 0 0 1
111 2 1 2 4
112 3 0 1 2
113 2 0 1 4
114 4 3 0 1
115 2 0 0 1
116 0 0 1 1
117 3 3 0 1
118 4 1 0 3
119 3 1 2 1
120 2 1 1 1
121 3 0 1 4
122 2 1 1 2
123 1 2 1 1
124 5 1 2 1
125 5 1 1 1
126 5 2 2 3
127 5 3 1 3
128 2 1 1 1
129 6 2 1 1
130 5 2 0 5
131 6 3 0 4
132 2 2 1 3
133 6 1 2 2
134 3 5 4 3
135 7 1 2 3
136 3 1 5 1
137 4 0 2 2
138 3 2 2 9
139 2 3 2 3
140 1 3 4 5
141 4 3 1 2
142 7 5 1 3
143 2 1 0 4
144 5 0 1 5
145 5 1 0 5
146 4 2 1 5
147 7 3 3 6
148 8 1 1 3
149 11 1 0 4
150 5 3 3 3
151 7 5 2 5
152 8 3 4 1
153 5 5 4 0
154 4 5 4 5
155 5 0 3 3
156 5 4 2 3
157 4 6 5 8
158 2 2 4 10
159 6 4 0 8
160 7 4 2 7
161 4 4 1 8
162 7 2 1 2
163 4 2 1 6
164 2 5 2 9
165 6 5 1 7
166 7 6 1 4
167 3 2 2 3
168 6 1 4 7
169 6 2 1 5
170 8 3 1 4
171 8 3 4 6
172 12 0 1 4
173 8 1 3 8
174 9 3 5 2
175 6 3 5 6
176 9 5 2 0
177 10 6 4 4
178 13 5 3 9
179 6 6 5 6
180 6 5 2 4
181 9 5 5 10
182 7 5 1 9
183 8 3 2 11
184 7 5 1 8
185 10 0 6 7
186 9 4 7 8
187 15 8 4 5
188 13 4 2 10
189 9 2 2 3
190 15 8 5 9
191 12 2 4 7
192 15 9 5 5
193 14 11 3 8
194 17 4 4 13
195 16 9 4 6
196 6 8 5 10
197 17 6 5 17
198 12 10 3 11
199 10 8 8 13
200 16 10 4 9
201 12 8 6 7
202 14 8 5 13
203 13 10 9 17
204 11 6 5 16
205 11 4 5 16
206 7 8 7 13
207 7 7 4 13
208 13 7 5 10
209 6 5 9 13
210 15 11 3 18
211 9 7 2 13
212 10 6 5 10
213 8 7 4 9
214 5 7 1 13
215 11 8 5 8
216 8 2 6 19
217 9 3 7 10
218 10 3 3 10
219 8 2 4 11
220 9 5 4 11
221 6 6 5 8
222 8 6 4 7
223 6 5 4 8
224 6 7 4 11
225 7 3 4 8
226 8 6 4 10
227 8 4 3 8
228 6 5 4 13
229 3 3 4 5
230 5 3 2 11
231 5 7 6 9
232 3 4 2 9
233 4 2 2 6
234 4 3 2 6
235 5 2 2 11
236 8 1 3 8
237 6 1 2 4
238 8 2 0 7
239 4 4 2 6
240 5 4 3 6
241 2 4 3 6
242 6 2 2 3
243 8 3 2 3
244 2 3 1 6
245 2 3 2 3
246 4 5 0 5
247 0 4 2 3
248 4 1 4 8
249 4 3 4 3
250 1 2 0 5
251 1 0 3 4
252 1 1 4 7
253 2 2 0 6
254 3 3 1 4
255 1 2 0 4
256 2 0 1 6
257 6 2 1 1
258 2 2 1 3
259 4 2 1 3
260 7 0 1 3
261 5 4 0 4
262 2 3 1 3
263 4 1 1 2
264 1 4 0 0
265 3 3 1 5
266 1 3 2 1
267 1 0 0 3
268 1 0 1 2
269 0 3 1 7
270 2 1 2 4
271 1 2 0 3
272 2 2 1 2
273 2 0 1 3
274 1 0 3 3
275 1 2 1 2
276 1 1 0 2
277 3 1 0 1
278 1 0 0 1
279 1 0 1 3
280 3 1 0 0
281 1 1 0 3
282 1 2 1 2
283 1 0 0 1
284 2 0 2 2
285 2 3 1 0
286 0 1 0 3
287 0 0 2 0
288 2 0 1 2
289 1 1 0 3
290 1 0 1 0
291 0 0 1 3
292 0 0 0 2
293 1 3 1 2
294 0 0 2 0
295 0 0 0 3
296 0 0 0 0
297 1 0 0 3
298 1 0 1 2
299 1 1 0 0
300 1 0 0 1
301 0 0 0 0
302 0 0 0 1
303 0 0 0 0
304 1 0 1 0
305 0 0 0 0
306 2 0 1 1
307 1 0 1 0
308 0 0 0 0
309 0 1 1 0
310 1 0 0 0
311 0 1 1 1
312 1 0 0 0
313 2 0 0 2
314 0 0 0 1
315 0 0 0 2
316 1 0 1 1
317 1 0 0 0
318 1 0 1 0
319 0 0 1 0
320 1 0 0 1
321 0 0 1 0
322 0 0 1 0
323 0 0 1 1
324 0 0 0 0
325 0 1 1 2
326 0 1 0 0
327 0 0 0 0
328 0 0 0 0
329 0 0 0 2
330 1 0 0 1
331 0 0 0 0
332 0 0 0 1
333 0 0 0 1
334 0 0 0 0
335 0 0 0 0
336 0 0 0 0
337 1 0 0 0
338 1 0 0 0
339 0 1 0 0
340 0 0 0 0
341 0 0 0 0
342 1 0 0 0
343 0 0 0 1
344 0 0 0 0
345 0 0 0 0
346 0 1 0 0
347 0 1 0 0
348 0 0 0 0
349 0 0 0 0
350 0 0 0 1
351 0 0 1 1
352 0 0 0 0
353 0 0 0 0
354 0 0 0 0
355 0 0 0 1
356 0 0 0 0
357 0 0 0 0
358 0 0 0 0
359 0 0 0 0
360 0 0 0 0
361 0 0 0 0
362 0 0 0 0
363 0 0 0 0
364 0 0 0 0
365 0 0 0 0
366 0 0 0 0
367 0 0 0 0
368 0 0 0 0
369 0 0 0 0
370 0 0 0 0
371 0 0 0 0
372 0 0 0 0
373 0 0 0 0
374 0 0 0 0
375 0 0 0 0
376 0 0 0 0
377 0 0 0 0
378 0 0 0 0
379 0 0 0 0
380 0 0 0 0
381 0 0 0 0
382 0 0 0 0
383 0 0 0 0
384 0 0 0 0
385 0 0 0 0
386 0 0 0 0
387 0 0 0 0
388 0 0 0 0
389 0 0 0 0
390 0 0 0 0
391 0 0 0 0
392 0 0 0 0
393 0 0 0 0
394 0 0 0 0
395 0 0 0 0
396 0 0 0 0
397 0 0 0 0
398 0 0 0 0
399 0 0 0 0
400 0 0 0 0
401 0 0 0 0
402 0 0 0 0
403 0 0 0 0
404 0 0 0 0
405 0 0 0 0
406 0 0 0 0
407 0 0 0 0
408 0 0 0 0
409 0 0 0 0
410 0 0 0 0
411 0 0 0 0
412 0 0 0 0
413 0 0 0 0
414 0 0 0 0
415 0 0 0 0
416 0 0 0 0
417 0 0 0 0
418 0 0 0 0
419 0 0 0 0
420 0 0 0 0
421 0 0 0 0
422 0 0 0 0
423 0 0 0 0
424 0 0 0 0
425 0 0 0 0
426 0 0 0 0
427 0 0 0 0
428 0 0 0 0
429 0 0 0 0
430 0 0 0 0
431 0 0 0 0
432 0 0 0 0
433 0 0 0 0
434 0 0 0 0
435 0 0 0 0
436 0 0 0 0
437 0 0 0 0
438 0 0 0 0
439 0 0 0 0
440 0 0 0 0
441 0 0 0 0
442 0 0 0 0
443 0 0 0 0
444 0 0 0 0
445 0 0 0 0
446 0 0 0 0
447 0 0 0 0
448 0 0 0 0
449 0 0 0 0
450 0 0 0 0
451 0 0 0 0
452 0 0 0 0
453 0 0 0 0
454 0 0 0 0
455 0 0 0 0
456 0 0 0 0
457 0 0 0 0
458 0 0 0 0
459 0 0 0 0
460 0 0 0 0
461 0 0 0 0
462 0 0 0 0
463 0 0 0 0
464 0 0 0 0
465 0 0 0 0
466 0 0 0 0
467 0 0 0 0
468 0 0 0 0
469 0 0 0 0
470 0 0 0 0
471 0 0 0 0
472 0 0 0 0
473 0 0 0 0
474 0 0 0 0
475 0 0 0 0
476 0 0 0 0
477 0 0 0 0
478 0 0 0 0
479 0 0 0 0
480 0 0 0 0
481 0 0 0 0
482 0 0 0 0
483 0 0 0 0
484 0 0 0 0
485 0 0 0 0
486 0 0 0 0
487 0 0 0 0
488 0 0 0 0
489 0 0 0 0
490 0 0 0 0
491 0 0 0 0
492 0 0 0 0
493 0 0 0 0
494 0 0 0 0
495 0 0 0 0
496 0 0 0 0
497 0 0 0 0
498 0 0 0 0
499 0 0 0 0
500 0 0 0 0
501 0 0 0 0
502 0 0 0 0
503 0 0 0 0
504 0 0 0 0
505 0 0 0 0
506 0 0 0 0
507 0 0 0 0
508 0 0 0 0
509 0 0 0 0
510 0 0 0 0
511 0 0 0 0
512 0 0 0 0
513 0 0 0 0
514 0 0 0 0
515 0 0 0 0
516 0 0 0 0
517 0 0 0 0
518 0 0 0 0
519 0 0 0 0
520 0 0 0 0
521 0 0 0 0
522 0 0 0 0
523 0 0 0 0
524 0 0 0 0
525 0 0 0 0
526 0 0 0 0
527 0 0 0 0
528 0 0 0 0
529 0 0 0 0
530 0 0 0 0
531 0 0 0 0
532 0 0 0 0
533 0 0 0 0
534 0 0 0 0
535 0 0 0 0
536 0 0 0 0
537 0 0 0 0
538 0 0 0 0
539 0 0 0 0
540 0 0 0 0
541 0 0 0 0
542 0 0 0 0
543 0 0 0 0
544 0 0 0 0
545 0 0 0 0
546 0 0 0 0
547 0 0 0 0
548 0 0 0 0
549 0 0 0 0
550 0 0 0 0
551 0 0 0 0
552 0 0 0 0
553 0 0 0 0
554 0 0 0 0
555 0 0 0 0
556 0 0 0 0
557 0 0 0 0
558 0 0 0 0
559 0 0 0 0
560 0 0 0 0
561 0 0 0 0
562 0 0 0 0
563 0 0 0 0
564 0 0 0 0
565 0 0 0 0
566 0 0 0 0
567 0 0 0 0
568 0 0 0 0
569 0 0 0 0
570 0 0 0 0
571 0 0 0 0
572 0 0 0 0
573 0 0 0 0
574 0 0 0 0
575 0 0 0 0
576 0 0 0 0
577 0 0 0 0
578 0 0 0 0
579 0 0 0 0
580 0 0 0 0
581 0 0 0 0
582 0 0 0 0
583 0 0 0 0
584 0 0 0 0
585 0 0 0 0
586 0 0 0 0
587 0 0 0 0
588 0 0 0 0
589 0 0 0 0
590 0 0 0 0
591 0 0 0 0
592 0 0 0 0
593 0 0 0 0
594 0 0 0 0
595 0 0 0 0
596 0 0 0 0
597 0 0 0 0
598 0 0 0 0
599 0 0 0 0
600 0 0 0 0
601 0 0 0 0
602 0 0 0 0
603 0 0 0 0
604 0 0 0 0
605 0 0 0 0
606 0 0 0 0
607 0 0 0 0
608 0 0 0 0
609 0 0 0 0
610 0 0 0 0
611 0 0 0 0
612 0 0 0 0
613 0 0 0 0
614 0 0 0 0
615 0 0 0 0
616 0 0 0 0
617 0 0 0 0
618 0 0 0 0
619 0 0 0 0
620 0 0 0 0
621 0 0 0 0
622 0 0 0 0
623 0 0 0 0
624 0 0 0 0
625 0 0 0 0
626 0 0 0 0
627 0 0 0 0
628 0 0 0 0
629 0 0 0 0
630 0 0 0 0
631 0 0 0 0
632 0 0 0 0
633 0 0 0 0
634 0 0 0 0
635 0 0 0 0
636 0 0 0 0
637 0 0 0 0
638 0 0 0 0
639 0 0 0 0
640 0 0 0 0
641 0 0 0 0
642 0 0 0 0
643 0 0 0 0
644 0 0 0 0
645 0 0 0 0
646 0 0 0 0
647 0 0 0 0
648 0 0 0 0
649 0 0 0 0
650 0 0 0 0
651 0 0 0 0
652 0 0 0 0
653 0 0 0 0
654 0 0 0 0
655 0 0 0 0
656 0 0 0 0
657 0 0 0 0
658 0 0 0 0
659 0 0 0 0
660 0 0 0 0
661 0 0 0 0
662 0 0 0 0
663 0 0 0 0
664 0 0 0 0
665 0 0 0 0
666 0 0 0 0
667 0 0 0 0
668 0 0 0 0
669 0 0 0 0
670 0 0 0 0
671 0 0 0 0
672 0 0 0 0
673 0 0 0 0
674 0 0 0 0
675 0 0 0 0
676 0 0 0 0
677 0 0 0 0
678 0 0 0 0
679 0 0 0 0
680 0 0 0 0
681 0 0 0 0
682 0 0 0 0
683 0 0 0 0
684 0 0 0 0
685 0 0 0 0
686 0 0 0 0
687 0 0 0 0
688 0 0 0 0
689 0 0 0 0
690 0 0 0 0
691 0 0 0 0
692 0 0 0 0
693 0 0 0 0
694 0 0 0 0
695 0 0 0 0
696 0 0 0 0
697 0 0 0 0
698 0 0 0 0
699 0 0 0 0
700 0 0 0 0
701 0 0 0 0
702 0 0 0 0
703 0 0 0 0
704 0 0 0 0
705 0 0 0 0
706 0 0 0 0
707 0 0 0 0
708 0 0 0 0
709 0 0 0 0
710 0 0 0 0
711 0 0 0 0
712 0 0 0 0
713 0 0 0 0
714 0 0 0 0
715 0 0 0 0
716 0 0 0 0
717 0 0 0 0
718 0 0 0 0
719 0 0 0 0
720 0 0 0 0
721 0 0 0 0
722 0 0 0 0
723 0 0 0 0
724 0 0 0 0
725 0 0 0 0
726 0 0 0 0
727 0 0 0 0
