0 0 0 0 0
1 0 0 0 0
2 0 0 0 0
3 0 0 0 0
4 0 0 0 0
5 0 1 1 0
6 0 0 0 0
7 0 0 0 0
8 0 0 0 0
9 0 2 1 1
10 0 0 0 0
11 0 0 0 0
12 0 0 0 1
13 0 0 0 1
14 0 0 0 1
15 1 0 0 0
16 1 0 0 1
17 1 0 0 0
18 1 0 0 0
19 0 0 0 0
20 2 0 0 0
21 0 0 1 0
22 2 0 0 0
23 2 0 1 0
24 2 0 1 0
25 3 0 0 1
26 2 1 0 0
27 2 0 1 0
28 1 0 1 1
29 1 3 1 0
30 4 2 0 0
31 1 0 1 2
32 0 2 0 0
33 0 0 0 4
34 0 2 0 2
35 1 3 2 2
36 0 1 2 2
37 1 1 0 0
38 1 0 0 0
39 1 0 0 3
40 1 0 0 0
41 0 1 0 2
42 0 1 0 3
43 1 0 0 3
44 0 0 0 1
45 1 0 0 0
46 2 0 0 0
47 2 1 0 0
48 0 1 1 1
49 4 0 1 1
50 4 0 0 0
51 5 1 0 0
52 0 0 2 1
53 2 0 0 0
54 2 1 0 2
55 3 2 3 1
56 0 3 1 1
57 0 0 0 0
58 2 2 3 2
59 0 0 0 4
60 0 2 0 2
61 1 0 0 0
62 1 1 0 5
63 0 1 3 2
64 2 1 1 2
65 2 0 0 2
66 1 1 0 0
67 3 0 0 3
68 2 0 0 2
69 1 0 1 1
70 5 2 0 2
71 3 1 0 0
72 5 1 0 0
73 5 0 2 0
74 4 0 1 1
75 4 2 2 1
76 3 4 0 1
77 7 1 2 1
78 2 2 0 0
79 4 2 3 4
80 5 1 1 3
81 3 2 2 1
82 1 3 5 1
83 3 2 3 5
84 1 1 4 5
85 2 2 2 4
86 3 2 1 8
87 4 0 0 3
88 3 1 2 6
89 6 2 0 4
90 5 1 1 5
91 10 2 0 1
92 3 3 1 4
93 4 1 2 2
94 7 2 4 2
95 4 1 2 3
96 6 5 2 3
97 2 1 1 3
98 2 3 2 7
99 5 3 6 3
100 4 7 1 4
101 5 7 0 2
102 6 0 1 4
103 10 1 2 9
104 6 1 1 6
105 3 4 0 6
106 7 5 1 3
107 5 1 1 3
108 4 4 2 4
109 4 2 0 3
110 6 2 0 6
111 5 5 2 3
112 4 5 4 5
113 5 5 1 4
114 3 2 3 1
115 5 3 4 6
116 5 4 1 4
117 2 1 4 7
118 8 3 2 4
119 4 1 3 10
120 6 4 1 4
121 7 4 2 7
122 6 1 2 5
123 3 4 1 5
124 7 3 1 4
125 7 2 3 6
126 7 1 2 2
127 13 4 3 7
128 4 5 1 4
129 5 0 7 5
130 6 5 2 2
131 10 3 4 7
132 10 4 4 7
133 6 2 3 4
134 8 5 2 6
135 8 7 1 3
136 9 9 3 8
137 7 8 2 8
138 5 1 3 8
139 11 3 2 8
140 7 5 3 10
141 13 4 4 5
142 6 4 2 8
143 8 2 5 7
144 10 4 5 13
145 7 4 3 5
146 7 6 3 6
147 12 1 2 8
148 8 5 5 6
149 9 7 0 5
150 8 10 3 6
151 8 5 5 5
152 11 7 2 11
153 13 8 3 7
154 10 8 0 9
155 11 4 2 10
156 7 8 3 10
157 15 4 5 12
158 8 6 5 9
159 6 11 1 7
160 8 4 3 9
161 19 5 3 7
162 9 6 3 11
163 12 5 1 13
164 13 8 3 9
165 9 7 2 9
166 10 12 10 12
167 11 7 3 3
168 13 6 2 12
169 18 6 6 11
170 17 7 6 18
171 15 6 1 9
172 14 7 6 7
173 15 4 6 17
174 8 7 7 8
175 13 14 5 6
176 15 9 3 10
177 12 10 7 14
178 14 10 4 12
179 9 6 3 22
180 17 11 4 12
181 15 11 3 13
182 22 11 6 12
183 20 6 3 8
184 18 6 2 20
185 25 9 8 12
186 24 4 8 13
187 25 10 8 8
188 17 12 8 15
189 21 7 10 17
190 20 11 12 11
191 17 16 9 12
192 17 19 3 20
193 24 6 9 17
194 25 17 9 21
195 18 14 11 24
196 21 10 8 15
197 13 8 7 17
198 16 16 8 21
199 21 17 8 24
200 15 7 8 17
201 20 9 11 24
202 16 7 4 24
203 18 11 7 21
204 8 9 8 20
205 9 11 8 28
206 14 11 10 15
207 14 11 7 11
208 15 12 8 12
209 16 6 8 19
210 15 5 5 23
211 12 5 4 20
212 10 10 8 13
213 9 7 2 18
214 14 6 5 15
215 10 14 6 16
216 9 3 4 11
217 8 9 6 9
218 9 9 6 8
219 10 9 5 26
220 5 7 9 7
221 12 4 6 14
222 10 5 1 18
223 6 4 10 13
224 5 9 2 14
225 4 3 3 12
226 4 7 3 9
227 9 8 1 14
228 9 0 2 7
229 8 2 2 7
230 7 4 4 14
231 7 3 4 14
232 7 5 6 5
233 2 5 3 5
234 2 1 6 7
235 2 5 2 7
236 5 5 2 7
237 4 5 5 7
238 2 3 0 6
239 5 3 1 9
240 5 1 2 5
241 4 2 2 10
242 3 1 2 6
243 3 3 0 9
244 2 5 0 4
245 3 5 1 4
246 1 3 2 2
247 3 1 2 5
248 5 1 2 3
249 6 1 1 6
250 5 2 1 3
251 5 0 1 4
252 2 2 1 3
253 1 2 2 5
254 3 1 3 3
255 1 2 2 0
256 2 0 1 0
257 2 1 1 4
258 1 3 1 3
259 1 3 1 4
260 0 3 2 4
261 0 1 2 4
262 2 1 0 5
263 1 1 0 3
264 2 2 0 3
265 3 0 1 3
266 0 0 1 2
267 0 3 0 2
268 1 1 0 4
269 3 1 1 1
270 2 0 1 0
271 4 0 0 2
272 4 0 0 0
273 1 0 1 1
274 1 3 0 2
275 0 1 1 0
276 0 1 0 2
277 1 1 3 1
278 1 2 0 2
279 0 0 1 0
280 2 3 0 1
281 1 0 0 5
282 0 0 1 2
283 1 0 1 2
284 2 0 0 2
285 1 0 1 1
286 0 1 1 1
287 0 0 0 1
288 1 1 0 0
289 1 1 1 2
290 0 0 1 1
291 0 0 0 0
292 1 0 0 0
293 0 1 0 4
294 1 0 1 0
295 0 0 0 1
296 0 0 0 0
297 0 1 1 1
298 0 0 0 1
299 0 0 0 0
300 0 0 0 1
301 0 0 0 1
302 0 0 0 0
303 0 1 0 0
304 0 0 0 1
305 0 0 0 0
306 0 0 0 0
307 0 0 0 1
308 0 0 0 0
309 0 0 0 0
310 0 0 0 0
311 0 0 0 0
312 0 0 0 0
313 0 0 0 0
314 1 0 0 0
315 0 0 0 0
316 0 0 0 0
317 0 0 0 0
318 0 0 0 0
319 0 1 0 0
320 0 0 0 0
321 0 0 0 0
322 0 0 0 0
323 0 0 0 0
324 0 0 0 0
325 0 0 0 0
326 0 0 0 1
327 0 0 0 0
328 0 0 0 0
329 0 0 0 0
330 0 0 0 0
331 0 0 0 0
332 0 0 0 0
333 0 0 0 0
334 0 0 0 0
335 0 0 0 0
336 0 0 0 0
337 0 0 0 0
338 0 0 0 0
339 0 0 0 0
340 0 0 0 0
341 0 0 0 0
342 0 0 0 0
343 0 0 0 0
344 0 0 0 0
345 0 0 0 0
346 0 0 0 0
347 0 0 0 0
348 0 0 0 0
349 0 0 0 0
350 0 0 0 0
351 0 0 0 0
352 0 0 0 0
353 0 0 0 0
354 0 0 0 0
355 0 0 0 0
356 0 0 0 0
357 0 0 0 0
358 0 0 0 0
359 0 0 0 0
360 0 0 0 0
361 0 0 0 0
362 0 0 0 0
363 0 0 0 0
364 0 0 0 0
365 0 0 0 0
366 0 0 0 0
367 0 0 0 0
368 0 0 0 0
369 0 0 0 0
370 0 0 0 0
371 0 0 0 0
372 0 0 0 0
373 0 0 0 0
374 0 0 0 0
375 0 0 0 0
376 0 0 0 0
377 0 0 0 0
378 0 0 0 0
379 0 0 0 0
380 0 0 0 0
381 0 0 0 0
382 0 0 0 0
383 0 0 0 0
384 0 0 0 0
385 0 0 0 0
386 0 0 0 0
387 0 0 0 0
388 0 0 0 0
389 0 0 0 0
390 0 0 0 0
391 0 0 0 0
392 0 0 0 0
393 0 0 0 0
394 0 0 0 0
395 0 0 0 0
396 0 0 0 0
397 0 0 0 0
398 0 0 0 0
399 0 0 0 0
400 0 0 0 0
401 0 0 0 0
402 0 0 0 0
403 0 0 0 0
404 0 0 0 0
405 0 0 0 0
406 0 0 0 0
407 0 0 0 0
408 0 0 0 0
409 0 0 0 0
410 0 0 0 0
411 0 0 0 0
412 0 0 0 0
413 0 0 0 0
414 0 0 0 0
415 0 0 0 0
416 0 0 0 0
417 0 0 0 0
418 0 0 0 0
419 0 0 0 0
420 0 0 0 0
421 0 0 0 0
422 0 0 0 0
423 0 0 0 0
424 0 0 0 0
425 0 0 0 0
426 0 0 0 0
427 0 0 0 0
428 0 0 0 0
429 0 0 0 0
430 0 0 0 0
431 0 0 0 0
432 0 0 0 0
433 0 0 0 0
434 0 0 0 0
435 0 0 0 0
436 0 0 0 0
437 0 0 0 0
438 0 0 0 0
439 0 0 0 0
440 0 0 0 0
441 0 0 0 0
442 0 0 0 0
443 0 0 0 0
444 0 0 0 0
445 0 0 0 0
446 0 0 0 0
447 0 0 0 0
448 0 0 0 0
449 0 0 0 0
450 0 0 0 0
451 0 0 0 0
452 0 0 0 0
453 0 0 0 0
454 0 0 0 0
455 0 0 0 0
456 0 0 0 0
457 0 0 0 0
458 0 0 0 0
459 0 0 0 0
460 0 0 0 0
461 0 0 0 0
462 0 0 0 0
463 0 0 0 0
464 0 0 0 0
465 0 0 0 0
466 0 0 0 0
467 0 0 0 0
468 0 0 0 0
469 0 0 0 0
470 0 0 0 0
471 0 0 0 0
472 0 0 0 0
473 0 0 0 0
474 0 0 0 0
475 0 0 0 0
476 0 0 0 0
477 0 0 0 0
478 0 0 0 0
479 0 0 0 0
480 0 0 0 0
481 0 0 0 0
482 0 0 0 0
483 0 0 0 0
484 0 0 0 0
485 0 0 0 0
486 0 0 0 0
487 0 0 0 0
488 0 0 0 0
489 0 0 0 0
490 0 0 0 0
491 0 0 0 0
492 0 0 0 0
493 0 0 0 0
494 0 0 0 0
495 0 0 0 0
496 0 0 0 0
497 0 0 0 0
498 0 0 0 0
499 0 0 0 0
500 0 0 0 0
501 0 0 0 0
502 0 0 0 0
503 0 0 0 0
504 0 0 0 0
505 0 0 0 0
506 0 0 0 0
507 0 0 0 0
508 0 0 0 0
509 0 0 0 0
510 0 0 0 0
511 0 0 0 0
512 0 0 0 0
513 0 0 0 0
514 0 0 0 0
515 0 0 0 0
516 0 0 0 0
517 0 0 0 0
518 0 0 0 0
519 0 0 0 0
520 0 0 0 0
521 0 0 0 0
522 0 0 0 0
523 0 0 0 0
524 0 0 0 0
525 0 0 0 0
526 0 0 0 0
527 0 0 0 0
528 0 0 0 0
529 0 0 0 0
530 0 0 0 0
531 0 0 0 0
532 0 0 0 0
533 0 0 0 0
534 0 0 0 0
535 0 0 0 0
536 0 0 0 0
537 0 0 0 0
538 0 0 0 0
539 0 0 0 0
540 0 0 0 0
541 0 0 0 0
542 0 0 0 0
543 0 0 0 0
544 0 0 0 0
545 0 0 0 0
546 0 0 0 0
547 0 0 0 0
548 0 0 0 0
549 0 0 0 0
550 0 0 0 0
551 0 0 0 0
552 0 0 0 0
553 0 0 0 0
554 0 0 0 0
555 0 0 0 0
556 0 0 0 0
557 0 0 0 0
558 0 0 0 0
559 0 0 0 0
560 0 0 0 0
561 0 0 0 0
562 0 0 0 0
563 0 0 0 0
564 0 0 0 0
565 0 0 0 0
566 0 0 0 0
567 0 0 0 0
568 0 0 0 0
569 0 0 0 0
570 0 0 0 0
571 0 0 0 0
572 0 0 0 0
573 0 0 0 0
574 0 0 0 0
575 0 0 0 0
576 0 0 0 0
577 0 0 0 0
578 0 0 0 0
579 0 0 0 0
580 0 0 0 0
581 0 0 0 0
582 0 0 0 0
583 0 0 0 0
584 0 0 0 0
585 0 0 0 0
586 0 0 0 0
587 0 0 0 0
588 0 0 0 0
589 0 0 0 0
590 0 0 0 0
591 0 0 0 0
592 0 0 0 0
593 0 0 0 0
594 0 0 0 0
595 0 0 0 0
596 0 0 0 0
597 0 0 0 0
598 0 0 0 0
599 0 0 0 0
600 0 0 0 0
601 0 0 0 0
602 0 0 0 0
603 0 0 0 0
604 0 0 0 0
605 0 0 0 0
606 0 0 0 0
607 0 0 0 0
608 0 0 0 0
609 0 0 0 0
610 0 0 0 0
611 0 0 0 0
612 0 0 0 0
613 0 0 0 0
614 0 0 0 0
615 0 0 0 0
616 0 0 0 0
617 0 0 0 0
618 0 0 0 0
619 0 0 0 0
620 0 0 0 0
621 0 0 0 0
622 0 0 0 0
623 0 0 0 0
624 0 0 0 0
625 0 0 0 0
626 0 0 0 0
627 0 0 0 0
628 0 0 0 0
629 0 0 0 0
630 0 0 0 0
631 0 0 0 0
632 0 0 0 0
633 0 0 0 0
634 0 0 0 0
635 0 0 0 0
636 0 0 0 0
637 0 0 0 0
638 0 0 0 0
639 0 0 0 0
640 0 0 0 0
641 0 0 0 0
642 0 0 0 0
643 0 0 0 0
644 0 0 0 0
645 0 0 0 0
646 0 0 0 0
647 0 0 0 0
648 0 0 0 0
649 0 0 0 0
650 0 0 0 0
651 0 0 0 0
652 0 0 0 0
653 0 0 0 0
654 0 0 0 0
655 0 0 0 0
656 0 0 0 0
657 0 0 0 0
658 0 0 0 0
659 0 0 0 0
660 0 0 0 0
661 0 0 0 0
662 0 0 0 0
663 0 0 0 0
664 0 0 0 0
665 0 0 0 0
666 0 0 0 0
667 0 0 0 0
668 0 0 0 0
669 0 0 0 0
670 0 0 0 0
671 0 0 0 0
672 0 0 0 0
673 0 0 0 0
674 0 0 0 0
675 0 0 0 0
676 0 0 0 0
677 0 0 0 0
678 0 0 0 0
679 0 0 0 0
680 0 0 0 0
681 0 0 0 0
682 0 0 0 0
683 0 0 0 0
684 0 0 0 0
685 0 0 0 0
686 0 0 0 0
687 0 0 0 0
688 0 0 0 0
689 0 0 0 0
690 0 0 0 0
691 0 0 0 0
692 0 0 0 0
693 0 0 0 0
694 0 0 0 0
695 0 0 0 0
696 0 0 0 0
697 0 0 0 0
698 0 0 0 0
699 0 0 0 0
700 0 0 0 0
701 0 0 0 0
702 0 0 0 0
703 0 0 0 0
704 0 0 0 0
705 0 0 0 0
706 0 0 0 0
707 0 0 0 0
708 0 0 0 0
709 0 0 0 0
710 0 0 0 0
711 0 0 0 0
712 0 0 0 0
713 0 0 0 0
714 0 0 0 0
715 0 0 0 0
716 0 0 0 0
717 0 0 0 0
718 0 0 0 0
719 0 0 0 0
720 0 0 0 0
721 0 0 0 0
722 0 0 0 0
723 0 0 0 0
724 0 0 0 0
725 0 0 0 0
726 0 0 0 0
727 0 0 0 0
