0 0 0 0 0
1 0 0 0 0
2 0 0 0 0
3 0 0 0 0
4 0 0 0 0
5 0 0 1 0
6 0 0 0 0
7 0 0 0 0
8 0 0 0 0
9 0 3 1 1
10 0 0 0 0
11 0 0 0 0
12 0 0 0 0
13 0 0 0 2
14 0 0 0 0
15 0 0 0 0
16 0 0 0 2
17 0 0 0 0
18 0 0 0 0
19 1 0 0 0
20 1 0 0 0
21 2 0 0 0
22 2 0 0 0
23 1 0 0 0
24 1 0 0 0
25 1 0 1 0
26 0 1 0 0
27 1 0 0 0
28 1 1 0 0
29 0 1 0 1
30 2 1 0 0
31 1 1 1 0
32 2 0 2 1
33 1 0 0 1
34 1 1 0 1
35 1 2 0 3
36 0 1 0 2
37 1 1 0 0
38 1 0 0 0
39 1 0 0 2
40 0 1 0 1
41 0 2 0 1
42 2 1 1 0
43 3 1 1 1
44 1 1 0 0
45 1 0 0 1
46 1 0 0 1
47 2 0 1 3
48 2 0 2 2
49 1 0 0 1
50 0 0 0 0
51 1 2 0 1
52 1 0 2 2
53 2 1 0 0
54 0 0 2 0
55 3 1 0 2
56 1 0 2 2
57 2 1 0 0
58 3 1 1 2
59 3 0 0 1
60 1 1 1 3
61 1 0 1 0
62 0 2 0 1
63 4 0 2 0
64 3 2 0 2
65 3 1 1 2
66 1 0 0 1
67 8 1 1 1
68 6 3 2 0
69 3 1 0 3
70 3 2 0 3
71 5 0 0 2
72 4 6 1 2
73 7 4 2 0
74 3 2 1 2
75 4 3 1 3
76 2 4 1 2
77 5 2 3 2
78 7 6 1 2
79 4 1 1 10
80 2 2 1 8
81 3 2 0 6
82 3 1 2 4
83 5 4 2 3
84 4 4 1 1
85 6 1 0 4
86 5 3 2 2
87 3 3 1 7
88 8 3 1 4
89 8 2 1 2
90 5 5 3 4
91 6 3 1 7
92 6 3 0 2
93 3 4 2 2
94 3 3 0 3
95 6 3 0 4
96 5 4 3 4
97 2 7 0 8
98 6 5 3 3
99 10 4 2 3
100 9 3 1 7
101 9 3 0 3
102 8 3 0 5
103 12 4 1 7
104 10 7 3 8
105 13 6 2 8
106 15 3 2 5
107 10 3 4 2
108 8 6 5 5
109 9 4 8 4
110 10 3 5 9
111 10 7 8 11
112 4 7 2 10
113 12 3 7 9
114 6 6 3 6
115 2 6 1 10
116 9 5 1 8
117 4 4 3 9
118 5 11 3 15
119 4 8 5 7
120 7 3 5 6
121 12 4 3 9
122 10 5 0 17
123 16 2 1 11
124 8 3 1 7
125 10 3 3 6
126 5 8 4 6
127 13 6 2 5
128 14 7 2 6
129 7 4 4 6
130 14 8 1 10
131 8 8 2 7
132 14 11 4 7
133 16 10 7 9
134 14 2 6 9
135 12 4 1 7
136 8 5 2 7
137 8 7 2 14
138 4 7 6 11
139 12 8 6 14
140 12 11 3 12
141 7 7 4 10
142 9 8 4 11
143 8 10 1 12
144 7 5 6 9
145 9 9 2 7
146 13 4 3 12
147 7 4 4 14
148 6 7 4 10
149 9 3 4 10
150 12 4 4 8
151 11 6 3 11
152 15 7 1 15
153 14 6 1 9
154 14 3 5 7
155 15 6 6 7
156 19 3 4 8
157 17 5 2 8
158 14 9 6 12
159 19 11 4 10
160 17 11 1 8
161 20 7 10 5
162 12 10 9 15
163 10 7 7 15
164 15 13 6 9
165 5 13 8 15
166 11 6 9 11
167 12 9 4 12
168 12 6 5 18
169 10 10 6 24
170 15 9 3 15
171 15 5 4 19
172 21 10 4 13
173 16 7 9 13
174 19 7 2 13
175 14 10 2 10
176 14 6 5 14
177 19 10 4 11
178 22 5 7 11
179 14 13 7 17
180 24 15 5 17
181 25 7 8 8
182 18 18 7 13
183 23 9 12 9
184 18 7 3 17
185 18 6 9 12
186 19 13 5 33
187 16 13 8 21
188 12 12 11 10
189 20 14 7 16
190 14 14 8 20
191 14 9 9 14
192 14 8 6 19
193 25 13 6 21
194 23 8 7 26
195 24 13 8 21
196 14 8 7 18
197 13 8 4 16
198 18 11 11 17
199 15 8 9 16
200 17 11 9 14
201 17 13 5 15
202 13 12 4 23
203 14 12 8 17
204 16 11 8 12
205 16 7 5 19
206 19 12 6 18
207 16 12 5 22
208 27 8 7 18
209 12 8 7 12
210 11 13 6 20
211 13 8 8 19
212 14 6 6 16
213 8 17 9 17
214 15 7 8 15
215 8 10 5 16
216 9 13 5 13
217 9 11 7 25
218 8 5 1 16
219 7 9 5 16
220 8 5 2 17
221 6 3 2 16
222 7 7 5 7
223 6 3 7 19
224 9 7 2 12
225 8 8 5 8
226 3 5 1 16
227 6 2 3 6
228 6 5 2 7
229 4 4 6 10
230 6 2 4 9
231 5 3 4 5
232 4 5 1 11
233 2 3 1 10
234 4 5 3 8
235 5 4 0 9
236 4 3 1 5
237 4 2 4 3
238 1 1 2 7
239 2 2 3 5
240 6 2 3 6
241 4 1 3 5
242 3 2 1 1
243 4 2 0 5
244 3 3 2 5
245 2 2 2 6
246 3 3 3 1
247 1 2 1 6
248 0 2 1 4
249 1 0 3 5
250 1 3 2 5
251 0 1 1 2
252 2 1 1 4
253 2 1 0 3
254 3 0 0 5
255 2 0 1 2
256 0 0 1 3
257 0 1 1 2
258 6 2 0 1
259 2 3 0 0
260 4 0 0 2
261 2 0 0 0
262 0 0 1 2
263 0 3 1 3
264 3 3 0 2
265 2 2 1 0
266 2 1 1 2
267 3 3 0 2
268 0 1 0 1
269 3 0 1 1
270 1 0 1 3
271 1 1 1 2
272 0 1 2 3
273 3 2 0 1
274 4 1 0 5
275 0 2 0 1
276 2 1 0 2
277 2 0 0 0
278 2 0 2 2
279 1 2 0 1
280 0 0 1 2
281 0 0 2 0
282 2 5 0 3
283 3 3 0 2
284 0 0 1 0
285 1 0 0 3
286 0 0 0 3
287 1 1 1 4
288 0 2 0 0
289 0 0 0 2
290 0 0 1 1
291 0 0 1 2
292 1 0 1 1
293 1 0 0 0
294 0 0 0 1
295 1 0 0 2
296 0 0 1 1
297 0 0 0 1
298 0 0 0 0
299 0 0 0 0
300 0 1 0 0
301 1 1 0 0
302 0 1 0 0
303 0 0 0 1
304 0 0 0 1
305 0 0 0 1
306 0 0 0 0
307 0 0 1 0
308 1 0 0 0
309 0 0 0 1
310 0 0 0 0
311 0 0 0 1
312 0 0 0 0
313 0 0 1 0
314 0 0 0 0
315 1 0 0 0
316 1 0 0 0
317 1 0 0 1
318 0 0 0 0
319 1 0 0 0
320 0 0 0 0
321 0 0 0 0
322 0 0 1 0
323 0 0 0 0
324 0 1 0 0
325 0 0 1 0
326 0 0 0 1
327 0 0 0 0
328 0 0 1 0
329 0 0 0 1
330 0 0 0 0
331 0 0 0 1
332 0 0 0 1
333 0 0 0 0
334 0 0 0 0
335 1 0 0 0
336 0 0 0 0
337 0 0 0 0
338 0 0 0 0
339 0 0 0 0
340 0 1 0 0
341 0 0 0 0
342 0 0 0 0
343 0 0 0 0
344 0 0 0 0
345 0 0 0 0
346 0 0 0 0
347 0 0 0 1
348 0 0 0 0
349 0 0 0 0
350 0 0 0 0
351 0 0 0 0
352 0 0 0 0
353 0 0 0 0
354 0 0 0 0
355 0 0 0 0
356 0 0 0 0
357 0 0 0 0
358 0 0 0 0
359 0 0 0 0
360 0 0 0 0
361 0 0 0 0
362 0 0 0 0
363 0 0 0 0
364 0 0 0 0
365 0 0 0 0
366 0 0 0 0
367 0 0 0 0
368 0 0 0 0
369 0 0 0 0
370 0 0 0 0
371 0 0 0 0
372 0 0 0 0
373 0 0 0 0
374 0 0 0 0
375 0 0 0 0
376 0 0 0 0
377 0 0 0 0
378 0 0 0 0
379 0 0 0 0
380 0 0 0 0
381 0 0 0 0
382 0 0 0 0
383 0 0 0 0
384 0 0 0 0
385 0 0 0 0
386 0 0 0 0
387 0 0 0 0
388 0 0 0 0
389 0 0 0 0
390 0 0 0 0
391 0 0 0 0
392 0 0 0 0
393 0 0 0 0
394 0 0 0 0
395 0 0 0 0
396 0 0 0 0
397 0 0 0 0
398 0 0 0 0
399 0 0 0 0
400 0 0 0 0
401 0 0 0 0
402 0 0 0 0
403 0 0 0 0
404 0 0 0 0
405 0 0 0 0
406 0 0 0 0
407 0 0 0 0
408 0 0 0 0
409 0 0 0 0
410 0 0 0 0
411 0 0 0 0
412 0 0 0 0
413 0 0 0 0
414 0 0 0 0
415 0 0 0 0
416 0 0 0 0
417 0 0 0 0
418 0 0 0 0
419 0 0 0 0
420 0 0 0 0
421 0 0 0 0
422 0 0 0 0
423 0 0 0 0
424 0 0 0 0
425 0 0 0 0
426 0 0 0 0
427 0 0 0 0
428 0 0 0 0
429 0 0 0 0
430 0 0 0 0
431 0 0 0 0
432 0 0 0 0
433 0 0 0 0
434 0 0 0 0
435 0 0 0 0
436 0 0 0 0
437 0 0 0 0
438 0 0 0 0
439 0 0 0 0
440 0 0 0 0
441 0 0 0 0
442 0 0 0 0
443 0 0 0 0
444 0 0 0 0
445 0 0 0 0
446 0 0 0 0
447 0 0 0 0
448 0 0 0 0
449 0 0 0 0
450 0 0 0 0
451 0 0 0 0
452 0 0 0 0
453 0 0 0 0
454 0 0 0 0
455 0 0 0 0
456 0 0 0 0
457 0 0 0 0
458 0 0 0 0
459 0 0 0 0
460 0 0 0 0
461 0 0 0 0
462 0 0 0 0
463 0 0 0 0
464 0 0 0 0
465 0 0 0 0
466 0 0 0 0
467 0 0 0 0
468 0 0 0 0
469 0 0 0 0
470 0 0 0 0
471 0 0 0 0
472 0 0 0 0
473 0 0 0 0
474 0 0 0 0
475 0 0 0 0
476 0 0 0 0
477 0 0 0 0
478 0 0 0 0
479 0 0 0 0
480 0 0 0 0
481 0 0 0 0
482 0 0 0 0
483 0 0 0 0
484 0 0 0 0
485 0 0 0 0
486 0 0 0 0
487 0 0 0 0
488 0 0 0 0
489 0 0 0 0
490 0 0 0 0
491 0 0 0 0
492 0 0 0 0
493 0 0 0 0
494 0 0 0 0
495 0 0 0 0
496 0 0 0 0
497 0 0 0 0
498 0 0 0 0
499 0 0 0 0
500 0 0 0 0
501 0 0 0 0
502 0 0 0 0
503 0 0 0 0
504 0 0 0 0
505 0 0 0 0
506 0 0 0 0
507 0 0 0 0
508 0 0 0 0
509 0 0 0 0
510 0 0 0 0
511 0 0 0 0
512 0 0 0 0
513 0 0 0 0
514 0 0 0 0
515 0 0 0 0
516 0 0 0 0
517 0 0 0 0
518 0 0 0 0
519 0 0 0 0
520 0 0 0 0
521 0 0 0 0
522 0 0 0 0
523 0 0 0 0
524 0 0 0 0
525 0 0 0 0
526 0 0 0 0
527 0 0 0 0
528 0 0 0 0
529 0 0 0 0
530 0 0 0 0
531 0 0 0 0
532 0 0 0 0
533 0 0 0 0
534 0 0 0 0
535 0 0 0 0
536 0 0 0 0
537 0 0 0 0
538 0 0 0 0
539 0 0 0 0
540 0 0 0 0
541 0 0 0 0
542 0 0 0 0
543 0 0 0 0
544 0 0 0 0
545 0 0 0 0
546 0 0 0 0
547 0 0 0 0
548 0 0 0 0
549 0 0 0 0
550 0 0 0 0
551 0 0 0 0
552 0 0 0 0
553 0 0 0 0
554 0 0 0 0
555 0 0 0 0
556 0 0 0 0
557 0 0 0 0
558 0 0 0 0
559 0 0 0 0
560 0 0 0 0
561 0 0 0 0
562 0 0 0 0
563 0 0 0 0
564 0 0 0 0
565 0 0 0 0
566 0 0 0 0
567 0 0 0 0
568 0 0 0 0
569 0 0 0 0
570 0 0 0 0
571 0 0 0 0
572 0 0 0 0
573 0 0 0 0
574 0 0 0 0
575 0 0 0 0
576 0 0 0 0
577 0 0 0 0
578 0 0 0 0
579 0 0 0 0
580 0 0 0 0
581 0 0 0 0
582 0 0 0 0
583 0 0 0 0
584 0 0 0 0
585 0 0 0 0
586 0 0 0 0
587 0 0 0 0
588 0 0 0 0
589 0 0 0 0
590 0 0 0 0
591 0 0 0 0
592 0 0 0 0
593 0 0 0 0
594 0 0 0 0
595 0 0 0 0
596 0 0 0 0
597 0 0 0 0
598 0 0 0 0
599 0 0 0 0
600 0 0 0 0
601 0 0 0 0
602 0 0 0 0
603 0 0 0 0
604 0 0 0 0
605 0 0 0 0
606 0 0 0 0
607 0 0 0 0
608 0 0 0 0
609 0 0 0 0
610 0 0 0 0
611 0 0 0 0
612 0 0 0 0
613 0 0 0 0
614 0 0 0 0
615 0 0 0 0
616 0 0 0 0
617 0 0 0 0
618 0 0 0 0
619 0 0 0 0
620 0 0 0 0
621 0 0 0 0
622 0 0 0 0
623 0 0 0 0
624 0 0 0 0
625 0 0 0 0
626 0 0 0 0
627 0 0 0 0
628 0 0 0 0
629 0 0 0 0
630 0 0 0 0
631 0 0 0 0
632 0 0 0 0
633 0 0 0 0
634 0 0 0 0
635 0 0 0 0
636 0 0 0 0
637 0 0 0 0
638 0 0 0 0
639 0 0 0 0
640 0 0 0 0
641 0 0 0 0
642 0 0 0 0
643 0 0 0 0
644 0 0 0 0
645 0 0 0 0
646 0 0 0 0
647 0 0 0 0
648 0 0 0 0
649 0 0 0 0
650 0 0 0 0
651 0 0 0 0
652 0 0 0 0
653 0 0 0 0
654 0 0 0 0
655 0 0 0 0
656 0 0 0 0
657 0 0 0 0
658 0 0 0 0
659 0 0 0 0
660 0 0 0 0
661 0 0 0 0
662 0 0 0 0
663 0 0 0 0
664 0 0 0 0
665 0 0 0 0
666 0 0 0 0
667 0 0 0 0
668 0 0 0 0
669 0 0 0 0
670 0 0 0 0
671 0 0 0 0
672 0 0 0 0
673 0 0 0 0
674 0 0 0 0
675 0 0 0 0
676 0 0 0 0
677 0 0 0 0
678 0 0 0 0
679 0 0 0 0
680 0 0 0 0
681 0 0 0 0
682 0 0 0 0
683 0 0 0 0
684 0 0 0 0
685 0 0 0 0
686 0 0 0 0
687 0 0 0 0
688 0 0 0 0
689 0 0 0 0
690 0 0 0 0
691 0 0 0 0
692 0 0 0 0
693 0 0 0 0
694 0 0 0 0
695 0 0 0 0
696 0 0 0 0
697 0 0 0 0
698 0 0 0 0
699 0 0 0 0
700 0 0 0 0
701 0 0 0 0
702 0 0 0 0
703 0 0 0 0
704 0 0 0 0
705 0 0 0 0
706 0 0 0 0
707 0 0 0 0
708 0 0 0 0
709 0 0 0 0
710 0 0 0 0
711 0 0 0 0
712 0 0 0 0
713 0 0 0 0
714 0 0 0 0
715 0 0 0 0
716 0 0 0 0
717 0 0 0 0
718 0 0 0 0
719 0 0 0 0
720 0 0 0 0
721 0 0 0 0
722 0 0 0 0
723 0 0 0 0
724 0 0 0 0
725 0 0 0 0
726 0 0 0 0
727 0 0 0 0
