0 0 0 0 0
1 0 0 0 0
2 0 0 0 0
3 0 0 0 0
4 0 0 0 0
5 0 2 0 0
6 0 0 0 0
7 0 0 1 0
8 0 1 0 0
9 0 0 1 1
10 0 0 0 0
11 0 0 0 0
12 0 0 0 2
13 0 0 0 0
14 0 0 0 1
15 0 0 0 0
16 0 0 0 1
17 0 0 0 0
18 0 0 0 0
19 0 0 0 0
20 0 0 0 0
21 0 0 0 0
22 0 0 0 0
23 2 0 0 0
24 0 0 0 0
25 1 0 0 0
26 1 0 0 0
27 0 0 0 0
28 1 1 1 0
29 0 0 0 0
30 0 0 1 0
31 0 0 0 0
32 0 0 0 1
33 0 0 0 0
34 0 0 0 0
35 0 0 2 1
36 0 0 0 0
37 0 0 0 1
38 0 0 0 0
39 0 0 0 1
40 1 0 0 1
41 1 0 0 0
42 0 0 0 0
43 0 0 0 0
44 0 0 0 0
45 1 1 0 0
46 1 1 0 0
47 2 0 0 0
48 0 0 0 0
49 1 0 0 1
50 1 1 0 1
51 1 0 0 0
52 2 0 0 0
53 1 0 0 0
54 0 0 0 1
55 2 1 2 0
56 2 0 1 0
57 0 0 0 0
58 0 0 1 0
59 1 0 0 1
60 0 3 0 0
61 1 3 1 0
62 0 1 0 2
63 1 0 0 1
64 2 0 0 2
65 0 0 0 4
66 1 0 1 1
67 1 0 0 1
68 1 0 2 0
69 2 0 0 1
70 2 0 0 1
71 3 0 1 0
72 2 0 0 2
73 3 1 2 0
74 3 2 0 0
75 2 1 0 0
76 2 0 2 0
77 2 1 2 3
78 5 1 1 2
79 2 2 1 0
80 4 1 2 2
81 1 1 0 1
82 3 1 0 2
83 2 1 2 2
84 1 1 0 5
85 2 4 1 1
86 1 1 1 2
87 0 0 4 1
88 1 1 1 1
89 1 0 1 6
90 3 1 0 3
91 5 1 1 3
92 6 1 0 3
93 3 0 0 1
94 6 1 1 3
95 3 1 1 1
96 4 3 1 1
97 4 3 2 0
98 3 1 2 2
99 7 3 1 0
100 1 2 0 3
101 9 2 4 4
102 8 1 2 4
103 6 2 4 4
104 2 3 2 3
105 2 3 1 4
106 6 5 3 1
107 3 3 0 6
108 4 0 2 5
109 6 1 0 4
110 3 4 1 7
111 3 5 3 5
112 6 6 1 4
113 4 2 1 3
114 8 2 2 4
115 7 2 0 5
116 5 2 3 3
117 5 4 2 3
118 8 5 2 7
119 3 6 0 3
120 5 4 1 5
121 6 5 1 4
122 3 2 1 7
123 9 2 4 6
124 4 4 2 6
125 2 5 1 4
126 4 3 2 2
127 0 4 3 7
128 5 3 3 6
129 8 4 1 7
130 6 2 3 6
131 8 3 0 9
132 5 1 2 4
133 8 3 0 4
134 7 3 4 7
135 4 3 0 4
136 6 3 5 3
137 5 4 2 3
138 9 3 1 8
139 8 4 3 3
140 10 1 2 6
141 5 1 3 3
142 6 7 1 4
143 8 6 3 6
144 8 5 5 6
145 12 6 2 4
146 9 4 2 9
147 11 1 3 6
148 9 4 2 11
149 10 4 4 8
150 8 5 4 9
151 10 4 7 2
152 5 2 5 6
153 9 3 6 6
154 5 2 6 9
155 6 3 2 7
156 8 7 4 6
157 10 9 1 10
158 15 7 3 9
159 15 6 5 7
160 13 4 3 9
161 6 2 2 10
162 10 7 2 5
163 11 8 3 13
164 11 5 3 8
165 9 9 3 8
166 11 9 2 8
167 12 6 5 12
168 13 15 3 7
169 13 7 6 12
170 13 3 2 10
171 22 7 1 14
172 16 5 4 12
173 13 8 4 12
174 12 8 5 5
175 19 9 5 11
176 21 10 7 10
177 11 11 7 9
178 15 6 7 12
179 20 9 5 12
180 19 12 8 17
181 14 8 8 14
182 17 6 6 16
183 17 9 4 10
184 19 11 9 16
185 11 9 7 17
186 16 4 8 19
187 12 10 6 18
188 15 13 9 17
189 8 9 12 13
190 10 9 5 8
191 20 10 5 22
192 14 7 6 19
193 14 13 5 16
194 25 8 3 11
195 23 8 5 19
196 16 8 7 18
197 22 10 3 16
198 21 6 4 14
199 24 20 3 16
200 18 11 8 13
201 18 15 9 11
202 20 8 7 11
203 18 10 6 24
204 20 14 10 18
205 11 10 7 19
206 16 14 6 19
207 12 14 7 15
208 15 10 9 18
209 8 11 4 15
210 6 9 10 21
211 13 10 8 27
212 11 12 6 19
213 11 8 4 12
214 6 6 0 18
215 9 8 3 18
216 7 6 9 19
217 4 7 4 18
218 7 5 6 8
219 8 8 1 17
220 8 5 3 12
221 6 10 4 11
222 8 3 3 6
223 5 0 1 11
224 6 4 4 12
225 6 3 1 12
226 5 5 1 8
227 2 10 0 2
228 4 4 3 12
229 4 7 3 4
230 11 5 0 4
231 3 4 1 12
232 5 2 1 4
233 2 3 2 6
234 6 4 2 7
235 6 7 5 8
236 11 1 0 9
237 4 1 3 1
238 7 2 1 5
239 3 3 2 9
240 2 2 3 5
241 4 4 6 3
242 2 2 0 9
243 3 6 1 3
244 2 2 2 4
245 3 5 0 3
246 2 5 0 3
247 1 2 1 9
248 1 2 1 8
249 0 1 1 4
250 1 0 2 5
251 0 4 0 5
252 0 2 0 5
253 0 1 1 2
254 0 1 1 1
255 1 1 0 3
256 3 0 1 3
257 3 0 0 2
258 3 0 0 2
259 0 1 0 1
260 1 1 0 1
261 1 1 2 2
262 2 1 0 1
263 1 1 2 1
264 1 0 0 0
265 1 0 1 3
266 0 1 2 1
267 0 1 1 2
268 1 0 0 0
269 1 1 0 2
270 2 0 0 3
271 0 1 0 3
272 0 0 0 0
273 0 1 0 2
274 1 1 1 0
275 0 1 1 0
276 1 0 0 0
277 1 0 0 1
278 1 0 0 3
279 0 0 1 1
280 2 0 0 0
281 0 0 0 0
282 1 1 0 1
283 0 1 0 1
284 0 0 0 0
285 0 1 2 0
286 2 0 0 0
287 0 0 0 1
288 0 0 0 0
289 0 0 0 1
290 1 0 0 0
291 0 1 2 0
292 0 0 0 3
293 0 0 0 0
294 1 0 0 0
295 1 1 0 3
296 0 0 0 0
297 0 0 0 0
298 0 0 0 0
299 0 1 0 1
300 0 0 0 0
301 1 0 0 0
302 2 0 0 0
303 1 0 0 1
304 2 1 0 0
305 1 0 0 0
306 0 0 0 0
307 0 1 1 0
308 0 0 0 1
309 0 0 1 0
310 1 1 1 0
311 0 0 0 1
312 1 1 0 0
313 0 1 0 0
314 0 0 0 2
315 1 0 0 0
316 0 0 0 2
317 0 0 0 2
318 0 0 0 0
319 0 1 0 0
320 0 1 0 0
321 0 1 0 0
322 0 0 0 0
323 0 0 0 1
324 0 0 0 0
325 0 0 0 0
326 0 0 0 0
327 0 0 0 1
328 0 0 0 1
329 0 0 0 0
330 0 0 0 0
331 0 0 0 0
332 0 0 0 0
333 0 0 0 0
334 0 0 0 0
335 1 0 0 0
336 0 0 0 0
337 0 0 0 0
338 1 0 0 0
339 0 0 0 0
340 0 0 0 0
341 0 0 0 0
342 0 0 0 0
343 0 0 1 0
344 0 1 0 0
345 0 0 0 0
346 0 0 0 0
347 0 0 0 0
348 0 0 0 1
349 0 0 0 0
350 0 0 0 1
351 0 0 0 0
352 0 0 0 0
353 0 0 0 0
354 0 0 0 0
355 0 0 0 0
356 1 0 0 0
357 0 0 0 0
358 2 0 0 0
359 0 0 0 0
360 2 0 0 0
361 1 1 0 0
362 0 0 0 0
363 0 1 0 0
364 1 0 0 0
365 0 0 0 1
366 1 1 0 0
367 0 1 0 0
368 0 0 0 0
369 0 0 3 0
370 0 0 0 1
371 0 0 0 1
372 0 0 0 0
373 0 0 0 1
374 0 0 0 0
375 1 1 0 0
376 0 0 0 3
377 0 0 0 0
378 0 0 0 0
379 0 0 0 0
380 1 0 0 0
381 0 0 0 0
382 0 0 0 1
383 1 0 0 0
384 0 1 0 0
385 0 0 0 0
386 0 0 0 0
387 0 0 0 0
388 3 1 0 0
389 1 0 1 0
390 0 0 0 0
391 1 0 0 1
392 2 0 0 0
393 1 0 2 2
394 0 0 0 0
395 1 1 0 0
396 0 0 0 0
397 0 2 2 0
398 1 0 0 0
399 1 0 0 2
400 1 2 0 1
401 0 0 0 1
402 1 0 0 0
403 1 0 0 0
404 0 0 1 5
405 1 0 0 0
406 0 0 0 0
407 1 0 1 0
408 0 0 1 1
409 0 1 0 0
410 0 0 1 0
411 0 1 0 0
412 0 0 1 0
413 0 0 0 1
414 1 0 0 2
415 0 0 0 2
416 1 0 0 1
417 0 0 0 0
418 0 0 0 0
419 0 0 1 0
420 2 0 0 0
421 2 0 0 0
422 1 0 0 0
423 1 0 0 1
424 1 0 0 0
425 0 1 1 0
426 1 0 0 0
427 2 0 0 0
428 0 0 1 0
429 2 1 1 2
430 0 1 1 0
431 0 0 1 0
432 1 1 1 1
433 0 0 0 1
434 0 1 1 1
435 1 1 0 0
436 1 0 0 2
437 0 0 0 1
438 0 0 0 2
439 1 1 0 2
440 1 0 1 0
441 2 1 0 0
442 0 0 0 1
443 2 0 0 1
444 1 1 0 1
445 1 0 0 1
446 2 0 0 0
447 2 0 0 0
448 0 0 2 1
449 1 1 0 0
450 1 1 1 0
451 1 0 0 0
452 1 1 0 1
453 0 0 2 1
454 0 0 2 1
455 0 0 1 1
456 0 0 2 2
457 0 0 0 2
458 1 0 0 1
459 1 1 0 1
460 0 0 0 1
461 1 0 1 1
462 0 0 0 0
463 1 0 0 1
464 1 0 0 0
465 3 0 0 1
466 2 1 0 1
467 1 0 1 0
468 1 2 0 0
469 1 0 0 0
470 1 1 0 0
471 2 0 1 0
472 0 0 0 2
473 1 1 0 1
474 0 0 2 2
475 1 1 0 0
476 3 3 0 0
477 2 1 1 0
478 2 0 0 2
479 2 0 1 0
480 2 0 0 3
481 4 0 0 1
482 0 1 1 1
483 2 1 0 2
484 0 2 1 2
485 1 4 1 0
486 1 4 0 2
487 2 0 1 1
488 3 0 1 0
489 1 0 0 2
490 0 2 0 0
491 2 0 0 4
492 0 1 1 3
493 1 1 0 4
494 2 0 1 0
495 1 0 1 1
496 1 2 0 2
497 1 1 1 3
498 1 1 0 0
499 0 0 1 0
500 0 1 1 0
501 0 1 0 1
502 1 0 1 1
503 2 1 1 2
504 2 0 0 3
505 2 0 0 1
506 3 0 0 1
507 4 1 0 2
508 2 1 0 1
509 2 0 1 1
510 1 0 1 1
511 2 1 2 0
512 2 3 1 0
513 1 2 1 1
514 0 1 0 1
515 3 1 0 2
516 0 1 0 2
517 2 2 0 2
518 1 1 1 3
519 2 0 0 4
520 4 2 0 2
521 2 1 0 1
522 1 1 1 0
523 4 0 0 0
524 2 1 2 1
525 1 3 0 3
526 3 0 3 1
527 2 0 1 3
528 2 3 1 0
529 0 0 2 3
530 4 0 0 1
531 2 0 1 2
532 2 3 0 4
533 2 3 0 3
534 1 1 0 1
535 3 3 2 1
536 5 1 1 4
537 4 0 0 3
538 4 1 1 0
539 4 1 1 3
540 2 3 1 1
541 7 1 3 3
542 5 1 0 2
543 4 1 0 2
544 4 1 1 2
545 5 3 0 3
546 6 5 4 1
547 4 4 0 4
548 2 2 3 1
549 3 1 4 1
550 3 1 1 5
551 6 6 1 6
552 4 2 1 6
553 3 1 1 6
554 4 3 2 0
555 4 1 3 7
556 2 4 1 6
557 2 0 1 3
558 1 3 0 3
559 0 4 0 2
560 1 4 1 2
561 1 3 2 5
562 5 1 3 5
563 5 1 1 5
564 3 0 2 4
565 1 1 0 2
566 1 1 0 3
567 0 1 2 3
568 1 0 1 4
569 1 3 0 3
570 0 0 0 2
571 4 3 0 3
572 1 2 2 1
573 1 1 1 3
574 1 1 1 2
575 0 0 0 3
576 0 2 1 3
577 0 0 2 1
578 0 0 1 0
579 0 0 0 2
580 1 1 0 1
581 0 0 0 2
582 1 0 0 1
583 0 0 1 2
584 0 0 0 3
585 2 0 0 0
586 0 0 0 0
587 0 0 0 0
588 1 0 0 0
589 0 0 1 0
590 1 1 0 1
591 1 1 0 0
592 0 0 0 0
593 1 1 0 1
594 0 0 1 1
595 0 0 0 0
596 0 0 1 0
597 0 0 0 1
598 0 1 0 1
599 0 1 0 0
600 0 0 0 1
601 0 0 0 1
602 1 0 0 0
603 0 0 0 1
604 1 0 0 0
605 1 0 0 1
606 1 0 0 0
607 0 1 0 0
608 0 0 0 0
609 0 1 0 0
610 0 1 0 0
611 0 1 0 1
612 0 0 0 0
613 0 0 0 0
614 0 0 0 0
615 0 0 0 1
616 0 0 0 1
617 0 0 0 1
618 0 0 0 0
619 0 0 0 0
620 0 0 0 0
621 0 0 0 0
622 0 0 0 0
623 0 0 0 0
624 0 0 0 0
625 0 0 0 0
626 0 0 0 0
627 0 0 0 0
628 0 0 0 0
629 0 0 0 0
630 0 0 0 0
631 0 0 0 0
632 0 0 0 0
633 0 0 0 0
634 0 0 0 0
635 0 0 0 0
636 0 0 0 0
637 0 0 0 0
638 0 0 0 0
639 0 0 0 0
640 0 0 0 0
641 0 0 0 0
642 0 0 0 0
643 0 0 0 0
644 0 0 0 0
645 0 0 0 0
646 0 0 0 0
647 0 0 0 0
648 0 0 0 0
649 0 0 0 0
650 0 0 0 0
651 0 0 0 0
652 0 0 0 0
653 0 0 0 0
654 0 0 0 0
655 0 0 0 0
656 0 0 0 0
657 0 0 0 0
658 0 0 0 0
659 0 0 0 0
660 0 0 0 0
661 0 0 0 0
662 0 0 0 0
663 0 0 0 0
664 0 0 0 0
665 0 0 0 0
666 0 0 0 0
667 0 0 0 0
668 0 0 0 0
669 0 0 0 0
670 0 0 0 0
671 0 0 0 0
672 0 0 0 0
673 0 0 0 0
674 0 0 0 0
675 0 0 0 0
676 0 0 0 0
677 0 0 0 0
678 0 0 0 0
679 0 0 0 0
680 0 0 0 0
681 0 0 0 0
682 0 0 0 0
683 0 0 0 0
684 0 0 0 0
685 0 0 0 0
686 0 0 0 0
687 0 0 0 0
688 0 0 0 0
689 0 0 0 0
690 0 0 0 0
691 0 0 0 0
692 0 0 0 0
693 0 0 0 0
694 0 0 0 0
695 0 0 0 0
696 0 0 0 0
697 0 0 0 0
698 0 0 0 0
699 0 0 0 0
700 0 0 0 0
701 0 0 0 0
702 0 0 0 0
703 0 0 0 0
704 0 0 0 0
705 0 0 0 0
706 0 0 0 0
707 0 0 0 0
708 0 0 0 0
709 0 0 0 0
710 0 0 0 0
711 0 0 0 0
712 0 0 0 0
713 0 0 0 0
714 0 0 0 0
715 0 0 0 0
716 0 0 0 0
717 0 0 0 0
718 0 0 0 0
719 0 0 0 0
720 0 0 0 0
721 0 0 0 0
722 0 0 0 0
723 0 0 0 0
724 0 0 0 0
725 0 0 0 0
726 0 0 0 0
727 0 0 0 0
