0 0 0 0 0
1 0 0 0 0
2 0 0 0 0
3 0 0 0 0
4 0 0 0 0
5 0 3 0 0
6 0 0 0 0
7 0 0 1 0
8 0 0 0 0
9 0 0 1 2
10 0 0 0 0
11 0 0 0 0
12 0 0 0 1
13 0 0 0 1
14 0 0 0 1
15 0 0 0 0
16 0 0 0 0
17 0 0 0 0
18 0 0 0 0
19 0 0 0 0
20 1 0 0 0
21 1 0 0 0
22 0 0 0 0
23 2 0 0 0
24 2 0 0 0
25 1 0 1 0
26 1 0 1 0
27 3 0 0 0
28 0 1 1 0
29 1 0 0 1
30 0 0 1 0
31 1 0 0 1
32 0 2 0 1
33 1 2 0 0
34 0 0 0 1
35 0 0 1 1
36 0 1 1 1
37 0 0 0 0
38 1 1 1 0
39 1 0 0 2
40 2 0 0 3
41 1 0 0 0
42 0 0 0 0
43 0 0 1 1
44 0 0 0 0
45 0 1 1 2
46 3 0 1 0
47 3 0 0 1
48 2 0 1 0
49 2 0 0 0
50 1 0 0 0
51 2 0 1 0
52 3 2 1 3
53 2 0 1 1
54 2 2 0 0
55 2 2 1 1
56 1 1 0 0
57 2 1 0 0
58 4 1 2 1
59 3 3 0 5
60 2 1 1 2
61 5 0 1 2
62 4 2 0 2
63 4 0 2 2
64 4 1 2 0
65 6 0 2 3
66 4 1 2 3
67 2 4 0 4
68 2 2 3 1
69 1 2 2 2
70 2 5 0 2
71 0 3 2 4
72 2 2 1 3
73 0 1 0 2
74 4 2 3 5
75 1 2 0 6
76 2 0 0 3
77 5 0 1 3
78 3 0 0 2
79 3 1 1 3
80 2 0 0 0
81 5 2 0 5
82 7 1 2 1
83 6 1 1 2
84 4 2 0 1
85 4 1 1 2
86 4 3 0 1
87 6 5 2 2
88 6 4 2 1
89 7 1 2 4
90 8 4 2 1
91 4 3 1 6
92 5 4 3 4
93 2 2 3 4
94 3 6 2 7
95 3 1 6 4
96 5 1 0 3
97 4 4 2 4
98 9 4 1 7
99 6 0 4 10
100 7 1 2 3
101 5 3 2 6
102 8 1 2 5
103 4 4 4 2
104 9 1 2 3
105 5 5 3 5
106 5 3 1 4
107 8 5 2 4
108 6 4 1 4
109 6 3 2 8
110 8 3 5 9
111 9 7 4 3
112 9 4 4 7
113 4 4 2 3
114 9 0 3 8
115 6 1 5 8
116 13 4 5 6
117 9 8 4 10
118 12 3 2 5
119 8 3 3 6
120 8 3 1 5
121 7 3 1 9
122 11 4 3 8
123 11 7 3 5
124 10 2 2 6
125 13 9 5 5
126 5 6 4 9
127 6 6 6 5
128 15 4 5 6
129 15 6 5 11
130 9 5 5 9
131 7 4 4 6
132 5 5 6 15
133 14 10 0 12
134 9 5 10 9
135 11 4 2 5
136 15 4 2 15
137 12 6 6 12
138 9 7 8 13
139 13 7 1 9
140 8 7 5 6
141 15 8 4 10
142 14 8 3 9
143 12 5 5 10
144 20 5 7 12
145 13 7 4 13
146 12 7 5 11
147 17 8 5 13
148 16 8 4 8
149 17 8 6 9
150 9 15 4 11
151 12 6 5 15
152 15 9 7 13
153 13 9 7 11
154 18 8 8 17
155 12 5 5 10
156 13 7 8 12
157 17 6 10 20
158 20 7 5 15
159 11 10 6 14
160 12 8 1 12
161 16 4 10 9
162 13 8 8 13
163 14 12 9 15
164 11 3 8 18
165 14 5 4 13
166 21 13 7 23
167 13 9 7 16
168 19 12 5 15
169 17 5 8 7
170 24 4 2 21
171 28 10 10 12
172 34 9 6 14
173 26 13 2 13
174 30 12 5 10
175 26 12 7 22
176 33 9 5 14
177 23 23 9 15
178 25 16 10 14
179 26 23 6 16
180 32 17 13 10
181 21 16 10 26
182 29 21 10 27
183 19 14 10 33
184 29 11 10 30
185 24 22 12 24
186 25 13 5 25
187 29 23 11 27
188 21 17 9 21
189 26 22 9 31
190 24 11 10 21
191 28 15 10 35
192 29 16 4 29
193 31 12 13 25
194 17 16 7 21
195 23 18 6 23
196 22 23 13 24
197 26 11 10 19
198 28 21 11 31
199 26 7 8 26
200 32 11 8 32
201 23 16 12 15
202 28 13 11 30
203 29 15 8 28
204 22 15 13 29
205 21 23 10 26
206 16 20 11 18
207 17 14 14 13
208 18 16 12 31
209 25 17 12 30
210 10 15 6 27
211 17 15 10 28
212 16 17 5 32
213 21 12 8 31
214 18 15 6 23
215 18 4 3 25
216 17 8 7 21
217 23 9 3 17
218 11 14 10 25
219 15 9 10 14
220 18 10 7 24
221 9 15 5 11
222 13 11 8 14
223 17 10 1 14
224 10 9 5 14
225 9 9 6 22
226 9 11 9 20
227 10 9 2 17
228 6 11 9 17
229 7 9 3 17
230 13 7 1 20
231 9 6 7 10
232 8 8 3 20
233 8 4 4 14
234 5 6 2 15
235 5 9 4 18
236 7 4 6 8
237 3 6 2 4
238 6 5 4 12
239 3 3 4 13
240 5 0 7 8
241 3 6 2 6
242 6 1 1 9
243 4 2 4 10
244 4 4 0 7
245 5 3 1 9
246 4 4 1 6
247 2 1 3 4
248 4 4 1 3
249 3 3 2 4
250 2 4 1 9
251 6 4 2 6
252 2 1 1 4
253 4 1 2 3
254 4 3 0 5
255 5 2 1 5
256 1 4 1 7
257 4 3 1 3
258 4 3 1 3
259 5 2 0 2
260 1 1 1 5
261 1 1 1 4
262 2 2 3 3
263 2 2 2 3
264 0 3 2 3
265 1 0 2 4
266 3 2 1 1
267 1 0 3 4
268 1 3 1 5
269 1 0 0 4
270 1 0 0 1
271 2 2 0 3
272 3 1 1 4
273 3 0 0 3
274 0 2 0 1
275 1 2 1 4
276 1 0 0 1
277 4 3 1 0
278 1 2 1 1
279 2 0 0 3
280 1 3 0 0
281 2 0 1 4
282 0 0 0 2
283 0 1 0 0
284 0 1 1 2
285 1 0 0 2
286 0 2 1 0
287 1 0 0 2
288 1 1 0 1
289 1 1 0 0
290 0 1 1 2
291 0 0 0 2
292 0 0 0 0
293 0 0 0 2
294 0 1 0 2
295 1 0 1 1
296 0 0 1 1
297 1 0 0 0
298 0 1 0 1
299 0 0 0 0
300 0 1 0 1
301 0 0 0 0
302 0 0 0 1
303 0 0 0 0
304 0 0 0 0
305 0 0 0 1
306 1 1 0 0
307 1 0 0 1
308 0 0 0 0
309 0 0 0 0
310 0 0 0 0
311 1 0 0 0
312 0 1 0 0
313 0 0 0 1
314 1 0 0 0
315 1 1 0 0
316 0 0 0 1
317 0 0 0 0
318 0 0 0 0
319 0 0 0 1
320 0 0 2 0
321 0 0 0 0
322 0 0 0 0
323 0 0 1 0
324 1 0 0 1
325 0 0 0 0
326 0 0 0 0
327 0 0 0 1
328 0 0 0 0
329 0 0 0 0
330 0 0 0 1
331 0 0 0 0
332 0 0 0 0
333 0 1 0 0
334 0 0 0 0
335 0 0 0 0
336 0 0 0 0
337 0 0 0 1
338 0 0 0 0
339 0 0 0 0
340 0 0 0 0
341 0 0 0 0
342 0 0 0 0
343 0 0 0 0
344 0 0 0 0
345 0 0 0 0
346 0 0 0 0
347 0 0 0 0
348 0 0 0 0
349 0 0 0 0
350 0 0 0 0
351 0 0 0 0
352 0 0 0 0
353 0 0 0 0
354 0 0 0 0
355 0 0 0 0
356 0 0 0 0
357 0 0 0 0
358 0 0 0 0
359 0 0 0 0
360 0 0 0 0
361 0 0 0 0
362 0 0 0 0
363 0 0 0 0
364 0 0 0 0
365 0 0 0 0
366 0 0 0 0
367 0 0 0 0
368 0 0 0 0
369 0 0 0 0
370 0 0 0 0
371 0 0 0 0
372 0 0 0 0
373 0 0 0 0
374 0 0 0 0
375 0 0 0 0
376 0 0 0 0
377 0 0 0 0
378 0 0 0 0
379 0 0 0 0
380 0 0 0 0
381 0 0 0 0
382 0 0 0 0
383 0 0 0 0
384 0 0 0 0
385 0 0 0 0
386 0 0 0 0
387 0 0 0 0
388 0 0 0 0
389 0 0 0 0
390 0 0 0 0
391 0 0 0 0
392 0 0 0 0
393 0 0 0 0
394 0 0 0 0
395 0 0 0 0
396 0 0 0 0
397 0 0 0 0
398 0 0 0 0
399 0 0 0 0
400 0 0 0 0
401 0 0 0 0
402 0 0 0 0
403 0 0 0 0
404 0 0 0 0
405 0 0 0 0
406 0 0 0 0
407 0 0 0 0
408 0 0 0 0
409 0 0 0 0
410 0 0 0 0
411 0 0 0 0
412 0 0 0 0
413 0 0 0 0
414 0 0 0 0
415 0 0 0 0
416 0 0 0 0
417 0 0 0 0
418 0 0 0 0
419 0 0 0 0
420 0 0 0 0
421 0 0 0 0
422 0 0 0 0
423 0 0 0 0
424 0 0 0 0
425 0 0 0 0
426 0 0 0 0
427 0 0 0 0
428 0 0 0 0
429 0 0 0 0
430 0 0 0 0
431 0 0 0 0
432 0 0 0 0
433 0 0 0 0
434 0 0 0 0
435 0 0 0 0
436 0 0 0 0
437 0 0 0 0
438 0 0 0 0
439 0 0 0 0
440 0 0 0 0
441 0 0 0 0
442 0 0 0 0
443 0 0 0 0
444 0 0 0 0
445 0 0 0 0
446 0 0 0 0
447 0 0 0 0
448 0 0 0 0
449 0 0 0 0
450 0 0 0 0
451 0 0 0 0
452 0 0 0 0
453 0 0 0 0
454 0 0 0 0
455 0 0 0 0
456 0 0 0 0
457 0 0 0 0
458 0 0 0 0
459 0 0 0 0
460 0 0 0 0
461 0 0 0 0
462 0 0 0 0
463 0 0 0 0
464 0 0 0 0
465 0 0 0 0
466 0 0 0 0
467 0 0 0 0
468 0 0 0 0
469 0 0 0 0
470 0 0 0 0
471 0 0 0 0
472 0 0 0 0
473 0 0 0 0
474 0 0 0 0
475 0 0 0 0
476 0 0 0 0
477 0 0 0 0
478 0 0 0 0
479 0 0 0 0
480 0 0 0 0
481 0 0 0 0
482 0 0 0 0
483 0 0 0 0
484 0 0 0 0
485 0 0 0 0
486 0 0 0 0
487 0 0 0 0
488 0 0 0 0
489 0 0 0 0
490 0 0 0 0
491 0 0 0 0
492 0 0 0 0
493 0 0 0 0
494 0 0 0 0
495 0 0 0 0
496 0 0 0 0
497 0 0 0 0
498 0 0 0 0
499 0 0 0 0
500 0 0 0 0
501 0 0 0 0
502 0 0 0 0
503 0 0 0 0
504 0 0 0 0
505 0 0 0 0
506 0 0 0 0
507 0 0 0 0
508 0 0 0 0
509 0 0 0 0
510 0 0 0 0
511 0 0 0 0
512 0 0 0 0
513 0 0 0 0
514 0 0 0 0
515 0 0 0 0
516 0 0 0 0
517 0 0 0 0
518 0 0 0 0
519 0 0 0 0
520 0 0 0 0
521 0 0 0 0
522 0 0 0 0
523 0 0 0 0
524 0 0 0 0
525 0 0 0 0
526 0 0 0 0
527 0 0 0 0
528 0 0 0 0
529 0 0 0 0
530 0 0 0 0
531 0 0 0 0
532 0 0 0 0
533 0 0 0 0
534 0 0 0 0
535 0 0 0 0
536 0 0 0 0
537 0 0 0 0
538 0 0 0 0
539 0 0 0 0
540 0 0 0 0
541 0 0 0 0
542 0 0 0 0
543 0 0 0 0
544 0 0 0 0
545 0 0 0 0
546 0 0 0 0
547 0 0 0 0
548 0 0 0 0
549 0 0 0 0
550 0 0 0 0
551 0 0 0 0
552 0 0 0 0
553 0 0 0 0
554 0 0 0 0
555 0 0 0 0
556 0 0 0 0
557 0 0 0 0
558 0 0 0 0
559 0 0 0 0
560 0 0 0 0
561 0 0 0 0
562 0 0 0 0
563 0 0 0 0
564 0 0 0 0
565 0 0 0 0
566 0 0 0 0
567 0 0 0 0
568 0 0 0 0
569 0 0 0 0
570 0 0 0 0
571 0 0 0 0
572 0 0 0 0
573 0 0 0 0
574 0 0 0 0
575 0 0 0 0
576 0 0 0 0
577 0 0 0 0
578 0 0 0 0
579 0 0 0 0
580 0 0 0 0
581 0 0 0 0
582 0 0 0 0
583 0 0 0 0
584 0 0 0 0
585 0 0 0 0
586 0 0 0 0
587 0 0 0 0
588 0 0 0 0
589 0 0 0 0
590 0 0 0 0
591 0 0 0 0
592 0 0 0 0
593 0 0 0 0
594 0 0 0 0
595 0 0 0 0
596 0 0 0 0
597 0 0 0 0
598 0 0 0 0
599 0 0 0 0
600 0 0 0 0
601 0 0 0 0
602 0 0 0 0
603 0 0 0 0
604 0 0 0 0
605 0 0 0 0
606 0 0 0 0
607 0 0 0 0
608 0 0 0 0
609 0 0 0 0
610 0 0 0 0
611 0 0 0 0
612 0 0 0 0
613 0 0 0 0
614 0 0 0 0
615 0 0 0 0
616 0 0 0 0
617 0 0 0 0
618 0 0 0 0
619 0 0 0 0
620 0 0 0 0
621 0 0 0 0
622 0 0 0 0
623 0 0 0 0
624 0 0 0 0
625 0 0 0 0
626 0 0 0 0
627 0 0 0 0
628 0 0 0 0
629 0 0 0 0
630 0 0 0 0
631 0 0 0 0
632 0 0 0 0
633 0 0 0 0
634 0 0 0 0
635 0 0 0 0
636 0 0 0 0
637 0 0 0 0
638 0 0 0 0
639 0 0 0 0
640 0 0 0 0
641 0 0 0 0
642 0 0 0 0
643 0 0 0 0
644 0 0 0 0
645 0 0 0 0
646 0 0 0 0
647 0 0 0 0
648 0 0 0 0
649 0 0 0 0
650 0 0 0 0
651 0 0 0 0
652 0 0 0 0
653 0 0 0 0
654 0 0 0 0
655 0 0 0 0
656 0 0 0 0
657 0 0 0 0
658 0 0 0 0
659 0 0 0 0
660 0 0 0 0
661 0 0 0 0
662 0 0 0 0
663 0 0 0 0
664 0 0 0 0
665 0 0 0 0
666 0 0 0 0
667 0 0 0 0
668 0 0 0 0
669 0 0 0 0
670 0 0 0 0
671 0 0 0 0
672 0 0 0 0
673 0 0 0 0
674 0 0 0 0
675 0 0 0 0
676 0 0 0 0
677 0 0 0 0
678 0 0 0 0
679 0 0 0 0
680 0 0 0 0
681 0 0 0 0
682 0 0 0 0
683 0 0 0 0
684 0 0 0 0
685 0 0 0 0
686 0 0 0 0
687 0 0 0 0
688 0 0 0 0
689 0 0 0 0
690 0 0 0 0
691 0 0 0 0
692 0 0 0 0
693 0 0 0 0
694 0 0 0 0
695 0 0 0 0
696 0 0 0 0
697 0 0 0 0
698 0 0 0 0
699 0 0 0 0
700 0 0 0 0
701 0 0 0 0
702 0 0 0 0
703 0 0 0 0
704 0 0 0 0
705 0 0 0 0
706 0 0 0 0
707 0 0 0 0
708 0 0 0 0
709 0 0 0 0
710 0 0 0 0
711 0 0 0 0
712 0 0 0 0
713 0 0 0 0
714 0 0 0 0
715 0 0 0 0
716 0 0 0 0
717 0 0 0 0
718 0 0 0 0
719 0 0 0 0
720 0 0 0 0
721 0 0 0 0
722 0 0 0 0
723 0 0 0 0
724 0 0 0 0
725 0 0 0 0
726 0 0 0 0
727 0 0 0 0
