0 0 0 0 0
1 0 0 0 0
2 0 0 0 0
3 0 0 0 0
4 0 0 0 0
5 0 2 1 0
6 0 0 0 0
7 0 0 0 0
8 0 0 0 0
9 0 2 0 1
10 0 0 0 0
11 0 0 0 0
12 0 0 0 2
13 0 0 0 1
14 0 0 0 1
15 0 0 0 0
16 0 0 0 0
17 1 0 0 0
18 1 0 0 0
19 1 0 0 0
20 0 0 0 0
21 1 0 0 0
22 1 0 0 0
23 1 1 0 0
24 1 0 1 0
25 0 0 0 0
26 0 1 0 0
27 1 0 1 0
28 1 0 0 1
29 0 0 0 0
30 1 1 0 0
31 0 0 0 1
32 0 1 1 0
33 0 1 1 2
34 0 0 0 0
35 0 0 0 1
36 0 0 0 2
37 0 0 0 1
38 1 0 0 0
39 0 0 1 0
40 1 0 0 1
41 0 0 0 0
42 0 0 0 0
43 1 0 1 1
44 2 0 0 0
45 0 0 1 0
46 1 0 0 0
47 0 0 0 1
48 0 0 0 0
49 1 2 0 0
50 1 0 0 0
51 1 1 0 0
52 1 1 0 1
53 1 0 0 1
54 2 0 1 0
55 1 0 1 1
56 0 1 0 1
57 0 0 0 0
58 1 0 1 0
59 0 0 1 2
60 3 0 1 0
61 2 1 0 1
62 2 0 0 0
63 1 1 0 2
64 0 0 0 2
65 4 0 0 1
66 3 1 0 0
67 3 1 0 0
68 0 0 0 0
69 3 3 1 0
70 1 1 1 2
71 2 3 0 0
72 0 1 2 0
73 2 0 0 1
74 0 1 3 3
75 2 1 1 0
76 0 3 0 6
77 0 0 0 0
78 0 0 1 6
79 1 0 0 1
80 2 0 1 1
81 3 1 0 1
82 1 2 0 1
83 1 0 0 2
84 1 1 0 1
85 3 1 0 2
86 2 1 2 2
87 3 1 0 0
88 5 1 1 0
89 3 1 1 0
90 1 1 0 2
91 5 0 1 1
92 3 1 0 3
93 3 2 1 3
94 4 3 1 2
95 4 1 0 1
96 2 3 3 0
97 3 2 1 1
98 2 1 1 3
99 4 2 3 2
100 4 3 2 3
101 1 1 1 3
102 1 3 0 2
103 2 0 1 6
104 4 1 2 3
105 1 2 1 1
106 2 3 0 5
107 3 0 0 4
108 5 3 0 1
109 2 3 2 4
110 4 1 0 2
111 4 2 0 3
112 7 1 2 2
113 4 3 1 2
114 2 2 0 0
115 9 0 2 4
116 3 4 2 5
117 3 5 4 5
118 2 1 2 1
119 5 1 2 2
120 3 5 1 2
121 4 0 1 8
122 4 2 1 3
123 6 2 1 4
124 3 2 3 8
125 5 2 2 2
126 6 1 3 3
127 4 2 0 2
128 2 3 2 3
129 5 3 0 6
130 3 4 1 4
131 3 2 4 3
132 5 5 2 4
133 4 2 1 5
134 3 4 2 4
135 7 0 1 4
136 5 1 1 4
137 7 2 3 4
138 10 4 0 10
139 4 4 0 2
140 11 5 0 3
141 5 2 3 3
142 6 3 0 4
143 4 5 3 3
144 7 4 0 7
145 3 5 2 4
146 5 6 3 2
147 9 6 2 4
148 5 5 1 5
149 7 5 1 4
150 4 1 1 10
151 7 5 1 4
152 8 2 3 9
153 3 7 1 7
154 4 6 3 8
155 7 1 2 5
156 0 7 1 7
157 3 2 3 6
158 2 1 2 6
159 6 2 2 3
160 8 7 3 5
161 4 1 4 7
162 1 1 0 4
163 8 2 0 8
164 6 3 3 5
165 5 1 2 3
166 5 4 1 4
167 7 1 1 7
168 12 3 4 8
169 3 4 5 2
170 6 3 1 4
171 9 2 2 1
172 6 4 4 4
173 6 5 4 8
174 6 2 1 4
175 9 6 2 6
176 10 2 4 10
177 15 6 3 6
178 13 2 1 2
179 6 4 1 6
180 10 5 3 5
181 10 7 3 8
182 12 7 7 6
183 18 1 3 7
184 8 6 5 7
185 9 5 4 7
186 10 2 6 11
187 12 10 7 5
188 9 11 2 11
189 10 6 3 9
190 16 7 7 8
191 10 6 6 14
192 10 6 6 10
193 6 5 3 12
194 17 3 4 11
195 13 10 3 14
196 13 7 7 10
197 8 5 5 13
198 12 5 3 10
199 11 7 7 11
200 8 4 3 11
201 6 5 4 5
202 12 6 1 10
203 11 8 7 14
204 12 11 5 11
205 15 7 6 9
206 11 3 4 9
207 10 6 4 12
208 8 4 6 12
209 5 3 6 10
210 15 6 7 12
211 8 7 3 13
212 10 6 5 15
213 9 10 4 5
214 8 5 2 13
215 10 6 7 11
216 11 8 4 11
217 7 5 4 14
218 10 7 1 8
219 6 6 6 13
220 6 4 1 12
221 8 9 3 4
222 9 4 3 10
223 12 2 7 12
224 9 7 2 10
225 6 5 4 12
226 7 2 6 5
227 6 4 2 9
228 5 6 6 9
229 11 7 1 8
230 5 4 1 9
231 5 5 2 8
232 4 6 3 11
233 4 7 1 9
234 3 6 4 5
235 2 5 1 11
236 1 3 1 6
237 5 5 2 7
238 6 1 4 5
239 2 1 3 8
240 5 3 0 4
241 4 2 0 12
242 3 4 2 5
243 2 2 0 6
244 3 2 0 3
245 1 2 0 3
246 2 1 3 4
247 4 4 2 5
248 3 2 1 1
249 1 0 4 4
250 3 1 1 2
251 2 2 1 6
252 2 1 0 2
253 0 3 0 5
254 3 1 0 2
255 0 1 1 4
256 1 1 5 2
257 2 1 1 5
258 5 1 0 1
259 3 1 3 2
260 3 0 0 3
261 1 2 0 1
262 4 0 1 0
263 1 2 0 6
264 3 1 0 2
265 2 1 1 2
266 1 1 0 1
267 2 3 2 1
268 2 0 3 1
269 2 1 2 2
270 1 1 1 3
271 0 0 3 0
272 0 1 0 4
273 0 1 0 3
274 1 1 1 6
275 1 1 0 1
276 2 1 0 2
277 2 1 1 1
278 2 0 1 3
279 3 1 0 0
280 1 0 1 1
281 2 0 0 1
282 1 0 1 1
283 2 0 0 0
284 2 3 0 3
285 0 1 1 1
286 0 1 0 1
287 1 3 0 0
288 1 0 1 0
289 0 2 0 1
290 0 1 1 1
291 0 0 0 5
292 0 1 0 3
293 0 1 0 2
294 0 1 0 2
295 1 0 0 0
296 0 0 1 0
297 0 0 0 1
298 0 0 0 0
299 1 0 0 1
300 0 0 0 1
301 0 0 0 1
302 0 0 0 0
303 0 0 0 1
304 0 0 2 0
305 0 0 0 0
306 1 0 0 0
307 0 0 0 0
308 0 0 0 1
309 0 0 0 0
310 1 0 0 0
311 0 1 0 1
312 0 0 0 0
313 1 0 0 0
314 2 0 0 0
315 0 0 1 0
316 1 0 0 0
317 1 0 0 0
318 0 1 0 1
319 0 0 1 0
320 0 0 0 0
321 0 0 0 0
322 0 0 0 1
323 0 1 0 1
324 0 0 0 0
325 0 0 1 1
326 0 1 0 0
327 2 0 0 1
328 2 0 0 0
329 0 0 0 0
330 0 0 0 0
331 0 0 0 0
332 0 1 1 1
333 0 2 0 1
334 0 0 0 0
335 1 0 0 0
336 1 0 0 0
337 0 0 0 1
338 0 0 0 0
339 0 0 0 1
340 0 1 0 2
341 0 1 0 0
342 0 0 0 0
343 0 0 0 0
344 0 0 0 1
345 0 0 0 1
346 0 0 0 0
347 0 0 0 0
348 0 0 0 0
349 0 0 0 0
350 0 0 0 0
351 0 0 0 0
352 0 0 0 0
353 0 0 0 0
354 0 0 0 0
355 0 0 0 0
356 0 0 0 0
357 0 0 0 0
358 0 0 0 0
359 0 0 0 0
360 0 0 0 0
361 0 0 0 0
362 0 0 0 0
363 0 0 0 0
364 0 0 0 0
365 0 0 0 0
366 0 0 0 0
367 0 0 0 0
368 0 0 0 0
369 0 0 0 0
370 0 0 0 0
371 0 0 0 0
372 0 0 0 0
373 0 0 0 0
374 0 0 0 0
375 0 0 0 0
376 0 0 0 0
377 0 0 0 0
378 0 0 0 0
379 0 0 0 0
380 0 0 0 0
381 0 0 0 0
382 0 0 0 0
383 0 0 0 0
384 0 0 0 0
385 0 0 0 0
386 0 0 0 0
387 0 0 0 0
388 0 0 0 0
389 0 0 0 0
390 0 0 0 0
391 0 0 0 0
392 0 0 0 0
393 0 0 0 0
394 0 0 0 0
395 0 0 0 0
396 0 0 0 0
397 0 0 0 0
398 0 0 0 0
399 0 0 0 0
400 0 0 0 0
401 0 0 0 0
402 0 0 0 0
403 0 0 0 0
404 0 0 0 0
405 0 0 0 0
406 0 0 0 0
407 0 0 0 0
408 0 0 0 0
409 0 0 0 0
410 0 0 0 0
411 0 0 0 0
412 0 0 0 0
413 0 0 0 0
414 0 0 0 0
415 0 0 0 0
416 0 0 0 0
417 0 0 0 0
418 0 0 0 0
419 0 0 0 0
420 0 0 0 0
421 0 0 0 0
422 0 0 0 0
423 0 0 0 0
424 0 0 0 0
425 0 0 0 0
426 0 0 0 0
427 0 0 0 0
428 0 0 0 0
429 0 0 0 0
430 0 0 0 0
431 0 0 0 0
432 0 0 0 0
433 0 0 0 0
434 0 0 0 0
435 0 0 0 0
436 0 0 0 0
437 0 0 0 0
438 0 0 0 0
439 0 0 0 0
440 0 0 0 0
441 0 0 0 0
442 0 0 0 0
443 0 0 0 0
444 0 0 0 0
445 0 0 0 0
446 0 0 0 0
447 0 0 0 0
448 0 0 0 0
449 0 0 0 0
450 0 0 0 0
451 0 0 0 0
452 0 0 0 0
453 0 0 0 0
454 0 0 0 0
455 0 0 0 0
456 0 0 0 0
457 0 0 0 0
458 0 0 0 0
459 0 0 0 0
460 0 0 0 0
461 0 0 0 0
462 0 0 0 0
463 0 0 0 0
464 0 0 0 0
465 0 0 0 0
466 0 0 0 0
467 0 0 0 0
468 0 0 0 0
469 0 0 0 0
470 0 0 0 0
471 0 0 0 0
472 0 0 0 0
473 0 0 0 0
474 0 0 0 0
475 0 0 0 0
476 0 0 0 0
477 0 0 0 0
478 0 0 0 0
479 0 0 0 0
480 0 0 0 0
481 0 0 0 0
482 0 0 0 0
483 0 0 0 0
484 0 0 0 0
485 0 0 0 0
486 0 0 0 0
487 0 0 0 0
488 0 0 0 0
489 0 0 0 0
490 0 0 0 0
491 0 0 0 0
492 0 0 0 0
493 0 0 0 0
494 0 0 0 0
495 0 0 0 0
496 0 0 0 0
497 0 0 0 0
498 0 0 0 0
499 0 0 0 0
500 0 0 0 0
501 0 0 0 0
502 0 0 0 0
503 0 0 0 0
504 0 0 0 0
505 0 0 0 0
506 0 0 0 0
507 0 0 0 0
508 0 0 0 0
509 0 0 0 0
510 0 0 0 0
511 0 0 0 0
512 0 0 0 0
513 0 0 0 0
514 0 0 0 0
515 0 0 0 0
516 0 0 0 0
517 0 0 0 0
518 0 0 0 0
519 0 0 0 0
520 0 0 0 0
521 0 0 0 0
522 0 0 0 0
523 0 0 0 0
524 0 0 0 0
525 0 0 0 0
526 0 0 0 0
527 0 0 0 0
528 0 0 0 0
529 0 0 0 0
530 0 0 0 0
531 0 0 0 0
532 0 0 0 0
533 0 0 0 0
534 0 0 0 0
535 0 0 0 0
536 0 0 0 0
537 0 0 0 0
538 0 0 0 0
539 0 0 0 0
540 0 0 0 0
541 0 0 0 0
542 0 0 0 0
543 0 0 0 0
544 0 0 0 0
545 0 0 0 0
546 0 0 0 0
547 0 0 0 0
548 0 0 0 0
549 0 0 0 0
550 0 0 0 0
551 0 0 0 0
552 0 0 0 0
553 0 0 0 0
554 0 0 0 0
555 0 0 0 0
556 0 0 0 0
557 0 0 0 0
558 0 0 0 0
559 0 0 0 0
560 0 0 0 0
561 0 0 0 0
562 0 0 0 0
563 0 0 0 0
564 0 0 0 0
565 0 0 0 0
566 0 0 0 0
567 0 0 0 0
568 0 0 0 0
569 0 0 0 0
570 0 0 0 0
571 0 0 0 0
572 0 0 0 0
573 0 0 0 0
574 0 0 0 0
575 0 0 0 0
576 0 0 0 0
577 0 0 0 0
578 0 0 0 0
579 0 0 0 0
580 0 0 0 0
581 0 0 0 0
582 0 0 0 0
583 0 0 0 0
584 0 0 0 0
585 0 0 0 0
586 0 0 0 0
587 0 0 0 0
588 0 0 0 0
589 0 0 0 0
590 0 0 0 0
591 0 0 0 0
592 0 0 0 0
593 0 0 0 0
594 0 0 0 0
595 0 0 0 0
596 0 0 0 0
597 0 0 0 0
598 0 0 0 0
599 0 0 0 0
600 0 0 0 0
601 0 0 0 0
602 0 0 0 0
603 0 0 0 0
604 0 0 0 0
605 0 0 0 0
606 0 0 0 0
607 0 0 0 0
608 0 0 0 0
609 0 0 0 0
610 0 0 0 0
611 0 0 0 0
612 0 0 0 0
613 0 0 0 0
614 0 0 0 0
615 0 0 0 0
616 0 0 0 0
617 0 0 0 0
618 0 0 0 0
619 0 0 0 0
620 0 0 0 0
621 0 0 0 0
622 0 0 0 0
623 0 0 0 0
624 0 0 0 0
625 0 0 0 0
626 0 0 0 0
627 0 0 0 0
628 0 0 0 0
629 0 0 0 0
630 0 0 0 0
631 0 0 0 0
632 0 0 0 0
633 0 0 0 0
634 0 0 0 0
635 0 0 0 0
636 0 0 0 0
637 0 0 0 0
638 0 0 0 0
639 0 0 0 0
640 0 0 0 0
641 0 0 0 0
642 0 0 0 0
643 0 0 0 0
644 0 0 0 0
645 0 0 0 0
646 0 0 0 0
647 0 0 0 0
648 0 0 0 0
649 0 0 0 0
650 0 0 0 0
651 0 0 0 0
652 0 0 0 0
653 0 0 0 0
654 0 0 0 0
655 0 0 0 0
656 0 0 0 0
657 0 0 0 0
658 0 0 0 0
659 0 0 0 0
660 0 0 0 0
661 0 0 0 0
662 0 0 0 0
663 0 0 0 0
664 0 0 0 0
665 0 0 0 0
666 0 0 0 0
667 0 0 0 0
668 0 0 0 0
669 0 0 0 0
670 0 0 0 0
671 0 0 0 0
672 0 0 0 0
673 0 0 0 0
674 0 0 0 0
675 0 0 0 0
676 0 0 0 0
677 0 0 0 0
678 0 0 0 0
679 0 0 0 0
680 0 0 0 0
681 0 0 0 0
682 0 0 0 0
683 0 0 0 0
684 0 0 0 0
685 0 0 0 0
686 0 0 0 0
687 0 0 0 0
688 0 0 0 0
689 0 0 0 0
690 0 0 0 0
691 0 0 0 0
692 0 0 0 0
693 0 0 0 0
694 0 0 0 0
695 0 0 0 0
696 0 0 0 0
697 0 0 0 0
698 0 0 0 0
699 0 0 0 0
700 0 0 0 0
701 0 0 0 0
702 0 0 0 0
703 0 0 0 0
704 0 0 0 0
705 0 0 0 0
706 0 0 0 0
707 0 0 0 0
708 0 0 0 0
709 0 0 0 0
710 0 0 0 0
711 0 0 0 0
712 0 0 0 0
713 0 0 0 0
714 0 0 0 0
715 0 0 0 0
716 0 0 0 0
717 0 0 0 0
718 0 0 0 0
719 0 0 0 0
720 0 0 0 0
721 0 0 0 0
722 0 0 0 0
723 0 0 0 0
724 0 0 0 0
725 0 0 0 0
726 0 0 0 0
727 0 0 0 0
