0 0 0 0 0
1 0 0 0 0
2 0 0 0 0
3 0 0 0 0
4 0 0 0 0
5 0 3 0 0
6 0 0 0 0
7 0 0 0 0
8 0 0 0 0
9 0 0 2 2
10 0 0 0 0
11 0 0 0 0
12 0 0 0 1
13 0 0 0 0
14 0 0 0 0
15 0 0 0 0
16 0 0 0 2
17 1 0 0 0
18 1 0 0 0
19 1 0 0 0
20 0 0 0 0
21 1 0 0 0
22 0 0 0 0
23 1 0 1 0
24 2 0 0 0
25 1 0 0 0
26 1 1 1 0
27 0 0 0 0
28 1 0 1 0
29 2 1 0 0
30 1 0 0 2
31 0 0 1 0
32 0 1 0 1
33 0 0 1 1
34 0 1 1 0
35 0 1 0 1
36 0 0 0 2
37 0 1 0 1
38 0 1 0 0
39 0 0 0 0
40 0 0 0 0
41 0 0 0 2
42 0 0 0 2
43 0 0 0 0
44 0 0 0 1
45 1 0 0 0
46 0 0 0 0
47 0 0 0 0
48 2 0 0 0
49 1 0 0 0
50 1 1 0 0
51 1 0 0 0
52 1 0 0 0
53 2 0 0 0
54 0 0 0 1
55 3 1 0 0
56 1 1 0 0
57 1 2 0 0
58 0 0 1 0
59 2 0 0 0
60 0 2 1 0
61 0 1 0 1
62 0 2 0 3
63 0 0 0 0
64 0 2 0 1
65 1 1 0 0
66 0 1 0 1
67 0 0 0 3
68 0 0 0 2
69 0 0 0 2
70 2 0 0 1
71 0 0 0 0
72 0 0 0 0
73 1 0 0 1
74 1 1 0 0
75 2 1 0 0
76 1 0 0 0
77 2 0 0 0
78 3 1 0 0
79 1 2 0 0
80 4 1 1 0
81 2 0 0 2
82 1 1 0 1
83 0 0 1 2
84 2 0 1 2
85 2 2 2 0
86 2 2 0 1
87 2 1 1 0
88 1 0 0 1
89 0 1 1 2
90 1 2 0 3
91 0 1 1 0
92 1 1 1 2
93 1 1 0 1
94 0 0 1 2
95 1 0 2 0
96 2 0 0 2
97 1 0 0 3
98 4 0 0 3
99 3 1 0 2
100 2 0 1 0
101 0 2 0 0
102 3 0 2 1
103 5 1 0 0
104 3 2 0 1
105 3 1 1 1
106 4 0 0 3
107 2 4 1 1
108 4 1 2 1
109 2 1 2 0
110 4 2 3 0
111 3 3 1 5
112 2 2 1 3
113 2 2 0 2
114 3 0 1 3
115 5 3 0 3
116 1 2 1 3
117 2 1 2 5
118 2 1 0 4
119 2 1 4 3
120 0 0 1 3
121 3 1 1 0
122 0 2 1 2
123 2 1 0 4
124 3 4 2 5
125 4 0 0 0
126 2 1 1 3
127 1 1 0 1
128 4 0 2 5
129 2 1 1 1
130 5 5 1 0
131 7 0 1 3
132 5 1 0 0
133 6 1 1 4
134 8 1 0 1
135 6 2 1 3
136 9 4 1 0
137 5 4 2 7
138 7 0 3 1
139 6 4 6 2
140 8 4 1 3
141 9 5 3 4
142 9 4 2 3
143 10 3 1 11
144 8 4 1 4
145 6 2 5 7
146 2 6 1 6
147 4 3 5 5
148 2 8 3 6
149 7 8 4 5
150 6 3 6 6
151 6 1 4 7
152 9 1 4 10
153 6 0 1 6
154 4 3 4 9
155 6 2 1 10
156 13 2 3 13
157 12 3 2 3
158 11 5 1 4
159 10 6 3 1
160 16 3 4 4
161 14 8 4 9
162 13 4 3 7
163 10 5 3 7
164 9 3 4 4
165 15 9 4 8
166 11 9 8 6
167 11 6 6 10
168 12 8 2 9
169 17 9 8 12
170 16 3 5 6
171 13 6 7 10
172 12 7 4 12
173 11 4 5 21
174 13 15 6 9
175 9 6 4 14
176 12 8 3 16
177 8 8 4 12
178 19 7 5 11
179 18 13 5 10
180 16 8 6 9
181 16 7 5 19
182 18 4 4 10
183 18 8 2 14
184 26 11 2 14
185 24 12 3 11
186 21 11 3 13
187 11 15 8 9
188 12 11 7 13
189 21 6 11 11
190 15 10 9 11
191 20 11 8 17
192 16 8 5 19
193 17 15 10 17
194 27 14 10 21
195 12 10 5 15
196 10 12 7 13
197 17 4 7 29
198 17 7 13 23
199 13 14 7 19
200 10 10 6 20
201 9 9 4 15
202 11 14 5 18
203 11 11 7 15
204 10 7 5 14
205 16 8 4 13
206 15 8 3 25
207 13 11 4 16
208 15 7 6 12
209 12 3 4 17
210 19 6 5 15
211 7 9 6 14
212 16 6 6 13
213 10 9 8 7
214 10 6 6 11
215 10 12 2 14
216 9 4 3 10
217 8 11 5 15
218 6 10 3 13
219 6 11 6 18
220 6 3 4 9
221 4 7 5 15
222 5 1 7 12
223 8 2 6 9
224 5 6 5 12
225 5 2 3 10
226 5 4 2 16
227 0 6 1 7
228 5 3 3 10
229 9 3 3 7
230 4 6 1 7
231 6 0 1 12
232 10 3 0 4
233 5 4 3 7
234 4 3 2 5
235 6 5 2 3
236 1 2 2 4
237 0 5 3 10
238 6 5 3 2
239 1 1 1 6
240 4 3 1 4
241 2 1 3 8
242 3 2 0 6
243 6 4 3 2
244 3 1 4 6
245 4 2 1 7
246 1 1 0 3
247 2 1 0 5
248 4 2 1 5
249 3 1 2 4
250 1 3 1 3
251 0 3 0 1
252 0 3 2 2
253 0 1 2 2
254 0 2 1 4
255 0 0 1 1
256 1 1 0 3
257 2 2 1 2
258 3 0 1 2
259 1 0 0 6
260 1 0 0 3
261 0 0 0 6
262 0 1 1 1
263 0 0 0 0
264 0 0 1 0
265 2 1 1 0
266 1 0 0 0
267 0 0 3 0
268 0 0 0 0
269 1 0 0 2
270 0 0 0 1
271 1 0 0 2
272 0 0 0 2
273 0 0 0 0
274 0 1 1 1
275 0 1 0 0
276 0 0 1 0
277 0 0 0 0
278 0 1 0 2
279 0 0 0 0
280 1 0 0 0
281 0 0 0 0
282 0 0 0 1
283 0 0 0 1
284 0 0 0 0
285 0 0 0 1
286 0 0 0 0
287 2 0 0 0
288 0 0 0 0
289 1 1 0 0
290 0 0 0 0
291 1 0 0 0
292 1 2 0 0
293 1 0 0 0
294 1 0 0 0
295 0 0 0 0
296 0 0 1 2
297 0 0 0 0
298 0 0 1 0
299 0 0 0 1
300 0 0 0 0
301 0 1 0 0
302 0 1 0 1
303 0 0 1 1
304 0 0 0 0
305 0 0 0 1
306 0 0 0 0
307 0 0 0 0
308 0 0 0 0
309 0 0 0 1
310 0 0 0 1
311 0 0 0 0
312 0 0 0 0
313 0 0 0 0
314 0 0 0 0
315 0 0 0 0
316 0 0 0 0
317 0 0 0 0
318 0 0 0 0
319 0 0 0 0
320 0 0 0 0
321 0 0 0 0
322 0 0 0 0
323 0 0 0 0
324 0 0 0 0
325 0 0 0 0
326 0 0 0 0
327 0 0 0 0
328 0 0 0 0
329 0 0 0 0
330 0 0 0 0
331 0 0 0 0
332 0 0 0 0
333 0 0 0 0
334 0 0 0 0
335 0 0 0 0
336 0 0 0 0
337 0 0 0 0
338 0 0 0 0
339 0 0 0 0
340 0 0 0 0
341 0 0 0 0
342 0 0 0 0
343 0 0 0 0
344 0 0 0 0
345 0 0 0 0
346 0 0 0 0
347 0 0 0 0
348 0 0 0 0
349 0 0 0 0
350 0 0 0 0
351 0 0 0 0
352 0 0 0 0
353 0 0 0 0
354 0 0 0 0
355 0 0 0 0
356 0 0 0 0
357 0 0 0 0
358 0 0 0 0
359 0 0 0 0
360 0 0 0 0
361 0 0 0 0
362 0 0 0 0
363 0 0 0 0
364 0 0 0 0
365 0 0 0 0
366 0 0 0 0
367 0 0 0 0
368 0 0 0 0
369 0 0 0 0
370 0 0 0 0
371 0 0 0 0
372 0 0 0 0
373 0 0 0 0
374 0 0 0 0
375 0 0 0 0
376 0 0 0 0
377 0 0 0 0
378 0 0 0 0
379 0 0 0 0
380 0 0 0 0
381 0 0 0 0
382 0 0 0 0
383 0 0 0 0
384 0 0 0 0
385 0 0 0 0
386 0 0 0 0
387 0 0 0 0
388 0 0 0 0
389 0 0 0 0
390 0 0 0 0
391 0 0 0 0
392 0 0 0 0
393 0 0 0 0
394 0 0 0 0
395 0 0 0 0
396 0 0 0 0
397 0 0 0 0
398 0 0 0 0
399 0 0 0 0
400 0 0 0 0
401 0 0 0 0
402 0 0 0 0
403 0 0 0 0
404 0 0 0 0
405 0 0 0 0
406 0 0 0 0
407 0 0 0 0
408 0 0 0 0
409 0 0 0 0
410 0 0 0 0
411 0 0 0 0
412 0 0 0 0
413 0 0 0 0
414 0 0 0 0
415 0 0 0 0
416 0 0 0 0
417 0 0 0 0
418 0 0 0 0
419 0 0 0 0
420 0 0 0 0
421 0 0 0 0
422 0 0 0 0
423 0 0 0 0
424 0 0 0 0
425 0 0 0 0
426 0 0 0 0
427 0 0 0 0
428 0 0 0 0
429 0 0 0 0
430 0 0 0 0
431 0 0 0 0
432 0 0 0 0
433 0 0 0 0
434 0 0 0 0
435 0 0 0 0
436 0 0 0 0
437 0 0 0 0
438 0 0 0 0
439 0 0 0 0
440 0 0 0 0
441 0 0 0 0
442 0 0 0 0
443 0 0 0 0
444 0 0 0 0
445 0 0 0 0
446 0 0 0 0
447 0 0 0 0
448 0 0 0 0
449 0 0 0 0
450 0 0 0 0
451 0 0 0 0
452 0 0 0 0
453 0 0 0 0
454 0 0 0 0
455 0 0 0 0
456 0 0 0 0
457 0 0 0 0
458 0 0 0 0
459 0 0 0 0
460 0 0 0 0
461 0 0 0 0
462 0 0 0 0
463 0 0 0 0
464 0 0 0 0
465 0 0 0 0
466 0 0 0 0
467 0 0 0 0
468 0 0 0 0
469 0 0 0 0
470 0 0 0 0
471 0 0 0 0
472 0 0 0 0
473 0 0 0 0
474 0 0 0 0
475 0 0 0 0
476 0 0 0 0
477 0 0 0 0
478 0 0 0 0
479 0 0 0 0
480 0 0 0 0
481 0 0 0 0
482 0 0 0 0
483 0 0 0 0
484 0 0 0 0
485 0 0 0 0
486 0 0 0 0
487 0 0 0 0
488 0 0 0 0
489 0 0 0 0
490 0 0 0 0
491 0 0 0 0
492 0 0 0 0
493 0 0 0 0
494 0 0 0 0
495 0 0 0 0
496 0 0 0 0
497 0 0 0 0
498 0 0 0 0
499 0 0 0 0
500 0 0 0 0
501 0 0 0 0
502 0 0 0 0
503 0 0 0 0
504 0 0 0 0
505 0 0 0 0
506 0 0 0 0
507 0 0 0 0
508 0 0 0 0
509 0 0 0 0
510 0 0 0 0
511 0 0 0 0
512 0 0 0 0
513 0 0 0 0
514 0 0 0 0
515 0 0 0 0
516 0 0 0 0
517 0 0 0 0
518 0 0 0 0
519 0 0 0 0
520 0 0 0 0
521 0 0 0 0
522 0 0 0 0
523 0 0 0 0
524 0 0 0 0
525 0 0 0 0
526 0 0 0 0
527 0 0 0 0
528 0 0 0 0
529 0 0 0 0
530 0 0 0 0
531 0 0 0 0
532 0 0 0 0
533 0 0 0 0
534 0 0 0 0
535 0 0 0 0
536 0 0 0 0
537 0 0 0 0
538 0 0 0 0
539 0 0 0 0
540 0 0 0 0
541 0 0 0 0
542 0 0 0 0
543 0 0 0 0
544 0 0 0 0
545 0 0 0 0
546 0 0 0 0
547 0 0 0 0
548 0 0 0 0
549 0 0 0 0
550 0 0 0 0
551 0 0 0 0
552 0 0 0 0
553 0 0 0 0
554 0 0 0 0
555 0 0 0 0
556 0 0 0 0
557 0 0 0 0
558 0 0 0 0
559 0 0 0 0
560 0 0 0 0
561 0 0 0 0
562 0 0 0 0
563 0 0 0 0
564 0 0 0 0
565 0 0 0 0
566 0 0 0 0
567 0 0 0 0
568 0 0 0 0
569 0 0 0 0
570 0 0 0 0
571 0 0 0 0
572 0 0 0 0
573 0 0 0 0
574 0 0 0 0
575 0 0 0 0
576 0 0 0 0
577 0 0 0 0
578 0 0 0 0
579 0 0 0 0
580 0 0 0 0
581 0 0 0 0
582 0 0 0 0
583 0 0 0 0
584 0 0 0 0
585 0 0 0 0
586 0 0 0 0
587 0 0 0 0
588 0 0 0 0
589 0 0 0 0
590 0 0 0 0
591 0 0 0 0
592 0 0 0 0
593 0 0 0 0
594 0 0 0 0
595 0 0 0 0
596 0 0 0 0
597 0 0 0 0
598 0 0 0 0
599 0 0 0 0
600 0 0 0 0
601 0 0 0 0
602 0 0 0 0
603 0 0 0 0
604 0 0 0 0
605 0 0 0 0
606 0 0 0 0
607 0 0 0 0
608 0 0 0 0
609 0 0 0 0
610 0 0 0 0
611 0 0 0 0
612 0 0 0 0
613 0 0 0 0
614 0 0 0 0
615 0 0 0 0
616 0 0 0 0
617 0 0 0 0
618 0 0 0 0
619 0 0 0 0
620 0 0 0 0
621 0 0 0 0
622 0 0 0 0
623 0 0 0 0
624 0 0 0 0
625 0 0 0 0
626 0 0 0 0
627 0 0 0 0
628 0 0 0 0
629 0 0 0 0
630 0 0 0 0
631 0 0 0 0
632 0 0 0 0
633 0 0 0 0
634 0 0 0 0
635 0 0 0 0
636 0 0 0 0
637 0 0 0 0
638 0 0 0 0
639 0 0 0 0
640 0 0 0 0
641 0 0 0 0
642 0 0 0 0
643 0 0 0 0
644 0 0 0 0
645 0 0 0 0
646 0 0 0 0
647 0 0 0 0
648 0 0 0 0
649 0 0 0 0
650 0 0 0 0
651 0 0 0 0
652 0 0 0 0
653 0 0 0 0
654 0 0 0 0
655 0 0 0 0
656 0 0 0 0
657 0 0 0 0
658 0 0 0 0
659 0 0 0 0
660 0 0 0 0
661 0 0 0 0
662 0 0 0 0
663 0 0 0 0
664 0 0 0 0
665 0 0 0 0
666 0 0 0 0
667 0 0 0 0
668 0 0 0 0
669 0 0 0 0
670 0 0 0 0
671 0 0 0 0
672 0 0 0 0
673 0 0 0 0
674 0 0 0 0
675 0 0 0 0
676 0 0 0 0
677 0 0 0 0
678 0 0 0 0
679 0 0 0 0
680 0 0 0 0
681 0 0 0 0
682 0 0 0 0
683 0 0 0 0
684 0 0 0 0
685 0 0 0 0
686 0 0 0 0
687 0 0 0 0
688 0 0 0 0
689 0 0 0 0
690 0 0 0 0
691 0 0 0 0
692 0 0 0 0
693 0 0 0 0
694 0 0 0 0
695 0 0 0 0
696 0 0 0 0
697 0 0 0 0
698 0 0 0 0
699 0 0 0 0
700 0 0 0 0
701 0 0 0 0
702 0 0 0 0
703 0 0 0 0
704 0 0 0 0
705 0 0 0 0
706 0 0 0 0
707 0 0 0 0
708 0 0 0 0
709 0 0 0 0
710 0 0 0 0
711 0 0 0 0
712 0 0 0 0
713 0 0 0 0
714 0 0 0 0
715 0 0 0 0
716 0 0 0 0
717 0 0 0 0
718 0 0 0 0
719 0 0 0 0
720 0 0 0 0
721 0 0 0 0
722 0 0 0 0
723 0 0 0 0
724 0 0 0 0
725 0 0 0 0
726 0 0 0 0
727 0 0 0 0
