0 0 0 0 0
1 0 0 0 0
2 0 0 0 0
3 0 0 0 0
4 0 0 0 0
5 0 0 3 0
6 0 0 0 0
7 0 1 0 0
8 0 0 0 0
9 0 0 1 1
10 0 0 0 1
11 0 0 0 0
12 0 0 0 1
13 0 0 0 1
14 0 0 0 0
15 0 0 0 0
16 1 0 0 1
17 0 0 0 0
18 0 0 0 0
19 0 0 0 0
20 1 0 0 0
21 1 1 0 0
22 1 0 0 0
23 2 0 0 0
24 1 0 0 0
25 2 0 0 1
26 1 1 0 0
27 1 0 0 0
28 1 2 0 0
29 1 2 0 0
30 1 1 0 1
31 1 0 1 0
32 0 0 1 2
33 1 0 0 1
34 0 1 0 0
35 0 1 2 1
36 0 0 0 1
37 0 1 0 1
38 0 0 0 0
39 1 0 0 3
40 0 0 1 0
41 2 0 0 2
42 0 0 1 1
43 1 0 0 0
44 0 0 0 0
45 1 0 0 0
46 2 0 1 1
47 2 0 0 1
48 3 2 0 0
49 1 0 0 0
50 1 1 0 1
51 2 1 0 0
52 2 1 0 0
53 1 1 1 0
54 2 1 1 0
55 1 1 1 2
56 3 1 0 0
57 2 2 1 2
58 2 1 0 2
59 1 1 0 2
60 4 2 1 1
61 2 2 0 3
62 3 2 0 2
63 3 2 1 2
64 1 0 0 3
65 2 0 2 0
66 4 1 1 1
67 1 1 0 3
68 1 3 1 2
69 5 3 1 2
70 2 0 2 2
71 3 2 1 1
72 2 0 1 2
73 6 0 0 3
74 5 2 2 0
75 7 0 2 4
76 4 2 2 3
77 4 2 0 2
78 1 4 1 5
79 5 3 1 1
80 3 2 1 3
81 3 2 2 3
82 5 1 2 5
83 4 1 3 3
84 2 3 3 1
85 3 2 1 3
86 1 2 2 4
87 3 1 0 6
88 5 2 3 7
89 4 2 0 3
90 3 1 2 4
91 2 1 2 2
92 7 3 1 3
93 2 4 2 2
94 6 4 1 0
95 2 1 1 4
96 7 1 0 2
97 13 4 2 7
98 2 1 0 7
99 7 0 4 4
100 8 0 3 1
101 4 5 3 4
102 7 7 3 1
103 4 4 1 1
104 5 6 2 4
105 6 3 1 5
106 12 5 2 12
107 6 2 1 5
108 4 1 1 7
109 6 4 3 5
110 6 0 2 6
111 3 2 6 6
112 7 5 2 1
113 5 6 0 9
114 8 5 2 4
115 6 2 6 7
116 6 2 1 4
117 6 4 4 3
118 13 7 1 4
119 9 4 4 8
120 4 3 1 6
121 9 3 1 9
122 8 2 2 5
123 5 8 4 5
124 6 5 4 5
125 7 5 0 8
126 13 5 4 7
127 9 8 2 9
128 8 3 3 8
129 10 4 3 6
130 3 8 0 13
131 9 8 3 8
132 8 3 7 5
133 11 6 1 6
134 11 3 4 9
135 10 5 0 8
136 7 6 2 6
137 12 4 2 10
138 12 5 4 10
139 19 4 5 9
140 15 8 3 7
141 9 5 3 3
142 14 5 5 7
143 11 6 4 7
144 10 9 8 9
145 15 5 7 9
146 12 9 2 14
147 8 8 7 12
148 12 7 6 12
149 15 5 4 7
150 14 6 7 11
151 13 5 5 18
152 10 5 7 12
153 12 5 7 12
154 11 10 3 11
155 17 13 5 13
156 12 6 5 12
157 11 8 8 8
158 22 10 2 11
159 18 6 5 9
160 13 2 8 14
161 19 3 3 16
162 16 8 6 19
163 17 11 3 7
164 15 9 12 14
165 20 10 6 9
166 14 11 10 15
167 20 15 7 11
168 23 8 7 17
169 22 8 4 12
170 18 8 8 17
171 19 5 7 18
172 12 12 8 17
173 18 14 7 19
174 12 16 8 19
175 15 7 5 14
176 20 6 8 15
177 20 15 6 20
178 20 14 7 12
179 27 12 6 13
180 14 12 11 16
181 23 5 5 27
182 18 11 6 20
183 23 9 7 17
184 31 6 6 22
185 34 11 8 16
186 25 14 6 20
187 23 10 12 18
188 26 16 15 15
189 25 14 7 16
190 39 18 13 19
191 24 9 7 9
192 27 12 11 28
193 18 16 15 23
194 36 21 14 27
195 26 26 11 21
196 23 15 12 13
197 38 10 17 35
198 36 12 12 30
199 28 18 16 42
200 26 12 8 31
201 21 13 12 35
202 16 9 14 20
203 21 12 23 25
204 29 15 11 22
205 20 19 8 23
206 23 21 9 29
207 19 18 11 26
208 28 13 9 28
209 22 14 13 24
210 14 15 6 37
211 14 8 9 29
212 11 12 9 24
213 21 15 18 34
214 16 16 7 20
215 14 11 7 19
216 10 9 8 14
217 9 7 6 28
218 7 14 7 23
219 10 10 8 21
220 11 9 6 24
221 10 6 3 15
222 8 5 7 23
223 8 6 3 19
224 7 5 7 13
225 14 7 6 14
226 10 3 5 12
227 7 8 3 15
228 8 6 2 9
229 6 7 4 13
230 11 4 5 10
231 7 2 4 7
232 9 4 3 12
233 9 4 0 11
234 5 4 5 13
235 3 5 7 9
236 6 3 2 6
237 6 7 5 4
238 7 3 5 7
239 3 6 3 12
240 6 6 2 3
241 3 2 3 10
242 1 4 4 8
243 4 3 2 12
244 2 2 2 10
245 4 4 2 7
246 2 3 1 9
247 1 1 4 6
248 2 0 2 5
249 2 2 2 6
250 5 5 0 5
251 2 1 1 5
252 4 4 1 3
253 5 0 0 3
254 2 1 1 6
255 3 1 0 1
256 3 2 0 6
257 7 3 1 0
258 3 3 1 2
259 1 4 1 3
260 4 0 1 0
261 3 1 2 4
262 4 3 2 6
263 0 0 2 6
264 1 1 1 0
265 0 3 1 3
266 0 2 2 5
267 1 2 2 1
268 1 0 1 2
269 2 2 1 2
270 1 3 0 3
271 2 1 0 3
272 1 1 0 2
273 3 1 0 6
274 1 1 0 3
275 1 1 0 0
276 1 2 0 2
277 1 0 1 2
278 1 2 1 1
279 2 0 1 1
280 0 0 0 3
281 0 1 0 2
282 0 2 0 3
283 0 0 1 1
284 0 2 1 0
285 0 0 0 0
286 0 0 0 0
287 0 0 0 2
288 0 0 0 2
289 0 0 0 1
290 0 0 0 0
291 0 0 0 2
292 0 0 0 0
293 0 0 0 0
294 0 0 0 0
295 0 0 0 0
296 0 0 0 0
297 0 0 0 0
298 0 0 0 0
299 0 0 0 0
300 0 0 0 0
301 0 0 0 0
302 0 0 0 0
303 0 0 0 0
304 0 0 0 0
305 1 0 0 0
306 0 0 0 0
307 1 0 0 0
308 0 0 0 0
309 0 0 0 0
310 0 1 0 0
311 0 0 0 0
312 0 0 0 0
313 0 0 0 0
314 0 0 0 0
315 0 0 0 0
316 0 1 0 0
317 0 0 0 1
318 0 0 0 0
319 0 0 0 0
320 0 0 0 0
321 0 0 0 0
322 0 0 0 0
323 0 0 0 1
324 0 0 0 0
325 0 0 0 0
326 0 0 0 0
327 0 0 0 0
328 0 0 0 0
329 0 0 0 0
330 0 0 0 0
331 0 0 0 0
332 0 0 0 0
333 0 0 0 0
334 0 0 0 0
335 0 0 0 0
336 0 0 0 0
337 0 0 0 0
338 0 0 0 0
339 0 0 0 0
340 0 0 0 0
341 0 0 0 0
342 0 0 0 0
343 0 0 0 0
344 0 0 0 0
345 0 0 0 0
346 0 0 0 0
347 0 0 0 0
348 0 0 0 0
349 0 0 0 0
350 0 0 0 0
351 0 0 0 0
352 0 0 0 0
353 0 0 0 0
354 0 0 0 0
355 0 0 0 0
356 0 0 0 0
357 0 0 0 0
358 0 0 0 0
359 0 0 0 0
360 0 0 0 0
361 0 0 0 0
362 0 0 0 0
363 0 0 0 0
364 0 0 0 0
365 0 0 0 0
366 0 0 0 0
367 0 0 0 0
368 0 0 0 0
369 0 0 0 0
370 0 0 0 0
371 0 0 0 0
372 0 0 0 0
373 0 0 0 0
374 0 0 0 0
375 0 0 0 0
376 0 0 0 0
377 0 0 0 0
378 0 0 0 0
379 0 0 0 0
380 0 0 0 0
381 0 0 0 0
382 0 0 0 0
383 0 0 0 0
384 0 0 0 0
385 0 0 0 0
386 0 0 0 0
387 0 0 0 0
388 0 0 0 0
389 0 0 0 0
390 0 0 0 0
391 0 0 0 0
392 0 0 0 0
393 0 0 0 0
394 0 0 0 0
395 0 0 0 0
396 0 0 0 0
397 0 0 0 0
398 0 0 0 0
399 0 0 0 0
400 0 0 0 0
401 0 0 0 0
402 0 0 0 0
403 0 0 0 0
404 0 0 0 0
405 0 0 0 0
406 0 0 0 0
407 0 0 0 0
408 0 0 0 0
409 0 0 0 0
410 0 0 0 0
411 0 0 0 0
412 0 0 0 0
413 0 0 0 0
414 0 0 0 0
415 0 0 0 0
416 0 0 0 0
417 0 0 0 0
418 0 0 0 0
419 0 0 0 0
420 0 0 0 0
421 0 0 0 0
422 0 0 0 0
423 0 0 0 0
424 0 0 0 0
425 0 0 0 0
426 0 0 0 0
427 0 0 0 0
428 0 0 0 0
429 0 0 0 0
430 0 0 0 0
431 0 0 0 0
432 0 0 0 0
433 0 0 0 0
434 0 0 0 0
435 0 0 0 0
436 0 0 0 0
437 0 0 0 0
438 0 0 0 0
439 0 0 0 0
440 0 0 0 0
441 0 0 0 0
442 0 0 0 0
443 0 0 0 0
444 0 0 0 0
445 0 0 0 0
446 0 0 0 0
447 0 0 0 0
448 0 0 0 0
449 0 0 0 0
450 0 0 0 0
451 0 0 0 0
452 0 0 0 0
453 0 0 0 0
454 0 0 0 0
455 0 0 0 0
456 0 0 0 0
457 0 0 0 0
458 0 0 0 0
459 0 0 0 0
460 0 0 0 0
461 0 0 0 0
462 0 0 0 0
463 0 0 0 0
464 0 0 0 0
465 0 0 0 0
466 0 0 0 0
467 0 0 0 0
468 0 0 0 0
469 0 0 0 0
470 0 0 0 0
471 0 0 0 0
472 0 0 0 0
473 0 0 0 0
474 0 0 0 0
475 0 0 0 0
476 0 0 0 0
477 0 0 0 0
478 0 0 0 0
479 0 0 0 0
480 0 0 0 0
481 0 0 0 0
482 0 0 0 0
483 0 0 0 0
484 0 0 0 0
485 0 0 0 0
486 0 0 0 0
487 0 0 0 0
488 0 0 0 0
489 0 0 0 0
490 0 0 0 0
491 0 0 0 0
492 0 0 0 0
493 0 0 0 0
494 0 0 0 0
495 0 0 0 0
496 0 0 0 0
497 0 0 0 0
498 0 0 0 0
499 0 0 0 0
500 0 0 0 0
501 0 0 0 0
502 0 0 0 0
503 0 0 0 0
504 0 0 0 0
505 0 0 0 0
506 0 0 0 0
507 0 0 0 0
508 0 0 0 0
509 0 0 0 0
510 0 0 0 0
511 0 0 0 0
512 0 0 0 0
513 0 0 0 0
514 0 0 0 0
515 0 0 0 0
516 0 0 0 0
517 0 0 0 0
518 0 0 0 0
519 0 0 0 0
520 0 0 0 0
521 0 0 0 0
522 0 0 0 0
523 0 0 0 0
524 0 0 0 0
525 0 0 0 0
526 0 0 0 0
527 0 0 0 0
528 0 0 0 0
529 0 0 0 0
530 0 0 0 0
531 0 0 0 0
532 0 0 0 0
533 0 0 0 0
534 0 0 0 0
535 0 0 0 0
536 0 0 0 0
537 0 0 0 0
538 0 0 0 0
539 0 0 0 0
540 0 0 0 0
541 0 0 0 0
542 0 0 0 0
543 0 0 0 0
544 0 0 0 0
545 0 0 0 0
546 0 0 0 0
547 0 0 0 0
548 0 0 0 0
549 0 0 0 0
550 0 0 0 0
551 0 0 0 0
552 0 0 0 0
553 0 0 0 0
554 0 0 0 0
555 0 0 0 0
556 0 0 0 0
557 0 0 0 0
558 0 0 0 0
559 0 0 0 0
560 0 0 0 0
561 0 0 0 0
562 0 0 0 0
563 0 0 0 0
564 0 0 0 0
565 0 0 0 0
566 0 0 0 0
567 0 0 0 0
568 0 0 0 0
569 0 0 0 0
570 0 0 0 0
571 0 0 0 0
572 0 0 0 0
573 0 0 0 0
574 0 0 0 0
575 0 0 0 0
576 0 0 0 0
577 0 0 0 0
578 0 0 0 0
579 0 0 0 0
580 0 0 0 0
581 0 0 0 0
582 0 0 0 0
583 0 0 0 0
584 0 0 0 0
585 0 0 0 0
586 0 0 0 0
587 0 0 0 0
588 0 0 0 0
589 0 0 0 0
590 0 0 0 0
591 0 0 0 0
592 0 0 0 0
593 0 0 0 0
594 0 0 0 0
595 0 0 0 0
596 0 0 0 0
597 0 0 0 0
598 0 0 0 0
599 0 0 0 0
600 0 0 0 0
601 0 0 0 0
602 0 0 0 0
603 0 0 0 0
604 0 0 0 0
605 0 0 0 0
606 0 0 0 0
607 0 0 0 0
608 0 0 0 0
609 0 0 0 0
610 0 0 0 0
611 0 0 0 0
612 0 0 0 0
613 0 0 0 0
614 0 0 0 0
615 0 0 0 0
616 0 0 0 0
617 0 0 0 0
618 0 0 0 0
619 0 0 0 0
620 0 0 0 0
621 0 0 0 0
622 0 0 0 0
623 0 0 0 0
624 0 0 0 0
625 0 0 0 0
626 0 0 0 0
627 0 0 0 0
628 0 0 0 0
629 0 0 0 0
630 0 0 0 0
631 0 0 0 0
632 0 0 0 0
633 0 0 0 0
634 0 0 0 0
635 0 0 0 0
636 0 0 0 0
637 0 0 0 0
638 0 0 0 0
639 0 0 0 0
640 0 0 0 0
641 0 0 0 0
642 0 0 0 0
643 0 0 0 0
644 0 0 0 0
645 0 0 0 0
646 0 0 0 0
647 0 0 0 0
648 0 0 0 0
649 0 0 0 0
650 0 0 0 0
651 0 0 0 0
652 0 0 0 0
653 0 0 0 0
654 0 0 0 0
655 0 0 0 0
656 0 0 0 0
657 0 0 0 0
658 0 0 0 0
659 0 0 0 0
660 0 0 0 0
661 0 0 0 0
662 0 0 0 0
663 0 0 0 0
664 0 0 0 0
665 0 0 0 0
666 0 0 0 0
667 0 0 0 0
668 0 0 0 0
669 0 0 0 0
670 0 0 0 0
671 0 0 0 0
672 0 0 0 0
673 0 0 0 0
674 0 0 0 0
675 0 0 0 0
676 0 0 0 0
677 0 0 0 0
678 0 0 0 0
679 0 0 0 0
680 0 0 0 0
681 0 0 0 0
682 0 0 0 0
683 0 0 0 0
684 0 0 0 0
685 0 0 0 0
686 0 0 0 0
687 0 0 0 0
688 0 0 0 0
689 0 0 0 0
690 0 0 0 0
691 0 0 0 0
692 0 0 0 0
693 0 0 0 0
694 0 0 0 0
695 0 0 0 0
696 0 0 0 0
697 0 0 0 0
698 0 0 0 0
699 0 0 0 0
700 0 0 0 0
701 0 0 0 0
702 0 0 0 0
703 0 0 0 0
704 0 0 0 0
705 0 0 0 0
706 0 0 0 0
707 0 0 0 0
708 0 0 0 0
709 0 0 0 0
710 0 0 0 0
711 0 0 0 0
712 0 0 0 0
713 0 0 0 0
714 0 0 0 0
715 0 0 0 0
716 0 0 0 0
717 0 0 0 0
718 0 0 0 0
719 0 0 0 0
720 0 0 0 0
721 0 0 0 0
722 0 0 0 0
723 0 0 0 0
724 0 0 0 0
725 0 0 0 0
726 0 0 0 0
727 0 0 0 0
