0 0 0 0 0
1 0 0 0 0
2 0 0 0 0
3 0 0 0 0
4 0 0 0 0
5 0 0 2 0
6 0 0 0 0
7 0 0 0 0
8 0 0 0 0
9 0 2 1 0
10 0 0 0 0
11 0 0 0 0
12 0 0 0 2
13 0 0 0 1
14 0 0 0 0
15 0 0 0 0
16 0 0 0 2
17 0 0 0 0
18 0 0 0 0
19 0 0 0 0
20 0 0 0 0
21 3 0 0 0
22 1 0 0 0
23 2 0 0 0
24 1 0 0 0
25 0 0 0 0
26 0 0 1 0
27 0 0 1 0
28 0 0 2 0
29 0 0 1 0
30 0 0 1 1
31 0 0 0 1
32 0 0 0 1
33 0 1 0 1
34 0 0 0 0
35 0 0 0 2
36 0 0 0 0
37 0 0 0 0
38 0 0 0 0
39 0 0 0 0
40 0 0 0 1
41 0 0 0 0
42 0 0 0 0
43 0 0 0 0
44 1 0 0 0
45 0 0 0 0
46 0 0 0 0
47 1 0 0 0
48 0 0 0 0
49 0 1 0 0
50 1 0 0 0
51 0 0 0 0
52 1 0 1 0
53 1 0 0 0
54 0 0 0 0
55 0 0 0 0
56 0 0 0 2
57 0 0 1 0
58 0 0 1 0
59 0 0 1 0
60 0 0 0 0
61 0 0 0 0
62 0 0 0 1
63 0 0 0 1
64 0 0 0 1
65 1 0 0 0
66 1 0 0 0
67 3 0 0 0
68 1 0 0 0
69 2 0 0 0
70 2 1 0 0
71 1 0 0 0
72 2 0 2 0
73 1 1 0 0
74 2 2 0 0
75 2 2 0 0
76 2 1 1 1
77 2 1 1 0
78 0 1 0 2
79 0 0 1 3
80 2 0 0 1
81 0 0 0 1
82 1 0 1 3
83 0 0 2 2
84 0 1 1 0
85 1 1 1 0
86 1 0 1 2
87 1 0 1 2
88 0 0 0 1
89 2 2 0 1
90 1 0 0 0
91 1 0 0 0
92 2 1 0 2
93 0 0 0 2
94 1 0 2 1
95 1 1 0 0
96 3 0 1 2
97 1 0 1 0
98 3 1 0 1
99 3 0 1 0
100 3 0 0 0
101 2 2 3 2
102 1 1 0 2
103 2 3 0 1
104 2 1 1 0
105 4 1 0 3
106 3 2 0 1
107 4 0 0 4
108 4 2 0 3
109 2 3 0 0
110 1 2 1 1
111 4 1 0 2
112 1 3 1 0
113 3 1 1 2
114 1 4 0 2
115 2 2 0 2
116 5 2 1 4
117 5 3 1 4
118 4 2 0 1
119 6 1 0 3
120 4 3 1 2
121 4 1 1 5
122 5 1 3 2
123 5 3 2 1
124 6 1 3 5
125 4 4 0 2
126 7 5 2 3
127 7 1 1 3
128 0 3 2 1
129 3 1 3 5
130 0 1 1 6
131 4 5 2 3
132 1 2 2 4
133 3 3 3 6
134 6 3 1 2
135 8 2 1 8
136 3 3 5 5
137 3 1 0 4
138 5 2 1 5
139 7 3 1 3
140 9 1 2 10
141 8 1 1 1
142 5 3 1 3
143 5 6 0 4
144 6 7 4 4
145 9 2 4 1
146 8 3 2 3
147 6 3 2 3
148 4 2 0 10
149 7 3 2 9
150 9 5 2 7
151 12 4 1 5
152 9 2 3 1
153 10 4 2 6
154 7 3 3 6
155 8 8 3 6
156 8 9 3 2
157 4 5 2 6
158 12 9 3 4
159 12 5 4 6
160 12 7 2 14
161 11 3 4 7
162 13 5 3 12
163 11 8 0 7
164 9 6 2 6
165 9 8 2 9
166 12 6 4 10
167 11 9 6 10
168 8 8 6 9
169 9 5 2 12
170 12 9 1 5
171 14 6 5 11
172 16 8 2 14
173 8 6 5 11
174 12 2 4 13
175 9 9 5 10
176 7 9 4 8
177 8 7 2 13
178 8 6 3 10
179 13 5 4 14
180 12 5 5 6
181 17 8 5 5
182 13 6 6 11
183 14 4 5 12
184 11 11 4 12
185 12 6 5 10
186 12 10 4 12
187 19 9 4 7
188 16 9 4 14
189 16 3 4 14
190 17 6 4 12
191 17 7 7 15
192 14 10 6 10
193 13 9 9 10
194 14 5 9 15
195 18 8 6 13
196 10 7 8 12
197 18 7 8 13
198 23 6 8 14
199 14 11 4 12
200 14 14 4 17
201 12 5 7 10
202 13 9 7 19
203 18 12 2 12
204 18 12 6 20
205 9 5 6 11
206 12 11 4 13
207 15 14 7 17
208 8 10 5 16
209 8 9 5 13
210 11 7 2 16
211 9 10 4 22
212 7 9 8 15
213 5 5 10 13
214 11 8 2 13
215 5 5 4 12
216 5 10 3 19
217 11 4 4 10
218 5 4 2 11
219 9 9 5 13
220 4 5 1 20
221 8 5 2 9
222 9 5 2 4
223 7 5 2 10
224 6 3 3 9
225 3 3 0 8
226 5 6 3 10
227 3 5 3 6
228 3 6 2 5
229 3 6 3 4
230 1 4 0 5
231 1 2 3 9
232 1 0 4 4
233 5 2 0 10
234 5 3 2 7
235 1 1 1 8
236 2 1 2 7
237 2 1 2 2
238 1 3 1 5
239 2 2 2 3
240 2 0 2 3
241 2 0 0 3
242 1 2 0 3
243 3 3 0 3
244 0 0 0 3
245 4 1 1 1
246 2 2 0 2
247 0 0 1 3
248 0 3 1 0
249 1 1 1 4
250 0 2 2 3
251 0 0 0 1
252 1 1 0 2
253 1 0 0 3
254 1 1 1 4
255 1 2 0 2
256 2 0 0 0
257 0 0 1 0
258 1 1 0 1
259 2 0 1 2
260 2 0 1 0
261 1 0 0 1
262 1 0 0 1
263 2 1 0 0
264 0 0 1 2
265 0 1 1 1
266 1 1 0 1
267 0 0 1 0
268 1 1 1 0
269 0 1 1 1
270 0 0 0 1
271 0 0 0 1
272 1 1 0 3
273 2 1 0 3
274 0 0 0 1
275 1 1 0 0
276 0 0 0 1
277 1 1 0 1
278 1 1 0 0
279 0 0 0 0
280 0 1 0 0
281 2 0 0 1
282 1 1 1 1
283 2 1 0 1
284 1 0 0 1
285 0 0 0 0
286 1 1 0 2
287 1 0 1 0
288 0 0 1 0
289 1 0 1 0
290 0 1 0 2
291 0 0 1 1
292 0 1 1 0
293 2 0 0 0
294 1 1 0 0
295 1 0 0 2
296 0 0 0 2
297 0 0 0 1
298 0 1 0 1
299 0 0 0 1
300 1 0 0 0
301 0 0 0 0
302 0 1 0 1
303 1 0 1 0
304 2 1 0 0
305 0 1 0 0
306 0 0 0 0
307 0 0 0 1
308 1 1 0 1
309 0 1 1 1
310 0 0 0 0
311 0 0 0 0
312 1 0 0 1
313 0 1 0 2
314 0 0 0 0
315 0 0 0 1
316 0 0 0 0
317 0 0 1 1
318 0 0 0 0
319 0 0 0 0
320 0 0 0 0
321 0 0 0 1
322 0 0 0 0
323 1 0 0 0
324 0 0 0 0
325 0 0 0 0
326 0 0 0 0
327 0 0 0 0
328 0 0 1 0
329 0 0 0 0
330 0 0 0 0
331 0 0 0 0
332 0 0 0 1
333 0 0 0 0
334 0 0 0 0
335 0 0 0 0
336 0 0 0 0
337 0 0 0 0
338 0 0 0 0
339 0 0 0 0
340 0 0 0 0
341 0 0 0 0
342 0 0 0 0
343 0 0 0 0
344 0 0 0 0
345 0 0 0 0
346 0 0 0 0
347 0 0 0 0
348 0 0 0 0
349 0 0 0 0
350 0 0 0 0
351 0 0 0 0
352 0 0 0 0
353 0 0 0 0
354 0 0 0 0
355 0 0 0 0
356 0 0 0 0
357 0 0 0 0
358 0 0 0 0
359 0 0 0 0
360 0 0 0 0
361 0 0 0 0
362 0 0 0 0
363 0 0 0 0
364 0 0 0 0
365 0 0 0 0
366 0 0 0 0
367 0 0 0 0
368 0 0 0 0
369 0 0 0 0
370 0 0 0 0
371 0 0 0 0
372 0 0 0 0
373 0 0 0 0
374 0 0 0 0
375 0 0 0 0
376 0 0 0 0
377 0 0 0 0
378 0 0 0 0
379 0 0 0 0
380 0 0 0 0
381 0 0 0 0
382 0 0 0 0
383 0 0 0 0
384 0 0 0 0
385 0 0 0 0
386 0 0 0 0
387 0 0 0 0
388 0 0 0 0
389 0 0 0 0
390 0 0 0 0
391 0 0 0 0
392 0 0 0 0
393 0 0 0 0
394 0 0 0 0
395 0 0 0 0
396 0 0 0 0
397 0 0 0 0
398 0 0 0 0
399 0 0 0 0
400 0 0 0 0
401 0 0 0 0
402 0 0 0 0
403 0 0 0 0
404 0 0 0 0
405 0 0 0 0
406 0 0 0 0
407 0 0 0 0
408 0 0 0 0
409 0 0 0 0
410 0 0 0 0
411 0 0 0 0
412 0 0 0 0
413 0 0 0 0
414 0 0 0 0
415 0 0 0 0
416 0 0 0 0
417 0 0 0 0
418 0 0 0 0
419 0 0 0 0
420 0 0 0 0
421 0 0 0 0
422 0 0 0 0
423 0 0 0 0
424 0 0 0 0
425 0 0 0 0
426 0 0 0 0
427 0 0 0 0
428 0 0 0 0
429 0 0 0 0
430 0 0 0 0
431 0 0 0 0
432 0 0 0 0
433 0 0 0 0
434 0 0 0 0
435 0 0 0 0
436 0 0 0 0
437 0 0 0 0
438 0 0 0 0
439 0 0 0 0
440 0 0 0 0
441 0 0 0 0
442 0 0 0 0
443 0 0 0 0
444 0 0 0 0
445 0 0 0 0
446 0 0 0 0
447 0 0 0 0
448 0 0 0 0
449 0 0 0 0
450 0 0 0 0
451 0 0 0 0
452 0 0 0 0
453 0 0 0 0
454 0 0 0 0
455 0 0 0 0
456 0 0 0 0
457 0 0 0 0
458 0 0 0 0
459 0 0 0 0
460 0 0 0 0
461 0 0 0 0
462 0 0 0 0
463 0 0 0 0
464 0 0 0 0
465 0 0 0 0
466 0 0 0 0
467 0 0 0 0
468 0 0 0 0
469 0 0 0 0
470 0 0 0 0
471 0 0 0 0
472 0 0 0 0
473 0 0 0 0
474 0 0 0 0
475 0 0 0 0
476 0 0 0 0
477 0 0 0 0
478 0 0 0 0
479 0 0 0 0
480 0 0 0 0
481 0 0 0 0
482 0 0 0 0
483 0 0 0 0
484 0 0 0 0
485 0 0 0 0
486 0 0 0 0
487 0 0 0 0
488 0 0 0 0
489 0 0 0 0
490 0 0 0 0
491 0 0 0 0
492 0 0 0 0
493 0 0 0 0
494 0 0 0 0
495 0 0 0 0
496 0 0 0 0
497 0 0 0 0
498 0 0 0 0
499 0 0 0 0
500 0 0 0 0
501 0 0 0 0
502 0 0 0 0
503 0 0 0 0
504 0 0 0 0
505 0 0 0 0
506 0 0 0 0
507 0 0 0 0
508 0 0 0 0
509 0 0 0 0
510 0 0 0 0
511 0 0 0 0
512 0 0 0 0
513 0 0 0 0
514 0 0 0 0
515 0 0 0 0
516 0 0 0 0
517 0 0 0 0
518 0 0 0 0
519 0 0 0 0
520 0 0 0 0
521 0 0 0 0
522 0 0 0 0
523 0 0 0 0
524 0 0 0 0
525 0 0 0 0
526 0 0 0 0
527 0 0 0 0
528 0 0 0 0
529 0 0 0 0
530 0 0 0 0
531 0 0 0 0
532 0 0 0 0
533 0 0 0 0
534 0 0 0 0
535 0 0 0 0
536 0 0 0 0
537 0 0 0 0
538 0 0 0 0
539 0 0 0 0
540 0 0 0 0
541 0 0 0 0
542 0 0 0 0
543 0 0 0 0
544 0 0 0 0
545 0 0 0 0
546 0 0 0 0
547 0 0 0 0
548 0 0 0 0
549 0 0 0 0
550 0 0 0 0
551 0 0 0 0
552 0 0 0 0
553 0 0 0 0
554 0 0 0 0
555 0 0 0 0
556 0 0 0 0
557 0 0 0 0
558 0 0 0 0
559 0 0 0 0
560 0 0 0 0
561 0 0 0 0
562 0 0 0 0
563 0 0 0 0
564 0 0 0 0
565 0 0 0 0
566 0 0 0 0
567 0 0 0 0
568 0 0 0 0
569 0 0 0 0
570 0 0 0 0
571 0 0 0 0
572 0 0 0 0
573 0 0 0 0
574 0 0 0 0
575 0 0 0 0
576 0 0 0 0
577 0 0 0 0
578 0 0 0 0
579 0 0 0 0
580 0 0 0 0
581 0 0 0 0
582 0 0 0 0
583 0 0 0 0
584 0 0 0 0
585 0 0 0 0
586 0 0 0 0
587 0 0 0 0
588 0 0 0 0
589 0 0 0 0
590 0 0 0 0
591 0 0 0 0
592 0 0 0 0
593 0 0 0 0
594 0 0 0 0
595 0 0 0 0
596 0 0 0 0
597 0 0 0 0
598 0 0 0 0
599 0 0 0 0
600 0 0 0 0
601 0 0 0 0
602 0 0 0 0
603 0 0 0 0
604 0 0 0 0
605 0 0 0 0
606 0 0 0 0
607 0 0 0 0
608 0 0 0 0
609 0 0 0 0
610 0 0 0 0
611 0 0 0 0
612 0 0 0 0
613 0 0 0 0
614 0 0 0 0
615 0 0 0 0
616 0 0 0 0
617 0 0 0 0
618 0 0 0 0
619 0 0 0 0
620 0 0 0 0
621 0 0 0 0
622 0 0 0 0
623 0 0 0 0
624 0 0 0 0
625 0 0 0 0
626 0 0 0 0
627 0 0 0 0
628 0 0 0 0
629 0 0 0 0
630 0 0 0 0
631 0 0 0 0
632 0 0 0 0
633 0 0 0 0
634 0 0 0 0
635 0 0 0 0
636 0 0 0 0
637 0 0 0 0
638 0 0 0 0
639 0 0 0 0
640 0 0 0 0
641 0 0 0 0
642 0 0 0 0
643 0 0 0 0
644 0 0 0 0
645 0 0 0 0
646 0 0 0 0
647 0 0 0 0
648 0 0 0 0
649 0 0 0 0
650 0 0 0 0
651 0 0 0 0
652 0 0 0 0
653 0 0 0 0
654 0 0 0 0
655 0 0 0 0
656 0 0 0 0
657 0 0 0 0
658 0 0 0 0
659 0 0 0 0
660 0 0 0 0
661 0 0 0 0
662 0 0 0 0
663 0 0 0 0
664 0 0 0 0
665 0 0 0 0
666 0 0 0 0
667 0 0 0 0
668 0 0 0 0
669 0 0 0 0
670 0 0 0 0
671 0 0 0 0
672 0 0 0 0
673 0 0 0 0
674 0 0 0 0
675 0 0 0 0
676 0 0 0 0
677 0 0 0 0
678 0 0 0 0
679 0 0 0 0
680 0 0 0 0
681 0 0 0 0
682 0 0 0 0
683 0 0 0 0
684 0 0 0 0
685 0 0 0 0
686 0 0 0 0
687 0 0 0 0
688 0 0 0 0
689 0 0 0 0
690 0 0 0 0
691 0 0 0 0
692 0 0 0 0
693 0 0 0 0
694 0 0 0 0
695 0 0 0 0
696 0 0 0 0
697 0 0 0 0
698 0 0 0 0
699 0 0 0 0
700 0 0 0 0
701 0 0 0 0
702 0 0 0 0
703 0 0 0 0
704 0 0 0 0
705 0 0 0 0
706 0 0 0 0
707 0 0 0 0
708 0 0 0 0
709 0 0 0 0
710 0 0 0 0
711 0 0 0 0
712 0 0 0 0
713 0 0 0 0
714 0 0 0 0
715 0 0 0 0
716 0 0 0 0
717 0 0 0 0
718 0 0 0 0
719 0 0 0 0
720 0 0 0 0
721 0 0 0 0
722 0 0 0 0
723 0 0 0 0
724 0 0 0 0
725 0 0 0 0
726 0 0 0 0
727 0 0 0 0
