0 0 0 0 0
1 0 0 0 0
2 0 0 0 0
3 0 0 0 0
4 0 0 0 0
5 0 3 0 0
6 0 0 0 0
7 0 0 0 0
8 0 0 0 0
9 0 2 0 2
10 0 0 0 0
11 0 0 0 0
12 0 0 0 1
13 0 0 0 1
14 0 0 0 0
15 0 0 0 0
16 0 0 0 1
17 0 0 0 0
18 0 0 0 0
19 0 0 0 0
20 0 0 0 0
21 0 0 0 0
22 1 0 0 0
23 0 0 0 0
24 0 0 0 0
25 0 0 0 0
26 0 0 0 0
27 0 0 0 0
28 1 0 0 0
29 0 0 0 0
30 0 0 0 0
31 1 1 0 0
32 0 0 0 0
33 0 0 0 0
34 1 0 0 0
35 1 0 0 0
36 0 0 1 0
37 0 0 1 0
38 1 0 0 1
39 0 1 0 0
40 0 0 1 0
41 0 0 0 1
42 0 0 0 0
43 0 0 1 1
44 0 0 0 1
45 0 0 0 0
46 0 0 0 1
47 2 0 0 1
48 1 0 0 0
49 1 0 0 0
50 0 0 0 0
51 0 0 0 0
52 1 1 0 0
53 1 0 0 0
54 2 0 0 0
55 1 0 0 0
56 0 1 0 0
57 0 2 0 1
58 2 1 0 0
59 0 1 0 0
60 0 1 0 0
61 0 0 0 1
62 0 1 0 1
63 0 1 1 1
64 1 0 0 1
65 0 0 0 0
66 1 0 0 1
67 1 1 0 3
68 1 0 0 0
69 0 0 0 1
70 0 0 0 0
71 0 0 0 1
72 1 0 1 0
73 2 1 0 0
74 1 0 0 0
75 1 1 0 0
76 1 0 0 1
77 1 2 0 1
78 1 0 0 0
79 2 0 0 0
80 0 1 0 0
81 1 0 0 2
82 2 0 1 1
83 1 2 0 0
84 0 1 0 1
85 0 1 0 0
86 1 1 1 0
87 2 0 0 1
88 0 2 0 0
89 1 0 0 1
90 0 0 0 1
91 1 2 0 1
92 2 2 0 3
93 1 0 0 2
94 2 0 0 0
95 1 1 0 1
96 1 0 1 1
97 2 0 0 0
98 0 1 1 1
99 3 0 0 1
100 0 1 0 0
101 1 3 0 0
102 5 0 2 1
103 1 1 1 1
104 2 2 0 0
105 2 0 0 3
106 1 0 1 1
107 0 3 2 3
108 0 2 0 3
109 0 0 1 1
110 0 0 0 2
111 1 0 1 3
112 0 0 2 1
113 0 1 0 0
114 1 0 1 2
115 3 0 0 2
116 2 0 0 3
117 2 0 0 1
118 2 1 0 0
119 2 1 0 0
120 2 0 2 0
121 3 0 1 1
122 1 0 0 1
123 2 1 1 0
124 2 1 0 1
125 3 0 2 0
126 3 1 1 1
127 3 0 1 1
128 2 2 1 2
129 0 0 0 1
130 1 3 2 3
131 1 1 3 1
132 2 2 0 1
133 3 1 3 1
134 4 1 0 2
135 2 0 1 4
136 2 1 1 0
137 3 1 1 4
138 1 1 0 3
139 1 3 0 3
140 4 1 1 4
141 2 0 1 2
142 3 2 1 0
143 2 1 0 2
144 6 1 1 3
145 7 1 3 1
146 4 1 1 4
147 2 2 1 0
148 3 0 0 2
149 4 1 3 6
150 3 3 2 3
151 5 3 0 1
152 3 3 1 0
153 6 4 0 1
154 3 4 0 4
155 5 1 3 1
156 3 1 0 5
157 4 0 3 5
158 3 1 3 6
159 4 2 4 2
160 4 6 2 2
161 7 0 3 3
162 10 3 3 5
163 2 1 1 4
164 4 4 1 5
165 7 0 4 5
166 6 5 1 4
167 5 5 2 5
168 1 0 0 3
169 5 1 4 6
170 2 6 3 7
171 5 5 3 8
172 4 2 3 2
173 4 1 0 3
174 1 3 1 7
175 7 3 2 3
176 2 0 4 6
177 4 1 0 3
178 5 0 2 7
179 5 0 0 6
180 6 3 2 3
181 8 4 2 3
182 7 2 4 3
183 7 1 3 2
184 6 3 3 2
185 10 5 0 3
186 5 4 2 2
187 12 0 4 7
188 7 3 6 7
189 11 4 0 6
190 12 8 2 2
191 3 4 3 4
192 12 9 2 9
193 5 2 5 5
194 12 6 1 6
195 5 2 5 7
196 7 3 0 5
197 8 5 3 5
198 10 6 5 9
199 13 5 10 12
200 9 3 2 8
201 7 5 5 5
202 5 4 3 10
203 6 6 5 10
204 10 10 2 8
205 7 5 2 13
206 5 6 1 13
207 7 3 4 8
208 8 4 3 8
209 6 6 6 6
210 7 4 2 7
211 5 2 2 12
212 5 2 1 9
213 4 8 1 11
214 3 4 3 5
215 4 3 4 1
216 5 7 1 7
217 4 2 5 6
218 4 4 2 6
219 2 4 0 4
220 3 3 3 9
221 3 3 4 5
222 3 4 1 9
223 4 1 1 8
224 4 0 0 6
225 4 3 2 5
226 5 0 1 5
227 2 3 0 3
228 5 2 1 5
229 1 1 1 7
230 3 3 2 1
231 7 3 4 2
232 5 2 3 4
233 3 3 1 0
234 6 1 1 1
235 4 2 1 6
236 6 2 2 5
237 5 1 3 8
238 1 2 0 4
239 6 2 2 4
240 5 1 4 4
241 4 6 0 1
242 3 1 1 2
243 2 1 2 3
244 1 2 4 7
245 0 4 2 4
246 1 4 2 3
247 1 0 1 2
248 1 1 4 9
249 1 1 1 6
250 2 0 3 6
251 1 2 1 3
252 2 0 0 4
253 0 0 0 1
254 1 0 1 2
255 2 0 1 2
256 0 2 0 3
257 1 1 0 1
258 2 0 0 2
259 3 2 0 0
260 4 0 0 1
261 1 0 2 0
262 0 1 0 1
263 3 0 1 2
264 0 2 1 1
265 0 2 1 2
266 1 0 0 1
267 1 1 0 1
268 2 2 1 1
269 0 1 0 1
270 1 1 0 0
271 2 0 0 2
272 1 3 0 3
273 1 2 0 0
274 0 0 0 1
275 1 1 1 3
276 1 2 0 3
277 1 0 0 3
278 1 1 0 0
279 1 0 0 2
280 2 0 1 1
281 1 2 0 0
282 0 1 0 2
283 0 1 0 1
284 0 0 0 0
285 0 1 1 2
286 1 0 0 1
287 0 0 0 1
288 0 1 0 0
289 1 0 0 1
290 0 1 0 1
291 0 0 0 0
292 0 0 0 1
293 0 0 0 0
294 0 0 0 0
295 0 1 0 1
296 0 0 0 1
297 0 0 0 0
298 1 1 0 0
299 1 0 0 1
300 0 0 0 0
301 0 0 0 0
302 0 0 0 1
303 0 0 1 0
304 0 0 0 0
305 0 0 0 0
306 0 0 0 0
307 0 0 0 1
308 0 0 1 0
309 0 0 0 0
310 0 0 0 0
311 0 0 0 0
312 0 0 0 0
313 0 0 0 0
314 1 0 0 0
315 1 0 0 1
316 0 0 0 0
317 0 0 0 0
318 0 0 0 0
319 0 1 0 0
320 0 1 0 0
321 1 0 0 0
322 0 0 0 0
323 0 0 0 1
324 0 0 0 1
325 0 0 0 0
326 0 0 0 0
327 1 0 0 0
328 2 0 0 0
329 0 0 0 0
330 1 0 1 0
331 2 0 0 0
332 2 0 0 0
333 1 0 1 0
334 0 0 0 0
335 1 0 0 0
336 1 1 1 0
337 0 1 1 2
338 0 1 0 0
339 0 0 1 0
340 0 1 0 2
341 0 1 0 2
342 0 0 0 0
343 0 0 0 0
344 0 1 0 1
345 0 1 0 2
346 0 0 0 1
347 1 0 0 0
348 0 0 0 1
349 0 0 0 1
350 1 0 0 0
351 1 0 0 0
352 0 0 0 0
353 0 0 0 0
354 1 0 0 0
355 0 0 0 0
356 0 1 0 0
357 0 0 0 0
358 1 1 0 0
359 1 1 0 0
360 0 0 0 0
361 1 0 0 0
362 1 0 0 1
363 0 1 0 1
364 0 0 0 0
365 0 0 0 0
366 0 1 0 1
367 0 2 0 1
368 0 0 1 0
369 1 0 0 0
370 0 0 0 0
371 0 0 0 1
372 1 0 0 0
373 1 0 0 1
374 0 0 0 1
375 0 0 0 1
376 0 0 0 0
377 0 0 1 0
378 0 0 2 0
379 0 0 0 0
380 0 0 0 0
381 0 0 0 0
382 1 0 0 2
383 1 0 0 0
384 1 0 0 1
385 0 0 0 0
386 0 0 0 0
387 1 0 0 0
388 0 0 0 0
389 0 1 0 0
390 0 0 0 0
391 0 0 1 0
392 0 1 0 0
393 1 0 0 1
394 2 1 0 0
395 0 0 0 0
396 0 0 0 0
397 0 0 0 0
398 0 0 0 1
399 1 2 0 2
400 0 0 0 0
401 0 0 0 0
402 1 0 1 0
403 1 0 0 1
404 0 0 0 0
405 2 0 0 0
406 0 0 0 2
407 2 0 0 0
408 1 2 0 0
409 3 0 0 0
410 2 1 0 0
411 1 0 1 0
412 0 1 0 1
413 1 1 0 0
414 2 3 0 1
415 1 0 1 2
416 0 1 0 1
417 1 0 0 1
418 0 2 0 2
419 0 1 0 1
420 0 0 2 0
421 0 0 0 1
422 1 1 0 1
423 0 1 1 1
424 1 0 0 0
425 1 0 0 1
426 2 0 0 2
427 0 0 0 3
428 0 0 0 0
429 1 2 0 0
430 0 0 1 1
431 3 0 2 0
432 2 0 0 0
433 3 0 0 2
434 1 0 1 0
435 2 0 0 1
436 2 1 1 0
437 0 0 0 1
438 2 1 1 1
439 2 0 0 0
440 1 0 2 2
441 1 3 1 1
442 1 0 1 2
443 1 3 0 0
444 1 0 2 1
445 0 0 0 1
446 0 0 0 1
447 2 0 0 2
448 0 1 1 4
449 4 1 0 0
450 3 1 0 2
451 3 0 1 1
452 3 0 0 1
453 7 0 1 1
454 4 1 2 1
455 3 1 1 2
456 4 1 2 0
457 4 1 2 1
458 5 1 2 2
459 2 1 2 0
460 6 4 1 3
461 5 2 2 3
462 4 4 2 2
463 4 4 2 2
464 4 1 1 3
465 3 2 3 5
466 3 2 2 3
467 2 0 4 7
468 3 0 1 3
469 3 3 3 7
470 3 1 1 4
471 3 1 0 4
472 3 3 2 3
473 7 1 1 4
474 4 2 3 1
475 3 4 1 0
476 9 1 0 8
477 3 2 2 2
478 5 2 2 2
479 3 3 0 3
480 2 3 1 3
481 7 7 0 4
482 8 5 1 4
483 4 4 0 3
484 9 2 2 5
485 9 3 1 5
486 7 6 0 4
487 6 6 1 4
488 9 1 1 5
489 7 4 1 8
490 5 3 2 3
491 4 3 3 7
492 4 2 2 2
493 2 6 5 6
494 7 6 4 4
495 7 6 1 4
496 7 5 2 6
497 5 0 5 11
498 2 3 2 9
499 8 3 3 7
500 1 3 1 6
501 7 2 4 5
502 4 2 1 4
503 7 3 1 8
504 4 4 3 4
505 5 2 0 6
506 4 2 4 3
507 11 4 2 2
508 4 4 5 8
509 7 1 1 2
510 9 4 1 8
511 10 0 3 7
512 9 4 3 4
513 12 1 3 4
514 7 5 2 6
515 9 3 3 7
516 10 8 6 4
517 7 1 3 4
518 13 5 3 7
519 10 4 5 6
520 10 7 3 9
521 10 8 7 4
522 9 6 5 6
523 12 7 6 11
524 10 8 1 8
525 10 6 1 10
526 13 8 2 11
527 11 6 3 12
528 9 5 4 14
529 9 3 6 7
530 12 3 5 11
531 11 5 4 9
532 17 11 2 9
533 12 7 5 8
534 17 6 3 10
535 14 7 2 10
536 20 6 3 14
537 11 10 3 12
538 15 5 4 10
539 24 12 9 9
540 15 8 7 10
541 13 9 6 8
542 13 6 5 9
543 17 9 7 17
544 11 15 9 17
545 13 14 7 11
546 17 11 6 14
547 14 8 4 14
548 20 10 8 22
549 18 7 5 14
550 16 2 7 18
551 21 7 8 17
552 17 10 5 21
553 22 9 7 20
554 24 11 3 9
555 27 13 7 14
556 24 13 4 8
557 16 13 6 13
558 21 10 9 15
559 31 13 4 23
560 23 16 7 11
561 18 12 9 12
562 28 11 13 20
563 17 11 10 19
564 17 16 11 23
565 23 13 6 18
566 16 9 11 21
567 19 14 11 30
568 13 17 16 27
569 16 13 13 25
570 20 12 3 20
571 12 10 13 21
572 14 11 7 26
573 14 7 4 22
574 11 12 6 20
575 10 10 4 24
576 14 9 5 19
577 12 9 3 17
578 11 14 1 15
579 15 12 6 16
580 8 5 6 14
581 10 8 1 20
582 12 10 6 16
583 8 9 2 15
584 6 7 6 6
585 9 5 7 13
586 12 4 5 17
587 11 8 8 14
588 7 6 4 14
589 8 2 8 8
590 8 7 4 8
591 9 7 4 18
592 5 5 4 10
593 5 3 3 10
594 9 4 3 9
595 8 4 2 10
596 7 8 3 8
597 3 4 2 9
598 5 3 4 12
599 1 7 4 11
600 6 6 4 10
601 7 5 1 5
602 2 4 1 5
603 4 3 2 12
604 2 1 1 7
605 6 5 1 7
606 4 6 1 7
607 3 3 0 10
608 0 2 4 3
609 2 1 2 7
610 3 1 2 4
611 2 4 1 2
612 3 1 0 6
613 4 1 0 5
614 3 3 2 4
615 1 2 0 4
616 4 2 1 2
617 2 0 1 3
618 0 2 1 5
619 1 1 2 1
620 1 0 1 2
621 1 1 3 3
622 2 2 1 3
623 3 0 1 3
624 1 1 0 1
625 0 0 2 3
626 3 0 2 4
627 1 0 2 1
628 2 3 0 2
629 0 1 1 2
630 1 1 0 0
631 3 2 0 3
632 2 0 0 1
633 0 1 0 2
634 3 0 0 1
635 3 1 1 3
636 2 2 1 2
637 2 1 1 1
638 1 0 0 1
639 0 1 0 2
640 1 0 2 3
641 2 1 1 2
642 0 1 0 0
643 2 3 0 1
644 0 1 1 1
645 2 1 1 0
646 3 2 0 0
647 1 0 0 2
648 1 0 0 3
649 1 1 0 2
650 1 1 0 3
651 0 0 1 1
652 0 3 0 1
653 0 1 0 2
654 0 0 1 1
655 0 3 0 1
656 1 0 0 3
657 1 0 0 1
658 1 0 1 0
659 0 0 0 3
660 0 0 0 0
661 0 0 0 1
662 0 1 0 1
663 0 1 0 0
664 0 0 0 0
665 1 1 0 0
666 1 0 0 0
667 0 0 0 0
668 0 0 0 0
669 1 0 0 2
670 0 0 1 1
671 0 1 0 0
672 1 0 0 0
673 0 0 0 0
674 0 0 0 0
675 0 0 0 1
676 0 0 0 0
677 1 0 0 1
678 0 1 0 0
679 0 0 0 0
680 0 0 0 0
681 0 1 0 0
682 0 0 1 1
683 0 0 0 0
684 0 0 0 0
685 0 0 0 0
686 0 0 0 2
687 0 0 0 0
688 0 0 0 0
689 0 0 0 0
690 0 0 0 0
691 0 0 0 0
692 0 0 0 0
693 0 0 0 0
694 0 0 0 0
695 0 0 0 0
696 0 0 0 0
697 0 0 0 0
698 0 0 0 0
699 0 0 0 0
700 0 0 0 0
701 0 0 0 0
702 0 0 0 0
703 0 0 0 0
704 0 0 0 0
705 0 0 0 0
706 0 0 0 0
707 0 0 0 0
708 0 0 0 0
709 0 0 0 0
710 0 0 0 0
711 0 0 0 0
712 0 0 0 0
713 0 0 0 0
714 0 0 0 0
715 0 0 0 0
716 0 0 0 0
717 0 0 0 0
718 0 0 0 0
719 0 0 0 0
720 0 0 0 0
721 0 0 0 0
722 0 0 0 0
723 0 0 0 0
724 0 0 0 0
725 0 0 0 0
726 0 0 0 0
727 0 0 0 0
