0 0 0 0 0
1 0 0 0 0
2 0 0 0 0
3 0 0 0 0
4 0 0 0 0
5 0 0 1 0
6 0 0 0 0
7 0 0 0 0
8 0 0 0 0
9 0 3 1 1
10 0 0 0 0
11 0 0 0 0
12 0 0 0 0
13 0 0 0 2
14 0 0 0 0
15 0 0 0 0
16 0 0 0 2
17 0 0 0 0
18 0 0 0 0
19 0 0 0 0
20 0 0 0 0
21 1 0 0 0
22 1 0 0 0
23 1 0 0 0
24 0 0 0 0
25 1 0 0 0
26 0 0 0 0
27 1 0 0 0
28 1 1 0 0
29 2 0 0 0
30 0 2 0 0
31 0 1 0 0
32 0 0 1 1
33 0 0 0 0
34 0 0 1 0
35 0 0 0 1
36 0 0 0 1
37 1 2 0 2
38 0 0 0 0
39 0 0 0 0
40 1 0 0 0
41 0 0 0 2
42 0 0 0 0
43 1 0 0 0
44 0 0 0 1
45 0 1 0 0
46 0 1 0 0
47 1 0 0 0
48 0 0 0 0
49 1 0 0 0
50 0 0 0 0
51 1 0 0 0
52 2 0 2 1
53 1 0 0 1
54 0 0 1 0
55 2 0 0 0
56 2 0 0 0
57 0 0 1 0
58 2 0 0 0
59 2 0 0 2
60 0 2 0 0
61 0 0 1 1
62 1 1 0 0
63 1 2 0 0
64 1 1 0 2
65 2 1 1 1
66 0 0 0 1
67 2 1 0 2
68 2 1 1 1
69 2 0 0 1
70 2 0 2 1
71 1 0 0 1
72 1 2 0 2
73 1 1 1 0
74 0 0 0 1
75 1 1 0 1
76 1 0 2 2
77 0 1 0 3
78 0 3 0 0
79 1 0 1 0
80 1 0 0 0
81 0 1 1 1
82 3 0 0 2
83 1 0 0 2
84 4 1 0 0
85 5 0 0 3
86 3 0 0 1
87 3 0 2 0
88 3 0 1 1
89 3 3 1 0
90 3 2 0 0
91 2 3 1 2
92 0 2 0 0
93 3 0 2 2
94 3 1 4 3
95 1 2 1 2
96 1 3 1 4
97 2 0 1 1
98 3 2 1 6
99 4 0 2 2
100 5 2 0 4
101 4 0 1 2
102 4 2 0 2
103 2 2 1 3
104 4 0 2 1
105 5 3 1 1
106 3 1 3 2
107 4 2 2 3
108 4 2 0 2
109 5 3 1 2
110 1 2 3 5
111 2 2 0 5
112 6 2 2 5
113 3 3 1 4
114 3 4 1 3
115 7 4 0 1
116 4 2 1 5
117 6 2 2 4
118 5 1 2 3
119 3 2 2 3
120 9 1 2 4
121 6 2 1 4
122 9 3 1 4
123 5 3 1 3
124 8 2 3 3
125 5 4 2 3
126 5 3 1 6
127 6 3 4 4
128 5 4 1 4
129 5 6 5 2
130 5 4 2 5
131 5 4 1 7
132 6 5 2 6
133 3 4 1 2
134 3 2 3 7
135 5 4 2 6
136 4 2 4 13
137 4 2 5 4
138 4 2 2 6
139 6 2 1 7
140 5 3 2 3
141 5 4 1 5
142 8 2 2 6
143 6 3 2 7
144 4 4 2 7
145 4 1 2 6
146 9 5 1 2
147 4 6 1 5
148 5 1 2 6
149 5 3 2 3
150 7 3 2 5
151 8 5 2 5
152 7 3 2 4
153 12 3 0 2
154 7 1 1 6
155 12 5 5 6
156 8 4 0 7
157 6 4 3 5
158 8 7 6 4
159 7 4 0 9
160 10 6 5 3
161 7 3 1 5
162 8 4 4 8
163 9 4 4 3
164 7 6 5 12
165 11 9 2 10
166 9 2 3 6
167 17 4 4 8
168 12 7 4 6
169 12 4 5 9
170 15 6 2 8
171 10 5 4 9
172 13 7 6 13
173 12 2 7 9
174 10 8 5 10
175 13 9 3 11
176 11 9 4 7
177 15 8 5 6
178 11 8 4 7
179 9 9 2 16
180 11 7 3 15
181 14 9 4 14
182 16 10 5 8
183 15 6 4 8
184 12 4 7 11
185 13 5 3 11
186 14 10 4 9
187 11 13 3 15
188 18 6 7 14
189 13 8 6 14
190 13 8 7 10
191 13 5 8 14
192 18 6 7 10
193 10 11 3 15
194 12 4 8 18
195 13 10 1 12
196 18 7 3 15
197 14 11 6 13
198 15 6 6 14
199 14 9 11 12
200 17 12 5 12
201 12 10 8 15
202 17 5 10 13
203 8 9 4 15
204 8 10 3 14
205 11 9 5 19
206 11 6 3 15
207 18 14 2 18
208 7 2 3 10
209 5 9 2 15
210 5 8 7 9
211 6 7 6 15
212 7 10 6 9
213 5 8 1 8
214 8 6 2 16
215 7 5 2 11
216 5 5 4 15
217 9 6 3 12
218 5 2 4 8
219 3 4 4 14
220 4 5 2 8
221 3 3 2 10
222 5 3 4 5
223 9 4 2 10
224 6 1 3 8
225 3 5 1 6
226 6 2 5 9
227 3 2 3 5
228 5 2 2 4
229 7 2 3 5
230 4 1 2 6
231 6 2 3 5
232 5 2 6 7
233 4 3 1 7
234 7 1 3 3
235 2 2 3 3
236 4 0 2 4
237 3 3 1 3
238 6 3 3 3
239 2 4 2 8
240 5 5 1 5
241 4 4 0 5
242 3 3 0 5
243 2 5 1 4
244 1 2 0 3
245 2 3 3 5
246 4 3 1 3
247 3 1 3 8
248 2 1 1 4
249 6 1 1 6
250 3 1 1 6
251 3 2 3 5
252 2 1 0 1
253 3 1 1 1
254 1 3 1 2
255 3 1 2 3
256 3 4 1 2
257 1 2 0 2
258 1 3 2 5
259 4 3 0 4
260 3 0 1 3
261 0 0 2 3
262 2 1 2 1
263 1 0 0 5
264 2 3 2 2
265 0 3 0 5
266 2 0 0 2
267 0 1 1 0
268 2 1 1 3
269 5 2 0 3
270 1 0 0 1
271 3 0 1 4
272 1 1 0 1
273 1 2 1 1
274 3 1 1 1
275 2 1 2 3
276 1 0 0 2
277 0 1 0 2
278 0 1 3 0
279 1 1 0 1
280 1 2 1 2
281 2 0 1 2
282 0 0 0 3
283 3 0 2 1
284 1 1 1 2
285 2 0 0 3
286 2 0 0 0
287 1 0 0 3
288 3 1 1 1
289 0 2 0 0
290 3 2 0 1
291 1 0 3 1
292 1 3 0 1
293 2 1 1 2
294 1 1 0 1
295 1 1 0 4
296 0 0 1 2
297 2 1 1 2
298 1 1 0 1
299 1 3 0 1
300 0 1 0 1
301 0 0 0 2
302 0 1 1 2
303 0 0 0 2
304 1 1 0 1
305 0 0 0 0
306 0 0 1 4
307 1 0 1 0
308 2 0 0 0
309 2 0 1 0
310 2 0 0 0
311 1 0 0 2
312 2 1 0 0
313 1 1 0 2
314 0 0 2 0
315 0 0 2 0
316 0 0 1 0
317 1 1 2 1
318 1 1 0 0
319 1 0 0 1
320 0 0 0 2
321 0 0 0 3
322 0 1 0 2
323 0 1 0 0
324 0 1 0 2
325 0 0 0 0
326 1 0 0 1
327 0 0 0 0
328 1 0 0 0
329 0 0 0 0
330 1 0 0 1
331 1 0 0 1
332 0 0 0 0
333 0 1 0 0
334 1 0 0 0
335 2 0 2 0
336 0 0 0 0
337 0 0 0 0
338 0 0 0 0
339 0 1 0 1
340 0 1 0 1
341 0 0 0 0
342 0 0 0 1
343 0 0 0 1
344 0 1 1 1
345 0 0 0 0
346 0 0 0 0
347 0 0 0 0
348 0 0 0 1
349 0 0 0 0
350 0 0 0 0
351 0 0 0 1
352 0 0 0 0
353 0 0 0 0
354 0 0 0 0
355 0 0 0 0
356 0 0 0 0
357 0 0 0 0
358 0 0 0 0
359 1 0 0 0
360 1 0 0 0
361 1 0 0 0
362 0 0 0 0
363 0 0 0 0
364 0 1 0 0
365 0 0 0 0
366 0 0 1 0
367 0 0 0 0
368 0 0 0 1
369 0 1 0 0
370 0 0 0 0
371 0 0 0 0
372 0 0 0 0
373 0 0 0 2
374 0 0 0 0
375 0 0 0 0
376 0 0 0 0
377 0 0 0 0
378 0 0 0 0
379 0 0 0 0
380 0 0 0 0
381 0 0 0 0
382 0 0 0 0
383 0 0 0 0
384 0 0 0 0
385 0 0 0 0
386 0 0 0 0
387 0 0 0 0
388 0 0 0 0
389 1 0 0 0
390 0 0 0 0
391 0 0 0 0
392 2 0 0 0
393 0 0 0 0
394 0 1 0 0
395 0 0 0 0
396 0 0 0 0
397 0 0 1 0
398 0 0 1 0
399 0 0 0 0
400 0 0 0 0
401 0 0 0 2
402 0 0 0 0
403 0 0 0 0
404 0 0 0 0
405 0 0 0 1
406 0 0 0 0
407 0 0 0 0
408 0 0 0 0
409 0 0 0 0
410 0 0 0 0
411 0 0 0 0
412 0 0 0 0
413 0 0 0 0
414 0 0 0 0
415 0 0 0 0
416 0 0 0 0
417 0 0 0 0
418 0 0 0 0
419 0 0 0 0
420 0 0 0 0
421 0 0 0 0
422 0 0 0 0
423 0 0 0 0
424 0 0 0 0
425 0 0 0 0
426 0 0 0 0
427 0 0 0 0
428 0 0 0 0
429 0 0 0 0
430 0 0 0 0
431 0 0 0 0
432 0 0 0 0
433 0 0 0 0
434 0 0 0 0
435 0 0 0 0
436 0 0 0 0
437 0 0 0 0
438 0 0 0 0
439 0 0 0 0
440 0 0 0 0
441 0 0 0 0
442 0 0 0 0
443 0 0 0 0
444 0 0 0 0
445 0 0 0 0
446 0 0 0 0
447 0 0 0 0
448 0 0 0 0
449 0 0 0 0
450 0 0 0 0
451 0 0 0 0
452 0 0 0 0
453 0 0 0 0
454 0 0 0 0
455 0 0 0 0
456 0 0 0 0
457 0 0 0 0
458 0 0 0 0
459 0 0 0 0
460 0 0 0 0
461 0 0 0 0
462 0 0 0 0
463 0 0 0 0
464 0 0 0 0
465 0 0 0 0
466 0 0 0 0
467 0 0 0 0
468 0 0 0 0
469 0 0 0 0
470 0 0 0 0
471 0 0 0 0
472 0 0 0 0
473 0 0 0 0
474 0 0 0 0
475 0 0 0 0
476 0 0 0 0
477 0 0 0 0
478 0 0 0 0
479 0 0 0 0
480 0 0 0 0
481 0 0 0 0
482 0 0 0 0
483 0 0 0 0
484 0 0 0 0
485 0 0 0 0
486 0 0 0 0
487 0 0 0 0
488 0 0 0 0
489 0 0 0 0
490 0 0 0 0
491 0 0 0 0
492 0 0 0 0
493 0 0 0 0
494 0 0 0 0
495 0 0 0 0
496 0 0 0 0
497 0 0 0 0
498 0 0 0 0
499 0 0 0 0
500 0 0 0 0
501 0 0 0 0
502 0 0 0 0
503 0 0 0 0
504 0 0 0 0
505 0 0 0 0
506 0 0 0 0
507 0 0 0 0
508 0 0 0 0
509 0 0 0 0
510 0 0 0 0
511 0 0 0 0
512 0 0 0 0
513 0 0 0 0
514 0 0 0 0
515 0 0 0 0
516 0 0 0 0
517 0 0 0 0
518 0 0 0 0
519 0 0 0 0
520 0 0 0 0
521 0 0 0 0
522 0 0 0 0
523 0 0 0 0
524 0 0 0 0
525 0 0 0 0
526 0 0 0 0
527 0 0 0 0
528 0 0 0 0
529 0 0 0 0
530 0 0 0 0
531 0 0 0 0
532 0 0 0 0
533 0 0 0 0
534 0 0 0 0
535 0 0 0 0
536 0 0 0 0
537 0 0 0 0
538 0 0 0 0
539 0 0 0 0
540 0 0 0 0
541 0 0 0 0
542 0 0 0 0
543 0 0 0 0
544 0 0 0 0
545 0 0 0 0
546 0 0 0 0
547 0 0 0 0
548 0 0 0 0
549 0 0 0 0
550 0 0 0 0
551 0 0 0 0
552 0 0 0 0
553 0 0 0 0
554 0 0 0 0
555 0 0 0 0
556 0 0 0 0
557 0 0 0 0
558 0 0 0 0
559 0 0 0 0
560 0 0 0 0
561 0 0 0 0
562 0 0 0 0
563 0 0 0 0
564 0 0 0 0
565 0 0 0 0
566 0 0 0 0
567 0 0 0 0
568 0 0 0 0
569 0 0 0 0
570 0 0 0 0
571 0 0 0 0
572 0 0 0 0
573 0 0 0 0
574 0 0 0 0
575 0 0 0 0
576 0 0 0 0
577 0 0 0 0
578 0 0 0 0
579 0 0 0 0
580 0 0 0 0
581 0 0 0 0
582 0 0 0 0
583 0 0 0 0
584 0 0 0 0
585 0 0 0 0
586 0 0 0 0
587 0 0 0 0
588 0 0 0 0
589 0 0 0 0
590 0 0 0 0
591 0 0 0 0
592 0 0 0 0
593 0 0 0 0
594 0 0 0 0
595 0 0 0 0
596 0 0 0 0
597 0 0 0 0
598 0 0 0 0
599 0 0 0 0
600 0 0 0 0
601 0 0 0 0
602 0 0 0 0
603 0 0 0 0
604 0 0 0 0
605 0 0 0 0
606 0 0 0 0
607 0 0 0 0
608 0 0 0 0
609 0 0 0 0
610 0 0 0 0
611 0 0 0 0
612 0 0 0 0
613 0 0 0 0
614 0 0 0 0
615 0 0 0 0
616 0 0 0 0
617 0 0 0 0
618 0 0 0 0
619 0 0 0 0
620 0 0 0 0
621 0 0 0 0
622 0 0 0 0
623 0 0 0 0
624 0 0 0 0
625 0 0 0 0
626 0 0 0 0
627 0 0 0 0
628 0 0 0 0
629 0 0 0 0
630 0 0 0 0
631 0 0 0 0
632 0 0 0 0
633 0 0 0 0
634 0 0 0 0
635 0 0 0 0
636 0 0 0 0
637 0 0 0 0
638 0 0 0 0
639 0 0 0 0
640 0 0 0 0
641 0 0 0 0
642 0 0 0 0
643 0 0 0 0
644 0 0 0 0
645 0 0 0 0
646 0 0 0 0
647 0 0 0 0
648 0 0 0 0
649 0 0 0 0
650 0 0 0 0
651 0 0 0 0
652 0 0 0 0
653 0 0 0 0
654 0 0 0 0
655 0 0 0 0
656 0 0 0 0
657 0 0 0 0
658 0 0 0 0
659 0 0 0 0
660 0 0 0 0
661 0 0 0 0
662 0 0 0 0
663 0 0 0 0
664 0 0 0 0
665 0 0 0 0
666 0 0 0 0
667 0 0 0 0
668 0 0 0 0
669 0 0 0 0
670 0 0 0 0
671 0 0 0 0
672 0 0 0 0
673 0 0 0 0
674 0 0 0 0
675 0 0 0 0
676 0 0 0 0
677 0 0 0 0
678 0 0 0 0
679 0 0 0 0
680 0 0 0 0
681 0 0 0 0
682 0 0 0 0
683 0 0 0 0
684 0 0 0 0
685 0 0 0 0
686 0 0 0 0
687 0 0 0 0
688 0 0 0 0
689 0 0 0 0
690 0 0 0 0
691 0 0 0 0
692 0 0 0 0
693 0 0 0 0
694 0 0 0 0
695 0 0 0 0
696 0 0 0 0
697 0 0 0 0
698 0 0 0 0
699 0 0 0 0
700 0 0 0 0
701 0 0 0 0
702 0 0 0 0
703 0 0 0 0
704 0 0 0 0
705 0 0 0 0
706 0 0 0 0
707 0 0 0 0
708 0 0 0 0
709 0 0 0 0
710 0 0 0 0
711 0 0 0 0
712 0 0 0 0
713 0 0 0 0
714 0 0 0 0
715 0 0 0 0
716 0 0 0 0
717 0 0 0 0
718 0 0 0 0
719 0 0 0 0
720 0 0 0 0
721 0 0 0 0
722 0 0 0 0
723 0 0 0 0
724 0 0 0 0
725 0 0 0 0
726 0 0 0 0
727 0 0 0 0
