0 0 0 0 0
1 0 0 0 0
2 0 0 0 0
3 0 0 0 0
4 0 0 0 0
5 0 1 0 0
6 0 0 0 0
7 0 0 0 0
8 0 0 0 0
9 0 3 1 0
10 0 0 0 0
11 0 0 0 0
12 0 0 0 1
13 0 0 0 2
14 0 0 0 0
15 0 0 0 0
16 0 0 0 2
17 0 0 0 0
18 1 0 0 0
19 0 0 0 0
20 1 0 0 0
21 0 0 0 0
22 0 0 0 0
23 2 0 1 0
24 0 0 0 0
25 1 0 0 0
26 2 0 0 0
27 1 0 0 1
28 0 0 1 0
29 0 0 1 0
30 1 0 0 0
31 0 1 0 0
32 0 0 1 1
33 1 0 0 1
34 0 1 0 0
35 0 1 1 0
36 0 1 0 1
37 0 0 0 0
38 0 1 0 1
39 0 0 0 1
40 0 0 0 2
41 1 0 0 1
42 2 0 0 0
43 2 0 0 0
44 2 0 0 0
45 1 0 0 1
46 0 0 0 0
47 0 1 0 0
48 3 0 0 0
49 1 1 0 0
50 0 0 2 0
51 1 0 1 0
52 2 2 0 0
53 2 1 2 1
54 0 0 1 3
55 3 0 0 0
56 0 1 0 0
57 0 0 1 4
58 0 1 0 2
59 0 0 0 1
60 0 2 1 1
61 0 0 1 0
62 1 1 0 0
63 2 0 0 0
64 4 1 0 3
65 2 0 0 2
66 1 0 0 0
67 2 0 0 1
68 2 1 0 1
69 2 2 1 1
70 2 1 1 0
71 3 1 0 0
72 0 1 2 0
73 1 1 0 2
74 2 0 1 2
75 1 1 2 1
76 0 1 0 2
77 1 0 2 1
78 0 1 0 1
79 5 1 1 4
80 4 2 1 1
81 2 0 0 2
82 2 2 0 1
83 2 0 0 2
84 3 3 1 1
85 1 1 1 1
86 0 1 0 3
87 2 1 0 2
88 3 1 2 2
89 4 2 1 2
90 3 1 0 1
91 1 0 0 2
92 2 2 1 3
93 3 2 2 3
94 5 2 2 1
95 1 0 0 0
96 0 0 0 2
97 2 0 1 3
98 3 2 1 3
99 1 4 1 1
100 3 1 0 2
101 2 1 1 1
102 2 1 1 1
103 1 5 0 4
104 3 0 1 1
105 1 1 0 4
106 1 2 0 3
107 0 1 2 3
108 2 1 1 1
109 2 1 4 1
110 2 1 0 3
111 0 0 0 2
112 2 0 0 1
113 0 1 0 1
114 3 1 0 2
115 3 2 1 1
116 4 0 0 5
117 4 1 1 1
118 1 1 0 1
119 5 1 1 3
120 3 1 1 1
121 6 4 0 1
122 8 1 1 1
123 3 0 2 2
124 7 3 2 1
125 10 1 2 2
126 5 0 4 2
127 4 0 4 3
128 2 0 4 5
129 4 2 1 1
130 2 7 2 5
131 2 6 1 4
132 5 0 1 4
133 3 2 4 4
134 4 1 3 8
135 4 0 3 6
136 3 2 2 1
137 2 1 4 4
138 3 3 3 4
139 2 0 3 1
140 1 4 0 7
141 2 2 1 4
142 1 1 2 6
143 5 1 3 2
144 6 0 2 6
145 7 2 0 4
146 9 1 1 2
147 9 2 0 2
148 6 4 0 3
149 6 3 1 5
150 7 5 0 3
151 9 4 4 1
152 14 5 2 4
153 9 4 2 2
154 10 3 1 4
155 5 4 1 4
156 10 5 4 8
157 5 6 5 10
158 9 6 4 5
159 10 3 4 5
160 6 5 3 6
161 5 8 4 10
162 10 5 3 10
163 5 6 2 8
164 6 3 3 6
165 5 6 3 6
166 9 1 4 6
167 9 3 4 10
168 0 4 6 12
169 7 4 1 9
170 6 6 0 7
171 6 6 3 7
172 8 5 3 8
173 5 1 1 4
174 6 2 3 8
175 7 9 1 8
176 5 5 0 7
177 7 5 0 5
178 5 7 2 9
179 8 3 1 4
180 12 4 2 4
181 10 5 0 5
182 13 3 3 13
183 12 3 4 4
184 7 4 5 8
185 7 5 3 8
186 11 6 2 6
187 10 3 1 5
188 9 6 3 5
189 7 7 3 7
190 9 6 5 6
191 7 7 7 7
192 6 6 7 8
193 14 2 3 7
194 14 5 2 6
195 10 7 3 14
196 9 6 2 15
197 8 5 5 8
198 6 6 2 6
199 6 9 4 9
200 4 4 5 6
201 9 4 3 14
202 7 9 5 8
203 10 5 4 12
204 7 5 2 5
205 11 4 1 10
206 6 4 7 15
207 11 4 3 10
208 7 6 1 8
209 8 5 3 7
210 5 3 2 11
211 8 4 2 5
212 6 6 5 8
213 4 5 2 10
214 4 6 7 5
215 6 3 1 5
216 7 8 2 10
217 3 3 0 5
218 2 4 1 7
219 6 6 1 7
220 1 3 3 9
221 4 4 6 10
222 3 3 0 5
223 1 2 1 7
224 3 4 5 7
225 3 1 0 9
226 6 1 0 7
227 2 0 2 1
228 6 2 0 7
229 4 1 1 3
230 5 3 3 2
231 5 4 1 7
232 1 2 2 1
233 6 2 3 1
234 4 3 1 3
235 4 1 2 4
236 5 2 0 6
237 0 2 1 7
238 4 2 2 4
239 3 5 1 3
240 1 4 2 1
241 2 0 3 4
242 3 3 0 4
243 0 1 1 5
244 1 2 1 4
245 4 2 2 2
246 2 0 1 4
247 1 4 1 3
248 1 1 0 3
249 3 1 0 2
250 0 0 2 2
251 0 2 1 4
252 2 0 2 5
253 0 0 0 0
254 0 4 1 5
255 0 0 0 3
256 2 0 0 3
257 2 1 0 0
258 1 0 0 4
259 1 0 0 0
260 3 0 0 0
261 0 1 2 1
262 1 0 0 0
263 1 0 0 0
264 1 0 0 1
265 1 0 1 1
266 0 1 1 0
267 2 1 0 0
268 1 2 0 2
269 1 3 0 0
270 0 1 0 2
271 1 1 0 0
272 1 0 2 1
273 0 1 0 2
274 1 1 0 1
275 0 0 0 3
276 0 0 1 4
277 1 0 1 0
278 0 0 0 1
279 0 0 1 0
280 0 0 0 1
281 0 1 0 0
282 0 0 1 0
283 1 0 0 2
284 1 0 0 1
285 0 0 0 1
286 0 0 0 1
287 0 0 0 0
288 2 0 1 0
289 0 0 0 0
290 0 0 0 0
291 1 0 0 0
292 1 0 0 0
293 1 2 0 0
294 0 0 1 0
295 1 0 0 1
296 1 1 0 0
297 1 0 0 1
298 0 0 0 0
299 0 0 0 0
300 0 1 0 2
301 0 1 1 1
302 0 2 0 0
303 0 0 0 0
304 0 0 0 1
305 0 0 0 2
306 0 0 0 1
307 1 0 0 0
308 1 0 0 0
309 1 0 0 1
310 0 0 0 0
311 0 0 0 0
312 0 0 1 0
313 0 0 1 0
314 0 0 0 0
315 0 0 0 0
316 0 0 0 1
317 0 0 0 0
318 0 0 1 0
319 0 0 0 0
320 0 0 0 1
321 0 0 0 0
322 0 0 0 1
323 0 0 0 0
324 0 0 0 0
325 0 0 0 0
326 0 0 0 0
327 0 0 0 0
328 1 0 0 0
329 0 0 0 0
330 1 0 0 0
331 0 0 0 0
332 0 0 0 0
333 0 1 0 0
334 0 0 0 0
335 0 0 0 0
336 0 0 0 0
337 0 0 0 1
338 0 0 0 0
339 0 1 0 0
340 0 0 0 0
341 0 0 0 0
342 0 0 0 0
343 0 0 0 0
344 0 0 0 0
345 0 0 0 0
346 0 0 0 1
347 0 0 0 0
348 0 0 0 0
349 0 0 0 0
350 0 0 0 0
351 0 0 0 0
352 0 0 0 0
353 0 0 0 0
354 0 0 0 0
355 0 0 0 0
356 0 0 0 0
357 0 0 0 0
358 0 0 0 0
359 0 0 0 0
360 0 0 0 0
361 0 0 0 0
362 0 0 0 0
363 0 0 0 0
364 0 0 0 0
365 0 0 0 0
366 0 0 0 0
367 0 0 0 0
368 0 0 0 0
369 0 0 0 0
370 0 0 0 0
371 0 0 0 0
372 0 0 0 0
373 0 0 0 0
374 0 0 0 0
375 0 0 0 0
376 0 0 0 0
377 0 0 0 0
378 0 0 0 0
379 0 0 0 0
380 0 0 0 0
381 0 0 0 0
382 0 0 0 0
383 0 0 0 0
384 0 0 0 0
385 0 0 0 0
386 0 0 0 0
387 0 0 0 0
388 0 0 0 0
389 0 0 0 0
390 0 0 0 0
391 0 0 0 0
392 0 0 0 0
393 0 0 0 0
394 0 0 0 0
395 0 0 0 0
396 0 0 0 0
397 0 0 0 0
398 0 0 0 0
399 0 0 0 0
400 0 0 0 0
401 0 0 0 0
402 0 0 0 0
403 0 0 0 0
404 0 0 0 0
405 0 0 0 0
406 0 0 0 0
407 0 0 0 0
408 0 0 0 0
409 0 0 0 0
410 0 0 0 0
411 0 0 0 0
412 0 0 0 0
413 0 0 0 0
414 0 0 0 0
415 0 0 0 0
416 0 0 0 0
417 0 0 0 0
418 0 0 0 0
419 0 0 0 0
420 0 0 0 0
421 0 0 0 0
422 0 0 0 0
423 0 0 0 0
424 0 0 0 0
425 0 0 0 0
426 0 0 0 0
427 0 0 0 0
428 0 0 0 0
429 0 0 0 0
430 0 0 0 0
431 0 0 0 0
432 0 0 0 0
433 0 0 0 0
434 0 0 0 0
435 0 0 0 0
436 0 0 0 0
437 0 0 0 0
438 0 0 0 0
439 0 0 0 0
440 0 0 0 0
441 0 0 0 0
442 0 0 0 0
443 0 0 0 0
444 0 0 0 0
445 0 0 0 0
446 0 0 0 0
447 0 0 0 0
448 0 0 0 0
449 0 0 0 0
450 0 0 0 0
451 0 0 0 0
452 0 0 0 0
453 0 0 0 0
454 0 0 0 0
455 0 0 0 0
456 0 0 0 0
457 0 0 0 0
458 0 0 0 0
459 0 0 0 0
460 0 0 0 0
461 0 0 0 0
462 0 0 0 0
463 0 0 0 0
464 0 0 0 0
465 0 0 0 0
466 0 0 0 0
467 0 0 0 0
468 0 0 0 0
469 0 0 0 0
470 0 0 0 0
471 0 0 0 0
472 0 0 0 0
473 0 0 0 0
474 0 0 0 0
475 0 0 0 0
476 0 0 0 0
477 0 0 0 0
478 0 0 0 0
479 0 0 0 0
480 0 0 0 0
481 0 0 0 0
482 0 0 0 0
483 0 0 0 0
484 0 0 0 0
485 0 0 0 0
486 0 0 0 0
487 0 0 0 0
488 0 0 0 0
489 0 0 0 0
490 0 0 0 0
491 0 0 0 0
492 0 0 0 0
493 0 0 0 0
494 0 0 0 0
495 0 0 0 0
496 0 0 0 0
497 0 0 0 0
498 0 0 0 0
499 0 0 0 0
500 0 0 0 0
501 0 0 0 0
502 0 0 0 0
503 0 0 0 0
504 0 0 0 0
505 0 0 0 0
506 0 0 0 0
507 0 0 0 0
508 0 0 0 0
509 0 0 0 0
510 0 0 0 0
511 0 0 0 0
512 0 0 0 0
513 0 0 0 0
514 0 0 0 0
515 0 0 0 0
516 0 0 0 0
517 0 0 0 0
518 0 0 0 0
519 0 0 0 0
520 0 0 0 0
521 0 0 0 0
522 0 0 0 0
523 0 0 0 0
524 0 0 0 0
525 0 0 0 0
526 0 0 0 0
527 0 0 0 0
528 0 0 0 0
529 0 0 0 0
530 0 0 0 0
531 0 0 0 0
532 0 0 0 0
533 0 0 0 0
534 0 0 0 0
535 0 0 0 0
536 0 0 0 0
537 0 0 0 0
538 0 0 0 0
539 0 0 0 0
540 0 0 0 0
541 0 0 0 0
542 0 0 0 0
543 0 0 0 0
544 0 0 0 0
545 0 0 0 0
546 0 0 0 0
547 0 0 0 0
548 0 0 0 0
549 0 0 0 0
550 0 0 0 0
551 0 0 0 0
552 0 0 0 0
553 0 0 0 0
554 0 0 0 0
555 0 0 0 0
556 0 0 0 0
557 0 0 0 0
558 0 0 0 0
559 0 0 0 0
560 0 0 0 0
561 0 0 0 0
562 0 0 0 0
563 0 0 0 0
564 0 0 0 0
565 0 0 0 0
566 0 0 0 0
567 0 0 0 0
568 0 0 0 0
569 0 0 0 0
570 0 0 0 0
571 0 0 0 0
572 0 0 0 0
573 0 0 0 0
574 0 0 0 0
575 0 0 0 0
576 0 0 0 0
577 0 0 0 0
578 0 0 0 0
579 0 0 0 0
580 0 0 0 0
581 0 0 0 0
582 0 0 0 0
583 0 0 0 0
584 0 0 0 0
585 0 0 0 0
586 0 0 0 0
587 0 0 0 0
588 0 0 0 0
589 0 0 0 0
590 0 0 0 0
591 0 0 0 0
592 0 0 0 0
593 0 0 0 0
594 0 0 0 0
595 0 0 0 0
596 0 0 0 0
597 0 0 0 0
598 0 0 0 0
599 0 0 0 0
600 0 0 0 0
601 0 0 0 0
602 0 0 0 0
603 0 0 0 0
604 0 0 0 0
605 0 0 0 0
606 0 0 0 0
607 0 0 0 0
608 0 0 0 0
609 0 0 0 0
610 0 0 0 0
611 0 0 0 0
612 0 0 0 0
613 0 0 0 0
614 0 0 0 0
615 0 0 0 0
616 0 0 0 0
617 0 0 0 0
618 0 0 0 0
619 0 0 0 0
620 0 0 0 0
621 0 0 0 0
622 0 0 0 0
623 0 0 0 0
624 0 0 0 0
625 0 0 0 0
626 0 0 0 0
627 0 0 0 0
628 0 0 0 0
629 0 0 0 0
630 0 0 0 0
631 0 0 0 0
632 0 0 0 0
633 0 0 0 0
634 0 0 0 0
635 0 0 0 0
636 0 0 0 0
637 0 0 0 0
638 0 0 0 0
639 0 0 0 0
640 0 0 0 0
641 0 0 0 0
642 0 0 0 0
643 0 0 0 0
644 0 0 0 0
645 0 0 0 0
646 0 0 0 0
647 0 0 0 0
648 0 0 0 0
649 0 0 0 0
650 0 0 0 0
651 0 0 0 0
652 0 0 0 0
653 0 0 0 0
654 0 0 0 0
655 0 0 0 0
656 0 0 0 0
657 0 0 0 0
658 0 0 0 0
659 0 0 0 0
660 0 0 0 0
661 0 0 0 0
662 0 0 0 0
663 0 0 0 0
664 0 0 0 0
665 0 0 0 0
666 0 0 0 0
667 0 0 0 0
668 0 0 0 0
669 0 0 0 0
670 0 0 0 0
671 0 0 0 0
672 0 0 0 0
673 0 0 0 0
674 0 0 0 0
675 0 0 0 0
676 0 0 0 0
677 0 0 0 0
678 0 0 0 0
679 0 0 0 0
680 0 0 0 0
681 0 0 0 0
682 0 0 0 0
683 0 0 0 0
684 0 0 0 0
685 0 0 0 0
686 0 0 0 0
687 0 0 0 0
688 0 0 0 0
689 0 0 0 0
690 0 0 0 0
691 0 0 0 0
692 0 0 0 0
693 0 0 0 0
694 0 0 0 0
695 0 0 0 0
696 0 0 0 0
697 0 0 0 0
698 0 0 0 0
699 0 0 0 0
700 0 0 0 0
701 0 0 0 0
702 0 0 0 0
703 0 0 0 0
704 0 0 0 0
705 0 0 0 0
706 0 0 0 0
707 0 0 0 0
708 0 0 0 0
709 0 0 0 0
710 0 0 0 0
711 0 0 0 0
712 0 0 0 0
713 0 0 0 0
714 0 0 0 0
715 0 0 0 0
716 0 0 0 0
717 0 0 0 0
718 0 0 0 0
719 0 0 0 0
720 0 0 0 0
721 0 0 0 0
722 0 0 0 0
723 0 0 0 0
724 0 0 0 0
725 0 0 0 0
726 0 0 0 0
727 0 0 0 0
