0 0 0 0 0
1 0 0 0 0
2 0 0 0 0
3 0 0 0 0
4 0 0 0 0
5 0 3 0 0
6 0 0 0 0
7 0 0 0 0
8 0 0 0 0
9 0 0 2 1
10 0 0 0 0
11 0 0 0 0
12 0 0 0 2
13 0 0 0 0
14 0 0 0 0
15 0 0 0 0
16 0 0 0 2
17 1 0 0 0
18 0 0 0 0
19 1 0 0 0
20 0 0 0 0
21 0 0 0 0
22 0 1 0 0
23 2 0 0 0
24 1 0 0 0
25 0 0 0 0
26 2 0 0 0
27 0 0 0 0
28 0 2 1 0
29 0 1 0 1
30 0 0 0 0
31 0 0 1 0
32 2 0 0 2
33 2 0 0 0
34 0 0 0 0
35 1 1 0 1
36 1 0 0 1
37 1 0 0 0
38 0 0 1 1
39 0 0 0 0
40 1 0 0 0
41 0 1 1 0
42 1 0 1 1
43 1 0 0 0
44 2 1 0 0
45 2 0 1 1
46 0 0 1 0
47 2 0 0 1
48 1 1 0 1
49 2 1 0 1
50 0 2 0 1
51 0 0 1 0
52 1 1 1 2
53 3 3 0 2
54 0 1 1 2
55 0 0 0 0
56 1 0 0 0
57 0 0 1 2
58 1 2 1 3
59 3 0 0 1
60 0 0 0 1
61 1 0 0 1
62 0 0 0 1
63 1 0 1 0
64 2 1 0 1
65 3 1 0 2
66 4 0 0 0
67 4 0 0 1
68 2 2 0 0
69 5 0 2 1
70 5 1 2 0
71 2 2 1 1
72 4 1 2 0
73 4 1 1 2
74 1 2 1 3
75 2 2 2 3
76 2 2 0 2
77 1 3 1 0
78 2 3 2 2
79 1 2 0 2
80 0 0 2 4
81 2 1 0 6
82 3 1 2 5
83 0 2 0 1
84 3 0 1 4
85 1 1 1 3
86 3 1 0 1
87 3 2 1 2
88 4 0 1 2
89 5 1 0 3
90 6 2 0 1
91 6 3 1 1
92 7 0 2 2
93 7 1 2 0
94 9 1 1 4
95 3 1 0 1
96 7 5 2 1
97 11 3 4 1
98 4 4 1 4
99 6 5 4 3
100 5 3 0 5
101 5 7 2 3
102 5 6 1 4
103 6 1 4 11
104 5 5 0 8
105 5 4 2 4
106 3 5 5 5
107 4 1 5 1
108 3 6 2 8
109 8 2 3 9
110 7 4 1 10
111 5 1 2 8
112 4 2 1 6
113 6 4 1 6
114 5 4 1 3
115 11 4 3 5
116 7 3 2 5
117 3 1 1 6
118 9 2 4 2
119 6 1 2 8
120 8 5 4 3
121 10 7 2 5
122 8 3 3 3
123 6 4 4 4
124 6 4 1 5
125 3 5 0 11
126 7 0 1 7
127 9 6 5 12
128 5 8 0 6
129 5 2 4 4
130 6 5 5 1
131 9 5 2 9
132 8 4 5 7
133 13 4 5 3
134 14 3 3 9
135 8 3 2 4
136 11 5 2 10
137 11 2 2 8
138 8 8 2 11
139 4 8 3 4
140 6 7 1 8
141 8 7 6 6
142 7 4 4 8
143 12 6 3 10
144 8 3 2 5
145 12 6 3 13
146 8 8 3 9
147 14 8 1 6
148 11 2 5 6
149 16 4 1 10
150 13 6 5 13
151 7 4 5 6
152 11 8 6 8
153 12 5 7 5
154 11 8 5 8
155 7 9 2 10
156 10 5 6 12
157 10 8 4 13
158 11 7 1 14
159 11 8 3 9
160 9 6 3 12
161 10 7 2 13
162 10 7 9 9
163 14 8 4 14
164 8 6 2 11
165 14 7 3 7
166 22 4 4 11
167 14 6 7 8
168 12 4 4 11
169 13 5 3 13
170 10 11 3 14
171 15 8 7 11
172 12 9 7 7
173 16 6 3 9
174 17 9 6 11
175 11 9 5 12
176 13 9 7 9
177 12 6 6 13
178 9 11 5 13
179 11 7 7 19
180 13 8 4 11
181 11 11 2 20
182 8 6 5 9
183 18 7 9 16
184 5 7 3 10
185 14 6 4 15
186 18 8 6 11
187 14 5 0 10
188 18 6 8 14
189 18 7 5 10
190 17 9 3 21
191 15 10 5 9
192 17 10 7 9
193 19 4 5 11
194 14 11 5 9
195 14 8 9 15
196 19 9 4 13
197 18 9 5 9
198 14 8 6 14
199 14 10 8 19
200 14 8 6 14
201 20 14 7 15
202 17 12 11 16
203 14 6 9 11
204 13 9 7 15
205 16 12 4 15
206 8 11 8 25
207 13 8 3 14
208 12 8 6 26
209 10 5 4 14
210 9 9 10 21
211 12 12 6 10
212 5 10 4 12
213 9 11 7 14
214 12 6 6 12
215 13 5 1 18
216 10 11 2 13
217 10 4 1 20
218 7 3 5 19
219 5 6 4 5
220 5 7 5 16
221 10 8 2 7
222 4 7 4 10
223 2 9 2 10
224 7 4 6 10
225 5 2 2 7
226 6 4 3 10
227 8 6 1 11
228 6 1 2 9
229 5 3 3 11
230 5 1 7 8
231 4 4 3 8
232 8 5 0 2
233 6 4 4 3
234 3 4 1 7
235 2 2 2 7
236 2 1 2 9
237 1 3 1 9
238 3 4 3 3
239 2 2 1 2
240 2 2 3 6
241 2 2 5 8
242 3 1 1 5
243 5 4 1 3
244 4 1 1 3
245 6 0 2 8
246 5 2 1 2
247 5 0 1 3
248 4 3 2 6
249 4 2 1 3
250 6 3 1 5
251 2 4 2 1
252 4 2 3 4
253 0 3 1 2
254 1 4 1 3
255 1 6 1 5
256 1 2 0 6
257 2 2 2 5
258 0 0 0 8
259 2 0 1 4
260 0 1 0 1
261 1 1 2 2
262 0 0 0 5
263 2 0 1 1
264 3 0 2 3
265 1 0 0 2
266 0 2 0 1
267 0 0 0 0
268 0 2 0 3
269 1 0 1 0
270 0 0 1 2
271 0 0 0 0
272 4 0 0 1
273 1 1 1 2
274 2 0 1 0
275 2 0 0 1
276 2 0 0 0
277 1 3 0 1
278 2 1 1 1
279 1 1 1 0
280 1 1 0 2
281 1 2 0 1
282 1 0 1 2
283 1 1 0 1
284 1 1 1 2
285 1 1 1 1
286 0 1 0 2
287 2 1 1 1
288 0 1 0 1
289 1 1 0 1
290 0 1 0 1
291 0 0 0 3
292 1 0 1 1
293 0 0 0 2
294 0 0 0 1
295 1 0 0 1
296 0 1 0 1
297 2 0 1 1
298 1 0 1 0
299 0 0 0 0
300 0 0 1 0
301 0 0 0 0
302 0 0 0 0
303 0 0 0 1
304 0 0 0 1
305 0 0 0 1
306 0 0 2 0
307 0 0 1 1
308 0 0 0 0
309 0 0 0 0
310 0 0 0 1
311 0 0 0 1
312 0 0 0 0
313 0 0 0 1
314 1 0 0 0
315 1 0 0 0
316 1 0 0 0
317 1 0 0 0
318 1 0 0 0
319 0 1 0 0
320 0 0 0 0
321 0 0 1 0
322 0 0 0 0
323 0 1 0 1
324 0 0 1 0
325 0 0 0 0
326 0 0 1 0
327 0 0 0 0
328 0 0 0 2
329 0 0 0 0
330 0 0 0 2
331 1 0 0 0
332 1 0 0 0
333 0 0 0 0
334 0 0 0 0
335 0 0 0 0
336 0 1 0 0
337 1 1 0 0
338 0 0 0 0
339 1 0 0 0
340 0 0 0 1
341 0 0 0 1
342 0 0 0 0
343 0 0 0 0
344 0 0 0 0
345 0 0 0 0
346 0 1 0 0
347 0 0 0 0
348 0 1 0 0
349 0 0 0 0
350 0 0 0 0
351 0 0 0 0
352 0 0 0 1
353 0 0 0 1
354 0 0 0 0
355 0 0 0 0
356 0 0 0 0
357 0 0 0 0
358 0 0 0 0
359 0 0 0 0
360 0 0 0 0
361 0 0 0 0
362 0 0 0 0
363 0 0 0 0
364 0 0 0 0
365 0 0 0 0
366 0 0 0 0
367 0 0 0 0
368 0 0 0 0
369 0 0 0 0
370 0 0 0 0
371 0 0 0 0
372 0 0 0 0
373 0 0 0 0
374 0 0 0 0
375 0 0 0 0
376 0 0 0 0
377 0 0 0 0
378 0 0 0 0
379 0 0 0 0
380 0 0 0 0
381 0 0 0 0
382 0 0 0 0
383 0 0 0 0
384 0 0 0 0
385 0 0 0 0
386 0 0 0 0
387 0 0 0 0
388 0 0 0 0
389 0 0 0 0
390 0 0 0 0
391 0 0 0 0
392 0 0 0 0
393 0 0 0 0
394 0 0 0 0
395 0 0 0 0
396 0 0 0 0
397 0 0 0 0
398 0 0 0 0
399 0 0 0 0
400 0 0 0 0
401 0 0 0 0
402 0 0 0 0
403 0 0 0 0
404 0 0 0 0
405 0 0 0 0
406 0 0 0 0
407 0 0 0 0
408 0 0 0 0
409 0 0 0 0
410 0 0 0 0
411 0 0 0 0
412 0 0 0 0
413 0 0 0 0
414 0 0 0 0
415 0 0 0 0
416 0 0 0 0
417 0 0 0 0
418 0 0 0 0
419 0 0 0 0
420 0 0 0 0
421 0 0 0 0
422 0 0 0 0
423 0 0 0 0
424 0 0 0 0
425 0 0 0 0
426 0 0 0 0
427 0 0 0 0
428 0 0 0 0
429 0 0 0 0
430 0 0 0 0
431 0 0 0 0
432 0 0 0 0
433 0 0 0 0
434 0 0 0 0
435 0 0 0 0
436 0 0 0 0
437 0 0 0 0
438 0 0 0 0
439 0 0 0 0
440 0 0 0 0
441 0 0 0 0
442 0 0 0 0
443 0 0 0 0
444 0 0 0 0
445 0 0 0 0
446 0 0 0 0
447 0 0 0 0
448 0 0 0 0
449 0 0 0 0
450 0 0 0 0
451 0 0 0 0
452 0 0 0 0
453 0 0 0 0
454 0 0 0 0
455 0 0 0 0
456 0 0 0 0
457 0 0 0 0
458 0 0 0 0
459 0 0 0 0
460 0 0 0 0
461 0 0 0 0
462 0 0 0 0
463 0 0 0 0
464 0 0 0 0
465 0 0 0 0
466 0 0 0 0
467 0 0 0 0
468 0 0 0 0
469 0 0 0 0
470 0 0 0 0
471 0 0 0 0
472 0 0 0 0
473 0 0 0 0
474 0 0 0 0
475 0 0 0 0
476 0 0 0 0
477 0 0 0 0
478 0 0 0 0
479 0 0 0 0
480 0 0 0 0
481 0 0 0 0
482 0 0 0 0
483 0 0 0 0
484 0 0 0 0
485 0 0 0 0
486 0 0 0 0
487 0 0 0 0
488 0 0 0 0
489 0 0 0 0
490 0 0 0 0
491 0 0 0 0
492 0 0 0 0
493 0 0 0 0
494 0 0 0 0
495 0 0 0 0
496 0 0 0 0
497 0 0 0 0
498 0 0 0 0
499 0 0 0 0
500 0 0 0 0
501 0 0 0 0
502 0 0 0 0
503 0 0 0 0
504 0 0 0 0
505 0 0 0 0
506 0 0 0 0
507 0 0 0 0
508 0 0 0 0
509 0 0 0 0
510 0 0 0 0
511 0 0 0 0
512 0 0 0 0
513 0 0 0 0
514 0 0 0 0
515 0 0 0 0
516 0 0 0 0
517 0 0 0 0
518 0 0 0 0
519 0 0 0 0
520 0 0 0 0
521 0 0 0 0
522 0 0 0 0
523 0 0 0 0
524 0 0 0 0
525 0 0 0 0
526 0 0 0 0
527 0 0 0 0
528 0 0 0 0
529 0 0 0 0
530 0 0 0 0
531 0 0 0 0
532 0 0 0 0
533 0 0 0 0
534 0 0 0 0
535 0 0 0 0
536 0 0 0 0
537 0 0 0 0
538 0 0 0 0
539 0 0 0 0
540 0 0 0 0
541 0 0 0 0
542 0 0 0 0
543 0 0 0 0
544 0 0 0 0
545 0 0 0 0
546 0 0 0 0
547 0 0 0 0
548 0 0 0 0
549 0 0 0 0
550 0 0 0 0
551 0 0 0 0
552 0 0 0 0
553 0 0 0 0
554 0 0 0 0
555 0 0 0 0
556 0 0 0 0
557 0 0 0 0
558 0 0 0 0
559 0 0 0 0
560 0 0 0 0
561 0 0 0 0
562 0 0 0 0
563 0 0 0 0
564 0 0 0 0
565 0 0 0 0
566 0 0 0 0
567 0 0 0 0
568 0 0 0 0
569 0 0 0 0
570 0 0 0 0
571 0 0 0 0
572 0 0 0 0
573 0 0 0 0
574 0 0 0 0
575 0 0 0 0
576 0 0 0 0
577 0 0 0 0
578 0 0 0 0
579 0 0 0 0
580 0 0 0 0
581 0 0 0 0
582 0 0 0 0
583 0 0 0 0
584 0 0 0 0
585 0 0 0 0
586 0 0 0 0
587 0 0 0 0
588 0 0 0 0
589 0 0 0 0
590 0 0 0 0
591 0 0 0 0
592 0 0 0 0
593 0 0 0 0
594 0 0 0 0
595 0 0 0 0
596 0 0 0 0
597 0 0 0 0
598 0 0 0 0
599 0 0 0 0
600 0 0 0 0
601 0 0 0 0
602 0 0 0 0
603 0 0 0 0
604 0 0 0 0
605 0 0 0 0
606 0 0 0 0
607 0 0 0 0
608 0 0 0 0
609 0 0 0 0
610 0 0 0 0
611 0 0 0 0
612 0 0 0 0
613 0 0 0 0
614 0 0 0 0
615 0 0 0 0
616 0 0 0 0
617 0 0 0 0
618 0 0 0 0
619 0 0 0 0
620 0 0 0 0
621 0 0 0 0
622 0 0 0 0
623 0 0 0 0
624 0 0 0 0
625 0 0 0 0
626 0 0 0 0
627 0 0 0 0
628 0 0 0 0
629 0 0 0 0
630 0 0 0 0
631 0 0 0 0
632 0 0 0 0
633 0 0 0 0
634 0 0 0 0
635 0 0 0 0
636 0 0 0 0
637 0 0 0 0
638 0 0 0 0
639 0 0 0 0
640 0 0 0 0
641 0 0 0 0
642 0 0 0 0
643 0 0 0 0
644 0 0 0 0
645 0 0 0 0
646 0 0 0 0
647 0 0 0 0
648 0 0 0 0
649 0 0 0 0
650 0 0 0 0
651 0 0 0 0
652 0 0 0 0
653 0 0 0 0
654 0 0 0 0
655 0 0 0 0
656 0 0 0 0
657 0 0 0 0
658 0 0 0 0
659 0 0 0 0
660 0 0 0 0
661 0 0 0 0
662 0 0 0 0
663 0 0 0 0
664 0 0 0 0
665 0 0 0 0
666 0 0 0 0
667 0 0 0 0
668 0 0 0 0
669 0 0 0 0
670 0 0 0 0
671 0 0 0 0
672 0 0 0 0
673 0 0 0 0
674 0 0 0 0
675 0 0 0 0
676 0 0 0 0
677 0 0 0 0
678 0 0 0 0
679 0 0 0 0
680 0 0 0 0
681 0 0 0 0
682 0 0 0 0
683 0 0 0 0
684 0 0 0 0
685 0 0 0 0
686 0 0 0 0
687 0 0 0 0
688 0 0 0 0
689 0 0 0 0
690 0 0 0 0
691 0 0 0 0
692 0 0 0 0
693 0 0 0 0
694 0 0 0 0
695 0 0 0 0
696 0 0 0 0
697 0 0 0 0
698 0 0 0 0
699 0 0 0 0
700 0 0 0 0
701 0 0 0 0
702 0 0 0 0
703 0 0 0 0
704 0 0 0 0
705 0 0 0 0
706 0 0 0 0
707 0 0 0 0
708 0 0 0 0
709 0 0 0 0
710 0 0 0 0
711 0 0 0 0
712 0 0 0 0
713 0 0 0 0
714 0 0 0 0
715 0 0 0 0
716 0 0 0 0
717 0 0 0 0
718 0 0 0 0
719 0 0 0 0
720 0 0 0 0
721 0 0 0 0
722 0 0 0 0
723 0 0 0 0
724 0 0 0 0
725 0 0 0 0
726 0 0 0 0
727 0 0 0 0
