0 0 0 0 0
1 0 0 0 0
2 0 0 0 0
3 0 0 0 0
4 0 0 0 0
5 0 3 2 0
6 0 0 0 0
7 0 0 0 0
8 0 0 0 0
9 0 0 0 2
10 0 0 0 1
11 0 0 0 0
12 0 0 0 2
13 0 0 0 0
14 0 0 0 0
15 0 0 0 0
16 2 0 0 0
17 1 0 0 0
18 1 0 0 0
19 2 0 0 0
20 3 0 0 0
21 2 0 1 0
22 0 1 0 0
23 1 0 0 0
24 1 0 0 0
25 3 4 0 0
26 1 0 1 1
27 1 1 0 1
28 0 2 0 0
29 0 1 0 2
30 0 1 1 0
31 0 1 0 1
32 0 1 1 3
33 0 0 0 2
34 0 1 1 0
35 0 0 0 1
36 0 0 0 0
37 0 0 0 2
38 2 0 0 3
39 1 0 0 2
40 1 0 0 0
41 1 0 0 0
42 1 0 0 0
43 2 2 0 0
44 2 0 0 0
45 2 1 0 0
46 1 1 0 0
47 2 0 0 2
48 1 0 2 0
49 1 1 0 0
50 1 0 0 1
51 0 1 1 0
52 1 0 1 2
53 2 1 0 1
54 1 2 1 0
55 1 1 1 3
56 0 0 2 0
57 2 0 0 1
58 1 0 1 2
59 0 1 0 1
60 0 0 0 1
61 0 1 0 1
62 2 1 1 2
63 2 1 0 1
64 2 0 1 0
65 0 0 0 1
66 2 1 0 2
67 1 0 0 1
68 5 0 0 2
69 3 1 0 1
70 4 0 1 0
71 3 3 1 0
72 2 1 1 0
73 1 1 4 1
74 0 2 0 1
75 0 2 0 2
76 3 3 0 1
77 4 2 0 4
78 1 1 1 3
79 0 0 0 4
80 1 1 0 3
81 1 3 0 1
82 0 3 1 1
83 2 0 0 1
84 1 0 0 3
85 2 0 2 3
86 1 1 0 2
87 2 0 1 0
88 1 0 0 1
89 3 1 0 3
90 3 2 1 0
91 5 0 0 1
92 2 1 1 1
93 2 0 0 2
94 4 3 0 1
95 2 0 1 0
96 7 3 0 0
97 4 0 1 2
98 3 1 0 0
99 2 4 1 2
100 2 3 1 1
101 5 3 3 6
102 4 4 0 1
103 5 2 1 5
104 2 0 2 4
105 1 0 4 1
106 3 3 0 3
107 4 4 0 1
108 1 2 1 7
109 1 2 0 4
110 4 2 3 3
111 6 3 2 3
112 1 3 1 5
113 3 0 1 2
114 4 0 0 4
115 7 1 2 3
116 7 5 3 3
117 2 0 1 3
118 4 1 1 2
119 3 2 3 5
120 4 3 1 4
121 7 4 0 3
122 1 2 0 2
123 6 2 1 4
124 4 1 4 2
125 5 3 5 3
126 4 2 2 3
127 6 0 2 3
128 9 4 3 7
129 6 2 1 8
130 8 5 2 5
131 7 4 1 2
132 4 2 2 6
133 5 3 3 3
134 10 4 3 8
135 10 2 0 5
136 4 2 4 2
137 11 4 4 4
138 5 0 2 8
139 7 7 2 5
140 3 9 3 6
141 2 1 2 7
142 4 4 4 2
143 8 8 1 8
144 3 6 2 10
145 7 4 0 3
146 6 3 4 8
147 4 4 1 7
148 8 2 2 3
149 3 3 0 4
150 3 3 4 11
151 5 1 5 10
152 10 4 2 4
153 8 4 2 4
154 6 1 3 4
155 5 2 1 7
156 12 2 2 4
157 3 7 4 6
158 7 2 1 5
159 13 3 3 5
160 14 1 3 7
161 12 10 4 7
162 12 3 2 0
163 8 5 2 3
164 10 9 2 9
165 9 6 7 11
166 10 7 2 4
167 7 5 2 4
168 16 6 4 10
169 7 5 3 10
170 8 8 3 10
171 14 9 5 10
172 16 5 3 10
173 10 9 3 8
174 15 4 2 7
175 18 3 3 14
176 12 7 7 9
177 17 7 9 12
178 10 9 2 8
179 14 8 5 10
180 20 11 6 15
181 18 9 2 8
182 18 9 9 8
183 13 9 2 10
184 17 8 8 21
185 14 13 6 15
186 15 11 4 15
187 9 12 4 12
188 17 6 7 12
189 18 12 9 21
190 17 8 5 14
191 19 9 4 17
192 26 4 5 16
193 17 6 7 15
194 24 12 7 17
195 17 10 4 14
196 19 8 10 16
197 19 14 8 10
198 18 10 6 19
199 19 11 16 13
200 13 12 7 11
201 18 13 8 16
202 18 9 9 14
203 21 10 6 27
204 16 11 4 24
205 12 13 8 16
206 12 10 6 25
207 13 14 7 20
208 9 12 10 16
209 14 9 0 18
210 4 6 11 17
211 12 8 6 22
212 11 7 5 18
213 8 9 4 10
214 15 4 6 17
215 6 7 1 19
216 9 10 5 12
217 5 6 4 12
218 7 10 5 14
219 12 3 7 8
220 12 7 2 15
221 11 7 3 9
222 8 3 3 12
223 10 7 5 17
224 10 3 7 11
225 11 2 7 11
226 8 7 0 6
227 6 4 1 9
228 8 3 4 10
229 7 7 8 7
230 7 5 5 9
231 10 8 5 6
232 2 5 4 9
233 2 3 4 11
234 8 5 4 8
235 5 3 3 9
236 3 6 3 11
237 5 1 4 6
238 1 5 2 13
239 0 2 5 9
240 0 2 4 10
241 2 1 2 5
242 3 3 0 5
243 5 3 3 9
244 5 1 1 6
245 4 0 0 4
246 4 1 1 3
247 5 0 1 8
248 3 1 1 3
249 0 0 2 2
250 4 3 1 3
251 3 0 2 1
252 5 3 3 1
253 5 1 5 3
254 2 1 0 3
255 1 4 1 3
256 1 1 2 3
257 3 4 0 5
258 3 2 0 0
259 2 5 0 5
260 0 1 1 4
261 1 2 1 4
262 4 3 1 4
263 2 0 1 6
264 0 0 3 4
265 1 0 0 2
266 2 0 2 5
267 1 1 2 0
268 0 1 0 2
269 3 1 0 0
270 2 0 1 3
271 2 2 1 3
272 2 2 0 1
273 1 0 0 1
274 2 0 1 3
275 1 1 1 2
276 0 0 0 2
277 0 1 0 0
278 0 0 2 1
279 2 0 1 0
280 2 1 1 0
281 0 1 0 1
282 0 0 1 3
283 0 1 1 0
284 2 1 2 1
285 0 0 2 1
286 1 0 0 2
287 0 0 0 2
288 0 0 0 3
289 2 1 1 1
290 0 0 0 2
291 0 0 1 1
292 1 0 0 1
293 1 0 0 2
294 1 1 0 0
295 1 1 0 0
296 1 0 0 0
297 0 0 1 0
298 3 0 1 1
299 0 0 0 0
300 1 1 0 0
301 0 0 0 2
302 0 0 0 1
303 0 1 0 0
304 0 0 0 1
305 0 1 0 1
306 0 0 0 0
307 0 3 0 1
308 0 0 0 0
309 0 1 0 1
310 0 0 0 0
311 0 0 0 1
312 0 0 0 0
313 0 0 0 1
314 0 0 0 2
315 0 0 0 0
316 0 0 0 0
317 1 0 0 0
318 0 0 0 0
319 0 0 0 0
320 0 0 0 0
321 0 0 0 0
322 0 0 0 0
323 0 0 0 0
324 0 0 0 0
325 0 0 0 0
326 1 1 0 0
327 0 0 0 0
328 0 0 0 0
329 0 0 0 0
330 0 0 0 1
331 0 1 0 0
332 0 0 0 0
333 0 0 0 0
334 0 0 0 0
335 0 0 0 0
336 0 0 0 0
337 0 0 0 0
338 0 0 0 1
339 0 0 0 0
340 0 0 0 0
341 0 0 0 0
342 0 0 0 0
343 0 0 0 0
344 0 0 0 0
345 0 0 0 0
346 0 0 0 0
347 0 0 0 0
348 0 0 0 0
349 0 0 0 0
350 0 0 0 0
351 0 0 0 0
352 0 0 0 0
353 0 0 0 0
354 0 0 0 0
355 0 0 0 0
356 0 0 0 0
357 0 0 0 0
358 0 0 0 0
359 0 0 0 0
360 0 0 0 0
361 0 0 0 0
362 0 0 0 0
363 0 0 0 0
364 0 0 0 0
365 0 0 0 0
366 0 0 0 0
367 0 0 0 0
368 0 0 0 0
369 0 0 0 0
370 0 0 0 0
371 0 0 0 0
372 0 0 0 0
373 0 0 0 0
374 0 0 0 0
375 0 0 0 0
376 0 0 0 0
377 0 0 0 0
378 0 0 0 0
379 0 0 0 0
380 0 0 0 0
381 0 0 0 0
382 0 0 0 0
383 0 0 0 0
384 0 0 0 0
385 0 0 0 0
386 0 0 0 0
387 0 0 0 0
388 0 0 0 0
389 0 0 0 0
390 0 0 0 0
391 0 0 0 0
392 0 0 0 0
393 0 0 0 0
394 0 0 0 0
395 0 0 0 0
396 0 0 0 0
397 0 0 0 0
398 0 0 0 0
399 0 0 0 0
400 0 0 0 0
401 0 0 0 0
402 0 0 0 0
403 0 0 0 0
404 0 0 0 0
405 0 0 0 0
406 0 0 0 0
407 0 0 0 0
408 0 0 0 0
409 0 0 0 0
410 0 0 0 0
411 0 0 0 0
412 0 0 0 0
413 0 0 0 0
414 0 0 0 0
415 0 0 0 0
416 0 0 0 0
417 0 0 0 0
418 0 0 0 0
419 0 0 0 0
420 0 0 0 0
421 0 0 0 0
422 0 0 0 0
423 0 0 0 0
424 0 0 0 0
425 0 0 0 0
426 0 0 0 0
427 0 0 0 0
428 0 0 0 0
429 0 0 0 0
430 0 0 0 0
431 0 0 0 0
432 0 0 0 0
433 0 0 0 0
434 0 0 0 0
435 0 0 0 0
436 0 0 0 0
437 0 0 0 0
438 0 0 0 0
439 0 0 0 0
440 0 0 0 0
441 0 0 0 0
442 0 0 0 0
443 0 0 0 0
444 0 0 0 0
445 0 0 0 0
446 0 0 0 0
447 0 0 0 0
448 0 0 0 0
449 0 0 0 0
450 0 0 0 0
451 0 0 0 0
452 0 0 0 0
453 0 0 0 0
454 0 0 0 0
455 0 0 0 0
456 0 0 0 0
457 0 0 0 0
458 0 0 0 0
459 0 0 0 0
460 0 0 0 0
461 0 0 0 0
462 0 0 0 0
463 0 0 0 0
464 0 0 0 0
465 0 0 0 0
466 0 0 0 0
467 0 0 0 0
468 0 0 0 0
469 0 0 0 0
470 0 0 0 0
471 0 0 0 0
472 0 0 0 0
473 0 0 0 0
474 0 0 0 0
475 0 0 0 0
476 0 0 0 0
477 0 0 0 0
478 0 0 0 0
479 0 0 0 0
480 0 0 0 0
481 0 0 0 0
482 0 0 0 0
483 0 0 0 0
484 0 0 0 0
485 0 0 0 0
486 0 0 0 0
487 0 0 0 0
488 0 0 0 0
489 0 0 0 0
490 0 0 0 0
491 0 0 0 0
492 0 0 0 0
493 0 0 0 0
494 0 0 0 0
495 0 0 0 0
496 0 0 0 0
497 0 0 0 0
498 0 0 0 0
499 0 0 0 0
500 0 0 0 0
501 0 0 0 0
502 0 0 0 0
503 0 0 0 0
504 0 0 0 0
505 0 0 0 0
506 0 0 0 0
507 0 0 0 0
508 0 0 0 0
509 0 0 0 0
510 0 0 0 0
511 0 0 0 0
512 0 0 0 0
513 0 0 0 0
514 0 0 0 0
515 0 0 0 0
516 0 0 0 0
517 0 0 0 0
518 0 0 0 0
519 0 0 0 0
520 0 0 0 0
521 0 0 0 0
522 0 0 0 0
523 0 0 0 0
524 0 0 0 0
525 0 0 0 0
526 0 0 0 0
527 0 0 0 0
528 0 0 0 0
529 0 0 0 0
530 0 0 0 0
531 0 0 0 0
532 0 0 0 0
533 0 0 0 0
534 0 0 0 0
535 0 0 0 0
536 0 0 0 0
537 0 0 0 0
538 0 0 0 0
539 0 0 0 0
540 0 0 0 0
541 0 0 0 0
542 0 0 0 0
543 0 0 0 0
544 0 0 0 0
545 0 0 0 0
546 0 0 0 0
547 0 0 0 0
548 0 0 0 0
549 0 0 0 0
550 0 0 0 0
551 0 0 0 0
552 0 0 0 0
553 0 0 0 0
554 0 0 0 0
555 0 0 0 0
556 0 0 0 0
557 0 0 0 0
558 0 0 0 0
559 0 0 0 0
560 0 0 0 0
561 0 0 0 0
562 0 0 0 0
563 0 0 0 0
564 0 0 0 0
565 0 0 0 0
566 0 0 0 0
567 0 0 0 0
568 0 0 0 0
569 0 0 0 0
570 0 0 0 0
571 0 0 0 0
572 0 0 0 0
573 0 0 0 0
574 0 0 0 0
575 0 0 0 0
576 0 0 0 0
577 0 0 0 0
578 0 0 0 0
579 0 0 0 0
580 0 0 0 0
581 0 0 0 0
582 0 0 0 0
583 0 0 0 0
584 0 0 0 0
585 0 0 0 0
586 0 0 0 0
587 0 0 0 0
588 0 0 0 0
589 0 0 0 0
590 0 0 0 0
591 0 0 0 0
592 0 0 0 0
593 0 0 0 0
594 0 0 0 0
595 0 0 0 0
596 0 0 0 0
597 0 0 0 0
598 0 0 0 0
599 0 0 0 0
600 0 0 0 0
601 0 0 0 0
602 0 0 0 0
603 0 0 0 0
604 0 0 0 0
605 0 0 0 0
606 0 0 0 0
607 0 0 0 0
608 0 0 0 0
609 0 0 0 0
610 0 0 0 0
611 0 0 0 0
612 0 0 0 0
613 0 0 0 0
614 0 0 0 0
615 0 0 0 0
616 0 0 0 0
617 0 0 0 0
618 0 0 0 0
619 0 0 0 0
620 0 0 0 0
621 0 0 0 0
622 0 0 0 0
623 0 0 0 0
624 0 0 0 0
625 0 0 0 0
626 0 0 0 0
627 0 0 0 0
628 0 0 0 0
629 0 0 0 0
630 0 0 0 0
631 0 0 0 0
632 0 0 0 0
633 0 0 0 0
634 0 0 0 0
635 0 0 0 0
636 0 0 0 0
637 0 0 0 0
638 0 0 0 0
639 0 0 0 0
640 0 0 0 0
641 0 0 0 0
642 0 0 0 0
643 0 0 0 0
644 0 0 0 0
645 0 0 0 0
646 0 0 0 0
647 0 0 0 0
648 0 0 0 0
649 0 0 0 0
650 0 0 0 0
651 0 0 0 0
652 0 0 0 0
653 0 0 0 0
654 0 0 0 0
655 0 0 0 0
656 0 0 0 0
657 0 0 0 0
658 0 0 0 0
659 0 0 0 0
660 0 0 0 0
661 0 0 0 0
662 0 0 0 0
663 0 0 0 0
664 0 0 0 0
665 0 0 0 0
666 0 0 0 0
667 0 0 0 0
668 0 0 0 0
669 0 0 0 0
670 0 0 0 0
671 0 0 0 0
672 0 0 0 0
673 0 0 0 0
674 0 0 0 0
675 0 0 0 0
676 0 0 0 0
677 0 0 0 0
678 0 0 0 0
679 0 0 0 0
680 0 0 0 0
681 0 0 0 0
682 0 0 0 0
683 0 0 0 0
684 0 0 0 0
685 0 0 0 0
686 0 0 0 0
687 0 0 0 0
688 0 0 0 0
689 0 0 0 0
690 0 0 0 0
691 0 0 0 0
692 0 0 0 0
693 0 0 0 0
694 0 0 0 0
695 0 0 0 0
696 0 0 0 0
697 0 0 0 0
698 0 0 0 0
699 0 0 0 0
700 0 0 0 0
701 0 0 0 0
702 0 0 0 0
703 0 0 0 0
704 0 0 0 0
705 0 0 0 0
706 0 0 0 0
707 0 0 0 0
708 0 0 0 0
709 0 0 0 0
710 0 0 0 0
711 0 0 0 0
712 0 0 0 0
713 0 0 0 0
714 0 0 0 0
715 0 0 0 0
716 0 0 0 0
717 0 0 0 0
718 0 0 0 0
719 0 0 0 0
720 0 0 0 0
721 0 0 0 0
722 0 0 0 0
723 0 0 0 0
724 0 0 0 0
725 0 0 0 0
726 0 0 0 0
727 0 0 0 0
