0 0 0 0 0
1 0 0 0 0
2 0 0 0 0
3 0 0 0 0
4 0 0 0 0
5 0 4 0 0
6 0 0 0 0
7 0 0 0 0
8 0 0 0 0
9 0 0 1 0
10 1 0 0 0
11 0 0 0 0
12 0 0 0 4
13 0 0 0 1
14 0 0 0 0
15 1 0 1 0
16 0 0 0 0
17 0 0 0 0
18 0 0 0 0
19 2 0 0 1
20 2 0 0 0
21 3 0 0 0
22 2 0 0 0
23 2 0 0 0
24 0 1 1 0
25 2 0 0 0
26 1 2 0 0
27 1 0 0 0
28 1 1 2 2
29 0 2 1 0
30 0 0 0 1
31 1 2 0 0
32 0 1 0 3
33 1 1 0 3
34 1 1 1 0
35 0 0 1 2
36 1 0 0 2
37 0 0 0 1
38 0 1 0 0
39 0 0 0 0
40 0 1 0 0
41 3 0 0 2
42 4 0 0 2
43 2 1 0 0
44 2 0 0 1
45 2 1 0 0
46 2 2 0 0
47 2 2 1 1
48 2 0 0 0
49 2 1 0 0
50 2 1 0 0
51 2 4 0 1
52 4 1 1 1
53 2 0 1 2
54 4 0 3 2
55 1 1 0 1
56 3 0 2 1
57 0 1 2 2
58 2 3 0 3
59 0 2 2 3
60 2 2 0 2
61 2 3 1 4
62 2 0 0 3
63 1 1 2 1
64 2 0 0 3
65 4 0 2 5
66 3 0 0 3
67 3 1 1 1
68 3 0 0 0
69 5 0 1 0
70 3 2 2 2
71 2 2 1 2
72 3 1 2 2
73 4 2 1 0
74 3 4 1 2
75 3 1 2 2
76 3 2 0 3
77 6 4 0 4
78 3 2 0 3
79 5 3 1 3
80 6 2 0 2
81 4 1 0 6
82 4 3 4 1
83 3 1 3 2
84 3 3 0 1
85 5 5 2 3
86 3 1 5 8
87 7 1 1 5
88 7 5 1 2
89 7 0 2 4
90 4 0 2 4
91 0 3 1 2
92 2 3 0 8
93 3 4 2 4
94 5 4 4 3
95 6 2 1 4
96 6 3 2 3
97 5 2 3 4
98 4 1 1 7
99 9 3 2 1
100 4 0 1 8
101 9 2 0 3
102 8 4 2 2
103 6 4 1 3
104 9 4 4 4
105 8 6 1 4
106 6 5 3 8
107 9 6 0 4
108 13 7 4 4
109 6 5 3 5
110 5 6 2 6
111 4 2 4 7
112 7 4 4 9
113 5 11 1 9
114 4 7 0 7
115 6 1 3 11
116 7 3 2 6
117 7 3 5 12
118 9 3 0 6
119 10 0 4 6
120 9 4 3 6
121 7 3 2 7
122 8 5 3 2
123 10 6 3 4
124 12 4 0 9
125 14 8 2 4
126 14 5 1 8
127 4 4 4 7
128 10 9 4 4
129 10 7 3 8
130 16 6 6 11
131 14 5 3 8
132 11 4 2 12
133 15 9 3 5
134 8 5 4 11
135 8 12 9 7
136 18 9 1 10
137 12 8 3 13
138 15 9 2 12
139 14 4 8 16
140 11 9 4 9
141 10 10 5 9
142 12 11 4 13
143 16 6 5 11
144 19 6 1 11
145 14 9 7 11
146 14 5 5 13
147 15 7 4 12
148 10 6 7 14
149 9 8 5 12
150 16 8 4 10
151 11 7 5 14
152 25 12 8 18
153 17 7 8 9
154 10 10 3 11
155 10 10 5 12
156 19 7 7 21
157 12 9 6 9
158 20 9 3 8
159 15 11 3 15
160 19 5 3 16
161 17 14 11 13
162 19 9 7 14
163 18 8 7 16
164 20 9 6 16
165 21 8 9 22
166 24 9 8 12
167 23 10 13 12
168 21 7 9 18
169 34 13 10 18
170 23 8 11 14
171 25 11 11 22
172 23 13 4 21
173 19 7 10 24
174 27 23 6 17
175 26 12 6 18
176 27 17 12 16
177 28 15 11 18
178 19 16 8 27
179 26 19 5 12
180 25 14 9 25
181 24 16 7 25
182 33 10 13 25
183 22 11 7 27
184 23 19 12 26
185 27 20 6 25
186 28 14 10 22
187 35 9 17 17
188 34 19 8 25
189 36 15 13 21
190 32 17 8 21
191 38 23 7 29
192 32 21 7 30
193 33 14 9 30
194 25 22 9 21
195 32 14 10 32
196 35 18 12 29
197 31 24 13 27
198 30 21 13 25
199 36 23 17 28
200 32 26 9 26
201 21 22 9 35
202 27 17 15 33
203 28 11 10 31
204 25 22 15 31
205 25 29 10 32
206 19 16 16 36
207 20 15 13 33
208 17 18 16 35
209 18 11 14 34
210 20 11 9 25
211 14 15 6 39
212 15 14 13 38
213 13 12 11 26
214 7 15 9 18
215 14 14 6 28
216 10 8 5 28
217 12 8 9 19
218 16 7 5 25
219 10 9 5 24
220 8 10 8 23
221 19 7 1 15
222 12 15 2 14
223 20 7 2 11
224 17 5 4 17
225 15 5 6 12
226 8 6 8 12
227 13 8 8 18
228 8 7 7 10
229 11 9 5 18
230 11 7 8 11
231 16 6 5 10
232 7 11 6 8
233 5 6 6 15
234 8 8 5 14
235 10 3 3 14
236 7 11 2 12
237 8 7 0 15
238 8 3 5 12
239 5 4 6 13
240 6 6 7 12
241 4 6 2 12
242 6 4 1 8
243 5 3 3 12
244 3 7 2 11
245 3 5 3 8
246 3 5 2 9
247 4 1 7 8
248 3 4 3 6
249 4 2 0 3
250 1 4 2 9
251 3 2 3 11
252 5 2 1 7
253 4 2 2 3
254 2 3 0 4
255 4 1 0 9
256 3 2 1 2
257 3 0 4 6
258 2 3 2 2
259 0 1 1 4
260 1 2 1 3
261 3 2 0 4
262 2 1 1 2
263 1 1 0 3
264 1 1 1 1
265 4 2 1 6
266 0 2 1 1
267 1 2 2 2
268 1 0 0 1
269 2 0 1 5
270 2 1 3 1
271 2 0 0 4
272 0 1 0 1
273 1 1 0 2
274 3 2 1 2
275 1 0 0 0
276 3 1 1 2
277 0 0 1 2
278 1 1 1 1
279 0 1 2 0
280 1 2 0 2
281 0 2 0 2
282 0 0 0 1
283 0 2 1 2
284 0 0 0 2
285 0 0 1 2
286 0 0 0 2
287 3 0 0 5
288 0 0 0 0
289 1 1 0 1
290 0 0 0 0
291 0 0 0 0
292 0 2 0 0
293 1 0 0 1
294 3 1 0 0
295 3 0 0 0
296 1 0 1 0
297 1 0 0 1
298 0 0 0 0
299 0 0 1 1
300 0 1 0 0
301 0 0 0 1
302 0 1 0 0
303 0 2 0 2
304 0 2 0 0
305 0 2 0 0
306 0 0 0 0
307 0 0 0 2
308 0 0 0 2
309 0 0 0 3
310 0 0 0 1
311 0 0 0 0
312 0 0 0 0
313 0 0 0 0
314 0 0 0 0
315 0 0 0 0
316 0 0 0 0
317 0 0 0 0
318 0 0 0 0
319 0 0 0 0
320 0 0 0 0
321 0 0 0 0
322 0 0 0 0
323 0 0 0 0
324 0 0 0 0
325 0 0 0 0
326 0 0 0 0
327 0 0 0 0
328 0 0 0 0
329 0 0 0 0
330 0 0 0 0
331 0 0 0 0
332 0 0 0 0
333 0 0 0 0
334 0 0 0 0
335 0 0 0 0
336 0 0 0 0
337 0 0 0 0
338 0 0 0 0
339 0 0 0 0
340 0 0 0 0
341 0 0 0 0
342 0 0 0 0
343 0 0 0 0
344 0 0 0 0
345 0 0 0 0
346 0 0 0 0
347 0 0 0 0
348 0 0 0 0
349 0 0 0 0
350 0 0 0 0
351 0 0 0 0
352 0 0 0 0
353 0 0 0 0
354 0 0 0 0
355 0 0 0 0
356 0 0 0 0
357 0 0 0 0
358 0 0 0 0
359 0 0 0 0
360 0 0 0 0
361 0 0 0 0
362 0 0 0 0
363 0 0 0 0
364 0 0 0 0
365 0 0 0 0
366 0 0 0 0
367 0 0 0 0
368 0 0 0 0
369 0 0 0 0
370 0 0 0 0
371 0 0 0 0
372 0 0 0 0
373 0 0 0 0
374 0 0 0 0
375 0 0 0 0
376 0 0 0 0
377 0 0 0 0
378 0 0 0 0
379 0 0 0 0
380 0 0 0 0
381 0 0 0 0
382 0 0 0 0
383 0 0 0 0
384 0 0 0 0
385 0 0 0 0
386 0 0 0 0
387 0 0 0 0
388 0 0 0 0
389 0 0 0 0
390 0 0 0 0
391 0 0 0 0
392 0 0 0 0
393 0 0 0 0
394 0 0 0 0
395 0 0 0 0
396 0 0 0 0
397 0 0 0 0
398 0 0 0 0
399 0 0 0 0
400 0 0 0 0
401 0 0 0 0
402 0 0 0 0
403 0 0 0 0
404 0 0 0 0
405 0 0 0 0
406 0 0 0 0
407 0 0 0 0
408 0 0 0 0
409 0 0 0 0
410 0 0 0 0
411 0 0 0 0
412 0 0 0 0
413 0 0 0 0
414 0 0 0 0
415 0 0 0 0
416 0 0 0 0
417 0 0 0 0
418 0 0 0 0
419 0 0 0 0
420 0 0 0 0
421 0 0 0 0
422 0 0 0 0
423 0 0 0 0
424 0 0 0 0
425 0 0 0 0
426 0 0 0 0
427 0 0 0 0
428 0 0 0 0
429 0 0 0 0
430 0 0 0 0
431 0 0 0 0
432 0 0 0 0
433 0 0 0 0
434 0 0 0 0
435 0 0 0 0
436 0 0 0 0
437 0 0 0 0
438 0 0 0 0
439 0 0 0 0
440 0 0 0 0
441 0 0 0 0
442 0 0 0 0
443 0 0 0 0
444 0 0 0 0
445 0 0 0 0
446 0 0 0 0
447 0 0 0 0
448 0 0 0 0
449 0 0 0 0
450 0 0 0 0
451 0 0 0 0
452 0 0 0 0
453 0 0 0 0
454 0 0 0 0
455 0 0 0 0
456 0 0 0 0
457 0 0 0 0
458 0 0 0 0
459 0 0 0 0
460 0 0 0 0
461 0 0 0 0
462 0 0 0 0
463 0 0 0 0
464 0 0 0 0
465 0 0 0 0
466 0 0 0 0
467 0 0 0 0
468 0 0 0 0
469 0 0 0 0
470 0 0 0 0
471 0 0 0 0
472 0 0 0 0
473 0 0 0 0
474 0 0 0 0
475 0 0 0 0
476 0 0 0 0
477 0 0 0 0
478 0 0 0 0
479 0 0 0 0
480 0 0 0 0
481 0 0 0 0
482 0 0 0 0
483 0 0 0 0
484 0 0 0 0
485 0 0 0 0
486 0 0 0 0
487 0 0 0 0
488 0 0 0 0
489 0 0 0 0
490 0 0 0 0
491 0 0 0 0
492 0 0 0 0
493 0 0 0 0
494 0 0 0 0
495 0 0 0 0
496 0 0 0 0
497 0 0 0 0
498 0 0 0 0
499 0 0 0 0
500 0 0 0 0
501 0 0 0 0
502 0 0 0 0
503 0 0 0 0
504 0 0 0 0
505 0 0 0 0
506 0 0 0 0
507 0 0 0 0
508 0 0 0 0
509 0 0 0 0
510 0 0 0 0
511 0 0 0 0
512 0 0 0 0
513 0 0 0 0
514 0 0 0 0
515 0 0 0 0
516 0 0 0 0
517 0 0 0 0
518 0 0 0 0
519 0 0 0 0
520 0 0 0 0
521 0 0 0 0
522 0 0 0 0
523 0 0 0 0
524 0 0 0 0
525 0 0 0 0
526 0 0 0 0
527 0 0 0 0
528 0 0 0 0
529 0 0 0 0
530 0 0 0 0
531 0 0 0 0
532 0 0 0 0
533 0 0 0 0
534 0 0 0 0
535 0 0 0 0
536 0 0 0 0
537 0 0 0 0
538 0 0 0 0
539 0 0 0 0
540 0 0 0 0
541 0 0 0 0
542 0 0 0 0
543 0 0 0 0
544 0 0 0 0
545 0 0 0 0
546 0 0 0 0
547 0 0 0 0
548 0 0 0 0
549 0 0 0 0
550 0 0 0 0
551 0 0 0 0
552 0 0 0 0
553 0 0 0 0
554 0 0 0 0
555 0 0 0 0
556 0 0 0 0
557 0 0 0 0
558 0 0 0 0
559 0 0 0 0
560 0 0 0 0
561 0 0 0 0
562 0 0 0 0
563 0 0 0 0
564 0 0 0 0
565 0 0 0 0
566 0 0 0 0
567 0 0 0 0
568 0 0 0 0
569 0 0 0 0
570 0 0 0 0
571 0 0 0 0
572 0 0 0 0
573 0 0 0 0
574 0 0 0 0
575 0 0 0 0
576 0 0 0 0
577 0 0 0 0
578 0 0 0 0
579 0 0 0 0
580 0 0 0 0
581 0 0 0 0
582 0 0 0 0
583 0 0 0 0
584 0 0 0 0
585 0 0 0 0
586 0 0 0 0
587 0 0 0 0
588 0 0 0 0
589 0 0 0 0
590 0 0 0 0
591 0 0 0 0
592 0 0 0 0
593 0 0 0 0
594 0 0 0 0
595 0 0 0 0
596 0 0 0 0
597 0 0 0 0
598 0 0 0 0
599 0 0 0 0
600 0 0 0 0
601 0 0 0 0
602 0 0 0 0
603 0 0 0 0
604 0 0 0 0
605 0 0 0 0
606 0 0 0 0
607 0 0 0 0
608 0 0 0 0
609 0 0 0 0
610 0 0 0 0
611 0 0 0 0
612 0 0 0 0
613 0 0 0 0
614 0 0 0 0
615 0 0 0 0
616 0 0 0 0
617 0 0 0 0
618 0 0 0 0
619 0 0 0 0
620 0 0 0 0
621 0 0 0 0
622 0 0 0 0
623 0 0 0 0
624 0 0 0 0
625 0 0 0 0
626 0 0 0 0
627 0 0 0 0
628 0 0 0 0
629 0 0 0 0
630 0 0 0 0
631 0 0 0 0
632 0 0 0 0
633 0 0 0 0
634 0 0 0 0
635 0 0 0 0
636 0 0 0 0
637 0 0 0 0
638 0 0 0 0
639 0 0 0 0
640 0 0 0 0
641 0 0 0 0
642 0 0 0 0
643 0 0 0 0
644 0 0 0 0
645 0 0 0 0
646 0 0 0 0
647 0 0 0 0
648 0 0 0 0
649 0 0 0 0
650 0 0 0 0
651 0 0 0 0
652 0 0 0 0
653 0 0 0 0
654 0 0 0 0
655 0 0 0 0
656 0 0 0 0
657 0 0 0 0
658 0 0 0 0
659 0 0 0 0
660 0 0 0 0
661 0 0 0 0
662 0 0 0 0
663 0 0 0 0
664 0 0 0 0
665 0 0 0 0
666 0 0 0 0
667 0 0 0 0
668 0 0 0 0
669 0 0 0 0
670 0 0 0 0
671 0 0 0 0
672 0 0 0 0
673 0 0 0 0
674 0 0 0 0
675 0 0 0 0
676 0 0 0 0
677 0 0 0 0
678 0 0 0 0
679 0 0 0 0
680 0 0 0 0
681 0 0 0 0
682 0 0 0 0
683 0 0 0 0
684 0 0 0 0
685 0 0 0 0
686 0 0 0 0
687 0 0 0 0
688 0 0 0 0
689 0 0 0 0
690 0 0 0 0
691 0 0 0 0
692 0 0 0 0
693 0 0 0 0
694 0 0 0 0
695 0 0 0 0
696 0 0 0 0
697 0 0 0 0
698 0 0 0 0
699 0 0 0 0
700 0 0 0 0
701 0 0 0 0
702 0 0 0 0
703 0 0 0 0
704 0 0 0 0
705 0 0 0 0
706 0 0 0 0
707 0 0 0 0
708 0 0 0 0
709 0 0 0 0
710 0 0 0 0
711 0 0 0 0
712 0 0 0 0
713 0 0 0 0
714 0 0 0 0
715 0 0 0 0
716 0 0 0 0
717 0 0 0 0
718 0 0 0 0
719 0 0 0 0
720 0 0 0 0
721 0 0 0 0
722 0 0 0 0
723 0 0 0 0
724 0 0 0 0
725 0 0 0 0
726 0 0 0 0
727 0 0 0 0
