0 0 0 0 0
1 0 0 0 0
2 0 0 0 0
3 0 0 0 0
4 0 0 0 0
5 0 1 2 0
6 0 0 0 0
7 0 0 0 0
8 0 0 0 0
9 0 1 1 1
10 0 0 0 0
11 0 0 0 0
12 0 0 0 2
13 0 0 0 0
14 0 0 0 0
15 0 0 0 0
16 1 0 0 2
17 2 0 0 0
18 2 0 0 0
19 2 0 0 0
20 3 0 0 0
21 3 0 1 0
22 2 0 0 0
23 1 1 0 0
24 3 0 2 0
25 0 0 1 0
26 1 1 2 0
27 3 1 0 1
28 2 1 0 3
29 0 1 3 0
30 2 0 1 1
31 4 3 0 0
32 0 2 0 1
33 1 2 1 5
34 2 0 0 2
35 1 1 1 3
36 2 2 2 0
37 2 1 0 2
38 1 0 1 2
39 0 1 0 4
40 0 2 0 1
41 2 0 1 0
42 2 0 0 2
43 3 1 0 3
44 3 0 0 2
45 4 1 0 0
46 4 1 1 1
47 1 1 0 1
48 1 0 1 2
49 2 2 2 1
50 5 2 2 2
51 3 2 2 1
52 2 2 0 0
53 1 0 1 1
54 0 1 1 0
55 1 4 1 5
56 1 1 1 5
57 1 0 0 4
58 4 2 0 1
59 2 1 1 2
60 4 3 0 3
61 3 2 1 0
62 1 0 0 6
63 1 2 0 1
64 4 0 2 1
65 2 0 1 2
66 6 1 0 1
67 4 1 2 2
68 5 0 1 2
69 1 5 2 0
70 6 5 0 2
71 6 1 1 2
72 6 1 1 1
73 5 2 0 6
74 6 0 0 7
75 7 5 3 2
76 6 2 4 3
77 6 7 2 3
78 6 1 3 1
79 2 4 2 5
80 1 6 1 3
81 3 1 2 4
82 4 1 4 4
83 5 4 3 5
84 3 2 0 10
85 3 2 1 5
86 6 3 4 4
87 7 2 1 7
88 2 2 1 3
89 4 2 0 5
90 4 1 0 7
91 6 4 1 2
92 3 7 3 2
93 6 3 0 4
94 7 1 1 4
95 5 3 2 4
96 6 3 4 6
97 7 2 1 1
98 8 3 2 2
99 8 0 2 6
100 9 2 3 5
101 6 0 2 3
102 8 4 4 5
103 11 9 2 6
104 11 5 3 3
105 5 6 3 6
106 7 4 3 4
107 13 6 2 11
108 8 5 4 8
109 1 6 4 10
110 5 3 1 6
111 6 2 4 6
112 3 8 2 10
113 4 7 7 8
114 5 0 2 6
115 5 2 2 7
116 7 4 8 10
117 6 2 2 8
118 6 3 1 3
119 6 4 2 9
120 8 4 0 11
121 7 1 1 3
122 10 4 1 3
123 8 3 3 12
124 8 3 2 2
125 10 3 6 2
126 7 1 4 3
127 8 6 2 5
128 9 4 3 7
129 8 9 2 8
130 7 4 2 7
131 11 1 5 7
132 6 8 2 8
133 7 5 3 5
134 5 8 3 6
135 8 6 4 9
136 9 4 0 14
137 8 4 5 5
138 8 5 4 11
139 11 1 4 6
140 13 8 4 9
141 6 4 3 8
142 15 6 4 10
143 11 1 5 4
144 17 5 5 9
145 13 8 2 6
146 12 2 3 10
147 6 5 6 9
148 7 9 2 8
149 10 13 5 8
150 13 3 4 4
151 15 10 8 10
152 14 5 1 11
153 10 7 2 7
154 15 8 4 9
155 11 6 4 16
156 8 6 8 15
157 11 7 5 10
158 15 7 7 18
159 18 6 9 11
160 8 8 7 11
161 6 5 3 8
162 10 7 4 9
163 12 7 5 20
164 16 8 5 18
165 16 5 4 13
166 13 4 1 13
167 22 4 9 9
168 10 6 8 8
169 14 11 7 5
170 17 7 3 10
171 14 8 1 17
172 21 10 3 12
173 13 5 5 8
174 20 14 6 7
175 17 9 7 10
176 21 10 9 14
177 17 7 7 15
178 14 4 6 17
179 17 13 6 17
180 21 12 7 13
181 24 14 7 14
182 27 11 8 13
183 21 8 3 20
184 20 12 6 16
185 18 13 10 16
186 20 14 8 19
187 13 10 19 15
188 11 13 7 25
189 15 13 6 19
190 15 13 6 17
191 16 14 8 20
192 21 10 6 26
193 13 8 4 17
194 19 11 10 26
195 21 14 3 18
196 18 13 5 24
197 24 15 4 11
198 20 7 5 23
199 20 9 5 18
200 23 8 5 16
201 25 10 7 20
202 21 21 4 16
203 21 10 8 16
204 16 11 7 12
205 18 10 10 12
206 17 15 5 24
207 9 16 14 18
208 13 11 7 18
209 15 15 7 19
210 13 11 5 16
211 9 11 1 22
212 11 8 9 17
213 10 11 3 25
214 11 10 9 24
215 5 10 5 14
216 12 4 4 17
217 10 7 3 13
218 6 7 9 21
219 7 10 5 21
220 8 2 4 9
221 9 5 6 10
222 16 6 2 14
223 12 2 5 14
224 7 6 3 9
225 12 3 4 15
226 2 6 4 7
227 11 5 5 7
228 10 3 5 11
229 6 6 5 6
230 5 7 5 7
231 7 6 5 10
232 9 8 4 10
233 3 4 4 12
234 1 4 2 10
235 6 3 0 10
236 3 5 3 11
237 7 5 3 11
238 5 3 4 7
239 4 0 2 6
240 2 5 0 8
241 4 5 1 9
242 5 0 2 5
243 1 1 2 5
244 6 6 1 5
245 5 1 1 5
246 6 2 7 1
247 1 1 6 5
248 2 2 1 8
249 7 0 2 2
250 2 3 1 8
251 2 2 3 6
252 2 0 1 5
253 5 3 3 4
254 2 3 3 4
255 3 2 1 0
256 1 1 0 2
257 1 3 0 8
258 3 2 2 7
259 1 0 2 2
260 2 1 1 1
261 0 0 0 3
262 1 5 0 4
263 1 1 1 1
264 1 2 1 3
265 2 0 2 1
266 4 0 0 7
267 1 2 1 4
268 1 0 0 1
269 2 0 1 1
270 1 0 1 0
271 1 1 2 5
272 0 1 1 1
273 2 1 0 1
274 2 1 1 0
275 1 0 1 0
276 0 1 0 1
277 0 0 1 2
278 0 1 1 3
279 1 1 1 2
280 0 1 0 1
281 0 0 0 2
282 1 0 1 0
283 0 0 1 0
284 0 1 0 2
285 1 0 0 2
286 1 0 0 2
287 0 0 0 0
288 1 0 0 1
289 1 0 0 1
290 0 0 0 1
291 0 2 0 0
292 0 0 0 0
293 0 0 0 0
294 0 1 1 0
295 0 0 0 0
296 0 0 0 0
297 0 1 0 0
298 0 0 0 4
299 0 0 0 0
300 0 0 0 0
301 2 0 0 0
302 0 0 0 0
303 0 0 0 0
304 0 0 0 1
305 0 0 0 0
306 0 0 1 0
307 0 0 0 0
308 0 0 0 0
309 0 0 0 0
310 0 1 0 0
311 0 0 0 0
312 0 0 0 0
313 0 0 0 1
314 0 0 0 0
315 0 0 0 0
316 0 0 0 0
317 0 0 0 1
318 0 0 0 0
319 0 0 0 0
320 1 0 0 0
321 1 0 0 0
322 0 0 0 0
323 0 0 0 0
324 0 0 0 0
325 0 1 0 0
326 0 0 0 0
327 0 0 0 0
328 0 0 0 0
329 0 0 0 1
330 0 1 0 0
331 0 0 0 0
332 0 0 0 0
333 0 0 0 0
334 0 0 0 1
335 0 0 0 0
336 0 0 0 0
337 0 0 0 0
338 1 0 0 0
339 0 0 0 0
340 0 0 0 0
341 0 0 0 0
342 0 0 0 0
343 0 0 0 0
344 0 0 0 0
345 0 0 0 0
346 0 0 0 0
347 0 0 1 0
348 0 0 0 0
349 0 0 0 0
350 0 0 0 0
351 0 0 0 1
352 0 0 0 0
353 0 0 0 0
354 0 0 0 0
355 0 0 0 0
356 0 0 0 0
357 0 0 0 0
358 0 0 0 0
359 0 0 0 0
360 0 0 0 0
361 0 0 0 0
362 0 0 0 0
363 0 0 0 0
364 0 0 0 0
365 0 0 0 0
366 0 0 0 0
367 0 0 0 0
368 0 0 0 0
369 0 0 0 0
370 0 0 0 0
371 0 0 0 0
372 0 0 0 0
373 0 0 0 0
374 0 0 0 0
375 0 0 0 0
376 0 0 0 0
377 0 0 0 0
378 0 0 0 0
379 0 0 0 0
380 0 0 0 0
381 0 0 0 0
382 0 0 0 0
383 0 0 0 0
384 0 0 0 0
385 0 0 0 0
386 0 0 0 0
387 0 0 0 0
388 0 0 0 0
389 0 0 0 0
390 0 0 0 0
391 0 0 0 0
392 0 0 0 0
393 0 0 0 0
394 0 0 0 0
395 0 0 0 0
396 0 0 0 0
397 0 0 0 0
398 0 0 0 0
399 0 0 0 0
400 0 0 0 0
401 0 0 0 0
402 0 0 0 0
403 0 0 0 0
404 0 0 0 0
405 0 0 0 0
406 0 0 0 0
407 0 0 0 0
408 0 0 0 0
409 0 0 0 0
410 0 0 0 0
411 0 0 0 0
412 0 0 0 0
413 0 0 0 0
414 0 0 0 0
415 0 0 0 0
416 0 0 0 0
417 0 0 0 0
418 0 0 0 0
419 0 0 0 0
420 0 0 0 0
421 0 0 0 0
422 0 0 0 0
423 0 0 0 0
424 0 0 0 0
425 0 0 0 0
426 0 0 0 0
427 0 0 0 0
428 0 0 0 0
429 0 0 0 0
430 0 0 0 0
431 0 0 0 0
432 0 0 0 0
433 0 0 0 0
434 0 0 0 0
435 0 0 0 0
436 0 0 0 0
437 0 0 0 0
438 0 0 0 0
439 0 0 0 0
440 0 0 0 0
441 0 0 0 0
442 0 0 0 0
443 0 0 0 0
444 0 0 0 0
445 0 0 0 0
446 0 0 0 0
447 0 0 0 0
448 0 0 0 0
449 0 0 0 0
450 0 0 0 0
451 0 0 0 0
452 0 0 0 0
453 0 0 0 0
454 0 0 0 0
455 0 0 0 0
456 0 0 0 0
457 0 0 0 0
458 0 0 0 0
459 0 0 0 0
460 0 0 0 0
461 0 0 0 0
462 0 0 0 0
463 0 0 0 0
464 0 0 0 0
465 0 0 0 0
466 0 0 0 0
467 0 0 0 0
468 0 0 0 0
469 0 0 0 0
470 0 0 0 0
471 0 0 0 0
472 0 0 0 0
473 0 0 0 0
474 0 0 0 0
475 0 0 0 0
476 0 0 0 0
477 0 0 0 0
478 0 0 0 0
479 0 0 0 0
480 0 0 0 0
481 0 0 0 0
482 0 0 0 0
483 0 0 0 0
484 0 0 0 0
485 0 0 0 0
486 0 0 0 0
487 0 0 0 0
488 0 0 0 0
489 0 0 0 0
490 0 0 0 0
491 0 0 0 0
492 0 0 0 0
493 0 0 0 0
494 0 0 0 0
495 0 0 0 0
496 0 0 0 0
497 0 0 0 0
498 0 0 0 0
499 0 0 0 0
500 0 0 0 0
501 0 0 0 0
502 0 0 0 0
503 0 0 0 0
504 0 0 0 0
505 0 0 0 0
506 0 0 0 0
507 0 0 0 0
508 0 0 0 0
509 0 0 0 0
510 0 0 0 0
511 0 0 0 0
512 0 0 0 0
513 0 0 0 0
514 0 0 0 0
515 0 0 0 0
516 0 0 0 0
517 0 0 0 0
518 0 0 0 0
519 0 0 0 0
520 0 0 0 0
521 0 0 0 0
522 0 0 0 0
523 0 0 0 0
524 0 0 0 0
525 0 0 0 0
526 0 0 0 0
527 0 0 0 0
528 0 0 0 0
529 0 0 0 0
530 0 0 0 0
531 0 0 0 0
532 0 0 0 0
533 0 0 0 0
534 0 0 0 0
535 0 0 0 0
536 0 0 0 0
537 0 0 0 0
538 0 0 0 0
539 0 0 0 0
540 0 0 0 0
541 0 0 0 0
542 0 0 0 0
543 0 0 0 0
544 0 0 0 0
545 0 0 0 0
546 0 0 0 0
547 0 0 0 0
548 0 0 0 0
549 0 0 0 0
550 0 0 0 0
551 0 0 0 0
552 0 0 0 0
553 0 0 0 0
554 0 0 0 0
555 0 0 0 0
556 0 0 0 0
557 0 0 0 0
558 0 0 0 0
559 0 0 0 0
560 0 0 0 0
561 0 0 0 0
562 0 0 0 0
563 0 0 0 0
564 0 0 0 0
565 0 0 0 0
566 0 0 0 0
567 0 0 0 0
568 0 0 0 0
569 0 0 0 0
570 0 0 0 0
571 0 0 0 0
572 0 0 0 0
573 0 0 0 0
574 0 0 0 0
575 0 0 0 0
576 0 0 0 0
577 0 0 0 0
578 0 0 0 0
579 0 0 0 0
580 0 0 0 0
581 0 0 0 0
582 0 0 0 0
583 0 0 0 0
584 0 0 0 0
585 0 0 0 0
586 0 0 0 0
587 0 0 0 0
588 0 0 0 0
589 0 0 0 0
590 0 0 0 0
591 0 0 0 0
592 0 0 0 0
593 0 0 0 0
594 0 0 0 0
595 0 0 0 0
596 0 0 0 0
597 0 0 0 0
598 0 0 0 0
599 0 0 0 0
600 0 0 0 0
601 0 0 0 0
602 0 0 0 0
603 0 0 0 0
604 0 0 0 0
605 0 0 0 0
606 0 0 0 0
607 0 0 0 0
608 0 0 0 0
609 0 0 0 0
610 0 0 0 0
611 0 0 0 0
612 0 0 0 0
613 0 0 0 0
614 0 0 0 0
615 0 0 0 0
616 0 0 0 0
617 0 0 0 0
618 0 0 0 0
619 0 0 0 0
620 0 0 0 0
621 0 0 0 0
622 0 0 0 0
623 0 0 0 0
624 0 0 0 0
625 0 0 0 0
626 0 0 0 0
627 0 0 0 0
628 0 0 0 0
629 0 0 0 0
630 0 0 0 0
631 0 0 0 0
632 0 0 0 0
633 0 0 0 0
634 0 0 0 0
635 0 0 0 0
636 0 0 0 0
637 0 0 0 0
638 0 0 0 0
639 0 0 0 0
640 0 0 0 0
641 0 0 0 0
642 0 0 0 0
643 0 0 0 0
644 0 0 0 0
645 0 0 0 0
646 0 0 0 0
647 0 0 0 0
648 0 0 0 0
649 0 0 0 0
650 0 0 0 0
651 0 0 0 0
652 0 0 0 0
653 0 0 0 0
654 0 0 0 0
655 0 0 0 0
656 0 0 0 0
657 0 0 0 0
658 0 0 0 0
659 0 0 0 0
660 0 0 0 0
661 0 0 0 0
662 0 0 0 0
663 0 0 0 0
664 0 0 0 0
665 0 0 0 0
666 0 0 0 0
667 0 0 0 0
668 0 0 0 0
669 0 0 0 0
670 0 0 0 0
671 0 0 0 0
672 0 0 0 0
673 0 0 0 0
674 0 0 0 0
675 0 0 0 0
676 0 0 0 0
677 0 0 0 0
678 0 0 0 0
679 0 0 0 0
680 0 0 0 0
681 0 0 0 0
682 0 0 0 0
683 0 0 0 0
684 0 0 0 0
685 0 0 0 0
686 0 0 0 0
687 0 0 0 0
688 0 0 0 0
689 0 0 0 0
690 0 0 0 0
691 0 0 0 0
692 0 0 0 0
693 0 0 0 0
694 0 0 0 0
695 0 0 0 0
696 0 0 0 0
697 0 0 0 0
698 0 0 0 0
699 0 0 0 0
700 0 0 0 0
701 0 0 0 0
702 0 0 0 0
703 0 0 0 0
704 0 0 0 0
705 0 0 0 0
706 0 0 0 0
707 0 0 0 0
708 0 0 0 0
709 0 0 0 0
710 0 0 0 0
711 0 0 0 0
712 0 0 0 0
713 0 0 0 0
714 0 0 0 0
715 0 0 0 0
716 0 0 0 0
717 0 0 0 0
718 0 0 0 0
719 0 0 0 0
720 0 0 0 0
721 0 0 0 0
722 0 0 0 0
723 0 0 0 0
724 0 0 0 0
725 0 0 0 0
726 0 0 0 0
727 0 0 0 0
