0 0 0 0 0
1 0 0 0 0
2 0 0 0 0
3 0 0 0 0
4 0 0 0 0
5 0 2 1 0
6 0 0 0 0
7 0 0 0 0
8 0 0 0 0
9 0 2 0 2
10 0 0 0 0
11 0 0 0 0
12 0 0 0 1
13 0 0 0 0
14 0 0 0 0
15 0 0 0 0
16 0 0 0 2
17 0 0 0 0
18 1 0 0 0
19 0 0 0 0
20 0 0 0 0
21 0 0 0 0
22 0 0 0 0
23 0 0 0 0
24 0 0 0 0
25 1 0 0 0
26 2 0 0 0
27 1 1 0 0
28 0 0 0 0
29 1 0 0 0
30 0 1 0 0
31 0 0 0 0
32 0 0 0 0
33 0 0 0 1
34 0 1 0 1
35 0 1 1 0
36 0 1 0 0
37 0 0 0 0
38 0 0 0 0
39 0 0 0 0
40 0 0 0 0
41 1 0 0 1
42 0 0 0 2
43 0 0 0 1
44 0 0 0 0
45 0 0 0 0
46 0 0 0 0
47 1 0 0 0
48 0 0 0 0
49 0 0 0 0
50 0 1 0 0
51 1 0 0 0
52 1 0 0 0
53 0 1 0 0
54 1 0 0 1
55 0 0 0 0
56 1 1 0 0
57 0 0 0 1
58 1 0 0 0
59 0 0 0 0
60 0 0 0 1
61 0 1 1 0
62 0 0 0 0
63 1 2 0 0
64 0 0 0 0
65 1 0 0 2
66 0 0 0 0
67 2 0 0 1
68 1 1 0 0
69 0 0 0 0
70 1 0 1 1
71 0 0 0 0
72 0 0 1 1
73 2 0 1 0
74 2 0 0 0
75 1 0 0 0
76 0 0 1 1
77 0 0 0 2
78 0 0 2 0
79 0 1 2 0
80 0 1 0 0
81 1 0 0 0
82 0 0 0 1
83 0 0 0 4
84 2 0 0 1
85 2 0 0 1
86 1 0 0 0
87 1 0 0 0
88 0 0 0 0
89 4 0 1 0
90 2 2 0 0
91 2 1 0 0
92 2 1 0 0
93 1 0 1 1
94 3 1 2 0
95 6 1 0 0
96 3 0 2 1
97 2 0 0 3
98 3 3 1 1
99 4 1 2 1
100 2 3 1 1
101 1 0 2 3
102 1 1 0 0
103 2 2 2 2
104 3 2 1 0
105 5 1 2 5
106 3 2 1 3
107 2 1 0 6
108 4 1 2 2
109 4 1 2 2
110 4 0 2 4
111 3 1 0 3
112 4 0 0 1
113 7 2 2 4
114 6 1 4 0
115 6 4 1 3
116 2 3 1 0
117 2 2 1 4
118 5 4 2 2
119 1 1 3 2
120 7 2 3 4
121 6 2 0 6
122 4 2 3 4
123 7 2 2 6
124 6 2 1 4
125 5 3 1 5
126 5 2 3 2
127 5 4 3 5
128 6 3 0 4
129 9 6 4 6
130 11 1 1 3
131 7 2 0 2
132 5 3 4 2
133 5 3 3 10
134 6 7 3 5
135 7 6 4 4
136 9 6 1 11
137 7 3 3 6
138 8 4 3 5
139 7 4 2 6
140 4 6 1 6
141 5 4 3 8
142 6 4 3 10
143 10 5 2 5
144 5 6 2 8
145 6 5 1 8
146 9 3 2 5
147 8 2 4 6
148 8 2 4 5
149 6 2 3 8
150 8 2 2 3
151 13 7 2 8
152 7 5 2 7
153 7 4 4 6
154 13 5 3 6
155 7 5 3 5
156 11 12 2 5
157 10 8 1 4
158 6 2 1 12
159 12 5 0 9
160 6 6 4 10
161 13 6 2 9
162 12 4 3 7
163 8 5 6 9
164 13 7 4 7
165 8 5 6 6
166 9 8 5 6
167 8 6 4 11
168 13 4 4 9
169 6 8 2 10
170 7 7 7 11
171 10 5 3 10
172 16 5 2 12
173 11 10 1 13
174 7 4 3 10
175 10 8 1 6
176 19 3 5 9
177 9 10 4 16
178 17 1 7 6
179 17 5 3 5
180 11 10 4 8
181 18 11 6 17
182 23 9 3 14
183 17 9 5 7
184 11 13 3 10
185 17 7 3 11
186 14 15 2 13
187 17 13 10 11
188 14 11 4 18
189 16 2 13 9
190 19 13 5 21
191 23 8 4 18
192 21 8 4 9
193 17 5 3 10
194 20 9 9 24
195 10 8 10 16
196 15 19 5 19
197 13 14 11 9
198 17 11 6 8
199 10 11 10 12
200 13 9 8 15
201 9 8 5 27
202 11 5 3 19
203 13 10 9 22
204 10 6 2 22
205 9 9 5 13
206 7 6 7 14
207 6 13 5 19
208 16 5 5 13
209 9 5 3 11
210 5 6 1 15
211 6 3 3 14
212 12 4 5 13
213 14 6 7 12
214 6 5 7 11
215 11 3 2 4
216 10 7 3 10
217 7 5 8 15
218 3 6 6 11
219 3 4 2 7
220 3 2 2 8
221 5 8 6 9
222 5 6 5 4
223 12 2 2 11
224 6 5 2 10
225 5 4 1 15
226 8 5 1 4
227 7 1 4 3
228 3 2 6 7
229 2 4 4 12
230 5 2 2 6
231 4 3 0 7
232 6 4 7 7
233 4 4 1 7
234 7 2 1 5
235 7 3 3 5
236 3 2 2 10
237 2 3 2 5
238 1 3 1 3
239 10 4 4 8
240 5 1 4 5
241 3 2 1 4
242 1 2 0 6
243 8 3 1 4
244 6 5 1 8
245 4 1 6 4
246 5 3 0 4
247 5 2 0 2
248 4 7 2 4
249 4 5 1 6
250 3 1 4 2
251 7 0 2 3
252 3 6 1 10
253 4 3 0 8
254 4 1 1 3
255 2 2 4 2
256 1 3 2 7
257 0 2 1 3
258 1 1 3 2
259 1 1 1 5
260 3 4 1 3
261 2 0 2 4
262 3 0 2 6
263 0 2 2 5
264 2 1 1 5
265 0 2 0 2
266 2 1 0 2
267 1 1 0 4
268 3 0 0 2
269 3 2 2 3
270 2 1 0 3
271 2 2 1 2
272 0 0 1 0
273 1 0 2 2
274 2 0 1 1
275 3 2 0 2
276 0 1 1 2
277 0 1 0 1
278 2 3 0 1
279 1 1 1 1
280 1 1 0 3
281 0 0 0 2
282 0 0 0 3
283 2 1 1 1
284 0 2 1 1
285 0 0 0 2
286 0 0 0 1
287 0 1 0 1
288 1 1 0 1
289 2 1 0 0
290 1 0 0 1
291 3 0 0 3
292 1 1 0 0
293 1 0 0 1
294 1 0 0 0
295 0 1 0 1
296 1 2 0 0
297 2 1 0 0
298 3 3 0 0
299 2 0 0 1
300 1 1 0 2
301 2 2 0 1
302 2 0 0 1
303 1 1 0 0
304 1 1 0 0
305 0 0 1 3
306 0 2 2 0
307 1 1 2 2
308 0 1 0 3
309 0 0 0 1
310 0 0 0 2
311 0 1 1 3
312 0 2 0 1
313 0 1 0 2
314 0 0 0 0
315 0 0 0 1
316 1 0 0 2
317 1 0 0 1
318 0 0 0 0
319 0 0 0 1
320 0 0 0 0
321 0 0 1 0
322 0 0 0 0
323 0 0 0 0
324 1 0 0 0
325 1 0 0 1
326 0 1 0 0
327 1 0 0 0
328 0 0 0 0
329 1 0 0 0
330 1 1 0 1
331 0 0 0 0
332 0 1 0 0
333 0 0 1 0
334 0 0 0 1
335 0 0 0 0
336 0 0 0 1
337 0 0 0 0
338 0 1 0 0
339 0 1 0 0
340 0 0 0 1
341 0 0 0 0
342 0 0 0 0
343 0 0 0 1
344 0 0 0 0
345 0 0 0 1
346 0 0 0 0
347 0 0 0 0
348 0 0 0 0
349 0 0 0 0
350 0 0 0 0
351 0 0 0 0
352 0 0 0 0
353 0 0 0 0
354 0 0 0 0
355 0 0 0 0
356 0 0 0 0
357 0 0 0 0
358 0 0 0 0
359 0 0 0 0
360 0 0 0 0
361 0 0 0 0
362 0 0 0 0
363 0 0 0 0
364 0 0 0 0
365 0 0 0 0
366 0 0 0 0
367 0 0 0 0
368 0 0 0 0
369 0 0 0 0
370 0 0 0 0
371 0 0 0 0
372 0 0 0 0
373 0 0 0 0
374 0 0 0 0
375 0 0 0 0
376 0 0 0 0
377 0 0 0 0
378 0 0 0 0
379 0 0 0 0
380 0 0 0 0
381 0 0 0 0
382 0 0 0 0
383 0 0 0 0
384 0 0 0 0
385 0 0 0 0
386 0 0 0 0
387 0 0 0 0
388 0 0 0 0
389 0 0 0 0
390 0 0 0 0
391 0 0 0 0
392 0 0 0 0
393 0 0 0 0
394 0 0 0 0
395 0 0 0 0
396 0 0 0 0
397 0 0 0 0
398 0 0 0 0
399 0 0 0 0
400 0 0 0 0
401 0 0 0 0
402 0 0 0 0
403 0 0 0 0
404 0 0 0 0
405 0 0 0 0
406 0 0 0 0
407 0 0 0 0
408 0 0 0 0
409 0 0 0 0
410 0 0 0 0
411 0 0 0 0
412 0 0 0 0
413 0 0 0 0
414 0 0 0 0
415 0 0 0 0
416 0 0 0 0
417 0 0 0 0
418 0 0 0 0
419 0 0 0 0
420 0 0 0 0
421 0 0 0 0
422 0 0 0 0
423 0 0 0 0
424 0 0 0 0
425 0 0 0 0
426 0 0 0 0
427 0 0 0 0
428 0 0 0 0
429 0 0 0 0
430 0 0 0 0
431 0 0 0 0
432 0 0 0 0
433 0 0 0 0
434 0 0 0 0
435 0 0 0 0
436 0 0 0 0
437 0 0 0 0
438 0 0 0 0
439 0 0 0 0
440 0 0 0 0
441 0 0 0 0
442 0 0 0 0
443 0 0 0 0
444 0 0 0 0
445 0 0 0 0
446 0 0 0 0
447 0 0 0 0
448 0 0 0 0
449 0 0 0 0
450 0 0 0 0
451 0 0 0 0
452 0 0 0 0
453 0 0 0 0
454 0 0 0 0
455 0 0 0 0
456 0 0 0 0
457 0 0 0 0
458 0 0 0 0
459 0 0 0 0
460 0 0 0 0
461 0 0 0 0
462 0 0 0 0
463 0 0 0 0
464 0 0 0 0
465 0 0 0 0
466 0 0 0 0
467 0 0 0 0
468 0 0 0 0
469 0 0 0 0
470 0 0 0 0
471 0 0 0 0
472 0 0 0 0
473 0 0 0 0
474 0 0 0 0
475 0 0 0 0
476 0 0 0 0
477 0 0 0 0
478 0 0 0 0
479 0 0 0 0
480 0 0 0 0
481 0 0 0 0
482 0 0 0 0
483 0 0 0 0
484 0 0 0 0
485 0 0 0 0
486 0 0 0 0
487 0 0 0 0
488 0 0 0 0
489 0 0 0 0
490 0 0 0 0
491 0 0 0 0
492 0 0 0 0
493 0 0 0 0
494 0 0 0 0
495 0 0 0 0
496 0 0 0 0
497 0 0 0 0
498 0 0 0 0
499 0 0 0 0
500 0 0 0 0
501 0 0 0 0
502 0 0 0 0
503 0 0 0 0
504 0 0 0 0
505 0 0 0 0
506 0 0 0 0
507 0 0 0 0
508 0 0 0 0
509 0 0 0 0
510 0 0 0 0
511 0 0 0 0
512 0 0 0 0
513 0 0 0 0
514 0 0 0 0
515 0 0 0 0
516 0 0 0 0
517 0 0 0 0
518 0 0 0 0
519 0 0 0 0
520 0 0 0 0
521 0 0 0 0
522 0 0 0 0
523 0 0 0 0
524 0 0 0 0
525 0 0 0 0
526 0 0 0 0
527 0 0 0 0
528 0 0 0 0
529 0 0 0 0
530 0 0 0 0
531 0 0 0 0
532 0 0 0 0
533 0 0 0 0
534 0 0 0 0
535 0 0 0 0
536 0 0 0 0
537 0 0 0 0
538 0 0 0 0
539 0 0 0 0
540 0 0 0 0
541 0 0 0 0
542 0 0 0 0
543 0 0 0 0
544 0 0 0 0
545 0 0 0 0
546 0 0 0 0
547 0 0 0 0
548 0 0 0 0
549 0 0 0 0
550 0 0 0 0
551 0 0 0 0
552 0 0 0 0
553 0 0 0 0
554 0 0 0 0
555 0 0 0 0
556 0 0 0 0
557 0 0 0 0
558 0 0 0 0
559 0 0 0 0
560 0 0 0 0
561 0 0 0 0
562 0 0 0 0
563 0 0 0 0
564 0 0 0 0
565 0 0 0 0
566 0 0 0 0
567 0 0 0 0
568 0 0 0 0
569 0 0 0 0
570 0 0 0 0
571 0 0 0 0
572 0 0 0 0
573 0 0 0 0
574 0 0 0 0
575 0 0 0 0
576 0 0 0 0
577 0 0 0 0
578 0 0 0 0
579 0 0 0 0
580 0 0 0 0
581 0 0 0 0
582 0 0 0 0
583 0 0 0 0
584 0 0 0 0
585 0 0 0 0
586 0 0 0 0
587 0 0 0 0
588 0 0 0 0
589 0 0 0 0
590 0 0 0 0
591 0 0 0 0
592 0 0 0 0
593 0 0 0 0
594 0 0 0 0
595 0 0 0 0
596 0 0 0 0
597 0 0 0 0
598 0 0 0 0
599 0 0 0 0
600 0 0 0 0
601 0 0 0 0
602 0 0 0 0
603 0 0 0 0
604 0 0 0 0
605 0 0 0 0
606 0 0 0 0
607 0 0 0 0
608 0 0 0 0
609 0 0 0 0
610 0 0 0 0
611 0 0 0 0
612 0 0 0 0
613 0 0 0 0
614 0 0 0 0
615 0 0 0 0
616 0 0 0 0
617 0 0 0 0
618 0 0 0 0
619 0 0 0 0
620 0 0 0 0
621 0 0 0 0
622 0 0 0 0
623 0 0 0 0
624 0 0 0 0
625 0 0 0 0
626 0 0 0 0
627 0 0 0 0
628 0 0 0 0
629 0 0 0 0
630 0 0 0 0
631 0 0 0 0
632 0 0 0 0
633 0 0 0 0
634 0 0 0 0
635 0 0 0 0
636 0 0 0 0
637 0 0 0 0
638 0 0 0 0
639 0 0 0 0
640 0 0 0 0
641 0 0 0 0
642 0 0 0 0
643 0 0 0 0
644 0 0 0 0
645 0 0 0 0
646 0 0 0 0
647 0 0 0 0
648 0 0 0 0
649 0 0 0 0
650 0 0 0 0
651 0 0 0 0
652 0 0 0 0
653 0 0 0 0
654 0 0 0 0
655 0 0 0 0
656 0 0 0 0
657 0 0 0 0
658 0 0 0 0
659 0 0 0 0
660 0 0 0 0
661 0 0 0 0
662 0 0 0 0
663 0 0 0 0
664 0 0 0 0
665 0 0 0 0
666 0 0 0 0
667 0 0 0 0
668 0 0 0 0
669 0 0 0 0
670 0 0 0 0
671 0 0 0 0
672 0 0 0 0
673 0 0 0 0
674 0 0 0 0
675 0 0 0 0
676 0 0 0 0
677 0 0 0 0
678 0 0 0 0
679 0 0 0 0
680 0 0 0 0
681 0 0 0 0
682 0 0 0 0
683 0 0 0 0
684 0 0 0 0
685 0 0 0 0
686 0 0 0 0
687 0 0 0 0
688 0 0 0 0
689 0 0 0 0
690 0 0 0 0
691 0 0 0 0
692 0 0 0 0
693 0 0 0 0
694 0 0 0 0
695 0 0 0 0
696 0 0 0 0
697 0 0 0 0
698 0 0 0 0
699 0 0 0 0
700 0 0 0 0
701 0 0 0 0
702 0 0 0 0
703 0 0 0 0
704 0 0 0 0
705 0 0 0 0
706 0 0 0 0
707 0 0 0 0
708 0 0 0 0
709 0 0 0 0
710 0 0 0 0
711 0 0 0 0
712 0 0 0 0
713 0 0 0 0
714 0 0 0 0
715 0 0 0 0
716 0 0 0 0
717 0 0 0 0
718 0 0 0 0
719 0 0 0 0
720 0 0 0 0
721 0 0 0 0
722 0 0 0 0
723 0 0 0 0
724 0 0 0 0
725 0 0 0 0
726 0 0 0 0
727 0 0 0 0
