0 0 0 0 0
1 0 0 0 0
2 0 0 0 0
3 0 0 0 0
4 0 0 0 0
5 0 2 2 0
6 0 0 0 0
7 1 0 0 0
8 0 0 1 0
9 0 0 0 3
10 0 0 0 0
11 0 0 0 0
12 0 0 1 1
13 0 0 0 0
14 0 0 0 0
15 1 0 0 1
16 1 0 0 0
17 0 0 0 0
18 1 0 0 0
19 0 0 0 1
20 1 0 0 0
21 3 0 0 0
22 2 0 0 0
23 1 0 0 0
24 0 1 0 0
25 0 1 0 0
26 1 0 1 0
27 1 2 0 0
28 0 0 0 1
29 0 0 1 1
30 1 2 0 1
31 0 1 1 1
32 0 1 1 1
33 0 0 0 0
34 0 0 0 1
35 1 0 0 1
36 0 0 0 3
37 1 0 0 1
38 1 0 0 1
39 1 0 1 0
40 1 0 0 0
41 0 0 0 0
42 2 1 0 0
43 2 1 0 0
44 1 1 0 0
45 0 0 0 0
46 1 0 0 2
47 1 0 2 1
48 2 2 1 1
49 1 1 0 0
50 2 0 0 0
51 1 0 0 1
52 1 0 1 2
53 0 1 0 1
54 1 1 0 1
55 2 3 0 1
56 1 1 0 1
57 1 3 0 0
58 0 0 0 1
59 0 1 0 2
60 0 1 1 2
61 0 0 0 2
62 2 1 0 0
63 1 0 0 0
64 1 0 0 3
65 3 1 0 0
66 2 0 0 2
67 1 1 0 1
68 3 0 1 0
69 3 0 1 0
70 2 0 2 0
71 5 1 1 1
72 2 0 0 2
73 2 0 2 1
74 2 1 2 0
75 4 1 1 0
76 3 1 1 1
77 2 1 0 4
78 2 3 0 4
79 1 1 1 0
80 0 4 3 2
81 3 1 1 1
82 3 1 1 5
83 2 1 1 1
84 3 2 1 4
85 3 0 1 0
86 7 2 0 2
87 6 2 1 4
88 3 1 1 4
89 1 1 0 1
90 2 3 1 2
91 2 2 0 4
92 8 4 0 2
93 5 2 2 0
94 6 1 1 4
95 3 5 3 3
96 3 2 2 2
97 4 5 2 3
98 2 0 2 2
99 4 2 0 7
100 0 0 1 3
101 2 3 1 5
102 1 5 0 6
103 3 4 0 4
104 6 1 3 3
105 1 1 0 3
106 4 3 1 3
107 6 1 1 2
108 6 1 2 5
109 3 2 2 3
110 7 0 1 4
111 7 2 0 2
112 8 3 3 2
113 8 3 2 4
114 6 1 1 0
115 3 4 4 3
116 8 1 5 5
117 11 5 4 4
118 10 2 1 2
119 10 3 3 8
120 7 1 3 5
121 3 3 3 8
122 6 11 4 5
123 7 0 6 6
124 6 9 2 4
125 5 5 4 4
126 2 1 1 12
127 5 7 0 6
128 5 3 3 7
129 9 1 3 9
130 6 3 4 2
131 8 4 2 10
132 6 5 1 9
133 5 4 4 5
134 15 4 2 8
135 10 3 2 6
136 11 2 3 4
137 14 4 3 7
138 13 4 3 5
139 9 9 3 5
140 6 7 4 7
141 15 6 4 6
142 5 9 2 4
143 8 7 4 11
144 11 4 4 11
145 9 2 4 12
146 11 7 4 11
147 11 4 5 9
148 7 8 1 7
149 15 4 4 6
150 6 9 4 11
151 12 5 5 7
152 15 2 3 7
153 10 7 2 10
154 11 8 2 13
155 12 3 6 13
156 11 13 6 8
157 11 8 4 9
158 20 9 2 7
159 9 7 0 6
160 10 6 6 14
161 12 5 5 13
162 15 7 3 11
163 14 6 6 14
164 13 2 9 15
165 21 6 7 8
166 12 9 7 5
167 20 12 9 9
168 12 2 6 12
169 16 7 3 15
170 23 12 5 15
171 18 11 3 14
172 12 10 5 11
173 19 9 5 16
174 21 10 7 20
175 16 11 5 14
176 21 11 6 8
177 25 6 3 16
178 18 13 11 15
179 24 14 9 17
180 27 10 7 14
181 25 13 5 10
182 21 9 12 19
183 19 10 11 19
184 20 12 12 17
185 18 14 10 21
186 17 12 9 21
187 21 7 17 20
188 15 19 6 24
189 18 16 11 17
190 24 15 8 23
191 21 11 7 30
192 22 10 6 26
193 27 9 6 20
194 19 9 5 18
195 30 16 4 19
196 25 13 7 26
197 22 7 10 14
198 26 13 8 17
199 19 15 9 21
200 20 17 12 22
201 22 10 10 16
202 17 16 9 19
203 23 15 10 21
204 30 11 8 32
205 22 13 13 26
206 27 10 9 21
207 24 9 11 14
208 20 11 10 15
209 19 15 11 28
210 18 12 8 26
211 13 14 8 21
212 16 21 8 22
213 20 14 14 22
214 13 15 9 21
215 18 14 10 18
216 18 10 6 30
217 15 8 4 26
218 13 14 6 23
219 14 9 5 26
220 10 11 7 17
221 6 8 7 19
222 14 9 9 21
223 9 7 7 16
224 4 7 5 13
225 12 9 11 17
226 9 2 2 16
227 15 7 9 15
228 7 9 5 17
229 3 1 5 21
230 9 5 6 10
231 12 7 4 15
232 10 7 2 16
233 9 1 2 6
234 5 5 1 12
235 8 5 4 13
236 4 12 5 9
237 6 7 4 7
238 7 4 1 6
239 1 3 3 9
240 7 3 5 13
241 5 3 4 10
242 7 6 0 5
243 4 3 5 12
244 5 3 2 6
245 6 4 0 4
246 2 7 1 5
247 6 5 4 10
248 2 1 0 7
249 8 3 2 6
250 1 0 2 10
251 2 2 0 8
252 3 5 1 2
253 4 3 3 5
254 1 4 4 4
255 6 2 0 1
256 5 1 2 5
257 7 1 4 3
258 2 3 3 5
259 3 2 0 4
260 1 2 0 8
261 3 3 1 3
262 0 2 0 7
263 3 0 2 2
264 0 3 2 6
265 1 0 2 3
266 1 6 2 3
267 0 0 0 2
268 0 1 1 2
269 0 1 0 1
270 1 0 2 4
271 1 0 0 4
272 2 1 1 1
273 1 0 0 4
274 3 0 0 2
275 0 1 0 1
276 0 0 0 1
277 1 1 0 1
278 0 0 1 0
279 2 1 0 3
280 1 1 0 0
281 0 1 0 0
282 0 0 1 0
283 0 3 0 0
284 0 1 0 2
285 1 1 0 2
286 1 0 0 1
287 1 0 0 2
288 0 1 0 1
289 1 0 0 1
290 2 0 0 2
291 2 0 0 0
292 2 0 0 1
293 1 0 0 0
294 2 1 1 0
295 0 3 0 0
296 0 2 0 0
297 1 2 0 0
298 0 0 0 1
299 1 1 0 1
300 1 1 1 1
301 0 0 0 2
302 0 2 0 2
303 1 0 0 2
304 0 0 0 1
305 0 0 1 0
306 0 0 0 0
307 0 0 0 2
308 0 0 2 0
309 0 0 0 3
310 0 0 0 0
311 1 0 0 0
312 0 0 0 1
313 0 0 0 0
314 0 0 0 0
315 0 0 0 1
316 0 1 0 0
317 0 0 0 0
318 0 0 0 0
319 0 0 0 0
320 0 0 0 1
321 0 0 0 0
322 1 0 0 0
323 0 0 0 0
324 0 0 0 0
325 0 0 0 0
326 0 0 0 0
327 0 0 0 0
328 1 0 0 0
329 0 0 0 0
330 0 0 0 0
331 0 0 1 0
332 0 0 0 0
333 1 0 1 0
334 0 0 0 0
335 0 0 0 0
336 0 0 0 0
337 0 0 0 0
338 0 0 1 1
339 0 0 0 0
340 0 0 0 1
341 0 0 0 0
342 0 0 0 0
343 0 0 0 0
344 0 0 0 0
345 0 0 0 1
346 0 0 0 0
347 0 0 0 0
348 0 0 0 0
349 0 0 0 0
350 0 0 0 0
351 0 0 0 0
352 0 0 0 0
353 0 0 0 0
354 0 0 0 0
355 0 0 0 0
356 0 0 0 0
357 0 0 0 0
358 0 0 0 0
359 0 0 0 0
360 0 0 0 0
361 0 0 0 0
362 0 0 0 0
363 0 0 0 0
364 0 0 0 0
365 0 0 0 0
366 0 0 0 0
367 0 0 0 0
368 0 0 0 0
369 0 0 0 0
370 0 0 0 0
371 0 0 0 0
372 0 0 0 0
373 0 0 0 0
374 0 0 0 0
375 0 0 0 0
376 0 0 0 0
377 0 0 0 0
378 0 0 0 0
379 0 0 0 0
380 0 0 0 0
381 0 0 0 0
382 0 0 0 0
383 0 0 0 0
384 0 0 0 0
385 0 0 0 0
386 0 0 0 0
387 0 0 0 0
388 0 0 0 0
389 0 0 0 0
390 0 0 0 0
391 0 0 0 0
392 0 0 0 0
393 0 0 0 0
394 0 0 0 0
395 0 0 0 0
396 0 0 0 0
397 0 0 0 0
398 0 0 0 0
399 0 0 0 0
400 0 0 0 0
401 0 0 0 0
402 0 0 0 0
403 0 0 0 0
404 0 0 0 0
405 0 0 0 0
406 0 0 0 0
407 0 0 0 0
408 0 0 0 0
409 0 0 0 0
410 0 0 0 0
411 0 0 0 0
412 0 0 0 0
413 0 0 0 0
414 0 0 0 0
415 0 0 0 0
416 0 0 0 0
417 0 0 0 0
418 0 0 0 0
419 0 0 0 0
420 0 0 0 0
421 0 0 0 0
422 0 0 0 0
423 0 0 0 0
424 0 0 0 0
425 0 0 0 0
426 0 0 0 0
427 0 0 0 0
428 0 0 0 0
429 0 0 0 0
430 0 0 0 0
431 0 0 0 0
432 0 0 0 0
433 0 0 0 0
434 0 0 0 0
435 0 0 0 0
436 0 0 0 0
437 0 0 0 0
438 0 0 0 0
439 0 0 0 0
440 0 0 0 0
441 0 0 0 0
442 0 0 0 0
443 0 0 0 0
444 0 0 0 0
445 0 0 0 0
446 0 0 0 0
447 0 0 0 0
448 0 0 0 0
449 0 0 0 0
450 0 0 0 0
451 0 0 0 0
452 0 0 0 0
453 0 0 0 0
454 0 0 0 0
455 0 0 0 0
456 0 0 0 0
457 0 0 0 0
458 0 0 0 0
459 0 0 0 0
460 0 0 0 0
461 0 0 0 0
462 0 0 0 0
463 0 0 0 0
464 0 0 0 0
465 0 0 0 0
466 0 0 0 0
467 0 0 0 0
468 0 0 0 0
469 0 0 0 0
470 0 0 0 0
471 0 0 0 0
472 0 0 0 0
473 0 0 0 0
474 0 0 0 0
475 0 0 0 0
476 0 0 0 0
477 0 0 0 0
478 0 0 0 0
479 0 0 0 0
480 0 0 0 0
481 0 0 0 0
482 0 0 0 0
483 0 0 0 0
484 0 0 0 0
485 0 0 0 0
486 0 0 0 0
487 0 0 0 0
488 0 0 0 0
489 0 0 0 0
490 0 0 0 0
491 0 0 0 0
492 0 0 0 0
493 0 0 0 0
494 0 0 0 0
495 0 0 0 0
496 0 0 0 0
497 0 0 0 0
498 0 0 0 0
499 0 0 0 0
500 0 0 0 0
501 0 0 0 0
502 0 0 0 0
503 0 0 0 0
504 0 0 0 0
505 0 0 0 0
506 0 0 0 0
507 0 0 0 0
508 0 0 0 0
509 0 0 0 0
510 0 0 0 0
511 0 0 0 0
512 0 0 0 0
513 0 0 0 0
514 0 0 0 0
515 0 0 0 0
516 0 0 0 0
517 0 0 0 0
518 0 0 0 0
519 0 0 0 0
520 0 0 0 0
521 0 0 0 0
522 0 0 0 0
523 0 0 0 0
524 0 0 0 0
525 0 0 0 0
526 0 0 0 0
527 0 0 0 0
528 0 0 0 0
529 0 0 0 0
530 0 0 0 0
531 0 0 0 0
532 0 0 0 0
533 0 0 0 0
534 0 0 0 0
535 0 0 0 0
536 0 0 0 0
537 0 0 0 0
538 0 0 0 0
539 0 0 0 0
540 0 0 0 0
541 0 0 0 0
542 0 0 0 0
543 0 0 0 0
544 0 0 0 0
545 0 0 0 0
546 0 0 0 0
547 0 0 0 0
548 0 0 0 0
549 0 0 0 0
550 0 0 0 0
551 0 0 0 0
552 0 0 0 0
553 0 0 0 0
554 0 0 0 0
555 0 0 0 0
556 0 0 0 0
557 0 0 0 0
558 0 0 0 0
559 0 0 0 0
560 0 0 0 0
561 0 0 0 0
562 0 0 0 0
563 0 0 0 0
564 0 0 0 0
565 0 0 0 0
566 0 0 0 0
567 0 0 0 0
568 0 0 0 0
569 0 0 0 0
570 0 0 0 0
571 0 0 0 0
572 0 0 0 0
573 0 0 0 0
574 0 0 0 0
575 0 0 0 0
576 0 0 0 0
577 0 0 0 0
578 0 0 0 0
579 0 0 0 0
580 0 0 0 0
581 0 0 0 0
582 0 0 0 0
583 0 0 0 0
584 0 0 0 0
585 0 0 0 0
586 0 0 0 0
587 0 0 0 0
588 0 0 0 0
589 0 0 0 0
590 0 0 0 0
591 0 0 0 0
592 0 0 0 0
593 0 0 0 0
594 0 0 0 0
595 0 0 0 0
596 0 0 0 0
597 0 0 0 0
598 0 0 0 0
599 0 0 0 0
600 0 0 0 0
601 0 0 0 0
602 0 0 0 0
603 0 0 0 0
604 0 0 0 0
605 0 0 0 0
606 0 0 0 0
607 0 0 0 0
608 0 0 0 0
609 0 0 0 0
610 0 0 0 0
611 0 0 0 0
612 0 0 0 0
613 0 0 0 0
614 0 0 0 0
615 0 0 0 0
616 0 0 0 0
617 0 0 0 0
618 0 0 0 0
619 0 0 0 0
620 0 0 0 0
621 0 0 0 0
622 0 0 0 0
623 0 0 0 0
624 0 0 0 0
625 0 0 0 0
626 0 0 0 0
627 0 0 0 0
628 0 0 0 0
629 0 0 0 0
630 0 0 0 0
631 0 0 0 0
632 0 0 0 0
633 0 0 0 0
634 0 0 0 0
635 0 0 0 0
636 0 0 0 0
637 0 0 0 0
638 0 0 0 0
639 0 0 0 0
640 0 0 0 0
641 0 0 0 0
642 0 0 0 0
643 0 0 0 0
644 0 0 0 0
645 0 0 0 0
646 0 0 0 0
647 0 0 0 0
648 0 0 0 0
649 0 0 0 0
650 0 0 0 0
651 0 0 0 0
652 0 0 0 0
653 0 0 0 0
654 0 0 0 0
655 0 0 0 0
656 0 0 0 0
657 0 0 0 0
658 0 0 0 0
659 0 0 0 0
660 0 0 0 0
661 0 0 0 0
662 0 0 0 0
663 0 0 0 0
664 0 0 0 0
665 0 0 0 0
666 0 0 0 0
667 0 0 0 0
668 0 0 0 0
669 0 0 0 0
670 0 0 0 0
671 0 0 0 0
672 0 0 0 0
673 0 0 0 0
674 0 0 0 0
675 0 0 0 0
676 0 0 0 0
677 0 0 0 0
678 0 0 0 0
679 0 0 0 0
680 0 0 0 0
681 0 0 0 0
682 0 0 0 0
683 0 0 0 0
684 0 0 0 0
685 0 0 0 0
686 0 0 0 0
687 0 0 0 0
688 0 0 0 0
689 0 0 0 0
690 0 0 0 0
691 0 0 0 0
692 0 0 0 0
693 0 0 0 0
694 0 0 0 0
695 0 0 0 0
696 0 0 0 0
697 0 0 0 0
698 0 0 0 0
699 0 0 0 0
700 0 0 0 0
701 0 0 0 0
702 0 0 0 0
703 0 0 0 0
704 0 0 0 0
705 0 0 0 0
706 0 0 0 0
707 0 0 0 0
708 0 0 0 0
709 0 0 0 0
710 0 0 0 0
711 0 0 0 0
712 0 0 0 0
713 0 0 0 0
714 0 0 0 0
715 0 0 0 0
716 0 0 0 0
717 0 0 0 0
718 0 0 0 0
719 0 0 0 0
720 0 0 0 0
721 0 0 0 0
722 0 0 0 0
723 0 0 0 0
724 0 0 0 0
725 0 0 0 0
726 0 0 0 0
727 0 0 0 0
