0 0 0 0 0
1 0 0 0 0
2 0 0 0 0
3 0 0 0 0
4 0 0 0 0
5 0 0 0 0
6 0 0 0 0
7 0 0 0 0
8 0 0 0 0
9 0 2 3 0
10 0 0 0 0
11 0 0 0 0
12 0 0 0 0
13 0 0 0 2
14 0 0 0 0
15 0 0 0 0
16 0 0 0 3
17 0 0 0 0
18 0 0 0 0
19 2 0 0 0
20 1 0 0 0
21 0 0 0 0
22 3 0 0 0
23 1 0 0 0
24 1 0 0 0
25 1 0 1 0
26 1 0 0 0
27 0 1 1 0
28 2 1 1 0
29 0 1 0 0
30 1 0 0 0
31 2 0 1 2
32 1 1 0 2
33 1 2 1 1
34 0 0 1 0
35 1 1 0 2
36 2 0 2 0
37 1 0 0 3
38 3 1 0 0
39 2 0 0 1
40 2 0 0 2
41 2 3 0 1
42 2 1 0 2
43 3 0 1 0
44 0 1 1 0
45 2 1 1 0
46 2 1 1 1
47 0 2 1 1
48 6 1 0 4
49 1 1 0 0
50 3 2 1 1
51 4 1 0 3
52 2 0 1 3
53 0 2 0 1
54 1 1 0 4
55 1 0 4 2
56 1 1 1 1
57 2 3 1 0
58 4 0 0 0
59 2 1 0 2
60 1 2 1 3
61 5 0 2 4
62 0 1 1 2
63 2 1 2 2
64 3 0 1 3
65 3 0 1 2
66 3 2 0 1
67 2 0 1 2
68 0 2 0 1
69 1 1 1 2
70 3 1 3 4
71 3 0 0 1
72 2 3 0 1
73 1 2 0 2
74 3 1 1 2
75 4 2 3 1
76 4 1 1 2
77 4 1 0 3
78 4 1 0 0
79 5 0 3 4
80 1 3 1 2
81 4 2 0 4
82 2 2 2 2
83 2 2 2 1
84 3 4 1 3
85 2 0 3 1
86 2 3 1 5
87 4 1 1 2
88 5 2 1 3
89 2 0 1 2
90 2 1 2 4
91 0 1 2 4
92 2 1 2 3
93 2 4 2 4
94 0 0 1 4
95 4 0 0 4
96 6 0 2 1
97 4 1 1 3
98 8 2 1 1
99 5 1 1 2
100 5 3 0 4
101 2 3 2 3
102 5 1 2 3
103 0 1 3 2
104 2 2 1 2
105 1 3 2 3
106 3 2 2 3
107 3 3 5 1
108 4 1 2 4
109 4 2 1 4
110 1 1 0 4
111 1 2 0 7
112 5 2 1 5
113 2 2 1 4
114 4 1 2 3
115 3 3 0 2
116 2 1 0 4
117 4 3 1 2
118 7 1 1 4
119 6 1 2 2
120 9 2 0 2
121 9 3 0 3
122 7 2 1 4
123 9 0 2 3
124 14 5 1 3
125 3 4 5 1
126 9 6 2 2
127 8 5 2 2
128 6 5 2 7
129 5 6 4 5
130 6 3 2 4
131 4 7 3 4
132 8 7 2 10
133 8 9 4 7
134 6 1 3 9
135 7 3 3 9
136 10 2 3 7
137 7 5 1 8
138 6 5 3 8
139 5 5 2 9
140 8 4 1 8
141 9 4 3 4
142 9 4 1 8
143 11 2 3 9
144 4 5 1 8
145 11 6 4 4
146 11 8 2 3
147 12 6 4 5
148 10 3 4 9
149 13 3 3 8
150 14 3 5 10
151 16 6 2 7
152 14 6 6 10
153 14 4 3 6
154 8 10 5 7
155 9 4 10 6
156 10 7 6 5
157 10 7 8 9
158 12 11 4 14
159 12 5 2 13
160 11 12 5 10
161 10 5 2 14
162 8 3 4 17
163 13 5 6 11
164 11 5 4 18
165 11 8 2 12
166 17 5 5 7
167 9 6 5 8
168 14 10 3 7
169 19 9 3 8
170 15 5 7 10
171 14 5 4 12
172 23 5 6 13
173 17 6 3 15
174 26 16 3 11
175 20 9 5 12
176 22 8 5 10
177 17 12 7 9
178 19 10 3 15
179 28 15 10 12
180 23 13 5 13
181 21 20 9 19
182 17 7 8 14
183 16 9 12 22
184 18 11 8 13
185 15 10 7 18
186 14 9 11 20
187 12 17 8 24
188 15 9 17 23
189 12 17 7 15
190 9 8 11 16
191 13 11 7 23
192 24 9 3 23
193 14 8 5 25
194 21 7 5 22
195 22 2 5 20
196 28 8 6 20
197 25 13 7 17
198 29 5 7 18
199 20 15 3 4
200 21 7 7 13
201 24 14 14 14
202 18 12 6 15
203 25 10 7 17
204 12 17 7 17
205 20 13 12 20
206 11 15 9 17
207 17 12 8 15
208 11 15 9 27
209 10 16 4 21
210 13 17 9 23
211 10 13 7 16
212 6 11 9 25
213 12 8 1 14
214 11 6 4 30
215 10 6 6 30
216 14 5 3 24
217 10 7 2 13
218 12 10 5 10
219 13 8 4 14
220 9 6 7 9
221 11 9 2 9
222 9 6 4 19
223 9 7 4 9
224 11 5 5 9
225 5 8 5 13
226 7 4 8 11
227 5 7 2 11
228 11 7 3 6
229 3 6 4 10
230 6 5 2 14
231 2 5 5 12
232 5 3 4 13
233 3 8 4 10
234 2 4 1 9
235 5 4 2 9
236 3 4 2 9
237 5 4 3 9
238 7 2 1 7
239 4 2 3 4
240 3 1 2 7
241 4 1 1 8
242 6 3 1 7
243 7 1 2 6
244 4 0 2 4
245 5 3 2 1
246 7 0 3 6
247 6 7 0 4
248 4 4 2 1
249 2 1 0 4
250 2 3 3 2
251 4 3 2 5
252 2 4 3 7
253 2 4 3 4
254 3 2 1 6
255 2 3 3 1
256 0 3 2 4
257 3 1 0 6
258 2 0 2 6
259 0 1 1 8
260 2 1 2 7
261 4 1 1 1
262 2 2 1 3
263 3 2 1 3
264 2 1 0 2
265 2 1 0 3
266 1 4 1 1
267 5 1 1 2
268 3 0 1 2
269 2 1 2 4
270 3 0 1 6
271 4 1 0 0
272 1 4 2 1
273 3 2 1 2
274 2 2 1 3
275 1 0 2 2
276 0 1 0 5
277 1 0 1 2
278 0 0 3 1
279 0 0 3 3
280 0 4 0 1
281 0 0 1 3
282 5 1 1 4
283 1 0 0 3
284 3 1 0 1
285 1 0 0 0
286 1 0 0 3
287 2 2 2 3
288 0 0 0 2
289 0 1 2 0
290 1 0 0 0
291 2 0 1 2
292 1 2 0 0
293 1 0 0 1
294 3 0 1 2
295 0 0 2 1
296 0 1 2 3
297 2 0 0 0
298 0 1 0 1
299 1 0 0 3
300 1 0 0 3
301 1 0 1 0
302 0 1 0 0
303 1 3 0 0
304 0 0 0 0
305 0 0 0 1
306 0 0 2 0
307 1 0 0 1
308 1 0 1 1
309 0 0 1 2
310 0 0 0 1
311 0 0 0 1
312 1 1 0 0
313 1 1 1 2
314 0 0 0 0
315 1 0 0 1
316 0 0 0 0
317 0 0 1 0
318 1 0 0 0
319 3 0 0 1
320 0 0 1 2
321 0 0 0 1
322 0 1 0 0
323 0 0 0 0
324 0 1 1 1
325 0 0 0 0
326 0 0 0 0
327 0 0 1 0
328 0 1 0 1
329 0 0 0 1
330 0 0 0 0
331 0 0 0 1
332 0 0 0 0
333 1 0 0 0
334 0 0 0 1
335 0 0 0 1
336 0 0 0 0
337 0 0 0 0
338 1 0 0 0
339 0 0 0 0
340 0 0 0 0
341 1 0 0 0
342 0 1 0 0
343 0 0 0 0
344 0 0 0 0
345 0 0 0 0
346 0 0 1 0
347 0 1 0 0
348 0 0 0 0
349 0 0 0 1
350 0 0 0 0
351 0 0 0 0
352 0 0 0 0
353 0 0 0 1
354 0 0 0 1
355 0 0 0 0
356 0 0 0 0
357 1 0 0 0
358 0 0 0 0
359 0 0 0 0
360 0 0 0 0
361 0 0 0 0
362 0 0 0 0
363 1 0 0 0
364 0 0 0 0
365 1 0 0 0
366 1 0 1 0
367 0 0 0 0
368 0 0 1 0
369 0 0 0 0
370 0 1 0 1
371 0 0 1 0
372 0 0 0 0
373 0 0 0 0
374 0 0 0 0
375 0 0 0 1
376 0 0 0 0
377 0 0 0 1
378 0 0 0 1
379 0 0 0 0
380 0 0 0 0
381 0 0 0 0
382 0 0 0 0
383 0 0 0 0
384 1 0 0 0
385 1 0 0 0
386 0 0 0 0
387 1 0 0 0
388 1 0 0 0
389 0 1 0 0
390 0 0 1 0
391 1 0 0 0
392 1 0 0 0
393 1 0 1 1
394 1 0 0 0
395 1 0 0 0
396 0 0 2 0
397 0 1 0 1
398 0 0 0 0
399 1 0 1 0
400 1 1 0 3
401 1 0 0 0
402 0 1 0 0
403 1 0 0 0
404 0 0 0 1
405 0 0 0 0
406 1 0 0 1
407 0 0 0 1
408 1 1 0 0
409 0 1 0 1
410 2 0 1 0
411 0 0 0 0
412 0 1 0 1
413 1 1 0 0
414 0 0 0 0
415 2 1 1 0
416 0 0 0 2
417 2 0 0 2
418 2 1 0 0
419 0 0 1 0
420 1 0 0 1
421 1 0 0 0
422 1 1 0 2
423 0 1 0 0
424 0 0 2 0
425 1 0 0 0
426 2 2 0 1
427 1 2 0 0
428 0 0 0 1
429 1 0 1 2
430 0 1 0 3
431 0 2 0 1
432 0 0 0 0
433 0 0 0 1
434 0 1 0 2
435 0 0 0 1
436 0 1 0 0
437 0 0 0 1
438 0 0 0 0
439 0 0 0 0
440 0 0 0 1
441 0 0 0 1
442 0 0 0 0
443 0 0 0 0
444 0 0 0 0
445 2 0 0 0
446 0 0 0 0
447 1 0 0 0
448 2 0 0 0
449 1 0 0 0
450 2 0 0 0
451 0 0 0 0
452 0 0 1 0
453 0 1 1 0
454 0 0 2 0
455 0 0 0 0
456 0 0 0 0
457 0 0 0 1
458 1 0 1 2
459 0 2 0 1
460 0 0 0 1
461 0 0 0 0
462 0 0 0 1
463 0 0 0 2
464 0 0 0 0
465 0 0 0 0
466 0 0 0 0
467 0 1 0 0
468 0 0 0 0
469 0 0 0 0
470 0 0 0 0
471 1 0 0 0
472 0 0 0 0
473 0 0 0 0
474 0 0 0 1
475 0 0 0 0
476 0 0 1 0
477 0 0 0 0
478 1 0 0 0
479 0 0 0 0
480 0 0 0 0
481 0 0 0 0
482 0 0 0 0
483 1 0 0 1
484 1 0 0 0
485 0 0 0 0
486 0 0 0 0
487 0 0 1 0
488 0 1 0 0
489 0 0 1 0
490 1 0 0 0
491 0 0 0 0
492 1 0 0 1
493 0 0 0 0
494 1 0 0 1
495 1 1 0 0
496 1 0 0 1
497 1 0 0 0
498 1 0 1 0
499 1 1 0 1
500 1 0 1 0
501 1 0 0 0
502 2 1 0 0
503 2 1 0 1
504 0 1 0 0
505 1 1 1 1
506 1 0 1 0
507 0 0 1 2
508 2 0 1 1
509 1 0 1 3
510 0 0 1 0
511 1 0 1 0
512 1 0 0 1
513 2 0 0 1
514 1 1 0 1
515 2 0 1 1
516 0 1 0 1
517 3 3 0 1
518 2 1 1 1
519 0 0 0 1
520 1 0 2 1
521 2 0 0 3
522 2 1 0 1
523 2 1 1 0
524 0 0 0 0
525 1 0 0 1
526 3 1 2 1
527 2 0 1 4
528 1 2 1 0
529 1 1 0 0
530 0 0 0 0
531 1 2 1 1
532 2 1 0 2
533 0 0 0 3
534 0 1 1 0
535 4 0 2 4
536 0 1 0 0
537 1 3 0 0
538 3 1 0 1
539 2 0 0 3
540 1 1 3 1
541 1 0 0 3
542 0 0 0 0
543 2 2 0 0
544 2 0 0 3
545 2 1 0 1
546 2 0 2 0
547 0 1 0 3
548 4 1 0 0
549 1 0 0 0
550 0 1 0 3
551 1 0 1 1
552 2 1 1 2
553 1 3 0 1
554 1 3 0 0
555 1 1 1 1
556 1 1 0 1
557 3 3 0 3
558 4 0 0 2
559 0 0 0 1
560 2 0 1 1
561 3 1 0 3
562 3 2 0 2
563 0 3 2 1
564 0 0 1 2
565 1 1 0 0
566 1 3 2 2
567 1 2 0 2
568 0 0 0 2
569 3 1 0 0
570 2 1 0 4
571 2 1 0 2
572 0 1 0 1
573 1 0 0 5
574 0 1 0 0
575 2 1 0 0
576 1 0 1 1
577 0 0 0 1
578 1 2 0 1
579 1 2 0 1
580 2 2 1 0
581 1 1 0 0
582 0 1 0 1
583 0 1 0 3
584 0 1 0 2
585 0 0 0 2
586 1 0 1 1
587 0 0 0 1
588 0 0 0 2
589 2 0 2 0
590 0 0 0 1
591 0 0 0 0
592 0 0 0 0
593 0 0 0 3
594 0 1 0 0
595 0 0 1 0
596 0 0 0 0
597 0 0 0 0
598 1 1 0 1
599 0 0 0 0
600 0 0 0 0
601 1 0 0 0
602 0 0 0 1
603 0 0 1 0
604 0 0 0 0
605 0 0 0 1
606 0 0 0 0
607 0 0 0 0
608 0 0 0 0
609 1 0 0 0
610 0 0 1 1
611 0 0 0 0
612 0 0 0 0
613 0 0 0 0
614 0 0 0 1
615 0 0 0 0
616 0 0 0 0
617 0 0 0 0
618 0 0 1 0
619 0 0 0 0
620 0 0 0 0
621 0 0 0 0
622 0 0 0 1
623 0 0 0 0
624 0 0 0 0
625 0 0 0 0
626 0 0 0 0
627 1 0 0 0
628 0 0 0 0
629 0 0 0 0
630 0 0 0 0
631 0 0 0 0
632 0 0 0 0
633 0 0 0 0
634 0 0 0 0
635 0 0 0 0
636 0 0 1 0
637 0 0 0 0
638 0 0 0 0
639 0 0 0 0
640 0 0 0 1
641 0 0 0 0
642 0 0 0 0
643 0 0 0 0
644 0 0 0 0
645 0 0 0 0
646 0 0 0 0
647 0 0 0 0
648 0 0 0 0
649 0 0 0 0
650 0 0 0 0
651 0 0 0 0
652 0 0 0 0
653 0 0 0 0
654 0 0 0 0
655 0 0 0 0
656 0 0 0 0
657 0 0 0 0
658 0 0 0 0
659 0 0 0 0
660 0 0 0 0
661 0 0 0 0
662 0 0 0 0
663 0 0 0 0
664 0 0 0 0
665 0 0 0 0
666 0 0 0 0
667 0 0 0 0
668 0 0 0 0
669 0 0 0 0
670 0 0 0 0
671 0 0 0 0
672 0 0 0 0
673 0 0 0 0
674 0 0 0 0
675 0 0 0 0
676 0 0 0 0
677 0 0 0 0
678 0 0 0 0
679 0 0 0 0
680 0 0 0 0
681 0 0 0 0
682 0 0 0 0
683 0 0 0 0
684 0 0 0 0
685 0 0 0 0
686 0 0 0 0
687 0 0 0 0
688 0 0 0 0
689 0 0 0 0
690 0 0 0 0
691 0 0 0 0
692 0 0 0 0
693 0 0 0 0
694 0 0 0 0
695 0 0 0 0
696 0 0 0 0
697 0 0 0 0
698 0 0 0 0
699 0 0 0 0
700 0 0 0 0
701 0 0 0 0
702 0 0 0 0
703 0 0 0 0
704 0 0 0 0
705 0 0 0 0
706 0 0 0 0
707 0 0 0 0
708 0 0 0 0
709 0 0 0 0
710 0 0 0 0
711 0 0 0 0
712 0 0 0 0
713 0 0 0 0
714 0 0 0 0
715 0 0 0 0
716 0 0 0 0
717 0 0 0 0
718 0 0 0 0
719 0 0 0 0
720 0 0 0 0
721 0 0 0 0
722 0 0 0 0
723 0 0 0 0
724 0 0 0 0
725 0 0 0 0
726 0 0 0 0
727 0 0 0 0
