0 0 0 0 0
1 0 0 0 0
2 0 0 0 0
3 0 0 0 0
4 0 0 0 0
5 0 0 3 0
6 0 0 0 0
7 0 0 0 0
8 0 0 0 0
9 0 0 2 0
10 0 0 0 0
11 0 0 0 0
12 0 0 0 3
13 0 0 0 0
14 0 0 0 0
15 0 0 0 0
16 0 0 0 2
17 0 0 0 0
18 0 0 0 0
19 0 0 0 0
20 2 0 0 0
21 2 0 0 0
22 1 0 0 0
23 2 0 0 0
24 3 0 0 0
25 2 1 0 0
26 3 0 0 0
27 1 1 0 0
28 0 0 1 0
29 1 2 2 0
30 0 2 0 0
31 0 1 0 1
32 0 0 1 1
33 0 0 1 3
34 0 2 1 1
35 0 1 0 2
36 0 0 1 1
37 0 0 0 1
38 0 0 0 4
39 0 0 0 2
40 0 0 0 1
41 0 0 0 0
42 0 0 0 0
43 1 0 0 0
44 1 0 0 0
45 2 0 0 0
46 2 0 0 0
47 0 0 0 0
48 1 1 0 0
49 1 0 0 0
50 1 1 0 0
51 0 1 0 0
52 1 0 0 1
53 0 0 1 0
54 1 0 1 1
55 0 0 1 1
56 0 0 0 0
57 0 1 1 1
58 0 0 1 0
59 0 0 2 1
60 0 0 0 0
61 0 0 0 3
62 0 0 0 0
63 0 0 0 0
64 0 0 0 0
65 0 0 0 1
66 0 0 0 2
67 1 0 0 0
68 0 0 0 0
69 0 0 0 0
70 1 0 0 0
71 1 0 0 0
72 1 1 0 0
73 1 0 0 0
74 0 0 0 0
75 0 1 0 0
76 1 0 0 1
77 2 0 0 0
78 0 0 0 0
79 1 0 0 0
80 1 1 0 0
81 0 0 2 1
82 0 1 1 0
83 0 0 0 0
84 0 0 0 0
85 0 0 1 2
86 0 0 1 1
87 1 0 0 1
88 0 1 0 0
89 0 0 0 2
90 0 0 0 0
91 0 0 0 0
92 1 0 1 0
93 1 0 0 1
94 0 0 0 0
95 1 0 0 1
96 0 0 0 0
97 0 1 0 1
98 0 0 0 0
99 2 0 0 0
100 1 0 0 0
101 0 0 0 0
102 1 1 0 0
103 1 0 0 0
104 1 1 2 1
105 3 0 0 0
106 2 0 0 1
107 4 1 0 0
108 3 1 0 2
109 2 2 0 0
110 0 0 0 0
111 0 1 0 2
112 0 2 0 0
113 1 1 1 0
114 1 4 1 0
115 0 1 0 1
116 1 0 1 3
117 1 0 2 0
118 1 0 0 5
119 0 0 1 2
120 0 0 0 3
121 0 0 0 2
122 0 0 1 0
123 2 0 0 1
124 1 0 0 1
125 1 1 1 0
126 1 0 0 0
127 1 0 1 0
128 3 1 1 0
129 1 1 0 3
130 2 0 0 0
131 2 0 0 0
132 5 0 0 1
133 1 2 1 1
134 2 1 1 1
135 2 1 0 1
136 0 2 0 0
137 1 3 0 1
138 2 0 0 1
139 2 2 1 1
140 0 1 0 3
141 1 2 1 2
142 1 0 1 0
143 1 2 1 2
144 0 2 1 3
145 0 0 0 2
146 0 1 1 2
147 0 0 1 2
148 1 0 0 4
149 1 0 0 1
150 2 0 0 1
151 1 0 0 1
152 2 0 1 0
153 0 0 1 1
154 0 1 0 1
155 1 0 0 0
156 2 0 0 0
157 1 1 1 1
158 2 0 0 0
159 2 1 1 1
160 0 1 1 0
161 2 0 0 1
162 0 0 0 0
163 1 0 0 0
164 0 1 1 4
165 1 1 1 0
166 0 2 1 2
167 0 0 1 0
168 0 0 1 1
169 0 0 0 0
170 1 0 1 1
171 0 0 0 2
172 1 0 1 3
173 2 0 0 2
174 1 0 0 0
175 0 0 1 0
176 2 0 0 1
177 0 0 1 1
178 2 0 1 0
179 1 0 1 1
180 4 0 0 0
181 3 0 0 0
182 2 1 0 1
183 3 0 1 1
184 3 0 0 1
185 3 2 3 0
186 2 2 1 1
187 3 1 2 0
188 5 1 1 0
189 4 1 2 4
190 4 1 0 2
191 2 1 0 3
192 1 3 1 3
193 2 4 1 3
194 0 3 3 2
195 1 2 1 0
196 1 1 1 4
197 0 1 1 1
198 2 0 0 6
199 3 2 0 2
200 0 1 1 5
201 1 1 0 2
202 1 0 2 3
203 2 0 0 2
204 4 0 1 3
205 3 0 0 0
206 5 0 0 0
207 1 2 1 0
208 1 1 1 2
209 3 3 1 2
210 2 1 2 0
211 3 2 1 1
212 3 2 1 0
213 2 1 0 3
214 1 0 1 4
215 1 2 2 2
216 1 1 0 2
217 1 0 1 2
218 1 2 1 3
219 0 1 0 6
220 2 2 1 1
221 1 1 1 2
222 1 1 0 2
223 1 1 0 0
224 1 0 0 1
225 1 1 1 2
226 1 0 2 2
227 1 0 1 2
228 0 0 0 1
229 0 2 1 1
230 0 0 0 2
231 1 1 1 0
232 0 0 1 1
233 1 0 0 1
234 2 1 0 1
235 1 0 0 2
236 2 0 1 3
237 0 0 0 0
238 0 0 0 1
239 0 2 0 1
240 0 0 1 1
241 0 0 0 0
242 0 1 0 0
243 0 0 0 1
244 0 0 0 1
245 0 0 2 0
246 0 0 0 2
247 0 0 0 0
248 1 0 0 0
249 0 0 0 0
250 0 0 0 0
251 0 0 0 0
252 1 0 0 2
253 1 0 1 0
254 1 0 0 0
255 0 0 0 0
256 1 0 0 0
257 0 0 1 1
258 0 0 0 0
259 0 1 0 0
260 0 0 0 0
261 0 1 0 0
262 0 0 1 0
263 0 0 0 1
264 0 0 0 1
265 0 0 0 1
266 0 0 0 1
267 0 0 0 0
268 0 0 0 0
269 0 0 0 0
270 0 0 0 0
271 0 0 0 0
272 0 0 0 0
273 0 0 0 0
274 0 0 0 0
275 0 0 0 0
276 0 0 0 0
277 0 0 0 0
278 0 0 0 0
279 0 0 0 0
280 0 0 0 0
281 1 0 0 0
282 0 0 0 0
283 0 0 0 0
284 0 0 0 0
285 0 0 0 0
286 0 0 1 0
287 0 0 0 0
288 0 0 0 0
289 0 0 0 0
290 0 0 0 0
291 0 0 0 0
292 0 0 0 0
293 0 0 0 1
294 0 0 0 0
295 0 0 0 0
296 0 0 0 0
297 0 0 0 0
298 0 0 0 0
299 0 0 0 0
300 0 0 0 0
301 0 0 0 0
302 1 0 0 0
303 0 0 0 0
304 0 0 0 0
305 0 0 0 0
306 1 0 0 0
307 1 1 0 0
308 0 0 0 0
309 0 0 0 0
310 1 0 0 0
311 1 0 1 0
312 1 0 0 0
313 0 0 0 0
314 1 0 0 1
315 0 0 1 0
316 1 0 2 0
317 0 0 1 1
318 0 0 0 0
319 0 0 0 1
320 0 0 0 1
321 1 1 0 2
322 1 0 0 0
323 0 1 0 0
324 0 0 0 0
325 1 0 0 0
326 0 0 0 0
327 0 1 0 1
328 1 0 0 1
329 1 0 0 0
330 0 1 1 0
331 0 0 0 1
332 0 0 0 0
333 0 0 1 0
334 0 0 1 1
335 0 0 0 0
336 0 0 0 0
337 0 0 0 2
338 0 0 0 0
339 0 0 0 0
340 0 0 0 0
341 0 0 0 1
342 0 0 0 0
343 0 0 0 0
344 0 0 0 0
345 0 0 0 0
346 0 0 0 0
347 0 0 0 0
348 0 0 0 0
349 0 0 0 0
350 1 0 0 0
351 1 0 0 0
352 0 0 0 0
353 2 0 0 0
354 0 0 0 0
355 0 0 0 0
356 0 0 0 0
357 0 0 0 0
358 0 0 0 0
359 0 2 0 0
360 0 0 0 0
361 0 0 0 0
362 0 1 1 0
363 0 0 0 1
364 0 0 0 0
365 0 0 0 0
366 0 0 0 2
367 0 0 0 0
368 0 0 0 1
369 0 0 0 0
370 0 0 0 0
371 0 0 0 0
372 0 0 0 0
373 0 0 0 0
374 0 0 0 0
375 0 0 0 0
376 1 0 0 0
377 0 0 0 0
378 1 0 0 0
379 0 0 0 0
380 0 0 0 0
381 0 0 0 0
382 0 0 0 0
383 0 0 1 0
384 0 0 0 0
385 0 1 0 0
386 0 0 0 0
387 0 0 0 0
388 0 0 0 0
389 0 0 0 0
390 0 0 0 1
391 0 0 0 0
392 0 0 0 1
393 0 0 0 0
394 0 0 0 0
395 0 0 0 0
396 0 0 0 0
397 0 0 0 0
398 0 0 0 0
399 0 0 0 0
400 1 0 0 0
401 0 0 0 0
402 0 0 0 0
403 0 0 0 0
404 1 0 0 0
405 0 1 0 0
406 0 0 0 0
407 0 0 0 0
408 0 0 0 0
409 0 0 1 0
410 1 0 0 0
411 0 0 0 0
412 0 0 0 1
413 1 0 0 0
414 1 0 0 0
415 0 0 0 0
416 0 0 0 1
417 0 0 0 0
418 0 0 1 0
419 0 2 0 0
420 0 0 0 0
421 1 0 0 0
422 2 0 0 1
423 1 0 0 1
424 1 0 0 0
425 0 0 0 0
426 0 1 0 1
427 0 0 0 0
428 0 0 0 0
429 0 0 1 0
430 0 0 0 0
431 0 1 1 0
432 1 0 1 0
433 1 0 0 2
434 0 0 0 0
435 1 0 0 1
436 0 0 0 1
437 0 0 0 0
438 0 0 0 1
439 0 0 0 0
440 1 0 1 0
441 1 0 1 0
442 2 1 0 0
443 0 0 0 0
444 2 0 0 0
445 0 0 0 1
446 2 0 1 1
447 0 0 0 1
448 1 0 0 0
449 1 2 1 0
450 0 0 0 0
451 0 3 1 0
452 0 0 0 0
453 0 1 0 3
454 1 0 1 0
455 1 0 0 2
456 1 0 0 1
457 0 0 0 0
458 0 0 0 3
459 1 0 0 0
460 0 0 0 1
461 0 0 1 0
462 1 0 0 0
463 1 1 0 0
464 1 1 0 0
465 0 0 0 0
466 1 0 0 0
467 2 0 0 1
468 1 2 0 1
469 3 0 1 0
470 0 0 0 0
471 2 2 0 1
472 1 0 2 1
473 1 0 0 0
474 1 3 0 0
475 0 0 0 2
476 2 1 1 2
477 0 0 1 0
478 0 1 1 2
479 0 0 0 1
480 2 0 0 1
481 0 2 0 2
482 1 0 0 1
483 0 0 1 1
484 0 0 0 1
485 2 1 1 2
486 1 0 0 0
487 2 1 0 1
488 2 0 0 1
489 1 0 0 1
490 4 0 0 0
491 2 1 0 1
492 0 1 0 1
493 3 2 0 0
494 3 2 0 0
495 1 3 1 0
496 0 1 2 0
497 2 0 0 1
498 3 1 1 3
499 3 1 2 3
500 3 0 0 3
501 0 0 0 0
502 1 2 0 3
503 1 0 1 2
504 2 2 0 0
505 2 1 0 1
506 0 1 0 2
507 0 1 2 1
508 0 3 0 1
509 1 2 1 3
510 2 2 0 1
511 6 0 1 3
512 2 0 0 3
513 0 0 1 1
514 0 0 1 3
515 4 1 0 1
516 0 3 0 2
517 2 0 1 1
518 1 0 0 1
519 2 1 0 0
520 3 2 3 3
521 1 1 0 0
522 2 2 0 0
523 3 1 0 2
524 5 0 3 4
525 3 1 1 0
526 1 1 0 1
527 0 0 0 2
528 2 2 1 4
529 2 1 1 3
530 0 2 0 2
531 3 0 2 0
532 1 1 0 0
533 2 4 1 1
534 3 1 1 1
535 1 0 1 4
536 2 2 0 1
537 1 2 0 3
538 0 0 2 1
539 0 2 0 2
540 2 1 1 5
541 1 1 0 4
542 4 1 0 2
543 0 1 0 0
544 4 0 0 2
545 4 1 2 0
546 1 1 1 2
547 3 0 2 1
548 2 0 0 1
549 4 1 0 3
550 3 1 1 0
551 1 2 1 2
552 1 0 2 1
553 4 1 2 3
554 2 4 0 2
555 3 1 2 3
556 5 3 0 1
557 2 1 0 2
558 3 3 0 1
559 3 1 1 3
560 0 2 0 2
561 5 2 2 4
562 4 2 2 1
563 3 1 0 4
564 2 1 1 1
565 3 1 1 5
566 4 2 1 4
567 2 0 4 1
568 2 0 2 3
569 3 2 0 1
570 1 5 1 4
571 3 3 0 4
572 3 3 2 2
573 3 1 1 1
574 0 2 0 4
575 5 2 1 3
576 2 1 0 4
577 0 1 0 4
578 3 1 2 2
579 6 0 1 3
580 2 2 2 1
581 2 3 1 2
582 4 1 0 3
583 1 0 1 1
584 2 5 2 3
585 1 0 1 3
586 1 1 0 2
587 3 3 1 2
588 0 2 1 9
589 1 1 2 0
590 2 1 1 0
591 1 3 0 3
592 1 1 1 2
593 1 0 0 2
594 2 0 0 6
595 1 2 0 4
596 1 1 1 2
597 1 1 0 0
598 0 0 2 0
599 0 0 1 2
600 5 0 0 0
601 2 1 0 2
602 0 1 0 3
603 0 1 0 1
604 0 1 0 1
605 0 1 1 1
606 2 1 1 1
607 0 0 0 0
608 0 0 0 2
609 0 3 0 1
610 0 0 0 1
611 0 1 0 0
612 0 0 0 1
613 0 0 0 1
614 0 0 0 0
615 0 1 0 1
616 0 0 0 3
617 1 0 0 0
618 0 0 0 0
619 1 0 0 0
620 3 0 0 0
621 0 0 0 0
622 1 1 0 1
623 2 0 0 0
624 1 0 0 0
625 0 0 0 0
626 0 0 0 0
627 1 0 1 0
628 1 1 1 0
629 1 4 0 1
630 1 0 0 0
631 0 0 0 1
632 0 1 0 1
633 0 0 0 3
634 0 1 0 0
635 0 1 0 1
636 0 1 0 2
637 0 1 0 0
638 0 0 0 0
639 0 0 0 1
640 0 0 0 0
641 0 0 0 1
642 0 0 0 0
643 1 0 0 1
644 1 0 0 1
645 0 0 0 0
646 1 0 0 0
647 0 0 0 0
648 0 0 0 0
649 0 1 0 0
650 0 0 0 0
651 0 0 0 0
652 0 1 0 0
653 0 0 0 0
654 1 0 0 0
655 1 1 0 0
656 0 0 0 1
657 0 0 0 0
658 1 0 0 0
659 0 0 1 2
660 0 0 1 0
661 0 0 0 0
662 0 0 0 0
663 0 0 0 0
664 0 0 0 0
665 0 0 0 0
666 0 0 0 1
667 0 1 0 1
668 0 0 0 0
669 0 0 0 0
670 0 0 0 0
671 0 0 0 0
672 0 0 0 0
673 0 0 0 0
674 0 0 0 1
675 0 0 0 0
676 0 0 0 0
677 0 0 0 0
678 0 0 0 0
679 0 0 0 0
680 0 0 0 0
681 0 0 0 0
682 0 0 0 0
683 1 0 0 0
684 0 0 0 0
685 0 0 0 0
686 0 0 0 0
687 0 0 0 0
688 0 0 0 0
689 0 0 0 0
690 0 0 0 0
691 0 0 0 0
692 0 1 0 0
693 0 0 0 0
694 0 0 0 0
695 0 0 0 0
696 0 0 0 0
697 0 0 0 0
698 0 0 0 0
699 0 0 0 1
700 0 0 0 0
701 0 0 0 0
702 0 0 0 0
703 0 0 0 0
704 0 0 0 0
705 0 0 0 0
706 0 0 0 0
707 0 0 0 0
708 0 0 0 0
709 0 0 0 0
710 0 0 0 0
711 0 0 0 0
712 0 0 0 0
713 0 0 0 0
714 0 0 0 0
715 0 0 0 0
716 0 0 0 0
717 0 0 0 0
718 0 0 0 0
719 0 0 0 0
720 0 0 0 0
721 0 0 0 0
722 0 0 0 0
723 0 0 0 0
724 0 0 0 0
725 0 0 0 0
726 0 0 0 0
727 0 0 0 0
