0 0 0 0 0
1 0 0 0 0
2 0 0 0 0
3 0 0 0 0
4 0 0 0 0
5 0 1 2 0
6 0 0 0 0
7 0 0 0 0
8 0 0 0 0
9 0 1 1 0
10 0 0 0 0
11 0 0 0 1
12 0 0 0 2
13 0 0 0 0
14 0 0 0 0
15 0 0 0 1
16 0 0 0 1
17 1 0 0 0
18 0 0 0 0
19 0 0 0 0
20 1 0 0 0
21 1 0 0 0
22 1 0 0 0
23 1 0 0 0
24 1 0 0 0
25 3 0 0 0
26 0 2 0 0
27 2 0 0 0
28 1 1 0 0
29 1 2 0 0
30 0 1 0 1
31 1 1 0 0
32 2 0 1 0
33 0 0 0 3
34 1 3 0 1
35 0 0 0 1
36 1 0 1 1
37 1 1 1 0
38 0 0 0 2
39 0 1 0 1
40 1 1 0 0
41 1 1 1 2
42 2 0 0 0
43 0 0 0 2
44 0 0 0 2
45 0 0 1 0
46 0 0 2 0
47 0 1 1 0
48 0 0 0 2
49 0 0 0 1
50 0 0 0 0
51 3 0 0 1
52 0 0 0 1
53 1 0 0 2
54 1 0 0 0
55 1 0 0 0
56 1 0 1 0
57 1 0 0 0
58 5 0 0 0
59 1 1 0 0
60 3 2 1 1
61 1 2 0 0
62 4 0 0 0
63 3 3 1 1
64 0 0 1 2
65 2 1 0 1
66 0 1 0 0
67 1 2 2 4
68 0 0 3 1
69 1 1 1 1
70 1 0 2 1
71 0 1 0 4
72 0 1 0 1
73 0 0 0 2
74 1 1 0 1
75 3 0 1 3
76 1 0 0 2
77 2 0 0 2
78 2 0 0 0
79 3 1 0 0
80 3 1 0 0
81 1 0 1 1
82 1 1 0 1
83 3 1 2 1
84 4 1 3 0
85 3 0 2 1
86 2 0 2 0
87 3 1 0 4
88 6 1 1 1
89 0 2 1 2
90 1 1 0 2
91 2 1 1 2
92 2 1 2 2
93 1 3 1 2
94 0 2 0 1
95 1 0 1 2
96 1 2 2 3
97 2 2 2 2
98 1 1 0 1
99 4 1 0 3
100 2 0 1 6
101 5 1 1 5
102 2 0 1 0
103 2 0 0 1
104 2 1 0 1
105 3 0 0 2
106 5 3 2 2
107 2 2 1 1
108 4 2 3 2
109 4 2 1 0
110 4 2 2 2
111 2 1 2 2
112 3 1 1 2
113 7 2 1 6
114 7 2 1 3
115 4 2 1 4
116 1 1 1 1
117 4 2 1 4
118 6 4 1 3
119 1 5 2 3
120 5 1 2 3
121 6 3 0 3
122 10 4 2 2
123 6 6 0 6
124 5 0 1 3
125 6 3 0 3
126 5 2 1 7
127 5 6 2 4
128 7 3 4 3
129 6 2 3 5
130 8 2 4 5
131 5 4 1 4
132 4 5 0 5
133 6 4 3 6
134 8 4 3 6
135 6 4 3 4
136 8 3 0 6
137 12 0 2 8
138 6 5 3 7
139 7 3 4 2
140 5 5 2 5
141 3 5 5 3
142 13 8 3 9
143 11 5 3 5
144 8 3 1 7
145 11 3 1 8
146 11 1 5 9
147 9 4 6 6
148 11 7 3 8
149 6 5 4 8
150 10 4 3 7
151 11 10 6 8
152 8 7 4 5
153 14 8 3 10
154 8 5 6 7
155 5 8 2 12
156 10 4 3 6
157 12 4 1 9
158 10 5 2 16
159 14 4 3 14
160 16 9 1 9
161 14 7 2 10
162 15 7 3 8
163 17 5 2 7
164 15 10 3 7
165 13 8 4 9
166 12 9 4 11
167 12 10 6 7
168 12 7 7 10
169 10 7 6 9
170 16 8 6 12
171 12 9 5 15
172 9 8 7 16
173 23 8 8 11
174 14 5 7 14
175 10 7 8 11
176 12 5 5 15
177 19 6 6 16
178 15 5 6 11
179 20 12 6 13
180 8 8 2 11
181 27 4 3 18
182 21 7 12 12
183 17 9 5 14
184 26 7 10 10
185 19 7 7 10
186 19 17 10 21
187 26 10 8 11
188 29 10 8 13
189 15 8 10 13
190 19 19 6 19
191 22 13 11 20
192 23 14 10 16
193 20 20 6 25
194 23 9 6 23
195 22 7 13 29
196 11 17 6 16
197 16 14 9 25
198 23 8 11 12
199 21 12 6 21
200 15 11 6 20
201 21 13 6 20
202 17 9 11 18
203 20 16 10 24
204 14 11 10 21
205 15 10 5 23
206 17 13 10 20
207 23 10 6 18
208 20 10 6 25
209 14 12 3 15
210 14 7 8 28
211 15 15 4 17
212 14 16 10 18
213 13 9 10 16
214 25 7 3 10
215 11 8 5 15
216 17 12 7 25
217 8 6 11 22
218 10 5 7 13
219 16 9 10 14
220 12 6 3 15
221 10 4 9 13
222 15 9 6 15
223 15 11 6 23
224 18 9 10 15
225 10 11 2 11
226 15 5 3 16
227 11 9 5 5
228 7 8 7 19
229 6 16 1 17
230 11 3 4 21
231 9 11 6 13
232 12 5 2 8
233 9 8 5 14
234 11 6 2 8
235 4 6 7 20
236 9 5 8 11
237 4 6 4 11
238 6 9 1 14
239 10 6 7 14
240 6 2 2 14
241 4 5 3 8
242 10 4 1 6
243 0 4 1 16
244 4 3 5 6
245 5 8 1 8
246 6 3 2 6
247 5 6 2 6
248 2 4 2 8
249 3 2 3 8
250 0 4 0 3
251 2 7 2 8
252 4 1 2 9
253 4 1 1 7
254 4 3 0 6
255 4 2 1 3
256 7 2 0 2
257 0 4 0 2
258 2 2 2 9
259 3 5 0 2
260 3 2 2 2
261 2 3 3 4
262 2 1 0 6
263 1 1 1 4
264 2 0 3 5
265 1 3 0 2
266 0 0 0 3
267 3 4 0 2
268 2 1 2 8
269 0 0 0 3
270 0 2 1 1
271 2 0 0 3
272 0 3 0 2
273 4 0 2 0
274 1 0 0 4
275 0 0 0 1
276 2 0 1 1
277 0 0 1 0
278 0 1 1 0
279 2 0 0 2
280 2 2 0 3
281 2 0 0 0
282 4 1 1 2
283 3 1 0 0
284 2 1 0 3
285 1 2 1 0
286 2 0 1 1
287 1 1 2 0
288 2 2 0 1
289 1 0 3 2
290 2 1 0 1
291 0 1 2 3
292 0 2 1 2
293 0 0 0 1
294 0 1 0 0
295 0 2 1 4
296 1 0 0 3
297 0 0 2 2
298 0 0 0 1
299 1 0 0 5
300 0 0 0 0
301 1 0 0 3
302 1 0 0 0
303 1 0 0 0
304 1 0 0 0
305 0 1 0 0
306 2 0 0 0
307 3 0 0 0
308 2 0 2 0
309 1 0 0 1
310 0 0 0 0
311 1 1 2 0
312 0 2 1 2
313 0 0 1 0
314 2 1 0 0
315 1 0 1 0
316 0 2 0 2
317 0 1 0 1
318 2 0 0 4
319 0 0 0 0
320 1 0 0 3
321 0 0 0 0
322 0 0 0 1
323 0 0 3 1
324 0 0 1 0
325 0 1 0 0
326 0 0 0 0
327 0 1 0 1
328 0 0 0 0
329 0 0 0 1
330 0 0 0 1
331 0 0 0 2
332 0 0 0 1
333 0 0 0 0
334 0 0 0 0
335 1 0 0 0
336 0 0 0 0
337 0 0 0 0
338 0 0 0 0
339 0 0 0 0
340 0 0 0 0
341 1 0 0 0
342 0 0 0 0
343 0 0 0 0
344 0 0 1 0
345 0 0 0 0
346 0 0 1 0
347 0 0 0 0
348 0 0 0 1
349 0 0 0 0
350 0 0 0 0
351 0 0 0 0
352 0 0 0 0
353 0 0 0 1
354 0 0 0 0
355 0 0 0 0
356 0 0 0 0
357 0 0 0 0
358 0 0 0 0
359 0 0 0 0
360 0 0 0 0
361 0 0 0 0
362 0 0 0 0
363 0 0 0 0
364 0 0 0 0
365 0 0 0 0
366 0 0 0 0
367 0 0 0 0
368 0 0 0 0
369 0 0 0 0
370 0 0 0 0
371 0 0 0 0
372 0 0 0 0
373 0 0 0 0
374 0 0 0 0
375 0 0 0 0
376 0 0 0 0
377 0 0 0 0
378 0 0 0 0
379 0 0 0 0
380 0 0 0 0
381 0 0 0 0
382 0 0 0 0
383 0 0 0 0
384 0 0 0 0
385 0 0 0 0
386 0 0 0 0
387 0 0 0 0
388 0 0 0 0
389 0 0 0 0
390 0 0 0 0
391 0 0 0 0
392 0 0 0 0
393 0 0 0 0
394 0 0 0 0
395 0 0 0 0
396 0 0 0 0
397 0 0 0 0
398 0 0 0 0
399 0 0 0 0
400 0 0 0 0
401 0 0 0 0
402 0 0 0 0
403 0 0 0 0
404 0 0 0 0
405 0 0 0 0
406 0 0 0 0
407 0 0 0 0
408 0 0 0 0
409 0 0 0 0
410 0 0 0 0
411 0 0 0 0
412 0 0 0 0
413 0 0 0 0
414 0 0 0 0
415 0 0 0 0
416 0 0 0 0
417 0 0 0 0
418 0 0 0 0
419 0 0 0 0
420 0 0 0 0
421 0 0 0 0
422 0 0 0 0
423 0 0 0 0
424 0 0 0 0
425 0 0 0 0
426 0 0 0 0
427 0 0 0 0
428 0 0 0 0
429 0 0 0 0
430 0 0 0 0
431 0 0 0 0
432 0 0 0 0
433 0 0 0 0
434 0 0 0 0
435 0 0 0 0
436 0 0 0 0
437 0 0 0 0
438 0 0 0 0
439 0 0 0 0
440 0 0 0 0
441 0 0 0 0
442 0 0 0 0
443 0 0 0 0
444 0 0 0 0
445 0 0 0 0
446 0 0 0 0
447 0 0 0 0
448 0 0 0 0
449 0 0 0 0
450 0 0 0 0
451 0 0 0 0
452 0 0 0 0
453 0 0 0 0
454 0 0 0 0
455 0 0 0 0
456 0 0 0 0
457 0 0 0 0
458 0 0 0 0
459 0 0 0 0
460 0 0 0 0
461 0 0 0 0
462 0 0 0 0
463 0 0 0 0
464 0 0 0 0
465 0 0 0 0
466 0 0 0 0
467 0 0 0 0
468 0 0 0 0
469 0 0 0 0
470 0 0 0 0
471 0 0 0 0
472 0 0 0 0
473 0 0 0 0
474 0 0 0 0
475 0 0 0 0
476 0 0 0 0
477 0 0 0 0
478 0 0 0 0
479 0 0 0 0
480 0 0 0 0
481 0 0 0 0
482 0 0 0 0
483 0 0 0 0
484 0 0 0 0
485 0 0 0 0
486 0 0 0 0
487 0 0 0 0
488 0 0 0 0
489 0 0 0 0
490 0 0 0 0
491 0 0 0 0
492 0 0 0 0
493 0 0 0 0
494 0 0 0 0
495 0 0 0 0
496 0 0 0 0
497 0 0 0 0
498 0 0 0 0
499 0 0 0 0
500 0 0 0 0
501 0 0 0 0
502 0 0 0 0
503 0 0 0 0
504 0 0 0 0
505 0 0 0 0
506 0 0 0 0
507 0 0 0 0
508 0 0 0 0
509 0 0 0 0
510 0 0 0 0
511 0 0 0 0
512 0 0 0 0
513 0 0 0 0
514 0 0 0 0
515 0 0 0 0
516 0 0 0 0
517 0 0 0 0
518 0 0 0 0
519 0 0 0 0
520 0 0 0 0
521 0 0 0 0
522 0 0 0 0
523 0 0 0 0
524 0 0 0 0
525 0 0 0 0
526 0 0 0 0
527 0 0 0 0
528 0 0 0 0
529 0 0 0 0
530 0 0 0 0
531 0 0 0 0
532 0 0 0 0
533 0 0 0 0
534 0 0 0 0
535 0 0 0 0
536 0 0 0 0
537 0 0 0 0
538 0 0 0 0
539 0 0 0 0
540 0 0 0 0
541 0 0 0 0
542 0 0 0 0
543 0 0 0 0
544 0 0 0 0
545 0 0 0 0
546 0 0 0 0
547 0 0 0 0
548 0 0 0 0
549 0 0 0 0
550 0 0 0 0
551 0 0 0 0
552 0 0 0 0
553 0 0 0 0
554 0 0 0 0
555 0 0 0 0
556 0 0 0 0
557 0 0 0 0
558 0 0 0 0
559 0 0 0 0
560 0 0 0 0
561 0 0 0 0
562 0 0 0 0
563 0 0 0 0
564 0 0 0 0
565 0 0 0 0
566 0 0 0 0
567 0 0 0 0
568 0 0 0 0
569 0 0 0 0
570 0 0 0 0
571 0 0 0 0
572 0 0 0 0
573 0 0 0 0
574 0 0 0 0
575 0 0 0 0
576 0 0 0 0
577 0 0 0 0
578 0 0 0 0
579 0 0 0 0
580 0 0 0 0
581 0 0 0 0
582 0 0 0 0
583 0 0 0 0
584 0 0 0 0
585 0 0 0 0
586 0 0 0 0
587 0 0 0 0
588 0 0 0 0
589 0 0 0 0
590 0 0 0 0
591 0 0 0 0
592 0 0 0 0
593 0 0 0 0
594 0 0 0 0
595 0 0 0 0
596 0 0 0 0
597 0 0 0 0
598 0 0 0 0
599 0 0 0 0
600 0 0 0 0
601 0 0 0 0
602 0 0 0 0
603 0 0 0 0
604 0 0 0 0
605 0 0 0 0
606 0 0 0 0
607 0 0 0 0
608 0 0 0 0
609 0 0 0 0
610 0 0 0 0
611 0 0 0 0
612 0 0 0 0
613 0 0 0 0
614 0 0 0 0
615 0 0 0 0
616 0 0 0 0
617 0 0 0 0
618 0 0 0 0
619 0 0 0 0
620 0 0 0 0
621 0 0 0 0
622 0 0 0 0
623 0 0 0 0
624 0 0 0 0
625 0 0 0 0
626 0 0 0 0
627 0 0 0 0
628 0 0 0 0
629 0 0 0 0
630 0 0 0 0
631 0 0 0 0
632 0 0 0 0
633 0 0 0 0
634 0 0 0 0
635 0 0 0 0
636 0 0 0 0
637 0 0 0 0
638 0 0 0 0
639 0 0 0 0
640 0 0 0 0
641 0 0 0 0
642 0 0 0 0
643 0 0 0 0
644 0 0 0 0
645 0 0 0 0
646 0 0 0 0
647 0 0 0 0
648 0 0 0 0
649 0 0 0 0
650 0 0 0 0
651 0 0 0 0
652 0 0 0 0
653 0 0 0 0
654 0 0 0 0
655 0 0 0 0
656 0 0 0 0
657 0 0 0 0
658 0 0 0 0
659 0 0 0 0
660 0 0 0 0
661 0 0 0 0
662 0 0 0 0
663 0 0 0 0
664 0 0 0 0
665 0 0 0 0
666 0 0 0 0
667 0 0 0 0
668 0 0 0 0
669 0 0 0 0
670 0 0 0 0
671 0 0 0 0
672 0 0 0 0
673 0 0 0 0
674 0 0 0 0
675 0 0 0 0
676 0 0 0 0
677 0 0 0 0
678 0 0 0 0
679 0 0 0 0
680 0 0 0 0
681 0 0 0 0
682 0 0 0 0
683 0 0 0 0
684 0 0 0 0
685 0 0 0 0
686 0 0 0 0
687 0 0 0 0
688 0 0 0 0
689 0 0 0 0
690 0 0 0 0
691 0 0 0 0
692 0 0 0 0
693 0 0 0 0
694 0 0 0 0
695 0 0 0 0
696 0 0 0 0
697 0 0 0 0
698 0 0 0 0
699 0 0 0 0
700 0 0 0 0
701 0 0 0 0
702 0 0 0 0
703 0 0 0 0
704 0 0 0 0
705 0 0 0 0
706 0 0 0 0
707 0 0 0 0
708 0 0 0 0
709 0 0 0 0
710 0 0 0 0
711 0 0 0 0
712 0 0 0 0
713 0 0 0 0
714 0 0 0 0
715 0 0 0 0
716 0 0 0 0
717 0 0 0 0
718 0 0 0 0
719 0 0 0 0
720 0 0 0 0
721 0 0 0 0
722 0 0 0 0
723 0 0 0 0
724 0 0 0 0
725 0 0 0 0
726 0 0 0 0
727 0 0 0 0
