0 0 0 0 0
1 0 0 0 0
2 0 0 0 0
3 0 0 0 0
4 0 0 0 0
5 0 1 3 0
6 0 0 0 0
7 0 0 0 0
8 0 0 0 0
9 0 0 1 1
10 0 0 0 1
11 0 0 0 0
12 0 0 0 2
13 0 0 0 1
14 0 0 0 0
15 0 0 0 0
16 2 0 0 0
17 3 0 0 0
18 2 0 0 0
19 2 0 0 0
20 1 0 0 0
21 0 1 0 0
22 0 1 0 0
23 1 0 0 0
24 1 1 1 0
25 2 1 0 0
26 1 1 1 0
27 2 0 2 0
28 1 0 1 1
29 2 1 1 2
30 1 0 1 0
31 0 1 0 3
32 0 1 0 1
33 1 1 0 3
34 0 2 1 2
35 1 1 0 1
36 1 1 0 0
37 2 0 0 0
38 1 0 0 3
39 1 0 0 1
40 2 0 0 2
41 1 0 0 1
42 1 1 0 1
43 1 0 0 0
44 1 1 2 0
45 1 0 1 0
46 3 0 2 1
47 2 0 0 0
48 3 1 0 3
49 2 2 1 0
50 2 0 0 1
51 1 0 2 0
52 0 0 3 2
53 2 1 0 3
54 2 2 1 0
55 1 2 1 1
56 0 0 1 4
57 2 2 0 1
58 0 1 1 1
59 1 1 0 3
60 0 1 0 1
61 0 0 0 3
62 0 0 0 3
63 2 0 2 0
64 0 1 0 1
65 1 0 0 0
66 2 1 1 1
67 4 0 0 2
68 5 0 0 0
69 3 0 0 2
70 3 0 0 1
71 5 0 1 0
72 3 1 3 0
73 4 4 0 1
74 4 0 2 0
75 5 2 1 1
76 3 5 2 2
77 0 1 0 1
78 4 3 1 0
79 2 0 1 4
80 3 0 1 7
81 2 3 2 2
82 3 2 1 5
83 2 2 5 3
84 2 2 1 0
85 4 2 1 3
86 5 0 1 2
87 6 2 1 5
88 0 3 1 4
89 4 1 0 4
90 5 2 1 2
91 2 2 0 5
92 3 2 1 4
93 4 1 1 1
94 4 3 1 3
95 7 5 2 2
96 7 2 2 2
97 3 2 0 2
98 4 3 3 1
99 1 3 2 6
100 2 2 0 5
101 2 2 4 4
102 4 1 1 2
103 3 5 1 4
104 6 5 1 4
105 5 2 1 7
106 7 1 2 3
107 6 2 0 3
108 2 2 0 9
109 4 2 2 4
110 4 2 2 4
111 4 4 2 2
112 7 2 4 2
113 6 2 0 4
114 5 5 0 3
115 2 4 2 4
116 6 2 3 4
117 8 2 3 4
118 12 0 5 4
119 8 3 2 6
120 4 2 0 3
121 6 2 1 7
122 14 4 4 6
123 9 4 2 5
124 9 4 1 3
125 12 3 2 4
126 14 5 3 6
127 10 10 10 5
128 8 4 7 5
129 7 6 4 8
130 6 6 4 10
131 11 3 3 12
132 9 2 5 6
133 4 6 1 7
134 8 6 4 12
135 5 8 5 8
136 9 3 6 9
137 6 5 3 11
138 3 3 4 7
139 14 4 2 6
140 17 0 3 10
141 13 2 5 8
142 9 5 0 14
143 8 4 2 8
144 12 8 5 6
145 18 9 3 5
146 17 8 4 6
147 10 4 2 5
148 13 7 4 7
149 11 9 5 10
150 13 12 3 10
151 11 10 8 14
152 21 7 2 12
153 20 6 4 9
154 12 7 8 11
155 19 9 5 10
156 17 6 4 16
157 19 9 8 11
158 18 10 4 15
159 19 6 9 12
160 14 10 4 12
161 16 11 10 15
162 14 10 6 12
163 16 8 8 13
164 17 14 6 14
165 15 6 9 15
166 15 8 12 15
167 13 6 8 20
168 9 9 5 24
169 13 11 4 15
170 16 10 13 15
171 23 4 7 20
172 16 13 5 18
173 19 8 2 21
174 22 7 2 21
175 20 12 7 10
176 23 5 7 13
177 26 14 2 11
178 20 10 9 12
179 30 11 13 17
180 39 20 6 11
181 26 6 9 16
182 24 11 8 17
183 21 7 5 18
184 22 10 10 16
185 27 19 19 19
186 11 18 12 23
187 21 20 8 18
188 20 20 11 17
189 21 18 7 30
190 20 11 9 19
191 30 7 11 32
192 22 9 13 34
193 19 14 6 30
194 25 12 11 23
195 27 13 6 20
196 31 17 13 19
197 26 11 10 13
198 26 14 9 25
199 25 9 6 25
200 27 16 12 32
201 32 12 9 19
202 23 17 9 18
203 18 20 10 20
204 20 11 14 28
205 22 14 17 23
206 19 17 11 24
207 22 12 12 30
208 19 11 6 25
209 15 16 8 23
210 13 16 12 32
211 6 14 8 17
212 13 16 6 22
213 14 10 13 22
214 14 12 4 30
215 14 8 6 24
216 11 6 5 23
217 12 10 5 28
218 9 6 5 13
219 11 8 6 18
220 17 9 5 19
221 9 10 6 16
222 11 8 10 10
223 7 6 6 10
224 8 4 6 14
225 10 7 6 18
226 11 6 3 17
227 8 7 3 13
228 8 4 5 11
229 9 6 5 17
230 8 6 3 12
231 7 7 5 7
232 5 7 1 11
233 5 3 4 10
234 2 7 3 10
235 4 6 3 12
236 2 6 2 9
237 4 5 3 9
238 7 4 4 10
239 5 2 1 9
240 1 3 1 8
241 4 3 0 8
242 6 3 0 10
243 2 4 2 6
244 2 2 2 6
245 7 0 1 3
246 5 1 2 2
247 5 2 2 3
248 5 2 2 6
249 3 1 1 2
250 1 2 3 6
251 4 4 4 1
252 1 2 1 4
253 2 1 1 2
254 0 2 4 3
255 3 2 0 3
256 0 1 5 3
257 2 5 0 6
258 1 1 0 10
259 2 0 0 2
260 3 3 1 6
261 2 0 0 3
262 4 1 1 1
263 4 1 0 1
264 3 2 1 7
265 2 0 1 2
266 2 1 1 1
267 2 2 0 1
268 5 1 1 1
269 1 1 2 2
270 1 3 0 2
271 2 2 3 3
272 2 2 1 1
273 1 3 0 0
274 1 0 0 4
275 1 0 1 4
276 1 1 2 3
277 1 2 1 3
278 1 1 0 2
279 0 0 0 4
280 1 0 0 3
281 1 0 2 3
282 0 0 1 0
283 1 1 1 0
284 0 0 1 0
285 0 1 0 2
286 0 1 0 1
287 0 0 0 0
288 0 0 0 2
289 0 1 0 2
290 0 1 0 2
291 0 0 0 0
292 2 0 1 0
293 1 0 0 0
294 0 0 0 0
295 0 0 0 0
296 0 0 0 2
297 0 1 1 1
298 0 1 0 0
299 0 0 0 0
300 0 0 0 0
301 0 0 0 0
302 0 0 0 0
303 1 0 0 1
304 1 0 0 2
305 0 0 0 0
306 0 0 0 0
307 1 0 0 0
308 1 1 0 0
309 0 1 0 0
310 0 0 0 0
311 0 0 0 0
312 0 0 0 0
313 0 1 0 1
314 0 0 0 0
315 0 0 0 1
316 0 0 1 0
317 0 0 0 1
318 0 0 0 0
319 0 0 0 0
320 0 0 0 1
321 0 0 0 0
322 0 0 0 0
323 0 0 0 0
324 0 0 0 0
325 0 0 0 0
326 0 0 0 0
327 0 0 0 0
328 0 0 0 0
329 0 0 0 0
330 0 0 0 0
331 0 0 0 0
332 0 0 0 0
333 0 0 0 0
334 0 0 0 0
335 0 0 0 0
336 0 0 0 0
337 0 0 0 0
338 0 0 0 0
339 0 0 0 0
340 0 0 0 0
341 0 0 0 0
342 0 0 0 0
343 0 0 0 0
344 0 0 0 0
345 0 0 0 0
346 0 0 0 0
347 0 0 0 0
348 0 0 0 0
349 0 0 0 0
350 0 0 0 0
351 0 0 0 0
352 0 0 0 0
353 0 0 0 0
354 0 0 0 0
355 0 0 0 0
356 0 0 0 0
357 0 0 0 0
358 0 0 0 0
359 0 0 0 0
360 0 0 0 0
361 0 0 0 0
362 0 0 0 0
363 0 0 0 0
364 0 0 0 0
365 0 0 0 0
366 0 0 0 0
367 0 0 0 0
368 0 0 0 0
369 0 0 0 0
370 0 0 0 0
371 0 0 0 0
372 0 0 0 0
373 0 0 0 0
374 0 0 0 0
375 0 0 0 0
376 0 0 0 0
377 0 0 0 0
378 0 0 0 0
379 0 0 0 0
380 0 0 0 0
381 0 0 0 0
382 0 0 0 0
383 0 0 0 0
384 0 0 0 0
385 0 0 0 0
386 0 0 0 0
387 0 0 0 0
388 0 0 0 0
389 0 0 0 0
390 0 0 0 0
391 0 0 0 0
392 0 0 0 0
393 0 0 0 0
394 0 0 0 0
395 0 0 0 0
396 0 0 0 0
397 0 0 0 0
398 0 0 0 0
399 0 0 0 0
400 0 0 0 0
401 0 0 0 0
402 0 0 0 0
403 0 0 0 0
404 0 0 0 0
405 0 0 0 0
406 0 0 0 0
407 0 0 0 0
408 0 0 0 0
409 0 0 0 0
410 0 0 0 0
411 0 0 0 0
412 0 0 0 0
413 0 0 0 0
414 0 0 0 0
415 0 0 0 0
416 0 0 0 0
417 0 0 0 0
418 0 0 0 0
419 0 0 0 0
420 0 0 0 0
421 0 0 0 0
422 0 0 0 0
423 0 0 0 0
424 0 0 0 0
425 0 0 0 0
426 0 0 0 0
427 0 0 0 0
428 0 0 0 0
429 0 0 0 0
430 0 0 0 0
431 0 0 0 0
432 0 0 0 0
433 0 0 0 0
434 0 0 0 0
435 0 0 0 0
436 0 0 0 0
437 0 0 0 0
438 0 0 0 0
439 0 0 0 0
440 0 0 0 0
441 0 0 0 0
442 0 0 0 0
443 0 0 0 0
444 0 0 0 0
445 0 0 0 0
446 0 0 0 0
447 0 0 0 0
448 0 0 0 0
449 0 0 0 0
450 0 0 0 0
451 0 0 0 0
452 0 0 0 0
453 0 0 0 0
454 0 0 0 0
455 0 0 0 0
456 0 0 0 0
457 0 0 0 0
458 0 0 0 0
459 0 0 0 0
460 0 0 0 0
461 0 0 0 0
462 0 0 0 0
463 0 0 0 0
464 0 0 0 0
465 0 0 0 0
466 0 0 0 0
467 0 0 0 0
468 0 0 0 0
469 0 0 0 0
470 0 0 0 0
471 0 0 0 0
472 0 0 0 0
473 0 0 0 0
474 0 0 0 0
475 0 0 0 0
476 0 0 0 0
477 0 0 0 0
478 0 0 0 0
479 0 0 0 0
480 0 0 0 0
481 0 0 0 0
482 0 0 0 0
483 0 0 0 0
484 0 0 0 0
485 0 0 0 0
486 0 0 0 0
487 0 0 0 0
488 0 0 0 0
489 0 0 0 0
490 0 0 0 0
491 0 0 0 0
492 0 0 0 0
493 0 0 0 0
494 0 0 0 0
495 0 0 0 0
496 0 0 0 0
497 0 0 0 0
498 0 0 0 0
499 0 0 0 0
500 0 0 0 0
501 0 0 0 0
502 0 0 0 0
503 0 0 0 0
504 0 0 0 0
505 0 0 0 0
506 0 0 0 0
507 0 0 0 0
508 0 0 0 0
509 0 0 0 0
510 0 0 0 0
511 0 0 0 0
512 0 0 0 0
513 0 0 0 0
514 0 0 0 0
515 0 0 0 0
516 0 0 0 0
517 0 0 0 0
518 0 0 0 0
519 0 0 0 0
520 0 0 0 0
521 0 0 0 0
522 0 0 0 0
523 0 0 0 0
524 0 0 0 0
525 0 0 0 0
526 0 0 0 0
527 0 0 0 0
528 0 0 0 0
529 0 0 0 0
530 0 0 0 0
531 0 0 0 0
532 0 0 0 0
533 0 0 0 0
534 0 0 0 0
535 0 0 0 0
536 0 0 0 0
537 0 0 0 0
538 0 0 0 0
539 0 0 0 0
540 0 0 0 0
541 0 0 0 0
542 0 0 0 0
543 0 0 0 0
544 0 0 0 0
545 0 0 0 0
546 0 0 0 0
547 0 0 0 0
548 0 0 0 0
549 0 0 0 0
550 0 0 0 0
551 0 0 0 0
552 0 0 0 0
553 0 0 0 0
554 0 0 0 0
555 0 0 0 0
556 0 0 0 0
557 0 0 0 0
558 0 0 0 0
559 0 0 0 0
560 0 0 0 0
561 0 0 0 0
562 0 0 0 0
563 0 0 0 0
564 0 0 0 0
565 0 0 0 0
566 0 0 0 0
567 0 0 0 0
568 0 0 0 0
569 0 0 0 0
570 0 0 0 0
571 0 0 0 0
572 0 0 0 0
573 0 0 0 0
574 0 0 0 0
575 0 0 0 0
576 0 0 0 0
577 0 0 0 0
578 0 0 0 0
579 0 0 0 0
580 0 0 0 0
581 0 0 0 0
582 0 0 0 0
583 0 0 0 0
584 0 0 0 0
585 0 0 0 0
586 0 0 0 0
587 0 0 0 0
588 0 0 0 0
589 0 0 0 0
590 0 0 0 0
591 0 0 0 0
592 0 0 0 0
593 0 0 0 0
594 0 0 0 0
595 0 0 0 0
596 0 0 0 0
597 0 0 0 0
598 0 0 0 0
599 0 0 0 0
600 0 0 0 0
601 0 0 0 0
602 0 0 0 0
603 0 0 0 0
604 0 0 0 0
605 0 0 0 0
606 0 0 0 0
607 0 0 0 0
608 0 0 0 0
609 0 0 0 0
610 0 0 0 0
611 0 0 0 0
612 0 0 0 0
613 0 0 0 0
614 0 0 0 0
615 0 0 0 0
616 0 0 0 0
617 0 0 0 0
618 0 0 0 0
619 0 0 0 0
620 0 0 0 0
621 0 0 0 0
622 0 0 0 0
623 0 0 0 0
624 0 0 0 0
625 0 0 0 0
626 0 0 0 0
627 0 0 0 0
628 0 0 0 0
629 0 0 0 0
630 0 0 0 0
631 0 0 0 0
632 0 0 0 0
633 0 0 0 0
634 0 0 0 0
635 0 0 0 0
636 0 0 0 0
637 0 0 0 0
638 0 0 0 0
639 0 0 0 0
640 0 0 0 0
641 0 0 0 0
642 0 0 0 0
643 0 0 0 0
644 0 0 0 0
645 0 0 0 0
646 0 0 0 0
647 0 0 0 0
648 0 0 0 0
649 0 0 0 0
650 0 0 0 0
651 0 0 0 0
652 0 0 0 0
653 0 0 0 0
654 0 0 0 0
655 0 0 0 0
656 0 0 0 0
657 0 0 0 0
658 0 0 0 0
659 0 0 0 0
660 0 0 0 0
661 0 0 0 0
662 0 0 0 0
663 0 0 0 0
664 0 0 0 0
665 0 0 0 0
666 0 0 0 0
667 0 0 0 0
668 0 0 0 0
669 0 0 0 0
670 0 0 0 0
671 0 0 0 0
672 0 0 0 0
673 0 0 0 0
674 0 0 0 0
675 0 0 0 0
676 0 0 0 0
677 0 0 0 0
678 0 0 0 0
679 0 0 0 0
680 0 0 0 0
681 0 0 0 0
682 0 0 0 0
683 0 0 0 0
684 0 0 0 0
685 0 0 0 0
686 0 0 0 0
687 0 0 0 0
688 0 0 0 0
689 0 0 0 0
690 0 0 0 0
691 0 0 0 0
692 0 0 0 0
693 0 0 0 0
694 0 0 0 0
695 0 0 0 0
696 0 0 0 0
697 0 0 0 0
698 0 0 0 0
699 0 0 0 0
700 0 0 0 0
701 0 0 0 0
702 0 0 0 0
703 0 0 0 0
704 0 0 0 0
705 0 0 0 0
706 0 0 0 0
707 0 0 0 0
708 0 0 0 0
709 0 0 0 0
710 0 0 0 0
711 0 0 0 0
712 0 0 0 0
713 0 0 0 0
714 0 0 0 0
715 0 0 0 0
716 0 0 0 0
717 0 0 0 0
718 0 0 0 0
719 0 0 0 0
720 0 0 0 0
721 0 0 0 0
722 0 0 0 0
723 0 0 0 0
724 0 0 0 0
725 0 0 0 0
726 0 0 0 0
727 0 0 0 0
