0 0 0 0 0
1 0 0 0 0
2 0 0 0 0
3 0 0 0 0
4 0 0 0 0
5 0 4 0 0
6 0 0 0 0
7 0 0 0 0
8 0 0 0 0
9 0 1 0 2
10 0 0 0 1
11 0 0 0 0
12 0 0 0 1
13 0 0 0 1
14 0 0 0 0
15 0 0 0 0
16 0 0 0 0
17 0 0 0 0
18 0 0 0 0
19 1 0 0 0
20 0 0 0 0
21 0 0 0 0
22 1 0 0 0
23 0 0 0 0
24 1 1 0 0
25 1 0 0 0
26 0 0 0 0
27 1 0 1 0
28 1 0 0 1
29 1 0 1 0
30 1 0 1 0
31 1 0 0 0
32 0 0 0 0
33 1 0 0 1
34 2 0 1 2
35 0 1 0 0
36 0 1 0 0
37 0 1 0 0
38 0 0 0 1
39 2 1 1 1
40 3 0 1 1
41 0 0 0 0
42 0 1 0 0
43 1 0 0 1
44 1 1 1 1
45 1 2 0 0
46 1 0 0 1
47 0 0 0 1
48 2 1 0 1
49 3 1 1 3
50 1 1 0 0
51 2 0 0 1
52 2 0 0 1
53 2 1 0 1
54 3 2 0 0
55 3 1 1 0
56 1 0 1 1
57 0 1 0 1
58 2 3 0 2
59 1 1 2 2
60 0 2 1 2
61 1 1 1 1
62 1 0 0 1
63 0 1 0 2
64 0 0 2 1
65 1 0 0 4
66 0 0 0 1
67 1 1 1 2
68 0 0 0 3
69 0 0 0 0
70 0 1 0 0
71 3 0 1 0
72 0 1 0 0
73 1 0 0 0
74 2 1 0 3
75 2 0 0 1
76 2 0 2 1
77 1 0 0 0
78 3 0 1 1
79 1 1 0 0
80 1 0 2 2
81 1 0 1 0
82 2 0 0 0
83 2 1 2 0
84 3 1 0 0
85 1 0 1 3
86 0 2 0 0
87 3 1 1 3
88 1 0 2 0
89 1 1 1 0
90 1 1 0 2
91 0 1 0 1
92 0 3 0 3
93 1 1 1 1
94 2 0 0 3
95 4 1 1 2
96 2 1 0 5
97 0 1 0 2
98 0 1 0 0
99 2 2 0 1
100 2 1 0 1
101 4 0 1 0
102 1 0 0 2
103 2 0 0 1
104 2 3 1 1
105 1 1 1 1
106 2 1 2 1
107 3 2 0 1
108 3 1 1 3
109 5 0 1 1
110 4 2 0 2
111 4 0 2 2
112 2 2 0 2
113 2 1 1 2
114 3 1 2 2
115 3 2 0 2
116 3 4 3 1
117 1 2 1 3
118 1 1 3 2
119 2 1 0 3
120 0 1 1 2
121 2 1 1 3
122 2 0 0 1
123 1 3 1 6
124 3 1 0 4
125 2 1 1 4
126 3 2 1 0
127 1 1 0 1
128 2 1 1 1
129 0 2 1 0
130 3 1 1 3
131 3 2 1 2
132 2 1 1 2
133 1 0 0 4
134 1 0 0 2
135 2 4 0 3
136 2 1 1 4
137 3 2 1 0
138 2 0 0 2
139 5 1 0 2
140 3 2 0 0
141 2 1 0 2
142 6 3 1 3
143 4 0 0 2
144 2 1 2 1
145 4 3 0 1
146 2 1 1 5
147 2 3 3 1
148 4 2 1 1
149 3 2 0 1
150 2 2 0 3
151 2 2 1 4
152 6 1 3 2
153 0 1 0 1
154 2 2 1 5
155 1 1 2 4
156 3 2 0 1
157 3 2 7 2
158 4 1 1 2
159 6 1 1 6
160 4 2 0 1
161 3 0 1 6
162 4 1 2 3
163 8 3 0 3
164 9 2 3 7
165 5 2 1 0
166 4 1 1 1
167 9 2 1 3
168 5 4 3 5
169 4 7 4 4
170 7 3 2 2
171 6 3 0 2
172 6 7 1 4
173 4 2 4 5
174 6 4 1 6
175 10 5 3 5
176 6 3 1 9
177 4 2 2 4
178 2 2 1 4
179 9 3 4 9
180 2 8 6 6
181 10 4 4 3
182 5 2 3 7
183 9 2 0 2
184 4 2 4 12
185 8 1 3 6
186 5 4 1 10
187 5 3 0 7
188 5 6 6 5
189 4 1 1 2
190 4 4 3 3
191 10 7 1 5
192 6 2 5 8
193 7 3 2 4
194 14 5 1 4
195 6 3 1 11
196 7 5 2 4
197 7 4 1 8
198 4 4 3 5
199 8 8 2 5
200 11 4 2 5
201 11 2 4 8
202 10 4 4 8
203 9 3 4 8
204 5 8 1 6
205 6 5 3 6
206 4 7 2 10
207 5 2 5 6
208 3 7 2 6
209 8 6 3 10
210 4 5 3 8
211 6 3 2 8
212 5 2 4 9
213 6 3 1 9
214 5 6 3 7
215 6 2 1 8
216 4 1 4 7
217 7 2 1 6
218 8 3 1 5
219 4 5 4 3
220 5 3 2 8
221 3 3 4 3
222 1 5 0 4
223 5 6 2 6
224 0 5 2 6
225 4 2 2 7
226 4 4 2 4
227 2 1 0 4
228 3 3 3 8
229 2 1 1 5
230 2 4 1 7
231 1 3 1 3
232 1 1 0 5
233 1 1 0 6
234 2 1 0 1
235 1 2 1 3
236 0 2 0 2
237 2 2 1 6
238 1 2 0 4
239 0 0 0 1
240 0 1 0 1
241 0 0 0 1
242 0 0 2 3
243 0 0 2 1
244 0 0 0 3
245 1 0 0 1
246 0 0 0 2
247 0 1 0 0
248 1 0 0 0
249 0 0 0 0
250 0 1 0 2
251 0 0 0 0
252 0 0 0 0
253 0 0 1 0
254 0 0 0 2
255 0 0 0 0
256 0 0 0 0
257 2 0 0 1
258 0 0 0 0
259 1 0 0 0
260 1 0 0 0
261 0 0 0 0
262 0 0 1 0
263 0 0 0 0
264 0 1 0 0
265 0 1 0 0
266 0 1 0 1
267 0 0 0 0
268 0 0 0 1
269 0 0 0 0
270 0 0 0 1
271 0 0 0 0
272 0 0 0 1
273 0 0 0 0
274 0 0 0 0
275 0 0 0 0
276 0 0 0 0
277 0 0 0 0
278 0 0 0 0
279 0 0 0 0
280 0 0 0 0
281 0 0 0 0
282 0 0 0 0
283 0 0 0 0
284 0 0 0 0
285 0 0 0 0
286 0 0 0 0
287 0 0 0 0
288 0 0 0 0
289 0 0 0 0
290 0 0 0 0
291 0 0 0 0
292 0 0 0 0
293 0 0 0 0
294 0 0 0 0
295 0 0 0 0
296 0 0 0 0
297 0 0 0 0
298 0 0 0 0
299 0 0 0 0
300 0 0 0 0
301 0 0 0 0
302 0 0 0 0
303 0 0 0 0
304 0 0 0 0
305 0 0 0 0
306 0 0 0 0
307 0 0 0 0
308 0 0 0 0
309 0 0 0 0
310 0 0 0 0
311 0 0 0 0
312 0 0 0 0
313 0 0 0 0
314 0 0 0 0
315 0 0 0 0
316 0 0 0 0
317 0 0 0 0
318 0 0 0 0
319 0 0 0 0
320 0 0 0 0
321 0 0 0 0
322 0 0 0 0
323 0 0 0 0
324 0 0 0 0
325 0 0 0 0
326 0 0 0 0
327 0 0 0 0
328 0 0 0 0
329 0 0 0 0
330 0 0 0 0
331 0 0 0 0
332 0 0 0 0
333 0 0 0 0
334 0 0 0 0
335 0 0 0 0
336 0 0 0 0
337 0 0 0 0
338 0 0 0 0
339 0 0 0 0
340 0 0 0 0
341 0 0 0 0
342 0 0 0 0
343 0 0 0 0
344 0 0 0 0
345 0 0 0 0
346 0 0 0 0
347 0 0 0 0
348 0 0 0 0
349 0 0 0 0
350 0 0 0 0
351 0 0 0 0
352 0 0 0 0
353 0 0 0 0
354 0 0 0 0
355 0 0 0 0
356 0 0 0 0
357 0 0 0 0
358 0 0 0 0
359 0 0 0 0
360 0 0 0 0
361 0 0 0 0
362 0 0 0 0
363 0 0 0 0
364 0 0 0 0
365 0 0 0 0
366 0 0 0 0
367 0 0 0 0
368 0 0 0 0
369 0 0 0 0
370 0 0 0 0
371 0 0 0 0
372 0 0 0 0
373 0 0 0 0
374 0 0 0 0
375 0 0 0 0
376 0 0 0 0
377 0 0 0 0
378 0 0 0 0
379 0 0 0 0
380 0 0 0 0
381 0 0 0 0
382 0 0 0 0
383 0 0 0 0
384 0 0 0 0
385 0 0 0 0
386 0 0 0 0
387 0 0 0 0
388 0 0 0 0
389 0 0 0 0
390 0 0 0 0
391 0 0 0 0
392 0 0 0 0
393 0 0 0 0
394 0 0 0 0
395 0 0 0 0
396 0 0 0 0
397 0 0 0 0
398 0 0 0 0
399 0 0 0 0
400 0 0 0 0
401 0 0 0 0
402 0 0 0 0
403 0 0 0 0
404 0 0 0 0
405 0 0 0 0
406 0 0 0 0
407 0 0 0 0
408 0 0 0 0
409 0 0 0 0
410 0 0 0 0
411 0 0 0 0
412 0 0 0 0
413 0 0 0 0
414 0 0 0 0
415 0 0 0 0
416 0 0 0 0
417 0 0 0 0
418 0 0 0 0
419 0 0 0 0
420 0 0 0 0
421 0 0 0 0
422 0 0 0 0
423 0 0 0 0
424 0 0 0 0
425 0 0 0 0
426 0 0 0 0
427 0 0 0 0
428 0 0 0 0
429 0 0 0 0
430 0 0 0 0
431 0 0 0 0
432 0 0 0 0
433 0 0 0 0
434 0 0 0 0
435 0 0 0 0
436 0 0 0 0
437 0 0 0 0
438 0 0 0 0
439 0 0 0 0
440 0 0 0 0
441 0 0 0 0
442 0 0 0 0
443 0 0 0 0
444 0 0 0 0
445 0 0 0 0
446 0 0 0 0
447 0 0 0 0
448 0 0 0 0
449 0 0 0 0
450 0 0 0 0
451 0 0 0 0
452 0 0 0 0
453 0 0 0 0
454 0 0 0 0
455 0 0 0 0
456 0 0 0 0
457 0 0 0 0
458 0 0 0 0
459 0 0 0 0
460 0 0 0 0
461 0 0 0 0
462 0 0 0 0
463 0 0 0 0
464 0 0 0 0
465 0 0 0 0
466 0 0 0 0
467 0 0 0 0
468 0 0 0 0
469 0 0 0 0
470 0 0 0 0
471 0 0 0 0
472 0 0 0 0
473 0 0 0 0
474 0 0 0 0
475 0 0 0 0
476 0 0 0 0
477 0 0 0 0
478 0 0 0 0
479 0 0 0 0
480 0 0 0 0
481 0 0 0 0
482 0 0 0 0
483 0 0 0 0
484 0 0 0 0
485 0 0 0 0
486 0 0 0 0
487 0 0 0 0
488 0 0 0 0
489 0 0 0 0
490 0 0 0 0
491 0 0 0 0
492 0 0 0 0
493 0 0 0 0
494 0 0 0 0
495 0 0 0 0
496 0 0 0 0
497 0 0 0 0
498 0 0 0 0
499 0 0 0 0
500 0 0 0 0
501 0 0 0 0
502 0 0 0 0
503 0 0 0 0
504 0 0 0 0
505 0 0 0 0
506 0 0 0 0
507 0 0 0 0
508 0 0 0 0
509 0 0 0 0
510 0 0 0 0
511 0 0 0 0
512 0 0 0 0
513 0 0 0 0
514 0 0 0 0
515 0 0 0 0
516 0 0 0 0
517 0 0 0 0
518 0 0 0 0
519 0 0 0 0
520 0 0 0 0
521 0 0 0 0
522 0 0 0 0
523 0 0 0 0
524 0 0 0 0
525 0 0 0 0
526 0 0 0 0
527 0 0 0 0
528 0 0 0 0
529 0 0 0 0
530 0 0 0 0
531 0 0 0 0
532 0 0 0 0
533 0 0 0 0
534 0 0 0 0
535 0 0 0 0
536 0 0 0 0
537 0 0 0 0
538 0 0 0 0
539 0 0 0 0
540 0 0 0 0
541 0 0 0 0
542 0 0 0 0
543 0 0 0 0
544 0 0 0 0
545 0 0 0 0
546 0 0 0 0
547 0 0 0 0
548 0 0 0 0
549 0 0 0 0
550 0 0 0 0
551 0 0 0 0
552 0 0 0 0
553 0 0 0 0
554 0 0 0 0
555 0 0 0 0
556 0 0 0 0
557 0 0 0 0
558 0 0 0 0
559 0 0 0 0
560 0 0 0 0
561 0 0 0 0
562 0 0 0 0
563 0 0 0 0
564 0 0 0 0
565 0 0 0 0
566 0 0 0 0
567 0 0 0 0
568 0 0 0 0
569 0 0 0 0
570 0 0 0 0
571 0 0 0 0
572 0 0 0 0
573 0 0 0 0
574 0 0 0 0
575 0 0 0 0
576 0 0 0 0
577 0 0 0 0
578 0 0 0 0
579 0 0 0 0
580 0 0 0 0
581 0 0 0 0
582 0 0 0 0
583 0 0 0 0
584 0 0 0 0
585 0 0 0 0
586 0 0 0 0
587 0 0 0 0
588 0 0 0 0
589 0 0 0 0
590 0 0 0 0
591 0 0 0 0
592 0 0 0 0
593 0 0 0 0
594 0 0 0 0
595 0 0 0 0
596 0 0 0 0
597 0 0 0 0
598 0 0 0 0
599 0 0 0 0
600 0 0 0 0
601 0 0 0 0
602 0 0 0 0
603 0 0 0 0
604 0 0 0 0
605 0 0 0 0
606 0 0 0 0
607 0 0 0 0
608 0 0 0 0
609 0 0 0 0
610 0 0 0 0
611 0 0 0 0
612 0 0 0 0
613 0 0 0 0
614 0 0 0 0
615 0 0 0 0
616 0 0 0 0
617 0 0 0 0
618 0 0 0 0
619 0 0 0 0
620 0 0 0 0
621 0 0 0 0
622 0 0 0 0
623 0 0 0 0
624 0 0 0 0
625 0 0 0 0
626 0 0 0 0
627 0 0 0 0
628 0 0 0 0
629 0 0 0 0
630 0 0 0 0
631 0 0 0 0
632 0 0 0 0
633 0 0 0 0
634 0 0 0 0
635 0 0 0 0
636 0 0 0 0
637 0 0 0 0
638 0 0 0 0
639 0 0 0 0
640 0 0 0 0
641 0 0 0 0
642 0 0 0 0
643 0 0 0 0
644 0 0 0 0
645 0 0 0 0
646 0 0 0 0
647 0 0 0 0
648 0 0 0 0
649 0 0 0 0
650 0 0 0 0
651 0 0 0 0
652 0 0 0 0
653 0 0 0 0
654 0 0 0 0
655 0 0 0 0
656 0 0 0 0
657 0 0 0 0
658 0 0 0 0
659 0 0 0 0
660 0 0 0 0
661 0 0 0 0
662 0 0 0 0
663 0 0 0 0
664 0 0 0 0
665 0 0 0 0
666 0 0 0 0
667 0 0 0 0
668 0 0 0 0
669 0 0 0 0
670 0 0 0 0
671 0 0 0 0
672 0 0 0 0
673 0 0 0 0
674 0 0 0 0
675 0 0 0 0
676 0 0 0 0
677 0 0 0 0
678 0 0 0 0
679 0 0 0 0
680 0 0 0 0
681 0 0 0 0
682 0 0 0 0
683 0 0 0 0
684 0 0 0 0
685 0 0 0 0
686 0 0 0 0
687 0 0 0 0
688 0 0 0 0
689 0 0 0 0
690 0 0 0 0
691 0 0 0 0
692 0 0 0 0
693 0 0 0 0
694 0 0 0 0
695 0 0 0 0
696 0 0 0 0
697 0 0 0 0
698 0 0 0 0
699 0 0 0 0
700 0 0 0 0
701 0 0 0 0
702 0 0 0 0
703 0 0 0 0
704 0 0 0 0
705 0 0 0 0
706 0 0 0 0
707 0 0 0 0
708 0 0 0 0
709 0 0 0 0
710 0 0 0 0
711 0 0 0 0
712 0 0 0 0
713 0 0 0 0
714 0 0 0 0
715 0 0 0 0
716 0 0 0 0
717 0 0 0 0
718 0 0 0 0
719 0 0 0 0
720 0 0 0 0
721 0 0 0 0
722 0 0 0 0
723 0 0 0 0
724 0 0 0 0
725 0 0 0 0
726 0 0 0 0
727 0 0 0 0
