0 0 0 0 0
1 0 0 0 0
2 0 0 0 0
3 0 0 0 0
4 0 0 0 0
5 0 3 0 0
6 0 0 0 0
7 0 0 0 0
8 0 0 0 0
9 0 0 2 1
10 0 0 0 0
11 0 0 0 0
12 0 0 0 2
13 0 0 0 1
14 0 0 0 0
15 0 0 0 0
16 0 0 0 1
17 0 0 0 0
18 1 0 0 0
19 0 0 0 0
20 0 0 0 0
21 1 0 0 0
22 1 0 0 0
23 0 0 0 0
24 0 0 0 0
25 1 0 0 0
26 1 0 1 0
27 1 1 0 0
28 1 0 0 0
29 0 0 0 0
30 0 1 0 0
31 2 1 1 1
32 0 0 0 0
33 1 0 0 1
34 0 0 0 0
35 0 0 0 1
36 1 0 2 0
37 0 1 0 1
38 0 1 0 1
39 1 0 0 0
40 0 1 0 0
41 2 0 0 0
42 1 0 0 1
43 0 0 1 2
44 0 0 1 1
45 2 0 0 0
46 0 1 1 0
47 1 0 0 2
48 0 0 0 0
49 1 0 0 0
50 1 0 0 2
51 2 1 0 1
52 0 0 1 0
53 5 0 0 0
54 2 2 1 0
55 0 0 0 1
56 1 0 0 1
57 1 0 0 0
58 2 2 2 2
59 0 1 0 0
60 1 2 0 0
61 0 0 0 1
62 0 1 1 2
63 0 1 1 1
64 1 0 0 1
65 1 2 0 2
66 1 1 0 1
67 2 1 0 3
68 1 0 0 0
69 0 0 0 2
70 0 1 0 1
71 0 0 0 1
72 0 0 2 0
73 1 1 1 0
74 2 0 0 1
75 2 0 1 0
76 2 0 0 2
77 4 0 0 2
78 3 1 0 0
79 1 1 1 0
80 2 1 0 1
81 1 0 2 0
82 2 2 2 1
83 2 1 1 1
84 2 1 1 1
85 1 0 1 3
86 3 0 1 4
87 0 1 0 0
88 2 2 0 1
89 5 1 2 1
90 2 0 1 3
91 4 2 0 1
92 3 1 1 2
93 2 1 0 3
94 3 3 2 2
95 5 4 0 2
96 3 1 2 1
97 4 1 1 0
98 1 1 0 4
99 4 0 0 3
100 5 1 4 2
101 5 3 0 3
102 2 2 0 2
103 7 2 2 2
104 4 1 3 6
105 11 2 2 1
106 5 6 1 2
107 6 1 0 0
108 7 1 3 4
109 6 1 4 3
110 5 6 1 8
111 5 5 0 3
112 6 9 0 4
113 6 5 0 5
114 6 6 2 7
115 8 1 1 3
116 9 3 1 8
117 7 5 2 4
118 8 4 1 7
119 13 5 2 5
120 9 4 5 4
121 6 4 4 9
122 4 5 2 2
123 7 4 5 5
124 12 11 1 9
125 11 4 2 5
126 10 3 2 5
127 14 2 3 10
128 16 7 1 8
129 10 5 8 9
130 9 6 5 5
131 10 1 3 13
132 19 4 7 4
133 6 6 6 13
134 6 3 5 6
135 11 4 8 5
136 13 8 3 15
137 14 8 6 11
138 7 6 7 6
139 8 4 1 9
140 15 7 4 12
141 11 13 5 12
142 12 9 1 10
143 12 7 1 6
144 13 5 1 13
145 17 9 8 18
146 10 9 3 11
147 13 9 5 10
148 10 8 5 11
149 12 5 9 12
150 17 11 2 11
151 13 4 3 15
152 8 9 1 16
153 14 3 6 11
154 10 11 4 11
155 14 9 11 10
156 17 7 8 10
157 18 4 3 11
158 16 12 4 10
159 7 5 6 19
160 17 6 3 14
161 17 9 6 11
162 15 11 4 16
163 14 6 2 11
164 12 7 5 7
165 19 8 8 10
166 21 8 8 11
167 13 12 6 9
168 20 7 2 17
169 11 10 6 17
170 17 10 6 14
171 16 9 4 14
172 20 12 5 13
173 21 12 5 18
174 13 6 10 15
175 25 11 15 11
176 19 9 5 14
177 17 16 3 18
178 14 10 5 13
179 15 6 7 19
180 20 12 12 19
181 16 13 5 18
182 15 12 7 22
183 11 10 6 14
184 11 8 4 22
185 21 12 9 19
186 17 9 7 14
187 16 5 5 19
188 20 11 6 13
189 26 13 5 23
190 27 15 7 14
191 24 15 8 12
192 22 6 4 16
193 19 10 9 22
194 24 19 4 18
195 22 9 10 21
196 21 9 10 13
197 24 12 3 18
198 20 10 7 16
199 22 14 10 18
200 17 13 13 20
201 22 16 8 23
202 21 14 10 16
203 12 16 9 21
204 21 8 13 21
205 14 15 7 22
206 14 12 7 24
207 16 15 8 25
208 15 11 3 19
209 11 10 7 19
210 13 9 10 24
211 16 9 3 20
212 16 14 5 19
213 7 11 5 14
214 10 8 5 28
215 11 11 5 11
216 8 9 5 21
217 9 9 8 13
218 9 9 4 17
219 9 6 5 18
220 18 5 6 18
221 7 8 5 13
222 5 5 3 15
223 4 5 4 14
224 10 9 5 18
225 9 7 7 11
226 9 2 5 6
227 4 3 5 4
228 8 1 1 16
229 4 6 3 9
230 7 6 3 12
231 5 8 0 10
232 4 3 4 10
233 4 5 3 7
234 5 4 1 8
235 2 4 3 10
236 4 4 0 7
237 7 4 4 8
238 1 3 4 4
239 5 5 2 8
240 5 1 3 5
241 3 1 0 7
242 3 2 2 6
243 2 2 1 6
244 5 0 2 4
245 3 4 2 5
246 2 1 3 5
247 4 3 0 3
248 2 4 2 1
249 2 4 1 3
250 2 2 0 5
251 4 1 0 4
252 1 2 2 7
253 5 2 1 3
254 2 1 0 3
255 2 0 1 3
256 2 0 2 5
257 2 1 1 1
258 1 4 1 2
259 0 3 0 4
260 1 2 2 3
261 1 0 1 0
262 4 3 0 3
263 2 1 1 3
264 0 0 0 3
265 0 3 0 1
266 1 1 0 3
267 2 3 0 5
268 1 0 0 1
269 0 0 0 2
270 1 1 0 1
271 1 1 0 3
272 0 0 2 2
273 1 0 1 0
274 0 0 0 1
275 2 2 0 1
276 0 3 0 2
277 2 0 0 1
278 1 0 0 0
279 1 1 0 0
280 0 0 0 1
281 2 0 0 1
282 0 0 1 2
283 0 1 0 2
284 0 3 0 0
285 0 0 0 0
286 0 1 1 0
287 1 0 0 0
288 1 0 0 2
289 1 0 0 1
290 2 1 0 2
291 0 0 0 1
292 2 0 1 0
293 2 0 0 1
294 1 1 0 1
295 1 0 1 0
296 1 0 0 0
297 0 2 1 0
298 0 0 0 1
299 1 2 0 2
300 0 0 0 0
301 0 0 1 2
302 0 1 1 0
303 0 0 0 1
304 0 0 2 1
305 0 0 0 1
306 0 0 0 2
307 0 0 0 0
308 0 0 0 2
309 0 0 0 0
310 0 0 0 0
311 1 0 0 1
312 1 0 0 0
313 0 0 0 0
314 0 0 0 0
315 1 0 0 0
316 0 0 1 0
317 0 0 1 0
318 0 0 0 0
319 0 0 0 0
320 0 0 0 0
321 0 0 0 1
322 0 0 0 0
323 0 0 0 1
324 0 1 0 0
325 0 0 0 0
326 0 0 0 0
327 0 0 0 0
328 0 0 0 0
329 0 0 0 0
330 0 0 0 0
331 0 0 0 1
332 0 0 0 0
333 0 0 0 0
334 0 0 0 0
335 0 0 0 0
336 0 0 0 0
337 0 0 0 0
338 0 0 0 0
339 0 0 0 0
340 0 0 0 0
341 0 0 0 0
342 0 0 0 0
343 0 0 0 0
344 0 0 0 0
345 0 0 0 0
346 0 0 0 0
347 0 0 0 0
348 0 0 0 0
349 0 0 0 0
350 0 0 0 0
351 0 0 0 0
352 0 0 0 0
353 0 0 0 0
354 0 0 0 0
355 0 0 0 0
356 0 0 0 0
357 0 0 0 0
358 0 0 0 0
359 0 0 0 0
360 0 0 0 0
361 0 0 0 0
362 0 0 0 0
363 0 0 0 0
364 0 0 0 0
365 0 0 0 0
366 0 0 0 0
367 0 0 0 0
368 0 0 0 0
369 0 0 0 0
370 0 0 0 0
371 0 0 0 0
372 0 0 0 0
373 0 0 0 0
374 0 0 0 0
375 0 0 0 0
376 0 0 0 0
377 0 0 0 0
378 0 0 0 0
379 0 0 0 0
380 0 0 0 0
381 0 0 0 0
382 0 0 0 0
383 0 0 0 0
384 0 0 0 0
385 0 0 0 0
386 0 0 0 0
387 0 0 0 0
388 0 0 0 0
389 0 0 0 0
390 0 0 0 0
391 0 0 0 0
392 0 0 0 0
393 0 0 0 0
394 0 0 0 0
395 0 0 0 0
396 0 0 0 0
397 0 0 0 0
398 0 0 0 0
399 0 0 0 0
400 0 0 0 0
401 0 0 0 0
402 0 0 0 0
403 0 0 0 0
404 0 0 0 0
405 0 0 0 0
406 0 0 0 0
407 0 0 0 0
408 0 0 0 0
409 0 0 0 0
410 0 0 0 0
411 0 0 0 0
412 0 0 0 0
413 0 0 0 0
414 0 0 0 0
415 0 0 0 0
416 0 0 0 0
417 0 0 0 0
418 0 0 0 0
419 0 0 0 0
420 0 0 0 0
421 0 0 0 0
422 0 0 0 0
423 0 0 0 0
424 0 0 0 0
425 0 0 0 0
426 0 0 0 0
427 0 0 0 0
428 0 0 0 0
429 0 0 0 0
430 0 0 0 0
431 0 0 0 0
432 0 0 0 0
433 0 0 0 0
434 0 0 0 0
435 0 0 0 0
436 0 0 0 0
437 0 0 0 0
438 0 0 0 0
439 0 0 0 0
440 0 0 0 0
441 0 0 0 0
442 0 0 0 0
443 0 0 0 0
444 0 0 0 0
445 0 0 0 0
446 0 0 0 0
447 0 0 0 0
448 0 0 0 0
449 0 0 0 0
450 0 0 0 0
451 0 0 0 0
452 0 0 0 0
453 0 0 0 0
454 0 0 0 0
455 0 0 0 0
456 0 0 0 0
457 0 0 0 0
458 0 0 0 0
459 0 0 0 0
460 0 0 0 0
461 0 0 0 0
462 0 0 0 0
463 0 0 0 0
464 0 0 0 0
465 0 0 0 0
466 0 0 0 0
467 0 0 0 0
468 0 0 0 0
469 0 0 0 0
470 0 0 0 0
471 0 0 0 0
472 0 0 0 0
473 0 0 0 0
474 0 0 0 0
475 0 0 0 0
476 0 0 0 0
477 0 0 0 0
478 0 0 0 0
479 0 0 0 0
480 0 0 0 0
481 0 0 0 0
482 0 0 0 0
483 0 0 0 0
484 0 0 0 0
485 0 0 0 0
486 0 0 0 0
487 0 0 0 0
488 0 0 0 0
489 0 0 0 0
490 0 0 0 0
491 0 0 0 0
492 0 0 0 0
493 0 0 0 0
494 0 0 0 0
495 0 0 0 0
496 0 0 0 0
497 0 0 0 0
498 0 0 0 0
499 0 0 0 0
500 0 0 0 0
501 0 0 0 0
502 0 0 0 0
503 0 0 0 0
504 0 0 0 0
505 0 0 0 0
506 0 0 0 0
507 0 0 0 0
508 0 0 0 0
509 0 0 0 0
510 0 0 0 0
511 0 0 0 0
512 0 0 0 0
513 0 0 0 0
514 0 0 0 0
515 0 0 0 0
516 0 0 0 0
517 0 0 0 0
518 0 0 0 0
519 0 0 0 0
520 0 0 0 0
521 0 0 0 0
522 0 0 0 0
523 0 0 0 0
524 0 0 0 0
525 0 0 0 0
526 0 0 0 0
527 0 0 0 0
528 0 0 0 0
529 0 0 0 0
530 0 0 0 0
531 0 0 0 0
532 0 0 0 0
533 0 0 0 0
534 0 0 0 0
535 0 0 0 0
536 0 0 0 0
537 0 0 0 0
538 0 0 0 0
539 0 0 0 0
540 0 0 0 0
541 0 0 0 0
542 0 0 0 0
543 0 0 0 0
544 0 0 0 0
545 0 0 0 0
546 0 0 0 0
547 0 0 0 0
548 0 0 0 0
549 0 0 0 0
550 0 0 0 0
551 0 0 0 0
552 0 0 0 0
553 0 0 0 0
554 0 0 0 0
555 0 0 0 0
556 0 0 0 0
557 0 0 0 0
558 0 0 0 0
559 0 0 0 0
560 0 0 0 0
561 0 0 0 0
562 0 0 0 0
563 0 0 0 0
564 0 0 0 0
565 0 0 0 0
566 0 0 0 0
567 0 0 0 0
568 0 0 0 0
569 0 0 0 0
570 0 0 0 0
571 0 0 0 0
572 0 0 0 0
573 0 0 0 0
574 0 0 0 0
575 0 0 0 0
576 0 0 0 0
577 0 0 0 0
578 0 0 0 0
579 0 0 0 0
580 0 0 0 0
581 0 0 0 0
582 0 0 0 0
583 0 0 0 0
584 0 0 0 0
585 0 0 0 0
586 0 0 0 0
587 0 0 0 0
588 0 0 0 0
589 0 0 0 0
590 0 0 0 0
591 0 0 0 0
592 0 0 0 0
593 0 0 0 0
594 0 0 0 0
595 0 0 0 0
596 0 0 0 0
597 0 0 0 0
598 0 0 0 0
599 0 0 0 0
600 0 0 0 0
601 0 0 0 0
602 0 0 0 0
603 0 0 0 0
604 0 0 0 0
605 0 0 0 0
606 0 0 0 0
607 0 0 0 0
608 0 0 0 0
609 0 0 0 0
610 0 0 0 0
611 0 0 0 0
612 0 0 0 0
613 0 0 0 0
614 0 0 0 0
615 0 0 0 0
616 0 0 0 0
617 0 0 0 0
618 0 0 0 0
619 0 0 0 0
620 0 0 0 0
621 0 0 0 0
622 0 0 0 0
623 0 0 0 0
624 0 0 0 0
625 0 0 0 0
626 0 0 0 0
627 0 0 0 0
628 0 0 0 0
629 0 0 0 0
630 0 0 0 0
631 0 0 0 0
632 0 0 0 0
633 0 0 0 0
634 0 0 0 0
635 0 0 0 0
636 0 0 0 0
637 0 0 0 0
638 0 0 0 0
639 0 0 0 0
640 0 0 0 0
641 0 0 0 0
642 0 0 0 0
643 0 0 0 0
644 0 0 0 0
645 0 0 0 0
646 0 0 0 0
647 0 0 0 0
648 0 0 0 0
649 0 0 0 0
650 0 0 0 0
651 0 0 0 0
652 0 0 0 0
653 0 0 0 0
654 0 0 0 0
655 0 0 0 0
656 0 0 0 0
657 0 0 0 0
658 0 0 0 0
659 0 0 0 0
660 0 0 0 0
661 0 0 0 0
662 0 0 0 0
663 0 0 0 0
664 0 0 0 0
665 0 0 0 0
666 0 0 0 0
667 0 0 0 0
668 0 0 0 0
669 0 0 0 0
670 0 0 0 0
671 0 0 0 0
672 0 0 0 0
673 0 0 0 0
674 0 0 0 0
675 0 0 0 0
676 0 0 0 0
677 0 0 0 0
678 0 0 0 0
679 0 0 0 0
680 0 0 0 0
681 0 0 0 0
682 0 0 0 0
683 0 0 0 0
684 0 0 0 0
685 0 0 0 0
686 0 0 0 0
687 0 0 0 0
688 0 0 0 0
689 0 0 0 0
690 0 0 0 0
691 0 0 0 0
692 0 0 0 0
693 0 0 0 0
694 0 0 0 0
695 0 0 0 0
696 0 0 0 0
697 0 0 0 0
698 0 0 0 0
699 0 0 0 0
700 0 0 0 0
701 0 0 0 0
702 0 0 0 0
703 0 0 0 0
704 0 0 0 0
705 0 0 0 0
706 0 0 0 0
707 0 0 0 0
708 0 0 0 0
709 0 0 0 0
710 0 0 0 0
711 0 0 0 0
712 0 0 0 0
713 0 0 0 0
714 0 0 0 0
715 0 0 0 0
716 0 0 0 0
717 0 0 0 0
718 0 0 0 0
719 0 0 0 0
720 0 0 0 0
721 0 0 0 0
722 0 0 0 0
723 0 0 0 0
724 0 0 0 0
725 0 0 0 0
726 0 0 0 0
727 0 0 0 0
