0 0 0 0 0
1 0 0 0 0
2 0 0 0 0
3 0 0 0 0
4 0 0 0 0
5 0 2 1 0
6 0 0 0 0
7 0 0 0 0
8 0 0 0 0
9 0 2 0 1
10 0 0 0 0
11 0 0 0 0
12 0 0 0 2
13 0 0 0 0
14 0 0 0 0
15 0 0 0 0
16 1 0 0 2
17 1 0 0 0
18 1 0 0 0
19 0 0 0 0
20 0 0 0 0
21 1 0 0 0
22 2 0 1 0
23 0 0 0 0
24 3 0 0 0
25 2 0 1 0
26 3 0 0 0
27 2 2 1 0
28 1 0 0 0
29 2 1 2 1
30 0 2 0 0
31 1 1 1 3
32 0 1 0 0
33 1 0 1 2
34 0 2 1 3
35 1 1 0 0
36 0 0 1 1
37 3 0 0 1
38 0 1 0 4
39 2 0 0 1
40 1 0 2 0
41 2 0 0 1
42 1 1 0 1
43 2 0 0 1
44 2 0 0 2
45 3 1 0 1
46 2 1 2 0
47 4 0 1 0
48 1 1 1 0
49 3 1 0 1
50 2 3 1 2
51 1 0 1 1
52 2 4 1 2
53 2 1 0 1
54 1 0 1 1
55 1 2 1 2
56 0 1 0 3
57 0 2 1 3
58 5 3 1 0
59 0 0 0 5
60 3 0 1 2
61 1 0 0 2
62 3 0 0 3
63 3 1 1 0
64 5 0 1 3
65 5 1 0 2
66 6 1 0 0
67 2 4 2 2
68 5 0 0 0
69 8 3 2 1
70 3 2 1 0
71 6 4 1 5
72 6 4 1 0
73 5 1 2 2
74 6 6 3 4
75 2 2 2 5
76 2 1 1 7
77 5 2 3 2
78 2 3 1 4
79 3 2 1 5
80 4 3 2 3
81 4 2 2 8
82 7 3 2 5
83 6 4 0 3
84 2 2 3 5
85 5 2 2 2
86 6 3 3 5
87 3 4 2 1
88 4 3 2 6
89 4 3 0 2
90 2 1 3 8
91 11 4 1 6
92 8 0 3 4
93 6 1 1 5
94 7 3 1 4
95 5 2 2 7
96 7 2 5 2
97 7 5 2 4
98 6 2 3 1
99 12 3 0 5
100 5 6 2 4
101 7 4 3 7
102 3 1 5 4
103 9 3 5 6
104 4 4 4 8
105 12 2 4 5
106 9 4 3 4
107 8 0 7 6
108 6 7 3 9
109 8 3 2 4
110 10 9 3 9
111 9 3 2 8
112 7 8 2 8
113 11 2 1 7
114 11 2 4 6
115 11 10 5 6
116 11 9 0 9
117 13 6 2 13
118 15 3 3 4
119 13 6 3 12
120 14 4 5 5
121 11 3 3 8
122 10 10 4 15
123 9 3 4 6
124 10 5 9 7
125 12 3 12 4
126 19 8 8 14
127 13 6 9 10
128 13 3 11 9
129 23 8 6 16
130 18 3 3 10
131 18 9 5 17
132 13 5 6 10
133 18 9 3 14
134 14 10 11 10
135 15 14 5 17
136 13 10 5 17
137 17 4 6 9
138 13 7 9 18
139 21 9 6 11
140 26 12 5 12
141 24 4 10 11
142 13 9 9 23
143 20 7 3 16
144 24 8 9 15
145 24 12 5 11
146 25 12 11 20
147 19 12 4 13
148 22 11 9 19
149 23 14 16 9
150 19 16 8 14
151 27 10 11 20
152 27 10 10 19
153 26 9 10 32
154 28 15 11 20
155 33 6 13 20
156 23 15 10 22
157 19 16 14 18
158 20 13 8 27
159 26 11 13 21
160 23 8 13 18
161 35 7 10 27
162 24 16 10 19
163 30 9 12 27
164 27 16 14 29
165 19 16 14 21
166 31 19 11 25
167 26 19 7 17
168 28 14 13 28
169 27 22 7 28
170 24 17 10 26
171 24 17 11 25
172 29 15 17 23
173 40 13 13 35
174 27 14 8 30
175 31 19 7 30
176 35 17 10 23
177 31 17 10 25
178 26 24 12 24
179 21 12 8 26
180 36 18 13 30
181 29 20 13 31
182 26 22 12 28
183 44 18 11 24
184 31 16 7 29
185 32 24 13 40
186 35 14 12 24
187 38 18 10 30
188 36 18 16 29
189 28 22 13 41
190 36 28 11 24
191 25 19 9 23
192 35 21 16 32
193 38 17 10 39
194 26 19 11 30
195 29 25 10 36
196 28 19 13 30
197 27 25 13 33
198 30 19 12 25
199 29 14 19 25
200 33 12 18 32
201 37 13 9 33
202 35 14 21 42
203 22 10 13 34
204 28 14 12 48
205 28 15 15 23
206 17 20 18 30
207 17 27 17 19
208 23 15 9 22
209 21 20 17 28
210 17 12 11 34
211 20 12 9 41
212 14 13 8 29
213 20 9 10 36
214 19 17 9 30
215 21 14 4 22
216 16 9 12 26
217 16 10 7 19
218 9 10 11 33
219 13 11 7 18
220 13 7 11 18
221 14 10 5 14
222 14 10 8 19
223 10 6 7 21
224 11 7 7 18
225 11 7 7 20
226 10 9 6 16
227 12 6 5 21
228 8 7 5 11
229 4 9 7 16
230 8 12 1 11
231 9 6 8 13
232 14 8 3 14
233 4 4 2 15
234 8 6 3 12
235 6 6 3 17
236 11 7 5 13
237 5 6 4 12
238 7 2 3 11
239 3 4 3 12
240 5 3 5 8
241 7 11 5 7
242 6 1 2 4
243 2 5 3 7
244 2 2 0 10
245 0 1 3 10
246 3 6 2 6
247 3 1 6 9
248 0 2 3 9
249 2 1 3 3
250 2 1 1 9
251 3 4 0 3
252 1 1 0 5
253 2 1 0 7
254 0 0 1 7
255 2 1 1 4
256 1 2 4 3
257 1 0 0 0
258 4 2 0 2
259 2 1 0 1
260 1 0 1 5
261 0 1 1 0
262 2 2 0 3
263 3 1 1 2
264 2 1 0 0
265 1 0 0 2
266 1 0 0 1
267 0 3 1 3
268 1 2 0 1
269 0 2 1 1
270 0 1 0 0
271 1 0 0 3
272 1 3 0 1
273 1 0 1 0
274 0 0 0 2
275 0 1 0 1
276 0 0 0 5
277 0 0 0 1
278 0 1 0 0
279 1 0 0 1
280 0 1 0 1
281 1 1 0 0
282 0 0 0 1
283 1 0 0 0
284 1 0 1 0
285 1 0 0 1
286 0 0 1 0
287 0 0 0 1
288 0 0 0 1
289 0 0 0 0
290 0 1 0 1
291 1 0 0 1
292 1 0 1 0
293 1 1 0 0
294 0 0 0 1
295 0 0 0 0
296 0 1 0 1
297 0 0 0 0
298 0 1 0 0
299 0 0 0 0
300 0 0 0 2
301 0 0 1 0
302 0 0 0 0
303 0 0 0 0
304 0 0 0 0
305 0 0 0 2
306 0 0 0 0
307 0 0 0 0
308 0 0 0 0
309 0 0 0 0
310 0 0 0 0
311 0 0 0 0
312 0 0 0 0
313 0 0 0 0
314 0 0 0 0
315 0 0 0 0
316 0 0 0 0
317 0 0 0 0
318 0 0 0 0
319 0 0 0 0
320 0 0 0 0
321 0 0 0 0
322 0 0 0 0
323 0 0 0 0
324 0 0 0 0
325 0 0 0 0
326 0 0 0 0
327 0 0 0 0
328 0 0 0 0
329 0 0 0 0
330 0 0 0 0
331 0 0 0 0
332 0 0 0 0
333 0 0 0 0
334 0 0 0 0
335 0 0 0 0
336 0 0 0 0
337 0 0 0 0
338 0 0 0 0
339 0 0 0 0
340 0 0 0 0
341 0 0 0 0
342 0 0 0 0
343 0 0 0 0
344 0 0 0 0
345 0 0 0 0
346 0 0 0 0
347 0 0 0 0
348 0 0 0 0
349 0 0 0 0
350 0 0 0 0
351 0 0 0 0
352 0 0 0 0
353 0 0 0 0
354 0 0 0 0
355 0 0 0 0
356 0 0 0 0
357 0 0 0 0
358 0 0 0 0
359 0 0 0 0
360 0 0 0 0
361 0 0 0 0
362 0 0 0 0
363 0 0 0 0
364 0 0 0 0
365 0 0 0 0
366 0 0 0 0
367 0 0 0 0
368 0 0 0 0
369 0 0 0 0
370 0 0 0 0
371 0 0 0 0
372 0 0 0 0
373 0 0 0 0
374 0 0 0 0
375 0 0 0 0
376 0 0 0 0
377 0 0 0 0
378 0 0 0 0
379 0 0 0 0
380 0 0 0 0
381 0 0 0 0
382 0 0 0 0
383 0 0 0 0
384 0 0 0 0
385 0 0 0 0
386 0 0 0 0
387 0 0 0 0
388 0 0 0 0
389 0 0 0 0
390 0 0 0 0
391 0 0 0 0
392 0 0 0 0
393 0 0 0 0
394 0 0 0 0
395 0 0 0 0
396 0 0 0 0
397 0 0 0 0
398 0 0 0 0
399 0 0 0 0
400 0 0 0 0
401 0 0 0 0
402 0 0 0 0
403 0 0 0 0
404 0 0 0 0
405 0 0 0 0
406 0 0 0 0
407 0 0 0 0
408 0 0 0 0
409 0 0 0 0
410 0 0 0 0
411 0 0 0 0
412 0 0 0 0
413 0 0 0 0
414 0 0 0 0
415 0 0 0 0
416 0 0 0 0
417 0 0 0 0
418 0 0 0 0
419 0 0 0 0
420 0 0 0 0
421 0 0 0 0
422 0 0 0 0
423 0 0 0 0
424 0 0 0 0
425 0 0 0 0
426 0 0 0 0
427 0 0 0 0
428 0 0 0 0
429 0 0 0 0
430 0 0 0 0
431 0 0 0 0
432 0 0 0 0
433 0 0 0 0
434 0 0 0 0
435 0 0 0 0
436 0 0 0 0
437 0 0 0 0
438 0 0 0 0
439 0 0 0 0
440 0 0 0 0
441 0 0 0 0
442 0 0 0 0
443 0 0 0 0
444 0 0 0 0
445 0 0 0 0
446 0 0 0 0
447 0 0 0 0
448 0 0 0 0
449 0 0 0 0
450 0 0 0 0
451 0 0 0 0
452 0 0 0 0
453 0 0 0 0
454 0 0 0 0
455 0 0 0 0
456 0 0 0 0
457 0 0 0 0
458 0 0 0 0
459 0 0 0 0
460 0 0 0 0
461 0 0 0 0
462 0 0 0 0
463 0 0 0 0
464 0 0 0 0
465 0 0 0 0
466 0 0 0 0
467 0 0 0 0
468 0 0 0 0
469 0 0 0 0
470 0 0 0 0
471 0 0 0 0
472 0 0 0 0
473 0 0 0 0
474 0 0 0 0
475 0 0 0 0
476 0 0 0 0
477 0 0 0 0
478 0 0 0 0
479 0 0 0 0
480 0 0 0 0
481 0 0 0 0
482 0 0 0 0
483 0 0 0 0
484 0 0 0 0
485 0 0 0 0
486 0 0 0 0
487 0 0 0 0
488 0 0 0 0
489 0 0 0 0
490 0 0 0 0
491 0 0 0 0
492 0 0 0 0
493 0 0 0 0
494 0 0 0 0
495 0 0 0 0
496 0 0 0 0
497 0 0 0 0
498 0 0 0 0
499 0 0 0 0
500 0 0 0 0
501 0 0 0 0
502 0 0 0 0
503 0 0 0 0
504 0 0 0 0
505 0 0 0 0
506 0 0 0 0
507 0 0 0 0
508 0 0 0 0
509 0 0 0 0
510 0 0 0 0
511 0 0 0 0
512 0 0 0 0
513 0 0 0 0
514 0 0 0 0
515 0 0 0 0
516 0 0 0 0
517 0 0 0 0
518 0 0 0 0
519 0 0 0 0
520 0 0 0 0
521 0 0 0 0
522 0 0 0 0
523 0 0 0 0
524 0 0 0 0
525 0 0 0 0
526 0 0 0 0
527 0 0 0 0
528 0 0 0 0
529 0 0 0 0
530 0 0 0 0
531 0 0 0 0
532 0 0 0 0
533 0 0 0 0
534 0 0 0 0
535 0 0 0 0
536 0 0 0 0
537 0 0 0 0
538 0 0 0 0
539 0 0 0 0
540 0 0 0 0
541 0 0 0 0
542 0 0 0 0
543 0 0 0 0
544 0 0 0 0
545 0 0 0 0
546 0 0 0 0
547 0 0 0 0
548 0 0 0 0
549 0 0 0 0
550 0 0 0 0
551 0 0 0 0
552 0 0 0 0
553 0 0 0 0
554 0 0 0 0
555 0 0 0 0
556 0 0 0 0
557 0 0 0 0
558 0 0 0 0
559 0 0 0 0
560 0 0 0 0
561 0 0 0 0
562 0 0 0 0
563 0 0 0 0
564 0 0 0 0
565 0 0 0 0
566 0 0 0 0
567 0 0 0 0
568 0 0 0 0
569 0 0 0 0
570 0 0 0 0
571 0 0 0 0
572 0 0 0 0
573 0 0 0 0
574 0 0 0 0
575 0 0 0 0
576 0 0 0 0
577 0 0 0 0
578 0 0 0 0
579 0 0 0 0
580 0 0 0 0
581 0 0 0 0
582 0 0 0 0
583 0 0 0 0
584 0 0 0 0
585 0 0 0 0
586 0 0 0 0
587 0 0 0 0
588 0 0 0 0
589 0 0 0 0
590 0 0 0 0
591 0 0 0 0
592 0 0 0 0
593 0 0 0 0
594 0 0 0 0
595 0 0 0 0
596 0 0 0 0
597 0 0 0 0
598 0 0 0 0
599 0 0 0 0
600 0 0 0 0
601 0 0 0 0
602 0 0 0 0
603 0 0 0 0
604 0 0 0 0
605 0 0 0 0
606 0 0 0 0
607 0 0 0 0
608 0 0 0 0
609 0 0 0 0
610 0 0 0 0
611 0 0 0 0
612 0 0 0 0
613 0 0 0 0
614 0 0 0 0
615 0 0 0 0
616 0 0 0 0
617 0 0 0 0
618 0 0 0 0
619 0 0 0 0
620 0 0 0 0
621 0 0 0 0
622 0 0 0 0
623 0 0 0 0
624 0 0 0 0
625 0 0 0 0
626 0 0 0 0
627 0 0 0 0
628 0 0 0 0
629 0 0 0 0
630 0 0 0 0
631 0 0 0 0
632 0 0 0 0
633 0 0 0 0
634 0 0 0 0
635 0 0 0 0
636 0 0 0 0
637 0 0 0 0
638 0 0 0 0
639 0 0 0 0
640 0 0 0 0
641 0 0 0 0
642 0 0 0 0
643 0 0 0 0
644 0 0 0 0
645 0 0 0 0
646 0 0 0 0
647 0 0 0 0
648 0 0 0 0
649 0 0 0 0
650 0 0 0 0
651 0 0 0 0
652 0 0 0 0
653 0 0 0 0
654 0 0 0 0
655 0 0 0 0
656 0 0 0 0
657 0 0 0 0
658 0 0 0 0
659 0 0 0 0
660 0 0 0 0
661 0 0 0 0
662 0 0 0 0
663 0 0 0 0
664 0 0 0 0
665 0 0 0 0
666 0 0 0 0
667 0 0 0 0
668 0 0 0 0
669 0 0 0 0
670 0 0 0 0
671 0 0 0 0
672 0 0 0 0
673 0 0 0 0
674 0 0 0 0
675 0 0 0 0
676 0 0 0 0
677 0 0 0 0
678 0 0 0 0
679 0 0 0 0
680 0 0 0 0
681 0 0 0 0
682 0 0 0 0
683 0 0 0 0
684 0 0 0 0
685 0 0 0 0
686 0 0 0 0
687 0 0 0 0
688 0 0 0 0
689 0 0 0 0
690 0 0 0 0
691 0 0 0 0
692 0 0 0 0
693 0 0 0 0
694 0 0 0 0
695 0 0 0 0
696 0 0 0 0
697 0 0 0 0
698 0 0 0 0
699 0 0 0 0
700 0 0 0 0
701 0 0 0 0
702 0 0 0 0
703 0 0 0 0
704 0 0 0 0
705 0 0 0 0
706 0 0 0 0
707 0 0 0 0
708 0 0 0 0
709 0 0 0 0
710 0 0 0 0
711 0 0 0 0
712 0 0 0 0
713 0 0 0 0
714 0 0 0 0
715 0 0 0 0
716 0 0 0 0
717 0 0 0 0
718 0 0 0 0
719 0 0 0 0
720 0 0 0 0
721 0 0 0 0
722 0 0 0 0
723 0 0 0 0
724 0 0 0 0
725 0 0 0 0
726 0 0 0 0
727 0 0 0 0
