0 0 0 0 0
1 0 0 0 0
2 0 0 0 0
3 0 0 0 0
4 0 0 0 0
5 0 1 3 0
6 0 1 0 0
7 0 0 0 0
8 0 0 0 0
9 0 0 0 2
10 0 0 0 1
11 0 0 0 0
12 0 0 0 2
13 0 0 0 0
14 0 0 0 0
15 1 0 0 0
16 1 0 0 0
17 0 0 0 0
18 0 0 0 0
19 0 0 0 0
20 2 0 1 0
21 0 0 0 0
22 1 0 0 0
23 0 0 0 0
24 2 0 0 0
25 1 2 0 0
26 0 0 0 0
27 1 0 1 1
28 1 0 0 0
29 1 2 1 0
30 1 0 0 0
31 0 0 0 1
32 0 0 0 2
33 1 1 0 2
34 0 0 1 0
35 0 0 1 0
36 0 0 1 1
37 0 0 0 0
38 1 2 0 2
39 1 0 0 1
40 1 0 0 1
41 2 0 0 0
42 1 0 0 0
43 1 0 1 0
44 0 0 1 0
45 0 0 0 2
46 1 0 3 0
47 1 0 0 1
48 0 0 0 1
49 2 0 0 0
50 5 0 0 3
51 3 0 2 0
52 2 1 0 0
53 1 0 0 0
54 3 2 1 0
55 2 1 0 1
56 2 0 1 1
57 2 0 1 0
58 2 1 0 4
59 3 3 0 1
60 2 0 1 1
61 5 0 3 0
62 1 1 0 0
63 2 2 2 2
64 1 3 1 1
65 2 2 1 2
66 3 0 2 2
67 4 1 1 4
68 3 3 1 5
69 2 0 0 1
70 3 4 1 3
71 3 0 1 2
72 3 0 1 2
73 4 2 1 1
74 3 0 1 5
75 2 2 0 3
76 4 1 3 1
77 3 2 3 2
78 3 1 3 1
79 3 2 2 1
80 7 0 3 2
81 1 3 0 4
82 3 0 2 4
83 2 3 2 6
84 3 3 0 4
85 1 2 0 3
86 6 2 0 4
87 2 3 1 4
88 6 1 1 2
89 3 4 4 1
90 11 0 1 2
91 13 2 1 6
92 9 1 1 1
93 4 1 1 6
94 8 2 0 0
95 10 7 3 5
96 9 6 2 4
97 4 8 2 2
98 7 2 0 0
99 7 8 2 9
100 3 7 3 3
101 5 7 3 4
102 5 7 1 4
103 5 4 5 7
104 6 5 2 13
105 9 0 3 8
106 3 0 1 14
107 7 2 3 6
108 11 4 1 8
109 5 2 0 4
110 6 6 5 6
111 2 4 1 7
112 6 3 4 4
113 9 5 4 1
114 12 5 1 11
115 13 2 1 7
116 13 3 1 5
117 15 7 1 7
118 9 5 3 6
119 18 5 4 6
120 12 4 3 5
121 12 9 5 5
122 12 8 6 6
123 9 8 2 8
124 13 10 3 12
125 19 7 3 11
126 14 5 4 7
127 10 6 5 6
128 12 11 5 12
129 13 8 5 17
130 13 12 3 11
131 10 10 6 12
132 13 10 2 9
133 20 8 5 11
134 20 12 7 15
135 15 9 3 16
136 17 5 2 11
137 22 5 5 16
138 22 10 7 15
139 18 7 9 11
140 16 14 5 9
141 21 6 10 15
142 17 14 6 17
143 19 13 5 14
144 19 9 4 19
145 11 9 7 11
146 8 10 12 15
147 21 11 12 17
148 16 18 5 15
149 14 11 10 17
150 9 14 4 19
151 16 2 5 21
152 14 12 5 25
153 21 10 4 24
154 23 7 5 21
155 14 10 1 10
156 24 9 10 19
157 23 9 5 18
158 20 11 5 11
159 26 12 2 12
160 20 12 6 18
161 29 13 7 10
162 31 13 12 13
163 26 9 13 16
164 19 7 14 16
165 23 17 6 17
166 27 19 6 14
167 27 14 12 21
168 18 14 8 26
169 17 13 6 25
170 19 16 8 22
171 17 20 12 22
172 23 17 9 23
173 17 9 9 23
174 19 9 13 26
175 23 5 11 27
176 14 14 7 23
177 21 10 10 22
178 21 10 8 26
179 23 14 8 20
180 26 11 11 18
181 26 14 4 20
182 21 7 9 16
183 22 12 9 21
184 31 18 8 21
185 31 13 10 20
186 31 16 11 21
187 32 13 7 22
188 31 7 10 24
189 43 15 13 22
190 18 14 10 30
191 30 17 11 19
192 21 15 11 17
193 34 19 12 21
194 27 23 17 26
195 27 20 5 21
196 31 18 17 33
197 23 13 11 28
198 30 30 9 34
199 32 9 6 24
200 26 18 7 31
201 24 12 12 31
202 26 18 12 27
203 27 23 15 23
204 23 19 10 32
205 25 18 14 34
206 18 16 6 24
207 19 17 10 26
208 16 16 12 24
209 18 11 16 30
210 18 11 9 30
211 20 12 11 29
212 15 18 11 30
213 22 13 10 26
214 13 13 9 22
215 20 9 6 25
216 16 8 5 30
217 12 10 4 20
218 15 13 7 26
219 16 10 4 21
220 17 10 9 15
221 13 6 8 16
222 11 11 3 21
223 15 11 6 12
224 19 11 10 17
225 10 11 4 11
226 13 10 9 18
227 8 9 5 21
228 5 7 10 19
229 3 9 11 15
230 14 2 5 18
231 8 7 3 13
232 9 8 1 13
233 4 7 5 22
234 3 3 3 13
235 4 8 3 16
236 2 3 4 11
237 5 4 4 11
238 8 2 1 11
239 7 4 5 12
240 5 4 4 8
241 7 3 3 7
242 5 5 1 7
243 5 6 4 4
244 6 3 2 7
245 8 1 1 5
246 1 3 3 12
247 3 0 3 7
248 9 7 1 4
249 5 5 2 3
250 2 2 3 9
251 2 3 0 3
252 6 3 2 6
253 1 4 4 9
254 3 1 7 4
255 4 0 0 2
256 4 0 2 6
257 1 3 4 10
258 2 2 1 4
259 2 2 3 2
260 0 3 0 2
261 1 2 0 8
262 2 1 0 2
263 1 0 1 4
264 5 2 1 6
265 3 2 1 3
266 3 0 0 2
267 2 2 1 1
268 2 1 0 2
269 1 1 0 3
270 1 2 1 0
271 2 1 0 4
272 1 0 2 3
273 2 5 1 1
274 1 2 1 1
275 1 2 1 0
276 4 0 1 1
277 1 0 1 6
278 0 0 1 4
279 1 0 0 3
280 1 0 1 3
281 0 1 1 1
282 2 2 0 2
283 0 0 1 0
284 1 1 0 0
285 0 2 1 1
286 1 0 0 1
287 0 1 1 2
288 2 1 0 0
289 0 1 0 2
290 0 0 0 1
291 0 0 0 1
292 0 0 0 2
293 0 2 0 2
294 0 0 0 1
295 0 1 0 0
296 2 0 0 1
297 0 0 0 2
298 0 0 0 0
299 1 0 0 1
300 0 0 0 0
301 0 1 0 0
302 0 0 0 0
303 0 0 0 0
304 0 1 0 0
305 0 1 0 1
306 0 0 0 0
307 0 0 0 0
308 0 0 0 1
309 0 0 0 1
310 0 0 0 0
311 0 0 0 0
312 0 0 0 0
313 0 0 0 0
314 0 0 0 0
315 0 0 0 0
316 0 0 0 0
317 0 0 0 0
318 0 0 0 0
319 0 0 0 0
320 0 0 0 0
321 0 0 0 0
322 0 0 0 0
323 0 0 0 0
324 0 0 0 0
325 0 0 0 0
326 0 0 0 0
327 0 0 0 0
328 0 0 0 0
329 0 0 0 0
330 0 0 0 0
331 0 0 0 0
332 0 0 0 0
333 0 0 0 0
334 0 0 0 0
335 0 0 0 0
336 0 0 0 0
337 0 0 0 0
338 0 0 0 0
339 0 0 0 0
340 0 0 0 0
341 0 0 0 0
342 0 0 0 0
343 0 0 0 0
344 0 0 0 0
345 0 0 0 0
346 0 0 0 0
347 0 0 0 0
348 0 0 0 0
349 0 0 0 0
350 0 0 0 0
351 0 0 0 0
352 0 0 0 0
353 0 0 0 0
354 0 0 0 0
355 0 0 0 0
356 0 0 0 0
357 0 0 0 0
358 0 0 0 0
359 0 0 0 0
360 0 0 0 0
361 0 0 0 0
362 0 0 0 0
363 0 0 0 0
364 0 0 0 0
365 0 0 0 0
366 0 0 0 0
367 0 0 0 0
368 0 0 0 0
369 0 0 0 0
370 0 0 0 0
371 0 0 0 0
372 0 0 0 0
373 0 0 0 0
374 0 0 0 0
375 0 0 0 0
376 0 0 0 0
377 0 0 0 0
378 0 0 0 0
379 0 0 0 0
380 0 0 0 0
381 0 0 0 0
382 0 0 0 0
383 0 0 0 0
384 0 0 0 0
385 0 0 0 0
386 0 0 0 0
387 0 0 0 0
388 0 0 0 0
389 0 0 0 0
390 0 0 0 0
391 0 0 0 0
392 0 0 0 0
393 0 0 0 0
394 0 0 0 0
395 0 0 0 0
396 0 0 0 0
397 0 0 0 0
398 0 0 0 0
399 0 0 0 0
400 0 0 0 0
401 0 0 0 0
402 0 0 0 0
403 0 0 0 0
404 0 0 0 0
405 0 0 0 0
406 0 0 0 0
407 0 0 0 0
408 0 0 0 0
409 0 0 0 0
410 0 0 0 0
411 0 0 0 0
412 0 0 0 0
413 0 0 0 0
414 0 0 0 0
415 0 0 0 0
416 0 0 0 0
417 0 0 0 0
418 0 0 0 0
419 0 0 0 0
420 0 0 0 0
421 0 0 0 0
422 0 0 0 0
423 0 0 0 0
424 0 0 0 0
425 0 0 0 0
426 0 0 0 0
427 0 0 0 0
428 0 0 0 0
429 0 0 0 0
430 0 0 0 0
431 0 0 0 0
432 0 0 0 0
433 0 0 0 0
434 0 0 0 0
435 0 0 0 0
436 0 0 0 0
437 0 0 0 0
438 0 0 0 0
439 0 0 0 0
440 0 0 0 0
441 0 0 0 0
442 0 0 0 0
443 0 0 0 0
444 0 0 0 0
445 0 0 0 0
446 0 0 0 0
447 0 0 0 0
448 0 0 0 0
449 0 0 0 0
450 0 0 0 0
451 0 0 0 0
452 0 0 0 0
453 0 0 0 0
454 0 0 0 0
455 0 0 0 0
456 0 0 0 0
457 0 0 0 0
458 0 0 0 0
459 0 0 0 0
460 0 0 0 0
461 0 0 0 0
462 0 0 0 0
463 0 0 0 0
464 0 0 0 0
465 0 0 0 0
466 0 0 0 0
467 0 0 0 0
468 0 0 0 0
469 0 0 0 0
470 0 0 0 0
471 0 0 0 0
472 0 0 0 0
473 0 0 0 0
474 0 0 0 0
475 0 0 0 0
476 0 0 0 0
477 0 0 0 0
478 0 0 0 0
479 0 0 0 0
480 0 0 0 0
481 0 0 0 0
482 0 0 0 0
483 0 0 0 0
484 0 0 0 0
485 0 0 0 0
486 0 0 0 0
487 0 0 0 0
488 0 0 0 0
489 0 0 0 0
490 0 0 0 0
491 0 0 0 0
492 0 0 0 0
493 0 0 0 0
494 0 0 0 0
495 0 0 0 0
496 0 0 0 0
497 0 0 0 0
498 0 0 0 0
499 0 0 0 0
500 0 0 0 0
501 0 0 0 0
502 0 0 0 0
503 0 0 0 0
504 0 0 0 0
505 0 0 0 0
506 0 0 0 0
507 0 0 0 0
508 0 0 0 0
509 0 0 0 0
510 0 0 0 0
511 0 0 0 0
512 0 0 0 0
513 0 0 0 0
514 0 0 0 0
515 0 0 0 0
516 0 0 0 0
517 0 0 0 0
518 0 0 0 0
519 0 0 0 0
520 0 0 0 0
521 0 0 0 0
522 0 0 0 0
523 0 0 0 0
524 0 0 0 0
525 0 0 0 0
526 0 0 0 0
527 0 0 0 0
528 0 0 0 0
529 0 0 0 0
530 0 0 0 0
531 0 0 0 0
532 0 0 0 0
533 0 0 0 0
534 0 0 0 0
535 0 0 0 0
536 0 0 0 0
537 0 0 0 0
538 0 0 0 0
539 0 0 0 0
540 0 0 0 0
541 0 0 0 0
542 0 0 0 0
543 0 0 0 0
544 0 0 0 0
545 0 0 0 0
546 0 0 0 0
547 0 0 0 0
548 0 0 0 0
549 0 0 0 0
550 0 0 0 0
551 0 0 0 0
552 0 0 0 0
553 0 0 0 0
554 0 0 0 0
555 0 0 0 0
556 0 0 0 0
557 0 0 0 0
558 0 0 0 0
559 0 0 0 0
560 0 0 0 0
561 0 0 0 0
562 0 0 0 0
563 0 0 0 0
564 0 0 0 0
565 0 0 0 0
566 0 0 0 0
567 0 0 0 0
568 0 0 0 0
569 0 0 0 0
570 0 0 0 0
571 0 0 0 0
572 0 0 0 0
573 0 0 0 0
574 0 0 0 0
575 0 0 0 0
576 0 0 0 0
577 0 0 0 0
578 0 0 0 0
579 0 0 0 0
580 0 0 0 0
581 0 0 0 0
582 0 0 0 0
583 0 0 0 0
584 0 0 0 0
585 0 0 0 0
586 0 0 0 0
587 0 0 0 0
588 0 0 0 0
589 0 0 0 0
590 0 0 0 0
591 0 0 0 0
592 0 0 0 0
593 0 0 0 0
594 0 0 0 0
595 0 0 0 0
596 0 0 0 0
597 0 0 0 0
598 0 0 0 0
599 0 0 0 0
600 0 0 0 0
601 0 0 0 0
602 0 0 0 0
603 0 0 0 0
604 0 0 0 0
605 0 0 0 0
606 0 0 0 0
607 0 0 0 0
608 0 0 0 0
609 0 0 0 0
610 0 0 0 0
611 0 0 0 0
612 0 0 0 0
613 0 0 0 0
614 0 0 0 0
615 0 0 0 0
616 0 0 0 0
617 0 0 0 0
618 0 0 0 0
619 0 0 0 0
620 0 0 0 0
621 0 0 0 0
622 0 0 0 0
623 0 0 0 0
624 0 0 0 0
625 0 0 0 0
626 0 0 0 0
627 0 0 0 0
628 0 0 0 0
629 0 0 0 0
630 0 0 0 0
631 0 0 0 0
632 0 0 0 0
633 0 0 0 0
634 0 0 0 0
635 0 0 0 0
636 0 0 0 0
637 0 0 0 0
638 0 0 0 0
639 0 0 0 0
640 0 0 0 0
641 0 0 0 0
642 0 0 0 0
643 0 0 0 0
644 0 0 0 0
645 0 0 0 0
646 0 0 0 0
647 0 0 0 0
648 0 0 0 0
649 0 0 0 0
650 0 0 0 0
651 0 0 0 0
652 0 0 0 0
653 0 0 0 0
654 0 0 0 0
655 0 0 0 0
656 0 0 0 0
657 0 0 0 0
658 0 0 0 0
659 0 0 0 0
660 0 0 0 0
661 0 0 0 0
662 0 0 0 0
663 0 0 0 0
664 0 0 0 0
665 0 0 0 0
666 0 0 0 0
667 0 0 0 0
668 0 0 0 0
669 0 0 0 0
670 0 0 0 0
671 0 0 0 0
672 0 0 0 0
673 0 0 0 0
674 0 0 0 0
675 0 0 0 0
676 0 0 0 0
677 0 0 0 0
678 0 0 0 0
679 0 0 0 0
680 0 0 0 0
681 0 0 0 0
682 0 0 0 0
683 0 0 0 0
684 0 0 0 0
685 0 0 0 0
686 0 0 0 0
687 0 0 0 0
688 0 0 0 0
689 0 0 0 0
690 0 0 0 0
691 0 0 0 0
692 0 0 0 0
693 0 0 0 0
694 0 0 0 0
695 0 0 0 0
696 0 0 0 0
697 0 0 0 0
698 0 0 0 0
699 0 0 0 0
700 0 0 0 0
701 0 0 0 0
702 0 0 0 0
703 0 0 0 0
704 0 0 0 0
705 0 0 0 0
706 0 0 0 0
707 0 0 0 0
708 0 0 0 0
709 0 0 0 0
710 0 0 0 0
711 0 0 0 0
712 0 0 0 0
713 0 0 0 0
714 0 0 0 0
715 0 0 0 0
716 0 0 0 0
717 0 0 0 0
718 0 0 0 0
719 0 0 0 0
720 0 0 0 0
721 0 0 0 0
722 0 0 0 0
723 0 0 0 0
724 0 0 0 0
725 0 0 0 0
726 0 0 0 0
727 0 0 0 0
