0 0 0 0 0
1 0 0 0 0
2 0 0 0 0
3 0 0 0 0
4 0 0 0 0
5 0 1 1 0
6 0 0 0 0
7 0 0 0 0
8 0 0 0 0
9 0 0 3 1
10 0 0 0 0
11 0 0 0 1
12 0 0 0 0
13 0 0 0 1
14 0 0 0 0
15 1 0 0 0
16 2 0 0 2
17 1 0 0 0
18 1 0 0 0
19 1 0 0 0
20 1 0 0 0
21 0 0 1 0
22 0 1 0 0
23 0 0 0 0
24 0 0 1 0
25 0 1 0 1
26 1 0 0 0
27 2 0 1 0
28 2 0 1 1
29 0 1 0 2
30 0 0 0 0
31 1 0 0 0
32 1 0 0 1
33 0 0 2 0
34 0 0 0 1
35 0 1 0 0
36 0 2 0 1
37 0 0 0 1
38 0 0 0 0
39 0 0 0 1
40 0 0 1 2
41 1 0 1 0
42 2 0 0 0
43 1 0 0 1
44 0 0 0 1
45 0 0 0 1
46 2 0 1 0
47 2 1 0 0
48 0 0 0 0
49 1 0 0 0
50 1 0 0 1
51 2 1 1 1
52 1 1 1 0
53 1 1 1 0
54 1 1 0 0
55 1 1 0 1
56 1 1 0 2
57 0 1 0 0
58 2 0 0 1
59 0 0 1 1
60 0 1 1 1
61 1 0 1 2
62 0 0 1 1
63 0 2 0 1
64 0 0 0 2
65 2 0 0 0
66 0 0 0 1
67 1 0 0 1
68 0 0 0 1
69 2 0 0 1
70 3 1 1 1
71 4 0 0 0
72 3 1 0 0
73 3 0 0 0
74 1 1 2 2
75 0 1 1 0
76 2 2 1 1
77 1 1 0 0
78 3 1 0 1
79 1 0 1 2
80 0 0 1 3
81 1 1 2 3
82 0 1 1 1
83 0 3 0 0
84 1 0 0 1
85 0 0 1 3
86 1 1 1 1
87 1 1 0 1
88 1 1 0 0
89 3 0 1 2
90 1 0 0 4
91 1 0 0 0
92 1 0 1 1
93 1 0 0 1
94 1 1 0 1
95 3 1 0 1
96 2 1 0 1
97 1 2 0 0
98 2 3 0 0
99 1 1 0 0
100 1 2 0 1
101 2 1 0 2
102 1 1 0 2
103 1 1 2 1
104 2 2 0 1
105 3 0 2 4
106 3 1 0 1
107 3 0 0 2
108 1 0 0 0
109 1 0 2 2
110 2 0 3 3
111 0 3 0 2
112 1 2 1 0
113 1 0 0 1
114 2 1 1 1
115 3 1 1 1
116 1 0 0 2
117 0 2 0 2
118 4 1 0 3
119 2 3 0 3
120 3 1 2 0
121 3 0 0 2
122 2 0 0 2
123 2 1 1 2
124 4 0 0 4
125 2 3 0 0
126 6 2 1 1
127 2 3 1 1
128 5 3 1 0
129 4 0 3 3
130 6 0 0 3
131 8 5 1 3
132 7 0 0 4
133 3 3 0 2
134 5 2 1 1
135 1 2 3 2
136 2 1 4 2
137 6 1 3 3
138 4 3 2 6
139 4 3 3 3
140 2 2 2 4
141 3 3 5 4
142 2 3 1 5
143 3 2 2 5
144 1 1 1 5
145 4 0 1 5
146 1 3 2 4
147 2 0 3 4
148 3 2 2 6
149 3 1 2 0
150 6 2 3 5
151 3 1 0 3
152 4 2 0 3
153 4 1 0 3
154 4 3 0 4
155 3 1 1 4
156 2 3 0 1
157 4 3 2 3
158 2 1 2 2
159 7 6 1 4
160 6 1 1 3
161 4 1 1 3
162 1 2 2 1
163 4 3 1 3
164 3 4 2 5
165 6 2 2 2
166 4 2 1 6
167 1 2 0 5
168 4 2 1 6
169 6 1 3 3
170 7 2 3 3
171 3 3 0 1
172 3 4 1 3
173 5 2 1 2
174 9 3 3 5
175 11 1 3 5
176 13 2 0 5
177 8 1 3 2
178 7 2 1 3
179 8 5 5 4
180 10 2 2 4
181 13 4 2 6
182 11 8 3 4
183 12 3 3 8
184 6 5 5 4
185 5 11 4 7
186 8 6 4 6
187 7 7 4 8
188 4 5 7 7
189 8 6 0 12
190 10 5 5 5
191 5 5 1 10
192 4 7 2 16
193 4 4 1 10
194 2 4 5 10
195 4 10 3 9
196 7 3 3 4
197 10 4 0 5
198 10 3 0 4
199 13 2 3 12
200 14 1 3 8
201 12 1 5 10
202 3 7 1 10
203 8 2 6 2
204 10 8 6 6
205 8 5 5 5
206 9 6 4 6
207 12 2 2 5
208 5 5 2 14
209 6 7 6 11
210 4 6 4 8
211 4 3 4 6
212 4 7 2 8
213 5 3 0 10
214 6 7 2 9
215 2 3 2 5
216 6 4 4 11
217 7 6 1 8
218 3 1 5 11
219 1 5 0 8
220 2 0 3 3
221 6 3 1 5
222 2 3 1 7
223 2 3 3 7
224 6 0 1 8
225 3 3 2 2
226 6 2 3 5
227 4 2 1 3
228 5 2 0 5
229 1 2 2 4
230 3 3 2 6
231 4 2 1 1
232 4 4 0 2
233 4 3 1 5
234 4 0 0 4
235 2 1 5 3
236 3 1 2 4
237 2 6 2 6
238 1 4 0 1
239 3 4 1 2
240 2 2 2 2
241 1 2 0 6
242 0 0 2 7
243 1 0 0 4
244 1 1 1 4
245 1 2 0 4
246 0 1 0 5
247 0 0 1 2
248 0 2 0 1
249 1 1 1 1
250 1 1 0 0
251 2 0 0 2
252 3 0 0 2
253 0 0 0 2
254 3 2 0 0
255 3 1 0 1
256 2 0 2 1
257 1 0 0 1
258 3 0 0 1
259 1 1 0 1
260 0 1 1 1
261 0 2 2 1
262 2 0 0 0
263 0 2 1 1
264 0 2 0 0
265 0 1 1 3
266 0 1 0 1
267 1 1 0 4
268 1 0 0 3
269 2 0 0 1
270 1 0 0 2
271 0 1 1 1
272 1 0 0 1
273 1 0 1 0
274 1 0 0 0
275 2 0 0 2
276 0 1 0 0
277 0 0 1 0
278 0 3 0 0
279 0 1 1 0
280 0 1 1 2
281 0 0 0 0
282 0 0 0 2
283 1 0 0 1
284 0 0 0 3
285 0 0 0 1
286 0 0 0 1
287 0 0 0 0
288 0 0 0 0
289 0 0 0 0
290 0 0 0 0
291 0 0 0 0
292 0 0 1 0
293 1 0 0 0
294 0 0 0 0
295 1 0 0 0
296 0 0 0 0
297 0 0 0 0
298 0 0 1 0
299 0 0 0 1
300 0 0 1 0
301 0 0 0 0
302 0 0 0 0
303 0 0 0 0
304 0 0 0 0
305 1 0 0 1
306 0 0 0 0
307 1 0 0 1
308 1 0 0 0
309 0 0 0 0
310 0 0 0 0
311 0 0 0 0
312 0 0 0 0
313 1 0 1 0
314 1 1 0 0
315 0 0 0 0
316 1 1 0 0
317 1 0 0 0
318 0 0 0 2
319 2 0 0 0
320 0 0 0 1
321 0 0 0 0
322 0 1 0 0
323 1 1 0 0
324 0 0 0 0
325 0 1 0 0
326 0 1 0 1
327 0 0 0 0
328 0 1 2 0
329 0 0 0 0
330 0 0 0 2
331 0 0 0 0
332 0 0 0 2
333 0 0 0 0
334 0 0 0 0
335 0 0 0 2
336 0 0 0 0
337 0 0 0 0
338 0 0 0 0
339 0 0 0 0
340 0 0 0 0
341 0 0 0 0
342 0 0 0 0
343 0 0 0 0
344 0 0 0 0
345 0 0 0 0
346 0 0 0 0
347 1 0 0 0
348 0 0 0 0
349 0 0 0 0
350 0 0 0 0
351 0 0 0 0
352 0 1 0 0
353 0 0 0 0
354 0 0 0 0
355 0 0 0 0
356 0 0 0 0
357 0 0 0 0
358 0 0 0 0
359 1 0 0 1
360 0 0 0 0
361 0 0 0 0
362 0 0 0 0
363 0 0 0 0
364 0 0 1 0
365 0 0 0 0
366 0 0 0 0
367 0 0 0 0
368 0 0 0 0
369 0 0 0 0
370 0 0 0 0
371 0 0 0 1
372 0 0 0 0
373 0 0 0 0
374 0 0 0 0
375 0 0 0 0
376 0 0 0 0
377 0 0 0 0
378 0 0 0 0
379 0 0 0 0
380 0 0 0 0
381 0 0 0 0
382 0 0 0 0
383 0 0 0 0
384 0 0 0 0
385 0 0 0 0
386 0 0 0 0
387 0 0 0 0
388 0 0 0 0
389 0 0 0 0
390 0 0 0 0
391 0 0 0 0
392 0 0 0 0
393 0 0 0 0
394 0 0 0 0
395 0 0 0 0
396 0 0 0 0
397 0 0 0 0
398 0 0 0 0
399 0 0 0 0
400 0 0 0 0
401 0 0 0 0
402 0 0 0 0
403 0 0 0 0
404 0 0 0 0
405 0 0 0 0
406 0 0 0 0
407 0 0 0 0
408 0 0 0 0
409 0 0 0 0
410 0 0 0 0
411 0 0 0 0
412 0 0 0 0
413 0 0 0 0
414 0 0 0 0
415 0 0 0 0
416 0 0 0 0
417 0 0 0 0
418 0 0 0 0
419 0 0 0 0
420 0 0 0 0
421 0 0 0 0
422 0 0 0 0
423 0 0 0 0
424 0 0 0 0
425 0 0 0 0
426 0 0 0 0
427 0 0 0 0
428 0 0 0 0
429 0 0 0 0
430 0 0 0 0
431 0 0 0 0
432 0 0 0 0
433 0 0 0 0
434 0 0 0 0
435 0 0 0 0
436 0 0 0 0
437 0 0 0 0
438 0 0 0 0
439 0 0 0 0
440 0 0 0 0
441 0 0 0 0
442 0 0 0 0
443 0 0 0 0
444 0 0 0 0
445 0 0 0 0
446 0 0 0 0
447 0 0 0 0
448 0 0 0 0
449 0 0 0 0
450 0 0 0 0
451 0 0 0 0
452 0 0 0 0
453 0 0 0 0
454 0 0 0 0
455 0 0 0 0
456 0 0 0 0
457 0 0 0 0
458 0 0 0 0
459 0 0 0 0
460 0 0 0 0
461 0 0 0 0
462 0 0 0 0
463 0 0 0 0
464 0 0 0 0
465 0 0 0 0
466 0 0 0 0
467 0 0 0 0
468 0 0 0 0
469 0 0 0 0
470 0 0 0 0
471 0 0 0 0
472 0 0 0 0
473 0 0 0 0
474 0 0 0 0
475 0 0 0 0
476 0 0 0 0
477 0 0 0 0
478 0 0 0 0
479 0 0 0 0
480 0 0 0 0
481 0 0 0 0
482 0 0 0 0
483 0 0 0 0
484 0 0 0 0
485 0 0 0 0
486 0 0 0 0
487 0 0 0 0
488 0 0 0 0
489 0 0 0 0
490 0 0 0 0
491 0 0 0 0
492 0 0 0 0
493 0 0 0 0
494 0 0 0 0
495 0 0 0 0
496 0 0 0 0
497 0 0 0 0
498 0 0 0 0
499 0 0 0 0
500 0 0 0 0
501 0 0 0 0
502 0 0 0 0
503 0 0 0 0
504 0 0 0 0
505 0 0 0 0
506 0 0 0 0
507 0 0 0 0
508 0 0 0 0
509 0 0 0 0
510 0 0 0 0
511 0 0 0 0
512 0 0 0 0
513 0 0 0 0
514 0 0 0 0
515 0 0 0 0
516 0 0 0 0
517 0 0 0 0
518 0 0 0 0
519 0 0 0 0
520 0 0 0 0
521 0 0 0 0
522 0 0 0 0
523 0 0 0 0
524 0 0 0 0
525 0 0 0 0
526 0 0 0 0
527 0 0 0 0
528 0 0 0 0
529 0 0 0 0
530 0 0 0 0
531 0 0 0 0
532 0 0 0 0
533 0 0 0 0
534 0 0 0 0
535 0 0 0 0
536 0 0 0 0
537 0 0 0 0
538 0 0 0 0
539 0 0 0 0
540 0 0 0 0
541 0 0 0 0
542 0 0 0 0
543 0 0 0 0
544 0 0 0 0
545 0 0 0 0
546 0 0 0 0
547 0 0 0 0
548 0 0 0 0
549 0 0 0 0
550 0 0 0 0
551 0 0 0 0
552 0 0 0 0
553 0 0 0 0
554 0 0 0 0
555 0 0 0 0
556 0 0 0 0
557 0 0 0 0
558 0 0 0 0
559 0 0 0 0
560 0 0 0 0
561 0 0 0 0
562 0 0 0 0
563 0 0 0 0
564 0 0 0 0
565 0 0 0 0
566 0 0 0 0
567 0 0 0 0
568 0 0 0 0
569 0 0 0 0
570 0 0 0 0
571 0 0 0 0
572 0 0 0 0
573 0 0 0 0
574 0 0 0 0
575 0 0 0 0
576 0 0 0 0
577 0 0 0 0
578 0 0 0 0
579 0 0 0 0
580 0 0 0 0
581 0 0 0 0
582 0 0 0 0
583 0 0 0 0
584 0 0 0 0
585 0 0 0 0
586 0 0 0 0
587 0 0 0 0
588 0 0 0 0
589 0 0 0 0
590 0 0 0 0
591 0 0 0 0
592 0 0 0 0
593 0 0 0 0
594 0 0 0 0
595 0 0 0 0
596 0 0 0 0
597 0 0 0 0
598 0 0 0 0
599 0 0 0 0
600 0 0 0 0
601 0 0 0 0
602 0 0 0 0
603 0 0 0 0
604 0 0 0 0
605 0 0 0 0
606 0 0 0 0
607 0 0 0 0
608 0 0 0 0
609 0 0 0 0
610 0 0 0 0
611 0 0 0 0
612 0 0 0 0
613 0 0 0 0
614 0 0 0 0
615 0 0 0 0
616 0 0 0 0
617 0 0 0 0
618 0 0 0 0
619 0 0 0 0
620 0 0 0 0
621 0 0 0 0
622 0 0 0 0
623 0 0 0 0
624 0 0 0 0
625 0 0 0 0
626 0 0 0 0
627 0 0 0 0
628 0 0 0 0
629 0 0 0 0
630 0 0 0 0
631 0 0 0 0
632 0 0 0 0
633 0 0 0 0
634 0 0 0 0
635 0 0 0 0
636 0 0 0 0
637 0 0 0 0
638 0 0 0 0
639 0 0 0 0
640 0 0 0 0
641 0 0 0 0
642 0 0 0 0
643 0 0 0 0
644 0 0 0 0
645 0 0 0 0
646 0 0 0 0
647 0 0 0 0
648 0 0 0 0
649 0 0 0 0
650 0 0 0 0
651 0 0 0 0
652 0 0 0 0
653 0 0 0 0
654 0 0 0 0
655 0 0 0 0
656 0 0 0 0
657 0 0 0 0
658 0 0 0 0
659 0 0 0 0
660 0 0 0 0
661 0 0 0 0
662 0 0 0 0
663 0 0 0 0
664 0 0 0 0
665 0 0 0 0
666 0 0 0 0
667 0 0 0 0
668 0 0 0 0
669 0 0 0 0
670 0 0 0 0
671 0 0 0 0
672 0 0 0 0
673 0 0 0 0
674 0 0 0 0
675 0 0 0 0
676 0 0 0 0
677 0 0 0 0
678 0 0 0 0
679 0 0 0 0
680 0 0 0 0
681 0 0 0 0
682 0 0 0 0
683 0 0 0 0
684 0 0 0 0
685 0 0 0 0
686 0 0 0 0
687 0 0 0 0
688 0 0 0 0
689 0 0 0 0
690 0 0 0 0
691 0 0 0 0
692 0 0 0 0
693 0 0 0 0
694 0 0 0 0
695 0 0 0 0
696 0 0 0 0
697 0 0 0 0
698 0 0 0 0
699 0 0 0 0
700 0 0 0 0
701 0 0 0 0
702 0 0 0 0
703 0 0 0 0
704 0 0 0 0
705 0 0 0 0
706 0 0 0 0
707 0 0 0 0
708 0 0 0 0
709 0 0 0 0
710 0 0 0 0
711 0 0 0 0
712 0 0 0 0
713 0 0 0 0
714 0 0 0 0
715 0 0 0 0
716 0 0 0 0
717 0 0 0 0
718 0 0 0 0
719 0 0 0 0
720 0 0 0 0
721 0 0 0 0
722 0 0 0 0
723 0 0 0 0
724 0 0 0 0
725 0 0 0 0
726 0 0 0 0
727 0 0 0 0
