0 0 0 0 0
1 0 0 0 0
2 0 0 0 0
3 0 0 0 0
4 0 0 0 0
5 0 2 0 0
6 0 0 0 0
7 0 0 0 0
8 0 0 0 0
9 0 1 2 2
10 0 0 0 0
11 0 0 0 0
12 0 0 0 0
13 0 0 0 1
14 0 0 0 0
15 0 0 0 0
16 0 0 0 2
17 0 0 0 0
18 0 0 0 0
19 0 0 0 0
20 1 0 0 0
21 0 0 0 0
22 0 0 0 0
23 0 0 0 0
24 0 0 0 0
25 0 0 0 0
26 1 0 0 0
27 1 0 0 0
28 1 0 0 0
29 2 1 0 0
30 0 0 0 0
31 2 0 0 0
32 1 0 1 0
33 0 0 0 1
34 0 2 0 0
35 0 1 0 0
36 3 0 2 0
37 3 0 1 0
38 1 0 0 0
39 0 0 0 2
40 0 0 0 1
41 0 1 0 3
42 0 2 1 0
43 0 0 1 1
44 0 0 0 0
45 1 2 1 0
46 0 0 0 3
47 2 0 0 1
48 4 0 0 1
49 0 0 0 1
50 1 0 0 1
51 2 0 0 0
52 1 1 1 1
53 0 1 1 0
54 0 1 0 0
55 2 1 0 0
56 2 1 2 1
57 3 0 1 0
58 1 0 0 0
59 1 0 0 1
60 1 1 0 5
61 0 1 1 1
62 0 1 1 0
63 3 0 0 1
64 2 0 0 2
65 1 3 0 1
66 1 1 1 0
67 1 1 0 1
68 2 1 1 0
69 3 0 2 4
70 4 0 0 1
71 3 0 1 1
72 1 1 0 2
73 2 0 1 1
74 4 1 2 0
75 2 1 1 2
76 5 0 3 3
77 4 0 1 1
78 1 1 1 1
79 2 3 3 0
80 1 2 0 2
81 1 3 3 3
82 3 2 0 4
83 3 1 0 4
84 1 1 2 1
85 1 0 1 1
86 7 0 3 4
87 5 2 0 1
88 3 3 0 7
89 4 0 0 2
90 5 0 1 4
91 5 2 3 2
92 2 1 3 2
93 3 1 1 0
94 1 2 0 2
95 5 2 2 4
96 9 3 0 2
97 3 3 0 2
98 6 4 2 5
99 4 2 3 2
100 1 2 1 1
101 4 4 3 1
102 3 3 0 5
103 2 5 0 2
104 0 2 2 5
105 1 4 1 9
106 2 2 2 6
107 4 3 0 5
108 2 4 0 4
109 4 0 0 6
110 1 0 1 4
111 6 1 1 4
112 8 1 1 2
113 6 1 0 1
114 9 1 2 1
115 7 2 1 2
116 7 1 3 2
117 10 3 2 1
118 5 4 2 5
119 12 3 3 2
120 7 4 5 3
121 15 3 4 2
122 11 3 4 4
123 8 3 2 6
124 8 5 3 10
125 6 6 2 8
126 7 8 7 3
127 6 8 2 6
128 8 7 3 8
129 4 1 1 10
130 5 5 5 9
131 13 8 5 6
132 7 2 2 11
133 16 3 6 10
134 12 3 1 13
135 9 1 1 12
136 11 3 8 2
137 11 6 5 10
138 15 9 4 4
139 14 6 2 3
140 18 8 3 7
141 12 4 6 7
142 14 8 2 12
143 12 10 4 13
144 17 5 5 14
145 16 8 2 10
146 10 9 5 5
147 10 11 7 14
148 13 6 8 5
149 17 13 7 6
150 14 7 5 13
151 21 6 2 18
152 18 7 6 12
153 15 11 3 16
154 16 10 5 16
155 22 9 2 13
156 23 8 9 17
157 14 13 4 14
158 14 7 8 11
159 11 13 3 14
160 9 9 8 19
161 23 13 7 16
162 13 9 8 12
163 11 8 12 12
164 10 10 6 16
165 15 12 5 17
166 13 10 11 18
167 11 6 5 20
168 15 4 6 20
169 14 8 3 20
170 22 10 10 16
171 13 8 3 16
172 16 7 2 12
173 16 7 3 15
174 26 10 5 13
175 18 6 7 11
176 17 8 3 9
177 11 11 6 18
178 22 14 5 15
179 22 21 10 13
180 15 10 9 10
181 20 11 9 15
182 23 8 7 15
183 23 12 7 20
184 21 13 8 15
185 24 8 6 20
186 21 2 8 18
187 14 14 11 25
188 21 11 11 24
189 15 10 3 13
190 22 16 11 13
191 25 13 10 17
192 12 2 10 19
193 16 11 12 12
194 25 12 7 22
195 20 9 8 25
196 19 16 6 14
197 20 11 6 31
198 24 10 11 13
199 16 12 11 15
200 22 7 13 20
201 22 13 5 21
202 24 9 6 19
203 13 16 9 31
204 27 15 7 16
205 28 8 6 20
206 19 16 7 12
207 21 14 12 23
208 11 6 9 23
209 14 21 12 15
210 22 17 9 29
211 17 11 6 25
212 14 5 5 14
213 16 7 9 19
214 12 10 5 30
215 12 11 13 17
216 12 13 15 24
217 9 7 4 15
218 9 19 3 16
219 10 5 8 16
220 11 8 2 23
221 9 8 6 13
222 11 5 3 21
223 10 8 7 21
224 8 7 8 12
225 10 5 4 18
226 10 5 6 11
227 15 6 3 15
228 9 4 1 14
229 14 6 3 10
230 10 4 2 10
231 3 5 3 12
232 11 8 7 7
233 7 5 2 11
234 7 10 5 7
235 6 6 7 3
236 1 7 2 11
237 7 5 4 5
238 4 4 4 15
239 8 5 2 19
240 2 2 1 10
241 5 4 5 13
242 3 7 0 7
243 0 6 3 6
244 3 3 2 3
245 3 1 0 10
246 5 2 2 9
247 3 1 1 7
248 2 2 6 6
249 2 4 0 1
250 1 2 3 8
251 2 3 3 3
252 2 2 0 6
253 1 0 3 3
254 1 0 1 4
255 2 2 0 6
256 1 1 1 2
257 1 0 0 5
258 1 0 1 2
259 3 1 0 3
260 6 3 0 4
261 1 1 2 1
262 2 0 2 2
263 0 1 0 0
264 0 3 0 1
265 1 0 1 1
266 1 0 1 3
267 2 2 0 3
268 1 0 0 2
269 1 2 2 1
270 2 1 0 1
271 1 0 0 4
272 1 2 0 1
273 0 0 1 3
274 1 2 0 1
275 0 0 1 0
276 1 0 0 1
277 1 1 0 0
278 2 1 0 1
279 0 1 0 3
280 1 1 0 1
281 0 0 0 2
282 0 0 0 1
283 1 1 1 1
284 0 0 0 0
285 0 1 1 0
286 1 0 1 0
287 0 1 0 2
288 0 0 1 0
289 0 0 0 1
290 0 0 0 2
291 1 0 0 0
292 0 0 0 2
293 0 0 0 0
294 1 0 0 1
295 0 0 1 0
296 1 0 0 0
297 0 0 0 0
298 0 0 0 0
299 0 1 0 0
300 0 1 0 0
301 0 0 1 0
302 1 0 0 1
303 0 0 0 1
304 0 0 0 0
305 0 0 0 1
306 0 0 0 0
307 0 0 0 1
308 0 0 0 0
309 0 1 0 0
310 0 0 0 0
311 0 0 0 0
312 0 0 0 0
313 0 0 0 1
314 0 0 0 0
315 0 0 0 0
316 0 0 0 0
317 0 0 0 0
318 0 0 0 0
319 0 0 0 0
320 0 0 0 0
321 0 0 0 0
322 0 0 0 0
323 0 0 0 0
324 0 0 0 0
325 0 0 0 0
326 0 0 0 0
327 0 0 0 0
328 0 0 0 0
329 0 0 0 0
330 0 0 0 0
331 0 0 0 0
332 0 0 0 0
333 0 0 0 0
334 0 0 0 0
335 0 0 0 0
336 0 0 0 0
337 0 0 0 0
338 0 0 0 0
339 0 0 0 0
340 0 0 0 0
341 0 0 0 0
342 0 0 0 0
343 0 0 0 0
344 0 0 0 0
345 0 0 0 0
346 0 0 0 0
347 0 0 0 0
348 0 0 0 0
349 0 0 0 0
350 0 0 0 0
351 0 0 0 0
352 0 0 0 0
353 0 0 0 0
354 0 0 0 0
355 0 0 0 0
356 0 0 0 0
357 0 0 0 0
358 0 0 0 0
359 0 0 0 0
360 0 0 0 0
361 0 0 0 0
362 0 0 0 0
363 0 0 0 0
364 0 0 0 0
365 0 0 0 0
366 0 0 0 0
367 0 0 0 0
368 0 0 0 0
369 0 0 0 0
370 0 0 0 0
371 0 0 0 0
372 0 0 0 0
373 0 0 0 0
374 0 0 0 0
375 0 0 0 0
376 0 0 0 0
377 0 0 0 0
378 0 0 0 0
379 0 0 0 0
380 0 0 0 0
381 0 0 0 0
382 0 0 0 0
383 0 0 0 0
384 0 0 0 0
385 0 0 0 0
386 0 0 0 0
387 0 0 0 0
388 0 0 0 0
389 0 0 0 0
390 0 0 0 0
391 0 0 0 0
392 0 0 0 0
393 0 0 0 0
394 0 0 0 0
395 0 0 0 0
396 0 0 0 0
397 0 0 0 0
398 0 0 0 0
399 0 0 0 0
400 0 0 0 0
401 0 0 0 0
402 0 0 0 0
403 0 0 0 0
404 0 0 0 0
405 0 0 0 0
406 0 0 0 0
407 0 0 0 0
408 0 0 0 0
409 0 0 0 0
410 0 0 0 0
411 0 0 0 0
412 0 0 0 0
413 0 0 0 0
414 0 0 0 0
415 0 0 0 0
416 0 0 0 0
417 0 0 0 0
418 0 0 0 0
419 0 0 0 0
420 0 0 0 0
421 0 0 0 0
422 0 0 0 0
423 0 0 0 0
424 0 0 0 0
425 0 0 0 0
426 0 0 0 0
427 0 0 0 0
428 0 0 0 0
429 0 0 0 0
430 0 0 0 0
431 0 0 0 0
432 0 0 0 0
433 0 0 0 0
434 0 0 0 0
435 0 0 0 0
436 0 0 0 0
437 0 0 0 0
438 0 0 0 0
439 0 0 0 0
440 0 0 0 0
441 0 0 0 0
442 0 0 0 0
443 0 0 0 0
444 0 0 0 0
445 0 0 0 0
446 0 0 0 0
447 0 0 0 0
448 0 0 0 0
449 0 0 0 0
450 0 0 0 0
451 0 0 0 0
452 0 0 0 0
453 0 0 0 0
454 0 0 0 0
455 0 0 0 0
456 0 0 0 0
457 0 0 0 0
458 0 0 0 0
459 0 0 0 0
460 0 0 0 0
461 0 0 0 0
462 0 0 0 0
463 0 0 0 0
464 0 0 0 0
465 0 0 0 0
466 0 0 0 0
467 0 0 0 0
468 0 0 0 0
469 0 0 0 0
470 0 0 0 0
471 0 0 0 0
472 0 0 0 0
473 0 0 0 0
474 0 0 0 0
475 0 0 0 0
476 0 0 0 0
477 0 0 0 0
478 0 0 0 0
479 0 0 0 0
480 0 0 0 0
481 0 0 0 0
482 0 0 0 0
483 0 0 0 0
484 0 0 0 0
485 0 0 0 0
486 0 0 0 0
487 0 0 0 0
488 0 0 0 0
489 0 0 0 0
490 0 0 0 0
491 0 0 0 0
492 0 0 0 0
493 0 0 0 0
494 0 0 0 0
495 0 0 0 0
496 0 0 0 0
497 0 0 0 0
498 0 0 0 0
499 0 0 0 0
500 0 0 0 0
501 0 0 0 0
502 0 0 0 0
503 0 0 0 0
504 0 0 0 0
505 0 0 0 0
506 0 0 0 0
507 0 0 0 0
508 0 0 0 0
509 0 0 0 0
510 0 0 0 0
511 0 0 0 0
512 0 0 0 0
513 0 0 0 0
514 0 0 0 0
515 0 0 0 0
516 0 0 0 0
517 0 0 0 0
518 0 0 0 0
519 0 0 0 0
520 0 0 0 0
521 0 0 0 0
522 0 0 0 0
523 0 0 0 0
524 0 0 0 0
525 0 0 0 0
526 0 0 0 0
527 0 0 0 0
528 0 0 0 0
529 0 0 0 0
530 0 0 0 0
531 0 0 0 0
532 0 0 0 0
533 0 0 0 0
534 0 0 0 0
535 0 0 0 0
536 0 0 0 0
537 0 0 0 0
538 0 0 0 0
539 0 0 0 0
540 0 0 0 0
541 0 0 0 0
542 0 0 0 0
543 0 0 0 0
544 0 0 0 0
545 0 0 0 0
546 0 0 0 0
547 0 0 0 0
548 0 0 0 0
549 0 0 0 0
550 0 0 0 0
551 0 0 0 0
552 0 0 0 0
553 0 0 0 0
554 0 0 0 0
555 0 0 0 0
556 0 0 0 0
557 0 0 0 0
558 0 0 0 0
559 0 0 0 0
560 0 0 0 0
561 0 0 0 0
562 0 0 0 0
563 0 0 0 0
564 0 0 0 0
565 0 0 0 0
566 0 0 0 0
567 0 0 0 0
568 0 0 0 0
569 0 0 0 0
570 0 0 0 0
571 0 0 0 0
572 0 0 0 0
573 0 0 0 0
574 0 0 0 0
575 0 0 0 0
576 0 0 0 0
577 0 0 0 0
578 0 0 0 0
579 0 0 0 0
580 0 0 0 0
581 0 0 0 0
582 0 0 0 0
583 0 0 0 0
584 0 0 0 0
585 0 0 0 0
586 0 0 0 0
587 0 0 0 0
588 0 0 0 0
589 0 0 0 0
590 0 0 0 0
591 0 0 0 0
592 0 0 0 0
593 0 0 0 0
594 0 0 0 0
595 0 0 0 0
596 0 0 0 0
597 0 0 0 0
598 0 0 0 0
599 0 0 0 0
600 0 0 0 0
601 0 0 0 0
602 0 0 0 0
603 0 0 0 0
604 0 0 0 0
605 0 0 0 0
606 0 0 0 0
607 0 0 0 0
608 0 0 0 0
609 0 0 0 0
610 0 0 0 0
611 0 0 0 0
612 0 0 0 0
613 0 0 0 0
614 0 0 0 0
615 0 0 0 0
616 0 0 0 0
617 0 0 0 0
618 0 0 0 0
619 0 0 0 0
620 0 0 0 0
621 0 0 0 0
622 0 0 0 0
623 0 0 0 0
624 0 0 0 0
625 0 0 0 0
626 0 0 0 0
627 0 0 0 0
628 0 0 0 0
629 0 0 0 0
630 0 0 0 0
631 0 0 0 0
632 0 0 0 0
633 0 0 0 0
634 0 0 0 0
635 0 0 0 0
636 0 0 0 0
637 0 0 0 0
638 0 0 0 0
639 0 0 0 0
640 0 0 0 0
641 0 0 0 0
642 0 0 0 0
643 0 0 0 0
644 0 0 0 0
645 0 0 0 0
646 0 0 0 0
647 0 0 0 0
648 0 0 0 0
649 0 0 0 0
650 0 0 0 0
651 0 0 0 0
652 0 0 0 0
653 0 0 0 0
654 0 0 0 0
655 0 0 0 0
656 0 0 0 0
657 0 0 0 0
658 0 0 0 0
659 0 0 0 0
660 0 0 0 0
661 0 0 0 0
662 0 0 0 0
663 0 0 0 0
664 0 0 0 0
665 0 0 0 0
666 0 0 0 0
667 0 0 0 0
668 0 0 0 0
669 0 0 0 0
670 0 0 0 0
671 0 0 0 0
672 0 0 0 0
673 0 0 0 0
674 0 0 0 0
675 0 0 0 0
676 0 0 0 0
677 0 0 0 0
678 0 0 0 0
679 0 0 0 0
680 0 0 0 0
681 0 0 0 0
682 0 0 0 0
683 0 0 0 0
684 0 0 0 0
685 0 0 0 0
686 0 0 0 0
687 0 0 0 0
688 0 0 0 0
689 0 0 0 0
690 0 0 0 0
691 0 0 0 0
692 0 0 0 0
693 0 0 0 0
694 0 0 0 0
695 0 0 0 0
696 0 0 0 0
697 0 0 0 0
698 0 0 0 0
699 0 0 0 0
700 0 0 0 0
701 0 0 0 0
702 0 0 0 0
703 0 0 0 0
704 0 0 0 0
705 0 0 0 0
706 0 0 0 0
707 0 0 0 0
708 0 0 0 0
709 0 0 0 0
710 0 0 0 0
711 0 0 0 0
712 0 0 0 0
713 0 0 0 0
714 0 0 0 0
715 0 0 0 0
716 0 0 0 0
717 0 0 0 0
718 0 0 0 0
719 0 0 0 0
720 0 0 0 0
721 0 0 0 0
722 0 0 0 0
723 0 0 0 0
724 0 0 0 0
725 0 0 0 0
726 0 0 0 0
727 0 0 0 0
