0 0 0 0 0
1 0 0 0 0
2 0 0 0 0
3 0 0 0 0
4 0 0 0 0
5 0 2 1 0
6 0 0 0 0
7 0 0 0 0
8 0 0 0 0
9 0 2 0 1
10 0 0 0 0
11 0 0 0 1
12 0 0 0 1
13 0 0 0 0
14 0 0 0 0
15 0 0 0 0
16 0 0 0 2
17 0 0 0 0
18 0 0 0 0
19 0 0 0 0
20 0 0 0 0
21 0 0 0 0
22 1 0 0 0
23 0 0 0 0
24 0 0 0 0
25 2 0 0 0
26 0 0 0 0
27 0 0 1 0
28 0 0 0 0
29 0 0 0 0
30 0 1 0 0
31 0 0 0 1
32 0 0 0 0
33 0 0 0 0
34 1 0 1 0
35 0 0 0 0
36 1 0 0 0
37 0 0 0 1
38 1 0 0 0
39 0 1 0 0
40 0 0 0 0
41 0 0 0 1
42 0 0 0 0
43 0 0 0 1
44 0 0 0 0
45 0 0 1 0
46 0 0 0 0
47 0 1 0 0
48 1 0 0 0
49 0 0 0 1
50 1 0 0 0
51 0 0 0 1
52 1 0 0 0
53 1 1 0 0
54 1 0 0 0
55 1 0 0 0
56 1 0 0 0
57 1 0 0 0
58 3 0 1 0
59 0 2 0 0
60 0 0 1 1
61 0 0 0 0
62 1 1 1 0
63 0 1 1 2
64 0 0 0 1
65 0 1 0 1
66 1 0 0 1
67 0 0 2 1
68 1 0 0 1
69 0 0 0 1
70 0 0 0 0
71 0 0 1 1
72 1 0 0 1
73 3 1 0 0
74 0 0 0 1
75 0 0 0 0
76 1 0 0 0
77 2 0 0 1
78 4 1 1 1
79 0 0 0 0
80 0 0 0 0
81 1 0 1 0
82 0 0 2 1
83 1 2 1 0
84 0 0 0 0
85 1 1 0 1
86 2 1 0 2
87 0 1 0 2
88 0 0 1 1
89 1 0 0 1
90 0 1 1 2
91 1 2 0 0
92 1 0 0 0
93 4 0 0 0
94 2 0 0 2
95 3 0 0 3
96 5 0 0 0
97 4 0 0 1
98 2 3 0 0
99 4 0 0 0
100 3 3 1 0
101 3 1 3 0
102 2 1 2 0
103 3 2 1 0
104 0 2 0 0
105 2 3 1 4
106 1 3 1 1
107 0 1 0 5
108 0 3 1 5
109 0 1 0 3
110 2 2 0 3
111 2 2 0 1
112 3 0 1 4
113 5 0 0 4
114 2 2 0 1
115 3 1 2 4
116 5 1 0 2
117 1 1 0 0
118 4 1 2 2
119 2 0 1 2
120 5 2 1 0
121 1 2 1 1
122 4 2 1 3
123 3 0 3 1
124 7 1 0 1
125 3 7 2 4
126 4 0 0 3
127 3 1 2 3
128 3 1 2 2
129 4 0 4 5
130 2 2 0 1
131 9 4 1 2
132 5 3 1 6
133 4 0 5 4
134 5 2 2 3
135 5 1 1 4
136 5 2 2 1
137 3 3 2 5
138 4 0 3 5
139 8 3 1 4
140 9 6 4 4
141 10 2 1 3
142 6 3 2 3
143 9 1 2 3
144 7 4 0 8
145 2 3 2 4
146 3 7 0 4
147 6 5 4 6
148 8 6 4 1
149 4 7 1 6
150 8 3 2 7
151 4 0 2 6
152 8 5 2 7
153 7 6 3 10
154 12 1 2 6
155 8 5 1 7
156 9 3 2 7
157 10 1 5 10
158 10 5 3 2
159 14 5 6 7
160 13 4 5 8
161 10 5 7 6
162 14 5 1 3
163 16 5 3 8
164 7 6 3 6
165 11 11 4 12
166 6 6 3 6
167 7 10 7 8
168 12 6 8 9
169 7 3 3 11
170 7 8 2 10
171 10 3 4 14
172 8 7 7 18
173 11 8 5 6
174 14 4 3 11
175 12 6 0 10
176 9 8 4 13
177 14 3 3 13
178 14 7 3 5
179 17 6 2 11
180 14 8 6 10
181 19 8 3 8
182 17 10 5 3
183 12 10 7 11
184 20 4 5 9
185 18 6 3 15
186 17 8 8 14
187 15 10 7 12
188 14 10 7 9
189 12 12 9 11
190 16 9 5 19
191 16 7 2 9
192 19 4 7 16
193 14 11 4 19
194 15 13 5 22
195 16 16 6 11
196 12 8 5 12
197 13 9 7 15
198 13 12 1 18
199 16 9 9 23
200 13 16 6 12
201 11 8 4 10
202 14 9 4 14
203 14 6 7 16
204 10 12 3 21
205 18 7 7 11
206 15 7 9 14
207 11 11 3 18
208 14 5 9 11
209 9 10 2 16
210 10 11 3 11
211 11 10 4 21
212 13 12 3 19
213 14 5 2 12
214 13 9 4 10
215 11 3 6 10
216 8 6 5 15
217 12 4 9 9
218 7 11 7 16
219 6 5 5 9
220 3 7 3 10
221 5 8 3 14
222 9 3 6 15
223 3 7 6 15
224 3 8 1 10
225 3 4 1 16
226 5 3 5 7
227 5 3 5 14
228 5 2 2 9
229 6 0 1 8
230 4 3 2 7
231 3 3 2 7
232 4 4 3 3
233 3 4 1 6
234 1 1 2 3
235 3 3 0 6
236 1 4 0 7
237 5 1 1 5
238 3 3 4 3
239 2 2 1 2
240 8 3 1 4
241 5 1 2 4
242 3 3 0 5
243 8 2 2 3
244 3 0 1 4
245 5 2 3 7
246 3 5 1 5
247 4 1 0 5
248 3 3 3 0
249 2 5 0 4
250 6 3 2 4
251 2 3 1 1
252 3 4 1 5
253 5 2 2 3
254 5 1 2 3
255 7 5 1 3
256 4 1 4 6
257 5 1 0 7
258 2 3 2 3
259 1 0 1 4
260 2 2 4 4
261 1 2 1 3
262 2 4 0 7
263 1 5 1 2
264 3 1 1 4
265 1 3 1 5
266 0 4 0 4
267 1 0 2 6
268 3 1 0 2
269 2 0 1 4
270 1 1 0 4
271 2 0 0 2
272 2 0 0 1
273 1 1 3 3
274 2 0 1 1
275 0 0 0 2
276 3 0 1 0
277 0 0 2 3
278 1 1 0 1
279 1 3 0 0
280 2 1 1 1
281 0 3 0 1
282 0 0 2 0
283 1 0 0 2
284 4 0 0 1
285 1 1 1 4
286 1 0 0 3
287 2 1 0 1
288 2 2 0 1
289 2 1 1 2
290 0 1 0 0
291 2 1 0 0
292 2 0 0 2
293 1 2 0 1
294 2 0 2 2
295 0 1 0 1
296 1 2 1 1
297 0 3 1 1
298 0 1 0 2
299 1 2 0 1
300 0 0 0 3
301 1 1 0 3
302 0 0 0 0
303 1 0 0 1
304 1 1 0 2
305 0 0 0 1
306 1 1 0 2
307 0 0 0 0
308 0 0 0 1
309 3 1 0 0
310 0 0 0 0
311 1 0 0 1
312 0 1 0 0
313 0 0 0 1
314 2 0 1 0
315 0 1 0 0
316 1 0 0 2
317 1 0 0 0
318 0 1 1 0
319 1 0 0 1
320 1 1 0 0
321 1 0 0 1
322 1 0 0 1
323 0 1 1 0
324 0 1 0 1
325 1 1 1 1
326 0 0 1 0
327 0 0 0 1
328 0 0 0 0
329 0 0 0 0
330 0 1 1 1
331 0 1 0 1
332 0 0 0 2
333 0 0 0 1
334 0 0 0 1
335 0 0 0 0
336 0 0 0 1
337 0 0 0 0
338 0 0 0 1
339 0 0 0 0
340 0 0 0 0
341 0 0 0 0
342 0 0 0 0
343 0 0 0 0
344 1 0 0 0
345 0 0 0 0
346 0 0 0 0
347 1 0 0 0
348 0 0 0 0
349 0 1 0 0
350 0 0 0 0
351 0 0 0 0
352 0 0 1 0
353 0 0 0 0
354 0 0 0 0
355 0 0 0 0
356 0 0 0 1
357 0 0 0 0
358 0 0 0 0
359 0 0 0 1
360 0 0 0 0
361 0 0 0 0
362 0 0 0 0
363 0 0 0 0
364 0 0 0 0
365 0 0 0 0
366 0 0 0 0
367 0 0 0 0
368 0 0 0 0
369 0 0 0 0
370 0 0 0 0
371 0 0 0 0
372 0 0 0 0
373 0 0 0 0
374 0 0 0 0
375 0 0 0 0
376 0 0 0 0
377 0 0 0 0
378 0 0 0 0
379 0 0 0 0
380 0 0 0 0
381 0 0 0 0
382 0 0 0 0
383 0 0 0 0
384 0 0 0 0
385 0 0 0 0
386 0 0 0 0
387 0 0 0 0
388 0 0 0 0
389 0 0 0 0
390 0 0 0 0
391 0 0 0 0
392 0 0 0 0
393 0 0 0 0
394 0 0 0 0
395 0 0 0 0
396 0 0 0 0
397 0 0 0 0
398 0 0 0 0
399 0 0 0 0
400 0 0 0 0
401 0 0 0 0
402 0 0 0 0
403 0 0 0 0
404 0 0 0 0
405 0 0 0 0
406 0 0 0 0
407 0 0 0 0
408 0 0 0 0
409 0 0 0 0
410 0 0 0 0
411 0 0 0 0
412 0 0 0 0
413 0 0 0 0
414 0 0 0 0
415 0 0 0 0
416 0 0 0 0
417 0 0 0 0
418 0 0 0 0
419 0 0 0 0
420 0 0 0 0
421 0 0 0 0
422 0 0 0 0
423 0 0 0 0
424 0 0 0 0
425 0 0 0 0
426 0 0 0 0
427 0 0 0 0
428 0 0 0 0
429 0 0 0 0
430 0 0 0 0
431 0 0 0 0
432 0 0 0 0
433 0 0 0 0
434 0 0 0 0
435 0 0 0 0
436 0 0 0 0
437 0 0 0 0
438 0 0 0 0
439 0 0 0 0
440 0 0 0 0
441 0 0 0 0
442 0 0 0 0
443 0 0 0 0
444 0 0 0 0
445 0 0 0 0
446 0 0 0 0
447 0 0 0 0
448 0 0 0 0
449 0 0 0 0
450 0 0 0 0
451 0 0 0 0
452 0 0 0 0
453 0 0 0 0
454 0 0 0 0
455 0 0 0 0
456 0 0 0 0
457 0 0 0 0
458 0 0 0 0
459 0 0 0 0
460 0 0 0 0
461 0 0 0 0
462 0 0 0 0
463 0 0 0 0
464 0 0 0 0
465 0 0 0 0
466 0 0 0 0
467 0 0 0 0
468 0 0 0 0
469 0 0 0 0
470 0 0 0 0
471 0 0 0 0
472 0 0 0 0
473 0 0 0 0
474 0 0 0 0
475 0 0 0 0
476 0 0 0 0
477 0 0 0 0
478 0 0 0 0
479 0 0 0 0
480 0 0 0 0
481 0 0 0 0
482 0 0 0 0
483 0 0 0 0
484 0 0 0 0
485 0 0 0 0
486 0 0 0 0
487 0 0 0 0
488 0 0 0 0
489 0 0 0 0
490 0 0 0 0
491 0 0 0 0
492 0 0 0 0
493 0 0 0 0
494 0 0 0 0
495 0 0 0 0
496 0 0 0 0
497 0 0 0 0
498 0 0 0 0
499 0 0 0 0
500 0 0 0 0
501 0 0 0 0
502 0 0 0 0
503 0 0 0 0
504 0 0 0 0
505 0 0 0 0
506 0 0 0 0
507 0 0 0 0
508 0 0 0 0
509 0 0 0 0
510 0 0 0 0
511 0 0 0 0
512 0 0 0 0
513 0 0 0 0
514 0 0 0 0
515 0 0 0 0
516 0 0 0 0
517 0 0 0 0
518 0 0 0 0
519 0 0 0 0
520 0 0 0 0
521 0 0 0 0
522 0 0 0 0
523 0 0 0 0
524 0 0 0 0
525 0 0 0 0
526 0 0 0 0
527 0 0 0 0
528 0 0 0 0
529 0 0 0 0
530 0 0 0 0
531 0 0 0 0
532 0 0 0 0
533 0 0 0 0
534 0 0 0 0
535 0 0 0 0
536 0 0 0 0
537 0 0 0 0
538 0 0 0 0
539 0 0 0 0
540 0 0 0 0
541 0 0 0 0
542 0 0 0 0
543 0 0 0 0
544 0 0 0 0
545 0 0 0 0
546 0 0 0 0
547 0 0 0 0
548 0 0 0 0
549 0 0 0 0
550 0 0 0 0
551 0 0 0 0
552 0 0 0 0
553 0 0 0 0
554 0 0 0 0
555 0 0 0 0
556 0 0 0 0
557 0 0 0 0
558 0 0 0 0
559 0 0 0 0
560 0 0 0 0
561 0 0 0 0
562 0 0 0 0
563 0 0 0 0
564 0 0 0 0
565 0 0 0 0
566 0 0 0 0
567 0 0 0 0
568 0 0 0 0
569 0 0 0 0
570 0 0 0 0
571 0 0 0 0
572 0 0 0 0
573 0 0 0 0
574 0 0 0 0
575 0 0 0 0
576 0 0 0 0
577 0 0 0 0
578 0 0 0 0
579 0 0 0 0
580 0 0 0 0
581 0 0 0 0
582 0 0 0 0
583 0 0 0 0
584 0 0 0 0
585 0 0 0 0
586 0 0 0 0
587 0 0 0 0
588 0 0 0 0
589 0 0 0 0
590 0 0 0 0
591 0 0 0 0
592 0 0 0 0
593 0 0 0 0
594 0 0 0 0
595 0 0 0 0
596 0 0 0 0
597 0 0 0 0
598 0 0 0 0
599 0 0 0 0
600 0 0 0 0
601 0 0 0 0
602 0 0 0 0
603 0 0 0 0
604 0 0 0 0
605 0 0 0 0
606 0 0 0 0
607 0 0 0 0
608 0 0 0 0
609 0 0 0 0
610 0 0 0 0
611 0 0 0 0
612 0 0 0 0
613 0 0 0 0
614 0 0 0 0
615 0 0 0 0
616 0 0 0 0
617 0 0 0 0
618 0 0 0 0
619 0 0 0 0
620 0 0 0 0
621 0 0 0 0
622 0 0 0 0
623 0 0 0 0
624 0 0 0 0
625 0 0 0 0
626 0 0 0 0
627 0 0 0 0
628 0 0 0 0
629 0 0 0 0
630 0 0 0 0
631 0 0 0 0
632 0 0 0 0
633 0 0 0 0
634 0 0 0 0
635 0 0 0 0
636 0 0 0 0
637 0 0 0 0
638 0 0 0 0
639 0 0 0 0
640 0 0 0 0
641 0 0 0 0
642 0 0 0 0
643 0 0 0 0
644 0 0 0 0
645 0 0 0 0
646 0 0 0 0
647 0 0 0 0
648 0 0 0 0
649 0 0 0 0
650 0 0 0 0
651 0 0 0 0
652 0 0 0 0
653 0 0 0 0
654 0 0 0 0
655 0 0 0 0
656 0 0 0 0
657 0 0 0 0
658 0 0 0 0
659 0 0 0 0
660 0 0 0 0
661 0 0 0 0
662 0 0 0 0
663 0 0 0 0
664 0 0 0 0
665 0 0 0 0
666 0 0 0 0
667 0 0 0 0
668 0 0 0 0
669 0 0 0 0
670 0 0 0 0
671 0 0 0 0
672 0 0 0 0
673 0 0 0 0
674 0 0 0 0
675 0 0 0 0
676 0 0 0 0
677 0 0 0 0
678 0 0 0 0
679 0 0 0 0
680 0 0 0 0
681 0 0 0 0
682 0 0 0 0
683 0 0 0 0
684 0 0 0 0
685 0 0 0 0
686 0 0 0 0
687 0 0 0 0
688 0 0 0 0
689 0 0 0 0
690 0 0 0 0
691 0 0 0 0
692 0 0 0 0
693 0 0 0 0
694 0 0 0 0
695 0 0 0 0
696 0 0 0 0
697 0 0 0 0
698 0 0 0 0
699 0 0 0 0
700 0 0 0 0
701 0 0 0 0
702 0 0 0 0
703 0 0 0 0
704 0 0 0 0
705 0 0 0 0
706 0 0 0 0
707 0 0 0 0
708 0 0 0 0
709 0 0 0 0
710 0 0 0 0
711 0 0 0 0
712 0 0 0 0
713 0 0 0 0
714 0 0 0 0
715 0 0 0 0
716 0 0 0 0
717 0 0 0 0
718 0 0 0 0
719 0 0 0 0
720 0 0 0 0
721 0 0 0 0
722 0 0 0 0
723 0 0 0 0
724 0 0 0 0
725 0 0 0 0
726 0 0 0 0
727 0 0 0 0
