0 0 0 0 0
1 0 0 0 0
2 0 0 0 0
3 0 0 0 0
4 0 0 0 0
5 0 3 0 0
6 0 0 0 0
7 0 0 0 0
8 0 0 0 0
9 0 1 1 2
10 0 0 0 0
11 0 0 0 0
12 0 0 0 1
13 0 0 0 0
14 0 0 0 0
15 1 0 0 0
16 0 0 0 2
17 0 0 0 0
18 0 0 0 0
19 0 0 0 0
20 0 0 0 0
21 0 0 0 0
22 1 0 0 0
23 0 0 0 0
24 1 1 0 0
25 1 0 0 0
26 0 0 0 0
27 1 1 0 0
28 0 0 0 0
29 0 0 1 0
30 1 0 0 0
31 1 0 0 2
32 0 0 0 0
33 0 0 0 1
34 0 1 0 0
35 0 1 1 0
36 0 0 1 0
37 0 0 0 0
38 1 0 0 0
39 0 0 0 1
40 0 0 0 0
41 0 0 0 1
42 1 0 0 1
43 1 0 0 1
44 1 0 0 0
45 1 0 0 0
46 0 0 0 0
47 0 2 0 0
48 1 0 1 0
49 1 0 0 0
50 0 0 1 0
51 0 0 0 2
52 0 0 0 0
53 1 2 0 0
54 1 0 1 1
55 1 0 0 1
56 2 0 0 0
57 0 0 0 0
58 0 1 0 0
59 0 0 1 0
60 0 0 0 2
61 1 1 0 1
62 0 0 0 1
63 0 0 0 0
64 0 1 0 0
65 1 1 0 1
66 1 0 0 1
67 1 0 0 0
68 1 0 0 1
69 1 0 0 1
70 1 1 1 0
71 0 1 0 0
72 3 1 0 0
73 1 0 0 0
74 1 0 0 1
75 1 1 0 1
76 1 1 0 0
77 3 0 0 1
78 1 0 1 0
79 0 0 1 2
80 0 1 0 1
81 0 3 1 0
82 1 1 1 0
83 2 0 0 0
84 3 0 1 1
85 1 0 0 5
86 1 1 0 2
87 1 2 0 0
88 1 1 0 0
89 1 0 1 1
90 2 1 0 1
91 0 0 0 2
92 2 2 0 0
93 3 2 1 1
94 4 0 0 2
95 2 0 1 1
96 1 0 0 1
97 2 1 0 3
98 2 0 2 0
99 4 1 1 1
100 2 2 0 0
101 3 1 1 0
102 3 1 3 3
103 1 3 2 0
104 1 1 1 3
105 1 1 0 3
106 3 2 0 3
107 1 2 2 2
108 3 0 1 1
109 4 0 2 2
110 3 1 2 4
111 4 0 0 3
112 4 0 1 1
113 2 0 3 1
114 4 0 1 3
115 3 1 2 1
116 3 1 3 3
117 4 1 0 3
118 8 2 2 0
119 9 2 2 1
120 7 1 2 4
121 7 3 1 1
122 4 3 0 3
123 8 3 4 5
124 8 2 4 4
125 5 5 2 4
126 5 0 5 2
127 7 3 1 3
128 6 6 6 6
129 8 4 6 7
130 7 5 2 7
131 6 1 3 6
132 7 8 1 10
133 7 1 2 4
134 9 5 1 5
135 3 4 2 9
136 8 2 0 12
137 6 3 2 5
138 9 4 4 2
139 10 7 1 7
140 10 4 1 2
141 12 7 3 8
142 9 4 5 5
143 8 3 5 3
144 10 5 1 3
145 12 4 1 9
146 8 2 4 12
147 7 6 2 10
148 11 7 0 10
149 18 7 4 4
150 13 10 4 5
151 13 8 2 6
152 11 4 8 9
153 14 6 7 7
154 9 9 7 14
155 9 7 4 9
156 13 10 2 10
157 9 4 4 11
158 9 7 10 10
159 15 5 4 12
160 14 5 2 10
161 5 5 9 16
162 13 5 4 13
163 13 6 2 17
164 13 13 7 9
165 12 7 7 18
166 10 2 5 7
167 12 5 4 5
168 19 5 0 14
169 18 6 4 10
170 13 6 3 8
171 15 9 5 15
172 21 9 6 9
173 20 12 7 9
174 13 10 3 9
175 15 13 2 13
176 18 7 8 14
177 13 14 8 14
178 15 12 11 11
179 19 8 6 16
180 13 12 4 15
181 17 10 8 16
182 22 9 5 17
183 18 7 2 19
184 19 9 5 22
185 18 6 10 19
186 19 8 5 13
187 21 16 6 14
188 21 13 8 15
189 15 9 8 17
190 24 12 7 7
191 21 11 11 17
192 20 7 12 24
193 22 10 11 18
194 20 8 5 19
195 19 11 7 20
196 20 11 12 16
197 23 14 6 24
198 20 9 12 11
199 17 10 8 20
200 23 9 7 19
201 27 10 12 16
202 39 12 8 17
203 15 10 9 23
204 17 14 8 19
205 14 11 10 21
206 19 12 13 17
207 14 21 12 18
208 15 11 7 29
209 10 11 9 26
210 14 16 8 24
211 18 15 10 25
212 13 11 4 17
213 9 9 6 17
214 12 5 6 28
215 12 10 7 19
216 8 10 7 16
217 11 7 5 20
218 13 8 5 23
219 10 7 3 23
220 10 12 2 11
221 6 9 2 12
222 7 7 3 10
223 16 9 5 16
224 9 7 4 13
225 6 4 4 10
226 3 6 3 11
227 9 5 5 10
228 7 8 6 11
229 6 5 3 9
230 6 3 5 11
231 5 2 2 14
232 3 6 4 10
233 2 4 5 9
234 3 3 3 7
235 3 5 3 9
236 2 8 0 11
237 4 3 2 9
238 4 1 2 7
239 3 1 2 10
240 3 2 0 7
241 3 2 0 4
242 5 2 0 3
243 5 3 0 6
244 5 1 2 3
245 6 1 1 3
246 1 4 1 3
247 5 4 0 3
248 3 2 3 3
249 1 5 0 2
250 0 2 1 4
251 1 2 2 3
252 1 5 1 6
253 4 2 2 4
254 1 2 0 3
255 2 0 0 2
256 0 2 0 6
257 2 3 0 4
258 1 2 0 2
259 1 1 0 3
260 0 1 0 3
261 1 0 0 4
262 1 1 3 1
263 1 1 0 2
264 0 1 0 1
265 1 0 0 1
266 0 2 0 0
267 0 0 1 2
268 0 1 0 1
269 0 0 0 4
270 0 1 0 2
271 0 0 0 1
272 0 1 0 1
273 0 0 0 0
274 0 0 0 0
275 0 0 0 0
276 0 0 0 1
277 0 0 0 1
278 0 0 0 0
279 0 0 0 0
280 0 0 0 0
281 0 0 0 0
282 0 0 0 0
283 0 0 0 0
284 0 0 0 0
285 0 0 0 0
286 0 0 0 0
287 0 0 0 0
288 0 0 0 0
289 0 0 0 0
290 0 0 0 0
291 0 0 0 0
292 0 0 0 0
293 0 0 0 0
294 0 0 0 0
295 0 0 0 0
296 0 0 0 0
297 0 0 0 0
298 0 0 0 0
299 0 0 0 0
300 0 0 0 0
301 0 0 0 0
302 0 0 0 0
303 0 0 0 0
304 0 0 0 0
305 0 0 0 0
306 0 0 0 0
307 0 0 0 0
308 0 0 0 0
309 0 0 0 0
310 0 0 0 0
311 0 0 0 0
312 0 0 0 0
313 0 0 0 0
314 0 0 0 0
315 0 0 0 0
316 0 0 0 0
317 0 0 0 0
318 0 0 0 0
319 0 0 0 0
320 0 0 0 0
321 0 0 0 0
322 0 0 0 0
323 0 0 0 0
324 0 0 0 0
325 0 0 0 0
326 0 0 0 0
327 0 0 0 0
328 0 0 0 0
329 0 0 0 0
330 0 0 0 0
331 0 0 0 0
332 0 0 0 0
333 0 0 0 0
334 0 0 0 0
335 0 0 0 0
336 0 0 0 0
337 0 0 0 0
338 0 0 0 0
339 0 0 0 0
340 0 0 0 0
341 0 0 0 0
342 0 0 0 0
343 0 0 0 0
344 0 0 0 0
345 0 0 0 0
346 0 0 0 0
347 0 0 0 0
348 0 0 0 0
349 0 0 0 0
350 0 0 0 0
351 0 0 0 0
352 0 0 0 0
353 0 0 0 0
354 0 0 0 0
355 0 0 0 0
356 0 0 0 0
357 0 0 0 0
358 0 0 0 0
359 0 0 0 0
360 0 0 0 0
361 0 0 0 0
362 0 0 0 0
363 0 0 0 0
364 0 0 0 0
365 0 0 0 0
366 0 0 0 0
367 0 0 0 0
368 0 0 0 0
369 0 0 0 0
370 0 0 0 0
371 0 0 0 0
372 0 0 0 0
373 0 0 0 0
374 0 0 0 0
375 0 0 0 0
376 0 0 0 0
377 0 0 0 0
378 0 0 0 0
379 0 0 0 0
380 0 0 0 0
381 0 0 0 0
382 0 0 0 0
383 0 0 0 0
384 0 0 0 0
385 0 0 0 0
386 0 0 0 0
387 0 0 0 0
388 0 0 0 0
389 0 0 0 0
390 0 0 0 0
391 0 0 0 0
392 0 0 0 0
393 0 0 0 0
394 0 0 0 0
395 0 0 0 0
396 0 0 0 0
397 0 0 0 0
398 0 0 0 0
399 0 0 0 0
400 0 0 0 0
401 0 0 0 0
402 0 0 0 0
403 0 0 0 0
404 0 0 0 0
405 0 0 0 0
406 0 0 0 0
407 0 0 0 0
408 0 0 0 0
409 0 0 0 0
410 0 0 0 0
411 0 0 0 0
412 0 0 0 0
413 0 0 0 0
414 0 0 0 0
415 0 0 0 0
416 0 0 0 0
417 0 0 0 0
418 0 0 0 0
419 0 0 0 0
420 0 0 0 0
421 0 0 0 0
422 0 0 0 0
423 0 0 0 0
424 0 0 0 0
425 0 0 0 0
426 0 0 0 0
427 0 0 0 0
428 0 0 0 0
429 0 0 0 0
430 0 0 0 0
431 0 0 0 0
432 0 0 0 0
433 0 0 0 0
434 0 0 0 0
435 0 0 0 0
436 0 0 0 0
437 0 0 0 0
438 0 0 0 0
439 0 0 0 0
440 0 0 0 0
441 0 0 0 0
442 0 0 0 0
443 0 0 0 0
444 0 0 0 0
445 0 0 0 0
446 0 0 0 0
447 0 0 0 0
448 0 0 0 0
449 0 0 0 0
450 0 0 0 0
451 0 0 0 0
452 0 0 0 0
453 0 0 0 0
454 0 0 0 0
455 0 0 0 0
456 0 0 0 0
457 0 0 0 0
458 0 0 0 0
459 0 0 0 0
460 0 0 0 0
461 0 0 0 0
462 0 0 0 0
463 0 0 0 0
464 0 0 0 0
465 0 0 0 0
466 0 0 0 0
467 0 0 0 0
468 0 0 0 0
469 0 0 0 0
470 0 0 0 0
471 0 0 0 0
472 0 0 0 0
473 0 0 0 0
474 0 0 0 0
475 0 0 0 0
476 0 0 0 0
477 0 0 0 0
478 0 0 0 0
479 0 0 0 0
480 0 0 0 0
481 0 0 0 0
482 0 0 0 0
483 0 0 0 0
484 0 0 0 0
485 0 0 0 0
486 0 0 0 0
487 0 0 0 0
488 0 0 0 0
489 0 0 0 0
490 0 0 0 0
491 0 0 0 0
492 0 0 0 0
493 0 0 0 0
494 0 0 0 0
495 0 0 0 0
496 0 0 0 0
497 0 0 0 0
498 0 0 0 0
499 0 0 0 0
500 0 0 0 0
501 0 0 0 0
502 0 0 0 0
503 0 0 0 0
504 0 0 0 0
505 0 0 0 0
506 0 0 0 0
507 0 0 0 0
508 0 0 0 0
509 0 0 0 0
510 0 0 0 0
511 0 0 0 0
512 0 0 0 0
513 0 0 0 0
514 0 0 0 0
515 0 0 0 0
516 0 0 0 0
517 0 0 0 0
518 0 0 0 0
519 0 0 0 0
520 0 0 0 0
521 0 0 0 0
522 0 0 0 0
523 0 0 0 0
524 0 0 0 0
525 0 0 0 0
526 0 0 0 0
527 0 0 0 0
528 0 0 0 0
529 0 0 0 0
530 0 0 0 0
531 0 0 0 0
532 0 0 0 0
533 0 0 0 0
534 0 0 0 0
535 0 0 0 0
536 0 0 0 0
537 0 0 0 0
538 0 0 0 0
539 0 0 0 0
540 0 0 0 0
541 0 0 0 0
542 0 0 0 0
543 0 0 0 0
544 0 0 0 0
545 0 0 0 0
546 0 0 0 0
547 0 0 0 0
548 0 0 0 0
549 0 0 0 0
550 0 0 0 0
551 0 0 0 0
552 0 0 0 0
553 0 0 0 0
554 0 0 0 0
555 0 0 0 0
556 0 0 0 0
557 0 0 0 0
558 0 0 0 0
559 0 0 0 0
560 0 0 0 0
561 0 0 0 0
562 0 0 0 0
563 0 0 0 0
564 0 0 0 0
565 0 0 0 0
566 0 0 0 0
567 0 0 0 0
568 0 0 0 0
569 0 0 0 0
570 0 0 0 0
571 0 0 0 0
572 0 0 0 0
573 0 0 0 0
574 0 0 0 0
575 0 0 0 0
576 0 0 0 0
577 0 0 0 0
578 0 0 0 0
579 0 0 0 0
580 0 0 0 0
581 0 0 0 0
582 0 0 0 0
583 0 0 0 0
584 0 0 0 0
585 0 0 0 0
586 0 0 0 0
587 0 0 0 0
588 0 0 0 0
589 0 0 0 0
590 0 0 0 0
591 0 0 0 0
592 0 0 0 0
593 0 0 0 0
594 0 0 0 0
595 0 0 0 0
596 0 0 0 0
597 0 0 0 0
598 0 0 0 0
599 0 0 0 0
600 0 0 0 0
601 0 0 0 0
602 0 0 0 0
603 0 0 0 0
604 0 0 0 0
605 0 0 0 0
606 0 0 0 0
607 0 0 0 0
608 0 0 0 0
609 0 0 0 0
610 0 0 0 0
611 0 0 0 0
612 0 0 0 0
613 0 0 0 0
614 0 0 0 0
615 0 0 0 0
616 0 0 0 0
617 0 0 0 0
618 0 0 0 0
619 0 0 0 0
620 0 0 0 0
621 0 0 0 0
622 0 0 0 0
623 0 0 0 0
624 0 0 0 0
625 0 0 0 0
626 0 0 0 0
627 0 0 0 0
628 0 0 0 0
629 0 0 0 0
630 0 0 0 0
631 0 0 0 0
632 0 0 0 0
633 0 0 0 0
634 0 0 0 0
635 0 0 0 0
636 0 0 0 0
637 0 0 0 0
638 0 0 0 0
639 0 0 0 0
640 0 0 0 0
641 0 0 0 0
642 0 0 0 0
643 0 0 0 0
644 0 0 0 0
645 0 0 0 0
646 0 0 0 0
647 0 0 0 0
648 0 0 0 0
649 0 0 0 0
650 0 0 0 0
651 0 0 0 0
652 0 0 0 0
653 0 0 0 0
654 0 0 0 0
655 0 0 0 0
656 0 0 0 0
657 0 0 0 0
658 0 0 0 0
659 0 0 0 0
660 0 0 0 0
661 0 0 0 0
662 0 0 0 0
663 0 0 0 0
664 0 0 0 0
665 0 0 0 0
666 0 0 0 0
667 0 0 0 0
668 0 0 0 0
669 0 0 0 0
670 0 0 0 0
671 0 0 0 0
672 0 0 0 0
673 0 0 0 0
674 0 0 0 0
675 0 0 0 0
676 0 0 0 0
677 0 0 0 0
678 0 0 0 0
679 0 0 0 0
680 0 0 0 0
681 0 0 0 0
682 0 0 0 0
683 0 0 0 0
684 0 0 0 0
685 0 0 0 0
686 0 0 0 0
687 0 0 0 0
688 0 0 0 0
689 0 0 0 0
690 0 0 0 0
691 0 0 0 0
692 0 0 0 0
693 0 0 0 0
694 0 0 0 0
695 0 0 0 0
696 0 0 0 0
697 0 0 0 0
698 0 0 0 0
699 0 0 0 0
700 0 0 0 0
701 0 0 0 0
702 0 0 0 0
703 0 0 0 0
704 0 0 0 0
705 0 0 0 0
706 0 0 0 0
707 0 0 0 0
708 0 0 0 0
709 0 0 0 0
710 0 0 0 0
711 0 0 0 0
712 0 0 0 0
713 0 0 0 0
714 0 0 0 0
715 0 0 0 0
716 0 0 0 0
717 0 0 0 0
718 0 0 0 0
719 0 0 0 0
720 0 0 0 0
721 0 0 0 0
722 0 0 0 0
723 0 0 0 0
724 0 0 0 0
725 0 0 0 0
726 0 0 0 0
727 0 0 0 0
