0 0 0 0 0
1 0 0 0 0
2 0 0 0 0
3 0 0 0 0
4 0 0 0 0
5 0 1 2 0
6 0 0 0 0
7 0 0 0 0
8 0 0 0 0
9 0 2 0 0
10 0 0 0 0
11 0 0 0 0
12 0 0 0 3
13 0 0 0 1
14 0 0 0 0
15 0 0 0 0
16 1 0 0 1
17 0 0 0 0
18 0 0 0 0
19 0 0 0 0
20 2 0 0 0
21 1 0 0 0
22 2 0 0 0
23 0 0 0 0
24 3 0 0 0
25 1 1 1 0
26 1 0 0 0
27 0 1 1 0
28 0 0 0 0
29 0 0 1 0
30 0 1 1 0
31 1 0 1 0
32 0 0 0 2
33 0 2 1 1
34 0 0 0 3
35 0 0 0 0
36 1 0 1 0
37 2 0 0 3
38 0 0 0 1
39 2 0 0 0
40 1 0 0 1
41 3 0 0 0
42 0 1 1 0
43 0 0 0 1
44 3 1 0 0
45 2 1 1 0
46 3 0 0 1
47 0 0 0 0
48 2 1 0 1
49 0 2 0 2
50 2 4 0 0
51 1 0 1 0
52 0 0 0 1
53 3 1 1 1
54 2 1 0 3
55 1 2 1 1
56 1 0 1 1
57 0 0 1 2
58 1 1 0 1
59 0 1 2 2
60 0 0 0 2
61 1 0 1 2
62 1 2 0 0
63 1 1 0 2
64 2 0 1 0
65 3 0 0 3
66 1 0 0 3
67 1 0 0 1
68 2 0 0 0
69 2 1 0 0
70 3 1 0 0
71 1 3 0 1
72 2 1 0 0
73 4 1 1 1
74 1 2 2 1
75 3 0 2 1
76 4 1 0 0
77 5 1 0 1
78 2 2 2 6
79 2 0 1 1
80 4 0 2 2
81 1 1 3 0
82 1 1 2 3
83 2 2 0 1
84 0 1 2 3
85 0 2 0 5
86 3 1 2 3
87 0 1 1 3
88 2 1 2 2
89 0 1 2 1
90 1 0 1 2
91 1 1 1 2
92 3 0 0 4
93 2 0 2 3
94 1 0 0 1
95 2 2 0 1
96 5 0 0 1
97 4 2 0 1
98 3 1 0 2
99 1 0 0 1
100 1 1 0 2
101 3 1 0 0
102 1 2 1 2
103 5 1 1 0
104 0 1 1 2
105 3 3 2 1
106 6 3 0 2
107 3 1 1 2
108 4 1 0 0
109 2 0 0 4
110 2 5 1 2
111 2 5 1 2
112 3 4 2 3
113 3 1 1 2
114 3 2 0 5
115 2 2 1 2
116 2 0 1 3
117 2 2 2 3
118 1 1 1 4
119 3 0 0 5
120 2 2 2 3
121 2 2 1 2
122 3 3 0 3
123 3 2 2 0
124 3 2 0 4
125 5 0 1 3
126 5 1 0 2
127 3 0 1 4
128 4 2 1 2
129 4 2 1 1
130 6 4 0 2
131 4 2 3 3
132 4 0 2 2
133 2 1 2 2
134 2 2 3 3
135 1 3 3 5
136 1 1 2 3
137 5 3 3 2
138 5 0 1 4
139 3 1 2 5
140 2 3 1 5
141 3 2 1 4
142 6 1 2 2
143 4 2 0 2
144 8 1 0 6
145 11 0 0 2
146 9 3 0 4
147 7 5 1 3
148 9 3 3 2
149 10 3 3 1
150 9 3 2 3
151 8 7 3 5
152 5 4 1 3
153 9 4 5 5
154 3 5 7 6
155 5 5 1 12
156 6 4 4 3
157 5 6 2 7
158 2 6 5 8
159 2 6 3 5
160 5 2 4 8
161 3 4 2 10
162 3 4 0 11
163 5 2 1 8
164 4 0 1 9
165 3 4 0 8
166 9 4 2 5
167 9 2 0 4
168 10 4 1 3
169 7 3 3 4
170 10 1 1 3
171 9 5 2 1
172 10 3 2 6
173 5 6 5 6
174 9 4 2 2
175 12 4 1 5
176 7 8 4 6
177 5 1 1 6
178 9 4 3 5
179 8 9 4 7
180 9 7 3 11
181 8 5 8 4
182 5 3 1 6
183 9 6 2 13
184 3 7 4 9
185 8 3 4 7
186 8 4 2 8
187 7 4 3 7
188 9 2 4 14
189 12 4 2 5
190 9 6 3 9
191 10 1 5 8
192 8 5 3 7
193 7 4 2 4
194 7 5 5 10
195 18 5 5 6
196 10 6 5 6
197 9 5 4 6
198 6 6 4 11
199 8 3 1 11
200 9 7 6 8
201 9 8 1 11
202 8 3 4 11
203 11 7 2 9
204 9 9 3 9
205 7 3 3 5
206 7 5 3 3
207 11 5 3 9
208 5 8 4 13
209 8 7 3 8
210 10 6 3 9
211 7 5 3 10
212 5 5 7 8
213 5 6 3 9
214 6 3 3 9
215 3 6 4 13
216 6 4 3 10
217 7 2 3 10
218 11 5 1 5
219 6 4 2 12
220 3 4 0 6
221 2 4 2 8
222 4 4 2 10
223 8 5 2 8
224 3 3 0 4
225 2 4 1 7
226 5 1 2 5
227 4 5 5 3
228 5 4 4 2
229 7 1 1 4
230 6 2 1 4
231 2 4 3 6
232 3 5 2 7
233 4 5 1 4
234 2 3 2 7
235 6 0 1 7
236 4 0 1 5
237 5 3 1 7
238 4 1 3 7
239 3 4 5 5
240 2 2 1 0
241 1 3 1 6
242 1 2 1 2
243 2 2 0 8
244 0 2 4 4
245 1 2 0 5
246 2 1 2 1
247 3 1 2 1
248 2 0 1 2
249 1 1 0 5
250 2 1 0 3
251 3 1 0 7
252 2 3 0 1
253 0 0 1 1
254 1 1 0 2
255 3 2 0 0
256 1 3 1 2
257 0 0 1 1
258 3 0 1 2
259 1 0 2 4
260 0 1 0 2
261 2 1 2 1
262 1 0 0 1
263 1 1 2 2
264 1 2 1 1
265 1 0 0 4
266 1 0 1 1
267 1 1 0 3
268 2 1 0 3
269 0 0 0 0
270 2 0 1 1
271 1 1 0 0
272 2 0 1 0
273 2 2 0 0
274 0 1 0 1
275 1 1 1 1
276 0 1 1 1
277 1 2 0 1
278 0 1 0 2
279 0 0 0 1
280 1 1 0 3
281 0 1 0 2
282 0 1 1 1
283 0 0 0 0
284 0 0 0 1
285 0 0 0 2
286 0 0 0 1
287 0 0 0 1
288 0 0 0 0
289 1 1 0 1
290 0 0 0 0
291 0 0 0 0
292 0 0 0 0
293 0 0 0 1
294 0 1 0 0
295 0 0 0 0
296 1 0 0 0
297 0 0 0 0
298 0 0 0 0
299 1 0 0 0
300 1 0 0 0
301 0 0 0 1
302 0 0 0 0
303 0 0 0 0
304 0 0 1 0
305 0 1 1 0
306 0 0 0 0
307 0 0 0 0
308 0 0 0 0
309 0 0 0 1
310 0 0 0 0
311 0 0 0 1
312 0 0 0 1
313 0 0 0 0
314 0 0 0 0
315 0 0 0 0
316 0 0 0 0
317 0 0 0 0
318 0 0 0 0
319 0 0 0 0
320 0 0 0 0
321 0 0 0 0
322 0 0 0 0
323 0 0 0 0
324 0 0 0 0
325 0 0 0 0
326 0 0 0 0
327 0 0 0 0
328 0 0 0 0
329 0 0 0 0
330 0 0 0 0
331 0 0 0 0
332 0 0 0 0
333 0 0 0 0
334 0 0 0 0
335 0 0 0 0
336 0 0 0 0
337 0 0 0 0
338 0 0 0 0
339 0 0 0 0
340 0 0 0 0
341 0 0 0 0
342 0 0 0 0
343 0 0 0 0
344 0 0 0 0
345 0 0 0 0
346 0 0 0 0
347 0 0 0 0
348 0 0 0 0
349 0 0 0 0
350 0 0 0 0
351 0 0 0 0
352 0 0 0 0
353 0 0 0 0
354 0 0 0 0
355 0 0 0 0
356 0 0 0 0
357 0 0 0 0
358 0 0 0 0
359 0 0 0 0
360 0 0 0 0
361 0 0 0 0
362 0 0 0 0
363 0 0 0 0
364 0 0 0 0
365 0 0 0 0
366 0 0 0 0
367 0 0 0 0
368 0 0 0 0
369 0 0 0 0
370 0 0 0 0
371 0 0 0 0
372 0 0 0 0
373 0 0 0 0
374 0 0 0 0
375 0 0 0 0
376 0 0 0 0
377 0 0 0 0
378 0 0 0 0
379 0 0 0 0
380 0 0 0 0
381 0 0 0 0
382 0 0 0 0
383 0 0 0 0
384 0 0 0 0
385 0 0 0 0
386 0 0 0 0
387 0 0 0 0
388 0 0 0 0
389 0 0 0 0
390 0 0 0 0
391 0 0 0 0
392 0 0 0 0
393 0 0 0 0
394 0 0 0 0
395 0 0 0 0
396 0 0 0 0
397 0 0 0 0
398 0 0 0 0
399 0 0 0 0
400 0 0 0 0
401 0 0 0 0
402 0 0 0 0
403 0 0 0 0
404 0 0 0 0
405 0 0 0 0
406 0 0 0 0
407 0 0 0 0
408 0 0 0 0
409 0 0 0 0
410 0 0 0 0
411 0 0 0 0
412 0 0 0 0
413 0 0 0 0
414 0 0 0 0
415 0 0 0 0
416 0 0 0 0
417 0 0 0 0
418 0 0 0 0
419 0 0 0 0
420 0 0 0 0
421 0 0 0 0
422 0 0 0 0
423 0 0 0 0
424 0 0 0 0
425 0 0 0 0
426 0 0 0 0
427 0 0 0 0
428 0 0 0 0
429 0 0 0 0
430 0 0 0 0
431 0 0 0 0
432 0 0 0 0
433 0 0 0 0
434 0 0 0 0
435 0 0 0 0
436 0 0 0 0
437 0 0 0 0
438 0 0 0 0
439 0 0 0 0
440 0 0 0 0
441 0 0 0 0
442 0 0 0 0
443 0 0 0 0
444 0 0 0 0
445 0 0 0 0
446 0 0 0 0
447 0 0 0 0
448 0 0 0 0
449 0 0 0 0
450 0 0 0 0
451 0 0 0 0
452 0 0 0 0
453 0 0 0 0
454 0 0 0 0
455 0 0 0 0
456 0 0 0 0
457 0 0 0 0
458 0 0 0 0
459 0 0 0 0
460 0 0 0 0
461 0 0 0 0
462 0 0 0 0
463 0 0 0 0
464 0 0 0 0
465 0 0 0 0
466 0 0 0 0
467 0 0 0 0
468 0 0 0 0
469 0 0 0 0
470 0 0 0 0
471 0 0 0 0
472 0 0 0 0
473 0 0 0 0
474 0 0 0 0
475 0 0 0 0
476 0 0 0 0
477 0 0 0 0
478 0 0 0 0
479 0 0 0 0
480 0 0 0 0
481 0 0 0 0
482 0 0 0 0
483 0 0 0 0
484 0 0 0 0
485 0 0 0 0
486 0 0 0 0
487 0 0 0 0
488 0 0 0 0
489 0 0 0 0
490 0 0 0 0
491 0 0 0 0
492 0 0 0 0
493 0 0 0 0
494 0 0 0 0
495 0 0 0 0
496 0 0 0 0
497 0 0 0 0
498 0 0 0 0
499 0 0 0 0
500 0 0 0 0
501 0 0 0 0
502 0 0 0 0
503 0 0 0 0
504 0 0 0 0
505 0 0 0 0
506 0 0 0 0
507 0 0 0 0
508 0 0 0 0
509 0 0 0 0
510 0 0 0 0
511 0 0 0 0
512 0 0 0 0
513 0 0 0 0
514 0 0 0 0
515 0 0 0 0
516 0 0 0 0
517 0 0 0 0
518 0 0 0 0
519 0 0 0 0
520 0 0 0 0
521 0 0 0 0
522 0 0 0 0
523 0 0 0 0
524 0 0 0 0
525 0 0 0 0
526 0 0 0 0
527 0 0 0 0
528 0 0 0 0
529 0 0 0 0
530 0 0 0 0
531 0 0 0 0
532 0 0 0 0
533 0 0 0 0
534 0 0 0 0
535 0 0 0 0
536 0 0 0 0
537 0 0 0 0
538 0 0 0 0
539 0 0 0 0
540 0 0 0 0
541 0 0 0 0
542 0 0 0 0
543 0 0 0 0
544 0 0 0 0
545 0 0 0 0
546 0 0 0 0
547 0 0 0 0
548 0 0 0 0
549 0 0 0 0
550 0 0 0 0
551 0 0 0 0
552 0 0 0 0
553 0 0 0 0
554 0 0 0 0
555 0 0 0 0
556 0 0 0 0
557 0 0 0 0
558 0 0 0 0
559 0 0 0 0
560 0 0 0 0
561 0 0 0 0
562 0 0 0 0
563 0 0 0 0
564 0 0 0 0
565 0 0 0 0
566 0 0 0 0
567 0 0 0 0
568 0 0 0 0
569 0 0 0 0
570 0 0 0 0
571 0 0 0 0
572 0 0 0 0
573 0 0 0 0
574 0 0 0 0
575 0 0 0 0
576 0 0 0 0
577 0 0 0 0
578 0 0 0 0
579 0 0 0 0
580 0 0 0 0
581 0 0 0 0
582 0 0 0 0
583 0 0 0 0
584 0 0 0 0
585 0 0 0 0
586 0 0 0 0
587 0 0 0 0
588 0 0 0 0
589 0 0 0 0
590 0 0 0 0
591 0 0 0 0
592 0 0 0 0
593 0 0 0 0
594 0 0 0 0
595 0 0 0 0
596 0 0 0 0
597 0 0 0 0
598 0 0 0 0
599 0 0 0 0
600 0 0 0 0
601 0 0 0 0
602 0 0 0 0
603 0 0 0 0
604 0 0 0 0
605 0 0 0 0
606 0 0 0 0
607 0 0 0 0
608 0 0 0 0
609 0 0 0 0
610 0 0 0 0
611 0 0 0 0
612 0 0 0 0
613 0 0 0 0
614 0 0 0 0
615 0 0 0 0
616 0 0 0 0
617 0 0 0 0
618 0 0 0 0
619 0 0 0 0
620 0 0 0 0
621 0 0 0 0
622 0 0 0 0
623 0 0 0 0
624 0 0 0 0
625 0 0 0 0
626 0 0 0 0
627 0 0 0 0
628 0 0 0 0
629 0 0 0 0
630 0 0 0 0
631 0 0 0 0
632 0 0 0 0
633 0 0 0 0
634 0 0 0 0
635 0 0 0 0
636 0 0 0 0
637 0 0 0 0
638 0 0 0 0
639 0 0 0 0
640 0 0 0 0
641 0 0 0 0
642 0 0 0 0
643 0 0 0 0
644 0 0 0 0
645 0 0 0 0
646 0 0 0 0
647 0 0 0 0
648 0 0 0 0
649 0 0 0 0
650 0 0 0 0
651 0 0 0 0
652 0 0 0 0
653 0 0 0 0
654 0 0 0 0
655 0 0 0 0
656 0 0 0 0
657 0 0 0 0
658 0 0 0 0
659 0 0 0 0
660 0 0 0 0
661 0 0 0 0
662 0 0 0 0
663 0 0 0 0
664 0 0 0 0
665 0 0 0 0
666 0 0 0 0
667 0 0 0 0
668 0 0 0 0
669 0 0 0 0
670 0 0 0 0
671 0 0 0 0
672 0 0 0 0
673 0 0 0 0
674 0 0 0 0
675 0 0 0 0
676 0 0 0 0
677 0 0 0 0
678 0 0 0 0
679 0 0 0 0
680 0 0 0 0
681 0 0 0 0
682 0 0 0 0
683 0 0 0 0
684 0 0 0 0
685 0 0 0 0
686 0 0 0 0
687 0 0 0 0
688 0 0 0 0
689 0 0 0 0
690 0 0 0 0
691 0 0 0 0
692 0 0 0 0
693 0 0 0 0
694 0 0 0 0
695 0 0 0 0
696 0 0 0 0
697 0 0 0 0
698 0 0 0 0
699 0 0 0 0
700 0 0 0 0
701 0 0 0 0
702 0 0 0 0
703 0 0 0 0
704 0 0 0 0
705 0 0 0 0
706 0 0 0 0
707 0 0 0 0
708 0 0 0 0
709 0 0 0 0
710 0 0 0 0
711 0 0 0 0
712 0 0 0 0
713 0 0 0 0
714 0 0 0 0
715 0 0 0 0
716 0 0 0 0
717 0 0 0 0
718 0 0 0 0
719 0 0 0 0
720 0 0 0 0
721 0 0 0 0
722 0 0 0 0
723 0 0 0 0
724 0 0 0 0
725 0 0 0 0
726 0 0 0 0
727 0 0 0 0
