0 0 0 0 0
1 0 0 0 0
2 0 0 0 0
3 0 0 0 0
4 0 0 0 0
5 0 1 1 0
6 0 0 0 0
7 0 0 0 0
8 0 0 0 0
9 0 0 3 0
10 0 0 0 0
11 0 0 0 0
12 0 0 0 2
13 0 0 0 2
14 0 0 0 0
15 0 0 0 0
16 1 0 0 1
17 1 0 0 0
18 0 0 0 0
19 1 0 0 0
20 1 0 0 0
21 2 0 0 0
22 1 1 0 0
23 0 0 0 0
24 2 0 1 0
25 0 0 1 0
26 2 0 0 1
27 1 0 0 0
28 0 0 0 0
29 1 3 0 0
30 0 2 0 0
31 0 3 0 1
32 0 1 0 1
33 0 0 0 0
34 1 1 0 2
35 0 0 0 2
36 1 0 0 3
37 1 0 0 1
38 0 0 0 2
39 1 0 1 0
40 1 0 0 0
41 0 0 0 0
42 2 0 0 0
43 2 0 0 1
44 1 0 0 0
45 0 1 0 0
46 3 1 0 0
47 0 1 1 0
48 2 3 0 0
49 2 1 0 1
50 3 0 0 0
51 1 1 0 2
52 5 0 0 3
53 3 2 1 1
54 1 0 0 0
55 1 2 3 0
56 1 1 0 1
57 2 1 2 3
58 0 2 1 1
59 3 1 0 3
60 0 0 2 0
61 0 1 2 1
62 0 0 3 2
63 0 0 0 1
64 0 1 1 4
65 0 0 0 4
66 1 0 0 2
67 0 0 0 0
68 1 1 0 3
69 2 0 0 2
70 2 0 0 0
71 1 0 0 1
72 1 1 0 0
73 2 0 0 0
74 1 2 0 0
75 2 0 1 1
76 5 0 1 0
77 4 2 0 0
78 6 1 0 2
79 5 2 0 1
80 3 0 0 0
81 5 1 2 0
82 1 1 1 3
83 8 1 1 1
84 3 2 1 1
85 3 0 2 2
86 3 4 2 3
87 4 3 1 2
88 5 5 4 3
89 1 2 1 1
90 3 0 3 4
91 3 1 2 1
92 3 4 3 6
93 6 4 1 3
94 4 1 1 6
95 4 2 1 5
96 4 2 1 7
97 1 3 0 2
98 7 3 0 2
99 5 0 2 5
100 4 3 1 5
101 8 0 4 3
102 6 3 2 4
103 4 4 4 3
104 4 2 1 5
105 5 3 1 4
106 6 1 0 2
107 5 4 1 3
108 6 4 1 3
109 4 3 3 5
110 4 6 2 5
111 9 3 1 6
112 5 2 3 4
113 0 1 2 4
114 9 2 3 5
115 8 2 4 4
116 5 4 4 6
117 7 7 0 5
118 6 0 1 4
119 4 4 3 7
120 6 6 3 5
121 9 4 3 8
122 6 2 0 1
123 9 7 1 5
124 10 4 3 10
125 4 5 1 6
126 5 7 6 8
127 6 3 3 8
128 6 3 2 8
129 9 3 2 3
130 9 1 2 10
131 3 3 2 5
132 6 2 4 8
133 10 5 4 7
134 6 3 3 3
135 10 3 1 6
136 12 3 3 3
137 12 3 1 4
138 8 7 4 6
139 14 5 5 6
140 9 5 3 9
141 6 6 3 5
142 13 9 2 8
143 15 7 4 8
144 5 6 5 10
145 10 7 4 11
146 12 4 2 12
147 12 5 2 3
148 11 9 6 10
149 18 5 2 7
150 11 7 3 12
151 8 10 7 8
152 11 5 7 17
153 15 5 2 7
154 7 6 4 5
155 12 5 5 15
156 13 5 5 9
157 13 8 2 12
158 11 13 8 14
159 11 6 3 11
160 19 6 5 10
161 15 11 2 11
162 15 11 4 14
163 13 8 2 11
164 13 4 6 10
165 14 8 6 19
166 14 8 9 14
167 16 9 3 8
168 11 3 8 7
169 13 8 8 11
170 18 7 5 13
171 17 13 4 18
172 19 8 6 12
173 18 6 6 11
174 17 6 4 11
175 14 10 6 15
176 13 12 8 18
177 17 10 6 10
178 18 10 7 16
179 15 8 9 13
180 19 9 5 21
181 17 8 8 15
182 17 11 5 17
183 8 7 9 14
184 16 11 7 13
185 15 8 6 19
186 8 11 4 17
187 16 12 8 17
188 24 7 2 13
189 17 12 9 13
190 17 8 9 15
191 17 8 2 22
192 23 8 5 11
193 13 13 10 17
194 19 10 8 22
195 18 10 5 12
196 21 9 5 17
197 17 10 10 15
198 22 8 8 14
199 16 12 8 16
200 19 16 5 18
201 21 11 9 21
202 10 7 7 11
203 20 10 11 15
204 15 14 4 18
205 20 11 8 23
206 18 13 6 16
207 16 5 5 26
208 10 9 6 15
209 13 10 5 20
210 16 10 10 12
211 10 8 7 18
212 13 13 4 16
213 17 12 4 22
214 9 10 8 18
215 13 9 10 13
216 9 8 8 16
217 4 9 3 12
218 4 8 4 20
219 6 4 8 17
220 8 6 5 21
221 8 5 4 11
222 7 11 3 17
223 6 2 4 10
224 7 7 2 13
225 5 8 4 8
226 10 2 2 16
227 4 2 2 10
228 2 6 3 7
229 2 2 4 13
230 4 6 3 2
231 2 6 3 6
232 6 3 1 10
233 8 1 1 5
234 7 0 0 7
235 11 1 2 8
236 13 1 4 6
237 8 3 1 5
238 3 4 0 6
239 3 3 4 4
240 4 5 2 4
241 6 8 4 3
242 5 6 6 4
243 2 2 2 5
244 3 5 1 3
245 3 7 1 9
246 5 3 1 11
247 4 5 1 6
248 3 2 1 7
249 1 2 0 12
250 1 4 1 4
251 1 3 1 7
252 1 2 1 2
253 2 1 3 4
254 2 0 1 4
255 3 1 2 4
256 0 1 2 2
257 1 0 1 6
258 1 1 0 2
259 1 0 1 3
260 1 0 2 2
261 2 0 1 2
262 1 1 0 3
263 1 3 0 2
264 4 0 1 0
265 3 0 0 2
266 4 0 2 1
267 1 1 0 3
268 1 0 1 2
269 0 2 0 0
270 1 0 1 2
271 0 2 1 1
272 0 2 0 2
273 0 3 0 1
274 0 3 0 1
275 0 2 0 3
276 0 0 0 2
277 0 1 0 0
278 1 0 0 2
279 0 0 0 3
280 1 0 0 3
281 0 0 0 2
282 0 0 0 0
283 1 1 0 0
284 1 0 0 0
285 0 0 0 0
286 2 0 1 0
287 2 0 0 0
288 0 0 0 0
289 1 0 0 0
290 0 0 0 1
291 1 1 1 0
292 0 1 1 0
293 1 0 1 1
294 1 0 0 0
295 1 0 0 0
296 2 0 1 2
297 0 0 0 1
298 1 1 0 2
299 0 0 0 0
300 1 1 0 0
301 0 0 1 0
302 0 1 0 0
303 0 1 0 1
304 1 0 1 1
305 0 0 2 2
306 0 0 0 0
307 0 1 0 1
308 0 0 0 1
309 0 0 1 1
310 0 0 0 0
311 0 0 0 0
312 1 0 0 2
313 1 0 0 1
314 0 0 0 1
315 0 0 0 0
316 0 0 0 0
317 0 0 1 0
318 0 0 0 0
319 0 0 0 0
320 0 0 0 0
321 1 0 0 1
322 1 1 0 0
323 0 0 0 0
324 0 0 0 0
325 0 0 0 0
326 0 0 0 1
327 0 0 0 0
328 0 0 0 0
329 0 0 0 0
330 0 0 1 0
331 0 1 0 0
332 0 0 0 0
333 0 0 0 0
334 0 0 0 0
335 0 0 0 1
336 1 0 0 0
337 0 0 0 1
338 0 0 0 0
339 1 0 0 0
340 0 0 0 0
341 0 1 0 0
342 1 0 0 0
343 1 0 0 0
344 0 0 0 0
345 0 0 0 1
346 0 0 0 0
347 0 0 0 0
348 0 0 1 0
349 0 0 0 0
350 0 0 0 0
351 0 1 0 0
352 0 0 1 0
353 0 0 0 0
354 0 0 0 0
355 0 0 0 2
356 0 0 0 0
357 0 0 0 0
358 0 0 0 0
359 0 0 0 1
360 0 0 0 0
361 0 0 0 0
362 0 0 0 0
363 0 0 0 0
364 0 0 0 0
365 0 0 0 0
366 0 0 0 0
367 0 0 0 0
368 0 0 0 0
369 1 0 0 0
370 0 0 0 0
371 0 0 0 0
372 0 0 0 0
373 0 0 0 0
374 0 1 0 0
375 0 0 0 0
376 0 0 0 0
377 0 0 0 0
378 0 0 0 0
379 0 0 0 0
380 0 0 0 0
381 0 0 0 1
382 0 0 0 0
383 0 0 0 0
384 0 0 0 0
385 0 0 0 0
386 0 0 0 0
387 0 0 0 0
388 0 0 0 0
389 0 0 0 0
390 0 0 0 0
391 0 0 0 0
392 0 0 0 0
393 0 0 0 0
394 0 0 0 0
395 0 0 0 0
396 0 0 0 0
397 0 0 0 0
398 0 0 0 0
399 0 0 0 0
400 0 0 0 0
401 0 0 0 0
402 0 0 0 0
403 0 0 0 0
404 0 0 0 0
405 0 0 0 0
406 0 0 0 0
407 0 0 0 0
408 0 0 0 0
409 0 0 0 0
410 0 0 0 0
411 0 0 0 0
412 0 0 0 0
413 0 0 0 0
414 0 0 0 0
415 0 0 0 0
416 0 0 0 0
417 0 0 0 0
418 0 0 0 0
419 0 0 0 0
420 0 0 0 0
421 0 0 0 0
422 0 0 0 0
423 0 0 0 0
424 0 0 0 0
425 0 0 0 0
426 0 0 0 0
427 0 0 0 0
428 0 0 0 0
429 0 0 0 0
430 0 0 0 0
431 0 0 0 0
432 0 0 0 0
433 0 0 0 0
434 0 0 0 0
435 0 0 0 0
436 0 0 0 0
437 0 0 0 0
438 0 0 0 0
439 0 0 0 0
440 0 0 0 0
441 0 0 0 0
442 0 0 0 0
443 0 0 0 0
444 0 0 0 0
445 0 0 0 0
446 0 0 0 0
447 0 0 0 0
448 0 0 0 0
449 0 0 0 0
450 0 0 0 0
451 0 0 0 0
452 0 0 0 0
453 0 0 0 0
454 0 0 0 0
455 0 0 0 0
456 0 0 0 0
457 0 0 0 0
458 0 0 0 0
459 0 0 0 0
460 0 0 0 0
461 0 0 0 0
462 0 0 0 0
463 0 0 0 0
464 0 0 0 0
465 0 0 0 0
466 0 0 0 0
467 0 0 0 0
468 0 0 0 0
469 0 0 0 0
470 0 0 0 0
471 0 0 0 0
472 0 0 0 0
473 0 0 0 0
474 0 0 0 0
475 0 0 0 0
476 0 0 0 0
477 0 0 0 0
478 0 0 0 0
479 0 0 0 0
480 0 0 0 0
481 0 0 0 0
482 0 0 0 0
483 0 0 0 0
484 0 0 0 0
485 0 0 0 0
486 0 0 0 0
487 0 0 0 0
488 0 0 0 0
489 0 0 0 0
490 0 0 0 0
491 0 0 0 0
492 0 0 0 0
493 0 0 0 0
494 0 0 0 0
495 0 0 0 0
496 0 0 0 0
497 0 0 0 0
498 0 0 0 0
499 0 0 0 0
500 0 0 0 0
501 0 0 0 0
502 0 0 0 0
503 0 0 0 0
504 0 0 0 0
505 0 0 0 0
506 0 0 0 0
507 0 0 0 0
508 0 0 0 0
509 0 0 0 0
510 0 0 0 0
511 0 0 0 0
512 0 0 0 0
513 0 0 0 0
514 0 0 0 0
515 0 0 0 0
516 0 0 0 0
517 0 0 0 0
518 0 0 0 0
519 0 0 0 0
520 0 0 0 0
521 0 0 0 0
522 0 0 0 0
523 0 0 0 0
524 0 0 0 0
525 0 0 0 0
526 0 0 0 0
527 0 0 0 0
528 0 0 0 0
529 0 0 0 0
530 0 0 0 0
531 0 0 0 0
532 0 0 0 0
533 0 0 0 0
534 0 0 0 0
535 0 0 0 0
536 0 0 0 0
537 0 0 0 0
538 0 0 0 0
539 0 0 0 0
540 0 0 0 0
541 0 0 0 0
542 0 0 0 0
543 0 0 0 0
544 0 0 0 0
545 0 0 0 0
546 0 0 0 0
547 0 0 0 0
548 0 0 0 0
549 0 0 0 0
550 0 0 0 0
551 0 0 0 0
552 0 0 0 0
553 0 0 0 0
554 0 0 0 0
555 0 0 0 0
556 0 0 0 0
557 0 0 0 0
558 0 0 0 0
559 0 0 0 0
560 0 0 0 0
561 0 0 0 0
562 0 0 0 0
563 0 0 0 0
564 0 0 0 0
565 0 0 0 0
566 0 0 0 0
567 0 0 0 0
568 0 0 0 0
569 0 0 0 0
570 0 0 0 0
571 0 0 0 0
572 0 0 0 0
573 0 0 0 0
574 0 0 0 0
575 0 0 0 0
576 0 0 0 0
577 0 0 0 0
578 0 0 0 0
579 0 0 0 0
580 0 0 0 0
581 0 0 0 0
582 0 0 0 0
583 0 0 0 0
584 0 0 0 0
585 0 0 0 0
586 0 0 0 0
587 0 0 0 0
588 0 0 0 0
589 0 0 0 0
590 0 0 0 0
591 0 0 0 0
592 0 0 0 0
593 0 0 0 0
594 0 0 0 0
595 0 0 0 0
596 0 0 0 0
597 0 0 0 0
598 0 0 0 0
599 0 0 0 0
600 0 0 0 0
601 0 0 0 0
602 0 0 0 0
603 0 0 0 0
604 0 0 0 0
605 0 0 0 0
606 0 0 0 0
607 0 0 0 0
608 0 0 0 0
609 0 0 0 0
610 0 0 0 0
611 0 0 0 0
612 0 0 0 0
613 0 0 0 0
614 0 0 0 0
615 0 0 0 0
616 0 0 0 0
617 0 0 0 0
618 0 0 0 0
619 0 0 0 0
620 0 0 0 0
621 0 0 0 0
622 0 0 0 0
623 0 0 0 0
624 0 0 0 0
625 0 0 0 0
626 0 0 0 0
627 0 0 0 0
628 0 0 0 0
629 0 0 0 0
630 0 0 0 0
631 0 0 0 0
632 0 0 0 0
633 0 0 0 0
634 0 0 0 0
635 0 0 0 0
636 0 0 0 0
637 0 0 0 0
638 0 0 0 0
639 0 0 0 0
640 0 0 0 0
641 0 0 0 0
642 0 0 0 0
643 0 0 0 0
644 0 0 0 0
645 0 0 0 0
646 0 0 0 0
647 0 0 0 0
648 0 0 0 0
649 0 0 0 0
650 0 0 0 0
651 0 0 0 0
652 0 0 0 0
653 0 0 0 0
654 0 0 0 0
655 0 0 0 0
656 0 0 0 0
657 0 0 0 0
658 0 0 0 0
659 0 0 0 0
660 0 0 0 0
661 0 0 0 0
662 0 0 0 0
663 0 0 0 0
664 0 0 0 0
665 0 0 0 0
666 0 0 0 0
667 0 0 0 0
668 0 0 0 0
669 0 0 0 0
670 0 0 0 0
671 0 0 0 0
672 0 0 0 0
673 0 0 0 0
674 0 0 0 0
675 0 0 0 0
676 0 0 0 0
677 0 0 0 0
678 0 0 0 0
679 0 0 0 0
680 0 0 0 0
681 0 0 0 0
682 0 0 0 0
683 0 0 0 0
684 0 0 0 0
685 0 0 0 0
686 0 0 0 0
687 0 0 0 0
688 0 0 0 0
689 0 0 0 0
690 0 0 0 0
691 0 0 0 0
692 0 0 0 0
693 0 0 0 0
694 0 0 0 0
695 0 0 0 0
696 0 0 0 0
697 0 0 0 0
698 0 0 0 0
699 0 0 0 0
700 0 0 0 0
701 0 0 0 0
702 0 0 0 0
703 0 0 0 0
704 0 0 0 0
705 0 0 0 0
706 0 0 0 0
707 0 0 0 0
708 0 0 0 0
709 0 0 0 0
710 0 0 0 0
711 0 0 0 0
712 0 0 0 0
713 0 0 0 0
714 0 0 0 0
715 0 0 0 0
716 0 0 0 0
717 0 0 0 0
718 0 0 0 0
719 0 0 0 0
720 0 0 0 0
721 0 0 0 0
722 0 0 0 0
723 0 0 0 0
724 0 0 0 0
725 0 0 0 0
726 0 0 0 0
727 0 0 0 0
