0 0 0 0 0
1 0 0 0 0
2 0 0 0 0
3 0 0 0 0
4 0 0 0 0
5 0 0 3 0
6 0 0 0 0
7 0 0 0 0
8 0 0 0 0
9 0 1 1 3
10 0 0 0 0
11 0 0 0 0
12 0 0 0 0
13 0 0 0 1
14 0 0 0 0
15 1 0 0 0
16 1 0 0 1
17 1 0 0 0
18 1 0 0 0
19 1 0 0 0
20 1 0 0 0
21 1 0 0 0
22 2 1 0 0
23 0 0 0 0
24 0 0 1 0
25 0 1 1 0
26 0 0 0 1
27 2 1 1 0
28 1 0 1 0
29 1 0 0 2
30 2 1 0 0
31 0 1 0 1
32 0 1 0 0
33 0 0 0 0
34 1 0 1 2
35 1 1 0 2
36 2 0 1 0
37 1 1 0 1
38 1 0 0 1
39 1 2 0 2
40 0 0 0 1
41 0 1 1 0
42 0 1 0 0
43 0 0 0 1
44 0 1 1 1
45 0 0 0 1
46 1 0 0 2
47 0 1 0 1
48 1 0 0 0
49 1 0 0 0
50 2 0 0 0
51 1 1 0 2
52 1 0 0 0
53 3 0 0 0
54 3 1 0 1
55 2 0 1 0
56 1 1 0 0
57 0 1 0 0
58 1 1 1 2
59 2 0 1 0
60 0 0 1 1
61 2 1 0 1
62 0 1 0 1
63 0 2 1 0
64 0 3 0 1
65 2 0 0 3
66 1 0 1 1
67 1 1 0 2
68 1 0 1 2
69 2 0 0 1
70 2 0 2 1
71 0 0 0 2
72 1 0 0 0
73 0 0 0 1
74 1 1 1 1
75 2 3 1 1
76 0 1 0 1
77 2 0 0 0
78 1 1 0 1
79 1 0 0 2
80 1 2 0 1
81 2 0 1 1
82 3 0 2 3
83 3 1 1 0
84 2 1 0 1
85 3 0 0 0
86 3 0 0 0
87 2 2 0 2
88 2 1 0 2
89 5 3 0 2
90 3 2 2 1
91 2 0 3 1
92 4 0 1 0
93 1 2 1 1
94 4 3 2 2
95 0 1 1 2
96 5 2 1 2
97 3 2 0 5
98 3 2 0 4
99 0 4 1 1
100 3 0 0 2
101 3 4 1 4
102 3 1 2 3
103 3 2 0 5
104 6 0 1 1
105 1 1 3 4
106 5 1 1 3
107 7 4 1 1
108 4 0 0 2
109 4 1 1 2
110 0 0 2 2
111 5 0 2 2
112 1 4 2 4
113 3 4 2 2
114 3 1 0 4
115 3 2 1 1
116 3 4 3 5
117 6 2 0 7
118 4 5 0 3
119 5 2 0 2
120 7 2 2 6
121 5 1 2 0
122 4 2 3 3
123 5 2 2 4
124 12 2 3 5
125 6 4 2 4
126 7 4 2 3
127 9 2 1 4
128 4 4 3 5
129 11 5 3 5
130 10 5 1 3
131 6 2 2 2
132 9 2 2 7
133 9 5 3 10
134 5 2 6 3
135 6 4 4 6
136 7 5 5 4
137 5 3 3 12
138 7 4 4 6
139 9 5 6 7
140 7 5 2 7
141 8 3 5 6
142 8 4 1 8
143 10 5 1 9
144 11 3 2 7
145 10 6 3 7
146 12 4 3 12
147 12 5 2 4
148 5 7 2 6
149 9 6 1 8
150 10 6 3 9
151 11 9 1 7
152 13 3 10 8
153 9 8 1 3
154 7 7 7 7
155 12 8 2 9
156 10 6 7 12
157 8 4 5 8
158 10 5 3 16
159 14 6 1 10
160 13 7 3 14
161 15 5 6 9
162 16 4 6 8
163 13 2 7 12
164 14 12 5 8
165 16 4 3 10
166 15 6 6 5
167 21 9 3 11
168 15 8 6 16
169 14 8 9 8
170 14 5 9 9
171 21 8 8 12
172 19 6 5 14
173 19 7 6 18
174 22 7 7 15
175 17 10 4 15
176 6 17 10 9
177 17 14 7 12
178 18 13 5 13
179 9 9 8 14
180 18 5 12 24
181 20 5 4 18
182 23 8 8 18
183 23 12 9 23
184 26 12 2 19
185 20 7 7 11
186 22 10 7 20
187 18 18 7 14
188 17 12 4 13
189 22 9 9 15
190 26 13 9 19
191 18 12 7 15
192 23 14 9 14
193 32 11 9 16
194 20 10 8 28
195 22 20 12 17
196 21 9 7 23
197 21 12 8 19
198 19 15 15 22
199 15 11 4 32
200 17 14 7 18
201 16 13 10 18
202 18 17 6 27
203 14 14 7 17
204 20 8 8 19
205 16 9 9 26
206 16 14 6 18
207 15 11 9 21
208 19 9 5 16
209 14 12 7 24
210 17 15 8 22
211 5 8 8 17
212 15 11 5 18
213 13 11 6 14
214 7 6 7 25
215 14 11 5 9
216 11 5 2 17
217 14 13 3 22
218 18 10 4 19
219 7 4 7 18
220 9 6 8 6
221 7 9 6 15
222 10 8 6 15
223 6 14 3 10
224 10 5 5 13
225 8 4 4 15
226 10 5 2 16
227 8 7 6 14
228 4 6 2 11
229 5 7 1 11
230 5 5 3 14
231 8 7 0 12
232 13 3 4 11
233 7 2 6 8
234 7 5 5 8
235 4 6 3 10
236 3 3 3 7
237 5 6 1 6
238 3 0 3 4
239 5 4 2 3
240 4 5 1 10
241 5 4 4 11
242 2 4 0 9
243 8 1 4 5
244 7 3 1 8
245 4 1 3 7
246 5 2 5 7
247 1 0 1 5
248 4 6 2 5
249 4 5 1 2
250 2 2 2 3
251 2 5 2 2
252 1 2 2 5
253 0 3 2 9
254 3 1 4 2
255 2 0 0 6
256 5 0 2 5
257 4 2 1 6
258 1 0 1 7
259 2 1 1 2
260 2 2 0 4
261 2 4 1 4
262 4 1 1 0
263 3 1 3 1
264 0 0 0 3
265 0 1 0 3
266 1 2 1 1
267 3 1 2 4
268 4 4 0 3
269 3 1 1 3
270 2 1 0 1
271 2 1 1 2
272 4 1 1 1
273 2 1 1 3
274 1 1 0 1
275 1 0 0 3
276 0 0 4 2
277 1 5 0 1
278 2 2 2 3
279 3 1 1 2
280 1 0 0 3
281 0 1 0 1
282 2 0 0 3
283 1 1 1 3
284 0 1 1 4
285 0 0 0 1
286 1 2 0 1
287 1 1 2 1
288 0 2 0 2
289 1 0 0 0
290 0 0 0 1
291 1 1 0 3
292 0 1 1 1
293 0 0 0 2
294 0 0 0 1
295 0 0 0 2
296 0 1 0 0
297 0 0 0 0
298 0 1 0 0
299 1 0 0 2
300 1 0 0 0
301 1 0 0 0
302 1 0 0 0
303 0 0 0 1
304 3 1 0 0
305 2 0 0 1
306 2 1 0 0
307 1 0 0 0
308 0 0 0 1
309 0 4 0 0
310 0 0 0 0
311 0 2 2 0
312 0 1 0 0
313 0 0 0 4
314 0 1 0 0
315 0 0 0 0
316 0 0 0 1
317 0 0 0 0
318 0 0 0 4
319 0 0 0 1
320 0 0 0 0
321 0 0 0 1
322 0 0 0 0
323 0 0 0 0
324 0 0 0 0
325 0 0 0 0
326 0 0 0 0
327 0 0 0 0
328 0 0 0 0
329 0 0 0 0
330 0 0 0 0
331 0 0 0 0
332 0 0 0 0
333 0 0 0 0
334 1 0 0 0
335 0 0 0 0
336 0 0 0 0
337 0 0 0 0
338 0 0 0 0
339 0 0 1 0
340 0 0 0 0
341 0 0 0 0
342 0 0 0 0
343 0 0 0 1
344 0 0 0 0
345 0 0 0 0
346 0 0 0 0
347 0 0 0 0
348 0 0 0 0
349 0 0 0 0
350 0 0 0 0
351 0 0 0 0
352 0 0 0 0
353 0 0 0 0
354 0 0 0 0
355 0 0 0 0
356 1 0 0 0
357 0 0 0 0
358 0 0 0 0
359 0 0 0 0
360 0 0 0 0
361 0 1 0 0
362 0 0 0 0
363 0 0 0 0
364 0 0 0 0
365 0 0 0 1
366 0 0 0 0
367 0 0 0 0
368 0 0 0 0
369 0 0 0 0
370 0 0 0 0
371 0 0 0 0
372 0 0 0 0
373 0 0 0 0
374 0 0 0 0
375 0 0 0 0
376 0 0 0 0
377 0 0 0 0
378 0 0 0 0
379 0 0 0 0
380 0 0 0 0
381 0 0 0 0
382 0 0 0 0
383 0 0 0 0
384 0 0 0 0
385 0 0 0 0
386 0 0 0 0
387 0 0 0 0
388 0 0 0 0
389 0 0 0 0
390 0 0 0 0
391 0 0 0 0
392 0 0 0 0
393 0 0 0 0
394 0 0 0 0
395 0 0 0 0
396 0 0 0 0
397 0 0 0 0
398 0 0 0 0
399 0 0 0 0
400 0 0 0 0
401 0 0 0 0
402 0 0 0 0
403 0 0 0 0
404 0 0 0 0
405 0 0 0 0
406 0 0 0 0
407 0 0 0 0
408 0 0 0 0
409 0 0 0 0
410 0 0 0 0
411 0 0 0 0
412 0 0 0 0
413 0 0 0 0
414 0 0 0 0
415 0 0 0 0
416 0 0 0 0
417 0 0 0 0
418 0 0 0 0
419 0 0 0 0
420 0 0 0 0
421 0 0 0 0
422 0 0 0 0
423 0 0 0 0
424 0 0 0 0
425 0 0 0 0
426 0 0 0 0
427 0 0 0 0
428 0 0 0 0
429 0 0 0 0
430 0 0 0 0
431 0 0 0 0
432 0 0 0 0
433 0 0 0 0
434 0 0 0 0
435 0 0 0 0
436 0 0 0 0
437 0 0 0 0
438 0 0 0 0
439 0 0 0 0
440 0 0 0 0
441 0 0 0 0
442 0 0 0 0
443 0 0 0 0
444 0 0 0 0
445 0 0 0 0
446 0 0 0 0
447 0 0 0 0
448 0 0 0 0
449 0 0 0 0
450 0 0 0 0
451 0 0 0 0
452 0 0 0 0
453 0 0 0 0
454 0 0 0 0
455 0 0 0 0
456 0 0 0 0
457 0 0 0 0
458 0 0 0 0
459 0 0 0 0
460 0 0 0 0
461 0 0 0 0
462 0 0 0 0
463 0 0 0 0
464 0 0 0 0
465 0 0 0 0
466 0 0 0 0
467 0 0 0 0
468 0 0 0 0
469 0 0 0 0
470 0 0 0 0
471 0 0 0 0
472 0 0 0 0
473 0 0 0 0
474 0 0 0 0
475 0 0 0 0
476 0 0 0 0
477 0 0 0 0
478 0 0 0 0
479 0 0 0 0
480 0 0 0 0
481 0 0 0 0
482 0 0 0 0
483 0 0 0 0
484 0 0 0 0
485 0 0 0 0
486 0 0 0 0
487 0 0 0 0
488 0 0 0 0
489 0 0 0 0
490 0 0 0 0
491 0 0 0 0
492 0 0 0 0
493 0 0 0 0
494 0 0 0 0
495 0 0 0 0
496 0 0 0 0
497 0 0 0 0
498 0 0 0 0
499 0 0 0 0
500 0 0 0 0
501 0 0 0 0
502 0 0 0 0
503 0 0 0 0
504 0 0 0 0
505 0 0 0 0
506 0 0 0 0
507 0 0 0 0
508 0 0 0 0
509 0 0 0 0
510 0 0 0 0
511 0 0 0 0
512 0 0 0 0
513 0 0 0 0
514 0 0 0 0
515 0 0 0 0
516 0 0 0 0
517 0 0 0 0
518 0 0 0 0
519 0 0 0 0
520 0 0 0 0
521 0 0 0 0
522 0 0 0 0
523 0 0 0 0
524 0 0 0 0
525 0 0 0 0
526 0 0 0 0
527 0 0 0 0
528 0 0 0 0
529 0 0 0 0
530 0 0 0 0
531 0 0 0 0
532 0 0 0 0
533 0 0 0 0
534 0 0 0 0
535 0 0 0 0
536 0 0 0 0
537 0 0 0 0
538 0 0 0 0
539 0 0 0 0
540 0 0 0 0
541 0 0 0 0
542 0 0 0 0
543 0 0 0 0
544 0 0 0 0
545 0 0 0 0
546 0 0 0 0
547 0 0 0 0
548 0 0 0 0
549 0 0 0 0
550 0 0 0 0
551 0 0 0 0
552 0 0 0 0
553 0 0 0 0
554 0 0 0 0
555 0 0 0 0
556 0 0 0 0
557 0 0 0 0
558 0 0 0 0
559 0 0 0 0
560 0 0 0 0
561 0 0 0 0
562 0 0 0 0
563 0 0 0 0
564 0 0 0 0
565 0 0 0 0
566 0 0 0 0
567 0 0 0 0
568 0 0 0 0
569 0 0 0 0
570 0 0 0 0
571 0 0 0 0
572 0 0 0 0
573 0 0 0 0
574 0 0 0 0
575 0 0 0 0
576 0 0 0 0
577 0 0 0 0
578 0 0 0 0
579 0 0 0 0
580 0 0 0 0
581 0 0 0 0
582 0 0 0 0
583 0 0 0 0
584 0 0 0 0
585 0 0 0 0
586 0 0 0 0
587 0 0 0 0
588 0 0 0 0
589 0 0 0 0
590 0 0 0 0
591 0 0 0 0
592 0 0 0 0
593 0 0 0 0
594 0 0 0 0
595 0 0 0 0
596 0 0 0 0
597 0 0 0 0
598 0 0 0 0
599 0 0 0 0
600 0 0 0 0
601 0 0 0 0
602 0 0 0 0
603 0 0 0 0
604 0 0 0 0
605 0 0 0 0
606 0 0 0 0
607 0 0 0 0
608 0 0 0 0
609 0 0 0 0
610 0 0 0 0
611 0 0 0 0
612 0 0 0 0
613 0 0 0 0
614 0 0 0 0
615 0 0 0 0
616 0 0 0 0
617 0 0 0 0
618 0 0 0 0
619 0 0 0 0
620 0 0 0 0
621 0 0 0 0
622 0 0 0 0
623 0 0 0 0
624 0 0 0 0
625 0 0 0 0
626 0 0 0 0
627 0 0 0 0
628 0 0 0 0
629 0 0 0 0
630 0 0 0 0
631 0 0 0 0
632 0 0 0 0
633 0 0 0 0
634 0 0 0 0
635 0 0 0 0
636 0 0 0 0
637 0 0 0 0
638 0 0 0 0
639 0 0 0 0
640 0 0 0 0
641 0 0 0 0
642 0 0 0 0
643 0 0 0 0
644 0 0 0 0
645 0 0 0 0
646 0 0 0 0
647 0 0 0 0
648 0 0 0 0
649 0 0 0 0
650 0 0 0 0
651 0 0 0 0
652 0 0 0 0
653 0 0 0 0
654 0 0 0 0
655 0 0 0 0
656 0 0 0 0
657 0 0 0 0
658 0 0 0 0
659 0 0 0 0
660 0 0 0 0
661 0 0 0 0
662 0 0 0 0
663 0 0 0 0
664 0 0 0 0
665 0 0 0 0
666 0 0 0 0
667 0 0 0 0
668 0 0 0 0
669 0 0 0 0
670 0 0 0 0
671 0 0 0 0
672 0 0 0 0
673 0 0 0 0
674 0 0 0 0
675 0 0 0 0
676 0 0 0 0
677 0 0 0 0
678 0 0 0 0
679 0 0 0 0
680 0 0 0 0
681 0 0 0 0
682 0 0 0 0
683 0 0 0 0
684 0 0 0 0
685 0 0 0 0
686 0 0 0 0
687 0 0 0 0
688 0 0 0 0
689 0 0 0 0
690 0 0 0 0
691 0 0 0 0
692 0 0 0 0
693 0 0 0 0
694 0 0 0 0
695 0 0 0 0
696 0 0 0 0
697 0 0 0 0
698 0 0 0 0
699 0 0 0 0
700 0 0 0 0
701 0 0 0 0
702 0 0 0 0
703 0 0 0 0
704 0 0 0 0
705 0 0 0 0
706 0 0 0 0
707 0 0 0 0
708 0 0 0 0
709 0 0 0 0
710 0 0 0 0
711 0 0 0 0
712 0 0 0 0
713 0 0 0 0
714 0 0 0 0
715 0 0 0 0
716 0 0 0 0
717 0 0 0 0
718 0 0 0 0
719 0 0 0 0
720 0 0 0 0
721 0 0 0 0
722 0 0 0 0
723 0 0 0 0
724 0 0 0 0
725 0 0 0 0
726 0 0 0 0
727 0 0 0 0
