0 0 0 0 0
1 0 0 0 0
2 0 0 0 0
3 0 0 0 0
4 0 0 0 0
5 0 1 0 0
6 0 0 0 0
7 0 0 0 0
8 0 0 0 0
9 0 1 3 1
10 0 0 0 0
11 0 0 0 0
12 0 0 0 0
13 0 0 0 2
14 0 0 0 0
15 0 0 0 0
16 0 0 0 2
17 0 0 0 0
18 0 0 0 0
19 0 0 0 0
20 0 0 0 0
21 0 0 0 0
22 2 0 0 0
23 0 0 0 0
24 1 0 0 0
25 0 0 0 0
26 1 0 0 0
27 2 0 0 0
28 0 0 0 0
29 3 0 0 0
30 0 0 0 0
31 2 2 1 0
32 1 2 0 0
33 1 1 0 0
34 2 0 1 0
35 1 0 0 1
36 2 1 1 2
37 0 0 0 1
38 0 1 2 1
39 2 0 0 0
40 0 0 0 1
41 1 2 0 1
42 1 0 0 0
43 1 2 0 2
44 0 1 1 0
45 0 0 1 5
46 0 0 0 0
47 2 0 0 2
48 1 1 0 0
49 2 0 0 1
50 3 1 0 1
51 2 0 1 1
52 4 2 1 1
53 1 1 0 0
54 1 1 1 1
55 1 2 1 1
56 1 1 0 2
57 2 1 1 1
58 5 2 0 0
59 3 0 0 4
60 3 1 1 0
61 2 0 1 3
62 2 1 0 1
63 2 2 1 1
64 2 1 0 3
65 2 3 1 2
66 0 2 2 1
67 3 2 1 1
68 1 2 1 1
69 5 1 0 3
70 4 1 0 4
71 3 0 1 1
72 2 2 0 1
73 3 2 0 3
74 2 5 0 3
75 4 1 2 3
76 1 3 1 1
77 2 0 0 1
78 5 1 2 3
79 2 2 1 4
80 2 1 2 5
81 1 1 2 2
82 4 2 1 3
83 3 3 0 2
84 4 1 2 2
85 4 1 0 2
86 7 0 0 2
87 4 3 0 1
88 2 2 0 4
89 7 1 2 2
90 2 2 2 2
91 6 5 2 3
92 6 3 2 1
93 4 0 3 2
94 3 0 2 3
95 1 2 1 3
96 8 3 0 3
97 6 3 2 5
98 6 6 2 8
99 3 3 1 6
100 4 2 3 2
101 2 4 3 3
102 2 0 2 4
103 3 1 2 4
104 4 0 2 5
105 3 3 1 9
106 5 4 2 2
107 2 1 3 4
108 6 1 0 3
109 4 4 3 4
110 9 1 1 6
111 6 2 3 1
112 3 3 2 3
113 10 3 1 4
114 6 4 0 3
115 3 3 1 5
116 6 4 2 9
117 9 2 2 4
118 10 4 3 3
119 10 7 3 3
120 9 0 1 6
121 11 1 1 4
122 12 6 6 5
123 10 6 2 8
124 4 3 4 2
125 4 4 8 4
126 11 5 2 13
127 9 7 2 6
128 12 8 5 2
129 9 3 2 10
130 10 6 6 6
131 8 7 4 14
132 9 4 1 11
133 5 3 7 5
134 10 1 3 10
135 11 8 4 14
136 11 9 2 8
137 7 8 3 8
138 11 4 5 6
139 16 4 3 8
140 12 3 6 10
141 10 2 9 10
142 17 4 1 11
143 13 7 5 7
144 13 6 7 7
145 7 6 2 13
146 23 6 3 6
147 13 11 6 11
148 12 7 5 10
149 15 8 6 6
150 19 3 3 11
151 11 9 8 18
152 17 10 6 10
153 15 10 7 11
154 23 8 5 9
155 15 16 9 15
156 15 6 4 19
157 17 5 4 12
158 13 15 4 17
159 11 14 10 13
160 18 7 7 12
161 15 13 4 9
162 12 5 9 26
163 14 8 4 16
164 7 9 1 11
165 17 16 6 16
166 20 6 6 19
167 26 8 9 16
168 16 7 6 17
169 23 6 4 17
170 22 8 7 12
171 25 12 4 17
172 24 10 7 15
173 24 6 6 10
174 27 16 4 13
175 27 15 3 15
176 28 17 12 16
177 23 10 10 12
178 25 11 10 22
179 29 18 11 18
180 22 17 8 19
181 27 18 6 15
182 21 18 10 14
183 27 17 5 37
184 18 17 11 23
185 26 22 5 24
186 32 10 13 26
187 23 13 8 29
188 21 16 12 31
189 31 15 6 25
190 22 20 10 19
191 23 15 10 25
192 34 19 8 24
193 31 15 12 21
194 29 19 11 26
195 32 15 14 31
196 29 7 15 23
197 33 14 7 26
198 30 17 10 29
199 29 17 9 28
200 33 20 10 20
201 23 22 10 28
202 24 14 15 34
203 19 18 10 25
204 33 15 12 19
205 17 20 14 26
206 32 26 10 34
207 30 17 7 32
208 23 14 10 23
209 16 15 17 25
210 17 7 11 33
211 25 24 9 30
212 20 16 12 36
213 22 21 12 35
214 16 7 5 18
215 13 13 13 29
216 19 15 7 25
217 17 10 9 23
218 17 10 8 26
219 11 7 4 21
220 20 11 8 29
221 16 7 5 15
222 14 9 11 21
223 12 11 9 20
224 16 8 7 24
225 18 22 4 16
226 13 9 6 15
227 13 9 9 16
228 10 3 6 9
229 14 7 8 23
230 7 9 9 17
231 9 6 4 21
232 5 6 7 18
233 6 7 7 19
234 6 9 7 15
235 6 7 3 9
236 5 9 4 12
237 10 5 4 19
238 6 5 4 13
239 6 6 1 10
240 3 3 3 8
241 7 2 1 12
242 5 6 2 10
243 5 4 3 12
244 6 3 2 7
245 5 5 0 6
246 3 3 2 8
247 4 5 1 8
248 5 4 3 4
249 3 2 5 8
250 3 3 3 6
251 5 2 2 7
252 1 1 3 3
253 2 5 0 4
254 4 4 0 3
255 5 3 0 7
256 3 3 1 7
257 3 2 0 10
258 0 2 2 5
259 2 2 0 3
260 1 4 3 1
261 4 1 0 1
262 3 1 2 3
263 3 2 1 5
264 0 1 2 6
265 5 1 0 3
266 0 1 0 3
267 2 0 1 4
268 2 2 1 1
269 0 1 0 2
270 1 4 2 2
271 2 1 1 3
272 1 0 1 2
273 0 2 0 1
274 1 1 1 2
275 0 0 0 4
276 1 1 0 1
277 0 2 1 3
278 0 0 0 3
279 0 1 0 1
280 2 1 1 1
281 1 1 0 1
282 2 0 0 0
283 1 0 0 2
284 0 0 0 3
285 0 0 0 1
286 0 1 0 0
287 0 1 1 1
288 0 0 0 0
289 0 2 0 0
290 0 0 0 0
291 0 0 0 1
292 0 0 1 0
293 0 0 0 2
294 0 0 0 1
295 0 0 0 0
296 0 0 0 1
297 0 0 0 0
298 0 0 0 0
299 0 0 0 1
300 0 0 0 0
301 0 0 0 0
302 0 0 0 0
303 0 0 0 0
304 0 0 0 0
305 0 0 0 0
306 0 0 0 0
307 0 0 0 0
308 0 0 0 0
309 0 0 0 0
310 0 0 0 0
311 0 0 0 0
312 0 0 0 0
313 0 0 0 0
314 0 0 0 0
315 0 0 0 0
316 0 0 0 0
317 0 0 0 0
318 0 0 0 0
319 0 0 0 0
320 0 0 0 0
321 0 0 0 0
322 0 0 0 0
323 0 0 0 0
324 0 0 0 0
325 0 0 0 0
326 0 0 0 0
327 0 0 0 0
328 0 0 0 0
329 0 0 0 0
330 0 0 0 0
331 0 0 0 0
332 0 0 0 0
333 0 0 0 0
334 0 0 0 0
335 0 0 0 0
336 0 0 0 0
337 0 0 0 0
338 0 0 0 0
339 0 0 0 0
340 0 0 0 0
341 0 0 0 0
342 0 0 0 0
343 0 0 0 0
344 0 0 0 0
345 0 0 0 0
346 0 0 0 0
347 0 0 0 0
348 0 0 0 0
349 0 0 0 0
350 0 0 0 0
351 0 0 0 0
352 0 0 0 0
353 0 0 0 0
354 0 0 0 0
355 0 0 0 0
356 0 0 0 0
357 0 0 0 0
358 0 0 0 0
359 0 0 0 0
360 0 0 0 0
361 0 0 0 0
362 0 0 0 0
363 0 0 0 0
364 0 0 0 0
365 0 0 0 0
366 0 0 0 0
367 0 0 0 0
368 0 0 0 0
369 0 0 0 0
370 0 0 0 0
371 0 0 0 0
372 0 0 0 0
373 0 0 0 0
374 0 0 0 0
375 0 0 0 0
376 0 0 0 0
377 0 0 0 0
378 0 0 0 0
379 0 0 0 0
380 0 0 0 0
381 0 0 0 0
382 0 0 0 0
383 0 0 0 0
384 0 0 0 0
385 0 0 0 0
386 0 0 0 0
387 0 0 0 0
388 0 0 0 0
389 0 0 0 0
390 0 0 0 0
391 0 0 0 0
392 0 0 0 0
393 0 0 0 0
394 0 0 0 0
395 0 0 0 0
396 0 0 0 0
397 0 0 0 0
398 0 0 0 0
399 0 0 0 0
400 0 0 0 0
401 0 0 0 0
402 0 0 0 0
403 0 0 0 0
404 0 0 0 0
405 0 0 0 0
406 0 0 0 0
407 0 0 0 0
408 0 0 0 0
409 0 0 0 0
410 0 0 0 0
411 0 0 0 0
412 0 0 0 0
413 0 0 0 0
414 0 0 0 0
415 0 0 0 0
416 0 0 0 0
417 0 0 0 0
418 0 0 0 0
419 0 0 0 0
420 0 0 0 0
421 0 0 0 0
422 0 0 0 0
423 0 0 0 0
424 0 0 0 0
425 0 0 0 0
426 0 0 0 0
427 0 0 0 0
428 0 0 0 0
429 0 0 0 0
430 0 0 0 0
431 0 0 0 0
432 0 0 0 0
433 0 0 0 0
434 0 0 0 0
435 0 0 0 0
436 0 0 0 0
437 0 0 0 0
438 0 0 0 0
439 0 0 0 0
440 0 0 0 0
441 0 0 0 0
442 0 0 0 0
443 0 0 0 0
444 0 0 0 0
445 0 0 0 0
446 0 0 0 0
447 0 0 0 0
448 0 0 0 0
449 0 0 0 0
450 0 0 0 0
451 0 0 0 0
452 0 0 0 0
453 0 0 0 0
454 0 0 0 0
455 0 0 0 0
456 0 0 0 0
457 0 0 0 0
458 0 0 0 0
459 0 0 0 0
460 0 0 0 0
461 0 0 0 0
462 0 0 0 0
463 0 0 0 0
464 0 0 0 0
465 0 0 0 0
466 0 0 0 0
467 0 0 0 0
468 0 0 0 0
469 0 0 0 0
470 0 0 0 0
471 0 0 0 0
472 0 0 0 0
473 0 0 0 0
474 0 0 0 0
475 0 0 0 0
476 0 0 0 0
477 0 0 0 0
478 0 0 0 0
479 0 0 0 0
480 0 0 0 0
481 0 0 0 0
482 0 0 0 0
483 0 0 0 0
484 0 0 0 0
485 0 0 0 0
486 0 0 0 0
487 0 0 0 0
488 0 0 0 0
489 0 0 0 0
490 0 0 0 0
491 0 0 0 0
492 0 0 0 0
493 0 0 0 0
494 0 0 0 0
495 0 0 0 0
496 0 0 0 0
497 0 0 0 0
498 0 0 0 0
499 0 0 0 0
500 0 0 0 0
501 0 0 0 0
502 0 0 0 0
503 0 0 0 0
504 0 0 0 0
505 0 0 0 0
506 0 0 0 0
507 0 0 0 0
508 0 0 0 0
509 0 0 0 0
510 0 0 0 0
511 0 0 0 0
512 0 0 0 0
513 0 0 0 0
514 0 0 0 0
515 0 0 0 0
516 0 0 0 0
517 0 0 0 0
518 0 0 0 0
519 0 0 0 0
520 0 0 0 0
521 0 0 0 0
522 0 0 0 0
523 0 0 0 0
524 0 0 0 0
525 0 0 0 0
526 0 0 0 0
527 0 0 0 0
528 0 0 0 0
529 0 0 0 0
530 0 0 0 0
531 0 0 0 0
532 0 0 0 0
533 0 0 0 0
534 0 0 0 0
535 0 0 0 0
536 0 0 0 0
537 0 0 0 0
538 0 0 0 0
539 0 0 0 0
540 0 0 0 0
541 0 0 0 0
542 0 0 0 0
543 0 0 0 0
544 0 0 0 0
545 0 0 0 0
546 0 0 0 0
547 0 0 0 0
548 0 0 0 0
549 0 0 0 0
550 0 0 0 0
551 0 0 0 0
552 0 0 0 0
553 0 0 0 0
554 0 0 0 0
555 0 0 0 0
556 0 0 0 0
557 0 0 0 0
558 0 0 0 0
559 0 0 0 0
560 0 0 0 0
561 0 0 0 0
562 0 0 0 0
563 0 0 0 0
564 0 0 0 0
565 0 0 0 0
566 0 0 0 0
567 0 0 0 0
568 0 0 0 0
569 0 0 0 0
570 0 0 0 0
571 0 0 0 0
572 0 0 0 0
573 0 0 0 0
574 0 0 0 0
575 0 0 0 0
576 0 0 0 0
577 0 0 0 0
578 0 0 0 0
579 0 0 0 0
580 0 0 0 0
581 0 0 0 0
582 0 0 0 0
583 0 0 0 0
584 0 0 0 0
585 0 0 0 0
586 0 0 0 0
587 0 0 0 0
588 0 0 0 0
589 0 0 0 0
590 0 0 0 0
591 0 0 0 0
592 0 0 0 0
593 0 0 0 0
594 0 0 0 0
595 0 0 0 0
596 0 0 0 0
597 0 0 0 0
598 0 0 0 0
599 0 0 0 0
600 0 0 0 0
601 0 0 0 0
602 0 0 0 0
603 0 0 0 0
604 0 0 0 0
605 0 0 0 0
606 0 0 0 0
607 0 0 0 0
608 0 0 0 0
609 0 0 0 0
610 0 0 0 0
611 0 0 0 0
612 0 0 0 0
613 0 0 0 0
614 0 0 0 0
615 0 0 0 0
616 0 0 0 0
617 0 0 0 0
618 0 0 0 0
619 0 0 0 0
620 0 0 0 0
621 0 0 0 0
622 0 0 0 0
623 0 0 0 0
624 0 0 0 0
625 0 0 0 0
626 0 0 0 0
627 0 0 0 0
628 0 0 0 0
629 0 0 0 0
630 0 0 0 0
631 0 0 0 0
632 0 0 0 0
633 0 0 0 0
634 0 0 0 0
635 0 0 0 0
636 0 0 0 0
637 0 0 0 0
638 0 0 0 0
639 0 0 0 0
640 0 0 0 0
641 0 0 0 0
642 0 0 0 0
643 0 0 0 0
644 0 0 0 0
645 0 0 0 0
646 0 0 0 0
647 0 0 0 0
648 0 0 0 0
649 0 0 0 0
650 0 0 0 0
651 0 0 0 0
652 0 0 0 0
653 0 0 0 0
654 0 0 0 0
655 0 0 0 0
656 0 0 0 0
657 0 0 0 0
658 0 0 0 0
659 0 0 0 0
660 0 0 0 0
661 0 0 0 0
662 0 0 0 0
663 0 0 0 0
664 0 0 0 0
665 0 0 0 0
666 0 0 0 0
667 0 0 0 0
668 0 0 0 0
669 0 0 0 0
670 0 0 0 0
671 0 0 0 0
672 0 0 0 0
673 0 0 0 0
674 0 0 0 0
675 0 0 0 0
676 0 0 0 0
677 0 0 0 0
678 0 0 0 0
679 0 0 0 0
680 0 0 0 0
681 0 0 0 0
682 0 0 0 0
683 0 0 0 0
684 0 0 0 0
685 0 0 0 0
686 0 0 0 0
687 0 0 0 0
688 0 0 0 0
689 0 0 0 0
690 0 0 0 0
691 0 0 0 0
692 0 0 0 0
693 0 0 0 0
694 0 0 0 0
695 0 0 0 0
696 0 0 0 0
697 0 0 0 0
698 0 0 0 0
699 0 0 0 0
700 0 0 0 0
701 0 0 0 0
702 0 0 0 0
703 0 0 0 0
704 0 0 0 0
705 0 0 0 0
706 0 0 0 0
707 0 0 0 0
708 0 0 0 0
709 0 0 0 0
710 0 0 0 0
711 0 0 0 0
712 0 0 0 0
713 0 0 0 0
714 0 0 0 0
715 0 0 0 0
716 0 0 0 0
717 0 0 0 0
718 0 0 0 0
719 0 0 0 0
720 0 0 0 0
721 0 0 0 0
722 0 0 0 0
723 0 0 0 0
724 0 0 0 0
725 0 0 0 0
726 0 0 0 0
727 0 0 0 0
