0 0 0 0 0
1 0 0 0 0
2 0 0 0 0
3 0 0 0 0
4 0 0 0 0
5 0 2 1 0
6 0 0 0 0
7 0 1 0 0
8 0 0 0 0
9 0 1 0 2
10 0 0 0 1
11 0 0 0 1
12 0 0 0 0
13 0 0 0 0
14 0 0 0 0
15 0 0 0 0
16 0 0 0 1
17 1 0 0 0
18 0 0 0 0
19 1 0 0 0
20 0 0 0 0
21 0 0 0 0
22 0 1 0 0
23 1 0 0 0
24 0 0 1 0
25 0 0 0 0
26 0 0 0 0
27 0 0 0 0
28 0 0 0 0
29 0 0 0 1
30 0 0 0 0
31 0 0 0 1
32 0 0 1 0
33 0 0 0 0
34 0 0 0 0
35 0 0 0 0
36 0 0 0 0
37 0 0 0 0
38 0 0 0 0
39 1 0 0 1
40 1 0 0 0
41 0 0 0 0
42 1 0 0 0
43 0 0 0 0
44 2 0 0 0
45 0 0 0 0
46 1 0 0 0
47 1 1 0 0
48 2 1 0 0
49 0 0 2 0
50 1 0 0 0
51 1 0 1 0
52 1 0 1 1
53 0 1 1 0
54 0 0 0 2
55 1 1 1 0
56 0 1 0 2
57 0 1 0 2
58 0 0 0 0
59 0 0 0 2
60 1 0 1 1
61 0 0 0 0
62 2 0 0 0
63 2 0 0 1
64 3 0 0 2
65 2 0 0 0
66 2 0 0 0
67 1 0 0 0
68 2 0 0 0
69 4 2 1 0
70 3 0 0 0
71 3 2 1 0
72 2 2 1 0
73 1 0 2 3
74 0 1 2 0
75 3 1 2 2
76 1 1 2 2
77 1 3 0 1
78 0 3 1 2
79 3 0 1 3
80 0 1 0 3
81 0 0 0 3
82 1 1 0 4
83 2 0 0 2
84 1 4 1 2
85 3 1 0 1
86 3 0 0 0
87 2 0 1 1
88 4 1 0 4
89 4 0 1 2
90 3 0 0 0
91 5 1 0 2
92 4 3 0 0
93 4 2 0 0
94 2 1 3 0
95 1 1 1 2
96 2 2 1 1
97 2 3 3 1
98 0 4 1 3
99 1 3 1 5
100 0 1 0 4
101 0 1 1 4
102 2 3 1 4
103 2 0 1 3
104 1 1 1 2
105 0 0 0 3
106 1 1 0 2
107 2 0 1 1
108 0 1 0 4
109 3 0 0 2
110 2 0 0 2
111 5 1 0 1
112 4 0 2 0
113 3 1 0 0
114 3 1 1 0
115 2 0 1 1
116 4 2 1 2
117 2 1 0 1
118 0 2 0 2
119 4 1 2 0
120 1 0 3 2
121 1 8 1 2
122 1 2 1 1
123 2 2 0 3
124 2 2 1 1
125 1 1 0 10
126 4 0 0 2
127 0 1 0 4
128 4 2 2 1
129 4 1 1 3
130 4 1 0 1
131 2 4 0 2
132 3 0 0 2
133 2 2 0 2
134 2 1 2 2
135 4 2 0 3
136 2 0 1 0
137 2 1 2 2
138 1 3 1 4
139 2 0 2 1
140 2 1 2 0
141 7 3 0 3
142 6 1 1 4
143 5 1 1 2
144 5 2 1 3
145 7 1 1 3
146 2 2 3 3
147 4 1 3 2
148 4 4 0 3
149 6 3 1 3
150 4 3 2 4
151 3 4 0 3
152 3 1 2 3
153 7 4 1 4
154 6 7 1 7
155 4 1 2 3
156 9 2 3 4
157 3 3 0 0
158 3 4 1 6
159 6 1 4 3
160 7 1 0 6
161 4 5 1 4
162 7 5 1 6
163 3 5 1 7
164 5 3 3 2
165 7 4 4 5
166 5 2 2 5
167 7 2 3 4
168 9 3 2 6
169 7 2 2 6
170 10 4 1 5
171 5 1 4 6
172 3 3 3 7
173 5 3 5 4
174 4 5 1 7
175 2 9 3 3
176 5 4 5 6
177 7 4 1 6
178 8 3 2 7
179 10 5 1 13
180 8 1 1 7
181 5 3 2 6
182 5 2 5 4
183 8 3 2 8
184 2 3 2 2
185 7 5 2 7
186 8 3 4 7
187 10 6 1 4
188 6 4 3 4
189 8 2 2 5
190 10 6 1 4
191 6 2 5 8
192 8 4 5 6
193 10 3 2 7
194 12 6 5 6
195 6 3 4 6
196 15 4 2 6
197 9 5 2 7
198 12 4 2 11
199 13 4 10 9
200 6 1 5 5
201 6 6 5 8
202 11 4 5 5
203 4 3 6 13
204 8 8 3 11
205 11 9 1 6
206 4 2 4 7
207 5 8 3 6
208 6 6 1 14
209 7 3 4 15
210 4 6 4 5
211 7 5 3 13
212 7 1 2 4
213 5 3 3 8
214 7 6 6 7
215 8 3 2 8
216 8 3 2 4
217 7 3 5 9
218 7 2 2 13
219 4 4 3 3
220 9 7 5 5
221 7 2 5 6
222 6 4 2 6
223 4 3 2 5
224 2 3 2 10
225 3 2 2 8
226 5 5 2 8
227 2 4 6 7
228 6 4 1 6
229 4 6 1 6
230 5 1 2 5
231 6 3 1 9
232 4 2 2 2
233 3 3 1 11
234 2 5 1 4
235 5 3 1 7
236 7 3 2 3
237 4 4 1 3
238 5 0 1 3
239 4 2 2 5
240 4 2 1 4
241 3 1 2 6
242 8 2 3 2
243 2 3 2 5
244 6 1 3 5
245 5 3 6 3
246 3 1 2 5
247 1 1 1 4
248 2 2 2 1
249 2 3 2 6
250 4 4 2 3
251 1 2 4 5
252 4 0 0 5
253 1 3 1 6
254 1 0 2 4
255 1 2 1 5
256 0 3 0 2
257 1 3 0 6
258 4 2 1 4
259 2 2 1 1
260 3 0 0 3
261 6 0 1 3
262 5 0 0 4
263 1 1 1 2
264 1 2 1 1
265 2 0 1 2
266 2 3 0 1
267 3 2 3 0
268 4 1 0 3
269 2 3 1 0
270 1 5 2 3
271 0 1 1 4
272 4 1 1 1
273 2 1 1 5
274 3 1 0 6
275 1 1 0 3
276 1 1 0 3
277 0 2 4 4
278 4 0 1 2
279 3 1 0 1
280 2 0 0 0
281 3 0 0 2
282 0 2 0 1
283 1 4 0 1
284 0 1 0 4
285 0 3 0 0
286 2 1 0 3
287 2 2 1 1
288 2 2 0 1
289 3 1 0 2
290 1 0 2 3
291 1 0 0 2
292 0 0 2 2
293 1 1 0 2
294 1 1 0 2
295 0 3 0 1
296 0 1 0 1
297 1 1 0 1
298 1 1 1 1
299 1 0 1 4
300 1 0 1 2
301 0 0 0 1
302 0 2 0 1
303 1 1 0 1
304 2 0 0 0
305 0 0 2 1
306 1 0 0 1
307 1 0 0 1
308 2 0 1 0
309 0 0 0 2
310 1 0 0 1
311 0 0 0 0
312 1 0 0 1
313 0 2 1 0
314 3 0 0 0
315 2 1 0 1
316 1 1 0 0
317 1 0 1 2
318 0 0 0 0
319 1 1 2 0
320 0 2 0 2
321 0 1 1 1
322 0 0 0 1
323 1 0 0 1
324 0 1 0 1
325 0 0 0 1
326 0 1 0 1
327 1 0 0 2
328 0 1 0 2
329 0 0 0 0
330 2 0 0 1
331 1 0 0 0
332 1 0 2 0
333 1 0 0 0
334 0 0 0 0
335 0 0 0 1
336 0 1 0 1
337 0 0 1 0
338 0 0 0 0
339 2 2 0 1
340 0 0 0 0
341 0 0 0 0
342 0 1 0 1
343 1 0 0 3
344 1 2 0 0
345 0 0 0 0
346 1 0 0 1
347 1 0 0 0
348 0 0 0 1
349 0 0 0 0
350 0 0 0 0
351 0 0 1 1
352 0 2 0 0
353 0 1 0 0
354 0 0 0 0
355 0 0 0 1
356 1 0 0 0
357 0 0 0 0
358 0 0 0 0
359 0 0 0 2
360 0 0 0 1
361 0 0 0 0
362 0 0 0 0
363 0 0 0 0
364 0 0 0 0
365 0 0 1 0
366 0 0 0 0
367 0 0 0 0
368 0 0 0 0
369 0 0 0 1
370 0 0 0 0
371 0 0 0 0
372 0 0 0 0
373 0 0 0 0
374 0 0 0 0
375 0 0 0 0
376 0 0 0 0
377 1 0 0 0
378 0 0 0 0
379 0 0 0 0
380 0 0 0 0
381 0 0 0 0
382 0 0 1 0
383 0 0 0 0
384 0 0 0 0
385 0 0 0 0
386 0 0 0 0
387 0 0 0 0
388 0 0 0 0
389 0 0 0 1
390 0 0 0 0
391 0 0 0 0
392 0 0 0 0
393 0 0 0 0
394 0 0 0 0
395 0 0 0 0
396 0 0 0 0
397 0 0 0 0
398 0 0 0 0
399 0 0 0 0
400 0 0 0 0
401 1 0 0 0
402 0 0 0 0
403 0 0 0 0
404 2 0 0 0
405 1 0 0 0
406 0 1 0 0
407 0 0 0 0
408 0 0 0 0
409 0 1 1 0
410 0 0 1 1
411 0 0 0 0
412 0 0 0 0
413 0 0 0 1
414 0 0 0 1
415 0 0 0 1
416 0 0 0 0
417 0 0 0 0
418 0 0 0 0
419 1 0 0 0
420 0 0 0 0
421 2 0 0 0
422 0 0 0 0
423 1 0 0 0
424 2 0 0 0
425 1 0 0 0
426 0 1 1 0
427 0 0 0 0
428 1 2 0 0
429 0 1 1 0
430 1 1 0 0
431 0 0 0 0
432 1 0 0 0
433 0 1 0 2
434 0 0 0 0
435 0 0 0 2
436 0 0 0 3
437 0 0 0 1
438 0 0 0 0
439 0 0 1 0
440 0 0 0 0
441 0 1 0 0
442 1 0 0 0
443 0 0 0 1
444 2 0 0 0
445 2 0 0 0
446 0 0 0 0
447 1 1 0 0
448 2 0 0 1
449 2 1 1 0
450 0 1 0 0
451 2 0 0 0
452 1 0 1 0
453 2 0 1 1
454 1 2 0 2
455 1 0 0 0
456 0 1 1 1
457 0 1 1 0
458 0 0 1 1
459 0 0 0 1
460 0 0 1 2
461 0 0 0 1
462 0 1 1 1
463 0 0 1 2
464 2 0 0 2
465 0 0 0 0
466 0 0 0 1
467 1 0 0 0
468 2 0 0 0
469 1 1 0 1
470 0 0 0 1
471 2 0 0 0
472 0 1 0 0
473 4 1 0 0
474 4 0 0 0
475 6 0 0 0
476 1 0 0 1
477 5 2 0 0
478 1 1 2 0
479 1 0 4 1
480 4 5 1 1
481 1 1 1 2
482 2 3 0 3
483 3 0 0 2
484 1 0 2 4
485 3 2 1 1
486 3 1 2 3
487 2 3 0 2
488 2 1 1 3
489 0 1 1 5
490 3 1 2 2
491 4 1 0 3
492 1 4 0 1
493 4 0 0 3
494 4 1 0 3
495 3 1 2 1
496 4 0 0 2
497 8 2 1 0
498 5 1 1 2
499 7 2 1 4
500 6 3 4 0
501 5 0 3 1
502 5 4 1 2
503 4 2 3 3
504 4 2 1 6
505 5 4 1 4
506 4 7 3 2
507 6 5 2 5
508 3 3 2 2
509 2 1 2 6
510 5 0 0 12
511 6 2 1 6
512 5 4 3 4
513 5 5 0 2
514 5 2 3 2
515 1 2 3 6
516 5 1 2 6
517 5 2 0 2
518 4 4 0 3
519 4 4 3 6
520 10 2 2 4
521 7 3 4 4
522 5 3 2 4
523 4 2 4 7
524 4 1 1 1
525 12 4 4 6
526 5 3 1 5
527 7 1 1 5
528 5 4 1 3
529 3 2 3 8
530 6 9 2 5
531 7 2 3 2
532 7 1 4 6
533 5 2 2 5
534 7 4 4 9
535 8 3 5 6
536 5 4 3 4
537 11 7 0 6
538 3 2 2 6
539 5 3 1 6
540 4 4 3 5
541 11 5 3 10
542 9 4 4 7
543 2 4 2 8
544 5 2 6 6
545 5 3 1 5
546 8 5 5 4
547 8 3 3 5
548 5 1 1 6
549 4 3 0 6
550 9 5 3 9
551 8 3 5 11
552 9 2 2 2
553 9 3 2 3
554 14 1 2 6
555 11 9 2 6
556 10 6 3 8
557 7 4 5 7
558 6 4 3 5
559 10 5 6 4
560 10 9 2 7
561 8 8 1 8
562 10 4 2 11
563 11 4 4 9
564 4 5 2 8
565 6 4 5 8
566 6 7 2 9
567 7 6 8 13
568 3 10 3 5
569 7 4 3 6
570 3 6 4 9
571 6 1 4 8
572 4 5 2 13
573 1 2 1 7
574 4 2 3 14
575 2 5 2 8
576 2 2 3 6
577 2 3 1 7
578 6 3 2 6
579 3 1 0 7
580 4 2 3 6
581 2 1 0 5
582 4 1 0 6
583 3 6 0 3
584 1 1 1 4
585 3 1 2 2
586 0 1 0 0
587 4 5 1 5
588 3 2 3 2
589 1 2 2 2
590 3 1 1 3
591 3 1 0 1
592 3 2 3 6
593 2 0 2 3
594 2 2 0 6
595 1 2 0 2
596 1 1 1 5
597 0 3 1 3
598 2 2 1 1
599 1 1 1 4
600 0 0 1 2
601 2 0 0 2
602 0 0 0 1
603 1 3 0 0
604 1 1 1 2
605 0 1 0 3
606 0 1 1 2
607 1 0 0 2
608 0 0 0 1
609 0 1 0 1
610 2 0 0 4
611 2 0 0 1
612 0 1 1 0
613 0 0 0 1
614 2 0 0 0
615 2 0 0 0
616 1 1 0 2
617 1 0 0 0
618 0 0 0 0
619 0 0 4 0
620 0 2 0 0
621 1 0 1 0
622 0 0 0 0
623 0 1 0 2
624 1 0 0 0
625 0 0 0 1
626 0 0 1 3
627 0 0 0 2
628 0 0 0 0
629 0 0 0 0
630 0 1 0 1
631 0 0 0 0
632 0 0 0 0
633 0 1 0 1
634 1 0 0 0
635 0 0 0 0
636 1 0 0 0
637 0 0 0 1
638 0 0 0 0
639 0 1 0 0
640 0 0 0 1
641 0 0 0 0
642 0 0 0 0
643 1 0 0 0
644 0 0 0 0
645 0 0 1 0
646 0 0 0 1
647 0 0 0 0
648 0 1 0 0
649 0 0 0 0
650 0 0 0 0
651 0 0 0 0
652 0 0 0 1
653 0 0 0 0
654 0 0 0 0
655 0 0 0 1
656 0 0 0 0
657 0 0 0 0
658 0 0 0 0
659 0 0 0 0
660 0 0 0 0
661 0 0 0 0
662 0 0 0 0
663 0 0 0 0
664 0 0 0 0
665 0 0 0 0
666 0 0 0 0
667 0 0 0 0
668 0 0 0 0
669 0 0 0 0
670 0 0 0 0
671 0 0 0 0
672 0 0 0 0
673 0 0 0 0
674 0 0 0 0
675 0 0 0 0
676 0 0 0 0
677 0 0 0 0
678 0 0 0 0
679 0 0 0 0
680 0 0 0 0
681 0 0 0 0
682 0 0 0 0
683 0 0 0 0
684 0 0 0 0
685 0 0 0 0
686 0 0 0 0
687 0 0 0 0
688 0 0 0 0
689 0 0 0 0
690 0 0 0 0
691 0 0 0 0
692 0 0 0 0
693 0 0 0 0
694 0 0 0 0
695 0 0 0 0
696 0 0 0 0
697 0 0 0 0
698 0 0 0 0
699 0 0 0 0
700 0 0 0 0
701 0 0 0 0
702 0 0 0 0
703 0 0 0 0
704 0 0 0 0
705 0 0 0 0
706 0 0 0 0
707 0 0 0 0
708 0 0 0 0
709 0 0 0 0
710 0 0 0 0
711 0 0 0 0
712 0 0 0 0
713 0 0 0 0
714 0 0 0 0
715 0 0 0 0
716 0 0 0 0
717 0 0 0 0
718 0 0 0 0
719 0 0 0 0
720 0 0 0 0
721 0 0 0 0
722 0 0 0 0
723 0 0 0 0
724 0 0 0 0
725 0 0 0 0
726 0 0 0 0
727 0 0 0 0
