0 0 0 0 0
1 0 0 0 0
2 0 0 0 0
3 0 0 0 0
4 0 0 0 0
5 0 2 2 0
6 0 0 0 0
7 0 0 0 0
8 0 0 0 0
9 0 1 0 3
10 0 0 0 0
11 0 0 0 0
12 0 0 0 1
13 0 0 0 1
14 0 0 0 0
15 0 0 0 0
16 0 0 0 0
17 1 0 0 0
18 4 0 0 0
19 0 0 0 0
20 2 0 0 0
21 0 0 0 0
22 0 1 0 0
23 1 0 1 0
24 1 0 0 0
25 1 0 0 0
26 0 0 0 0
27 1 2 1 1
28 0 1 0 0
29 0 2 0 1
30 0 0 0 0
31 0 0 0 2
32 0 0 0 1
33 0 1 0 2
34 0 1 0 1
35 0 0 0 0
36 0 1 0 0
37 0 0 0 0
38 0 0 0 0
39 0 0 0 0
40 0 0 0 1
41 0 0 0 1
42 0 0 0 0
43 2 0 0 1
44 0 0 0 0
45 1 0 0 0
46 1 0 0 0
47 2 0 0 0
48 0 1 0 0
49 2 0 0 0
50 1 1 0 0
51 0 0 0 0
52 0 1 2 1
53 0 0 0 0
54 0 0 0 1
55 0 1 1 0
56 1 0 0 2
57 0 0 0 0
58 0 2 0 0
59 0 0 0 2
60 0 0 0 0
61 0 0 0 0
62 0 0 0 2
63 1 0 0 0
64 0 0 0 0
65 0 1 0 1
66 1 0 0 0
67 1 0 0 0
68 0 1 0 0
69 0 0 0 1
70 0 0 0 0
71 0 0 1 0
72 1 1 0 0
73 1 0 0 0
74 1 0 0 0
75 1 0 0 1
76 0 0 0 0
77 2 0 1 0
78 0 1 0 1
79 2 0 1 1
80 0 1 0 0
81 2 0 0 0
82 0 1 0 1
83 2 0 0 0
84 1 1 0 2
85 3 0 0 0
86 1 1 1 1
87 0 0 0 0
88 1 1 1 1
89 0 0 1 1
90 2 2 1 2
91 1 1 0 0
92 3 1 0 2
93 1 0 0 1
94 1 1 0 2
95 2 1 0 1
96 1 0 0 0
97 0 1 1 1
98 2 0 1 0
99 1 1 0 1
100 0 1 1 0
101 0 3 0 2
102 1 0 0 1
103 3 1 1 1
104 4 1 1 1
105 4 0 0 4
106 4 0 0 1
107 0 0 2 2
108 4 1 2 1
109 2 1 1 0
110 0 0 1 1
111 2 0 1 2
112 2 0 0 3
113 2 2 1 0
114 2 4 0 1
115 2 1 3 0
116 3 2 0 2
117 1 3 1 2
118 3 1 0 4
119 2 1 0 1
120 2 2 0 3
121 3 1 2 3
122 3 1 0 3
123 2 2 1 1
124 2 1 1 2
125 3 1 2 2
126 3 1 1 3
127 3 4 0 4
128 5 0 1 3
129 6 2 0 1
130 3 1 1 1
131 4 1 1 4
132 1 1 2 3
133 5 2 1 2
134 3 4 2 3
135 4 3 0 1
136 7 2 1 3
137 2 2 0 1
138 2 2 3 3
139 3 2 1 2
140 3 1 3 2
141 1 4 0 5
142 4 2 2 4
143 3 2 2 5
144 2 1 1 3
145 3 3 2 5
146 0 2 0 3
147 1 0 1 5
148 3 2 3 3
149 5 3 1 7
150 8 1 2 0
151 8 2 0 1
152 8 2 0 5
153 4 2 1 4
154 8 0 2 3
155 7 4 3 3
156 8 1 2 3
157 8 5 1 2
158 6 4 2 3
159 9 1 2 5
160 8 8 2 3
161 7 5 2 3
162 7 3 3 5
163 10 4 3 5
164 5 4 3 9
165 9 5 2 8
166 5 6 0 3
167 5 4 2 6
168 4 6 5 7
169 6 5 2 6
170 9 4 4 8
171 7 5 1 7
172 7 4 2 12
173 10 3 0 6
174 1 6 1 9
175 5 6 4 6
176 10 7 2 6
177 8 5 0 2
178 9 8 3 7
179 9 3 1 8
180 11 3 2 6
181 10 3 5 5
182 9 2 4 11
183 15 0 5 7
184 8 6 3 7
185 15 8 3 10
186 14 5 8 7
187 11 4 4 3
188 19 9 2 6
189 10 6 3 6
190 14 8 6 12
191 8 13 5 12
192 11 6 5 10
193 8 4 9 6
194 13 5 4 9
195 9 4 6 13
196 13 2 5 13
197 9 12 3 12
198 15 3 4 18
199 15 7 6 15
200 14 7 4 11
201 13 7 4 8
202 13 7 5 5
203 10 7 6 14
204 16 3 5 15
205 10 3 9 11
206 12 9 6 10
207 10 12 7 12
208 18 5 5 6
209 14 10 7 13
210 13 5 6 12
211 3 9 1 14
212 9 6 6 13
213 9 12 5 15
214 8 8 6 16
215 4 7 5 10
216 8 2 4 18
217 1 6 4 16
218 8 7 4 13
219 6 4 7 12
220 5 3 1 7
221 6 10 3 10
222 8 2 1 9
223 5 6 4 8
224 9 3 1 9
225 6 3 2 12
226 5 0 0 7
227 6 4 2 7
228 4 4 2 10
229 3 5 4 6
230 2 2 5 4
231 1 6 3 3
232 2 2 3 4
233 3 5 1 6
234 2 4 2 6
235 3 0 2 5
236 2 1 3 5
237 3 1 1 8
238 2 1 1 9
239 0 2 0 3
240 0 1 1 3
241 3 0 3 4
242 1 4 0 3
243 3 1 1 4
244 2 1 0 3
245 3 0 1 4
246 2 2 1 5
247 2 1 0 1
248 2 2 0 1
249 3 0 1 0
250 2 0 1 3
251 2 0 1 1
252 5 0 1 2
253 3 0 1 2
254 3 2 2 0
255 1 4 0 2
256 1 3 1 1
257 3 4 3 1
258 0 1 1 2
259 2 1 1 3
260 2 0 1 3
261 1 1 0 6
262 2 1 1 3
263 4 1 0 3
264 2 1 1 3
265 1 0 2 2
266 0 2 0 2
267 2 1 0 1
268 2 0 0 1
269 1 3 0 2
270 5 2 0 3
271 2 1 0 2
272 4 3 2 1
273 1 0 0 1
274 1 0 0 2
275 0 1 0 1
276 0 1 0 2
277 0 1 1 1
278 0 2 0 0
279 1 3 1 5
280 0 2 0 0
281 0 3 1 0
282 1 0 0 2
283 1 1 0 6
284 0 0 0 2
285 0 0 0 2
286 1 0 0 0
287 0 0 0 2
288 1 1 0 2
289 0 0 0 0
290 1 0 0 0
291 3 1 0 0
292 0 1 0 0
293 0 1 0 0
294 0 0 0 0
295 0 1 1 1
296 0 2 0 0
297 0 0 0 0
298 0 0 0 1
299 0 0 0 2
300 0 0 1 1
301 0 0 0 0
302 0 0 0 1
303 0 0 0 2
304 0 0 0 1
305 0 0 0 0
306 0 0 0 0
307 0 0 0 0
308 1 0 0 0
309 1 0 0 0
310 0 0 0 0
311 0 0 0 0
312 0 0 0 0
313 0 0 1 0
314 0 1 0 0
315 0 0 0 0
316 0 0 0 0
317 0 0 0 0
318 0 0 0 1
319 0 0 0 1
320 0 0 0 0
321 0 0 0 0
322 0 0 0 0
323 0 0 0 0
324 0 0 0 0
325 0 0 0 0
326 0 0 0 0
327 0 0 0 0
328 0 0 0 0
329 0 0 0 0
330 0 0 0 0
331 0 0 0 0
332 0 0 0 0
333 0 0 0 0
334 0 0 0 0
335 0 0 0 0
336 0 0 0 0
337 1 0 0 0
338 0 0 0 0
339 0 0 0 0
340 0 0 0 0
341 0 0 0 0
342 1 0 1 0
343 0 0 0 0
344 0 0 0 0
345 0 0 0 0
346 0 0 0 1
347 0 0 1 0
348 0 0 0 0
349 0 0 0 0
350 0 0 0 0
351 0 0 0 1
352 0 0 0 0
353 0 0 0 0
354 0 0 0 0
355 0 0 0 0
356 0 0 0 0
357 0 0 0 0
358 0 0 0 0
359 0 0 0 0
360 1 0 0 0
361 0 0 0 0
362 0 0 0 0
363 0 0 0 0
364 0 0 0 0
365 0 0 0 0
366 0 0 0 0
367 0 0 0 0
368 0 0 0 0
369 0 1 0 0
370 0 0 0 0
371 0 0 0 0
372 0 0 0 0
373 0 0 0 1
374 0 0 0 0
375 0 0 0 0
376 0 0 0 0
377 0 0 0 0
378 0 0 0 0
379 0 0 0 0
380 0 0 0 0
381 0 0 0 0
382 0 0 0 0
383 0 0 0 0
384 0 0 0 0
385 0 0 0 0
386 0 0 0 0
387 0 0 0 0
388 0 0 0 0
389 0 0 0 0
390 0 0 0 0
391 0 0 0 0
392 0 0 0 0
393 0 0 0 0
394 0 0 0 0
395 0 0 0 0
396 0 0 0 0
397 0 0 0 0
398 0 0 0 0
399 0 0 0 0
400 0 0 0 0
401 0 0 0 0
402 0 0 0 0
403 0 0 0 0
404 0 0 0 0
405 0 0 0 0
406 0 0 0 0
407 0 0 0 0
408 0 0 0 0
409 0 0 0 0
410 0 0 0 0
411 0 0 0 0
412 0 0 0 0
413 0 0 0 0
414 0 0 0 0
415 0 0 0 0
416 0 0 0 0
417 0 0 0 0
418 0 0 0 0
419 0 0 0 0
420 0 0 0 0
421 0 0 0 0
422 0 0 0 0
423 0 0 0 0
424 0 0 0 0
425 0 0 0 0
426 0 0 0 0
427 0 0 0 0
428 0 0 0 0
429 0 0 0 0
430 0 0 0 0
431 0 0 0 0
432 0 0 0 0
433 0 0 0 0
434 0 0 0 0
435 0 0 0 0
436 0 0 0 0
437 0 0 0 0
438 0 0 0 0
439 0 0 0 0
440 0 0 0 0
441 0 0 0 0
442 0 0 0 0
443 0 0 0 0
444 0 0 0 0
445 0 0 0 0
446 0 0 0 0
447 0 0 0 0
448 0 0 0 0
449 0 0 0 0
450 0 0 0 0
451 0 0 0 0
452 0 0 0 0
453 0 0 0 0
454 0 0 0 0
455 0 0 0 0
456 0 0 0 0
457 0 0 0 0
458 0 0 0 0
459 0 0 0 0
460 0 0 0 0
461 0 0 0 0
462 0 0 0 0
463 0 0 0 0
464 0 0 0 0
465 0 0 0 0
466 0 0 0 0
467 0 0 0 0
468 0 0 0 0
469 0 0 0 0
470 0 0 0 0
471 0 0 0 0
472 0 0 0 0
473 0 0 0 0
474 0 0 0 0
475 0 0 0 0
476 0 0 0 0
477 0 0 0 0
478 0 0 0 0
479 0 0 0 0
480 0 0 0 0
481 0 0 0 0
482 0 0 0 0
483 0 0 0 0
484 0 0 0 0
485 0 0 0 0
486 0 0 0 0
487 0 0 0 0
488 0 0 0 0
489 0 0 0 0
490 0 0 0 0
491 0 0 0 0
492 0 0 0 0
493 0 0 0 0
494 0 0 0 0
495 0 0 0 0
496 0 0 0 0
497 0 0 0 0
498 0 0 0 0
499 0 0 0 0
500 0 0 0 0
501 0 0 0 0
502 0 0 0 0
503 0 0 0 0
504 0 0 0 0
505 0 0 0 0
506 0 0 0 0
507 0 0 0 0
508 0 0 0 0
509 0 0 0 0
510 0 0 0 0
511 0 0 0 0
512 0 0 0 0
513 0 0 0 0
514 0 0 0 0
515 0 0 0 0
516 0 0 0 0
517 0 0 0 0
518 0 0 0 0
519 0 0 0 0
520 0 0 0 0
521 0 0 0 0
522 0 0 0 0
523 0 0 0 0
524 0 0 0 0
525 0 0 0 0
526 0 0 0 0
527 0 0 0 0
528 0 0 0 0
529 0 0 0 0
530 0 0 0 0
531 0 0 0 0
532 0 0 0 0
533 0 0 0 0
534 0 0 0 0
535 0 0 0 0
536 0 0 0 0
537 0 0 0 0
538 0 0 0 0
539 0 0 0 0
540 0 0 0 0
541 0 0 0 0
542 0 0 0 0
543 0 0 0 0
544 0 0 0 0
545 0 0 0 0
546 0 0 0 0
547 0 0 0 0
548 0 0 0 0
549 0 0 0 0
550 0 0 0 0
551 0 0 0 0
552 0 0 0 0
553 0 0 0 0
554 0 0 0 0
555 0 0 0 0
556 0 0 0 0
557 0 0 0 0
558 0 0 0 0
559 0 0 0 0
560 0 0 0 0
561 0 0 0 0
562 0 0 0 0
563 0 0 0 0
564 0 0 0 0
565 0 0 0 0
566 0 0 0 0
567 0 0 0 0
568 0 0 0 0
569 0 0 0 0
570 0 0 0 0
571 0 0 0 0
572 0 0 0 0
573 0 0 0 0
574 0 0 0 0
575 0 0 0 0
576 0 0 0 0
577 0 0 0 0
578 0 0 0 0
579 0 0 0 0
580 0 0 0 0
581 0 0 0 0
582 0 0 0 0
583 0 0 0 0
584 0 0 0 0
585 0 0 0 0
586 0 0 0 0
587 0 0 0 0
588 0 0 0 0
589 0 0 0 0
590 0 0 0 0
591 0 0 0 0
592 0 0 0 0
593 0 0 0 0
594 0 0 0 0
595 0 0 0 0
596 0 0 0 0
597 0 0 0 0
598 0 0 0 0
599 0 0 0 0
600 0 0 0 0
601 0 0 0 0
602 0 0 0 0
603 0 0 0 0
604 0 0 0 0
605 0 0 0 0
606 0 0 0 0
607 0 0 0 0
608 0 0 0 0
609 0 0 0 0
610 0 0 0 0
611 0 0 0 0
612 0 0 0 0
613 0 0 0 0
614 0 0 0 0
615 0 0 0 0
616 0 0 0 0
617 0 0 0 0
618 0 0 0 0
619 0 0 0 0
620 0 0 0 0
621 0 0 0 0
622 0 0 0 0
623 0 0 0 0
624 0 0 0 0
625 0 0 0 0
626 0 0 0 0
627 0 0 0 0
628 0 0 0 0
629 0 0 0 0
630 0 0 0 0
631 0 0 0 0
632 0 0 0 0
633 0 0 0 0
634 0 0 0 0
635 0 0 0 0
636 0 0 0 0
637 0 0 0 0
638 0 0 0 0
639 0 0 0 0
640 0 0 0 0
641 0 0 0 0
642 0 0 0 0
643 0 0 0 0
644 0 0 0 0
645 0 0 0 0
646 0 0 0 0
647 0 0 0 0
648 0 0 0 0
649 0 0 0 0
650 0 0 0 0
651 0 0 0 0
652 0 0 0 0
653 0 0 0 0
654 0 0 0 0
655 0 0 0 0
656 0 0 0 0
657 0 0 0 0
658 0 0 0 0
659 0 0 0 0
660 0 0 0 0
661 0 0 0 0
662 0 0 0 0
663 0 0 0 0
664 0 0 0 0
665 0 0 0 0
666 0 0 0 0
667 0 0 0 0
668 0 0 0 0
669 0 0 0 0
670 0 0 0 0
671 0 0 0 0
672 0 0 0 0
673 0 0 0 0
674 0 0 0 0
675 0 0 0 0
676 0 0 0 0
677 0 0 0 0
678 0 0 0 0
679 0 0 0 0
680 0 0 0 0
681 0 0 0 0
682 0 0 0 0
683 0 0 0 0
684 0 0 0 0
685 0 0 0 0
686 0 0 0 0
687 0 0 0 0
688 0 0 0 0
689 0 0 0 0
690 0 0 0 0
691 0 0 0 0
692 0 0 0 0
693 0 0 0 0
694 0 0 0 0
695 0 0 0 0
696 0 0 0 0
697 0 0 0 0
698 0 0 0 0
699 0 0 0 0
700 0 0 0 0
701 0 0 0 0
702 0 0 0 0
703 0 0 0 0
704 0 0 0 0
705 0 0 0 0
706 0 0 0 0
707 0 0 0 0
708 0 0 0 0
709 0 0 0 0
710 0 0 0 0
711 0 0 0 0
712 0 0 0 0
713 0 0 0 0
714 0 0 0 0
715 0 0 0 0
716 0 0 0 0
717 0 0 0 0
718 0 0 0 0
719 0 0 0 0
720 0 0 0 0
721 0 0 0 0
722 0 0 0 0
723 0 0 0 0
724 0 0 0 0
725 0 0 0 0
726 0 0 0 0
727 0 0 0 0
