0 0 0 0 0
1 0 0 0 0
2 0 0 0 0
3 0 0 0 0
4 0 0 0 0
5 0 1 1 0
6 0 0 0 0
7 0 0 0 0
8 0 0 0 0
9 0 2 1 1
10 0 0 0 0
11 0 0 0 0
12 0 0 0 1
13 0 0 0 0
14 0 0 0 0
15 0 0 0 0
16 0 0 0 3
17 1 0 0 0
18 0 0 0 0
19 1 0 0 0
20 1 0 0 0
21 0 0 0 0
22 1 1 0 0
23 1 0 0 0
24 1 1 0 0
25 0 1 0 0
26 0 0 0 0
27 1 0 1 0
28 1 1 0 0
29 2 0 0 3
30 1 0 0 0
31 2 0 0 1
32 0 0 1 1
33 2 1 1 0
34 1 0 0 0
35 1 1 0 0
36 0 1 0 0
37 1 0 0 0
38 1 1 1 0
39 1 0 0 2
40 1 1 1 1
41 1 0 0 0
42 1 0 3 2
43 1 1 1 1
44 1 0 0 1
45 1 0 1 1
46 0 0 0 2
47 1 0 1 3
48 0 1 1 0
49 0 0 0 1
50 0 2 0 0
51 2 0 0 1
52 0 0 0 1
53 2 0 0 0
54 1 1 0 0
55 2 0 0 2
56 3 0 1 1
57 3 0 0 1
58 3 1 0 0
59 2 0 0 0
60 3 2 2 0
61 1 1 0 1
62 1 2 1 0
63 1 3 0 1
64 3 1 1 4
65 2 2 2 1
66 0 0 1 1
67 0 1 1 2
68 1 1 1 2
69 1 1 0 4
70 1 1 1 1
71 0 0 0 2
72 2 0 0 3
73 2 1 1 2
74 1 1 0 3
75 2 0 0 1
76 3 0 0 0
77 2 1 1 0
78 2 3 0 0
79 6 0 2 0
80 2 1 0 2
81 7 1 1 2
82 6 1 1 2
83 3 0 0 2
84 4 2 2 2
85 1 3 1 1
86 5 4 1 0
87 2 3 1 0
88 2 3 2 4
89 2 3 1 3
90 1 2 2 4
91 1 2 3 4
92 2 2 0 4
93 3 1 1 4
94 1 0 2 5
95 4 3 2 7
96 0 0 0 3
97 2 0 1 3
98 1 0 0 1
99 3 1 0 5
100 2 1 2 0
101 2 0 1 3
102 2 4 1 1
103 4 0 0 1
104 3 2 2 2
105 3 2 0 0
106 7 1 0 3
107 5 3 0 1
108 4 4 0 5
109 4 1 1 2
110 3 2 0 1
111 3 3 1 2
112 3 4 1 4
113 3 1 1 0
114 3 4 1 3
115 6 3 1 2
116 6 3 1 6
117 5 3 2 1
118 5 0 1 6
119 5 4 3 4
120 4 2 1 3
121 4 2 3 5
122 0 2 2 1
123 6 1 1 4
124 1 4 1 5
125 5 2 2 4
126 6 3 1 8
127 6 2 1 1
128 7 2 4 5
129 4 1 1 7
130 10 2 4 4
131 4 0 2 4
132 6 7 2 3
133 6 1 3 2
134 9 2 1 3
135 3 8 2 5
136 6 3 0 6
137 3 4 1 5
138 12 2 3 3
139 8 9 2 9
140 6 1 0 3
141 5 4 2 3
142 5 6 0 9
143 7 3 8 8
144 10 7 1 4
145 9 4 5 2
146 7 1 0 7
147 4 4 3 5
148 6 5 3 9
149 6 4 4 8
150 14 4 3 9
151 8 3 2 6
152 11 4 2 11
153 11 4 3 6
154 10 5 5 7
155 11 7 2 4
156 4 3 3 5
157 8 7 5 9
158 8 2 5 7
159 6 9 5 6
160 6 6 4 7
161 5 3 3 10
162 10 6 2 10
163 11 5 2 10
164 7 5 1 11
165 11 3 2 5
166 7 3 4 11
167 16 3 4 8
168 12 5 4 8
169 8 5 3 5
170 14 8 2 7
171 12 3 6 6
172 16 7 9 7
173 15 7 1 5
174 11 5 2 7
175 9 5 5 9
176 13 6 7 10
177 13 8 7 12
178 16 7 6 10
179 17 6 9 15
180 17 5 3 10
181 20 7 4 15
182 15 10 5 11
183 17 8 7 13
184 19 10 7 9
185 20 9 7 8
186 15 12 6 19
187 12 6 4 10
188 17 11 5 16
189 14 14 7 15
190 18 5 7 11
191 20 12 4 14
192 21 6 10 18
193 20 11 9 21
194 24 15 10 12
195 26 9 7 15
196 29 10 6 20
197 21 8 6 15
198 21 11 8 23
199 20 10 8 14
200 17 17 11 17
201 15 14 12 21
202 23 8 7 21
203 16 15 11 18
204 19 14 7 19
205 16 23 8 23
206 22 11 10 13
207 13 16 5 32
208 10 6 9 15
209 10 9 5 26
210 10 9 4 27
211 17 18 6 24
212 15 11 7 20
213 16 8 2 15
214 15 10 7 14
215 12 9 7 25
216 17 11 3 15
217 7 6 7 8
218 13 8 3 22
219 11 5 5 19
220 9 7 5 14
221 8 12 2 13
222 9 5 6 14
223 11 6 8 12
224 8 6 9 13
225 8 5 9 9
226 12 5 4 10
227 13 9 2 15
228 16 5 7 18
229 8 3 2 10
230 8 2 1 8
231 7 8 4 13
232 4 6 5 17
233 3 10 3 8
234 7 8 3 5
235 6 6 3 11
236 5 4 7 6
237 6 5 4 6
238 8 2 2 8
239 7 3 4 11
240 8 5 3 13
241 8 2 3 10
242 4 2 4 8
243 3 2 4 10
244 3 4 2 10
245 1 2 6 7
246 4 2 5 8
247 3 2 5 5
248 5 1 3 7
249 4 1 2 3
250 4 1 1 6
251 3 4 1 5
252 3 3 1 7
253 2 3 3 5
254 1 1 2 8
255 4 3 3 2
256 3 3 0 3
257 5 2 0 2
258 1 3 0 7
259 2 1 0 4
260 5 3 1 4
261 4 1 2 4
262 4 2 2 7
263 2 1 0 2
264 2 2 1 4
265 1 1 4 1
266 0 1 1 3
267 2 3 1 1
268 3 2 1 4
269 2 1 2 5
270 2 2 2 1
271 1 0 1 2
272 3 1 2 5
273 2 0 0 4
274 1 2 0 5
275 1 0 1 1
276 1 2 0 0
277 2 3 1 2
278 5 2 0 1
279 1 1 0 4
280 2 1 0 0
281 2 1 0 3
282 4 1 0 1
283 1 1 1 4
284 1 0 0 2
285 2 0 2 1
286 2 1 1 1
287 1 5 1 1
288 4 3 0 1
289 1 1 0 2
290 2 2 0 2
291 1 1 0 2
292 1 0 1 2
293 2 4 1 2
294 0 0 1 6
295 0 1 2 2
296 1 0 0 0
297 1 1 0 2
298 0 2 0 2
299 2 1 0 3
300 0 1 0 2
301 1 0 0 0
302 0 1 1 2
303 1 0 0 0
304 0 1 2 1
305 2 0 0 1
306 1 0 1 2
307 0 0 0 1
308 0 0 1 3
309 0 0 0 0
310 1 0 1 0
311 0 0 0 1
312 0 0 0 0
313 1 0 0 2
314 0 1 0 1
315 1 1 1 0
316 0 0 0 0
317 2 0 0 0
318 0 1 0 1
319 1 0 0 0
320 2 0 0 0
321 1 0 0 0
322 0 0 0 3
323 0 0 0 0
324 0 0 1 0
325 0 0 0 0
326 0 2 1 0
327 0 0 0 0
328 0 1 0 1
329 0 1 1 0
330 1 0 0 1
331 0 0 0 0
332 0 0 0 1
333 0 0 0 3
334 0 0 0 0
335 0 0 0 0
336 0 0 0 1
337 0 0 0 0
338 1 0 0 0
339 0 0 1 0
340 0 0 0 0
341 0 0 0 0
342 0 0 0 0
343 1 0 1 0
344 1 0 0 0
345 0 0 0 1
346 0 0 0 0
347 0 0 0 0
348 0 0 1 0
349 0 0 0 0
350 0 0 0 1
351 0 0 0 0
352 0 0 0 1
353 0 1 0 0
354 0 0 0 0
355 0 0 0 0
356 0 0 0 0
357 1 0 0 0
358 0 0 0 0
359 0 0 0 0
360 0 0 0 1
361 0 0 0 0
362 0 1 0 0
363 0 0 0 0
364 0 0 0 0
365 0 0 0 0
366 0 0 0 1
367 0 0 0 0
368 0 0 0 0
369 0 0 0 0
370 0 0 0 0
371 0 0 0 0
372 0 0 0 0
373 0 0 0 0
374 0 0 0 0
375 0 0 0 0
376 0 0 0 0
377 0 0 0 0
378 0 0 0 0
379 0 0 0 0
380 0 0 0 0
381 0 0 0 0
382 0 0 0 0
383 0 0 0 0
384 0 0 0 0
385 0 0 0 0
386 0 0 0 0
387 0 0 0 0
388 0 0 0 0
389 0 0 0 0
390 0 0 0 0
391 0 0 0 0
392 0 0 0 0
393 0 0 0 0
394 0 0 0 0
395 0 0 0 0
396 0 0 0 0
397 0 0 0 0
398 0 0 0 0
399 0 0 0 0
400 0 0 0 0
401 0 0 0 0
402 0 0 0 0
403 0 0 0 0
404 0 0 0 0
405 0 0 0 0
406 0 0 0 0
407 0 0 0 0
408 0 0 0 0
409 0 0 0 0
410 0 0 0 0
411 0 0 0 0
412 0 0 0 0
413 0 0 0 0
414 0 0 0 0
415 0 0 0 0
416 0 0 0 0
417 0 0 0 0
418 0 0 0 0
419 0 0 0 0
420 0 0 0 0
421 0 0 0 0
422 0 0 0 0
423 0 0 0 0
424 0 0 0 0
425 0 0 0 0
426 0 0 0 0
427 0 0 0 0
428 0 0 0 0
429 0 0 0 0
430 0 0 0 0
431 0 0 0 0
432 0 0 0 0
433 0 0 0 0
434 0 0 0 0
435 0 0 0 0
436 0 0 0 0
437 0 0 0 0
438 0 0 0 0
439 0 0 0 0
440 0 0 0 0
441 0 0 0 0
442 0 0 0 0
443 0 0 0 0
444 0 0 0 0
445 0 0 0 0
446 0 0 0 0
447 0 0 0 0
448 0 0 0 0
449 0 0 0 0
450 0 0 0 0
451 0 0 0 0
452 0 0 0 0
453 0 0 0 0
454 0 0 0 0
455 0 0 0 0
456 0 0 0 0
457 0 0 0 0
458 0 0 0 0
459 0 0 0 0
460 0 0 0 0
461 0 0 0 0
462 0 0 0 0
463 0 0 0 0
464 0 0 0 0
465 0 0 0 0
466 0 0 0 0
467 0 0 0 0
468 0 0 0 0
469 0 0 0 0
470 0 0 0 0
471 0 0 0 0
472 0 0 0 0
473 0 0 0 0
474 0 0 0 0
475 0 0 0 0
476 0 0 0 0
477 0 0 0 0
478 0 0 0 0
479 0 0 0 0
480 0 0 0 0
481 0 0 0 0
482 0 0 0 0
483 0 0 0 0
484 0 0 0 0
485 0 0 0 0
486 0 0 0 0
487 0 0 0 0
488 0 0 0 0
489 0 0 0 0
490 0 0 0 0
491 0 0 0 0
492 0 0 0 0
493 0 0 0 0
494 0 0 0 0
495 0 0 0 0
496 0 0 0 0
497 0 0 0 0
498 0 0 0 0
499 0 0 0 0
500 0 0 0 0
501 0 0 0 0
502 0 0 0 0
503 0 0 0 0
504 0 0 0 0
505 0 0 0 0
506 0 0 0 0
507 0 0 0 0
508 0 0 0 0
509 0 0 0 0
510 0 0 0 0
511 0 0 0 0
512 0 0 0 0
513 0 0 0 0
514 0 0 0 0
515 0 0 0 0
516 0 0 0 0
517 0 0 0 0
518 0 0 0 0
519 0 0 0 0
520 0 0 0 0
521 0 0 0 0
522 0 0 0 0
523 0 0 0 0
524 0 0 0 0
525 0 0 0 0
526 0 0 0 0
527 0 0 0 0
528 0 0 0 0
529 0 0 0 0
530 0 0 0 0
531 0 0 0 0
532 0 0 0 0
533 0 0 0 0
534 0 0 0 0
535 0 0 0 0
536 0 0 0 0
537 0 0 0 0
538 0 0 0 0
539 0 0 0 0
540 0 0 0 0
541 0 0 0 0
542 0 0 0 0
543 0 0 0 0
544 0 0 0 0
545 0 0 0 0
546 0 0 0 0
547 0 0 0 0
548 0 0 0 0
549 0 0 0 0
550 0 0 0 0
551 0 0 0 0
552 0 0 0 0
553 0 0 0 0
554 0 0 0 0
555 0 0 0 0
556 0 0 0 0
557 0 0 0 0
558 0 0 0 0
559 0 0 0 0
560 0 0 0 0
561 0 0 0 0
562 0 0 0 0
563 0 0 0 0
564 0 0 0 0
565 0 0 0 0
566 0 0 0 0
567 0 0 0 0
568 0 0 0 0
569 0 0 0 0
570 0 0 0 0
571 0 0 0 0
572 0 0 0 0
573 0 0 0 0
574 0 0 0 0
575 0 0 0 0
576 0 0 0 0
577 0 0 0 0
578 0 0 0 0
579 0 0 0 0
580 0 0 0 0
581 0 0 0 0
582 0 0 0 0
583 0 0 0 0
584 0 0 0 0
585 0 0 0 0
586 0 0 0 0
587 0 0 0 0
588 0 0 0 0
589 0 0 0 0
590 0 0 0 0
591 0 0 0 0
592 0 0 0 0
593 0 0 0 0
594 0 0 0 0
595 0 0 0 0
596 0 0 0 0
597 0 0 0 0
598 0 0 0 0
599 0 0 0 0
600 0 0 0 0
601 0 0 0 0
602 0 0 0 0
603 0 0 0 0
604 0 0 0 0
605 0 0 0 0
606 0 0 0 0
607 0 0 0 0
608 0 0 0 0
609 0 0 0 0
610 0 0 0 0
611 0 0 0 0
612 0 0 0 0
613 0 0 0 0
614 0 0 0 0
615 0 0 0 0
616 0 0 0 0
617 0 0 0 0
618 0 0 0 0
619 0 0 0 0
620 0 0 0 0
621 0 0 0 0
622 0 0 0 0
623 0 0 0 0
624 0 0 0 0
625 0 0 0 0
626 0 0 0 0
627 0 0 0 0
628 0 0 0 0
629 0 0 0 0
630 0 0 0 0
631 0 0 0 0
632 0 0 0 0
633 0 0 0 0
634 0 0 0 0
635 0 0 0 0
636 0 0 0 0
637 0 0 0 0
638 0 0 0 0
639 0 0 0 0
640 0 0 0 0
641 0 0 0 0
642 0 0 0 0
643 0 0 0 0
644 0 0 0 0
645 0 0 0 0
646 0 0 0 0
647 0 0 0 0
648 0 0 0 0
649 0 0 0 0
650 0 0 0 0
651 0 0 0 0
652 0 0 0 0
653 0 0 0 0
654 0 0 0 0
655 0 0 0 0
656 0 0 0 0
657 0 0 0 0
658 0 0 0 0
659 0 0 0 0
660 0 0 0 0
661 0 0 0 0
662 0 0 0 0
663 0 0 0 0
664 0 0 0 0
665 0 0 0 0
666 0 0 0 0
667 0 0 0 0
668 0 0 0 0
669 0 0 0 0
670 0 0 0 0
671 0 0 0 0
672 0 0 0 0
673 0 0 0 0
674 0 0 0 0
675 0 0 0 0
676 0 0 0 0
677 0 0 0 0
678 0 0 0 0
679 0 0 0 0
680 0 0 0 0
681 0 0 0 0
682 0 0 0 0
683 0 0 0 0
684 0 0 0 0
685 0 0 0 0
686 0 0 0 0
687 0 0 0 0
688 0 0 0 0
689 0 0 0 0
690 0 0 0 0
691 0 0 0 0
692 0 0 0 0
693 0 0 0 0
694 0 0 0 0
695 0 0 0 0
696 0 0 0 0
697 0 0 0 0
698 0 0 0 0
699 0 0 0 0
700 0 0 0 0
701 0 0 0 0
702 0 0 0 0
703 0 0 0 0
704 0 0 0 0
705 0 0 0 0
706 0 0 0 0
707 0 0 0 0
708 0 0 0 0
709 0 0 0 0
710 0 0 0 0
711 0 0 0 0
712 0 0 0 0
713 0 0 0 0
714 0 0 0 0
715 0 0 0 0
716 0 0 0 0
717 0 0 0 0
718 0 0 0 0
719 0 0 0 0
720 0 0 0 0
721 0 0 0 0
722 0 0 0 0
723 0 0 0 0
724 0 0 0 0
725 0 0 0 0
726 0 0 0 0
727 0 0 0 0
