0 0 0 0 0
1 0 0 0 0
2 0 0 0 0
3 0 0 0 0
4 0 0 0 0
5 0 2 2 0
6 0 0 0 0
7 0 0 0 0
8 0 0 0 0
9 0 1 0 0
10 0 0 0 0
11 0 0 0 1
12 0 0 0 3
13 0 0 0 1
14 0 0 0 0
15 0 0 0 0
16 1 0 0 0
17 3 0 0 0
18 0 0 0 0
19 3 0 0 0
20 3 0 0 0
21 1 0 0 0
22 2 1 0 0
23 1 0 0 0
24 2 3 0 0
25 0 1 2 0
26 2 1 1 0
27 2 1 1 0
28 3 0 0 3
29 2 1 1 2
30 3 1 0 1
31 3 0 0 1
32 3 1 2 2
33 2 1 1 3
34 1 0 1 2
35 0 2 1 0
36 2 1 2 3
37 2 3 1 0
38 2 0 1 1
39 2 1 1 2
40 1 0 0 3
41 1 1 1 3
42 1 3 0 2
43 2 1 1 3
44 0 0 1 1
45 1 1 1 1
46 2 0 1 3
47 2 0 0 2
48 2 1 1 1
49 4 0 1 3
50 1 1 0 1
51 3 1 1 1
52 4 0 1 1
53 2 1 0 1
54 1 1 2 1
55 1 3 0 3
56 3 1 1 1
57 3 4 1 0
58 3 1 1 2
59 3 0 0 3
60 1 2 1 1
61 4 1 0 4
62 1 3 1 0
63 2 2 0 2
64 2 3 0 4
65 1 1 2 3
66 0 1 1 3
67 3 0 3 1
68 3 2 0 2
69 1 1 1 3
70 1 2 1 1
71 3 0 0 2
72 2 2 0 3
73 1 2 0 4
74 0 1 0 4
75 2 0 0 1
76 4 2 1 1
77 0 0 1 3
78 1 0 0 0
79 2 1 0 1
80 3 2 0 2
81 3 4 1 1
82 5 0 1 0
83 2 0 1 1
84 2 1 2 2
85 2 1 0 4
86 4 2 1 2
87 5 2 1 0
88 6 2 0 2
89 4 3 1 2
90 7 2 0 1
91 1 1 3 5
92 2 2 2 0
93 6 1 3 6
94 6 1 3 1
95 2 6 0 6
96 4 1 1 4
97 4 3 1 2
98 7 0 4 1
99 4 5 2 5
100 7 2 1 4
101 2 1 1 5
102 3 5 0 2
103 3 6 0 6
104 7 2 0 4
105 4 2 3 7
106 5 2 1 5
107 2 4 1 4
108 3 3 2 1
109 4 4 2 4
110 3 2 1 3
111 4 5 0 3
112 4 0 2 7
113 6 2 3 8
114 4 1 2 3
115 5 2 1 4
116 6 2 2 2
117 4 1 2 3
118 7 2 2 6
119 8 1 2 3
120 4 4 2 5
121 11 2 5 1
122 11 2 3 5
123 7 3 4 3
124 4 4 2 6
125 10 4 3 6
126 11 3 4 3
127 6 4 4 7
128 8 6 2 6
129 5 3 1 6
130 9 7 4 5
131 8 4 5 8
132 4 4 3 8
133 7 1 2 6
134 5 8 3 7
135 7 6 4 9
136 10 2 2 7
137 5 4 2 9
138 10 2 2 9
139 11 3 4 7
140 11 6 2 2
141 9 4 5 10
142 7 4 3 7
143 8 6 2 7
144 12 4 6 5
145 6 7 2 8
146 14 6 5 7
147 12 3 4 10
148 9 6 4 9
149 11 6 6 6
150 10 3 4 8
151 10 6 5 7
152 14 8 4 8
153 5 6 3 13
154 16 3 4 8
155 16 9 2 14
156 6 5 5 8
157 10 4 4 9
158 15 6 2 9
159 18 11 5 14
160 12 10 5 11
161 11 10 2 10
162 13 5 3 8
163 14 6 5 10
164 8 12 6 9
165 16 6 3 8
166 13 8 3 12
167 13 10 5 13
168 9 8 7 20
169 15 6 4 11
170 4 9 5 11
171 11 5 7 16
172 12 7 5 10
173 6 6 6 11
174 8 11 5 15
175 17 7 3 16
176 11 6 2 14
177 12 6 4 12
178 17 6 2 11
179 6 5 1 11
180 12 11 9 6
181 13 6 5 16
182 19 5 2 8
183 13 5 8 6
184 13 4 4 14
185 15 6 1 12
186 19 12 3 8
187 15 13 8 18
188 20 5 6 3
189 11 7 5 6
190 16 8 7 16
191 14 11 9 19
192 22 10 4 11
193 9 7 9 10
194 15 6 10 16
195 13 8 9 14
196 12 7 9 14
197 11 15 6 16
198 11 2 4 19
199 19 8 3 9
200 14 9 4 18
201 10 7 10 20
202 11 3 12 16
203 16 8 7 13
204 17 7 5 16
205 11 8 7 8
206 13 4 1 13
207 10 6 5 12
208 14 8 15 16
209 11 4 6 14
210 19 7 4 11
211 6 7 7 12
212 10 9 5 20
213 11 12 7 8
214 9 6 4 14
215 13 10 4 22
216 9 2 2 10
217 11 8 4 11
218 13 10 5 10
219 9 9 6 17
220 8 5 5 12
221 11 4 3 11
222 10 3 8 14
223 3 5 5 9
224 2 4 7 8
225 3 5 5 9
226 5 4 4 12
227 4 8 3 10
228 12 4 2 14
229 3 4 3 10
230 1 2 4 9
231 6 7 2 10
232 8 1 0 9
233 5 5 4 10
234 3 1 3 7
235 1 1 3 4
236 6 3 4 2
237 9 5 3 8
238 5 0 1 10
239 9 1 1 3
240 5 1 2 9
241 8 4 6 5
242 3 6 2 3
243 5 2 2 5
244 2 5 0 4
245 5 3 0 5
246 6 8 0 5
247 2 0 4 3
248 6 6 3 8
249 6 1 2 5
250 2 6 0 5
251 3 3 1 3
252 2 2 2 7
253 2 1 4 5
254 3 3 2 7
255 8 1 1 6
256 3 1 1 6
257 3 1 3 7
258 3 3 2 3
259 4 3 1 0
260 4 3 3 4
261 1 0 0 5
262 1 1 2 4
263 1 3 1 3
264 2 5 2 4
265 1 3 1 3
266 4 1 0 5
267 1 0 1 5
268 2 1 0 3
269 0 1 2 2
270 0 1 0 3
271 2 1 4 4
272 2 1 2 3
273 1 2 0 2
274 1 0 0 1
275 2 0 0 6
276 0 1 0 4
277 0 0 1 3
278 2 1 0 0
279 0 0 0 0
280 2 1 1 0
281 1 2 1 0
282 0 0 0 1
283 1 0 1 1
284 1 0 0 1
285 2 1 0 2
286 1 1 0 1
287 0 1 2 2
288 1 0 0 1
289 0 1 0 1
290 0 1 1 0
291 0 0 0 2
292 2 1 0 0
293 1 0 0 3
294 1 0 0 2
295 1 0 1 0
296 1 0 0 1
297 0 0 2 0
298 0 0 0 0
299 0 0 0 1
300 0 1 0 0
301 0 1 1 1
302 2 0 1 0
303 2 0 1 0
304 1 0 0 1
305 0 0 0 1
306 0 0 0 0
307 1 1 0 2
308 1 2 0 1
309 0 0 0 1
310 0 0 0 0
311 1 1 0 1
312 1 0 1 1
313 0 0 1 0
314 1 0 0 0
315 1 0 0 1
316 0 1 0 0
317 0 1 1 1
318 1 0 0 1
319 0 1 0 1
320 0 0 0 1
321 0 0 0 2
322 0 0 0 0
323 0 1 0 1
324 0 1 0 0
325 0 0 0 0
326 1 0 0 0
327 0 0 0 1
328 0 0 0 0
329 0 0 0 0
330 0 0 0 0
331 1 0 0 1
332 0 0 0 0
333 0 0 0 0
334 0 0 0 0
335 0 1 0 0
336 0 0 0 0
337 0 0 0 0
338 0 0 0 0
339 0 0 0 1
340 0 1 0 0
341 0 0 0 0
342 0 0 0 0
343 0 0 0 0
344 0 0 0 1
345 0 0 0 0
346 0 0 0 0
347 0 0 0 0
348 0 0 0 0
349 0 0 0 0
350 0 0 0 0
351 0 0 0 0
352 0 0 0 0
353 0 0 0 0
354 0 0 0 0
355 0 0 0 0
356 0 0 0 0
357 0 0 0 0
358 0 0 0 0
359 0 0 0 0
360 0 0 0 0
361 0 0 0 0
362 0 0 0 0
363 0 0 0 0
364 0 0 0 0
365 0 0 0 0
366 0 0 0 0
367 0 0 0 0
368 0 0 0 0
369 0 0 0 0
370 0 0 0 0
371 0 0 0 0
372 0 0 0 0
373 0 0 0 0
374 0 0 0 0
375 0 0 0 0
376 0 0 0 0
377 0 0 0 0
378 0 0 0 0
379 0 0 0 0
380 0 0 0 0
381 0 0 0 0
382 0 0 0 0
383 0 0 0 0
384 0 0 0 0
385 0 0 0 0
386 0 0 0 0
387 0 0 0 0
388 0 0 0 0
389 0 0 0 0
390 0 0 0 0
391 0 0 0 0
392 0 0 0 0
393 0 0 0 0
394 0 0 0 0
395 0 0 0 0
396 0 0 0 0
397 0 0 0 0
398 0 0 0 0
399 0 0 0 0
400 0 0 0 0
401 0 0 0 0
402 0 0 0 0
403 0 0 0 0
404 0 0 0 0
405 0 0 0 0
406 0 0 0 0
407 0 0 0 0
408 0 0 0 0
409 0 0 0 0
410 0 0 0 0
411 0 0 0 0
412 0 0 0 0
413 0 0 0 0
414 0 0 0 0
415 0 0 0 0
416 0 0 0 0
417 0 0 0 0
418 0 0 0 0
419 0 0 0 0
420 0 0 0 0
421 0 0 0 0
422 0 0 0 0
423 0 0 0 0
424 0 0 0 0
425 0 0 0 0
426 0 0 0 0
427 0 0 0 0
428 0 0 0 0
429 0 0 0 0
430 0 0 0 0
431 0 0 0 0
432 0 0 0 0
433 0 0 0 0
434 0 0 0 0
435 0 0 0 0
436 0 0 0 0
437 0 0 0 0
438 0 0 0 0
439 0 0 0 0
440 0 0 0 0
441 0 0 0 0
442 0 0 0 0
443 0 0 0 0
444 0 0 0 0
445 0 0 0 0
446 0 0 0 0
447 0 0 0 0
448 0 0 0 0
449 0 0 0 0
450 0 0 0 0
451 0 0 0 0
452 0 0 0 0
453 0 0 0 0
454 0 0 0 0
455 0 0 0 0
456 0 0 0 0
457 0 0 0 0
458 0 0 0 0
459 0 0 0 0
460 0 0 0 0
461 0 0 0 0
462 0 0 0 0
463 0 0 0 0
464 0 0 0 0
465 0 0 0 0
466 0 0 0 0
467 0 0 0 0
468 0 0 0 0
469 0 0 0 0
470 0 0 0 0
471 0 0 0 0
472 0 0 0 0
473 0 0 0 0
474 0 0 0 0
475 0 0 0 0
476 0 0 0 0
477 0 0 0 0
478 0 0 0 0
479 0 0 0 0
480 0 0 0 0
481 0 0 0 0
482 0 0 0 0
483 0 0 0 0
484 0 0 0 0
485 0 0 0 0
486 0 0 0 0
487 0 0 0 0
488 0 0 0 0
489 0 0 0 0
490 0 0 0 0
491 0 0 0 0
492 0 0 0 0
493 0 0 0 0
494 0 0 0 0
495 0 0 0 0
496 0 0 0 0
497 0 0 0 0
498 0 0 0 0
499 0 0 0 0
500 0 0 0 0
501 0 0 0 0
502 0 0 0 0
503 0 0 0 0
504 0 0 0 0
505 0 0 0 0
506 0 0 0 0
507 0 0 0 0
508 0 0 0 0
509 0 0 0 0
510 0 0 0 0
511 0 0 0 0
512 0 0 0 0
513 0 0 0 0
514 0 0 0 0
515 0 0 0 0
516 0 0 0 0
517 0 0 0 0
518 0 0 0 0
519 0 0 0 0
520 0 0 0 0
521 0 0 0 0
522 0 0 0 0
523 0 0 0 0
524 0 0 0 0
525 0 0 0 0
526 0 0 0 0
527 0 0 0 0
528 0 0 0 0
529 0 0 0 0
530 0 0 0 0
531 0 0 0 0
532 0 0 0 0
533 0 0 0 0
534 0 0 0 0
535 0 0 0 0
536 0 0 0 0
537 0 0 0 0
538 0 0 0 0
539 0 0 0 0
540 0 0 0 0
541 0 0 0 0
542 0 0 0 0
543 0 0 0 0
544 0 0 0 0
545 0 0 0 0
546 0 0 0 0
547 0 0 0 0
548 0 0 0 0
549 0 0 0 0
550 0 0 0 0
551 0 0 0 0
552 0 0 0 0
553 0 0 0 0
554 0 0 0 0
555 0 0 0 0
556 0 0 0 0
557 0 0 0 0
558 0 0 0 0
559 0 0 0 0
560 0 0 0 0
561 0 0 0 0
562 0 0 0 0
563 0 0 0 0
564 0 0 0 0
565 0 0 0 0
566 0 0 0 0
567 0 0 0 0
568 0 0 0 0
569 0 0 0 0
570 0 0 0 0
571 0 0 0 0
572 0 0 0 0
573 0 0 0 0
574 0 0 0 0
575 0 0 0 0
576 0 0 0 0
577 0 0 0 0
578 0 0 0 0
579 0 0 0 0
580 0 0 0 0
581 0 0 0 0
582 0 0 0 0
583 0 0 0 0
584 0 0 0 0
585 0 0 0 0
586 0 0 0 0
587 0 0 0 0
588 0 0 0 0
589 0 0 0 0
590 0 0 0 0
591 0 0 0 0
592 0 0 0 0
593 0 0 0 0
594 0 0 0 0
595 0 0 0 0
596 0 0 0 0
597 0 0 0 0
598 0 0 0 0
599 0 0 0 0
600 0 0 0 0
601 0 0 0 0
602 0 0 0 0
603 0 0 0 0
604 0 0 0 0
605 0 0 0 0
606 0 0 0 0
607 0 0 0 0
608 0 0 0 0
609 0 0 0 0
610 0 0 0 0
611 0 0 0 0
612 0 0 0 0
613 0 0 0 0
614 0 0 0 0
615 0 0 0 0
616 0 0 0 0
617 0 0 0 0
618 0 0 0 0
619 0 0 0 0
620 0 0 0 0
621 0 0 0 0
622 0 0 0 0
623 0 0 0 0
624 0 0 0 0
625 0 0 0 0
626 0 0 0 0
627 0 0 0 0
628 0 0 0 0
629 0 0 0 0
630 0 0 0 0
631 0 0 0 0
632 0 0 0 0
633 0 0 0 0
634 0 0 0 0
635 0 0 0 0
636 0 0 0 0
637 0 0 0 0
638 0 0 0 0
639 0 0 0 0
640 0 0 0 0
641 0 0 0 0
642 0 0 0 0
643 0 0 0 0
644 0 0 0 0
645 0 0 0 0
646 0 0 0 0
647 0 0 0 0
648 0 0 0 0
649 0 0 0 0
650 0 0 0 0
651 0 0 0 0
652 0 0 0 0
653 0 0 0 0
654 0 0 0 0
655 0 0 0 0
656 0 0 0 0
657 0 0 0 0
658 0 0 0 0
659 0 0 0 0
660 0 0 0 0
661 0 0 0 0
662 0 0 0 0
663 0 0 0 0
664 0 0 0 0
665 0 0 0 0
666 0 0 0 0
667 0 0 0 0
668 0 0 0 0
669 0 0 0 0
670 0 0 0 0
671 0 0 0 0
672 0 0 0 0
673 0 0 0 0
674 0 0 0 0
675 0 0 0 0
676 0 0 0 0
677 0 0 0 0
678 0 0 0 0
679 0 0 0 0
680 0 0 0 0
681 0 0 0 0
682 0 0 0 0
683 0 0 0 0
684 0 0 0 0
685 0 0 0 0
686 0 0 0 0
687 0 0 0 0
688 0 0 0 0
689 0 0 0 0
690 0 0 0 0
691 0 0 0 0
692 0 0 0 0
693 0 0 0 0
694 0 0 0 0
695 0 0 0 0
696 0 0 0 0
697 0 0 0 0
698 0 0 0 0
699 0 0 0 0
700 0 0 0 0
701 0 0 0 0
702 0 0 0 0
703 0 0 0 0
704 0 0 0 0
705 0 0 0 0
706 0 0 0 0
707 0 0 0 0
708 0 0 0 0
709 0 0 0 0
710 0 0 0 0
711 0 0 0 0
712 0 0 0 0
713 0 0 0 0
714 0 0 0 0
715 0 0 0 0
716 0 0 0 0
717 0 0 0 0
718 0 0 0 0
719 0 0 0 0
720 0 0 0 0
721 0 0 0 0
722 0 0 0 0
723 0 0 0 0
724 0 0 0 0
725 0 0 0 0
726 0 0 0 0
727 0 0 0 0
