0 0 0 0 0
1 0 0 0 0
2 0 0 0 0
3 0 0 0 0
4 0 0 0 0
5 0 1 3 0
6 0 0 0 0
7 0 0 0 0
8 0 0 0 0
9 0 0 1 1
10 0 0 0 0
11 0 0 0 0
12 0 0 0 3
13 0 0 0 0
14 0 0 0 0
15 0 0 0 0
16 1 0 0 1
17 0 0 0 0
18 2 0 0 0
19 1 0 0 0
20 2 0 0 0
21 0 0 0 0
22 2 0 0 0
23 2 2 0 0
24 1 0 0 0
25 1 1 2 0
26 1 0 0 0
27 2 0 0 1
28 0 0 2 0
29 0 0 1 1
30 1 1 0 1
31 1 1 1 0
32 1 1 1 3
33 0 0 0 1
34 0 0 0 0
35 0 1 1 2
36 0 1 0 2
37 0 1 0 1
38 2 0 0 0
39 0 0 0 2
40 1 1 0 1
41 1 0 0 1
42 0 0 0 0
43 3 0 0 1
44 1 0 0 1
45 1 1 0 0
46 2 0 1 0
47 1 0 2 0
48 1 0 1 0
49 0 0 0 0
50 0 0 1 1
51 0 2 0 2
52 1 0 2 2
53 2 0 2 0
54 0 0 0 0
55 1 0 0 1
56 1 1 0 1
57 2 0 0 1
58 0 0 1 1
59 1 0 0 1
60 1 1 0 3
61 1 0 0 0
62 2 2 1 0
63 1 0 0 0
64 2 0 0 1
65 2 0 1 1
66 4 1 0 3
67 4 0 0 0
68 3 2 0 0
69 0 1 1 1
70 2 2 1 1
71 4 1 4 0
72 1 1 2 2
73 2 2 1 1
74 3 0 0 1
75 3 2 0 2
76 3 1 4 2
77 4 0 1 4
78 1 0 2 2
79 2 0 1 2
80 4 0 1 4
81 5 3 2 1
82 2 0 1 3
83 1 3 1 4
84 5 2 1 0
85 3 3 1 4
86 4 2 2 0
87 3 0 0 3
88 4 1 0 2
89 4 0 2 4
90 4 3 2 3
91 2 2 1 4
92 5 2 1 2
93 8 2 1 3
94 5 1 3 1
95 6 2 5 2
96 3 1 0 4
97 6 2 3 3
98 9 2 2 2
99 4 3 1 5
100 1 4 2 3
101 3 1 4 7
102 1 3 4 7
103 1 3 2 1
104 4 2 2 6
105 3 0 1 0
106 5 5 2 9
107 4 3 2 5
108 6 3 1 8
109 11 1 2 3
110 5 3 1 5
111 7 4 0 3
112 7 3 0 4
113 10 3 1 6
114 10 4 2 2
115 7 4 0 2
116 6 4 1 4
117 8 1 5 3
118 5 8 3 7
119 11 5 2 5
120 11 4 5 6
121 3 3 5 4
122 12 5 5 3
123 8 5 2 6
124 11 7 3 8
125 12 6 3 15
126 12 3 2 8
127 12 6 2 10
128 6 6 2 6
129 13 7 4 12
130 9 2 3 3
131 13 4 9 7
132 14 3 3 5
133 13 3 4 8
134 10 9 3 8
135 13 4 4 14
136 14 7 6 10
137 14 7 3 7
138 11 11 4 13
139 14 5 7 3
140 8 8 9 14
141 16 12 4 11
142 13 10 5 13
143 13 9 3 11
144 22 5 5 11
145 21 3 5 16
146 20 15 6 15
147 12 6 3 14
148 18 10 4 14
149 16 8 10 9
150 11 7 8 14
151 18 15 4 6
152 16 6 6 14
153 18 13 8 21
154 19 8 8 11
155 17 10 7 16
156 18 7 9 13
157 12 9 7 20
158 11 10 9 22
159 18 8 8 17
160 12 3 9 17
161 16 10 3 14
162 21 12 4 14
163 24 8 4 16
164 13 12 7 13
165 20 6 10 22
166 16 11 3 18
167 25 11 5 13
168 29 15 12 13
169 31 10 4 18
170 23 11 7 9
171 27 11 6 19
172 35 10 11 19
173 33 16 6 17
174 36 8 16 16
175 26 8 13 18
176 24 15 15 18
177 24 14 17 23
178 21 24 11 22
179 32 17 12 24
180 24 16 9 24
181 31 18 9 29
182 27 17 9 28
183 25 13 10 27
184 26 22 9 28
185 30 15 11 36
186 39 15 14 31
187 33 20 12 17
188 29 20 9 26
189 27 15 11 23
190 36 17 7 30
191 38 21 13 31
192 33 20 5 36
193 34 16 15 31
194 28 18 15 27
195 35 23 15 28
196 31 19 13 21
197 29 18 11 30
198 28 19 16 26
199 33 13 10 32
200 27 27 16 32
201 21 21 10 33
202 34 15 16 36
203 29 19 10 27
204 28 23 7 36
205 20 16 13 31
206 28 13 9 30
207 16 20 13 38
208 18 20 13 34
209 25 15 12 33
210 24 16 7 17
211 17 17 13 37
212 25 16 7 34
213 20 15 2 34
214 28 13 9 20
215 19 17 6 24
216 16 10 9 24
217 12 10 14 21
218 13 13 10 32
219 13 13 11 22
220 16 8 10 16
221 9 10 8 21
222 9 15 6 19
223 17 17 9 25
224 12 8 7 18
225 5 6 10 27
226 12 8 2 16
227 5 7 3 20
228 3 6 9 16
229 6 12 5 18
230 8 0 2 22
231 5 8 2 13
232 11 6 5 15
233 7 3 2 8
234 8 4 2 3
235 12 3 5 14
236 10 3 3 19
237 11 5 4 4
238 8 3 4 8
239 5 6 3 6
240 6 4 0 4
241 4 6 2 7
242 4 8 2 10
243 7 3 5 13
244 2 8 5 7
245 6 5 6 4
246 4 3 3 7
247 3 4 3 8
248 1 3 4 7
249 5 2 1 14
250 2 5 1 8
251 5 2 1 14
252 6 4 1 8
253 3 1 1 3
254 2 4 1 6
255 5 2 0 3
256 2 1 1 4
257 3 3 1 3
258 1 4 0 4
259 0 1 0 4
260 0 5 1 3
261 1 2 0 3
262 6 1 1 2
263 2 2 0 2
264 1 0 2 6
265 1 1 2 3
266 3 2 0 1
267 2 4 1 4
268 1 2 0 2
269 1 1 0 2
270 4 0 0 1
271 2 3 2 4
272 3 0 0 3
273 0 0 0 2
274 2 1 0 2
275 2 0 1 3
276 1 2 1 1
277 1 2 0 0
278 2 1 0 4
279 2 2 1 0
280 0 2 2 2
281 1 1 1 2
282 0 1 0 1
283 2 1 0 3
284 1 1 0 1
285 1 1 1 2
286 0 1 1 2
287 1 0 1 2
288 0 2 0 2
289 1 1 0 1
290 0 0 0 2
291 1 0 0 2
292 1 0 1 2
293 0 0 0 3
294 0 1 1 0
295 0 0 0 0
296 0 0 0 0
297 1 1 0 0
298 0 0 0 0
299 0 0 0 1
300 1 1 0 0
301 0 0 0 3
302 0 0 0 0
303 1 0 0 0
304 0 0 0 1
305 1 0 0 0
306 0 1 0 0
307 0 0 0 0
308 0 0 1 0
309 0 0 1 0
310 0 1 0 0
311 0 0 0 0
312 0 0 0 0
313 0 0 0 1
314 0 0 0 0
315 0 0 0 1
316 0 0 0 1
317 0 0 0 1
318 0 0 0 0
319 0 0 0 0
320 0 0 0 0
321 0 0 0 0
322 0 0 0 0
323 0 0 0 0
324 0 0 0 0
325 0 0 0 0
326 1 0 0 0
327 0 0 0 0
328 0 0 0 0
329 0 0 0 0
330 0 0 0 0
331 0 0 1 0
332 0 0 0 0
333 0 0 0 0
334 0 0 0 0
335 0 0 0 1
336 0 0 0 0
337 0 0 0 0
338 0 0 0 0
339 0 0 0 0
340 0 0 0 0
341 0 0 0 0
342 0 0 0 0
343 0 0 0 0
344 1 0 0 0
345 0 0 0 0
346 0 0 0 0
347 0 0 0 0
348 0 0 0 0
349 0 1 0 0
350 0 0 0 0
351 0 0 0 0
352 0 0 0 0
353 0 0 0 1
354 0 0 0 0
355 0 0 0 0
356 0 0 0 0
357 0 0 0 0
358 0 0 0 0
359 0 0 0 0
360 0 0 0 0
361 0 0 0 0
362 0 0 0 0
363 0 0 0 0
364 0 0 0 0
365 0 0 0 0
366 0 0 0 0
367 0 0 0 0
368 0 0 0 0
369 0 0 0 0
370 0 0 0 0
371 0 0 0 0
372 0 0 0 0
373 0 0 0 0
374 0 0 0 0
375 0 0 0 0
376 0 0 0 0
377 0 0 0 0
378 0 0 0 0
379 0 0 0 0
380 0 0 0 0
381 0 0 0 0
382 0 0 0 0
383 0 0 0 0
384 0 0 0 0
385 0 0 0 0
386 0 0 0 0
387 0 0 0 0
388 0 0 0 0
389 0 0 0 0
390 0 0 0 0
391 0 0 0 0
392 0 0 0 0
393 0 0 0 0
394 0 0 0 0
395 0 0 0 0
396 0 0 0 0
397 0 0 0 0
398 0 0 0 0
399 0 0 0 0
400 0 0 0 0
401 0 0 0 0
402 0 0 0 0
403 0 0 0 0
404 0 0 0 0
405 0 0 0 0
406 0 0 0 0
407 0 0 0 0
408 0 0 0 0
409 0 0 0 0
410 0 0 0 0
411 0 0 0 0
412 0 0 0 0
413 0 0 0 0
414 0 0 0 0
415 0 0 0 0
416 0 0 0 0
417 0 0 0 0
418 0 0 0 0
419 0 0 0 0
420 0 0 0 0
421 0 0 0 0
422 0 0 0 0
423 0 0 0 0
424 0 0 0 0
425 0 0 0 0
426 0 0 0 0
427 0 0 0 0
428 0 0 0 0
429 0 0 0 0
430 0 0 0 0
431 0 0 0 0
432 0 0 0 0
433 0 0 0 0
434 0 0 0 0
435 0 0 0 0
436 0 0 0 0
437 0 0 0 0
438 0 0 0 0
439 0 0 0 0
440 0 0 0 0
441 0 0 0 0
442 0 0 0 0
443 0 0 0 0
444 0 0 0 0
445 0 0 0 0
446 0 0 0 0
447 0 0 0 0
448 0 0 0 0
449 0 0 0 0
450 0 0 0 0
451 0 0 0 0
452 0 0 0 0
453 0 0 0 0
454 0 0 0 0
455 0 0 0 0
456 0 0 0 0
457 0 0 0 0
458 0 0 0 0
459 0 0 0 0
460 0 0 0 0
461 0 0 0 0
462 0 0 0 0
463 0 0 0 0
464 0 0 0 0
465 0 0 0 0
466 0 0 0 0
467 0 0 0 0
468 0 0 0 0
469 0 0 0 0
470 0 0 0 0
471 0 0 0 0
472 0 0 0 0
473 0 0 0 0
474 0 0 0 0
475 0 0 0 0
476 0 0 0 0
477 0 0 0 0
478 0 0 0 0
479 0 0 0 0
480 0 0 0 0
481 0 0 0 0
482 0 0 0 0
483 0 0 0 0
484 0 0 0 0
485 0 0 0 0
486 0 0 0 0
487 0 0 0 0
488 0 0 0 0
489 0 0 0 0
490 0 0 0 0
491 0 0 0 0
492 0 0 0 0
493 0 0 0 0
494 0 0 0 0
495 0 0 0 0
496 0 0 0 0
497 0 0 0 0
498 0 0 0 0
499 0 0 0 0
500 0 0 0 0
501 0 0 0 0
502 0 0 0 0
503 0 0 0 0
504 0 0 0 0
505 0 0 0 0
506 0 0 0 0
507 0 0 0 0
508 0 0 0 0
509 0 0 0 0
510 0 0 0 0
511 0 0 0 0
512 0 0 0 0
513 0 0 0 0
514 0 0 0 0
515 0 0 0 0
516 0 0 0 0
517 0 0 0 0
518 0 0 0 0
519 0 0 0 0
520 0 0 0 0
521 0 0 0 0
522 0 0 0 0
523 0 0 0 0
524 0 0 0 0
525 0 0 0 0
526 0 0 0 0
527 0 0 0 0
528 0 0 0 0
529 0 0 0 0
530 0 0 0 0
531 0 0 0 0
532 0 0 0 0
533 0 0 0 0
534 0 0 0 0
535 0 0 0 0
536 0 0 0 0
537 0 0 0 0
538 0 0 0 0
539 0 0 0 0
540 0 0 0 0
541 0 0 0 0
542 0 0 0 0
543 0 0 0 0
544 0 0 0 0
545 0 0 0 0
546 0 0 0 0
547 0 0 0 0
548 0 0 0 0
549 0 0 0 0
550 0 0 0 0
551 0 0 0 0
552 0 0 0 0
553 0 0 0 0
554 0 0 0 0
555 0 0 0 0
556 0 0 0 0
557 0 0 0 0
558 0 0 0 0
559 0 0 0 0
560 0 0 0 0
561 0 0 0 0
562 0 0 0 0
563 0 0 0 0
564 0 0 0 0
565 0 0 0 0
566 0 0 0 0
567 0 0 0 0
568 0 0 0 0
569 0 0 0 0
570 0 0 0 0
571 0 0 0 0
572 0 0 0 0
573 0 0 0 0
574 0 0 0 0
575 0 0 0 0
576 0 0 0 0
577 0 0 0 0
578 0 0 0 0
579 0 0 0 0
580 0 0 0 0
581 0 0 0 0
582 0 0 0 0
583 0 0 0 0
584 0 0 0 0
585 0 0 0 0
586 0 0 0 0
587 0 0 0 0
588 0 0 0 0
589 0 0 0 0
590 0 0 0 0
591 0 0 0 0
592 0 0 0 0
593 0 0 0 0
594 0 0 0 0
595 0 0 0 0
596 0 0 0 0
597 0 0 0 0
598 0 0 0 0
599 0 0 0 0
600 0 0 0 0
601 0 0 0 0
602 0 0 0 0
603 0 0 0 0
604 0 0 0 0
605 0 0 0 0
606 0 0 0 0
607 0 0 0 0
608 0 0 0 0
609 0 0 0 0
610 0 0 0 0
611 0 0 0 0
612 0 0 0 0
613 0 0 0 0
614 0 0 0 0
615 0 0 0 0
616 0 0 0 0
617 0 0 0 0
618 0 0 0 0
619 0 0 0 0
620 0 0 0 0
621 0 0 0 0
622 0 0 0 0
623 0 0 0 0
624 0 0 0 0
625 0 0 0 0
626 0 0 0 0
627 0 0 0 0
628 0 0 0 0
629 0 0 0 0
630 0 0 0 0
631 0 0 0 0
632 0 0 0 0
633 0 0 0 0
634 0 0 0 0
635 0 0 0 0
636 0 0 0 0
637 0 0 0 0
638 0 0 0 0
639 0 0 0 0
640 0 0 0 0
641 0 0 0 0
642 0 0 0 0
643 0 0 0 0
644 0 0 0 0
645 0 0 0 0
646 0 0 0 0
647 0 0 0 0
648 0 0 0 0
649 0 0 0 0
650 0 0 0 0
651 0 0 0 0
652 0 0 0 0
653 0 0 0 0
654 0 0 0 0
655 0 0 0 0
656 0 0 0 0
657 0 0 0 0
658 0 0 0 0
659 0 0 0 0
660 0 0 0 0
661 0 0 0 0
662 0 0 0 0
663 0 0 0 0
664 0 0 0 0
665 0 0 0 0
666 0 0 0 0
667 0 0 0 0
668 0 0 0 0
669 0 0 0 0
670 0 0 0 0
671 0 0 0 0
672 0 0 0 0
673 0 0 0 0
674 0 0 0 0
675 0 0 0 0
676 0 0 0 0
677 0 0 0 0
678 0 0 0 0
679 0 0 0 0
680 0 0 0 0
681 0 0 0 0
682 0 0 0 0
683 0 0 0 0
684 0 0 0 0
685 0 0 0 0
686 0 0 0 0
687 0 0 0 0
688 0 0 0 0
689 0 0 0 0
690 0 0 0 0
691 0 0 0 0
692 0 0 0 0
693 0 0 0 0
694 0 0 0 0
695 0 0 0 0
696 0 0 0 0
697 0 0 0 0
698 0 0 0 0
699 0 0 0 0
700 0 0 0 0
701 0 0 0 0
702 0 0 0 0
703 0 0 0 0
704 0 0 0 0
705 0 0 0 0
706 0 0 0 0
707 0 0 0 0
708 0 0 0 0
709 0 0 0 0
710 0 0 0 0
711 0 0 0 0
712 0 0 0 0
713 0 0 0 0
714 0 0 0 0
715 0 0 0 0
716 0 0 0 0
717 0 0 0 0
718 0 0 0 0
719 0 0 0 0
720 0 0 0 0
721 0 0 0 0
722 0 0 0 0
723 0 0 0 0
724 0 0 0 0
725 0 0 0 0
726 0 0 0 0
727 0 0 0 0
