0 0 0 0 0
1 0 0 0 0
2 0 0 0 0
3 0 0 0 0
4 0 0 0 0
5 0 1 1 0
6 0 0 0 0
7 0 0 0 0
8 0 0 0 0
9 0 2 1 1
10 0 0 0 0
11 0 0 0 0
12 1 0 0 1
13 0 0 0 1
14 0 0 0 0
15 0 0 0 0
16 0 0 0 2
17 0 0 0 0
18 1 1 0 0
19 1 0 0 0
20 1 0 0 0
21 3 0 0 0
22 0 0 0 0
23 1 1 0 0
24 0 0 0 0
25 3 0 0 1
26 3 0 0 0
27 2 0 0 0
28 1 1 1 0
29 2 1 0 0
30 1 3 1 1
31 0 2 0 0
32 0 0 1 2
33 2 1 0 0
34 0 1 1 2
35 1 1 0 2
36 1 1 0 2
37 0 0 0 3
38 1 1 1 1
39 0 1 0 1
40 0 0 0 1
41 2 2 0 1
42 0 0 1 1
43 4 0 0 1
44 1 0 1 0
45 2 0 0 3
46 1 0 0 1
47 0 1 0 0
48 2 2 1 0
49 3 1 0 0
50 0 1 2 0
51 2 0 0 1
52 4 1 0 1
53 2 1 0 1
54 2 0 2 3
55 0 0 1 1
56 2 0 0 1
57 1 2 0 2
58 1 2 2 1
59 1 2 0 1
60 0 1 1 0
61 0 1 3 3
62 1 0 0 1
63 2 0 0 1
64 2 0 0 2
65 2 1 0 4
66 3 1 0 1
67 1 0 2 1
68 4 1 1 3
69 2 2 0 1
70 2 1 1 0
71 1 0 0 1
72 4 0 1 1
73 4 2 2 1
74 1 1 0 1
75 2 2 3 1
76 3 0 1 2
77 1 1 2 4
78 1 1 0 1
79 1 0 1 4
80 2 0 1 1
81 0 2 2 3
82 0 3 1 2
83 2 1 0 1
84 3 1 1 1
85 3 0 1 3
86 3 0 0 3
87 4 0 0 2
88 4 1 1 4
89 8 3 0 3
90 8 1 0 0
91 4 1 1 0
92 5 0 1 2
93 5 4 1 3
94 4 2 3 0
95 4 4 4 2
96 6 0 4 1
97 6 1 2 2
98 1 2 5 3
99 4 3 0 5
100 3 4 1 6
101 5 3 4 4
102 5 5 3 8
103 3 4 1 3
104 7 4 0 4
105 4 3 0 8
106 3 4 1 6
107 4 0 1 5
108 3 1 1 5
109 7 5 2 4
110 2 4 1 4
111 3 2 3 3
112 6 4 2 4
113 14 2 2 7
114 8 6 1 4
115 10 1 0 2
116 11 3 0 5
117 9 2 0 3
118 9 4 2 7
119 6 6 1 5
120 7 3 2 3
121 10 4 5 4
122 3 6 7 3
123 9 2 4 5
124 5 6 6 2
125 8 4 7 9
126 8 8 5 7
127 11 5 2 5
128 4 2 2 6
129 5 4 0 15
130 4 2 2 11
131 5 3 5 14
132 7 7 7 9
133 10 3 2 10
134 9 5 2 3
135 8 4 2 6
136 14 3 1 9
137 16 2 2 5
138 16 6 3 8
139 18 4 1 8
140 13 5 5 4
141 11 10 3 4
142 15 4 5 6
143 13 3 5 5
144 19 10 4 7
145 15 10 6 15
146 19 6 8 7
147 15 4 12 8
148 17 11 5 11
149 21 7 4 15
150 18 10 6 13
151 12 11 4 19
152 13 15 3 14
153 11 18 4 13
154 16 12 6 14
155 11 14 8 14
156 12 7 3 9
157 10 9 3 19
158 22 8 7 17
159 19 12 7 27
160 18 7 4 15
161 18 8 5 12
162 14 8 4 18
163 18 10 4 12
164 17 10 5 11
165 15 10 4 16
166 18 9 10 22
167 19 13 5 9
168 17 13 4 9
169 15 12 10 10
170 23 6 9 22
171 13 9 9 20
172 18 11 7 20
173 15 8 6 19
174 16 10 7 19
175 15 15 8 18
176 17 9 7 20
177 19 11 6 13
178 17 9 1 17
179 16 10 7 22
180 20 3 8 17
181 20 14 5 15
182 20 16 6 14
183 19 9 9 8
184 25 11 7 15
185 25 12 6 16
186 24 5 10 24
187 28 10 7 17
188 21 13 8 17
189 19 13 12 15
190 20 17 8 14
191 22 16 9 16
192 19 8 10 26
193 16 11 11 19
194 16 20 5 21
195 18 19 6 21
196 19 21 7 25
197 20 11 11 19
198 24 10 5 25
199 22 7 5 19
200 19 12 8 34
201 17 13 8 28
202 16 8 9 20
203 22 11 7 15
204 23 9 8 19
205 26 9 5 19
206 17 14 4 17
207 9 16 8 20
208 17 15 6 21
209 15 14 4 13
210 14 11 11 19
211 13 10 4 25
212 18 13 2 13
213 11 13 10 16
214 9 16 7 19
215 15 10 8 19
216 9 7 6 15
217 11 7 9 19
218 12 4 5 21
219 10 6 3 16
220 8 8 3 16
221 9 14 7 19
222 10 6 5 17
223 8 9 2 12
224 15 9 6 13
225 13 0 5 13
226 7 8 1 11
227 12 6 3 9
228 6 3 5 23
229 10 8 3 7
230 4 5 3 12
231 4 5 6 10
232 4 9 3 7
233 7 5 7 7
234 3 11 8 7
235 7 1 4 11
236 5 4 1 15
237 4 1 2 8
238 2 4 1 9
239 3 1 1 8
240 4 4 1 12
241 2 2 2 14
242 1 7 2 5
243 2 1 2 4
244 4 4 4 1
245 4 3 1 5
246 3 0 1 5
247 2 2 0 6
248 5 0 0 6
249 3 2 3 9
250 5 2 1 1
251 4 3 0 4
252 2 1 2 0
253 0 4 2 3
254 2 2 1 4
255 2 1 2 3
256 1 1 3 4
257 4 2 0 3
258 3 1 0 1
259 2 2 2 5
260 1 1 1 5
261 2 1 1 2
262 3 0 1 3
263 0 0 0 2
264 2 1 1 1
265 3 1 0 1
266 3 1 3 3
267 4 3 1 3
268 1 1 0 1
269 2 0 0 1
270 3 3 0 3
271 1 1 1 3
272 2 0 0 2
273 2 4 0 1
274 1 1 0 2
275 1 2 1 3
276 2 3 1 1
277 2 0 1 3
278 1 2 1 0
279 0 2 1 1
280 1 1 1 4
281 0 2 0 1
282 0 0 3 4
283 3 0 1 4
284 2 0 0 1
285 0 1 0 2
286 2 0 0 1
287 1 0 0 2
288 0 0 1 2
289 0 0 2 3
290 0 0 0 1
291 0 0 0 0
292 0 2 1 1
293 1 1 0 2
294 0 0 0 0
295 0 1 1 0
296 0 0 0 0
297 0 0 0 1
298 1 0 0 0
299 2 0 0 4
300 0 0 1 0
301 0 0 0 0
302 0 0 0 1
303 0 0 0 0
304 0 0 1 1
305 1 0 0 0
306 0 0 0 0
307 0 1 0 0
308 0 1 0 1
309 3 0 0 0
310 2 0 1 0
311 0 0 0 1
312 1 0 0 1
313 0 0 0 0
314 0 0 1 0
315 0 0 2 0
316 0 0 1 0
317 0 1 0 1
318 0 1 0 0
319 0 0 0 2
320 0 0 0 1
321 1 0 0 2
322 2 0 0 0
323 0 0 0 0
324 1 0 0 0
325 1 0 0 1
326 1 1 0 0
327 0 1 0 0
328 0 0 0 0
329 0 1 0 0
330 0 1 0 1
331 0 1 0 0
332 0 0 0 0
333 0 0 0 0
334 0 0 0 1
335 0 1 0 0
336 0 0 0 1
337 0 0 0 1
338 0 0 0 1
339 0 0 0 0
340 0 0 0 0
341 0 0 0 0
342 0 0 0 1
343 1 0 0 0
344 1 0 0 0
345 0 0 0 0
346 1 0 0 0
347 1 0 0 0
348 0 0 0 0
349 0 1 0 0
350 0 0 0 0
351 0 2 0 0
352 0 1 0 0
353 0 0 0 0
354 0 0 0 0
355 0 0 0 1
356 0 0 0 1
357 0 0 0 0
358 0 0 0 1
359 0 0 0 1
360 0 0 0 0
361 0 0 0 0
362 0 0 0 0
363 0 0 0 0
364 0 0 0 0
365 0 0 0 0
366 0 0 0 0
367 0 0 0 0
368 0 0 0 0
369 0 0 0 0
370 0 0 0 0
371 0 0 0 0
372 0 0 0 0
373 0 0 0 0
374 0 0 0 0
375 0 0 0 0
376 0 0 0 0
377 0 0 0 0
378 0 0 0 0
379 0 0 0 0
380 0 0 0 0
381 0 0 0 0
382 0 0 0 0
383 0 0 0 0
384 0 0 0 0
385 0 0 0 0
386 0 0 0 0
387 0 0 0 0
388 0 0 0 0
389 0 0 0 0
390 0 0 0 0
391 0 0 0 0
392 0 0 0 0
393 0 0 0 0
394 0 0 0 0
395 0 0 0 0
396 0 0 0 0
397 0 0 0 0
398 0 0 0 0
399 0 0 0 0
400 0 0 0 0
401 0 0 0 0
402 0 0 0 0
403 0 0 0 0
404 0 0 0 0
405 0 0 0 0
406 0 0 0 0
407 0 0 0 0
408 0 0 0 0
409 0 0 0 0
410 0 0 0 0
411 0 0 0 0
412 0 0 0 0
413 0 0 0 0
414 0 0 0 0
415 0 0 0 0
416 0 0 0 0
417 0 0 0 0
418 0 0 0 0
419 0 0 0 0
420 0 0 0 0
421 0 0 0 0
422 0 0 0 0
423 0 0 0 0
424 0 0 0 0
425 0 0 0 0
426 0 0 0 0
427 0 0 0 0
428 0 0 0 0
429 0 0 0 0
430 0 0 0 0
431 0 0 0 0
432 0 0 0 0
433 0 0 0 0
434 0 0 0 0
435 0 0 0 0
436 0 0 0 0
437 0 0 0 0
438 0 0 0 0
439 0 0 0 0
440 0 0 0 0
441 0 0 0 0
442 0 0 0 0
443 0 0 0 0
444 0 0 0 0
445 0 0 0 0
446 0 0 0 0
447 0 0 0 0
448 0 0 0 0
449 0 0 0 0
450 0 0 0 0
451 0 0 0 0
452 0 0 0 0
453 0 0 0 0
454 0 0 0 0
455 0 0 0 0
456 0 0 0 0
457 0 0 0 0
458 0 0 0 0
459 0 0 0 0
460 0 0 0 0
461 0 0 0 0
462 0 0 0 0
463 0 0 0 0
464 0 0 0 0
465 0 0 0 0
466 0 0 0 0
467 0 0 0 0
468 0 0 0 0
469 0 0 0 0
470 0 0 0 0
471 0 0 0 0
472 0 0 0 0
473 0 0 0 0
474 0 0 0 0
475 0 0 0 0
476 0 0 0 0
477 0 0 0 0
478 0 0 0 0
479 0 0 0 0
480 0 0 0 0
481 0 0 0 0
482 0 0 0 0
483 0 0 0 0
484 0 0 0 0
485 0 0 0 0
486 0 0 0 0
487 0 0 0 0
488 0 0 0 0
489 0 0 0 0
490 0 0 0 0
491 0 0 0 0
492 0 0 0 0
493 0 0 0 0
494 0 0 0 0
495 0 0 0 0
496 0 0 0 0
497 0 0 0 0
498 0 0 0 0
499 0 0 0 0
500 0 0 0 0
501 0 0 0 0
502 0 0 0 0
503 0 0 0 0
504 0 0 0 0
505 0 0 0 0
506 0 0 0 0
507 0 0 0 0
508 0 0 0 0
509 0 0 0 0
510 0 0 0 0
511 0 0 0 0
512 0 0 0 0
513 0 0 0 0
514 0 0 0 0
515 0 0 0 0
516 0 0 0 0
517 0 0 0 0
518 0 0 0 0
519 0 0 0 0
520 0 0 0 0
521 0 0 0 0
522 0 0 0 0
523 0 0 0 0
524 0 0 0 0
525 0 0 0 0
526 0 0 0 0
527 0 0 0 0
528 0 0 0 0
529 0 0 0 0
530 0 0 0 0
531 0 0 0 0
532 0 0 0 0
533 0 0 0 0
534 0 0 0 0
535 0 0 0 0
536 0 0 0 0
537 0 0 0 0
538 0 0 0 0
539 0 0 0 0
540 0 0 0 0
541 0 0 0 0
542 0 0 0 0
543 0 0 0 0
544 0 0 0 0
545 0 0 0 0
546 0 0 0 0
547 0 0 0 0
548 0 0 0 0
549 0 0 0 0
550 0 0 0 0
551 0 0 0 0
552 0 0 0 0
553 0 0 0 0
554 0 0 0 0
555 0 0 0 0
556 0 0 0 0
557 0 0 0 0
558 0 0 0 0
559 0 0 0 0
560 0 0 0 0
561 0 0 0 0
562 0 0 0 0
563 0 0 0 0
564 0 0 0 0
565 0 0 0 0
566 0 0 0 0
567 0 0 0 0
568 0 0 0 0
569 0 0 0 0
570 0 0 0 0
571 0 0 0 0
572 0 0 0 0
573 0 0 0 0
574 0 0 0 0
575 0 0 0 0
576 0 0 0 0
577 0 0 0 0
578 0 0 0 0
579 0 0 0 0
580 0 0 0 0
581 0 0 0 0
582 0 0 0 0
583 0 0 0 0
584 0 0 0 0
585 0 0 0 0
586 0 0 0 0
587 0 0 0 0
588 0 0 0 0
589 0 0 0 0
590 0 0 0 0
591 0 0 0 0
592 0 0 0 0
593 0 0 0 0
594 0 0 0 0
595 0 0 0 0
596 0 0 0 0
597 0 0 0 0
598 0 0 0 0
599 0 0 0 0
600 0 0 0 0
601 0 0 0 0
602 0 0 0 0
603 0 0 0 0
604 0 0 0 0
605 0 0 0 0
606 0 0 0 0
607 0 0 0 0
608 0 0 0 0
609 0 0 0 0
610 0 0 0 0
611 0 0 0 0
612 0 0 0 0
613 0 0 0 0
614 0 0 0 0
615 0 0 0 0
616 0 0 0 0
617 0 0 0 0
618 0 0 0 0
619 0 0 0 0
620 0 0 0 0
621 0 0 0 0
622 0 0 0 0
623 0 0 0 0
624 0 0 0 0
625 0 0 0 0
626 0 0 0 0
627 0 0 0 0
628 0 0 0 0
629 0 0 0 0
630 0 0 0 0
631 0 0 0 0
632 0 0 0 0
633 0 0 0 0
634 0 0 0 0
635 0 0 0 0
636 0 0 0 0
637 0 0 0 0
638 0 0 0 0
639 0 0 0 0
640 0 0 0 0
641 0 0 0 0
642 0 0 0 0
643 0 0 0 0
644 0 0 0 0
645 0 0 0 0
646 0 0 0 0
647 0 0 0 0
648 0 0 0 0
649 0 0 0 0
650 0 0 0 0
651 0 0 0 0
652 0 0 0 0
653 0 0 0 0
654 0 0 0 0
655 0 0 0 0
656 0 0 0 0
657 0 0 0 0
658 0 0 0 0
659 0 0 0 0
660 0 0 0 0
661 0 0 0 0
662 0 0 0 0
663 0 0 0 0
664 0 0 0 0
665 0 0 0 0
666 0 0 0 0
667 0 0 0 0
668 0 0 0 0
669 0 0 0 0
670 0 0 0 0
671 0 0 0 0
672 0 0 0 0
673 0 0 0 0
674 0 0 0 0
675 0 0 0 0
676 0 0 0 0
677 0 0 0 0
678 0 0 0 0
679 0 0 0 0
680 0 0 0 0
681 0 0 0 0
682 0 0 0 0
683 0 0 0 0
684 0 0 0 0
685 0 0 0 0
686 0 0 0 0
687 0 0 0 0
688 0 0 0 0
689 0 0 0 0
690 0 0 0 0
691 0 0 0 0
692 0 0 0 0
693 0 0 0 0
694 0 0 0 0
695 0 0 0 0
696 0 0 0 0
697 0 0 0 0
698 0 0 0 0
699 0 0 0 0
700 0 0 0 0
701 0 0 0 0
702 0 0 0 0
703 0 0 0 0
704 0 0 0 0
705 0 0 0 0
706 0 0 0 0
707 0 0 0 0
708 0 0 0 0
709 0 0 0 0
710 0 0 0 0
711 0 0 0 0
712 0 0 0 0
713 0 0 0 0
714 0 0 0 0
715 0 0 0 0
716 0 0 0 0
717 0 0 0 0
718 0 0 0 0
719 0 0 0 0
720 0 0 0 0
721 0 0 0 0
722 0 0 0 0
723 0 0 0 0
724 0 0 0 0
725 0 0 0 0
726 0 0 0 0
727 0 0 0 0
